Gene A,Gene B,Label,Score,Precision,Recall,False Positive Rate
YIL007C,YGL078C,0,0.4835771,0.0,0.0,0.00010004001524066553
YOR016C,YNL025C,0,0.46086246,0.0,0.0,0.00020008003048133105
YNR033W,YNR053C,0,0.4501589,0.0,0.0,0.00030012003844603896
YML057W,YCL001W,0,0.40463576,0.0,0.0,0.0004001600609626621
YIL113W,YDR075W,1,0.38625285,0.20000000298023224,0.0009960159659385681,0.0004001600609626621
YGR138C,YDR005C,0,0.38484335,0.1666666716337204,0.0009960159659385681,0.0005002000834792852
YIL053W,YER089C,1,0.37849045,0.2857142984867096,0.0019920319318771362,0.0005002000834792852
YOR091W,YOL096C,0,0.37709436,0.25,0.0019920319318771362,0.0006002400768920779
YFR024C-A,YIL096C,0,0.3622178,0.2222222238779068,0.0019920319318771362,0.0007002801285125315
YOL069W,YNL164C,0,0.3486018,0.20000000298023224,0.0019920319318771362,0.0008003201219253242
YBR126C,YBR092C,1,0.34407327,0.27272728085517883,0.0029880478978157043,0.0008003201219253242
YDR129C,YPR057W,0,0.33360898,0.25,0.0029880478978157043,0.0009003601153381169
YOR016C,YML004C,0,0.3315058,0.23076923191547394,0.0029880478978157043,0.0010004001669585705
YBR130C,YPR037C,0,0.3235475,0.2142857164144516,0.0029880478978157043,0.0011004401603713632
YPR003C,YCR018C,0,0.32129893,0.20000000298023224,0.0029880478978157043,0.0012004801537841558
YPL183C,YFR053C,0,0.31988814,0.1875,0.0029880478978157043,0.0013005202636122704
YPR067W,YOL121C,0,0.3174133,0.1764705926179886,0.0029880478978157043,0.001400560257025063
YLR239C,YBR028C,0,0.31225142,0.1666666716337204,0.0029880478978157043,0.0015006002504378557
YNL010W,YOR155C,1,0.31161985,0.21052631735801697,0.0039840638637542725,0.0015006002504378557
YPR003C,YBR181C,0,0.3102573,0.20000000298023224,0.0039840638637542725,0.0016006402438506484
YHR197W,YAL030W,0,0.30228922,0.190476194024086,0.0039840638637542725,0.001700680237263441
YDR367W,YDL209C,0,0.30220306,0.1818181872367859,0.0039840638637542725,0.0018007202306762338
YFL056C,YOR068C,0,0.2998049,0.17391304671764374,0.0039840638637542725,0.0019007603405043483
YOR016C,YDR287W,0,0.29903063,0.1666666716337204,0.0039840638637542725,0.002000800333917141
YBR162W-A,YPL173W,0,0.2976046,0.1599999964237213,0.0039840638637542725,0.0021008404437452555
YGR103W,YOR259C,0,0.29668203,0.1538461595773697,0.0039840638637542725,0.0022008803207427263
YBR130C,YAL015C,0,0.29454634,0.14814814925193787,0.0039840638637542725,0.002300920430570841
YKL026C,YOR004W,0,0.29189053,0.1428571492433548,0.0039840638637542725,0.0024009603075683117
YCR107W,YDR407C,0,0.2884824,0.13793103396892548,0.0039840638637542725,0.002501000417396426
YDR513W,YCL054W,0,0.28524944,0.13333334028720856,0.0039840638637542725,0.0026010405272245407
YLR258W,YDL209C,0,0.28159258,0.12903225421905518,0.0039840638637542725,0.0027010804042220116
YFR049W,YIL008W,0,0.27924207,0.125,0.0039840638637542725,0.002801120514050126
YOL076W,YKL197C,0,0.27639663,0.12121212482452393,0.0039840638637542725,0.002901160391047597
YKR088C,YDL031W,0,0.27523488,0.11764705926179886,0.0039840638637542725,0.0030012005008757114
YPR067W,YDR087C,0,0.27453485,0.11428571492433548,0.0039840638637542725,0.003101240610703826
YLR410W,YER133W,1,0.2728729,0.1388888955116272,0.004980079829692841,0.003101240610703826
YKL110C,YOR019W,0,0.2710639,0.13513512909412384,0.004980079829692841,0.003201280487701297
YOL055C,YMR195W,0,0.27075207,0.1315789520740509,0.004980079829692841,0.0033013205975294113
YKL060C,YMR207C,0,0.2704279,0.12820513546466827,0.004980079829692841,0.003401360474526882
YLR131C,YMR059W,0,0.26927248,0.125,0.004980079829692841,0.0035014005843549967
YOR090C,YFR038W,0,0.26780543,0.12195122241973877,0.004980079829692841,0.0036014404613524675
YNL243W,YPL239W,0,0.2663475,0.1190476194024086,0.004980079829692841,0.003701480571180582
YDR145W,YIL008W,0,0.26630512,0.11627907305955887,0.004980079829692841,0.0038015206810086966
YEL039C,YLR409C,0,0.26409146,0.11363636702299118,0.004980079829692841,0.0039015605580061674
YML061C,YOR330C,0,0.259958,0.1111111119389534,0.004980079829692841,0.004001600667834282
YIL156W,YER031C,0,0.25793988,0.10869564861059189,0.004980079829692841,0.004101640544831753
YDR513W,YLR313C,0,0.25714347,0.10638298094272614,0.004980079829692841,0.004201680887490511
YLR044C,YMR207C,0,0.25618422,0.1041666641831398,0.004980079829692841,0.004301720764487982
YOL121C,YJL003W,0,0.25357947,0.10204081982374191,0.004980079829692841,0.004401760641485453
YLR194C,YJL173C,0,0.25160074,0.10000000149011612,0.004980079829692841,0.0045018005184829235
YOR260W,YOL059W,0,0.2483932,0.09803921729326248,0.004980079829692841,0.004601840861141682
YIL147C,YNL246W,0,0.24532448,0.09615384787321091,0.004980079829692841,0.0047018807381391525
YLR433C,YDR067C,1,0.2438565,0.11320754885673523,0.005976095795631409,0.0047018807381391525
YAL015C,YBL031W,0,0.24056712,0.1111111119389534,0.005976095795631409,0.004801920615136623
YOL023W,YNR038W,0,0.23784462,0.1090909093618393,0.005976095795631409,0.0049019609577953815
YMR041C,YHL026C,0,0.23493111,0.1071428582072258,0.005976095795631409,0.005002000834792852
YOR241W,YOR172W,0,0.2345566,0.10526315867900848,0.005976095795631409,0.005102040711790323
YMR015C,YIL033C,0,0.2338212,0.1034482792019844,0.005976095795631409,0.005202081054449081
YJL186W,YNL194C,0,0.23294888,0.10169491171836853,0.005976095795631409,0.005302120931446552
YMR050C,YCL001W,0,0.23076586,0.10000000149011612,0.005976095795631409,0.005402160808444023
YLR382C,YDR469W,0,0.22916712,0.09836065769195557,0.005976095795631409,0.005502200685441494
YLL014W,YER167W,0,0.22909132,0.09677419066429138,0.005976095795631409,0.005602241028100252
YPL171C,YPL145C,0,0.22809228,0.095238097012043,0.005976095795631409,0.005702280905097723
YLR011W,YLR352W,0,0.22709835,0.09375,0.005976095795631409,0.005802320782095194
YHR103W,YOL078W,0,0.22673322,0.0923076942563057,0.005976095795631409,0.005902361124753952
YDL236W,YAL016W,1,0.22529857,0.10606060922145844,0.006972111761569977,0.005902361124753952
YCR105W,YLR075W,0,0.21843441,0.10447761416435242,0.006972111761569977,0.006002401001751423
YHR205W,YAR033W,0,0.21835323,0.10294117778539658,0.006972111761569977,0.006102440878748894
YIL064W,YER143W,0,0.218194,0.10144927352666855,0.006972111761569977,0.006202481221407652
YML092C,YBR181C,0,0.21678445,0.10000000149011612,0.006972111761569977,0.006302521098405123
YIR026C,YDR287W,1,0.2155457,0.11267605423927307,0.007968127727508545,0.006302521098405123
YFR014C,YPL117C,0,0.21532266,0.1111111119389534,0.007968127727508545,0.006402560975402594
YNL032W,YLR345W,1,0.21527983,0.12328767031431198,0.008964143693447113,0.006402560975402594
YOR091W,YKL150W,0,0.21428427,0.12162162363529205,0.008964143693447113,0.0065026008524000645
YNL051W,YMR048W,0,0.20984547,0.11999999731779099,0.008964143693447113,0.006602641195058823
YMR059W,YOR258W,0,0.20977941,0.1184210553765297,0.008964143693447113,0.0067026810720562935
YPL171C,YOR330C,0,0.2087817,0.11688311398029327,0.008964143693447113,0.006802720949053764
YDR007W,YGL070C,0,0.20776777,0.11538461595773697,0.008964143693447113,0.0069027612917125225
YML023C,YPR003C,0,0.20758097,0.1139240488409996,0.008964143693447113,0.007002801168709993
YKR079C,YMR035W,0,0.2071004,0.11249999701976776,0.008964143693447113,0.007102841045707464
YKR053C,YBR092C,1,0.206185,0.12345679104328156,0.009960159659385681,0.007102841045707464
YOR253W,YGR044C,0,0.20572941,0.12195122241973877,0.009960159659385681,0.007202880922704935
YKR053C,YBR093C,1,0.20523004,0.1325301229953766,0.01095617562532425,0.007202880922704935
YHR108W,YMR059W,0,0.20382674,0.130952388048172,0.01095617562532425,0.007302921265363693
YPL198W,YDL123W,0,0.20187502,0.12941177189350128,0.01095617562532425,0.007402961142361164
YPR073C,YMR036C,1,0.20050861,0.13953489065170288,0.011952191591262817,0.007402961142361164
YGR202C,YHR214W,0,0.20042296,0.13793103396892548,0.011952191591262817,0.007503001019358635
YEL005C,YGR170W,0,0.19946691,0.13636364042758942,0.011952191591262817,0.007603041362017393
YPL203W,YLR007W,0,0.19869985,0.13483145833015442,0.011952191591262817,0.007703081239014864
YIR019C,YOR079C,0,0.19678916,0.13333334028720856,0.011952191591262817,0.007803121116012335
YML100W,YIL008W,0,0.19591157,0.1318681389093399,0.011952191591262817,0.007903161458671093
YPL207W,YOR019W,0,0.19546683,0.1304347813129425,0.011952191591262817,0.008003201335668564
YBR168W,YPL117C,0,0.19474338,0.12903225421905518,0.011952191591262817,0.008103241212666035
YBR130C,YDL124W,0,0.19386591,0.12765957415103912,0.011952191591262817,0.008203281089663506
YHR043C,YBR276C,1,0.19190674,0.13684210181236267,0.012948207557201385,0.008203281089663506
YGL025C,YAL056W,0,0.19171315,0.1354166716337204,0.012948207557201385,0.008303320966660976
YCR045C,YDL124W,0,0.19129406,0.1340206116437912,0.012948207557201385,0.008403361774981022
YPL209C,YOL042W,0,0.1886401,0.13265305757522583,0.012948207557201385,0.008503401651978493
YGR004W,YCR021C,0,0.18803497,0.13131313025951385,0.012948207557201385,0.008603441528975964
YDL124W,YPL239W,0,0.18793702,0.12999999523162842,0.012948207557201385,0.008703481405973434
YEL005C,YHR088W,0,0.18719228,0.12871287763118744,0.012948207557201385,0.008803521282970905
YBR060C,YLR067C,0,0.18705638,0.12745098769664764,0.012948207557201385,0.008903561159968376
YJR102C,YDR384C,0,0.18630047,0.12621359527111053,0.012948207557201385,0.009003601036965847
YML011C,YNL181W,0,0.18617548,0.125,0.012948207557201385,0.009103641845285892
YBL080C,YBL031W,0,0.18601047,0.12380952388048172,0.012948207557201385,0.009203681722283363
YFR010W,YOR253W,0,0.18468621,0.12264151126146317,0.012948207557201385,0.009303721599280834
YKR053C,YNL217W,1,0.1828947,0.13084112107753754,0.013944223523139954,0.009303721599280834
YPL097W,YLR292C,0,0.18258806,0.12962962687015533,0.013944223523139954,0.009403761476278305
YLR367W,YPR097W,0,0.18244977,0.12844036519527435,0.013944223523139954,0.009503801353275776
YOR319W,YPL076W,0,0.1812883,0.12727272510528564,0.013944223523139954,0.009603841230273247
YLR433C,YDL134C,1,0.18054211,0.13513512909412384,0.014940239489078522,0.009603841230273247
YHL011C,YLR299W,0,0.17918627,0.1339285671710968,0.014940239489078522,0.009703881107270718
YPR073C,YIR026C,1,0.17890759,0.14159291982650757,0.01593625545501709,0.009703881107270718
YMR015C,YKR027W,0,0.17867042,0.14035087823867798,0.01593625545501709,0.009803921915590763
YAL002W,YLR175W,0,0.17786612,0.13913042843341827,0.01593625545501709,0.009903961792588234
YNL173C,YDL211C,0,0.17771904,0.13793103396892548,0.01593625545501709,0.010004001669585705
YJL167W,YDL139C,0,0.17729102,0.1367521435022354,0.01593625545501709,0.010104041546583176
YNL076W,YDR257C,0,0.17716698,0.1355932205915451,0.01593625545501709,0.010204081423580647
YIL087C,YOR253W,0,0.17529854,0.13445378839969635,0.01593625545501709,0.010304121300578117
YIL098C,YLL021W,0,0.17488831,0.13333334028720856,0.01593625545501709,0.010404162108898163
YHR096C,YGL061C,0,0.17463806,0.13223139941692352,0.01593625545501709,0.010504201985895634
YOR131C,YMR277W,1,0.1743894,0.13934426009655,0.016932271420955658,0.010504201985895634
YLR315W,YLL057C,0,0.17384847,0.13821138441562653,0.016932271420955658,0.010604241862893105
YGR123C,YAL009W,1,0.17349401,0.14516128599643707,0.017928287386894226,0.010604241862893105
YAL059W,YNR033W,0,0.17032538,0.14399999380111694,0.017928287386894226,0.010704281739890575
YDL247W,YDL209C,0,0.1692753,0.1428571492433548,0.017928287386894226,0.010804321616888046
YOR208W,YFR028C,1,0.1673591,0.14960630238056183,0.018924303352832794,0.010804321616888046
YOR049C,YOR189W,0,0.16721107,0.1484375,0.018924303352832794,0.010904361493885517
YPL126W,YKL197C,0,0.16717856,0.1472868174314499,0.018924303352832794,0.011004401370882988
YDL100C,YBR301W,0,0.16612682,0.14615385234355927,0.018924303352832794,0.011104442179203033
YHR103W,YCL068C,0,0.16600253,0.1450381726026535,0.018924303352832794,0.011204482056200504
YPR173C,YOR157C,0,0.16559477,0.14393939077854156,0.018924303352832794,0.011304521933197975
YLR102C,YDR057W,0,0.16519558,0.1428571492433548,0.018924303352832794,0.011404561810195446
YJL167W,YDR430C,0,0.16428114,0.14179104566574097,0.018924303352832794,0.011504601687192917
YJR048W,YDL106C,0,0.1634902,0.14074073731899261,0.018924303352832794,0.011604641564190388
YML004C,YNR024W,0,0.16314961,0.13970588147640228,0.018924303352832794,0.011704681441187859
YNL199C,YDR246W,0,0.16280763,0.1386861354112625,0.018924303352832794,0.011804722249507904
YGL018C,YLR323C,0,0.16244997,0.13768115639686584,0.018924303352832794,0.011904762126505375
YDL012C,YLR384C,0,0.16244893,0.1366906464099884,0.018924303352832794,0.012004802003502846
YAR071W,YCR079W,1,0.16227527,0.1428571492433548,0.019920319318771362,0.012004802003502846
YOR330C,YMR118C,0,0.161602,0.1418439745903015,0.019920319318771362,0.012104841880500317
YNL053W,YEL038W,1,0.15993236,0.14788731932640076,0.02091633528470993,0.012104841880500317
YNR048W,YPR037C,0,0.15927072,0.14685314893722534,0.02091633528470993,0.012204881757497787
YGL018C,YOL116W,0,0.1589044,0.1458333283662796,0.02091633528470993,0.012304921634495258
YNL053W,YNL217W,1,0.15711379,0.15172414481639862,0.0219123512506485,0.012304921634495258
YDL081C,YLR324W,0,0.15706353,0.15068493783473969,0.0219123512506485,0.012404962442815304
YBL051C,YOL135C,0,0.15701206,0.14965985715389252,0.0219123512506485,0.012505002319812775
YEL005C,YDR087C,0,0.15665676,0.14864864945411682,0.0219123512506485,0.012605042196810246
YHR146W,YGR266W,0,0.15646389,0.14765100181102753,0.0219123512506485,0.012705082073807716
YDL160C,YMR131C,0,0.15617286,0.14666666090488434,0.0219123512506485,0.012805121950805187
YDR359C,YDR257C,0,0.15585826,0.14569535851478577,0.0219123512506485,0.012905161827802658
YDL175C,YGR244C,0,0.15561987,0.14473684132099152,0.0219123512506485,0.013005201704800129
YCL068C,YPL175W,0,0.15539338,0.1437908560037613,0.0219123512506485,0.013105242513120174
YIL052C,YIL068C,0,0.15527658,0.1428571492433548,0.0219123512506485,0.013205282390117645
YLR433C,YDR287W,1,0.15513365,0.1483870893716812,0.022908367216587067,0.013205282390117645
YPR067W,YOL144W,0,0.15452789,0.14743590354919434,0.022908367216587067,0.013305322267115116
YOR252W,YBR149W,0,0.15397863,0.14649681746959686,0.022908367216587067,0.013405362144112587
YNL318C,YFR025C,0,0.15375091,0.14556962251663208,0.022908367216587067,0.013505402021110058
YMR318C,YKR095W,0,0.15333149,0.14465409517288208,0.022908367216587067,0.013605441898107529
YOL069W,YCR063W,0,0.1524465,0.14374999701976776,0.022908367216587067,0.013705481775105
YIL036W,YGL139W,0,0.15241267,0.1428571492433548,0.022908367216587067,0.013805522583425045
YDR227W,YMR133W,0,0.15205912,0.1419753134250641,0.022908367216587067,0.013905562460422516
YOL011W,YHR138C,0,0.15190269,0.1411042958498001,0.022908367216587067,0.014005602337419987
YOR131C,YLL010C,1,0.15180843,0.1463414579629898,0.023904383182525635,0.014005602337419987
YLR118C,YJL098W,0,0.15160988,0.145454540848732,0.023904383182525635,0.014105642214417458
YMR262W,YDL209C,0,0.15141979,0.14457830786705017,0.023904383182525635,0.014205682091414928
YDL072C,YPR105C,0,0.15128575,0.14371258020401,0.023904383182525635,0.0143057219684124
YOR358W,YOR254C,0,0.15095913,0.1428571492433548,0.023904383182525635,0.01440576184540987
YPL137C,YMR242C,0,0.1508481,0.1420118361711502,0.023904383182525635,0.014505802653729916
YNL032W,YDR436W,1,0.15058419,0.14705882966518402,0.024900399148464203,0.014505802653729916
YOL078W,YNL094W,0,0.15029372,0.1461988240480423,0.024900399148464203,0.014605842530727386
YPR068C,YPL075W,0,0.14949657,0.14534883201122284,0.024900399148464203,0.014705882407724857
YPR110C,YOR227W,0,0.14937195,0.14450867474079132,0.024900399148464203,0.014805922284722328
YNL053W,YKL212W,1,0.14928481,0.14942528307437897,0.02589641511440277,0.014805922284722328
YER063W,YNL318C,0,0.14871262,0.1485714316368103,0.02589641511440277,0.014905962161719799
YBR092C,YDR287W,1,0.147984,0.15340909361839294,0.02689243108034134,0.014905962161719799
YOR266W,YIR031C,0,0.14733692,0.1525423675775528,0.02689243108034134,0.01500600203871727
YOR091W,YOR156C,0,0.14715017,0.15168538689613342,0.02689243108034134,0.015106042847037315
YDR098C,YLR382C,0,0.14427583,0.1508379876613617,0.02689243108034134,0.015206082724034786
YNR024W,YGL053W,0,0.14406401,0.15000000596046448,0.02689243108034134,0.015306122601032257
YIL107C,YPR057W,0,0.14381413,0.14917127788066864,0.02689243108034134,0.015406162478029728
YJR048W,YPL156C,0,0.14358872,0.14835165441036224,0.02689243108034134,0.015506202355027199
YGL243W,YOR068C,0,0.14342979,0.14754098653793335,0.02689243108034134,0.01560624223202467
YIL019W,YDR517W,0,0.14322847,0.14673912525177002,0.02689243108034134,0.01570628210902214
YGL053W,YHL026C,0,0.14316693,0.1459459513425827,0.02689243108034134,0.015806322917342186
YMR074C,YNL055C,0,0.14213097,0.14516128599643707,0.02689243108034134,0.015906361863017082
YPL100W,YIL118W,0,0.14134268,0.14438502490520477,0.02689243108034134,0.016006402671337128
YDL236W,YML057W,1,0.140948,0.1489361673593521,0.027888447046279907,0.016006402671337128
YLR409C,YPL173W,0,0.14066057,0.14814814925193787,0.027888447046279907,0.016106443479657173
YPL171C,YLR413W,0,0.1399731,0.1473684161901474,0.027888447046279907,0.01620648242533207
YBL056W,YCL054W,0,0.13967049,0.14659686386585236,0.027888447046279907,0.016306523233652115
YOR189W,YFL026W,0,0.13883068,0.1458333283662796,0.027888447046279907,0.01640656217932701
YLR118C,YGR245C,0,0.13846184,0.14507772028446198,0.027888447046279907,0.016506602987647057
YBR126C,YAR071W,1,0.13778132,0.1494845300912857,0.028884463012218475,0.016506602987647057
YPL120W,YLR200W,0,0.13754463,0.1487179547548294,0.028884463012218475,0.016606641933321953
YNL094W,YDR365C,0,0.13717936,0.14795918762683868,0.028884463012218475,0.016706682741642
YER056C,YOR156C,0,0.13687958,0.14720812439918518,0.028884463012218475,0.016806723549962044
YIL013C,YOR260W,0,0.13683626,0.14646464586257935,0.028884463012218475,0.01690676249563694
YBL087C,YDR437W,0,0.13660717,0.14572864770889282,0.028884463012218475,0.017006803303956985
YDL072C,YBR181C,0,0.13637075,0.14499999582767487,0.028884463012218475,0.01710684224963188
YIL096C,YOR227W,0,0.13553417,0.1442786008119583,0.028884463012218475,0.017206883057951927
YNL103W,YLR263W,0,0.13523132,0.1435643583536148,0.028884463012218475,0.017306922003626823
YMR180C,YAR071W,1,0.13516252,0.14778324961662292,0.029880478978157043,0.017306922003626823
YHR154W,YJR050W,0,0.1349637,0.14705882966518402,0.029880478978157043,0.01740696281194687
YOR156C,YLR413W,0,0.13480832,0.1463414579629898,0.029880478978157043,0.017507003620266914
YDR361C,YOR157C,0,0.13316208,0.1456310749053955,0.029880478978157043,0.01760704256594181
YPL168W,YNL216W,0,0.1323659,0.14492753148078918,0.029880478978157043,0.017707083374261856
YGR123C,YDL134C,1,0.13124438,0.14903846383094788,0.03087649494409561,0.017707083374261856
YDR325W,YKL138C,0,0.13052103,0.1483253538608551,0.03087649494409561,0.017807122319936752
YIL119C,YGL139W,0,0.12959775,0.14761905372142792,0.03087649494409561,0.017907163128256798
YOR002W,YNR053C,0,0.12950905,0.14691942930221558,0.03087649494409561,0.018007202073931694
YOR018W,YOR252W,0,0.12914082,0.1462264209985733,0.03087649494409561,0.01810724288225174
YGL243W,YGR080W,0,0.12811589,0.14553990960121155,0.03087649494409561,0.018207283690571785
YPL228W,YLR410W,1,0.12802085,0.14953270554542542,0.03187251091003418,0.018207283690571785
YGL018C,YKL039W,0,0.12775746,0.14883720874786377,0.03187251091003418,0.01830732263624668
YPR008W,YNL024C,0,0.1276027,0.14814814925193787,0.03187251091003418,0.018407363444566727
YNR019W,YIL123W,0,0.12749915,0.14746543765068054,0.03187251091003418,0.018507402390241623
YML100W,YKL099C,0,0.1274535,0.14678898453712463,0.03187251091003418,0.01860744319856167
YGL093W,YPL117C,0,0.12742652,0.14611871540546417,0.03187251091003418,0.018707482144236565
YDR361C,YML047C,0,0.12727067,0.145454540848732,0.03187251091003418,0.01880752295255661
YDR007W,YHR014W,0,0.12709956,0.14479638636112213,0.03187251091003418,0.018907563760876656
YKL150W,YOL135C,0,0.12557958,0.14414414763450623,0.03187251091003418,0.019007602706551552
YGR266W,YLR181C,0,0.12485068,0.1434977650642395,0.03187251091003418,0.019107643514871597
YBR114W,YLR052W,0,0.124058984,0.1428571492433548,0.03187251091003418,0.019207682460546494
YDL072C,YFR038W,0,0.12369896,0.14222222566604614,0.03187251091003418,0.01930772326886654
YDL235C,YER071C,0,0.12348422,0.14159291982650757,0.03187251091003418,0.019407762214541435
YFL026W,YCR018C,0,0.12311315,0.1409691572189331,0.03187251091003418,0.01950780302286148
YCL016C,YNL161W,0,0.12305535,0.14035087823867798,0.03187251091003418,0.019607843831181526
YOR109W,YOR341W,0,0.1222138,0.13973799347877502,0.03187251091003418,0.019707882776856422
YDR092W,YGR224W,0,0.120925985,0.13913042843341827,0.03187251091003418,0.019807923585176468
YNL167C,YMR131C,0,0.12071761,0.13852813839912415,0.03187251091003418,0.019907962530851364
YOR358W,YGR224W,0,0.120408826,0.13793103396892548,0.03187251091003418,0.02000800333917141
YDR189W,YBR181C,0,0.12022861,0.1373390555381775,0.03187251091003418,0.020108044147491455
YHR215W,YLR345W,1,0.1199319,0.14102564752101898,0.03286852687597275,0.020108044147491455
YOL061W,YDL134C,0,0.118503906,0.14042553305625916,0.03286852687597275,0.02020808309316635
YLR193C,YMR149W,0,0.118458055,0.13983051478862762,0.03286852687597275,0.020308123901486397
YGR193C,YGR211W,0,0.117802076,0.13924050331115723,0.03286852687597275,0.020408162847161293
YOL095C,YBR193C,0,0.11770991,0.13865546882152557,0.03286852687597275,0.02050820365548134
YJR042W,YDR040C,0,0.11764016,0.1380753070116043,0.03286852687597275,0.020608242601156235
YPR133C,YDL149W,0,0.11622445,0.13750000298023224,0.03286852687597275,0.02070828340947628
YLR367W,YPR068C,0,0.11601304,0.1369294673204422,0.03286852687597275,0.020808324217796326
YJL089W,YDR397C,0,0.11601119,0.13636364042758942,0.03286852687597275,0.020908363163471222
YGR244C,YPR105C,0,0.11524902,0.1358024626970291,0.03286852687597275,0.021008403971791267
YHR118C,YDR005C,0,0.11515299,0.1352459043264389,0.03286852687597275,0.021108442917466164
YDR243C,YBR028C,0,0.11499006,0.13469387590885162,0.03286852687597275,0.02120848372578621
YGR193C,YGL005C,0,0.11441837,0.13414634764194489,0.03286852687597275,0.021308522671461105
YDR165W,YMR133W,0,0.11426545,0.13360324501991272,0.03286852687597275,0.02140856347978115
YFR027W,YDR367W,0,0.114234395,0.13306452333927155,0.03286852687597275,0.021508604288101196
YDL240W,YLR200W,0,0.11418126,0.1325301229953766,0.03286852687597275,0.021608643233776093
YGL243W,YOR227W,0,0.11404626,0.13199999928474426,0.03286852687597275,0.021708684042096138
YGR254W,YFR030W,0,0.1126028,0.131474107503891,0.03286852687597275,0.021808722987771034
YNL222W,YML057W,1,0.11219319,0.1349206417798996,0.033864542841911316,0.021808722987771034
YOR027W,YLR175W,0,0.11074756,0.13438735902309418,0.033864542841911316,0.02190876379609108
YNL032W,YOR208W,1,0.11063873,0.13779526948928833,0.034860558807849884,0.02190876379609108
YLL018C-A,YJL098W,0,0.110464886,0.13725490868091583,0.034860558807849884,0.022008802741765976
YLR056W,YOR059C,0,0.11019226,0.13671875,0.034860558807849884,0.02210884355008602
YEL048C,YPL018W,0,0.10990274,0.13618676364421844,0.034860558807849884,0.022208884358406067
YNL222W,YJL155C,1,0.10984266,0.13953489065170288,0.03585657477378845,0.022208884358406067
YPR017C,YKL197C,0,0.10957503,0.13899613916873932,0.03585657477378845,0.022308923304080963
YGR129W,YOL116W,0,0.108765654,0.13846154510974884,0.03585657477378845,0.02240896411240101
YPL036W,YDR438W,0,0.10827013,0.13793103396892548,0.03585657477378845,0.022509003058075905
YDR091C,YLR460C,0,0.1082075,0.13740457594394684,0.03585657477378845,0.02260904386639595
YHR169W,YCR038C,0,0.10808291,0.13688212633132935,0.03585657477378845,0.022709082812070847
YPR095C,YMR074C,0,0.10787947,0.13636364042758942,0.03585657477378845,0.022809123620390892
YKL152C,YNL106C,1,0.1078688,0.13962264358997345,0.03685259073972702,0.022809123620390892
YOR253W,YOL051W,0,0.10780652,0.13909775018692017,0.03685259073972702,0.022909164428710938
YLL018C-A,YAL059W,0,0.10721516,0.13857677578926086,0.03685259073972702,0.023009203374385834
YBR101C,YIL107C,0,0.106974006,0.13805970549583435,0.03685259073972702,0.02310924418270588
YNL137C,YOR272W,0,0.106825985,0.13754646480083466,0.03685259073972702,0.023209283128380775
YMR237W,YOR335C,0,0.106739216,0.13703703880310059,0.03685259073972702,0.02330932393670082
YPL209C,YPL141C,0,0.106026076,0.13653136789798737,0.03685259073972702,0.023409362882375717
YFR024C-A,YDR361C,0,0.10599711,0.1360294073820114,0.03685259073972702,0.023509403690695763
YPR068C,YOR109W,0,0.10532548,0.13553114235401154,0.03685259073972702,0.023609444499015808
YKL045W,YPR095C,0,0.1043264,0.13503649830818176,0.03685259073972702,0.023709483444690704
YOR014W,YKL152C,1,0.10405894,0.13818182051181793,0.03784860670566559,0.023709483444690704
YDL236W,YOL065C,1,0.10388236,0.14130434393882751,0.038844622671604156,0.023709483444690704
YIL153W,YMR050C,0,0.103630595,0.14079421758651733,0.038844622671604156,0.02380952425301075
YNL250W,YJR120W,0,0.103315406,0.14028777182102203,0.038844622671604156,0.023909563198685646
YHR146W,YDR384C,0,0.10273162,0.13978494703769684,0.038844622671604156,0.02400960400700569
YFL049W,YDR190C,0,0.1026604,0.13928571343421936,0.038844622671604156,0.024109642952680588
YOL154W,YAR009C,0,0.10224547,0.1387900412082672,0.038844622671604156,0.024209683761000633
YER062C,YOR131C,1,0.10183654,0.1418439745903015,0.039840638637542725,0.024209683761000633
YCR016W,YKL150W,0,0.10170445,0.14134275913238525,0.039840638637542725,0.02430972456932068
YLR085C,YNL145W,0,0.1012738,0.14084507524967194,0.039840638637542725,0.024409763514995575
YOR016C,YEL039C,0,0.10126501,0.14035087823867798,0.039840638637542725,0.02450980432331562
YNL294C,YCL064C,0,0.10121669,0.139860138297081,0.039840638637542725,0.024609843268990517
YPR148C,YGL061C,0,0.1011341,0.1393728256225586,0.039840638637542725,0.024709884077310562
YNL250W,YGL085W,0,0.10100857,0.1388888955116272,0.039840638637542725,0.024809924885630608
YNL217W,YOL065C,1,0.10068139,0.14186851680278778,0.04083665460348129,0.024809924885630608
YPL280W,YFR038W,0,0.1006009,0.14137931168079376,0.04083665460348129,0.024909963831305504
YCL064C,YDR438W,0,0.100398876,0.14089347422122955,0.04083665460348129,0.02501000463962555
YKR079C,YIL033C,0,0.10027426,0.14041095972061157,0.04083665460348129,0.025110043585300446
YPR134W,YOR241W,0,0.09965015,0.13993173837661743,0.04083665460348129,0.02521008439362049
YDR091C,YDR041W,0,0.099232815,0.13945578038692474,0.04083665460348129,0.025310123339295387
YFR025C,YNL325C,1,0.099140055,0.14237287640571594,0.04183267056941986,0.025310123339295387
YPL115C,YOR272W,0,0.098956786,0.14189189672470093,0.04183267056941986,0.025410164147615433
YDR528W,YDL076C,0,0.09864222,0.14141413569450378,0.04183267056941986,0.025510204955935478
YLR017W,YKL051W,0,0.098598935,0.1409395933151245,0.04183267056941986,0.025610243901610374
YLR200W,YKR052C,0,0.0984271,0.14046822488307953,0.04183267056941986,0.02571028470993042
YPL171C,YML067C,0,0.098346286,0.14000000059604645,0.04183267056941986,0.025810323655605316
YNL051W,YGR097W,0,0.09815649,0.13953489065170288,0.04183267056941986,0.02591036446392536
YNL076W,YNL038W,0,0.09757639,0.13907285034656525,0.04183267056941986,0.026010403409600258
YGR161C,YJL001W,0,0.09720668,0.13861386477947235,0.04183267056941986,0.026110444217920303
YGR078C,YKL002W,0,0.09717657,0.1381578892469406,0.04183267056941986,0.02621048502624035
YNL217W,YOR155C,1,0.09665326,0.14098361134529114,0.04282868653535843,0.02621048502624035
YMR076C,YNL317W,0,0.0961191,0.14052288234233856,0.04282868653535843,0.026310523971915245
YOR262W,YMR175W,0,0.096018255,0.14006514847278595,0.04282868653535843,0.02641056478023529
YDL091C,YDL209C,0,0.09595532,0.1396103948354721,0.04282868653535843,0.026510603725910187
YKR053C,YIL123W,0,0.09556674,0.13915857672691345,0.04282868653535843,0.026610644534230232
YPR175W,YOR158W,0,0.095049165,0.1387096792459488,0.04282868653535843,0.02671068347990513
YMR063W,YNL173C,0,0.094868176,0.13826367259025574,0.04282868653535843,0.026810724288225174
YJL013C,YPL117C,0,0.09439046,0.1378205120563507,0.04282868653535843,0.02691076509654522
YKL069W,YBR016W,0,0.09404615,0.1373801976442337,0.04282868653535843,0.027010804042220116
YDL047W,YER089C,1,0.09375579,0.14012739062309265,0.043824702501297,0.027010804042220116
YER102W,YLR247C,0,0.09328573,0.13968254625797272,0.043824702501297,0.02711084485054016
YJL216C,YDL139C,0,0.093033396,0.13924050331115723,0.043824702501297,0.027210883796215057
YPR073C,YGL190C,1,0.09264601,0.14195583760738373,0.044820718467235565,0.027210883796215057
YLR442C,YKL149C,0,0.09235004,0.14150942862033844,0.044820718467235565,0.027310924604535103
YDL012C,YGL219C,0,0.092136286,0.1410658359527588,0.044820718467235565,0.02741096355021
YDR041W,YGR260W,0,0.092111714,0.140625,0.044820718467235565,0.027511004358530045
YFR047C,YJL216C,0,0.09180477,0.14018692076206207,0.044820718467235565,0.02761104516685009
YGL104C,YOR195W,0,0.091507405,0.13975155353546143,0.044820718467235565,0.027711084112524986
YCR091W,YPL235W,0,0.091110095,0.13931888341903687,0.044820718467235565,0.027811124920845032
YDR235W,YAL011W,0,0.09022658,0.1388888955116272,0.044820718467235565,0.027911163866519928
YOR267C,YPL215W,0,0.08995056,0.13846154510974884,0.044820718467235565,0.028011204674839973
YGL025C,YKR083C,0,0.08945418,0.1380368024110794,0.044820718467235565,0.02811124362051487
YAL019W,YBR272C,0,0.08933672,0.1376146823167801,0.044820718467235565,0.028211284428834915
YNL051W,YOL144W,0,0.08923753,0.13719512522220612,0.044820718467235565,0.02831132523715496
YDL160C,YLR413W,0,0.089177884,0.1367781162261963,0.044820718467235565,0.028411364182829857
YGR193C,YIL144W,0,0.08903491,0.13636364042758942,0.044820718467235565,0.028511404991149902
YIL019W,YPL075W,0,0.08896804,0.1359516680240631,0.044820718467235565,0.0286114439368248
YJR046W,YOL095C,0,0.08836094,0.13554216921329498,0.044820718467235565,0.028711484745144844
YGL098W,YKL029C,0,0.08744401,0.13513512909412384,0.044820718467235565,0.02881152369081974
YHR146W,YER178W,0,0.08692714,0.1347305327653885,0.044820718467235565,0.028911564499139786
YOL154W,YLR337C,0,0.0862701,0.13432836532592773,0.044820718467235565,0.02901160530745983
YOL135C,YOR059C,0,0.08626389,0.1339285671710968,0.044820718467235565,0.029111644253134727
YCL035C,YDR179C,0,0.0861379,0.13353115320205688,0.044820718467235565,0.029211685061454773
YPL189W,YML082W,0,0.08610547,0.1331360936164856,0.044820718467235565,0.02931172400712967
YGL190C,YNL217W,1,0.086001165,0.13569322228431702,0.04581673443317413,0.02931172400712967
YNL221C,YPR180W,0,0.08575986,0.1352941244840622,0.04581673443317413,0.029411764815449715
YNL031C,YOR250C,0,0.08477419,0.1348973661661148,0.04581673443317413,0.02951180562376976
YDR463W,YEL027W,0,0.08446878,0.13450291752815247,0.04581673443317413,0.029611844569444656
YFR010W,YDR397C,0,0.08434826,0.13411079347133636,0.04581673443317413,0.029711885377764702
YKR053C,YOR065W,0,0.08389995,0.13372093439102173,0.04581673443317413,0.029811924323439598
YCR107W,YOL096C,0,0.083481446,0.13333334028720856,0.04581673443317413,0.029911965131759644
YOR267C,YDR227W,0,0.08258412,0.13294798135757446,0.04581673443317413,0.03001200407743454
YMR286W,YDR301W,0,0.08227612,0.13256484270095825,0.04581673443317413,0.030112044885754585
YNL222W,YAL016W,1,0.08165646,0.1350574642419815,0.0468127503991127,0.030112044885754585
YGR204W,YMR274C,0,0.08155503,0.13467048108577728,0.0468127503991127,0.03021208569407463
YML067C,YBR193C,0,0.08145599,0.13428571820259094,0.0468127503991127,0.030312124639749527
YBR086C,YGR253C,0,0.08135737,0.1339031308889389,0.0468127503991127,0.030412165448069572
YFL026W,YER159C,0,0.08112727,0.13352273404598236,0.0468127503991127,0.03051220439374447
YNR053C,YDL076C,0,0.08098252,0.13314448297023773,0.0468127503991127,0.030612245202064514
YDR021W,YGL107C,0,0.080758415,0.13276836276054382,0.0468127503991127,0.03071228414773941
YOR018W,YGR211W,0,0.08071063,0.13239437341690063,0.0468127503991127,0.030812324956059456
YER062C,YDR078C,0,0.08064575,0.13202247023582458,0.0468127503991127,0.0309123657643795
YKR075C,YJL094C,0,0.080570884,0.13165266811847687,0.0468127503991127,0.031012404710054398
YHR006W,YER102W,0,0.08048896,0.1312849223613739,0.0468127503991127,0.031112445518374443
YIL019W,YPL004C,0,0.079837136,0.1309192180633545,0.0468127503991127,0.03121248446404934
YGR123C,YAL016W,1,0.079810806,0.13333334028720856,0.04780876636505127,0.03121248446404934
YDL154W,YBR168W,0,0.07925802,0.13296398520469666,0.04780876636505127,0.031312525272369385
YER031C,YDR108W,0,0.07914903,0.1325966864824295,0.04780876636505127,0.03141256421804428
YPL137C,YGR260W,0,0.0787717,0.13223139941692352,0.04780876636505127,0.031512606889009476
YHL028W,YBR268W,0,0.07845482,0.1318681389093399,0.04780876636505127,0.03161264583468437
YDR309C,YDL134C,0,0.07805383,0.13150684535503387,0.04780876636505127,0.03171268478035927
YDR345C,YOR358W,0,0.0777724,0.13114753365516663,0.04780876636505127,0.031812723726034164
YIL008W,YPL135W,0,0.07769681,0.13079018890857697,0.04780876636505127,0.03191276639699936
YNL183C,YBL087C,0,0.07769481,0.1304347813129425,0.04780876636505127,0.032012805342674255
YJL162C,YMR133W,0,0.0773117,0.13008129596710205,0.04780876636505127,0.03211284428834915
YPR073C,YML016C,1,0.076890334,0.13243243098258972,0.04880478233098984,0.03211284428834915
YPL173W,YEL051W,0,0.07679345,0.1320754736661911,0.04880478233098984,0.032212886959314346
YIL037C,YMR125W,0,0.076507375,0.1317204236984253,0.04880478233098984,0.03231292590498924
YPL133C,YKL145W,0,0.07621888,0.1313672959804535,0.04880478233098984,0.03241296485066414
YNL041C,YML047C,0,0.07619213,0.13101604580879211,0.04880478233098984,0.032513003796339035
YOL023W,YLR056W,0,0.075815484,0.13066667318344116,0.04880478233098984,0.03261304646730423
YEL048C,YCL035C,0,0.07543802,0.13031914830207825,0.04880478233098984,0.032713085412979126
YLR433C,YNR032W,1,0.07514492,0.1326259970664978,0.049800798296928406,0.032713085412979126
YKR053C,YDR436W,1,0.07469495,0.1349206417798996,0.050796814262866974,0.032713085412979126
YBR189W,YPR128C,0,0.0745593,0.13456463813781738,0.050796814262866974,0.03281312435865402
YIL098C,YDR365C,0,0.07452825,0.1342105269432068,0.050796814262866974,0.03291316702961922
YNL094W,YGR129W,0,0.07394968,0.13385826349258423,0.050796814262866974,0.03301320597529411
YBR016W,YPR169W,0,0.073936276,0.1335078477859497,0.050796814262866974,0.03311324492096901
YOR068C,YPL135W,0,0.07384287,0.13315926492214203,0.050796814262866974,0.033213283866643906
YER038C,YOR341W,0,0.07294046,0.1328125,0.050796814262866974,0.0333133265376091
YOL144W,YCR021C,0,0.072753616,0.13246753811836243,0.050796814262866974,0.033413365483284
YLR361C,YDR406W,0,0.07254262,0.13212434947490692,0.050796814262866974,0.03351340442895889
YLR085C,YHR118C,0,0.072533526,0.13178294897079468,0.050796814262866974,0.03361344709992409
YPL168W,YGL111W,0,0.072519064,0.13144329190254211,0.050796814262866974,0.033713486045598984
YHL017W,YJL003W,0,0.072459444,0.13110539317131042,0.050796814262866974,0.03381352499127388
YGR253C,YGL116W,0,0.072379425,0.13076923787593842,0.050796814262866974,0.033913563936948776
YHL038C,YOR334W,0,0.0723548,0.1304347813129425,0.050796814262866974,0.03401360660791397
YHR185C,YML004C,0,0.07210408,0.1301020383834839,0.050796814262866974,0.03411364555358887
YOR091W,YCR021C,0,0.07167373,0.12977099418640137,0.050796814262866974,0.03421368449926376
YOR009W,YGL129C,0,0.0714969,0.12944161891937256,0.050796814262866974,0.03431372717022896
YLR019W,YBL056W,1,0.07121798,0.1316455751657486,0.05179283022880554,0.03431372717022896
YIL144W,YIL062C,0,0.07090836,0.13131313025951385,0.05179283022880554,0.034413766115903854
YJR150C,YKL134C,0,0.07061739,0.13098236918449402,0.05179283022880554,0.03451380506157875
YNL053W,YER133W,1,0.070447706,0.13316583633422852,0.05278884619474411,0.03451380506157875
YOL042W,YPL140C,0,0.07037128,0.13283208012580872,0.05278884619474411,0.03461384400725365
YJR073C,YHR110W,0,0.07024775,0.13249999284744263,0.05278884619474411,0.03471388667821884
YCL068C,YLR196W,0,0.069862336,0.13216957449913025,0.05278884619474411,0.03481392562389374
YPR143W,YPR003C,0,0.06944593,0.1318407952785492,0.05278884619474411,0.034913964569568634
YIL096C,YPL156C,0,0.069210045,0.13151364028453827,0.05278884619474411,0.03501400724053383
YER063W,YHR154W,0,0.068520375,0.13118812441825867,0.05278884619474411,0.035114046186208725
YKR085C,YLL053C,0,0.06833936,0.1308642029762268,0.05278884619474411,0.03521408513188362
YPL146C,YGR193C,0,0.068122156,0.1305418759584427,0.05278884619474411,0.03531412407755852
YPR110C,YIL137C,0,0.06790539,0.13022112846374512,0.05278884619474411,0.03541416674852371
YIL019W,YDR273W,0,0.06757847,0.1299019604921341,0.05278884619474411,0.03551420569419861
YJL013C,YGR030C,0,0.06742454,0.12958435714244843,0.05278884619474411,0.035614244639873505
YBL007C,YJL179W,0,0.066867106,0.12926828861236572,0.05278884619474411,0.0357142873108387
YDR528W,YMR133W,0,0.06631782,0.12895376980304718,0.05278884619474411,0.035814326256513596
YOR334W,YGR142W,0,0.066186816,0.1286407709121704,0.05278884619474411,0.03591436520218849
YPL183C,YGR224W,0,0.06597225,0.1283292919397354,0.05278884619474411,0.03601440414786339
YJL181W,YDL220C,0,0.06570673,0.128019317984581,0.05278884619474411,0.03611444681882858
YER102W,YDR080W,0,0.0653981,0.12771084904670715,0.05278884619474411,0.03621448576450348
YIL022W,YPR120C,0,0.0652112,0.1274038404226303,0.05278884619474411,0.036314524710178375
YDR243C,YPL168W,0,0.06497333,0.12709832191467285,0.05278884619474411,0.03641456738114357
YPL043W,YOL084W,0,0.064949565,0.1267942637205124,0.05278884619474411,0.036514606326818466
YBL080C,YIL098C,0,0.06491252,0.12649165093898773,0.05278884619474411,0.03661464527249336
YGL167C,YGL116W,0,0.0647324,0.12619048357009888,0.05278884619474411,0.03671468421816826
YLR083C,YPL097W,0,0.06466001,0.12589073181152344,0.05278884619474411,0.03681472688913345
YOR016C,YIL137C,0,0.064432055,0.1255924105644226,0.05278884619474411,0.03691476583480835
YML045W,YCL001W,0,0.06306184,0.1252955049276352,0.05278884619474411,0.037014804780483246
YNL025C,YPR086W,0,0.062914684,0.125,0.05278884619474411,0.03711484745144844
YDR430C,YKL080W,0,0.062845714,0.12470588088035583,0.05278884619474411,0.03721488639712334
YDR490C,YMR002W,0,0.06283047,0.1244131475687027,0.05278884619474411,0.03731492534279823
YLR377C,YOR131C,1,0.06260254,0.12646369636058807,0.05378486216068268,0.03731492534279823
YPL075W,YKL005C,0,0.0624047,0.12616822123527527,0.05378486216068268,0.03741496428847313
YKR053C,YLR249W,0,0.062322445,0.1258741319179535,0.05378486216068268,0.037515006959438324
YOL042W,YIL030C,0,0.062170632,0.12558139860630035,0.05378486216068268,0.03761504590511322
YGR217W,YKL129C,0,0.062106296,0.12529002130031586,0.05378486216068268,0.037715084850788116
YBL080C,YDR361C,0,0.0619554,0.125,0.05378486216068268,0.03781512752175331
YPL130W,YER123W,0,0.061715476,0.12471131980419159,0.05378486216068268,0.03791516646742821
YNL059C,YOL096C,0,0.061623544,0.12442396581172943,0.05378486216068268,0.038015205413103104
YOL096C,YJL058C,0,0.061584063,0.12413793057203293,0.05378486216068268,0.038115244358778
YER142C,YHL026C,0,0.061576627,0.12385321408510208,0.05378486216068268,0.038215287029743195
YNL023C,YPL058C,0,0.061509065,0.1235697939991951,0.05378486216068268,0.03831532597541809
YGL058W,YCL001W,0,0.061321132,0.12328767031431198,0.05378486216068268,0.03841536492109299
YER176W,YCL039W,0,0.061253212,0.12300683557987213,0.05378486216068268,0.03851540759205818
YIL022W,YEL024W,0,0.060863398,0.12272727489471436,0.05378486216068268,0.03861544653773308
YMR053C,YIR031C,0,0.06062465,0.12244898080825806,0.05378486216068268,0.038715485483407974
YBR093C,YIL113W,1,0.06025645,0.12443438917398453,0.054780878126621246,0.038715485483407974
YGR244C,YHR118C,0,0.060141735,0.1241535022854805,0.054780878126621246,0.03881552442908287
YPR188C,YOR259C,0,0.05980181,0.12387387454509735,0.054780878126621246,0.038915567100048065
YOR252W,YPR055W,0,0.05970286,0.12359550595283508,0.054780878126621246,0.03901560604572296
YJL162C,YDL031W,0,0.05955229,0.1233183890581131,0.054780878126621246,0.03911564499139786
YDR160W,YHR150W,0,0.059507973,0.1230425089597702,0.054780878126621246,0.03921568766236305
YML059C,YPL075W,0,0.059241123,0.1227678582072258,0.054780878126621246,0.03931572660803795
YBR043C,YOR101W,0,0.059143625,0.12249442934989929,0.054780878126621246,0.039415765553712845
YKR093W,YDR129C,0,0.058692716,0.12222222238779068,0.054780878126621246,0.03951580449938774
YDL189W,YIL167W,0,0.05868303,0.12195122241973877,0.054780878126621246,0.039615847170352936
YEL005C,YLR059C,0,0.05816307,0.12168141454458237,0.054780878126621246,0.03971588611602783
YOL095C,YNL029C,0,0.057815723,0.12141280621290207,0.054780878126621246,0.03981592506170273
YOR078W,YPL006W,0,0.057540834,0.12114537507295609,0.054780878126621246,0.03991596773266792
YKL145W,YHR020W,0,0.057510823,0.12087912112474442,0.054780878126621246,0.04001600667834282
YNL250W,YGL096W,0,0.05685354,0.12061403691768646,0.054780878126621246,0.040116045624017715
YPL168W,YDR021W,0,0.056813866,0.12035010755062103,0.054780878126621246,0.04021608829498291
YMR165C,YNL010W,1,0.05674822,0.12227074056863785,0.055776894092559814,0.04021608829498291
YOL098C,YGR260W,0,0.056591243,0.12200435996055603,0.055776894092559814,0.040316127240657806
YNL183C,YPL193W,0,0.05633779,0.12173912674188614,0.055776894092559814,0.0404161661863327
YHR006W,YDL211C,0,0.0562568,0.12147505581378937,0.055776894092559814,0.0405162051320076
YLR390W-A,YJR118C,0,0.05602283,0.12121212482452393,0.055776894092559814,0.040616247802972794
YDR227W,YGL093W,0,0.055989422,0.12095032632350922,0.055776894092559814,0.04071628674864769
YDL024C,YIR026C,1,0.055891015,0.12284483015537262,0.05677291005849838,0.04071628674864769
YDR002W,YDR057W,0,0.055870645,0.1225806474685669,0.05677291005849838,0.040816325694322586
YHR110W,YLR093C,0,0.055764697,0.1223175972700119,0.05677291005849838,0.04091636836528778
YNL194C,YGL085W,0,0.055736236,0.12205567210912704,0.05677291005849838,0.04101640731096268
YDR412W,YKR049C,0,0.055722363,0.12179487198591232,0.05677291005849838,0.04111644625663757
YLL026W,YPL175W,0,0.055687718,0.12153518199920654,0.05677291005849838,0.04121648520231247
YIL030C,YMR101C,0,0.0555413,0.12127659469842911,0.05677291005849838,0.041316527873277664
YBR279W,YER109C,0,0.0555332,0.12101911008358002,0.05677291005849838,0.04141656681895256
YLR083C,YHL021C,0,0.055026524,0.12076271325349808,0.05677291005849838,0.04151660576462746
YDL134C,YPL010W,0,0.054905258,0.12050739675760269,0.05677291005849838,0.04161664843559265
YCR045C,YLR259C,0,0.054841973,0.12025316804647446,0.05677291005849838,0.04171668738126755
YPR131C,YNL024C,0,0.054816835,0.11999999731779099,0.05677291005849838,0.041816726326942444
YHL038C,YER179W,0,0.054087777,0.11974789947271347,0.05677291005849838,0.04191676527261734
YOR262W,YNL076W,0,0.054086126,0.11949685215950012,0.05677291005849838,0.042016807943582535
YNL051W,YKL033W,0,0.054018803,0.11924686282873154,0.05677291005849838,0.04211684688925743
YIL056W,YNL023C,0,0.054003417,0.11899790912866592,0.05677291005849838,0.04221688583493233
YOL023W,YPL254W,0,0.053922318,0.11874999850988388,0.05677291005849838,0.04231692850589752
YLR200W,YLR352W,0,0.053636894,0.11850311607122421,0.05677291005849838,0.04241696745157242
YPL100W,YHR120W,0,0.053581662,0.11825726181268692,0.05677291005849838,0.042517006397247314
YKL029C,YMR133W,0,0.053493522,0.11801242083311081,0.05677291005849838,0.04261704534292221
YDL105W,YOR136W,0,0.053486533,0.11776859313249588,0.05677291005849838,0.042717088013887405
YLR460C,YDL211C,0,0.053241692,0.11752577126026154,0.05677291005849838,0.0428171269595623
YOL132W,YFL049W,0,0.05318301,0.11728394776582718,0.05677291005849838,0.0429171659052372
YLR324W,YJR153W,0,0.05316098,0.11704312264919281,0.05677291005849838,0.04301720857620239
YBR276C,YOL065C,1,0.052911088,0.11885245889425278,0.05776892602443695,0.04301720857620239
YML059C,YHR001W-A,0,0.05247111,0.11860940605401993,0.05776892602443695,0.04311724752187729
YLR433C,YLR019W,1,0.05237928,0.12040816247463226,0.05876494199037552,0.04311724752187729
YLR433C,YLR345W,1,0.05215633,0.12219959497451782,0.05976095795631409,0.04311724752187729
YLL026W,YOR004W,0,0.051979057,0.12195122241973877,0.05976095795631409,0.043217286467552185
YOR048C,YIR031C,0,0.051900722,0.1217038556933403,0.05976095795631409,0.04331732541322708
YNL190W,YJR096W,0,0.05164147,0.12145748734474182,0.05976095795631409,0.043417368084192276
YHR210C,YOL061W,0,0.051268525,0.12121212482452393,0.05976095795631409,0.04351740702986717
YML067C,YHR037W,0,0.051227756,0.12096773833036423,0.05976095795631409,0.04361744597554207
YLR382C,YGR120C,0,0.051109478,0.12072434276342392,0.05976095795631409,0.04371748864650726
YMR053C,YDR268W,0,0.05090526,0.1204819306731224,0.05976095795631409,0.04381752759218216
YGL093W,YKL063C,0,0.05065564,0.1202404797077179,0.05976095795631409,0.043917566537857056
YGR205W,YML082W,0,0.050404243,0.11999999731779099,0.05976095795631409,0.04401760548353195
YGR138C,YHL050C,0,0.05011703,0.11976047605276108,0.05976095795631409,0.04411764815449715
YOR264W,YHR090C,0,0.049818248,0.11952191591262817,0.05976095795631409,0.04421768710017204
YPR037C,YDL243C,0,0.04923992,0.11928429454565048,0.05976095795631409,0.04431772604584694
YGR253C,YDL031W,0,0.049182072,0.1190476194024086,0.05976095795631409,0.044417768716812134
YDR439W,YOR330C,0,0.04862558,0.11881188303232193,0.05976095795631409,0.04451780766248703
YDR098C,YKL058W,0,0.048555095,0.11857707798480988,0.05976095795631409,0.044617846608161926
YCL029C,YPL173W,0,0.048542403,0.11834319680929184,0.05976095795631409,0.04471788555383682
YIL005W,YLR313C,0,0.04845442,0.11811023950576782,0.05976095795631409,0.04481792822480202
YML067C,YOR132W,0,0.047671657,0.11787819117307663,0.05976095795631409,0.04491796717047691
YMR101C,YLR409C,0,0.046883505,0.11764705926179886,0.05976095795631409,0.04501800611615181
YOL084W,YDR080W,0,0.04666186,0.11741682887077332,0.05976095795631409,0.045118048787117004
YNR048W,YNL221C,0,0.046479784,0.1171875,0.05976095795631409,0.0452180877327919
YLL018C-A,YNL023C,0,0.046441734,0.11695906519889832,0.05976095795631409,0.0453181266784668
YBR092C,YOL065C,1,0.0463973,0.1186770424246788,0.060756973922252655,0.0453181266784668
YGR283C,YNR033W,0,0.046316095,0.11844660341739655,0.060756973922252655,0.04541816562414169
YKR064W,YLR093C,0,0.045907922,0.11821705102920532,0.060756973922252655,0.04551820829510689
YCR045C,YAR042W,0,0.045722716,0.11798839271068573,0.060756973922252655,0.045618247240781784
YJR132W,YNL145W,0,0.04520476,0.11776062101125717,0.060756973922252655,0.04571828618645668
YFR016C,YPR068C,0,0.044952817,0.11753372102975845,0.060756973922252655,0.045818328857421875
YDR201W,YMR175W,0,0.044917546,0.11730769276618958,0.060756973922252655,0.04591836780309677
YDL124W,YOL078W,0,0.044914663,0.11708253622055054,0.060756973922252655,0.04601840674877167
YOR014W,YLR433C,1,0.044733446,0.1187739446759224,0.06175298988819122,0.04601840674877167
YHR006W,YHR214W,0,0.04464191,0.11854684352874756,0.06175298988819122,0.046118445694446564
YHR046C,YBL056W,1,0.04435561,0.12022900581359863,0.06274900585412979,0.046118445694446564
YCR018C,YJL001W,0,0.044329442,0.11999999731779099,0.06274900585412979,0.04621848836541176
YMR318C,YKL006W,0,0.044091426,0.11977186053991318,0.06274900585412979,0.046318527311086655
YKL026C,YDR412W,0,0.044017095,0.11954459547996521,0.06274900585412979,0.04641856625676155
YOR014W,YDR481C,1,0.04387533,0.12121212482452393,0.06374502182006836,0.04641856625676155
YJL098W,YNL194C,0,0.04376369,0.12098298966884613,0.06374502182006836,0.046518608927726746
YGL142C,YHR142W,0,0.043593235,0.12075471878051758,0.06374502182006836,0.04661864787340164
YLR004C,YIR026C,0,0.043433152,0.12052730470895767,0.06374502182006836,0.04671868681907654
YPR008W,YLR363C,0,0.04330861,0.12030075490474701,0.06374502182006836,0.046818725764751434
YDR386W,YOR319W,0,0.043298896,0.1200750470161438,0.06374502182006836,0.04691876843571663
YLR324W,YLR007W,0,0.043176256,0.11985018849372864,0.06374502182006836,0.047018807381391525
YHR185C,YHR122W,0,0.042702593,0.11962617188692093,0.06374502182006836,0.04711884632706642
YML067C,YDL230W,0,0.042594492,0.11940298229455948,0.06374502182006836,0.047218888998031616
YDL189W,YFR040W,0,0.042366423,0.11918063461780548,0.06374502182006836,0.04731892794370651
YGL189C,YFL026W,0,0.042315133,0.11895910650491714,0.06374502182006836,0.04741896688938141
YIL019W,YML101C,0,0.042262957,0.11873840540647507,0.06374502182006836,0.047519005835056305
YOR016C,YPR037C,0,0.042232074,0.11851851642131805,0.06374502182006836,0.0476190485060215
YOL084W,YMR177W,0,0.04208926,0.1182994470000267,0.06374502182006836,0.047719087451696396
YKR034W,YBL091C,0,0.04184729,0.11808118224143982,0.06374502182006836,0.04781912639737129
YMR277W,YIL113W,1,0.04160557,0.11970534175634384,0.06474103778600693,0.04781912639737129
YKL149C,YDR438W,0,0.04158178,0.1194852963089943,0.06474103778600693,0.04791916906833649
YNL137C,YMR230W,0,0.041381717,0.11926605552434921,0.06474103778600693,0.04801920801401138
YMR195W,YNR052C,0,0.041245468,0.1190476194024086,0.06474103778600693,0.04811924695968628
YGL085W,YBR131W,0,0.041077934,0.11882998049259186,0.06474103778600693,0.048219285905361176
YHR111W,YLR068W,0,0.040612526,0.11861313879489899,0.06474103778600693,0.04831932857632637
YKL048C,YLR061W,0,0.040535845,0.11839708685874939,0.06474103778600693,0.048419367522001266
YDR434W,YOR335C,0,0.040523,0.11818181723356247,0.06474103778600693,0.04851940646767616
YJR120W,YER072W,0,0.04042843,0.11796732991933823,0.06474103778600693,0.04861944913864136
YKL014C,YPR199C,0,0.040418886,0.11775362491607666,0.06474103778600693,0.048719488084316254
YLR131C,YPR097W,0,0.04010788,0.11754068732261658,0.06474103778600693,0.04881952702999115
YMR063W,YFR014C,0,0.040060766,0.11732851713895798,0.06474103778600693,0.048919565975666046
YDL124W,YGL171W,0,0.039826512,0.11711711436510086,0.06474103778600693,0.04901960864663124
YIL056W,YOL078W,0,0.03967831,0.11690647155046463,0.06474103778600693,0.04911964759230614
YMR041C,YER032W,0,0.039496385,0.11669658869504929,0.06474103778600693,0.04921968653798103
YAL011W,YOL121C,0,0.03934687,0.11648745834827423,0.06474103778600693,0.04931972920894623
YOR252W,YOR019W,0,0.03927534,0.11627907305955887,0.06474103778600693,0.049419768154621124
YHR210C,YGL070C,0,0.039243385,0.1160714253783226,0.06474103778600693,0.04951980710029602
YGR007W,YDR110W,0,0.039210655,0.11586453020572662,0.06474103778600693,0.049619849771261215
YMR192W,YIR019C,0,0.039154842,0.11565836519002914,0.06474103778600693,0.04971988871693611
YIL154C,YHR193C,0,0.03912755,0.11545293033123016,0.06474103778600693,0.04981992766261101
YLR377C,YLR361C,1,0.038937762,0.11702127754688263,0.0657370537519455,0.04981992766261101
YPR143W,YGR122W,0,0.03821259,0.11681415885686874,0.0657370537519455,0.049919966608285904
YML067C,YPR086W,0,0.03797434,0.11660777032375336,0.0657370537519455,0.0500200092792511
YPL169C,YGL064C,0,0.037807234,0.11640211939811707,0.0657370537519455,0.050120048224925995
YNL183C,YNL318C,0,0.037638962,0.11619718372821808,0.0657370537519455,0.05022008717060089
YKL155C,YBL047C,0,0.037543163,0.115992970764637,0.0657370537519455,0.050320129841566086
YOR253W,YMR125W,0,0.037500106,0.11578947305679321,0.0657370537519455,0.05042016878724098
YMR230W,YNL156C,0,0.037324183,0.11558669060468674,0.0657370537519455,0.05052020773291588
YKR079C,YKL132C,0,0.03699877,0.11538461595773697,0.0657370537519455,0.050620246678590775
YOR032C,YCL016C,0,0.036943823,0.11518324911594391,0.0657370537519455,0.05072028934955597
YDL018C,YLR292C,0,0.03691776,0.11498257517814636,0.0657370537519455,0.050820328295230865
YNR019W,YKL077W,0,0.036873277,0.11478260904550552,0.0657370537519455,0.05092036724090576
YKL014C,YFL049W,0,0.03649565,0.1145833358168602,0.0657370537519455,0.051020409911870956
YDL220C,YLR435W,0,0.035857037,0.11438474804162979,0.0657370537519455,0.05112044885754585
YPR110C,YJL216C,0,0.0356548,0.1141868531703949,0.0657370537519455,0.05122048780322075
YBL087C,YJL013C,0,0.03558562,0.11398963630199432,0.0657370537519455,0.051320526748895645
YER056C,YOL116W,0,0.035439633,0.11379310488700867,0.0657370537519455,0.05142056941986084
YDR129C,YLR277C,0,0.03530568,0.11359724402427673,0.0657370537519455,0.051520608365535736
YOR078W,YDR080W,0,0.035275493,0.11340206116437912,0.0657370537519455,0.05162064731121063
YLL067C,YCL054W,0,0.035014547,0.11320754885673523,0.0657370537519455,0.05172068998217583
YER041W,YPL100W,0,0.034864835,0.11301369965076447,0.0657370537519455,0.05182072892785072
YOL144W,YBR101C,0,0.034829043,0.11282051354646683,0.0657370537519455,0.05192076787352562
YDR287W,YGL116W,0,0.033839874,0.11262798309326172,0.0657370537519455,0.052020806819200516
YNL142W,YKL080W,0,0.033690162,0.11243611574172974,0.0657370537519455,0.05212084949016571
YNL137C,YML082W,0,0.033389516,0.11224489659070969,0.0657370537519455,0.05222088843584061
YFR025C,YNL106C,1,0.032898694,0.11375211924314499,0.06673306971788406,0.05222088843584061
YJR048W,YFR050C,0,0.03264319,0.11355932056903839,0.06673306971788406,0.0523209273815155
YDL124W,YEL027W,0,0.032566592,0.11336717754602432,0.06673306971788406,0.0524209700524807
YOR247W,YMR262W,0,0.032340422,0.11317567527294159,0.06673306971788406,0.052521008998155594
YLR185W,YLR377C,0,0.032079317,0.11298482120037079,0.06673306971788406,0.05262104794383049
YER142C,YNL059C,0,0.031813197,0.11279461532831192,0.06673306971788406,0.052721086889505386
YDR406W,YMR177W,0,0.03171345,0.11260504275560379,0.06673306971788406,0.05282112956047058
YNR059W,YDL211C,0,0.031195676,0.112416110932827,0.06673306971788406,0.05292116850614548
YLR234W,YKL043W,0,0.031133061,0.11222780495882034,0.06673306971788406,0.053021207451820374
YOL059W,YOR113W,0,0.031054376,0.11204013228416443,0.06673306971788406,0.05312125012278557
YIL069C,YHR080C,0,0.031042313,0.11185308545827866,0.06673306971788406,0.053221289068460464
YBL100W-B,YPL061W,0,0.030852439,0.11166666448116302,0.06673306971788406,0.05332132801413536
YGL098W,YPR169W,0,0.030829294,0.11148086190223694,0.06673306971788406,0.05342136695981026
YGR057C,YAL026C,0,0.030746268,0.1112956777215004,0.06673306971788406,0.05352140963077545
YMR059W,YDL119C,0,0.03061354,0.1111111119389534,0.06673306971788406,0.05362144857645035
YOR103C,YKL039W,0,0.030048033,0.11092714965343475,0.06673306971788406,0.053721487522125244
YJR123W,YNR033W,0,0.02994859,0.11074379831552505,0.06673306971788406,0.05382153019309044
YOR264W,YMR313C,0,0.029599467,0.1105610579252243,0.06673306971788406,0.053921569138765335
YNL294C,YEL027W,0,0.029588452,0.11037891358137131,0.06673306971788406,0.05402160808444023
YCL029C,YGR078C,0,0.029430246,0.11019736528396606,0.06673306971788406,0.05412164703011513
YIL022W,YGL129C,0,0.029329082,0.11001642048358917,0.06673306971788406,0.05422168970108032
YGL025C,YMR158W,0,0.029197132,0.10983606427907944,0.06673306971788406,0.05432172864675522
YNL286W,YBL047C,0,0.029132763,0.10965630412101746,0.06673306971788406,0.054421767592430115
YBR101C,YHR190W,0,0.029036751,0.10947712510824203,0.06673306971788406,0.05452181026339531
YDR127W,YBR268W,0,0.029031096,0.10929853469133377,0.06673306971788406,0.054621849209070206
YBR212W,YDL211C,0,0.028518697,0.10912051796913147,0.06673306971788406,0.0547218881547451
YPR095C,YNL294C,0,0.028513184,0.10894308984279633,0.06673306971788406,0.05482192710042
YDR129C,YKL149C,0,0.028358063,0.10876623541116714,0.06673306971788406,0.05492196977138519
YPL076W,YBL047C,0,0.028270176,0.10858995467424393,0.06673306971788406,0.05502200871706009
YGR103W,YMR041C,0,0.028053408,0.10841424018144608,0.06673306971788406,0.055122047662734985
YHR122W,YEL027W,0,0.0280462,0.10823909193277359,0.06673306971788406,0.05522209033370018
YCR045C,YER071C,0,0.028029753,0.10806451737880707,0.06673306971788406,0.055322129279375076
YHR108W,YIL096C,0,0.028014636,0.10789050161838531,0.06673306971788406,0.05542216822504997
YEL024W,YGR040W,0,0.0278998,0.10771704465150833,0.06673306971788406,0.05552220717072487
YMR130W,YPL228W,1,0.027581504,0.1091492772102356,0.06772908568382263,0.05552220717072487
YOL061W,YBL005W,0,0.027130103,0.10897435992956161,0.06772908568382263,0.055622249841690063
YDR280W,YGL144C,0,0.027083332,0.1088000014424324,0.06772908568382263,0.05572228878736496
YDR517W,YLR409C,0,0.026788501,0.10862620174884796,0.06772908568382263,0.055822327733039856
YPL130W,YBR121C,0,0.026784027,0.10845295339822769,0.06772908568382263,0.05592237040400505
YLR432W,YOR086C,0,0.026770389,0.1082802563905716,0.06772908568382263,0.05602240934967995
YOR252W,YPR148C,0,0.026632031,0.10810811072587967,0.06772908568382263,0.05612244829535484
YDR503C,YAL016W,1,0.026483541,0.10952381044626236,0.0687251016497612,0.05612244829535484
YDR441C,YGL104C,0,0.026432564,0.10935023427009583,0.0687251016497612,0.05622248724102974
YLL016W,YDL139C,0,0.025947785,0.10917721688747406,0.0687251016497612,0.056322529911994934
YLR007W,YFR049W,0,0.02586334,0.10900473594665527,0.0687251016497612,0.05642256885766983
YNL199C,YFR016C,0,0.025706818,0.10883280634880066,0.0687251016497612,0.05652260780334473
YKR064W,YER139C,0,0.025676673,0.10866142064332962,0.0687251016497612,0.05662265047430992
YDL081C,YLR189C,0,0.025454214,0.10849056392908096,0.0687251016497612,0.05672268941998482
YNL054W,YOR319W,0,0.025357245,0.10832025110721588,0.0687251016497612,0.056822728365659714
YHR157W,YGR260W,0,0.025099939,0.10815046727657318,0.0687251016497612,0.05692276731133461
YOL084W,YDR179C,0,0.024762666,0.10798121988773346,0.0687251016497612,0.057022809982299805
YPR007C,YBR094W,0,0.024680758,0.10781250149011612,0.0687251016497612,0.0571228489279747
YLR118C,YOR319W,0,0.024593722,0.10764430463314056,0.0687251016497612,0.0572228878736496
YJL167W,YNR038W,0,0.024580065,0.10747663676738739,0.0687251016497612,0.05732293054461479
YOL042W,YML086C,0,0.02454541,0.107309490442276,0.0687251016497612,0.05742296949028969
YOR049C,YGL238W,0,0.024507666,0.1071428582072258,0.0687251016497612,0.057523008435964584
YJL179W,YPL173W,0,0.024439937,0.10697674751281738,0.0687251016497612,0.05762304738163948
YMR232W,YER177W,0,0.024383692,0.10681114345788956,0.0687251016497612,0.057723090052604675
YDL230W,YHR044C,1,0.024344107,0.10819165408611298,0.06972111761569977,0.057723090052604675
YFL056C,YJR048W,0,0.024203008,0.10802469402551651,0.06972111761569977,0.05782312899827957
YML004C,YLR060W,0,0.023531398,0.10785824060440063,0.06972111761569977,0.05792316794395447
YOR091W,YDR009W,0,0.02331966,0.10769230872392654,0.06972111761569977,0.05802321061491966
YNL190W,YDR007W,0,0.023271387,0.10752688348293304,0.06972111761569977,0.05812324956059456
YOR267C,YML061C,0,0.023243045,0.10736196488142014,0.06972111761569977,0.058223288506269455
YDR482C,YBL072C,0,0.022821939,0.10719755291938782,0.06972111761569977,0.05832333117723465
YLR377C,YLR248W,0,0.022717452,0.1070336401462555,0.06972111761569977,0.058423370122909546
YPR073C,YNL032W,1,0.022400973,0.10839694738388062,0.07071713358163834,0.058423370122909546
YOR131C,YAL016W,1,0.022346681,0.10975609719753265,0.0717131495475769,0.058423370122909546
YDR111C,YGL005C,0,0.022212332,0.10958904027938843,0.0717131495475769,0.05852340906858444
YLR085C,YGL078C,0,0.022137986,0.10942249000072479,0.0717131495475769,0.05862344801425934
YLR360W,YKR085C,0,0.021923663,0.10925644636154175,0.0717131495475769,0.05872349068522453
YDR436W,YHR076W,1,0.02189762,0.11060605943202972,0.07270916551351547,0.05872349068522453
YDR427W,YLR193C,0,0.021610877,0.11043872684240341,0.07270916551351547,0.05882352963089943
YHL011C,YPL006W,0,0.021496376,0.11027190089225769,0.07270916551351547,0.058923568576574326
YBL035C,YOL059W,0,0.021339973,0.11010558158159256,0.07270916551351547,0.05902361124753952
YOR316C,YDL211C,0,0.021240203,0.10993976145982742,0.07270916551351547,0.059123650193214417
YDR482C,YHL028W,0,0.02122364,0.10977443307638168,0.07270916551351547,0.05922368913888931
YER063W,YHL026C,0,0.0212185,0.10960961133241653,0.07270916551351547,0.05932372808456421
YAL011W,YMR230W,0,0.020980453,0.10944527387619019,0.07270916551351547,0.059423770755529404
YIL052C,YJL013C,0,0.02077808,0.10928143560886383,0.07270916551351547,0.0595238097012043
YER063W,YPR071W,0,0.020771047,0.10911808907985687,0.07270916551351547,0.059623848646879196
YML101C,YCR063W,0,0.020638114,0.10895522683858871,0.07270916551351547,0.05972389131784439
YKL002W,YDR179C,0,0.020557968,0.10879284888505936,0.07270916551351547,0.05982393026351929
YNR048W,YNL048W,0,0.020423843,0.1086309552192688,0.07270916551351547,0.05992396920919418
YPR008W,YIL009W,0,0.020380428,0.10846953839063644,0.07270916551351547,0.06002400815486908
YER060W,YNL081C,0,0.020352377,0.10830860584974289,0.07270916551351547,0.060124050825834274
YLR200W,YOR109W,0,0.020117154,0.10814815014600754,0.07270916551351547,0.06022408977150917
YML081W,YOL084W,0,0.019893592,0.10798816382884979,0.07270916551351547,0.06032412871718407
YHR043C,YIL002C,1,0.01982828,0.10930576175451279,0.07370518147945404,0.06032412871718407
YOR319W,YLR247C,0,0.019816631,0.10914454609155655,0.07370518147945404,0.06042417138814926
YOR045W,YNR033W,0,0.019816061,0.10898379981517792,0.07370518147945404,0.06052421033382416
YLR215C,YKL032C,0,0.019423483,0.10882353037595749,0.07370518147945404,0.060624249279499054
YFR024C-A,YOR101W,0,0.019348001,0.10866373032331467,0.07370518147945404,0.06072428822517395
YHR113W,YIL043C,0,0.019289508,0.10850439965724945,0.07370518147945404,0.060824330896139145
YLL018C,YPL058C,0,0.018895244,0.10834553092718124,0.07370518147945404,0.06092436984181404
YOR091W,YMR175W,0,0.018853819,0.10818713158369064,0.07370518147945404,0.06102440878748894
YPR034W,YIL062C,0,0.018717421,0.10802919417619705,0.07370518147945404,0.06112445145845413
YOR189W,YDR246W,0,0.018572351,0.10787171870470047,0.07370518147945404,0.06122449040412903
YDR243C,YNL094W,0,0.018327663,0.1077147051692009,0.07370518147945404,0.061324529349803925
YLR258W,YDR135C,0,0.018205566,0.10755813866853714,0.07370518147945404,0.06142456829547882
YPR095C,YOR372C,0,0.018174535,0.10740203410387039,0.07370518147945404,0.061524610966444016
YDR323C,YBL005W,0,0.017381972,0.10724637657403946,0.07370518147945404,0.06162464991211891
YOL011W,YNL214W,0,0.017237416,0.10709117352962494,0.07370518147945404,0.06172468885779381
YDL240W,YPL168W,0,0.017190805,0.10693641752004623,0.07370518147945404,0.061824731528759
YJL127C,YLL014W,0,0.017082235,0.10678210854530334,0.07370518147945404,0.0619247704744339
YBR295W,YCL067C,0,0.01676034,0.10662823915481567,0.07370518147945404,0.062024809420108795
YNR048W,YLR293C,0,0.016744805,0.10647481679916382,0.07370518147945404,0.06212484836578369
YMR220W,YDR246W,0,0.016649147,0.10632184147834778,0.07370518147945404,0.062224891036748886
YMR015C,YOL116W,0,0.01662776,0.10616929829120636,0.07370518147945404,0.06232492998242378
YDR482C,YER014W,0,0.01662627,0.10601719468832016,0.07370518147945404,0.06242496892809868
YDR350C,YPR046W,0,0.016488304,0.10586552321910858,0.07370518147945404,0.06252501159906387
YNL167C,YDR201W,0,0.016126832,0.10571428388357162,0.07370518147945404,0.06262505054473877
YEL020W-A,YNL247W,0,0.016062723,0.10556348413228989,0.07370518147945404,0.06272508949041367
YNL038W,YPR068C,0,0.0154952165,0.10541310906410217,0.07370518147945404,0.06282512843608856
YKR064W,YPL225W,0,0.0152802,0.10526315867900848,0.07370518147945404,0.06292516738176346
YML057W,YML061C,0,0.015226884,0.10511363297700882,0.07370518147945404,0.06302521377801895
YJR131W,YKL081W,0,0.014802782,0.10496453940868378,0.07370518147945404,0.06312525272369385
YHR197W,YKL155C,0,0.014612136,0.10481586307287216,0.07370518147945404,0.06322529166936874
YAL019W,YMR001C,0,0.014593234,0.10466761142015457,0.07370518147945404,0.06332533061504364
YDR441C,YJL180C,0,0.014374403,0.10451977699995041,0.07370518147945404,0.06342536956071854
YPL004C,YOR236W,0,0.014096295,0.10437235236167908,0.07370518147945404,0.06352540850639343
YPR110C,YDR427W,0,0.014054535,0.10422535240650177,0.07370518147945404,0.06362544745206833
YOL051W,YLR175W,0,0.013922231,0.1040787622332573,0.07370518147945404,0.06372549384832382
YKR052C,YDL031W,0,0.013869109,0.10393258184194565,0.07370518147945404,0.06382553279399872
YOL078W,YGR211W,0,0.013650125,0.10378681868314743,0.07370518147945404,0.06392557173967361
YLR085C,YBR005W,0,0.013642779,0.10364145785570145,0.07370518147945404,0.06402561068534851
YLR410W,YHR076W,1,0.013196265,0.10489510744810104,0.07470119744539261,0.06402561068534851
YCR086W,YOR189W,0,0.013118854,0.10474860668182373,0.07470119744539261,0.06412564963102341
YPL239W,YKR095W,0,0.012722654,0.10460250824689865,0.07470119744539261,0.0642256885766983
YER063W,YOR113W,0,0.012680238,0.104456827044487,0.07470119744539261,0.0643257275223732
YAR042W,YCR031C,0,0.012494853,0.10431154072284698,0.07470119744539261,0.06442577391862869
YER129W,YPL253C,0,0.012411555,0.1041666641831398,0.07470119744539261,0.06452581286430359
YGR046W,YOR258W,0,0.012100806,0.10402218997478485,0.07470119744539261,0.06462585180997849
YLR085C,YPL253C,0,0.0120127555,0.10387811809778214,0.07470119744539261,0.06472589075565338
YPR037C,YHR005C,0,0.011860197,0.10373444110155106,0.07470119744539261,0.06482592970132828
YNL222W,YDL134C,1,0.011684952,0.10497237741947174,0.07569721341133118,0.06482592970132828
YHR210C,YPL193W,0,0.011338269,0.10482758283615112,0.07569721341133118,0.06492596864700317
YOR019W,YGL045W,0,0.010962596,0.10468319803476334,0.07569721341133118,0.06502600759267807
YHR139C,YJL058C,0,0.010850852,0.10453920066356659,0.07569721341133118,0.06512605398893356
YER179W,YHR014W,0,0.010698205,0.10439560562372208,0.07569721341133118,0.06522609293460846
YGL093W,YER127W,0,0.010464391,0.1042523980140686,0.07569721341133118,0.06532613188028336
YDR040C,YHL050C,0,0.009727923,0.10410959273576736,0.07569721341133118,0.06542617082595825
YJR120W,YKL192C,0,0.009226853,0.10396716743707657,0.07569721341133118,0.06552620977163315
YLL018C,YKL054C,0,0.009122359,0.10382513701915741,0.07569721341133118,0.06562624871730804
YPL171C,YBR301W,0,0.008800974,0.10368349403142929,0.07569721341133118,0.06572628766298294
YFR014C,YER102W,0,0.008712148,0.10354223102331161,0.07569721341133118,0.06582633405923843
YMR220W,YBR301W,0,0.008659387,0.10340136289596558,0.07569721341133118,0.06592637300491333
YHR165C,YGL087C,0,0.008461518,0.10326086729764938,0.07569721341133118,0.06602641195058823
YLR432W,YHL050C,0,0.008459562,0.10312075912952423,0.07569721341133118,0.06612645089626312
YOR156C,YKL058W,0,0.007617152,0.10298103094100952,0.07569721341133118,0.06622648984193802
YHR142W,YHR001W-A,0,0.0076113218,0.10284167528152466,0.07569721341133118,0.06632652878761292
YGR024C,YMR177W,0,0.007340687,0.10270269960165024,0.07569721341133118,0.06642656773328781
YDR500C,YKR031C,0,0.0068288953,0.10256410390138626,0.07569721341133118,0.0665266141295433
YEL051W,YHR080C,0,0.00675284,0.10242587327957153,0.07569721341133118,0.0666266530752182
YOL009C,YHR114W,0,0.00636456,0.10228802263736725,0.07569721341133118,0.0667266920208931
YNL053W,YML016C,1,0.005834392,0.10349462181329727,0.07669322937726974,0.0667266920208931
YCR024C,YHL015W,0,0.005772075,0.10335570573806763,0.07669322937726974,0.066826730966568
YOR193W,YOL061W,0,0.005734241,0.10321715474128723,0.07669322937726974,0.06692676991224289
YDR122W,YLR181C,0,0.005582376,0.10307898372411728,0.07669322937726974,0.06702680885791779
YCL017C,YJR049C,0,0.0054253326,0.10294117778539658,0.07669322937726974,0.06712684780359268
YBR254C,YDR176W,0,0.0053669685,0.10280373692512512,0.07669322937726974,0.06722689419984818
YFR031C-A,YLR466W,0,0.0051646926,0.10266666859388351,0.07669322937726974,0.06732693314552307
YLR433C,YOR090C,1,0.004992953,0.10386151820421219,0.07768924534320831,0.06732693314552307
YCR105W,YJR131W,0,0.00496023,0.10372340679168701,0.07768924534320831,0.06742697209119797
YDR287W,YDR469W,0,0.004755831,0.10358566045761108,0.07768924534320831,0.06752701103687286
YJR153W,YDR469W,0,0.0046788664,0.1034482792019844,0.07768924534320831,0.06762704998254776
YKL016C,YOR156C,0,0.0045345337,0.10331125557422638,0.07768924534320831,0.06772708892822266
YPL168W,YGR245C,0,0.0045318813,0.1031746044754982,0.07768924534320831,0.06782712787389755
YDR004W,YIL037C,0,0.0043384493,0.10303831100463867,0.07768924534320831,0.06792717427015305
YGL018C,YGL111W,0,0.004136464,0.1029023751616478,0.07768924534320831,0.06802721321582794
YDL230W,YAR071W,1,0.003926693,0.1040843203663826,0.07868526130914688,0.06802721321582794
YOR014W,YNL222W,1,0.0036048018,0.10526315867900848,0.07968127727508545,0.06802721321582794
YBR162C,YPL097W,0,0.003595485,0.10512483865022659,0.07968127727508545,0.06812725216150284
YGL028C,YGR212W,0,0.003316945,0.10498687624931335,0.07968127727508545,0.06822729110717773
YBL080C,YKL029C,0,0.0031226748,0.10484927892684937,0.07968127727508545,0.06832733005285263
YOR262W,YKR031C,0,0.0026930557,0.10471203923225403,0.07968127727508545,0.06842736899852753
YJR132W,YBR169C,0,0.0026693256,0.10457516461610794,0.07968127727508545,0.06852740794420242
YGR224W,YLR313C,0,0.0025646002,0.10443864017724991,0.07968127727508545,0.06862745434045792
YDR087C,YMR133W,0,0.002455464,0.10430248081684113,0.07968127727508545,0.06872749328613281
YGR004W,YFR053C,0,0.0020009042,0.1041666641831398,0.07968127727508545,0.06882753223180771
YHR088W,YLR460C,0,0.0019311667,0.10403121262788773,0.07968127727508545,0.0689275711774826
YLR377C,YMR087W,1,0.0015452341,0.1051948070526123,0.08067729324102402,0.0689275711774826
YNR032C-A,YOR249C,0,0.0013157786,0.10505836457014084,0.08067729324102402,0.0690276101231575
YDR292C,YOR110W,0,0.00117196,0.10492227971553802,0.08067729324102402,0.0691276490688324
YBR029C,YPL156C,0,0.0011654855,0.10478654503822327,0.08067729324102402,0.0692276880145073
YPL141C,YGR253C,0,0.0010611326,0.10465116053819656,0.08067729324102402,0.06932773441076279
YPL013C,YDR246W,0,0.0008885772,0.10451612621545792,0.08067729324102402,0.06942777335643768
YCL016C,YDR438W,0,0.000832519,0.10438144207000732,0.08067729324102402,0.06952781230211258
YLL031C,YPL061W,0,0.00055415044,0.10424710065126419,0.08067729324102402,0.06962785124778748
YHR044C,YDL134C,1,0.00055371085,0.10539846122264862,0.08167330920696259,0.06962785124778748
YHR120W,YKR052C,0,0.00032431493,0.10526315867900848,0.08167330920696259,0.06972789019346237
YCR016W,YDR386W,0,0.00017555291,0.1051282063126564,0.08167330920696259,0.06982792913913727
YOR358W,YLR175W,0,-0.00016185781,0.10499359667301178,0.08167330920696259,0.06992796808481216
YJR041C,YJR027W,0,-0.0005293279,0.10485933721065521,0.08167330920696259,0.07002801448106766
YIL119C,YPL179W,0,-0.0006218939,0.1047254130244255,0.08167330920696259,0.07012805342674255
YDR441C,YHR113W,0,-0.0007310449,0.10459183901548386,0.08167330920696259,0.07022809237241745
YMR076C,YDR040C,0,-0.0007541529,0.10445860028266907,0.08167330920696259,0.07032813131809235
YOL065C,YDL006W,1,-0.00090897596,0.10559796541929245,0.08266932517290115,0.07032813131809235
YFR050C,YLR249W,0,-0.0012451126,0.10546378791332245,0.08266932517290115,0.07042817026376724
YOR049C,YNL065W,0,-0.0012590378,0.10532994568347931,0.08266932517290115,0.07052820920944214
YKL087C,YBR094W,0,-0.0012649554,0.10519645363092422,0.08266932517290115,0.07062824815511703
YNL263C,YPL171C,0,-0.0014710645,0.1050632894039154,0.08266932517290115,0.07072829455137253
YOL096C,YNL194C,0,-0.0015100031,0.10493046790361404,0.08266932517290115,0.07082833349704742
YGR217W,YPR008W,0,-0.0018182634,0.10479798167943954,0.08266932517290115,0.07092837244272232
YKL132C,YCR063W,0,-0.0019004582,0.10466582328081131,0.08266932517290115,0.07102841138839722
YGL058W,YDR110W,0,-0.0025660633,0.10453400760889053,0.08266932517290115,0.07112845033407211
YOR079C,YHL021C,0,-0.0027845814,0.10440251231193542,0.08266932517290115,0.07122848927974701
YBR162W-A,YIL120W,0,-0.0027930154,0.10427135974168777,0.08266932517290115,0.0713285282254219
YJL179W,YGR040W,0,-0.0028380319,0.10414052754640579,0.08266932517290115,0.0714285746216774
YMR175W,YDR468C,0,-0.0029876768,0.10401002317667007,0.08266932517290115,0.0715286135673523
YOL126C,YJL035C,0,-0.00307689,0.10387984663248062,0.08266932517290115,0.07162865251302719
YHR190W,YGL078C,0,-0.0032151728,0.10374999791383743,0.08266932517290115,0.07172869145870209
YPR106W,YOR254C,0,-0.0033436953,0.10362047702074051,0.08266932517290115,0.07182873040437698
YOR079C,YOR158W,0,-0.0034449636,0.10349126905202866,0.08266932517290115,0.07192876935005188
YLR284C,YOL121C,0,-0.003753209,0.10336238890886307,0.08266932517290115,0.07202880829572678
YOR316C,YNR019W,0,-0.0039871647,0.10323382914066315,0.08266932517290115,0.07212885469198227
YKR079C,YDR105C,0,-0.0040131523,0.1031055897474289,0.08266932517290115,0.07222889363765717
YNL217W,YNR032W,1,-0.004148222,0.10421836376190186,0.08366534113883972,0.07222889363765717
YFL056C,YDL135C,0,-0.004172997,0.10408922284841537,0.08366534113883972,0.07232893258333206
YDR377W,YDL223C,0,-0.005102673,0.10396039485931396,0.08366534113883972,0.07242897152900696
YLR390W-A,YBR169C,0,-0.0051713525,0.10383189469575882,0.08366534113883972,0.07252901047468185
YMR274C,YBR295W,0,-0.005177939,0.10370370000600815,0.08366534113883972,0.07262904942035675
YLR239C,YKL114C,0,-0.0053219846,0.10357583314180374,0.08366534113883972,0.07272908836603165
YOR016C,YPL105C,0,-0.005400346,0.1034482792019844,0.08366534113883972,0.07282913476228714
YOR081C,YPL161C,0,-0.0055186837,0.10332103073596954,0.08366534113883972,0.07292917370796204
YDL235C,YCR036W,0,-0.005882093,0.10319410264492035,0.08366534113883972,0.07302921265363693
YDR080W,YMR091C,0,-0.006339216,0.10306748747825623,0.08366534113883972,0.07312925159931183
YDR204W,YGR057C,0,-0.00643097,0.10294117778539658,0.08366534113883972,0.07322929054498672
YKL152C,YCR079W,1,-0.006448829,0.10403916984796524,0.08466135710477829,0.07322929054498672
YOR320C,YHR037W,0,-0.006668243,0.10391198098659515,0.08466135710477829,0.07332932949066162
YBR091C,YOR330C,0,-0.0067886426,0.10378510504961014,0.08466135710477829,0.07342936843633652
YJR132W,YPR007C,0,-0.0069196722,0.1036585345864296,0.08466135710477829,0.07352941483259201
YAR033W,YLR288C,0,-0.006973238,0.10353227704763412,0.08466135710477829,0.0736294537782669
YEL038W,YER075C,1,-0.007006207,0.10462287068367004,0.08565737307071686,0.0736294537782669
YPR046W,YPL233W,0,-0.007286431,0.10449574887752533,0.08565737307071686,0.0737294927239418
YGL092W,YPR017C,0,-0.007313901,0.10436893254518509,0.08565737307071686,0.0738295316696167
YIL030C,YGL005C,0,-0.007925695,0.10424242168664932,0.08565737307071686,0.0739295706152916
YPR105C,YMR226C,0,-0.008013541,0.10411622375249863,0.08565737307071686,0.07402960956096649
YJL127C,YLR067C,0,-0.008251438,0.10399032384157181,0.08565737307071686,0.07412964850664139
YOR016C,YML098W,0,-0.008261392,0.10386473685503006,0.08565737307071686,0.07422969490289688
YDL072C,YDR002W,0,-0.008274011,0.10373944789171219,0.08565737307071686,0.07432973384857178
YLR347C,YPR071W,0,-0.008477924,0.1036144569516182,0.08565737307071686,0.07442977279424667
YLR131C,YBL087C,0,-0.008703018,0.10348977148532867,0.08565737307071686,0.07452981173992157
YPL138C,YHR073W,0,-0.008846508,0.10336538404226303,0.08565737307071686,0.07462985068559647
YER023W,YHR106W,0,-0.008960294,0.10324129462242126,0.08565737307071686,0.07472988963127136
YGL229C,YNL053W,1,-0.008980067,0.10431654751300812,0.08665338903665543,0.07472988963127136
YBR022W,YAR071W,1,-0.009567479,0.10538922250270844,0.087649405002594,0.07472988963127136
YMR118C,YCR021C,0,-0.009626323,0.10526315867900848,0.087649405002594,0.07482992857694626
YOR262W,YPL168W,0,-0.009919027,0.10513739287853241,0.087649405002594,0.07492997497320175
YMR110C,YNL214W,0,-0.010069588,0.10501193255186081,0.087649405002594,0.07503001391887665
YIL119C,YFR016C,0,-0.010123728,0.10488677024841309,0.087649405002594,0.07513005286455154
YER133W,YBR126C,1,-0.010161096,0.10595238208770752,0.08864542096853256,0.07513005286455154
YPL171C,YGL064C,0,-0.010171251,0.10582640022039413,0.08864542096853256,0.07523009181022644
YLL018C,YIL154C,0,-0.010418834,0.10570070892572403,0.08864542096853256,0.07533013075590134
YJL045W,YGR122W,0,-0.010443399,0.1055753231048584,0.08864542096853256,0.07543016970157623
YOL121C,YAL051W,0,-0.010476785,0.10545023530721664,0.08864542096853256,0.07553020864725113
YHR142W,YNR055C,0,-0.010743806,0.10532544553279877,0.08864542096853256,0.07563025504350662
YBR189W,YLR001C,0,-0.010745658,0.10520094633102417,0.08864542096853256,0.07573029398918152
YAL048C,YHR138C,0,-0.010753067,0.10507674515247345,0.08864542096853256,0.07583033293485641
YJR110W,YNL128W,1,-0.010758454,0.10613207519054413,0.08964143693447113,0.07583033293485641
YER142C,YOL121C,0,-0.010812635,0.10600706934928894,0.08964143693447113,0.07593037188053131
YBR091C,YNL063W,0,-0.01099346,0.10588235408067703,0.08964143693447113,0.07603041082620621
YPL004C,YEL048C,0,-0.011007661,0.1057579293847084,0.08964143693447113,0.0761304497718811
YMR059W,YMR313C,0,-0.011014478,0.10563380271196365,0.08964143693447113,0.076230488717556
YNL076W,YBL005W,0,-0.011051262,0.10550996661186218,0.08964143693447113,0.07633053511381149
YDL220C,YER167W,0,-0.011074284,0.1053864136338234,0.08964143693447113,0.07643057405948639
YEL019C,YDR176W,0,-0.01122761,0.10526315867900848,0.08964143693447113,0.07653061300516129
YDR386W,YGR138C,0,-0.011241386,0.10514018684625626,0.08964143693447113,0.07663065195083618
YBL100W-B,YKL051W,0,-0.011361742,0.10501750558614731,0.08964143693447113,0.07673069089651108
YOR101W,YPL061W,0,-0.011493864,0.10489510744810104,0.08964143693447113,0.07683072984218597
YLR004C,YOR081C,0,-0.011495793,0.10477299243211746,0.08964143693447113,0.07693076878786087
YDR280W,YER123W,0,-0.011764167,0.10465116053819656,0.08964143693447113,0.07703081518411636
YPL203W,YPR046W,0,-0.011773193,0.10452961921691895,0.08964143693447113,0.07713085412979126
YMR313C,YNL066W,0,-0.011934796,0.10440835356712341,0.08964143693447113,0.07723089307546616
YPR071W,YDL145C,0,-0.012062492,0.10428737103939056,0.08964143693447113,0.07733093202114105
YLR044C,YFR034C,0,-0.012336951,0.1041666641831398,0.08964143693447113,0.07743097096681595
YML100W,YGR123C,1,-0.012360567,0.10520230978727341,0.0906374529004097,0.07743097096681595
YNL199C,YKR031C,0,-0.012466567,0.10508082807064056,0.0906374529004097,0.07753100991249084
YMR192W,YML067C,0,-0.012726406,0.1049596294760704,0.0906374529004097,0.07763104885816574
YIL113W,YBR092C,1,-0.01275103,0.10599078238010406,0.09163346886634827,0.07763104885816574
YDR067C,YNL010W,1,-0.012921231,0.1070195659995079,0.09262948483228683,0.07763104885816574
YOR091W,YMR035W,0,-0.012929479,0.1068965494632721,0.09262948483228683,0.07773109525442123
YGR123C,YOR131C,1,-0.013011837,0.10792192816734314,0.0936255007982254,0.07773109525442123
YKL039W,YBR028C,0,-0.013181189,0.10779816657304764,0.0936255007982254,0.07783113420009613
YFR014C,YER127W,0,-0.013355771,0.10767468810081482,0.0936255007982254,0.07793117314577103
YOR158W,YNR059W,0,-0.013427461,0.10755148530006409,0.0936255007982254,0.07803121209144592
YPL120W,YOL069W,0,-0.013475308,0.10742857307195663,0.0936255007982254,0.07813125103712082
YFR025C,YJL098W,1,-0.013502965,0.10844749212265015,0.09462151676416397,0.07813125103712082
YJR153W,YGL107C,0,-0.013699712,0.108323834836483,0.09462151676416397,0.07823128998279572
YCR065W,YPL135W,0,-0.014233509,0.10820045322179794,0.09462151676416397,0.07833132892847061
YMR063W,YER005W,0,-0.014650846,0.10807736217975616,0.09462151676416397,0.0784313753247261
YOR320C,YGR044C,0,-0.014721902,0.10795454680919647,0.09462151676416397,0.078531414270401
YOR262W,YGL053W,0,-0.014767656,0.10783200711011887,0.09462151676416397,0.0786314532160759
YER056C,YFR050C,0,-0.014825517,0.10770975053310394,0.09462151676416397,0.0787314921617508
YNL145W,YBR208C,0,-0.014859842,0.1075877696275711,0.09462151676416397,0.07883153110742569
YMR232W,YHR142W,0,-0.014917361,0.10746606439352036,0.09462151676416397,0.07893157005310059
YDR323C,YDR244W,0,-0.015054757,0.10734463483095169,0.09462151676416397,0.07903160899877548
YDL247W,YNL180C,0,-0.015089566,0.10722347348928452,0.09462151676416397,0.07913165539503098
YKL048C,YNR033W,0,-0.015147084,0.10710259526968002,0.09462151676416397,0.07923169434070587
YMR243C,YHR096C,0,-0.015177885,0.10698198527097702,0.09462151676416397,0.07933173328638077
YDR381W,YBR162C,0,-0.015194723,0.1068616434931755,0.09462151676416397,0.07943177223205566
YMR063W,YNL214W,0,-0.01523901,0.10674156993627548,0.09462151676416397,0.07953181117773056
YPR134W,YDR179C,0,-0.01524345,0.10662177205085754,0.09462151676416397,0.07963185012340546
YNL099C,YMR261C,1,-0.015462467,0.10762331634759903,0.09561753273010254,0.07963185012340546
YCR105W,YOR026W,0,-0.015549602,0.10750280320644379,0.09561753273010254,0.07973188906908035
YLR260W,YJL208C,0,-0.015569437,0.10738255083560944,0.09561753273010254,0.07983193546533585
YFR024C-A,YNR038W,0,-0.015818903,0.10726256668567657,0.09561753273010254,0.07993197441101074
YGR224W,YCR038C,0,-0.015851872,0.1071428582072258,0.09561753273010254,0.08003201335668564
YDR074W,YHR076W,1,-0.016078243,0.10813824087381363,0.09661354869604111,0.08003201335668564
YBR065C,YAL026C,0,-0.016159544,0.10801781713962555,0.09661354869604111,0.08013205230236053
YPR003C,YBR146W,0,-0.016228015,0.10789766162633896,0.09661354869604111,0.08023209124803543
YLR019W,YDL047W,1,-0.016307423,0.1088888868689537,0.09760956466197968,0.08023209124803543
YDR212W,YLR377C,0,-0.016312683,0.1087680384516716,0.09760956466197968,0.08033213019371033
YPR010C,YLR259C,0,-0.016364032,0.10864745080471039,0.09760956466197968,0.08043217658996582
YDR067C,YOR090C,1,-0.016663158,0.10963454842567444,0.09860558062791824,0.08043217658996582
YGR030C,YCR106W,0,-0.016785624,0.10951327532529831,0.09860558062791824,0.08053221553564072
YER041W,YDR200C,0,-0.01683263,0.10939226299524307,0.09860558062791824,0.08063225448131561
YLR259C,YGR296W,0,-0.01705986,0.10927152633666992,0.09860558062791824,0.08073229342699051
YDR287W,YBR162C,0,-0.017097319,0.10915105044841766,0.09860558062791824,0.0808323323726654
YKR096W,YNL031C,0,-0.01716526,0.1090308353304863,0.09860558062791824,0.0809323713183403
YIL002C,YMR165C,1,-0.017311284,0.11001100391149521,0.09960159659385681,0.0809323713183403
YDR407C,YNL038W,0,-0.017314093,0.10989011079072952,0.09960159659385681,0.0810324102640152
YJL110C,YCL068C,0,-0.017364519,0.10976948589086533,0.09960159659385681,0.08113245666027069
YOL126C,YJR118C,0,-0.01738169,0.10964912176132202,0.09960159659385681,0.08123249560594559
YLR093C,YDR045C,0,-0.017442161,0.1095290258526802,0.09960159659385681,0.08133253455162048
YNL328C,YHR103W,0,-0.01751239,0.10940919071435928,0.09960159659385681,0.08143257349729538
YDR367W,YDR028C,0,-0.017639423,0.10928961634635925,0.09960159659385681,0.08153261244297028
YBR093C,YDR074W,1,-0.017817656,0.11026200652122498,0.10059761255979538,0.08153261244297028
YKR031C,YDR384C,0,-0.017839422,0.11014176905155182,0.10059761255979538,0.08163265138864517
YNL023C,YPR071W,0,-0.017909618,0.11002178490161896,0.10059761255979538,0.08173269033432007
YER023W,YDR284C,0,-0.018263722,0.10990206897258759,0.10059761255979538,0.08183273673057556
YCR045C,YPR017C,0,-0.018307636,0.10978260636329651,0.10059761255979538,0.08193277567625046
YFR027W,YDL018C,0,-0.018374475,0.10966341197490692,0.10059761255979538,0.08203281462192535
YLR315W,YJL003W,0,-0.0184403,0.10954447090625763,0.10059761255979538,0.08213285356760025
YDR545W,YKL081W,0,-0.018470956,0.10942578315734863,0.10059761255979538,0.08223289251327515
YFR050C,YDR384C,0,-0.018710503,0.10930735617876053,0.10059761255979538,0.08233293145895004
YLR377C,YBR101C,0,-0.018776173,0.10918918997049332,0.10059761255979538,0.08243297040462494
YOL042W,YOR250C,0,-0.018884005,0.1090712770819664,0.10059761255979538,0.08253301680088043
YLR083C,YER038C,0,-0.018995965,0.10895361751317978,0.10059761255979538,0.08263305574655533
YKL191W,YLR067C,0,-0.019021602,0.10883620381355286,0.10059761255979538,0.08273309469223022
YOR253W,YPR199C,0,-0.01918807,0.10871905088424683,0.10059761255979538,0.08283313363790512
YOL069W,YPR100W,0,-0.019489722,0.10860215127468109,0.10059761255979538,0.08293317258358002
YOR027W,YMR118C,0,-0.019578675,0.10848549753427505,0.10059761255979538,0.08303321152925491
YOR207C,YBL100W-B,0,-0.019599466,0.10836909711360931,0.10059761255979538,0.08313325047492981
YOR258W,YBL031W,0,-0.01967446,0.10825295001268387,0.10059761255979538,0.0832332968711853
YOR018W,YGL070C,0,-0.019723328,0.10813704133033752,0.10059761255979538,0.0833333358168602
YMR165C,YMR277W,1,-0.019745896,0.1090909093618393,0.10159362852573395,0.0833333358168602
YGL104C,YNL130C,0,-0.019785294,0.10897435992956161,0.10159362852573395,0.0834333747625351
YMR050C,YDR437W,0,-0.020116905,0.10885805636644363,0.10159362852573395,0.08353341370820999
YNL286W,YPL135W,0,-0.02015053,0.10874200612306595,0.10159362852573395,0.08363345265388489
YPR154W,YOR189W,0,-0.020165691,0.10862620174884796,0.10159362852573395,0.08373349159955978
YOL154W,YBL007C,0,-0.020211743,0.10851063579320908,0.10159362852573395,0.08383353054523468
YPR095C,YLR247C,0,-0.020273501,0.10839532315731049,0.10159362852573395,0.08393357694149017
YLR102C,YGL070C,0,-0.020322094,0.1082802563905716,0.10159362852573395,0.08403361588716507
YBR038W,YLR258W,0,-0.020339245,0.1081654280424118,0.10159362852573395,0.08413365483283997
YAL011W,YDR108W,0,-0.020463103,0.10805084556341171,0.10159362852573395,0.08423369377851486
YNL222W,YER089C,1,-0.02074338,0.10899470746517181,0.10258964449167252,0.08423369377851486
YNL194C,YGR129W,0,-0.020919228,0.10887949168682098,0.10258964449167252,0.08433373272418976
YKL006C-A,YNL287W,0,-0.020948216,0.10876452177762985,0.10258964449167252,0.08443377166986465
YGR142W,YLR435W,0,-0.021006158,0.10864979028701782,0.10258964449167252,0.08453381061553955
YHR158C,YPL224C,0,-0.021015787,0.1085352972149849,0.10258964449167252,0.08463385701179504
YDL145C,YLR435W,0,-0.021279791,0.10842105001211166,0.10258964449167252,0.08473389595746994
YFL025C,YDR005C,0,-0.021488795,0.10830704867839813,0.10258964449167252,0.08483393490314484
YDR108W,YJL216C,0,-0.021687062,0.1081932783126831,0.10258964449167252,0.08493397384881973
YHR035W,YGR224W,0,-0.021690572,0.10807974636554718,0.10258964449167252,0.08503401279449463
YDR025W,YBR146W,0,-0.021816852,0.10796646028757095,0.10258964449167252,0.08513405174016953
YPR003C,YLR432W,0,-0.021985358,0.10785340517759323,0.10258964449167252,0.08523409068584442
YDR148C,YML082W,0,-0.022394957,0.10774058848619461,0.10258964449167252,0.08533413708209991
YPL235W,YDL149W,0,-0.022427773,0.1076280027627945,0.10258964449167252,0.08543417602777481
YJR046W,YER060W,0,-0.022446966,0.10751565545797348,0.10258964449167252,0.08553421497344971
YPR095C,YER081W,0,-0.02299858,0.10740354657173157,0.10258964449167252,0.0856342539191246
YML041C,YLR451W,0,-0.023037227,0.10729166865348816,0.10258964449167252,0.0857342928647995
YPL193W,YOL051W,0,-0.023363927,0.10718002170324326,0.10258964449167252,0.0858343318104744
YPL280W,YLR017W,0,-0.02341658,0.10706860572099686,0.10258964449167252,0.08593437075614929
YEL020W-A,YLR058C,0,-0.023425205,0.10695742815732956,0.10258964449167252,0.08603441715240479
YLR315W,YLR259C,0,-0.023468243,0.10684647411108017,0.10258964449167252,0.08613445609807968
YAL028W,YNR019W,0,-0.023786793,0.10673575103282928,0.10258964449167252,0.08623449504375458
YDR490C,YER127W,0,-0.023860557,0.1066252589225769,0.10258964449167252,0.08633453398942947
YPR057W,YER178W,0,-0.023922095,0.10651499778032303,0.10258964449167252,0.08643457293510437
YOR267C,YPL043W,0,-0.024161378,0.10640496015548706,0.10258964449167252,0.08653461188077927
YHL028W,YBR091C,0,-0.024220848,0.106295146048069,0.10258964449167252,0.08663465082645416
YNL024C,YLR115W,0,-0.02430738,0.10618557035923004,0.10258964449167252,0.08673469722270966
YGR205W,YMR230W,0,-0.024311548,0.1060762107372284,0.10258964449167252,0.08683473616838455
YER109C,YHR190W,0,-0.024336616,0.10596707463264465,0.10258964449167252,0.08693477511405945
YAL009W,YBL056W,1,-0.024375508,0.10688591748476028,0.10358566045761108,0.08693477511405945
YFL061W,YOL032W,0,-0.02470711,0.1067761778831482,0.10358566045761108,0.08703481405973434
YDR481C,YER089C,1,-0.024759227,0.10769230872392654,0.10458167642354965,0.08703481405973434
YBR218C,YOR341W,0,-0.024770262,0.1075819656252861,0.10458167642354965,0.08713485300540924
YOR065W,YKR079C,0,-0.024824234,0.10747185349464417,0.10458167642354965,0.08723489195108414
YMR072W,YHR138C,0,-0.02487939,0.10736196488142014,0.10458167642354965,0.08733493089675903
YOL011W,YJR108W,0,-0.025083529,0.10725229978561401,0.10458167642354965,0.08743497729301453
YNL243W,YGL226W,0,-0.025260651,0.1071428582072258,0.10458167642354965,0.08753501623868942
YML004C,YDL135C,0,-0.025375858,0.1070336401462555,0.10458167642354965,0.08763505518436432
YOR267C,YDR375C,0,-0.025452206,0.1069246456027031,0.10458167642354965,0.08773509413003922
YER149C,YLR259C,0,-0.025522398,0.106815867125988,0.10458167642354965,0.08783513307571411
YMR110C,YPL207W,0,-0.025551597,0.10670731961727142,0.10458167642354965,0.08793517202138901
YOR087W,YJR123W,0,-0.025742726,0.10659898817539215,0.10458167642354965,0.0880352109670639
YGL006W,YPL063W,0,-0.025947975,0.10649087280035019,0.10458167642354965,0.0881352573633194
YBR085W,YBR065C,0,-0.025983708,0.10638298094272614,0.10458167642354965,0.0882352963089943
YNL142W,YMR183C,0,-0.026314592,0.10627530515193939,0.10458167642354965,0.08833533525466919
YLR377C,YDL047W,1,-0.02637625,0.10717897117137909,0.10557769238948822,0.08833533525466919
YOR253W,YNR037C,0,-0.026401715,0.10707070678472519,0.10557769238948822,0.08843537420034409
YOL059W,YIL167W,0,-0.026434807,0.1069626659154892,0.10557769238948822,0.08853541314601898
YOL144W,YML057W,0,-0.026466766,0.10685484111309052,0.10557769238948822,0.08863545209169388
YLR052W,YBR005W,0,-0.026563624,0.10674723237752914,0.10557769238948822,0.08873549103736877
YDR111C,YMR225C,0,-0.026634479,0.10663983970880508,0.10557769238948822,0.08883553743362427
YOR117W,YLL014W,0,-0.026650006,0.10653266310691833,0.10557769238948822,0.08893557637929916
YGR211W,YDR273W,0,-0.026694724,0.1064257025718689,0.10557769238948822,0.08903561532497406
YPL141C,YBR043C,0,-0.026868174,0.10631895810365677,0.10557769238948822,0.08913565427064896
YIL098C,YLR059C,0,-0.027173819,0.10621242225170135,0.10557769238948822,0.08923569321632385
YDR471W,YLR382C,0,-0.027251953,0.10610610246658325,0.10557769238948822,0.08933573216199875
YMR059W,YJL167W,0,-0.027270684,0.10599999874830246,0.10557769238948822,0.08943577110767365
YMR180C,YDL134C,1,-0.02746197,0.10689310729503632,0.10657370835542679,0.08943577110767365
YDR025W,YAL051W,0,-0.027767582,0.10678642988204956,0.10657370835542679,0.08953581750392914
YER179W,YDR435C,0,-0.028395066,0.10667996108531952,0.10657370835542679,0.08963585644960403
YDR201W,YDR041W,0,-0.028404424,0.10657370835542679,0.10657370835542679,0.08973589539527893
YHR046C,YLR345W,1,-0.028471151,0.10746268928050995,0.10756972432136536,0.08973589539527893
YDR375C,YFR034C,0,-0.028705234,0.10735586285591125,0.10756972432136536,0.08983593434095383
YAL011W,YDR100W,0,-0.028881678,0.10724925249814987,0.10756972432136536,0.08993597328662872
YML021C,YAL015C,0,-0.029120693,0.1071428582072258,0.10756972432136536,0.09003601223230362
YGL115W,YDR359C,0,-0.029219242,0.10703667253255844,0.10756972432136536,0.09013605117797852
YGL229C,YER089C,1,-0.029379467,0.10792079567909241,0.10856574028730392,0.09013605117797852
YPR003C,YPL006W,0,-0.0293986,0.10781404376029968,0.10856574028730392,0.09023609757423401
YJL078C,YPL239W,0,-0.02967714,0.10770750790834427,0.10856574028730392,0.0903361365199089
YER028C,YDR437W,0,-0.029699663,0.10760118812322617,0.10856574028730392,0.0904361754655838
YNL183C,YFR038W,0,-0.029726513,0.10749506950378418,0.10856574028730392,0.0905362144112587
YDL175C,YDR235W,0,-0.029791828,0.10738915950059891,0.10856574028730392,0.0906362533569336
YER041W,YDR434W,0,-0.030036153,0.10728346556425095,0.10856574028730392,0.09073629230260849
YNL318C,YHL050C,0,-0.030273886,0.1071779727935791,0.10856574028730392,0.09083633124828339
YBL035C,YLR067C,0,-0.030677775,0.10707268863916397,0.10856574028730392,0.09093637764453888
YEL032W,YPR133C,0,-0.030702988,0.10696761310100555,0.10856574028730392,0.09103641659021378
YOR266W,YOR113W,0,-0.030739622,0.10686274617910385,0.10856574028730392,0.09113645553588867
YNL024C,YGR142W,0,-0.03079894,0.10675808042287827,0.10856574028730392,0.09123649448156357
YDR361C,YGL219C,0,-0.031027535,0.1066536232829094,0.10856574028730392,0.09133653342723846
YOR091W,YJL003W,0,-0.031058123,0.10654936730861664,0.10856574028730392,0.09143657237291336
YDR178W,YGL198W,0,-0.031137595,0.1064453125,0.10856574028730392,0.09153661131858826
YDL175C,YLR248W,0,-0.03142751,0.10634146630764008,0.10856574028730392,0.09163665771484375
YFR014C,YNL164C,0,-0.03146355,0.10623781383037567,0.10856574028730392,0.09173669666051865
YPL115C,YDR516C,0,-0.031731404,0.10613436996936798,0.10856574028730392,0.09183673560619354
YBR005W,YPL076W,0,-0.031982876,0.10603112727403641,0.10856574028730392,0.09193677455186844
YFR040W,YNL032W,1,-0.032112844,0.10689990222454071,0.10956175625324249,0.09193677455186844
YFR049W,YIL018W,0,-0.03251589,0.10679611563682556,0.10956175625324249,0.09203681349754333
YJR073C,YDL211C,0,-0.032556023,0.10669253021478653,0.10956175625324249,0.09213685244321823
YLR315W,YDL124W,0,-0.032611463,0.10658914595842361,0.10956175625324249,0.09223689138889313
YJL059W,YPR155C,0,-0.03280873,0.10648596286773682,0.10956175625324249,0.09233693778514862
YKR075C,YHR024C,0,-0.0328845,0.10638298094272614,0.10956175625324249,0.09243697673082352
YOR192C,YPL075W,0,-0.03290198,0.10628019273281097,0.10956175625324249,0.09253701567649841
YLR315W,YGL171W,0,-0.03298044,0.10617760568857193,0.10956175625324249,0.09263705462217331
YNL142W,YER149C,0,-0.033243913,0.106075219810009,0.10956175625324249,0.0927370935678482
YNL181W,YCR035C,0,-0.033258535,0.1059730276465416,0.10956175625324249,0.0928371325135231
YBL007C,YLR056W,0,-0.033304773,0.10587102919816971,0.10956175625324249,0.092937171459198
YPR017C,YOR260W,0,-0.03332978,0.10576923191547394,0.10956175625324249,0.09303721785545349
YML021C,YOR156C,0,-0.033338077,0.10566762834787369,0.10956175625324249,0.09313725680112839
YPL036W,YPL130W,0,-0.033431135,0.10556621849536896,0.10956175625324249,0.09323729574680328
YJR073C,YIL018W,0,-0.033477686,0.10546500235795975,0.10956175625324249,0.09333733469247818
YLR075W,YHR138C,0,-0.033517778,0.10536398738622665,0.10956175625324249,0.09343737363815308
YOL154W,YPR180W,0,-0.033635877,0.10526315867900848,0.10956175625324249,0.09353741258382797
YFL011W,YJL180C,0,-0.03373161,0.10516252368688583,0.10956175625324249,0.09363745152950287
YJR108W,YJL168C,0,-0.03392239,0.1050620824098587,0.10956175625324249,0.09373749792575836
YNL056W,YNL318C,0,-0.034120925,0.1049618348479271,0.10956175625324249,0.09383753687143326
YOL122C,YPR134W,0,-0.03414148,0.1048617735505104,0.10956175625324249,0.09393757581710815
YHR108W,YIL064W,0,-0.034462906,0.10476190596818924,0.10956175625324249,0.09403761476278305
YKR093W,YGR004W,0,-0.034476057,0.104662224650383,0.10956175625324249,0.09413765370845795
YGL025C,YNL287W,0,-0.034633525,0.10456273704767227,0.10956175625324249,0.09423769265413284
YDR490C,YGL189C,0,-0.034634914,0.10446343570947647,0.10956175625324249,0.09433773159980774
YHR073W,YKL099C,0,-0.034717664,0.10436432808637619,0.10956175625324249,0.09443777799606323
YER127W,YCL039W,0,-0.034731828,0.10426539927721024,0.10956175625324249,0.09453781694173813
YNR032W,YJL134W,1,-0.034733005,0.10511363297700882,0.11055777221918106,0.09453781694173813
YIL052C,YOR065W,0,-0.034746744,0.10501419007778168,0.11055777221918106,0.09463785588741302
YJR131W,YKL134C,0,-0.034840636,0.10491493344306946,0.11055777221918106,0.09473789483308792
YLR288C,YHL021C,0,-0.034844674,0.10481586307287216,0.11055777221918106,0.09483793377876282
YCR045C,YDL235C,0,-0.034858637,0.10471697896718979,0.11055777221918106,0.09493797272443771
YLR433C,YHR043C,1,-0.035296455,0.1055607944726944,0.11155378818511963,0.09493797272443771
YOR087W,YGL139W,0,-0.035360105,0.10546139627695084,0.11155378818511963,0.09503801167011261
YMR232W,YJL173C,0,-0.035620123,0.1053621843457222,0.11155378818511963,0.0951380580663681
YDR160W,YDR273W,0,-0.035690486,0.10526315867900848,0.11155378818511963,0.095238097012043
YLR411W,YOR060C,0,-0.035701133,0.10516431927680969,0.11155378818511963,0.0953381359577179
YLR118C,YPR134W,0,-0.035847075,0.10506566613912582,0.11155378818511963,0.09543817490339279
YBR180W,YNL068C,0,-0.035865314,0.10496719926595688,0.11155378818511963,0.09553821384906769
YHR103W,YNL164C,0,-0.036057062,0.10486891120672226,0.11155378818511963,0.09563825279474258
YIL013C,YBR069C,0,-0.036183067,0.10477081686258316,0.11155378818511963,0.09573829174041748
YDR057W,YDL139C,0,-0.03635793,0.10467289388179779,0.11155378818511963,0.09583833813667297
YHR110W,YHL035C,0,-0.03645449,0.10457516461610794,0.11155378818511963,0.09593837708234787
YCL044C,YGL139W,0,-0.036464937,0.10447761416435242,0.11155378818511963,0.09603841602802277
YCR107W,YDR057W,0,-0.036559865,0.10438024252653122,0.11155378818511963,0.09613845497369766
YJR123W,YDR246W,0,-0.036579255,0.10428305715322495,0.11155378818511963,0.09623849391937256
YOR026W,YLR263W,0,-0.036724426,0.1041860431432724,0.11155378818511963,0.09633853286504745
YFR025C,YOR113W,0,-0.036911163,0.10408922284841537,0.11155378818511963,0.09643857181072235
YDR427W,YML016C,0,-0.03692413,0.10399257391691208,0.11155378818511963,0.09653861820697784
YPL133C,YDR386W,0,-0.037002094,0.10389610379934311,0.11155378818511963,0.09663865715265274
YNL263C,YGL087C,0,-0.037284702,0.10379981249570847,0.11155378818511963,0.09673869609832764
YIL038C,YKL051W,0,-0.03731025,0.10370370000600815,0.11155378818511963,0.09683873504400253
YPL168W,YBR181C,0,-0.03747186,0.10360777378082275,0.11155378818511963,0.09693877398967743
YER062C,YMR118C,0,-0.03752977,0.10351201146841049,0.11155378818511963,0.09703881293535233
YJL173C,YBL005W,0,-0.037603453,0.10341643542051315,0.11155378818511963,0.09713885188102722
YHR185C,YOR132W,0,-0.037622787,0.10332103073596954,0.11155378818511963,0.09723889827728271
YDR243C,YDL243C,0,-0.037633322,0.10322580486536026,0.11155378818511963,0.09733893722295761
YMR262W,YDL012C,0,-0.037727587,0.1031307578086853,0.11155378818511963,0.09743897616863251
YMR318C,YBL063W,0,-0.03781963,0.10303588211536407,0.11155378818511963,0.0975390151143074
YOR330C,YER129W,0,-0.037840925,0.10294117778539658,0.11155378818511963,0.0976390540599823
YDR407C,YEL006W,0,-0.037939258,0.1028466448187828,0.11155378818511963,0.0977390930056572
YLR345W,YGR120C,0,-0.037961975,0.10275229066610336,0.11155378818511963,0.09783913195133209
YMR192W,YBL025W,0,-0.038055442,0.10265811532735825,0.11155378818511963,0.09793917834758759
YGL070C,YLR299W,0,-0.038127623,0.10256410390138626,0.11155378818511963,0.09803921729326248
YLR193C,YBL014C,0,-0.038153354,0.102470263838768,0.11155378818511963,0.09813925623893738
YFR038W,YIL011W,0,-0.03830027,0.10237660259008408,0.11155378818511963,0.09823929518461227
YPL137C,YPL145C,0,-0.038322,0.10228310525417328,0.11155378818511963,0.09833933413028717
YHR201C,YNL133C,0,-0.038468823,0.10218977928161621,0.11155378818511963,0.09843937307596207
YBR189W,YBR065C,0,-0.03853035,0.10209662467241287,0.11155378818511963,0.09853941947221756
YNL222W,YOL064C,1,-0.038550545,0.10291439294815063,0.1125498041510582,0.09853941947221756
YDR463W,YHR110W,0,-0.03868012,0.1028207466006279,0.1125498041510582,0.09863945841789246
YHR110W,YPL189W,0,-0.038762726,0.10272727161645889,0.1125498041510582,0.09873949736356735
YNL054W,YGL129C,0,-0.03881914,0.10263396799564362,0.1125498041510582,0.09883953630924225
YIL068C,YPL075W,0,-0.038995422,0.10254083573818207,0.1125498041510582,0.09893957525491714
YJR123W,YDR040C,0,-0.039011884,0.10244786739349365,0.1125498041510582,0.09903961420059204
YPR110C,YJL174W,0,-0.039014943,0.10235507041215897,0.1125498041510582,0.09913965314626694
YMR165C,YOR155C,1,-0.03918863,0.10316742211580276,0.11354582011699677,0.09913965314626694
YFR024C-A,YAL056W,0,-0.03922361,0.10307414084672928,0.11354582011699677,0.09923969954252243
YPL239W,YOR086C,0,-0.039423503,0.10298103094100952,0.11354582011699677,0.09933973848819733
YLR239C,YEL044W,0,-0.03943219,0.1028880849480629,0.11354582011699677,0.09943977743387222
YMR048W,YER040W,0,-0.039437957,0.10279531031847,0.11354582011699677,0.09953981637954712
YER155C,YPL221W,0,-0.03944861,0.10270269960165024,0.11354582011699677,0.09963985532522202
YLR175W,YIL062C,0,-0.039474003,0.1026102602481842,0.11354582011699677,0.09973989427089691
YLR426W,YPR148C,0,-0.039498277,0.1025179848074913,0.11354582011699677,0.09983993321657181
YHR043C,YEL038W,1,-0.039738335,0.10332434624433517,0.11454183608293533,0.09983993321657181
YER072W,YPL040C,0,-0.03978712,0.10323160141706467,0.11454183608293533,0.0999399796128273
YOR193W,YNL094W,0,-0.039833292,0.1031390130519867,0.11454183608293533,0.1000400185585022
YPR120C,YPR086W,0,-0.039833654,0.10304659605026245,0.11454183608293533,0.1001400575041771
YBR276C,YOR208W,1,-0.039915398,0.10384959727525711,0.1155378520488739,0.1001400575041771
YOR158W,YKL114C,0,-0.03994704,0.10375671088695526,0.1155378520488739,0.10024009644985199
YPL198W,YKR031C,0,-0.040358245,0.10366398841142654,0.1155378520488739,0.10034013539552689
YGL190C,YDR481C,1,-0.040490247,0.10446428507566452,0.11653386801481247,0.10034013539552689
YDL209C,YLL021W,0,-0.04050491,0.1043711006641388,0.11653386801481247,0.10044017434120178
YBR272C,YDL012C,0,-0.04056959,0.1042780727148056,0.11653386801481247,0.10054021328687668
YDR280W,YNL288W,0,-0.040604375,0.10418521612882614,0.11653386801481247,0.10064025968313217
YGR174C,YEL032W,0,-0.040638514,0.10409252345561981,0.11653386801481247,0.10074029862880707
YGR212W,YAL011W,0,-0.040653832,0.10400000214576721,0.11653386801481247,0.10084033757448196
YIR031C,YFR030W,0,-0.040858634,0.10390763729810715,0.11653386801481247,0.10094037652015686
YOR045W,YGL144C,0,-0.04123499,0.10381543636322021,0.11653386801481247,0.10104041546583176
YOR236W,YGL240W,0,-0.04124147,0.10372340679168701,0.11653386801481247,0.10114045441150665
YLR102C,YOR247W,0,-0.041371115,0.10363153368234634,0.11653386801481247,0.10124049335718155
YNL156C,YNL180C,0,-0.041555174,0.10353982448577881,0.11653386801481247,0.10134053975343704
YNR032C-A,YHR006W,0,-0.04174195,0.1034482792019844,0.11653386801481247,0.10144057869911194
YOL023W,YNL216W,0,-0.04219939,0.10335689038038254,0.11653386801481247,0.10154061764478683
YJR048W,YKR064W,0,-0.042248696,0.1032656654715538,0.11653386801481247,0.10164065659046173
YML004C,YNL132W,0,-0.04237444,0.1031746044754982,0.11653386801481247,0.10174069553613663
YLR377C,YFL049W,0,-0.042396247,0.10308369994163513,0.11653386801481247,0.10184073448181152
YBR114W,YJR150C,0,-0.04240273,0.1029929593205452,0.11653386801481247,0.10194077342748642
YDL124W,YDR381W,0,-0.04248915,0.1029023751616478,0.11653386801481247,0.10204081982374191
YGR254W,YDR386W,0,-0.04249484,0.10281194746494293,0.11653386801481247,0.10214085876941681
YIL013C,YOL095C,0,-0.04250134,0.1027216836810112,0.11653386801481247,0.1022408977150917
YDR004W,YBR112C,0,-0.042979605,0.102631576359272,0.11653386801481247,0.1023409366607666
YPR134W,YOR195W,0,-0.042990535,0.10254163295030594,0.11653386801481247,0.1024409756064415
YPL036W,YLR259C,0,-0.04327589,0.10245183855295181,0.11653386801481247,0.1025410145521164
YML092C,YDR284C,0,-0.04336196,0.10236220806837082,0.11653386801481247,0.10264105349779129
YLR193C,YNL068C,0,-0.043476727,0.10227272659540176,0.11653386801481247,0.10274109989404678
YOR087W,YOR034C,0,-0.043491922,0.10218340903520584,0.11653386801481247,0.10284113883972168
YHR165C,YNR019W,0,-0.043512903,0.10209424048662186,0.11653386801481247,0.10294117778539658
YDL072C,YDR243C,0,-0.04370798,0.10200522840023041,0.11653386801481247,0.10304121673107147
YKR027W,YLR259C,0,-0.04378415,0.1019163727760315,0.11653386801481247,0.10314125567674637
YJL110C,YDR437W,0,-0.043826737,0.10182767361402512,0.11653386801481247,0.10324129462242126
YGR046W,YLR363C,0,-0.043893553,0.10173913091421127,0.11653386801481247,0.10334133356809616
YKL194C,YKR075C,0,-0.043904793,0.10165073722600937,0.11653386801481247,0.10344137996435165
YER142C,YGR083C,0,-0.04396998,0.1015625,0.11653386801481247,0.10354141891002655
YPL133C,YML102W,0,-0.043971024,0.10147441178560257,0.11653386801481247,0.10364145785570145
YGR165W,YDR395W,0,-0.04399035,0.10138648003339767,0.11653386801481247,0.10374149680137634
YJL216C,YPL135W,0,-0.04419952,0.10129870474338531,0.11653386801481247,0.10384153574705124
YKR093W,YDR516C,0,-0.044217758,0.1012110710144043,0.11653386801481247,0.10394157469272614
YJR120W,YFR014C,0,-0.04431937,0.10112359374761581,0.11653386801481247,0.10404161363840103
YOR192C,YHR149C,0,-0.04439002,0.10103627294301987,0.11653386801481247,0.10414166003465652
YAL011W,YJR035W,0,-0.04457035,0.10094909369945526,0.11653386801481247,0.10424169898033142
YBR005W,YMR207C,0,-0.044692278,0.10086207091808319,0.11653386801481247,0.10434173792600632
YML067C,YOR383C,0,-0.044814277,0.10077519714832306,0.11653386801481247,0.10444177687168121
YPL058C,YKL077W,0,-0.04495462,0.10068846493959427,0.11653386801481247,0.10454181581735611
YMR076C,YGL028C,0,-0.045026734,0.10060188919305801,0.11653386801481247,0.104641854763031
YLR006C,YML059C,0,-0.04516448,0.1005154624581337,0.11653386801481247,0.1047418937087059
YOR009W,YNL278W,0,-0.04525111,0.10042918473482132,0.11653386801481247,0.1048419401049614
YPR034W,YKR034W,0,-0.04543737,0.10034305602312088,0.11653386801481247,0.10494197905063629
YMR059W,YDL209C,0,-0.04545937,0.10025706887245178,0.11653386801481247,0.10504201799631119
YHR185C,YLR259C,0,-0.04562161,0.10017123073339462,0.11653386801481247,0.10514205694198608
YDL134C,YHR076W,1,-0.04590316,0.10094097256660461,0.11752988398075104,0.10514205694198608
YOR250C,YPR131C,0,-0.0462384,0.10085470229387283,0.11752988398075104,0.10524209588766098
YGL151W,YNL029C,0,-0.046347257,0.1007685735821724,0.11752988398075104,0.10534213483333588
YNL286W,YLR019W,0,-0.046348162,0.10068259388208389,0.11752988398075104,0.10544217377901077
YAL048C,YFR025C,0,-0.046421356,0.10059676319360733,0.11752988398075104,0.10554222017526627
YJL181W,YMR110C,0,-0.046447188,0.10051107406616211,0.11752988398075104,0.10564225912094116
YCR016W,YLR466W,0,-0.046586215,0.10042553395032883,0.11752988398075104,0.10574229806661606
YFR027W,YIL087C,0,-0.04719592,0.10034013539552689,0.11752988398075104,0.10584233701229095
YBR181C,YGL151W,0,-0.04748705,0.10025488585233688,0.11752988398075104,0.10594237595796585
YDR190C,YBR168W,0,-0.04759144,0.10016977787017822,0.11752988398075104,0.10604241490364075
YHR215W,YOR208W,1,-0.047594253,0.10093299299478531,0.1185258999466896,0.10604241490364075
YER176W,YOR259C,0,-0.047695793,0.10084746032953262,0.1185258999466896,0.10614245384931564
YLR409C,YDL046W,0,-0.047734015,0.10076206922531128,0.1185258999466896,0.10624250024557114
YCR016W,YBR168W,0,-0.047929537,0.10067681968212128,0.1185258999466896,0.10634253919124603
YER142C,YKR088C,0,-0.047983326,0.10059171915054321,0.1185258999466896,0.10644257813692093
YOR334W,YPL126W,0,-0.04835201,0.10050676017999649,0.1185258999466896,0.10654261708259583
YEL038W,YOR155C,1,-0.04840771,0.10126582533121109,0.11952191591262817,0.10654261708259583
YIR026C,YDL006W,1,-0.04841482,0.10202360898256302,0.12051793187856674,0.10654261708259583
YOR236W,YGR165W,0,-0.04855295,0.1019376590847969,0.12051793187856674,0.10664265602827072
YDR482C,YOR132W,0,-0.04872249,0.10185185074806213,0.12051793187856674,0.10674269497394562
YJL057C,YDR361C,0,-0.04876692,0.1017661914229393,0.12051793187856674,0.10684273391962051
YGR040W,YPR086W,0,-0.049030453,0.10168067365884781,0.12051793187856674,0.10694278031587601
YOR032C,YNL214W,0,-0.049278222,0.10159529745578766,0.12051793187856674,0.1070428192615509
YER093C,YIL018W,0,-0.049315125,0.10151007026433945,0.12051793187856674,0.1071428582072258
YOR117W,YOL078W,0,-0.04934237,0.10142497718334198,0.12051793187856674,0.1072428971529007
YJL012C,YGL115W,0,-0.049439244,0.10134003311395645,0.12051793187856674,0.10734293609857559
YNL010W,YER089C,1,-0.049618088,0.10209205001592636,0.12151394784450531,0.10734293609857559
YOL098C,YDR398W,0,-0.04972317,0.1020066887140274,0.12151394784450531,0.10744297504425049
YNL031C,YCR063W,0,-0.04974609,0.10192146897315979,0.12151394784450531,0.10754301398992538
YOR016C,YIL154C,0,-0.049772717,0.10183639079332352,0.12151394784450531,0.10764306038618088
YPL280W,YMR242C,0,-0.049934246,0.10175146162509918,0.12151394784450531,0.10774309933185577
YOR018W,YPL156C,0,-0.050122328,0.10166666656732559,0.12151394784450531,0.10784313827753067
YBL056W,YGR082W,0,-0.050154127,0.10158201307058334,0.12151394784450531,0.10794317722320557
YDR435C,YLR451W,0,-0.05034418,0.10149750113487244,0.12151394784450531,0.10804321616888046
YER062C,YFR034C,0,-0.050346956,0.10141313076019287,0.12151394784450531,0.10814325511455536
YML098W,YAL051W,0,-0.05067371,0.10132890194654465,0.12151394784450531,0.10824329406023026
YPR073C,YOL065C,1,-0.050748773,0.10207469016313553,0.12250996381044388,0.10824329406023026
YGR235C,YHR154W,0,-0.050755046,0.10199005156755447,0.12250996381044388,0.10834334045648575
YLL031C,YDR545W,0,-0.050792933,0.10190555453300476,0.12250996381044388,0.10844337940216064
YKL014C,YPL097W,0,-0.050806083,0.10182119160890579,0.12250996381044388,0.10854341834783554
YPL146C,YNR037C,0,-0.050866716,0.10173697024583817,0.12250996381044388,0.10864345729351044
YPR188C,YBL047C,0,-0.050893523,0.10165289044380188,0.12250996381044388,0.10874349623918533
YKL069W,YDR438W,0,-0.050893836,0.10156895220279694,0.12250996381044388,0.10884353518486023
YDR528W,YLR413W,0,-0.050911322,0.10148514807224274,0.12250996381044388,0.10894357413053513
YPR055W,YOR359W,0,-0.050922215,0.10140148550271988,0.12250996381044388,0.10904362052679062
YHR005C,YGR211W,0,-0.051001824,0.10131795704364777,0.12250996381044388,0.10914365947246552
YER062C,YHR106W,0,-0.051083453,0.101234570145607,0.12250996381044388,0.10924369841814041
YCR091W,YKL099C,0,-0.051108055,0.10115131735801697,0.12250996381044388,0.10934373736381531
YMR158W,YDR168W,0,-0.051128075,0.10106819868087769,0.12250996381044388,0.1094437763094902
YPR055W,YGL107C,0,-0.051319174,0.10098522156476974,0.12250996381044388,0.1095438152551651
YOL069W,YIL120W,0,-0.051566005,0.10090237855911255,0.12250996381044388,0.10964385420084
YLR150W,YMR237W,0,-0.051770084,0.1008196696639061,0.12250996381044388,0.10974390059709549
YGL167C,YPL021W,0,-0.05189746,0.10073710232973099,0.12250996381044388,0.10984393954277039
YOR380W,YER177W,0,-0.051928915,0.10065466165542603,0.12250996381044388,0.10994397848844528
YNL222W,YDR074W,1,-0.051930346,0.10139002650976181,0.12350597977638245,0.10994397848844528
YCR021C,YDL031W,0,-0.051947303,0.10130719095468521,0.12350597977638245,0.11004401743412018
YDL240W,YDR515W,0,-0.05237759,0.10122448951005936,0.12350597977638245,0.11014405637979507
YIL106W,YML004C,0,-0.052516975,0.10114192217588425,0.12350597977638245,0.11024409532546997
YDR280W,YHR214W,0,-0.05265341,0.10105949640274048,0.12350597977638245,0.11034413427114487
YBL008W,YBR045C,0,-0.052757423,0.10097719728946686,0.12350597977638245,0.11044418066740036
YKR027W,YJR027W,0,-0.05291061,0.10089503973722458,0.12350597977638245,0.11054421961307526
YDR091C,YNR052C,0,-0.052926667,0.10081300884485245,0.12350597977638245,0.11064425855875015
YGR193C,YDL154W,0,-0.052968897,0.10073111206293106,0.12350597977638245,0.11074429750442505
YLR390W-A,YPR106W,0,-0.05300584,0.10064934939146042,0.12350597977638245,0.11084433645009995
YCR024C,YLR249W,0,-0.053028233,0.10056772083044052,0.12350597977638245,0.11094437539577484
YGR103W,YDR092W,0,-0.05315494,0.10048622637987137,0.12350597977638245,0.11104441434144974
YML011C,YLR299W,0,-0.053270884,0.10040485858917236,0.12350597977638245,0.11114446073770523
YDL087C,YDL031W,0,-0.053295814,0.1003236249089241,0.12350597977638245,0.11124449968338013
YGL167C,YDR110W,0,-0.053329896,0.10024252533912659,0.12350597977638245,0.11134453862905502
YLR093C,YCL064C,0,-0.05336585,0.10016155242919922,0.12350597977638245,0.11144457757472992
YDR372C,YLR382C,0,-0.053413026,0.1000807136297226,0.12350597977638245,0.11154461652040482
YMR059W,YKL048C,0,-0.05343922,0.10000000149011612,0.12350597977638245,0.11164465546607971
YNL036W,YKR095W,0,-0.053694792,0.09991942346096039,0.12350597977638245,0.11174469441175461
YPR143W,YOR110W,0,-0.05369863,0.0998389720916748,0.12350597977638245,0.1118447408080101
YLR007W,YPL179W,0,-0.05391428,0.09975864738225937,0.12350597977638245,0.111944779753685
YOR018W,YHR110W,0,-0.054023337,0.09967845678329468,0.12350597977638245,0.1120448186993599
YJR027W,YOR272W,0,-0.054080844,0.09959839284420013,0.12350597977638245,0.11214485764503479
YIL014W,YLR249W,0,-0.054166876,0.09951845556497574,0.12350597977638245,0.11224489659070969
YLL053C,YNL118C,0,-0.05431539,0.09943865239620209,0.12350597977638245,0.11234493553638458
YPL228W,YIR026C,1,-0.05436699,0.10016025602817535,0.12450199574232101,0.11234493553638458
YHR046C,YNL325C,1,-0.054407585,0.1008807048201561,0.12549801170825958,0.11234493553638458
YNL094W,YPR133C,0,-0.054494813,0.10080000013113022,0.12549801170825958,0.11244497448205948
YDR122W,YBR208C,0,-0.054500736,0.10071942210197449,0.12549801170825958,0.11254502087831497
YDL223C,YGR040W,0,-0.05455125,0.1006389781832695,0.12549801170825958,0.11264505982398987
YNL059C,YFL049W,0,-0.054702505,0.10055866092443466,0.12549801170825958,0.11274509876966476
YBR069C,YJR153W,0,-0.054790653,0.10047847032546997,0.12549801170825958,0.11284513771533966
YDR435C,YDL209C,0,-0.055239577,0.10039840638637543,0.12549801170825958,0.11294517666101456
YDR041W,YPL235W,0,-0.05543881,0.10031846910715103,0.12549801170825958,0.11304521560668945
YLR004C,YPL001W,0,-0.055553354,0.10023866593837738,0.12549801170825958,0.11314525455236435
YGR046W,YMR009W,0,-0.05570959,0.10015898197889328,0.12549801170825958,0.11324530094861984
YPL176C,YBR180W,0,-0.0557672,0.10007942467927933,0.12549801170825958,0.11334533989429474
YMR105C,YPL010W,0,-0.055955544,0.10000000149011612,0.12549801170825958,0.11344537883996964
YMR220W,YDR412W,0,-0.0560366,0.09992069751024246,0.12549801170825958,0.11354541778564453
YNL041C,YNL180C,0,-0.056198202,0.09984152019023895,0.12549801170825958,0.11364545673131943
YOR081C,YNR019W,0,-0.056267448,0.09976246953010559,0.12549801170825958,0.11374549567699432
YCR086W,YOR247W,0,-0.056319095,0.09968354552984238,0.12549801170825958,0.11384553462266922
YML107C,YAL059W,0,-0.056333564,0.09960474073886871,0.12549801170825958,0.11394558101892471
YDR227W,YOR060C,0,-0.056421008,0.0995260700583458,0.12549801170825958,0.11404561996459961
YGL196W,YGL238W,0,-0.05656243,0.09944751113653183,0.12549801170825958,0.1141456589102745
YNL056W,YPL056C,0,-0.056870125,0.09936908632516861,0.12549801170825958,0.1142456978559494
YDR021W,YBL091C,0,-0.05692047,0.09929078072309494,0.12549801170825958,0.1143457368016243
YNL217W,YER089C,1,-0.057153456,0.10000000149011612,0.12649402022361755,0.1143457368016243
YNL099C,YHR076W,1,-0.057162806,0.10070810467004776,0.12749004364013672,0.1143457368016243
YGR138C,YDL123W,0,-0.05717817,0.10062892735004425,0.12749004364013672,0.1144457757472992
YPR071W,YGR122W,0,-0.05756299,0.10054988414049149,0.12749004364013672,0.11454581469297409
YER100W,YCR035C,0,-0.05762335,0.10047096014022827,0.12749004364013672,0.11464586108922958
YPL280W,YCR031C,0,-0.057695277,0.10039215534925461,0.12749004364013672,0.11474590003490448
YGL005C,YGR266W,0,-0.05772745,0.10031347721815109,0.12749004364013672,0.11484593898057938
YDR427W,YPR017C,0,-0.057966426,0.10023492574691772,0.12749004364013672,0.11494597792625427
YDR545W,YGR260W,0,-0.0579855,0.10015649348497391,0.12749004364013672,0.11504601687192917
YBR114W,YKR088C,0,-0.0580262,0.10007818788290024,0.12749004364013672,0.11514605581760406
YGL126W,YDR300C,0,-0.05835045,0.10000000149011612,0.12749004364013672,0.11524609476327896
YJL183W,YMR041C,0,-0.058352463,0.09992193430662155,0.12749004364013672,0.11534614115953445
YMR274C,YDL149W,0,-0.05849676,0.09984399378299713,0.12749004364013672,0.11544618010520935
YNL250W,YKR052C,0,-0.05887338,0.09976617246866226,0.12749004364013672,0.11554621905088425
YLR324W,YPL175W,0,-0.058992088,0.09968847036361694,0.12749004364013672,0.11564625799655914
YGL093W,YDR110W,0,-0.05908533,0.09961089491844177,0.12749004364013672,0.11574629694223404
YNL053W,YDL236W,1,-0.059156667,0.1003110408782959,0.1284860521554947,0.11574629694223404
YLR194C,YNL048W,0,-0.059167065,0.10023310035467148,0.1284860521554947,0.11584633588790894
YBR125C,YER062C,1,-0.059288427,0.10093167424201965,0.12948207557201385,0.11584633588790894
YMR002W,YMR177W,0,-0.059300553,0.10085337609052658,0.12948207557201385,0.11594637483358383
YBR091C,YMR133W,0,-0.059387274,0.10077519714832306,0.12948207557201385,0.11604642122983932
YJR117W,YGL198W,0,-0.05940888,0.10069713741540909,0.12948207557201385,0.11614646017551422
YBR248C,YNL118C,0,-0.05953621,0.10061919689178467,0.12948207557201385,0.11624649912118912
YNL041C,YLL021W,0,-0.059638776,0.1005413755774498,0.12948207557201385,0.11634653806686401
YAL011W,YBL072C,0,-0.059642307,0.10046368092298508,0.12948207557201385,0.11644657701253891
YER033C,YLR075W,0,-0.05970516,0.10038609802722931,0.12948207557201385,0.1165466159582138
YDR328C,YLR150W,0,-0.05979865,0.10030864179134369,0.12948207557201385,0.1166466623544693
YBR162W-A,YDL124W,0,-0.05986213,0.10023130476474762,0.12948207557201385,0.1167467013001442
YMR130W,YOR208W,1,-0.06003817,0.10092449933290482,0.13047808408737183,0.1167467013001442
YJR108W,YOR249C,0,-0.060638368,0.1008468046784401,0.13047808408737183,0.11684674024581909
YBR065C,YDR080W,0,-0.060652465,0.10076922923326492,0.13047808408737183,0.11694677919149399
YFL049W,YJR108W,0,-0.06066245,0.1006917729973793,0.13047808408737183,0.11704681813716888
YGL005C,YIL033C,0,-0.06071914,0.10061443597078323,0.13047808408737183,0.11714685708284378
YCR035C,YHR090C,0,-0.060766973,0.10053721815347672,0.13047808408737183,0.11724689602851868
YIL156W,YNL294C,0,-0.06080661,0.10046011954545975,0.13047808408737183,0.11734694242477417
YJL001W,YJL208C,0,-0.060958423,0.10038314014673233,0.13047808408737183,0.11744698137044907
YOR372C,YBR180W,0,-0.061007507,0.10030627995729446,0.13047808408737183,0.11754702031612396
YKL016C,YDL031W,0,-0.061112415,0.10022953152656555,0.13047808408737183,0.11764705926179886
YOR319W,YHR106W,0,-0.061209746,0.10015290230512619,0.13047808408737183,0.11774709820747375
YKL029C,YJL197W,0,-0.061245635,0.10007639229297638,0.13047808408737183,0.11784713715314865
YLR085C,YMR220W,0,-0.061430193,0.10000000149011612,0.13047808408737183,0.11794717609882355
YGR123C,YBL056W,1,-0.061531335,0.10068649798631668,0.131474107503891,0.11794717609882355
YOR273C,YLR323C,0,-0.061598063,0.10060975700616837,0.131474107503891,0.11804722249507904
YIL019W,YNL294C,0,-0.061684266,0.100533127784729,0.131474107503891,0.11814726144075394
YBR016W,YKL040C,0,-0.061934993,0.1004566177725792,0.131474107503891,0.11824730038642883
YOR358W,YGL105W,0,-0.06224548,0.10038022696971893,0.131474107503891,0.11834733933210373
YJL096W,YKL149C,0,-0.062261935,0.10030394792556763,0.131474107503891,0.11844737827777863
YOR045W,YLR324W,0,-0.062270544,0.10022778809070587,0.131474107503891,0.11854741722345352
YER143W,YPR133C,0,-0.06242386,0.10015174746513367,0.131474107503891,0.11864745616912842
YER093C,YLR150W,0,-0.06249416,0.10007581859827042,0.131474107503891,0.11874750256538391
YIL019W,YDL243C,0,-0.06259773,0.10000000149011612,0.131474107503891,0.11884754151105881
YLR239C,YOL144W,0,-0.06270561,0.09992429614067078,0.131474107503891,0.1189475804567337
YML081W,YDR261C,0,-0.06289848,0.09984871745109558,0.131474107503891,0.1190476194024086
YLR006C,YMR015C,0,-0.06299009,0.09977324306964874,0.131474107503891,0.1191476583480835
YGR211W,YDL123W,0,-0.06315364,0.09969788789749146,0.131474107503891,0.11924769729375839
YKL194C,YLR367W,0,-0.063156284,0.09962264448404312,0.131474107503891,0.11934773623943329
YIL107C,YNL062C,0,-0.063228734,0.09954751282930374,0.131474107503891,0.11944778263568878
YDR021W,YMR183C,0,-0.0635946,0.09947249293327332,0.131474107503891,0.11954782158136368
YGL028C,YLR299W,0,-0.06360728,0.09939759224653244,0.131474107503891,0.11964786052703857
YOR192C,YNR071C,0,-0.06365877,0.09932279586791992,0.131474107503891,0.11974789947271347
YKL045W,YHR138C,0,-0.06401681,0.09924811869859695,0.131474107503891,0.11984793841838837
YJL110C,YHR090C,0,-0.06405197,0.09917355328798294,0.131474107503891,0.11994797736406326
YGR024C,YHR202W,0,-0.064078994,0.09909909963607788,0.131474107503891,0.12004801630973816
YOR253W,YDL149W,0,-0.06414534,0.09902475774288177,0.131474107503891,0.12014806270599365
YOR131C,YNL106C,1,-0.06438874,0.09970015287399292,0.13247011601924896,0.12014806270599365
YDR361C,YDR434W,0,-0.06469584,0.09962546825408936,0.13247011601924896,0.12024810165166855
YHR215W,YDR436W,1,-0.064919755,0.1002994030714035,0.13346613943576813,0.12024810165166855
YOL069W,YLR067C,0,-0.06530747,0.10022438317537308,0.13346613943576813,0.12034814059734344
YJR102C,YKR031C,0,-0.065402925,0.1001494750380516,0.13346613943576813,0.12044817954301834
YIL022W,YJL001W,0,-0.06541208,0.10007468611001968,0.13346613943576813,0.12054821848869324
YGR099W,YPL013C,0,-0.06542703,0.10000000149011612,0.13346613943576813,0.12064825743436813
YBR092C,YHR004C,1,-0.06547016,0.10067114233970642,0.1344621479511261,0.12064825743436813
YHR185C,YJL208C,0,-0.06554554,0.100596122443676,0.1344621479511261,0.12074829638004303
YPR158W-B,YMR035W,0,-0.06561103,0.10052122175693512,0.1344621479511261,0.12084834277629852
YPL280W,YNL118C,0,-0.065615095,0.1004464253783226,0.1344621479511261,0.12094838172197342
YPL058C,YKR052C,0,-0.06567938,0.10037174820899963,0.1344621479511261,0.12104842066764832
YIL137C,YLR323C,0,-0.06594209,0.10029717534780502,0.1344621479511261,0.12114845961332321
YJL013C,YKL051W,0,-0.065955184,0.10022271424531937,0.1344621479511261,0.12124849855899811
YPL043W,YBL025W,0,-0.06596247,0.10014836490154266,0.1344621479511261,0.121348537504673
YBR078W,YHL006C,0,-0.06620989,0.10007412731647491,0.1344621479511261,0.1214485764503479
YMR180C,YNL010W,1,-0.06710986,0.10074073821306229,0.13545817136764526,0.1214485764503479
YOR172W,YBL014C,0,-0.06724007,0.10066617280244827,0.13545817136764526,0.1215486228466034
YNR032C-A,YBL025W,0,-0.067243375,0.10059171915054321,0.13545817136764526,0.12164866179227829
YLR433C,YEL038W,1,-0.067306705,0.10125646740198135,0.13645417988300323,0.12164866179227829
YFR016C,YML082W,0,-0.06736628,0.10118168592453003,0.13645417988300323,0.12174870073795319
YKL191W,YGL085W,0,-0.06752949,0.10110700875520706,0.13645417988300323,0.12184873968362808
YLL018C-A,YHL025W,0,-0.06755675,0.10103245079517365,0.13645417988300323,0.12194877862930298
YDR430C,YPL233W,0,-0.067622766,0.10095799714326859,0.13645417988300323,0.12204881757497787
YML100W,YER075C,1,-0.06782332,0.10162002593278885,0.1374502032995224,0.12204881757497787
YIL064W,YJR131W,0,-0.06787219,0.10154525190591812,0.1374502032995224,0.12214885652065277
YHR005C,YKR052C,0,-0.06792114,0.10147058963775635,0.1374502032995224,0.12224890291690826
YPL215W,YDR469W,0,-0.068076134,0.10139603167772293,0.1374502032995224,0.12234894186258316
YOR103C,YER167W,0,-0.06813503,0.10132158547639847,0.1374502032995224,0.12244898080825806
YCL044C,YMR153W,0,-0.0683753,0.10124725103378296,0.1374502032995224,0.12254901975393295
YPR173C,YIL173W,0,-0.068401344,0.1011730208992958,0.1374502032995224,0.12264905869960785
YMR009W,YOR079C,0,-0.06843169,0.10109890252351761,0.1374502032995224,0.12274909764528275
YIL075C,YIL043C,0,-0.06846077,0.10102488845586777,0.1374502032995224,0.12284913659095764
YEL001C,YBR218C,0,-0.068613164,0.10095098614692688,0.1374502032995224,0.12294918298721313
YER014W,YCR036W,0,-0.06867027,0.10087719559669495,0.1374502032995224,0.12304922193288803
YPL140C,YJL197W,0,-0.06873218,0.10080350935459137,0.1374502032995224,0.12314926087856293
YJR102C,YEL018W,0,-0.06887161,0.10072992742061615,0.1374502032995224,0.12324929982423782
YNL250W,YPL120W,0,-0.06894452,0.10065645724534988,0.1374502032995224,0.12334933876991272
YOR236W,YKL138C,0,-0.069085635,0.10058309137821198,0.1374502032995224,0.12344937771558762
YLR131C,YBR043C,0,-0.069143206,0.10050982981920242,0.1374502032995224,0.12354941666126251
YPL115C,YPL173W,0,-0.06943383,0.10043668001890182,0.1374502032995224,0.123649463057518
YKL080W,YIL173W,0,-0.06967073,0.10036363452672958,0.1374502032995224,0.1237495020031929
YPR161C,YLR382C,0,-0.07000587,0.1002907007932663,0.1374502032995224,0.1238495409488678
YLR433C,YCR079W,1,-0.07013502,0.10094407945871353,0.13844621181488037,0.1238495409488678
YHR043C,YDL134C,1,-0.07015408,0.10159651935100555,0.13944223523139954,0.1238495409488678
YGR046W,YOR266W,0,-0.0701927,0.10152284055948257,0.13944223523139954,0.1239495798945427
YHL017W,YOR132W,0,-0.070264034,0.10144927352666855,0.13944223523139954,0.12404961884021759
YML101C,YGL192W,0,-0.07037749,0.10137581825256348,0.13944223523139954,0.12414965778589249
YOR016C,YDR375C,0,-0.07047383,0.10130245983600616,0.13944223523139954,0.12424969673156738
YMR195W,YKL087C,0,-0.07059556,0.1012292131781578,0.13944223523139954,0.12434974312782288
YNL133C,YNL180C,0,-0.070603564,0.1011560708284378,0.13944223523139954,0.12444978207349777
YJR052W,YPL040C,0,-0.07063604,0.10108303278684616,0.13944223523139954,0.12454982101917267
YPL001W,YDL018C,0,-0.07065843,0.10101009905338287,0.13944223523139954,0.12464985996484756
YMR230W,YKL155C,0,-0.07071797,0.10093727707862854,0.13944223523139954,0.12474989891052246
YBR038W,YDL220C,0,-0.0708788,0.10086455196142197,0.13944223523139954,0.12484993785619736
YGL070C,YNL036W,0,-0.070966475,0.10079193860292435,0.13944223523139954,0.12494997680187225
YDR227W,YNL294C,0,-0.07098127,0.10071942210197449,0.13944223523139954,0.12505002319812775
YOR380W,YKL002W,0,-0.07100305,0.10064701735973358,0.13944223523139954,0.12515005469322205
YHR111W,YDR023W,0,-0.07105927,0.10057470947504044,0.13944223523139954,0.12525010108947754
YER100W,YGL016W,0,-0.07127331,0.10050251334905624,0.13944223523139954,0.12535014748573303
YPL280W,YGL198W,0,-0.07132411,0.10043041408061981,0.13944223523139954,0.12545017898082733
YLR426W,YGR138C,0,-0.07134855,0.10035842657089233,0.13944223523139954,0.12555022537708282
YFR025C,YBR094W,0,-0.071353085,0.10028653591871262,0.13944223523139954,0.12565025687217712
YKL145W,YAL059W,0,-0.07139079,0.10021474957466125,0.13944223523139954,0.12575030326843262
YDR513W,YER129W,0,-0.07140932,0.10014306008815765,0.13944223523139954,0.12585033476352692
YPR068C,YPL221W,0,-0.07194684,0.100071482360363,0.13944223523139954,0.1259503811597824
YDL012C,YLR115W,0,-0.072189555,0.10000000149011612,0.13944223523139954,0.1260504275560379
YDL247W,YJR048W,0,-0.07240823,0.09992862492799759,0.13944223523139954,0.1261504590511322
YOR065W,YOR249C,0,-0.07245789,0.09985734522342682,0.13944223523139954,0.1262505054473877
YDR067C,YDR075W,1,-0.07248572,0.10049892961978912,0.1404382437467575,0.1262505054473877
YOR018W,YDL031W,0,-0.072558,0.10042735189199448,0.1404382437467575,0.126350536942482
YFR016C,YKR088C,0,-0.07260968,0.10035587102174759,0.1404382437467575,0.1264505833387375
YHR148W,YHR214C-C,0,-0.072654314,0.10028449445962906,0.1404382437467575,0.1265506148338318
YNL156C,YLR055C,0,-0.072684444,0.10021322220563889,0.1404382437467575,0.12665066123008728
YJR073C,YPR120C,0,-0.07294052,0.10014204680919647,0.1404382437467575,0.12675070762634277
YDR201W,YIL153W,0,-0.072954774,0.10007097572088242,0.1404382437467575,0.12685073912143707
YPL209C,YER142C,0,-0.07295925,0.10000000149011612,0.1404382437467575,0.12695078551769257
YNL031C,YMR153W,0,-0.07323012,0.09992913156747818,0.1404382437467575,0.12705081701278687
YOR136W,YPL179W,0,-0.07325023,0.099858358502388,0.1404382437467575,0.12715086340904236
YGR161W-A,YLR323C,0,-0.073257,0.09978768229484558,0.1404382437467575,0.12725089490413666
YHR148W,YKL039W,0,-0.0732763,0.09971711784601212,0.1404382437467575,0.12735094130039215
YPL133C,YNL221C,0,-0.073340096,0.09964664280414581,0.1404382437467575,0.12745098769664764
YDR468C,YGR142W,0,-0.07334738,0.09957627207040787,0.1404382437467575,0.12755101919174194
YPL228W,YDL047W,1,-0.07336311,0.1002117171883583,0.14143426716327667,0.12755101919174194
YMR262W,YMR149W,0,-0.073426165,0.10014104098081589,0.14143426716327667,0.12765106558799744
YLR004C,YDR515W,0,-0.07356897,0.10007046908140182,0.14143426716327667,0.12775109708309174
YGR005C,YDR021W,0,-0.07360029,0.10000000149011612,0.14143426716327667,0.12785114347934723
YLR377C,YLL010C,1,-0.07362485,0.10063336044549942,0.14243027567863464,0.12785114347934723
YPL198W,YDL134C,0,-0.07362917,0.10056258738040924,0.14243027567863464,0.12795117497444153
YNL137C,YPR034W,0,-0.07369437,0.10049191862344742,0.14243027567863464,0.12805122137069702
YPR073C,YOR109W,1,-0.07389387,0.10112359374761581,0.1434262990951538,0.12805122137069702
YDR284C,YHR193C,0,-0.073922925,0.10105263441801071,0.1434262990951538,0.12815126776695251
YJL167W,YHR154W,0,-0.0740256,0.10098176449537277,0.1434262990951538,0.12825129926204681
YCL016C,YNL076W,0,-0.074121654,0.10091099888086319,0.1434262990951538,0.1283513456583023
YNR032C-A,YML092C,0,-0.07416723,0.10084033757448196,0.1434262990951538,0.1284513771533966
YDL154W,YHR106W,0,-0.07430474,0.1007697656750679,0.1434262990951538,0.1285514235496521
YBL056W,YDR078C,0,-0.07456725,0.1006992980837822,0.1434262990951538,0.1286514550447464
YER127W,YNL081C,0,-0.07462604,0.10062892735004425,0.1434262990951538,0.1287515014410019
YOR192C,YGR224W,0,-0.074794106,0.10055866092443466,0.1434262990951538,0.12885154783725739
YMR101C,YDL119C,0,-0.074872784,0.10048848390579224,0.1434262990951538,0.12895157933235168
YNR032C-A,YKL058W,0,-0.07493003,0.10041841119527817,0.1434262990951538,0.12905162572860718
YER100W,YOL059W,0,-0.07499232,0.10034843534231186,0.1434262990951538,0.12915165722370148
YDR227W,YGR266W,0,-0.07516856,0.10027854889631271,0.1434262990951538,0.12925170361995697
YFR050C,YOL135C,0,-0.07519839,0.10020876675844193,0.1434262990951538,0.12935173511505127
YNL181W,YML047C,0,-0.075389065,0.1001390814781189,0.1434262990951538,0.12945178151130676
YHR210C,YOR359W,0,-0.07551309,0.10006949305534363,0.1434262990951538,0.12955182790756226
YPR173C,YAL007C,0,-0.07556192,0.10000000149011612,0.1434262990951538,0.12965185940265656
YHL050C,YGR040W,0,-0.07559523,0.09993060678243637,0.1434262990951538,0.12975190579891205
YML086C,YPL117C,0,-0.07562637,0.09986130148172379,0.1434262990951538,0.12985193729400635
YMR076C,YML057W,0,-0.075634606,0.09979210048913956,0.1434262990951538,0.12995198369026184
YJL167W,YHR106W,0,-0.07571433,0.09972298890352249,0.1434262990951538,0.13005201518535614
YPL225W,YOR026W,0,-0.07582269,0.09965398162603378,0.1434262990951538,0.13015206158161163
YMR081C,YPL253C,0,-0.07592263,0.09958506375551224,0.1434262990951538,0.13025210797786713
YLR167W,YNR059W,0,-0.07600248,0.09951624274253845,0.1434262990951538,0.13035213947296143
YML067C,YPL140C,0,-0.076034896,0.09944751113653183,0.1434262990951538,0.13045218586921692
YHR142W,YGR122W,0,-0.07606073,0.09937888383865356,0.1434262990951538,0.13055221736431122
YBR208C,YOR341W,0,-0.076151416,0.09931034594774246,0.1434262990951538,0.1306522637605667
YER142C,YBR121C,0,-0.07618624,0.09924190491437912,0.1434262990951538,0.130752295255661
YAL059W,YEL006W,0,-0.07621154,0.09917355328798294,0.1434262990951538,0.1308523416519165
YLR102C,YLR377C,0,-0.076240174,0.09910529851913452,0.1434262990951538,0.130952388048172
YPR134W,YHR033W,0,-0.07635308,0.09903714060783386,0.1434262990951538,0.1310524195432663
YPL137C,YLR054C,0,-0.07644332,0.09896907210350037,0.1434262990951538,0.1311524659395218
YPR148C,YDL117W,0,-0.0764521,0.09890110045671463,0.1434262990951538,0.1312524974346161
YAL011W,YPL173W,0,-0.076512374,0.09883321821689606,0.1434262990951538,0.13135254383087158
YDR148C,YPL175W,0,-0.07670551,0.09876543283462524,0.1434262990951538,0.13145257532596588
YBR101C,YMR050C,0,-0.07672802,0.0986977368593216,0.1434262990951538,0.13155262172222137
YBR005W,YLR249W,0,-0.0767793,0.0986301377415657,0.1434262990951538,0.13165266811847687
YLR083C,YOR259C,0,-0.07684353,0.09856262803077698,0.1434262990951538,0.13175269961357117
YPR034W,YMR226C,0,-0.07691182,0.09849521517753601,0.1434262990951538,0.13185274600982666
YAL009W,YBR126C,1,-0.077091984,0.0991114154458046,0.14442230761051178,0.13185274600982666
YBR276C,YBL056W,1,-0.07710279,0.09972677379846573,0.14541833102703094,0.13185274600982666
YPL215W,YLR060W,0,-0.077207595,0.09965870529413223,0.14541833102703094,0.13195277750492096
YNL243W,YBR268W,0,-0.077210955,0.0995907261967659,0.14541833102703094,0.13205282390117645
YHL028W,YJR153W,0,-0.077280276,0.09952283650636673,0.14541833102703094,0.13215285539627075
YBL080C,YNR055C,0,-0.077542536,0.09945504367351532,0.14541833102703094,0.13225290179252625
YJL162C,YFR053C,0,-0.07791215,0.09938734024763107,0.14541833102703094,0.13235294818878174
YPR173C,YFR024C-A,0,-0.07792393,0.09931972622871399,0.14541833102703094,0.13245297968387604
YOR136W,YDR397C,0,-0.07794601,0.09925220906734467,0.14541833102703094,0.13255302608013153
YHR088W,YBR119W,0,-0.07799677,0.0991847813129425,0.14541833102703094,0.13265305757522583
YHR185C,YOL061W,0,-0.07811089,0.0991174504160881,0.14541833102703094,0.13275310397148132
YNL056W,YPL183C,0,-0.07817654,0.09905020147562027,0.14541833102703094,0.13285313546657562
YER062C,YDR328C,0,-0.07821786,0.0989830493927002,0.14541833102703094,0.13295318186283112
YML016C,YOL064C,1,-0.07827114,0.09959349781274796,0.14641433954238892,0.13295318186283112
YGR024C,YJR084W,0,-0.07828616,0.0995260700583458,0.14641433954238892,0.1330532282590866
YIL052C,YER071C,0,-0.07849104,0.0994587317109108,0.14641433954238892,0.1331532597541809
YIL053W,YNL099C,1,-0.078495555,0.1000676155090332,0.14741036295890808,0.1331532597541809
YLR442C,YGL219C,0,-0.078601256,0.10000000149011612,0.14741036295890808,0.1332533061504364
YER014W,YMR118C,0,-0.07863668,0.0999324768781662,0.14741036295890808,0.1333533376455307
YHR215W,YLR019W,1,-0.07865467,0.10053981095552444,0.14840637147426605,0.1333533376455307
YJL026W,YDR040C,0,-0.078789555,0.10047201812267303,0.14840637147426605,0.1334533840417862
YCL001W,YMR131C,0,-0.07882323,0.10040431469678879,0.14840637147426605,0.1335534155368805
YKL006C-A,YDL113C,0,-0.07904452,0.1003367006778717,0.14840637147426605,0.133653461933136
YNL250W,YPL198W,0,-0.07908054,0.10026917606592178,0.14840637147426605,0.13375350832939148
YLR196W,YLR259C,0,-0.07908679,0.10020174831151962,0.14840637147426605,0.13385353982448578
YNR055C,YGL219C,0,-0.0792137,0.10013440996408463,0.14840637147426605,0.13395358622074127
YLR259C,YER060W-A,0,-0.07923,0.10006716102361679,0.14840637147426605,0.13405361771583557
YPL209C,YNL133C,0,-0.07931134,0.10000000149011612,0.14840637147426605,0.13415366411209106
YDR500C,YOR266W,0,-0.07955628,0.09993293136358261,0.14840637147426605,0.13425369560718536
YKR075C,YLR333C,0,-0.07971551,0.09986595064401627,0.14840637147426605,0.13435374200344086
YJR109C,YDL102W,0,-0.079720214,0.09979905933141708,0.14840637147426605,0.13445378839969635
YOR372C,YDR246W,0,-0.079736635,0.09973226487636566,0.14840637147426605,0.13455381989479065
YPL126W,YMR105C,0,-0.07978951,0.0996655523777008,0.14840637147426605,0.13465386629104614
YEL019C,YPL183C,0,-0.07982021,0.09959892928600311,0.14840637147426605,0.13475389778614044
YMR036C,YDR074W,1,-0.08039559,0.10020039975643158,0.14940239489078522,0.13475389778614044
YGL142C,YLL018C-A,0,-0.08041022,0.1001335084438324,0.14940239489078522,0.13485394418239594
YLR037C,YLR200W,0,-0.080463715,0.10006671398878098,0.14940239489078522,0.13495397567749023
YMR180C,YBR092C,1,-0.080465,0.10066666454076767,0.1503984034061432,0.13495397567749023
YKL152C,YAL016W,1,-0.08072153,0.10126582533121109,0.15139442682266235,0.13495397567749023
YOR383C,YBR023C,0,-0.08112102,0.10119840502738953,0.15139442682266235,0.13505402207374573
YNL063W,YIL011W,0,-0.08113674,0.10113107413053513,0.15139442682266235,0.13515406847000122
YGR103W,YLR248W,0,-0.08116361,0.10106383264064789,0.15139442682266235,0.13525409996509552
YLR390W-A,YGR165W,0,-0.08126483,0.10099668055772781,0.15139442682266235,0.135354146361351
YNL106C,YNL325C,1,-0.08136965,0.10159362852573395,0.15239043533802032,0.135354146361351
YOL009C,YDL093W,0,-0.08137255,0.10152620822191238,0.15239043533802032,0.1354541778564453
YGR003W,YCL048W,0,-0.08159693,0.10145888477563858,0.15239043533802032,0.1355542242527008
YJR042W,YGR142W,0,-0.081974745,0.10139165073633194,0.15239043533802032,0.1356542557477951
YPL156C,YDL031W,0,-0.08199527,0.10132450610399246,0.15239043533802032,0.1357543021440506
YLR417W,YDR308C,0,-0.082047425,0.10125744342803955,0.15239043533802032,0.1358543485403061
YJL134W,YNL128W,1,-0.08210259,0.10185185074806213,0.1533864587545395,0.1358543485403061
YHL003C,YPL156C,0,-0.08223529,0.10178453475236893,0.1533864587545395,0.1359543800354004
YNR019W,YHR157W,0,-0.082414605,0.10171730816364288,0.1533864587545395,0.13605442643165588
YDL098C,YGR211W,0,-0.08256341,0.1016501635313034,0.1533864587545395,0.13615445792675018
YIL120W,YDR122W,0,-0.08265028,0.10158311575651169,0.1533864587545395,0.13625450432300568
YLR006C,YNL216W,0,-0.08267042,0.10151614993810654,0.1533864587545395,0.13635453581809998
YHR154W,YMR230W,0,-0.08280548,0.10144927352666855,0.1533864587545395,0.13645458221435547
YLR284C,YGL243W,0,-0.082825564,0.10138248652219772,0.1533864587545395,0.13655462861061096
YOR193W,YPR143W,0,-0.083157845,0.10131578892469406,0.1533864587545395,0.13665466010570526
YBR003W,YEL044W,0,-0.08318105,0.10124918073415756,0.1533864587545395,0.13675470650196075
YML004C,YBR295W,0,-0.083557524,0.10118265450000763,0.1533864587545395,0.13685473799705505
YNL167C,YOL116W,0,-0.083836265,0.10111621767282486,0.1533864587545395,0.13695478439331055
YBL056W,YDR261C,0,-0.08388019,0.10104987025260925,0.1533864587545395,0.13705481588840485
YHR035W,YKL080W,0,-0.083895676,0.10098360478878021,0.1533864587545395,0.13715486228466034
YNR019W,YJR046W,0,-0.08392484,0.10091742873191833,0.1533864587545395,0.13725490868091583
YCR036W,YDR023W,0,-0.08397738,0.10085134208202362,0.1533864587545395,0.13735494017601013
YJL167W,YNR024W,0,-0.08401873,0.10078533738851547,0.1533864587545395,0.13745498657226562
YJL057C,YLR044C,0,-0.08408799,0.10071942210197449,0.1533864587545395,0.13755501806735992
YOR009W,YDR135C,0,-0.08409753,0.10065359622240067,0.1533864587545395,0.13765506446361542
YMR087W,YNL106C,1,-0.08416414,0.10124102234840393,0.15438246726989746,0.13765506446361542
YDL230W,YOR155C,1,-0.08427057,0.10182767361402512,0.15537849068641663,0.13765506446361542
YMR118C,YOR335C,0,-0.084437735,0.10176125168800354,0.15537849068641663,0.13775509595870972
YDL175C,YJL003W,0,-0.084526956,0.10169491171836853,0.15537849068641663,0.1378551423549652
YLR426W,YLR263W,0,-0.08465036,0.10162866115570068,0.15537849068641663,0.1379551887512207
YPL100W,YIL167W,0,-0.08471007,0.1015625,0.15537849068641663,0.138055220246315
YHL038C,YDR434W,0,-0.08480675,0.10149642080068588,0.15537849068641663,0.1381552666425705
YOL122C,YPL253C,0,-0.08510988,0.10143043100833893,0.15537849068641663,0.1382552981376648
YDR175C,YMR177W,0,-0.08512274,0.10136452317237854,0.15537849068641663,0.1383553445339203
YMR015C,YBR181C,0,-0.08514411,0.10129870474338531,0.15537849068641663,0.1384553760290146
YDR513W,YOL051W,0,-0.08518457,0.10123296827077866,0.15537849068641663,0.13855542242527008
YKR089C,YNL066W,0,-0.08531552,0.10116731375455856,0.15537849068641663,0.13865546882152557
YHR205W,YHL015W,0,-0.08539387,0.10110174864530563,0.15537849068641663,0.13875550031661987
YJR052W,YOR011W,0,-0.085495666,0.10103627294301987,0.15537849068641663,0.13885554671287537
YML086C,YIL043C,0,-0.08586476,0.10097087174654007,0.15537849068641663,0.13895557820796967
YKL029C,YLR288C,0,-0.085915536,0.10090555995702744,0.15537849068641663,0.13905562460422516
YIL019W,YMR322C,0,-0.08600867,0.10084033757448196,0.15537849068641663,0.13915565609931946
YNL051W,YMR274C,0,-0.08616356,0.10077519714832306,0.15537849068641663,0.13925570249557495
YIL098C,YDR384C,0,-0.08620728,0.10071013867855072,0.15537849068641663,0.13935574889183044
YFR025C,YOR155C,1,-0.08624243,0.10129032284021378,0.1563744992017746,0.13935574889183044
YLR052W,YDR464W,0,-0.08633531,0.10122501850128174,0.1563744992017746,0.13945578038692474
YNR032C-A,YMR048W,0,-0.08647202,0.10115979611873627,0.1563744992017746,0.13955582678318024
YOL012C,YML061C,0,-0.08648035,0.10109465569257736,0.1563744992017746,0.13965585827827454
YPR180W,YJL001W,0,-0.08656794,0.10102960467338562,0.1563744992017746,0.13975590467453003
YGL028C,YDR178W,0,-0.086582206,0.10096462815999985,0.1563744992017746,0.13985593616962433
YDR213W,YNL038W,0,-0.086622335,0.10089974105358124,0.1563744992017746,0.13995598256587982
YGR266W,YBR208C,0,-0.08668674,0.1008349359035492,0.1563744992017746,0.14005602896213531
YNL284C-B,YPR161C,0,-0.08671426,0.10077022016048431,0.1563744992017746,0.14015606045722961
YOL096C,YBR191W,0,-0.086811125,0.1007055789232254,0.1563744992017746,0.1402561068534851
YOR252W,YML081W,0,-0.08689042,0.10064102709293365,0.1563744992017746,0.1403561383485794
YLR006C,YDR280W,0,-0.086898096,0.10057654976844788,0.1563744992017746,0.1404561847448349
YNL025C,YDR045C,0,-0.0869608,0.10051216185092926,0.1563744992017746,0.1405562162399292
YLL026W,YJL059W,0,-0.08706355,0.10044785588979721,0.1563744992017746,0.1406562626361847
YGL229C,YNL128W,1,-0.0870865,0.10102301836013794,0.15737052261829376,0.1406562626361847
YDR021W,YJL003W,0,-0.08720986,0.10095846652984619,0.15737052261829376,0.14075630903244019
YJL212C,YDR300C,0,-0.087542705,0.10089399665594101,0.15737052261829376,0.14085634052753448
YIL075C,YLR323C,0,-0.08755187,0.1008296087384224,0.15737052261829376,0.14095638692378998
YGR161W-A,YHR154W,0,-0.08756096,0.10076530277729034,0.15737052261829376,0.14105641841888428
YBR162W-A,YDR515W,0,-0.08758054,0.10070108622312546,0.15737052261829376,0.14115646481513977
YKL014C,YER081W,0,-0.087604426,0.10063694417476654,0.15737052261829376,0.14125649631023407
YBR169C,YNL076W,0,-0.087740354,0.10057288408279419,0.15737052261829376,0.14135654270648956
YIL119C,YJR046W,0,-0.08776692,0.1005089059472084,0.15737052261829376,0.14145658910274506
YER023W,YHR001W-A,0,-0.08778059,0.10044500976800919,0.15737052261829376,0.14155662059783936
YEL019C,YLR092W,0,-0.08780856,0.10038119554519653,0.15737052261829376,0.14165666699409485
YDR100W,YPL145C,0,-0.08785204,0.10031746327877045,0.15737052261829376,0.14175669848918915
YOR191W,YLR054C,0,-0.08785512,0.10025380551815033,0.15737052261829376,0.14185674488544464
YPL061W,YDL134C,0,-0.0879101,0.10019023716449738,0.15737052261829376,0.14195677638053894
YFR025C,YNL123W,0,-0.0879257,0.10012674331665039,0.15737052261829376,0.14205682277679443
YGL005C,YFR025C,0,-0.0880196,0.10006333142518997,0.15737052261829376,0.14215686917304993
YIL113W,YMR087W,1,-0.088246144,0.1006329134106636,0.15836653113365173,0.14215686917304993
YLR131C,YLR196W,0,-0.08833451,0.10056926310062408,0.15836653113365173,0.14225690066814423
YHR088W,YDL247W,0,-0.088462375,0.10050568729639053,0.15836653113365173,0.14235694706439972
YDL175C,YMR040W,0,-0.08849371,0.10044220089912415,0.15836653113365173,0.14245697855949402
YDR515W,YNL180C,0,-0.08850371,0.10037878900766373,0.15836653113365173,0.1425570249557495
YIL053W,YDL102W,0,-0.088583805,0.10031545907258987,0.15836653113365173,0.1426570564508438
YPR073C,YIL002C,1,-0.08876834,0.10088272392749786,0.1593625545501709,0.1426570564508438
YDL236W,YNL099C,1,-0.08879469,0.10144927352666855,0.16035856306552887,0.1426570564508438
YER023W,YKL087C,0,-0.0888143,0.10138539224863052,0.16035856306552887,0.1427571028470993
YOR273C,YMR002W,0,-0.08887365,0.10132158547639847,0.16035856306552887,0.1428571492433548
YGR253C,YPL235W,0,-0.088938735,0.10125786066055298,0.16035856306552887,0.1429571807384491
YHL017W,YGR078C,0,-0.08897241,0.10119421780109406,0.16035856306552887,0.1430572271347046
YCR045C,YPL146C,0,-0.0890045,0.1011306568980217,0.16035856306552887,0.1431572586297989
YOR117W,YOR065W,0,-0.0890455,0.10106717050075531,0.16035856306552887,0.14325730502605438
YFL061W,YNL055C,0,-0.089108415,0.10100376605987549,0.16035856306552887,0.14335733652114868
YOL076W,YDR397C,0,-0.08926993,0.10094043612480164,0.16035856306552887,0.14345738291740417
YIR031C,YLR337C,0,-0.089389004,0.10087719559669495,0.16035856306552887,0.14355742931365967
YJL098W,YPR068C,0,-0.08943526,0.10081402957439423,0.16035856306552887,0.14365746080875397
YKL077W,YDL211C,0,-0.08943532,0.10075093805789948,0.16035856306552887,0.14375750720500946
YOR018W,YHR035W,0,-0.08949595,0.10068792849779129,0.16035856306552887,0.14385753870010376
YOR119C,YGR040W,0,-0.08977627,0.10062500089406967,0.16035856306552887,0.14395758509635925
YIL156W,YKL134C,0,-0.08980391,0.10056214779615402,0.16035856306552887,0.14405761659145355
YBL038W,YOR254C,0,-0.089903995,0.10049937665462494,0.16035856306552887,0.14415766298770905
YNL156C,YPR174C,0,-0.089982204,0.10043668001890182,0.16035856306552887,0.14425770938396454
YKL110C,YGR253C,0,-0.090211086,0.10037406533956528,0.16035856306552887,0.14435774087905884
YNL199C,YKL039W,0,-0.09039089,0.1003115251660347,0.16035856306552887,0.14445778727531433
YDR028C,YGL105W,0,-0.09049426,0.10024906694889069,0.16035856306552887,0.14455781877040863
YIL064W,YIL005W,0,-0.09051246,0.10018668323755264,0.16035856306552887,0.14465786516666412
YKL026C,YML101C,0,-0.09058593,0.10012438148260117,0.16035856306552887,0.14475789666175842
YJR120W,YLR417W,0,-0.09061327,0.10006214678287506,0.16035856306552887,0.14485794305801392
YPR180W,YMR074C,0,-0.09065899,0.10000000149011612,0.16035856306552887,0.1449579894542694
YLR377C,YOR009W,0,-0.090720125,0.09993792325258255,0.16035856306552887,0.1450580209493637
YLR249W,YLR288C,0,-0.090878814,0.09987592697143555,0.16035856306552887,0.1451580673456192
YER142C,YLR019W,0,-0.09088514,0.09981401264667511,0.16035856306552887,0.1452580988407135
YDR427W,YDR464W,0,-0.09092342,0.09975216537714005,0.16035856306552887,0.145358145236969
YJL127C,YPL189W,0,-0.09127749,0.09969040006399155,0.16035856306552887,0.1454581767320633
YMR243C,YPL203W,0,-0.09141348,0.09962870925664902,0.16035856306552887,0.1455582231283188
YER176W,YLR093C,0,-0.09154204,0.09956710040569305,0.16035856306552887,0.14565826952457428
YPR161C,YOR026W,0,-0.09164803,0.09950556606054306,0.16035856306552887,0.14575830101966858
YER038C,YGL198W,0,-0.09165577,0.09944409877061844,0.16035856306552887,0.14585834741592407
YER062C,YMR055C,0,-0.092051916,0.09938271343708038,0.16035856306552887,0.14595837891101837
YOR065W,YDL223C,0,-0.092185326,0.0993214100599289,0.16035856306552887,0.14605842530727386
YLR023C,YJL168C,0,-0.09230576,0.09926017373800278,0.16035856306552887,0.14615845680236816
YMR232W,YHR001W-A,0,-0.09234937,0.09919901192188263,0.16035856306552887,0.14625850319862366
YNL106C,YIR026C,1,-0.092409156,0.09975369274616241,0.16135458648204803,0.14625850319862366
YDL113C,YHR142W,0,-0.092476636,0.09969230741262436,0.16135458648204803,0.14635854959487915
YML057W,YML055W,0,-0.09252483,0.09963099658489227,0.16135458648204803,0.14645858108997345
YMR226C,YCR005C,0,-0.09288242,0.09956976026296616,0.16135458648204803,0.14655862748622894
YHR044C,YOL064C,1,-0.092906065,0.1001228466629982,0.162350594997406,0.14655862748622894
YPL171C,YIL144W,0,-0.09300285,0.10006138682365417,0.162350594997406,0.14665865898132324
YGL025C,YPR134W,0,-0.093031,0.10000000149011612,0.162350594997406,0.14675870537757874
YNL284C-B,YAL048C,0,-0.093127124,0.09993869066238403,0.162350594997406,0.14685873687267303
YBR045C,YIL062C,0,-0.09315642,0.09987745434045792,0.162350594997406,0.14695878326892853
YPL225W,YDR045C,0,-0.09327031,0.09981629252433777,0.162350594997406,0.14705882966518402
YER033C,YMR322C,0,-0.0932918,0.09975520521402359,0.162350594997406,0.14715886116027832
YNL173C,YPL161C,0,-0.093572825,0.09969419240951538,0.162350594997406,0.1472589075565338
YPL056C,YER102W,0,-0.09363743,0.09963325411081314,0.162350594997406,0.1473589390516281
YLR061W,YNR033W,0,-0.09371709,0.09957239031791687,0.162350594997406,0.1474589854478836
YKL185W,YDL154W,0,-0.09375914,0.09951160103082657,0.162350594997406,0.1475590169429779
YML016C,YMR036C,1,-0.093873434,0.10006101429462433,0.16334661841392517,0.1475590169429779
YBL038W,YBR028C,0,-0.09387729,0.10000000149011612,0.16334661841392517,0.1476590633392334
YJR054W,YPL006W,0,-0.09392404,0.09993906319141388,0.16334661841392517,0.1477591097354889
YPR057W,YDR168W,0,-0.09398127,0.09987819939851761,0.16334661841392517,0.1478591412305832
YNL145W,YOR192C,0,-0.09402959,0.09981741011142731,0.16334661841392517,0.14795918762683868
YDR212W,YAL028W,0,-0.094228275,0.09975668787956238,0.16334661841392517,0.14805921912193298
YBR065C,YNR024W,0,-0.09423255,0.09969604760408401,0.16334661841392517,0.14815926551818848
YJR153W,YER143W,0,-0.09423927,0.09963548183441162,0.16334661841392517,0.14825929701328278
YPL013C,YDL102W,0,-0.09441157,0.0995749831199646,0.16334661841392517,0.14835934340953827
YML100W,YGR099W,0,-0.09484997,0.09951456636190414,0.16334661841392517,0.14845938980579376
YLR377C,YOL095C,0,-0.09489788,0.09945421665906906,0.16334661841392517,0.14855942130088806
YGL246C,YNR048W,0,-0.09490219,0.09939394146203995,0.16334661841392517,0.14865946769714355
YOR117W,YPR131C,0,-0.0950579,0.0993337407708168,0.16334661841392517,0.14875949919223785
YOR207C,YJR050W,0,-0.09507697,0.09927360713481903,0.16334661841392517,0.14885954558849335
YPR173C,YPL004C,0,-0.095109954,0.09921354800462723,0.16334661841392517,0.14895957708358765
YBR114W,YBR191W,0,-0.095214374,0.09915357083082199,0.16334661841392517,0.14905962347984314
YLR361C,YOL064C,1,-0.09531945,0.09969788789749146,0.16434262692928314,0.14905962347984314
YPL133C,YGR097W,0,-0.09537325,0.09963767975568771,0.16434262692928314,0.14915966987609863
YDR517W,YPL021W,0,-0.095425345,0.09957754611968994,0.16434262692928314,0.14925970137119293
YGR103W,YHR110W,0,-0.09549115,0.09951749444007874,0.16434262692928314,0.14935974776744843
YLR185W,YER129W,0,-0.095552474,0.0994575023651123,0.16434262692928314,0.14945977926254272
YAL009W,YNL010W,1,-0.095571294,0.10000000149011612,0.1653386503458023,0.14945977926254272
YOL055C,YJL083W,0,-0.095716365,0.09993979334831238,0.1653386503458023,0.14955982565879822
YPL224C,YLR055C,0,-0.095738076,0.0998796597123146,0.1653386503458023,0.14965985715389252
YNL054W,YBL008W,0,-0.09574535,0.0998196005821228,0.1653386503458023,0.149759903550148
YEL039C,YJR046W,0,-0.09577315,0.09975961595773697,0.1653386503458023,0.1498599499464035
YOR014W,YDR075W,1,-0.09585095,0.10030029714107513,0.16633465886116028,0.1498599499464035
YJL026W,YDR437W,0,-0.09587038,0.10024009644985199,0.16633465886116028,0.1499599814414978
YML098W,YFL011W,0,-0.09589211,0.10017996281385422,0.16633465886116028,0.1500600278377533
YBR101C,YBR268W,0,-0.095911786,0.10011990368366241,0.16633465886116028,0.1501600593328476
YNL217W,YML016C,1,-0.09597651,0.10065907984972,0.16733068227767944,0.1501600593328476
YNL032W,YFR025C,1,-0.096105345,0.10119760781526566,0.16832669079303741,0.1501600593328476
YNL222W,YBR126C,1,-0.09620586,0.10173548758029938,0.16932271420955658,0.1501600593328476
YML045W,YPR131C,0,-0.09623624,0.1016746386885643,0.16932271420955658,0.1502601057291031
YMR048W,YLL014W,0,-0.09627771,0.10161386430263519,0.16932271420955658,0.1503601372241974
YNR032C-A,YGR078C,0,-0.096406706,0.10155316442251205,0.16932271420955658,0.15046018362045288
YGL243W,YDR406W,0,-0.0965324,0.10149253904819489,0.16932271420955658,0.15056023001670837
YPR173C,YDR246W,0,-0.09654371,0.10143198072910309,0.16932271420955658,0.15066026151180267
YNL133C,YDL087C,0,-0.09656981,0.10137149691581726,0.16932271420955658,0.15076030790805817
YIL113W,YNL325C,1,-0.096687816,0.10190702974796295,0.17031872272491455,0.15076030790805817
YLR011W,YLR409C,0,-0.09682618,0.10184633731842041,0.17031872272491455,0.15086033940315247
YDR148C,YJL127C,0,-0.09692837,0.10178571194410324,0.17031872272491455,0.15096038579940796
YGR120C,YDR176W,0,-0.09697438,0.10172516107559204,0.17031872272491455,0.15106041729450226
YLL016W,YOR078W,0,-0.09711447,0.10166468471288681,0.17031872272491455,0.15116046369075775
YHR215W,YER133W,1,-0.097220264,0.10219845175743103,0.17131474614143372,0.15116046369075775
YLL031C,YJR109C,0,-0.097319335,0.10213776677846909,0.17131474614143372,0.15126051008701324
YHR103W,YML081W,0,-0.09740131,0.10207714885473251,0.17131474614143372,0.15136054158210754
YPR037C,YGL105W,0,-0.0974228,0.10201660543680191,0.17131474614143372,0.15146058797836304
YGL058W,YBR162C,0,-0.09749778,0.10195613652467728,0.17131474614143372,0.15156061947345734
YER100W,YHR118C,0,-0.09759371,0.10189573466777802,0.17131474614143372,0.15166066586971283
YDL072C,YDR021W,0,-0.097664185,0.10183540731668472,0.17131474614143372,0.15176069736480713
YOR068C,YNL123W,0,-0.097678326,0.1017751470208168,0.17131474614143372,0.15186074376106262
YDL047W,YBL056W,1,-0.09779083,0.10230632871389389,0.1723107546567917,0.15186074376106262
YKR095W,YJL001W,0,-0.09787386,0.10224585980176926,0.1723107546567917,0.15196079015731812
YDR345C,YLR239C,0,-0.09788183,0.10218547284603119,0.1723107546567917,0.15206082165241241
YOR372C,YDR041W,0,-0.09791071,0.1021251454949379,0.1723107546567917,0.1521608680486679
YMR234W,YJR150C,0,-0.09793222,0.10206490010023117,0.1723107546567917,0.1522608995437622
YNL020C,YIR026C,0,-0.09794681,0.10200471431016922,0.1723107546567917,0.1523609459400177
YBR069C,YBR146W,0,-0.097977675,0.10194461047649384,0.1723107546567917,0.152460977435112
YHR139C,YGL105W,0,-0.098308414,0.10188457369804382,0.1723107546567917,0.1525610238313675
YLR019W,YHL006C,0,-0.09840243,0.10182460397481918,0.1723107546567917,0.15266107022762299
YDR078C,YDR395W,0,-0.0984546,0.10176470875740051,0.1723107546567917,0.15276110172271729
YHR111W,YHR080C,0,-0.09854455,0.10170488059520721,0.1723107546567917,0.15286114811897278
YGL104C,YBL035C,0,-0.09854672,0.10164512693881989,0.1723107546567917,0.15296117961406708
YIL118W,YLL057C,0,-0.0986004,0.10158544033765793,0.1723107546567917,0.15306122601032257
YGR244C,YGL139W,0,-0.09870185,0.10152582079172134,0.1723107546567917,0.15316125750541687
YMR322C,YKL099C,0,-0.098732375,0.10146627575159073,0.1723107546567917,0.15326130390167236
YGR055W,YHR142W,0,-0.09887687,0.10140679776668549,0.1723107546567917,0.15336135029792786
YNL132W,YOL103W-A,0,-0.09902958,0.10134739428758621,0.1723107546567917,0.15346138179302216
YDR201W,YDR259C,0,-0.09916086,0.10128805786371231,0.1723107546567917,0.15356142818927765
YPR134W,YKL043W,0,-0.09927737,0.10122878849506378,0.1723107546567917,0.15366145968437195
YGR099W,YBR131W,0,-0.09947418,0.10116959363222122,0.1723107546567917,0.15376150608062744
YMR226C,YPL248C,0,-0.099631295,0.10111045837402344,0.1723107546567917,0.15386153757572174
YCR035C,YPR120C,0,-0.0996696,0.10105140507221222,0.1723107546567917,0.15396158397197723
YNL094W,YNL118C,0,-0.09989632,0.10099241137504578,0.1723107546567917,0.15406163036823273
YJL094C,YNL048W,0,-0.09991933,0.1009334921836853,0.1723107546567917,0.15416166186332703
YML107C,YDR092W,0,-0.099956386,0.1008746325969696,0.1723107546567917,0.15426170825958252
YOR109W,YOR208W,1,-0.099998556,0.10139860212802887,0.17330677807331085,0.15426170825958252
YOR249C,YER127W,0,-0.100077756,0.10133954882621765,0.17330677807331085,0.15436173975467682
YBR189W,YOR172W,0,-0.100089364,0.10128055512905121,0.17330677807331085,0.1544617861509323
YBR101C,YPL179W,0,-0.10014156,0.10122164338827133,0.17330677807331085,0.1545618176460266
YHR158C,YBR034C,0,-0.10019404,0.10116279125213623,0.17330677807331085,0.1546618640422821
YKL062W,YAR042W,0,-0.100286245,0.1011040061712265,0.17330677807331085,0.1547619104385376
YIL030C,YBR045C,0,-0.10030129,0.10104529559612274,0.17330677807331085,0.1548619419336319
YCL044C,YER127W,0,-0.10032821,0.10098665207624435,0.17330677807331085,0.1549619883298874
YCL016C,YDR384C,0,-0.10053035,0.10092807561159134,0.17330677807331085,0.1550620198249817
YJR153W,YPL210C,0,-0.10053182,0.1008695662021637,0.17330677807331085,0.15516206622123718
YNL250W,YKL043W,0,-0.100625634,0.10081112384796143,0.17330677807331085,0.15526209771633148
YDR439W,YDR234W,0,-0.10067584,0.10075274854898453,0.17330677807331085,0.15536214411258698
YOL078W,YKL040C,0,-0.10090008,0.1006944477558136,0.17330677807331085,0.15546219050884247
YEL027W,YPL189W,0,-0.10099497,0.10063620656728745,0.17330677807331085,0.15556222200393677
YDR007W,YKR100C,0,-0.101071075,0.10057803243398666,0.17330677807331085,0.15566226840019226
YNL294C,YGR017W,0,-0.10128137,0.10051993280649185,0.17330677807331085,0.15576229989528656
YOR014W,YMR277W,1,-0.101303436,0.10103926062583923,0.17430278658866882,0.15576229989528656
YOL116W,YPL161C,0,-0.101333514,0.1009809598326683,0.17430278658866882,0.15586234629154205
YER033C,YBR146W,0,-0.10134981,0.10092271864414215,0.17430278658866882,0.15596237778663635
YAL011W,YPL207W,0,-0.10135428,0.10086455196142197,0.17430278658866882,0.15606242418289185
YFL056C,YGL171W,0,-0.10140485,0.10080645233392715,0.17430278658866882,0.15616247057914734
YGR174C,YGR057C,0,-0.101443656,0.10074841976165771,0.17430278658866882,0.15626250207424164
YOR266W,YNL041C,0,-0.10153171,0.10069044679403305,0.17430278658866882,0.15636254847049713
YBR107C,YNL216W,0,-0.101539515,0.10063254833221436,0.17430278658866882,0.15646257996559143
YPL001W,YPL253C,0,-0.10162757,0.10057470947504044,0.17430278658866882,0.15656262636184692
YGR103W,YNL288W,0,-0.10164569,0.10051694512367249,0.17430278658866882,0.15666265785694122
YER072W,YKL134C,0,-0.10171233,0.10045924037694931,0.17430278658866882,0.15676270425319672
YPR106W,YNL076W,0,-0.10177613,0.1004016101360321,0.17430278658866882,0.1568627506494522
YHR035W,YHR033W,0,-0.10180216,0.10034403949975967,0.17430278658866882,0.1569627821445465
YOL069W,YLR181C,0,-0.101996765,0.10028653591871262,0.17430278658866882,0.157062828540802
YMR313C,YCL064C,0,-0.102046765,0.10022909194231033,0.17430278658866882,0.1571628600358963
YDR210C-D,YPR120C,0,-0.10206541,0.10017172247171402,0.17430278658866882,0.1572629064321518
YCR018C,YPR133C,0,-0.102125816,0.10011442005634308,0.17430278658866882,0.1573629379272461
YGL224C,YER089C,1,-0.10215574,0.10062892735004425,0.175298810005188,0.1573629379272461
YDL235C,YML047C,0,-0.10219162,0.10057143121957779,0.175298810005188,0.1574629843235016
YKR078W,YMR242C,0,-0.10219418,0.1005139946937561,0.175298810005188,0.15756303071975708
YDR067C,YMR180C,1,-0.10230806,0.10102739930152893,0.17629481852054596,0.15756303071975708
YOR267C,YBR028C,0,-0.102397725,0.10096976906061172,0.17629481852054596,0.15766306221485138
YDR210C-D,YHR139C,0,-0.102475025,0.1009121984243393,0.17629481852054596,0.15776310861110687
YGL189C,YNL045W,0,-0.10264646,0.10085470229387283,0.17629481852054596,0.15786314010620117
YMR110C,YER159C,0,-0.10269235,0.10079726576805115,0.17629481852054596,0.15796318650245667
YCL044C,YDR359C,0,-0.10301222,0.10073989629745483,0.17629481852054596,0.15806321799755096
YOR191W,YLL018C-A,0,-0.103210665,0.10068259388208389,0.17629481852054596,0.15816326439380646
YPL137C,YKL099C,0,-0.10321731,0.10062535852193832,0.17629481852054596,0.15826331079006195
YML016C,YNR032W,1,-0.1032834,0.10113636404275894,0.17729084193706512,0.15826331079006195
YHR090C,YNL287W,0,-0.1034893,0.10107893496751785,0.17729084193706512,0.15836334228515625
YBR119W,YHR138C,0,-0.10353742,0.10102156549692154,0.17729084193706512,0.15846338868141174
YCR035C,YKL032C,0,-0.103562705,0.1009642630815506,0.17729084193706512,0.15856342017650604
YDR145W,YGR007W,0,-0.103646494,0.10090702772140503,0.17729084193706512,0.15866346657276154
YBR125C,YHR046C,1,-0.10366472,0.10141643136739731,0.1782868504524231,0.15866346657276154
YKR053C,YPL253C,0,-0.10374638,0.10135900229215622,0.1782868504524231,0.15876349806785583
YDR490C,YNL278W,0,-0.10388298,0.1013016402721405,0.1782868504524231,0.15886354446411133
YPL248C,YNL063W,0,-0.1039298,0.10124434530735016,0.1782868504524231,0.15896359086036682
YER031C,YML081W,0,-0.10393238,0.10118710994720459,0.1782868504524231,0.15906362235546112
YLR363C,YCR106W,0,-0.10407793,0.1011299416422844,0.1782868504524231,0.1591636687517166
YJL059W,YPR161C,0,-0.10444253,0.10107284039258957,0.1782868504524231,0.1592637002468109
YOR372C,YBR131W,0,-0.104461074,0.10101579874753952,0.1782868504524231,0.1593637466430664
YPL141C,YGR266W,0,-0.10453799,0.10095882415771484,0.1782868504524231,0.1594637781381607
YIL147C,YNL055C,0,-0.10454158,0.10090191662311554,0.1782868504524231,0.1595638245344162
YGR205W,YGR283C,0,-0.1045936,0.10084506869316101,0.1782868504524231,0.1596638709306717
YLR004C,YPL210C,0,-0.104707934,0.10078828781843185,0.1782868504524231,0.159763902425766
YOL144W,YFR049W,0,-0.104709364,0.10073156654834747,0.1782868504524231,0.15986394882202148
YPR073C,YOR155C,1,-0.10480069,0.10123734176158905,0.17928287386894226,0.15986394882202148
YKL052C,YML016C,0,-0.10487864,0.10118044167757034,0.17928287386894226,0.15996398031711578
YPL036W,YPL021W,0,-0.10488078,0.10112359374761581,0.17928287386894226,0.16006402671337128
YPL210C,YMR237W,0,-0.10495057,0.10106681287288666,0.17928287386894226,0.16016405820846558
YMR274C,YNL142W,0,-0.1050848,0.10101009905338287,0.17928287386894226,0.16026410460472107
YGL005C,YDR025W,0,-0.1052109,0.10095345228910446,0.17928287386894226,0.16036415100097656
YOR250C,YNL068C,0,-0.10526218,0.10089685767889023,0.17928287386894226,0.16046418249607086
YMR234W,YKL099C,0,-0.105394654,0.10084033757448196,0.17928287386894226,0.16056422889232635
YJL089W,YOL059W,0,-0.10548846,0.10078387707471848,0.17928287386894226,0.16066426038742065
YKL155C,YKL081W,0,-0.10549357,0.10072747617959976,0.17928287386894226,0.16076430678367615
YNR032C-A,YDR309C,0,-0.10556705,0.10067114233970642,0.17928287386894226,0.16086435317993164
YBR153W,YJL003W,0,-0.10559471,0.10061486810445786,0.17928287386894226,0.16096438467502594
YER038C,YMR149W,0,-0.10576653,0.10055866092443466,0.17928287386894226,0.16106443107128143
YDR345C,YBL091C,0,-0.105825014,0.10050251334905624,0.17928287386894226,0.16116446256637573
YHR197W,YKL079W,0,-0.10585631,0.1004464253783226,0.17928287386894226,0.16126450896263123
YHL017W,YFR025C,0,-0.105885215,0.10039040446281433,0.17928287386894226,0.16136454045772552
YHR139C,YJR108W,0,-0.10589256,0.10033445060253143,0.17928287386894226,0.16146458685398102
YDR204W,YOR271C,0,-0.10590438,0.10027854889631271,0.17928287386894226,0.1615646332502365
YFR047C,YHR120W,0,-0.105919994,0.10022271424531937,0.17928287386894226,0.1616646647453308
YMR105C,YLR263W,0,-0.10595187,0.10016694664955139,0.17928287386894226,0.1617647111415863
YGL196W,YPL130W,0,-0.105993606,0.1001112312078476,0.17928287386894226,0.1618647426366806
YLR377C,YNL156C,0,-0.106118806,0.10005558282136917,0.17928287386894226,0.1619647890329361
YDL100C,YGR120C,0,-0.10613852,0.10000000149011612,0.17928287386894226,0.1620648205280304
YJR054W,YJL083W,0,-0.106215514,0.09994447231292725,0.17928287386894226,0.1621648669242859
YER041W,YMR009W,0,-0.106253035,0.09988901019096375,0.17928287386894226,0.16226491332054138
YOR320C,YGR244C,0,-0.10628279,0.09983360767364502,0.17928287386894226,0.16236494481563568
YLR189C,YCL039W,0,-0.10629999,0.09977827221155167,0.17928287386894226,0.16246499121189117
YMR063W,YGL240W,0,-0.106321946,0.09972298890352249,0.17928287386894226,0.16256502270698547
YJR150C,YKL052C,0,-0.106431395,0.09966777265071869,0.17928287386894226,0.16266506910324097
YML098W,YGL115W,0,-0.10644191,0.09961261600255966,0.17928287386894226,0.16276510059833527
YNL099C,YOR109W,1,-0.10657758,0.10011062026023865,0.18027888238430023,0.16276510059833527
YGR099W,YDR204W,0,-0.10658373,0.1000552773475647,0.18027888238430023,0.16286514699459076
YBR069C,YGL194C,0,-0.10660099,0.10000000149011612,0.18027888238430023,0.16296519339084625
YJL167W,YNL029C,0,-0.106717184,0.09994478523731232,0.18027888238430023,0.16306522488594055
YDR098C-A,YIL068C,0,-0.106872074,0.09988962113857269,0.18027888238430023,0.16316527128219604
YOR090C,YER133W,1,-0.10693336,0.10038609802722931,0.1812749058008194,0.16316527128219604
YJR050W,YPR141C,0,-0.10694676,0.10033076256513596,0.1812749058008194,0.16326530277729034
YOL121C,YNL029C,0,-0.106967054,0.10027547925710678,0.1812749058008194,0.16336534917354584
YDR292C,YFR038W,0,-0.10697215,0.10022026300430298,0.1812749058008194,0.16346538066864014
YEL019C,YOL069W,0,-0.10697501,0.10016510635614395,0.1812749058008194,0.16356542706489563
YPR173C,YBL051C,0,-0.106997095,0.1001100093126297,0.1812749058008194,0.16366547346115112
YFR016C,YGR004W,0,-0.10706321,0.10005497187376022,0.1812749058008194,0.16376550495624542
YLR433C,YGR123C,1,-0.10719008,0.10054945200681686,0.18227091431617737,0.16376550495624542
YHR073W,YDR005C,0,-0.10728153,0.10049423575401306,0.18227091431617737,0.16386555135250092
YOR264W,YDR080W,0,-0.10729789,0.10043907910585403,0.18227091431617737,0.16396558284759521
YGR181W,YPL130W,0,-0.10732045,0.10038398206233978,0.18227091431617737,0.1640656292438507
YLR092W,YDR005C,0,-0.10735706,0.1003289446234703,0.18227091431617737,0.164165660738945
YKL149C,YGR080W,0,-0.10740747,0.1002739742398262,0.18227091431617737,0.1642657071352005
YDR300C,YGR224W,0,-0.1074434,0.10021905601024628,0.18227091431617737,0.164365753531456
YER176W,YDR300C,0,-0.107451044,0.10016420483589172,0.18227091431617737,0.1644657850265503
YNL130C,YOR086C,0,-0.10758769,0.10010940581560135,0.18227091431617737,0.1645658314228058
YGL144C,YGL078C,0,-0.10775564,0.10005467385053635,0.18227091431617737,0.16466586291790009
YDL175C,YDL046W,0,-0.10781016,0.10000000149011612,0.18227091431617737,0.16476590931415558
YDR345C,YDR078C,0,-0.107828625,0.09994538873434067,0.18227091431617737,0.16486594080924988
YPR067W,YOL042W,0,-0.10783545,0.0998908281326294,0.18227091431617737,0.16496598720550537
YIL052C,YMR156C,0,-0.10800031,0.0998363345861435,0.18227091431617737,0.16506603360176086
YDR345C,YHL050C,0,-0.10820423,0.09978190064430237,0.18227091431617737,0.16516606509685516
YDR176W,YMR156C,0,-0.108221136,0.09972751885652542,0.18227091431617737,0.16526611149311066
YDR098C,YGR129W,0,-0.10828959,0.09967320412397385,0.18227091431617737,0.16536614298820496
YDL117W,YGL127C,0,-0.10829714,0.09961894154548645,0.18227091431617737,0.16546618938446045
YER149C,YDR359C,0,-0.10832728,0.09956474602222443,0.18227091431617737,0.16556622087955475
YFL056C,YOR157C,0,-0.108337305,0.09951060265302658,0.18227091431617737,0.16566626727581024
YMR153W,YHL021C,0,-0.10838892,0.09945651888847351,0.18227091431617737,0.16576631367206573
YOR249C,YKL079W,0,-0.108446114,0.09940250217914581,0.18227091431617737,0.16586634516716003
YDR372C,YOR060C,0,-0.108491935,0.0993485376238823,0.18227091431617737,0.16596639156341553
YLR239C,YBR114W,0,-0.10857009,0.09929462522268295,0.18227091431617737,0.16606642305850983
YHR103W,YPL006W,0,-0.1090051,0.09924077987670898,0.18227091431617737,0.16616646945476532
YER100W,YIL056W,0,-0.10924349,0.09918699413537979,0.18227091431617737,0.16626650094985962
YGR204W,YBL087C,0,-0.109802015,0.09913326054811478,0.18227091431617737,0.1663665473461151
YFR010W,YGR044C,0,-0.1098152,0.09907958656549454,0.18227091431617737,0.1664665937423706
YKR085C,YBR049C,0,-0.1098688,0.09902597218751907,0.18227091431617737,0.1665666252374649
YHR146W,YMR158W,0,-0.1098813,0.09897241741418839,0.18227091431617737,0.1666666716337204
YDR325W,YGR109W-A,0,-0.11002942,0.09891892224550247,0.18227091431617737,0.1667667031288147
YLR377C,YOR208W,1,-0.11005005,0.09940572828054428,0.18326693773269653,0.1667667031288147
YDR361C,YCR091W,0,-0.110101834,0.09935205429792404,0.18326693773269653,0.1668667495250702
YLR258W,YKL110C,0,-0.11012464,0.09929843246936798,0.18326693773269653,0.1669667810201645
YHR108W,YER159C,0,-0.11014723,0.09924487769603729,0.18326693773269653,0.16706682741641998
YHR165C,YKL043W,0,-0.11019193,0.09919137507677078,0.18326693773269653,0.16716687381267548
YMR192W,YDR464W,0,-0.11021172,0.09913793206214905,0.18326693773269653,0.16726690530776978
YOR018W,YNL181W,0,-0.11021442,0.09908454865217209,0.18326693773269653,0.16736695170402527
YHR103W,YHL050C,0,-0.11028298,0.09903121739625931,0.18326693773269653,0.16746698319911957
YGR205W,YPR120C,0,-0.110617466,0.0989779457449913,0.18326693773269653,0.16756702959537506
YNL214W,YCR035C,0,-0.11064323,0.09892473369836807,0.18326693773269653,0.16766706109046936
YAR033W,YCR021C,0,-0.110697344,0.09887157380580902,0.18326693773269653,0.16776710748672485
YPR067W,YKL032C,0,-0.111137345,0.09881847351789474,0.18326693773269653,0.16786715388298035
YHR169W,YOL095C,0,-0.11131514,0.09876543283462524,0.18326693773269653,0.16796718537807465
YJR120W,YDR381W,0,-0.1113425,0.09871244430541992,0.18326693773269653,0.16806723177433014
YOR266W,YLR417W,0,-0.111418135,0.09865951538085938,0.18326693773269653,0.16816726326942444
YDR317W,YPL006W,0,-0.111549325,0.0986066460609436,0.18326693773269653,0.16826730966567993
YGR193C,YIL030C,0,-0.1115611,0.09855382889509201,0.18326693773269653,0.16836734116077423
YDR268W,YNL164C,0,-0.111625865,0.09850107133388519,0.18326693773269653,0.16846738755702972
YGL087C,YDR407C,0,-0.11166268,0.09844836592674255,0.18326693773269653,0.16856743395328522
YLR085C,YLR377C,0,-0.1117307,0.09839572012424469,0.18326693773269653,0.16866746544837952
YFR014C,YLR466W,0,-0.111813165,0.0983431339263916,0.18326693773269653,0.168767511844635
YPL058C,YDL211C,0,-0.11184605,0.09829059988260269,0.18326693773269653,0.1688675433397293
YGR109W-A,YER178W,0,-0.1119209,0.09823811799287796,0.18326693773269653,0.1689675897359848
YPR106W,YPL056C,0,-0.111962214,0.098185695707798,0.18326693773269653,0.1690676212310791
YFL049W,YCL035C,0,-0.112006724,0.09813333302736282,0.18326693773269653,0.1691676676273346
YKL058W,YLR115W,0,-0.112016134,0.09808102250099182,0.18326693773269653,0.1692677140235901
YPR161C,YGR040W,0,-0.112024285,0.0980287715792656,0.18326693773269653,0.1693677455186844
YPL179W,YLR345W,1,-0.11206091,0.0985090509057045,0.1842629462480545,0.1693677455186844
YDR308C,YMR156C,0,-0.112098046,0.09845662862062454,0.1842629462480545,0.16946779191493988
YDR398W,YHR014W,0,-0.112219594,0.09840425848960876,0.1842629462480545,0.16956782341003418
YDR427W,YOL029C,0,-0.11222846,0.09835194051265717,0.1842629462480545,0.16966786980628967
YJR120W,YER028C,0,-0.112232424,0.09829968214035034,0.1842629462480545,0.16976790130138397
YEL006W,YML047C,0,-0.11240423,0.0982474759221077,0.1842629462480545,0.16986794769763947
YDR516C,YBR254C,0,-0.11245102,0.09819532930850983,0.1842629462480545,0.16996799409389496
YJL059W,YPL133C,0,-0.11253848,0.09814323484897614,0.1842629462480545,0.17006802558898926
YMR215W,YPR097W,0,-0.11268819,0.09809119999408722,0.1842629462480545,0.17016807198524475
YBR218C,YLR460C,0,-0.11272485,0.09803921729326248,0.1842629462480545,0.17026810348033905
YML067C,YIL106W,0,-0.11287025,0.09798728674650192,0.1842629462480545,0.17036814987659454
YDR175C,YOR241W,0,-0.11290979,0.09793541580438614,0.1842629462480545,0.17046818137168884
YOL121C,YNL173C,0,-0.11295421,0.09788359701633453,0.1842629462480545,0.17056822776794434
YOL126C,YER038C,0,-0.11305875,0.0978318378329277,0.1842629462480545,0.17066827416419983
YER044C-A,YPL168W,0,-0.11307906,0.09778012335300446,0.1842629462480545,0.17076830565929413
YFL011W,YGL018C,0,-0.11308435,0.09772847592830658,0.1842629462480545,0.17086835205554962
YFR040W,YDR067C,1,-0.113268055,0.09820485860109329,0.18525896966457367,0.17086835205554962
YPL126W,YML004C,0,-0.11333556,0.09815303236246109,0.18525896966457367,0.17096838355064392
YJL162C,YDR105C,0,-0.11347333,0.09810126572847366,0.18525896966457367,0.17106842994689941
YMR072W,YJL179W,0,-0.11350099,0.09804955124855042,0.18525896966457367,0.1711684614419937
YLR004C,YHR139C,0,-0.11360514,0.09799788892269135,0.18525896966457367,0.1712685078382492
YLL048C,YHR133C,0,-0.113612406,0.09794628620147705,0.18525896966457367,0.1713685542345047
YDR381W,YOL135C,0,-0.113641195,0.09789473563432693,0.18525896966457367,0.171468585729599
YML101C,YKR088C,0,-0.11373306,0.097843237221241,0.18525896966457367,0.1715686321258545
YFR031C-A,YPL137C,0,-0.11374251,0.09779179841279984,0.18525896966457367,0.1716686636209488
YAL011W,YJR123W,0,-0.11376427,0.09774041175842285,0.18525896966457367,0.17176871001720428
YFR016C,YGR253C,0,-0.113836415,0.09768907725811005,0.18525896966457367,0.17186874151229858
YOR359W,YDR365W-A,0,-0.11396442,0.09763779491186142,0.18525896966457367,0.17196878790855408
YLR377C,YPL228W,1,-0.11397744,0.09811122715473175,0.18625497817993164,0.17196878790855408
YIL137C,YJL197W,0,-0.11405698,0.09805978089570999,0.18625497817993164,0.17206883430480957
YDL230W,YMR041C,0,-0.114073314,0.09800838679075241,0.18625497817993164,0.17216886579990387
YEL048C,YGL045W,0,-0.1141889,0.09795704483985901,0.18625497817993164,0.17226891219615936
YJL096W,YDR244W,0,-0.11419447,0.09790576249361038,0.18625497817993164,0.17236894369125366
YKR053C,YLR011W,0,-0.11428336,0.09785452485084534,0.18625497817993164,0.17246899008750916
YDR513W,YGL027C,0,-0.11447752,0.09780334681272507,0.18625497817993164,0.17256902158260345
YER062C,YBR254C,0,-0.11451355,0.09775222092866898,0.18625497817993164,0.17266906797885895
YOR068C,YOR113W,0,-0.114549376,0.09770114719867706,0.18625497817993164,0.17276911437511444
YLR234W,YDL243C,0,-0.11457788,0.09765013307332993,0.18625497817993164,0.17286914587020874
YOR068C,YDL139C,0,-0.11469106,0.09759916365146637,0.18625497817993164,0.17296919226646423
YLR442C,YMR101C,0,-0.11477891,0.09754825383424759,0.18625497817993164,0.17306922376155853
YDR091C,YHR037W,0,-0.11506667,0.09749739617109299,0.18625497817993164,0.17316927015781403
YER063W,YHR214W,0,-0.11521498,0.09744658321142197,0.18625497817993164,0.17326930165290833
YHR169W,YOR258W,0,-0.11525469,0.09739582985639572,0.18625497817993164,0.17336934804916382
YDL135C,YPL253C,0,-0.11548872,0.09734513610601425,0.18625497817993164,0.1734693944454193
YDR471W,YEL039C,0,-0.11590513,0.09729448705911636,0.18625497817993164,0.1735694259405136
YNL194C,YER071C,0,-0.11591483,0.09724389016628265,0.18625497817993164,0.1736694723367691
YPR173C,YIL098C,0,-0.115944386,0.09719334542751312,0.18625497817993164,0.1737695038318634
YHR185C,YER060W-A,0,-0.11597281,0.09714286029338837,0.18625497817993164,0.1738695502281189
YJR109C,YBL100W-B,0,-0.11597761,0.09709241986274719,0.18625497817993164,0.1739695817232132
YGR123C,YDR074W,1,-0.11601911,0.09756097197532654,0.1872510015964508,0.1739695817232132
YPR158W-B,YDL106C,0,-0.116080835,0.09751037508249283,0.1872510015964508,0.1740696281194687
YOR156C,YGL064C,0,-0.116090834,0.0974598228931427,0.1872510015964508,0.17416967451572418
YNL222W,YNL032W,1,-0.11611799,0.09792745858430862,0.18824701011180878,0.17416967451572418
YBR279W,YDR257C,0,-0.11611927,0.09787674993276596,0.18824701011180878,0.17426970601081848
YOR330C,YNR033W,0,-0.116136484,0.09782608598470688,0.18824701011180878,0.17436975240707397
YOR109W,YBR092C,1,-0.11614057,0.09829281270503998,0.18924303352832794,0.17436975240707397
YPL120W,YGL127C,0,-0.11623634,0.09824198484420776,0.18924303352832794,0.17446978390216827
YDR129C,YKR077W,0,-0.11624443,0.09819121658802032,0.18924303352832794,0.17456983029842377
YAL015C,YJR048W,0,-0.116353594,0.09814049303531647,0.18924303352832794,0.17466986179351807
YER023W,YKL002W,0,-0.116359316,0.09808982908725739,0.18924303352832794,0.17476990818977356
YMR215W,YPL100W,0,-0.11638131,0.09803921729326248,0.18924303352832794,0.17486995458602905
YPL021W,YJL168C,0,-0.116502225,0.09798865765333176,0.18924303352832794,0.17496998608112335
YJR123W,YPL224C,0,-0.11664067,0.09793814271688461,0.18924303352832794,0.17507003247737885
YIL037C,YBR028C,0,-0.11665233,0.09788768738508224,0.18924303352832794,0.17517006397247314
YDR098C-B,YCR106W,0,-0.11666223,0.09783728420734406,0.18924303352832794,0.17527011036872864
YHR157W,YIL167W,0,-0.11667388,0.09778692573308945,0.18924303352832794,0.17537014186382294
YAL028W,YNL059C,0,-0.1167781,0.09773662686347961,0.18924303352832794,0.17547018826007843
YPL176C,YKL054C,0,-0.11688437,0.09768637269735336,0.18924303352832794,0.17557023465633392
YNL284C-B,YHR073W,0,-0.11694254,0.09763617813587189,0.18924303352832794,0.17567026615142822
YBR038W,YPR133C,0,-0.11700249,0.09758602827787399,0.18924303352832794,0.17577031254768372
YNL164C,YPR133C,0,-0.11706411,0.09753593057394028,0.18924303352832794,0.17587034404277802
YML107C,YDR150W,0,-0.11710256,0.09748589247465134,0.18924303352832794,0.1759703904390335
YDR227W,YKL051W,0,-0.11719363,0.09743589907884598,0.18924303352832794,0.1760704219341278
YPR155C,YPL161C,0,-0.117326505,0.0973859578371048,0.18924303352832794,0.1761704683303833
YNL199C,YPL006W,0,-0.117389165,0.0973360687494278,0.18924303352832794,0.1762705147266388
YJL001W,YDR395W,0,-0.11747957,0.09728622436523438,0.18924303352832794,0.1763705462217331
YDR323C,YCL051W,0,-0.117522985,0.09723643958568573,0.18924303352832794,0.1764705926179886
YGL098W,YNR038W,0,-0.11756084,0.09718669950962067,0.18924303352832794,0.17657062411308289
YIL120W,YDR365C,0,-0.11762082,0.09713701158761978,0.18924303352832794,0.17667067050933838
YDR210C-D,YKL197C,0,-0.11784553,0.09708737581968307,0.18924303352832794,0.17677070200443268
YLR284C,YLR260W,0,-0.11787393,0.09703779220581055,0.18924303352832794,0.17687074840068817
YER093C,YKR049C,0,-0.11793679,0.0969882607460022,0.18924303352832794,0.17697079479694366
YNL137C,YLR017W,0,-0.11810506,0.09693877398967743,0.18924303352832794,0.17707082629203796
YER028C,YIL167W,0,-0.11823099,0.09688933938741684,0.18924303352832794,0.17717087268829346
YLR019W,YPL006W,0,-0.11823545,0.09683995693922043,0.18924303352832794,0.17727090418338776
YJL167W,YLR017W,0,-0.11825718,0.0967906266450882,0.18924303352832794,0.17737095057964325
YGL028C,YOR330C,0,-0.11841331,0.09674134105443954,0.18924303352832794,0.17747098207473755
YGR080W,YOL029C,0,-0.11843581,0.09669211506843567,0.18924303352832794,0.17757102847099304
YBR279W,YEL006W,0,-0.11848225,0.09664292633533478,0.18924303352832794,0.17767107486724854
YOR011W,YGL198W,0,-0.118500106,0.09659379720687866,0.18924303352832794,0.17777110636234283
YER062C,YLR037C,0,-0.118509814,0.09654471278190613,0.18924303352832794,0.17787115275859833
YOR236W,YGR244C,0,-0.11854657,0.09649568051099777,0.18924303352832794,0.17797118425369263
YNL284C-B,YJR108W,0,-0.118548505,0.0964467003941536,0.18924303352832794,0.17807123064994812
YGL246C,YML057W,0,-0.118568495,0.096397764980793,0.18924303352832794,0.17817126214504242
YGL104C,YKR079C,0,-0.11864665,0.09634888172149658,0.18924303352832794,0.1782713085412979
YJL057C,YOL059W,0,-0.118745156,0.09630005061626434,0.18924303352832794,0.1783713549375534
YHL003C,YER159C,0,-0.11874574,0.09625126421451569,0.18924303352832794,0.1784713864326477
YMR180C,YDR284C,1,-0.1187639,0.09670886397361755,0.1902390420436859,0.1784713864326477
YJL179W,YPL189W,0,-0.11892612,0.09665992110967636,0.1902390420436859,0.1785714328289032
YNL103W,YNL318C,0,-0.11908985,0.09661103039979935,0.1902390420436859,0.1786714643239975
YDR503C,YNL128W,1,-0.11910452,0.09706774353981018,0.19123506546020508,0.1786714643239975
YFR038W,YNL065W,0,-0.11910518,0.09701869636774063,0.19123506546020508,0.178771510720253
YBR279W,YPR067W,0,-0.11911803,0.09696969389915466,0.19123506546020508,0.1788715422153473
YMR165C,YER089C,1,-0.11922853,0.09742554277181625,0.19223107397556305,0.1788715422153473
YIL167W,YCL035C,0,-0.119324185,0.09737638384103775,0.19223107397556305,0.17897158861160278
YLR377C,YNL217W,1,-0.119372316,0.09783156961202621,0.19322709739208221,0.17897158861160278
YDL105W,YLL018C-A,0,-0.11943111,0.09778226166963577,0.19322709739208221,0.17907163500785828
YLR118C,YGR122W,0,-0.11954085,0.09773299843072891,0.19322709739208221,0.17917166650295258
YDR422C,YBR005W,0,-0.11964604,0.09768378734588623,0.19322709739208221,0.17927171289920807
YNL317W,YDR087C,0,-0.11967767,0.09763462841510773,0.19322709739208221,0.17937174439430237
YER093C,YGL238W,0,-0.11972434,0.0975855141878128,0.19322709739208221,0.17947179079055786
YDR367W,YJR108W,0,-0.119800836,0.09753645211458206,0.19322709739208221,0.17957182228565216
YHL038C,YMR055C,0,-0.11982647,0.0974874347448349,0.19322709739208221,0.17967186868190765
YLR059C,YMR009W,0,-0.11989572,0.09743846952915192,0.19322709739208221,0.17977191507816315
YFR031C-A,YOR087W,0,-0.11996888,0.09738955646753311,0.19322709739208221,0.17987194657325745
YDL047W,YAR071W,1,-0.12010067,0.09784244745969772,0.19422310590744019,0.17987194657325745
YGR212W,YPL253C,0,-0.120112486,0.09779337793588638,0.19422310590744019,0.17997199296951294
YLR277C,YDL149W,0,-0.12014433,0.09774436056613922,0.19422310590744019,0.18007202446460724
YGR109W-A,YJR052W,0,-0.12015603,0.09769538789987564,0.19422310590744019,0.18017207086086273
YCL068C,YDL106C,0,-0.1201948,0.09764646738767624,0.19422310590744019,0.18027210235595703
YDR007W,YPL117C,0,-0.12019742,0.09759759902954102,0.19422310590744019,0.18037214875221252
YML127W,YDR045C,0,-0.120206974,0.09754877537488937,0.19422310590744019,0.18047219514846802
YOL023W,YHR006W,0,-0.12052867,0.09749999642372131,0.19422310590744019,0.18057222664356232
YGR217W,YER167W,0,-0.12054618,0.09745127707719803,0.19422310590744019,0.1806722730398178
YDR210C-D,YPL137C,0,-0.12059323,0.09740259498357773,0.19422310590744019,0.1807723045349121
YDL243C,YDL119C,0,-0.12066888,0.0973539724946022,0.19422310590744019,0.1808723509311676
YLR131C,YML076C,0,-0.12066945,0.09730538725852966,0.19422310590744019,0.1809723824262619
YLR258W,YNL123W,0,-0.12076074,0.0972568541765213,0.19422310590744019,0.1810724288225174
YNL250W,YHR214W,0,-0.12100789,0.09720837324857712,0.19422310590744019,0.1811724752187729
YNL056W,YGR161C-D,0,-0.121009015,0.09715993702411652,0.19422310590744019,0.1812725067138672
YOR131C,YML057W,1,-0.12115062,0.09760956466197968,0.19521912932395935,0.1812725067138672
YEL019C,YOL023W,0,-0.12118397,0.09756097197532654,0.19521912932395935,0.18137255311012268
YLL018C,YGR161C,0,-0.12118771,0.09751243889331818,0.19521912932395935,0.18147258460521698
YCR106W,YML031W,0,-0.12124259,0.0974639505147934,0.19521912932395935,0.18157263100147247
YML013W,YER127W,0,-0.121295944,0.0974155068397522,0.19521912932395935,0.18167266249656677
YHR044C,YKL152C,1,-0.121385865,0.09786388278007507,0.19621513783931732,0.18167266249656677
YPR180W,YER032W,0,-0.12141469,0.09781529009342194,0.19621513783931732,0.18177270889282227
YJR102C,YCR065W,0,-0.12146465,0.09776674956083298,0.19621513783931732,0.18187275528907776
YGR283C,YDL154W,0,-0.12152496,0.0977182537317276,0.19621513783931732,0.18197278678417206
YOR252W,YGL006W,0,-0.121715225,0.0976698100566864,0.19621513783931732,0.18207283318042755
YER044C-A,YMR156C,0,-0.12185853,0.09762140363454819,0.19621513783931732,0.18217286467552185
YKR077W,YGR224W,0,-0.1219066,0.09757305681705475,0.19621513783931732,0.18227291107177734
YNL263C,YCR035C,0,-0.12198301,0.09752475470304489,0.19621513783931732,0.18237294256687164
YPL116W,YOL011W,0,-0.122097336,0.09747649729251862,0.19621513783931732,0.18247298896312714
YDL230W,YBR093C,1,-0.1222582,0.09792284667491913,0.1972111612558365,0.18247298896312714
YPR114W,YOR363C,0,-0.12238862,0.09787444025278091,0.1972111612558365,0.18257303535938263
YER177W,YFR034C,0,-0.12245766,0.09782608598470688,0.1972111612558365,0.18267306685447693
YCR018C,YLR292C,0,-0.12248752,0.09777777642011642,0.1972111612558365,0.18277311325073242
YFR027W,YGL096W,0,-0.1227312,0.09772951900959015,0.1972111612558365,0.18287314474582672
YGL087C,YDR179C,0,-0.122731686,0.09768129885196686,0.1972111612558365,0.18297319114208221
YEL038W,YBR126C,1,-0.122753955,0.09812623262405396,0.19820716977119446,0.18297319114208221
YHL035C,YER071C,0,-0.1227583,0.09807787090539932,0.19820716977119446,0.1830732226371765
YGL063W,YAR033W,0,-0.12276924,0.09802955389022827,0.19820716977119446,0.183173269033432
YOR267C,YGR165W,0,-0.12279175,0.0979812890291214,0.19820716977119446,0.1832733154296875
YLR054C,YNL081C,0,-0.122873105,0.09793306887149811,0.19820716977119446,0.1833733469247818
YJR108W,YDL102W,0,-0.12289767,0.097884900867939,0.19820716977119446,0.1834733933210373
YLR377C,YMR225C,0,-0.12298449,0.09783677756786346,0.19820716977119446,0.1835734248161316
YGR080W,YLR037C,0,-0.122996345,0.09778869897127151,0.19820716977119446,0.18367347121238708
YIL156W,YMR081C,0,-0.1230385,0.09774066507816315,0.19820716977119446,0.18377350270748138
YBL031W,YDL087C,0,-0.123072185,0.09769268333911896,0.19820716977119446,0.18387354910373688
YOL076W,YPR180W,0,-0.123136185,0.09764474630355835,0.19820716977119446,0.18397359549999237
YDR148C,YDR316W-B,0,-0.12326645,0.09759686142206192,0.19820716977119446,0.18407362699508667
YKL043W,YJL058C,0,-0.12339064,0.09754902124404907,0.19820716977119446,0.18417367339134216
YDL188C,YMR036C,1,-0.12353257,0.09799118340015411,0.19920319318771362,0.18417367339134216
YLR390W-A,YOR264W,0,-0.12359188,0.09794319421052933,0.19920319318771362,0.18427370488643646
YNL053W,YFR028C,1,-0.12364343,0.09838473051786423,0.2001992017030716,0.18427370488643646
YOR155C,YNL106C,1,-0.12370623,0.0988258346915245,0.20119522511959076,0.18427370488643646
YDR041W,YPL175W,0,-0.12378032,0.09877750277519226,0.20119522511959076,0.18437375128269196
YHR165C,YNL076W,0,-0.123832785,0.09872923046350479,0.20119522511959076,0.18447378277778625
YJL179W,YDR080W,0,-0.1238447,0.0986809954047203,0.20119522511959076,0.18457382917404175
YOR045W,YFR053C,0,-0.12387962,0.0986328125,0.20119522511959076,0.18467387557029724
YAR042W,YCR038C,0,-0.123967126,0.09858467429876328,0.20119522511959076,0.18477390706539154
YDR439W,YNL123W,0,-0.12397571,0.09853658825159073,0.20119522511959076,0.18487395346164703
YLR059C,YPL058C,0,-0.124039285,0.09848853945732117,0.20119522511959076,0.18497398495674133
YIL019W,YNL278W,0,-0.12416986,0.09844054281711578,0.20119522511959076,0.18507403135299683
YIL013C,YNL130C,0,-0.124186985,0.09839259833097458,0.20119522511959076,0.18517406284809113
YKR053C,YPR199C,0,-0.124258876,0.09834469109773636,0.20119522511959076,0.18527410924434662
YIL119C,YJL096W,0,-0.124267645,0.09829683601856232,0.20119522511959076,0.1853741556406021
YER100W,YDL247W,0,-0.12435302,0.09824902564287186,0.20119522511959076,0.1854741871356964
YDR098C-A,YOR065W,0,-0.12440246,0.09820126742124557,0.20119522511959076,0.1855742335319519
YOL144W,YKR034W,0,-0.12446428,0.09815354645252228,0.20119522511959076,0.1856742650270462
YOR267C,YHR201C,0,-0.12446918,0.09810587763786316,0.20119522511959076,0.1857743114233017
YNL137C,YCL044C,0,-0.1244738,0.09805825352668762,0.20119522511959076,0.185874342918396
YLR347C,YOR068C,0,-0.1244994,0.09801067411899567,0.20119522511959076,0.1859743893146515
YJL054W,YOL052C-A,0,-0.12454901,0.09796313941478729,0.20119522511959076,0.18607443571090698
YOR018W,YBR211C,0,-0.12455972,0.0979156568646431,0.20119522511959076,0.18617446720600128
YJL054W,YLR248W,0,-0.12457692,0.09786821901798248,0.20119522511959076,0.18627451360225677
YBR109C,YMR125W,0,-0.12459137,0.09782082587480545,0.20119522511959076,0.18637454509735107
YNL020C,YPL178W,0,-0.12471633,0.097773477435112,0.20119522511959076,0.18647459149360657
YMR183C,YNL055C,0,-0.12492246,0.09772617369890213,0.20119522511959076,0.18657462298870087
YNL054W,YLR019W,0,-0.12497402,0.09767891466617584,0.20119522511959076,0.18667466938495636
YBR233W-A,YEL027W,0,-0.12509958,0.09763170778751373,0.20119522511959076,0.18677471578121185
YML067C,YPR037C,0,-0.12512141,0.09758453816175461,0.20119522511959076,0.18687474727630615
YNL029C,YPR141C,0,-0.12517047,0.09753742069005966,0.20119522511959076,0.18697479367256165
YAL002W,YBL072C,0,-0.12519711,0.0974903479218483,0.20119522511959076,0.18707482516765594
YMR262W,YBR028C,0,-0.12520783,0.09744331985712051,0.20119522511959076,0.18717487156391144
YIL098C,YER109C,0,-0.1253001,0.09739633649587631,0.20119522511959076,0.18727490305900574
YHR073W,YCL067C,0,-0.12538014,0.09734939783811569,0.20119522511959076,0.18737494945526123
YJR102C,YNR030W,0,-0.1254,0.09730250388383865,0.20119522511959076,0.18747499585151672
YDL243C,YPL183C,0,-0.1254742,0.0972556546330452,0.20119522511959076,0.18757502734661102
YOR252W,YGL116W,0,-0.12553713,0.09720885753631592,0.20119522511959076,0.18767507374286652
YIL120W,YIR026C,0,-0.12556183,0.09716209769248962,0.20119522511959076,0.18777510523796082
YHR154W,YEL051W,0,-0.12557313,0.09711538255214691,0.20119522511959076,0.1878751516342163
YDR127W,YLR367W,0,-0.12561336,0.09706871956586838,0.20119522511959076,0.1879751831293106
YGL104C,YGR283C,0,-0.12567444,0.09702209383249283,0.20119522511959076,0.1880752295255661
YIL013C,YGR003W,0,-0.12569652,0.09697551280260086,0.20119522511959076,0.1881752759218216
YDR287W,YPL021W,0,-0.125715,0.09692898392677307,0.20119522511959076,0.1882753074169159
YML107C,YLR068W,0,-0.12580977,0.09688249230384827,0.20119522511959076,0.1883753538131714
YGR103W,YDR135C,0,-0.12586126,0.09683605283498764,0.20119522511959076,0.18847538530826569
YBR276C,YAL016W,1,-0.12609373,0.09726880490779877,0.20219123363494873,0.18847538530826569
YML092C,YCR106W,0,-0.12612619,0.0972222238779068,0.20219123363494873,0.18857543170452118
YGR078C,YBL007C,0,-0.12617718,0.09717568010091782,0.20219123363494873,0.18867546319961548
YOL042W,YDL031W,0,-0.12623411,0.09712918847799301,0.20219123363494873,0.18877550959587097
YDL047W,YDR287W,1,-0.12627424,0.09756097197532654,0.2031872570514679,0.18877550959587097
YPL133C,YML082W,0,-0.12639764,0.09751433879137039,0.2031872570514679,0.18887555599212646
YDR009W,YDR227W,0,-0.12643817,0.09746775031089783,0.2031872570514679,0.18897558748722076
YLR382C,YBR181C,0,-0.1264633,0.09742120653390884,0.2031872570514679,0.18907563388347626
YGR174C,YJL197W,0,-0.126544,0.09737470000982285,0.2031872570514679,0.18917566537857056
YER179W,YBL091C,0,-0.12657693,0.09732824563980103,0.2031872570514679,0.18927571177482605
YAR033W,YBR005W,0,-0.12681353,0.09728182852268219,0.2031872570514679,0.18937574326992035
YKL150W,YJL058C,0,-0.1268494,0.09723546355962753,0.2031872570514679,0.18947578966617584
YDR469W,YNR059W,0,-0.12686843,0.09718913584947586,0.2031872570514679,0.18957583606243134
YIL008W,YDR005C,0,-0.12694074,0.09714286029338837,0.2031872570514679,0.18967586755752563
YHR044C,YBL056W,1,-0.12707959,0.09757258743047714,0.20418326556682587,0.18967586755752563
YOR252W,YMR133W,0,-0.12710609,0.09752616286277771,0.20418326556682587,0.18977591395378113
YDR412W,YMR072W,0,-0.12718089,0.09747979044914246,0.20418326556682587,0.18987594544887543
YMR286W,YHR090C,0,-0.12720431,0.09743346273899078,0.20418326556682587,0.18997599184513092
YLR223C,YFL056C,0,-0.1272065,0.0973871722817421,0.20418326556682587,0.19007602334022522
YHR009C,YNR037C,0,-0.1272188,0.09734093397855759,0.20418326556682587,0.1901760697364807
YDL003W,YHR114W,0,-0.12725149,0.09729473292827606,0.20418326556682587,0.1902761161327362
YGR007W,YGR142W,0,-0.12729758,0.09724857658147812,0.20418326556682587,0.1903761476278305
YCL051W,YMR153W,0,-0.12733597,0.09720246493816376,0.20418326556682587,0.190476194024086
YOR363C,YCR063W,0,-0.1273368,0.09715639799833298,0.20418326556682587,0.1905762255191803
YER033C,YDL031W,0,-0.12735207,0.09711037576198578,0.20418326556682587,0.1906762719154358
YOR101W,YEL024W,0,-0.12745905,0.09706439077854156,0.20418326556682587,0.1907763034105301
YKL058W,YKL051W,0,-0.12752523,0.09701845794916153,0.20418326556682587,0.19087634980678558
YCR045C,YJL179W,0,-0.12753527,0.09697256237268448,0.20418326556682587,0.19097639620304108
YBR065C,YMR242C,0,-0.12758991,0.09692671149969101,0.20418326556682587,0.19107642769813538
YER081W,YNL278W,0,-0.1275963,0.09688090533018112,0.20418326556682587,0.19117647409439087
YOR191W,YCR021C,0,-0.12761906,0.09683514386415482,0.20418326556682587,0.19127650558948517
YNL048W,YKL032C,0,-0.12763366,0.09678942710161209,0.20418326556682587,0.19137655198574066
YER089C,YOR208W,1,-0.12765768,0.0972156673669815,0.20517928898334503,0.19137655198574066
YAL009W,YFR028C,1,-0.12768026,0.09764151275157928,0.206175297498703,0.19137655198574066
YHR122W,YGR017W,0,-0.12771346,0.09759547561407089,0.206175297498703,0.19147658348083496
YBL007C,YER071C,0,-0.12778966,0.09754948318004608,0.206175297498703,0.19157662987709045
YIL106W,YIL005W,0,-0.12779324,0.09750353544950485,0.206175297498703,0.19167667627334595
YPL168W,YNL118C,0,-0.12786566,0.09745762497186661,0.206175297498703,0.19177670776844025
YNL032W,YMR261C,1,-0.12794492,0.09788235276937485,0.20717132091522217,0.19177670776844025
YHR073W,YJL035C,0,-0.12802075,0.09783631563186646,0.20717132091522217,0.19187675416469574
YKL062W,YJR108W,0,-0.12807848,0.09779031574726105,0.20717132091522217,0.19197678565979004
YOR189W,YDR365W-A,0,-0.12812556,0.09774436056613922,0.20717132091522217,0.19207683205604553
YDL134C,YMR118C,0,-0.12813924,0.09769845008850098,0.20717132091522217,0.19217686355113983
YAL009W,YML016C,1,-0.12824768,0.09812206774950027,0.20816732943058014,0.19217686355113983
YLR175W,YHL035C,0,-0.12860207,0.09807602316141129,0.20816732943058014,0.19227690994739532
YJR027W,YOR157C,0,-0.12862335,0.09803001582622528,0.20816732943058014,0.19237695634365082
YDR204W,YGR165W,0,-0.12867863,0.09798406064510345,0.20816732943058014,0.19247698783874512
YFR010W,YNR053C,0,-0.12872587,0.09793814271688461,0.20816732943058014,0.1925770342350006
YAL019W,YBR094W,0,-0.12883429,0.09789226949214935,0.20816732943058014,0.1926770657300949
YBR189W,YOR110W,0,-0.1288798,0.09784644097089767,0.20816732943058014,0.1927771121263504
YFR027W,YNL111C,0,-0.12888072,0.09780065715312958,0.20816732943058014,0.1928771436214447
YFL049W,YDR395W,0,-0.12891777,0.09775491058826447,0.20816732943058014,0.1929771900177002
YMR318C,YOL012C,0,-0.12896197,0.09770920872688293,0.20816732943058014,0.1930772364139557
YAL068C,YLR337C,0,-0.1290223,0.09766355156898499,0.20816732943058014,0.19317726790905
YER139C,YLR363C,0,-0.12917414,0.09761793911457062,0.20816732943058014,0.19327731430530548
YHR201C,YOL078W,0,-0.12920237,0.09757236391305923,0.20816732943058014,0.19337734580039978
YGR109W-A,YMR313C,0,-0.12927051,0.09752683341503143,0.20816732943058014,0.19347739219665527
YGR078C,YBR208C,0,-0.12931748,0.09748134016990662,0.20816732943058014,0.19357742369174957
YOR227W,YJL035C,0,-0.12945525,0.09743589907884598,0.20816732943058014,0.19367747008800507
YOR236W,YNL029C,0,-0.12956832,0.09739049524068832,0.20816732943058014,0.19377751648426056
YJL096W,YHR120W,0,-0.12966795,0.09734513610601425,0.20816732943058014,0.19387754797935486
YKL045W,YMR175W,0,-0.12971361,0.09729981422424316,0.20816732943058014,0.19397759437561035
YGL171W,YGL240W,0,-0.12975425,0.09725453704595566,0.20816732943058014,0.19407762587070465
YNL250W,YBR131W,0,-0.1297563,0.09720930457115173,0.20816732943058014,0.19417767226696014
YJL012C,YGR161W-A,0,-0.13004656,0.0971641093492508,0.20816732943058014,0.19427770376205444
YDR122W,YGR161C-D,0,-0.13005704,0.09711895883083344,0.20816732943058014,0.19437775015830994
YCL017C,YPL179W,0,-0.13007447,0.09707385301589966,0.20816732943058014,0.19447779655456543
YMR180C,YLL010C,1,-0.13010767,0.09749303758144379,0.2091633528470993,0.19447779655456543
YHR148W,YDR434W,0,-0.13011093,0.09744779765605927,0.2091633528470993,0.19457782804965973
YLR442C,YDR021W,0,-0.13012122,0.09740259498357773,0.2091633528470993,0.19467787444591522
YLR004C,YGR120C,0,-0.13013186,0.09735744446516037,0.2091633528470993,0.19477790594100952
YGR109W-A,YBL100W-B,0,-0.13015,0.0973123237490654,0.2091633528470993,0.19487795233726501
YNL137C,YBL051C,0,-0.13021742,0.0972672551870346,0.2091633528470993,0.19497798383235931
YMR053C,YPL058C,0,-0.13023928,0.0972222238779068,0.2091633528470993,0.1950780302286148
YGR046W,YJL012C,0,-0.1302534,0.09717722982168198,0.2091633528470993,0.1951780766248703
YPR100W,YPL075W,0,-0.13034877,0.09713228791952133,0.2091633528470993,0.1952781081199646
YOR065W,YBR034C,0,-0.13036342,0.09708737581968307,0.2091633528470993,0.1953781545162201
YNL137C,YDL189W,0,-0.13048597,0.097042515873909,0.2091633528470993,0.1954781860113144
YER014W,YKR099W,0,-0.13049087,0.0969976931810379,0.2091633528470993,0.19557823240756989
YIL013C,YCL048W,0,-0.13056734,0.0969529077410698,0.2091633528470993,0.19567826390266418
YPR158W-B,YPL176C,0,-0.13064024,0.09690816700458527,0.2091633528470993,0.19577831029891968
YLR382C,YPL010W,0,-0.13070944,0.09686347097158432,0.2091633528470993,0.19587835669517517
YPR110C,YBR272C,0,-0.1307125,0.09681881219148636,0.2091633528470993,0.19597838819026947
YNL243W,YCR016W,0,-0.13081443,0.09677419066429138,0.2091633528470993,0.19607843458652496
YOR131C,YER075C,1,-0.13082242,0.0971902385354042,0.21015936136245728,0.19607843458652496
YPL161C,YHR080C,0,-0.13083358,0.09714549034833908,0.21015936136245728,0.19617846608161926
YJL094C,YDR217C,0,-0.13089629,0.09710077941417694,0.21015936136245728,0.19627851247787476
YNR055C,YDR087C,0,-0.13097245,0.09705612063407898,0.21015936136245728,0.19637854397296906
YPL176C,YMR118C,0,-0.13097939,0.0970114916563034,0.21015936136245728,0.19647859036922455
YDR280W,YIL153W,0,-0.13100187,0.09696691483259201,0.21015936136245728,0.19657863676548004
YEL020W-A,YJR050W,0,-0.13103768,0.096922367811203,0.21015936136245728,0.19667866826057434
YDR325W,YKL134C,0,-0.13115887,0.09687787294387817,0.21015936136245728,0.19677871465682983
YLR223C,YKL110C,0,-0.13118066,0.09683340787887573,0.21015936136245728,0.19687874615192413
YDR287W,YMR205C,0,-0.13124122,0.09678898751735687,0.21015936136245728,0.19697879254817963
YKR075C,YGR122W,0,-0.13124846,0.0967446118593216,0.21015936136245728,0.19707883894443512
YEL019C,YBR049C,0,-0.13128074,0.0967002734541893,0.21015936136245728,0.19717887043952942
YJL057C,YLR409C,0,-0.13139652,0.09665597975254059,0.21015936136245728,0.1972789168357849
YIL002C,YIL113W,1,-0.13141757,0.09706959873437881,0.21115538477897644,0.1972789168357849
YPL056C,YPL233W,0,-0.13142361,0.09702517092227936,0.21115538477897644,0.1973789483308792
YIL014W,YJL013C,0,-0.13150305,0.09698078781366348,0.21115538477897644,0.1974789947271347
YLR417W,YHR214C-C,0,-0.13157085,0.09693644195795059,0.21115538477897644,0.197579026222229
YOR259C,YMR035W,0,-0.13161254,0.09689214080572128,0.21115538477897644,0.1976790726184845
YAL015C,YOR319W,0,-0.13170604,0.09684787690639496,0.21115538477897644,0.19777911901474
YHR006W,YGR040W,0,-0.13173306,0.09680365025997162,0.21115538477897644,0.1978791505098343
YJR131W,YFR053C,0,-0.13174808,0.09675946831703186,0.21115538477897644,0.19797919690608978
YLL006W,YOR253W,0,-0.13177949,0.09671533107757568,0.21115538477897644,0.19807922840118408
YFL011W,YDR381W,0,-0.13181365,0.0966712236404419,0.21115538477897644,0.19817927479743958
YPL001W,YBR065C,0,-0.13181634,0.09662716835737228,0.21115538477897644,0.19827930629253387
YPL176C,YJR052W,0,-0.13187313,0.09658314287662506,0.21115538477897644,0.19837935268878937
YMR205C,YNR037C,0,-0.13199145,0.09653916209936142,0.21115538477897644,0.19847939908504486
YKL062W,YOR192C,0,-0.13200869,0.09649521857500076,0.21115538477897644,0.19857943058013916
YGL087C,YDR098C-B,0,-0.13208233,0.09645131975412369,0.21115538477897644,0.19867947697639465
YOL096C,YGL085W,0,-0.13211784,0.0964074581861496,0.21115538477897644,0.19877950847148895
YMR053C,YGR109W-A,0,-0.13218853,0.09636363387107849,0.21115538477897644,0.19887955486774445
YNR032C-A,YDR317W,0,-0.13224642,0.09631985425949097,0.21115538477897644,0.19897958636283875
YAL009W,YHR004C,1,-0.13234095,0.09673024713993073,0.2121513932943344,0.19897958636283875
YDL105W,YBR295W,0,-0.13237707,0.09668633341789246,0.2121513932943344,0.19907963275909424
YBR126C,YER089C,1,-0.13237718,0.09709618985652924,0.21314741671085358,0.19907963275909424
YOR002W,YER155C,0,-0.13240047,0.09705215692520142,0.21314741671085358,0.19917967915534973
YML100W,YHR046C,1,-0.1324141,0.09746146947145462,0.21414342522621155,0.19917967915534973
YLR085C,YIL119C,0,-0.13242391,0.09741730988025665,0.21414342522621155,0.19927971065044403
YDR045C,YBL005W,0,-0.13243885,0.09737318754196167,0.21414342522621155,0.19937975704669952
YPL138C,YMR131C,0,-0.13246089,0.09732910990715027,0.21414342522621155,0.19947978854179382
YOR090C,YGL085W,0,-0.13247006,0.09728506952524185,0.21414342522621155,0.19957983493804932
YOR155C,YOR208W,1,-0.1325199,0.09769335389137268,0.2151394486427307,0.19957983493804932
YLR102C,YNL094W,0,-0.13264705,0.09764918684959412,0.2151394486427307,0.19967986643314362
YDR210C-D,YDL076C,0,-0.13271303,0.09760506451129913,0.2151394486427307,0.1997799128293991
YDR041W,YPL063W,0,-0.13276535,0.09756097197532654,0.2151394486427307,0.1998799592256546
YLR333C,YOR109W,0,-0.13279037,0.09751693159341812,0.2151394486427307,0.1999799907207489
YER040W,YPL198W,0,-0.13281256,0.09747292101383209,0.2151394486427307,0.2000800371170044
YOL076W,YLR363C,0,-0.1328168,0.09742895513772964,0.2151394486427307,0.2001800686120987
YAL051W,YIL018W,0,-0.13283141,0.09738503396511078,0.2151394486427307,0.2002801150083542
YHR108W,YFR034C,0,-0.13284919,0.0973411425948143,0.2151394486427307,0.2003801465034485
YPL100W,YER060W-A,0,-0.13293265,0.0972972959280014,0.2151394486427307,0.20048019289970398
YML102W,YCL035C,0,-0.13311459,0.09725348651409149,0.2151394486427307,0.20058023929595947
YLR277C,YDL012C,0,-0.13312458,0.09720972180366516,0.2151394486427307,0.20068027079105377
YPL126W,YBR065C,0,-0.13314442,0.09716599434614182,0.2151394486427307,0.20078031718730927
YHR148W,YBR086C,0,-0.13315274,0.09712230414152145,0.2151394486427307,0.20088034868240356
YOR320C,YOR032C,0,-0.13328448,0.09707865118980408,0.2151394486427307,0.20098039507865906
YCR045C,YDL230W,0,-0.13333003,0.09703504294157028,0.2151394486427307,0.20108042657375336
YCR105W,YKL129C,0,-0.13335513,0.09699147194623947,0.2151394486427307,0.20118047297000885
YPR128C,YLR432W,0,-0.13350505,0.09694793820381165,0.2151394486427307,0.20128051936626434
YDR427W,YBL013W,0,-0.13357647,0.0969044417142868,0.2151394486427307,0.20138055086135864
YFR024C-A,YFL025C,0,-0.13363434,0.09686098992824554,0.2151394486427307,0.20148059725761414
YLR193C,YOR109W,0,-0.13364701,0.09681756794452667,0.2151394486427307,0.20158062875270844
YPR114W,YDR303C,0,-0.13366579,0.09677419066429138,0.2151394486427307,0.20168067514896393
YMR165C,YDL006W,1,-0.13370572,0.09717868268489838,0.21613545715808868,0.20168067514896393
YFR047C,YOR109W,0,-0.13372214,0.09713518619537354,0.21613545715808868,0.20178070664405823
YML100W,YMR072W,0,-0.13372828,0.09709171950817108,0.21613545715808868,0.20188075304031372
YIL096C,YDR080W,0,-0.13389628,0.09704829752445221,0.21613545715808868,0.2019807994365692
YDR080W,YBR094W,0,-0.13389856,0.09700492024421692,0.21613545715808868,0.2020808309316635
YPL179W,YCR005C,0,-0.13396512,0.09696157276630402,0.21613545715808868,0.202180877327919
YDR513W,YDR200C,0,-0.13398832,0.0969182699918747,0.21613545715808868,0.2022809088230133
YNL142W,YER143W,0,-0.13411039,0.09687499701976776,0.21613545715808868,0.2023809552192688
YPR057W,YJL035C,0,-0.13412695,0.09683176875114441,0.21613545715808868,0.2024809867143631
YGR174C,YDL012C,0,-0.13414486,0.09678858518600464,0.21613545715808868,0.2025810331106186
YIL075C,YJR054W,0,-0.13417557,0.09674543142318726,0.21613545715808868,0.20268107950687408
YLL018C-A,YGR161C-D,0,-0.13447754,0.09670231491327286,0.21613545715808868,0.20278111100196838
YIL019W,YER159C,0,-0.13451706,0.09665924310684204,0.21613545715808868,0.20288115739822388
YHL038C,YDR004W,0,-0.13460615,0.09661620855331421,0.21613545715808868,0.20298118889331818
YKR088C,YFR038W,0,-0.13465397,0.09657321125268936,0.21613545715808868,0.20308123528957367
YDR545W,YMR183C,0,-0.13479687,0.0965302512049675,0.21613545715808868,0.20318126678466797
YLR239C,YAL056W,0,-0.13496374,0.09648732841014862,0.21613545715808868,0.20328131318092346
YER143W,YMR183C,0,-0.13498934,0.09644444286823273,0.21613545715808868,0.20338135957717896
YDR098C-A,YPR120C,0,-0.13500242,0.09640160202980042,0.21613545715808868,0.20348139107227325
YJL045W,YGL167C,0,-0.13510153,0.09635879099369049,0.21613545715808868,0.20358143746852875
YNL024C,YCR063W,0,-0.13522024,0.09631602466106415,0.21613545715808868,0.20368146896362305
YOR014W,YHR044C,1,-0.13539171,0.09671694785356522,0.21713148057460785,0.20368146896362305
YML045W,YGL116W,0,-0.13542597,0.09667405486106873,0.21713148057460785,0.20378151535987854
YJL098W,YMR262W,0,-0.13544689,0.09663120657205582,0.21713148057460785,0.20388154685497284
YIL036W,YER179W,0,-0.13544905,0.0965883880853653,0.21713148057460785,0.20398159325122833
YLR215C,YPR034W,0,-0.13556112,0.09654561430215836,0.21713148057460785,0.20408163964748383
YPR097W,YOR272W,0,-0.1355737,0.0965028777718544,0.21713148057460785,0.20418167114257812
YPR008W,YGR161C-D,0,-0.13577722,0.09646017849445343,0.21713148057460785,0.20428171753883362
YNL103W,YNL180C,0,-0.13579156,0.09641751646995544,0.21713148057460785,0.20438174903392792
YNL251C,YER178W,0,-0.13579856,0.09637489169836044,0.21713148057460785,0.2044817954301834
YKL197C,YHR170W,0,-0.135853,0.09633230417966843,0.21713148057460785,0.2045818269252777
YDR365W-A,YOR086C,0,-0.13587953,0.0962897539138794,0.21713148057460785,0.2046818733215332
YMR286W,YNL288W,0,-0.13604681,0.09624724090099335,0.21713148057460785,0.2047819197177887
YLR426W,YKL114C,0,-0.13605095,0.09620476514101028,0.21713148057460785,0.204881951212883
YPL036W,YHR214C-C,0,-0.13607897,0.0961623266339302,0.21713148057460785,0.2049819976091385
YCR036W,YDR200C,0,-0.13607906,0.09611993283033371,0.21713148057460785,0.2050820291042328
YNL214W,YMR149W,0,-0.13608615,0.0960775688290596,0.21713148057460785,0.20518207550048828
YOR068C,YDL135C,0,-0.13609077,0.09603524208068848,0.21713148057460785,0.20528210699558258
YDR210C-D,YPR037C,0,-0.13630478,0.09599295258522034,0.21713148057460785,0.20538215339183807
YMR101C,YGR040W,0,-0.13644859,0.09595070779323578,0.21713148057460785,0.20548219978809357
YBL087C,YPL056C,0,-0.13647477,0.09590849280357361,0.21713148057460785,0.20558223128318787
YHR006W,YMR118C,0,-0.1364751,0.09586631506681442,0.21713148057460785,0.20568227767944336
YMR313C,YDR365W-A,0,-0.1364771,0.09582417458295822,0.21713148057460785,0.20578230917453766
YBL007C,YDR289C,0,-0.13652326,0.095782071352005,0.21713148057460785,0.20588235557079315
YBR107C,YDR464W,0,-0.13655265,0.09574000537395477,0.21713148057460785,0.20598238706588745
YKL063C,YER129W,0,-0.13659976,0.09569798409938812,0.21713148057460785,0.20608243346214294
YDL220C,YDL149W,0,-0.13664436,0.09565599262714386,0.21713148057460785,0.20618247985839844
YML107C,YLR367W,0,-0.1366553,0.09561403840780258,0.21713148057460785,0.20628251135349274
YHR210C,YLR059C,0,-0.13672796,0.09557211399078369,0.21713148057460785,0.20638255774974823
YNL183C,YER071C,0,-0.13674228,0.09553023427724838,0.21713148057460785,0.20648258924484253
YDR325W,YGR161C-D,0,-0.13680948,0.09548839181661606,0.21713148057460785,0.20658263564109802
YGR211W,YIL123W,0,-0.1368409,0.09544658660888672,0.21713148057460785,0.20668266713619232
YNL243W,YBR078W,0,-0.13693465,0.09540481120347977,0.21713148057460785,0.20678271353244781
YKL190W,YLR345W,1,-0.13700792,0.09580052644014359,0.21812748908996582,0.20678271353244781
YER072W,YGL194C,0,-0.13705094,0.09575863927602768,0.21812748908996582,0.2068827599287033
YPR143W,YNR059W,0,-0.1370766,0.09571678191423416,0.21812748908996582,0.2069827914237976
YHR044C,YNL106C,1,-0.13708799,0.09611184149980545,0.21912351250648499,0.2069827914237976
YHL025W,YHL015W,0,-0.13709095,0.09606987237930298,0.21912351250648499,0.2070828378200531
YNR032C-A,YDR287W,0,-0.13712062,0.0960279330611229,0.21912351250648499,0.2071828693151474
YOR316C,YDL243C,0,-0.13716078,0.09598603844642639,0.21912351250648499,0.2072829157114029
YNL318C,YBR107C,0,-0.13723032,0.09594418108463287,0.21912351250648499,0.2073829472064972
YOR032C,YDR098C-B,0,-0.1372477,0.09590235352516174,0.21912351250648499,0.20748299360275269
YCL044C,YIL005W,0,-0.1373247,0.0958605632185936,0.21912351250648499,0.20758303999900818
YDR482C,YLR360W,0,-0.1374259,0.09581881761550903,0.21912351250648499,0.20768307149410248
YDR513W,YDR365W-A,0,-0.13744897,0.09577710181474686,0.21912351250648499,0.20778311789035797
YGR017W,YNL111C,0,-0.13747503,0.09573542326688766,0.21912351250648499,0.20788314938545227
YER028C,YDR316W-B,0,-0.13751489,0.09569378197193146,0.21912351250648499,0.20798319578170776
YGL006W,YPL013C,0,-0.13757049,0.09565217047929764,0.21912351250648499,0.20808322727680206
YBR233W-A,YOR119C,0,-0.13765602,0.0956106036901474,0.21912351250648499,0.20818327367305756
YML004C,YHR090C,0,-0.13768251,0.09556906670331955,0.21912351250648499,0.20828332006931305
YBR272C,YGL064C,0,-0.13773002,0.09552757441997528,0.21912351250648499,0.20838335156440735
YLR193C,YMR059W,0,-0.13780881,0.0954861119389534,0.21912351250648499,0.20848339796066284
YHL038C,YGR046W,0,-0.13785075,0.0954446867108345,0.21912351250648499,0.20858342945575714
YNL328C,YLR220W,0,-0.13785428,0.09540329873561859,0.21912351250648499,0.20868347585201263
YLL026W,YDR165W,0,-0.13795802,0.09536194056272507,0.21912351250648499,0.20878350734710693
YLR433C,YFR025C,1,-0.13806278,0.09575390070676804,0.22011952102184296,0.20878350734710693
YJR049C,YGR245C,0,-0.13808297,0.09571243077516556,0.22011952102184296,0.20888355374336243
YGL098W,YGL045W,0,-0.1381298,0.09567099809646606,0.22011952102184296,0.20898360013961792
YNL317W,YGR161C-D,0,-0.1382003,0.09562959522008896,0.22011952102184296,0.20908363163471222
YER062C,YMR087W,1,-0.13821377,0.09602075815200806,0.22111554443836212,0.20908363163471222
YBR233W-A,YCR091W,0,-0.13830861,0.0959792509675026,0.22111554443836212,0.2091836780309677
YDR210C-D,YNL055C,0,-0.13839933,0.09593777358531952,0.22111554443836212,0.209283709526062
YBR065C,YHR190W,0,-0.13854764,0.09589632600545883,0.22111554443836212,0.2093837559223175
YOR068C,YIL018W,0,-0.13859953,0.09585492312908173,0.22111554443836212,0.2094837874174118
YJL110C,YBR005W,0,-0.13860252,0.09581355005502701,0.22111554443836212,0.2095838338136673
YLL026W,YLR432W,0,-0.1387028,0.09577221423387527,0.22111554443836212,0.2096838802099228
YCL064C,YJL197W,0,-0.13872653,0.09573091566562653,0.22111554443836212,0.2097839117050171
YDR308C,YDR528W,0,-0.13876127,0.09568965435028076,0.22111554443836212,0.20988395810127258
YLR315W,YOL078W,0,-0.1387963,0.09564843028783798,0.22111554443836212,0.20998398959636688
YMR274C,YOL012C,0,-0.1389022,0.09560723602771759,0.22111554443836212,0.21008403599262238
YLR345W,YNL106C,1,-0.13892438,0.09599655866622925,0.2221115529537201,0.21008403599262238
YLL048C,YOL052C-A,0,-0.13893527,0.0959552526473999,0.2221115529537201,0.21018406748771667
YHR073W,YNL133C,0,-0.13901187,0.09591397643089294,0.2221115529537201,0.21028411388397217
YER123W,YLR092W,0,-0.1390235,0.09587274491786957,0.2221115529537201,0.21038416028022766
YHR204W,YGR165W,0,-0.1390528,0.09583154320716858,0.2221115529537201,0.21048419177532196
YPL115C,YGR266W,0,-0.1390612,0.09579037874937057,0.2221115529537201,0.21058423817157745
YAL028W,YNL294C,0,-0.13911188,0.09574925154447556,0.2221115529537201,0.21068426966667175
YGR099W,YNL036W,0,-0.13911691,0.09570815414190292,0.2221115529537201,0.21078431606292725
YNL284C-B,YLR193C,0,-0.13913162,0.09566709399223328,0.2221115529537201,0.21088434755802155
YLR143W,YDL139C,0,-0.13917743,0.09562607109546661,0.2221115529537201,0.21098439395427704
YCL017C,YLR293C,0,-0.13918398,0.09558508545160294,0.2221115529537201,0.21108444035053253
YCL029C,YKR049C,0,-0.13925396,0.09554412961006165,0.2221115529537201,0.21118447184562683
YOR264W,YDR078C,0,-0.1393554,0.09550321102142334,0.2221115529537201,0.21128451824188232
YLR324W,YLR315W,0,-0.13943034,0.09546232968568802,0.2221115529537201,0.21138454973697662
YPL126W,YLL057C,0,-0.13944991,0.09542147815227509,0.2221115529537201,0.21148459613323212
YIL156W,YKL043W,0,-0.13954677,0.09538066387176514,0.2221115529537201,0.21158462762832642
YKL150W,YPL210C,0,-0.13978077,0.09533988684415817,0.2221115529537201,0.2116846740245819
YJL089W,YDR098C-B,0,-0.1397835,0.0952991470694542,0.2221115529537201,0.2117847204208374
YDR122W,YMR035W,0,-0.13979162,0.0952584370970726,0.2221115529537201,0.2118847519159317
YGR235C,YLR413W,0,-0.13981618,0.095217764377594,0.2221115529537201,0.2119847983121872
YMR130W,YLL010C,1,-0.13981964,0.09560392796993256,0.22310757637023926,0.2119847983121872
YOR334W,YPR095C,0,-0.1399474,0.095563143491745,0.22310757637023926,0.2120848298072815
YHR001W-A,YLR460C,0,-0.14013031,0.09552238881587982,0.22310757637023926,0.212184876203537
YIL075C,YGR078C,0,-0.14018533,0.09548167139291763,0.22310757637023926,0.2122849076986313
YAL009W,YLL010C,1,-0.14025508,0.09586706757545471,0.22410358488559723,0.2122849076986313
YNL190W,YPL234C,0,-0.14029738,0.09582623839378357,0.22410358488559723,0.21238495409488678
YIR004W,YNL181W,0,-0.14032753,0.09578543901443481,0.22410358488559723,0.21248500049114227
YMR059W,YOR113W,0,-0.14037156,0.09574468433856964,0.22410358488559723,0.21258503198623657
YER142C,YER063W,0,-0.14042634,0.09570395946502686,0.22410358488559723,0.21268507838249207
YLR194C,YKL192C,0,-0.14043517,0.09566326439380646,0.22410358488559723,0.21278510987758636
YPL133C,YCR024C,0,-0.14055948,0.09562260657548904,0.22410358488559723,0.21288515627384186
YOR068C,YDR028C,0,-0.14056657,0.09558198601007462,0.22410358488559723,0.21298518776893616
YBR119W,YGR109W-A,0,-0.14056988,0.09554140269756317,0.22410358488559723,0.21308523416519165
YNL024C,YKR077W,0,-0.14057113,0.09550084918737411,0.22410358488559723,0.21318528056144714
YHR103W,YDR372C,0,-0.14057721,0.09546033293008804,0.22410358488559723,0.21328531205654144
YML120C,YNL216W,0,-0.14067794,0.09541984647512436,0.22410358488559723,0.21338535845279694
YGL073W,YDR365W-A,0,-0.14070584,0.09537939727306366,0.22410358488559723,0.21348538994789124
YDR375C,YPL156C,0,-0.14082737,0.09533898532390594,0.22410358488559723,0.21358543634414673
YHL017W,YGR283C,0,-0.14083217,0.09529860317707062,0.22410358488559723,0.21368546783924103
YPR055W,YPL056C,0,-0.1408752,0.09525825828313828,0.22410358488559723,0.21378551423549652
YJL174W,YHR138C,0,-0.14103332,0.09521794319152832,0.22410358488559723,0.21388556063175201
YJL012C,YKL145W,0,-0.14106543,0.09517766535282135,0.22410358488559723,0.2139855921268463
YJL057C,YDR075W,0,-0.14110275,0.09513741731643677,0.22410358488559723,0.2140856385231018
YHR090C,YPR046W,0,-0.1411219,0.09509721398353577,0.22410358488559723,0.2141856700181961
YDR091C,YGR044C,0,-0.14119065,0.09505703300237656,0.22410358488559723,0.2142857164144516
YAR009C,YNL055C,0,-0.14125128,0.09501688927412033,0.22410358488559723,0.2143857479095459
YLR131C,YDR175C,0,-0.1412528,0.09497678279876709,0.22410358488559723,0.2144857943058014
YGR212W,YCL051W,0,-0.14127071,0.09493670612573624,0.22410358488559723,0.21458584070205688
YDR482C,YGR283C,0,-0.14129876,0.09489666670560837,0.22410358488559723,0.21468587219715118
YER100W,YNL029C,0,-0.1413062,0.09485666453838348,0.22410358488559723,0.21478591859340668
YKL062W,YDR098C-B,0,-0.14133483,0.09481668472290039,0.22410358488559723,0.21488595008850098
YML067C,YOL096C,0,-0.14140745,0.09477674961090088,0.22410358488559723,0.21498599648475647
YBR233W-A,YOR034C,0,-0.14144146,0.09473684430122375,0.22410358488559723,0.21508602797985077
YNL056W,YNL076W,0,-0.1414871,0.09469696879386902,0.22410358488559723,0.21518607437610626
YDR098C-A,YCR105W,0,-0.14150076,0.09465713053941727,0.22410358488559723,0.21528612077236176
YJL162C,YPL193W,0,-0.14151423,0.0946173220872879,0.22410358488559723,0.21538615226745605
YPL209C,YOR079C,0,-0.14160092,0.09457755088806152,0.22410358488559723,0.21548619866371155
YMR225C,YPR155C,0,-0.1416803,0.09453781694173813,0.22410358488559723,0.21558623015880585
YLR037C,YBR028C,0,-0.1416955,0.09449811279773712,0.22410358488559723,0.21568627655506134
YPL137C,YLR044C,0,-0.14169814,0.0944584384560585,0.22410358488559723,0.21578630805015564
YPR134W,YAR009C,0,-0.14171754,0.09441880136728287,0.22410358488559723,0.21588635444641113
YER062C,YKR027W,0,-0.14176455,0.09437919408082962,0.22410358488559723,0.21598640084266663
YDL135C,YGL093W,0,-0.14176694,0.09433962404727936,0.22410358488559723,0.21608643233776093
YNL106C,YMR036C,1,-0.14193112,0.09471919387578964,0.2250996083021164,0.21608643233776093
YNL053W,YMR165C,1,-0.1419624,0.09509845077991486,0.22609561681747437,0.21608643233776093
YDR098C-A,YMR242C,0,-0.1420581,0.0950586274266243,0.22609561681747437,0.21618647873401642
YJR073C,YDL230W,0,-0.1421199,0.09501883387565613,0.22609561681747437,0.21628651022911072
YPL280W,YHR146W,0,-0.14215234,0.09497907757759094,0.22609561681747437,0.2163865566253662
YKL077W,YOR110W,0,-0.14219262,0.09493935853242874,0.22609561681747437,0.2164865881204605
YNL183C,YGR129W,0,-0.14229025,0.09489966183900833,0.22609561681747437,0.216586634516716
YER133W,YGL224C,1,-0.14230762,0.09527789056301117,0.22709164023399353,0.216586634516716
YJR102C,YPL175W,0,-0.14235447,0.095238097012043,0.22709164023399353,0.2166866809129715
YHR210C,YBR100W,0,-0.14249603,0.09519833326339722,0.22709164023399353,0.2167867124080658
YNL094W,YOR271C,0,-0.14254369,0.09515859931707382,0.22709164023399353,0.2168867588043213
YLR185W,YCR058C,0,-0.14255425,0.09511889517307281,0.22709164023399353,0.2169867902994156
YLR083C,YCR058C,0,-0.1425842,0.09507923573255539,0.22709164023399353,0.21708683669567108
YKL141W,YPR010C,0,-0.14265573,0.09503959864377975,0.22709164023399353,0.21718686819076538
YIR019C,YMR205C,0,-0.14266856,0.0949999988079071,0.22709164023399353,0.21728691458702087
YER093C,YGL231C,0,-0.14267142,0.09496043622493744,0.22709164023399353,0.21738696098327637
YDR002W,YKL079W,0,-0.14271463,0.09492089599370956,0.22709164023399353,0.21748699247837067
YMR110C,YKL006W,0,-0.14285491,0.09488140046596527,0.22709164023399353,0.21758703887462616
YKL194C,YOR068C,0,-0.14285733,0.09484192728996277,0.22709164023399353,0.21768707036972046
YIL113W,YOR109W,1,-0.14298075,0.09521829336881638,0.2280876487493515,0.21768707036972046
YER149C,YEL006W,0,-0.1430202,0.09517872333526611,0.2280876487493515,0.21778711676597595
YGR174C,YGL093W,0,-0.14314362,0.09513917565345764,0.2280876487493515,0.21788714826107025
YDR176W,YMR002W,0,-0.1431604,0.09509966522455215,0.2280876487493515,0.21798719465732574
YLR390W-A,YKL062W,0,-0.14330997,0.09506019204854965,0.2280876487493515,0.21808724105358124
YDR268W,YNL054W-A,0,-0.14333265,0.09502074867486954,0.2280876487493515,0.21818727254867554
YIL069C,YNL054W-A,0,-0.14334014,0.09498133510351181,0.2280876487493515,0.21828731894493103
YIL087C,YER108C,0,-0.14335908,0.09494195878505707,0.2280876487493515,0.21838735044002533
YOR253W,YHR079C-B,0,-0.14339466,0.09490261226892471,0.2280876487493515,0.21848739683628082
YPL215W,YDR434W,0,-0.14341122,0.09486329555511475,0.2280876487493515,0.21858742833137512
YNL284C-B,YOR059C,0,-0.14343026,0.09482401609420776,0.2280876487493515,0.21868747472763062
YMR015C,YKL080W,0,-0.14344113,0.09478476643562317,0.2280876487493515,0.2187875211238861
YFR014C,YER108C,0,-0.14344554,0.09474555402994156,0.2280876487493515,0.2188875526189804
YNL190W,YOR132W,0,-0.14346348,0.09470637142658234,0.2280876487493515,0.2189875990152359
YFR024C,YOR079C,0,-0.14350858,0.0946672186255455,0.2280876487493515,0.2190876305103302
YDR350C,YIL153W,0,-0.14354363,0.09462809562683105,0.2280876487493515,0.2191876769065857
YMR063W,YCL001W,0,-0.14355895,0.09458900988101959,0.2280876487493515,0.21928770840168
YDL091C,YEL048C,0,-0.14364369,0.09454996138811111,0.2280876487493515,0.21938775479793549
YOR136W,YER108C,0,-0.14373212,0.09451093524694443,0.2280876487493515,0.21948780119419098
YPR158W-B,YIR019C,0,-0.1437778,0.09447194635868073,0.2280876487493515,0.21958783268928528
YJL181W,YBR094W,0,-0.14384441,0.09443298727273941,0.2280876487493515,0.21968787908554077
YCR058C,YDR190C,0,-0.14385283,0.09439406543970108,0.2280876487493515,0.21978791058063507
YNR019W,YNL278W,0,-0.14391173,0.09435517340898514,0.2280876487493515,0.21988795697689056
YHR103W,YJL021C,0,-0.14392397,0.09431631118059158,0.2280876487493515,0.21998798847198486
YKL185W,YCL068C,0,-0.14393188,0.09427747875452042,0.2280876487493515,0.22008803486824036
YPL209C,YLR284C,0,-0.14395206,0.09423868358135223,0.2280876487493515,0.22018808126449585
YGL073W,YNR055C,0,-0.14405818,0.09419991821050644,0.2280876487493515,0.22028811275959015
YGL190C,YBL056W,1,-0.1440633,0.09457236528396606,0.22908367216587067,0.22028811275959015
YLR433C,YIL002C,1,-0.1440749,0.09494451433420181,0.23007968068122864,0.22028811275959015
YPR071W,YPL183C,0,-0.14410119,0.09490550309419632,0.23007968068122864,0.22038815915584564
YIL013C,YDR399W,0,-0.14418833,0.09486652910709381,0.23007968068122864,0.22048819065093994
YEL020W-A,YGR040W,0,-0.14437334,0.09482758492231369,0.23007968068122864,0.22058823704719543
YDR210C-D,YKR096W,0,-0.14438716,0.09478867799043655,0.23007968068122864,0.22068826854228973
YMR230W,YNL288W,0,-0.14440294,0.09474979341030121,0.23007968068122864,0.22078831493854523
YER032W,YDL123W,0,-0.14443834,0.09471094608306885,0.23007968068122864,0.22088836133480072
YJL155C,YAL009W,1,-0.14446655,0.09508197009563446,0.2310757040977478,0.22088836133480072
YHR037W,YGR161C-D,0,-0.1445077,0.09504301846027374,0.2310757040977478,0.22098839282989502
YER063W,YHR014W,0,-0.14455633,0.09500409662723541,0.2310757040977478,0.2210884392261505
YLR085C,YJR153W,0,-0.14458416,0.09496520459651947,0.2310757040977478,0.2211884707212448
YBL008W,YMR262W,0,-0.14467365,0.09492634981870651,0.2310757040977478,0.2212885171175003
YML004C,YCL001W,0,-0.14468944,0.09488752484321594,0.2310757040977478,0.2213885486125946
YFR027W,YOR330C,0,-0.14470248,0.09484872967004776,0.2310757040977478,0.2214885950088501
YJR041C,YHR113W,0,-0.1447749,0.09480997174978256,0.2310757040977478,0.2215886414051056
YDR323C,YPL173W,0,-0.14478745,0.09477124363183975,0.2310757040977478,0.2216886729001999
YDR545W,YDR316W-B,0,-0.14479437,0.09473254531621933,0.2310757040977478,0.22178871929645538
YLR167W,YGR060W,0,-0.14486337,0.0946938768029213,0.2310757040977478,0.22188875079154968
YGL229C,YDR075W,1,-0.14491133,0.0950632393360138,0.23207171261310577,0.22188875079154968
YER100W,YGR142W,0,-0.14493585,0.0950244665145874,0.23207171261310577,0.22198879718780518
YMR175W,YAL056W,0,-0.14507453,0.094985730946064,0.23207171261310577,0.22208882868289948
YIL075C,YOR060C,0,-0.14509006,0.09494702517986298,0.23207171261310577,0.22218887507915497
YGR181W,YBR162W-A,0,-0.14516188,0.09490834921598434,0.23207171261310577,0.22228892147541046
YBR114W,YCR021C,0,-0.1452228,0.0948697105050087,0.23207171261310577,0.22238895297050476
YER108C,YMR149W,0,-0.14531335,0.09483109414577484,0.23207171261310577,0.22248899936676025
YGR161W-A,YGR094W,0,-0.14532898,0.09479251503944397,0.23207171261310577,0.22258903086185455
YNL288W,YNL247W,0,-0.14538409,0.09475396573543549,0.23207171261310577,0.22268907725811005
YOL144W,YKL149C,0,-0.14539956,0.09471544623374939,0.23207171261310577,0.22278910875320435
YJR027W,YCL012W,0,-0.14544462,0.09467696398496628,0.23207171261310577,0.22288915514945984
YDR098C-B,YMR177W,0,-0.14552438,0.09463850408792496,0.23207171261310577,0.22298920154571533
YGR174C,YGL078C,0,-0.14553626,0.09460008144378662,0.23207171261310577,0.22308923304080963
YHL028W,YNR038W,0,-0.14555873,0.09456168860197067,0.23207171261310577,0.22318927943706512
YML092C,YBR090C-A,0,-0.14558533,0.09452332556247711,0.23207171261310577,0.22328931093215942
YBR180W,YER081W,0,-0.14568983,0.09448499232530594,0.23207171261310577,0.22338935732841492
YPL130W,YGR208W,0,-0.14570911,0.09444669634103775,0.23207171261310577,0.22348938882350922
YLR102C,YOL059W,0,-0.14573017,0.09440843015909195,0.23207171261310577,0.2235894352197647
YOL122C,YCR058C,0,-0.14574654,0.09437019377946854,0.23207171261310577,0.2236894816160202
YJL021C,YJL208C,0,-0.1457717,0.09433198720216751,0.23207171261310577,0.2237895131111145
YDL240W,YGR181W,0,-0.14582817,0.09429381042718887,0.23207171261310577,0.22388955950737
YPR134W,YPL043W,0,-0.1458339,0.09425566345453262,0.23207171261310577,0.2239895910024643
YGL005C,YOR271C,0,-0.14593478,0.09421754628419876,0.23207171261310577,0.2240896373987198
YOR014W,YAL009W,1,-0.1459444,0.0945836678147316,0.23306773602962494,0.2240896373987198
YPL280W,YBR089C-A,0,-0.14599387,0.09454545378684998,0.23306773602962494,0.2241896688938141
YGR057C,YCL012W,0,-0.14613034,0.09450726956129074,0.23306773602962494,0.22428971529006958
YMR087W,YBL056W,1,-0.14614388,0.09487283229827881,0.2340637445449829,0.22428971529006958
YDR210C-D,YKR075C,0,-0.14619948,0.09483454376459122,0.2340637445449829,0.22438976168632507
YMR165C,YGR208W,1,-0.14626947,0.09519967436790466,0.23505976796150208,0.22438976168632507
YNL099C,YAR071W,1,-0.14627476,0.09556451439857483,0.23605577647686005,0.22438976168632507
YER108C,YGL105W,0,-0.1463257,0.09552599489688873,0.23605577647686005,0.22448979318141937
YPL203W,YGR109W-A,0,-0.14634778,0.09548751264810562,0.23605577647686005,0.22458983957767487
YJR035W,YHL015W,0,-0.1464571,0.0954490527510643,0.23605577647686005,0.22468987107276917
YMR053C,YEL006W,0,-0.14646235,0.09541063010692596,0.23605577647686005,0.22478991746902466
YGR244C,YMR195W,0,-0.14652173,0.09537222981452942,0.23605577647686005,0.22488994896411896
YOR045W,YKR099W,0,-0.14656065,0.09533386677503586,0.23605577647686005,0.22498999536037445
YOR250C,YLR056W,0,-0.14656502,0.09529553353786469,0.23605577647686005,0.22509004175662994
YOR252W,YDR350C,0,-0.14671063,0.0952572375535965,0.23605577647686005,0.22519007325172424
YDR273W,YAL026C,0,-0.14672512,0.0952189639210701,0.23605577647686005,0.22529011964797974
YMR277W,YBR126C,1,-0.1467488,0.09558232873678207,0.2370517998933792,0.22529011964797974
YHR170W,YDR273W,0,-0.14679898,0.09554395824670792,0.2370517998933792,0.22539015114307404
YIL154C,YLL021W,0,-0.14693971,0.09550561755895615,0.2370517998933792,0.22549019753932953
YML107C,YOR273C,0,-0.1470018,0.09546730667352676,0.2370517998933792,0.22559022903442383
YPR154W,YMR133W,0,-0.14700964,0.09542903304100037,0.2370517998933792,0.22569027543067932
YCR058C,YIL148W,0,-0.14702739,0.09539078176021576,0.2370517998933792,0.22579032182693481
YJL012C,YER108C,0,-0.14719482,0.09535256773233414,0.2370517998933792,0.2258903533220291
YHR214C-C,YOR272W,0,-0.14724313,0.0953143760561943,0.2370517998933792,0.2259903997182846
YDR160W,YHR214C-C,0,-0.14729509,0.09527622163295746,0.2370517998933792,0.2260904312133789
YJR073C,YDR515W,0,-0.14733756,0.095238097012043,0.2370517998933792,0.2261904776096344
YPL061W,YMR153W,0,-0.14740522,0.09520000219345093,0.2370517998933792,0.2262905091047287
YJR050W,YGR161C-D,0,-0.14741912,0.09516193717718124,0.2370517998933792,0.2263905555009842
YOR357C,YNL123W,0,-0.14747807,0.09512390196323395,0.2370517998933792,0.22649060189723969
YBR162W-A,YDR246W,0,-0.14757541,0.09508589655160904,0.2370517998933792,0.22659063339233398
YFR047C,YPL176C,0,-0.14757703,0.09504792094230652,0.2370517998933792,0.22669067978858948
YLR442C,YKL002W,0,-0.14792456,0.09500998258590698,0.2370517998933792,0.22679071128368378
YGL098W,YBR065C,0,-0.14794971,0.09497206658124924,0.2370517998933792,0.22689075767993927
YPL209C,YNL284C-B,0,-0.1479627,0.09493418782949448,0.2370517998933792,0.22699078917503357
YDR482C,YOR316C,0,-0.14796934,0.0948963314294815,0.2370517998933792,0.22709083557128906
YJR117W,YGR161C-D,0,-0.14804092,0.09485851228237152,0.2370517998933792,0.22719088196754456
YDR210C-D,YLR328W,0,-0.14804284,0.09482071548700333,0.2370517998933792,0.22729091346263885
YHR009C,YLR193C,0,-0.14807495,0.09478295594453812,0.2370517998933792,0.22739095985889435
YMR225C,YDR105C,0,-0.14818083,0.0947452262043953,0.2370517998933792,0.22749099135398865
YDR268W,YLR019W,0,-0.14821778,0.09470751881599426,0.2370517998933792,0.22759103775024414
YLR061W,YML047C,0,-0.14823325,0.09466984868049622,0.2370517998933792,0.22769106924533844
YGL190C,YER075C,1,-0.14825906,0.09502982348203659,0.23804780840873718,0.22769106924533844
YHR139C,YNL054W-A,0,-0.14829145,0.09499204903841019,0.23804780840873718,0.22779111564159393
YGL028C,YGL240W,0,-0.1483464,0.09495431184768677,0.23804780840873718,0.22789116203784943
YML102W,YLR058C,0,-0.14840241,0.09491659700870514,0.23804780840873718,0.22799119353294373
YOL020W,YOR207C,0,-0.14843158,0.0948789194226265,0.23804780840873718,0.22809123992919922
YLR085C,YNL286W,0,-0.1484543,0.09484127163887024,0.23804780840873718,0.22819127142429352
YHR096C,YGR017W,0,-0.14846979,0.09480364620685577,0.23804780840873718,0.228291317820549
YDR178W,YKL196C,0,-0.14847253,0.0947660580277443,0.23804780840873718,0.2283913493156433
YER102W,YDR365W-A,0,-0.14847465,0.0947284996509552,0.23804780840873718,0.2284913957118988
YIL030C,YHR079C-B,0,-0.14848582,0.0946909636259079,0.23804780840873718,0.2285914421081543
YNL099C,YDR074W,1,-0.14849356,0.09504950791597366,0.23904383182525635,0.2285914421081543
YJL021C,YGR129W,0,-0.14856574,0.0950118750333786,0.23904383182525635,0.2286914736032486
YLR324W,YAL019W,0,-0.14857082,0.09497427940368652,0.23904383182525635,0.2287915199995041
YJL003W,YLR056W,0,-0.14857566,0.09493670612573624,0.23904383182525635,0.2288915514945984
YNL284C-B,YIL106W,0,-0.14865552,0.09489917010068893,0.23904383182525635,0.22899159789085388
YKL045W,YIL033C,0,-0.14872545,0.09486165642738342,0.23904383182525635,0.22909162938594818
YDL093W,YGL231C,0,-0.1487269,0.0948241800069809,0.23904383182525635,0.22919167578220367
YNL025C,YER093C,0,-0.14873466,0.09478673338890076,0.23904383182525635,0.22929172217845917
YBR005W,YER178W,0,-0.14873588,0.09474930912256241,0.23904383182525635,0.22939175367355347
YGR161W-A,YBL025W,0,-0.1487715,0.09471191465854645,0.23904383182525635,0.22949180006980896
YOR068C,YDR300C,0,-0.14884417,0.09467455744743347,0.23904383182525635,0.22959183156490326
YMR226C,YLL057C,0,-0.1488696,0.09463722258806229,0.23904383182525635,0.22969187796115875
YOR045W,YIL068C,0,-0.14890891,0.09459991753101349,0.23904383182525635,0.22979190945625305
YBR091C,YLR011W,0,-0.14893785,0.09456264972686768,0.23904383182525635,0.22989195585250854
YNL029C,YML047C,0,-0.14893802,0.09452540427446365,0.23904383182525635,0.22999200224876404
YJL012C,YLR347C,0,-0.14902973,0.09448818862438202,0.23904383182525635,0.23009203374385834
YJL155C,YIR026C,1,-0.14905462,0.09484454989433289,0.24003984034061432,0.23009203374385834
YDR067C,YDL236W,1,-0.1491884,0.09520062804222107,0.24103586375713348,0.23009203374385834
YOL084W,YPR071W,0,-0.14930251,0.09516319632530212,0.24103586375713348,0.23019208014011383
YEL005C,YMR055C,0,-0.1493183,0.09512578696012497,0.24103586375713348,0.23029211163520813
YOL029C,YBR100W,0,-0.14934437,0.0950884073972702,0.24103586375713348,0.23039215803146362
YDR434W,YHL003C,0,-0.14942245,0.09505105763673782,0.24103586375713348,0.23049218952655792
YNL243W,YDR406W,0,-0.1496526,0.09501374512910843,0.24103586375713348,0.23059223592281342
YPL115C,YLR093C,0,-0.14966959,0.09497645497322083,0.24103586375713348,0.2306922823190689
YOL098C,YNL221C,0,-0.1497174,0.09493919461965561,0.24103586375713348,0.2307923138141632
YJL180C,YNL251C,0,-0.14972721,0.09490196406841278,0.24103586375713348,0.2308923602104187
YER014W,YLR189C,0,-0.14974292,0.09486475586891174,0.24103586375713348,0.230992391705513
YCL051W,YCL012W,0,-0.14983307,0.09482758492231369,0.24103586375713348,0.2310924381017685
YDR434W,YOR004W,0,-0.14985096,0.09479044377803802,0.24103586375713348,0.2311924695968628
YLR432W,YJL083W,0,-0.1498894,0.09475332498550415,0.24103586375713348,0.2312925159931183
YMR040W,YKL039W,0,-0.14999492,0.09471624344587326,0.24103586375713348,0.23139256238937378
YEL019C,YGR080W,0,-0.15011182,0.09467918425798416,0.24103586375713348,0.23149259388446808
YMR237W,YPL006W,0,-0.15013213,0.09464216232299805,0.24103586375713348,0.23159264028072357
YHR110W,YER129W,0,-0.15019353,0.09460516273975372,0.24103586375713348,0.23169267177581787
YDR503C,YDL024C,1,-0.15022112,0.09495896846055984,0.24203187227249146,0.23169267177581787
YHR009C,YDR080W,0,-0.15022705,0.09492187201976776,0.24203187227249146,0.23179271817207336
YLR432W,YKR095W,0,-0.15027589,0.09488481283187866,0.24203187227249146,0.23189274966716766
YBR233W-A,YBR054W,0,-0.15027878,0.09484777599573135,0.24203187227249146,0.23199279606342316
YJR042W,YPL253C,0,-0.15028524,0.09481076896190643,0.24203187227249146,0.23209284245967865
YBR272C,YLR249W,0,-0.15041322,0.0947737917304039,0.24203187227249146,0.23219287395477295
YDR381W,YDR257C,0,-0.15055202,0.09473684430122375,0.24203187227249146,0.23229292035102844
YEL048C,YCL012W,0,-0.15068878,0.0946999192237854,0.24203187227249146,0.23239295184612274
YNL250W,YDR289C,0,-0.15069525,0.09466303139925003,0.24203187227249146,0.23249299824237823
YDR441C,YNL045W,0,-0.15073048,0.09462616592645645,0.24203187227249146,0.23259304463863373
YDR007W,YPL221W,0,-0.15082186,0.09458933770656586,0.24203187227249146,0.23269307613372803
YPR067W,YDR292C,0,-0.15083979,0.09455253183841705,0.24203187227249146,0.23279312252998352
YPL280W,YDR427W,0,-0.15088095,0.09451575577259064,0.24203187227249146,0.23289315402507782
YKL114C,YML047C,0,-0.1509697,0.09447900205850601,0.24203187227249146,0.2329932004213333
YMR192W,YKL033W,0,-0.15110327,0.09444228559732437,0.24203187227249146,0.2330932319164276
YBL087C,YLR054C,0,-0.15122795,0.09440559148788452,0.24203187227249146,0.2331932783126831
YNL062C,YLR299W,0,-0.15129901,0.09436893463134766,0.24203187227249146,0.2332933247089386
YOR090C,YHR076W,1,-0.15130709,0.0947204977273941,0.24302789568901062,0.2332933247089386
YLR377C,YBR022W,1,-0.1513935,0.09507179260253906,0.2440239042043686,0.2332933247089386
YNR019W,YLR292C,0,-0.15146102,0.09503491222858429,0.2440239042043686,0.2333933562040329
YOR157C,YDR098C-B,0,-0.15146567,0.0949980616569519,0.2440239042043686,0.2334934026002884
YBR233W-A,YOR109W,0,-0.15170492,0.0949612408876419,0.2440239042043686,0.2335934340953827
YLL024C,YAL019W,0,-0.15174349,0.0949244499206543,0.2440239042043686,0.23369348049163818
YPR161C,YLR435W,0,-0.15175268,0.09488768130540848,0.2440239042043686,0.23379351198673248
YDL240W,YOR158W,0,-0.1517573,0.09485094994306564,0.2440239042043686,0.23389355838298798
YMR059W,YLR060W,0,-0.15180278,0.0948142409324646,0.2440239042043686,0.23399360477924347
YGL092W,YBR248C,0,-0.15187745,0.09477756172418594,0.2440239042043686,0.23409363627433777
YDR377W,YFR040W,0,-0.15188721,0.09474091231822968,0.2440239042043686,0.23419368267059326
YCR107W,YNL081C,0,-0.15193686,0.0947042927145958,0.2440239042043686,0.23429371416568756
YLR390W-A,YHL021C,0,-0.1519915,0.0946676954627037,0.2440239042043686,0.23439376056194305
YGR004W,YLR092W,0,-0.15207079,0.094631128013134,0.2440239042043686,0.23449379205703735
YPR128C,YOR158W,0,-0.1520886,0.09459459781646729,0.2440239042043686,0.23459383845329285
YCR058C,YML096W,0,-0.15208898,0.09455808252096176,0.2440239042043686,0.23469388484954834
YNL247W,YMR149W,0,-0.15220378,0.09452160447835922,0.2440239042043686,0.23479391634464264
YHR210C,YLR313C,0,-0.1522617,0.09448514878749847,0.2440239042043686,0.23489396274089813
YOR136W,YJR096W,0,-0.15231863,0.09444873034954071,0.2440239042043686,0.23499399423599243
YIL036W,YLR234W,0,-0.1524463,0.09441233426332474,0.2440239042043686,0.23509404063224792
YMR165C,YBR022W,1,-0.15255204,0.09476117044687271,0.24501992762088776,0.23509404063224792
YCR058C,YKL058W,0,-0.15256633,0.09472468495368958,0.24501992762088776,0.23519407212734222
YOR091W,YNL054W-A,0,-0.15259294,0.09468822181224823,0.24501992762088776,0.23529411852359772
YOR018W,YDR217C,0,-0.1526293,0.09465178847312927,0.24501992762088776,0.2353941649198532
YDR397C,YPL063W,0,-0.15272895,0.0946153849363327,0.24501992762088776,0.2354941964149475
YFR027W,YIL052C,0,-0.15279779,0.09457901120185852,0.24501992762088776,0.235594242811203
YDR148C,YML021C,0,-0.15287925,0.09454265981912613,0.24501992762088776,0.2356942743062973
YHL028W,YHR079C-B,0,-0.15289354,0.09450633823871613,0.24501992762088776,0.2357943207025528
YKR075C,YDL149W,0,-0.15293731,0.09447004646062851,0.24501992762088776,0.2358943521976471
YML120C,YLL006W,0,-0.1530343,0.09443378448486328,0.24501992762088776,0.2359943985939026
YPR173C,YNL054W-A,0,-0.15314493,0.09439754486083984,0.24501992762088776,0.23609444499015808
YHL025W,YOR195W,0,-0.15322085,0.0943613350391388,0.24501992762088776,0.23619447648525238
YDR098C-A,YDR105C,0,-0.15327744,0.09432515501976013,0.24501992762088776,0.23629452288150787
YBR090C-A,YOR078W,0,-0.15336438,0.09428899735212326,0.24501992762088776,0.23639455437660217
YML067C,YNL036W,0,-0.15338826,0.09425287693738937,0.24501992762088776,0.23649460077285767
YNL051W,YHR154W,0,-0.15344651,0.09421677887439728,0.24501992762088776,0.23659463226795197
YDL072C,YDR515W,0,-0.1534466,0.09418070316314697,0.24501992762088776,0.23669467866420746
YAL009W,YJL098W,1,-0.1534789,0.09452736377716064,0.24601593613624573,0.23669467866420746
YLR044C,YNL123W,0,-0.15350053,0.09449119865894318,0.24601593613624573,0.23679472506046295
YGL073W,YNL054W-A,0,-0.15355562,0.0944550633430481,0.24601593613624573,0.23689475655555725
YLR200W,YFR025C,0,-0.15360935,0.0944189578294754,0.24601593613624573,0.23699480295181274
YOR267C,YKL016C,0,-0.15367411,0.0943828821182251,0.24601593613624573,0.23709483444690704
YNL010W,YDR074W,1,-0.15368739,0.09472879767417908,0.2470119595527649,0.23709483444690704
YCR086W,YCL035C,0,-0.15369113,0.09469263255596161,0.2470119595527649,0.23719488084316254
YJR123W,YPR034W,0,-0.15380436,0.09465648978948593,0.2470119595527649,0.23729491233825684
YDR268W,YOR009W,0,-0.15385698,0.09462037682533264,0.2470119595527649,0.23739495873451233
YIL030C,YIL173W,0,-0.15389413,0.09458428621292114,0.2470119595527649,0.23749500513076782
YJR102C,YNR032C-A,0,-0.15396935,0.09454822540283203,0.2470119595527649,0.23759503662586212
YAL011W,YBR169C,0,-0.15399589,0.09451219439506531,0.2470119595527649,0.23769508302211761
YJL012C,YJL078C,0,-0.15399946,0.09447619318962097,0.2470119595527649,0.23779511451721191
YML081W,YPR131C,0,-0.15402645,0.09444021433591843,0.2470119595527649,0.2378951609134674
YOL069W,YOR110W,0,-0.15409873,0.09440426528453827,0.2470119595527649,0.2379951924085617
YLL006W,YKR083C,0,-0.15417394,0.0943683385848999,0.2470119595527649,0.2380952388048172
YDL243C,YCL064C,0,-0.15435754,0.09433244913816452,0.2470119595527649,0.2381952852010727
YHL050C,YDL123W,0,-0.15435816,0.09429657459259033,0.2470119595527649,0.238295316696167
YAL028W,YLR288C,0,-0.15457742,0.09426073729991913,0.2470119595527649,0.23839536309242249
YJL162C,YCR005C,0,-0.1546282,0.09422492235898972,0.2470119595527649,0.23849539458751678
YDL247W,YNL123W,0,-0.15463923,0.09418913722038269,0.2470119595527649,0.23859544098377228
YLR075W,YGL129C,0,-0.15465485,0.09415338188409805,0.2470119595527649,0.23869547247886658
YDR160W,YBR090C-A,0,-0.1547023,0.0941176488995552,0.2470119595527649,0.23879551887512207
YOL084W,YBR146W,0,-0.15473506,0.09408194571733475,0.2470119595527649,0.23889556527137756
YJL021C,YJR131W,0,-0.15477234,0.09404626488685608,0.2470119595527649,0.23899559676647186
YHR009C,YNL054W-A,0,-0.15479107,0.0940106138586998,0.2470119595527649,0.23909564316272736
YER028C,YMR225C,0,-0.15485476,0.0939749926328659,0.2470119595527649,0.23919567465782166
YGL098W,YLR315W,0,-0.15496682,0.0939393937587738,0.2470119595527649,0.23929572105407715
YOR358W,YIL123W,0,-0.15503813,0.09390382468700409,0.2470119595527649,0.23939575254917145
YDR500C,YDR019C,0,-0.15510537,0.09386827796697617,0.2470119595527649,0.23949579894542694
YAL011W,YGR170W,0,-0.15513387,0.09383276849985123,0.2470119595527649,0.23959584534168243
YOL154W,YOL061W,0,-0.15520282,0.09379727393388748,0.2470119595527649,0.23969587683677673
YLR083C,YML081W,0,-0.15526696,0.09376181662082672,0.2470119595527649,0.23979592323303223
YDR430C,YOL116W,0,-0.15531626,0.09372638165950775,0.2470119595527649,0.23989595472812653
YPL141C,YLR292C,0,-0.15537287,0.09369096904993057,0.2470119595527649,0.23999600112438202
YIL036W,YIL069C,0,-0.1553746,0.09365558624267578,0.2470119595527649,0.24009603261947632
YBR090C-A,YGL116W,0,-0.15538998,0.09362023323774338,0.2470119595527649,0.2401960790157318
YDR098C-A,YDR129C,0,-0.1554299,0.09358490258455276,0.2470119595527649,0.2402961254119873
YDR292C,YCL001W,0,-0.1556749,0.09354960173368454,0.2470119595527649,0.2403961569070816
YML107C,YGR109W-A,0,-0.15573841,0.0935143306851387,0.2470119595527649,0.2404962033033371
YDL235C,YBR100W,0,-0.15582414,0.09347908198833466,0.2470119595527649,0.2405962347984314
YFR024C,YHR149C,0,-0.15587243,0.0934438556432724,0.2470119595527649,0.2406962811946869
YBR090C-A,YMR237W,0,-0.15588515,0.09340866655111313,0.2470119595527649,0.2407963126897812
YEL005C,YMR074C,0,-0.15588863,0.09337349236011505,0.2470119595527649,0.24089635908603668
YLR115W,YDR365W-A,0,-0.155892,0.09333834797143936,0.2470119595527649,0.24099640548229218
YIL036W,YBR090C-A,0,-0.15607627,0.09330323338508606,0.2470119595527649,0.24109643697738647
YDL189W,YGL018C,0,-0.1561027,0.09326814860105515,0.2470119595527649,0.24119648337364197
YOL011W,YOR358W,0,-0.15611683,0.09323308616876602,0.2470119595527649,0.24129651486873627
YPL043W,YCL012W,0,-0.1561558,0.09319804608821869,0.2470119595527649,0.24139656126499176
YDR384C,YCR063W,0,-0.1562541,0.09316303580999374,0.2470119595527649,0.24149659276008606
YPR188C,YGR120C,0,-0.15625603,0.09312804788351059,0.2470119595527649,0.24159663915634155
YPR055W,YGR211W,0,-0.15628804,0.09309308975934982,0.2470119595527649,0.24169668555259705
YBR189W,YNL054W-A,0,-0.15629116,0.09305816143751144,0.2470119595527649,0.24179671704769135
YKL149C,YNR055C,0,-0.15630712,0.09302325546741486,0.2470119595527649,0.24189676344394684
YMR274C,YGR217W,0,-0.15636837,0.09298837929964066,0.2470119595527649,0.24199679493904114
YDL240W,YBL038W,0,-0.1563725,0.09295352548360825,0.2470119595527649,0.24209684133529663
YNL183C,YDL119C,0,-0.15645838,0.09291869401931763,0.2470119595527649,0.24219687283039093
YBR233W-A,YFL056C,0,-0.15656637,0.0928838923573494,0.2470119595527649,0.24229691922664642
YFR027W,YFR016C,0,-0.15657173,0.09284912049770355,0.2470119595527649,0.24239696562290192
YLR352W,YLR466W,0,-0.1565942,0.0928143709897995,0.2470119595527649,0.24249699711799622
YOL098C,YMR207C,0,-0.15662241,0.09277965128421783,0.2470119595527649,0.2425970435142517
YHR210C,YBR015C,0,-0.15666136,0.09274495393037796,0.2470119595527649,0.242697075009346
YPR110C,YCL068C,0,-0.15667494,0.09271027892827988,0.2470119595527649,0.2427971214056015
YDL220C,YER108C,0,-0.15671374,0.09267563372850418,0.2470119595527649,0.2428971529006958
YKL080W,YDL149W,0,-0.15687615,0.09264101833105087,0.2470119595527649,0.2429971992969513
YIL119C,YMR118C,0,-0.1568802,0.09260642528533936,0.2470119595527649,0.2430972456932068
YJL173C,YLR352W,0,-0.15689458,0.09257185459136963,0.2470119595527649,0.2431972771883011
YJR132W,YDR175C,0,-0.15690699,0.09253731369972229,0.2470119595527649,0.24329732358455658
YKL138C,YLL021W,0,-0.15691777,0.09250279515981674,0.2470119595527649,0.24339735507965088
YFR024C,YDL160C,0,-0.15697148,0.09246830642223358,0.2470119595527649,0.24349740147590637
YOR253W,YBR100W,0,-0.15699755,0.09243384003639221,0.2470119595527649,0.24359743297100067
YML067C,YER040W,0,-0.15702032,0.09239940345287323,0.2470119595527649,0.24369747936725616
YDR148C,YDR098C-B,0,-0.1570547,0.09236498922109604,0.2470119595527649,0.24379752576351166
YLR227W-A,YNL066W,0,-0.15708509,0.09233060479164124,0.2470119595527649,0.24389755725860596
YMR081C,YJR131W,0,-0.15714715,0.09229624271392822,0.2470119595527649,0.24399760365486145
YLR360W,YPR148C,0,-0.1572914,0.092261902987957,0.2470119595527649,0.24409763514995575
YJR027W,YHR214C-C,0,-0.15731771,0.09222759306430817,0.2470119595527649,0.24419768154621124
YPL215W,YOR260W,0,-0.15739499,0.09219330549240112,0.2470119595527649,0.24429771304130554
YMR050C,YMR118C,0,-0.15741852,0.09215904772281647,0.2470119595527649,0.24439775943756104
YOR191W,YPL239W,0,-0.15742224,0.0921248123049736,0.2470119595527649,0.24449780583381653
YOR247W,YDR098C-B,0,-0.15744077,0.09209060668945312,0.2470119595527649,0.24459783732891083
YDR513W,YJR048W,0,-0.15744744,0.09205642342567444,0.2470119595527649,0.24469788372516632
YNL132W,YGR017W,0,-0.1574935,0.09202226251363754,0.2470119595527649,0.24479791522026062
YDL240W,YPL004C,0,-0.15749833,0.09198813140392303,0.2470119595527649,0.2448979616165161
YMR055C,YNL054W-A,0,-0.15751521,0.09195402264595032,0.2470119595527649,0.2449979931116104
YOR189W,YPR158W-B,0,-0.1575249,0.09191994369029999,0.2470119595527649,0.2450980395078659
YJR120W,YHL006C,0,-0.1576548,0.09188588708639145,0.2470119595527649,0.2451980859041214
YOR189W,YOR132W,0,-0.15767619,0.0918518528342247,0.2470119595527649,0.2452981173992157
YGR024C,YBR094W,0,-0.15775567,0.09181784838438034,0.2470119595527649,0.2453981637954712
YDR309C,YBR016W,0,-0.15780145,0.09178386628627777,0.2470119595527649,0.2454981952905655
YGL018C,YFR053C,0,-0.15782954,0.09174990653991699,0.2470119595527649,0.24559824168682098
YBR233W-A,YCL067C,0,-0.15788725,0.0917159765958786,0.2470119595527649,0.24569827318191528
YPL138C,YPL010W,0,-0.15789515,0.091682069003582,0.2470119595527649,0.24579831957817078
YPL105C,YOR272W,0,-0.15790449,0.09164819121360779,0.2470119595527649,0.24589836597442627
YMR048W,YIR004W,0,-0.1579342,0.09161433577537537,0.2470119595527649,0.24599839746952057
YKL150W,YJR108W,0,-0.15801115,0.09158050268888474,0.2470119595527649,0.24609844386577606
YBR090C-A,YML047C,0,-0.15805744,0.09154669940471649,0.2470119595527649,0.24619847536087036
YIL007C,YBR254C,0,-0.15805808,0.09151291847229004,0.2470119595527649,0.24629852175712585
YLR299W,YGL226W,0,-0.15810071,0.09147915989160538,0.2470119595527649,0.24639855325222015
YAL051W,YJL216C,0,-0.1581869,0.0914454311132431,0.2470119595527649,0.24649859964847565
YOR266W,YPL130W,0,-0.15820007,0.09141172468662262,0.2470119595527649,0.24659864604473114
YDR004W,YDL223C,0,-0.15820548,0.09137804061174393,0.2470119595527649,0.24669867753982544
YOL126C,YPR133C,0,-0.15822197,0.09134438633918762,0.2470119595527649,0.24679872393608093
YGR109W-A,YNL240C,0,-0.15826571,0.09131075441837311,0.2470119595527649,0.24689875543117523
YJR150C,YFL026W,0,-0.1583779,0.09127714484930038,0.2470119595527649,0.24699880182743073
YPL137C,YKR053C,0,-0.15854388,0.09124356508255005,0.2470119595527649,0.24709883332252502
YBR046C,YJL013C,0,-0.1587851,0.09121000021696091,0.2470119595527649,0.24719887971878052
YBR233W-A,YOR253W,0,-0.15883218,0.09117647260427475,0.2470119595527649,0.247298926115036
YHR157W,YPL117C,0,-0.15885614,0.09114295989274979,0.2470119595527649,0.2473989576101303
YHR111W,YNL023C,0,-0.15899591,0.09110947698354721,0.2470119595527649,0.2474990040063858
YLR193C,YER023W,0,-0.15903375,0.09107601642608643,0.2470119595527649,0.2475990355014801
YNL164C,YGL064C,0,-0.15910657,0.09104258567094803,0.2470119595527649,0.2476990818977356
YOR264W,YLR384C,0,-0.1591313,0.09100917726755142,0.2470119595527649,0.2477991133928299
YGR161W-A,YPL198W,0,-0.15918063,0.0909757912158966,0.2470119595527649,0.2478991597890854
YKR079C,YGL085W,0,-0.15919156,0.09094242751598358,0.2470119595527649,0.24799920618534088
YDL236W,YDL188C,1,-0.15928872,0.0912756621837616,0.24800796806812286,0.24799920618534088
YDR098C-B,YOR113W,0,-0.15933481,0.091242216527462,0.24800796806812286,0.24809923768043518
YGL167C,YCL012W,0,-0.15937753,0.0912087932229042,0.24800796806812286,0.24819928407669067
YJR150C,YHR120W,0,-0.15938702,0.0911753922700882,0.24800796806812286,0.24829931557178497
YIR026C,YGL219C,0,-0.15940672,0.09114202111959457,0.24800796806812286,0.24839936196804047
YLR092W,YPL145C,0,-0.15941952,0.09110867232084274,0.24800796806812286,0.24849939346313477
YDL175C,YNL023C,0,-0.15942414,0.0910753458738327,0.24800796806812286,0.24859943985939026
YCL012W,YDR395W,0,-0.15943283,0.09104204922914505,0.24800796806812286,0.24869948625564575
YGR170W,YBR049C,0,-0.15946339,0.09100877493619919,0.24800796806812286,0.24879951775074005
YGR109W-A,YGR296W,0,-0.15954773,0.09097552299499512,0.24800796806812286,0.24889956414699554
YGR178C,YPL233W,0,-0.15955944,0.09094229340553284,0.24800796806812286,0.24899959564208984
YIL118W,YGR161C,0,-0.15966395,0.09090909361839294,0.24800796806812286,0.24909964203834534
YGR266W,YNL048W,0,-0.15978578,0.09087590873241425,0.24800796806812286,0.24919967353343964
YGL229C,YNL010W,1,-0.15979274,0.0912075862288475,0.24900399148464203,0.24919967353343964
YAR071W,YDL006W,1,-0.1598826,0.09153902530670166,0.25,0.24919967353343964
YOR019W,YBR100W,0,-0.15988825,0.09150565415620804,0.25,0.24929971992969513
YHR111W,YBR100W,0,-0.15996273,0.09147230535745621,0.25,0.24939976632595062
YLR102C,YML061C,0,-0.15999627,0.09143897891044617,0.25,0.24949979782104492
YDL134C,YBR100W,0,-0.16002233,0.09140568226575851,0.25,0.24959984421730042
YPL138C,YNR038W,0,-0.1600645,0.09137240797281265,0.25,0.24969987571239471
YMR156C,YNL106C,1,-0.16031945,0.09170305728912354,0.25099602341651917,0.24969987571239471
YHR044C,YNR032W,1,-0.16034473,0.09203346818685532,0.25199201703071594,0.24969987571239471
YBR279W,YPL049C,0,-0.16049509,0.09200000017881393,0.25199201703071594,0.2497999221086502
YGR099W,YBR272C,0,-0.16050401,0.09196655452251434,0.25199201703071594,0.2498999536037445
YEL005C,YHR079C-B,0,-0.16073903,0.09193313866853714,0.25199201703071594,0.25
YGR046W,YHR118C,0,-0.1607529,0.09189974516630173,0.25199201703071594,0.2501000463962555
YAL011W,YHR110W,0,-0.16076888,0.0918663740158081,0.25199201703071594,0.250200092792511
YJL012C,YDR165W,0,-0.1608233,0.09183303266763687,0.25199201703071594,0.2503001093864441
YOR156C,YOR249C,0,-0.16090252,0.09179970622062683,0.25199201703071594,0.2504001557826996
YDR213W,YGR109W-A,0,-0.1609209,0.09176640957593918,0.25199201703071594,0.2505002021789551
YER041W,YDR105C,0,-0.16102503,0.09173314273357391,0.25199201703071594,0.25060024857521057
YLR118C,YMR322C,0,-0.161063,0.09169989079236984,0.25199201703071594,0.25070029497146606
YDR503C,YER075C,1,-0.16108014,0.09202898293733597,0.2529880404472351,0.25070029497146606
YJL021C,YOL116W,0,-0.16121848,0.09199565649032593,0.2529880404472351,0.25080031156539917
YCL044C,YGR142W,0,-0.16122334,0.09196234494447708,0.2529880404472351,0.25090035796165466
YDR471W,YDR317W,0,-0.16129468,0.09192906320095062,0.2529880404472351,0.25100040435791016
YKL141W,YBL008W,0,-0.16134813,0.09189580380916595,0.2529880404472351,0.25110045075416565
YFR024C,YNL246W,0,-0.1613705,0.09186256676912308,0.2529880404472351,0.25120046734809875
YPL234C,YDR386W,0,-0.16140251,0.09182935953140259,0.2529880404472351,0.25130051374435425
YGR109W-A,YPL248C,0,-0.16141258,0.09179616719484329,0.2529880404472351,0.25140056014060974
YIL156W,YOR273C,0,-0.16153611,0.09176300466060638,0.2529880404472351,0.25150060653686523
YOR032C,YGR211W,0,-0.16159134,0.09172986447811127,0.2529880404472351,0.2516006529331207
YIL007C,YGL144C,0,-0.16170575,0.09169675409793854,0.2529880404472351,0.25170066952705383
YNL199C,YNL076W,0,-0.16181755,0.091663658618927,0.2529880404472351,0.2518007159233093
YOL042W,YML092C,0,-0.16184902,0.09163059294223785,0.2529880404472351,0.2519007623195648
YIL137C,YDR469W,0,-0.16186945,0.0915975496172905,0.2529880404472351,0.2520008087158203
YDR515W,YCL035C,0,-0.16187756,0.09156452864408493,0.2529880404472351,0.2521008551120758
YBR233W-A,YJR118C,0,-0.1619264,0.09153153002262115,0.2529880404472351,0.2522008717060089
YHR146W,YMR074C,0,-0.16193825,0.09149856120347977,0.2529880404472351,0.2523009181022644
YCL067C,YFR053C,0,-0.16206619,0.09146560728549957,0.2529880404472351,0.2524009644985199
YBR060C,YKR052C,0,-0.16231492,0.09143268316984177,0.2529880404472351,0.2525010108947754
YGL006W,YPL207W,0,-0.16236171,0.09139978140592575,0.2529880404472351,0.2526010274887085
YGR109W-A,YDR025W,0,-0.16241996,0.09136690944433212,0.2529880404472351,0.252701073884964
YLL048C,YKR052C,0,-0.16249086,0.09133405238389969,0.2529880404472351,0.2528011202812195
YDR325W,YOR068C,0,-0.16254073,0.09130122512578964,0.2529880404472351,0.252901166677475
YPL001W,YDR246W,0,-0.16257255,0.09126841276884079,0.2529880404472351,0.25300121307373047
YMR274C,YER123W,0,-0.16263069,0.09123563021421432,0.2529880404472351,0.2531012296676636
YIL008W,YNL081C,0,-0.16264458,0.09120287001132965,0.2529880404472351,0.25320127606391907
YER102W,YGL226W,0,-0.16279185,0.09117013961076736,0.2529880404472351,0.25330132246017456
YFR040W,YFR025C,1,-0.16287236,0.09149622917175293,0.2539840638637543,0.25330132246017456
YGL061C,YGR003W,0,-0.1628854,0.09146341681480408,0.2539840638637543,0.25340136885643005
YCR106W,YPL040C,0,-0.16294563,0.09143061935901642,0.2539840638637543,0.25350141525268555
YOL122C,YMR313C,0,-0.16298415,0.09139785170555115,0.2539840638637543,0.25360143184661865
YMR180C,YML016C,1,-0.16323732,0.09172339737415314,0.25498008728027344,0.25360143184661865
YDL160C,YKL006C-A,0,-0.16334687,0.0916905477643013,0.25498008728027344,0.25370147824287415
YBR233W-A,YPL120W,0,-0.1633471,0.09165771305561066,0.25498008728027344,0.25380152463912964
YLL066C,YOL132W,0,-0.16340299,0.0916249081492424,0.25498008728027344,0.25390157103538513
YNL214W,YJR050W,0,-0.16342531,0.09159212559461594,0.25498008728027344,0.25400158762931824
YGR017W,YJL001W,0,-0.1635419,0.09155937284231186,0.25498008728027344,0.25410163402557373
YNL263C,YMR234W,0,-0.16354471,0.09152663499116898,0.25498008728027344,0.2542016804218292
YJR035W,YDR005C,0,-0.16354476,0.09149392694234848,0.25498008728027344,0.2543017268180847
YPL203W,YEL044W,0,-0.16357248,0.09146123379468918,0.25498008728027344,0.2544017732143402
YEL018W,YJL021C,0,-0.16362754,0.09142857044935226,0.25498008728027344,0.2545017898082733
YAR071W,YHR004C,1,-0.16364627,0.09175294637680054,0.2559760808944702,0.2545017898082733
YJL173C,YGL226W,0,-0.1636472,0.09172020107507706,0.2559760808944702,0.2546018362045288
YOR189W,YDR439W,0,-0.1637036,0.09168747812509537,0.2559760808944702,0.2547018826007843
YNL217W,YAL016W,1,-0.16373791,0.09201141446828842,0.2569721043109894,0.2547018826007843
YNL051W,YGR109W-A,0,-0.16374873,0.09197860956192017,0.2569721043109894,0.2548019289970398
YNL132W,YHL031C,0,-0.16378523,0.0919458270072937,0.2569721043109894,0.2549019753932953
YHR005C,YPL075W,0,-0.16381453,0.09191307425498962,0.2569721043109894,0.2550019919872284
YMR225C,YNL216W,0,-0.16383901,0.09188034385442734,0.2569721043109894,0.2551020383834839
YGR181W,YGL127C,0,-0.16388357,0.09184763580560684,0.2569721043109894,0.2552020847797394
YMR215W,YDR092W,0,-0.16394033,0.09181495010852814,0.2569721043109894,0.2553021311759949
YDL189W,YKL138C,0,-0.16396149,0.09178228676319122,0.2569721043109894,0.255402147769928
YLR052W,YNL036W,0,-0.16398008,0.0917496457695961,0.2569721043109894,0.25550219416618347
YPL010W,YBR028C,0,-0.16398844,0.09171702712774277,0.2569721043109894,0.25560224056243896
YDR227W,YPR131C,0,-0.1641325,0.09168443828821182,0.2569721043109894,0.25570228695869446
YGL092W,YEL051W,0,-0.16417529,0.09165186434984207,0.2569721043109894,0.25580233335494995
YBR090C-A,YPL183C,0,-0.16419093,0.09161932021379471,0.2569721043109894,0.25590234994888306
YOR049C,YER040W,0,-0.16419172,0.09158679097890854,0.2569721043109894,0.25600239634513855
YDR316W-B,YDL012C,0,-0.16420579,0.09155429154634476,0.2569721043109894,0.25610244274139404
YDL003W,YNR071C,0,-0.16424324,0.09152181446552277,0.2569721043109894,0.25620248913764954
YLR367W,YCL012W,0,-0.16433428,0.09148935973644257,0.2569721043109894,0.25630253553390503
YBL007C,YGR260W,0,-0.16444768,0.09145692735910416,0.2569721043109894,0.25640255212783813
YBR126C,YHR076W,1,-0.16450402,0.09177888184785843,0.25796812772750854,0.25640255212783813
YGL171W,YCL012W,0,-0.16450842,0.09174636751413345,0.25796812772750854,0.25650259852409363
YER179W,YPL234C,0,-0.16453034,0.09171388298273087,0.25796812772750854,0.2566026449203491
YGL028C,YKR075C,0,-0.16466698,0.09168141335248947,0.25796812772750854,0.2567026913166046
YOR119C,YDR098C-B,0,-0.16476293,0.09164897352457047,0.25796812772750854,0.2568027079105377
YNL167C,YIL148W,0,-0.16477996,0.09161655604839325,0.25796812772750854,0.2569027543067932
YFR016C,YDR365W-A,0,-0.16495313,0.09158416092395782,0.25796812772750854,0.2570028007030487
YGL087C,YDL211C,0,-0.16500811,0.09155178815126419,0.25796812772750854,0.2571028470993042
YNR024W,YBR090C-A,0,-0.16501269,0.09151943773031235,0.25796812772750854,0.2572028934955597
YBR200W-A,YHR138C,0,-0.16501884,0.0914871096611023,0.25796812772750854,0.2573029100894928
YJL133C-A,YDR300C,0,-0.16501884,0.09145480394363403,0.25796812772750854,0.2574029564857483
YDR039C,YFL035C-A,0,-0.16501884,0.09142252057790756,0.25796812772750854,0.2575030028820038
YDR145W,YFL035C-A,0,-0.16501884,0.09139025956392288,0.25796812772750854,0.2576030492782593
YBR200W-A,YGR142W,0,-0.16501884,0.09135802835226059,0.25796812772750854,0.25770309567451477
YMR183C,YOR343C-A,0,-0.16501884,0.09132581204175949,0.25796812772750854,0.2578031122684479
YFL035C-B,YMR322C,0,-0.16501884,0.09129361808300018,0.25796812772750854,0.25790315866470337
YCL005W-A,YLR150W,0,-0.16501884,0.09126145392656326,0.25796812772750854,0.25800320506095886
YGR165W,YDR210W-C,0,-0.16501884,0.09122930467128754,0.25796812772750854,0.25810325145721436
YFL035C-B,YGL027C,0,-0.16501884,0.0911971852183342,0.25796812772750854,0.25820326805114746
YMR153W,YER053C-A,0,-0.16501884,0.09116508066654205,0.25796812772750854,0.25830331444740295
YDR039C,YFL018W-A,0,-0.16501884,0.0911330059170723,0.25796812772750854,0.25840336084365845
YDR280W,YER053C-A,0,-0.16501884,0.09110094606876373,0.25796812772750854,0.25850340723991394
YKR095W-A,YIL173W,0,-0.16501884,0.09106891602277756,0.25796812772750854,0.25860345363616943
YBR089C-A,YOL086W-A,0,-0.16501884,0.09103690832853317,0.25796812772750854,0.25870347023010254
YBR200W-A,YLR259C,0,-0.16501884,0.09100491553544998,0.25796812772750854,0.25880351662635803
YPR134W,YKL138C-A,0,-0.16501884,0.09097295254468918,0.25796812772750854,0.2589035630226135
YIL147C,YJL133C-A,0,-0.16501884,0.09094101190567017,0.25796812772750854,0.259003609418869
YGR030C,YFL018W-A,0,-0.16501884,0.09090909361839294,0.25796812772750854,0.2591036558151245
YCL005W-A,YLR220W,0,-0.16501884,0.09087719023227692,0.25796812772750854,0.2592036724090576
YFL035C-B,YER127W,0,-0.16501884,0.09084531664848328,0.25796812772750854,0.2593037188053131
YLR083C,YCL005W-A,0,-0.16501884,0.09081346541643143,0.25796812772750854,0.2594037652015686
YKR095W-A,YPL117C,0,-0.16501884,0.09078163653612137,0.25796812772750854,0.2595038115978241
YHR088W,YER053C-A,0,-0.16501884,0.0907498225569725,0.25796812772750854,0.2596038281917572
YBR200W-A,YBR191W,0,-0.16501884,0.09071803838014603,0.25796812772750854,0.2597038745880127
YOR343C-A,YOR271C,0,-0.16501884,0.09068627655506134,0.25796812772750854,0.2598039209842682
YJL183W,YFL035C-B,0,-0.16501884,0.09065452963113785,0.25796812772750854,0.2599039673805237
YJL133C-A,YCL001W,0,-0.16501884,0.09062281250953674,0.25796812772750854,0.2600040137767792
YHR201C,YFL035C-A,0,-0.16501884,0.09059111773967743,0.25796812772750854,0.2601040303707123
YDR122W,YER053C-A,0,-0.16501884,0.09055943787097931,0.25796812772750854,0.2602040767669678
YJL133C-A,YDL223C,0,-0.16501884,0.09052778780460358,0.25796812772750854,0.26030412316322327
YPL120W,YKR095W-A,0,-0.16501884,0.09049616008996964,0.25796812772750854,0.26040416955947876
YGL243W,YOR343C-A,0,-0.16501884,0.09046454727649689,0.25796812772750854,0.26050421595573425
YJL133C-A,YOR253W,0,-0.16501884,0.09043296426534653,0.25796812772750854,0.26060423254966736
YJL133C-A,YKL060C,0,-0.16501884,0.09040139615535736,0.25796812772750854,0.26070427894592285
YML133C,YER053C-A,0,-0.16501884,0.09036985039710999,0.25796812772750854,0.26080432534217834
YOR343C-A,YMR035W,0,-0.16501884,0.090338334441185,0.25796812772750854,0.26090437173843384
YKR095W-A,YPL018W,0,-0.16501884,0.0903068333864212,0.25796812772750854,0.26100438833236694
YLR055C,YOL086W-A,0,-0.16501884,0.0902753546833992,0.25796812772750854,0.26110443472862244
YKL138C-A,YGL192W,0,-0.16501884,0.09024390578269958,0.25796812772750854,0.26120448112487793
YKR095W-A,YER093C,0,-0.16501884,0.09021247178316116,0.25796812772750854,0.2613045275211334
YOR091W,YOL086W-A,0,-0.16501884,0.09018106013536453,0.25796812772750854,0.2614045739173889
YCL005W-A,YOL011W,0,-0.16501884,0.09014967083930969,0.25796812772750854,0.261504590511322
YJR084W,YFL018W-A,0,-0.16501884,0.09011830389499664,0.25796812772750854,0.2616046369075775
YBR200W-A,YGR030C,0,-0.16501884,0.09008695930242538,0.25796812772750854,0.261704683303833
YCL005W-A,YKR095W-A,0,-0.16501884,0.09005562961101532,0.25796812772750854,0.2618047297000885
YPR128C,YDR210W-C,0,-0.16501884,0.09002432972192764,0.25796812772750854,0.261904776096344
YCL005W-A,YER102W,0,-0.16501884,0.08999305218458176,0.25796812772750854,0.2620047926902771
YOR049C,YFL018W-A,0,-0.16501884,0.08996178954839706,0.25796812772750854,0.2621048390865326
YBR248C,YDR210W-C,0,-0.16501884,0.08993055671453476,0.25796812772750854,0.2622048854827881
YKR099W,YER053C-A,0,-0.16501884,0.08989933878183365,0.25796812772750854,0.2623049318790436
YML041C,YJL133C-A,0,-0.16501884,0.08986815065145493,0.25796812772750854,0.2624049484729767
YOR334W,YLR154W-C,0,-0.16501884,0.0898369774222374,0.25796812772750854,0.2625049948692322
YCR058C,YCL039W,0,-0.16501884,0.08980582654476166,0.25796812772750854,0.26260504126548767
YJL133C-A,YOR001W,0,-0.16501884,0.08977469801902771,0.25796812772750854,0.26270508766174316
YJL183W,YER053C-A,0,-0.16501884,0.08974359184503555,0.25796812772750854,0.26280513405799866
YIL036W,YDR210W-C,0,-0.16501884,0.08971250802278519,0.25796812772750854,0.26290515065193176
YBR043C,YLR154W-C,0,-0.16501884,0.08968143910169601,0.25796812772750854,0.26300519704818726
YJL021C,YBL100W-B,0,-0.16501884,0.08965039998292923,0.25796812772750854,0.26310524344444275
YGR099W,YDR210W-C,0,-0.16501884,0.08961937576532364,0.25796812772750854,0.26320528984069824
YBR200W-A,YNL063W,0,-0.16501884,0.08958838135004044,0.25796812772750854,0.26330533623695374
YBR200W-A,YNL076W,0,-0.16501884,0.08955740183591843,0.25796812772750854,0.26340535283088684
YLR102C,YCL005W-A,0,-0.16501884,0.08952644467353821,0.25796812772750854,0.26350539922714233
YGL092W,YKR095W-A,0,-0.16501884,0.08949550986289978,0.25796812772750854,0.2636054456233978
YKL040C,YOR343C-A,0,-0.16501884,0.08946459740400314,0.25796812772750854,0.2637054920196533
YMR215W,YER053C-A,0,-0.16501884,0.0894336998462677,0.25796812772750854,0.2638055086135864
YBR200W-A,YJL167W,0,-0.16501884,0.08940283209085464,0.25796812772750854,0.2639055550098419
YDR210W-C,YKL002W,0,-0.16501884,0.08937197923660278,0.25796812772750854,0.2640056014060974
YDL134C-A,YIL008W,0,-0.16501884,0.08934114873409271,0.25796812772750854,0.2641056478023529
YLR154W-C,YNL054W-A,0,-0.16501884,0.08931034803390503,0.25796812772750854,0.2642056941986084
YER102W,YFL035C-A,0,-0.16501884,0.08927956223487854,0.25796812772750854,0.2643057107925415
YCL005W-A,YFR016C,0,-0.16501884,0.08924879133701324,0.25796812772750854,0.264405757188797
YCL005W-A,YIL014W,0,-0.16501884,0.08921805024147034,0.25796812772750854,0.2645058035850525
YJL133C-A,YBL014C,0,-0.16501884,0.08918733149766922,0.25796812772750854,0.264605849981308
YLR154W-C,YCR038C,0,-0.16501884,0.0891566276550293,0.25796812772750854,0.2647058963775635
YKR095W-A,YER071C,0,-0.16501884,0.08912594616413116,0.25796812772750854,0.2648059129714966
YFL035C-B,YOR266W,0,-0.16501884,0.08909528702497482,0.25796812772750854,0.2649059593677521
YFL035C-B,YOL012C,0,-0.16501884,0.08906465023756027,0.25796812772750854,0.26500600576400757
YCL005W-A,YIL009W,0,-0.16501884,0.08903403580188751,0.25796812772750854,0.26510605216026306
YCL005W-A,YLR044C,0,-0.16501884,0.08900343626737595,0.25796812772750854,0.26520606875419617
YDR210W-C,YDR437W,0,-0.16501884,0.08897285908460617,0.25796812772750854,0.26530611515045166
YFR034C,YER053C-A,0,-0.16501884,0.08894230425357819,0.25796812772750854,0.26540616154670715
YJR042W,YCL012W,0,-0.16501884,0.08891177177429199,0.25796812772750854,0.26550620794296265
YOR087W,YER053C-A,0,-0.16501884,0.08888126164674759,0.25796812772750854,0.26560625433921814
YER053C-A,YNR053C,0,-0.16501884,0.08885077387094498,0.25796812772750854,0.26570627093315125
YJL174W,YLR154W-C,0,-0.16501884,0.08882030099630356,0.25796812772750854,0.26580631732940674
YML098W,YDL134C-A,0,-0.16501884,0.08878985047340393,0.25796812772750854,0.26590636372566223
YBR211C,YFL018W-A,0,-0.16501884,0.0887594223022461,0.25796812772750854,0.2660064101219177
YEL019C,YDL134C-A,0,-0.16501884,0.08872901648283005,0.25796812772750854,0.2661064565181732
YBR090C-A,YKL039W,0,-0.16501884,0.08869863301515579,0.25796812772750854,0.2662064731121063
YKR075C,YDR210W-C,0,-0.16501884,0.08866826444864273,0.25796812772750854,0.2663065195083618
YHR035W,YOR343C-A,0,-0.16501884,0.08863791823387146,0.25796812772750854,0.2664065659046173
YNL181W,YFL035C-A,0,-0.16501884,0.08860759437084198,0.25796812772750854,0.2665066123008728
YFL035C-B,YGR040W,0,-0.16501884,0.08857729285955429,0.25796812772750854,0.2666066288948059
YCL005W-A,YPL178W,0,-0.16501884,0.0885470062494278,0.25796812772750854,0.2667066752910614
YKR095W-A,YGR208W,0,-0.16501884,0.08851674944162369,0.25796812772750854,0.2668067216873169
YDR004W,YJL133C-A,0,-0.16501884,0.08848650753498077,0.25796812772750854,0.2669067680835724
YHR214C-C,YFL018W-A,0,-0.16501884,0.08845628052949905,0.25796812772750854,0.2670068144798279
YKL138C-A,YDR273W,0,-0.16501884,0.08842608332633972,0.25796812772750854,0.267106831073761
YFR034C,YFL018W-A,0,-0.16501884,0.08839590102434158,0.25796812772750854,0.2672068774700165
YDR243C,YOL086W-A,0,-0.16501884,0.08836574852466583,0.25796812772750854,0.267306923866272
YBR119W,YFL035C-A,0,-0.16501884,0.08833560347557068,0.25796812772750854,0.26740697026252747
YBR200W-A,YBL072C,0,-0.16501884,0.08830548822879791,0.25796812772750854,0.26750701665878296
YKR095W-A,YIL043C,0,-0.16501884,0.08827539533376694,0.25796812772750854,0.26760703325271606
YJL133C-A,YGL085W,0,-0.16501884,0.08824531733989716,0.25796812772750854,0.26770707964897156
YFL035C-B,YHR158C,0,-0.16501884,0.08821526169776917,0.25796812772750854,0.26780712604522705
YLR154W-C,YLL014W,0,-0.16501884,0.08818522095680237,0.25796812772750854,0.26790717244148254
YKL138C-A,YOR258W,0,-0.16501884,0.08815521001815796,0.25796812772750854,0.26800718903541565
YHR090C,YOR343C-A,0,-0.16501884,0.08812521398067474,0.25796812772750854,0.26810723543167114
YNL250W,YDR210W-C,0,-0.16501884,0.08809524029493332,0.25796812772750854,0.26820728182792664
YLR411W,YDR210W-C,0,-0.16501884,0.08806528151035309,0.25796812772750854,0.26830732822418213
YDR516C,YBR200W-A,0,-0.16501884,0.08803535252809525,0.25796812772750854,0.2684073746204376
YOR081C,YKL138C-A,0,-0.16501884,0.0880054384469986,0.25796812772750854,0.2685073912143707
YDR259C,YER053C-A,0,-0.16501884,0.08797554671764374,0.25796812772750854,0.2686074376106262
YFL035C-B,YDL124W,0,-0.16501884,0.08794566988945007,0.25796812772750854,0.2687074840068817
YDL134C-A,YOR254C,0,-0.16501884,0.0879158154129982,0.25796812772750854,0.2688075304031372
YJL133C-A,YKL197C,0,-0.16501884,0.08788598328828812,0.25796812772750854,0.2689075767993927
YFL035C-B,YDR057W,0,-0.16501884,0.08785617351531982,0.25796812772750854,0.2690075933933258
YDR471W,YJL133C-A,0,-0.16501884,0.08782637864351273,0.25796812772750854,0.2691076397895813
YLR154W-C,YBR131W,0,-0.16501884,0.08779661357402802,0.25796812772750854,0.2692076861858368
YPR114W,YKR095W-A,0,-0.16501884,0.0877668559551239,0.25796812772750854,0.2693077325820923
YDR323C,YBR200W-A,0,-0.16501884,0.08773712813854218,0.25796812772750854,0.2694077491760254
YKR095W-A,YDR316W-B,0,-0.16501884,0.08770741522312164,0.25796812772750854,0.2695077955722809
YCL005W-A,YLR460C,0,-0.16501884,0.0876777246594429,0.25796812772750854,0.2696078419685364
YKL079W,YOR343C-A,0,-0.16501884,0.08764805644750595,0.25796812772750854,0.26970788836479187
YKL138C-A,YHR114W,0,-0.16501884,0.0876184031367302,0.25796812772750854,0.26980793476104736
YDL134C-A,YER060W,0,-0.16501884,0.08758877217769623,0.25796812772750854,0.26990795135498047
YIL011W,YFL035C-A,0,-0.16501884,0.08755916357040405,0.25796812772750854,0.27000799775123596
YKR095W-A,YKL134C,0,-0.16501884,0.08752956986427307,0.25796812772750854,0.27010804414749146
YBR090C-A,YBR180W,0,-0.16501884,0.08749999850988388,0.25796812772750854,0.27020809054374695
YKR095W-A,YDR386W,0,-0.16501884,0.08747044950723648,0.25796812772750854,0.27030813694000244
YOR002W,YJL133C-A,0,-0.16501884,0.08744091540575027,0.25796812772750854,0.27040815353393555
YBL008W,YCL012W,0,-0.16501884,0.08741140365600586,0.25796812772750854,0.27050819993019104
YIL068C,YFL035C-A,0,-0.16501884,0.08738191425800323,0.25796812772750854,0.27060824632644653
YGL087C,YOR343C-A,0,-0.16501884,0.0873524472117424,0.25796812772750854,0.270708292722702
YDR309C,YFL035C-A,0,-0.16501884,0.08732299506664276,0.25796812772750854,0.27080830931663513
YCL005W-A,YGR244C,0,-0.16501884,0.08729356527328491,0.25796812772750854,0.2709083557128906
YPR173C,YOR343C-A,0,-0.16501884,0.08726415038108826,0.25796812772750854,0.2710084021091461
YDR092W,YKL138C-A,0,-0.16501884,0.08723475784063339,0.25796812772750854,0.2711084485054016
YKR095W-A,YJL069C,0,-0.16501884,0.08720538765192032,0.25796812772750854,0.2712084949016571
YDL100C,YBR200W-A,0,-0.16501884,0.08717603236436844,0.25796812772750854,0.2713085114955902
YJL133C-A,YGR083C,0,-0.16501884,0.08714669942855835,0.25796812772750854,0.2714085578918457
YFR016C,YFL035C-A,0,-0.16501884,0.08711738884449005,0.25796812772750854,0.2715086042881012
YJL035C,YOL086W-A,0,-0.16501884,0.08708809316158295,0.25796812772750854,0.2716086506843567
YBR200W-A,YBR028C,0,-0.16501884,0.08705881983041763,0.25796812772750854,0.2717086970806122
YFR034C,YOL086W-A,0,-0.16501884,0.08702956885099411,0.25796812772750854,0.2718087136745453
YLR154W-C,YDR303C,0,-0.16501884,0.08700033277273178,0.25796812772750854,0.2719087600708008
YKL138C-A,YBL047C,0,-0.16501884,0.08697111904621124,0.25796812772750854,0.2720088064670563
YFL035C-A,YPL254W,0,-0.16501884,0.0869419276714325,0.25796812772750854,0.27210885286331177
YHR001W-A,YER053C-A,0,-0.16501884,0.08691275119781494,0.25796812772750854,0.2722088694572449
YER093C,YER053C-A,0,-0.16501884,0.08688359707593918,0.25796812772750854,0.27230891585350037
YNL221C,YOL086W-A,0,-0.16501884,0.08685445785522461,0.25796812772750854,0.27240896224975586
YDR545W,YJL133C-A,0,-0.16501884,0.08682534098625183,0.25796812772750854,0.27250900864601135
YNR032C-A,YKR095W-A,0,-0.16501884,0.08679624646902084,0.25796812772750854,0.27260905504226685
YCL005W-A,YLR435W,0,-0.16501884,0.08676716685295105,0.25796812772750854,0.27270907163619995
YPL173W,YOL086W-A,0,-0.16501884,0.08673810958862305,0.25796812772750854,0.27280911803245544
YER053C-A,YIL062C,0,-0.16501884,0.08670907467603683,0.25796812772750854,0.27290916442871094
YDR204W,YDR210W-C,0,-0.16501884,0.08668005466461182,0.25796812772750854,0.27300921082496643
YKL138C-A,YJL035C,0,-0.16501884,0.08665105700492859,0.25796812772750854,0.2731092572212219
YGL028C,YFL035C-A,0,-0.16501884,0.08662207424640656,0.25796812772750854,0.27320927381515503
YOR002W,YLR154W-C,0,-0.16501884,0.08659311383962631,0.25796812772750854,0.2733093202114105
YFL035C-B,YEL024W,0,-0.16501884,0.08656416833400726,0.25796812772750854,0.273409366607666
YFL035C-B,YMR125W,0,-0.16501884,0.0865352526307106,0.25796812772750854,0.2735094130039215
YIL014W,YOL086W-A,0,-0.16501884,0.08650634437799454,0.25796812772750854,0.2736094295978546
YDR210W-C,YPL040C,0,-0.16501884,0.08647746592760086,0.25796812772750854,0.2737094759941101
YJL133C-A,YDR316W-B,0,-0.16501884,0.08644859492778778,0.25796812772750854,0.2738095223903656
YKR095W-A,YOR129C,0,-0.16501884,0.08641975373029709,0.25796812772750854,0.2739095687866211
YKR095W-A,YKR099W,0,-0.16501884,0.08639092743396759,0.25796812772750854,0.2740096151828766
YLL016W,YFL035C-A,0,-0.16501884,0.08636212348937988,0.25796812772750854,0.2741096317768097
YOR343C-A,YDL076C,0,-0.16501884,0.08633333444595337,0.25796812772750854,0.2742096781730652
YDR412W,YOR343C-A,0,-0.16501884,0.08630456775426865,0.25796812772750854,0.2743097245693207
YKL149C,YKL138C-A,0,-0.16501884,0.08627581596374512,0.25796812772750854,0.27440977096557617
YLR017W,YFL035C-A,0,-0.16501884,0.08624708652496338,0.25796812772750854,0.27450981736183167
YDR009W,YFL018W-A,0,-0.16501884,0.08621837198734283,0.25796812772750854,0.27460983395576477
YKR095W-A,YNL062C,0,-0.16501884,0.08618968725204468,0.25796812772750854,0.27470988035202026
YDL134C-A,YNL066W,0,-0.16501884,0.08616100996732712,0.25796812772750854,0.27480992674827576
YPL120W,YDL134C-A,0,-0.16501884,0.08613235503435135,0.25796812772750854,0.27490997314453125
YGR224W,YFL035C-A,0,-0.16501884,0.08610372245311737,0.25796812772750854,0.27500998973846436
YLR293C,YLR154W-C,0,-0.16501884,0.08607510477304459,0.25796812772750854,0.27511003613471985
YDR528W,YOL086W-A,0,-0.16501884,0.08604650944471359,0.25796812772750854,0.27521008253097534
YBR233W-A,YNR032C-A,0,-0.16501884,0.08601793646812439,0.25796812772750854,0.27531012892723083
YOR016C,YCL005W-A,0,-0.16501884,0.08598937839269638,0.25796812772750854,0.27541017532348633
YHL017W,YJL133C-A,0,-0.16501884,0.08596083521842957,0.25796812772750854,0.27551019191741943
YOR383C,YOL086W-A,0,-0.16501884,0.08593231439590454,0.25796812772750854,0.2756102383136749
YAL007C,YJL133C-A,0,-0.16501884,0.08590381592512131,0.25796812772750854,0.2757102847099304
YFL035C-B,YKR007W,0,-0.16501884,0.08587533235549927,0.25796812772750854,0.2758103311061859
YIL075C,YBR200W-A,0,-0.16501884,0.08584687113761902,0.25796812772750854,0.2759103775024414
YOR065W,YLR154W-C,0,-0.16501884,0.08581842482089996,0.25796812772750854,0.2760103940963745
YHR158C,YOR343C-A,0,-0.16501884,0.0857899934053421,0.25796812772750854,0.27611044049263
YNL145W,YCL005W-A,0,-0.16501884,0.08576159179210663,0.25796812772750854,0.2762104868888855
YKR083C,YFL035C-A,0,-0.16501884,0.08573319762945175,0.25796812772750854,0.276310533285141
YOR343C-A,YDR179C,0,-0.16501884,0.08570483326911926,0.25796812772750854,0.2764105498790741
YBR131W,YOL086W-A,0,-0.16501884,0.08567648380994797,0.25796812772750854,0.2765105962753296
YOR267C,YKL138C-A,0,-0.16501884,0.08564814925193787,0.25796812772750854,0.2766106426715851
YAL015C,YDR210W-C,0,-0.16501884,0.08561983704566956,0.25796812772750854,0.2767106890678406
YJL186W,YKL138C-A,0,-0.16501884,0.08559153974056244,0.25796812772750854,0.27681073546409607
YGR161W-A,YLR154W-C,0,-0.16501884,0.08556326478719711,0.25796812772750854,0.2769107520580292
YDR210W-C,YJL197W,0,-0.16501884,0.08553500473499298,0.25796812772750854,0.27701079845428467
YFL035C-B,YNL023C,0,-0.16501884,0.08550676703453064,0.25796812772750854,0.27711084485054016
YKR095W-A,YCL016C,0,-0.16501884,0.08547854423522949,0.25796812772750854,0.27721089124679565
YBR130C,YFL018W-A,0,-0.16501884,0.08545034378767014,0.25796812772750854,0.27731093764305115
YFL035C-B,YGR224W,0,-0.16501884,0.08542216569185257,0.25796812772750854,0.27741095423698425
YML023C,YDL134C-A,0,-0.16501884,0.0853940024971962,0.25796812772750854,0.27751100063323975
YGR024C,YFL018W-A,0,-0.16501884,0.08536585420370102,0.25796812772750854,0.27761104702949524
YKR093W,YER053C-A,0,-0.16501884,0.08533772826194763,0.25796812772750854,0.27771109342575073
YDR210W-C,YOR009W,0,-0.16501884,0.08530961722135544,0.25796812772750854,0.27781111001968384
YFL035C-B,YNL247W,0,-0.16501884,0.08528152853250504,0.25796812772750854,0.27791115641593933
YPR134W,YOR343C-A,0,-0.16501884,0.08525345474481583,0.25796812772750854,0.2780112028121948
YBR168W,YFL035C-A,0,-0.16501884,0.08522540330886841,0.25796812772750854,0.2781112492084503
YKL138C-A,YMR230W,0,-0.16501884,0.08519736677408218,0.25796812772750854,0.2782112956047058
YCL005W-A,YEL048C,0,-0.16501884,0.08516935259103775,0.25796812772750854,0.2783113121986389
YGR060W,YFL018W-A,0,-0.16501884,0.08514135330915451,0.25796812772750854,0.2784113585948944
YNL094W,YOR343C-A,0,-0.16501884,0.08511337637901306,0.25796812772750854,0.2785114049911499
YDL134C-A,YOR136W,0,-0.16501884,0.0850854143500328,0.25796812772750854,0.2786114513874054
YKR095W-A,YBR003W,0,-0.16501884,0.08505747467279434,0.25796812772750854,0.2787114977836609
YDR210W-C,YCL012W,0,-0.16501884,0.08502954989671707,0.25796812772750854,0.278811514377594
YFL035C-B,YHR088W,0,-0.16501884,0.085001640021801,0.25796812772750854,0.2789115607738495
YNL068C,YOR343C-A,0,-0.16501884,0.08497375249862671,0.25796812772750854,0.279011607170105
YIL167W,YOR343C-A,0,-0.16501884,0.08494588732719421,0.25796812772750854,0.2791116535663605
YBR200W-A,YCL064C,0,-0.16501884,0.08491802960634232,0.25796812772750854,0.2792116701602936
YNL240C,YOR343C-A,0,-0.16501884,0.0848902016878128,0.25796812772750854,0.2793117165565491
YMR050C,YOR343C-A,0,-0.16501884,0.08486238867044449,0.25796812772750854,0.27941176295280457
YJL133C-A,YMR275C,0,-0.16501884,0.08483459055423737,0.25796812772750854,0.27951180934906006
YBR078W,YFL035C-A,0,-0.16501884,0.08480680733919144,0.25796812772750854,0.27961185574531555
YCL005W-A,YOL096C,0,-0.16501884,0.0847790539264679,0.25796812772750854,0.27971187233924866
YBR054W,YFL018W-A,0,-0.16501884,0.08475130796432495,0.25796812772750854,0.27981191873550415
YCL005W-A,YOR117W,0,-0.16501884,0.0847235843539238,0.25796812772750854,0.27991196513175964
YIR019C,YER053C-A,0,-0.16501884,0.08469588309526443,0.25796812772750854,0.28001201152801514
YDL072C,YER053C-A,0,-0.16501884,0.08466818928718567,0.25796812772750854,0.28011205792427063
YGL142C,YJL133C-A,0,-0.16501884,0.08464052528142929,0.25796812772750854,0.28021207451820374
YDR464W,YFL018W-A,0,-0.16501884,0.08461286872625351,0.25796812772750854,0.28031212091445923
YGR217W,YCR058C,0,-0.16501884,0.08458524197340012,0.25796812772750854,0.2804121673107147
YMR041C,YLR154W-C,0,-0.16501884,0.08455762267112732,0.25796812772750854,0.2805122137069702
YLR154W-C,YBR028C,0,-0.16501884,0.08453002572059631,0.25796812772750854,0.2806122303009033
YLR411W,YFL035C-A,0,-0.16501884,0.0845024436712265,0.25796812772750854,0.2807122766971588
YDR092W,YFL035C-A,0,-0.16501884,0.08447488397359848,0.25796812772750854,0.2808123230934143
YJL021C,YML016C,0,-0.16501884,0.08444733917713165,0.25796812772750854,0.2809123694896698
YJL021C,YBL047C,0,-0.16501884,0.08441981673240662,0.25796812772750854,0.2810124158859253
YDR325W,YFL018W-A,0,-0.16501884,0.08439230918884277,0.25796812772750854,0.2811124324798584
YLR460C,YOR343C-A,0,-0.16501884,0.08436482399702072,0.25796812772750854,0.2812124788761139
YJL133C-A,YNL054W-A,0,-0.16501884,0.08433734625577927,0.25796812772750854,0.2813125252723694
YCL005W-A,YDR108W,0,-0.16501884,0.0843098983168602,0.25796812772750854,0.2814125716686249
YCR058C,YLR067C,0,-0.16501884,0.08428245782852173,0.25796812772750854,0.28151261806488037
YLR154W-C,YOR060C,0,-0.16501884,0.08425503969192505,0.25796812772750854,0.2816126346588135
YKL138C-A,YOL029C,0,-0.16501884,0.08422764390707016,0.25796812772750854,0.28171268105506897
YHR006W,YCL012W,0,-0.16501884,0.08420026302337646,0.25796812772750854,0.28181272745132446
YML067C,YFL018W-A,0,-0.16501884,0.08417289704084396,0.25796812772750854,0.28191277384757996
YGL005C,YLR154W-C,0,-0.16501884,0.08414554595947266,0.25796812772750854,0.28201279044151306
YFL035C-B,YPR067W,0,-0.16501884,0.08411821722984314,0.25796812772750854,0.28211283683776855
YDR210C-D,YGL058W,0,-0.1650662,0.08409091085195541,0.25796812772750854,0.28221288323402405
YGL027C,YLR054C,0,-0.1651082,0.08406361937522888,0.25796812772750854,0.28231292963027954
YJR117W,YOL132W,0,-0.16520621,0.08403634279966354,0.25796812772750854,0.28241297602653503
YNL045W,YPR155C,0,-0.16528268,0.0840090811252594,0.25796812772750854,0.28251299262046814
YLL006W,YGR138C,0,-0.16530536,0.08398184180259705,0.25796812772750854,0.28261303901672363
YKR078W,YOL116W,0,-0.16530688,0.08395461738109589,0.25796812772750854,0.2827130854129791
YDR004W,YGL092W,0,-0.1653979,0.08392741531133652,0.25796812772750854,0.2828131318092346
YJL059W,YDR176W,0,-0.1655203,0.08390022814273834,0.25796812772750854,0.2829131782054901
YOL103W-A,YDR135C,0,-0.16556583,0.08387305587530136,0.25796812772750854,0.2830131947994232
YPL175W,YDR316W-B,0,-0.16557287,0.08384590595960617,0.25796812772750854,0.2831132411956787
YGR109W-A,YOR372C,0,-0.16557829,0.08381877094507217,0.25796812772750854,0.2832132875919342
YER056C,YMR002W,0,-0.16565947,0.08379165083169937,0.25796812772750854,0.2833133339881897
YDL024C,YNL325C,1,-0.16566741,0.08408796787261963,0.2589641511440277,0.2833133339881897
YNL128W,YNL325C,1,-0.16568664,0.08438409119844437,0.2599601447582245,0.2833133339881897
YNL053W,YOR090C,1,-0.16569227,0.08468002825975418,0.26095616817474365,0.2833133339881897
YEL006W,YOL116W,0,-0.16572379,0.08465266227722168,0.26095616817474365,0.2834133505821228
YMR183C,YPL178W,0,-0.16577809,0.08462532609701157,0.26095616817474365,0.2835133969783783
YNL025C,YJL035C,0,-0.16582835,0.08459799736738205,0.26095616817474365,0.2836134433746338
YLR433C,YPL179W,1,-0.16592422,0.08489347994327545,0.2619521915912628,0.2836134433746338
YPR158W-B,YOR011W,0,-0.16596316,0.08486608415842056,0.2619521915912628,0.2837134897708893
YJR102C,YGR212W,0,-0.16599791,0.08483871072530746,0.2619521915912628,0.2838135361671448
YDR434W,YCR058C,0,-0.16599953,0.08481135219335556,0.2619521915912628,0.2839135527610779
YOL069W,YPR133C,0,-0.16603343,0.08478400856256485,0.2619521915912628,0.2840135991573334
YLR227W-A,YOR090C,0,-0.16615032,0.08475668728351593,0.2619521915912628,0.28411364555358887
YGR165W,YNL164C,0,-0.16619498,0.0847293809056282,0.2619521915912628,0.28421369194984436
YJL012C,YGR122W,0,-0.16620518,0.08470209687948227,0.2619521915912628,0.28431373834609985
YDR471W,YDR463W,0,-0.16622512,0.08467482030391693,0.2619521915912628,0.28441375494003296
YHR215W,YDL188C,1,-0.16624375,0.0849694237112999,0.262948215007782,0.28441375494003296
YOR090C,YGL116W,0,-0.16625458,0.08494208753108978,0.262948215007782,0.28451380133628845
YLR315W,YFL049W,0,-0.16628098,0.08491476625204086,0.262948215007782,0.28461384773254395
YBR038W,YDR365W-A,0,-0.16629843,0.08488745987415314,0.262948215007782,0.28471389412879944
YIL013C,YDR328C,0,-0.16634777,0.0848601758480072,0.262948215007782,0.28481391072273254
YJR109C,YOR060C,0,-0.16635223,0.08483290672302246,0.262948215007782,0.28491395711898804
YGR123C,YMR087W,1,-0.16643812,0.08512688428163528,0.26394420862197876,0.28491395711898804
YKR093W,YML127W,0,-0.16645433,0.08509954810142517,0.26394420862197876,0.28501400351524353
YER108C,YPL040C,0,-0.16649881,0.08507223427295685,0.26394420862197876,0.285114049911499
YMR041C,YJL197W,0,-0.16653775,0.08504492789506912,0.26394420862197876,0.2852140963077545
YGR109W-A,YNL164C,0,-0.16655934,0.08501764386892319,0.26394420862197876,0.2853141129016876
YPR097W,YEL032W,0,-0.1666042,0.08499037474393845,0.26394420862197876,0.2854141592979431
YCL068C,YPL173W,0,-0.16662692,0.0849631279706955,0.26394420862197876,0.2855142056941986
YDL091C,YPL193W,0,-0.1667046,0.08493589609861374,0.26394420862197876,0.2856142520904541
YDR025W,YNL054W-A,0,-0.16681716,0.08490868657827377,0.26394420862197876,0.2857142984867096
YOR045W,YDR210C-D,0,-0.16682,0.0848814845085144,0.26394420862197876,0.2858143150806427
YOR250C,YDL018C,0,-0.16696425,0.08485430479049683,0.26394420862197876,0.2859143614768982
YOR158W,YBR015C,0,-0.16701967,0.08482714742422104,0.26394420862197876,0.2860144078731537
YMR053C,YBR248C,0,-0.16707663,0.08479999750852585,0.26394420862197876,0.2861144542694092
YNL103W,YIR019C,0,-0.16708179,0.08477286994457245,0.26394420862197876,0.2862145006656647
YDL091C,YGL226W,0,-0.16710198,0.08474576473236084,0.26394420862197876,0.2863145172595978
YJR041C,YLR466W,0,-0.16711165,0.08471866697072983,0.26394420862197876,0.28641456365585327
YGL142C,YDL149W,0,-0.16713762,0.0846915915608406,0.26394420862197876,0.28651461005210876
YLR227W-A,YLR017W,0,-0.16715983,0.08466453850269318,0.26394420862197876,0.28661465644836426
YHR073W,YHR158C,0,-0.16717915,0.08463749289512634,0.26394420862197876,0.28671467304229736
YFR024C,YJR108W,0,-0.16734149,0.0846104696393013,0.26394420862197876,0.28681471943855286
YOR103C,YOR048C,0,-0.1673591,0.08458346873521805,0.26394420862197876,0.28691476583480835
YDR482C,YLR263W,0,-0.16737802,0.0845564752817154,0.26394420862197876,0.28701481223106384
YFL026W,YBR248C,0,-0.16748196,0.08452950417995453,0.26394420862197876,0.28711485862731934
YDR098C-A,YDR150W,0,-0.16750176,0.08450254797935486,0.26394420862197876,0.28721487522125244
YHR103W,YJL035C,0,-0.16753162,0.08447561413049698,0.26394420862197876,0.28731492161750793
YOR380W,YHR149C,0,-0.16753297,0.08444869518280029,0.26394420862197876,0.2874149680137634
YKL185W,YPL189W,0,-0.16754219,0.0844217911362648,0.26394420862197876,0.2875150144100189
YBR233W-A,YGR245C,0,-0.1675842,0.0843949019908905,0.26394420862197876,0.2876150608062744
YFR024C,YIL052C,0,-0.16761655,0.084368035197258,0.26394420862197876,0.2877150774002075
YPR057W,YDL087C,0,-0.16761695,0.08434118330478668,0.26394420862197876,0.287815123796463
YPL234C,YJL058C,0,-0.1676512,0.08431434631347656,0.26394420862197876,0.2879151701927185
YLR227W-A,YNR055C,0,-0.16768418,0.08428753167390823,0.26394420862197876,0.288015216588974
YGL063W,YJL089W,0,-0.16768663,0.0842607319355011,0.26394420862197876,0.2881152331829071
YLR102C,YBR130C,0,-0.1677438,0.08423394709825516,0.26394420862197876,0.2882152795791626
YLL026W,YGL107C,0,-0.16786517,0.08420718461275101,0.26394420862197876,0.2883153259754181
YOR086C,YDL211C,0,-0.16789739,0.08418042957782745,0.26394420862197876,0.2884153723716736
YOR136W,YGL198W,0,-0.1679839,0.08415369689464569,0.26394420862197876,0.2885154187679291
YNL284C-B,YHL031C,0,-0.16804338,0.08412698656320572,0.26394420862197876,0.2886154353618622
YDR317W,YDL139C,0,-0.16805919,0.08410028368234634,0.26394420862197876,0.2887154817581177
YDL098C,YGR024C,0,-0.16810767,0.08407360315322876,0.26394420862197876,0.28881552815437317
YNL180C,YDR135C,0,-0.16811168,0.08404693752527237,0.26394420862197876,0.28891557455062866
YOR254C,YOR113W,0,-0.16816339,0.08402029424905777,0.26394420862197876,0.28901562094688416
YHR210C,YNL317W,0,-0.16823438,0.08399365842342377,0.26394420862197876,0.28911563754081726
YLL018C-A,YLR337C,0,-0.16827251,0.08396704494953156,0.26394420862197876,0.28921568393707275
YBL080C,YOR193W,0,-0.16828394,0.08394044637680054,0.26394420862197876,0.28931573033332825
YNL318C,YNL133C,0,-0.16830619,0.08391387015581131,0.26394420862197876,0.28941577672958374
YGL142C,YMR055C,0,-0.16844217,0.08388730883598328,0.26394420862197876,0.28951579332351685
YLL026W,YBR162W-A,0,-0.16855834,0.08386076241731644,0.26394420862197876,0.28961583971977234
YBR233W-A,YCR038C,0,-0.16861634,0.08383423089981079,0.26394420862197876,0.28971588611602783
YPL210C,YBR094W,0,-0.16867827,0.08380771428346634,0.26394420862197876,0.2898159325122833
YKL063C,YER071C,0,-0.16869691,0.08378122001886368,0.26394420862197876,0.2899159789085388
YJR117W,YNL142W,0,-0.16870034,0.08375474065542221,0.26394420862197876,0.2900159955024719
YKR078W,YBR279W,0,-0.16873367,0.08372827619314194,0.26394420862197876,0.2901160418987274
YEL044W,YLR067C,0,-0.16873373,0.08370183408260345,0.26394420862197876,0.2902160882949829
YLR227W-A,YDR482C,0,-0.16873999,0.08367539942264557,0.26394420862197876,0.2903161346912384
YAL016W,YDL047W,1,-0.16885968,0.08396464586257935,0.2649402320384979,0.2903161346912384
YJL181W,YGL116W,0,-0.16895996,0.08393815159797668,0.2649402320384979,0.2904161810874939
YBR038W,YDR437W,0,-0.16896491,0.08391167223453522,0.2649402320384979,0.290516197681427
YGR004W,YOR110W,0,-0.16898924,0.08388520777225494,0.2649402320384979,0.2906162440776825
YER100W,YOR113W,0,-0.1690672,0.08385876566171646,0.2649402320384979,0.290716290473938
YGR203W,YDR075W,1,-0.16910091,0.08414749801158905,0.2659362554550171,0.290716290473938
YOR032C,YOR241W,0,-0.16911992,0.0841209813952446,0.2659362554550171,0.2908163368701935
YBR090C-A,YBR146W,0,-0.16914184,0.08409448713064194,0.2659362554550171,0.2909163534641266
YLR215C,YDR359C,0,-0.16915955,0.08406800776720047,0.2659362554550171,0.2910163998603821
YDR100W,YHL035C,0,-0.16917872,0.0840415507555008,0.2659362554550171,0.2911164462566376
YDR098C-B,YDR179C,0,-0.16919614,0.08401510119438171,0.2659362554550171,0.29121649265289307
YNL328C,YPL175W,0,-0.16925265,0.08398867398500443,0.2659362554550171,0.29131653904914856
YMR192W,YNL045W,0,-0.1692662,0.08396226167678833,0.2659362554550171,0.29141655564308167
YLR102C,YLL018C,0,-0.16930385,0.08393587172031403,0.2659362554550171,0.29151660203933716
YHR210C,YHR090C,0,-0.16937111,0.08390948921442032,0.2659362554550171,0.29161664843559265
YBL056W,YDR367W,0,-0.1694027,0.0838831290602684,0.2659362554550171,0.29171669483184814
YDR023W,YKR031C,0,-0.16955848,0.08385678380727768,0.2659362554550171,0.29181674122810364
YDL175C,YDR289C,0,-0.16956235,0.08383045345544815,0.2659362554550171,0.29191675782203674
YOR193W,YOR372C,0,-0.16966216,0.08380414545536041,0.2659362554550171,0.29201680421829224
YML011C,YLR220W,0,-0.16968413,0.08377784490585327,0.2659362554550171,0.29211685061454773
YHR150W,YLR413W,0,-0.16981624,0.08375156670808792,0.2659362554550171,0.2922168970108032
YMR156C,YGL229C,1,-0.1698912,0.0840388834476471,0.26693227887153625,0.2922168970108032
YDR087C,YBR100W,0,-0.1699516,0.08401253819465637,0.26693227887153625,0.29231691360473633
YML041C,YLR061W,0,-0.1699784,0.08398620784282684,0.26693227887153625,0.2924169600009918
YFR027W,YLR382C,0,-0.17005016,0.0839598998427391,0.26693227887153625,0.2925170063972473
YNL190W,YNL054W-A,0,-0.17007689,0.08393360674381256,0.26693227887153625,0.2926170527935028
YOR034C,YGL006W,0,-0.17010547,0.08390732854604721,0.26693227887153625,0.2927170991897583
YDR482C,YBL087C,0,-0.17010857,0.08388106524944305,0.26693227887153625,0.2928171157836914
YHR190W,YPL075W,0,-0.17020829,0.08385481685400009,0.26693227887153625,0.2929171621799469
YNL233W,YDR463W,0,-0.17023952,0.08382859081029892,0.26693227887153625,0.2930172085762024
YDR256C,YBL091C,0,-0.17035145,0.08380237966775894,0.26693227887153625,0.2931172549724579
YDL189W,YGR170W,0,-0.17038189,0.08377618342638016,0.26693227887153625,0.2932173013687134
YHR108W,YPR158W-B,0,-0.17049679,0.08375000208616257,0.26693227887153625,0.2933173179626465
YBR131W,YOL095C,0,-0.17056063,0.08372383564710617,0.26693227887153625,0.293417364358902
YDL240W,YLR215C,0,-0.17061068,0.08369769155979156,0.26693227887153625,0.29351741075515747
YCL012W,YLR055C,0,-0.1706614,0.08367155492305756,0.26693227887153625,0.29361745715141296
YBL087C,YHL006C,0,-0.17070045,0.08364544063806534,0.26693227887153625,0.29371747374534607
YNL233W,YBL100W-B,0,-0.17077766,0.08361934125423431,0.26693227887153625,0.29381752014160156
YKL190W,YNL099C,1,-0.1709195,0.0839051753282547,0.26792827248573303,0.29381752014160156
YOL078W,YNR059W,0,-0.17094958,0.0838790163397789,0.26792827248573303,0.29391756653785706
YLR433C,YMR036C,1,-0.17096944,0.0841645896434784,0.2689242959022522,0.29391756653785706
YBR162W-A,YBR100W,0,-0.17101465,0.08413836359977722,0.2689242959022522,0.29401761293411255
YAL009W,YML057W,1,-0.171108,0.08442367613315582,0.26992031931877136,0.29401761293411255
YCL016C,YDL209C,0,-0.17112829,0.08439738303422928,0.26992031931877136,0.29411765933036804
YOL103W-A,YIL173W,0,-0.1711698,0.08437110483646393,0.26992031931877136,0.29421767592430115
YJL083W,YBR100W,0,-0.17121515,0.08434484899044037,0.26992031931877136,0.29431772232055664
YER179W,YPL145C,0,-0.17129706,0.084318608045578,0.26992031931877136,0.29441776871681213
YDR435C,YOR195W,0,-0.17130466,0.08429238200187683,0.26992031931877136,0.2945178151130676
YHR201C,YNL059C,0,-0.171372,0.08426617085933685,0.26992031931877136,0.2946178615093231
YER031C,YGL104C,0,-0.1713968,0.08423997461795807,0.26992031931877136,0.2947178781032562
YJL180C,YPL076W,0,-0.17141567,0.08421380072832108,0.26992031931877136,0.2948179244995117
YIL038C,YCR038C,0,-0.17143379,0.08418763428926468,0.26992031931877136,0.2949179708957672
YLR175W,YDR365W-A,0,-0.17144184,0.08416149020195007,0.26992031931877136,0.2950180172920227
YLR023C,YLR054C,0,-0.17145537,0.08413536101579666,0.26992031931877136,0.2951180338859558
YDR503C,YMR165C,1,-0.17148703,0.0844196155667305,0.2709163427352905,0.2951180338859558
YIL119C,YGR129W,0,-0.17151044,0.08439341932535172,0.2709163427352905,0.2952180802822113
YER177W,YHR214C-C,0,-0.17155214,0.08436724543571472,0.2709163427352905,0.2953181266784668
YPR010C,YGR224W,0,-0.17157948,0.08434108644723892,0.2709163427352905,0.2954181730747223
YHR214C-C,YGR094W,0,-0.17160681,0.08431494235992432,0.2709163427352905,0.2955182194709778
YOR250C,YNL054W-A,0,-0.17163861,0.0842888131737709,0.2709163427352905,0.2956182360649109
YDR441C,YPR106W,0,-0.17172062,0.08426269888877869,0.2709163427352905,0.2957182824611664
YGL076C,YML013W,0,-0.17175166,0.08423660695552826,0.2709163427352905,0.2958183288574219
YBR090C-A,YNR033W,0,-0.17178735,0.08421052992343903,0.2709163427352905,0.29591837525367737
YOR103C,YCR106W,0,-0.17185828,0.08418446034193039,0.2709163427352905,0.29601842164993286
YHR185C,YPR106W,0,-0.17188473,0.08415841311216354,0.2709163427352905,0.29611843824386597
YNL284C-B,YLR442C,0,-0.17188507,0.08413238823413849,0.2709163427352905,0.29621848464012146
YKR100C,YMR242C,0,-0.1718957,0.08410637080669403,0.2709163427352905,0.29631853103637695
YLR277C,YFL026W,0,-0.17193416,0.08408036828041077,0.2709163427352905,0.29641857743263245
YHR158C,YGR109W-A,0,-0.17195038,0.0840543881058693,0.2709163427352905,0.29651859402656555
YLR234W,YCL068C,0,-0.17198761,0.08402842283248901,0.2709163427352905,0.29661864042282104
YKL197C,YNL054W-A,0,-0.17201234,0.08400247246026993,0.2709163427352905,0.29671868681907654
YGR109W-A,YGR120C,0,-0.17206849,0.08397653698921204,0.2709163427352905,0.29681873321533203
YIL022W,YGL096W,0,-0.17208272,0.08395061641931534,0.2709163427352905,0.2969187796115875
YGR170W,YDR268W,0,-0.17217304,0.08392471820116043,0.2709163427352905,0.29701879620552063
YKL060C,YBR049C,0,-0.17222998,0.08389882743358612,0.2709163427352905,0.2971188426017761
YNL217W,YOR208W,1,-0.17223653,0.08418131619691849,0.2719123363494873,0.2971188426017761
YOL055C,YAL056W,0,-0.1722609,0.0841553658246994,0.2719123363494873,0.2972188889980316
YEL038W,YLR345W,1,-0.17231056,0.08443759381771088,0.27290835976600647,0.2972188889980316
YBL056W,YHR214C-C,0,-0.17244533,0.08441158384084702,0.27290835976600647,0.2973189353942871
YKL033W,YGL025C,0,-0.17245115,0.08438558876514435,0.27290835976600647,0.2974189817905426
YHR214C-C,YGL116W,0,-0.17245477,0.08435960859060287,0.27290835976600647,0.2975189983844757
YDR210C-D,YOR357C,0,-0.17260514,0.0843336433172226,0.27290835976600647,0.2976190447807312
YGL243W,YER109C,0,-0.17287627,0.08430769294500351,0.27290835976600647,0.2977190911769867
YER005W,YCL012W,0,-0.17289558,0.08428175747394562,0.27290835976600647,0.2978191375732422
YLR039C,YNL233W,0,-0.17293657,0.08425584435462952,0.27290835976600647,0.2979191541671753
YFL005W,YNL059C,0,-0.172947,0.08422993868589401,0.27290835976600647,0.2980192005634308
YLR234W,YDR100W,0,-0.1729479,0.0842040553689003,0.27290835976600647,0.2981192469596863
YGL144C,YER123W,0,-0.1731018,0.08417818695306778,0.27290835976600647,0.2982192933559418
YBL063W,YPL006W,0,-0.17314923,0.08415233343839645,0.27290835976600647,0.29831933975219727
YDR098C-A,YGR120C,0,-0.17316797,0.08412649482488632,0.27290835976600647,0.29841935634613037
YLR039C,YAL011W,0,-0.17323221,0.08410067856311798,0.27290835976600647,0.29851940274238586
YGR193C,YPR169W,0,-0.17324886,0.08407486975193024,0.27290835976600647,0.29861944913864136
YDL235C,YGL240W,0,-0.17332122,0.08404908329248428,0.27290835976600647,0.29871949553489685
YNL214W,YEL027W,0,-0.17334935,0.08402330428361893,0.27290835976600647,0.29881954193115234
YJL078C,YBR028C,0,-0.17339587,0.08399754762649536,0.27290835976600647,0.29891955852508545
YHL028W,YDR111C,0,-0.17340147,0.08397180587053299,0.27290835976600647,0.29901960492134094
YOR207C,YIL167W,0,-0.17340618,0.08394607901573181,0.27290835976600647,0.29911965131759644
YIL007C,YJL012C,0,-0.17344017,0.08392036706209183,0.27290835976600647,0.29921969771385193
YPL145C,YMR118C,0,-0.17344536,0.08389467000961304,0.27290835976600647,0.29931971430778503
YLR054C,YOR259C,0,-0.17367414,0.08386899530887604,0.27290835976600647,0.2994197607040405
YJL162C,YIL107C,0,-0.17369924,0.08384332805871964,0.27290835976600647,0.299519807100296
YHR154W,YNL164C,0,-0.1737095,0.08381768316030502,0.27290835976600647,0.2996198534965515
YOL103W-A,YCR018C,0,-0.17374912,0.08379204571247101,0.27290835976600647,0.299719899892807
YNL217W,YDL024C,1,-0.1737604,0.08407215029001236,0.27390438318252563,0.299719899892807
YGR109W-A,YDR045C,0,-0.17389987,0.08404645323753357,0.27390438318252563,0.2998199164867401
YNL286W,YHR114W,0,-0.17396848,0.08402077853679657,0.27390438318252563,0.2999199628829956
YPL198W,YDL139C,0,-0.17400102,0.08399511128664017,0.27390438318252563,0.3000200092792511
YPL207W,YJL001W,0,-0.17403093,0.08396946638822556,0.27390438318252563,0.3001200556755066
YOR192C,YGL240W,0,-0.17405325,0.08394383639097214,0.27390438318252563,0.3002201020717621
YEL038W,YDL134C,1,-0.17406441,0.08422337472438812,0.2749004065990448,0.3002201020717621
YDR287W,YEL044W,0,-0.17407395,0.08419768512248993,0.2749004065990448,0.3003201186656952
YER063W,YMR101C,0,-0.17415085,0.08417200297117233,0.2749004065990448,0.3004201650619507
YFR025C,YDL024C,1,-0.17429368,0.08445122092962265,0.2758964002132416,0.3004201650619507
YGL104C,YFL025C,0,-0.17429398,0.08442547917366028,0.2758964002132416,0.3005202114582062
YJR150C,YPL178W,0,-0.17432813,0.0843997597694397,0.2758964002132416,0.30062025785446167
YDR435C,YMR242C,0,-0.17434576,0.08437404781579971,0.2758964002132416,0.3007202744483948
YOR049C,YNL317W,0,-0.17436533,0.08434835821390152,0.2758964002132416,0.30082032084465027
YLL018C-A,YPR034W,0,-0.17441045,0.08432267606258392,0.2758964002132416,0.30092036724090576
YMR081C,YCR058C,0,-0.17442615,0.08429701626300812,0.2758964002132416,0.30102041363716125
YCL029C,YPR068C,0,-0.17448464,0.0842713713645935,0.2758964002132416,0.30112046003341675
YDR441C,YOR158W,0,-0.17452839,0.08424574136734009,0.2758964002132416,0.30122047662734985
YIL013C,YJR096W,0,-0.17464931,0.08422012627124786,0.2758964002132416,0.30132052302360535
YKL026C,YHR154W,0,-0.1746636,0.08419452607631683,0.2758964002132416,0.30142056941986084
YPR055W,YLR181C,0,-0.17469011,0.0841689482331276,0.2758964002132416,0.30152061581611633
YBR233W-A,YPL253C,0,-0.17473407,0.08414337784051895,0.2758964002132416,0.3016206622123718
YLR200W,YLR054C,0,-0.17477153,0.0841178223490715,0.2758964002132416,0.30172067880630493
YGL018C,YKL077W,0,-0.17485811,0.08409228920936584,0.2758964002132416,0.3018207252025604
YBL031W,YMR322C,0,-0.17486446,0.08406677097082138,0.2758964002132416,0.3019207715988159
YMR180C,YEL038W,1,-0.17502408,0.08434466272592545,0.27689242362976074,0.3019207715988159
YAL059W,YKL051W,0,-0.17502688,0.08431907743215561,0.27689242362976074,0.3020208179950714
YGR161W-A,YKR100C,0,-0.17503844,0.08429351449012756,0.27689242362976074,0.3021208345890045
YDR325W,YCR058C,0,-0.17506857,0.08426795899868011,0.27689242362976074,0.30222088098526
YPR057W,YGL064C,0,-0.17510234,0.08424242585897446,0.27689242362976074,0.3023209273815155
YOL154W,YCR058C,0,-0.17516564,0.08421690762042999,0.27689242362976074,0.302420973777771
YBL091C,YOL095C,0,-0.17520998,0.08419139683246613,0.27689242362976074,0.3025210201740265
YCR058C,YJL083W,0,-0.17522931,0.08416590839624405,0.27689242362976074,0.3026210367679596
YDR210C-D,YJL003W,0,-0.17524317,0.08414043486118317,0.27689242362976074,0.3027210831642151
YDR227W,YLR058C,0,-0.1752448,0.08411497622728348,0.27689242362976074,0.3028211295604706
YNR048W,YNL111C,0,-0.17526196,0.08408953249454498,0.27689242362976074,0.3029211759567261
YGL126W,YPL146C,0,-0.17526509,0.08406410366296768,0.27689242362976074,0.30302122235298157
YNL054W,YHR020W,0,-0.17540617,0.08403869718313217,0.27689242362976074,0.3031212389469147
YER179W,YDR438W,0,-0.17540845,0.08401329815387726,0.27689242362976074,0.30322128534317017
YFL011W,YNL081C,0,-0.17541978,0.08398791402578354,0.27689242362976074,0.30332133173942566
YOR156C,YBR060C,0,-0.17542365,0.08396255224943161,0.27689242362976074,0.30342137813568115
YPR188C,YCR035C,0,-0.17546113,0.08393719792366028,0.27689242362976074,0.30352139472961426
YDR361C,YDR316W-B,0,-0.17554013,0.08391186594963074,0.27689242362976074,0.30362144112586975
YBR005W,YDL106C,0,-0.17554231,0.0838865414261818,0.27689242362976074,0.30372148752212524
YGR083C,YDL211C,0,-0.17557947,0.08386123925447464,0.27689242362976074,0.30382153391838074
YDR407C,YDR021W,0,-0.17560816,0.08383594453334808,0.27689242362976074,0.30392158031463623
YOR016C,YDR025W,0,-0.17561452,0.08381067216396332,0.27689242362976074,0.30402159690856934
YLR360W,YGR253C,0,-0.17577185,0.08378541469573975,0.27689242362976074,0.30412164330482483
YPR106W,YLR352W,0,-0.17578165,0.08376017212867737,0.27689242362976074,0.3042216897010803
YHL031C,YDR316W-B,0,-0.17578344,0.08373493701219559,0.27689242362976074,0.3043217360973358
YHR044C,YJL098W,1,-0.17585294,0.08401083946228027,0.2778884470462799,0.3043217360973358
YIL137C,YHR090C,0,-0.17588271,0.08398555219173431,0.2778884470462799,0.3044217824935913
YCR016W,YKL063C,0,-0.17590012,0.08396027982234955,0.2778884470462799,0.3045217990875244
YLR052W,YPR003C,0,-0.17610379,0.08393501490354538,0.2778884470462799,0.3046218454837799
YER028C,YNL181W,0,-0.17614089,0.083909772336483,0.2778884470462799,0.3047218918800354
YNL145W,YHR142W,0,-0.17618904,0.08388454467058182,0.2778884470462799,0.3048219382762909
YNL318C,YGR283C,0,-0.17626418,0.08385933190584183,0.2778884470462799,0.304921954870224
YNR032C-A,YGL111W,0,-0.17627577,0.08383413404226303,0.2778884470462799,0.3050220012664795
YPL228W,YAL009W,1,-0.17628701,0.0841093435883522,0.2788844704627991,0.3050220012664795
YDR422C,YCR031C,0,-0.17638764,0.08408408612012863,0.2788844704627991,0.305122047662735
YOR018W,YBR023C,0,-0.17652525,0.08405884355306625,0.2788844704627991,0.3052220940589905
YNL284C-B,YLR215C,0,-0.17652565,0.08403361588716507,0.2788844704627991,0.30532214045524597
YJR046W,YLR288C,0,-0.1765361,0.08400840312242508,0.2788844704627991,0.3054221570491791
YDR436W,YDR284C,1,-0.17653868,0.08428314328193665,0.27988046407699585,0.3054221570491791
YDR468C,YDL223C,0,-0.17654628,0.08425787091255188,0.27988046407699585,0.30552220344543457
YOR011W,YCL012W,0,-0.17667644,0.08423261344432831,0.27988046407699585,0.30562224984169006
YLR277C,YPL233W,0,-0.17679588,0.08420737087726593,0.27988046407699585,0.30572229623794556
YLR085C,YPL280W,0,-0.17679678,0.08418214321136475,0.27988046407699585,0.30582234263420105
YKL087C,YMR149W,0,-0.17682546,0.08415693044662476,0.27988046407699585,0.30592235922813416
YIL098C,YIL123W,0,-0.17683451,0.08413174003362656,0.27988046407699585,0.30602240562438965
YGR057C,YER005W,0,-0.17688562,0.08410655707120895,0.27988046407699585,0.30612245202064514
YLR102C,YCR086W,0,-0.17692652,0.08408138900995255,0.27988046407699585,0.30622249841690063
YPR175W,YCL016C,0,-0.17694439,0.08405623584985733,0.27988046407699585,0.30632251501083374
YPR154W,YLR442C,0,-0.17706749,0.08403109759092331,0.27988046407699585,0.30642256140708923
YHR079C-B,YMR177W,0,-0.17710179,0.08400598168373108,0.27988046407699585,0.3065226078033447
YPR007C,YGR083C,0,-0.17713676,0.08398087322711945,0.27988046407699585,0.3066226541996002
YBR279W,YGR109W-A,0,-0.17716716,0.083955779671669,0.27988046407699585,0.3067227005958557
YPR073C,YBR092C,1,-0.1772101,0.08422938734292984,0.280876487493515,0.3067227005958557
YAL028W,YNL288W,0,-0.17726593,0.08420424163341522,0.280876487493515,0.3068227171897888
YIL107C,YDR395W,0,-0.17729734,0.0841791033744812,0.280876487493515,0.3069227635860443
YDR007W,YLR068W,0,-0.1773255,0.08415398746728897,0.280876487493515,0.3070228099822998
YLR277C,YHR079C-B,0,-0.17736858,0.08412887901067734,0.280876487493515,0.3071228563785553
YJL173C,YLR460C,0,-0.17737214,0.0841037854552269,0.280876487493515,0.3072229027748108
YGL246C,YLL057C,0,-0.17740484,0.08407871425151825,0.280876487493515,0.3073229193687439
YDR150W,YHL015W,0,-0.17744367,0.0840536504983902,0.280876487493515,0.3074229657649994
YDR482C,YOR189W,0,-0.17748018,0.08402860909700394,0.280876487493515,0.3075230121612549
YMR277W,YLL010C,1,-0.1775342,0.08430145680904388,0.2818725109100342,0.3075230121612549
YNR053C,YBR100W,0,-0.17755151,0.08427635580301285,0.2818725109100342,0.3076230585575104
YDR375C,YGL198W,0,-0.17756331,0.08425126224756241,0.2818725109100342,0.3077230751514435
YML098W,YDR365W-A,0,-0.1775801,0.08422619104385376,0.2818725109100342,0.307823121547699
YJR042W,YDR227W,0,-0.17771612,0.08420112729072571,0.2818725109100342,0.30792316794395447
YCR065W,YAL030W,0,-0.17773934,0.08417608588933945,0.2818725109100342,0.30802321434020996
YOR380W,YJR131W,0,-0.17782904,0.08415105193853378,0.2818725109100342,0.30812326073646545
YDR481C,YLR019W,1,-0.17785577,0.08442330360412598,0.28286853432655334,0.30812326073646545
YGR109W-A,YMR125W,0,-0.17788525,0.08439821749925613,0.28286853432655334,0.30822327733039856
YOL103W-A,YKL134C,0,-0.17795826,0.08437314629554749,0.28286853432655334,0.30832332372665405
YGR203W,YDL047W,1,-0.17797403,0.08464508503675461,0.2838645279407501,0.30832332372665405
YJR108W,YIL167W,0,-0.17802908,0.08461995422840118,0.2838645279407501,0.30842337012290955
YHR120W,YGL049C,0,-0.17806111,0.08459483832120895,0.2838645279407501,0.30852341651916504
YDR500C,YEL027W,0,-0.17812836,0.08456972986459732,0.2838645279407501,0.30862346291542053
YER005W,YBR100W,0,-0.178229,0.08454464375972748,0.2838645279407501,0.30872347950935364
YNL036W,YHR106W,0,-0.17829387,0.08451957255601883,0.2838645279407501,0.30882352590560913
YOL096C,YPL056C,0,-0.17835401,0.08449451625347137,0.2838645279407501,0.3089235723018646
YOR049C,YML016C,0,-0.17835431,0.08446947485208511,0.2838645279407501,0.3090236186981201
YLR377C,YLR260W,0,-0.1783642,0.08444444090127945,0.2838645279407501,0.3091236352920532
YLR432W,YBR045C,0,-0.1783763,0.08441942930221558,0.2838645279407501,0.3092236816883087
YOL122C,YPL133C,0,-0.17839225,0.0843944326043129,0.2838645279407501,0.3093237280845642
YPL280W,YJR041C,0,-0.17840691,0.08436945080757141,0.2838645279407501,0.3094237744808197
YLR426W,YLR384C,0,-0.1784428,0.08434448391199112,0.2838645279407501,0.3095238208770752
YNL045W,YOR207C,0,-0.17855616,0.08431952446699142,0.2838645279407501,0.3096238374710083
YJL094C,YBR100W,0,-0.17859481,0.08429458737373352,0.2838645279407501,0.3097238838672638
YNL284C-B,YNL059C,0,-0.1786128,0.08426966518163681,0.2838645279407501,0.3098239302635193
YHR150W,YLR288C,0,-0.17867191,0.0842447504401207,0.2838645279407501,0.3099239766597748
YGL196W,YPL161C,0,-0.17867285,0.08421985805034637,0.2838645279407501,0.3100240230560303
YDL189W,YHR139C,0,-0.17868875,0.08419498056173325,0.2838645279407501,0.3101240396499634
YML061C,YOL116W,0,-0.17894794,0.08417011052370071,0.2838645279407501,0.31022408604621887
YNL233W,YHR214C-C,0,-0.17899449,0.08414526283740997,0.2838645279407501,0.31032413244247437
YBR130C,YCL016C,0,-0.17904137,0.08412042260169983,0.2838645279407501,0.31042417883872986
YMR053C,YKL006W,0,-0.17904213,0.08409560471773148,0.2838645279407501,0.31052419543266296
YGL067W,YHR079C-B,0,-0.1791009,0.08407079428434372,0.2838645279407501,0.31062424182891846
YPR110C,YDL139C,0,-0.17932905,0.08404600620269775,0.2838645279407501,0.31072428822517395
YML101C,YDR365W-A,0,-0.17938186,0.08402122557163239,0.2838645279407501,0.31082433462142944
YMR063W,YDR422C,0,-0.17941618,0.08399645984172821,0.2838645279407501,0.31092438101768494
YIL096C,YOR110W,0,-0.17944275,0.08397171646356583,0.2838645279407501,0.31102439761161804
YLR227W-A,YER023W,0,-0.17953597,0.08394698053598404,0.2838645279407501,0.31112444400787354
YMR180C,YBR126C,1,-0.17954184,0.08421672880649567,0.2848605513572693,0.31112444400787354
YBR003W,YGR224W,0,-0.17957564,0.0841919332742691,0.2848605513572693,0.31122449040412903
YLR390W-A,YPR174C,0,-0.17961966,0.08416716009378433,0.2848605513572693,0.3113245368003845
YCR058C,YJL035C,0,-0.1796604,0.08414239436388016,0.2848605513572693,0.31142458319664
YPR158W-B,YCL067C,0,-0.17968254,0.08411764353513718,0.2848605513572693,0.3115245997905731
YNL133C,YPR071W,0,-0.17971458,0.08409291505813599,0.2848605513572693,0.3116246461868286
YLR234W,YCR058C,0,-0.17974801,0.0840681940317154,0.2848605513572693,0.3117246925830841
YPL013C,YOR109W,0,-0.17989616,0.084043487906456,0.2848605513572693,0.3118247389793396
YNL250W,YDL046W,0,-0.17994885,0.08401880413293839,0.2848605513572693,0.3119247555732727
YCL048W,YDR080W,0,-0.1799975,0.08399412781000137,0.2848605513572693,0.3120248019695282
YLR011W,YBR168W,0,-0.18003918,0.08396946638822556,0.2848605513572693,0.3121248483657837
YOR272W,YDL149W,0,-0.18013094,0.08394481986761093,0.2848605513572693,0.3122248947620392
YDR145W,YML011C,0,-0.18013097,0.0839201882481575,0.2848605513572693,0.3123249411582947
YAL019W,YDR007W,0,-0.18019776,0.08389557152986526,0.2848605513572693,0.3124249577522278
YER033C,YFL026W,0,-0.18023182,0.08387096971273422,0.2848605513572693,0.3125250041484833
YCL001W,YGL127C,0,-0.18024649,0.08384638279676437,0.2848605513572693,0.31262505054473877
YJL167W,YDR300C,0,-0.18027003,0.08382180333137512,0.2848605513572693,0.31272509694099426
YGR212W,YKL191W,0,-0.18028513,0.08379724621772766,0.2848605513572693,0.31282514333724976
YML100W,YBR092C,1,-0.1803445,0.08406560868024826,0.28585657477378845,0.31282514333724976
YDL113C,YCL012W,0,-0.18035094,0.08404099196195602,0.28585657477378845,0.31292515993118286
YGR254W,YLL057C,0,-0.18059276,0.08401639014482498,0.28585657477378845,0.31302520632743835
YCL012W,YDR438W,0,-0.18065836,0.08399180322885513,0.28585657477378845,0.31312525272369385
YLR442C,YNL054W-A,0,-0.18071388,0.08396723121404648,0.28585657477378845,0.31322529911994934
YER176W,YLR143W,0,-0.18078734,0.08394267410039902,0.28585657477378845,0.31332531571388245
YDL188C,YNL010W,1,-0.18079555,0.08421052992343903,0.2868525981903076,0.31332531571388245
YIL053W,YDL188C,1,-0.18082152,0.0844782218337059,0.2878485918045044,0.31332531571388245
YGL096W,YMR002W,0,-0.18105282,0.0844535380601883,0.2878485918045044,0.31342536211013794
YGL076C,YIL030C,0,-0.18109815,0.08442886173725128,0.2878485918045044,0.31352540850639343
YGR109W-A,YPL156C,0,-0.18111368,0.08440420776605606,0.2878485918045044,0.3136254549026489
YHR108W,YOR236W,0,-0.18113214,0.08437956124544144,0.2878485918045044,0.3137255012989044
YNL286W,YBR169C,0,-0.18126847,0.084354929625988,0.2878485918045044,0.3138255178928375
YDR210C-D,YHR194W,0,-0.18148936,0.08433032035827637,0.2878485918045044,0.313925564289093
YDR246W,YPL049C,0,-0.18153802,0.08430571854114532,0.2878485918045044,0.3140256106853485
YML107C,YLR143W,0,-0.18156053,0.08428113162517548,0.2878485918045044,0.314125657081604
YJR050W,YDL046W,0,-0.18170317,0.08425655961036682,0.2878485918045044,0.3142257034778595
YNL048W,YGR161C-D,0,-0.18175009,0.08423200249671936,0.2878485918045044,0.3143257200717926
YLR360W,YPR017C,0,-0.18181166,0.0842074602842331,0.2878485918045044,0.3144257664680481
YLL024C,YPR010C,0,-0.18183383,0.08418293297290802,0.2878485918045044,0.3145258128643036
YGR254W,YEL020W-A,0,-0.18189006,0.08415841311216354,0.2878485918045044,0.3146258592605591
YDR007W,YPL253C,0,-0.18191317,0.08413391560316086,0.2878485918045044,0.3147258758544922
YPR158W-B,YOR259C,0,-0.18206774,0.08410943299531937,0.2878485918045044,0.3148259222507477
YKL185W,YKR052C,0,-0.1821452,0.08408495783805847,0.2878485918045044,0.3149259686470032
YDR441C,YJL026W,0,-0.18218513,0.08406049758195877,0.2878485918045044,0.31502601504325867
YJL167W,YER093C,0,-0.18220662,0.08403605967760086,0.2878485918045044,0.31512606143951416
YHL003C,YDR365W-A,0,-0.18220727,0.08401162922382355,0.2878485918045044,0.31522607803344727
YHR110W,YFR040W,0,-0.1822327,0.08398721367120743,0.2878485918045044,0.31532612442970276
YJR102C,YPL210C,0,-0.18229175,0.0839628130197525,0.2878485918045044,0.31542617082595825
YML100W,YIL167W,0,-0.18230176,0.08393842726945877,0.2878485918045044,0.31552621722221375
YOR252W,YDR316W-B,0,-0.18230401,0.08391405642032623,0.2878485918045044,0.31562626361846924
YCL016C,YNL054W-A,0,-0.1823815,0.08388969302177429,0.2878485918045044,0.31572628021240234
YLR037C,YPR071W,0,-0.18239321,0.08386535197496414,0.2878485918045044,0.31582632660865784
YHR096C,YNL024C,0,-0.18249813,0.08384101837873459,0.2878485918045044,0.31592637300491333
YEL005C,YNL221C,0,-0.18252881,0.08381670713424683,0.2878485918045044,0.3160264194011688
YOR101W,YDR406W,0,-0.18267739,0.08379240334033966,0.2878485918045044,0.31612643599510193
YFL056C,YJR118C,0,-0.18276365,0.08376811444759369,0.2878485918045044,0.3162264823913574
YNL032W,YOR109W,1,-0.18283783,0.08403361588716507,0.28884461522102356,0.3162264823913574
YKL150W,YMR118C,0,-0.18290873,0.08400926738977432,0.28884461522102356,0.3163265287876129
YJL058C,YBR131W,0,-0.18292643,0.08398494124412537,0.28884461522102356,0.3164265751838684
YKL006C-A,YKL081W,0,-0.18295158,0.083960622549057,0.28884461522102356,0.3165266215801239
YOR101W,YPR007C,0,-0.18304451,0.08393632620573044,0.28884461522102356,0.316626638174057
YCR058C,YER015W,0,-0.18307778,0.08391203731298447,0.28884461522102356,0.3167266845703125
YGR030C,YGL194C,0,-0.1830898,0.08388776332139969,0.28884461522102356,0.316826730966568
YIL002C,YGR123C,1,-0.18322076,0.0841526910662651,0.2898406386375427,0.316826730966568
YOR090C,YBR211C,0,-0.18323942,0.08412835747003555,0.2898406386375427,0.3169267773628235
YOR319W,YGR161C-D,0,-0.18324392,0.08410404622554779,0.2898406386375427,0.317026823759079
YCR105W,YGL061C,0,-0.18326293,0.08407974243164062,0.2898406386375427,0.3171268403530121
YAL016W,YBR022W,1,-0.1832893,0.08434431254863739,0.2908366620540619,0.3171268403530121
YHL038C,YHR158C,0,-0.18347043,0.08431995660066605,0.2908366620540619,0.3172268867492676
YOR090C,YDR091C,0,-0.18388946,0.0842956155538559,0.2908366620540619,0.31732693314552307
YDR098C-B,YGL085W,0,-0.18389681,0.08427128195762634,0.2908366620540619,0.31742697954177856
YDL024C,YML016C,1,-0.18390891,0.08453548699617386,0.29183265566825867,0.31742697954177856
YDR210C-D,YPL210C,0,-0.18400714,0.08451110124588013,0.29183265566825867,0.31752699613571167
YGR208W,YAL009W,1,-0.18413381,0.08477509021759033,0.29282867908477783,0.31752699613571167
YMR041C,YOL116W,0,-0.1841547,0.08475065231323242,0.29282867908477783,0.31762704253196716
YGL104C,YNL023C,0,-0.18421917,0.08472622185945511,0.29282867908477783,0.31772708892822266
YOR316C,YOR001W,0,-0.1842221,0.08470181375741959,0.29282867908477783,0.31782713532447815
YAL011W,YJL216C,0,-0.18424408,0.08467742055654526,0.29282867908477783,0.31792718172073364
YGR060W,YBR169C,0,-0.18429376,0.08465303480625153,0.29282867908477783,0.31802719831466675
YOL051W,YKR099W,0,-0.1843511,0.08462867140769958,0.29282867908477783,0.31812724471092224
YHR148W,YJL013C,0,-0.1843908,0.08460431545972824,0.29282867908477783,0.31822729110717773
YGL067W,YLR102C,0,-0.18440814,0.08457997441291809,0.29282867908477783,0.3183273375034332
YHR185C,YLR249W,0,-0.18447581,0.08455564826726913,0.29282867908477783,0.3184273838996887
YIL002C,YEL038W,1,-0.18448369,0.08481886237859726,0.293824702501297,0.3184273838996887
YDR227W,YBR295W,0,-0.18449783,0.08479448407888412,0.293824702501297,0.3185274004936218
YDR515W,YPL254W,0,-0.18459743,0.08477011322975159,0.293824702501297,0.3186274468898773
YDR098C-A,YAL068C,0,-0.18470784,0.08474576473236084,0.293824702501297,0.3187274932861328
YDL243C,YLL057C,0,-0.1847323,0.08472142368555069,0.293824702501297,0.3188275396823883
YOR081C,YBR016W,0,-0.18488356,0.08469709753990173,0.293824702501297,0.3189275562763214
YMR105C,YDR437W,0,-0.18490024,0.08467278629541397,0.293824702501297,0.3190276026725769
YOL121C,YDR019C,0,-0.18496023,0.0846484899520874,0.293824702501297,0.3191276490688324
YDR325W,YEL019C,0,-0.18501301,0.08462420850992203,0.293824702501297,0.3192276954650879
YNL059C,YPR133C,0,-0.18518867,0.08459994196891785,0.293824702501297,0.3193277418613434
YGR202C,YLR413W,0,-0.18518992,0.08457569032907486,0.293824702501297,0.3194277584552765
YML013W,YDR365W-A,0,-0.18519755,0.08455144613981247,0.293824702501297,0.319527804851532
YPL056C,YPL253C,0,-0.18525021,0.08452722430229187,0.293824702501297,0.3196278512477875
YGR017W,YOL095C,0,-0.18527056,0.08450300991535187,0.293824702501297,0.31972789764404297
YFR024C-A,YLR288C,0,-0.18534572,0.08447881042957306,0.293824702501297,0.31982794404029846
YDL189W,YOR065W,0,-0.1853884,0.08445462584495544,0.293824702501297,0.31992796063423157
YBR180W,YER178W,0,-0.18543148,0.08443044871091843,0.293824702501297,0.32002800703048706
YBR233W-A,YLR011W,0,-0.18555248,0.0844062939286232,0.293824702501297,0.32012805342674255
YER040W,YOR254C,0,-0.18557279,0.08438215404748917,0.293824702501297,0.32022809982299805
YCR107W,YOL126C,0,-0.18557651,0.08435802161693573,0.293824702501297,0.32032811641693115
YER142C,YNL054W-A,0,-0.18560363,0.08433390408754349,0.293824702501297,0.32042816281318665
YGR181W,YOL116W,0,-0.18572526,0.08430980145931244,0.293824702501297,0.32052820920944214
YOR267C,YKL048C,0,-0.18581657,0.08428571373224258,0.293824702501297,0.32062825560569763
YER139C,YML047C,0,-0.18587305,0.08426164090633392,0.293824702501297,0.3207283020019531
YGL104C,YDR111C,0,-0.1860414,0.08423757553100586,0.293824702501297,0.32082831859588623
YPL137C,YNR052C,0,-0.18604982,0.08421353250741959,0.293824702501297,0.3209283649921417
YJL013C,YDR276C,0,-0.1861163,0.08418949693441391,0.293824702501297,0.3210284113883972
YLR315W,YIL018W,0,-0.18621318,0.08416547626256943,0.293824702501297,0.3211284577846527
YHR185C,YJL216C,0,-0.1862409,0.08414147049188614,0.293824702501297,0.3212285041809082
YCR105W,YMR207C,0,-0.18627957,0.08411747962236404,0.293824702501297,0.3213285207748413
YNL250W,YDR025W,0,-0.18637042,0.08409350365400314,0.293824702501297,0.3214285671710968
YBR090C-A,YPL210C,0,-0.18637523,0.08406953513622284,0.293824702501297,0.3215286135673523
YLL018C,YLL057C,0,-0.18638615,0.08404558151960373,0.293824702501297,0.3216286599636078
YBR065C,YAL030W,0,-0.18645129,0.08402164280414581,0.293824702501297,0.3217287063598633
YKL048C,YJL212C,0,-0.18649612,0.08399771898984909,0.293824702501297,0.3218287229537964
YIL007C,YKL005C,0,-0.18652898,0.08397381007671356,0.293824702501297,0.3219287693500519
YIL056W,YLR347C,0,-0.18654422,0.08394991606473923,0.293824702501297,0.3220288157463074
YML061C,YOL061W,0,-0.18661727,0.08392602950334549,0.293824702501297,0.32212886214256287
YAL051W,YLR247C,0,-0.18665776,0.08390215784311295,0.293824702501297,0.32222887873649597
YHL038C,YKL029C,0,-0.18669076,0.08387830853462219,0.293824702501297,0.32232892513275146
YKL029C,YCL048W,0,-0.18669198,0.08385445922613144,0.293824702501297,0.32242897152900696
YFR027W,YPL189W,0,-0.18678774,0.08383063226938248,0.293824702501297,0.32252901792526245
YDR098C-A,YGL027C,0,-0.18683423,0.08380682021379471,0.293824702501297,0.32262906432151794
YMR130W,YOR131C,1,-0.18684886,0.08406702429056168,0.29482072591781616,0.32262906432151794
YFR031C-A,YHR001W-A,0,-0.18686011,0.08404316008090973,0.29482072591781616,0.32272908091545105
YKL052C,YML061C,0,-0.18707164,0.08401930332183838,0.29482072591781616,0.32282912731170654
YLR234W,YLR189C,0,-0.18725754,0.08399546146392822,0.29482072591781616,0.32292917370796204
YER060W-A,YOR158W,0,-0.18734483,0.08397163450717926,0.29482072591781616,0.32302922010421753
YCR107W,YDR397C,0,-0.187374,0.0839478150010109,0.29482072591781616,0.323129266500473
YCR106W,YIL005W,0,-0.18739595,0.08392401784658432,0.29482072591781616,0.32322928309440613
YGR161W-A,YLR181C,0,-0.18740813,0.08390022814273834,0.29482072591781616,0.3233293294906616
YER108C,YKL032C,0,-0.1874148,0.08387645334005356,0.29482072591781616,0.3234293758869171
YKR078W,YCL012W,0,-0.18742067,0.08385269343852997,0.29482072591781616,0.3235294222831726
YDR217C,YDR292C,0,-0.18743077,0.08382894098758698,0.29482072591781616,0.3236294388771057
YPR073C,YJR110W,1,-0.18744515,0.08408833295106888,0.29581671953201294,0.3236294388771057
YPR148C,YCR065W,0,-0.18745916,0.0840645357966423,0.29581671953201294,0.3237294852733612
YBR114W,YML031W,0,-0.18746386,0.08404074609279633,0.29581671953201294,0.3238295316696167
YOL103W-A,YMR195W,0,-0.18753009,0.08401697129011154,0.29581671953201294,0.3239295780658722
YNL023C,YPL235W,0,-0.18754151,0.08399321138858795,0.29581671953201294,0.3240296244621277
YJR150C,YNL133C,0,-0.18754543,0.08396946638822556,0.29581671953201294,0.3241296410560608
YPL225W,YLR067C,0,-0.1875923,0.08394572883844376,0.29581671953201294,0.3242296874523163
YML013W,YOR129C,0,-0.187708,0.08392201364040375,0.29581671953201294,0.3243297338485718
YOR009W,YBR028C,0,-0.18772298,0.08389830589294434,0.29581671953201294,0.32442978024482727
YNL199C,YDR464W,0,-0.1878158,0.08387461304664612,0.29581671953201294,0.32452982664108276
YPL171C,YPL156C,0,-0.18781991,0.0838509351015091,0.29581671953201294,0.32462984323501587
YBR279W,YNL054W-A,0,-0.18783192,0.08382726460695267,0.29581671953201294,0.32472988963127136
YNL023C,YFR053C,0,-0.18787943,0.08380360901355743,0.29581671953201294,0.32482993602752686
YBR272C,YPL145C,0,-0.18793467,0.0837799683213234,0.29581671953201294,0.32492998242378235
YIL013C,YFR047C,0,-0.18803243,0.08375634253025055,0.29581671953201294,0.32502999901771545
YJL167W,YFL049W,0,-0.18819506,0.0837327316403389,0.29581671953201294,0.32513004541397095
YDL091C,YBR091C,0,-0.18826148,0.08370912820100784,0.29581671953201294,0.32523009181022644
YMR220W,YDR300C,0,-0.18826686,0.08368554711341858,0.29581671953201294,0.32533013820648193
YOR129C,YLR292C,0,-0.18829562,0.08366197347640991,0.29581671953201294,0.3254301846027374
YPL234C,YDR381W,0,-0.18832408,0.08363841474056244,0.29581671953201294,0.32553020119667053
YIL053W,YOR155C,1,-0.18840997,0.08389639854431152,0.2968127429485321,0.32553020119667053
YFL049W,YGL127C,0,-0.18842727,0.08387278020381927,0.2968127429485321,0.325630247592926
YNL106C,YDL006W,1,-0.18854737,0.08413055539131165,0.29780876636505127,0.325630247592926
YNL156C,YBL025W,0,-0.18867563,0.08410689234733582,0.29780876636505127,0.3257302939891815
YKR078W,YNL059C,0,-0.18869089,0.08408323675394058,0.29780876636505127,0.325830340385437
YML098W,YJL127C,0,-0.18870078,0.08405960351228714,0.29780876636505127,0.3259303867816925
YFR027W,YBR254C,0,-0.18879913,0.0840359777212143,0.29780876636505127,0.3260304033756256
YPL203W,YDR087C,0,-0.18881965,0.08401235938072205,0.29780876636505127,0.3261304497718811
YGR253C,YHR080C,0,-0.18882053,0.08398876339197159,0.29780876636505127,0.3262304961681366
YCL001W,YHR080C,0,-0.18884076,0.08396517485380173,0.29780876636505127,0.3263305425643921
YOL132W,YER159C,0,-0.18885912,0.08394160866737366,0.29780876636505127,0.3264305591583252
YOL154W,YIL130W,0,-0.18886746,0.08391804993152618,0.29780876636505127,0.3265306055545807
YNL287W,YPL061W,0,-0.1889699,0.08389449864625931,0.29780876636505127,0.3266306519508362
YJL013C,YDR406W,0,-0.188978,0.08387096971273422,0.29780876636505127,0.3267306983470917
YGL190C,YHR215W,1,-0.18898441,0.08412787318229675,0.29880478978157043,0.3267306983470917
YDL175C,YEL024W,0,-0.18900938,0.08410429209470749,0.29880478978157043,0.32683074474334717
YDL072C,YOR335C,0,-0.18901719,0.08408071845769882,0.29880478978157043,0.3269307613372803
YKL002W,YDL031W,0,-0.18905316,0.08405715972185135,0.29880478978157043,0.32703080773353577
YIL019W,YGR235C,0,-0.189065,0.08403361588716507,0.29880478978157043,0.32713085412979126
YHL038C,YJR048W,0,-0.18910928,0.08401007950305939,0.29880478978157043,0.32723090052604675
YKL033W,YBR090C-A,0,-0.18916775,0.0839865654706955,0.29880478978157043,0.32733094692230225
YER155C,YLR023C,0,-0.1891862,0.0839630588889122,0.29880478978157043,0.32743096351623535
YOR247W,YDR259C,0,-0.18924874,0.0839395672082901,0.29880478978157043,0.32753100991249084
YHR169W,YML092C,0,-0.18937519,0.0839160829782486,0.29880478978157043,0.32763105630874634
YHR185C,YMR230W,0,-0.18939655,0.08389262109994888,0.29880478978157043,0.32773110270500183
YNL247W,YKR099W,0,-0.18963867,0.08386916667222977,0.29880478978157043,0.32783111929893494
YFR024C,YKL077W,0,-0.18972705,0.08384572714567184,0.29880478978157043,0.32793116569519043
YPL173W,YOR109W,0,-0.18973537,0.08382229506969452,0.29880478978157043,0.3280312120914459
YLR131C,YOL096C,0,-0.18979108,0.08379888534545898,0.29880478978157043,0.3281312584877014
YMR215W,YLR466W,0,-0.18981235,0.08377548307180405,0.29880478978157043,0.3282313048839569
YLR239C,YCR044C,0,-0.18983947,0.0837520956993103,0.29880478978157043,0.32833132147789
YDR280W,YOR260W,0,-0.1899101,0.08372871577739716,0.29880478978157043,0.3284313678741455
YNL103W,YCL012W,0,-0.19000727,0.0837053582072258,0.29880478978157043,0.328531414270401
YPL058C,YDL031W,0,-0.19002306,0.08368200808763504,0.29880478978157043,0.3286314606666565
YGR161W-A,YGR040W,0,-0.19024119,0.08365867286920547,0.29880478978157043,0.328731507062912
YGR211W,YGR161C-D,0,-0.19029017,0.0836353525519371,0.29880478978157043,0.3288315236568451
YBL035C,YGR017W,0,-0.19029675,0.08361203968524933,0.29880478978157043,0.3289315700531006
YHR079C-B,YMR183C,0,-0.19045664,0.08358874171972275,0.29880478978157043,0.3290316164493561
YHR033W,YHL015W,0,-0.1904569,0.08356545865535736,0.29880478978157043,0.3291316628456116
YHR037W,YOR110W,0,-0.19048971,0.08354219049215317,0.29880478978157043,0.3292316794395447
YDR367W,YBL063W,0,-0.19063717,0.08351892977952957,0.29880478978157043,0.32933172583580017
YOR252W,YNL041C,0,-0.1906782,0.08349568396806717,0.29880478978157043,0.32943177223205566
YNL328C,YFL056C,0,-0.19067942,0.08347245305776596,0.29880478978157043,0.32953181862831116
YDR098C-A,YER127W,0,-0.19068229,0.08344923704862595,0.29880478978157043,0.32963186502456665
YHR214C-C,YIL123W,0,-0.1907172,0.08342602849006653,0.29880478978157043,0.32973188161849976
YCR105W,YDR316W-B,0,-0.19073299,0.0834028348326683,0.29880478978157043,0.32983192801475525
YGL067W,YLR023C,0,-0.19077744,0.08337965607643127,0.29880478978157043,0.32993197441101074
YPR175W,YDR292C,0,-0.19078948,0.08335648477077484,0.29880478978157043,0.33003202080726624
YHR073W,YER159C,0,-0.1908964,0.0833333358168602,0.29880478978157043,0.33013206720352173
YPR148C,YGR211W,0,-0.19093584,0.08331019431352615,0.29880478978157043,0.33023208379745483
YJL059W,YKR031C,0,-0.19096997,0.0832870602607727,0.29880478978157043,0.3303321301937103
YAL056W,YDR021W,0,-0.19101615,0.08326394855976105,0.29880478978157043,0.3304321765899658
YHL028W,YER108C,0,-0.19104567,0.08324084430932999,0.29880478978157043,0.3305322229862213
YNL059C,YPR169W,0,-0.19105451,0.08321775496006012,0.29880478978157043,0.3306322395801544
YOR018W,YNL029C,0,-0.19107462,0.08319467306137085,0.29880478978157043,0.3307322859764099
YHR073W,YDR080W,0,-0.1911544,0.08317161351442337,0.29880478978157043,0.3308323323726654
YMR036C,YHR004C,1,-0.19119273,0.08342572301626205,0.2998007833957672,0.3308323323726654
YGR103W,YLR442C,0,-0.19123155,0.0834026038646698,0.2998007833957672,0.3309323787689209
YKL194C,YIL096C,0,-0.19123377,0.08337949961423874,0.2998007833957672,0.3310324251651764
YOR049C,YGR170W,0,-0.19124639,0.08335641026496887,0.2998007833957672,0.3311324417591095
YLR417W,YGR161C-D,0,-0.19130252,0.0833333358168602,0.2998007833957672,0.331232488155365
YMR230W,YDR292C,0,-0.19138667,0.08331026881933212,0.2998007833957672,0.3313325345516205
YFR038W,YMR035W,0,-0.19138972,0.08328721672296524,0.2998007833957672,0.331432580947876
YGL098W,YPR105C,0,-0.19145198,0.08326417952775955,0.2998007833957672,0.33153262734413147
YLR223C,YCL035C,0,-0.19158301,0.08324114978313446,0.2998007833957672,0.3316326439380646
YLR411W,YJL216C,0,-0.19159202,0.08321813493967056,0.2998007833957672,0.33173269033432007
YLR223C,YNL287W,0,-0.19183867,0.08319513499736786,0.2998007833957672,0.33183273673057556
YNR071C,YJL197W,0,-0.19192962,0.08317214995622635,0.2998007833957672,0.33193278312683105
YLL018C-A,YOL135C,0,-0.19193994,0.08314917236566544,0.2998007833957672,0.33203279972076416
YMR183C,YBR100W,0,-0.19200508,0.08312620967626572,0.2998007833957672,0.33213284611701965
YAR033W,YKL039W,0,-0.19204864,0.0831032544374466,0.2998007833957672,0.33223289251327515
YDR210C-D,YNR037C,0,-0.19210084,0.08308032155036926,0.2998007833957672,0.33233293890953064
YCR036W,YER102W,0,-0.19217238,0.08305739611387253,0.2998007833957672,0.33243298530578613
YNL183C,YGR057C,0,-0.19218126,0.08303448557853699,0.2998007833957672,0.33253300189971924
YJL186W,YNR030W,0,-0.19219315,0.08301158249378204,0.2998007833957672,0.33263304829597473
YJL013C,YGL127C,0,-0.19228078,0.0829886943101883,0.2998007833957672,0.3327330946922302
YDR227W,YKR031C,0,-0.19233026,0.08296582102775574,0.2998007833957672,0.3328331410884857
YLR460C,YOR271C,0,-0.19235957,0.08294296264648438,0.2998007833957672,0.3329331874847412
YHR158C,YOR254C,0,-0.19241564,0.08292011171579361,0.2998007833957672,0.3330332040786743
YLR118C,YBR295W,0,-0.1924324,0.08289727568626404,0.2998007833957672,0.3331332504749298
YCL029C,YBR268W,0,-0.19243549,0.08287444710731506,0.2998007833957672,0.3332332968711853
YPR071W,YDR261C,0,-0.1924363,0.08285164088010788,0.2998007833957672,0.3333333432674408
YLR059C,YKL002W,0,-0.19250356,0.08282884210348129,0.2998007833957672,0.3334333598613739
YMR091C,YNR033W,0,-0.19250529,0.0828060507774353,0.2998007833957672,0.3335334062576294
YNL214W,YLR247C,0,-0.19255354,0.0827832818031311,0.2998007833957672,0.3336334526538849
YOL122C,YMR041C,0,-0.19257538,0.0827605202794075,0.2998007833957672,0.3337334990501404
YLR194C,YGL192W,0,-0.19266333,0.0827377662062645,0.2998007833957672,0.3338335454463959
YOR049C,YDR469W,0,-0.1926686,0.08271503448486328,0.2998007833957672,0.333933562040329
YPR134W,YIL068C,0,-0.19267274,0.08269231021404266,0.2998007833957672,0.3340336084365845
YFR040W,YNL068C,0,-0.19272785,0.08266959339380264,0.2998007833957672,0.33413365483283997
YOR131C,YML016C,1,-0.19275539,0.08292147517204285,0.3007968068122864,0.33413365483283997
YHR148W,YLR019W,0,-0.1927823,0.08289870619773865,0.3007968068122864,0.33423370122909546
YGR161W-A,YFR014C,0,-0.19283456,0.08287595957517624,0.3007968068122864,0.33433374762535095
YKR093W,YNL054W-A,0,-0.19285025,0.08285322040319443,0.3007968068122864,0.33443376421928406
YHR103W,YPR169W,0,-0.19292994,0.08283049613237381,0.3007968068122864,0.33453381061553955
YAR033W,YDR365W-A,0,-0.1930485,0.08280778676271439,0.3007968068122864,0.33463385701179504
YKR095W,YJL216C,0,-0.19307478,0.08278508484363556,0.3007968068122864,0.33473390340805054
YGR046W,YNL031C,0,-0.19312288,0.08276239782571793,0.3007968068122864,0.33483392000198364
YDR471W,YNL041C,0,-0.19321145,0.08273972570896149,0.3007968068122864,0.33493396639823914
YNL054W-A,YPL193W,0,-0.19326344,0.08271706104278564,0.3007968068122864,0.33503401279449463
YKL132C,YPL248C,0,-0.1933004,0.082694411277771,0.3007968068122864,0.3351340591907501
YLL024C,YNL216W,0,-0.19331737,0.08267177641391754,0.3007968068122864,0.3352341055870056
YHR158C,YOR260W,0,-0.19341812,0.08264914900064468,0.3007968068122864,0.3353341221809387
YIL056W,YLR328W,0,-0.19344078,0.08262653648853302,0.3007968068122864,0.3354341685771942
YGR244C,YKL040C,0,-0.19356076,0.08260393887758255,0.3007968068122864,0.3355342149734497
YBR125C,YBL056W,1,-0.19363984,0.08285479992628098,0.30179283022880554,0.3355342149734497
YDR384C,YKL040C,0,-0.19366048,0.08283215016126633,0.30179283022880554,0.3356342613697052
YKR053C,YIL053W,1,-0.19368847,0.08308281004428864,0.3027888536453247,0.3356342613697052
YKL063C,YDR080W,0,-0.19376044,0.08306010812520981,0.3027888536453247,0.3357343077659607
YNL284C-B,YNL048W,0,-0.1937937,0.08303742110729218,0.3027888536453247,0.3358343243598938
YNL247W,YOL095C,0,-0.19395004,0.08301474899053574,0.3027888536453247,0.3359343707561493
YDR325W,YEL044W,0,-0.19398461,0.0829920843243599,0.3027888536453247,0.3360344171524048
YJR102C,YHR106W,0,-0.19400163,0.08296943455934525,0.3027888536453247,0.3361344635486603
YDR098C-A,YLR260W,0,-0.19403176,0.0829467922449112,0.3027888536453247,0.3362344801425934
YAR009C,YLR352W,0,-0.19410205,0.08292416483163834,0.3027888536453247,0.3363345265388489
YBR189W,YDR316W-B,0,-0.19426581,0.08290155231952667,0.3027888536453247,0.33643457293510437
YPL203W,YBR078W,0,-0.19426744,0.0828789547085762,0.3027888536453247,0.33653461933135986
YNL221C,YPL021W,0,-0.19430958,0.08285636454820633,0.3027888536453247,0.33663466572761536
YPR143W,YMR009W,0,-0.1944714,0.08283378928899765,0.3027888536453247,0.33673468232154846
YBR254C,YMR262W,0,-0.19448124,0.08281122148036957,0.3027888536453247,0.33683472871780396
YDL160C,YDR316W-B,0,-0.19448887,0.08278866857290268,0.3027888536453247,0.33693477511405945
YGL190C,YBR022W,1,-0.19452213,0.08303838968276978,0.3037848472595215,0.33693477511405945
YNL133C,YBR089C-A,0,-0.1946099,0.08301578462123871,0.3037848472595215,0.33703482151031494
YGR283C,YDR168W,0,-0.19462329,0.08299319446086884,0.3037848472595215,0.33713486790657043
YPL004C,YLR411W,0,-0.19462788,0.08297061920166016,0.3037848472595215,0.33723488450050354
YOR252W,YPR086W,0,-0.19480748,0.08294805884361267,0.3037848472595215,0.33733493089675903
YKL043W,YLR259C,0,-0.19497766,0.08292550593614578,0.3037848472595215,0.3374349772930145
YJL001W,YDL123W,0,-0.19502515,0.08290296047925949,0.3037848472595215,0.33753502368927
YPR106W,YHR197W,0,-0.19509591,0.08288043737411499,0.3037848472595215,0.3376350402832031
YPL179W,YPL253C,0,-0.19515286,0.08285792171955109,0.3037848472595215,0.3377350866794586
YEL018W,YLR181C,0,-0.19521007,0.08283541351556778,0.3037848472595215,0.3378351330757141
YBR276C,YER133W,1,-0.1952244,0.08308444172143936,0.30478087067604065,0.3378351330757141
YNL284C-B,YDR227W,0,-0.19524185,0.08306188881397247,0.30478087067604065,0.3379351794719696
YKL191W,YPL115C,0,-0.1952707,0.08303935080766678,0.30478087067604065,0.3380352258682251
YNL318C,YIL005W,0,-0.19531448,0.08301682025194168,0.30478087067604065,0.3381352424621582
YKL032C,YIL008W,0,-0.19531772,0.08299430459737778,0.30478087067604065,0.3382352888584137
YOR002W,YBR181C,0,-0.19534183,0.08297180384397507,0.30478087067604065,0.3383353352546692
YBR153W,YOR250C,0,-0.19539922,0.08294931054115295,0.30478087067604065,0.3384353816509247
YBR092C,YKL212W,1,-0.19540231,0.08319783210754395,0.3057768940925598,0.3384353816509247
YBR003W,YKR083C,0,-0.19540855,0.08317529410123825,0.3057768940925598,0.3385354280471802
YMR243C,YLR093C,0,-0.1954679,0.08315276354551315,0.3057768940925598,0.3386354446411133
YNR032C-A,YOL055C,0,-0.1955118,0.08313024789094925,0.3057768940925598,0.3387354910373688
YKL141W,YGR283C,0,-0.19554952,0.08310773968696594,0.3057768940925598,0.33883553743362427
YNR048W,YJL181W,0,-0.19555137,0.08308525383472443,0.3057768940925598,0.33893558382987976
YGL061C,YBR089C-A,0,-0.19557793,0.08306276798248291,0.3057768940925598,0.33903560042381287
YNL133C,YJL069C,0,-0.19565785,0.08304030448198318,0.3057768940925598,0.33913564682006836
YEL020W-A,YGR122W,0,-0.19569077,0.08301784843206406,0.3057768940925598,0.33923569321632385
YJR035W,YBL005W,0,-0.19569944,0.08299540728330612,0.3057768940925598,0.33933573961257935
YAL019W,YER149C,0,-0.19571845,0.08297297358512878,0.3057768940925598,0.33943578600883484
YIL098C,YBL025W,0,-0.19577646,0.08295055478811264,0.3057768940925598,0.33953580260276794
YGR055W,YIL130W,0,-0.19587591,0.0829281434416771,0.3057768940925598,0.33963584899902344
YNL041C,YDR244W,0,-0.19589151,0.08290575444698334,0.3057768940925598,0.33973589539527893
YJR108W,YHL050C,0,-0.1959586,0.08288337290287018,0.3057768940925598,0.3398359417915344
YGR129W,YLR247C,0,-0.19596551,0.08286099880933762,0.3057768940925598,0.3399359881877899
YOR334W,YBR029C,0,-0.19598427,0.08283863961696625,0.3057768940925598,0.340036004781723
YGR060W,YHR138C,0,-0.1959896,0.08281629532575607,0.3057768940925598,0.3401360511779785
YHR033W,YLR001C,0,-0.19599351,0.0827939584851265,0.3057768940925598,0.340236097574234
YDR268W,YKL081W,0,-0.19600321,0.08277163654565811,0.3057768940925598,0.3403361439704895
YKR096W,YPL130W,0,-0.19600837,0.08274932950735092,0.3057768940925598,0.3404361605644226
YJR110W,YJL098W,1,-0.19609086,0.08299649506807327,0.306772917509079,0.3404361605644226
YDL100C,YIR026C,0,-0.19615142,0.0829741358757019,0.306772917509079,0.3405362069606781
YGR109W-A,YPL173W,0,-0.19615728,0.08295179158449173,0.306772917509079,0.3406362533569336
YGL098W,YLR323C,0,-0.1961845,0.08292945474386215,0.306772917509079,0.3407362997531891
YDR212W,YPL043W,0,-0.19624928,0.08290713280439377,0.306772917509079,0.3408363461494446
YOR358W,YNL111C,0,-0.1962662,0.08288482576608658,0.306772917509079,0.3409363627433777
YGL067W,YBR211C,0,-0.19628888,0.08286252617835999,0.306772917509079,0.3410364091396332
YOR189W,YDR407C,0,-0.19635136,0.08284023404121399,0.306772917509079,0.34113645553588867
YGL053W,YIL167W,0,-0.19636144,0.08281796425580978,0.306772917509079,0.34123650193214417
YHR079C-B,YNL176C,0,-0.19636305,0.08279570192098618,0.306772917509079,0.34133654832839966
YER123W,YDR234W,0,-0.19651987,0.08277344703674316,0.306772917509079,0.34143656492233276
YOL132W,YLR011W,0,-0.19655775,0.08275120705366135,0.306772917509079,0.34153661131858826
YAL048C,YFL061W,0,-0.1965607,0.08272898197174072,0.306772917509079,0.34163665771484375
YDR361C,YMR110C,0,-0.19659293,0.0827067643404007,0.306772917509079,0.34173670411109924
YDR201W,YPR055W,0,-0.19659887,0.08268456161022186,0.306772917509079,0.34183672070503235
YCL048W,YPR141C,0,-0.19678392,0.08266237378120422,0.306772917509079,0.34193676710128784
YDR468C,YLL018C-A,0,-0.19690041,0.08264019340276718,0.306772917509079,0.34203681349754333
YBR112C,YPL097W,0,-0.1969655,0.08261802792549133,0.306772917509079,0.34213685989379883
YLR115W,YDR395W,0,-0.19701275,0.08259586989879608,0.306772917509079,0.3422369062900543
YFR047C,YGL231C,0,-0.19703558,0.08257372677326202,0.306772917509079,0.3423369228839874
YDR328C,YPL063W,0,-0.19712184,0.08255159109830856,0.306772917509079,0.3424369692802429
YOL009C,YHR079C-B,0,-0.19712348,0.0825294777750969,0.306772917509079,0.3425370156764984
YBR029C,YNL041C,0,-0.19712748,0.08250736445188522,0.306772917509079,0.3426370620727539
YLR227W-A,YCR036W,0,-0.19715212,0.08248527348041534,0.306772917509079,0.3427371084690094
YGR057C,YDR328C,0,-0.19720998,0.08246318250894547,0.306772917509079,0.3428371250629425
YPR068C,YDR098C-B,0,-0.19725776,0.08244111388921738,0.306772917509079,0.342937171459198
YOR177C,YCL035C,0,-0.1973355,0.08241905272006989,0.306772917509079,0.3430372178554535
YOL032W,YNL068C,0,-0.19734989,0.08239700645208359,0.306772917509079,0.343137264251709
YOR131C,YMR087W,1,-0.19740616,0.08264242112636566,0.30776891112327576,0.343137264251709
YIL075C,YGR017W,0,-0.1974078,0.08262032270431519,0.30776891112327576,0.3432372808456421
YDL134C,YMR036C,1,-0.19742256,0.08286554366350174,0.3087649345397949,0.3432372808456421
YHR210C,YIL147C,0,-0.19742492,0.08284340053796768,0.3087649345397949,0.3433373272418976
YOR019W,YLR054C,0,-0.19747852,0.08282126486301422,0.3087649345397949,0.3434373736381531
YPL004C,YDR007W,0,-0.19763497,0.08279914408922195,0.3087649345397949,0.34353742003440857
YCR086W,YDR438W,0,-0.19764994,0.08277703821659088,0.3087649345397949,0.34363746643066406
YGL098W,YDR375C,0,-0.19771364,0.0827549397945404,0.3087649345397949,0.34373748302459717
YDR160W,YPL193W,0,-0.19774152,0.08273285627365112,0.3087649345397949,0.34383752942085266
YJR132W,YML016C,0,-0.19775203,0.08271078020334244,0.3087649345397949,0.34393757581710815
YKL006C-A,YNL118C,0,-0.19775772,0.08268871903419495,0.3087649345397949,0.34403762221336365
YDR009W,YCR035C,0,-0.1977651,0.08266666531562805,0.3087649345397949,0.34413766860961914
YOR250C,YHR193C,0,-0.19779414,0.08264462649822235,0.3087649345397949,0.34423768520355225
YER062C,YLR248W,0,-0.19783242,0.08262260258197784,0.3087649345397949,0.34433773159980774
YCL044C,YHL025W,0,-0.19787987,0.08260058611631393,0.3087649345397949,0.34443777799606323
YPL115C,YOR158W,0,-0.197884,0.08257858455181122,0.3087649345397949,0.3445378243923187
YHL003C,YDR098C-B,0,-0.19792461,0.0825565904378891,0.3087649345397949,0.34463784098625183
YJL183W,YPL215W,0,-0.19795115,0.08253461122512817,0.3087649345397949,0.3447378873825073
YLR234W,YPL145C,0,-0.19803576,0.08251263946294785,0.3087649345397949,0.3448379337787628
YGL053W,YEL051W,0,-0.19808105,0.08249069005250931,0.3087649345397949,0.3449379801750183
YPL203W,YOL103W-A,0,-0.19819584,0.08246874064207077,0.3087649345397949,0.3450380265712738
YMR277W,YJL098W,1,-0.19829561,0.08271276950836182,0.3097609579563141,0.3450380265712738
YFR025C,YDL047W,1,-0.1983077,0.08295665681362152,0.31075698137283325,0.3450380265712738
YLR115W,YOR110W,0,-0.19832322,0.08293461054563522,0.31075698137283325,0.3451380431652069
YCR031C,YLR067C,0,-0.19833653,0.08291257172822952,0.31075698137283325,0.3452380895614624
YPL209C,YBL013W,0,-0.19839579,0.08289054036140442,0.31075698137283325,0.3453381359577179
YJL045W,YDR361C,0,-0.19844855,0.08286852389574051,0.31075698137283325,0.3454381823539734
YEL006W,YMR149W,0,-0.19846721,0.08284652233123779,0.31075698137283325,0.3455382287502289
YNL194C,YBR045C,0,-0.19848442,0.08282452821731567,0.31075698137283325,0.345638245344162
YLR143W,YGR017W,0,-0.19856043,0.08280254900455475,0.31075698137283325,0.3457382917404175
YMR165C,YDL188C,1,-0.19858612,0.08304589986801147,0.31175297498703003,0.3457382917404175
YHR210C,YBR295W,0,-0.19866006,0.08302387595176697,0.31175297498703003,0.345838338136673
YFL056C,YHR079C-B,0,-0.19869094,0.08300185948610306,0.31175297498703003,0.34593838453292847
YJL012C,YMR118C,0,-0.1987516,0.08297985047101974,0.31175297498703003,0.3460384011268616
YDR007W,YIL120W,0,-0.19883366,0.08295785635709763,0.31175297498703003,0.34613844752311707
YLL006W,YER108C,0,-0.19888961,0.0829358771443367,0.31175297498703003,0.34623849391937256
YPL280W,YKL032C,0,-0.19893764,0.08291390538215637,0.31175297498703003,0.34633854031562805
YEL020W-A,YHL026C,0,-0.19893813,0.08289194852113724,0.31175297498703003,0.34643858671188354
YGL093W,YPL076W,0,-0.19894603,0.0828699991106987,0.31175297498703003,0.34653860330581665
YHR024C,YGR017W,0,-0.19896436,0.08284806460142136,0.31175297498703003,0.34663864970207214
YLR377C,YGL070C,0,-0.19899191,0.0828261449933052,0.31175297498703003,0.34673869609832764
YOR266W,YER123W,0,-0.19899307,0.08280423283576965,0.31175297498703003,0.34683874249458313
YGR057C,YDR023W,0,-0.19901623,0.0827823355793953,0.31175297498703003,0.3469387888908386
YOL023W,YPL253C,0,-0.19906819,0.08276044577360153,0.31175297498703003,0.34703880548477173
YPR169W,YMR149W,0,-0.19912419,0.08273857086896896,0.31175297498703003,0.3471388518810272
YGR203W,YIL002C,1,-0.19918595,0.08298097550868988,0.3127489984035492,0.3471388518810272
YLR239C,YJL167W,0,-0.19922222,0.08295904844999313,0.3127489984035492,0.3472388982772827
YDL235C,YKR034W,0,-0.19931073,0.08293713629245758,0.3127489984035492,0.3473389446735382
YBL035C,YDR386W,0,-0.19931304,0.08291523903608322,0.3127489984035492,0.3474389612674713
YER028C,YLR150W,0,-0.1993352,0.08289334923028946,0.3127489984035492,0.3475390076637268
YGR217W,YJR050W,0,-0.19936621,0.0828714668750763,0.3127489984035492,0.3476390540599823
YNL167C,YPL280W,0,-0.1993881,0.08284960687160492,0.3127489984035492,0.3477391004562378
YGL126W,YGR217W,0,-0.19948229,0.08282774686813354,0.3127489984035492,0.3478391468524933
YJR073C,YIL038C,0,-0.1994854,0.08280590921640396,0.3127489984035492,0.3479391634464264
YJR049C,YGL139W,0,-0.19948879,0.08278407901525497,0.3127489984035492,0.3480392098426819
YKL016C,YDR430C,0,-0.19967154,0.08276225626468658,0.3127489984035492,0.3481392562389374
YHR118C,YHL021C,0,-0.19968863,0.08274044841527939,0.3127489984035492,0.34823930263519287
YPR131C,YHR106W,0,-0.19968913,0.08271864801645279,0.3127489984035492,0.34833934903144836
YAL016W,YGL224C,1,-0.19970591,0.08296023309230804,0.31374502182006836,0.34833934903144836
YHL003C,YDL211C,0,-0.19981118,0.08293838798999786,0.31374502182006836,0.34843936562538147
YNL041C,YOR319W,0,-0.1998197,0.08291655778884888,0.31374502182006836,0.34853941202163696
YKL129C,YNL063W,0,-0.19983475,0.08289473503828049,0.31374502182006836,0.34863945841789246
YFR024C,YHR079C-B,0,-0.2003574,0.08287292718887329,0.31374502182006836,0.34873950481414795
YDR316W-B,YDR045C,0,-0.20042266,0.08285113424062729,0.31374502182006836,0.34883952140808105
YJR035W,YKL051W,0,-0.20060156,0.08282934874296188,0.31374502182006836,0.34893956780433655
YKL048C,YJL180C,0,-0.20077987,0.08280757069587708,0.31374502182006836,0.34903961420059204
YHR079C-B,YHL015W,0,-0.20082128,0.08278580754995346,0.31374502182006836,0.34913966059684753
YJL021C,YOR032C,0,-0.20084833,0.08276405930519104,0.31374502182006836,0.349239706993103
YFR016C,YJL035C,0,-0.20094325,0.08274231851100922,0.31374502182006836,0.34933972358703613
YML045W,YNL246W,0,-0.2010211,0.08272058516740799,0.31374502182006836,0.3494397699832916
YOR045W,YOR380W,0,-0.20108847,0.08269887417554855,0.31374502182006836,0.3495398163795471
YLL048C,YER159C,0,-0.20115681,0.08267716318368912,0.31374502182006836,0.3496398627758026
YNL183C,YFR034C,0,-0.20130226,0.08265547454357147,0.31374502182006836,0.3497399091720581
YPR068C,YHR005C,0,-0.20133485,0.08263378590345383,0.31374502182006836,0.3498399257659912
YMR220W,YDR434W,0,-0.2013429,0.08261211961507797,0.31374502182006836,0.3499399721622467
YNL025C,YJL094C,0,-0.20135607,0.08259045332670212,0.31374502182006836,0.3500400185585022
YJL045W,YCR058C,0,-0.20146602,0.08256880939006805,0.31374502182006836,0.3501400649547577
YMR318C,YGR161C-D,0,-0.20148276,0.08254717290401459,0.31374502182006836,0.3502400815486908
YOR258W,YDR135C,0,-0.20149685,0.08252554386854172,0.31374502182006836,0.3503401279449463
YDR377W,YBR112C,0,-0.20150699,0.08250392973423004,0.31374502182006836,0.3504401743412018
YDR292C,YPL063W,0,-0.20152213,0.08248232305049896,0.31374502182006836,0.3505402207374573
YNL118C,YPL178W,0,-0.20155278,0.08246073126792908,0.31374502182006836,0.35064026713371277
YLR390W-A,YDR406W,0,-0.20161822,0.08243915438652039,0.31374502182006836,0.3507402837276459
YNL284C-B,YDR300C,0,-0.20169263,0.08241758495569229,0.31374502182006836,0.35084033012390137
YLR039C,YEL024W,0,-0.20170616,0.0823960229754448,0.31374502182006836,0.35094037652015686
YPL058C,YKL040C,0,-0.20175436,0.08237447589635849,0.31374502182006836,0.35104042291641235
YCR036W,YLR200W,0,-0.20188443,0.08235294371843338,0.31374502182006836,0.35114046931266785
YDR367W,YOR032C,0,-0.2019554,0.08233141899108887,0.31374502182006836,0.35124048590660095
YLR052W,YOR059C,0,-0.2019775,0.08230990171432495,0.31374502182006836,0.35134053230285645
YPL076W,YER081W,0,-0.20203626,0.08228839933872223,0.31374502182006836,0.35144057869911194
YLR083C,YIL137C,0,-0.20206557,0.0822669118642807,0.31374502182006836,0.35154062509536743
YBR065C,YBR015C,0,-0.20212115,0.08224543184041977,0.31374502182006836,0.35164064168930054
YGL243W,YDR178W,0,-0.20213912,0.08222395926713943,0.31374502182006836,0.35174068808555603
YHR044C,YJR110W,1,-0.20214804,0.08246346563100815,0.3147410452365875,0.35174068808555603
YDR210C-D,YPL010W,0,-0.20226948,0.08244194835424423,0.3147410452365875,0.3518407344818115
YAL056W,YNL062C,0,-0.20239668,0.08242044597864151,0.3147410452365875,0.351940780878067
YDL230W,YNL036W,0,-0.20239793,0.08239895850419998,0.3147410452365875,0.3520408272743225
YLL066C,YBR254C,0,-0.20240821,0.08237747848033905,0.3147410452365875,0.3521408438682556
YOR267C,YNL055C,0,-0.20242941,0.08235600590705872,0.3147410452365875,0.3522408902645111
YPR158W-B,YOR236W,0,-0.20261282,0.08233454823493958,0.3147410452365875,0.3523409366607666
YKR089C,YER102W,0,-0.20267202,0.08231310546398163,0.3147410452365875,0.3524409830570221
YGR212W,YHR202W,0,-0.20276076,0.08229167014360428,0.3147410452365875,0.3525410294532776
YHR103W,YCL001W,0,-0.20276475,0.08227024227380753,0.3147410452365875,0.3526410460472107
YNL284C-B,YDR135C,0,-0.20287837,0.08224882930517197,0.3147410452365875,0.3527410924434662
YML016C,YBR022W,1,-0.20297995,0.08248764276504517,0.3157370388507843,0.3527410924434662
YMR261C,YCL068C,0,-0.20299068,0.08246617764234543,0.3157370388507843,0.3528411388397217
YDR303C,YPL253C,0,-0.20313026,0.08244473487138748,0.3157370388507843,0.3529411852359772
YJR073C,YER056C,0,-0.20313841,0.08242329955101013,0.3157370388507843,0.3530412018299103
YLR227W-A,YNL063W,0,-0.20318581,0.08240187168121338,0.3157370388507843,0.35314124822616577
YER179W,YPR095C,0,-0.20318697,0.08238045871257782,0.3157370388507843,0.35324129462242126
YBR279W,YCL016C,0,-0.20322956,0.08235905319452286,0.3157370388507843,0.35334134101867676
YLL053C,YER071C,0,-0.2032456,0.08233766257762909,0.3157370388507843,0.35344138741493225
YDR468C,YJL026W,0,-0.20327312,0.08231627941131592,0.3157370388507843,0.35354140400886536
YLR093C,YGL085W,0,-0.20333453,0.08229491114616394,0.3157370388507843,0.35364145040512085
YPL004C,YLR413W,0,-0.20335306,0.08227355033159256,0.3157370388507843,0.35374149680137634
YDR023W,YNL036W,0,-0.20339221,0.08225220441818237,0.3157370388507843,0.35384154319763184
YFR014C,YHR142W,0,-0.20340933,0.08223086595535278,0.3157370388507843,0.35394158959388733
YLR410W,YDL134C,1,-0.20346093,0.08246888220310211,0.31673306226730347,0.35394158959388733
YGL085W,YDL149W,0,-0.20349741,0.08244749903678894,0.31673306226730347,0.35404160618782043
YDR243C,YBL072C,0,-0.20369457,0.08242613077163696,0.31673306226730347,0.3541416525840759
YPR158W-B,YER139C,0,-0.20383404,0.08240476995706558,0.31673306226730347,0.3542416989803314
YLR093C,YER032W,0,-0.20389307,0.0823834165930748,0.31673306226730347,0.3543417453765869
YOL020W,YBR119W,0,-0.20389426,0.0823620855808258,0.31673306226730347,0.35444176197052
YOL076W,YIL153W,0,-0.20397083,0.08234075456857681,0.31673306226730347,0.3545418083667755
YLR006C,YBR162C,0,-0.2040471,0.08231943845748901,0.31673306226730347,0.354641854763031
YPL228W,YJR110W,1,-0.20404986,0.08255693316459656,0.31772908568382263,0.354641854763031
YHR210C,YCR044C,0,-0.20405881,0.08253557235002518,0.31772908568382263,0.3547419011592865
YDR316W-B,YHR150W,0,-0.20405911,0.08251422643661499,0.31772908568382263,0.354841947555542
YOR131C,YLR345W,1,-0.20408899,0.08275149017572403,0.3187251091003418,0.354841947555542
YLR260W,YIL018W,0,-0.20412207,0.08273009210824966,0.3187251091003418,0.3549419641494751
YNL076W,YNL317W,0,-0.20430245,0.08270870894193649,0.3187251091003418,0.3550420105457306
YER040W,YLR313C,0,-0.20436713,0.08268734067678452,0.3187251091003418,0.3551420569419861
YOR087W,YGR260W,0,-0.2044069,0.08266597986221313,0.3187251091003418,0.3552421033382416
YLL018C-A,YIR004W,0,-0.20443402,0.08264462649822235,0.3187251091003418,0.35534214973449707
YNL024C,YPL248C,0,-0.20456907,0.08262328803539276,0.3187251091003418,0.3554421663284302
YNR019W,YHR014W,0,-0.20462285,0.08260196447372437,0.3187251091003418,0.35554221272468567
YCL017C,YJL096W,0,-0.20463993,0.08258064836263657,0.3187251091003418,0.35564225912094116
YLR433C,YNL010W,1,-0.20466395,0.08281733840703964,0.3197211027145386,0.35564225912094116
YPR071W,YHL011C,0,-0.20468374,0.08279597759246826,0.3197211027145386,0.35574230551719666
YOR380W,YLR143W,0,-0.20479031,0.08277462422847748,0.3197211027145386,0.35584232211112976
YOR045W,YEL006W,0,-0.2049529,0.08275328576564789,0.3197211027145386,0.35594236850738525
YMR105C,YPL063W,0,-0.20500298,0.08273196220397949,0.3197211027145386,0.35604241490364075
YOR119C,YML059C,0,-0.20513938,0.0827106386423111,0.3197211027145386,0.35614246129989624
YKL043W,YIL130W,0,-0.20515506,0.08268933743238449,0.3197211027145386,0.35624250769615173
YPR128C,YNR053C,0,-0.20517774,0.08266804367303848,0.3197211027145386,0.35634252429008484
YJL216C,YPL097W,0,-0.20518948,0.08264675736427307,0.3197211027145386,0.35644257068634033
YHR146W,YOL061W,0,-0.20519666,0.08262548595666885,0.3197211027145386,0.3565426170825958
YDR490C,YNL318C,0,-0.20528123,0.08260422199964523,0.3197211027145386,0.3566426634788513
YDR092W,YDR244W,0,-0.20534132,0.08258296549320221,0.3197211027145386,0.3567427098751068
YFR024C,YGL078C,0,-0.20535505,0.08256173133850098,0.3197211027145386,0.3568427264690399
YNL328C,YGL028C,0,-0.20536067,0.08254049718379974,0.3197211027145386,0.3569427728652954
YCL017C,YLR411W,0,-0.20536517,0.0825192779302597,0.3197211027145386,0.3570428192615509
YOR267C,YFR038W,0,-0.20543651,0.08249807357788086,0.3197211027145386,0.3571428656578064
YML059C,YOR172W,0,-0.20543681,0.08247687667608261,0.3197211027145386,0.3572429120540619
YDR204W,YLR313C,0,-0.20548354,0.08245568722486496,0.3197211027145386,0.357342928647995
YDR045C,YGL151W,0,-0.20554888,0.0824345126748085,0.3197211027145386,0.3574429750442505
YJR153W,YHR194W,0,-0.20556639,0.08241335302591324,0.3197211027145386,0.357543021440506
YHR035W,YJL168C,0,-0.20567904,0.08239220082759857,0.3197211027145386,0.3576430678367615
YLR085C,YJL208C,0,-0.20568381,0.0823710560798645,0.3197211027145386,0.3577430844306946
YGL198W,YOL052C-A,0,-0.20570104,0.08234992623329163,0.3197211027145386,0.3578431308269501
YIL022W,YMR035W,0,-0.20574503,0.08232880383729935,0.3197211027145386,0.35794317722320557
YDR430C,YNR055C,0,-0.20578782,0.08230768889188766,0.3197211027145386,0.35804322361946106
YKR096W,YEL027W,0,-0.20579554,0.08228659629821777,0.3197211027145386,0.35814327001571655
YLR248W,YLR413W,0,-0.20586401,0.08226550370454788,0.3197211027145386,0.35824328660964966
YAR033W,YLR337C,0,-0.20595777,0.08224442601203918,0.3197211027145386,0.35834333300590515
YHR113W,YGR040W,0,-0.20596129,0.08222336322069168,0.3197211027145386,0.35844337940216064
YDR316W-B,YDL018C,0,-0.20596802,0.08220230787992477,0.3197211027145386,0.35854342579841614
YLR131C,YCR031C,0,-0.20607887,0.08218125998973846,0.3197211027145386,0.35864347219467163
YOR091W,YOR372C,0,-0.20608535,0.08216022700071335,0.3197211027145386,0.35874348878860474
YER176W,YPR131C,0,-0.20624171,0.08213920146226883,0.3197211027145386,0.35884353518486023
YNL286W,YOR273C,0,-0.20625824,0.0821181908249855,0.3197211027145386,0.3589435815811157
YLR411W,YNL194C,0,-0.20646946,0.08209718763828278,0.3197211027145386,0.3590436279773712
YHR194W,YER127W,0,-0.20659508,0.08207619190216064,0.3197211027145386,0.3591436445713043
YOR049C,YEL006W,0,-0.2065994,0.08205521106719971,0.3197211027145386,0.3592436909675598
YDR078C,YKL145W,0,-0.20678306,0.08203424513339996,0.3197211027145386,0.3593437373638153
YOR250C,YLR067C,0,-0.20682031,0.08201328665018082,0.3197211027145386,0.3594437837600708
YDR098C-A,YPR158W-B,0,-0.2068992,0.08199233561754227,0.3197211027145386,0.3595438301563263
YCR031C,YMR261C,0,-0.20694561,0.08197139948606491,0.3197211027145386,0.3596438467502594
YDR468C,YHR138C,0,-0.20699933,0.08195047080516815,0.3197211027145386,0.3597438931465149
YIL043C,YOR059C,0,-0.20700262,0.08192955702543259,0.3197211027145386,0.3598439395427704
YPL137C,YOL084W,0,-0.20705377,0.08190865069627762,0.3197211027145386,0.3599439859390259
YPR097W,YJL058C,0,-0.20711838,0.08188775181770325,0.3197211027145386,0.36004403233528137
YCR106W,YBR162C,0,-0.20717587,0.08186686784029007,0.3197211027145386,0.3601440489292145
YDR188W,YFR040W,0,-0.20718339,0.08184599876403809,0.3197211027145386,0.36024409532546997
YGR007W,YBR015C,0,-0.20725904,0.0818251371383667,0.3197211027145386,0.36034414172172546
YOR068C,YDR359C,0,-0.20728816,0.08180428296327591,0.3197211027145386,0.36044418811798096
YGR181W,YMR183C,0,-0.20731641,0.08178343623876572,0.3197211027145386,0.36054420471191406
YDR235W,YDL247W,0,-0.20733824,0.08176261186599731,0.3197211027145386,0.36064425110816956
YIL013C,YDR289C,0,-0.20749791,0.08174178749322891,0.3197211027145386,0.36074429750442505
YPR008W,YPL178W,0,-0.2075554,0.0817209780216217,0.3197211027145386,0.36084434390068054
YGR060W,YKL197C,0,-0.20769514,0.08170017600059509,0.3197211027145386,0.36094439029693604
YEL038W,YGL224C,1,-0.20771433,0.08193384110927582,0.32071712613105774,0.36094439029693604
YPR037C,YPL175W,0,-0.20774437,0.08191300183534622,0.32071712613105774,0.36104440689086914
YOL078W,YNL055C,0,-0.20784166,0.08189217001199722,0.32071712613105774,0.36114445328712463
YDR517W,YHL006C,0,-0.20801961,0.08187134563922882,0.32071712613105774,0.3612444996833801
YLR227W-A,YPL141C,0,-0.2081001,0.08185053616762161,0.32071712613105774,0.3613445460796356
YLR131C,YOL121C,0,-0.20814766,0.081829734146595,0.32071712613105774,0.3614445924758911
YGR174C,YLR017W,0,-0.2082253,0.08180893957614899,0.32071712613105774,0.3615446090698242
YPR008W,YDL031W,0,-0.20823929,0.08178815990686417,0.32071712613105774,0.3616446554660797
YOR019W,YMR177W,0,-0.2083294,0.08176739513874054,0.32071712613105774,0.3617447018623352
YDR078C,YLR007W,0,-0.20836595,0.08174663782119751,0.32071712613105774,0.3618447482585907
YCR086W,YLL024C,0,-0.20845334,0.08172588795423508,0.32071712613105774,0.3619447648525238
YBR065C,YML055W,0,-0.2086549,0.08170515298843384,0.32071712613105774,0.3620448112487793
YPR154W,YPL115C,0,-0.20865823,0.0816844254732132,0.32071712613105774,0.3621448576450348
YFR031C-A,YOL154W,0,-0.20877157,0.08166370540857315,0.32071712613105774,0.3622449040412903
YML023C,YIL053W,0,-0.20880003,0.0816430002450943,0.32071712613105774,0.3623449504375458
YPR017C,YMR322C,0,-0.2088016,0.08162230998277664,0.32071712613105774,0.3624449670314789
YPL137C,YMR035W,0,-0.20886715,0.08160161972045898,0.32071712613105774,0.3625450134277344
YMR243C,YLR247C,0,-0.20896597,0.08158094435930252,0.32071712613105774,0.36264505982398987
YJR110W,YMR036C,1,-0.20910136,0.08181357383728027,0.3217131495475769,0.36264505982398987
YDR188W,YBR208C,0,-0.20912607,0.08179286122322083,0.3217131495475769,0.36274510622024536
YGL189C,YDR316W-B,0,-0.20915166,0.08177214860916138,0.3217131495475769,0.36284515261650085
YER177W,YOR320C,0,-0.20935716,0.08175145834684372,0.3217131495475769,0.36294516921043396
YPL138C,YNL054W-A,0,-0.20943911,0.08173076808452606,0.3217131495475769,0.36304521560668945
YDR256C,YGL111W,0,-0.20944902,0.0817100927233696,0.3217131495475769,0.36314526200294495
YLR227W-A,YDR009W,0,-0.20951703,0.08168942481279373,0.3217131495475769,0.36324530839920044
YPR180W,YGR224W,0,-0.2095349,0.08166877180337906,0.3217131495475769,0.36334532499313354
YOL076W,YHR194W,0,-0.20957036,0.08164812624454498,0.3217131495475769,0.36344537138938904
YNL284C-B,YDR243C,0,-0.20961256,0.0816274955868721,0.3217131495475769,0.36354541778564453
YHR148W,YNR037C,0,-0.20961921,0.08160687237977982,0.3217131495475769,0.3636454641819
YFR049W,YDR234W,0,-0.20968193,0.08158625662326813,0.3217131495475769,0.3637455105781555
YAL068C,YNR037C,0,-0.2097254,0.08156565576791763,0.3217131495475769,0.3638455271720886
YGL067W,YBR168W,0,-0.20978473,0.08154506236314774,0.3217131495475769,0.3639455735683441
YER031C,YLL026W,0,-0.2098125,0.08152448385953903,0.3217131495475769,0.3640456199645996
YPL126W,YKR088C,0,-0.20981793,0.08150391280651093,0.3217131495475769,0.3641456663608551
YNL284C-B,YBL035C,0,-0.20982009,0.08148334920406342,0.3217131495475769,0.3642457127571106
YOR002W,YDR234W,0,-0.20982507,0.0814628005027771,0.3217131495475769,0.3643457293510437
YKL048C,YOL116W,0,-0.20990251,0.08144225925207138,0.3217131495475769,0.3644457757472992
YPL193W,YDR301W,0,-0.20992808,0.08142173290252686,0.3217131495475769,0.3645458221435547
YOR014W,YOR090C,1,-0.20995043,0.08165322244167328,0.32270917296409607,0.3645458221435547
YOR193W,YGL139W,0,-0.20995116,0.08163265138864517,0.32270917296409607,0.3646458685398102
YFR024C-A,YPL234C,0,-0.21000977,0.08161208778619766,0.32270917296409607,0.3647458851337433
YGR244C,YBR180W,0,-0.21002951,0.08159153908491135,0.32270917296409607,0.3648459315299988
YFR024C,YHR133C,0,-0.21004015,0.08157099783420563,0.32270917296409607,0.3649459779262543
YKL197C,YDR365C,0,-0.21008517,0.0815504640340805,0.32270917296409607,0.36504602432250977
YPL207W,YBL005W,0,-0.21013054,0.08152994513511658,0.32270917296409607,0.36514607071876526
YEL005C,YGR253C,0,-0.210144,0.08150943368673325,0.32270917296409607,0.36524608731269836
YBL100W-B,YDR244W,0,-0.21016149,0.08148893713951111,0.32270917296409607,0.36534613370895386
YML081W,YOR247W,0,-0.21017848,0.08146844059228897,0.32270917296409607,0.36544618010520935
YHR150W,YPR174C,0,-0.21022804,0.08144796639680862,0.32270917296409607,0.36554622650146484
YDR481C,YEL038W,1,-0.2103074,0.08167881518602371,0.32370516657829285,0.36554622650146484
YMR275C,YEL024W,0,-0.21031226,0.08165828883647919,0.32370516657829285,0.36564627289772034
YGR099W,YOR359W,0,-0.21036446,0.08163777738809586,0.32370516657829285,0.36574628949165344
YDL240W,YEL005C,0,-0.21053441,0.08161728084087372,0.32370516657829285,0.36584633588790894
YPL141C,YGR080W,0,-0.21060361,0.08159678429365158,0.32370516657829285,0.36594638228416443
YLR328W,YPL233W,0,-0.21072719,0.08157630264759064,0.32370516657829285,0.3660464286804199
YJL096W,YGR142W,0,-0.21078385,0.08155583590269089,0.32370516657829285,0.366146445274353
YJL083W,YPL006W,0,-0.21081175,0.08153537660837173,0.32370516657829285,0.3662464916706085
YKL194C,YPL215W,0,-0.21083125,0.08151492476463318,0.32370516657829285,0.366346538066864
YOL126C,YBR065C,0,-0.21087654,0.08149448037147522,0.32370516657829285,0.3664465844631195
YBR043C,YGL111W,0,-0.21089673,0.08147405087947845,0.32370516657829285,0.366546630859375
YLR193C,YMR230W,0,-0.21101362,0.08145363628864288,0.32370516657829285,0.3666466474533081
YDR040C,YJL216C,0,-0.21101512,0.08143322169780731,0.32370516657829285,0.3667466938495636
YNL284C-B,YNL029C,0,-0.21106675,0.08141282200813293,0.32370516657829285,0.3668467402458191
YPR155C,YMR074C,0,-0.211076,0.08139243721961975,0.32370516657829285,0.3669467866420746
YER028C,YDR111C,0,-0.21107888,0.08137205988168716,0.32370516657829285,0.3670468330383301
YDL240W,YDL117W,0,-0.21111317,0.08135168999433517,0.32370516657829285,0.3671468496322632
YPL168W,YML047C,0,-0.21113233,0.08133133500814438,0.32370516657829285,0.3672468960285187
YAL028W,YBR254C,0,-0.21118538,0.08131098002195358,0.32370516657829285,0.36734694242477417
YLR189C,YPL145C,0,-0.21121378,0.08129064738750458,0.32370516657829285,0.36744698882102966
YJL021C,YOR019W,0,-0.21124986,0.08127031475305557,0.32370516657829285,0.36754700541496277
YIL022W,YGR204W,0,-0.21125463,0.08124999701976776,0.32370516657829285,0.36764705181121826
YCL016C,YPL156C,0,-0.21132092,0.08122969418764114,0.32370516657829285,0.36774709820747375
YBR189W,YCL051W,0,-0.21132845,0.08120939880609512,0.32370516657829285,0.36784714460372925
YDR067C,YHR215W,1,-0.21136679,0.08143892139196396,0.324701189994812,0.36784714460372925
YNL317W,YML102W,0,-0.2114316,0.08141858130693436,0.324701189994812,0.36794719099998474
YBL007C,YCR063W,0,-0.21144241,0.08139824867248535,0.324701189994812,0.36804720759391785
YOL011W,YBR268W,0,-0.21145372,0.08137793093919754,0.324701189994812,0.36814725399017334
YKR093W,YPL004C,0,-0.21162228,0.08135762065649033,0.324701189994812,0.36824730038642883
YPL058C,YKL155C,0,-0.21166168,0.0813373252749443,0.324701189994812,0.3683473467826843
YDR129C,YPL175W,0,-0.21170637,0.08131703734397888,0.324701189994812,0.3684473931789398
YKL110C,YGL018C,0,-0.21173637,0.08129675686359406,0.324701189994812,0.3685474097728729
YGR161W-A,YOR357C,0,-0.2118044,0.08127649128437042,0.324701189994812,0.3686474561691284
YDR217C,YER108C,0,-0.21184503,0.08125623315572739,0.324701189994812,0.3687475025653839
YEL019C,YDL223C,0,-0.2119011,0.08123598247766495,0.324701189994812,0.3688475489616394
YHR037W,YER127W,0,-0.21191555,0.0812157467007637,0.324701189994812,0.3689475655555725
YGR254W,YLR017W,0,-0.211944,0.08119551837444305,0.324701189994812,0.369047611951828
YKL048C,YHR106W,0,-0.21204229,0.081175297498703,0.324701189994812,0.3691476583480835
YNL190W,YDR108W,0,-0.21209355,0.08115509152412415,0.324701189994812,0.369247704744339
YDR441C,YGR178C,0,-0.21212594,0.08113489300012589,0.324701189994812,0.3693477511405945
YHR024C,YDL012C,0,-0.2121502,0.08111470192670822,0.324701189994812,0.3694477677345276
YMR286W,YOR259C,0,-0.2121542,0.08109452575445175,0.324701189994812,0.3695478141307831
YNL284C-B,YGL105W,0,-0.21224007,0.08107435703277588,0.324701189994812,0.3696478605270386
YBR107C,YPL075W,0,-0.21225175,0.0810542032122612,0.324701189994812,0.36974790692329407
YBR112C,YNL054W-A,0,-0.21247962,0.08103405684232712,0.324701189994812,0.36984795331954956
YGR097W,YKR052C,0,-0.2125012,0.08101391792297363,0.324701189994812,0.36994796991348267
YAR042W,YHL031C,0,-0.21254389,0.08099378645420074,0.324701189994812,0.37004801630973816
YDL024C,YAR071W,1,-0.21256456,0.0812220573425293,0.3256972134113312,0.37004801630973816
YNL041C,YHR120W,0,-0.21258338,0.08120188862085342,0.3256972134113312,0.37014806270599365
YDR235W,YJR150C,0,-0.2126562,0.08118172734975815,0.3256972134113312,0.37024810910224915
YGL025C,YDL134C,0,-0.2126644,0.08116158097982407,0.3256972134113312,0.37034812569618225
YLR352W,YPL063W,0,-0.21268006,0.08114144206047058,0.3256972134113312,0.37044817209243774
YPL203W,YBR023C,0,-0.21271886,0.08112131059169769,0.3256972134113312,0.37054821848869324
YHR210C,YBR003W,0,-0.21274126,0.081101194024086,0.3256972134113312,0.37064826488494873
YKR078W,YDR528W,0,-0.21275717,0.0810810774564743,0.3256972134113312,0.3707483112812042
YPR158W-B,YBR085W,0,-0.2128759,0.0810609832406044,0.3256972134113312,0.37084832787513733
YPL105C,YHR169W,0,-0.2128782,0.0810408890247345,0.3256972134113312,0.3709483742713928
YBL035C,YBR085W,0,-0.21290112,0.08102080971002579,0.3256972134113312,0.3710484206676483
YOL061W,YIR031C,0,-0.21291684,0.08100074529647827,0.3256972134113312,0.3711484670639038
YNL250W,YDR201W,0,-0.21292378,0.08098068088293076,0.3256972134113312,0.3712485134601593
YLR058C,YPL049C,0,-0.21292901,0.08096063137054443,0.3256972134113312,0.3713485300540924
YOR359W,YOR319W,0,-0.2129595,0.0809405967593193,0.3256972134113312,0.3714485764503479
YGL104C,YJL012C,0,-0.2130047,0.08092056214809418,0.3256972134113312,0.3715486228466034
YOR193W,YDR398W,0,-0.21312301,0.08090054243803024,0.3256972134113312,0.3716486692428589
YDR500C,YGR138C,0,-0.21312803,0.0808805376291275,0.3256972134113312,0.371748685836792
YJL021C,YEL039C,0,-0.21313153,0.08086053282022476,0.3256972134113312,0.3718487322330475
YLR185W,YPL168W,0,-0.21317093,0.08084054291248322,0.3256972134113312,0.371948778629303
YEL019C,YDL123W,0,-0.21317394,0.08082056045532227,0.3256972134113312,0.37204882502555847
YKL145W,YIL038C,0,-0.21320483,0.08080059289932251,0.3256972134113312,0.37214887142181396
YHR139C,YLR382C,0,-0.21326657,0.08078063279390335,0.3256972134113312,0.37224888801574707
YDR399W,YOR259C,0,-0.21333013,0.08076068013906479,0.3256972134113312,0.37234893441200256
YGR211W,YLR200W,0,-0.21346647,0.08074074238538742,0.3256972134113312,0.37244898080825806
YIL069C,YDR246W,0,-0.2134717,0.08072081208229065,0.3256972134113312,0.37254902720451355
YML098W,YHR214C-C,0,-0.21348523,0.08070088922977448,0.3256972134113312,0.37264907360076904
YBR130C,YIL005W,0,-0.21351828,0.0806809738278389,0.3256972134113312,0.37274909019470215
YGL028C,YGL194C,0,-0.21362926,0.08066107332706451,0.3256972134113312,0.37284913659095764
YLR011W,YPL235W,0,-0.21366158,0.08064118027687073,0.3256972134113312,0.37294918298721313
YAL011W,YPL253C,0,-0.21371317,0.08062130212783813,0.3256972134113312,0.37304922938346863
YGL126W,YKR079C,0,-0.2137608,0.08060143142938614,0.3256972134113312,0.37314924597740173
YLR361C,YFR025C,1,-0.21388666,0.080827996134758,0.32669323682785034,0.37314924597740173
YOR320C,YHL035C,0,-0.21391141,0.08080808073282242,0.32669323682785034,0.3732492923736572
YOR191W,YLR409C,0,-0.21392404,0.08078818023204803,0.32669323682785034,0.3733493387699127
YKL191W,YNL318C,0,-0.21395849,0.08076828718185425,0.32669323682785034,0.3734493851661682
YLL018C-A,YDR025W,0,-0.21403956,0.08074840158224106,0.32669323682785034,0.3735494315624237
YLR284C,YGL070C,0,-0.21405412,0.08072852343320847,0.32669323682785034,0.3736494481563568
YLR194C,YBR301W,0,-0.21406682,0.08070866018533707,0.32669323682785034,0.3737494945526123
YIL147C,YDR176W,0,-0.21417324,0.08068880438804626,0.32669323682785034,0.3738495409488678
YNL041C,YBR191W,0,-0.2141851,0.08066896349191666,0.32669323682785034,0.3739495873451233
YNL076W,YPL254W,0,-0.21427839,0.08064913004636765,0.32669323682785034,0.3740496337413788
YHR169W,YHR096C,0,-0.21431634,0.08062930405139923,0.32669323682785034,0.3741496503353119
YHR185C,YIL098C,0,-0.214416,0.08060948550701141,0.32669323682785034,0.3742496967315674
YBR046C,YGR060W,0,-0.21448122,0.08058968186378479,0.32669323682785034,0.3743497431278229
YDL100C,YPR106W,0,-0.21450768,0.08056988567113876,0.32669323682785034,0.37444978952407837
YBR162C,YBR149W,0,-0.21457295,0.08055009692907333,0.32669323682785034,0.3745498061180115
YGL104C,YJL059W,0,-0.21461268,0.0805303230881691,0.32669323682785034,0.37464985251426697
YCR107W,YBR295W,0,-0.21462853,0.08051055669784546,0.32669323682785034,0.37474989891052246
YDR375C,YGR057C,0,-0.21463694,0.08049079775810242,0.32669323682785034,0.37484994530677795
YFL056C,YMR001C,0,-0.21463905,0.08047105371952057,0.32669323682785034,0.37494999170303345
YOR172W,YBL091C,0,-0.21465379,0.08045130968093872,0.32669323682785034,0.37505000829696655
YLR039C,YLR061W,0,-0.21474238,0.08043158054351807,0.32669323682785034,0.37515005469322205
YGL104C,YAL048C,0,-0.21475263,0.0804118663072586,0.32669323682785034,0.37525010108947754
YDR210C-D,YGL139W,0,-0.21476163,0.08039215952157974,0.32669323682785034,0.37535014748573303
YHR096C,YJR052W,0,-0.21478835,0.08037246018648148,0.32669323682785034,0.3754501938819885
YER179W,YIL038C,0,-0.214812,0.0803527683019638,0.32669323682785034,0.37555021047592163
YIL119C,YOR254C,0,-0.21481542,0.08033309131860733,0.32669323682785034,0.3756502568721771
YDR308C,YGR044C,0,-0.21484919,0.08031342178583145,0.32669323682785034,0.3757503032684326
YJR102C,YOR045W,0,-0.21495356,0.08029375970363617,0.32669323682785034,0.3758503496646881
YKL058W,YFR025C,0,-0.21497747,0.08027410507202148,0.32669323682785034,0.3759503662586212
YDR148C,YML061C,0,-0.21510415,0.080254465341568,0.32669323682785034,0.3760504126548767
YLR426W,YCR091W,0,-0.21514554,0.0802348330616951,0.32669323682785034,0.3761504590511322
YOR156C,YOR129C,0,-0.21522817,0.0802152082324028,0.32669323682785034,0.3762505054473877
YKL048C,YLR249W,0,-0.21523641,0.0801955983042717,0.32669323682785034,0.3763505518436432
YNL167C,YPR071W,0,-0.21540387,0.08017599582672119,0.32669323682785034,0.3764505684375763
YOR027W,YNL317W,0,-0.21542253,0.08015640079975128,0.32669323682785034,0.3765506148338318
YGL064C,YJR054W,0,-0.21542297,0.08013682067394257,0.32669323682785034,0.3766506612300873
YGR161C,YLR363C,0,-0.21553166,0.08011724799871445,0.32669323682785034,0.3767507076263428
YGL243W,YGR017W,0,-0.21557342,0.08009768277406693,0.32669323682785034,0.37685075402259827
YPL061W,YBL005W,0,-0.21558852,0.080078125,0.32669323682785034,0.37695077061653137
YDR300C,YLR352W,0,-0.21558931,0.08005858212709427,0.32669323682785034,0.37705081701278687
YGR082W,YDR160W,0,-0.21561985,0.08003904670476913,0.32669323682785034,0.37715086340904236
YDR503C,YOL065C,1,-0.21575181,0.08026348054409027,0.3276892304420471,0.37715086340904236
YCR065W,YML055W,0,-0.21578045,0.08024390041828156,0.3276892304420471,0.37725090980529785
YBR085W,YJR131W,0,-0.21588552,0.08022433519363403,0.3276892304420471,0.37735092639923096
YPL207W,YGR296W,0,-0.21595143,0.08020477741956711,0.3276892304420471,0.37745097279548645
YDR178W,YBR005W,0,-0.21595967,0.08018522709608078,0.3276892304420471,0.37755101919174194
YLR333C,YJL083W,0,-0.21596493,0.08016569167375565,0.3276892304420471,0.37765106558799744
YFR024C,YOR156C,0,-0.21602303,0.08014616370201111,0.3276892304420471,0.37775111198425293
YLL066C,YLL053C,0,-0.21618699,0.08012664318084717,0.3276892304420471,0.37785112857818604
YOL042W,YOR113W,0,-0.21628274,0.08010713756084442,0.3276892304420471,0.37795117497444153
YLR118C,YLR175W,0,-0.21630362,0.08008763194084167,0.3276892304420471,0.378051221370697
YGR193C,YML047C,0,-0.21632178,0.08006814122200012,0.3276892304420471,0.3781512677669525
YLR410W,YDR436W,1,-0.21648918,0.08029197156429291,0.3286852538585663,0.3781512677669525
YBR086C,YJL026W,0,-0.21654908,0.08027243614196777,0.3286852538585663,0.378251314163208
YLR411W,YNL164C,0,-0.21656409,0.08025291562080383,0.3286852538585663,0.3783513307571411
YJR153W,YDR381W,0,-0.21658428,0.08023340255022049,0.3286852538585663,0.3784513771533966
YNL063W,YOR259C,0,-0.21661854,0.08021390438079834,0.3286852538585663,0.3785514235496521
YBR005W,YOL135C,0,-0.21662046,0.08019441366195679,0.3286852538585663,0.3786514699459076
YPL004C,YDL102W,0,-0.21666834,0.08017493039369583,0.3286852538585663,0.3787514865398407
YMR318C,YGL073W,0,-0.21667291,0.08015545457601547,0.3286852538585663,0.3788515329360962
YCR018C,YBR188C,0,-0.21670796,0.08013598620891571,0.3286852538585663,0.3789515793323517
YNL056W,YGR211W,0,-0.21690992,0.08011653274297714,0.3286852538585663,0.3790516257286072
YDR439W,YNL118C,0,-0.21696718,0.08009708672761917,0.3286852538585663,0.37915167212486267
YNL216W,YCL067C,0,-0.21701333,0.0800776481628418,0.3286852538585663,0.3792516887187958
YNL284C-B,YKL077W,0,-0.21705796,0.08005822449922562,0.3286852538585663,0.37935173511505127
YOL132W,YNL132W,0,-0.21725771,0.08003880828619003,0.3286852538585663,0.37945178151130676
YKL110C,YDR365W-A,0,-0.21726051,0.08001939952373505,0.3286852538585663,0.37955182790756226
YFR010W,YJR150C,0,-0.21730725,0.07999999821186066,0.3286852538585663,0.37965187430381775
YEL020W-A,YDR092W,0,-0.21730918,0.07998061180114746,0.3286852538585663,0.37975189089775085
YNL286W,YLR004C,0,-0.21731845,0.07996123284101486,0.3286852538585663,0.37985193729400635
YKR085C,YBR301W,0,-0.21738963,0.07994186133146286,0.3286852538585663,0.37995198369026184
YFR010W,YOR129C,0,-0.21743248,0.07992249727249146,0.3286852538585663,0.38005203008651733
YDR367W,YGR060W,0,-0.21754386,0.07990314811468124,0.3286852538585663,0.38015204668045044
YIL075C,YKR053C,0,-0.2175789,0.07988380640745163,0.3286852538585663,0.38025209307670593
YJR102C,YHR037W,0,-0.2175864,0.07986447215080261,0.3286852538585663,0.3803521394729614
YLL066C,YOR172W,0,-0.21775056,0.07984514534473419,0.3286852538585663,0.3804521858692169
YAL030W,YAL068C,0,-0.2177908,0.07982583343982697,0.3286852538585663,0.3805522322654724
YGL116W,YNL180C,0,-0.21790697,0.07980652898550034,0.3286852538585663,0.3806522488594055
YGR235C,YOL121C,0,-0.21792196,0.0797872319817543,0.3286852538585663,0.380752295255661
YGR161W-A,YML013W,0,-0.21815406,0.07976794987916946,0.3286852538585663,0.3808523416519165
YOR119C,YDR122W,0,-0.21845005,0.07974866777658463,0.3286852538585663,0.380952388048172
YPL228W,YOR090C,1,-0.21849138,0.07997100800275803,0.32968127727508545,0.380952388048172
YMR234W,YOR207C,0,-0.21852677,0.0799516886472702,0.32968127727508545,0.3810524344444275
YDR129C,YCL064C,0,-0.21855682,0.07993238419294357,0.32968127727508545,0.3811524510383606
YMR225C,YLR384C,0,-0.218724,0.07991308718919754,0.32968127727508545,0.3812524974346161
YHR120W,YBR090C-A,0,-0.21875392,0.0798937976360321,0.32968127727508545,0.3813525438308716
YLL014W,YMR035W,0,-0.21881571,0.07987451553344727,0.32968127727508545,0.3814525902271271
YGL190C,YOR155C,1,-0.21884577,0.08009649813175201,0.3306773006916046,0.3814525902271271
YOR090C,YBR092C,1,-0.2188489,0.0803183764219284,0.3316732943058014,0.3814525902271271
YOL096C,YMR050C,0,-0.21895212,0.080299012362957,0.3316732943058014,0.3815526068210602
YML067C,YJL057C,0,-0.21899311,0.08027965575456619,0.3316732943058014,0.3816526532173157
YOR334W,YDR213W,0,-0.21923463,0.08026030659675598,0.3316732943058014,0.38175269961357117
YPL130W,YOR048C,0,-0.21927372,0.08024096488952637,0.3316732943058014,0.38185274600982666
YKL016C,YGR266W,0,-0.21935257,0.08022163063287735,0.3316732943058014,0.38195279240608215
YEL005C,YBR065C,0,-0.21936747,0.08020231127738953,0.3316732943058014,0.38205280900001526
YIL013C,YLR263W,0,-0.21941762,0.0801829993724823,0.3316732943058014,0.38215285539627075
YNL032W,YHR046C,1,-0.21944183,0.08040443062782288,0.33266931772232056,0.38215285539627075
YPL140C,YKR100C,0,-0.21945597,0.08038508147001266,0.33266931772232056,0.38225290179252625
YFR024C,YJL003W,0,-0.21952018,0.08036573976278305,0.33266931772232056,0.38235294818878174
YDR210C-D,YNR055C,0,-0.2195283,0.08034640550613403,0.33266931772232056,0.38245299458503723
YJL089W,YHL021C,0,-0.21959908,0.08032707870006561,0.33266931772232056,0.38255301117897034
YPR095C,YLR466W,0,-0.21961041,0.08030776679515839,0.33266931772232056,0.38265305757522583
YJL012C,YMR275C,0,-0.21979837,0.08028846234083176,0.33266931772232056,0.3827531039714813
YPR105C,YGR030C,0,-0.21987152,0.08026916533708572,0.33266931772232056,0.3828531503677368
YML013W,YCR035C,0,-0.21987888,0.08024988323450089,0.33266931772232056,0.3829531669616699
YNR048W,YDR434W,0,-0.2198842,0.08023060113191605,0.33266931772232056,0.3830532133579254
YGL167C,YLR017W,0,-0.21990359,0.0802113339304924,0.33266931772232056,0.3831532597541809
YDR300C,YGL151W,0,-0.21996559,0.08019207417964935,0.33266931772232056,0.3832533061504364
YMR277W,YLR345W,1,-0.22001636,0.0804128646850586,0.3336653411388397,0.3832533061504364
YLR259C,YML047C,0,-0.22007239,0.08039356768131256,0.3336653411388397,0.3833533525466919
YKL152C,YIR026C,1,-0.22007975,0.08061420172452927,0.3346613645553589,0.3833533525466919
YDL072C,YBR107C,0,-0.22014658,0.08059486746788025,0.3346613645553589,0.383453369140625
YLR247C,YLR337C,0,-0.22014771,0.08057554066181183,0.3346613645553589,0.3835534155368805
YPL133C,YMR322C,0,-0.22048977,0.080556221306324,0.3346613645553589,0.383653461933136
YAL048C,YML016C,0,-0.22074458,0.08053690940141678,0.3346613645553589,0.3837535083293915
YOL135C,YML061C,0,-0.22074614,0.08051761239767075,0.3346613645553589,0.383853554725647
YIL022W,YMR040W,0,-0.22076769,0.08049832284450531,0.3346613645553589,0.3839535713195801
YBR279W,YDR439W,0,-0.22080337,0.08047904074192047,0.3346613645553589,0.38405361771583557
YOR247W,YDR078C,0,-0.22082502,0.08045977354049683,0.3346613645553589,0.38415366411209106
YBR189W,YHR073W,0,-0.22086103,0.08044050633907318,0.3346613645553589,0.38425371050834656
YBR029C,YDR384C,0,-0.221015,0.08042125403881073,0.3346613645553589,0.38435372710227966
YEL019C,YGR007W,0,-0.22103219,0.08040200918912888,0.3346613645553589,0.38445377349853516
YLR102C,YHR214C-C,0,-0.2211556,0.08038277179002762,0.3346613645553589,0.38455381989479065
YHR154W,YLR001C,0,-0.22116368,0.08036354929208755,0.3346613645553589,0.38465386629104614
YDR129C,YMR149W,0,-0.22116812,0.08034433424472809,0.3346613645553589,0.38475391268730164
YPL140C,YGL226W,0,-0.22123821,0.08032512664794922,0.3346613645553589,0.38485392928123474
YLR061W,YDR316W-B,0,-0.22127973,0.08030592650175095,0.3346613645553589,0.38495397567749023
YOL023W,YNL294C,0,-0.22129892,0.08028674125671387,0.3346613645553589,0.3850540220737457
YJR120W,YIL096C,0,-0.22133978,0.08026755601167679,0.3346613645553589,0.3851540684700012
YNL032W,YJR110W,1,-0.22136316,0.0804872214794159,0.33565735816955566,0.3851540684700012
YOR380W,YLL018C-A,0,-0.22138062,0.08046800643205643,0.33565735816955566,0.3852541148662567
YOL020W,YPL221W,0,-0.22141622,0.08044879138469696,0.33565735816955566,0.3853541314601898
YDR004W,YPR068C,0,-0.22152755,0.08042959123849869,0.33565735816955566,0.3854541778564453
YOR177C,YPR141C,0,-0.22153734,0.08041040599346161,0.33565735816955566,0.3855542242527008
YGL085W,YHR020W,0,-0.22158039,0.08039122074842453,0.33565735816955566,0.3856542706489563
YOR380W,YER040W,0,-0.22158611,0.08037205040454865,0.33565735816955566,0.3857542872428894
YHL003C,YNL118C,0,-0.22174121,0.08035288751125336,0.33565735816955566,0.3858543336391449
YPR154W,YHR079C-B,0,-0.22178362,0.08033373206853867,0.33565735816955566,0.3859543800354004
YBL080C,YOR334W,0,-0.2217851,0.08031458407640457,0.33565735816955566,0.3860544264316559
YBL031W,YLR352W,0,-0.22181726,0.08029545098543167,0.33565735816955566,0.3861544728279114
YLR277C,YDL100C,0,-0.22186454,0.08027632534503937,0.33565735816955566,0.3862544894218445
YNL318C,YPL176C,0,-0.22191276,0.08025720715522766,0.33565735816955566,0.3863545358181
YGR181W,YNL133C,0,-0.22205766,0.08023809641599655,0.33565735816955566,0.38645458221435547
YFR024C-A,YHR210C,0,-0.2223378,0.08021899312734604,0.33565735816955566,0.38655462861061096
YMR048W,YPL234C,0,-0.22237207,0.08019990473985672,0.33565735816955566,0.38665467500686646
YIL036W,YHR108W,0,-0.2225992,0.080180823802948,0.33565735816955566,0.38675469160079956
YIL056W,YKR088C,0,-0.22266392,0.08016175031661987,0.33565735816955566,0.38685473799705505
YKL006C-A,YGR005C,0,-0.22266458,0.08014268428087234,0.33565735816955566,0.38695478439331055
YER063W,YHR113W,0,-0.22268516,0.08012363314628601,0.33565735816955566,0.38705483078956604
YDR284C,YDL047W,1,-0.22271274,0.08034228533506393,0.33665338158607483,0.38705483078956604
YIL019W,YGL142C,0,-0.22272728,0.08032319694757462,0.33665338158607483,0.38715484738349915
YLR382C,YMR149W,0,-0.2227457,0.0803041085600853,0.33665338158607483,0.38725489377975464
YJL216C,YIR026C,0,-0.22289929,0.08028503507375717,0.33665338158607483,0.38735494017601013
YOR109W,YMR153W,0,-0.22294196,0.08026596903800964,0.33665338158607483,0.3874549865722656
YIL030C,YOL012C,0,-0.22301744,0.08024691045284271,0.33665338158607483,0.3875550329685211
YPR161C,YOL121C,0,-0.22303502,0.08022786676883698,0.33665338158607483,0.3876550495624542
YJL089W,YNL068C,0,-0.22315691,0.08020883053541183,0.33665338158607483,0.3877550959587097
YNL328C,YPL176C,0,-0.22331157,0.08018980175256729,0.33665338158607483,0.3878551423549652
YDR041W,YJR050W,0,-0.2234023,0.08017078042030334,0.33665338158607483,0.3879551887512207
YDR280W,YKL192C,0,-0.22347157,0.08015176653862,0.33665338158607483,0.3880552351474762
YDR150W,YLR017W,0,-0.2234941,0.08013276755809784,0.33665338158607483,0.3881552517414093
YDL243C,YKR034W,0,-0.22350295,0.08011376857757568,0.33665338158607483,0.3882552981376648
YOR316C,YKL060C,0,-0.22351086,0.08009478449821472,0.33665338158607483,0.3883553445339203
YMR205C,YML047C,0,-0.22351539,0.08007580786943436,0.33665338158607483,0.3884553909301758
YML067C,YKR027W,0,-0.2235375,0.08005684614181519,0.33665338158607483,0.3885554075241089
YNL123W,YBL005W,0,-0.2235439,0.08003788441419601,0.33665338158607483,0.3886554539203644
YHR046C,YMR087W,1,-0.22355773,0.08025567978620529,0.337649405002594,0.3886554539203644
YBR208C,YNR030W,0,-0.22358195,0.08023668825626373,0.337649405002594,0.3887555003166199
YLR185W,YNL081C,0,-0.22367908,0.08021769672632217,0.337649405002594,0.38885554671287537
YHR204W,YER143W,0,-0.22368489,0.08019872009754181,0.337649405002594,0.38895559310913086
YGL104C,YJR054W,0,-0.22373521,0.08017975091934204,0.337649405002594,0.38905560970306396
YIL064W,YFR038W,0,-0.22374554,0.08016079664230347,0.337649405002594,0.38915565609931946
YMR156C,YHR046C,1,-0.22382605,0.08037824928760529,0.33864542841911316,0.38915565609931946
YDL113C,YBR301W,0,-0.2239647,0.08035925030708313,0.33864542841911316,0.38925570249557495
YNL056W,YBR089C-A,0,-0.22407416,0.08034026622772217,0.33864542841911316,0.38935574889183044
YOL020W,YKL054C,0,-0.22422577,0.0803212821483612,0.33864542841911316,0.38945579528808594
YHL011C,YJR050W,0,-0.2242729,0.08030231297016144,0.33864542841911316,0.38955581188201904
YKL129C,YNL247W,0,-0.22433585,0.08028335124254227,0.33864542841911316,0.38965585827827454
YDR160W,YER139C,0,-0.2244779,0.08026439696550369,0.33864542841911316,0.38975590467453003
YDR377W,YFL011W,0,-0.2247913,0.08024545758962631,0.33864542841911316,0.3898559510707855
YCL016C,YKR072C,0,-0.22480296,0.08022652566432953,0.33864542841911316,0.38995596766471863
YAL002W,YBR023C,0,-0.22501737,0.08020759373903275,0.33864542841911316,0.3900560140609741
YBR049C,YGR044C,0,-0.22501908,0.08018867671489716,0.33864542841911316,0.3901560604572296
YBR248C,YDL139C,0,-0.22508223,0.08016977459192276,0.33864542841911316,0.3902561068534851
YHR110W,YKR072C,0,-0.22520714,0.08015087246894836,0.33864542841911316,0.3903561532497406
YAL007C,YMR207C,0,-0.22522654,0.08013198524713516,0.33864542841911316,0.3904561698436737
YHR154W,YBR168W,0,-0.22522925,0.08011309802532196,0.33864542841911316,0.3905562162399292
YER177W,YER023W,0,-0.2252708,0.08009422570466995,0.33864542841911316,0.3906562626361847
YPR008W,YCL068C,0,-0.22532973,0.08007536828517914,0.33864542841911316,0.3907563090324402
YLR239C,YNL029C,0,-0.22536518,0.08005651086568832,0.33864542841911316,0.3908563554286957
YPL210C,YDR028C,0,-0.22536989,0.0800376683473587,0.33864542841911316,0.3909563720226288
YPL100W,YMR091C,0,-0.22541621,0.08001882582902908,0.33864542841911316,0.3910564184188843
YIL120W,YLR435W,0,-0.2254185,0.07999999821186066,0.33864542841911316,0.39115646481513977
YKL048C,YLR067C,0,-0.22543013,0.07998117804527283,0.33864542841911316,0.39125651121139526
YOR250C,YER143W,0,-0.22550027,0.07996237277984619,0.33864542841911316,0.39135652780532837
YNL029C,YNL278W,0,-0.22570468,0.07994356751441956,0.33864542841911316,0.39145657420158386
YML127W,YIL043C,0,-0.22580987,0.07992477715015411,0.33864542841911316,0.39155662059783936
YPR106W,YDR243C,0,-0.22581415,0.07990599423646927,0.33864542841911316,0.39165666699409485
YPR199C,YOL051W,0,-0.2258465,0.07988721877336502,0.33864542841911316,0.39175671339035034
YEL024W,YLR352W,0,-0.22585931,0.07986845076084137,0.33864542841911316,0.39185672998428345
YKL063C,YLR460C,0,-0.2259155,0.07984969764947891,0.33864542841911316,0.39195677638053894
YGL189C,YGL198W,0,-0.22595303,0.07983094453811646,0.33864542841911316,0.39205682277679443
YLR194C,YJL083W,0,-0.22595711,0.07981220632791519,0.33864542841911316,0.3921568691730499
YER100W,YNL020C,0,-0.22598454,0.07979347556829453,0.33864542841911316,0.3922569155693054
YJR048W,YIL167W,0,-0.2259977,0.07977475225925446,0.33864542841911316,0.3923569321632385
YMR243C,YNR052C,0,-0.22600882,0.07975604385137558,0.33864542841911316,0.392456978559494
YFL056C,YDR361C,0,-0.226059,0.0797373354434967,0.33864542841911316,0.3925570249557495
YBL063W,YLR435W,0,-0.22608308,0.07971864193677902,0.33864542841911316,0.392657071352005
YLR409C,YFR049W,0,-0.22612424,0.07969995588064194,0.33864542841911316,0.3927570879459381
YIL137C,YER127W,0,-0.22616145,0.07968127727508545,0.33864542841911316,0.3928571343421936
YOL020W,YBR279W,0,-0.22626333,0.07966260612010956,0.33864542841911316,0.3929571807384491
YLL016W,YBL063W,0,-0.22634001,0.07964394241571426,0.33864542841911316,0.3930572271347046
YDL093W,YOL096C,0,-0.22640863,0.07962529361248016,0.33864542841911316,0.3931572735309601
YPR199C,YJL168C,0,-0.22641535,0.07960665225982666,0.33864542841911316,0.3932572901248932
YGR123C,YER089C,1,-0.22643065,0.0798221006989479,0.33964142203330994,0.3932572901248932
YER089C,YOL065C,1,-0.22647078,0.0800374448299408,0.3406374454498291,0.3932572901248932
YBR046C,YDR323C,0,-0.22652498,0.08001872152090073,0.3406374454498291,0.3933573365211487
YGL092W,YJL001W,0,-0.22656915,0.07999999821186066,0.3406374454498291,0.3934573829174042
YJR117W,YIL037C,0,-0.22658154,0.07998128980398178,0.3406374454498291,0.39355742931365967
YER155C,YMR242C,0,-0.22659218,0.0799625888466835,0.3406374454498291,0.39365747570991516
YML081W,YBR181C,0,-0.2266076,0.07994389533996582,0.3406374454498291,0.39375749230384827
YNL217W,YDL047W,1,-0.22676058,0.08015891909599304,0.34163346886634827,0.39375749230384827
YGR296W,YJL001W,0,-0.22677448,0.08014018833637238,0.34163346886634827,0.39385753870010376
YGR099W,YFR024C-A,0,-0.22692542,0.0801214650273323,0.34163346886634827,0.39395758509635925
YER139C,YHR037W,0,-0.22695391,0.08010275661945343,0.34163346886634827,0.39405763149261475
YDL188C,YJL134W,1,-0.22698243,0.08031753450632095,0.34262949228286743,0.39405763149261475
YHR122W,YNL054W-A,0,-0.22699597,0.08029878884553909,0.34262949228286743,0.39415767788887024
YHR120W,YNL029C,0,-0.2270118,0.08028004318475723,0.34262949228286743,0.39425769448280334
YER179W,YDR517W,0,-0.22707109,0.08026131242513657,0.34262949228286743,0.39435774087905884
YNL051W,YHR142W,0,-0.22712171,0.0802425965666771,0.34262949228286743,0.39445778727531433
YDL113C,YGR094W,0,-0.22713059,0.08022388070821762,0.34262949228286743,0.3945578336715698
YER031C,YFR050C,0,-0.22723411,0.08020517975091934,0.34262949228286743,0.39465785026550293
YOR011W,YOR113W,0,-0.22724247,0.08018647879362106,0.34262949228286743,0.3947578966617584
YMR130W,YNL010W,1,-0.2272598,0.08040083944797516,0.3436254858970642,0.3947578966617584
YNL194C,YPL145C,0,-0.22729124,0.08038210868835449,0.3436254858970642,0.3948579430580139
YMR207C,YKL196C,0,-0.22733754,0.08036338537931442,0.3436254858970642,0.3949579894542694
YJL180C,YDR025W,0,-0.2274399,0.08034466952085495,0.3436254858970642,0.3950580358505249
YMR277W,YCR079W,1,-0.22753665,0.08055879175662994,0.3446215093135834,0.3950580358505249
YJR073C,YER063W,0,-0.22764309,0.08054003864526749,0.3446215093135834,0.395158052444458
YGR005C,YHR190W,0,-0.2276545,0.08052129298448563,0.3446215093135834,0.3952580988407135
YOR357C,YOR271C,0,-0.22768426,0.08050256222486496,0.3446215093135834,0.395358145236969
YDL091C,YHR024C,0,-0.22777243,0.0804838314652443,0.3446215093135834,0.3954581916332245
YCL068C,YNL041C,0,-0.22785544,0.08046511560678482,0.3446215093135834,0.39555823802948
YAL011W,YJL026W,0,-0.2279561,0.08044640719890594,0.3446215093135834,0.3956582546234131
YNR038W,YDL123W,0,-0.22812663,0.08042770624160767,0.3446215093135834,0.3957583010196686
YDR325W,YER102W,0,-0.22816353,0.08040902018547058,0.3446215093135834,0.3958583474159241
YHR146W,YMR002W,0,-0.22826076,0.0803903341293335,0.3446215093135834,0.39595839381217957
YIL119C,YBR023C,0,-0.22829522,0.0803716629743576,0.3446215093135834,0.39605841040611267
YIL156W,YOR049C,0,-0.22835271,0.08035299926996231,0.3446215093135834,0.39615845680236816
YMR180C,YCR079W,1,-0.22840191,0.08056651800870895,0.34561753273010254,0.39615845680236816
YPR114W,YBL025W,0,-0.22843193,0.08054781705141068,0.34561753273010254,0.39625850319862366
YPL169C,YER044C-A,0,-0.22845013,0.080529123544693,0.34561753273010254,0.39635854959487915
YAL016W,YKL212W,1,-0.22845982,0.08074245601892471,0.3466135561466217,0.39635854959487915
YMR156C,YMR261C,1,-0.22859038,0.08095569163560867,0.3476095497608185,0.39635854959487915
YBL008W,YIL005W,0,-0.22863616,0.08093692362308502,0.3476095497608185,0.39645859599113464
YFR016C,YPR007C,0,-0.2286395,0.08091815561056137,0.3476095497608185,0.39655861258506775
YJR150C,YNL164C,0,-0.22879305,0.08089939504861832,0.3476095497608185,0.39665865898132324
YMR318C,YNR037C,0,-0.22880329,0.08088064938783646,0.3476095497608185,0.39675870537757874
YML101C,YGR030C,0,-0.22883743,0.08086191117763519,0.3476095497608185,0.39685875177383423
YOR019W,YCL064C,0,-0.2288835,0.08084318041801453,0.3476095497608185,0.3969587981700897
YKL134C,YGL226W,0,-0.22896437,0.08082445710897446,0.3476095497608185,0.3970588147640228
YNL190W,YOL012C,0,-0.22906934,0.08080574125051498,0.3476095497608185,0.3971588611602783
YIL022W,YNL048W,0,-0.22925784,0.0807870402932167,0.3476095497608185,0.3972589075565338
YDR407C,YPL075W,0,-0.22928229,0.08076833933591843,0.3476095497608185,0.3973589539527893
YHR204W,YER108C,0,-0.22935957,0.08074965327978134,0.3476095497608185,0.3974589705467224
YGL025C,YHR169W,0,-0.22939356,0.08073097467422485,0.3476095497608185,0.3975590169429779
YHR165C,YJL196C,0,-0.22945537,0.08071230351924896,0.3476095497608185,0.3976590633392334
YNL221C,YGR004W,0,-0.22952719,0.08069363981485367,0.3476095497608185,0.3977591097354889
YDR481C,YNL099C,1,-0.22954096,0.08090614527463913,0.34860557317733765,0.3977591097354889
YPL209C,YPL161C,0,-0.2295925,0.08088745176792145,0.34860557317733765,0.3978591561317444
YGL070C,YNL181W,0,-0.22965087,0.08086875826120377,0.34860557317733765,0.3979591727256775
YDR303C,YLR337C,0,-0.22971854,0.08085007965564728,0.34860557317733765,0.398059219121933
YPL140C,YDR160W,0,-0.22972827,0.08083140850067139,0.34860557317733765,0.3981592655181885
YJR110W,YDL047W,1,-0.22974035,0.08104363828897476,0.3496015965938568,0.3981592655181885
YJL094C,YNL278W,0,-0.22981013,0.08102492988109589,0.3496015965938568,0.39825931191444397
YMR055C,YCR091W,0,-0.22984158,0.08100622892379761,0.3496015965938568,0.39835935831069946
YPL120W,YCR106W,0,-0.22987552,0.08098754286766052,0.3496015965938568,0.39845937490463257
YOR267C,YPR068C,0,-0.2299472,0.08096885681152344,0.3496015965938568,0.39855942130088806
YLR377C,YPL203W,0,-0.23007001,0.08095018565654755,0.3496015965938568,0.39865946769714355
YJL089W,YER060W,0,-0.23013152,0.08093152195215225,0.3496015965938568,0.39875951409339905
YNL051W,YDR178W,0,-0.23029803,0.08091286569833755,0.3496015965938568,0.39885953068733215
YBR211C,YLR215C,0,-0.23033033,0.08089421689510345,0.3496015965938568,0.39895957708358765
YHR146W,YPL097W,0,-0.23037755,0.08087557554244995,0.3496015965938568,0.39905962347984314
YPL004C,YPR131C,0,-0.23043163,0.08085694909095764,0.3496015965938568,0.39915966987609863
YJL167W,YPL239W,0,-0.23047209,0.08083832263946533,0.3496015965938568,0.3992597162723541
YFR010W,YJL013C,0,-0.23049037,0.08081971108913422,0.3496015965938568,0.39935973286628723
YBR101C,YGL127C,0,-0.230512,0.0808011069893837,0.3496015965938568,0.3994597792625427
YOL012C,YKR052C,0,-0.23054118,0.08078251034021378,0.3496015965938568,0.3995598256587982
YKL026C,YDR111C,0,-0.23054247,0.08076392114162445,0.3496015965938568,0.3996598720550537
YBR268W,YHR106W,0,-0.2306268,0.08074533939361572,0.3496015965938568,0.3997599184513092
YDL113C,YPL179W,0,-0.23063157,0.08072677254676819,0.3496015965938568,0.3998599350452423
YML127W,YCR038C,0,-0.2308105,0.08070820569992065,0.3496015965938568,0.3999599814414978
YER060W-A,YPR133C,0,-0.23082578,0.08068965375423431,0.3496015965938568,0.4000600278377533
YPR073C,YMR180C,1,-0.23088439,0.08090094476938248,0.350597620010376,0.4000600278377533
YLL024C,YGL167C,0,-0.23100413,0.08088235557079315,0.350597620010376,0.4001600742340088
YGR253C,YJL179W,0,-0.23101456,0.08086377382278442,0.350597620010376,0.4002600908279419
YDL081C,YKL062W,0,-0.23104773,0.08084519952535629,0.350597620010376,0.4003601372241974
YJR049C,YKL058W,0,-0.2310992,0.08082663267850876,0.350597620010376,0.4004601836204529
YBR101C,YGL092W,0,-0.231166,0.08080808073282242,0.350597620010376,0.4005602300167084
YLL018C-A,YPL058C,0,-0.23127653,0.08078953623771667,0.350597620010376,0.40066027641296387
YOR267C,YKL081W,0,-0.23128656,0.08077099919319153,0.350597620010376,0.400760293006897
YHR096C,YLR435W,0,-0.23138884,0.08075246959924698,0.350597620010376,0.40086033940315247
YNL059C,YBR181C,0,-0.23141856,0.08073394745588303,0.350597620010376,0.40096038579940796
YCR086W,YKR083C,0,-0.23141962,0.08071543276309967,0.350597620010376,0.40106043219566345
YLR390W-A,YDL149W,0,-0.23150973,0.08069692552089691,0.350597620010376,0.40116047859191895
YGL096W,YDR105C,0,-0.23156314,0.08067843317985535,0.350597620010376,0.40126049518585205
YDR188W,YLR058C,0,-0.23156434,0.08065994828939438,0.350597620010376,0.40136054158210754
YPL228W,YIL113W,1,-0.23160087,0.08087056130170822,0.35159361362457275,0.40136054158210754
YNL263C,YKR053C,0,-0.23162079,0.08085203915834427,0.35159361362457275,0.40146058797836304
YML098W,YOR195W,0,-0.23162554,0.08083352446556091,0.35159361362457275,0.40156063437461853
YLR277C,YOR110W,0,-0.23164903,0.08081501722335815,0.35159361362457275,0.40166065096855164
YML016C,YJR110W,1,-0.23165604,0.08102540671825409,0.3525896370410919,0.40166065096855164
YBR094W,YMR125W,0,-0.23166041,0.08100686222314835,0.3525896370410919,0.40176069736480713
YPL001W,YNR059W,0,-0.23175903,0.0809883326292038,0.3525896370410919,0.4018607437610626
YHL050C,YDL031W,0,-0.23180637,0.08096981048583984,0.3525896370410919,0.4019607901573181
YBR169C,YLR181C,0,-0.23184653,0.08095128834247589,0.3525896370410919,0.4020608365535736
YOL122C,YOR079C,0,-0.23187853,0.08093278110027313,0.3525896370410919,0.4021608531475067
YKR053C,YCR044C,0,-0.23188812,0.08091428875923157,0.3525896370410919,0.4022608995437622
YKR064W,YLL006W,0,-0.2318938,0.08089579641819,0.3525896370410919,0.4023609459400177
YOR119C,YOL052C-A,0,-0.2319545,0.08087731152772903,0.3525896370410919,0.4024609923362732
YHR214W,YGL096W,0,-0.23197304,0.08085884153842926,0.3525896370410919,0.4025610387325287
YMR175W,YCL067C,0,-0.23198575,0.08084037154912949,0.3525896370410919,0.4026610553264618
YER179W,YJR052W,0,-0.23207013,0.0808219164609909,0.3525896370410919,0.4027611017227173
YGL063W,YER028C,0,-0.23208272,0.08080346882343292,0.3525896370410919,0.4028611481189728
YGR235C,YOR158W,0,-0.2322486,0.08078502863645554,0.3525896370410919,0.40296119451522827
YDR111C,YAL068C,0,-0.23240109,0.08076659590005875,0.3525896370410919,0.4030612111091614
YPR071W,YIL018W,0,-0.23250295,0.08074817806482315,0.3525896370410919,0.40316125750541687
YNL180C,YDL119C,0,-0.23252954,0.08072976022958755,0.3525896370410919,0.40326130390167236
YLR185W,YDR212W,0,-0.23257427,0.08071135729551315,0.3525896370410919,0.40336135029792786
YGR202C,YDR399W,0,-0.23259269,0.08069295436143875,0.3525896370410919,0.40346139669418335
YDR398W,YBL100W-B,0,-0.23262492,0.08067456632852554,0.3525896370410919,0.40356141328811646
YNR048W,YDR395W,0,-0.23265646,0.08065618574619293,0.3525896370410919,0.40366145968437195
YDR212W,YBR189W,0,-0.23266415,0.08063781261444092,0.3525896370410919,0.40376150608062744
YHR006W,YOR136W,0,-0.23270522,0.0806194469332695,0.3525896370410919,0.40386155247688293
YMR318C,YPR037C,0,-0.23276894,0.08060109615325928,0.3525896370410919,0.4039615988731384
YNL137C,YDR165W,0,-0.2328315,0.08058274537324905,0.3525896370410919,0.40406161546707153
YML041C,YLR143W,0,-0.23286237,0.08056440949440002,0.3525896370410919,0.404161661863327
YJL186W,YGR161C-D,0,-0.23288381,0.080546073615551,0.3525896370410919,0.4042617082595825
YBR233W-A,YCR024C,0,-0.23301168,0.08052775263786316,0.3525896370410919,0.404361754655838
YDR372C,YLR328W,0,-0.23309207,0.08050943911075592,0.3525896370410919,0.4044617712497711
YNL031C,YKL150W,0,-0.2330939,0.08049113303422928,0.3525896370410919,0.4045618176460266
YML011C,YDL220C,0,-0.2331027,0.08047283440828323,0.3525896370410919,0.4046618640422821
YNL103W,YGL231C,0,-0.23317218,0.08045454323291779,0.3525896370410919,0.4047619104385376
YKR053C,YER041W,0,-0.2331799,0.08043626695871353,0.3525896370410919,0.4048619568347931
YGL053W,YGL049C,0,-0.2332679,0.08041799068450928,0.3525896370410919,0.4049619734287262
YBR114W,YER139C,0,-0.23330277,0.08039972931146622,0.3525896370410919,0.4050620198249817
YDR515W,YLR001C,0,-0.23331743,0.08038146793842316,0.3525896370410919,0.4051620662212372
YJL069C,YCR063W,0,-0.23331968,0.08036322146654129,0.3525896370410919,0.4052621126174927
YML101C,YDR098C,0,-0.23339726,0.08034498244524002,0.3525896370410919,0.40536215901374817
YMR205C,YKL054C,0,-0.23352255,0.08032675087451935,0.3525896370410919,0.4054621756076813
YOR264W,YDR528W,0,-0.23354034,0.08030852675437927,0.3525896370410919,0.40556222200393677
YPR055W,YOL078W,0,-0.23355824,0.08029031753540039,0.3525896370410919,0.40566226840019226
YLL024C,YEL001C,0,-0.23357631,0.08027210831642151,0.3525896370410919,0.40576231479644775
YJL167W,YLR313C,0,-0.23372722,0.08025391399860382,0.3525896370410919,0.40586233139038086
YBL007C,YPR007C,0,-0.2338676,0.08023571968078613,0.3525896370410919,0.40596237778663635
YOR191W,YBR188C,0,-0.23399347,0.08021754026412964,0.3525896370410919,0.40606242418289185
YPL215W,YIL069C,0,-0.23405008,0.08019936829805374,0.3525896370410919,0.40616247057914734
YBR092C,YNL325C,1,-0.23407844,0.08040770143270493,0.3535856604576111,0.40616247057914734
YBR279W,YDR111C,0,-0.23413172,0.08038949221372604,0.3535856604576111,0.40626251697540283
YLL018C,YKR079C,0,-0.23416086,0.08037129044532776,0.3535856604576111,0.40636253356933594
YPL105C,YEL019C,0,-0.23420854,0.08035310357809067,0.3535856604576111,0.40646257996559143
YOR266W,YNR052C,0,-0.23434101,0.08033491671085358,0.3535856604576111,0.4065626263618469
YOR045W,YOR068C,0,-0.23439972,0.08031674474477768,0.3535856604576111,0.4066626727581024
YNL288W,YER129W,0,-0.23440224,0.08029857277870178,0.3535856604576111,0.4067627191543579
YAL002W,YNL025C,0,-0.23466396,0.08028041571378708,0.3535856604576111,0.406862735748291
YER155C,YOL116W,0,-0.23476258,0.08026226609945297,0.3535856604576111,0.4069627821445465
YLR093C,YDR437W,0,-0.234794,0.08024412393569946,0.3535856604576111,0.407062828540802
YFR027W,YOR136W,0,-0.23487341,0.08022598922252655,0.3535856604576111,0.4071628749370575
YBR268W,YPR068C,0,-0.23488612,0.08020786195993423,0.3535856604576111,0.4072628915309906
YHL031C,YNL251C,0,-0.23494841,0.08018974214792252,0.3535856604576111,0.4073629379272461
YOR091W,YIL014W,0,-0.23496702,0.08017163723707199,0.3535856604576111,0.4074629843235016
YPL138C,YOR156C,0,-0.23506479,0.08015353232622147,0.3535856604576111,0.4075630307197571
YIL002C,YHR076W,1,-0.23522264,0.08036117255687714,0.35458168387413025,0.4075630307197571
YOR319W,YAL026C,0,-0.23525958,0.08034303784370422,0.35458168387413025,0.4076630771160126
YGL096W,YLL021W,0,-0.23530753,0.08032491058111191,0.35458168387413025,0.4077630937099457
YBR005W,YPR141C,0,-0.23551397,0.08030679076910019,0.35458168387413025,0.40786314010620117
YOR380W,YKL039W,0,-0.23559065,0.08028867840766907,0.35458168387413025,0.40796318650245667
YOR383C,YIL144W,0,-0.23559368,0.08027057349681854,0.35458168387413025,0.40806323289871216
YDR145W,YOR156C,0,-0.23566426,0.08025247603654861,0.35458168387413025,0.40816327929496765
YER062C,YGL243W,0,-0.2357279,0.08023439347743988,0.35458168387413025,0.40826329588890076
YOL121C,YDR469W,0,-0.23574927,0.08021631091833115,0.35458168387413025,0.40836334228515625
YER031C,YKL194C,0,-0.23578832,0.0801982432603836,0.35458168387413025,0.40846338868141174
YBR295W,YOR335C,0,-0.23586373,0.08018018305301666,0.35458168387413025,0.40856343507766724
YDR516C,YDR437W,0,-0.23604335,0.08016212284564972,0.35458168387413025,0.40866345167160034
YER063W,YKR079C,0,-0.23608328,0.08014407753944397,0.35458168387413025,0.40876349806785583
YGL073W,YOR258W,0,-0.23618315,0.08012603968381882,0.35458168387413025,0.40886354446411133
YML016C,YLR068W,0,-0.23624103,0.08010800927877426,0.35458168387413025,0.4089635908603668
YBR003W,YKL060C,0,-0.23629622,0.0800899863243103,0.35458168387413025,0.4090636372566223
YIL036W,YHR110W,0,-0.23638389,0.08007197827100754,0.35458168387413025,0.4091636538505554
YER159C,YGL127C,0,-0.23638828,0.08005397021770477,0.35458168387413025,0.4092637002468109
YOR247W,YBR131W,0,-0.23657249,0.0800359696149826,0.35458168387413025,0.4093637466430664
YPL130W,YHR149C,0,-0.23658188,0.08001798391342163,0.35458168387413025,0.4094637930393219
YOL012C,YPL176C,0,-0.23659799,0.07999999821186066,0.35458168387413025,0.4095638394355774
YDR028C,YMR035W,0,-0.23690335,0.07998202741146088,0.35458168387413025,0.4096638560295105
YLR001C,YPL018W,0,-0.23692445,0.0799640640616417,0.35458168387413025,0.409763902425766
YER023W,YDR359C,0,-0.23692778,0.07994610071182251,0.35458168387413025,0.4098639488220215
YKL054C,YNL216W,0,-0.23694071,0.07992815226316452,0.35458168387413025,0.409963995218277
YBR218C,YHR133C,0,-0.2369653,0.07991021126508713,0.35458168387413025,0.4100640118122101
YBR005W,YGR161C,0,-0.23701744,0.07989227771759033,0.35458168387413025,0.4101640582084656
YJL110C,YMR220W,0,-0.23706555,0.07987435162067413,0.35458168387413025,0.41026410460472107
YGL076C,YPL178W,0,-0.23707844,0.07985644042491913,0.35458168387413025,0.41036415100097656
YGR178C,YML076C,0,-0.23713052,0.07983852922916412,0.35458168387413025,0.41046419739723206
YML092C,YDR300C,0,-0.23716749,0.07982062548398972,0.35458168387413025,0.41056421399116516
YGR193C,YDR217C,0,-0.23718591,0.0798027366399765,0.35458168387413025,0.41066426038742065
YFL061W,YJR049C,0,-0.23727553,0.07978484779596329,0.35458168387413025,0.41076430678367615
YDL188C,YOL064C,1,-0.23728226,0.07999103516340256,0.355577677488327,0.41076430678367615
YHR108W,YOL009C,0,-0.23729353,0.07997311651706696,0.355577677488327,0.41086435317993164
YIR004W,YER167W,0,-0.23730718,0.07995520532131195,0.355577677488327,0.41096439957618713
YOR136W,YDL012C,0,-0.23749822,0.07993730157613754,0.355577677488327,0.41106441617012024
YLR093C,YNL029C,0,-0.23752116,0.07991940528154373,0.355577677488327,0.41116446256637573
YLR019W,YAR071W,1,-0.23763639,0.0801253393292427,0.3565737009048462,0.41116446256637573
YJR120W,YML082W,0,-0.23765881,0.08010740578174591,0.3565737009048462,0.4112645089626312
YCR035C,YKL192C,0,-0.23766045,0.08008948713541031,0.3565737009048462,0.4113645553588867
YLR092W,YJL208C,0,-0.23769212,0.0800715759396553,0.3565737009048462,0.4114645719528198
YDR515W,YIL137C,0,-0.23772609,0.0800536647439003,0.3565737009048462,0.4115646183490753
YOR363C,YPR155C,0,-0.23781912,0.08003576844930649,0.3565737009048462,0.4116646647453308
YMR053C,YGL064C,0,-0.23783289,0.08001787960529327,0.3565737009048462,0.4117647111415863
YPR071W,YNL068C,0,-0.23787256,0.07999999821186066,0.3565737009048462,0.4118647575378418
YOR192C,YOL029C,0,-0.23798607,0.07998212426900864,0.3565737009048462,0.4119647741317749
YGR235C,YMR322C,0,-0.23815861,0.07996426522731781,0.3565737009048462,0.4120648205280304
YDR235W,YIL173W,0,-0.23818742,0.07994640618562698,0.3565737009048462,0.4121648669242859
YLL010C,YDR287W,1,-0.23819987,0.08015181869268417,0.35756972432136536,0.4121648669242859
YLR367W,YLR460C,0,-0.2383214,0.08013392984867096,0.35756972432136536,0.4122649133205414
YDR372C,YPR199C,0,-0.23832871,0.08011604845523834,0.35756972432136536,0.4123649597167969
YNL288W,YGL226W,0,-0.23833618,0.08009816706180573,0.35756972432136536,0.41246497631073
YPL138C,YOL061W,0,-0.23839702,0.0800803005695343,0.35756972432136536,0.4125650227069855
YCL051W,YML031W,0,-0.23840518,0.08006244152784348,0.35756972432136536,0.41266506910324097
YGR203W,YLR361C,1,-0.23844565,0.08026755601167679,0.3585657477378845,0.41266506910324097
YLR292C,YER015W,0,-0.23849939,0.08024966716766357,0.3585657477378845,0.41276511549949646
YMR165C,YOR090C,1,-0.23852505,0.08045464754104614,0.3595617413520813,0.41276511549949646
YJL180C,YCR106W,0,-0.23853125,0.08043672144412994,0.3595617413520813,0.41286513209342957
YDR513W,YGL058W,0,-0.23855026,0.08041880279779434,0.3595617413520813,0.41296517848968506
YLR234W,YDR040C,0,-0.23857944,0.08040089160203934,0.3595617413520813,0.41306522488594055
YER062C,YNL181W,0,-0.23859395,0.08038298785686493,0.3595617413520813,0.41316527128219604
YNL133C,YBL008W,0,-0.2386295,0.08036509156227112,0.3595617413520813,0.41326531767845154
YGL006W,YMR101C,0,-0.2386332,0.0803472101688385,0.3595617413520813,0.41336533427238464
YOR267C,YIL106W,0,-0.2387654,0.08032932877540588,0.3595617413520813,0.41346538066864014
YGR165W,YHR193C,0,-0.2388271,0.08031145483255386,0.3595617413520813,0.41356542706489563
YOR192C,YPL224C,0,-0.23888713,0.08029359579086304,0.3595617413520813,0.4136654734611511
YDL189W,YKL029C,0,-0.23896824,0.08027573674917221,0.3595617413520813,0.4137655198574066
YNL010W,YMR036C,1,-0.23901922,0.08048021048307419,0.36055776476860046,0.4137655198574066
YIL118W,YPR105C,0,-0.23903531,0.08046232163906097,0.36055776476860046,0.4138655364513397
YAL011W,YNR052C,0,-0.23913024,0.08044444769620895,0.36055776476860046,0.4139655828475952
YJL179W,YER159C,0,-0.239271,0.08042657375335693,0.36055776476860046,0.4140656292438507
YDR009W,YOR032C,0,-0.23934925,0.08040870726108551,0.36055776476860046,0.4141656756401062
YPR106W,YGL005C,0,-0.23935525,0.08039084821939468,0.36055776476860046,0.4142656922340393
YBR101C,YDL139C,0,-0.23952071,0.08037300407886505,0.36055776476860046,0.4143657386302948
YMR313C,YMR118C,0,-0.23952864,0.08035515993833542,0.36055776476860046,0.4144657850265503
YLR115W,YNL029C,0,-0.23956741,0.08033733069896698,0.36055776476860046,0.4145658314228058
YHR202W,YHR142W,0,-0.23977727,0.08031950145959854,0.36055776476860046,0.4146658778190613
YGL006W,YDR005C,0,-0.23980707,0.0803016871213913,0.36055776476860046,0.4147658944129944
YDR039C,YLR263W,0,-0.23983566,0.08028388023376465,0.36055776476860046,0.4148659408092499
YLR352W,YMR118C,0,-0.23998624,0.080266073346138,0.36055776476860046,0.41496598720550537
YDR375C,YGR138C,0,-0.24000792,0.08024828135967255,0.36055776476860046,0.41506603360176086
YKL045W,YPL130W,0,-0.24003635,0.08023049682378769,0.36055776476860046,0.41516607999801636
YMR156C,YDL188C,1,-0.24006458,0.08043430000543594,0.36155378818511963,0.41516607999801636
YPL061W,YMR074C,0,-0.24016494,0.0804164856672287,0.36155378818511963,0.41526609659194946
YHR005C,YER032W,0,-0.24020666,0.08039867132902145,0.36155378818511963,0.41536614298820496
YER177W,YKR052C,0,-0.2402327,0.0803808644413948,0.36155378818511963,0.41546618938446045
YIL036W,YLR337C,0,-0.24033059,0.08036307245492935,0.36155378818511963,0.41556623578071594
YER063W,YHL015W,0,-0.24039792,0.0803452879190445,0.36155378818511963,0.41566625237464905
YPL013C,YNL246W,0,-0.24040534,0.08032750338315964,0.36155378818511963,0.41576629877090454
YNL137C,YNR032C-A,0,-0.2404883,0.08030973374843597,0.36155378818511963,0.41586634516716003
YBR211C,YNR030W,0,-0.24050568,0.08029197156429291,0.36155378818511963,0.4159663915634155
YER031C,YLR260W,0,-0.2405237,0.08027421683073044,0.36155378818511963,0.416066437959671
YDL105W,YNR053C,0,-0.24053629,0.08025646954774857,0.36155378818511963,0.4161664545536041
YOR091W,YPR071W,0,-0.24054042,0.08023872971534729,0.36155378818511963,0.4162665009498596
YJL021C,YGR266W,0,-0.24068545,0.08022099733352661,0.36155378818511963,0.4163665473461151
YOR048C,YCL067C,0,-0.24069797,0.08020327240228653,0.36155378818511963,0.4164665937423706
YNL286W,YLR460C,0,-0.24080306,0.08018555492162704,0.36155378818511963,0.4165666401386261
YCR031C,YFR016C,0,-0.24087413,0.08016784489154816,0.36155378818511963,0.4166666567325592
YDR513W,YIR031C,0,-0.24093512,0.08015014231204987,0.36155378818511963,0.4167667031288147
YPL171C,YOR259C,0,-0.24110313,0.08013244718313217,0.36155378818511963,0.4168667495250702
YDR503C,YNL053W,1,-0.24113408,0.08033546805381775,0.3625498116016388,0.4168667495250702
YER093C,YHR106W,0,-0.24117377,0.08031774312257767,0.3625498116016388,0.4169667959213257
YJR102C,YEL005C,0,-0.24120605,0.08030002564191818,0.3625498116016388,0.4170668125152588
YDR435C,YFL026W,0,-0.24122022,0.0802823081612587,0.3625498116016388,0.4171668589115143
YPL280W,YBR049C,0,-0.2412978,0.0802646055817604,0.3625498116016388,0.4172669053077698
YDR057W,YKL039W,0,-0.24130873,0.08024691045284271,0.3625498116016388,0.41736695170402527
YIL137C,YML082W,0,-0.24137719,0.08022922277450562,0.3625498116016388,0.41746699810028076
YML045W,YLR248W,0,-0.24144329,0.08021154999732971,0.3625498116016388,0.41756701469421387
YFR024C,YPL207W,0,-0.24145891,0.08019387722015381,0.3625498116016388,0.41766706109046936
YBR023C,YER108C,0,-0.24161924,0.0801762118935585,0.3625498116016388,0.41776710748672485
YMR156C,YER062C,1,-0.24163803,0.08037877082824707,0.36354580521583557,0.41776710748672485
YBR022W,YFR028C,1,-0.24168007,0.08058124035596848,0.36454182863235474,0.41776710748672485
YHR122W,YDR009W,0,-0.24170427,0.0805635079741478,0.36454182863235474,0.41786715388298035
YDR343C,YPL178W,0,-0.24171609,0.08054577559232712,0.36454182863235474,0.41796720027923584
YOR247W,YPR100W,0,-0.24172264,0.08052805066108704,0.36454182863235474,0.41806721687316895
YEL018W,YKL029C,0,-0.2417779,0.08051034063100815,0.36454182863235474,0.41816726326942444
YLR352W,YHL025W,0,-0.24181767,0.08049263060092926,0.36454182863235474,0.41826730966567993
YPL130W,YGL061C,0,-0.24186935,0.08047493547201157,0.36454182863235474,0.4183673560619354
YNL029C,YHL006C,0,-0.24198458,0.08045724034309387,0.36454182863235474,0.41846737265586853
YGL190C,YDL047W,1,-0.24205811,0.08065933734178543,0.3655378520488739,0.41846737265586853
YDR386W,YIL167W,0,-0.24213322,0.08064161986112595,0.3655378520488739,0.418567419052124
YDR091C,YKL006C-A,0,-0.24216004,0.08062390238046646,0.3655378520488739,0.4186674654483795
YCR016W,YPL063W,0,-0.24221452,0.08060619235038757,0.3655378520488739,0.418767511844635
YAL007C,YJL180C,0,-0.24240057,0.08058849722146988,0.3655378520488739,0.4188675582408905
YJL012C,YPL043W,0,-0.24249943,0.08057080209255219,0.3655378520488739,0.4189675748348236
YOR045W,YNR052C,0,-0.24250884,0.08055311441421509,0.3655378520488739,0.4190676212310791
YMR072W,YMR313C,0,-0.24251561,0.08053544163703918,0.3655378520488739,0.4191676676273346
YNL111C,YJL197W,0,-0.24255031,0.08051776885986328,0.3655378520488739,0.4192677140235901
YDR463W,YLR432W,0,-0.24256817,0.08050011098384857,0.3655378520488739,0.4193677604198456
YLR292C,YDR179C,0,-0.24257402,0.08048245310783386,0.3655378520488739,0.4194677770137787
YCR086W,YML057W,0,-0.24258538,0.08046481013298035,0.3655378520488739,0.4195678234100342
YLL010C,YHR076W,1,-0.24265218,0.08066637068986893,0.36653387546539307,0.4195678234100342
YJL045W,YIL123W,0,-0.24267949,0.08064869791269302,0.36653387546539307,0.4196678698062897
YEL027W,YKL079W,0,-0.24268538,0.08063102513551712,0.36653387546539307,0.41976791620254517
YDR323C,YKL192C,0,-0.2427095,0.08061335980892181,0.36653387546539307,0.41986793279647827
YJL174W,YAR009C,0,-0.24272265,0.0805957093834877,0.36653387546539307,0.41996797919273376
YMR275C,YNL063W,0,-0.24284513,0.08057805895805359,0.36653387546539307,0.42006802558898926
YER028C,YHR150W,0,-0.2428497,0.08056042343378067,0.36653387546539307,0.42016807198524475
YDR122W,YJL208C,0,-0.24288987,0.08054278790950775,0.36653387546539307,0.42026811838150024
YGR055W,YIL053W,0,-0.24296369,0.08052516728639603,0.36653387546539307,0.42036813497543335
YBR038W,YMR286W,0,-0.24304648,0.0805075466632843,0.36653387546539307,0.42046818137168884
YOR091W,YDR168W,0,-0.2431035,0.08048994094133377,0.36653387546539307,0.42056822776794434
YML086C,YER129W,0,-0.24312852,0.08047233521938324,0.36653387546539307,0.42066827416419983
YML045W,YDL117W,0,-0.24315818,0.0804547443985939,0.36653387546539307,0.4207683205604553
YCL067C,YHR193C,0,-0.24324937,0.08043716102838516,0.36653387546539307,0.4208683371543884
YPL120W,YLL016W,0,-0.24332803,0.08041957765817642,0.36653387546539307,0.4209683835506439
YDR300C,YLR055C,0,-0.24333599,0.08040200918912888,0.36653387546539307,0.4210684299468994
YLR258W,YNL161W,0,-0.2433694,0.08038444817066193,0.36653387546539307,0.4211684763431549
YIL075C,YIL064W,0,-0.24338856,0.08036689460277557,0.36653387546539307,0.421268492937088
YIL075C,YIR019C,0,-0.24339758,0.08034934848546982,0.36653387546539307,0.4213685393333435
YDR204W,YCL054W,0,-0.24339895,0.08033180236816406,0.36653387546539307,0.421468585729599
YBR125C,YER075C,1,-0.24340485,0.08053252100944519,0.36752986907958984,0.421468585729599
YEL020W-A,YOR136W,0,-0.24343187,0.08051494508981705,0.36752986907958984,0.4215686321258545
YJL186W,YBL025W,0,-0.24352868,0.0804973840713501,0.36752986907958984,0.42166867852211
YDL160C,YDL154W,0,-0.24371414,0.08047982305288315,0.36752986907958984,0.4217686951160431
YLR410W,YNL099C,1,-0.24373493,0.08068033307790756,0.368525892496109,0.4217686951160431
YER023W,YMR002W,0,-0.24375147,0.08066274225711823,0.368525892496109,0.4218687415122986
YDR345C,YPR173C,0,-0.24377115,0.08064515888690948,0.368525892496109,0.4219687879085541
YGL067W,YGL085W,0,-0.24377213,0.08062759041786194,0.368525892496109,0.42206883430480957
YML086C,YNL181W,0,-0.24384297,0.08061002194881439,0.368525892496109,0.42216888070106506
YOR156C,YDL087C,0,-0.24389787,0.08059246093034744,0.368525892496109,0.42226889729499817
YDL230W,YNR059W,0,-0.24391319,0.08057491481304169,0.368525892496109,0.42236894369125366
YPL248C,YHL026C,0,-0.24397045,0.08055736869573593,0.368525892496109,0.42246899008750916
YPR173C,YOR101W,0,-0.2440082,0.08053983747959137,0.368525892496109,0.42256903648376465
YBR218C,YCR035C,0,-0.24404837,0.08052230626344681,0.368525892496109,0.42266905307769775
YJL162C,YMR001C,0,-0.24409778,0.08050478994846344,0.368525892496109,0.42276909947395325
YMR101C,YML055W,0,-0.24413174,0.08048727363348007,0.368525892496109,0.42286914587020874
YMR318C,YPL169C,0,-0.24425626,0.0804697722196579,0.368525892496109,0.42296919226646423
YOR372C,YGR138C,0,-0.24434799,0.08045227080583572,0.368525892496109,0.4230692386627197
YER129W,YCL067C,0,-0.24450372,0.08043478429317474,0.368525892496109,0.42316925525665283
YMR192W,YGR005C,0,-0.24457955,0.08041729778051376,0.368525892496109,0.4232693016529083
YDR517W,YPL156C,0,-0.24458341,0.08039982616901398,0.368525892496109,0.4233693480491638
YNL053W,YBR022W,1,-0.24460357,0.08059960603713989,0.3695219159126282,0.4233693480491638
YGL196W,YER028C,0,-0.24468417,0.08058210462331772,0.3695219159126282,0.4234693944454193
YBR016W,YOR359W,0,-0.24469827,0.08056460320949554,0.3695219159126282,0.4235694408416748
YJL181W,YDR259C,0,-0.24471806,0.08054710924625397,0.3695219159126282,0.4236694574356079
YHR150W,YKR034W,0,-0.24473362,0.08052963018417358,0.3695219159126282,0.4237695038318634
YBR279W,YDL102W,0,-0.24477127,0.0805121511220932,0.3695219159126282,0.4238695502281189
YPR068C,YOR060C,0,-0.24479517,0.08049468696117401,0.3695219159126282,0.4239695966243744
YBL013W,YDL209C,0,-0.2448454,0.08047722280025482,0.3695219159126282,0.4240696132183075
YDR471W,YGL226W,0,-0.24488065,0.08045977354049683,0.3695219159126282,0.424169659614563
YCR036W,YDL102W,0,-0.24488229,0.08044232428073883,0.3695219159126282,0.4242697060108185
YLR006C,YLR384C,0,-0.2449948,0.08042488247156143,0.3695219159126282,0.424369752407074
YKR053C,YLR019W,1,-0.2450107,0.08062418550252914,0.37051793932914734,0.424369752407074
YDL081C,YML013W,0,-0.24509756,0.08060671389102936,0.37051793932914734,0.42446979880332947
YBR015C,YLR460C,0,-0.24510346,0.08058925718069077,0.37051793932914734,0.4245698153972626
YEL024W,YPR133C,0,-0.2451535,0.08057180047035217,0.37051793932914734,0.42466986179351807
YOR045W,YHR202W,0,-0.24516323,0.08055435121059418,0.37051793932914734,0.42476990818977356
YML011C,YDR257C,0,-0.24518143,0.08053690940141678,0.37051793932914734,0.42486995458602905
YBR162W-A,YJR027W,0,-0.2452734,0.08051948249340057,0.37051793932914734,0.42497000098228455
YDR503C,YAL009W,1,-0.24528274,0.08071845769882202,0.3715139329433441,0.42497000098228455
YHR139C,YLR056W,0,-0.24532217,0.08070099353790283,0.3715139329433441,0.42507001757621765
YLL016W,YGR003W,0,-0.24534301,0.08068353682756424,0.3715139329433441,0.42517006397247314
YOR027W,YBR045C,0,-0.24542844,0.08066608756780624,0.3715139329433441,0.42527011036872864
YFL056C,YNL247W,0,-0.24561837,0.08064864575862885,0.3715139329433441,0.42537015676498413
YGR060W,YBR162C,0,-0.24569608,0.08063121140003204,0.3715139329433441,0.42547017335891724
YNL284C-B,YKL081W,0,-0.24572311,0.08061379194259644,0.3715139329433441,0.42557021975517273
YHL050C,YPL235W,0,-0.24573897,0.08059637248516083,0.3715139329433441,0.4256702661514282
YPL209C,YBL007C,0,-0.24582396,0.08057896047830582,0.3715139329433441,0.4257703125476837
YOL144W,YPL075W,0,-0.24595302,0.0805615559220314,0.3715139329433441,0.4258703589439392
YFL026W,YKR088C,0,-0.24603628,0.08054415881633759,0.3715139329433441,0.4259703755378723
YPR134W,YDR078C,0,-0.24604945,0.08052676916122437,0.3715139329433441,0.4260704219341278
YHR194W,YMR035W,0,-0.24612634,0.08050938695669174,0.3715139329433441,0.4261704683303833
YJR046W,YAL068C,0,-0.24617974,0.08049201220273972,0.3715139329433441,0.4262705147266388
YNL054W,YMR118C,0,-0.24625885,0.08047465234994888,0.3715139329433441,0.4263705611228943
YIL053W,YML057W,1,-0.24626927,0.08067299425601959,0.3725099563598633,0.4263705611228943
YMR055C,YJR096W,0,-0.24628212,0.08065559715032578,0.3725099563598633,0.4264705777168274
YGL028C,YBR089C-A,0,-0.24629228,0.08063820749521255,0.3725099563598633,0.4265706241130829
YNL190W,YOL095C,0,-0.24637759,0.08062082529067993,0.3725099563598633,0.4266706705093384
YNL199C,YPR134W,0,-0.24638222,0.0806034505367279,0.3725099563598633,0.42677071690559387
YKL152C,YOR155C,1,-0.24640407,0.08080155402421951,0.37350597977638245,0.42677071690559387
YGR266W,YDR301W,0,-0.2464344,0.0807841420173645,0.37350597977638245,0.426870733499527
YBR029C,YIL154C,0,-0.24649543,0.08076674491167068,0.37350597977638245,0.42697077989578247
YIL053W,YDL134C,1,-0.24654627,0.08096468448638916,0.3745020031929016,0.42697077989578247
YNL103W,YCL064C,0,-0.24658637,0.08094725757837296,0.3745020031929016,0.42707082629203796
YKL016C,YDL139C,0,-0.24662639,0.08092983067035675,0.3745020031929016,0.42717087268829346
YBR279W,YDR150W,0,-0.24669917,0.08091241866350174,0.3745020031929016,0.42727091908454895
YDR528W,YHR118C,0,-0.24680702,0.08089500665664673,0.3745020031929016,0.42737093567848206
YNL145W,YPL203W,0,-0.24686788,0.08087760955095291,0.3745020031929016,0.42747098207473755
YKL051W,YHR106W,0,-0.24687894,0.0808602124452591,0.3745020031929016,0.42757102847099304
YPL146C,YKL087C,0,-0.24695599,0.08084283024072647,0.3745020031929016,0.42767107486724854
YDR481C,YMR261C,1,-0.24696699,0.0810404121875763,0.3754979968070984,0.42767107486724854
YMR081C,YOR048C,0,-0.24697812,0.08102299273014069,0.3754979968070984,0.42777112126350403
YHL031C,YGL192W,0,-0.24701853,0.08100558817386627,0.3754979968070984,0.42787113785743713
YNR071C,YML082W,0,-0.2470996,0.08098818361759186,0.3754979968070984,0.4279711842536926
YPL043W,YJR049C,0,-0.24729092,0.08097079396247864,0.3754979968070984,0.4280712306499481
YOR119C,YJL216C,0,-0.2473082,0.08095340430736542,0.3754979968070984,0.4281712770462036
YML100W,YKR034W,0,-0.24738489,0.0809360221028328,0.3754979968070984,0.4282712936401367
YER044C-A,YDR234W,0,-0.24746916,0.08091865479946136,0.3754979968070984,0.4283713400363922
YHR202W,YLR451W,0,-0.24750163,0.08090128749608994,0.3754979968070984,0.4284713864326477
YHR043C,YDR074W,1,-0.24753882,0.08109847456216812,0.37649402022361755,0.4284713864326477
YNL010W,YBR022W,1,-0.24754058,0.08129557967185974,0.3774900436401367,0.4284713864326477
YOR267C,YBR301W,0,-0.24772346,0.08127814531326294,0.3774900436401367,0.4285714328289032
YPR003C,YDR007W,0,-0.24812873,0.08126071840524673,0.3774900436401367,0.4286714792251587
YKL063C,YCL001W,0,-0.24817897,0.08124329894781113,0.3774900436401367,0.4287714958190918
YIL009W,YBR146W,0,-0.24818671,0.08122588694095612,0.3774900436401367,0.4288715422153473
YEL020W-A,YIL052C,0,-0.24819812,0.0812084823846817,0.3774900436401367,0.4289715886116028
YFL056C,YNL029C,0,-0.24824278,0.08119108527898788,0.3774900436401367,0.4290716350078583
YFR025C,YNL128W,1,-0.24826284,0.08138787746429443,0.3784860670566559,0.4290716350078583
YKL043W,YBR272C,0,-0.24829629,0.08137045055627823,0.3784860670566559,0.42917168140411377
YFR014C,YGL238W,0,-0.248311,0.08135303109884262,0.3784860670566559,0.4292716979980469
YOR101W,YCR018C,0,-0.2483143,0.08133561909198761,0.3784860670566559,0.42937174439430237
YER093C,YHR138C,0,-0.24842905,0.0813182145357132,0.3784860670566559,0.42947179079055786
YNL318C,YKL192C,0,-0.248437,0.08130080997943878,0.3784860670566559,0.42957183718681335
YEL019C,YLR248W,0,-0.24853456,0.08128342032432556,0.3784860670566559,0.42967188358306885
YDR284C,YDR075W,1,-0.24855512,0.08147989958524704,0.37948206067085266,0.42967188358306885
YLR284C,YIL030C,0,-0.24862213,0.08146247267723083,0.37948206067085266,0.42977190017700195
YER028C,YOR330C,0,-0.24864472,0.08144506067037582,0.37948206067085266,0.42987194657325745
YDL081C,YOL051W,0,-0.24865438,0.08142765611410141,0.37948206067085266,0.42997199296951294
YGL098W,YOR320C,0,-0.24865611,0.08141025900840759,0.37948206067085266,0.43007203936576843
YGR099W,YDR268W,0,-0.24873497,0.08139286190271378,0.37948206067085266,0.43017205595970154
YGL115W,YGR120C,0,-0.24876189,0.08137547969818115,0.37948206067085266,0.43027210235595703
YBR086C,YBR301W,0,-0.24879351,0.08135810494422913,0.37948206067085266,0.4303721487522125
YLR017W,YCL048W,0,-0.24882655,0.0813407376408577,0.37948206067085266,0.430472195148468
YIL052C,YDR092W,0,-0.24886343,0.08132337033748627,0.37948206067085266,0.4305722415447235
YKR075C,YPL189W,0,-0.24891587,0.08130601793527603,0.37948206067085266,0.4306722581386566
YLR037C,YBR005W,0,-0.24908756,0.08128867298364639,0.37948206067085266,0.4307723045349121
YLR193C,YER071C,0,-0.24912071,0.08127132803201675,0.37948206067085266,0.4308723509311676
YMR158W,YGR057C,0,-0.2491561,0.08125399798154831,0.37948206067085266,0.4309723973274231
YER133W,YOR109W,1,-0.24921498,0.08144989609718323,0.3804780840873718,0.4309723973274231
YER041W,YMR262W,0,-0.24923144,0.0814325287938118,0.3804780840873718,0.4310724437236786
YGR212W,YPR010C,0,-0.24926244,0.08141517639160156,0.3804780840873718,0.4311724603176117
YFR040W,YGR123C,1,-0.24936654,0.08161091059446335,0.381474107503891,0.4311724603176117
YLL024C,YLR007W,0,-0.24959408,0.08159352093935013,0.381474107503891,0.4312725067138672
YLR190W,YBR094W,0,-0.24960737,0.0815761461853981,0.381474107503891,0.4313725531101227
YPR034W,YDR303C,0,-0.24962102,0.08155877143144608,0.381474107503891,0.4314725995063782
YLR083C,YKL006C-A,0,-0.24969552,0.08154141157865524,0.381474107503891,0.4315726161003113
YOL084W,YJL035C,0,-0.24970229,0.08152405172586441,0.381474107503891,0.4316726624965668
YGR174C,YNL068C,0,-0.24970694,0.08150670677423477,0.381474107503891,0.43177270889282227
YPL140C,YGL111W,0,-0.24977866,0.08148936182260513,0.381474107503891,0.43187275528907776
YLR223C,YJR108W,0,-0.24978217,0.08147202432155609,0.381474107503891,0.43197280168533325
YFR014C,YNL076W,0,-0.24978904,0.08145470172166824,0.381474107503891,0.43207281827926636
YLR377C,YFR025C,1,-0.2500845,0.081650011241436,0.38247013092041016,0.43207281827926636
YMR063W,YKL185W,0,-0.25010347,0.08163265138864517,0.38247013092041016,0.43217286467552185
YPL173W,YGL240W,0,-0.25028855,0.08161530643701553,0.38247013092041016,0.43227291107177734
YNL180C,YGL238W,0,-0.2503314,0.0815979614853859,0.38247013092041016,0.43237295746803284
YIL068C,YDL209C,0,-0.250423,0.08158062398433685,0.38247013092041016,0.43247300386428833
YIL154C,YGR253C,0,-0.25042868,0.08156329393386841,0.38247013092041016,0.43257302045822144
YDR372C,YML082W,0,-0.2505288,0.08154597878456116,0.38247013092041016,0.43267306685447693
YJL183W,YFR025C,0,-0.25056428,0.0815286636352539,0.38247013092041016,0.4327731132507324
YIL052C,YBR208C,0,-0.25067434,0.08151135593652725,0.38247013092041016,0.4328731596469879
YPL061W,YPL076W,0,-0.2506776,0.0814940556883812,0.38247013092041016,0.432973176240921
YIL147C,YMR059W,0,-0.25072977,0.08147676289081573,0.38247013092041016,0.4330732226371765
YDR427W,YPR134W,0,-0.25074816,0.08145948499441147,0.38247013092041016,0.433173269033432
YER044C-A,YDR057W,0,-0.25085795,0.0814422070980072,0.38247013092041016,0.4332733154296875
YGL045W,YCL039W,0,-0.2509413,0.08142493665218353,0.38247013092041016,0.433373361825943
YLL016W,YEL001C,0,-0.25108007,0.08140767365694046,0.38247013092041016,0.4334733784198761
YKR078W,YHL021C,0,-0.25108707,0.08139041811227798,0.38247013092041016,0.4335734248161316
YMR175W,YLR223C,0,-0.25116414,0.0813731700181961,0.38247013092041016,0.4336734712123871
YKL194C,YJL197W,0,-0.25130612,0.08135592937469482,0.38247013092041016,0.4337735176086426
YAL068C,YLR189C,0,-0.25137633,0.08133869618177414,0.38247013092041016,0.43387356400489807
YNL221C,YJL167W,0,-0.25140205,0.08132147043943405,0.38247013092041016,0.4339735805988312
YGL167C,YHR001W-A,0,-0.25150785,0.08130425214767456,0.38247013092041016,0.43407362699508667
YOR045W,YHR118C,0,-0.25166342,0.08128704130649567,0.38247013092041016,0.43417367339134216
YML004C,YNR019W,0,-0.25176582,0.08126983791589737,0.38247013092041016,0.43427371978759766
YIR026C,YDR074W,1,-0.25180048,0.0814642384648323,0.38346612453460693,0.43427371978759766
YKR096W,YKR034W,0,-0.25184277,0.08144700527191162,0.38346612453460693,0.43437373638153076
YHR158C,YKR099W,0,-0.25186318,0.08142977952957153,0.38346612453460693,0.43447378277778625
YMR130W,YCR079W,1,-0.25199872,0.08162402361631393,0.3844621479511261,0.43447378277778625
YJR120W,YJL212C,0,-0.25205508,0.08160676807165146,0.3844621479511261,0.43457382917404175
YHL038C,YDL235C,0,-0.2520598,0.08158951252698898,0.3844621479511261,0.43467387557029724
YEL038W,YDR436W,1,-0.25207436,0.08178360015153885,0.38545817136764526,0.43467387557029724
YER179W,YMR243C,0,-0.25208342,0.08176632225513458,0.38545817136764526,0.43477392196655273
YPR114W,YGR080W,0,-0.25209254,0.08174905180931091,0.38545817136764526,0.43487393856048584
YER100W,YPR174C,0,-0.2521323,0.08173178136348724,0.38545817136764526,0.43497398495674133
YDR235W,YDR372C,0,-0.25213736,0.08171452581882477,0.38545817136764526,0.4350740313529968
YGR099W,YER155C,0,-0.25214377,0.08169727772474289,0.38545817136764526,0.4351740777492523
YBR069C,YOR363C,0,-0.25220704,0.08168003708124161,0.38545817136764526,0.4352741241455078
YDR235W,YHR139C,0,-0.25220937,0.08166279643774033,0.38545817136764526,0.4353741407394409
YOL023W,YJL216C,0,-0.25224477,0.08164557069540024,0.38545817136764526,0.4354741871356964
YLR223C,YHR020W,0,-0.25224614,0.08162834495306015,0.38545817136764526,0.4355742335319519
YAL007C,YGL144C,0,-0.25230357,0.08161113411188126,0.38545817136764526,0.4356742799282074
YGL167C,YOL095C,0,-0.25244215,0.08159393072128296,0.38545817136764526,0.4357742965221405
YML045W,YGR120C,0,-0.2524531,0.08157672733068466,0.38545817136764526,0.435874342918396
YER031C,YNL173C,0,-0.25249335,0.08155953884124756,0.38545817136764526,0.4359743893146515
YOL122C,YBR089C-A,0,-0.25256857,0.08154235035181046,0.38545817136764526,0.436074435710907
YPL036W,YNL118C,0,-0.2526002,0.08152517676353455,0.38545817136764526,0.4361744821071625
YJR084W,YPL063W,0,-0.2526163,0.08150800317525864,0.38545817136764526,0.4362744987010956
YOL122C,YHL035C,0,-0.25267044,0.08149083703756332,0.38545817136764526,0.4363745450973511
YER176W,YGR017W,0,-0.2526731,0.0814736858010292,0.38545817136764526,0.43647459149360657
YLL018C,YNL317W,0,-0.25267762,0.08145653456449509,0.38545817136764526,0.43657463788986206
YGL151W,YCL035C,0,-0.25279808,0.08143939077854156,0.38545817136764526,0.43667468428611755
YIL014W,YJR150C,0,-0.25288194,0.08142226189374924,0.38545817136764526,0.43677470088005066
YKR089C,YLL057C,0,-0.25305414,0.08140513300895691,0.38545817136764526,0.43687474727630615
YLR044C,YCL064C,0,-0.25308508,0.08138801157474518,0.38545817136764526,0.43697479367256165
YML120C,YML055W,0,-0.25312263,0.08137089759111404,0.38545817136764526,0.43707484006881714
YDR201W,YGR120C,0,-0.2531885,0.08135379105806351,0.38545817136764526,0.43717485666275024
YNL317W,YNR033W,0,-0.25319496,0.08133669942617416,0.38545817136764526,0.43727490305900574
YLR411W,YGR283C,0,-0.25327495,0.08131960779428482,0.38545817136764526,0.43737494945526123
YJR042W,YMR105C,0,-0.25328085,0.08130252361297607,0.38545817136764526,0.4374749958515167
YFL061W,YLR075W,0,-0.25330114,0.08128544688224792,0.38545817136764526,0.4375750422477722
YAL028W,YMR009W,0,-0.2533302,0.08126837760210037,0.38545817136764526,0.4376750588417053
YDR490C,YPL173W,0,-0.25335568,0.08125131577253342,0.38545817136764526,0.4377751052379608
YBR114W,YDR105C,0,-0.2534792,0.08123425394296646,0.38545817136764526,0.4378751516342163
YKR049C,YOR048C,0,-0.2535279,0.0812172070145607,0.38545817136764526,0.4379751980304718
YML057W,YDR075W,1,-0.2535899,0.0814099907875061,0.38645419478416443,0.4379751980304718
YGL028C,YGL093W,0,-0.2536238,0.08139290660619736,0.38645419478416443,0.4380752444267273
YJL012C,YJR118C,0,-0.25371167,0.0813758373260498,0.38645419478416443,0.4381752610206604
YJR117W,YJL196C,0,-0.25379688,0.08135877549648285,0.38645419478416443,0.4382753074169159
YJL174W,YGR283C,0,-0.25384238,0.08134172111749649,0.38645419478416443,0.4383753538131714
YHL038C,YPL013C,0,-0.2539075,0.08132466673851013,0.38645419478416443,0.4384754002094269
YKL033W,YER014W,0,-0.25392815,0.08130762726068497,0.38645419478416443,0.43857541680336
YJL167W,YLL067C,0,-0.25395766,0.0812905952334404,0.38645419478416443,0.4386754631996155
YML055W,YHL035C,0,-0.2539828,0.08127356320619583,0.38645419478416443,0.43877550959587097
YEL048C,YER159C,0,-0.25399882,0.08125654608011246,0.38645419478416443,0.43887555599212646
YMR192W,YNL161W,0,-0.25412804,0.08123952895402908,0.38645419478416443,0.43897560238838196
YMR243C,YPR008W,0,-0.2541573,0.0812225267291069,0.38645419478416443,0.43907561898231506
YIL022W,YAL026C,0,-0.2542094,0.08120552450418472,0.38645419478416443,0.43917566537857056
YER167W,YOR259C,0,-0.25422895,0.08118852972984314,0.38645419478416443,0.43927571177482605
YNL111C,YKL114C,0,-0.25423226,0.08117154985666275,0.38645419478416443,0.43937575817108154
YMR262W,YHL050C,0,-0.25423482,0.08115456998348236,0.38645419478416443,0.43947580456733704
YJL162C,YDR021W,0,-0.25426155,0.08113759756088257,0.38645419478416443,0.43957582116127014
YGR099W,YHR190W,0,-0.2543286,0.08112063258886337,0.38645419478416443,0.43967586755752563
YMR243C,YMR195W,0,-0.2543401,0.08110368251800537,0.38645419478416443,0.43977591395378113
YEL019C,YHL006C,0,-0.25435156,0.08108673244714737,0.38645419478416443,0.4398759603500366
YOL103W-A,YGR161C-D,0,-0.25443867,0.08106978982686996,0.38645419478416443,0.4399759769439697
YBR005W,YER155C,0,-0.2545559,0.08105285465717316,0.38645419478416443,0.4400760233402252
YDR188W,YJR131W,0,-0.25456583,0.08103591948747635,0.38645419478416443,0.4401760697364807
YDL003W,YDR150W,0,-0.25457275,0.08101899921894073,0.38645419478416443,0.4402761161327362
YBR093C,YPL228W,1,-0.2545993,0.08121085911989212,0.3874501883983612,0.4402761161327362
YOR250C,YOR227W,0,-0.25460854,0.08119390159845352,0.3874501883983612,0.4403761625289917
YPL169C,YOR247W,0,-0.25465524,0.08117695897817612,0.3874501883983612,0.4404761791229248
YHR103W,YOL012C,0,-0.25465822,0.08116002380847931,0.3874501883983612,0.4405762255191803
YJL035C,YNL065W,0,-0.25467113,0.0811430960893631,0.3874501883983612,0.4406762719154358
YLR011W,YKL134C,0,-0.25470105,0.08112617582082748,0.3874501883983612,0.4407763183116913
YMR015C,YLR263W,0,-0.25479195,0.08110925555229187,0.3874501883983612,0.4408763647079468
YLR075W,YIR031C,0,-0.25486034,0.08109235018491745,0.3874501883983612,0.4409763813018799
YDL124W,YKL060C,0,-0.2548681,0.08107544481754303,0.3874501883983612,0.4410764276981354
YBR279W,YLR299W,0,-0.25489432,0.0810585543513298,0.3874501883983612,0.44117647409439087
YDR148C,YKR078W,0,-0.25490344,0.08104166388511658,0.3874501883983612,0.44127652049064636
YFL005W,YGR296W,0,-0.2549143,0.08102478832006454,0.3874501883983612,0.44137653708457947
YHR014W,YKR083C,0,-0.25491542,0.08100791275501251,0.3874501883983612,0.44147658348083496
YKL185W,YER179W,0,-0.25491762,0.08099104464054108,0.3874501883983612,0.44157662987709045
YMR286W,YGL115W,0,-0.2549544,0.08097419142723083,0.3874501883983612,0.44167667627334595
YOR032C,YAL030W,0,-0.25506547,0.0809573382139206,0.3874501883983612,0.44177672266960144
YOR119C,YCR035C,0,-0.2551678,0.08094049245119095,0.3874501883983612,0.44187673926353455
YLR352W,YJR054W,0,-0.25518742,0.0809236541390419,0.3874501883983612,0.44197678565979004
YLR039C,YIL008W,0,-0.25520614,0.08090682327747345,0.3874501883983612,0.44207683205604553
YGL246C,YIL056W,0,-0.25521344,0.0808899998664856,0.3874501883983612,0.442176878452301
YMR262W,YER005W,0,-0.25524226,0.08087318390607834,0.3874501883983612,0.4422769248485565
YOR091W,YJR132W,0,-0.25526854,0.08085636794567108,0.3874501883983612,0.4423769414424896
YLR083C,YNL180C,0,-0.25536594,0.08083956688642502,0.3874501883983612,0.4424769878387451
YDR328C,YHR193C,0,-0.25536823,0.08082277327775955,0.3874501883983612,0.4425770342350006
YFR040W,YER089C,1,-0.25539064,0.08101370930671692,0.38844621181488037,0.4425770342350006
YHR073W,YDR179C,0,-0.25544652,0.08099688589572906,0.38844621181488037,0.4426770806312561
YNL056W,YHR170W,0,-0.25546178,0.08098006993532181,0.38844621181488037,0.4427770972251892
YGR254W,YHR194W,0,-0.2555019,0.08096325397491455,0.38844621181488037,0.4428771436214447
YGR211W,YDR110W,0,-0.2555227,0.08094645291566849,0.38844621181488037,0.4429771900177002
YOL020W,YBR054W,0,-0.25564137,0.08092965185642242,0.38844621181488037,0.4430772364139557
YGL167C,YER060W,0,-0.25570315,0.08091286569833755,0.38844621181488037,0.4431772828102112
YOL122C,YER155C,0,-0.25573763,0.08089607954025269,0.38844621181488037,0.4432772994041443
YDR377W,YDL119C,0,-0.25581834,0.08087930083274841,0.38844621181488037,0.4433773458003998
YFR050C,YPL117C,0,-0.2558225,0.08086253702640533,0.38844621181488037,0.4434773921966553
YDR308C,YPL013C,0,-0.25584123,0.08084577322006226,0.38844621181488037,0.44357743859291077
YLR196W,YKL005C,0,-0.25585568,0.08082901686429977,0.38844621181488037,0.44367748498916626
YBL038W,YOR247W,0,-0.25588498,0.08081226795911789,0.38844621181488037,0.44377750158309937
YDR243C,YBL063W,0,-0.2559369,0.0807955265045166,0.38844621181488037,0.44387754797935486
YBL063W,YLL021W,0,-0.25606108,0.08077879250049591,0.38844621181488037,0.44397759437561035
YBL008W,YNL055C,0,-0.25607136,0.08076206594705582,0.38844621181488037,0.44407764077186584
YCL068C,YGL058W,0,-0.2560874,0.08074533939361572,0.38844621181488037,0.44417765736579895
YJR052W,YLR200W,0,-0.2561425,0.08072862774133682,0.38844621181488037,0.44427770376205444
YBR119W,YDR438W,0,-0.25616828,0.08071192353963852,0.38844621181488037,0.44437775015830994
YML107C,YDR087C,0,-0.25649706,0.08069521933794022,0.38844621181488037,0.44447779655456543
YIL144W,YPL076W,0,-0.2565381,0.0806785300374031,0.38844621181488037,0.4445778429508209
YIL043C,YDR284C,0,-0.25659442,0.080661840736866,0.38844621181488037,0.44467785954475403
YCL029C,YKL029C,0,-0.2566299,0.08064515888690948,0.38844621181488037,0.4447779059410095
YLR239C,YDL211C,0,-0.25663266,0.08062849193811417,0.38844621181488037,0.444877952337265
YPL137C,YLR037C,0,-0.25666457,0.08061182498931885,0.38844621181488037,0.4449779987335205
YML076C,YOR259C,0,-0.25671744,0.08059516549110413,0.38844621181488037,0.445078045129776
YDL093W,YDR023W,0,-0.25672942,0.08057851344347,0.38844621181488037,0.4451780617237091
YKL196C,YPL097W,0,-0.25675327,0.08056186884641647,0.38844621181488037,0.4452781081199646
YPR071W,YMR050C,0,-0.25677186,0.08054523169994354,0.38844621181488037,0.4453781545162201
YNL288W,YJL001W,0,-0.25677335,0.08052859455347061,0.38844621181488037,0.4454782009124756
YAR042W,YPR086W,0,-0.2568451,0.08051197230815887,0.38844621181488037,0.4455782175064087
YBR038W,YER102W,0,-0.25690654,0.08049535751342773,0.38844621181488037,0.4456782639026642
YGL096W,YLR200W,0,-0.2570223,0.0804787427186966,0.38844621181488037,0.4457783102989197
YCR086W,YEL032W,0,-0.25713763,0.08046214282512665,0.38844621181488037,0.44587835669517517
YPR134W,YKL054C,0,-0.25725648,0.0804455429315567,0.38844621181488037,0.44597840309143066
YDL105W,YBL091C,0,-0.25737563,0.08042895793914795,0.38844621181488037,0.44607841968536377
YMR087W,YIR026C,1,-0.25738785,0.08061856031417847,0.38944223523139954,0.44607841968536377
YDR436W,YLL010C,1,-0.25740165,0.08080808073282242,0.3904382586479187,0.44607841968536377
YOR090C,YDR435C,0,-0.25749943,0.0807914286851883,0.3904382586479187,0.44617846608161926
YDR430C,YDR437W,0,-0.25756815,0.08077477663755417,0.3904382586479187,0.44627851247787476
YPR174C,YOR271C,0,-0.2576177,0.08075813949108124,0.3904382586479187,0.44637855887413025
YER023W,YDR105C,0,-0.25765598,0.0807415023446083,0.3904382586479187,0.44647860527038574
YIL053W,YJR118C,0,-0.25765964,0.08072488009929657,0.3904382586479187,0.44657862186431885
YGL005C,YKL054C,0,-0.25766626,0.08070825785398483,0.3904382586479187,0.44667866826057434
YOL098C,YBR121C,0,-0.25768748,0.08069164305925369,0.3904382586479187,0.44677871465682983
YPL120W,YIL120W,0,-0.25769094,0.08067503571510315,0.3904382586479187,0.4468787610530853
YLR234W,YLR068W,0,-0.25778762,0.0806584358215332,0.3904382586479187,0.44697877764701843
YML061C,YGL064C,0,-0.25783694,0.08064184337854385,0.3904382586479187,0.4470788240432739
YGR120C,YOR060C,0,-0.25797012,0.0806252583861351,0.3904382586479187,0.4471788704395294
YJL089W,YDR386W,0,-0.2580116,0.08060868084430695,0.3904382586479187,0.4472789168357849
YOL069W,YMR133W,0,-0.25807136,0.08059210330247879,0.3904382586479187,0.4473789632320404
YGR181W,YGL219C,0,-0.25820768,0.08057554066181183,0.3904382586479187,0.4474789798259735
YDR110W,YIL173W,0,-0.25824535,0.08055897802114487,0.3904382586479187,0.447579026222229
YKR064W,YOR065W,0,-0.25827333,0.0805424302816391,0.3904382586479187,0.4476790726184845
YBR131W,YLR313C,0,-0.25831097,0.08052588254213333,0.3904382586479187,0.44777911901474
YGL142C,YOR254C,0,-0.2583218,0.08050934225320816,0.3904382586479187,0.4478791654109955
YGL092W,YBR188C,0,-0.25832316,0.08049281686544418,0.3904382586479187,0.4479791820049286
YJR102C,YHR035W,0,-0.25833574,0.0804762914776802,0.3904382586479187,0.4480792284011841
YJR131W,YDR300C,0,-0.25840956,0.08045977354049683,0.3904382586479187,0.4481792747974396
YOR016C,YKR100C,0,-0.2584596,0.08044325560331345,0.3904382586479187,0.44827932119369507
YML100W,YKL152C,1,-0.2584762,0.08063192665576935,0.3914342522621155,0.44827932119369507
YKR064W,YDR023W,0,-0.25850567,0.08061538636684418,0.3914342522621155,0.4483793377876282
YPR008W,YNL054W,0,-0.25864583,0.0805988535284996,0.3914342522621155,0.44847938418388367
YOR258W,YKL029C,0,-0.2587501,0.08058232814073563,0.3914342522621155,0.44857943058013916
YLL018C-A,YGL049C,0,-0.25885653,0.08056580275297165,0.3914342522621155,0.44867947697639465
YJL089W,YLR001C,0,-0.25885886,0.08054929226636887,0.3914342522621155,0.44877952337265015
YHR118C,YKR083C,0,-0.25892967,0.08053278923034668,0.3914342522621155,0.44887953996658325
YPL183C,YJR050W,0,-0.25895193,0.0805162861943245,0.3914342522621155,0.44897958636283875
YLL016W,YDR040C,0,-0.259078,0.0804997980594635,0.3914342522621155,0.44907963275909424
YMR180C,YOR155C,1,-0.2591252,0.08068810403347015,0.39243027567863464,0.44907963275909424
YIL037C,YJL197W,0,-0.25912812,0.08067157864570618,0.39243027567863464,0.44917967915534973
YHR202W,YKL058W,0,-0.25913048,0.0806550681591034,0.39243027567863464,0.4492797255516052
YLR037C,YJL003W,0,-0.25927225,0.08063855767250061,0.39243027567863464,0.44937974214553833
YOR048C,YDR057W,0,-0.2592856,0.08062206208705902,0.39243027567863464,0.4494797885417938
YDL236W,YBR022W,1,-0.25932482,0.08081014454364777,0.3934262990951538,0.4494797885417938
YOL042W,YBL063W,0,-0.25932705,0.08079361915588379,0.3934262990951538,0.4495798349380493
YOL076W,YOR383C,0,-0.2594005,0.08077709376811981,0.3934262990951538,0.4496798813343048
YKL149C,YKL005C,0,-0.25943872,0.08076058328151703,0.3934262990951538,0.4497798979282379
YOR155C,YNL325C,1,-0.2594706,0.08094848692417145,0.394422322511673,0.4497798979282379
YDR503C,YDR074W,1,-0.25947508,0.0811363160610199,0.39541831612586975,0.4497798979282379
YDL098C,YPL262W,0,-0.2595258,0.08111973851919174,0.39541831612586975,0.4498799443244934
YBL008W,YBR149W,0,-0.2595773,0.08110316842794418,0.39541831612586975,0.4499799907207489
YDR004W,YMR156C,0,-0.25961548,0.08108659833669662,0.39541831612586975,0.4500800371170044
YPL133C,YNL020C,0,-0.25971836,0.08107004314661026,0.39541831612586975,0.4501800835132599
YMR175W,YDL154W,0,-0.25972486,0.0810534879565239,0.39541831612586975,0.450280100107193
YIL153W,YPL075W,0,-0.25981018,0.08103694766759872,0.39541831612586975,0.4503801465034485
YKL197C,YCL054W,0,-0.25983432,0.08102040737867355,0.39541831612586975,0.450480192899704
YDR386W,YHR149C,0,-0.25986734,0.08100387454032898,0.39541831612586975,0.4505802392959595
YBR005W,YER102W,0,-0.2599464,0.080987349152565,0.39541831612586975,0.45068028569221497
YLR367W,YOR273C,0,-0.25999746,0.08097083121538162,0.39541831612586975,0.45078030228614807
YNL250W,YOR048C,0,-0.26001456,0.08095432072877884,0.39541831612586975,0.45088034868240356
YDR469W,YER093C,0,-0.26001477,0.08093781769275665,0.39541831612586975,0.45098039507865906
YDL003W,YBR208C,0,-0.26003286,0.08092132210731506,0.39541831612586975,0.45108044147491455
YMR105C,YKL058W,0,-0.26008266,0.08090482652187347,0.39541831612586975,0.45118045806884766
YAL016W,YDR287W,1,-0.26008478,0.08109209686517715,0.3964143395423889,0.45118045806884766
YGR046W,YJR150C,0,-0.26019207,0.08107557892799377,0.3964143395423889,0.45128050446510315
YFL056C,YNR071C,0,-0.26022542,0.0810590609908104,0.3964143395423889,0.45138055086135864
YOL020W,YMR118C,0,-0.26023638,0.08104255795478821,0.3964143395423889,0.45148059725761414
YDR168W,YLR189C,0,-0.26025274,0.08102605491876602,0.3964143395423889,0.45158064365386963
YMR322C,YCL054W,0,-0.26029125,0.08100956678390503,0.3964143395423889,0.45168066024780273
YGR205W,YLR189C,0,-0.2604874,0.08099307864904404,0.3964143395423889,0.4517807066440582
YDR189W,YLR451W,0,-0.26055852,0.08097660541534424,0.3964143395423889,0.4518807530403137
YGR235C,YEL018W,0,-0.2605909,0.08096013218164444,0.3964143395423889,0.4519807994365692
YEL024W,YPL173W,0,-0.2606337,0.08094366639852524,0.3964143395423889,0.4520808458328247
YOR034C,YDR179C,0,-0.2606481,0.08092720806598663,0.3964143395423889,0.4521808624267578
YOL096C,YNL161W,0,-0.2607871,0.08091075718402863,0.3964143395423889,0.4522809088230133
YLR093C,YLR288C,0,-0.2607905,0.08089430630207062,0.3964143395423889,0.4523809552192688
YDR308C,YPR133C,0,-0.2608488,0.0808778703212738,0.3964143395423889,0.4524810016155243
YPR161C,YKL043W,0,-0.26089483,0.08086144179105759,0.3964143395423889,0.4525810182094574
YNL156C,YNR055C,0,-0.2608997,0.08084501326084137,0.3964143395423889,0.4526810646057129
YHL028W,YPL193W,0,-0.26089996,0.08082859218120575,0.3964143395423889,0.4527811110019684
YKR064W,YMR153W,0,-0.26096287,0.08081218600273132,0.3964143395423889,0.4528811573982239
YMR286W,YOR157C,0,-0.26096436,0.0807957798242569,0.3964143395423889,0.45298120379447937
YJL054W,YHR201C,0,-0.26099682,0.08077938109636307,0.3964143395423889,0.4530812203884125
YOR236W,YER038C,0,-0.26100767,0.08076298981904984,0.3964143395423889,0.45318126678466797
YHR169W,YNL251C,0,-0.26109967,0.0807465985417366,0.3964143395423889,0.45328131318092346
YJL167W,YDR028C,0,-0.2611505,0.08073022216558456,0.3964143395423889,0.45338135957717896
YMR180C,YFR025C,1,-0.26122683,0.08091665059328079,0.3974103629589081,0.45338135957717896
YOR016C,YOL121C,0,-0.26123324,0.08090024441480637,0.3974103629589081,0.45348140597343445
YOR158W,YLR328W,0,-0.26140162,0.08088384568691254,0.3974103629589081,0.45358142256736755
YFR025C,YDL006W,1,-0.2615883,0.08107012510299683,0.39840638637542725,0.45358142256736755
YNL318C,YPL076W,0,-0.261609,0.08105369657278061,0.39840638637542725,0.45368146896362305
YER044C-A,YGR260W,0,-0.26163524,0.08103727549314499,0.39840638637542725,0.45378151535987854
YBL031W,YJL197W,0,-0.26178622,0.08102086186408997,0.39840638637542725,0.45388156175613403
YDR469W,YPL076W,0,-0.26197323,0.08100445568561554,0.39840638637542725,0.45398157835006714
YPL004C,YNL294C,0,-0.26197943,0.08098805695772171,0.39840638637542725,0.45408162474632263
YIL120W,YNL142W,0,-0.26199415,0.08097165822982788,0.39840638637542725,0.4541816711425781
YNL318C,YPL253C,0,-0.26200905,0.08095527440309525,0.39840638637542725,0.4542817175388336
YOL032W,YDR176W,0,-0.26217768,0.08093889057636261,0.39840638637542725,0.4543817639350891
YFR028C,YCR079W,1,-0.26222482,0.08112481981515884,0.399402379989624,0.4543817639350891
YOR334W,YLR313C,0,-0.2622994,0.08110841363668442,0.399402379989624,0.4544817805290222
YPL105C,YOL098C,0,-0.2623259,0.08109201490879059,0.399402379989624,0.4545818269252777
YGL142C,YEL039C,0,-0.26241073,0.08107561618089676,0.399402379989624,0.4546818733215332
YBR114W,YDR023W,0,-0.26243755,0.08105922490358353,0.399402379989624,0.4547819197177887
YGR099W,YOL009C,0,-0.2624727,0.08104284852743149,0.399402379989624,0.4548819661140442
YKR075C,YPL036W,0,-0.26248193,0.08102647215127945,0.399402379989624,0.4549819827079773
YAL011W,YLR044C,0,-0.26250583,0.08101010322570801,0.399402379989624,0.4550820291042328
YLR442C,YNL054W,0,-0.26254135,0.08099374175071716,0.399402379989624,0.4551820755004883
YML021C,YEL039C,0,-0.2625678,0.08097738027572632,0.399402379989624,0.4552821218967438
YNL056W,YDR246W,0,-0.2628936,0.08096103370189667,0.399402379989624,0.4553821384906769
YBR153W,YOR319W,0,-0.2628979,0.08094469457864761,0.399402379989624,0.4554821848869324
YJR108W,YHR005C,0,-0.2629043,0.08092835545539856,0.399402379989624,0.45558223128318787
YDR075W,YML004C,0,-0.26296797,0.0809120237827301,0.399402379989624,0.45568227767944336
YGL093W,YLR092W,0,-0.26300135,0.08089569956064224,0.399402379989624,0.45578232407569885
YMR081C,YLR115W,0,-0.26303342,0.08087939023971558,0.399402379989624,0.45588234066963196
YOR271C,YHR080C,0,-0.2630762,0.08086308091878891,0.399402379989624,0.45598238706588745
YFL061W,YIR031C,0,-0.2631745,0.08084677159786224,0.399402379989624,0.45608243346214294
YGR212W,YPL004C,0,-0.26321158,0.08083047717809677,0.399402379989624,0.45618247985839844
YPR007C,YCR021C,0,-0.26333648,0.0808141902089119,0.399402379989624,0.45628252625465393
YDR435C,YOL095C,0,-0.26353028,0.08079790323972702,0.399402379989624,0.45638254284858704
YCR016W,YGL226W,0,-0.2636269,0.08078163117170334,0.399402379989624,0.45648258924484253
YMR165C,YER075C,1,-0.26364008,0.0809667706489563,0.4003984034061432,0.45648258924484253
YPR100W,YPR120C,0,-0.26368314,0.08095046132802963,0.4003984034061432,0.456582635641098
YDR323C,YDR469W,0,-0.26371184,0.08093416690826416,0.4003984034061432,0.4566826820373535
YJL094C,YNL036W,0,-0.2637336,0.08091787248849869,0.4003984034061432,0.4567826986312866
YOR156C,YMR205C,0,-0.26373994,0.08090159296989441,0.4003984034061432,0.4568827450275421
YDR175C,YCL035C,0,-0.2637838,0.08088531345129013,0.4003984034061432,0.4569827914237976
YOL020W,YIL011W,0,-0.26388943,0.08086904138326645,0.4003984034061432,0.4570828378200531
YPR055W,YPL253C,0,-0.2639247,0.08085277676582336,0.4003984034061432,0.4571828842163086
YJL089W,YLR363C,0,-0.2639771,0.08083651959896088,0.4003984034061432,0.4572829008102417
YLR023C,YML047C,0,-0.264087,0.08082026243209839,0.4003984034061432,0.4573829472064972
YKL006C-A,YPL233W,0,-0.26409432,0.0808040201663971,0.4003984034061432,0.4574829936027527
YFR010W,YPL100W,0,-0.2641426,0.0807877779006958,0.4003984034061432,0.4575830399990082
YGL067W,YMR081C,0,-0.26414365,0.0807715505361557,0.4003984034061432,0.45768308639526367
YER044C-A,YDR023W,0,-0.26421905,0.0807553231716156,0.4003984034061432,0.4577831029891968
YGR178C,YIR019C,0,-0.2642559,0.0807391032576561,0.4003984034061432,0.45788314938545227
YOL011W,YCR063W,0,-0.2643037,0.08072289079427719,0.4003984034061432,0.45798319578170776
YPR057W,YLR054C,0,-0.26437512,0.08070668578147888,0.4003984034061432,0.45808324217796326
YBR146W,YGL127C,0,-0.26440796,0.08069048821926117,0.4003984034061432,0.45818325877189636
YHR202W,YNL123W,0,-0.26456535,0.08067429065704346,0.4003984034061432,0.45828330516815186
YOR131C,YER089C,1,-0.26460227,0.0808587446808815,0.40139442682266235,0.45828330516815186
YGR260W,YHL026C,0,-0.26461187,0.080842524766922,0.40139442682266235,0.45838335156440735
YDR359C,YHR193C,0,-0.26470593,0.08082631230354309,0.40139442682266235,0.45848339796066284
YER014W,YML059C,0,-0.26477686,0.08081010729074478,0.40139442682266235,0.45858344435691833
YOR191W,YIL056W,0,-0.26480398,0.08079390227794647,0.40139442682266235,0.45868346095085144
YML100W,YDR481C,1,-0.26492614,0.0809781551361084,0.4023904502391815,0.45868346095085144
YGR103W,YGR129W,0,-0.26492932,0.0809619203209877,0.4023904502391815,0.45878350734710693
YDR227W,YOR026W,0,-0.26504943,0.0809457004070282,0.4023904502391815,0.4588835537433624
YOR018W,YGL167C,0,-0.26505086,0.08092948794364929,0.4023904502391815,0.4589836001396179
YPR106W,YGL231C,0,-0.26513675,0.08091327548027039,0.4023904502391815,0.4590836465358734
YDR528W,YBR146W,0,-0.2652291,0.08089707791805267,0.4023904502391815,0.4591836631298065
YDR246W,YCL039W,0,-0.26523757,0.08088088035583496,0.4023904502391815,0.459283709526062
YLR167W,YKL052C,0,-0.26524463,0.08086469024419785,0.4023904502391815,0.4593837559223175
YKR053C,YJL058C,0,-0.26537296,0.08084850758314133,0.4023904502391815,0.459483802318573
YJR120W,YDR438W,0,-0.26542282,0.0808323323726654,0.4023904502391815,0.4595838189125061
YBR005W,YNL216W,0,-0.26552343,0.08081616461277008,0.4023904502391815,0.4596838653087616
YDL018C,YKL077W,0,-0.2655407,0.08079999685287476,0.4023904502391815,0.4597839117050171
YFR031C-A,YGL063W,0,-0.26563683,0.08078384399414062,0.4023904502391815,0.4598839581012726
YEL020W-A,YDR386W,0,-0.2657518,0.0807676911354065,0.4023904502391815,0.4599840044975281
YPR097W,YLR263W,0,-0.26581606,0.08075154572725296,0.4023904502391815,0.4600840210914612
YAL051W,YCR038C,0,-0.26584098,0.08073541522026062,0.4023904502391815,0.4601840674877167
YNL217W,YNL325C,1,-0.26584223,0.08091907948255539,0.4033864438533783,0.4601840674877167
YNL243W,YJL083W,0,-0.26592883,0.08090291917324066,0.4033864438533783,0.46028411388397217
YGR217W,YNL132W,0,-0.26607916,0.08088675886392593,0.4033864438533783,0.46038416028022766
YLR442C,YKL114C,0,-0.26608205,0.0808706060051918,0.4033864438533783,0.46048420667648315
YGR217W,YPL178W,0,-0.2661493,0.08085446059703827,0.4033864438533783,0.46058422327041626
YNL199C,YIL030C,0,-0.26615342,0.08083832263946533,0.4033864438533783,0.46068426966667175
YOR273C,YHL015W,0,-0.2662558,0.08082219213247299,0.4033864438533783,0.46078431606292725
YER149C,YKL087C,0,-0.2663215,0.08080606907606125,0.4033864438533783,0.46088436245918274
YGL229C,YAL016W,1,-0.26637676,0.08098942786455154,0.40438246726989746,0.46088436245918274
YIR004W,YNL029C,0,-0.2663971,0.08097327500581741,0.40438246726989746,0.46098437905311584
YFL025C,YNL024C,0,-0.26641735,0.08095712959766388,0.40438246726989746,0.46108442544937134
YPR073C,YLR345W,1,-0.2664216,0.08114035427570343,0.4053784906864166,0.46108442544937134
YAL009W,YDL047W,1,-0.2664393,0.08132349699735641,0.4063745141029358,0.46108442544937134
YGR055W,YLR092W,0,-0.26646534,0.0813072919845581,0.4063745141029358,0.46118447184562683
YLR143W,YDR105C,0,-0.2666517,0.0812910944223404,0.4063745141029358,0.4612845182418823
YOL095C,YGL111W,0,-0.26666144,0.08127489686012268,0.4063745141029358,0.4613845646381378
YPL228W,YNL099C,1,-0.26668045,0.08145787566900253,0.40737050771713257,0.4613845646381378
YIL013C,YPL234C,0,-0.2668207,0.08144165575504303,0.40737050771713257,0.4614845812320709
YMR081C,YOR383C,0,-0.2669345,0.08142544329166412,0.40737050771713257,0.4615846276283264
YKL016C,YPL145C,0,-0.26701707,0.08140923827886581,0.40737050771713257,0.4616846740245819
YLR023C,YKL032C,0,-0.26704645,0.0813930332660675,0.40737050771713257,0.4617847204208374
YIR004W,YPL145C,0,-0.26712266,0.08137684315443039,0.40737050771713257,0.4618847668170929
YGR208W,YDR284C,1,-0.26713362,0.08155957609415054,0.40836653113365173,0.4618847668170929
YAL056W,YPL156C,0,-0.26714435,0.08154335618019104,0.40836653113365173,0.461984783411026
YCR086W,YPR128C,0,-0.2673647,0.08152714371681213,0.40836653113365173,0.4620848298072815
YPL126W,YLR044C,0,-0.26738626,0.08151093125343323,0.40836653113365173,0.462184876203537
YIR004W,YLR299W,0,-0.26743376,0.08149473369121552,0.40836653113365173,0.4622849225997925
YIL052C,YNR052C,0,-0.26750892,0.0814785361289978,0.40836653113365173,0.4623849391937256
YPR148C,YPL178W,0,-0.26752865,0.08146234601736069,0.40836653113365173,0.4624849855899811
YKR053C,YDR176W,0,-0.26767206,0.08144616335630417,0.40836653113365173,0.4625850319862366
YDL135C,YJR027W,0,-0.2677097,0.08142998814582825,0.40836653113365173,0.46268507838249207
YGL096W,YBR131W,0,-0.26777118,0.08141382038593292,0.40836653113365173,0.46278512477874756
YBR046C,YPL198W,0,-0.2678157,0.0813976600766182,0.40836653113365173,0.46288514137268066
YMR313C,YOR259C,0,-0.2679475,0.08138149976730347,0.40836653113365173,0.46298518776893616
YBR043C,YJL168C,0,-0.267949,0.08136534690856934,0.40836653113365173,0.46308523416519165
YMR232W,YJR084W,0,-0.26796946,0.0813492089509964,0.40836653113365173,0.46318528056144714
YOR264W,YPL021W,0,-0.2680052,0.08133307099342346,0.40836653113365173,0.46328532695770264
YMR156C,YKL212W,1,-0.2680759,0.08151527494192123,0.4093625545501709,0.46328532695770264
YDL091C,YMR001C,0,-0.26811805,0.08149910718202591,0.4093625545501709,0.46338534355163574
YMR081C,YNL111C,0,-0.26841614,0.08148294687271118,0.4093625545501709,0.46348538994789124
YLR085C,YPL233W,0,-0.2684549,0.08146680146455765,0.4093625545501709,0.46358543634414673
YOL055C,YEL001C,0,-0.268473,0.08145065605640411,0.4093625545501709,0.4636854827404022
YDR323C,YIL037C,0,-0.26855826,0.08143451809883118,0.4093625545501709,0.4637854993343353
YGR123C,YBR022W,1,-0.2686329,0.08161648362874985,0.41035857796669006,0.4637854993343353
YPL171C,YKL016C,0,-0.2686887,0.08160031586885452,0.41035857796669006,0.4638855457305908
YIL156W,YLR259C,0,-0.26872075,0.0815841555595398,0.41035857796669006,0.4639855921268463
YNL133C,YNL036W,0,-0.26875493,0.08156800270080566,0.41035857796669006,0.4640856385231018
YBR112C,YNR037C,0,-0.26878443,0.08155185729265213,0.41035857796669006,0.4641856849193573
YDR256C,YOL052C-A,0,-0.2689574,0.0815357193350792,0.41035857796669006,0.4642857015132904
YOR091W,YBL051C,0,-0.26897448,0.08151958882808685,0.41035857796669006,0.4643857479095459
YDL145C,YMR091C,0,-0.2689995,0.08150345832109451,0.41035857796669006,0.4644857943058014
YDR377W,YPR143W,0,-0.2690322,0.08148734271526337,0.41035857796669006,0.4645858407020569
YOR192C,YPR003C,0,-0.26905608,0.08147122710943222,0.41035857796669006,0.4646858870983124
YPL179W,YAL016W,1,-0.26916948,0.08165282756090164,0.41135457158088684,0.4646858870983124
YCR086W,YJL212C,0,-0.26916972,0.0816366896033287,0.41135457158088684,0.4647859036922455
YPR128C,YJL058C,0,-0.26929763,0.08162055164575577,0.41135457158088684,0.464885950088501
YEL032W,YPL049C,0,-0.26930347,0.08160442858934402,0.41135457158088684,0.46498599648475647
YBR153W,YDR234W,0,-0.2693334,0.08158830553293228,0.41135457158088684,0.46508604288101196
YBR069C,YCR018C,0,-0.2693605,0.08157218992710114,0.41135457158088684,0.46518608927726746
YIL038C,YPL254W,0,-0.26938632,0.08155608177185059,0.41135457158088684,0.46528610587120056
YOR060C,YPL075W,0,-0.26944628,0.08153998106718063,0.41135457158088684,0.46538615226745605
YBL014C,YMR125W,0,-0.26946506,0.08152388781309128,0.41135457158088684,0.46548619866371155
YDR482C,YDR243C,0,-0.26950705,0.08150779455900192,0.41135457158088684,0.46558624505996704
YPL141C,YFR047C,0,-0.26951316,0.08149171620607376,0.41135457158088684,0.46568626165390015
YHR090C,YPL135W,0,-0.26960507,0.0814756378531456,0.41135457158088684,0.46578630805015564
YKR100C,YNL133C,0,-0.26961452,0.08145956695079803,0.41135457158088684,0.46588635444641113
YOR207C,YGL096W,0,-0.26965848,0.08144350349903107,0.41135457158088684,0.4659864008426666
YGR244C,YDR105C,0,-0.26971358,0.0814274474978447,0.41135457158088684,0.4660864472389221
YOR018W,YDL189W,0,-0.26977986,0.08141139149665833,0.41135457158088684,0.4661864638328552
YGR254W,YBL063W,0,-0.2699452,0.08139535039663315,0.41135457158088684,0.4662865102291107
YDL189W,YGR040W,0,-0.26995215,0.08137930929660797,0.41135457158088684,0.4663865566253662
YJL012C,YLR249W,0,-0.2700484,0.08136327564716339,0.41135457158088684,0.4664866030216217
YMR262W,YJL083W,0,-0.2701061,0.08134724944829941,0.41135457158088684,0.4665866494178772
YER032W,YOL052C-A,0,-0.270143,0.08133123070001602,0.41135457158088684,0.4666866660118103
YHR108W,YOL154W,0,-0.27022925,0.08131521940231323,0.41135457158088684,0.4667867124080658
YGL226W,YKL114C,0,-0.27029136,0.08129921555519104,0.41135457158088684,0.4668867588043213
YGL142C,YHL003C,0,-0.27029255,0.08128321170806885,0.41135457158088684,0.4669868052005768
YOR136W,YBR131W,0,-0.27032396,0.08126721531152725,0.41135457158088684,0.4670868217945099
YJR131W,YEL024W,0,-0.27041957,0.08125122636556625,0.41135457158088684,0.4671868681907654
YGL092W,YBR005W,0,-0.27044392,0.08123524487018585,0.41135457158088684,0.4672869145870209
YPR095C,YKR027W,0,-0.27051106,0.08121927082538605,0.41135457158088684,0.46738696098327637
YBR112C,YDL123W,0,-0.2705299,0.08120330423116684,0.41135457158088684,0.46748700737953186
YML016C,YHL026C,0,-0.27053097,0.08118733763694763,0.41135457158088684,0.46758702397346497
YNL222W,YOR090C,1,-0.2705726,0.08136792480945587,0.412350594997406,0.46758702397346497
YDR204W,YOR330C,0,-0.27069476,0.08135193586349487,0.412350594997406,0.46768707036972046
YPR148C,YPL049C,0,-0.270748,0.08133595436811447,0.412350594997406,0.46778711676597595
YPR114W,YEL044W,0,-0.27077124,0.08131997287273407,0.412350594997406,0.46788716316223145
YDR227W,YDR301W,0,-0.27079108,0.08130400627851486,0.412350594997406,0.46798720955848694
YLL067C,YER032W,0,-0.27082953,0.08128803968429565,0.412350594997406,0.46808722615242004
YOL055C,YIL153W,0,-0.27100495,0.08127208799123764,0.412350594997406,0.46818727254867554
YGL196W,YPL207W,0,-0.27104256,0.08125613629817963,0.412350594997406,0.46828731894493103
YER133W,YER089C,1,-0.27110907,0.08143641799688339,0.41334661841392517,0.46828731894493103
YLR052W,YGL049C,0,-0.2712771,0.08142044395208359,0.41334661841392517,0.4683873653411865
YGL028C,YNL190W,0,-0.271289,0.08140446990728378,0.41334661841392517,0.46848738193511963
YPL116W,YKL155C,0,-0.27129322,0.08138851076364517,0.41334661841392517,0.4685874283313751
YML041C,YCR106W,0,-0.27136564,0.08137255162000656,0.41334661841392517,0.4686874747276306
YHR073W,YKR034W,0,-0.27146956,0.08135659992694855,0.41334661841392517,0.4687875211238861
YOR156C,YGL058W,0,-0.27150148,0.08134064823389053,0.41334661841392517,0.4688875675201416
YGR212W,YML067C,0,-0.27151334,0.08132471144199371,0.41334661841392517,0.4689875841140747
YHL017W,YDR098C,0,-0.27161944,0.0813087746500969,0.41334661841392517,0.4690876305103302
YLR052W,YJR150C,0,-0.2717207,0.08129285275936127,0.41334661841392517,0.4691876769065857
YBR085W,YMR118C,0,-0.271753,0.08127693086862564,0.41334661841392517,0.4692877233028412
YGL229C,YMR036C,1,-0.27177137,0.08145682513713837,0.41434264183044434,0.4692877233028412
YNL053W,YER075C,1,-0.27179316,0.08163664489984512,0.4153386354446411,0.4692877233028412
YNL246W,YNL065W,0,-0.2718052,0.08162067085504532,0.4153386354446411,0.4693877696990967
YOR253W,YLR058C,0,-0.27188492,0.08160469681024551,0.4153386354446411,0.4694877862930298
YIL056W,YGL195W,0,-0.27190349,0.0815887302160263,0.4153386354446411,0.4695878326892853
YDR343C,YPR100W,0,-0.27194604,0.0815727710723877,0.4153386354446411,0.46968787908554077
YGL229C,YGR203W,1,-0.27198187,0.08175239711999893,0.4163346588611603,0.46968787908554077
YPR161C,YPL043W,0,-0.2719837,0.08173640817403793,0.4163346588611603,0.46978792548179626
YML100W,YPR199C,0,-0.27198854,0.08172042667865753,0.4163346588611603,0.46988794207572937
YJL162C,YGL240W,0,-0.2719892,0.08170446008443832,0.4163346588611603,0.46998798847198486
YFR047C,YOL061W,0,-0.27203122,0.08168848603963852,0.4163346588611603,0.47008803486824036
YDL236W,YLR019W,1,-0.27216682,0.08186791837215424,0.41733068227767944,0.47008803486824036
YGL018C,YMR001C,0,-0.2721766,0.08185192197561264,0.41733068227767944,0.47018808126449585
YBL080C,YKL039W,0,-0.27241263,0.08183594048023224,0.41733068227767944,0.47028812766075134
YOR208W,YHR076W,1,-0.2724254,0.08201523125171661,0.4183267056941986,0.47028812766075134
YBR038W,YCL016C,0,-0.2724488,0.08199921995401382,0.4183267056941986,0.47038814425468445
YMR053C,YPR100W,0,-0.27246156,0.08198321610689163,0.4183267056941986,0.47048819065093994
YPL004C,YHR150W,0,-0.27248248,0.08196721225976944,0.4183267056941986,0.47058823704719543
YHR205W,YER093C,0,-0.27249998,0.08195121586322784,0.4183267056941986,0.4706882834434509
YML107C,YGR193C,0,-0.2725039,0.08193523436784744,0.4183267056941986,0.4707883298397064
YJL180C,YJL173C,0,-0.2725611,0.08191925287246704,0.4183267056941986,0.4708883464336395
YGL189C,YDR323C,0,-0.27256802,0.08190327882766724,0.4183267056941986,0.470988392829895
YML011C,YDR080W,0,-0.2726292,0.08188730478286743,0.4183267056941986,0.4710884392261505
YDL175C,YDR273W,0,-0.27264026,0.08187134563922882,0.4183267056941986,0.471188485622406
YJR117W,YBL038W,0,-0.27266362,0.08185538649559021,0.4183267056941986,0.4712885022163391
YDR092W,YBR121C,0,-0.27267054,0.08183944225311279,0.4183267056941986,0.4713885486125946
YJL162C,YLR432W,0,-0.27267888,0.08182349801063538,0.4183267056941986,0.4714885950088501
YBR181C,YGL144C,0,-0.27268162,0.08180755376815796,0.4183267056941986,0.4715886414051056
YPR114W,YDR040C,0,-0.27270317,0.08179162442684174,0.4183267056941986,0.4716886878013611
YPL133C,YPR134W,0,-0.27270338,0.08177570253610611,0.4183267056941986,0.4717887043952942
YAL056W,YDR135C,0,-0.2728217,0.08175978064537048,0.4183267056941986,0.4718887507915497
YHR148W,YKL002W,0,-0.27289215,0.08174386620521545,0.4183267056941986,0.4719887971878052
YPL209C,YJL012C,0,-0.27297324,0.08172795921564102,0.4183267056941986,0.47208884358406067
YOR065W,YLR460C,0,-0.27297428,0.08171205967664719,0.4183267056941986,0.47218888998031616
YKL014C,YBR089C-A,0,-0.27298096,0.08169616758823395,0.4183267056941986,0.47228890657424927
YOR045W,YPL004C,0,-0.2730023,0.0816802829504013,0.4183267056941986,0.47238895297050476
YIL022W,YNL176C,0,-0.27303436,0.08166439831256866,0.4183267056941986,0.47248899936676025
YPL239W,YLL053C,0,-0.27311078,0.08164852112531662,0.4183267056941986,0.47258904576301575
YOR358W,YDL046W,0,-0.273186,0.08163265138864517,0.4183267056941986,0.47268906235694885
YNL173C,YBR162C,0,-0.2731951,0.08161678910255432,0.4183267056941986,0.47278910875320435
YLL018C,YKL062W,0,-0.27334422,0.08160093426704407,0.4183267056941986,0.47288915514945984
YLR131C,YGR007W,0,-0.27335104,0.08158507943153381,0.4183267056941986,0.47298920154571533
YBR130C,YLR377C,0,-0.2733799,0.08156923949718475,0.4183267056941986,0.4730892479419708
YKR007W,YNL180C,0,-0.27339438,0.0815533995628357,0.4183267056941986,0.47318926453590393
YNL031C,YDR407C,0,-0.27341574,0.08153756707906723,0.4183267056941986,0.4732893109321594
YPL171C,YPL176C,0,-0.2734202,0.08152174204587936,0.4183267056941986,0.4733893573284149
YDR145W,YDR243C,0,-0.2734557,0.0815059170126915,0.4183267056941986,0.4734894037246704
YPL179W,YOL064C,1,-0.27346525,0.08168412744998932,0.4193226993083954,0.4734894037246704
YOR079C,YPL173W,0,-0.27347144,0.08166828006505966,0.4193226993083954,0.4735894501209259
YNL288W,YDL223C,0,-0.27350658,0.0816524401307106,0.4193226993083954,0.473689466714859
YPL203W,YNL251C,0,-0.2735149,0.08163660764694214,0.4193226993083954,0.4737895131111145
YER143W,YPL097W,0,-0.27363738,0.08162078261375427,0.4193226993083954,0.47388955950737
YNL020C,YLL057C,0,-0.27365115,0.081604965031147,0.4193226993083954,0.4739896059036255
YPR110C,YDR289C,0,-0.2736665,0.08158914744853973,0.4193226993083954,0.4740896224975586
YFR040W,YNL106C,1,-0.27373812,0.08176709711551666,0.42031872272491455,0.4740896224975586
YIL075C,YIL173W,0,-0.27376547,0.0817512571811676,0.42031872272491455,0.4741896688938141
YDR359C,YHR114W,0,-0.273875,0.08173542469739914,0.42031872272491455,0.4742897152900696
YKL141W,YLR409C,0,-0.27394152,0.08171959966421127,0.42031872272491455,0.4743897616863251
YKL033W,YDL091C,0,-0.27394238,0.08170377463102341,0.42031872272491455,0.47448980808258057
YGL093W,YFR034C,0,-0.2739744,0.08168795704841614,0.42031872272491455,0.47458982467651367
YGR174C,YDR398W,0,-0.27398783,0.08167214691638947,0.42031872272491455,0.47468987107276917
YOR272W,YNL029C,0,-0.27400807,0.08165634423494339,0.42031872272491455,0.47478991746902466
YCL051W,YDR041W,0,-0.27403805,0.08164054900407791,0.42031872272491455,0.47488996386528015
YML016C,YKR031C,0,-0.2740873,0.08162476122379303,0.42031872272491455,0.47499001026153564
YHR122W,YER100W,0,-0.27411053,0.08160897344350815,0.42031872272491455,0.47509002685546875
YBL100W-B,YKL040C,0,-0.27411273,0.08159319311380386,0.42031872272491455,0.47519007325172424
YLR361C,YAL016W,1,-0.2741743,0.08177073299884796,0.4213147461414337,0.47519007325172424
YIL118W,YMR262W,0,-0.27425736,0.08175493031740189,0.4213147461414337,0.47529011964797974
YOR065W,YPR010C,0,-0.27432647,0.08173912763595581,0.4213147461414337,0.47539016604423523
YOR262W,YDR004W,0,-0.27436432,0.08172333985567093,0.4213147461414337,0.47549018263816833
YBR211C,YOR254C,0,-0.27437064,0.08170755207538605,0.4213147461414337,0.47559022903442383
YMR015C,YJL069C,0,-0.2744048,0.08169177174568176,0.4213147461414337,0.4756902754306793
YML045W,YDR150W,0,-0.27448863,0.08167599886655807,0.4213147461414337,0.4757903218269348
YBR016W,YMR091C,0,-0.27451536,0.08166023343801498,0.4213147461414337,0.4758903682231903
YDL188C,YNL128W,1,-0.2745963,0.0818374827504158,0.4223107695579529,0.4758903682231903
YBR086C,YDR165W,0,-0.27461976,0.08182168751955032,0.4223107695579529,0.4759903848171234
YDR372C,YER149C,0,-0.27462485,0.08180590718984604,0.4223107695579529,0.4760904312133789
YDL230W,YDR528W,0,-0.27464926,0.08179012686014175,0.4223107695579529,0.4761904776096344
YGR082W,YOR330C,0,-0.27473363,0.08177434653043747,0.4223107695579529,0.4762905240058899
YHR150W,YKR072C,0,-0.2748093,0.08175858110189438,0.4223107695579529,0.4763905704021454
YHR120W,YKL087C,0,-0.27481493,0.08174281567335129,0.4223107695579529,0.4764905869960785
YGR099W,YDR386W,0,-0.27494493,0.08172706514596939,0.4223107695579529,0.476590633392334
YBR112C,YDR135C,0,-0.27496177,0.0817113146185875,0.4223107695579529,0.4766906797885895
YDR092W,YOR227W,0,-0.27504197,0.0816955715417862,0.4223107695579529,0.47679072618484497
YHR035W,YHR202W,0,-0.27509093,0.0816798284649849,0.4223107695579529,0.4768907427787781
YDR280W,YNL240C,0,-0.27511135,0.08166410028934479,0.4223107695579529,0.47699078917503357
YBR101C,YER038C,0,-0.27520517,0.08164837211370468,0.4223107695579529,0.47709083557128906
YDR246W,YBL072C,0,-0.27529916,0.08163265138864517,0.4223107695579529,0.47719088196754456
YDR276C,YLR189C,0,-0.27538076,0.08161693811416626,0.4223107695579529,0.47729092836380005
YLR347C,YDL124W,0,-0.27543247,0.08160123229026794,0.4223107695579529,0.47739094495773315
YLR196W,YKR095W,0,-0.27544627,0.08158552646636963,0.4223107695579529,0.47749099135398865
YCL016C,YGR161C,0,-0.27545923,0.08156983554363251,0.4223107695579529,0.47759103775024414
YLR131C,YPR105C,0,-0.275472,0.08155414462089539,0.4223107695579529,0.47769108414649963
YDR213W,YKL051W,0,-0.27552095,0.08153846114873886,0.4223107695579529,0.4777911305427551
YNL031C,YML096W,0,-0.27560323,0.08152278512716293,0.4223107695579529,0.47789114713668823
YPL145C,YJL083W,0,-0.27561808,0.081507109105587,0.4223107695579529,0.4779911935329437
YLR193C,YOL126C,0,-0.27566546,0.08149144798517227,0.4223107695579529,0.4780912399291992
YNL183C,YNL029C,0,-0.275768,0.08147578686475754,0.4223107695579529,0.4781912863254547
YOR267C,YPR161C,0,-0.27582887,0.0814601331949234,0.4223107695579529,0.4782913029193878
YBR043C,YLR056W,0,-0.27590254,0.08144448697566986,0.4223107695579529,0.4783913493156433
YML016C,YDR287W,1,-0.2759076,0.08162089437246323,0.42330676317214966,0.4783913493156433
YHR148W,YLR361C,0,-0.2759193,0.0816052258014679,0.42330676317214966,0.4784913957118988
YLR037C,YCL039W,0,-0.27594438,0.08158955723047256,0.42330676317214966,0.4785914421081543
YMR055C,YDR430C,0,-0.2759496,0.08157389611005783,0.42330676317214966,0.4786914885044098
YDR002W,YPL235W,0,-0.27620694,0.0815582424402237,0.42330676317214966,0.4787915050983429
YNL286W,YKL040C,0,-0.2762708,0.08154259622097015,0.42330676317214966,0.4788915514945984
YBR153W,YER129W,0,-0.27627376,0.08152695000171661,0.42330676317214966,0.4789915978908539
YLR328W,YPL135W,0,-0.27628285,0.08151131868362427,0.42330676317214966,0.4790916442871094
YCR045C,YDR381W,0,-0.2762931,0.08149568736553192,0.42330676317214966,0.47919169068336487
YNL167C,YOL009C,0,-0.27642825,0.08148006349802017,0.42330676317214966,0.479291707277298
YAR042W,YDR399W,0,-0.27644908,0.08146443963050842,0.42330676317214966,0.47939175367355347
YGR205W,YOR320C,0,-0.27651283,0.08144883066415787,0.42330676317214966,0.47949180006980896
YDR217C,YNL029C,0,-0.27653283,0.08143322169780731,0.42330676317214966,0.47959184646606445
YBR130C,YPL063W,0,-0.27656505,0.08141762763261795,0.42330676317214966,0.47969186305999756
YIL064W,YMR081C,0,-0.27657118,0.08140203356742859,0.42330676317214966,0.47979190945625305
YPR105C,YCL067C,0,-0.27660593,0.08138643950223923,0.42330676317214966,0.47989195585250854
YOL020W,YFR038W,0,-0.27684692,0.08137086033821106,0.42330676317214966,0.47999200224876404
YLR019W,YDR087C,0,-0.27691764,0.08135528117418289,0.42330676317214966,0.48009204864501953
YOR192C,YOL084W,0,-0.27697662,0.08133970946073532,0.42330676317214966,0.48019206523895264
YLR220W,YDR276C,0,-0.27697888,0.08132414519786835,0.42330676317214966,0.48029211163520813
YDR386W,YOR060C,0,-0.2770687,0.08130858838558197,0.42330676317214966,0.4803921580314636
YLR239C,YKL145W,0,-0.27715617,0.08129303902387619,0.42330676317214966,0.4804922044277191
YJL089W,YJR050W,0,-0.2771941,0.08127748966217041,0.42330676317214966,0.4805922508239746
YDL003W,YDR528W,0,-0.27728593,0.08126194775104523,0.42330676317214966,0.4806922674179077
YJL035C,YJL216C,0,-0.2773568,0.08124641329050064,0.42330676317214966,0.4807923138141632
YIL030C,YPL178W,0,-0.27739096,0.08123088628053665,0.42330676317214966,0.4808923602104187
YML031W,YGR208W,0,-0.27739608,0.08121536672115326,0.42330676317214966,0.4809924066066742
YDL230W,YDL235C,0,-0.27753717,0.08119984716176987,0.42330676317214966,0.4810924232006073
YOL020W,YBR162W-A,0,-0.27754048,0.08118433505296707,0.42330676317214966,0.4811924695968628
YCR045C,YJR108W,0,-0.27754334,0.08116883039474487,0.42330676317214966,0.4812925159931183
YJL013C,YNR053C,0,-0.2775447,0.08115333318710327,0.42330676317214966,0.4813925623893738
YOR380W,YIL123W,0,-0.27754942,0.08113783597946167,0.42330676317214966,0.4814926087856293
YIL144W,YDR359C,0,-0.27756575,0.08112235367298126,0.42330676317214966,0.4815926253795624
YHR005C,YJL003W,0,-0.27760592,0.08110687136650085,0.42330676317214966,0.48169267177581787
YOR258W,YPL063W,0,-0.27771118,0.08109139651060104,0.42330676317214966,0.48179271817207336
YMR230W,YNL317W,0,-0.27777025,0.08107592165470123,0.42330676317214966,0.48189276456832886
YIL119C,YOL116W,0,-0.277796,0.08106046169996262,0.42330676317214966,0.48199281096458435
YLR004C,YIL018W,0,-0.2778532,0.081045001745224,0.42330676317214966,0.48209282755851746
YDR280W,YMR001C,0,-0.27791554,0.08102954924106598,0.42330676317214966,0.48219287395477295
YFL061W,YLL067C,0,-0.2779295,0.08101410418748856,0.42330676317214966,0.48229292035102844
YER063W,YBR131W,0,-0.27805892,0.08099866658449173,0.42330676317214966,0.48239296674728394
YDR468C,YKL099C,0,-0.27811745,0.0809832289814949,0.42330676317214966,0.48249298334121704
YBR034C,YHR133C,0,-0.27828458,0.08096780627965927,0.42330676317214966,0.48259302973747253
YBR038W,YHR088W,0,-0.27832004,0.08095238357782364,0.42330676317214966,0.482693076133728
YIL137C,YNL048W,0,-0.27835187,0.080936960875988,0.42330676317214966,0.4827931225299835
YHL028W,YDR545W,0,-0.27835765,0.08092155307531357,0.42330676317214966,0.482893168926239
YPL179W,YGL224C,1,-0.27839932,0.08109651505947113,0.4243027865886688,0.482893168926239
YPR073C,YBR126C,1,-0.27843115,0.08127140998840332,0.425298810005188,0.482893168926239
YDL024C,YMR087W,1,-0.2784326,0.08144624531269073,0.42629483342170715,0.482893168926239
YBR125C,YMR277W,1,-0.27855074,0.08162100613117218,0.42729082703590393,0.482893168926239
YGR024C,YLR466W,0,-0.27855834,0.08160547912120819,0.42729082703590393,0.4829931855201721
YER129W,YOR059C,0,-0.2786028,0.0815899595618248,0.42729082703590393,0.4830932319164276
YOR045W,YOL023W,0,-0.27861306,0.081574447453022,0.42729082703590393,0.4831932783126831
YNL103W,YEL051W,0,-0.2786278,0.08155893534421921,0.42729082703590393,0.4832933247089386
YER007C-A,YAL011W,0,-0.27869418,0.08154343068599701,0.42729082703590393,0.4833933711051941
YPR154W,YER178W,0,-0.27876016,0.08152793347835541,0.42729082703590393,0.4834933876991272
YER143W,YHR080C,0,-0.27883783,0.0815124437212944,0.42729082703590393,0.4835934340953827
YOL126C,YKR085C,0,-0.27885854,0.081496961414814,0.42729082703590393,0.4836934804916382
YNL221C,YBR016W,0,-0.27892205,0.08148147910833359,0.42729082703590393,0.4837935268878937
YPR143W,YHR154W,0,-0.27895975,0.08146601170301437,0.42729082703590393,0.4838935434818268
YDL134C,YBR022W,1,-0.27897522,0.08164039999246597,0.4282868504524231,0.4838935434818268
YGR094W,YLL057C,0,-0.27902552,0.08162490278482437,0.4282868504524231,0.4839935898780823
YNR048W,YOR059C,0,-0.27905136,0.08160941302776337,0.4282868504524231,0.48409363627433777
YOL132W,YOR078W,0,-0.27906254,0.08159393072128296,0.4282868504524231,0.48419368267059326
YGR283C,YER178W,0,-0.27910072,0.08157844841480255,0.4282868504524231,0.48429372906684875
YMR048W,YLR313C,0,-0.27911302,0.08156297355890274,0.4282868504524231,0.48439374566078186
YGR235C,YPL133C,0,-0.2791303,0.08154750615358353,0.4282868504524231,0.48449379205703735
YOR260W,YNL065W,0,-0.27913752,0.08153204619884491,0.4282868504524231,0.48459383845329285
YOR267C,YEL048C,0,-0.27914044,0.08151658624410629,0.4282868504524231,0.48469388484954834
YBL008W,YJL035C,0,-0.2791976,0.08150113373994827,0.4282868504524231,0.48479393124580383
YER159C,YKL005C,0,-0.2793028,0.08148569613695145,0.4282868504524231,0.48489394783973694
YOL126C,YIL087C,0,-0.27933812,0.08147025108337402,0.4282868504524231,0.48499399423599243
YOR014W,YNL099C,1,-0.27938724,0.08164425194263458,0.42928287386894226,0.48499399423599243
YGR120C,YOR249C,0,-0.27938947,0.08162878453731537,0.42928287386894226,0.4850940406322479
YER177W,YPL235W,0,-0.27943876,0.08161333203315735,0.42928287386894226,0.4851940870285034
YDL105W,YGR193C,0,-0.27954033,0.08159787952899933,0.42928287386894226,0.4852941036224365
YMR130W,YNL099C,1,-0.27966297,0.08177172392606735,0.4302788972854614,0.4852941036224365
YPL137C,YOR247W,0,-0.27968505,0.08175624161958694,0.4302788972854614,0.485394150018692
YHR035W,YLR315W,0,-0.27973887,0.08174077421426773,0.4302788972854614,0.4854941964149475
YLR315W,YKR077W,0,-0.27973983,0.08172531425952911,0.4302788972854614,0.485594242811203
YKL190W,YDR074W,1,-0.27976733,0.081898994743824,0.4312748908996582,0.485594242811203
YIL064W,YHR157W,0,-0.27978188,0.0818835124373436,0.4312748908996582,0.4856942892074585
YOR049C,YPL126W,0,-0.27982616,0.08186803013086319,0.4312748908996582,0.4857943058013916
YPR120C,YKL032C,0,-0.27995065,0.08185255527496338,0.4312748908996582,0.4858943521976471
YOL154W,YJL012C,0,-0.27996013,0.08183708041906357,0.4312748908996582,0.4859943985939026
YKL048C,YER167W,0,-0.2799715,0.08182162046432495,0.4312748908996582,0.4860944449901581
YGL092W,YBL072C,0,-0.27998248,0.08180616050958633,0.4312748908996582,0.4861944913864136
YAL009W,YLR345W,1,-0.27998468,0.08197960257530212,0.43227091431617737,0.4861944913864136
YDR127W,YLR131C,0,-0.28009093,0.08196412026882172,0.43227091431617737,0.4862945079803467
YDL100C,YAL019W,0,-0.28011456,0.08194863796234131,0.43227091431617737,0.4863945543766022
YJL196C,YCR063W,0,-0.2801156,0.0819331705570221,0.43227091431617737,0.48649460077285767
YLR223C,YLR193C,0,-0.2802134,0.08191770315170288,0.43227091431617737,0.48659464716911316
YNL031C,YPL225W,0,-0.2802402,0.08190224319696426,0.43227091431617737,0.48669466376304626
YDL024C,YOR131C,1,-0.28026047,0.08207546919584274,0.43326693773269653,0.48669466376304626
YDR503C,YOR155C,1,-0.28031063,0.08224863559007645,0.4342629611492157,0.48669466376304626
YHR113W,YGL194C,0,-0.28035033,0.08223311603069305,0.4342629611492157,0.48679471015930176
YOL132W,YNL055C,0,-0.28037098,0.08221761137247086,0.4342629611492157,0.48689475655555725
YDR292C,YGL129C,0,-0.28038424,0.08220211416482925,0.4342629611492157,0.48699480295181274
YLR377C,YEL038W,1,-0.28043523,0.08237511664628983,0.4352589547634125,0.48699480295181274
YEL038W,YMR261C,1,-0.2804881,0.08254805952310562,0.43625497817993164,0.48699480295181274
YFL025C,YCL016C,0,-0.28057376,0.08253250271081924,0.43625497817993164,0.48709484934806824
YOL078W,YER159C,0,-0.28065968,0.08251695334911346,0.43625497817993164,0.48719486594200134
YMR053C,YIL120W,0,-0.2809067,0.08250141143798828,0.43625497817993164,0.48729491233825684
YGL104C,YBR034C,0,-0.2809638,0.0824858769774437,0.43625497817993164,0.48739495873451233
YOR334W,YOR048C,0,-0.2810498,0.08247034251689911,0.43625497817993164,0.4874950051307678
YHR146W,YOL135C,0,-0.28106013,0.08245482295751572,0.43625497817993164,0.4875950515270233
YGR296W,YER060W,0,-0.28106895,0.08243930339813232,0.43625497817993164,0.4876950681209564
YCR065W,YIL087C,0,-0.28117406,0.08242378383874893,0.43625497817993164,0.4877951145172119
YDR490C,YLL018C,0,-0.28119555,0.08240827918052673,0.43625497817993164,0.4878951609134674
YER176W,YFR053C,0,-0.28122154,0.08239277452230453,0.43625497817993164,0.4879952073097229
YLR019W,YNL325C,1,-0.28123167,0.08256535977125168,0.4372510015964508,0.4879952073097229
YAR009C,YBR193C,0,-0.28123668,0.08254983276128769,0.4372510015964508,0.488095223903656
YLR284C,YKL145W,0,-0.28129384,0.0825343132019043,0.4372510015964508,0.4881952702999115
YNL056W,YDR280W,0,-0.28129864,0.0825187936425209,0.4372510015964508,0.488295316696167
YHR150W,YNR030W,0,-0.28130203,0.0825032889842987,0.4372510015964508,0.4883953630924225
YJR073C,YHR139C,0,-0.2813786,0.08248778432607651,0.4372510015964508,0.488495409488678
YJR117W,YNL063W,0,-0.28153375,0.0824722871184349,0.4372510015964508,0.4885954260826111
YMR156C,YBR126C,1,-0.28153735,0.08264462649822235,0.43824702501296997,0.4885954260826111
YNL020C,YDR439W,0,-0.28155163,0.08262910693883896,0.43824702501296997,0.4886954724788666
YNL032W,YAR071W,1,-0.2816654,0.08280134946107864,0.43924301862716675,0.4886954724788666
YCR018C,YDR300C,0,-0.28181896,0.08278580754995346,0.43924301862716675,0.48879551887512207
YMR232W,YOR065W,0,-0.2818241,0.08277027308940887,0.43924301862716675,0.48889556527137756
YNL199C,YHR110W,0,-0.28183454,0.08275473862886429,0.43924301862716675,0.48899561166763306
YPR188C,YOR359W,0,-0.2818772,0.0827392116189003,0.43924301862716675,0.48909562826156616
YGL229C,YFR025C,1,-0.28190544,0.08291127532720566,0.4402390420436859,0.48909562826156616
YDR168W,YKL039W,0,-0.28199214,0.08289572596549988,0.4402390420436859,0.48919567465782166
YJL089W,YPR133C,0,-0.28202045,0.0828801766037941,0.4402390420436859,0.48929572105407715
YLR277C,YGR296W,0,-0.2820412,0.08286464214324951,0.4402390420436859,0.48939576745033264
YDR110W,YER127W,0,-0.2820871,0.08284910768270493,0.4402390420436859,0.48949578404426575
YMR015C,YFR038W,0,-0.28220618,0.08283358067274094,0.4402390420436859,0.48959583044052124
YNL318C,YNR038W,0,-0.28228232,0.08281806111335754,0.4402390420436859,0.48969587683677673
YJR096W,YPL178W,0,-0.28234747,0.08280254900455475,0.4402390420436859,0.4897959232330322
YML016C,YDL134C,1,-0.2823693,0.08297433704137802,0.4412350654602051,0.4897959232330322
YPR046W,YNL065W,0,-0.28240424,0.08295880258083344,0.4412350654602051,0.4898959696292877
YCR045C,YKL048C,0,-0.28259143,0.08294326812028885,0.4412350654602051,0.4899959862232208
YHR009C,YIL107C,0,-0.28261182,0.08292774111032486,0.4412350654602051,0.4900960326194763
YMR215W,YGR007W,0,-0.2826131,0.08291222155094147,0.4412350654602051,0.4901960790157318
YPL061W,YLR352W,0,-0.28261712,0.08289670944213867,0.4412350654602051,0.4902961254119873
YIL018W,YDL076C,0,-0.28265482,0.08288119733333588,0.4412350654602051,0.4903961718082428
YPL036W,YNL221C,0,-0.28265676,0.08286569267511368,0.4412350654602051,0.4904961884021759
YKL029C,YNL094W,0,-0.28268638,0.08285019546747208,0.4412350654602051,0.4905962347984314
YKR053C,YPL063W,0,-0.282712,0.08283470571041107,0.4412350654602051,0.4906962811946869
YDR268W,YDL087C,0,-0.28271925,0.08281921595335007,0.4412350654602051,0.4907963275909424
YOR011W,YDR397C,0,-0.28281304,0.08280374109745026,0.4412350654602051,0.4908963441848755
YDL024C,YHR004C,1,-0.28289536,0.08297514170408249,0.44223108887672424,0.4908963441848755
YGR024C,YJR048W,0,-0.28290004,0.08295964449644089,0.44223108887672424,0.490996390581131
YGL053W,YBR131W,0,-0.28301826,0.08294413983821869,0.44223108887672424,0.4910964369773865
YKL134C,YOR330C,0,-0.2830273,0.08292865008115768,0.44223108887672424,0.49119648337364197
YEL051W,YKL005C,0,-0.2830363,0.08291316777467728,0.44223108887672424,0.49129652976989746
YDR067C,YHR044C,1,-0.2831262,0.08308438956737518,0.443227082490921,0.49129652976989746
YGR123C,YMR036C,1,-0.28320694,0.08325555175542831,0.4442231059074402,0.49129652976989746
YAL048C,YLR056W,0,-0.2832911,0.08324001729488373,0.4442231059074402,0.49139654636383057
YGR024C,YLR292C,0,-0.28337416,0.08322448283433914,0.4442231059074402,0.49149659276008606
YOR129C,YNL240C,0,-0.2833917,0.08320895582437515,0.4442231059074402,0.49159663915634155
YJL012C,YGL006W,0,-0.28340432,0.08319343626499176,0.4442231059074402,0.49169668555259705
YDR437W,YBR094W,0,-0.2834166,0.08317791670560837,0.4442231059074402,0.49179673194885254
YOR018W,YKL033W,0,-0.28350022,0.08316241204738617,0.4442231059074402,0.49189674854278564
YMR059W,YLR432W,0,-0.2835715,0.08314690738916397,0.4442231059074402,0.49199679493904114
YMR275C,YOL059W,0,-0.28364143,0.08313141018152237,0.4442231059074402,0.49209684133529663
YOR380W,YLR288C,0,-0.2837495,0.08311591297388077,0.4442231059074402,0.4921968877315521
YMR036C,YNL325C,1,-0.28377044,0.08328675478696823,0.44521912932395935,0.4921968877315521
YGR181W,YGR129W,0,-0.2838001,0.08327123522758484,0.44521912932395935,0.49229690432548523
YFR010W,YIL144W,0,-0.2838023,0.08325573056936264,0.44521912932395935,0.4923969507217407
YPL076W,YGL195W,0,-0.28380898,0.08324022591114044,0.44521912932395935,0.4924969971179962
YGR224W,YHR194W,0,-0.2838104,0.08322472870349884,0.44521912932395935,0.4925970435142517
YKL026C,YGR193C,0,-0.28381315,0.08320923149585724,0.44521912932395935,0.4926970899105072
YGR103W,YLR259C,0,-0.28388324,0.08319374918937683,0.44521912932395935,0.4927971065044403
YIL014W,YJL026W,0,-0.28389242,0.08317826688289642,0.44521912932395935,0.4928971529006958
YHR043C,YML057W,1,-0.28406903,0.0833488404750824,0.4462151527404785,0.4928971529006958
YNL240C,YNL066W,0,-0.284147,0.0833333358168602,0.4462151527404785,0.4929971992969513
YHR113W,YBR112C,0,-0.2841871,0.0833178386092186,0.4462151527404785,0.4930972456932068
YNL045W,YIL120W,0,-0.284237,0.083302341401577,0.4462151527404785,0.4931972920894623
YIL037C,YHR114W,0,-0.28426173,0.08328685909509659,0.4462151527404785,0.4932973086833954
YHR210C,YNL278W,0,-0.28428224,0.08327137678861618,0.4462151527404785,0.4933973550796509
YKL141W,YPR161C,0,-0.28431258,0.08325590193271637,0.4462151527404785,0.49349740147590637
YMR192W,YDL145C,0,-0.2843973,0.08324043452739716,0.4462151527404785,0.49359744787216187
YLR293C,YDR092W,0,-0.2845609,0.08322496712207794,0.4462151527404785,0.49369746446609497
YLR426W,YKL029C,0,-0.28459725,0.08320950716733932,0.4462151527404785,0.49379751086235046
YBR181C,YLR460C,0,-0.28465715,0.0831940546631813,0.4462151527404785,0.49389755725860596
YPL179W,YKL099C,0,-0.284687,0.08317860960960388,0.4462151527404785,0.49399760365486145
YMR059W,YBR268W,0,-0.28472295,0.08316317200660706,0.4462151527404785,0.49409765005111694
YPL146C,YHL025W,0,-0.2847237,0.08314773440361023,0.4462151527404785,0.49419766664505005
YNL099C,YDL134C,1,-0.28477928,0.08331786841154099,0.4472111463546753,0.49419766664505005
YOR177C,YDL117W,0,-0.28485996,0.08330240845680237,0.4472111463546753,0.49429771304130554
YJL186W,YPL262W,0,-0.28487834,0.08328696340322495,0.4472111463546753,0.49439775943756104
YBR119W,YER167W,0,-0.28487918,0.08327151089906693,0.4472111463546753,0.49449780583381653
YOR193W,YPL137C,0,-0.28491613,0.0832560732960701,0.4472111463546753,0.494597852230072
YNL222W,YER133W,1,-0.28500345,0.08342602849006653,0.44820716977119446,0.494597852230072
YJL155C,YGR208W,1,-0.2850696,0.08359592407941818,0.4492031931877136,0.494597852230072
YGR178C,YPR037C,0,-0.28519312,0.08358042687177658,0.4492031931877136,0.4946978688240051
YBR153W,YGR224W,0,-0.2852114,0.08356494456529617,0.4492031931877136,0.4947979152202606
YLR131C,YKR079C,0,-0.2852244,0.08354946225881577,0.4492031931877136,0.4948979616165161
YDR386W,YGL016W,0,-0.28525856,0.08353398740291595,0.4492031931877136,0.4949980080127716
YPL239W,YNL246W,0,-0.28530526,0.08351851999759674,0.4492031931877136,0.4950980246067047
YNL048W,YOR060C,0,-0.28534812,0.08350305259227753,0.4492031931877136,0.4951980710029602
YBR254C,YBR208C,0,-0.28539446,0.0834876000881195,0.4492031931877136,0.4952981173992157
YLR131C,YHR146W,0,-0.28539997,0.08347214758396149,0.4492031931877136,0.4953981637954712
YAL015C,YOL042W,0,-0.2854479,0.08345669507980347,0.4492031931877136,0.4954982101917267
YIL030C,YGR004W,0,-0.28563714,0.08344125747680664,0.4492031931877136,0.4955982267856598
YJR049C,YKL005C,0,-0.28565204,0.08342581987380981,0.4492031931877136,0.4956982731819153
YHR169W,YLR115W,0,-0.28568727,0.08341039717197418,0.4492031931877136,0.4957983195781708
YOL122C,YPL176C,0,-0.28573287,0.08339496701955795,0.4492031931877136,0.49589836597442627
YML127W,YLR323C,0,-0.2857791,0.08337955176830292,0.4492031931877136,0.49599841237068176
YML045W,YLR019W,0,-0.2857913,0.08336414396762848,0.4492031931877136,0.49609842896461487
YML100W,YMR156C,1,-0.28579614,0.08353354036808014,0.4501992166042328,0.49609842896461487
YKL149C,YDL076C,0,-0.28582683,0.08351811021566391,0.4501992166042328,0.49619847536087036
YPL248C,YPL189W,0,-0.28587678,0.08350268006324768,0.4501992166042328,0.49629852175712585
YOL078W,YMR242C,0,-0.28589332,0.08348725736141205,0.4501992166042328,0.49639856815338135
YBL100W-B,YLR248W,0,-0.28591087,0.08347183465957642,0.4501992166042328,0.49649858474731445
YDR122W,YDR227W,0,-0.2859467,0.08345642685890198,0.4501992166042328,0.49659863114356995
YJL096W,YDR105C,0,-0.2859629,0.08344101905822754,0.4501992166042328,0.49669867753982544
YGR103W,YLR347C,0,-0.28602,0.0834256187081337,0.4501992166042328,0.49679872393608093
YHL017W,YHL031C,0,-0.28610906,0.08341022580862045,0.4501992166042328,0.4968987703323364
YOR189W,YBR248C,0,-0.28617427,0.08339483290910721,0.4501992166042328,0.49699878692626953
YHL038C,YJR153W,0,-0.28620273,0.08337944746017456,0.4501992166042328,0.497098833322525
YFR027W,YPL161C,0,-0.286261,0.08336406946182251,0.4501992166042328,0.4971988797187805
YPR057W,YNL216W,0,-0.28627476,0.08334869891405106,0.4501992166042328,0.497298926115036
YML086C,YDL154W,0,-0.28629234,0.0833333358168602,0.4501992166042328,0.4973989725112915
YER123W,YOL051W,0,-0.28632534,0.08331797271966934,0.4501992166042328,0.4974989891052246
YDL113C,YDR080W,0,-0.28636423,0.08330261707305908,0.4501992166042328,0.4975990355014801
YGR170W,YGR094W,0,-0.2863665,0.08328726887702942,0.4501992166042328,0.4976990818977356
YLR411W,YHR037W,0,-0.28641462,0.08327192068099976,0.4501992166042328,0.4977991282939911
YLL018C-A,YDL243C,0,-0.28649008,0.08325658738613129,0.4501992166042328,0.4978991448879242
YMR105C,YPR097W,0,-0.28649065,0.08324125409126282,0.4501992166042328,0.4979991912841797
YHR108W,YLR249W,0,-0.28661224,0.08322592824697495,0.4501992166042328,0.4980992376804352
YFL049W,YGL226W,0,-0.28674164,0.08321060240268707,0.4501992166042328,0.4981992840766907
YOR262W,YPR067W,0,-0.28674257,0.0831952914595604,0.4501992166042328,0.49829933047294617
YFR047C,YDL012C,0,-0.2867485,0.08317998051643372,0.4501992166042328,0.4983993470668793
YLL067C,YHR020W,0,-0.2867858,0.08316467702388763,0.4501992166042328,0.49849939346313477
YNR019W,YOR129C,0,-0.28697923,0.08314937353134155,0.4501992166042328,0.49859943985939026
YDL243C,YER127W,0,-0.286999,0.08313408493995667,0.4501992166042328,0.49869948625564575
YLR194C,YIL120W,0,-0.28700903,0.08311879634857178,0.4501992166042328,0.49879953265190125
YMR261C,YIL038C,0,-0.28701535,0.08310351520776749,0.4501992166042328,0.49889954924583435
YKL043W,YBL072C,0,-0.28709167,0.0830882340669632,0.4501992166042328,0.49899959564208984
YKR053C,YPL179W,1,-0.2871465,0.08325675129890442,0.45119521021842957,0.49899959564208984
YNL222W,YER075C,1,-0.28719458,0.08342520892620087,0.45219123363494873,0.49899959564208984
YDR490C,YKR052C,0,-0.28726614,0.083409883081913,0.45219123363494873,0.49909964203834534
YER142C,YER060W-A,0,-0.28735518,0.08339456468820572,0.45219123363494873,0.49919968843460083
YNL054W,YDR217C,0,-0.28737262,0.08337924629449844,0.45219123363494873,0.49929970502853394
YDL072C,YJL058C,0,-0.28749338,0.08336393535137177,0.45219123363494873,0.49939975142478943
YAL068C,YBL005W,0,-0.28750166,0.08334863185882568,0.45219123363494873,0.4994997978210449
YHR106W,YOR259C,0,-0.2875682,0.0833333358168602,0.45219123363494873,0.4995998442173004
YPL234C,YGL194C,0,-0.28757617,0.08331803977489471,0.45219123363494873,0.4996998906135559
YDR437W,YBR149W,0,-0.28767884,0.08330275118350983,0.45219123363494873,0.499799907207489
YGR046W,YKL051W,0,-0.28770176,0.08328747004270554,0.45219123363494873,0.4998999536037445
YDL175C,YPR128C,0,-0.28771353,0.08327219635248184,0.45219123363494873,0.5
YJL180C,YMR183C,0,-0.28773,0.08325692266225815,0.45219123363494873,0.5001000165939331
YFR034C,YKR083C,0,-0.2878906,0.08324165642261505,0.45219123363494873,0.500200092792511
YDL236W,YNL217W,1,-0.28792477,0.08340971916913986,0.4531872570514679,0.500200092792511
YPR154W,YDL220C,0,-0.28808972,0.08339443057775497,0.4531872570514679,0.5003001093864441
YPR067W,YHL050C,0,-0.2882951,0.08337914943695068,0.4531872570514679,0.500400185585022
YML011C,YDR384C,0,-0.2883315,0.08336386829614639,0.4531872570514679,0.5005002021789551
YOL144W,YNL023C,0,-0.28844216,0.0833486020565033,0.4531872570514679,0.5006002187728882
YMR059W,YER015W,0,-0.2884679,0.0833333358168602,0.4531872570514679,0.5007002949714661
YLR315W,YBR188C,0,-0.28854987,0.0833180770277977,0.4531872570514679,0.5008003115653992
YIL106W,YLR263W,0,-0.2885584,0.0833028182387352,0.4531872570514679,0.500900387763977
YDR500C,YKL080W,0,-0.28857723,0.08328757435083389,0.4531872570514679,0.5010004043579102
YDL230W,YGL198W,0,-0.28857955,0.08327233046293259,0.4531872570514679,0.5011004209518433
YMR076C,YPL215W,0,-0.28859273,0.08325709402561188,0.4531872570514679,0.5012004971504211
YAL019W,YPL156C,0,-0.28860518,0.08324185758829117,0.4531872570514679,0.5013005137443542
YER038C,YLR143W,0,-0.28860536,0.08322663605213165,0.4531872570514679,0.5014005899429321
YGR060W,YDR317W,0,-0.28860658,0.08321141451597214,0.4531872570514679,0.5015006065368652
YLR167W,YDR122W,0,-0.28869382,0.08319620043039322,0.4531872570514679,0.5016006231307983
YGR082W,YPR175W,0,-0.28871801,0.0831809863448143,0.4531872570514679,0.5017006993293762
YNL099C,YBR022W,1,-0.2887189,0.08334856480360031,0.45418328046798706,0.5017006993293762
YDR122W,YLL053C,0,-0.28885442,0.0833333358168602,0.45418328046798706,0.5018007159233093
YKR053C,YIL002C,1,-0.28889143,0.08350082486867905,0.45517927408218384,0.5018007159233093
YIL098C,YDR244W,0,-0.28892982,0.08348556607961655,0.45517927408218384,0.5019007325172424
YJL013C,YDL134C,0,-0.28895047,0.08347032219171524,0.45517927408218384,0.5020008087158203
YGL139W,YBL100W-B,0,-0.2890229,0.08345507830381393,0.45517927408218384,0.5021008253097534
YNL263C,YFR040W,0,-0.28913674,0.08343984186649323,0.45517927408218384,0.5022009015083313
YFR025C,YGR208W,1,-0.2891516,0.08360715955495834,0.456175297498703,0.5022009015083313
YJL003W,YLR092W,0,-0.28918025,0.08359189331531525,0.456175297498703,0.5023009181022644
YPR180W,YLR384C,0,-0.28918093,0.08357664197683334,0.456175297498703,0.5024009346961975
YMR318C,YJL197W,0,-0.2891886,0.08356139063835144,0.456175297498703,0.5025010108947754
YLR313C,YIL130W,0,-0.28921166,0.08354615420103073,0.456175297498703,0.5026010274887085
YPL013C,YKL197C,0,-0.2892374,0.08353091031312943,0.456175297498703,0.5027011036872864
YLR118C,YPL193W,0,-0.28928956,0.08351568132638931,0.456175297498703,0.5028011202812195
YMR286W,YHR210C,0,-0.28931215,0.0835004523396492,0.456175297498703,0.5029011368751526
YGR212W,YJL003W,0,-0.28939375,0.08348523825407028,0.456175297498703,0.5030012130737305
YGL243W,YPR003C,0,-0.2894068,0.08347001671791077,0.456175297498703,0.5031012296676636
YJL181W,YDR092W,0,-0.28944692,0.08345481008291245,0.456175297498703,0.5032013058662415
YMR286W,YAL007C,0,-0.2894533,0.08343960344791412,0.456175297498703,0.5033013224601746
YLR167W,YDR464W,0,-0.28947958,0.083424411714077,0.456175297498703,0.5034013390541077
YGL005C,YOR357C,0,-0.2894824,0.08340921252965927,0.456175297498703,0.5035014152526855
YKR075C,YIL018W,0,-0.28968567,0.08339402824640274,0.456175297498703,0.5036014318466187
YFR040W,YDR481C,1,-0.28969675,0.08356089890003204,0.45717132091522217,0.5036014318466187
YHR210C,YFR025C,0,-0.2897591,0.08354568481445312,0.45717132091522217,0.5037015080451965
YDR516C,YHR149C,0,-0.28976604,0.0835304856300354,0.45717132091522217,0.5038015246391296
YKR093W,YDL117W,0,-0.28979912,0.08351528644561768,0.45717132091522217,0.5039015412330627
YER123W,YOR271C,0,-0.2898228,0.08350008726119995,0.45717132091522217,0.5040016174316406
YLR193C,YIL062C,0,-0.28984192,0.08348490297794342,0.45717132091522217,0.5041016340255737
YOL078W,YER071C,0,-0.28989086,0.08346971869468689,0.45717132091522217,0.5042017102241516
YER177W,YJL035C,0,-0.28999677,0.08345454186201096,0.45717132091522217,0.5043017268180847
YFL011W,YDR259C,0,-0.2900863,0.08343937247991562,0.45717132091522217,0.5044017434120178
YOR189W,YDR019C,0,-0.29009917,0.08342421054840088,0.45717132091522217,0.5045018196105957
YDL230W,YLR377C,1,-0.29025134,0.08359076827764511,0.45816734433174133,0.5045018196105957
YPR148C,YMR183C,0,-0.29030576,0.08357558399438858,0.45816734433174133,0.5046018362045288
YLL014W,YDL076C,0,-0.2903304,0.08356039971113205,0.45816734433174133,0.5047018527984619
YOL011W,YBL014C,0,-0.29037422,0.08354522287845612,0.45816734433174133,0.5048019289970398
YDR377W,YER129W,0,-0.290453,0.08353005349636078,0.45816734433174133,0.5049019455909729
YOL011W,YGR266W,0,-0.29047006,0.08351488411426544,0.45816734433174133,0.5050020217895508
YBL056W,YJR153W,0,-0.2905242,0.0834997296333313,0.45816734433174133,0.5051020383834839
YPR174C,YPL178W,0,-0.29058096,0.08348457515239716,0.45816734433174133,0.505202054977417
YER044C-A,YLR293C,0,-0.2905918,0.08346942812204361,0.45816734433174133,0.5053021311759949
YBL087C,YGR244C,0,-0.29076803,0.08345428109169006,0.45816734433174133,0.505402147769928
YDR435C,YER060W-A,0,-0.29076973,0.08343914151191711,0.45816734433174133,0.5055022239685059
YOR258W,YCL035C,0,-0.29077172,0.08342400938272476,0.45816734433174133,0.505602240562439
YMR048W,YDR019C,0,-0.2908685,0.083408884704113,0.45816734433174133,0.5057022571563721
YLR435W,YNL278W,0,-0.29089114,0.08339376002550125,0.45816734433174133,0.50580233335495
YAL048C,YDR021W,0,-0.29094097,0.08337865024805069,0.45816734433174133,0.5059023499488831
YBL031W,YMR207C,0,-0.29096314,0.08336354047060013,0.45816734433174133,0.5060024261474609
YDL139C,YDL223C,0,-0.2910516,0.08334843069314957,0.45816734433174133,0.506102442741394
YMR156C,YJL155C,1,-0.29108527,0.0835144892334938,0.4591633379459381,0.506102442741394
YFR024C-A,YDR176W,0,-0.2911755,0.08349936455488205,0.4591633379459381,0.5062024593353271
YBR038W,YMR234W,0,-0.29117653,0.08348424732685089,0.4591633379459381,0.506302535533905
YEL032W,YOL095C,0,-0.29120457,0.08346913009881973,0.4591633379459381,0.5064025521278381
YJL026W,YKL087C,0,-0.2912956,0.08345402032136917,0.4591633379459381,0.506502628326416
YKR088C,YLR001C,0,-0.29144835,0.08343891054391861,0.4591633379459381,0.5066026449203491
YFR028C,YMR036C,1,-0.29154816,0.08360477536916733,0.4601593613624573,0.5066026449203491
YDR309C,YDR100W,0,-0.291559,0.08358965069055557,0.4601593613624573,0.5067026615142822
YGR205W,YPR046W,0,-0.2915592,0.08357452601194382,0.4601593613624573,0.5068027377128601
YLL006W,YKR049C,0,-0.29166374,0.08355941623449326,0.4601593613624573,0.5069027543067932
YNL156C,YIL005W,0,-0.2916664,0.0835443064570427,0.4601593613624573,0.5070028305053711
YHR205W,YNL181W,0,-0.291769,0.08352919667959213,0.4601593613624573,0.5071028470993042
YDR345C,YCL035C,0,-0.29183888,0.08351410180330276,0.4601593613624573,0.5072028636932373
YIL053W,YIL137C,0,-0.29184383,0.0834990069270134,0.4601593613624573,0.5073029398918152
YCL029C,YMR133W,0,-0.29194048,0.08348391950130463,0.4601593613624573,0.5074029564857483
YLR390W-A,YLR067C,0,-0.29198176,0.08346883207559586,0.4601593613624573,0.5075029730796814
YPL100W,YGL058W,0,-0.2920189,0.08345375955104828,0.4601593613624573,0.5076030492782593
YKL190W,YNL128W,1,-0.29208353,0.08361928910017014,0.46115538477897644,0.5076030492782593
YOR192C,YGL053W,0,-0.29213557,0.08360418677330017,0.46115538477897644,0.5077030658721924
YNL056W,YJR046W,0,-0.29214886,0.0835890918970108,0.46115538477897644,0.5078031420707703
YOR273C,YOL078W,0,-0.29215363,0.08357400447130203,0.46115538477897644,0.5079031586647034
YDR004W,YDR300C,0,-0.29231676,0.08355892449617386,0.46115538477897644,0.5080031752586365
YBR078W,YNL240C,0,-0.2923542,0.08354384452104568,0.46115538477897644,0.5081032514572144
YNL023C,YDR300C,0,-0.29244286,0.08352877199649811,0.46115538477897644,0.5082032680511475
YOR027W,YHR201C,0,-0.29247478,0.08351370692253113,0.46115538477897644,0.5083033442497253
YCR107W,YLR058C,0,-0.29249156,0.08349864929914474,0.46115538477897644,0.5084033608436584
YGR082W,YAL026C,0,-0.29251868,0.08348359167575836,0.46115538477897644,0.5085033774375916
YNL023C,YBR028C,0,-0.29263902,0.08346854150295258,0.46115538477897644,0.5086034536361694
YNL111C,YLL057C,0,-0.29268625,0.08345349878072739,0.46115538477897644,0.5087034702301025
YOR136W,YLR288C,0,-0.29271135,0.0834384560585022,0.46115538477897644,0.5088035464286804
YDR325W,YKL150W,0,-0.29280123,0.0834234207868576,0.46115538477897644,0.5089035630226135
YGR055W,YHR194W,0,-0.2928407,0.08340839296579361,0.46115538477897644,0.5090035796165466
YMR105C,YBR131W,0,-0.2930423,0.08339337259531021,0.46115538477897644,0.5091036558151245
YAL015C,YJL197W,0,-0.29308176,0.08337835222482681,0.46115538477897644,0.5092036724090576
YGR203W,YMR277W,1,-0.2931696,0.08354339003562927,0.4621514081954956,0.5092036724090576
YMR081C,YPL215W,0,-0.29318237,0.08352835476398468,0.4621514081954956,0.5093037486076355
YDR176W,YDR438W,0,-0.29318756,0.08351331949234009,0.4621514081954956,0.5094037652015686
YGR080W,YDR303C,0,-0.2932519,0.08349829167127609,0.4621514081954956,0.5095037817955017
YIL137C,YDR365C,0,-0.29325324,0.0834832638502121,0.4621514081954956,0.5096038579940796
YPL198W,YCR063W,0,-0.29331276,0.0834682509303093,0.4621514081954956,0.5097038745880127
YOL069W,YFR016C,0,-0.29331663,0.0834532380104065,0.4621514081954956,0.5098039507865906
YJL013C,YBL025W,0,-0.29345468,0.08343823254108429,0.4621514081954956,0.5099039673805237
YGL105W,YJR096W,0,-0.29355326,0.08342322707176208,0.4621514081954956,0.5100039839744568
YDR399W,YKL051W,0,-0.2936243,0.08340823650360107,0.4621514081954956,0.5101040601730347
YPL209C,YJL001W,0,-0.29362446,0.08339324593544006,0.4621514081954956,0.5102040767669678
YKR078W,YJR108W,0,-0.29370576,0.08337825536727905,0.4621514081954956,0.5103040933609009
YIL053W,YDL236W,1,-0.2937538,0.08354293555021286,0.4631474018096924,0.5103040933609009
YOL012C,YPR068C,0,-0.2938892,0.08352793008089066,0.4631474018096924,0.5104041695594788
YLR017W,YJL058C,0,-0.29392412,0.08351293206214905,0.4631474018096924,0.5105041861534119
YFR040W,YJR110W,1,-0.29395875,0.0836775004863739,0.46414342522621155,0.5105041861534119
YJR073C,YJL026W,0,-0.29399687,0.0836624801158905,0.46414342522621155,0.5106042623519897
YNL056W,YDL031W,0,-0.2940552,0.0836474597454071,0.46414342522621155,0.5107042789459229
YBR101C,YHL006C,0,-0.29409733,0.0836324468255043,0.46414342522621155,0.510804295539856
YDR217C,YPR155C,0,-0.2941537,0.0836174413561821,0.46414342522621155,0.5109043717384338
YDR323C,YOR266W,0,-0.29422516,0.08360244333744049,0.46414342522621155,0.5110043883323669
YAL028W,YKL132C,0,-0.29440692,0.08358744531869888,0.46414342522621155,0.5111044645309448
YAR042W,YOR001W,0,-0.2944084,0.08357245475053787,0.46414342522621155,0.5112044811248779
YIL030C,YHR114W,0,-0.2944468,0.08355747163295746,0.46414342522621155,0.511304497718811
YMR009W,YGL093W,0,-0.2944723,0.08354248851537704,0.46414342522621155,0.5114045739173889
YJL127C,YAL030W,0,-0.2945694,0.08352751284837723,0.46414342522621155,0.511504590511322
YHR215W,YMR277W,1,-0.2945757,0.08369175344705582,0.4651394486427307,0.511504590511322
YDR204W,YPL010W,0,-0.294583,0.0836767628788948,0.4651394486427307,0.5116046667098999
YOL061W,YJL196C,0,-0.2945884,0.0836617723107338,0.4651394486427307,0.511704683303833
YLR315W,YPL063W,0,-0.2946344,0.08364678174257278,0.4651394486427307,0.5118046998977661
YDR080W,YNL111C,0,-0.29468557,0.08363180607557297,0.4651394486427307,0.511904776096344
YML057W,YMR040W,0,-0.29469374,0.08361683040857315,0.4651394486427307,0.5120047926902771
YHR142W,YPR046W,0,-0.29475555,0.08360186219215393,0.4651394486427307,0.512104868888855
YLR277C,YML057W,0,-0.29476306,0.08358690142631531,0.4651394486427307,0.5122048854827881
YHR006W,YKR100C,0,-0.2949339,0.08357194066047668,0.4651394486427307,0.5123049020767212
YML041C,YKL062W,0,-0.29495928,0.08355698734521866,0.4651394486427307,0.5124049782752991
YJL186W,YLL057C,0,-0.29512426,0.08354204148054123,0.4651394486427307,0.5125049948692322
YHR009C,YGR004W,0,-0.29512808,0.0835270956158638,0.4651394486427307,0.5126050710678101
YDL240W,YPR010C,0,-0.29514584,0.08351215720176697,0.4651394486427307,0.5127050876617432
YFR010W,YGR097W,0,-0.29517147,0.08349722623825073,0.4651394486427307,0.5128051042556763
YFL056C,YDL247W,0,-0.29520306,0.0834823027253151,0.4651394486427307,0.5129051804542542
YGL027C,YMR001C,0,-0.29525933,0.08346737921237946,0.4651394486427307,0.5130051970481873
YDR381W,YMR322C,0,-0.29537934,0.08345246315002441,0.4651394486427307,0.5131052136421204
YLR277C,YOR019W,0,-0.2953916,0.08343755453824997,0.4651394486427307,0.5132052898406982
YOR048C,YPR199C,0,-0.29539952,0.08342265337705612,0.4651394486427307,0.5133053064346313
YER109C,YBR193C,0,-0.2954708,0.08340775221586227,0.4651394486427307,0.5134053826332092
YKL069W,YPL097W,0,-0.2955037,0.08339285850524902,0.4651394486427307,0.5135053992271423
YKL132C,YBR188C,0,-0.29551587,0.08337796479463577,0.4651394486427307,0.5136054158210754
YMR153W,YGR122W,0,-0.2955266,0.08336308598518372,0.4651394486427307,0.5137054920196533
YML021C,YPR174C,0,-0.29561323,0.08334820717573166,0.4651394486427307,0.5138055086135864
YGL115W,YDR261C,0,-0.29563424,0.0833333358168602,0.4651394486427307,0.5139055848121643
YMR156C,YDR075W,1,-0.29572207,0.08349687606096268,0.4661354720592499,0.5139055848121643
YJR120W,YIL123W,0,-0.29573342,0.08348198235034943,0.4661354720592499,0.5140056014060974
YDL236W,YEL038W,1,-0.29574317,0.08364544063806534,0.46713146567344666,0.5140056014060974
YBR092C,YJL134W,1,-0.29581103,0.08380884677171707,0.4681274890899658,0.5140056014060974
YNL106C,YKL212W,1,-0.29585302,0.08397218585014343,0.469123512506485,0.5140056014060974
YKL045W,YIL147C,0,-0.2958561,0.08395721763372421,0.469123512506485,0.5141056180000305
YCR107W,YLL031C,0,-0.2958965,0.08394225686788559,0.469123512506485,0.5142056941986084
YBL007C,YHR139C,0,-0.29602966,0.08392729610204697,0.469123512506485,0.5143057107925415
YBR093C,YML016C,1,-0.29614702,0.08409050107002258,0.47011953592300415,0.5143057107925415
YFR047C,YOL012C,0,-0.29636303,0.08407552540302277,0.47011953592300415,0.5144057869911194
YPR007C,YHR014W,0,-0.2963966,0.08406054973602295,0.47011953592300415,0.5145058035850525
YFL061W,YPL207W,0,-0.2964043,0.08404558151960373,0.47011953592300415,0.5146058201789856
YLR239C,YER060W-A,0,-0.29644585,0.0840306207537651,0.47011953592300415,0.5147058963775635
YGL142C,YDL012C,0,-0.29648158,0.08401566743850708,0.47011953592300415,0.5148059129714966
YOR091W,YNR019W,0,-0.29651037,0.08400071412324905,0.47011953592300415,0.5149059891700745
YMR015C,YNL240C,0,-0.29653233,0.08398576825857162,0.47011953592300415,0.5150060057640076
YKL212W,YDR075W,1,-0.29657912,0.08414872735738754,0.4711155295372009,0.5150060057640076
YOL064C,YDL006W,1,-0.2968616,0.08431163430213928,0.4721115529537201,0.5150060057640076
YLR363C,YKR031C,0,-0.29687068,0.08429663628339767,0.4721115529537201,0.5151060223579407
YMR165C,YOR109W,1,-0.2969216,0.08445946127176285,0.47310757637023926,0.5151060223579407
YKL185W,YER102W,0,-0.29696697,0.08444444090127945,0.47310757637023926,0.5152060985565186
YOR383C,YJR054W,0,-0.2970316,0.08442943543195724,0.47310757637023926,0.5153061151504517
YBR279W,YLR417W,0,-0.29704133,0.08441442996263504,0.47310757637023926,0.5154061913490295
YNL222W,YAR071W,1,-0.29706594,0.08457711338996887,0.4741035997867584,0.5154061913490295
YHR046C,YAL016W,1,-0.29709563,0.08473973721265793,0.4750995934009552,0.5154061913490295
YLR361C,YAL009W,1,-0.29726225,0.0849023088812828,0.47609561681747437,0.5154061913490295
YDR435C,YCR038C,0,-0.29729995,0.08488722890615463,0.47609561681747437,0.5155062079429626
YJL045W,YML096W,0,-0.29731953,0.08487215638160706,0.47609561681747437,0.5156062245368958
YDL018C,YFR025C,0,-0.29740217,0.08485709130764008,0.47609561681747437,0.5157063007354736
YLL024C,YNL062C,0,-0.297417,0.08484203368425369,0.47609561681747437,0.5158063173294067
YLR360W,YDR469W,0,-0.29744038,0.08482697606086731,0.47609561681747437,0.5159063339233398
YBR162W-A,YHR073W,0,-0.29748932,0.08481192588806152,0.47609561681747437,0.5160064101219177
YKR027W,YBL091C,0,-0.29752326,0.08479687571525574,0.47609561681747437,0.5161064267158508
YPL140C,YBR023C,0,-0.29753804,0.08478184044361115,0.47609561681747437,0.5162065029144287
YNL183C,YOL132W,0,-0.29755035,0.08476680517196655,0.47609561681747437,0.5163065195083618
YBL063W,YNL247W,0,-0.2975966,0.08475176990032196,0.47609561681747437,0.5164065361022949
YNL076W,YKL063C,0,-0.29760894,0.08473674952983856,0.47609561681747437,0.5165066123008728
YAR042W,YGL064C,0,-0.29761395,0.08472172915935516,0.47609561681747437,0.5166066288948059
YKL192C,YBR301W,0,-0.29766926,0.08470671623945236,0.47609561681747437,0.5167067050933838
YDR127W,YOR101W,0,-0.29767677,0.08469171077013016,0.47609561681747437,0.5168067216873169
YKR093W,YJL096W,0,-0.29779077,0.08467670530080795,0.47609561681747437,0.51690673828125
YGR178C,YPL135W,0,-0.2978215,0.08466170728206635,0.47609561681747437,0.5170068144798279
YDR309C,YDR057W,0,-0.29791972,0.08464671671390533,0.47609561681747437,0.517106831073761
YDL145C,YBL072C,0,-0.29795662,0.08463172614574432,0.47609561681747437,0.5172069072723389
YBR130C,YDR350C,0,-0.298037,0.08461674302816391,0.47609561681747437,0.517306923866272
YLR259C,YAL026C,0,-0.2981481,0.08460176736116409,0.47609561681747437,0.5174069404602051
YDR189W,YLR409C,0,-0.29817745,0.08458679914474487,0.47609561681747437,0.517507016658783
YPL176C,YOR249C,0,-0.2981782,0.08457183092832565,0.47609561681747437,0.5176070332527161
YDR227W,YLR352W,0,-0.2982692,0.08455687016248703,0.47609561681747437,0.517707109451294
YGR165W,YKL043W,0,-0.29832208,0.084541916847229,0.47609561681747437,0.517807126045227
YOR236W,YKL150W,0,-0.2984634,0.08452697098255157,0.47609561681747437,0.5179071426391602
YBR125C,YGR208W,1,-0.29860875,0.08468882739543915,0.47709164023399353,0.5179071426391602
YDL072C,YLL018C-A,0,-0.29872215,0.08467385172843933,0.47709164023399353,0.518007218837738
YNL145W,YMR261C,0,-0.29874083,0.08465889096260071,0.47709164023399353,0.5181072354316711
YDL188C,YIL113W,1,-0.2988191,0.08482064306735992,0.4780876636505127,0.5181072354316711
YCR086W,YOR316C,0,-0.29885748,0.08480565249919891,0.4780876636505127,0.518207311630249
YCL029C,YLR337C,0,-0.2989274,0.0847906693816185,0.4780876636505127,0.5183073282241821
YPL138C,YDL243C,0,-0.29894087,0.08477570116519928,0.4780876636505127,0.5184073448181152
YGL092W,YLL018C-A,0,-0.29907236,0.08476072549819946,0.4780876636505127,0.5185074210166931
YIL014W,YGL238W,0,-0.2992178,0.08474576473236084,0.4780876636505127,0.5186074376106262
YER133W,YPL179W,1,-0.29927555,0.08490732312202454,0.4790836572647095,0.5186074376106262
YDR377W,YGR224W,0,-0.2992882,0.08489234000444412,0.4790836572647095,0.5187074542045593
YDR325W,YNL318C,0,-0.29936996,0.08487735688686371,0.4790836572647095,0.5188075304031372
YCL017C,YNL056W,0,-0.29941157,0.08486238867044449,0.4790836572647095,0.5189075469970703
YGL067W,YBR029C,0,-0.29944834,0.08484741300344467,0.4790836572647095,0.5190076231956482
YPL210C,YBR180W,0,-0.29945356,0.08483245223760605,0.4790836572647095,0.5191076397895813
YPR110C,YKR064W,0,-0.29949567,0.08481749147176743,0.4790836572647095,0.5192076563835144
YHR006W,YOR341W,0,-0.29953375,0.0848025381565094,0.4790836572647095,0.5193077325820923
YHL017W,YHR033W,0,-0.29953912,0.08478759229183197,0.4790836572647095,0.5194077491760254
YKL138C,YHL050C,0,-0.299572,0.08477264642715454,0.4790836572647095,0.5195078253746033
YPL221W,YLR384C,0,-0.29965094,0.08475770801305771,0.4790836572647095,0.5196078419685364
YLR347C,YNL063W,0,-0.29968822,0.08474277704954147,0.4790836572647095,0.5197078585624695
YBL007C,YOL059W,0,-0.2997065,0.08472784608602524,0.4790836572647095,0.5198079347610474
YPL210C,YLR292C,0,-0.29971138,0.0847129300236702,0.4790836572647095,0.5199079513549805
YGL063W,YNR052C,0,-0.2997298,0.08469800651073456,0.4790836572647095,0.5200080275535583
YGR103W,YOR081C,0,-0.29973868,0.08468309789896011,0.4790836572647095,0.5201080441474915
YLL018C,YML059C,0,-0.29980215,0.08466818928718567,0.4790836572647095,0.5202080607414246
YBR114W,YMR015C,0,-0.29990408,0.08465328812599182,0.4790836572647095,0.5203081369400024
YFR016C,YPL175W,0,-0.29996556,0.08463839441537857,0.4790836572647095,0.5204081535339355
YPL140C,YCL048W,0,-0.29996774,0.08462350815534592,0.4790836572647095,0.5205082297325134
YKL141W,YCR036W,0,-0.3001019,0.08460862189531326,0.4790836572647095,0.5206082463264465
YOR193W,YJL168C,0,-0.30012107,0.08459373563528061,0.4790836572647095,0.5207082629203796
YNL328C,YJR108W,0,-0.30016306,0.08457886427640915,0.4790836572647095,0.5208083391189575
YDR434W,YPL161C,0,-0.30023086,0.08456399291753769,0.4790836572647095,0.5209083557128906
YOR016C,YMR286W,0,-0.30023226,0.08454912900924683,0.4790836572647095,0.5210084319114685
YOR334W,YGL151W,0,-0.30026168,0.08453427255153656,0.4790836572647095,0.5211084485054016
YDL006W,YJL098W,1,-0.3002892,0.08469513058662415,0.48007968068122864,0.5211084485054016
YPR068C,YER071C,0,-0.30030933,0.08468025177717209,0.48007968068122864,0.5212084650993347
YPL207W,YNL181W,0,-0.30031648,0.08466538041830063,0.48007968068122864,0.5213085412979126
YGR099W,YGL144C,0,-0.30032298,0.08465050905942917,0.48007968068122864,0.5214085578918457
YDL175C,YOL098C,0,-0.30049166,0.0846356451511383,0.48007968068122864,0.5215085744857788
YGL027C,YIL173W,0,-0.30050668,0.08462078869342804,0.48007968068122864,0.5216086506843567
YBL035C,YER149C,0,-0.30054536,0.08460593223571777,0.48007968068122864,0.5217086672782898
YMR232W,YHR114W,0,-0.30055916,0.0845910832285881,0.48007968068122864,0.5218087434768677
YBR054W,YKR100C,0,-0.30059052,0.08457624167203903,0.48007968068122864,0.5219087600708008
YDR545W,YPL239W,0,-0.30059475,0.08456140011548996,0.48007968068122864,0.5220087766647339
YCR105W,YPL234C,0,-0.30062723,0.08454657346010208,0.48007968068122864,0.5221088528633118
YNL137C,YKR053C,0,-0.3007263,0.0845317468047142,0.48007968068122864,0.5222088694572449
YAL009W,YER075C,1,-0.3009333,0.08469226956367493,0.4810757040977478,0.5222088694572449
YDR268W,YDR303C,0,-0.30093494,0.08467742055654526,0.4810757040977478,0.5223089456558228
YOR018W,YPR068C,0,-0.3009608,0.08466257899999619,0.4810757040977478,0.5224089622497559
YOR236W,YPR133C,0,-0.30100915,0.08464773744344711,0.4810757040977478,0.522508978843689
YOR260W,YGL085W,0,-0.3010547,0.08463290333747864,0.4810757040977478,0.5226090550422668
YPR073C,YHR046C,1,-0.30116877,0.08479326963424683,0.48207172751426697,0.5226090550422668
YJR042W,YDL145C,0,-0.30117083,0.08477842062711716,0.48207172751426697,0.5227090716362
YBL013W,YEL006W,0,-0.30131865,0.08476357161998749,0.48207172751426697,0.5228091478347778
YOR155C,YDR287W,1,-0.3013377,0.08492383360862732,0.48306772112846375,0.5228091478347778
YDR481C,YLL010C,1,-0.30149955,0.08508403599262238,0.4840637445449829,0.5228091478347778
YOR316C,YGL053W,0,-0.301578,0.08506914228200912,0.4840637445449829,0.5229091644287109
YDL024C,YBR022W,1,-0.30161586,0.08522926270961761,0.4850597679615021,0.5229091644287109
YMR081C,YDR080W,0,-0.30162236,0.08521434664726257,0.4850597679615021,0.523009181022644
YBR109C,YHL015W,0,-0.30164698,0.08519943803548813,0.4850597679615021,0.5231092572212219
YML067C,YNL059C,0,-0.3016941,0.08518453687429428,0.4850597679615021,0.523209273815155
YPR055W,YER127W,0,-0.30170992,0.08516964316368103,0.4850597679615021,0.5233093500137329
YKL052C,YGL061C,0,-0.30172265,0.08515474945306778,0.4850597679615021,0.523409366607666
YOL069W,YML059C,0,-0.301734,0.08513986319303513,0.4850597679615021,0.5235093832015991
YIL120W,YER060W-A,0,-0.30178142,0.08512497693300247,0.4850597679615021,0.523609459400177
YAR042W,YGR283C,0,-0.3018103,0.08511009812355042,0.4850597679615021,0.5237094759941101
YMR225C,YDL117W,0,-0.30182907,0.08509522676467896,0.4850597679615021,0.523809552192688
YLR006C,YKL114C,0,-0.30188003,0.08508036285638809,0.4850597679615021,0.5239095687866211
YDL240W,YGL087C,0,-0.30210182,0.08506549894809723,0.4850597679615021,0.5240095853805542
YNL056W,YDL247W,0,-0.30224404,0.08505064249038696,0.4850597679615021,0.5241096615791321
YLR167W,YLR315W,0,-0.3023831,0.0850357934832573,0.4850597679615021,0.5242096781730652
YGR003W,YKR052C,0,-0.30238983,0.08502095192670822,0.4850597679615021,0.5243096947669983
YDR243C,YGL116W,0,-0.30240646,0.08500611037015915,0.4850597679615021,0.5244097709655762
YOR032C,YJL098W,0,-0.30250216,0.08499127626419067,0.4850597679615021,0.5245097875595093
YHR111W,YDL012C,0,-0.3025136,0.0849764421582222,0.4850597679615021,0.5246098637580872
YDL047W,YHR004C,1,-0.30261245,0.08513607829809189,0.48605579137802124,0.5246098637580872
YGL190C,YKL152C,1,-0.302673,0.0852956548333168,0.487051784992218,0.5246098637580872
YBL031W,YNR037C,0,-0.30272526,0.08528078347444534,0.487051784992218,0.5247098803520203
YIL053W,YGL129C,0,-0.30273655,0.08526591211557388,0.487051784992218,0.5248098969459534
YIL030C,YJL058C,0,-0.30277395,0.08525104820728302,0.487051784992218,0.5249099731445312
YLR131C,YNL161W,0,-0.30278432,0.08523618429899216,0.487051784992218,0.5250099897384644
YOR155C,YJL134W,1,-0.30292127,0.08539561182260513,0.4880478084087372,0.5250099897384644
YPL169C,YDR441C,0,-0.30296603,0.08538072556257248,0.4880478084087372,0.5251100659370422
YDR528W,YLR093C,0,-0.30308023,0.08536585420370102,0.4880478084087372,0.5252100825309753
YCL048W,YBR301W,0,-0.3030978,0.08535098284482956,0.4880478084087372,0.5253100991249084
YER023W,YBR169C,0,-0.30311823,0.0853361189365387,0.4880478084087372,0.5254101753234863
YDL091C,YNL068C,0,-0.30311936,0.08532126247882843,0.4880478084087372,0.5255101919174194
YDR300C,YCR106W,0,-0.30317742,0.08530640602111816,0.4880478084087372,0.5256102681159973
YKL045W,YNL081C,0,-0.30317822,0.0852915570139885,0.4880478084087372,0.5257102847099304
YLR239C,YAL015C,0,-0.30319893,0.08527671545743942,0.4880478084087372,0.5258103013038635
YGR202C,YDR188W,0,-0.30331182,0.08526187390089035,0.4880478084087372,0.5259103775024414
YGR097W,YLR460C,0,-0.3034027,0.08524703979492188,0.4880478084087372,0.5260103940963745
YGL058W,YOR001W,0,-0.3034056,0.085232213139534,0.4880478084087372,0.5261104702949524
YCR065W,YBR218C,0,-0.3034226,0.08521739393472672,0.4880478084087372,0.5262104868888855
YPR169W,YLR292C,0,-0.30352604,0.08520257472991943,0.4880478084087372,0.5263105034828186
YPL171C,YFR024C-A,0,-0.3035417,0.08518776297569275,0.4880478084087372,0.5264105796813965
YIL036W,YLL014W,0,-0.30358064,0.08517295122146606,0.4880478084087372,0.5265105962753296
YIL075C,YDR179C,0,-0.30367395,0.08515815436840057,0.4880478084087372,0.5266106724739075
YDL236W,YHR076W,1,-0.30376357,0.08531711250543594,0.48904383182525635,0.5266106724739075
YDR243C,YKL063C,0,-0.303784,0.08530229330062866,0.48904383182525635,0.5267106890678406
YPL013C,YBL014C,0,-0.30382305,0.08528747409582138,0.48904383182525635,0.5268107056617737
YIL154C,YPR120C,0,-0.30386502,0.0852726623415947,0.48904383182525635,0.5269107818603516
YBR295W,YCL035C,0,-0.30389008,0.08525785803794861,0.48904383182525635,0.5270107984542847
YOL154W,YDR528W,0,-0.30395272,0.08524305373430252,0.48904383182525635,0.5271108150482178
YHR205W,YNL214W,0,-0.3039817,0.08522825688123703,0.48904383182525635,0.5272108912467957
YJR109C,YHL026C,0,-0.3040562,0.08521346747875214,0.48904383182525635,0.5273109078407288
YPR003C,YNL054W,0,-0.30413285,0.08519867807626724,0.48904383182525635,0.5274109840393066
YGR046W,YDR009W,0,-0.30425352,0.08518390357494354,0.48904383182525635,0.5275110006332397
YDR503C,YDL188C,1,-0.30436972,0.08534258604049683,0.4900398552417755,0.5275110006332397
YER143W,YDL119C,0,-0.30442417,0.08532778173685074,0.4900398552417755,0.5276110172271729
YDR372C,YDR092W,0,-0.3044608,0.08531298488378525,0.4900398552417755,0.5277110934257507
YEL032W,YDL149W,0,-0.3044865,0.08529819548130035,0.4900398552417755,0.5278111100196838
YBR153W,YNL059C,0,-0.30449688,0.08528341352939606,0.4900398552417755,0.5279111862182617
YML120C,YGR245C,0,-0.30459753,0.08526863157749176,0.4900398552417755,0.5280112028121948
YML011C,YBR162W-A,0,-0.30465916,0.08525385707616806,0.4900398552417755,0.5281112194061279
YDR377W,YAL068C,0,-0.30477965,0.08523908257484436,0.4900398552417755,0.5282112956047058
YDR276C,YOR195W,0,-0.30482176,0.08522432297468185,0.4900398552417755,0.5283113121986389
YOL154W,YGL087C,0,-0.30499956,0.08520956337451935,0.4900398552417755,0.5284113883972168
YHR185C,YOR119C,0,-0.30511937,0.08519480377435684,0.4900398552417755,0.5285114049911499
YJL078C,YOL023W,0,-0.30512938,0.08518005907535553,0.4900398552417755,0.528611421585083
YML016C,YDL006W,1,-0.30514553,0.08533841371536255,0.4910358488559723,0.528611421585083
YER041W,YBR188C,0,-0.3051506,0.08532363921403885,0.4910358488559723,0.5287114977836609
YOR383C,YBL031W,0,-0.3051887,0.08530887961387634,0.4910358488559723,0.528811514377594
YNL222W,YBR092C,1,-0.305218,0.085467129945755,0.49203187227249146,0.528811514377594
YLL053C,YMR002W,0,-0.30521867,0.08545234054327011,0.49203187227249146,0.5289115905761719
YMR205C,YER167W,0,-0.30531278,0.08543756604194641,0.49203187227249146,0.529011607170105
YJL162C,YKL150W,0,-0.30546823,0.08542279154062271,0.49203187227249146,0.5291116237640381
YLR234W,YLL053C,0,-0.3055853,0.08540802448987961,0.49203187227249146,0.529211699962616
YGR208W,YER133W,1,-0.3056478,0.08556611835956573,0.4930278956890106,0.529211699962616
YLR361C,YMR165C,1,-0.305683,0.08572416007518768,0.4940239191055298,0.529211699962616
YML013W,YOR011W,0,-0.30573866,0.085709348320961,0.4940239191055298,0.5293117165565491
YJL179W,YDR057W,0,-0.30599013,0.08569454401731491,0.4940239191055298,0.529411792755127
YLR247C,YGL195W,0,-0.30604145,0.08567973971366882,0.4940239191055298,0.5295118093490601
YLR093C,YJR050W,0,-0.3061106,0.08566494286060333,0.4940239191055298,0.5296118259429932
YGL005C,YER038C,0,-0.3061624,0.08565014600753784,0.4940239191055298,0.529711902141571
YGL104C,YKR099W,0,-0.30625853,0.08563535660505295,0.4940239191055298,0.5298119187355042
YKL062W,YPL010W,0,-0.30627057,0.08562057465314865,0.4940239191055298,0.5299119353294373
YDR372C,YPL013C,0,-0.30631527,0.08560580015182495,0.4940239191055298,0.5300120115280151
YBR089C-A,YDR087C,0,-0.30632243,0.08559102565050125,0.4940239191055298,0.5301120281219482
YBR162W-A,YBL091C,0,-0.30651093,0.08557625859975815,0.4940239191055298,0.5302121043205261
YHL003C,YPL233W,0,-0.30652234,0.08556149899959564,0.4940239191055298,0.5303121209144592
YGL070C,YBL005W,0,-0.30660015,0.08554673939943314,0.4940239191055298,0.5304121375083923
YMR180C,YPL179W,1,-0.30664903,0.08570443093776703,0.49501991271972656,0.5304121375083923
YDR406W,YEL044W,0,-0.30676833,0.08568965643644333,0.49501991271972656,0.5305122137069702
YNL176C,YDL102W,0,-0.30677146,0.08567488193511963,0.49501991271972656,0.5306122303009033
YJR118C,YDR257C,0,-0.3067837,0.08566011488437653,0.49501991271972656,0.5307123064994812
YAL016W,YBR126C,1,-0.30678377,0.08581767976284027,0.4960159361362457,0.5307123064994812
YNL250W,YHR037W,0,-0.3068165,0.08580289781093597,0.4960159361362457,0.5308123230934143
YIL106W,YBL047C,0,-0.3068497,0.08578811585903168,0.4960159361362457,0.5309123396873474
YLR167W,YDR057W,0,-0.30686924,0.08577334135770798,0.4960159361362457,0.5310124158859253
YAR042W,YLR293C,0,-0.30697888,0.08575856685638428,0.4960159361362457,0.5311124324798584
YBR022W,YOL065C,1,-0.30702382,0.08591597527265549,0.4970119595527649,0.5311124324798584
YPL036W,YJL089W,0,-0.3070628,0.0859011858701706,0.4970119595527649,0.5312125086784363
YER007C-A,YPL056C,0,-0.3070945,0.0858864039182663,0.4970119595527649,0.5313125252723694
YKL190W,YBR276C,1,-0.3071122,0.08604370802640915,0.49800798296928406,0.5313125252723694
YOR320C,YLR058C,0,-0.30716828,0.08602890372276306,0.49800798296928406,0.5314125418663025
YER033C,YDR246W,0,-0.30718273,0.08601410686969757,0.49800798296928406,0.5315126180648804
YPR143W,YDR464W,0,-0.3071889,0.08599931001663208,0.49800798296928406,0.5316126346588135
YDR067C,YOL064C,1,-0.30720937,0.08615649491548538,0.49900397658348083,0.5316126346588135
YIL069C,YHR170W,0,-0.30725068,0.0861416757106781,0.49900397658348083,0.5317127108573914
YOR273C,YOL095C,0,-0.30727866,0.08612687140703201,0.49900397658348083,0.5318127274513245
YOL061W,YHR114W,0,-0.30728415,0.08611206710338593,0.49900397658348083,0.5319127440452576
YDR422C,YGR165W,0,-0.30737016,0.08609727025032043,0.49900397658348083,0.5320128202438354
YDR111C,YAR009C,0,-0.30742794,0.08608247339725494,0.49900397658348083,0.5321128368377686
YKL191W,YGL006W,0,-0.30745426,0.08606768399477005,0.49900397658348083,0.5322129130363464
YGL196W,YDR284C,0,-0.30746117,0.08605290204286575,0.49900397658348083,0.5323129296302795
YML127W,YJL058C,0,-0.3074682,0.08603812754154205,0.49900397658348083,0.5324129462242126
YDR067C,YHR076W,1,-0.3076108,0.08619505167007446,0.5,0.5324129462242126
YDL081C,YBR254C,0,-0.30762216,0.08618025481700897,0.5,0.5325130224227905
YHR158C,YLR175W,0,-0.30766574,0.08616546541452408,0.5,0.5326130390167236
YDR361C,YKL150W,0,-0.30769792,0.08615067601203918,0.5,0.5327130556106567
YDR372C,YDL124W,0,-0.30781913,0.08613589406013489,0.5,0.5328131318092346
YGR266W,YDL076C,0,-0.30795893,0.08612111955881119,0.5,0.5329131484031677
YGL093W,YOR132W,0,-0.30796102,0.08610634505748749,0.5,0.5330132246017456
YLR092W,YBL072C,0,-0.30803856,0.08609157800674438,0.5,0.5331132411956787
YER149C,YNL048W,0,-0.30805594,0.08607681840658188,0.5,0.5332132577896118
YPL262W,YGL115W,0,-0.3081256,0.08606205880641937,0.5,0.5333133339881897
YKL185W,YNL317W,0,-0.30822787,0.08604730665683746,0.5,0.5334133505821228
YKL194C,YDR372C,0,-0.30823115,0.08603256195783615,0.5,0.5335134267807007
YPL133C,YKL077W,0,-0.30830687,0.08601781725883484,0.5,0.5336134433746338
YBR180W,YDR257C,0,-0.3084806,0.08600308746099472,0.5,0.5337134599685669
YIL147C,YGR138C,0,-0.30848145,0.085988350212574,0.5,0.5338135361671448
YBR248C,YOL078W,0,-0.30851856,0.08597362786531448,0.5,0.5339135527610779
YKR034W,YCL067C,0,-0.3085918,0.08595890551805496,0.5,0.5340136289596558
YIL008W,YMR177W,0,-0.30860224,0.08594419062137604,0.5,0.5341136455535889
YNL167C,YDR235W,0,-0.30871785,0.08592947572469711,0.5,0.534213662147522
YKR077W,YDR087C,0,-0.3087495,0.08591476827859879,0.5,0.5343137383460999
YDR469W,YPR034W,0,-0.30882525,0.08590006828308105,0.5,0.534413754940033
YBR038W,YOL132W,0,-0.308839,0.08588537573814392,0.5,0.5345138311386108
YLR044C,YLR054C,0,-0.30902478,0.08587068319320679,0.5,0.534613847732544
YPR105C,YML096W,0,-0.3092121,0.08585599809885025,0.5,0.534713864326477
YJL167W,YIL014W,0,-0.3092443,0.08584131300449371,0.5,0.5348139405250549
YIL147C,YLR001C,0,-0.30932888,0.08582663536071777,0.5,0.534913957118988
YLR196W,YGL049C,0,-0.30948818,0.08581196516752243,0.5,0.5350140333175659
YNL263C,YNL233W,0,-0.30951998,0.08579730242490768,0.5,0.535114049911499
YFR047C,YAL011W,0,-0.3095326,0.08578263968229294,0.5,0.5352140665054321
YER007C-A,YPL253C,0,-0.3096269,0.08576798439025879,0.5,0.53531414270401
YDR080W,YIL130W,0,-0.30966172,0.08575332909822464,0.5,0.5354141592979431
YJL174W,YGL198W,0,-0.3096748,0.08573868125677109,0.5,0.5355141758918762
YPL120W,YFR030W,0,-0.30967626,0.08572404086589813,0.5,0.5356142520904541
YHR205W,YER127W,0,-0.30968076,0.08570940792560577,0.5,0.5357142686843872
YMR215W,YHR114W,0,-0.309713,0.08569477498531342,0.5,0.5358143448829651
YPL120W,YCL039W,0,-0.30972353,0.08568014949560165,0.5,0.5359143614768982
YLR061W,YHR138C,0,-0.30974314,0.08566553145647049,0.5,0.5360143780708313
YPR180W,YNL156C,0,-0.30975285,0.08565091341733932,0.5,0.5361144542694092
YCL029C,YMR074C,0,-0.30975327,0.08563630282878876,0.5,0.5362144708633423
YLR019W,YER075C,1,-0.30975723,0.08579225838184357,0.5009959936141968,0.5362144708633423
YDL175C,YDL243C,0,-0.30981377,0.08577762544155121,0.5009959936141968,0.5363145470619202
YKR049C,YKR099W,0,-0.30989403,0.08576299995183945,0.5009959936141968,0.5364145636558533
YPR143W,YJR049C,0,-0.31011784,0.08574838191270828,0.5009959936141968,0.5365145802497864
YBR003W,YGL116W,0,-0.31012186,0.08573376387357712,0.5009959936141968,0.5366146564483643
YOL098C,YNL180C,0,-0.31022778,0.08571915328502655,0.5009959936141968,0.5367146730422974
YER062C,YNL173C,0,-0.3102397,0.08570455014705658,0.5009959936141968,0.5368147492408752
YDR422C,YLR360W,0,-0.3102789,0.08568994700908661,0.5009959936141968,0.5369147658348083
YDR148C,YBR295W,0,-0.3102957,0.08567535132169724,0.5009959936141968,0.5370147824287415
YHL038C,YER127W,0,-0.31035691,0.08566076308488846,0.5009959936141968,0.5371148586273193
YER005W,YPL193W,0,-0.31036416,0.08564617484807968,0.5009959936141968,0.5372148752212524
YNL250W,YKL029C,0,-0.31038782,0.0856315940618515,0.5009959936141968,0.5373149514198303
YMR175W,YHL011C,0,-0.31043473,0.08561702072620392,0.5009959936141968,0.5374149680137634
YLL010C,YDL047W,1,-0.3105518,0.08577263355255127,0.5019920468330383,0.5374149680137634
YHR165C,YMR156C,0,-0.3106292,0.0857580378651619,0.5019920468330383,0.5375149846076965
YLL018C-A,YKL138C,0,-0.3108091,0.08574344962835312,0.5019920468330383,0.5376150608062744
YNL024C,YHR014W,0,-0.31084415,0.08572886884212494,0.5019920468330383,0.5377150774002075
YNL251C,YNR052C,0,-0.310846,0.08571428805589676,0.5019920468330383,0.5378151535987854
YPR067W,YKL077W,0,-0.31102157,0.08569970726966858,0.5019920468330383,0.5379151701927185
YJL168C,YCL054W,0,-0.31109205,0.08568514138460159,0.5019920468330383,0.5380151867866516
YDR482C,YAR009C,0,-0.3110973,0.0856705754995346,0.5019920468330383,0.5381152629852295
YER177W,YNR030W,0,-0.31111088,0.08565601706504822,0.5019920468330383,0.5382152795791626
YGR204W,YML081W,0,-0.31117415,0.08564145863056183,0.5019920468330383,0.5383153557777405
YGL129C,YNR052C,0,-0.31117716,0.08562690764665604,0.5019920468330383,0.5384153723716736
YDR287W,YDR075W,1,-0.31120634,0.08578222990036011,0.5029880404472351,0.5384153723716736
YBL007C,YBR193C,0,-0.3112158,0.08576766401529312,0.5029880404472351,0.5385153889656067
YDL003W,YKR088C,0,-0.31124493,0.08575309813022614,0.5029880404472351,0.5386154651641846
YAL002W,YNL142W,0,-0.31127635,0.08573853969573975,0.5029880404472351,0.5387154817581177
YPL001W,YDL135C,0,-0.3113686,0.08572398871183395,0.5029880404472351,0.5388154983520508
YDR039C,YIL118W,0,-0.3114451,0.08570943772792816,0.5029880404472351,0.5389155745506287
YCR107W,YLR004C,0,-0.31162313,0.08569489419460297,0.5029880404472351,0.5390155911445618
YDR005C,YIL123W,0,-0.31178722,0.08568035066127777,0.5029880404472351,0.5391156673431396
YLR223C,YOR253W,0,-0.31193253,0.08566582202911377,0.5029880404472351,0.5392156839370728
YOL009C,YGL111W,0,-0.31193975,0.08565128594636917,0.5029880404472351,0.5393157005310059
YBL091C,YGL127C,0,-0.31195256,0.08563676476478577,0.5029880404472351,0.5394157767295837
YBR268W,YNL214W,0,-0.31195396,0.08562224358320236,0.5029880404472351,0.5395157933235168
YMR059W,YKR095W,0,-0.31199387,0.08560772985219955,0.5029880404472351,0.5396158695220947
YGL104C,YFR047C,0,-0.3120292,0.08559322357177734,0.5029880404472351,0.5397158861160278
YML067C,YDR127W,0,-0.31205833,0.08557871729135513,0.5029880404472351,0.5398159027099609
YOL032W,YJL083W,0,-0.31209907,0.08556421846151352,0.5029880404472351,0.5399159789085388
YBR093C,YJL134W,1,-0.31216663,0.08571912348270416,0.5039840340614319,0.5399159789085388
YMR286W,YMR048W,0,-0.31221294,0.08570460975170135,0.5039840340614319,0.5400159955024719
YPL130W,YMR153W,0,-0.31230643,0.08569009602069855,0.5039840340614319,0.5401160717010498
YDR201W,YDR087C,0,-0.31238824,0.08567558228969574,0.5039840340614319,0.5402160882949829
YML107C,YBL014C,0,-0.31239823,0.08566108345985413,0.5039840340614319,0.540316104888916
YML013W,YPL117C,0,-0.312403,0.08564658463001251,0.5039840340614319,0.5404161810874939
YGL144C,YJL035C,0,-0.31240535,0.0856320858001709,0.5039840340614319,0.540516197681427
YLR007W,YPR068C,0,-0.31246758,0.08561759442090988,0.5039840340614319,0.5406162738800049
YHR110W,YPL049C,0,-0.3125027,0.08560311049222946,0.5039840340614319,0.540716290473938
YLR019W,YHR004C,1,-0.31251848,0.085757777094841,0.5049800872802734,0.540716290473938
YHR185C,YIL064W,0,-0.31258914,0.08574327826499939,0.5049800872802734,0.5408163070678711
YHR185C,YMR232W,0,-0.31263724,0.08572877943515778,0.5049800872802734,0.540916383266449
YMR165C,YDL047W,1,-0.31264785,0.08588334918022156,0.5059760808944702,0.540916383266449
YKL212W,YJL098W,1,-0.3127686,0.08603786677122116,0.5069721341133118,0.540916383266449
YDR067C,YOR131C,1,-0.3128533,0.08619232475757599,0.5079681277275085,0.540916383266449
YGR080W,YIL009W,0,-0.31286186,0.0861777663230896,0.5079681277275085,0.5410163998603821
YLR011W,YGL085W,0,-0.3128837,0.08616320043802261,0.5079681277275085,0.54111647605896
YGL027C,YFR040W,0,-0.31289014,0.08614864945411682,0.5079681277275085,0.5412164926528931
YJR132W,YJL208C,0,-0.31293184,0.08613409847021103,0.5079681277275085,0.5413165092468262
YHR005C,YBR149W,0,-0.3129547,0.08611955493688583,0.5079681277275085,0.541416585445404
YOR380W,YBR191W,0,-0.31296226,0.08610501140356064,0.5079681277275085,0.5415166020393372
YGR161C,YJL058C,0,-0.31297106,0.08609048277139664,0.5079681277275085,0.5416166186332703
YKL069W,YGR174C,0,-0.31299677,0.08607594668865204,0.5079681277275085,0.5417166948318481
YDR111C,YDR386W,0,-0.31301537,0.08606142550706863,0.5079681277275085,0.5418167114257812
YFR030W,YGL240W,0,-0.31305832,0.08604690432548523,0.5079681277275085,0.5419167876243591
YLR075W,YBR015C,0,-0.31308678,0.08603239059448242,0.5079681277275085,0.5420168042182922
YIR026C,YER075C,1,-0.3130924,0.08618654310703278,0.5089641213417053,0.5420168042182922
YJL094C,YHL011C,0,-0.31325984,0.08617200702428818,0.5089641213417053,0.5421168208122253
YPR073C,YDL024C,1,-0.31327024,0.08632608503103256,0.5099601745605469,0.5421168208122253
YOR250C,YJR131W,0,-0.31328842,0.08631153404712677,0.5099601745605469,0.5422168970108032
YHR046C,YJR110W,1,-0.3133448,0.08646553009748459,0.5109561681747437,0.5422168970108032
YOR103C,YGR138C,0,-0.31347516,0.0864509642124176,0.5109561681747437,0.5423169136047363
YDR007W,YGR138C,0,-0.31356612,0.08643639087677002,0.5109561681747437,0.5424169898033142
YPL209C,YML076C,0,-0.31392577,0.08642183244228363,0.5109561681747437,0.5425170063972473
YDR004W,YBR034C,0,-0.31395358,0.08640727400779724,0.5109561681747437,0.5426170229911804
YOR189W,YIL144W,0,-0.31413195,0.08639272302389145,0.5109561681747437,0.5427170991897583
YOR014W,YMR261C,1,-0.31432882,0.08654655516147614,0.5119521617889404,0.5427170991897583
YOR014W,YER089C,1,-0.31435695,0.08670033514499664,0.512948215007782,0.5427170991897583
YAR033W,YFR016C,0,-0.3144422,0.08668573945760727,0.512948215007782,0.5428171157836914
YIL106W,YDR398W,0,-0.31445152,0.08667115122079849,0.512948215007782,0.5429171919822693
YHR146W,YMR183C,0,-0.31451836,0.08665657043457031,0.512948215007782,0.5430172085762024
YPR154W,YPR046W,0,-0.31457242,0.08664198964834213,0.512948215007782,0.5431172251701355
YIL002C,YBR276C,1,-0.31462613,0.0867956280708313,0.5139442086219788,0.5431172251701355
YPL105C,YOR049C,0,-0.31464946,0.08678103238344193,0.5139442086219788,0.5432173013687134
YDR439W,YOL061W,0,-0.31470004,0.08676643669605255,0.5139442086219788,0.5433173179626465
YJL013C,YGR161C,0,-0.31470212,0.08675184845924377,0.5139442086219788,0.5434173941612244
YGR142W,YDL076C,0,-0.31476465,0.0867372676730156,0.5139442086219788,0.5435174107551575
YGR235C,YFR034C,0,-0.31480458,0.08672268688678741,0.5139442086219788,0.5436174273490906
YDR468C,YDL119C,0,-0.3148156,0.08670811355113983,0.5139442086219788,0.5437175035476685
YDR516C,YNL059C,0,-0.31488314,0.08669354766607285,0.5139442086219788,0.5438175201416016
YKL054C,YLR058C,0,-0.314894,0.08667898178100586,0.5139442086219788,0.5439175963401794
YPR010C,YIL173W,0,-0.31492776,0.08666443079710007,0.5139442086219788,0.5440176129341125
YGR204W,YGR224W,0,-0.31499922,0.08664987236261368,0.5139442086219788,0.5441176295280457
YJR109C,YJL167W,0,-0.3150477,0.08663532882928848,0.5139442086219788,0.5442177057266235
YMR220W,YIL011W,0,-0.31506765,0.08662078529596329,0.5139442086219788,0.5443177223205566
YGR181W,YNL246W,0,-0.31507924,0.08660624176263809,0.5139442086219788,0.5444177389144897
YOR250C,YDR406W,0,-0.31513572,0.08659171313047409,0.5139442086219788,0.5445178151130676
YOR002W,YGR129W,0,-0.31516665,0.08657718449831009,0.5139442086219788,0.5446178317070007
YMR262W,YKL002W,0,-0.31523645,0.08656265586614609,0.5139442086219788,0.5447179079055786
YKR053C,YGL224C,1,-0.31524333,0.08671586960554123,0.5149402618408203,0.5447179079055786
YPR073C,YOR090C,1,-0.31526795,0.0868690237402916,0.5159362554550171,0.5447179079055786
YBR028C,YPR141C,0,-0.31528324,0.08685445785522461,0.5159362554550171,0.5448179244995117
YOL154W,YPL178W,0,-0.31529897,0.08683989942073822,0.5159362554550171,0.5449179410934448
YMR220W,YJL035C,0,-0.31530738,0.08682534098625183,0.5159362554550171,0.5450180172920227
YJL057C,YER129W,0,-0.31533924,0.08681079000234604,0.5159362554550171,0.5451180338859558
YLR411W,YGR094W,0,-0.31535217,0.08679624646902084,0.5159362554550171,0.5452181100845337
YOR049C,YDR287W,0,-0.31548062,0.08678170293569565,0.5159362554550171,0.5453181266784668
YPR114W,YER093C,0,-0.31552553,0.08676716685295105,0.5159362554550171,0.5454181432723999
YKL114C,YHL006C,0,-0.31555596,0.08675263822078705,0.5159362554550171,0.5455182194709778
YPL061W,YJL196C,0,-0.31562153,0.08673810958862305,0.5159362554550171,0.5456182360649109
YFR040W,YIL113W,1,-0.31566533,0.08689101040363312,0.5169322490692139,0.5456182360649109
YGR120C,YLR260W,0,-0.31575468,0.08687646687030792,0.5169322490692139,0.5457183122634888
YIL053W,YIL153W,0,-0.3158956,0.08686192333698273,0.5169322490692139,0.5458183288574219
YDL209C,YGL027C,0,-0.315941,0.08684738725423813,0.5169322490692139,0.545918345451355
YLR118C,YOL144W,0,-0.31601176,0.08683285862207413,0.5169322490692139,0.5460184216499329
YMR076C,YOR087W,0,-0.31612957,0.08681833744049072,0.5169322490692139,0.546118438243866
YGR082W,YDL211C,0,-0.31615266,0.08680381625890732,0.5169322490692139,0.5462185144424438
YJR035W,YPL225W,0,-0.31625283,0.08678929507732391,0.5169322490692139,0.546318531036377
YPL036W,YJL212C,0,-0.31628022,0.0867747887969017,0.5169322490692139,0.5464185476303101
YOR004W,YCL048W,0,-0.31639567,0.08676028251647949,0.5169322490692139,0.5465186238288879
YPL207W,YBR028C,0,-0.3164171,0.08674577623605728,0.5169322490692139,0.546618640422821
YLR249W,YDL102W,0,-0.31644297,0.08673128485679626,0.5169322490692139,0.5467187166213989
YJL127C,YCR106W,0,-0.31645805,0.08671679347753525,0.5169322490692139,0.546818733215332
YML023C,YOR363C,0,-0.31650537,0.08670230209827423,0.5169322490692139,0.5469187498092651
YPR128C,YEL032W,0,-0.31655312,0.08668782562017441,0.5169322490692139,0.547018826007843
YLR181C,YBR188C,0,-0.316586,0.08667334914207458,0.5169322490692139,0.5471188426017761
YIL053W,YMR036C,1,-0.31659764,0.08682584762573242,0.5179283022880554,0.5471188426017761
YDR435C,YGL093W,0,-0.31673232,0.08681134879589081,0.5179283022880554,0.5472188591957092
YER062C,YLL067C,0,-0.31682125,0.08679686486721039,0.5179283022880554,0.5473189353942871
YPR175W,YEL051W,0,-0.31691024,0.08678237348794937,0.5179283022880554,0.5474189519882202
YFR040W,YDR287W,1,-0.3169649,0.08693476021289825,0.5189242959022522,0.5474189519882202
YLR411W,YBR086C,0,-0.31697762,0.08692025393247604,0.5189242959022522,0.5475190281867981
YGR004W,YIL008W,0,-0.31698364,0.08690575510263443,0.5189242959022522,0.5476190447807312
YNL023C,YER032W,0,-0.31703195,0.08689126372337341,0.5189242959022522,0.5477190613746643
YMR156C,YNL278W,0,-0.31704414,0.0868767723441124,0.5189242959022522,0.5478191375732422
YMR081C,YMR220W,0,-0.31716916,0.08686228841543198,0.5189242959022522,0.5479191541671753
YKR088C,YER032W,0,-0.3171702,0.08684780448675156,0.5189242959022522,0.5480192303657532
YOR260W,YGL219C,0,-0.3171761,0.08683333545923233,0.5189242959022522,0.5481192469596863
YJL181W,YPL130W,0,-0.31736258,0.0868188664317131,0.5189242959022522,0.5482192635536194
YBR180W,YIL167W,0,-0.31738994,0.08680439740419388,0.5189242959022522,0.5483193397521973
YBL080C,YFL025C,0,-0.31742638,0.08678993582725525,0.5189242959022522,0.5484193563461304
YER062C,YHR076W,1,-0.31743112,0.08694203943014145,0.519920289516449,0.5484193563461304
YHL025W,YLR056W,0,-0.3174739,0.08692756295204163,0.519920289516449,0.5485194325447083
YLR167W,YFR014C,0,-0.31749898,0.0869130864739418,0.519920289516449,0.5486194491386414
YBR153W,YLR007W,0,-0.3175566,0.08689861744642258,0.519920289516449,0.5487194657325745
YJR117W,YFR030W,0,-0.3176265,0.08688415586948395,0.519920289516449,0.5488195419311523
YPL140C,YJR035W,0,-0.31766617,0.08686969429254532,0.519920289516449,0.5489195585250854
YMR081C,YOR078W,0,-0.31767052,0.08685524016618729,0.519920289516449,0.5490196347236633
YDR057W,YDL134C,0,-0.3177168,0.08684079349040985,0.519920289516449,0.5491196513175964
YER060W-A,YFR034C,0,-0.31778118,0.08682634681463242,0.519920289516449,0.5492196679115295
YEL038W,YFR028C,1,-0.31804588,0.08697821199893951,0.5209163427352905,0.5492196679115295
YHR044C,YNL217W,1,-0.31812283,0.08713003247976303,0.5219123363494873,0.5492196679115295
YMR002W,YLR055C,0,-0.31818798,0.08711554110050201,0.5219123363494873,0.5493197441101074
YGR138C,YJL069C,0,-0.31822798,0.08710106462240219,0.5219123363494873,0.5494197607040405
YJL059W,YIL014W,0,-0.31830862,0.08708658814430237,0.5219123363494873,0.5495198369026184
YDR430C,YGL231C,0,-0.31834295,0.08707211911678314,0.5219123363494873,0.5496198534965515
YDR398W,YOR086C,0,-0.31836155,0.08705765008926392,0.5219123363494873,0.5497198700904846
YNL054W,YMR050C,0,-0.31838635,0.08704318851232529,0.5219123363494873,0.5498199462890625
YPR173C,YNL020C,0,-0.3185336,0.08702873438596725,0.5219123363494873,0.5499199628829956
YML101C,YNL132W,0,-0.31855577,0.08701428025960922,0.5219123363494873,0.5500199794769287
YIL098C,YER038C,0,-0.31855783,0.08699983358383179,0.5219123363494873,0.5501200556755066
YGL092W,YLR093C,0,-0.31874123,0.08698539435863495,0.5219123363494873,0.5502200722694397
YAL011W,YKL051W,0,-0.31876233,0.08697095513343811,0.5219123363494873,0.5503201484680176
YDR019C,YJL168C,0,-0.31879008,0.08695652335882187,0.5219123363494873,0.5504201650619507
YLR360W,YLR382C,0,-0.31879795,0.08694209158420563,0.5219123363494873,0.5505201816558838
YOR334W,YHR020W,0,-0.31881005,0.08692766726016998,0.5219123363494873,0.5506202578544617
YDR284C,YNL128W,1,-0.3189115,0.08707911521196365,0.5229083895683289,0.5506202578544617
YJL096W,YMR183C,0,-0.3189195,0.08706467598676682,0.5229083895683289,0.5507202744483948
YIL036W,YBL080C,0,-0.31896922,0.08705023676156998,0.5229083895683289,0.5508203506469727
YMR015C,YKR034W,0,-0.31899795,0.08703581243753433,0.5229083895683289,0.5509203672409058
YGL053W,YBL025W,0,-0.3191009,0.08702138066291809,0.5229083895683289,0.5510203838348389
YOL154W,YPR007C,0,-0.31910864,0.08700696378946304,0.5229083895683289,0.5511204600334167
YHR185C,YLR367W,0,-0.31918603,0.086992546916008,0.5229083895683289,0.5512204766273499
YDR189W,YDR437W,0,-0.31921282,0.08697813004255295,0.5229083895683289,0.5513205528259277
YBR146W,YHR114W,0,-0.31921694,0.0869637206196785,0.5229083895683289,0.5514205694198608
YGR123C,YER062C,1,-0.3192581,0.08711493760347366,0.5239043831825256,0.5514205694198608
YDR287W,YPR046W,0,-0.31927833,0.08710051327943802,0.5239043831825256,0.551520586013794
YJL127C,YDL087C,0,-0.3192794,0.08708609640598297,0.5239043831825256,0.5516206622123718
YER056C,YDR110W,0,-0.31932405,0.08707167953252792,0.5239043831825256,0.5517206788063049
YOR131C,YDR075W,1,-0.31941035,0.08722277730703354,0.5249003767967224,0.5517206788063049
YPR003C,YDR303C,0,-0.3194209,0.0872083380818367,0.5249003767967224,0.5518207550048828
YJL094C,YGR060W,0,-0.31942704,0.08719391375780106,0.5249003767967224,0.5519207715988159
YFL025C,YGL167C,0,-0.31943753,0.08717948943376541,0.5249003767967224,0.552020788192749
YOR177C,YNL130C,0,-0.31944022,0.08716506510972977,0.5249003767967224,0.5521208643913269
YDR367W,YGR205W,0,-0.31944394,0.08715065568685532,0.5249003767967224,0.55222088098526
YPR008W,YNL180C,0,-0.31946105,0.08713624626398087,0.5249003767967224,0.5523209571838379
YGL063W,YCR036W,0,-0.31949422,0.08712183684110641,0.5249003767967224,0.552420973777771
YGR082W,YCR107W,0,-0.31951007,0.08710743486881256,0.5249003767967224,0.5525209903717041
YKR085C,YHR037W,0,-0.31960106,0.0870930403470993,0.5249003767967224,0.552621066570282
YPL036W,YOL012C,0,-0.31961563,0.08707865327596664,0.5249003767967224,0.5527210831642151
YKR083C,YLR263W,0,-0.31966504,0.08706426620483398,0.5249003767967224,0.5528210997581482
YCR045C,YOL076W,0,-0.31971785,0.08704988658428192,0.5249003767967224,0.5529211759567261
YGL076C,YBR091C,0,-0.31973192,0.08703550696372986,0.5249003767967224,0.5530211925506592
YDR268W,YPR199C,0,-0.31978503,0.08702113479375839,0.5249003767967224,0.5531212687492371
YKR049C,YHR133C,0,-0.3198323,0.08700677007436752,0.5249003767967224,0.5532212853431702
YIR019C,YJR054W,0,-0.3198794,0.08699240535497665,0.5249003767967224,0.5533213019371033
YKR089C,YDR439W,0,-0.31995776,0.08697804808616638,0.5249003767967224,0.5534213781356812
YFR040W,YGR208W,1,-0.32000354,0.08712871372699738,0.525896430015564,0.5534213781356812
YGL192W,YOR341W,0,-0.320008,0.08711433410644531,0.525896430015564,0.5535213947296143
YDR328C,YJL083W,0,-0.32005483,0.08709996938705444,0.525896430015564,0.5536214709281921
YKL190W,YPL228W,1,-0.3201579,0.08725053817033768,0.5268924236297607,0.5536214709281921
YLR361C,YOR131C,1,-0.32020706,0.08740105479955673,0.5278884172439575,0.5536214709281921
YDL100C,YPL040C,0,-0.3202358,0.08738664537668228,0.5278884172439575,0.5537214875221252
YGL104C,YKL040C,0,-0.32031444,0.08737223595380783,0.5278884172439575,0.5538215041160583
YDL047W,YKL212W,1,-0.32033902,0.08752266317605972,0.5288844704627991,0.5538215041160583
YHR154W,YOR341W,0,-0.32038355,0.08750823885202408,0.5288844704627991,0.5539215803146362
YGR057C,YGR097W,0,-0.32050374,0.08749382197856903,0.5288844704627991,0.5540215969085693
YMR234W,YML047C,0,-0.32053605,0.08747940510511398,0.5288844704627991,0.5541216731071472
YKR027W,YJR052W,0,-0.32058933,0.08746499568223953,0.5288844704627991,0.5542216897010803
YBL038W,YDR078C,0,-0.32061142,0.08745059370994568,0.5288844704627991,0.5543217062950134
YLR118C,YBL005W,0,-0.32069114,0.08743619173765182,0.5288844704627991,0.5544217824935913
YGL243W,YPL010W,0,-0.32074553,0.08742179721593857,0.5288844704627991,0.5545217990875244
YHR043C,YOR208W,1,-0.32074702,0.08757201582193375,0.5298804640769958,0.5545217990875244
YHR088W,YIL068C,0,-0.32077616,0.0875576063990593,0.5298804640769958,0.5546218752861023
YOR250C,YKL043W,0,-0.32077685,0.08754319697618484,0.5298804640769958,0.5547218918800354
YOR334W,YGL167C,0,-0.32079098,0.08752879500389099,0.5298804640769958,0.5548219084739685
YLR360W,YDR002W,0,-0.32080734,0.08751439303159714,0.5298804640769958,0.5549219846725464
YCL051W,YAL051W,0,-0.32081568,0.08749999850988388,0.5298804640769958,0.5550220012664795
YDR482C,YBL031W,0,-0.32081628,0.08748561143875122,0.5298804640769958,0.5551220774650574
YOR320C,YKR049C,0,-0.32092544,0.08747122436761856,0.5298804640769958,0.5552220940589905
YOL122C,YKL063C,0,-0.32092825,0.0874568447470665,0.5298804640769958,0.5553221106529236
YER139C,YPL178W,0,-0.320963,0.08744247257709503,0.5298804640769958,0.5554221868515015
YER062C,YBL051C,0,-0.32098424,0.08742810040712357,0.5298804640769958,0.5555222034454346
YKR007W,YDR384C,0,-0.32101753,0.0874137356877327,0.5298804640769958,0.5556222200393677
YDR490C,YPL235W,0,-0.32110128,0.08739937841892242,0.5298804640769958,0.5557222962379456
YDR367W,YJL083W,0,-0.32110637,0.08738502115011215,0.5298804640769958,0.5558223128318787
YML045W,YFR053C,0,-0.32114515,0.08737067133188248,0.5298804640769958,0.5559223890304565
YPL115C,YHR170W,0,-0.32122016,0.0873563215136528,0.5298804640769958,0.5560224056243896
YGL238W,YJL208C,0,-0.32128453,0.08734197914600372,0.5298804640769958,0.5561224222183228
YLR037C,YLR361C,0,-0.32129887,0.08732764422893524,0.5298804640769958,0.5562224984169006
YML107C,YBL013W,0,-0.32135734,0.08731330931186676,0.5298804640769958,0.5563225150108337
YHR044C,YBR092C,1,-0.32156548,0.08746308088302612,0.5308765172958374,0.5563225150108337
YLL024C,YOR227W,0,-0.32165828,0.08744873106479645,0.5308765172958374,0.5564225912094116
YNL010W,YNL325C,1,-0.32169893,0.08759842813014984,0.5318725109100342,0.5564225912094116
YNL318C,YCL051W,0,-0.32174984,0.08758405596017838,0.5318725109100342,0.5565226078033447
YOR016C,YMR243C,0,-0.32187518,0.0875696986913681,0.5318725109100342,0.5566226243972778
YHR150W,YDR080W,0,-0.32200226,0.08755533397197723,0.5318725109100342,0.5567227005958557
YGR203W,YBR022W,1,-0.3220968,0.08770491927862167,0.532868504524231,0.5567227005958557
YFR028C,YER075C,1,-0.32213375,0.08785445243120193,0.5338645577430725,0.5567227005958557
YBL038W,YPL198W,0,-0.3222573,0.08784005045890808,0.5338645577430725,0.5568227171897888
YOR191W,YKR078W,0,-0.32245192,0.08782565593719482,0.5338645577430725,0.5569227933883667
YLR006C,YGR017W,0,-0.32245395,0.08781126886606216,0.5338645577430725,0.5570228099822998
YPL063W,YIL011W,0,-0.32246652,0.0877968892455101,0.5338645577430725,0.5571228265762329
YOR320C,YMR001C,0,-0.3224769,0.08778250962495804,0.5338645577430725,0.5572229027748108
YLR361C,YCR079W,1,-0.32264978,0.08793187886476517,0.5348605513572693,0.5572229027748108
YDR092W,YER005W,0,-0.3227,0.08791748434305191,0.5348605513572693,0.5573229193687439
YJL059W,YGR245C,0,-0.3227174,0.08790309727191925,0.5348605513572693,0.5574229955673218
YNL325C,YHR004C,1,-0.3227553,0.08805236965417862,0.5358565449714661,0.5574229955673218
YLL016W,YGL045W,0,-0.32277846,0.08803796768188477,0.5358565449714661,0.5575230121612549
YJR108W,YMR183C,0,-0.322789,0.08802355825901031,0.5358565449714661,0.557623028755188
YGL126W,YKL079W,0,-0.32291856,0.08800916373729706,0.5358565449714661,0.5577231049537659
YHR122W,YJL168C,0,-0.3229577,0.0879947692155838,0.5358565449714661,0.557823121547699
YER179W,YLR367W,0,-0.32302418,0.08798037469387054,0.5358565449714661,0.5579231977462769
YLR451W,YKL081W,0,-0.32304695,0.08796598762273788,0.5358565449714661,0.55802321434021
YJL013C,YLR060W,0,-0.32311702,0.08795160800218582,0.5358565449714661,0.5581232309341431
YIL014W,YDL076C,0,-0.32315394,0.08793723583221436,0.5358565449714661,0.558223307132721
YPL100W,YMR177W,0,-0.32316896,0.08792286366224289,0.5358565449714661,0.558323323726654
YBR078W,YLR382C,0,-0.32318887,0.08790849894285202,0.5358565449714661,0.5584233403205872
YFL025C,YPR010C,0,-0.32319334,0.08789413422346115,0.5358565449714661,0.558523416519165
YNL142W,YDR412W,0,-0.32319403,0.08787977695465088,0.5358565449714661,0.5586234331130981
YGR161C,YGL064C,0,-0.32324544,0.0878654271364212,0.5358565449714661,0.558723509311676
YMR009W,YDR406W,0,-0.3233446,0.08785107731819153,0.5358565449714661,0.5588235259056091
YPL224C,YJR131W,0,-0.3233974,0.08783673495054245,0.5358565449714661,0.5589235424995422
YCR045C,YKR034W,0,-0.32343242,0.08782240003347397,0.5358565449714661,0.5590236186981201
YAR033W,YDR135C,0,-0.3234339,0.08780806511640549,0.5358565449714661,0.5591236352920532
YDL091C,YJL089W,0,-0.32347307,0.087793730199337,0.5358565449714661,0.5592237114906311
YLL018C,YOR068C,0,-0.32361558,0.08777941018342972,0.5358565449714661,0.5593237280845642
YBR119W,YBL025W,0,-0.323616,0.08776509016752243,0.5358565449714661,0.5594237446784973
YMR015C,YJL216C,0,-0.32370284,0.08775077760219574,0.5358565449714661,0.5595238208770752
YPR003C,YLL067C,0,-0.32378468,0.08773646503686905,0.5358565449714661,0.5596238374710083
YNL167C,YDR213W,0,-0.32384935,0.08772215992212296,0.5358565449714661,0.5597239136695862
YLR004C,YLR323C,0,-0.32389095,0.08770785480737686,0.5358565449714661,0.5598239302635193
YFR040W,YDL006W,1,-0.32410902,0.08785656094551086,0.5368525981903076,0.5598239302635193
YML004C,YGL240W,0,-0.32411522,0.08784224092960358,0.5368525981903076,0.5599239468574524
YLR258W,YDR468C,0,-0.32434103,0.08782792836427689,0.5368525981903076,0.5600240230560303
YHR170W,YPL189W,0,-0.32439336,0.08781362324953079,0.5368525981903076,0.5601240396499634
YPL058C,YBR089C-A,0,-0.32447648,0.0877993181347847,0.5368525981903076,0.5602241158485413
YDR100W,YDR200C,0,-0.32461277,0.0877850130200386,0.5368525981903076,0.5603241324424744
YOR090C,YER123W,0,-0.32467082,0.0877707228064537,0.5368525981903076,0.5604241490364075
YDR481C,YHR076W,1,-0.3248404,0.08791924268007278,0.5378485918045044,0.5604241490364075
YMR232W,YGR004W,0,-0.32488456,0.0879049301147461,0.5378485918045044,0.5605242252349854
YKR089C,YJR120W,0,-0.32490042,0.087890625,0.5378485918045044,0.5606242418289185
YDR091C,YDL018C,0,-0.3249042,0.0878763198852539,0.5378485918045044,0.5607243180274963
YOR087W,YJR049C,0,-0.32494953,0.08786202222108841,0.5378485918045044,0.5608243346214294
YOR045W,YGR003W,0,-0.325003,0.08784773200750351,0.5378485918045044,0.5609243512153625
YJL127C,YBR180W,0,-0.32505134,0.08783344179391861,0.5378485918045044,0.5610244274139404
YLR115W,YIL062C,0,-0.32507065,0.0878191590309143,0.5378485918045044,0.5611244440078735
YPR131C,YNL240C,0,-0.32508364,0.08780487626791,0.5378485918045044,0.5612244606018066
YOR316C,YOR065W,0,-0.32519585,0.0877906009554863,0.5378485918045044,0.5613245368003845
YGR202C,YPL117C,0,-0.32523742,0.08777633309364319,0.5378485918045044,0.5614245533943176
YLR011W,YHR193C,0,-0.3252409,0.08776206523180008,0.5378485918045044,0.5615246295928955
YPR154W,YDR301W,0,-0.32534432,0.08774780482053757,0.5378485918045044,0.5616246461868286
YNL176C,YNR033W,0,-0.32559666,0.08773355185985565,0.5378485918045044,0.5617246627807617
YDL093W,YMR183C,0,-0.32560155,0.08771929889917374,0.5378485918045044,0.5618247389793396
YGL196W,YNL118C,0,-0.32563922,0.08770505338907242,0.5378485918045044,0.5619247555732727
YBR054W,YDL106C,0,-0.32568675,0.0876908078789711,0.5378485918045044,0.5620248317718506
YDL230W,YPR120C,0,-0.3258108,0.08767656981945038,0.5378485918045044,0.5621248483657837
YMR192W,YKL191W,0,-0.32593223,0.08766233921051025,0.5378485918045044,0.5622248649597168
YBR107C,YKL006C-A,0,-0.32603675,0.08764810860157013,0.5378485918045044,0.5623249411582947
YLR277C,YDR268W,0,-0.32604045,0.0876338854432106,0.5378485918045044,0.5624249577522278
YHR214W,YHR157W,0,-0.32617673,0.08761966228485107,0.5378485918045044,0.5625250339508057
YPL115C,YOL032W,0,-0.32618627,0.08760545402765274,0.5378485918045044,0.5626250505447388
YIL052C,YML120C,0,-0.32618716,0.08759123831987381,0.5378485918045044,0.5627250671386719
YLR299W,YBL091C,0,-0.32625267,0.08757703751325607,0.5378485918045044,0.5628251433372498
YKL026C,YGR178C,0,-0.32636717,0.08756283670663834,0.5378485918045044,0.5629251599311829
YDR513W,YNL247W,0,-0.32638425,0.0875486359000206,0.5378485918045044,0.5630252361297607
YNL142W,YMR040W,0,-0.32654515,0.08753444999456406,0.5378485918045044,0.5631252527236938
YLL014W,YDR179C,0,-0.3267027,0.08752025663852692,0.5378485918045044,0.563225269317627
YMR313C,YMR133W,0,-0.32675013,0.08750607818365097,0.5378485918045044,0.5633253455162048
YPR114W,YKL032C,0,-0.32676706,0.08749189972877502,0.5378485918045044,0.5634253621101379
YJL054W,YML107C,0,-0.326807,0.08747772872447968,0.5378485918045044,0.5635254383087158
YOR383C,YPR003C,0,-0.3268276,0.08746355772018433,0.5378485918045044,0.5636254549026489
YHR046C,YDR284C,1,-0.32691073,0.08761133253574371,0.538844645023346,0.5636254549026489
YHR146W,YMR133W,0,-0.32696053,0.08759714663028717,0.538844645023346,0.563725471496582
YOL076W,YLR315W,0,-0.3269926,0.08758296817541122,0.538844645023346,0.5638255476951599
YMR318C,YHR103W,0,-0.3270327,0.08756878972053528,0.538844645023346,0.563925564289093
YGR055W,YGL016W,0,-0.32703713,0.08755461871623993,0.538844645023346,0.5640255808830261
YER028C,YDR398W,0,-0.3270897,0.08754045516252518,0.538844645023346,0.564125657081604
YPL171C,YLR011W,0,-0.32709393,0.08752629160881042,0.538844645023346,0.5642256736755371
YOR335C,YLL057C,0,-0.32710934,0.08751213550567627,0.538844645023346,0.564325749874115
YMR156C,YDR436W,1,-0.3271876,0.08765970915555954,0.5398406386375427,0.564325749874115
YHR113W,YLR200W,0,-0.32719386,0.08764553815126419,0.5398406386375427,0.5644257664680481
YNR048W,YML081W,0,-0.3272108,0.08763136714696884,0.5398406386375427,0.5645257830619812
YHR185C,YLR189C,0,-0.32721582,0.08761720359325409,0.5398406386375427,0.5646258592605591
YPL138C,YPR034W,0,-0.32725048,0.08760304003953934,0.5398406386375427,0.5647258758544922
YNL243W,YGL096W,0,-0.32727954,0.08758888393640518,0.5398406386375427,0.5648259520530701
YLR293C,YJL196C,0,-0.32746062,0.08757472783327103,0.5398406386375427,0.5649259686470032
YPR073C,YER062C,1,-0.32747495,0.08772213011980057,0.5408366322517395,0.5649259686470032
YLR390W-A,YIL167W,0,-0.32748184,0.08770796656608582,0.5408366322517395,0.5650259852409363
YGL073W,YDL102W,0,-0.32752854,0.08769379556179047,0.5408366322517395,0.5651260614395142
YDR441C,YOR129C,0,-0.3275678,0.08767963945865631,0.5408366322517395,0.5652260780334473
YER041W,YKR049C,0,-0.32766396,0.08766548335552216,0.5408366322517395,0.5653261542320251
YGR057C,YGR005C,0,-0.3277025,0.0876513347029686,0.5408366322517395,0.5654261708259583
YCR091W,YIL120W,0,-0.32773122,0.08763718605041504,0.5408366322517395,0.5655261874198914
YLR044C,YBR131W,0,-0.3278424,0.08762304484844208,0.5408366322517395,0.5656262636184692
YNL032W,YMR165C,1,-0.32788026,0.0877702459692955,0.541832685470581,0.5656262636184692
YIL056W,YOR249C,0,-0.32795048,0.08775608986616135,0.541832685470581,0.5657262802124023
YPL168W,YGL127C,0,-0.32802114,0.08774193376302719,0.541832685470581,0.5658263564109802
YEL006W,YNL111C,0,-0.32805744,0.08772778511047363,0.541832685470581,0.5659263730049133
YAL016W,YJL098W,1,-0.32815507,0.0878748819231987,0.5428286790847778,0.5659263730049133
YDL139C,YKL099C,0,-0.32817534,0.08786071091890335,0.5428286790847778,0.5660263895988464
YNL167C,YHR090C,0,-0.32825193,0.0878465473651886,0.5428286790847778,0.5661264657974243
YJL057C,YKL006W,0,-0.32841846,0.08783239126205444,0.5428286790847778,0.5662264823913574
YBR169C,YGR083C,0,-0.3285239,0.08781824260950089,0.5428286790847778,0.5663265585899353
YNL288W,YLR060W,0,-0.32855496,0.08780409395694733,0.5428286790847778,0.5664265751838684
YGR044C,YBL047C,0,-0.3285736,0.08778994530439377,0.5428286790847778,0.5665265917778015
YOR191W,YGL028C,0,-0.32861534,0.0877758115530014,0.5428286790847778,0.5666266679763794
YOL122C,YAL007C,0,-0.32870242,0.08776167780160904,0.5428286790847778,0.5667266845703125
YGR208W,YOR131C,1,-0.32871822,0.0879085510969162,0.5438246726989746,0.5667266845703125
YOR002W,YJL026W,0,-0.3287348,0.08789439499378204,0.5438246726989746,0.5668267011642456
YOR002W,YIL147C,0,-0.3289191,0.08788025379180908,0.5438246726989746,0.5669267773628235
YGR266W,YPL235W,0,-0.32892445,0.08786610513925552,0.5438246726989746,0.5670267939567566
YOR266W,YBR085W,0,-0.3290232,0.08785197138786316,0.5438246726989746,0.5671268701553345
YER142C,YLL018C-A,0,-0.32904503,0.0878378376364708,0.5438246726989746,0.5672268867492676
YLR390W-A,YPR034W,0,-0.3290921,0.08782371133565903,0.5438246726989746,0.5673269033432007
YNL243W,YDR300C,0,-0.32909942,0.08780958503484726,0.5438246726989746,0.5674269795417786
YKL002W,YGL107C,0,-0.32911235,0.08779546618461609,0.5438246726989746,0.5675269961357117
YNL025C,YHR073W,0,-0.3291573,0.08778134733438492,0.5438246726989746,0.5676270723342896
YKL052C,YKL048C,0,-0.32918805,0.08776724338531494,0.5438246726989746,0.5677270889282227
YPR120C,YLR115W,0,-0.32927728,0.08775313198566437,0.5438246726989746,0.5678271055221558
YPL018W,YCL039W,0,-0.32943922,0.08773903548717499,0.5438246726989746,0.5679271817207336
YIL098C,YDR007W,0,-0.32948318,0.08772493898868561,0.5438246726989746,0.5680271983146667
YJL026W,YNR053C,0,-0.32955483,0.08771084249019623,0.5438246726989746,0.5681272745132446
YBR114W,YDR257C,0,-0.3295796,0.08769675344228745,0.5438246726989746,0.5682272911071777
YDL240W,YNL173C,0,-0.3296593,0.08768267184495926,0.5438246726989746,0.5683273077011108
YLL048C,YNR030W,0,-0.32966802,0.08766859024763107,0.5438246726989746,0.5684273838996887
YAL056W,YPL173W,0,-0.3296725,0.08765451610088348,0.5438246726989746,0.5685274004936218
YOR131C,YNL128W,1,-0.32971722,0.08780096471309662,0.5448207259178162,0.5685274004936218
YDL100C,YGR208W,0,-0.32972088,0.08778687566518784,0.5448207259178162,0.5686274766921997
YJR102C,YNL176C,0,-0.3298162,0.08777278661727905,0.5448207259178162,0.5687274932861328
YER167W,YER015W,0,-0.32987544,0.08775870501995087,0.5448207259178162,0.5688275098800659
YDR325W,YML102W,0,-0.32987925,0.08774462342262268,0.5448207259178162,0.5689275860786438
YGL073W,YLR167W,0,-0.32993248,0.08773055672645569,0.5448207259178162,0.5690276026725769
YPR128C,YGL139W,0,-0.3300028,0.0877164825797081,0.5448207259178162,0.5691276788711548
YDL236W,YDL047W,1,-0.33000475,0.08786275237798691,0.5458167195320129,0.5691276788711548
YCR086W,YKR031C,0,-0.33003643,0.08784867078065872,0.5458167195320129,0.5692276954650879
YDL236W,YFR025C,1,-0.3300548,0.08799487352371216,0.5468127727508545,0.5692276954650879
YNL181W,YER155C,0,-0.3300704,0.08798076957464218,0.5468127727508545,0.569327712059021
YMR081C,YDR438W,0,-0.33007276,0.0879666730761528,0.5468127727508545,0.5694277882575989
YNL167C,YIL037C,0,-0.33008546,0.08795257657766342,0.5468127727508545,0.569527804851532
YMR015C,YCR018C,0,-0.33010462,0.08793848752975464,0.5468127727508545,0.5696278214454651
YPR110C,YOL122C,0,-0.330112,0.08792440593242645,0.5468127727508545,0.569727897644043
YDR463W,YDL209C,0,-0.33017156,0.08791033178567886,0.5468127727508545,0.5698279142379761
YGR099W,YBL051C,0,-0.33018023,0.08789625018835068,0.5468127727508545,0.569927990436554
YOL023W,YNL024C,0,-0.3302626,0.08788218349218369,0.5468127727508545,0.5700280070304871
YDR515W,YIL087C,0,-0.3302882,0.0878681167960167,0.5468127727508545,0.5701280236244202
YDR468C,YPL097W,0,-0.33034465,0.0878540575504303,0.5468127727508545,0.570228099822998
YNL247W,YGR138C,0,-0.33037856,0.0878399983048439,0.5468127727508545,0.5703281164169312
YBR189W,YGL115W,0,-0.33039173,0.0878259465098381,0.5468127727508545,0.570428192615509
YJR052W,YKL197C,0,-0.33039522,0.0878119021654129,0.5468127727508545,0.5705282092094421
YJL127C,YHR138C,0,-0.33040127,0.0877978578209877,0.5468127727508545,0.5706282258033752
YBR272C,YNL055C,0,-0.3304073,0.0877838209271431,0.5468127727508545,0.5707283020019531
YGR099W,YNL041C,0,-0.33041832,0.08776978403329849,0.5468127727508545,0.5708283185958862
YKL191W,YNL161W,0,-0.33043364,0.08775575459003448,0.5468127727508545,0.5709283947944641
YGR055W,YPR199C,0,-0.33044967,0.08774173259735107,0.5468127727508545,0.5710284113883972
YDL235C,YOL061W,0,-0.33051077,0.08772771060466766,0.5468127727508545,0.5711284279823303
YPL116W,YNR052C,0,-0.3307307,0.08771368861198425,0.5468127727508545,0.5712285041809082
YBR093C,YDL236W,1,-0.3307608,0.08785942196846008,0.5478087663650513,0.5712285041809082
YOR004W,YBR028C,0,-0.3308259,0.08784539252519608,0.5478087663650513,0.5713285207748413
YDR234W,YJL197W,0,-0.3308881,0.08783136308193207,0.5478087663650513,0.5714285969734192
YHR035W,YKL048C,0,-0.33090362,0.08781734108924866,0.5478087663650513,0.5715286135673523
YPL061W,YGR211W,0,-0.33101243,0.08780331909656525,0.5478087663650513,0.5716286301612854
YNL194C,YER093C,0,-0.33104423,0.08778930455446243,0.5478087663650513,0.5717287063598633
YML059C,YPL018W,0,-0.33109096,0.08777529746294022,0.5478087663650513,0.5718287229537964
YOL011W,YDR168W,0,-0.33113787,0.087761290371418,0.5478087663650513,0.5719287991523743
YJL179W,YNL247W,0,-0.3311787,0.08774729073047638,0.5478087663650513,0.5720288157463074
YMR009W,YBR212W,0,-0.33123112,0.08773329108953476,0.5478087663650513,0.5721288323402405
YBR089C-A,YGR040W,0,-0.33125398,0.08771929889917374,0.5478087663650513,0.5722289085388184
YLR083C,YLR451W,0,-0.3312764,0.08770530670881271,0.5478087663650513,0.5723289251327515
YJL057C,YAR042W,0,-0.33129948,0.08769132941961288,0.5478087663650513,0.5724290013313293
YLR411W,YPR017C,0,-0.33144426,0.08767734467983246,0.5478087663650513,0.5725290179252625
YNL246W,YHL015W,0,-0.33148012,0.08766337484121323,0.5478087663650513,0.5726290345191956
YGR120C,YDR190C,0,-0.33154252,0.087649405002594,0.5478087663650513,0.5727291107177734
YKL026C,YPR199C,0,-0.3315642,0.08763543516397476,0.5478087663650513,0.5728291273117065
YOR091W,YLR067C,0,-0.33171752,0.08762147277593613,0.5478087663650513,0.5729291439056396
YOL121C,YOR086C,0,-0.33174214,0.08760751783847809,0.5478087663650513,0.5730292201042175
YHL050C,YKR099W,0,-0.33174756,0.08759356290102005,0.5478087663650513,0.5731292366981506
YMR055C,YIL118W,0,-0.33178407,0.08757961541414261,0.5478087663650513,0.5732293128967285
YKL045W,YDL123W,0,-0.33183554,0.08756567537784576,0.5478087663650513,0.5733293294906616
YNL221C,YGR083C,0,-0.33196843,0.08755173534154892,0.5478087663650513,0.5734293460845947
YPL203W,YDR078C,0,-0.33198276,0.08753780275583267,0.5478087663650513,0.5735294222831726
YNL251C,YGR122W,0,-0.33205694,0.08752387017011642,0.5478087663650513,0.5736294388771057
YGL167C,YIL130W,0,-0.33218032,0.08750994503498077,0.5478087663650513,0.5737295150756836
YKR078W,YDL145C,0,-0.3321902,0.08749601989984512,0.5478087663650513,0.5738295316696167
YLR181C,YNL164C,0,-0.33229023,0.08748210221529007,0.5478087663650513,0.5739295482635498
YMR101C,YGL195W,0,-0.33231696,0.08746819198131561,0.5478087663650513,0.5740296244621277
YDR234W,YBL005W,0,-0.3323656,0.08745428174734116,0.5478087663650513,0.5741296410560608
YLR056W,YER015W,0,-0.33243957,0.0874403789639473,0.5478087663650513,0.5742297172546387
YJL162C,YLL067C,0,-0.33244994,0.08742648363113403,0.5478087663650513,0.5743297338485718
YML041C,YHR106W,0,-0.33256793,0.08741258829832077,0.5478087663650513,0.5744297504425049
YPR173C,YDR122W,0,-0.3325985,0.0873987004160881,0.5478087663650513,0.5745298266410828
YML059C,YJL168C,0,-0.33271343,0.08738481253385544,0.5478087663650513,0.5746298432350159
YLR023C,YLR068W,0,-0.33275753,0.08737093210220337,0.5478087663650513,0.5747299194335938
YMR232W,YJR035W,0,-0.33277392,0.0873570516705513,0.5478087663650513,0.5748299360275269
YIL002C,YDL047W,1,-0.33283034,0.08750198781490326,0.548804759979248,0.5748299360275269
YPL133C,YLR417W,0,-0.33283153,0.08748809248209,0.548804759979248,0.57492995262146
YDL003W,YNL251C,0,-0.3328427,0.08747420459985733,0.548804759979248,0.5750300288200378
YOL122C,YKL149C,0,-0.3328612,0.08746031671762466,0.548804759979248,0.575130045413971
YNL222W,YAL009W,1,-0.33303046,0.08760514110326767,0.5498008131980896,0.575130045413971
YDL105W,YDR227W,0,-0.33306026,0.08759123831987381,0.5498008131980896,0.5752301216125488
YLR223C,YHR157W,0,-0.333082,0.08757734298706055,0.5498008131980896,0.5753301382064819
YNL286W,YDR287W,0,-0.3330855,0.08756345510482788,0.5498008131980896,0.575430154800415
YGL067W,YGR040W,0,-0.3331638,0.08754956722259521,0.5498008131980896,0.5755302309989929
YCR105W,YMR313C,0,-0.33322817,0.08753567934036255,0.5498008131980896,0.575630247592926
YFR040W,YML016C,1,-0.33327976,0.08768035471439362,0.5507968068122864,0.575630247592926
YOL012C,YGL195W,0,-0.3333296,0.08766645193099976,0.5507968068122864,0.5757302641868591
YOR192C,YNR030W,0,-0.33336306,0.08765255659818649,0.5507968068122864,0.575830340385437
YBR060C,YDR317W,0,-0.33339474,0.08763866871595383,0.5507968068122864,0.5759303569793701
YIL147C,YOL144W,0,-0.33339968,0.08762478083372116,0.5507968068122864,0.576030433177948
YGR202C,YDR430C,0,-0.33357036,0.08761090040206909,0.5507968068122864,0.5761304497718811
YKL069W,YLR333C,0,-0.3335833,0.08759701997041702,0.5507968068122864,0.5762304663658142
YCR086W,YNL023C,0,-0.33360687,0.08758314698934555,0.5507968068122864,0.5763305425643921
YHL006C,YLR068W,0,-0.3336484,0.08756928145885468,0.5507968068122864,0.5764305591583252
YMR130W,YDL236W,1,-0.33370456,0.08771374076604843,0.5517928004264832,0.5764305591583252
YOL076W,YDR386W,0,-0.33386806,0.08769986033439636,0.5517928004264832,0.5765306353569031
YPL137C,YER060W,0,-0.33390754,0.0876859799027443,0.5517928004264832,0.5766306519508362
YER033C,YLR150W,0,-0.33393636,0.08767209947109222,0.5517928004264832,0.5767306685447693
YER142C,YJL035C,0,-0.33395103,0.08765822649002075,0.5517928004264832,0.5768307447433472
YJL059W,YLR299W,0,-0.33396468,0.08764436095952988,0.5517928004264832,0.5769307613372803
YGL243W,YOR129C,0,-0.33404443,0.087630495429039,0.5517928004264832,0.5770308375358582
YOR316C,YER139C,0,-0.334212,0.08761663734912872,0.5517928004264832,0.5771308541297913
YOL020W,YHR001W-A,0,-0.33422557,0.08760278671979904,0.5517928004264832,0.5772308707237244
YJL155C,YOR131C,1,-0.3342627,0.08774703741073608,0.5527888536453247,0.5772308707237244
YNL142W,YMR322C,0,-0.3342789,0.08773316442966461,0.5527888536453247,0.5773309469223022
YIL137C,YJL026W,0,-0.33430633,0.08771929889917374,0.5527888536453247,0.5774309635162354
YDR087C,YGL064C,0,-0.3343146,0.08770543336868286,0.5527888536453247,0.5775310397148132
YDR213W,YDR092W,0,-0.3343669,0.08769157528877258,0.5527888536453247,0.5776310563087463
YBR295W,YER129W,0,-0.3343834,0.0876777246594429,0.5527888536453247,0.5777310729026794
YDL175C,YER081W,0,-0.33442655,0.08766387403011322,0.5527888536453247,0.5778311491012573
YDR422C,YOR136W,0,-0.33447602,0.08765003085136414,0.5527888536453247,0.5779311656951904
YPR110C,YPL021W,0,-0.3344856,0.08763618767261505,0.5527888536453247,0.5780312418937683
YDL145C,YBR212W,0,-0.33463308,0.08762235194444656,0.5527888536453247,0.5781312584877014
YLL018C,YPL075W,0,-0.3346698,0.08760852366685867,0.5527888536453247,0.5782312750816345
YIL053W,YHR215W,1,-0.3346993,0.08775252848863602,0.5537848472595215,0.5782312750816345
YOL078W,YNL066W,0,-0.33481213,0.08773867785930634,0.5537848472595215,0.5783313512802124
YGR211W,YLL021W,0,-0.33483425,0.08772483468055725,0.5537848472595215,0.5784313678741455
YPL225W,YNL066W,0,-0.33484843,0.08771099895238876,0.5537848472595215,0.5785313844680786
YNL287W,YIL005W,0,-0.33486775,0.08769716322422028,0.5537848472595215,0.5786314606666565
YML100W,YAL016W,1,-0.3349423,0.08784103393554688,0.554780900478363,0.5786314606666565
YDR345C,YPL169C,0,-0.33495742,0.0878271833062172,0.554780900478363,0.5787314772605896
YPR133C,YNR053C,0,-0.33496064,0.08781334012746811,0.554780900478363,0.5788315534591675
YDR406W,YOL052C-A,0,-0.33501682,0.08779949694871902,0.554780900478363,0.5789315700531006
YPR161C,YDR412W,0,-0.3350511,0.08778566122055054,0.554780900478363,0.5790315866470337
YKR064W,YPR131C,0,-0.33506477,0.08777182549238205,0.554780900478363,0.5791316628456116
YDR482C,YAL056W,0,-0.3350776,0.08775799721479416,0.554780900478363,0.5792316794395447
YGL139W,YER155C,0,-0.33510962,0.08774416893720627,0.554780900478363,0.5793317556381226
YOR258W,YOR129C,0,-0.33511215,0.08773034811019897,0.554780900478363,0.5794317722320557
YNL243W,YOR002W,0,-0.3352913,0.08771653473377228,0.554780900478363,0.5795317888259888
YBR023C,YCR021C,0,-0.33532175,0.08770272135734558,0.554780900478363,0.5796318650245667
YNL221C,YKL006C-A,0,-0.3354191,0.08768891543149948,0.554780900478363,0.5797318816184998
YCR045C,YMR091C,0,-0.33546063,0.08767511695623398,0.554780900478363,0.5798319578170776
YLR277C,YGL093W,0,-0.3355069,0.08766131848096848,0.554780900478363,0.5799319744110107
YPR105C,YLR092W,0,-0.33554664,0.08764752000570297,0.554780900478363,0.5800319910049438
YGR181W,YCR063W,0,-0.33555567,0.08763372898101807,0.554780900478363,0.5801320672035217
YOR172W,YCR021C,0,-0.33560592,0.08761994540691376,0.554780900478363,0.5802320837974548
YGR217W,YPL100W,0,-0.335615,0.08760616183280945,0.554780900478363,0.5803321599960327
YOL126C,YPL156C,0,-0.33563748,0.08759238570928574,0.554780900478363,0.5804321765899658
YGL076C,YNL094W,0,-0.33563927,0.08757861703634262,0.554780900478363,0.5805321931838989
YBL087C,YOR081C,0,-0.33571208,0.0875648483633995,0.554780900478363,0.5806322693824768
YAL019W,YPL036W,0,-0.33574063,0.08755108714103699,0.554780900478363,0.5807322859764099
YJR132W,YPL043W,0,-0.33575502,0.08753732591867447,0.554780900478363,0.5808323621749878
YHR204W,YPR055W,0,-0.33578584,0.08752357214689255,0.554780900478363,0.5809323787689209
YOR380W,YOR320C,0,-0.3358795,0.08750981837511063,0.554780900478363,0.581032395362854
YDL230W,YPR073C,1,-0.33590817,0.08765316009521484,0.5557768940925598,0.581032395362854
YLR234W,YHR120W,0,-0.33604503,0.08763939142227173,0.5557768940925598,0.5811324715614319
YMR131C,YGL198W,0,-0.33608964,0.08762563019990921,0.5557768940925598,0.581232488155365
YDR092W,YPL056C,0,-0.33611885,0.08761186897754669,0.5557768940925598,0.5813325047492981
YOL032W,YDR217C,0,-0.3362588,0.08759811520576477,0.5557768940925598,0.581432580947876
YOL076W,YPL135W,0,-0.3362833,0.08758436888456345,0.5557768940925598,0.5815325975418091
YER007C-A,YLR215C,0,-0.3362843,0.08757062256336212,0.5557768940925598,0.581632673740387
YIL036W,YNL181W,0,-0.3364403,0.0875568836927414,0.5557768940925598,0.5817326903343201
YBR208C,YMR002W,0,-0.3365268,0.08754314482212067,0.5557768940925598,0.5818327069282532
YNL010W,YJL098W,1,-0.33656144,0.08768627792596817,0.5567728877067566,0.5818327069282532
YLR435W,YNL029C,0,-0.3366154,0.08767252415418625,0.5567728877067566,0.581932783126831
YKR096W,YNL156C,0,-0.33663738,0.08765877038240433,0.5567728877067566,0.5820327997207642
YMR050C,YPR155C,0,-0.3367018,0.0876450315117836,0.5567728877067566,0.582132875919342
YDL113C,YIL087C,0,-0.3368127,0.08763129264116287,0.5567728877067566,0.5822328925132751
YAL030W,YBL072C,0,-0.3368207,0.08761755377054214,0.5567728877067566,0.5823329091072083
YEL019C,YML127W,0,-0.33686566,0.08760382235050201,0.5567728877067566,0.5824329853057861
YKR089C,YDR464W,0,-0.3369258,0.08759009838104248,0.5567728877067566,0.5825330018997192
YCR086W,YMR205C,0,-0.3369445,0.08757637441158295,0.5567728877067566,0.5826330780982971
YAL056W,YOL078W,0,-0.3370927,0.08756265789270401,0.5567728877067566,0.5827330946922302
YNL181W,YHR193C,0,-0.33711842,0.08754894137382507,0.5567728877067566,0.5828331112861633
YNL190W,YDR430C,0,-0.3373206,0.08753523230552673,0.5567728877067566,0.5829331874847412
YDR127W,YLR037C,0,-0.3373849,0.08752153068780899,0.5567728877067566,0.5830332040786743
YDR398W,YDL223C,0,-0.3374105,0.08750782907009125,0.5567728877067566,0.5831332802772522
YMR053C,YDR439W,0,-0.33741108,0.0874941274523735,0.5567728877067566,0.5832332968711853
YAL028W,YPR010C,0,-0.3374321,0.08748044073581696,0.5567728877067566,0.5833333134651184
YGR178C,YGL092W,0,-0.33744618,0.08746674656867981,0.5567728877067566,0.5834333896636963
YDR091C,YER028C,0,-0.3375478,0.08745306730270386,0.5567728877067566,0.5835334062576294
YGR203W,YML057W,1,-0.33755717,0.08759580552577972,0.5577689409255981,0.5835334062576294
YDR160W,YLR409C,0,-0.33757418,0.08758211135864258,0.5577689409255981,0.5836334824562073
YGL063W,YBR218C,0,-0.33760482,0.08756840974092484,0.5577689409255981,0.5837334990501404
YJL110C,YOR271C,0,-0.33760598,0.08755472302436829,0.5577689409255981,0.5838335156440735
YGL006W,YLR260W,0,-0.337684,0.08754103630781174,0.5577689409255981,0.5839335918426514
YER149C,YOR026W,0,-0.33775783,0.08752734959125519,0.5577689409255981,0.5840336084365845
YLR360W,YPL239W,0,-0.33782092,0.08751367032527924,0.5577689409255981,0.5841336250305176
YDR471W,YCL001W,0,-0.33786792,0.08749999850988388,0.5577689409255981,0.5842337012290955
YOR091W,YAL007C,0,-0.3378703,0.08748632669448853,0.5577689409255981,0.5843337178230286
YHR035W,YNL048W,0,-0.33788761,0.08747266232967377,0.5577689409255981,0.5844337940216064
YDR545W,YEL051W,0,-0.33790782,0.0874590054154396,0.5577689409255981,0.5845338106155396
YPL262W,YER102W,0,-0.33794773,0.08744534850120544,0.5577689409255981,0.5846338272094727
YNL243W,YJL012C,0,-0.33803365,0.08743169158697128,0.5577689409255981,0.5847339034080505
YBR038W,YPL168W,0,-0.33808878,0.08741804212331772,0.5577689409255981,0.5848339200019836
YPR133C,YDL117W,0,-0.3381851,0.08740440011024475,0.5577689409255981,0.5849339962005615
YDR098C,YPL179W,0,-0.33820692,0.08739075809717178,0.5577689409255981,0.5850340127944946
YPL203W,YOR249C,0,-0.3382227,0.08737712353467941,0.5577689409255981,0.5851340293884277
YER102W,YLR384C,0,-0.33822373,0.08736349642276764,0.5577689409255981,0.5852341055870056
YNL053W,YDR074W,1,-0.3385633,0.08750584721565247,0.5587649345397949,0.5852341055870056
YDL046W,YBL025W,0,-0.3386053,0.0874922052025795,0.5587649345397949,0.5853341221809387
YPL171C,YLR234W,0,-0.3386254,0.08747855573892593,0.5587649345397949,0.5854341983795166
YFR028C,YHR076W,1,-0.33863634,0.08762083202600479,0.5597609281539917,0.5854341983795166
YMR040W,YKR072C,0,-0.33864397,0.08760716766119003,0.5597609281539917,0.5855342149734497
YLR194C,YOR259C,0,-0.3386778,0.08759351819753647,0.5597609281539917,0.5856342315673828
YPR110C,YPL036W,0,-0.33869714,0.0875798687338829,0.5597609281539917,0.5857343077659607
YBR254C,YKL043W,0,-0.3387293,0.08756621927022934,0.5597609281539917,0.5858343243598938
YLR223C,YJR117W,0,-0.33876333,0.08755257725715637,0.5597609281539917,0.5859344005584717
YIL011W,YCR005C,0,-0.3388149,0.087538942694664,0.5597609281539917,0.5860344171524048
YIL013C,YLR432W,0,-0.33894345,0.08752530813217163,0.5597609281539917,0.5861344337463379
YDR350C,YGL093W,0,-0.33902302,0.08751168102025986,0.5597609281539917,0.5862345099449158
YBR295W,YDR080W,0,-0.33908138,0.08749805390834808,0.5597609281539917,0.5863345265388489
YDL247W,YOR241W,0,-0.33927318,0.0874844342470169,0.5597609281539917,0.5864346027374268
YOL032W,YIL137C,0,-0.3393127,0.08747081458568573,0.5597609281539917,0.5865346193313599
YGL067W,YDR516C,0,-0.33947244,0.08745720237493515,0.5597609281539917,0.586634635925293
YLR284C,YLL053C,0,-0.33959615,0.08744359761476517,0.5597609281539917,0.5867347121238708
YDR057W,YLR292C,0,-0.33963922,0.08742999285459518,0.5597609281539917,0.586834728717804
YCL039W,YNL081C,0,-0.3396835,0.0874163955450058,0.5597609281539917,0.5869347453117371
YPL001W,YHL015W,0,-0.33972475,0.08740279823541641,0.5597609281539917,0.5870348215103149
YER072W,YLR001C,0,-0.33979303,0.08738920837640762,0.5597609281539917,0.587134838104248
YER044C-A,YOR101W,0,-0.33981428,0.08737561851739883,0.5597609281539917,0.5872349143028259
YIL069C,YGR208W,0,-0.33981696,0.08736203610897064,0.5597609281539917,0.587334930896759
YER178W,YOR110W,0,-0.33982572,0.08734846115112305,0.5597609281539917,0.5874349474906921
YDR516C,YJR046W,0,-0.3398267,0.08733488619327545,0.5597609281539917,0.58753502368927
YDL230W,YBR301W,0,-0.34006524,0.08732131868600845,0.5597609281539917,0.5876350402832031
YOR026W,YMR131C,0,-0.34007224,0.08730775117874146,0.5597609281539917,0.587735116481781
YPL004C,YDR004W,0,-0.3401266,0.08729419112205505,0.5597609281539917,0.5878351330757141
YHR197W,YDL117W,0,-0.3401567,0.08728063106536865,0.5597609281539917,0.5879351496696472
YLR190W,YDL211C,0,-0.3401765,0.08726707845926285,0.5597609281539917,0.5880352258682251
YOR090C,YPL215W,0,-0.34021124,0.08725353330373764,0.5597609281539917,0.5881352424621582
YNL161W,YNL065W,0,-0.3403149,0.08723998814821243,0.5597609281539917,0.5882353186607361
YGR204W,YLR460C,0,-0.34038773,0.08722645044326782,0.5597609281539917,0.5883353352546692
YKL110C,YLR292C,0,-0.34044203,0.08721291273832321,0.5597609281539917,0.5884353518486023
YKR079C,YJL168C,0,-0.34053257,0.0871993824839592,0.5597609281539917,0.5885354280471802
YOR241W,YPR174C,0,-0.3405649,0.08718585222959518,0.5597609281539917,0.5886354446411133
YNL167C,YHR113W,0,-0.34063226,0.08717232942581177,0.5597609281539917,0.5887355208396912
YKL051W,YKR095W,0,-0.3407629,0.08715880662202835,0.5597609281539917,0.5888355374336243
YPR173C,YLR059C,0,-0.34083837,0.08714529126882553,0.5597609281539917,0.5889355540275574
YGR080W,YKL058W,0,-0.34091148,0.08713178336620331,0.5597609281539917,0.5890356302261353
YNL221C,YNR019W,0,-0.3409347,0.08711827546358109,0.5597609281539917,0.5891356468200684
YBL035C,YMR183C,0,-0.34096566,0.08710477501153946,0.5597609281539917,0.5892357230186462
YGL018C,YLR384C,0,-0.3409838,0.08709127455949783,0.5597609281539917,0.5893357396125793
YOR136W,YLR435W,0,-0.34107646,0.0870777815580368,0.5597609281539917,0.5894357562065125
YIL120W,YLR189C,0,-0.34109133,0.08706428855657578,0.5597609281539917,0.5895358324050903
YPL133C,YFL025C,0,-0.34114087,0.08705080300569534,0.5597609281539917,0.5896358489990234
YML041C,YBL014C,0,-0.34116232,0.08703732490539551,0.5597609281539917,0.5897358655929565
YIL053W,YHL035C,0,-0.34116277,0.08702384680509567,0.5597609281539917,0.5898359417915344
YML100W,YIR026C,1,-0.34117928,0.08716519922018051,0.5607569813728333,0.5898359417915344
YGR120C,YNL287W,0,-0.34119388,0.08715170621871948,0.5607569813728333,0.5899359583854675
YLL031C,YGL129C,0,-0.34130993,0.08713821321725845,0.5607569813728333,0.5900360345840454
YLR426W,YDR019C,0,-0.34139976,0.08712472766637802,0.5607569813728333,0.5901360511779785
YOR157C,YMR050C,0,-0.34140477,0.08711124956607819,0.5607569813728333,0.5902360677719116
YOR068C,YIL011W,0,-0.3414585,0.08709777146577835,0.5607569813728333,0.5903361439704895
YOL055C,YAL026C,0,-0.34157875,0.08708430081605911,0.5607569813728333,0.5904361605644226
YDR039C,YGL092W,0,-0.3419043,0.08707083016633987,0.5607569813728333,0.5905362367630005
YAL068C,YKR083C,0,-0.34190562,0.08705736696720123,0.5607569813728333,0.5906362533569336
YDR007W,YMR207C,0,-0.34194827,0.08704391121864319,0.5607569813728333,0.5907362699508667
YHR165C,YKL134C,0,-0.3420904,0.08703045547008514,0.5607569813728333,0.5908363461494446
YKR075C,YJR120W,0,-0.34217155,0.0870169997215271,0.5607569813728333,0.5909363627433777
YCR036W,YGR260W,0,-0.34219918,0.08700355142354965,0.5607569813728333,0.5910364389419556
YGR055W,YEL024W,0,-0.34220633,0.0869901105761528,0.5607569813728333,0.5911364555358887
YEL006W,YKR095W,0,-0.34254813,0.08697666972875595,0.5607569813728333,0.5912364721298218
YML045W,YCR065W,0,-0.34254825,0.0869632363319397,0.5607569813728333,0.5913365483283997
YLL031C,YKL054C,0,-0.34260386,0.08694981038570404,0.5607569813728333,0.5914365649223328
YLR023C,YLR384C,0,-0.34269866,0.08693637698888779,0.5607569813728333,0.5915366411209106
YER060W-A,YPL018W,0,-0.34293148,0.08692295849323273,0.5607569813728333,0.5916366577148438
YJL196C,YMR237W,0,-0.3429327,0.08690953999757767,0.5607569813728333,0.5917366743087769
YBR038W,YFR025C,0,-0.34299424,0.0868961289525032,0.5607569813728333,0.5918367505073547
YML098W,YCR065W,0,-0.34311256,0.08688271790742874,0.5607569813728333,0.5919367671012878
YGR005C,YEL032W,0,-0.3431455,0.08686930686235428,0.5607569813728333,0.5920368432998657
YGL087C,YCR038C,0,-0.34322938,0.08685591071844101,0.5607569813728333,0.5921368598937988
YCR106W,YGL240W,0,-0.34323278,0.08684251457452774,0.5607569813728333,0.5922368764877319
YGR205W,YKL032C,0,-0.34326223,0.08682911843061447,0.5607569813728333,0.5923369526863098
YLR118C,YJL069C,0,-0.34330449,0.0868157297372818,0.5607569813728333,0.5924369692802429
YDR481C,YBR126C,1,-0.34338647,0.08695652335882187,0.56175297498703,0.5924369692802429
YPL198W,YBR193C,0,-0.34345946,0.086943119764328,0.56175297498703,0.592536985874176
YJL098W,YDR025W,0,-0.3435484,0.08692971616983414,0.56175297498703,0.5926370620727539
YGR235C,YOR189W,0,-0.3435488,0.08691632002592087,0.56175297498703,0.592737078666687
YIL147C,YOR129C,0,-0.34355536,0.0869029238820076,0.56175297498703,0.5928371548652649
YCL016C,YMR313C,0,-0.34368816,0.08688954263925552,0.56175297498703,0.592937171459198
YOR334W,YML045W,0,-0.34376174,0.08687615394592285,0.56175297498703,0.5930371880531311
YJR109C,YDR381W,0,-0.34382275,0.08686277270317078,0.56175297498703,0.593137264251709
YKR078W,YML127W,0,-0.3439953,0.0868493989109993,0.56175297498703,0.5932372808456421
YGL073W,YMR081C,0,-0.34405565,0.08683602511882782,0.56175297498703,0.59333735704422
YLL006W,YML055W,0,-0.3441052,0.08682265877723694,0.56175297498703,0.5934373736381531
YLR260W,YMR133W,0,-0.34411505,0.08680929988622665,0.56175297498703,0.5935373902320862
YNL068C,YCL039W,0,-0.34419852,0.08679593354463577,0.56175297498703,0.5936374664306641
YIL098C,YJR109C,0,-0.3442804,0.08678258210420609,0.56175297498703,0.5937374830245972
YMR286W,YHR202W,0,-0.34430006,0.0867692306637764,0.56175297498703,0.593837559223175
YNL243W,YOR316C,0,-0.34431186,0.08675588667392731,0.56175297498703,0.5939375758171082
YDL236W,YMR036C,1,-0.34438515,0.08689633756875992,0.5627490282058716,0.5939375758171082
YPL116W,YJL083W,0,-0.34450197,0.08688297867774963,0.5627490282058716,0.5940375924110413
YOR101W,YDR005C,0,-0.3445674,0.08686961978673935,0.5627490282058716,0.5941376686096191
YMR156C,YDR438W,0,-0.3447796,0.08685626089572906,0.5627490282058716,0.5942376852035522
YDL117W,YMR035W,0,-0.34488732,0.08684291690587997,0.5627490282058716,0.5943377614021301
YLR417W,YGR253C,0,-0.34491685,0.08682956546545029,0.5627490282058716,0.5944377779960632
YKL141W,YBL035C,0,-0.3449272,0.0868162289261818,0.5627490282058716,0.5945377945899963
YNL053W,YLR410W,1,-0.3451242,0.08695652335882187,0.5637450218200684,0.5945377945899963
YNL164C,YER032W,0,-0.34519005,0.08694316446781158,0.5637450218200684,0.5946378707885742
YDR375C,YPL203W,0,-0.34519193,0.0869298130273819,0.5637450218200684,0.5947378873825073
YDL093W,YLR150W,0,-0.34535205,0.08691646158695221,0.5637450218200684,0.5948379635810852
YHR033W,YOR001W,0,-0.34539214,0.08690311759710312,0.5637450218200684,0.5949379801750183
YGL229C,YOL065C,1,-0.3454269,0.08704329282045364,0.5647410154342651,0.5949379801750183
YDL106C,YJR050W,0,-0.34552786,0.08702993392944336,0.5647410154342651,0.5950379967689514
YKL190W,YDL024C,1,-0.34564182,0.08717004209756851,0.5657370686531067,0.5950379967689514
YGR235C,YKL150W,0,-0.34568426,0.08715666830539703,0.5657370686531067,0.5951380729675293
YLR390W-A,YPL061W,0,-0.34572136,0.08714329451322556,0.5657370686531067,0.5952380895614624
YDR235W,YKL040C,0,-0.34576225,0.08712992817163467,0.5657370686531067,0.5953381061553955
YFL025C,YPR068C,0,-0.34595788,0.08711656183004379,0.5657370686531067,0.5954381823539734
YBR276C,YLR345W,1,-0.3459718,0.08725655823945999,0.5667330622673035,0.5954381823539734
YML021C,YLR293C,0,-0.34597537,0.08724317699670792,0.5667330622673035,0.5955381989479065
YOR019W,YFR025C,0,-0.345996,0.08722980320453644,0.5667330622673035,0.5956382751464844
YLR006C,YPR128C,0,-0.3460359,0.08721642941236496,0.5667330622673035,0.5957382917404175
YDR098C,YML086C,0,-0.34606096,0.08720306307077408,0.5667330622673035,0.5958383083343506
YML107C,YKL192C,0,-0.34610534,0.0871897041797638,0.5667330622673035,0.5959383845329285
YJL012C,YPR037C,0,-0.34617886,0.08717634528875351,0.5667330622673035,0.5960384011268616
YOR192C,YKL197C,0,-0.3462259,0.08716299384832382,0.5667330622673035,0.5961384773254395
YMR015C,YBL031W,0,-0.34633583,0.08714964240789413,0.5667330622673035,0.5962384939193726
YJL186W,YBR121C,0,-0.346342,0.08713629096746445,0.5667330622673035,0.5963385105133057
YOR380W,YCR086W,0,-0.3463473,0.08712295442819595,0.5667330622673035,0.5964385867118835
YML004C,YCR063W,0,-0.346367,0.08710961788892746,0.5667330622673035,0.5965386033058167
YML081W,YBR248C,0,-0.34641117,0.08709628134965897,0.5667330622673035,0.5966386795043945
YIL053W,YDR384C,0,-0.3464167,0.08708295226097107,0.5667330622673035,0.5967386960983276
YAR009C,YHL050C,0,-0.34642544,0.08706962317228317,0.5667330622673035,0.5968387126922607
YBR131W,YER127W,0,-0.3465446,0.08705630153417587,0.5667330622673035,0.5969387888908386
YNL173C,YCR063W,0,-0.3465623,0.08704298734664917,0.5667330622673035,0.5970388054847717
YOL121C,YEL044W,0,-0.3465902,0.08702967315912247,0.5667330622673035,0.5971388816833496
YGR078C,YGR138C,0,-0.34663355,0.08701636642217636,0.5667330622673035,0.5972388982772827
YJL174W,YOL023W,0,-0.34670892,0.08700305968523026,0.5667330622673035,0.5973389148712158
YCL017C,YBR218C,0,-0.34676394,0.08698976039886475,0.5667330622673035,0.5974389910697937
YGL058W,YLR150W,0,-0.34682462,0.08697646111249924,0.5667330622673035,0.5975390076637268
YKL014C,YDR200C,0,-0.34682974,0.08696316927671432,0.5667330622673035,0.5976390838623047
YDR190C,YNL180C,0,-0.3468385,0.08694987744092941,0.5667330622673035,0.5977391004562378
YBR126C,YFR028C,1,-0.34687224,0.08708938211202621,0.5677290558815002,0.5977391004562378
YNL054W,YDR227W,0,-0.3468869,0.08707607537508011,0.5677290558815002,0.5978391170501709
YLR409C,YGL194C,0,-0.3469292,0.0870627760887146,0.5677290558815002,0.5979391932487488
YDR091C,YFR049W,0,-0.34694597,0.08704948425292969,0.5677290558815002,0.5980392098426819
YGR181W,YGL045W,0,-0.34702745,0.08703619241714478,0.5677290558815002,0.598139226436615
YAR071W,YJL098W,1,-0.34708524,0.08717557042837143,0.5687251091003418,0.598139226436615
YOL122C,YHR142W,0,-0.34715232,0.08716226369142532,0.5687251091003418,0.5982393026351929
YIL144W,YDR469W,0,-0.34742734,0.08714896440505981,0.5687251091003418,0.598339319229126
YPL169C,YKL005C,0,-0.34747353,0.0871356651186943,0.5687251091003418,0.5984393954277039
YIL153W,YHR090C,0,-0.34750083,0.0871223658323288,0.5687251091003418,0.598539412021637
YLR377C,YHR004C,1,-0.34757635,0.0872616320848465,0.5697211027145386,0.598539412021637
YEL038W,YER089C,1,-0.34767446,0.08740085363388062,0.5707171559333801,0.598539412021637
YDL175C,YGL087C,0,-0.3480344,0.08738752454519272,0.5707171559333801,0.5986394286155701
YER109C,YJL173C,0,-0.34818062,0.08737420290708542,0.5707171559333801,0.598739504814148
YKL152C,YOL064C,1,-0.3482186,0.08751334249973297,0.5717131495475769,0.598739504814148
YMR110C,YLR054C,0,-0.3482916,0.08749999850988388,0.5717131495475769,0.598839521408081
YFR024C-A,YPL280W,0,-0.34833056,0.08748666197061539,0.5717131495475769,0.5989395976066589
YDR434W,YDR041W,0,-0.3484266,0.08747333288192749,0.5717131495475769,0.599039614200592
YGR254W,YDL220C,0,-0.3484492,0.0874600037932396,0.5717131495475769,0.5991396307945251
YML023C,YHR201C,0,-0.34848562,0.0874466821551323,0.5717131495475769,0.599239706993103
YPL280W,YNL142W,0,-0.34861746,0.087433360517025,0.5717131495475769,0.5993397235870361
YLR007W,YIL018W,0,-0.34867272,0.08742004632949829,0.5717131495475769,0.599439799785614
YPL140C,YDR200C,0,-0.34873065,0.08740673214197159,0.5717131495475769,0.5995398163795471
YER133W,YMR087W,1,-0.34886923,0.08754567801952362,0.5727091431617737,0.5995398163795471
YBR162W-A,YMR091C,0,-0.34896186,0.08753234893083572,0.5727091431617737,0.5996398329734802
YIL056W,YPL056C,0,-0.34910128,0.08751902729272842,0.5727091431617737,0.5997399091720581
YER176W,YLL021W,0,-0.34911075,0.08750570565462112,0.5727091431617737,0.5998399257659912
YKL006C-A,YGR060W,0,-0.34918246,0.08749239146709442,0.5727091431617737,0.5999400019645691
YOR249C,YDL139C,0,-0.34924915,0.08747908473014832,0.5727091431617737,0.6000400185585022
YJR084W,YKR085C,0,-0.34933797,0.08746577054262161,0.5727091431617737,0.6001400351524353
YNL263C,YER109C,0,-0.3493617,0.0874524712562561,0.5727091431617737,0.6002401113510132
YGR078C,YNL063W,0,-0.34948397,0.0874391719698906,0.5727091431617737,0.6003401279449463
YDR007W,YDR317W,0,-0.34949037,0.08742588013410568,0.5727091431617737,0.6004402041435242
YDR469W,YIL033C,0,-0.34953016,0.08741258829832077,0.5727091431617737,0.6005402207374573
YHR202W,YML082W,0,-0.34983307,0.08739930391311646,0.5727091431617737,0.6006402373313904
YDR399W,YLR313C,0,-0.3498381,0.08738601952791214,0.5727091431617737,0.6007403135299683
YML081W,YDL211C,0,-0.3498417,0.08737274259328842,0.5727091431617737,0.6008403301239014
YIL038C,YOL078W,0,-0.34989664,0.0873594656586647,0.5727091431617737,0.6009403467178345
YGR205W,YMR158W,0,-0.34990516,0.08734619617462158,0.5727091431617737,0.6010404229164124
YIL053W,YKL099C,0,-0.3500972,0.08733292669057846,0.5727091431617737,0.6011404395103455
YER062C,YLR052W,0,-0.3501061,0.08731966465711594,0.5727091431617737,0.6012405157089233
YPL120W,YNL130C,0,-0.35016525,0.08730641007423401,0.5727091431617737,0.6013405323028564
YHR215W,YER062C,1,-0.35030386,0.087444968521595,0.5737051963806152,0.6013405323028564
YDR375C,YPL225W,0,-0.35035214,0.08743169158697128,0.5737051963806152,0.6014405488967896
YIL064W,YKR089C,0,-0.35036317,0.08741842210292816,0.5737051963806152,0.6015406250953674
YOR016C,YIL038C,0,-0.3504208,0.08740516006946564,0.5737051963806152,0.6016406416893005
YFR047C,YKR089C,0,-0.35042855,0.08739189803600311,0.5737051963806152,0.6017407178878784
YIL030C,YJR050W,0,-0.35044417,0.08737864345312119,0.5737051963806152,0.6018407344818115
YHR214W,YDL134C,0,-0.35050604,0.08736538887023926,0.5737051963806152,0.6019407510757446
YBR279W,YKL110C,0,-0.35050794,0.08735214173793793,0.5737051963806152,0.6020408272743225
YLR190W,YOR109W,0,-0.35056743,0.0873388946056366,0.5737051963806152,0.6021408438682556
YKL033W,YLR435W,0,-0.3506964,0.08732565492391586,0.5737051963806152,0.6022409200668335
YPR188C,YPL189W,0,-0.35080364,0.08731241524219513,0.5737051963806152,0.6023409366607666
YGR204W,YNR030W,0,-0.35081732,0.08729918301105499,0.5737051963806152,0.6024409532546997
YER139C,YDR176W,0,-0.3508655,0.08728595077991486,0.5737051963806152,0.6025410294532776
YBR023C,YPL189W,0,-0.35087603,0.08727272599935532,0.5737051963806152,0.6026410460472107
YNL137C,YLR345W,0,-0.35090336,0.08725950866937637,0.5737051963806152,0.6027411222457886
YGL104C,YNL247W,0,-0.35099837,0.08724629133939743,0.5737051963806152,0.6028411388397217
YPR055W,YPL100W,0,-0.35110795,0.08723307400941849,0.5737051963806152,0.6029411554336548
YJL096W,YGL107C,0,-0.35111877,0.08721986413002014,0.5737051963806152,0.6030412316322327
YDR545W,YNL246W,0,-0.35113105,0.08720666170120239,0.5737051963806152,0.6031412482261658
YMR081C,YMR153W,0,-0.35119846,0.08719345927238464,0.5737051963806152,0.6032413244247437
YML092C,YGL105W,0,-0.35120606,0.08718026429414749,0.5737051963806152,0.6033413410186768
YAL015C,YIL153W,0,-0.35122737,0.08716706931591034,0.5737051963806152,0.6034413576126099
YBR069C,YIL120W,0,-0.3512294,0.08715388178825378,0.5737051963806152,0.6035414338111877
YDL235C,YHL035C,0,-0.3513291,0.08714069426059723,0.5737051963806152,0.6036414504051208
YOL135C,YDL031W,0,-0.35135323,0.08712751418352127,0.5737051963806152,0.603741466999054
YNL328C,YHR118C,0,-0.3514335,0.08711433410644531,0.5737051963806152,0.6038415431976318
YGR082W,YNL025C,0,-0.35152003,0.08710116147994995,0.5737051963806152,0.6039415597915649
YIL153W,YPL248C,0,-0.35152805,0.08708799630403519,0.5737051963806152,0.6040416359901428
YGL190C,YIL002C,1,-0.3517201,0.087226003408432,0.574701189994812,0.6040416359901428
YIL098C,YGL167C,0,-0.35177293,0.08721281588077545,0.574701189994812,0.6041416525840759
YDR145W,YDR091C,0,-0.35185817,0.0871996358036995,0.574701189994812,0.604241669178009
YHR037W,YCR063W,0,-0.35188466,0.08718646317720413,0.574701189994812,0.6043417453765869
YDL230W,YGR099W,0,-0.3519461,0.08717329055070877,0.574701189994812,0.60444176197052
YOL020W,YOR335C,0,-0.35197955,0.08716011792421341,0.574701189994812,0.6045418381690979
YNL221C,YMR105C,0,-0.3522556,0.08714696019887924,0.574701189994812,0.604641854763031
YMR063W,YIL038C,0,-0.35225663,0.08713379502296448,0.574701189994812,0.6047418713569641
YKR075C,YBR121C,0,-0.3524334,0.08712063729763031,0.574701189994812,0.604841947555542
YFR050C,YDL223C,0,-0.35251683,0.08710748702287674,0.574701189994812,0.6049419641494751
YOR191W,YGL246C,0,-0.3525298,0.08709433674812317,0.574701189994812,0.605042040348053
YOL084W,YDL113C,0,-0.35264048,0.0870811939239502,0.574701189994812,0.6051420569419861
YIL053W,YKL212W,1,-0.3526481,0.08721895515918732,0.5756971836090088,0.6051420569419861
YKL141W,YDR367W,0,-0.3526731,0.08720578998327255,0.5756971836090088,0.6052420735359192
YLR284C,YCR005C,0,-0.3526734,0.08719263970851898,0.5756971836090088,0.6053421497344971
YDL093W,YPL183C,0,-0.35285172,0.08717948943376541,0.5756971836090088,0.6054421663284302
YOL009C,YCL035C,0,-0.3528821,0.08716633915901184,0.5756971836090088,0.6055422425270081
YER093C,YLR248W,0,-0.3529066,0.08715319633483887,0.5756971836090088,0.6056422591209412
YDR300C,YDL149W,0,-0.35293803,0.08714006096124649,0.5756971836090088,0.6057422757148743
YPR034W,YOR009W,0,-0.3530064,0.08712692558765411,0.5756971836090088,0.6058423519134521
YPR141C,YLR263W,0,-0.35312268,0.08711379021406174,0.5756971836090088,0.6059423685073853
YNL263C,YAL028W,0,-0.3531339,0.08710066229104996,0.5756971836090088,0.6060424447059631
YDR280W,YNL161W,0,-0.35315216,0.08708754181861877,0.5756971836090088,0.6061424612998962
YNL056W,YHR111W,0,-0.35319197,0.08707442134618759,0.5756971836090088,0.6062424778938293
YGR078C,YLR001C,0,-0.35321823,0.08706130087375641,0.5756971836090088,0.6063425540924072
YML127W,YLR363C,0,-0.35329798,0.08704819530248642,0.5756971836090088,0.6064425706863403
YDR045C,YPL076W,0,-0.35332412,0.08703508228063583,0.5756971836090088,0.6065425872802734
YKR034W,YER167W,0,-0.3534592,0.08702198415994644,0.5756971836090088,0.6066426634788513
YKL006W,YPL135W,0,-0.35351172,0.08700887858867645,0.5756971836090088,0.6067426800727844
YDR345C,YOL061W,0,-0.35358736,0.08699578791856766,0.5756971836090088,0.6068427562713623
YOR177C,YDR045C,0,-0.35360336,0.08698269724845886,0.5756971836090088,0.6069427728652954
YFR050C,YOR357C,0,-0.35371384,0.08696960657835007,0.5756971836090088,0.6070427894592285
YNL325C,YDR075W,1,-0.35374358,0.08710696548223495,0.5766932368278503,0.6070427894592285
YLR361C,YMR087W,1,-0.35382402,0.08724428713321686,0.5776892304420471,0.6070427894592285
YJL183W,YLL067C,0,-0.3539918,0.08723115921020508,0.5776892304420471,0.6071428656578064
YAL002W,YGR244C,0,-0.3541415,0.08721804618835449,0.5776892304420471,0.6072428822517395
YPR128C,YNR037C,0,-0.35421464,0.0872049331665039,0.5776892304420471,0.6073429584503174
YOR014W,YOR155C,1,-0.35429606,0.08734215050935745,0.5786852836608887,0.6073429584503174
YIL137C,YIL038C,0,-0.3544588,0.08732902258634567,0.5786852836608887,0.6074429750442505
YIL022W,YPR114W,0,-0.3544598,0.08731590211391449,0.5786852836608887,0.6075429916381836
YKR053C,YER093C,0,-0.3544633,0.0873027816414833,0.5786852836608887,0.6076430678367615
YGL229C,YKL152C,1,-0.35451475,0.08743990212678909,0.5796812772750854,0.6076430678367615
YOR156C,YHR194W,0,-0.35453305,0.08742676675319672,0.5796812772750854,0.6077430844306946
YHR215W,YFR028C,1,-0.35455647,0.08756383508443832,0.5806772708892822,0.6077430844306946
YDL113C,YGR296W,0,-0.35456643,0.08755068480968475,0.5806772708892822,0.6078431606292725
YDR377W,YER167W,0,-0.35470602,0.08753753453493118,0.5806772708892822,0.6079431772232056
YLR451W,YNL111C,0,-0.35472792,0.0875243991613388,0.5806772708892822,0.6080431938171387
YPL013C,YLR054C,0,-0.35474142,0.08751125633716583,0.5806772708892822,0.6081432700157166
YBL087C,YAL051W,0,-0.35478574,0.08749812096357346,0.5806772708892822,0.6082432866096497
YIL147C,YHR146W,0,-0.3547918,0.08748499304056168,0.5806772708892822,0.6083433628082275
YMR053C,YMR237W,0,-0.3549681,0.0874718651175499,0.5806772708892822,0.6084433794021606
YDL091C,YDR361C,0,-0.35501176,0.08745874464511871,0.5806772708892822,0.6085433959960938
YJR132W,YHR142W,0,-0.35515344,0.08744562417268753,0.5806772708892822,0.6086434721946716
YPL063W,YGL078C,0,-0.35515654,0.08743251115083694,0.5806772708892822,0.6087434887886047
YPL056C,YGR083C,0,-0.3552473,0.08741940557956696,0.5806772708892822,0.6088435649871826
YDR098C,YDR039C,0,-0.3552642,0.08740630000829697,0.5806772708892822,0.6089435815811157
YGL018C,YGL049C,0,-0.35531652,0.08739319443702698,0.5806772708892822,0.6090435981750488
YDL117W,YMR237W,0,-0.35532203,0.08738009631633759,0.5806772708892822,0.6091436743736267
YLR248W,YOL061W,0,-0.35542336,0.0873669981956482,0.5806772708892822,0.6092436909675598
YOR247W,YDR257C,0,-0.35544977,0.0873539075255394,0.5806772708892822,0.6093437671661377
YGR099W,YPL130W,0,-0.35549685,0.0873408243060112,0.5806772708892822,0.6094437837600708
YPL133C,YOR004W,0,-0.35550913,0.087327741086483,0.5806772708892822,0.6095438003540039
YKL149C,YKR099W,0,-0.35552832,0.0873146653175354,0.5806772708892822,0.6096438765525818
YJL212C,YJL026W,0,-0.35554492,0.0873015895485878,0.5806772708892822,0.6097438931465149
YKL185W,YOL076W,0,-0.35558173,0.0872885137796402,0.5806772708892822,0.609843909740448
YDL154W,YPR086W,0,-0.35566428,0.0872754454612732,0.5806772708892822,0.6099439859390259
YLR194C,YOL096C,0,-0.3557003,0.08726238459348679,0.5806772708892822,0.610044002532959
YLR102C,YGL107C,0,-0.35574308,0.08724932372570038,0.5806772708892822,0.6101440787315369
YGL196W,YDR289C,0,-0.35577324,0.08723627030849457,0.5806772708892822,0.61024409532547
YLR093C,YPL075W,0,-0.3558979,0.08722321689128876,0.5806772708892822,0.6103441119194031
YHR001W-A,YLR054C,0,-0.35594407,0.08721017092466354,0.5806772708892822,0.610444188117981
YGL073W,YNL029C,0,-0.35596734,0.08719712495803833,0.5806772708892822,0.6105442047119141
YGL189C,YBR109C,0,-0.35596803,0.08718408644199371,0.5806772708892822,0.6106442809104919
YNL053W,YDR284C,1,-0.35607812,0.08732057362794876,0.5816733241081238,0.6106442809104919
YKL191W,YMR215W,0,-0.3561938,0.08730752021074295,0.5816733241081238,0.610744297504425
YLR277C,YPL040C,0,-0.3562155,0.08729446679353714,0.5816733241081238,0.6108443140983582
YFL005W,YMR072W,0,-0.3562828,0.08728142082691193,0.5816733241081238,0.610944390296936
YGL224C,YBR092C,1,-0.3563471,0.08741781115531921,0.5826693177223206,0.610944390296936
YOR018W,YER062C,0,-0.35636407,0.0874047502875328,0.5826693177223206,0.6110444068908691
YMR133W,YCL067C,0,-0.35637793,0.087391696870327,0.5826693177223206,0.611144483089447
YKR064W,YBR005W,0,-0.35641226,0.08737864345312119,0.5826693177223206,0.6112444996833801
YCL016C,YLR367W,0,-0.35650244,0.08736559003591537,0.5826693177223206,0.6113445162773132
YKR078W,YPL280W,0,-0.35659945,0.08735254406929016,0.5826693177223206,0.6114445924758911
YBR126C,YNL106C,1,-0.35676312,0.0874888002872467,0.5836653113365173,0.6114445924758911
YDL003W,YDL105W,0,-0.35676572,0.0874757394194603,0.5836653113365173,0.6115446090698242
YMR101C,YMR322C,0,-0.3567931,0.08746268600225449,0.5836653113365173,0.6116446852684021
YBR015C,YNR037C,0,-0.35684457,0.08744963258504868,0.5836653113365173,0.6117447018623352
YCR086W,YHR009C,0,-0.35687286,0.08743658661842346,0.5836653113365173,0.6118447184562683
YJL096W,YOR048C,0,-0.35694113,0.08742354065179825,0.5836653113365173,0.6119447946548462
YMR063W,YNL294C,0,-0.3569444,0.08741050213575363,0.5836653113365173,0.6120448112487793
YLR442C,YOR026W,0,-0.3570219,0.08739746361970901,0.5836653113365173,0.6121448874473572
YNL133C,YGL195W,0,-0.35702518,0.087384432554245,0.5836653113365173,0.6122449040412903
YDR481C,YNL010W,1,-0.35706505,0.08752050250768661,0.5846613645553589,0.6122449040412903
YBR153W,YPR008W,0,-0.35706744,0.0875074565410614,0.5846613645553589,0.6123449206352234
YJL127C,YKR085C,0,-0.3571001,0.08749441057443619,0.5846613645553589,0.6124449968338013
YKL192C,YPL193W,0,-0.35712036,0.08748137205839157,0.5846613645553589,0.6125450134277344
YPL097W,YKL005C,0,-0.35712922,0.08746833354234695,0.5846613645553589,0.6126450300216675
YIL052C,YBL005W,0,-0.35714197,0.08745530247688293,0.5846613645553589,0.6127451062202454
YBR208C,YOR079C,0,-0.3572734,0.08744227886199951,0.5846613645553589,0.6128451228141785
YHR111W,YDR246W,0,-0.3573574,0.08742925524711609,0.5846613645553589,0.6129451990127563
YPR161C,YML127W,0,-0.3574046,0.08741623163223267,0.5846613645553589,0.6130452156066895
YLR223C,YPL234C,0,-0.35742489,0.08740321546792984,0.5846613645553589,0.6131452322006226
YBR279W,YOR259C,0,-0.35743818,0.08739020675420761,0.5846613645553589,0.6132453083992004
YJL127C,YLR259C,0,-0.35771814,0.08737719804048538,0.5846613645553589,0.6133453249931335
YGL018C,YPL239W,0,-0.35778096,0.08736418932676315,0.5846613645553589,0.6134454011917114
YLR390W-A,YNL161W,0,-0.35778958,0.08735118806362152,0.5846613645553589,0.6135454177856445
YEL018W,YHR169W,0,-0.35781935,0.08733819425106049,0.5846613645553589,0.6136454343795776
YDL098C,YPR199C,0,-0.3578838,0.08732520043849945,0.5846613645553589,0.6137455105781555
YER056C,YLR067C,0,-0.35792914,0.08731221407651901,0.5846613645553589,0.6138455271720886
YJR123W,YGR296W,0,-0.35794166,0.08729922771453857,0.5846613645553589,0.6139456033706665
YGL142C,YOR027W,0,-0.3580077,0.08728624880313873,0.5846613645553589,0.6140456199645996
YLR150W,YBR212W,0,-0.35801128,0.08727326989173889,0.5846613645553589,0.6141456365585327
YBR276C,YKL152C,1,-0.35805765,0.08740895241498947,0.5856573581695557,0.6141456365585327
YDR235W,YMR009W,0,-0.35808036,0.08739595860242844,0.5856573581695557,0.6142457127571106
YDL235C,YPL063W,0,-0.35809752,0.087382972240448,0.5856573581695557,0.6143457293510437
YGL196W,YLR382C,0,-0.35816947,0.08736998587846756,0.5856573581695557,0.6144458055496216
YDR235W,YGR283C,0,-0.358182,0.08735700696706772,0.5856573581695557,0.6145458221435547
YIL033C,YLR054C,0,-0.35819504,0.08734402805566788,0.5856573581695557,0.6146458387374878
YER100W,YGR120C,0,-0.3582252,0.08733105659484863,0.5856573581695557,0.6147459149360657
YBR162W-A,YDR045C,0,-0.35826254,0.08731808513402939,0.5856573581695557,0.6148459315299988
YDL145C,YDL211C,0,-0.3582714,0.08730512112379074,0.5856573581695557,0.6149460077285767
YML045W,YLR413W,0,-0.35835072,0.08729216456413269,0.5856573581695557,0.6150460243225098
YBR180W,YOR086C,0,-0.35835847,0.08727920800447464,0.5856573581695557,0.6151460409164429
YPL215W,YPL013C,0,-0.3583801,0.08726625144481659,0.5856573581695557,0.6152461171150208
YGR205W,YER178W,0,-0.35839137,0.08725330233573914,0.5856573581695557,0.6153461337089539
YDR482C,YIL144W,0,-0.35841206,0.08724035322666168,0.5856573581695557,0.615446150302887
YFR025C,YPL049C,0,-0.3584707,0.08722741156816483,0.5856573581695557,0.6155462265014648
YOL122C,YML082W,0,-0.35856247,0.08721447736024857,0.5856573581695557,0.615646243095398
YNL250W,YER143W,0,-0.3585763,0.0872015431523323,0.5856573581695557,0.6157463192939758
YPL004C,YLR189C,0,-0.3586429,0.08718860894441605,0.5856573581695557,0.6158463358879089
YGR017W,YLR299W,0,-0.35872722,0.08717568218708038,0.5856573581695557,0.615946352481842
YPL280W,YDR028C,0,-0.35879862,0.08716276288032532,0.5856573581695557,0.6160464286804199
YER133W,YJL098W,1,-0.35880408,0.08729805797338486,0.5866534113883972,0.6160464286804199
YHL028W,YIL137C,0,-0.3588136,0.0872851237654686,0.5866534113883972,0.616146445274353
YNL190W,YGL078C,0,-0.3588446,0.08727218955755234,0.5866534113883972,0.6162465214729309
YMR015C,YDR365C,0,-0.3588641,0.08725926280021667,0.5866534113883972,0.616346538066864
YJR117W,YNL068C,0,-0.35889316,0.08724633604288101,0.5866534113883972,0.6164465546607971
YDL093W,YOR227W,0,-0.3589523,0.08723340928554535,0.5866534113883972,0.616546630859375
YLL048C,YGL064C,0,-0.35899627,0.08722049742937088,0.5866534113883972,0.6166466474533081
YBR268W,YLR001C,0,-0.35904336,0.08720757812261581,0.5866534113883972,0.616746723651886
YDL012C,YKL039W,0,-0.35915744,0.08719467371702194,0.5866534113883972,0.6168467402458191
YIL053W,YDR284C,1,-0.35917732,0.08732978254556656,0.587649405002594,0.6168467402458191
YPL171C,YMR040W,0,-0.35918882,0.0873168557882309,0.587649405002594,0.6169467568397522
YAL016W,YMR261C,1,-0.359265,0.08745191246271133,0.5886453986167908,0.6169467568397522
YBR065C,YLR337C,0,-0.35931426,0.08743897080421448,0.5886453986167908,0.6170468330383301
YOR334W,YBR086C,0,-0.35937002,0.08742603659629822,0.5886453986167908,0.6171468496322632
YPL105C,YBR189W,0,-0.35938627,0.08741310238838196,0.5886453986167908,0.6172469258308411
YOL154W,YOR158W,0,-0.3594475,0.0874001756310463,0.5886453986167908,0.6173469424247742
YNL053W,YER062C,1,-0.35948166,0.08753512054681778,0.5896414518356323,0.6173469424247742
YOL122C,YLR460C,0,-0.35949704,0.08752217888832092,0.5896414518356323,0.6174469590187073
YFR010W,YDR301W,0,-0.3595212,0.08750923722982407,0.5896414518356323,0.6175470352172852
YML100W,YLR377C,1,-0.35956678,0.08764410018920898,0.5906374454498291,0.6175470352172852
YAL051W,YPL063W,0,-0.35962895,0.08763115108013153,0.5906374454498291,0.6176470518112183
YLR167W,YLR044C,0,-0.35999086,0.08761820197105408,0.5906374454498291,0.6177471280097961
YBR248C,YCR063W,0,-0.36001998,0.08760526031255722,0.5906374454498291,0.6178471446037292
YHR001W-A,YKL196C,0,-0.36002567,0.08759231865406036,0.5906374454498291,0.6179471611976624
YER032W,YBL025W,0,-0.36007133,0.0875793844461441,0.5906374454498291,0.6180472373962402
YML081W,YJR096W,0,-0.36010104,0.08756645023822784,0.5906374454498291,0.6181472539901733
YER028C,YLR056W,0,-0.36012483,0.08755352348089218,0.5906374454498291,0.6182472705841064
YMR130W,YDL024C,1,-0.36031663,0.08768822252750397,0.5916334390640259,0.6182472705841064
YDR078C,YLR075W,0,-0.3603369,0.08767527341842651,0.5916334390640259,0.6183473467826843
YPL140C,YOR158W,0,-0.36037484,0.08766233921051025,0.5916334390640259,0.6184473633766174
YPR003C,YDR092W,0,-0.36041275,0.087649405002594,0.5916334390640259,0.6185474395751953
YGL063W,YPL145C,0,-0.36053014,0.08763647079467773,0.5916334390640259,0.6186474561691284
YMR286W,YOR207C,0,-0.360621,0.08762354403734207,0.5916334390640259,0.6187474727630615
YKL058W,YDR303C,0,-0.3606483,0.08761061728000641,0.5916334390640259,0.6188475489616394
YKL190W,YFR028C,1,-0.36069146,0.08774516731500626,0.5926294922828674,0.6188475489616394
YAL011W,YDR007W,0,-0.36073884,0.08773223310709,0.5926294922828674,0.6189475655555725
YBR180W,YGL226W,0,-0.3608711,0.08771929889917374,0.5926294922828674,0.6190476417541504
YMR192W,YEL027W,0,-0.3608972,0.08770636469125748,0.5926294922828674,0.6191476583480835
YLR223C,YBR254C,0,-0.36104617,0.08769343793392181,0.5926294922828674,0.6192476749420166
YAL007C,YPR134W,0,-0.3610517,0.08768051862716675,0.5926294922828674,0.6193477511405945
YOR252W,YLR060W,0,-0.36107913,0.08766759932041168,0.5926294922828674,0.6194477677345276
YDL072C,YML096W,0,-0.36111733,0.08765468746423721,0.5926294922828674,0.6195478439331055
YPR131C,YGL115W,0,-0.36113235,0.08764177560806274,0.5926294922828674,0.6196478605270386
YHR205W,YLR367W,0,-0.3611407,0.08762886375188828,0.5926294922828674,0.6197478771209717
YKL138C,YLR460C,0,-0.3611799,0.0876159593462944,0.5926294922828674,0.6198479533195496
YMR050C,YBR168W,0,-0.36125404,0.08760306239128113,0.5926294922828674,0.6199479699134827
YDR188W,YOR019W,0,-0.36132333,0.08759016543626785,0.5926294922828674,0.6200480461120605
YKL190W,YMR277W,1,-0.36141148,0.0877244621515274,0.5936254858970642,0.6200480461120605
YFR031C-A,YML086C,0,-0.36162832,0.08771155029535294,0.5936254858970642,0.6201480627059937
YGR030C,YLR292C,0,-0.3617261,0.08769864588975906,0.5936254858970642,0.6202480792999268
YKL185W,YHR073W,0,-0.3617428,0.08768574148416519,0.5936254858970642,0.6203481554985046
YPL209C,YDR308C,0,-0.3618998,0.08767284452915192,0.5936254858970642,0.6204481720924377
YLR258W,YGL243W,0,-0.36197168,0.08765994757413864,0.5936254858970642,0.6205482482910156
YLR019W,YNL118C,0,-0.3620067,0.08764705806970596,0.5936254858970642,0.6206482648849487
YLR347C,YDL031W,0,-0.36204037,0.08763416856527328,0.5936254858970642,0.6207482814788818
YGL073W,YDR040C,0,-0.36206195,0.0876212865114212,0.5936254858970642,0.6208483576774597
YIL022W,YLR460C,0,-0.3621185,0.08760840445756912,0.5936254858970642,0.6209483742713928
YLR390W-A,YGR211W,0,-0.36213753,0.08759552985429764,0.5936254858970642,0.6210483908653259
YJL110C,YLR190W,0,-0.36221313,0.08758266270160675,0.5936254858970642,0.6211484670639038
YNL031C,YER176W,0,-0.36223418,0.08756978809833527,0.5936254858970642,0.6212484836578369
YHR185C,YLR004C,0,-0.36228687,0.08755692839622498,0.5936254858970642,0.6213485598564148
YML100W,YDL236W,1,-0.362296,0.08769094944000244,0.5946215391159058,0.6213485598564148
YFR016C,YEL001C,0,-0.36240613,0.08767807483673096,0.5946215391159058,0.6214485764503479
YGL229C,YLR433C,1,-0.36256874,0.08781204372644424,0.5956175327301025,0.6214485764503479
YML016C,YDR075W,1,-0.3626286,0.08794596791267395,0.5966135263442993,0.6214485764503479
YDR176W,YNL216W,0,-0.36265904,0.08793305605649948,0.5966135263442993,0.621548593044281
YJL089W,YLR247C,0,-0.3626636,0.08792015165090561,0.5966135263442993,0.6216486692428589
YGL190C,YHR044C,1,-0.36269066,0.08805400878190994,0.5976095795631409,0.6216486692428589
YJR108W,YNL161W,0,-0.3627545,0.08804108947515488,0.5976095795631409,0.621748685836792
YCR105W,YDR515W,0,-0.36278778,0.08802817016839981,0.5976095795631409,0.6218487620353699
YJR049C,YJL196C,0,-0.36278966,0.08801525831222534,0.5976095795631409,0.621948778629303
YHL003C,YOR330C,0,-0.36283377,0.08800234645605087,0.5976095795631409,0.6220487952232361
YOL116W,YML055W,0,-0.36300227,0.087989442050457,0.5976095795631409,0.622148871421814
YPL036W,YKL138C,0,-0.36302277,0.08797653764486313,0.5976095795631409,0.6222488880157471
YOR048C,YNR055C,0,-0.36303923,0.08796364068984985,0.5976095795631409,0.622348964214325
YOR319W,YKR072C,0,-0.3632291,0.08795075118541718,0.5976095795631409,0.6224489808082581
YFL061W,YHR096C,0,-0.3632376,0.0879378542304039,0.5976095795631409,0.6225489974021912
YMR237W,YER060W,0,-0.3632454,0.08792497217655182,0.5976095795631409,0.622649073600769
YCR086W,YCR065W,0,-0.36330503,0.08791209012269974,0.5976095795631409,0.6227490901947021
YMR165C,YIL113W,1,-0.36333898,0.08804570883512497,0.5986055731773376,0.6227490901947021
YPL138C,YOL154W,0,-0.36341056,0.0880328118801117,0.5986055731773376,0.62284916639328
YDR045C,YCR005C,0,-0.36349216,0.08801991492509842,0.5986055731773376,0.6229491829872131
YNL221C,YLR196W,0,-0.36351106,0.08800702542066574,0.5986055731773376,0.6230491995811462
YOR193W,YHR037W,0,-0.36356935,0.08799414336681366,0.5986055731773376,0.6231492757797241
YHR158C,YOR330C,0,-0.3636116,0.08798126131296158,0.5986055731773376,0.6232492923736572
YIL156W,YAR033W,0,-0.3636639,0.0879683867096901,0.5986055731773376,0.6233493685722351
YPR008W,YML059C,0,-0.363744,0.08795551210641861,0.5986055731773376,0.6234493851661682
YGL116W,YGR083C,0,-0.36375266,0.08794263750314713,0.5986055731773376,0.6235494017601013
YHR103W,YJL094C,0,-0.3637605,0.08792977035045624,0.5986055731773376,0.6236494779586792
YLR382C,YPL097W,0,-0.36384413,0.08791691064834595,0.5986055731773376,0.6237494945526123
YIL002C,YNL217W,1,-0.36384538,0.08805031329393387,0.5996015667915344,0.6237494945526123
YDL230W,YKR053C,1,-0.3640401,0.0881836786866188,0.600597620010376,0.6237494945526123
YLR223C,YER129W,0,-0.36413762,0.08817078173160553,0.600597620010376,0.6238495111465454
YBR069C,YLR067C,0,-0.36414436,0.08815789222717285,0.600597620010376,0.6239495873451233
YDR213W,YPR175W,0,-0.36429805,0.08814501017332077,0.600597620010376,0.6240496039390564
YAL007C,YIL030C,0,-0.36433753,0.08813212811946869,0.600597620010376,0.6241496801376343
YHR204W,YDR350C,0,-0.36437145,0.08811924606561661,0.600597620010376,0.6242496967315674
YOR032C,YBR169C,0,-0.36444074,0.08810637146234512,0.600597620010376,0.6243497133255005
YDL240W,YDR471W,0,-0.36444497,0.08809349685907364,0.600597620010376,0.6244497895240784
YCL016C,YDL243C,0,-0.36454883,0.08808062970638275,0.600597620010376,0.6245498061180115
YBR046C,YPL075W,0,-0.36457652,0.08806777000427246,0.600597620010376,0.6246498823165894
YHR210C,YGL085W,0,-0.36462864,0.08805490285158157,0.600597620010376,0.6247498989105225
YGR212W,YER176W,0,-0.36465627,0.08804205060005188,0.600597620010376,0.6248499155044556
YJR035W,YDR434W,0,-0.3646666,0.08802919834852219,0.600597620010376,0.6249499917030334
YML004C,YHR001W-A,0,-0.36468565,0.08801634609699249,0.600597620010376,0.6250500082969666
YLR248W,YOR157C,0,-0.36471093,0.0880035012960434,0.600597620010376,0.6251500844955444
YLR426W,YKL155C,0,-0.36481968,0.0879906639456749,0.600597620010376,0.6252501010894775
YDR328C,YPL018W,0,-0.36490265,0.0879778265953064,0.600597620010376,0.6253501176834106
YJL127C,YCL067C,0,-0.3649572,0.0879649892449379,0.600597620010376,0.6254501938819885
YDR150W,YDR528W,0,-0.36511537,0.08795215934515,0.600597620010376,0.6255502104759216
YDL235C,YBR254C,0,-0.36515957,0.08793932944536209,0.600597620010376,0.6256502866744995
YLR234W,YGL107C,0,-0.3653448,0.08792650699615479,0.600597620010376,0.6257503032684326
YEL018W,YKL194C,0,-0.36539477,0.08791369199752808,0.600597620010376,0.6258503198623657
YDR122W,YLR075W,0,-0.3655589,0.08790087699890137,0.600597620010376,0.6259503960609436
YIL118W,YCR063W,0,-0.36562517,0.08788806200027466,0.600597620010376,0.6260504126548767
YLR019W,YMR131C,0,-0.365648,0.08787525445222855,0.600597620010376,0.6261504888534546
YCL051W,YDR328C,0,-0.36571574,0.08786245435476303,0.600597620010376,0.6262505054473877
YDL230W,YDR074W,1,-0.36572573,0.08799533545970917,0.6015936136245728,0.6262505054473877
YJL054W,YPL126W,0,-0.36572602,0.08798252046108246,0.6015936136245728,0.6263505220413208
YDR092W,YPR174C,0,-0.3658178,0.08796970546245575,0.6015936136245728,0.6264505982398987
YML092C,YGL093W,0,-0.36590433,0.08795689791440964,0.6015936136245728,0.6265506148338318
YJR073C,YMR040W,0,-0.36593327,0.08794409036636353,0.6015936136245728,0.6266506314277649
YLR258W,YDR004W,0,-0.36598292,0.08793128281831741,0.6015936136245728,0.6267507076263428
YOR250C,YDR430C,0,-0.36601526,0.0879184827208519,0.6015936136245728,0.6268507242202759
YBR038W,YPR068C,0,-0.36614737,0.08790569007396698,0.6015936136245728,0.6269508004188538
YJL186W,YDR463W,0,-0.3661997,0.08789289742708206,0.6015936136245728,0.6270508170127869
YLR019W,YDR301W,0,-0.3662071,0.08788011223077774,0.6015936136245728,0.62715083360672
YDR422C,YKL032C,0,-0.3662486,0.08786732703447342,0.6015936136245728,0.6272509098052979
YPR131C,YOR078W,0,-0.36647537,0.0878545418381691,0.6015936136245728,0.627350926399231
YGL076C,YHR214W,0,-0.3664948,0.08784177154302597,0.6015936136245728,0.6274510025978088
YNL190W,YOR189W,0,-0.36652863,0.08782899379730225,0.6015936136245728,0.6275510191917419
YKL190W,YER089C,1,-0.36674047,0.08796161413192749,0.6025896668434143,0.6275510191917419
YLR143W,YBR212W,0,-0.36675057,0.08794882893562317,0.6025896668434143,0.627651035785675
YPR173C,YLR328W,0,-0.3667688,0.08793604373931885,0.6025896668434143,0.6277511119842529
YIL052C,YOL055C,0,-0.366802,0.08792326599359512,0.6025896668434143,0.627851128578186
YNL045W,YER129W,0,-0.36694255,0.0879104882478714,0.6025896668434143,0.6279512047767639
YHL028W,YIL123W,0,-0.36701104,0.08789771795272827,0.6025896668434143,0.628051221370697
YLR185W,YOR316C,0,-0.36706027,0.08788494765758514,0.6025896668434143,0.6281512379646301
YOR191W,YHR133C,0,-0.36709026,0.08787218481302261,0.6025896668434143,0.628251314163208
YIL053W,YOR208W,1,-0.36709931,0.08800464868545532,0.6035856604576111,0.628251314163208
YOR320C,YKL002W,0,-0.36721626,0.0879918709397316,0.6035856604576111,0.6283513307571411
YMR158W,YGR007W,0,-0.36742476,0.08797909319400787,0.6035856604576111,0.628451406955719
YPL006W,YKL005C,0,-0.36760104,0.08796632289886475,0.6035856604576111,0.6285514235496521
YDR359C,YER071C,0,-0.36763114,0.08795355260372162,0.6035856604576111,0.6286514401435852
YOR045W,YOR359W,0,-0.3676593,0.08794078975915909,0.6035856604576111,0.6287515163421631
YBR029C,YNL145W,0,-0.36768717,0.08792803436517715,0.6035856604576111,0.6288515329360962
YBR126C,YNL128W,1,-0.3676987,0.08806034922599792,0.6045816540718079,0.6288515329360962
YLR215C,YKR027W,0,-0.36777702,0.0880475789308548,0.6045816540718079,0.6289516091346741
YMR076C,YDL123W,0,-0.3678424,0.08803480863571167,0.6045816540718079,0.6290516257286072
YPL183C,YNL240C,0,-0.3678442,0.08802203834056854,0.6045816540718079,0.6291516423225403
YMR101C,YOR335C,0,-0.36784592,0.08800928294658661,0.6045816540718079,0.6292517185211182
YBL087C,YDR301W,0,-0.36784962,0.08799652010202408,0.6045816540718079,0.6293517351150513
YAL048C,YNL023C,0,-0.36786282,0.08798376470804214,0.6045816540718079,0.6294517517089844
YER072W,YDR280W,0,-0.3678666,0.08797101676464081,0.6045816540718079,0.6295518279075623
YBR272C,YNL176C,0,-0.36789873,0.08795826882123947,0.6045816540718079,0.6296518445014954
YNL246W,YLR313C,0,-0.36800948,0.08794552087783813,0.6045816540718079,0.6297519207000732
YPR037C,YHR118C,0,-0.3680498,0.0879327803850174,0.6045816540718079,0.6298519372940063
YER014W,YIL118W,0,-0.36805257,0.08792004734277725,0.6045816540718079,0.6299519538879395
YLL024C,YPL100W,0,-0.36809626,0.08790731430053711,0.6045816540718079,0.6300520300865173
YGL067W,YJR118C,0,-0.36810386,0.08789458125829697,0.6045816540718079,0.6301520466804504
YBR060C,YAL026C,0,-0.36813575,0.08788185566663742,0.6045816540718079,0.6302521228790283
YDR482C,YHR133C,0,-0.36816847,0.08786913752555847,0.6045816540718079,0.6303521394729614
YEL048C,YMR002W,0,-0.36825272,0.08785641938447952,0.6045816540718079,0.6304521560668945
YDR025W,YPL076W,0,-0.36828724,0.08784370124340057,0.6045816540718079,0.6305522322654724
YAL002W,YPL280W,0,-0.36836794,0.08783099055290222,0.6045816540718079,0.6306522488594055
YGR103W,YOL126C,0,-0.36853328,0.08781828731298447,0.6045816540718079,0.6307523250579834
YGL053W,YKL192C,0,-0.36863232,0.08780558407306671,0.6045816540718079,0.6308523416519165
YLL024C,YGR161C,0,-0.36864004,0.08779288083314896,0.6045816540718079,0.6309523582458496
YBR043C,YJL045W,0,-0.36864355,0.0877801850438118,0.6045816540718079,0.6310524344444275
YGL190C,YHR076W,1,-0.36873618,0.08791209012269974,0.6055777072906494,0.6310524344444275
YGR205W,YKL006W,0,-0.36881843,0.08789937943220139,0.6055777072906494,0.6311524510383606
YDR439W,YML082W,0,-0.36886045,0.08788666874170303,0.6055777072906494,0.6312525272369385
YJL012C,YLR092W,0,-0.36887375,0.08787397295236588,0.6055777072906494,0.6313525438308716
YLR215C,YMR149W,0,-0.3689656,0.08786126971244812,0.6055777072906494,0.6314525604248047
YIL156W,YML061C,0,-0.36897558,0.08784857392311096,0.6055777072906494,0.6315526366233826
YDL175C,YDR244W,0,-0.36899504,0.0878358855843544,0.6055777072906494,0.6316526532173157
YBL087C,YGR040W,0,-0.36899582,0.08782319724559784,0.6055777072906494,0.6317527294158936
YDL124W,YHR090C,0,-0.3690451,0.08781051635742188,0.6055777072906494,0.6318527460098267
YOR091W,YDL012C,0,-0.36909643,0.08779783546924591,0.6055777072906494,0.6319527626037598
YAL068C,YDR179C,0,-0.3691303,0.08778515458106995,0.6055777072906494,0.6320528388023376
YGR007W,YPL010W,0,-0.36913213,0.08777248114347458,0.6055777072906494,0.6321528553962708
YGR080W,YOL095C,0,-0.36916298,0.08775981515645981,0.6055777072906494,0.6322528719902039
YKL063C,YGL226W,0,-0.3691756,0.08774714916944504,0.6055777072906494,0.6323529481887817
YIR004W,YDR464W,0,-0.36922574,0.08773449063301086,0.6055777072906494,0.6324529647827148
YOR090C,YJL180C,0,-0.3693169,0.08772183209657669,0.6055777072906494,0.6325530409812927
YJL045W,YDR257C,0,-0.3693298,0.08770917356014252,0.6055777072906494,0.6326530575752258
YML127W,YPL178W,0,-0.3694413,0.08769652247428894,0.6055777072906494,0.6327530741691589
YLR426W,YEL006W,0,-0.36965856,0.08768387883901596,0.6055777072906494,0.6328531503677368
YDR325W,YFR014C,0,-0.36967954,0.08767123520374298,0.6055777072906494,0.6329531669616699
YGL018C,YKR034W,0,-0.36972278,0.08765859156847,0.6055777072906494,0.6330532431602478
YNL263C,YEL027W,0,-0.369759,0.08764595538377762,0.6055777072906494,0.6331532597541809
YBR168W,YCL054W,0,-0.36976644,0.08763332664966583,0.6055777072906494,0.633253276348114
YGR266W,YLR259C,0,-0.36977267,0.08762069791555405,0.6055777072906494,0.6333533525466919
YEL038W,YNL325C,1,-0.36986646,0.08775216341018677,0.6065737009048462,0.6333533525466919
YHR194W,YBL047C,0,-0.36994198,0.08773951977491379,0.6065737009048462,0.633453369140625
YDR212W,YJR109C,0,-0.36995372,0.08772687613964081,0.6065737009048462,0.6335534453392029
YBR211C,YER139C,0,-0.37019232,0.08771424740552902,0.6065737009048462,0.633653461933136
YDR350C,YJL013C,0,-0.37031546,0.08770161122083664,0.6065737009048462,0.6337534785270691
YOR101W,YMR009W,0,-0.37032238,0.08768898248672485,0.6065737009048462,0.633853554725647
YGL189C,YMR110C,0,-0.37039527,0.08767636120319366,0.6065737009048462,0.6339535713195801
YKL026C,YPL221W,0,-0.37044922,0.08766373991966248,0.6065737009048462,0.634053647518158
YGL073W,YNR052C,0,-0.37053314,0.08765112608671188,0.6065737009048462,0.6341536641120911
YAL048C,YLR345W,0,-0.37056884,0.08763851225376129,0.6065737009048462,0.6342536807060242
YJL045W,YER102W,0,-0.37068012,0.0876258984208107,0.6065737009048462,0.634353756904602
YNL137C,YJL057C,0,-0.37077755,0.0876132920384407,0.6065737009048462,0.6344537734985352
YDR516C,YCL054W,0,-0.37079683,0.0876006931066513,0.6065737009048462,0.634553849697113
YLR361C,YDL145C,0,-0.37083364,0.08758809417486191,0.6065737009048462,0.6346538662910461
YLR315W,YFR053C,0,-0.37087047,0.08757549524307251,0.6065737009048462,0.6347538828849792
YBR218C,YPL097W,0,-0.3708931,0.08756290376186371,0.6065737009048462,0.6348539590835571
YOL055C,YJL001W,0,-0.3709894,0.0875503197312355,0.6065737009048462,0.6349539756774902
YPR175W,YDR397C,0,-0.37103415,0.0875377282500267,0.6065737009048462,0.6350539922714233
YPL228W,YBL056W,1,-0.37105176,0.08766887336969376,0.607569694519043,0.6350539922714233
YJL057C,YIL147C,0,-0.37105417,0.08765627443790436,0.607569694519043,0.6351540684700012
YBR153W,YDR179C,0,-0.37114176,0.08764367550611496,0.607569694519043,0.6352540850639343
YML011C,YNL214W,0,-0.37118995,0.08763108402490616,0.607569694519043,0.6353541612625122
YLR417W,YJL083W,0,-0.37131107,0.08761849999427795,0.607569694519043,0.6354541778564453
YAR033W,YIL120W,0,-0.37157986,0.08760591596364975,0.607569694519043,0.6355541944503784
YNL056W,YER149C,0,-0.37158903,0.08759333938360214,0.607569694519043,0.6356542706489563
YER023W,YNR037C,0,-0.3716142,0.08758076280355453,0.607569694519043,0.6357542872428894
YNL048W,YJL069C,0,-0.3717835,0.08756818622350693,0.607569694519043,0.6358543634414673
YBR029C,YNR055C,0,-0.37180933,0.08755561709403992,0.607569694519043,0.6359543800354004
YNL045W,YBL038W,0,-0.3718711,0.0875430554151535,0.607569694519043,0.6360543966293335
YPR114W,YLR056W,0,-0.37196139,0.08753049373626709,0.607569694519043,0.6361544728279114
YFR024C-A,YOR026W,0,-0.37202454,0.08751793205738068,0.607569694519043,0.6362544894218445
YBR054W,YDR257C,0,-0.3720398,0.08750537782907486,0.607569694519043,0.6363545656204224
YLL026W,YIL014W,0,-0.37204692,0.08749283105134964,0.607569694519043,0.6364545822143555
YJL059W,YIL069C,0,-0.3721211,0.08748028427362442,0.607569694519043,0.6365545988082886
YHL028W,YOL121C,0,-0.37219667,0.0874677374958992,0.607569694519043,0.6366546750068665
YPL169C,YJL089W,0,-0.37222087,0.08745519816875458,0.607569694519043,0.6367546916007996
YIL147C,YOR272W,0,-0.37224615,0.08744265884160995,0.607569694519043,0.6368547677993774
YOR341W,YDR257C,0,-0.37232146,0.08743012696504593,0.607569694519043,0.6369547843933105
YMR234W,YPL203W,0,-0.3723295,0.0874175950884819,0.607569694519043,0.6370548009872437
YML023C,YJL057C,0,-0.37249273,0.08740507066249847,0.607569694519043,0.6371548771858215
YLL024C,YNL041C,0,-0.3725965,0.08739255368709564,0.607569694519043,0.6372548937797546
YGR078C,YBR149W,0,-0.3726686,0.08738002926111221,0.607569694519043,0.6373549699783325
YHR204W,YBR248C,0,-0.37270594,0.08736751973628998,0.607569694519043,0.6374549865722656
YPL140C,YHR033W,0,-0.37273815,0.08735500276088715,0.607569694519043,0.6375550031661987
YOR258W,YBR218C,0,-0.37289673,0.08734250068664551,0.607569694519043,0.6376550793647766
YDL091C,YBR268W,0,-0.3729728,0.08732999116182327,0.607569694519043,0.6377550959587097
YGL139W,YNR037C,0,-0.37297288,0.08731748908758163,0.607569694519043,0.6378551125526428
YLR234W,YAL051W,0,-0.3729788,0.0873049944639206,0.607569694519043,0.6379551887512207
YFR038W,YDR179C,0,-0.37300244,0.08729249984025955,0.607569694519043,0.6380552053451538
YDR023W,YCL048W,0,-0.37304163,0.08728001266717911,0.607569694519043,0.6381552815437317
YPL239W,YBR193C,0,-0.3731758,0.08726752549409866,0.607569694519043,0.6382552981376648
YNL183C,YHR073W,0,-0.3732468,0.08725504577159882,0.607569694519043,0.6383553147315979
YOL116W,YMR125W,0,-0.373249,0.08724256604909897,0.607569694519043,0.6384553909301758
YPR100W,YMR001C,0,-0.3732606,0.08723008632659912,0.607569694519043,0.6385554075241089
YKL029C,YKL058W,0,-0.37334192,0.08721761405467987,0.607569694519043,0.6386554837226868
YIL053W,YJL155C,1,-0.3734088,0.0873481035232544,0.6085657477378845,0.6386554837226868
YHR204W,YGR260W,0,-0.3734442,0.08733562380075455,0.6085657477378845,0.6387555003166199
YLR377C,YER089C,1,-0.37352216,0.0874660536646843,0.6095617413520813,0.6387555003166199
YDR441C,YNR048W,0,-0.3735809,0.08745355904102325,0.6095617413520813,0.638855516910553
YNL247W,YPL135W,0,-0.37364912,0.08744106441736221,0.6095617413520813,0.6389555931091309
YGL070C,YJL035C,0,-0.37371436,0.08742856979370117,0.6095617413520813,0.639055609703064
YDR108W,YBL014C,0,-0.37373707,0.08741608262062073,0.6095617413520813,0.6391556859016418
YBL035C,YFL026W,0,-0.37383524,0.08740359544754028,0.6095617413520813,0.639255702495575
YGR224W,YMR237W,0,-0.37415206,0.08739111572504044,0.6095617413520813,0.6393557190895081
YMR180C,YML057W,1,-0.3741618,0.08752141892910004,0.6105577945709229,0.6393557190895081
YNL167C,YML041C,0,-0.3742983,0.087508924305439,0.6105577945709229,0.6394557952880859
YGL142C,YDR100W,0,-0.37433928,0.08749642968177795,0.6105577945709229,0.639555811882019
YNL038W,YDR437W,0,-0.37437704,0.08748394250869751,0.6105577945709229,0.6396558880805969
YML101C,YDL134C,0,-0.37447366,0.08747146278619766,0.6105577945709229,0.63975590467453
YOR113W,YDR179C,0,-0.37452027,0.08745898306369781,0.6105577945709229,0.6398559212684631
YAR042W,YPL175W,0,-0.37455043,0.08744650334119797,0.6105577945709229,0.639955997467041
YGR203W,YOL065C,1,-0.37457874,0.08757666498422623,0.6115537881851196,0.639955997467041
YER040W,YPL253C,0,-0.37469754,0.08756417781114578,0.6115537881851196,0.6400560140609741
YNL328C,YLR181C,0,-0.37475225,0.08755169063806534,0.6115537881851196,0.640156090259552
YJR042W,YGR174C,0,-0.37475505,0.08753921091556549,0.6115537881851196,0.6402561068534851
YJL167W,YER032W,0,-0.37479234,0.08752673119306564,0.6115537881851196,0.6403561234474182
YDL175C,YJL026W,0,-0.37480104,0.0875142514705658,0.6115537881851196,0.6404561996459961
YMR192W,YHR035W,0,-0.37482688,0.08750177919864655,0.6115537881851196,0.6405562162399292
YDR257C,YNL118C,0,-0.37484333,0.08748931437730789,0.6115537881851196,0.6406562328338623
YDR289C,YGL195W,0,-0.375098,0.08747684955596924,0.6115537881851196,0.6407563090324402
YMR063W,YDR175C,0,-0.3751469,0.08746438473463058,0.6115537881851196,0.6408563256263733
YBR043C,YDR528W,0,-0.375165,0.08745192736387253,0.6115537881851196,0.6409564018249512
YML021C,YGL018C,0,-0.37518588,0.08743947744369507,0.6115537881851196,0.6410564184188843
YHR185C,YLR067C,0,-0.37523672,0.08742702752351761,0.6115537881851196,0.6411564350128174
YBR101C,YMR040W,0,-0.37525085,0.08741457760334015,0.6115537881851196,0.6412565112113953
YMR192W,YGR283C,0,-0.37525466,0.08740213513374329,0.6115537881851196,0.6413565278053284
YBL056W,YNR037C,0,-0.37525722,0.08738969266414642,0.6115537881851196,0.6414566040039062
YDL098C,YLR337C,0,-0.37529084,0.08737725764513016,0.6115537881851196,0.6415566205978394
YDR028C,YDR165W,0,-0.37533188,0.08736483007669449,0.6115537881851196,0.6416566371917725
YDR201W,YJL013C,0,-0.37563744,0.08735239505767822,0.6115537881851196,0.6417567133903503
YNR048W,YKL114C,0,-0.37565577,0.08733997493982315,0.6115537881851196,0.6418567299842834
YGR235C,YOR316C,0,-0.3756806,0.08732754737138748,0.6115537881851196,0.6419568061828613
YLR185W,YFR025C,0,-0.37572163,0.08731512725353241,0.6115537881851196,0.6420568227767944
YIL014W,YNL288W,0,-0.37579212,0.08730271458625793,0.6115537881851196,0.6421568393707275
YDL240W,YLR058C,0,-0.37586403,0.08729030191898346,0.6115537881851196,0.6422569155693054
YDL230W,YDL188C,1,-0.3759023,0.08742004632949829,0.6125497817993164,0.6422569155693054
YNL233W,YGR129W,0,-0.3759524,0.08740761876106262,0.6125497817993164,0.6423569321632385
YLR131C,YER044C-A,0,-0.37603244,0.08739519864320755,0.6125497817993164,0.6424570083618164
YCL029C,YML016C,0,-0.37606642,0.08738277852535248,0.6125497817993164,0.6425570249557495
YEL032W,YOR103C,0,-0.37617198,0.087370365858078,0.6125497817993164,0.6426570415496826
YMR165C,YMR036C,1,-0.37625334,0.08749999850988388,0.613545835018158,0.6426570415496826
YBR119W,YPL253C,0,-0.37625796,0.08748757094144821,0.613545835018158,0.6427571177482605
YOR236W,YLR313C,0,-0.37634143,0.08747515082359314,0.613545835018158,0.6428571343421936
YOR049C,YBR169C,0,-0.3763998,0.08746273070573807,0.613545835018158,0.6429572105407715
YLR293C,YHL031C,0,-0.3764239,0.087450310587883,0.613545835018158,0.6430572271347046
YPL049C,YGL198W,0,-0.3764496,0.08743789792060852,0.613545835018158,0.6431572437286377
YIL113W,YOL064C,1,-0.37648863,0.08756741136312485,0.6145418286323547,0.6431572437286377
YLR223C,YOR026W,0,-0.37652132,0.08755499124526978,0.6145418286323547,0.6432573199272156
YGL243W,YOR110W,0,-0.37672213,0.0875425636768341,0.6145418286323547,0.6433573365211487
YER062C,YJR110W,1,-0.37681562,0.08767201006412506,0.6155378222465515,0.6433573365211487
YDL091C,YDR317W,0,-0.37688276,0.0876595750451088,0.6155378222465515,0.6434574127197266
YBR043C,YPL145C,0,-0.3769277,0.08764714002609253,0.6155378222465515,0.6435574293136597
YDR441C,YNL059C,0,-0.37692872,0.08763471245765686,0.6155378222465515,0.6436574459075928
YGR123C,YER075C,1,-0.37694943,0.08776406943798065,0.6165338754653931,0.6436574459075928
YJL098W,YHR110W,0,-0.37700132,0.08775162696838379,0.6165338754653931,0.6437575221061707
YDR268W,YDR257C,0,-0.37707874,0.08773919194936752,0.6165338754653931,0.6438575387001038
YGR129W,YPR174C,0,-0.37712586,0.08772675693035126,0.6165338754653931,0.6439575552940369
YKR078W,YDR145W,0,-0.3771341,0.08771432936191559,0.6165338754653931,0.6440576314926147
YGL229C,YBR276C,1,-0.3771754,0.08784358203411102,0.6175298690795898,0.6440576314926147
YDR325W,YDR150W,0,-0.37737423,0.08783113956451416,0.6175298690795898,0.6441576480865479
YPL137C,YDR309C,0,-0.37739357,0.0878186970949173,0.6175298690795898,0.6442577242851257
YDR517W,YMR149W,0,-0.37741306,0.08780626207590103,0.6175298690795898,0.6443577408790588
YJR150C,YMR153W,0,-0.37744603,0.08779382705688477,0.6175298690795898,0.6444577574729919
YML098W,YNR053C,0,-0.37756568,0.0877813994884491,0.6175298690795898,0.6445578336715698
YOR049C,YBR089C-A,0,-0.37759125,0.08776897192001343,0.6175298690795898,0.6446578502655029
YNL190W,YOR316C,0,-0.37770885,0.08775654435157776,0.6175298690795898,0.6447579264640808
YNR038W,YBR049C,0,-0.37774393,0.08774412423372269,0.6175298690795898,0.6448579430580139
YPL203W,YBL025W,0,-0.377783,0.08773171156644821,0.6175298690795898,0.644957959651947
YOR264W,YIR004W,0,-0.3778148,0.08771929889917374,0.6175298690795898,0.6450580358505249
YMR130W,YJL134W,1,-0.37793666,0.08784835040569305,0.6185259222984314,0.6450580358505249
YDR168W,YDL119C,0,-0.37795982,0.08783592283725739,0.6185259222984314,0.645158052444458
YBR254C,YOR129C,0,-0.37804475,0.08782350271940231,0.6185259222984314,0.6452581286430359
YIL043C,YPR174C,0,-0.37813768,0.08781108260154724,0.6185259222984314,0.645358145236969
YKL026C,YGL107C,0,-0.37817812,0.08779866993427277,0.6185259222984314,0.6454581618309021
YER038C,YFR053C,0,-0.37822613,0.08778625726699829,0.6185259222984314,0.64555823802948
YBR085W,YER149C,0,-0.37822935,0.08777385205030441,0.6185259222984314,0.6456582546234131
YKL155C,YMR322C,0,-0.37845674,0.08776144683361053,0.6185259222984314,0.645758330821991
YDL175C,YIL119C,0,-0.37851828,0.08774904906749725,0.6185259222984314,0.6458583474159241
YBR295W,YDR261C,0,-0.37855852,0.08773665130138397,0.6185259222984314,0.6459583640098572
YGR203W,YBR125C,1,-0.37858084,0.08786551654338837,0.6195219159126282,0.6459583640098572
YPR134W,YER155C,0,-0.37870613,0.08785310387611389,0.6195219159126282,0.6460584402084351
YDR129C,YML047C,0,-0.3787176,0.08784069865942001,0.6195219159126282,0.6461584568023682
YIR004W,YNR024W,0,-0.37873986,0.08782829344272614,0.6195219159126282,0.646258533000946
YGR055W,YML082W,0,-0.3787959,0.08781589567661285,0.6195219159126282,0.6463585495948792
YBR091C,YNL081C,0,-0.37886652,0.08780349791049957,0.6195219159126282,0.6464585661888123
YBR069C,YDR217C,0,-0.378941,0.08779110759496689,0.6195219159126282,0.6465586423873901
YHL038C,YKL110C,0,-0.37897524,0.0877787172794342,0.6195219159126282,0.6466586589813232
YGR253C,YKL005C,0,-0.37898967,0.08776633441448212,0.6195219159126282,0.6467586755752563
YJL003W,YDR301W,0,-0.37900797,0.08775395154953003,0.6195219159126282,0.6468587517738342
YDR122W,YLL057C,0,-0.37912318,0.08774156868457794,0.6195219159126282,0.6469587683677673
YBL007C,YGR040W,0,-0.37913916,0.08772919327020645,0.6195219159126282,0.6470588445663452
YIL153W,YNL048W,0,-0.37915877,0.08771682530641556,0.6195219159126282,0.6471588611602783
YHR009C,YDR243C,0,-0.37919506,0.08770445734262466,0.6195219159126282,0.6472588777542114
YHR149C,YKL196C,0,-0.37919554,0.08769208937883377,0.6195219159126282,0.6473589539527893
YIL014W,YGR253C,0,-0.37921453,0.08767972886562347,0.6195219159126282,0.6474589705467224
YJL094C,YDR108W,0,-0.37939748,0.08766736835241318,0.6195219159126282,0.6475590467453003
YLR284C,YHR114W,0,-0.3794227,0.08765501528978348,0.6195219159126282,0.6476590633392334
YPR008W,YDR150W,0,-0.37946773,0.08764266222715378,0.6195219159126282,0.6477590799331665
YOR363C,YBR162C,0,-0.3794838,0.08763031661510468,0.6195219159126282,0.6478591561317444
YDR464W,YJL208C,0,-0.37949356,0.08761797100305557,0.6195219159126282,0.6479591727256775
YJR052W,YLR435W,0,-0.3795108,0.08760563284158707,0.6195219159126282,0.6480592489242554
YDL124W,YML092C,0,-0.3795594,0.08759329468011856,0.6195219159126282,0.6481592655181885
YDR437W,YMR091C,0,-0.379585,0.08758096396923065,0.6195219159126282,0.6482592821121216
YCR105W,YJL003W,0,-0.37960413,0.08756863325834274,0.6195219159126282,0.6483593583106995
YGR212W,YDR259C,0,-0.37960488,0.08755630999803543,0.6195219159126282,0.6484593749046326
YGL027C,YDR284C,0,-0.37962684,0.08754398673772812,0.6195219159126282,0.6485594511032104
YPR095C,YOR227W,0,-0.37988347,0.0875316634774208,0.6195219159126282,0.6486594676971436
YJR132W,YEL005C,0,-0.37991965,0.08751934766769409,0.6195219159126282,0.6487594842910767
YDR384C,YPL040C,0,-0.379964,0.08750703185796738,0.6195219159126282,0.6488595604896545
YDL188C,YLR410W,1,-0.38006318,0.08763539046049118,0.620517909526825,0.6488595604896545
YDR437W,YNR033W,0,-0.38030094,0.08762306720018387,0.620517909526825,0.6489595770835876
YMR165C,YDL024C,1,-0.3803371,0.0877513736486435,0.6215139627456665,0.6489595770835876
YHR004C,YDR075W,1,-0.38034692,0.08787964284420013,0.6225099563598633,0.6489595770835876
YNL164C,YLR067C,0,-0.38035426,0.08786728233098984,0.6225099563598633,0.6490596532821655
YCL016C,YPR148C,0,-0.38041928,0.08785493671894073,0.6225099563598633,0.6491596698760986
YEL006W,YJL208C,0,-0.38043037,0.08784258365631104,0.6225099563598633,0.6492596864700317
YJR117W,YCL054W,0,-0.3805826,0.08783023804426193,0.6225099563598633,0.6493597626686096
YNL263C,YDL076C,0,-0.38064623,0.08781789988279343,0.6225099563598633,0.6494597792625427
YLR367W,YOR060C,0,-0.3807607,0.08780556172132492,0.6225099563598633,0.6495597958564758
YBL031W,YHR114W,0,-0.38094175,0.08779323101043701,0.6225099563598633,0.6496598720550537
YLR037C,YOR086C,0,-0.38098517,0.0877809002995491,0.6225099563598633,0.6497598886489868
YOR004W,YBR188C,0,-0.38104782,0.0877685695886612,0.6225099563598633,0.6498599648475647
YBL013W,YMR205C,0,-0.3810847,0.08775624632835388,0.6225099563598633,0.6499599814414978
YPL209C,YGR060W,0,-0.3811868,0.08774393051862717,0.6225099563598633,0.6500599980354309
YKL045W,YDR092W,0,-0.38119322,0.08773161470890045,0.6225099563598633,0.6501600742340088
YDR256C,YOR273C,0,-0.38119692,0.08771929889917374,0.6225099563598633,0.6502600908279419
YNL051W,YHL003C,0,-0.38126466,0.08770699054002762,0.6225099563598633,0.6503601670265198
YKL138C,YCR005C,0,-0.3813282,0.0876946821808815,0.6225099563598633,0.6504601836204529
YBR069C,YPL117C,0,-0.38133386,0.08768238127231598,0.6225099563598633,0.650560200214386
YAL011W,YEL048C,0,-0.38135418,0.08767008036375046,0.6225099563598633,0.6506602764129639
YPL100W,YPL161C,0,-0.38135514,0.08765778690576553,0.6225099563598633,0.650760293006897
YNL233W,YKL005C,0,-0.38143077,0.08764549344778061,0.6225099563598633,0.6508603692054749
YIL043C,YPR169W,0,-0.38156602,0.08763319998979568,0.6225099563598633,0.650960385799408
YGR203W,YBR126C,1,-0.3815986,0.08776111155748367,0.6235059499740601,0.650960385799408
YOR068C,YGL139W,0,-0.38168588,0.08774881064891815,0.6235059499740601,0.6510604023933411
YIL087C,YNR052C,0,-0.3817735,0.08773650974035263,0.6235059499740601,0.651160478591919
YGL093W,YBL025W,0,-0.38183978,0.0877242162823677,0.6235059499740601,0.651260495185852
YLR426W,YKR034W,0,-0.38196695,0.08771192282438278,0.6235059499740601,0.6513605713844299
YHR158C,YPR057W,0,-0.3820252,0.08769963681697845,0.6235059499740601,0.651460587978363
YGR244C,YNR055C,0,-0.38203743,0.08768735080957413,0.6235059499740601,0.6515606045722961
YJR049C,YHR150W,0,-0.3820944,0.0876750722527504,0.6235059499740601,0.651660680770874
YDR422C,YLR037C,0,-0.3821331,0.08766279369592667,0.6235059499740601,0.6517606973648071
YIL009W,YDR384C,0,-0.38215256,0.08765051513910294,0.6235059499740601,0.651860773563385
YER142C,YBR254C,0,-0.3821531,0.0876382440328598,0.6235059499740601,0.6519607901573181
YMR040W,YIR004W,0,-0.38219005,0.08762598037719727,0.6235059499740601,0.6520608067512512
YJL174W,YOL096C,0,-0.38220552,0.08761371672153473,0.6235059499740601,0.6521608829498291
YML107C,YPL239W,0,-0.38225475,0.08760145306587219,0.6235059499740601,0.6522608995437622
YGR193C,YIL014W,0,-0.38226518,0.08758919686079025,0.6235059499740601,0.6523609161376953
YDR276C,YPR169W,0,-0.38230032,0.08757694810628891,0.6235059499740601,0.6524609923362732
YKL192C,YJL168C,0,-0.38232276,0.08756469190120697,0.6235059499740601,0.6525610089302063
YBL035C,YAL056W,0,-0.3823293,0.08755245059728622,0.6235059499740601,0.6526610851287842
YGL196W,YHR157W,0,-0.3823499,0.08754020184278488,0.6235059499740601,0.6527611017227173
YBR093C,YER062C,1,-0.38236803,0.0876677855849266,0.6245020031929016,0.6527611017227173
YGR193C,YGL016W,0,-0.3823782,0.08765552937984467,0.6245020031929016,0.6528611183166504
YPR037C,YML133C,0,-0.38239032,0.08764327317476273,0.6245020031929016,0.6529611945152283
YER007C-A,YPL179W,0,-0.3824292,0.08763102442026138,0.6245020031929016,0.6530612111091614
YOL076W,YKR095W,0,-0.38243452,0.08761878311634064,0.6245020031929016,0.6531612873077393
YPR131C,YBR301W,0,-0.38248506,0.08760654181241989,0.6245020031929016,0.6532613039016724
YKL190W,YOR109W,1,-0.38256812,0.08773400634527206,0.6254979968070984,0.6532613039016724
YPL058C,YIL062C,0,-0.38273248,0.08772175014019012,0.6254979968070984,0.6533613204956055
YDR212W,YGL243W,0,-0.38273337,0.08770949393510818,0.6254979968070984,0.6534613966941833
YBR093C,YMR087W,1,-0.38274133,0.08783689141273499,0.6264940500259399,0.6534613966941833
YGL190C,YLL010C,1,-0.3828034,0.0879642590880394,0.6274900436401367,0.6534613966941833
YDL189W,YNL066W,0,-0.38290435,0.08795197308063507,0.6274900436401367,0.6535614132881165
YLR037C,YLR247C,0,-0.38291046,0.08793970197439194,0.6274900436401367,0.6536614894866943
YAR033W,YJL168C,0,-0.3829199,0.0879274234175682,0.6274900436401367,0.6537615060806274
YPL036W,YLL014W,0,-0.38307232,0.08791515231132507,0.6274900436401367,0.6538615226745605
YHL011C,YLR248W,0,-0.38313487,0.08790288865566254,0.6274900436401367,0.6539615988731384
YMR286W,YIL123W,0,-0.38315228,0.087890625,0.6274900436401367,0.6540616154670715
YJL096W,YJL003W,0,-0.38320884,0.08787836879491806,0.6274900436401367,0.6541616916656494
YOL011W,YOR079C,0,-0.38336512,0.08786610513925552,0.6274900436401367,0.6542617082595825
YDL247W,YFR025C,0,-0.38350043,0.08785385638475418,0.6274900436401367,0.6543617248535156
YFR050C,YJR118C,0,-0.3835313,0.08784160763025284,0.6274900436401367,0.6544618010520935
YIL153W,YOL135C,0,-0.38358054,0.0878293588757515,0.6274900436401367,0.6545618176460266
YDL018C,YLR247C,0,-0.38363543,0.08781711757183075,0.6274900436401367,0.6546618938446045
YDR500C,YGL092W,0,-0.38376763,0.08780487626791,0.6274900436401367,0.6547619104385376
YJL058C,YMR149W,0,-0.38379022,0.08779264241456985,0.6274900436401367,0.6548619270324707
YOR045W,YKL185W,0,-0.3838105,0.0877804085612297,0.6274900436401367,0.6549620032310486
YGL067W,YMR156C,0,-0.38397074,0.08776818215847015,0.6274900436401367,0.6550620198249817
YML057W,YLL021W,0,-0.38399205,0.0877559557557106,0.6274900436401367,0.6551620364189148
YLL006W,YPL135W,0,-0.38400325,0.08774372935295105,0.6274900436401367,0.6552621126174927
YMR286W,YNL190W,0,-0.38408,0.0877315104007721,0.6274900436401367,0.6553621292114258
YLR360W,YDL031W,0,-0.38409045,0.08771929889917374,0.6274900436401367,0.6554622054100037
YCL054W,YBR028C,0,-0.38418984,0.08770708739757538,0.6274900436401367,0.6555622220039368
YDL236W,YHR004C,1,-0.3842195,0.08783407509326935,0.6284860372543335,0.6555622220039368
YPL209C,YGR129W,0,-0.38423097,0.0878218486905098,0.6284860372543335,0.6556622385978699
YKR049C,YNL130C,0,-0.38433477,0.08780962973833084,0.6284860372543335,0.6557623147964478
YDR468C,YDR469W,0,-0.38444522,0.08779741078615189,0.6284860372543335,0.6558623313903809
YML100W,YER062C,1,-0.38455915,0.08792431652545929,0.629482090473175,0.6558623313903809
YDL135C,YOR249C,0,-0.38465157,0.08791209012269974,0.629482090473175,0.6559624075889587
YDR328C,YDR438W,0,-0.38469395,0.08789986371994019,0.629482090473175,0.6560624241828918
YNL025C,YOR383C,0,-0.38474616,0.08788763731718063,0.629482090473175,0.656162440776825
YJL078C,YML059C,0,-0.3847789,0.08787541836500168,0.629482090473175,0.6562625169754028
YFL025C,YPR128C,0,-0.3848823,0.08786319941282272,0.629482090473175,0.6563625335693359
YHR210C,YGL045W,0,-0.38507572,0.08785098791122437,0.629482090473175,0.6564626097679138
YKL138C,YIR031C,0,-0.38517627,0.08783877640962601,0.629482090473175,0.6565626263618469
YDR284C,YDR074W,1,-0.3852032,0.08796553313732147,0.6304780840873718,0.6565626263618469
YFR040W,YDR284C,1,-0.3853763,0.08809226006269455,0.6314740777015686,0.6565626263618469
YEL039C,YPR010C,0,-0.38537952,0.0880800187587738,0.6314740777015686,0.65666264295578
YML045W,YGL167C,0,-0.3854697,0.08806778490543365,0.6314740777015686,0.6567627191543579
YDR268W,YPR068C,0,-0.38547885,0.0880555585026741,0.6314740777015686,0.656862735748291
YPL239W,YFR030W,0,-0.3855135,0.08804332464933395,0.6314740777015686,0.6569628119468689
YBL056W,YOR254C,0,-0.3855558,0.088031105697155,0.6314740777015686,0.657062828540802
YMR175W,YKL087C,0,-0.3855843,0.08801887929439545,0.6314740777015686,0.6571628451347351
YER143W,YPL076W,0,-0.3856031,0.08800666034221649,0.6314740777015686,0.657262921333313
YJR120W,YMR237W,0,-0.3856074,0.08799444884061813,0.6314740777015686,0.6573629379272461
YOL154W,YJR042W,0,-0.3857529,0.08798223733901978,0.6314740777015686,0.657463014125824
YDR100W,YGL058W,0,-0.38578078,0.08797002583742142,0.6314740777015686,0.6575630307197571
YGR181W,YPL203W,0,-0.38580045,0.08795782178640366,0.6314740777015686,0.6576630473136902
YKR064W,YAL056W,0,-0.38591024,0.08794562518596649,0.6314740777015686,0.6577631235122681
YDL135C,YGL058W,0,-0.38621706,0.08793342858552933,0.6314740777015686,0.6578631401062012
YOR359W,YFR038W,0,-0.3862799,0.08792123198509216,0.6314740777015686,0.6579631567001343
YKL006C-A,YPL235W,0,-0.38662797,0.0879090428352356,0.6314740777015686,0.6580632328987122
YJL183W,YAL026C,0,-0.38677463,0.08789685368537903,0.6314740777015686,0.6581632494926453
YJL003W,YLR435W,0,-0.38677785,0.08788467198610306,0.6314740777015686,0.6582633256912231
YEL019C,YML101C,0,-0.38680062,0.08787249028682709,0.6314740777015686,0.6583633422851562
YNL053W,YNL325C,1,-0.386807,0.0879988893866539,0.6324701309204102,0.6583633422851562
YMR105C,YCL064C,0,-0.38682017,0.08798670023679733,0.6324701309204102,0.6584633588790894
YML067C,YHR122W,0,-0.38694087,0.08797451108694077,0.6324701309204102,0.6585634350776672
YKL110C,YER155C,0,-0.386968,0.0879623219370842,0.6324701309204102,0.6586634516716003
YDR317W,YOR059C,0,-0.387035,0.08795014023780823,0.6324701309204102,0.6587635278701782
YOR363C,YJL083W,0,-0.3871784,0.08793795853853226,0.6324701309204102,0.6588635444641113
YJR073C,YHR148W,0,-0.3874994,0.08792578428983688,0.6324701309204102,0.6589635610580444
YFL005W,YNL156C,0,-0.38762024,0.08791361004114151,0.6324701309204102,0.6590636372566223
YDR009W,YDL117W,0,-0.38775665,0.08790144324302673,0.6324701309204102,0.6591636538505554
YIL106W,YAL051W,0,-0.38780227,0.08788927644491196,0.6324701309204102,0.6592637300491333
YLR345W,YHR005C,0,-0.38783774,0.08787710964679718,0.6324701309204102,0.6593637466430664
YIL147C,YNL294C,0,-0.38784167,0.087864950299263,0.6324701309204102,0.6594637632369995
YHR146W,YNL066W,0,-0.38786694,0.08785279840230942,0.6324701309204102,0.6595638394355774
YBR003W,YJL058C,0,-0.38804987,0.08784063905477524,0.6324701309204102,0.6596638560295105
YDR367W,YPL097W,0,-0.38824973,0.08782849460840225,0.6324701309204102,0.6597639322280884
YDR098C,YHR009C,0,-0.38831282,0.08781634271144867,0.6324701309204102,0.6598639488220215
YGL053W,YKL002W,0,-0.3883333,0.08780420571565628,0.6324701309204102,0.6599639654159546
YML013W,YFR025C,0,-0.38838625,0.0877920612692833,0.6324701309204102,0.6600640416145325
YDR227W,YOR260W,0,-0.38845745,0.0877799317240715,0.6324701309204102,0.6601640582084656
YER143W,YGL085W,0,-0.38848352,0.08776779472827911,0.6324701309204102,0.6602641344070435
YPL138C,YDR386W,0,-0.38852367,0.08775566518306732,0.6324701309204102,0.6603641510009766
YHR142W,YDL211C,0,-0.38854483,0.08774354308843613,0.6324701309204102,0.6604641675949097
YNL263C,YJL168C,0,-0.38856786,0.08773142099380493,0.6324701309204102,0.6605642437934875
YHR215W,YBR022W,1,-0.38865784,0.0878574401140213,0.6334661245346069,0.6605642437934875
YNL130C,YMR207C,0,-0.3887172,0.08784530311822891,0.6334661245346069,0.6606642603874207
YOR087W,YGL093W,0,-0.38873932,0.08783317357301712,0.6334661245346069,0.6607642769813538
YLR115W,YGL198W,0,-0.38879257,0.08782104402780533,0.6334661245346069,0.6608643531799316
YMR261C,YDR430C,0,-0.38879487,0.08780892193317413,0.6334661245346069,0.6609643697738647
YKL006C-A,YPL248C,0,-0.3888064,0.08779679983854294,0.6334661245346069,0.6610644459724426
YJR109C,YGL129C,0,-0.38887265,0.08778467774391174,0.6334661245346069,0.6611644625663757
YLR185W,YNL048W,0,-0.38889685,0.08777256309986115,0.6334661245346069,0.6612644791603088
YGL025C,YOR241W,0,-0.388976,0.08776045590639114,0.6334661245346069,0.6613645553588867
YGL229C,YOR208W,1,-0.38906497,0.08788631111383438,0.6344621777534485,0.6613645553588867
YDR067C,YEL038W,1,-0.38912264,0.08801213651895523,0.6354581713676453,0.6613645553588867
YOL121C,YLR337C,0,-0.38922843,0.08799999952316284,0.6354581713676453,0.6614645719528198
YOR247W,YDL031W,0,-0.38936922,0.08798786252737045,0.6354581713676453,0.6615646481513977
YPL036W,YBL072C,0,-0.38948908,0.08797573298215866,0.6354581713676453,0.6616646647453308
YKR089C,YER023W,0,-0.38951382,0.08796360343694687,0.6354581713676453,0.6617646813392639
YDL135C,YKL145W,0,-0.38969985,0.08795147389173508,0.6354581713676453,0.6618647575378418
YPR105C,YPR169W,0,-0.3897855,0.08793935179710388,0.6354581713676453,0.6619647741317749
YMR076C,YNL111C,0,-0.38979456,0.08792722970247269,0.6354581713676453,0.6620648503303528
YOL116W,YGL045W,0,-0.3898554,0.08791511505842209,0.6354581713676453,0.6621648669242859
YKL014C,YPL234C,0,-0.38985744,0.08790300041437149,0.6354581713676453,0.662264883518219
YJL098W,YJL083W,0,-0.38985795,0.08789089322090149,0.6354581713676453,0.6623649597167969
YNL247W,YOR254C,0,-0.38987604,0.08787878602743149,0.6354581713676453,0.66246497631073
YGR120C,YNL176C,0,-0.3898923,0.08786668628454208,0.6354581713676453,0.6625650525093079
YNR048W,YPR134W,0,-0.39003167,0.08785458654165268,0.6354581713676453,0.662665069103241
YLL018C,YNL167C,0,-0.39013526,0.08784248679876328,0.6354581713676453,0.6627650856971741
YCR035C,YPR100W,0,-0.39017132,0.08783039450645447,0.6354581713676453,0.662865161895752
YOR157C,YJR131W,0,-0.39019758,0.08781830966472626,0.6354581713676453,0.6629651784896851
YGR099W,YNL161W,0,-0.390213,0.08780621737241745,0.6354581713676453,0.6630652546882629
YER093C,YPR097W,0,-0.3902174,0.08779413998126984,0.6354581713676453,0.663165271282196
YHR096C,YOR129C,0,-0.3902738,0.08778205513954163,0.6354581713676453,0.6632652878761292
YBR276C,YNL010W,1,-0.39038143,0.08790755271911621,0.636454164981842,0.6632652878761292
YPL169C,YOR241W,0,-0.39040464,0.0878954604268074,0.636454164981842,0.663365364074707
YMR072W,YLR299W,0,-0.39046595,0.0878833755850792,0.636454164981842,0.6634653806686401
YNL059C,YBL072C,0,-0.39053646,0.08787129074335098,0.636454164981842,0.6635653972625732
YOR207C,YLR143W,0,-0.3906254,0.08785920590162277,0.636454164981842,0.6636654734611511
YHR201C,YGL105W,0,-0.39070502,0.08784712851047516,0.636454164981842,0.6637654900550842
YHR044C,YIL113W,1,-0.3907378,0.08797250688076019,0.6374502182006836,0.6637654900550842
YJL110C,YDR165W,0,-0.3907685,0.08796041458845139,0.6374502182006836,0.6638655662536621
YLL018C-A,YLL006W,0,-0.39088568,0.08794832974672318,0.6374502182006836,0.6639655828475952
YLR410W,YFR028C,1,-0.39091384,0.08807364851236343,0.6384462118148804,0.6639655828475952
YDR430C,YKL052C,0,-0.39107242,0.08806154876947403,0.6384462118148804,0.6640655994415283
YOR155C,YNL128W,1,-0.39113104,0.08818681538105011,0.6394422054290771,0.6640655994415283
YOL011W,YPL254W,0,-0.3912265,0.08817470073699951,0.6394422054290771,0.6641656756401062
YNL045W,YCL051W,0,-0.3912885,0.08816259354352951,0.6394422054290771,0.6642656922340393
YDR004W,YDR150W,0,-0.39131346,0.08815048635005951,0.6394422054290771,0.6643657684326172
YHR190W,YPL021W,0,-0.39132684,0.0881383866071701,0.6394422054290771,0.6644657850265503
YHR024C,YPR007C,0,-0.39142808,0.0881262868642807,0.6394422054290771,0.6645658016204834
YPL179W,YLL010C,1,-0.39143082,0.08825144171714783,0.6404382586479187,0.6645658016204834
YJL212C,YPR199C,0,-0.39143932,0.08823932707309723,0.6404382586479187,0.6646658778190613
YKL141W,YFL049W,0,-0.3914619,0.08822721987962723,0.6404382586479187,0.6647658944129944
YDL247W,YEL001C,0,-0.39147368,0.08821512013673782,0.6404382586479187,0.6648659706115723
YKL043W,YDR019C,0,-0.39150295,0.08820302039384842,0.6404382586479187,0.6649659872055054
YOL154W,YPL145C,0,-0.39154848,0.08819092065095901,0.6404382586479187,0.6650660037994385
YGR007W,YER155C,0,-0.39159912,0.08817882835865021,0.6404382586479187,0.6651660799980164
YJR120W,YIL118W,0,-0.39176098,0.0881667360663414,0.6404382586479187,0.6652660965919495
YPR143W,YHR096C,0,-0.39178133,0.08815465122461319,0.6404382586479187,0.6653661727905273
YGR004W,YDR165W,0,-0.3917983,0.08814256638288498,0.6404382586479187,0.6654661893844604
YLR102C,YBR045C,0,-0.39183417,0.08813048154115677,0.6404382586479187,0.6655662059783936
YDR422C,YBR188C,0,-0.39187488,0.08811840415000916,0.6404382586479187,0.6656662821769714
YGL005C,YHR090C,0,-0.39191335,0.08810633420944214,0.6404382586479187,0.6657662987709045
YMR192W,YOL076W,0,-0.39192468,0.08809425681829453,0.6404382586479187,0.6658663749694824
YML120C,YPL061W,0,-0.39199585,0.0880821943283081,0.6404382586479187,0.6659663915634155
YBL056W,YOR208W,1,-0.39201775,0.08820709586143494,0.6414342522621155,0.6659663915634155
YML004C,YBR112C,0,-0.39201787,0.08819501847028732,0.6414342522621155,0.6660664081573486
YER075C,YJL098W,1,-0.392077,0.08831986784934998,0.642430305480957,0.6660664081573486
YER023W,YLR259C,0,-0.39222723,0.08830777555704117,0.642430305480957,0.6661664843559265
YHR201C,YCR035C,0,-0.39225057,0.08829569071531296,0.642430305480957,0.6662665009498596
YGL070C,YKL155C,0,-0.39234635,0.08828360587358475,0.642430305480957,0.6663665175437927
YNL318C,YLR037C,0,-0.39236787,0.08827152103185654,0.642430305480957,0.6664665937423706
YDR328C,YPR199C,0,-0.39246497,0.08825944364070892,0.642430305480957,0.6665666103363037
YHR009C,YLR017W,0,-0.3925285,0.08824736624956131,0.642430305480957,0.6666666865348816
YFL025C,YGL049C,0,-0.39259773,0.0882352963089943,0.642430305480957,0.6667667031288147
YOR016C,YBL014C,0,-0.39261281,0.08822322636842728,0.642430305480957,0.6668667197227478
YGL027C,YBR003W,0,-0.39268634,0.08821115642786026,0.642430305480957,0.6669667959213257
YKL194C,YPL061W,0,-0.39269817,0.08819909393787384,0.642430305480957,0.6670668125152588
YPR188C,YNL221C,0,-0.39279574,0.08818703889846802,0.642430305480957,0.6671668887138367
YDR503C,YBR022W,1,-0.39283845,0.08831168711185455,0.6434262990951538,0.6671668887138367
YFR025C,YHR076W,1,-0.3929853,0.0884363055229187,0.6444222927093506,0.6671668887138367
YIL053W,YML013W,0,-0.39305493,0.08842422068119049,0.6444222927093506,0.6672669053077698
YLL018C,YHR090C,0,-0.39324966,0.08841213583946228,0.6444222927093506,0.6673669219017029
YDR441C,YGR078C,0,-0.39328507,0.08840005099773407,0.6444222927093506,0.6674669981002808
YMR156C,YCR079W,1,-0.39329672,0.08852458745241165,0.6454183459281921,0.6674669981002808
YOL042W,YNL111C,0,-0.3933006,0.08851249516010284,0.6454183459281921,0.6675670146942139
YGR254W,YJR109C,0,-0.39333963,0.08850041031837463,0.6454183459281921,0.6676670908927917
YPR071W,YGR129W,0,-0.39335844,0.08848832547664642,0.6454183459281921,0.6677671074867249
YNL103W,YEL024W,0,-0.3933588,0.08847624063491821,0.6454183459281921,0.667867124080658
YDR422C,YLR006C,0,-0.39341056,0.0884641632437706,0.6454183459281921,0.6679672002792358
YDL098C,YIL098C,0,-0.3934366,0.08845208585262299,0.6454183459281921,0.668067216873169
YIL011W,YBL025W,0,-0.39344493,0.08844001591205597,0.6454183459281921,0.6681672930717468
YER178W,YDR359C,0,-0.39345464,0.08842794597148895,0.6454183459281921,0.6682673096656799
YPR161C,YFR010W,0,-0.39346,0.08841588348150253,0.6454183459281921,0.668367326259613
YKL062W,YGL219C,0,-0.39351612,0.08840382099151611,0.6454183459281921,0.6684674024581909
YDR178W,YOR253W,0,-0.39351884,0.0883917585015297,0.6454183459281921,0.668567419052124
YPR174C,YIR031C,0,-0.3936697,0.08837970346212387,0.6454183459281921,0.6686674952507019
YDR078C,YPR155C,0,-0.39370134,0.08836765587329865,0.6454183459281921,0.668767511844635
YBR146W,YLR288C,0,-0.39374986,0.08835560083389282,0.6454183459281921,0.6688675284385681
YDR002W,YDR135C,0,-0.39383137,0.0883435606956482,0.6454183459281921,0.668967604637146
YPL198W,YNL164C,0,-0.39389363,0.08833151310682297,0.6454183459281921,0.6690676212310791
YKR075C,YLR347C,0,-0.39389738,0.08831947296857834,0.6454183459281921,0.6691676378250122
YLR006C,YGR060W,0,-0.39401445,0.0883074402809143,0.6454183459281921,0.6692677140235901
YLR189C,YOR259C,0,-0.3940599,0.08829540759325027,0.6454183459281921,0.6693677306175232
YOL076W,YFR016C,0,-0.39413133,0.08828338235616684,0.6454183459281921,0.6694678068161011
YJL212C,YLR220W,0,-0.3941482,0.08827134966850281,0.6454183459281921,0.6695678234100342
YAL059W,YDR384C,0,-0.39429158,0.08825933188199997,0.6454183459281921,0.6696678400039673
YJR048W,YLR333C,0,-0.39429548,0.08824730664491653,0.6454183459281921,0.6697679162025452
YBR003W,YIL062C,0,-0.39446104,0.0882352963089943,0.6454183459281921,0.6698679327964783
YOR004W,YDL117W,0,-0.3945499,0.08822327852249146,0.6454183459281921,0.6699680089950562
YGR253C,YLR466W,0,-0.3945981,0.08821126818656921,0.6454183459281921,0.6700680255889893
YLR361C,YLR460C,0,-0.39470538,0.08819926530122757,0.6454183459281921,0.6701680421829224
YBR043C,YGR120C,0,-0.39471447,0.08818726241588593,0.6454183459281921,0.6702681183815002
YKL029C,YLL021W,0,-0.394731,0.08817525953054428,0.6454183459281921,0.6703681349754333
YOR090C,YBR146W,0,-0.3947844,0.08816326409578323,0.6454183459281921,0.6704682111740112
YNL051W,YGR055W,0,-0.39479542,0.08815126866102219,0.6454183459281921,0.6705682277679443
YLL016W,YBR295W,0,-0.3948397,0.08813928067684174,0.6454183459281921,0.6706682443618774
YGR181W,YJL094C,0,-0.39488426,0.08812729269266129,0.6454183459281921,0.6707683205604553
YMR318C,YBL025W,0,-0.39489338,0.08811531215906143,0.6454183459281921,0.6708683371543884
YER062C,YMR036C,1,-0.39497927,0.08823928982019424,0.6464143395423889,0.6708683371543884
YBL063W,YPL040C,0,-0.39500144,0.0882272943854332,0.6464143395423889,0.6709684133529663
YLR377C,YNR033W,0,-0.39504316,0.08821530640125275,0.6464143395423889,0.6710684299468994
YBR248C,YKR052C,0,-0.3950576,0.0882033184170723,0.6464143395423889,0.6711684465408325
YPR071W,YFR040W,0,-0.3950781,0.08819133043289185,0.6464143395423889,0.6712685227394104
YOR260W,YKL077W,0,-0.39510366,0.08817934989929199,0.6464143395423889,0.6713685393333435
YIL064W,YBR089C-A,0,-0.39519635,0.08816736936569214,0.6464143395423889,0.6714686155319214
YOR363C,YOL132W,0,-0.39520887,0.08815538883209229,0.6464143395423889,0.6715686321258545
YMR286W,YDR261C,0,-0.39528835,0.08814342319965363,0.6464143395423889,0.6716686487197876
YKL141W,YGL246C,0,-0.39530143,0.08813145011663437,0.6464143395423889,0.6717687249183655
YGL116W,YMR153W,0,-0.39531517,0.08811948448419571,0.6464143395423889,0.6718687415122986
YDL220C,YML076C,0,-0.3953379,0.08810751885175705,0.6464143395423889,0.6719687581062317
YMR081C,YLR413W,0,-0.3954635,0.08809556066989899,0.6464143395423889,0.6720688343048096
YKL190W,YDR287W,1,-0.3955349,0.08821932971477509,0.6474103331565857,0.6720688343048096
YOR193W,YMR072W,0,-0.3955374,0.08820735663175583,0.6474103331565857,0.6721688508987427
YHL025W,YDL134C,0,-0.39579046,0.08819538354873657,0.6474103331565857,0.6722689270973206
YHR108W,YJL167W,0,-0.3957927,0.08818341791629791,0.6474103331565857,0.6723689436912537
YLR377C,YDR287W,1,-0.3958557,0.08830710500478745,0.6484063863754272,0.6723689436912537
YLR384C,YGL151W,0,-0.39592317,0.08829513192176819,0.6484063863754272,0.6724689602851868
YOL061W,YGR142W,0,-0.3959299,0.08828315883874893,0.6484063863754272,0.6725690364837646
YIL154C,YOL012C,0,-0.39605382,0.08827118575572968,0.6484063863754272,0.6726690530776978
YOL009C,YGL198W,0,-0.3962584,0.08825922012329102,0.6484063863754272,0.6727691292762756
YPL036W,YHR005C,0,-0.39631042,0.08824725449085236,0.6484063863754272,0.6728691458702087
YOR049C,YOL084W,0,-0.39634994,0.0882352963089943,0.6484063863754272,0.6729691624641418
YJR109C,YOR272W,0,-0.39645696,0.08822333812713623,0.6484063863754272,0.6730692386627197
YER031C,YOR177C,0,-0.39658317,0.08821137994527817,0.6484063863754272,0.6731692552566528
YLR277C,YPR180W,0,-0.3966607,0.0881994292140007,0.6484063863754272,0.6732693314552307
YDL223C,YDR005C,0,-0.3966876,0.08818748593330383,0.6484063863754272,0.6733693480491638
YBR093C,YHR044C,1,-0.39676622,0.08831098675727844,0.649402379989624,0.6733693480491638
YKR078W,YOR086C,0,-0.3968204,0.08829902857542038,0.649402379989624,0.6734693646430969
YDR500C,YCR005C,0,-0.3968985,0.08828707039356232,0.649402379989624,0.6735694408416748
YBR276C,YNL217W,1,-0.3970115,0.08841050416231155,0.6503984332084656,0.6735694408416748
YNL031C,YGL105W,0,-0.39704806,0.0883985385298729,0.6503984332084656,0.6736694574356079
YGL070C,YKL039W,0,-0.39705935,0.08838657289743423,0.6503984332084656,0.6737695336341858
YDR482C,YDR464W,0,-0.39708656,0.08837460726499557,0.6503984332084656,0.6738695502281189
YPL140C,YMR041C,0,-0.39711538,0.08836264908313751,0.6503984332084656,0.673969566822052
YMR001C,YPL235W,0,-0.3971428,0.08835069835186005,0.6503984332084656,0.6740696430206299
YML081W,YMR105C,0,-0.39729777,0.08833874762058258,0.6503984332084656,0.674169659614563
YIL075C,YKR064W,0,-0.39729977,0.08832679688930511,0.6503984332084656,0.6742697358131409
YMR261C,YOL029C,0,-0.39731956,0.08831484615802765,0.6503984332084656,0.674369752407074
YGR203W,YMR130W,1,-0.39743194,0.08843813091516495,0.6513944268226624,0.674369752407074
YPL179W,YIR026C,1,-0.39747274,0.08856138586997986,0.6523904204368591,0.674369752407074
YDR189W,YBR109C,0,-0.3976198,0.0885494127869606,0.6523904204368591,0.6744697690010071
YBR034C,YHL015W,0,-0.3976221,0.08853743970394135,0.6523904204368591,0.674569845199585
YNL250W,YDR075W,0,-0.39764488,0.08852547407150269,0.6523904204368591,0.6746698617935181
YNL059C,YFL011W,0,-0.39774075,0.08851351588964462,0.6523904204368591,0.6747698783874512
YBR254C,YKL081W,0,-0.39785278,0.08850155025720596,0.6523904204368591,0.674869954586029
YKL016C,YKR096W,0,-0.39785746,0.0884895995259285,0.6523904204368591,0.6749699711799622
YGR097W,YBR272C,0,-0.39791694,0.08847764134407043,0.6523904204368591,0.67507004737854
YIL037C,YKR083C,0,-0.39798,0.08846569061279297,0.6523904204368591,0.6751700639724731
YPL056C,YPR148C,0,-0.39799997,0.0884537473320961,0.6523904204368591,0.6752700805664062
YER056C,YNL036W,0,-0.3980675,0.08844180405139923,0.6523904204368591,0.6753701567649841
YNL221C,YNL288W,0,-0.39820758,0.08842986077070236,0.6523904204368591,0.6754701733589172
YJR132W,YOR260W,0,-0.39823782,0.08841792494058609,0.6523904204368591,0.6755702495574951
YLR193C,YDL154W,0,-0.3983503,0.08840598911046982,0.6523904204368591,0.6756702661514282
YKR053C,YER005W,0,-0.398423,0.08839406073093414,0.6523904204368591,0.6757702827453613
YNL233W,YBR208C,0,-0.39845213,0.08838213235139847,0.6523904204368591,0.6758703589439392
YML102W,YDR395W,0,-0.3984529,0.08837021142244339,0.6523904204368591,0.6759703755378723
YER062C,YOL065C,1,-0.3985062,0.08849319070577621,0.6533864736557007,0.6759703755378723
YIL030C,YER149C,0,-0.398528,0.08848125487565994,0.6533864736557007,0.6760704517364502
YDL003W,YJL197W,0,-0.39865598,0.08846931904554367,0.6533864736557007,0.6761704683303833
YOR191W,YBR301W,0,-0.39870915,0.088457390666008,0.6533864736557007,0.6762704849243164
YIL153W,YKL196C,0,-0.39880198,0.08844546228647232,0.6533864736557007,0.6763705611228943
YOR207C,YDR176W,0,-0.39891127,0.08843354135751724,0.6533864736557007,0.6764705777168274
YDR039C,YBR180W,0,-0.39893374,0.08842162042856216,0.6533864736557007,0.6765706539154053
YER031C,YJR035W,0,-0.39901665,0.08840970695018768,0.6533864736557007,0.6766706705093384
YGL076C,YLR451W,0,-0.3990556,0.0883977934718132,0.6533864736557007,0.6767706871032715
YOL012C,YDL076C,0,-0.39912087,0.08838587999343872,0.6533864736557007,0.6768707633018494
YOR380W,YKR100C,0,-0.3992063,0.08837397396564484,0.6533864736557007,0.6769707798957825
YLR037C,YDR200C,0,-0.39922488,0.08836206793785095,0.6533864736557007,0.6770708560943604
YNL036W,YCL054W,0,-0.39927158,0.08835016936063766,0.6533864736557007,0.6771708726882935
YDR436W,YBL056W,1,-0.39930323,0.08847293257713318,0.6543824672698975,0.6771708726882935
YDR490C,YCR105W,0,-0.39932418,0.0884610190987587,0.6543824672698975,0.6772708892822266
YGL107C,YKL087C,0,-0.39940727,0.08844911307096481,0.6543824672698975,0.6773709654808044
YDR435C,YOR258W,0,-0.39950094,0.08843720704317093,0.6543824672698975,0.6774709820747375
YML031W,YBL025W,0,-0.39967546,0.08842530101537704,0.6543824672698975,0.6775709986686707
YIL130W,YOR341W,0,-0.39984205,0.08841340243816376,0.6543824672698975,0.6776710748672485
YIL019W,YBL100W-B,0,-0.39984593,0.08840150386095047,0.6543824672698975,0.6777710914611816
YPL130W,YDL018C,0,-0.39993957,0.08838961273431778,0.6543824672698975,0.6778711676597595
YPL175W,YLR001C,0,-0.39996117,0.08837772160768509,0.6543824672698975,0.6779711842536926
YOR264W,YMR050C,0,-0.4000071,0.088365837931633,0.6543824672698975,0.6780712008476257
YGL171W,YML055W,0,-0.40002078,0.0883539542555809,0.6543824672698975,0.6781712770462036
YKL152C,YIL113W,1,-0.40002683,0.08847653865814209,0.6553784608840942,0.6781712770462036
YLL024C,YLR052W,0,-0.40004036,0.0884646400809288,0.6553784608840942,0.6782712936401367
YKL014C,YDR021W,0,-0.40006205,0.08845274895429611,0.6553784608840942,0.6783713698387146
YER063W,YPR086W,0,-0.40016076,0.08844085782766342,0.6553784608840942,0.6784713864326477
YOR253W,YOR254C,0,-0.40016642,0.08842897415161133,0.6553784608840942,0.6785714030265808
YOR090C,YPR141C,0,-0.40021276,0.08841709047555923,0.6553784608840942,0.6786714792251587
YLR293C,YGL127C,0,-0.4002237,0.08840521425008774,0.6553784608840942,0.6787714958190918
YGL189C,YOR002W,0,-0.40028837,0.08839333802461624,0.6553784608840942,0.6788715720176697
YNL103W,YHR194W,0,-0.40029934,0.08838146179914474,0.6553784608840942,0.6789715886116028
YPR128C,YOR359W,0,-0.40034977,0.08836959302425385,0.6553784608840942,0.6790716052055359
YFL049W,YLR056W,0,-0.40037152,0.08835772424936295,0.6553784608840942,0.6791716814041138
YDR145W,YJL013C,0,-0.4004268,0.08834586292505264,0.6553784608840942,0.6792716979980469
YDR023W,YKL058W,0,-0.40045676,0.08833400160074234,0.6553784608840942,0.6793717741966248
YKL149C,YCR031C,0,-0.40046144,0.08832214772701263,0.6553784608840942,0.6794717907905579
YDR127W,YLR417W,0,-0.40051106,0.08831029385328293,0.6553784608840942,0.679571807384491
YHR214W,YKL060C,0,-0.40055886,0.08829843997955322,0.6553784608840942,0.6796718835830688
YJR118C,YMR131C,0,-0.40056986,0.08828659355640411,0.6553784608840942,0.679771900177002
YPL171C,YCR063W,0,-0.40066263,0.0882747545838356,0.6553784608840942,0.6798719763755798
YJL186W,YLR337C,0,-0.40067688,0.08826290816068649,0.6553784608840942,0.6799719929695129
YER033C,YLL018C-A,0,-0.4008194,0.08825107663869858,0.6553784608840942,0.680072009563446
YJR110W,YMR261C,1,-0.40090775,0.0883733406662941,0.6563745141029358,0.680072009563446
YHR103W,YGR122W,0,-0.4009102,0.08836149424314499,0.6563745141029358,0.6801720857620239
YKR053C,YMR180C,1,-0.40091926,0.08848371356725693,0.6573705077171326,0.6801720857620239
YDR308C,YOR330C,0,-0.40104342,0.08847185224294662,0.6573705077171326,0.680272102355957
YGL061C,YPL175W,0,-0.40107447,0.08845999091863632,0.6573705077171326,0.6803721785545349
YBR276C,YGL224C,1,-0.40112588,0.08858215063810349,0.6583665609359741,0.6803721785545349
YDL236W,YHR046C,1,-0.4011397,0.08870427310466766,0.6593625545501709,0.6803721785545349
YPL115C,YER149C,0,-0.4011815,0.08869238942861557,0.6593625545501709,0.680472195148468
YPL013C,YHR150W,0,-0.4012051,0.08868050575256348,0.6593625545501709,0.6805722117424011
YLL018C,YPL233W,0,-0.4012174,0.08866862952709198,0.6593625545501709,0.680672287940979
YGL073W,YLR200W,0,-0.4014333,0.08865675330162048,0.6593625545501709,0.6807723045349121
YPL116W,YLR337C,0,-0.40147915,0.08864488452672958,0.6593625545501709,0.6808723211288452
YDR412W,YDR301W,0,-0.40160242,0.08863301575183868,0.6593625545501709,0.6809723973274231
YPR120C,YGL198W,0,-0.40162903,0.08862115442752838,0.6593625545501709,0.6810724139213562
YAL059W,YCL001W,0,-0.40164992,0.08860928565263748,0.6593625545501709,0.6811724901199341
YML011C,YGL238W,0,-0.40166378,0.08859743177890778,0.6593625545501709,0.6812725067138672
YDR098C,YML076C,0,-0.4016781,0.08858557790517807,0.6593625545501709,0.6813725233078003
YDR300C,YIL173W,0,-0.4017971,0.08857372403144836,0.6593625545501709,0.6814725995063782
YLL016W,YPL179W,0,-0.4018483,0.08856187015771866,0.6593625545501709,0.6815726161003113
YLR426W,YOL126C,0,-0.40195137,0.08855002373456955,0.6593625545501709,0.6816726922988892
YHR111W,YDR040C,0,-0.40195832,0.08853818476200104,0.6593625545501709,0.6817727088928223
YPL179W,YOR330C,0,-0.4019721,0.08852634578943253,0.6593625545501709,0.6818727254867554
YDL024C,YNR032W,1,-0.40198007,0.08864821493625641,0.6603585481643677,0.6818727254867554
YOR252W,YJL196C,0,-0.40202034,0.0886363610625267,0.6603585481643677,0.6819728016853333
YPL010W,YNL065W,0,-0.40209004,0.0886245146393776,0.6603585481643677,0.6820728182792664
YDR178W,YBR034C,0,-0.40214315,0.08861266821622849,0.6603585481643677,0.6821728944778442
YER093C,YKL005C,0,-0.40220556,0.08860082924365997,0.6603585481643677,0.6822729110717773
YLR315W,YKR085C,0,-0.40222788,0.08858899027109146,0.6603585481643677,0.6823729276657104
YFR047C,YGR174C,0,-0.4024283,0.08857715129852295,0.6603585481643677,0.6824730038642883
YIL036W,YKL138C,0,-0.40250045,0.08856531977653503,0.6603585481643677,0.6825730204582214
YCR016W,YGL129C,0,-0.40250698,0.08855349570512772,0.6603585481643677,0.6826730966567993
YDR213W,YNL216W,0,-0.40267617,0.0885416641831398,0.6603585481643677,0.6827731132507324
YOR019W,YOR060C,0,-0.40272006,0.08852984011173248,0.6603585481643677,0.6828731298446655
YLR102C,YKR085C,0,-0.40282783,0.08851802349090576,0.6603585481643677,0.6829732060432434
YKL069W,YEL024W,0,-0.4028286,0.08850620687007904,0.6603585481643677,0.6830732226371765
YBR146W,YKL196C,0,-0.40286073,0.08849439769983292,0.6603585481643677,0.6831732988357544
YNL243W,YCR038C,0,-0.40289888,0.0884825810790062,0.6603585481643677,0.6832733154296875
YNL161W,YPL010W,0,-0.40298384,0.08847077935934067,0.6603585481643677,0.6833733320236206
YHR142W,YJL003W,0,-0.40300792,0.08845897018909454,0.6603585481643677,0.6834734082221985
YPL133C,YBR254C,0,-0.4030203,0.08844716846942902,0.6603585481643677,0.6835734248161316
YDR386W,YKR099W,0,-0.4030335,0.08843537420034409,0.6603585481643677,0.6836734414100647
YIL005W,YDR057W,0,-0.40314302,0.08842357993125916,0.6603585481643677,0.6837735176086426
YOR027W,YDL018C,0,-0.4031772,0.08841178566217422,0.6603585481643677,0.6838735342025757
YML031W,YHL035C,0,-0.4032424,0.08839999884366989,0.6603585481643677,0.6839736104011536
YFL056C,YBL008W,0,-0.40327415,0.08838821202516556,0.6603585481643677,0.6840736269950867
YDL188C,YMR087W,1,-0.4033185,0.08850973099470139,0.6613546013832092,0.6840736269950867
YKR093W,YKR099W,0,-0.40336165,0.08849793672561646,0.6613546013832092,0.6841736435890198
YGR004W,YGR208W,0,-0.40343747,0.08848614245653152,0.6613546013832092,0.6842737197875977
YIL075C,YPL056C,0,-0.40357715,0.0884743481874466,0.6613546013832092,0.6843737363815308
YKL191W,YFR040W,0,-0.40364042,0.08846256136894226,0.6613546013832092,0.6844738125801086
YOR177C,YJL057C,0,-0.40365168,0.08845078200101852,0.6613546013832092,0.6845738291740417
YJL208C,YPL178W,0,-0.40371272,0.08843899518251419,0.6613546013832092,0.6846738457679749
YMR055C,YOR330C,0,-0.40374607,0.08842722326517105,0.6613546013832092,0.6847739219665527
YKL138C,YHL015W,0,-0.40375963,0.08841544389724731,0.6613546013832092,0.6848739385604858
YOR258W,YDR464W,0,-0.40378347,0.08840367197990417,0.6613546013832092,0.6849740147590637
YBR069C,YDR381W,0,-0.40379107,0.08839190751314163,0.6613546013832092,0.6850740313529968
YKL039W,YGR094W,0,-0.40380988,0.08838014304637909,0.6613546013832092,0.6851740479469299
YDL235C,YMR072W,0,-0.40386108,0.08836837857961655,0.6613546013832092,0.6852741241455078
YCR091W,YOR271C,0,-0.40387776,0.0883566215634346,0.6613546013832092,0.6853741407394409
YDL145C,YDR273W,0,-0.4039059,0.08834486454725266,0.6613546013832092,0.6854742169380188
YIL087C,YJR054W,0,-0.4039566,0.0883331149816513,0.6613546013832092,0.6855742335319519
YOL009C,YMR002W,0,-0.4039608,0.08832136541604996,0.6613546013832092,0.685674250125885
YFR014C,YJR131W,0,-0.40398413,0.08830961585044861,0.6613546013832092,0.6857743263244629
YCR105W,YOL126C,0,-0.40400225,0.08829787373542786,0.6613546013832092,0.685874342918396
YOR262W,YER072W,0,-0.40405792,0.0882861316204071,0.6613546013832092,0.6859744191169739
YBL080C,YLL066C,0,-0.40415987,0.08827439695596695,0.6613546013832092,0.686074435710907
YOR264W,YGL198W,0,-0.40418312,0.0882626622915268,0.6613546013832092,0.6861744523048401
YOL122C,YDR268W,0,-0.40436646,0.08825092762708664,0.6613546013832092,0.686274528503418
YDR430C,YDR343C,0,-0.40455452,0.08823920041322708,0.6613546013832092,0.6863745450973511
YGR202C,YGL093W,0,-0.40462843,0.08822748064994812,0.6613546013832092,0.6864745616912842
YGL105W,YOR341W,0,-0.40467498,0.08821575343608856,0.6613546013832092,0.6865746378898621
YGL139W,YMR177W,0,-0.40473735,0.0882040411233902,0.6613546013832092,0.6866746544837952
YPL207W,YKL060C,0,-0.4047556,0.08819232136011124,0.6613546013832092,0.686774730682373
YFL056C,YKL006C-A,0,-0.4047612,0.08818060904741287,0.6613546013832092,0.6868747472763062
YDR437W,YAL026C,0,-0.40485823,0.0881689041852951,0.6613546013832092,0.6869747638702393
YAR042W,YDL012C,0,-0.4048912,0.08815719932317734,0.6613546013832092,0.6870748400688171
YOR049C,YHR006W,0,-0.4050353,0.08814549446105957,0.6613546013832092,0.6871748566627502
YLL053C,YBR212W,0,-0.40508774,0.0881337970495224,0.6613546013832092,0.6872749328613281
YFR050C,YML061C,0,-0.40510973,0.08812209963798523,0.6613546013832092,0.6873749494552612
YLR075W,YGR040W,0,-0.4052851,0.08811040222644806,0.6613546013832092,0.6874749660491943
YML098W,YGL195W,0,-0.405318,0.08809871226549149,0.6613546013832092,0.6875750422477722
YHR009C,YOL126C,0,-0.4053255,0.08808702230453491,0.6613546013832092,0.6876750588417053
YGL028C,YBL063W,0,-0.40534738,0.08807533979415894,0.6613546013832092,0.6877751350402832
YOR032C,YPR155C,0,-0.40540674,0.08806365728378296,0.6613546013832092,0.6878751516342163
YER143W,YOR172W,0,-0.40540755,0.08805198222398758,0.6613546013832092,0.6879751682281494
YFL026W,YDL046W,0,-0.40543017,0.0880403071641922,0.6613546013832092,0.6880752444267273
YOR241W,YCR065W,0,-0.40552428,0.08802863210439682,0.6613546013832092,0.6881752610206604
YOR177C,YIL064W,0,-0.40553242,0.08801696449518204,0.6613546013832092,0.6882753372192383
YAL015C,YPR008W,0,-0.40559426,0.08800530433654785,0.6613546013832092,0.6883753538131714
YHR073W,YAL051W,0,-0.40563506,0.08799363672733307,0.6613546013832092,0.6884753704071045
YLR118C,YHR001W-A,0,-0.40568987,0.08798197656869888,0.6613546013832092,0.6885754466056824
YHR111W,YPL097W,0,-0.40570384,0.0879703238606453,0.6613546013832092,0.6886754631996155
YER023W,YPR046W,0,-0.40572834,0.0879586711525917,0.6613546013832092,0.6887755393981934
YGL073W,YIL056W,0,-0.4057782,0.08794701844453812,0.6613546013832092,0.6888755559921265
YMR261C,YFR028C,1,-0.4058694,0.08806780725717545,0.662350594997406,0.6888755559921265
YDR500C,YOR172W,0,-0.4059132,0.08805614709854126,0.662350594997406,0.6889755725860596
YGL025C,YNL190W,0,-0.40600103,0.08804448693990707,0.662350594997406,0.6890756487846375
YPR055W,YPR155C,0,-0.40614375,0.08803282678127289,0.662350594997406,0.6891756653785706
YML067C,YMR205C,0,-0.40614828,0.0880211815237999,0.662350594997406,0.6892756819725037
YDR067C,YOR208W,1,-0.40615803,0.08814187347888947,0.6633465886116028,0.6892756819725037
YDR528W,YNL081C,0,-0.40617725,0.08813021332025528,0.6633465886116028,0.6893757581710815
YGR078C,YHR024C,0,-0.40619454,0.0881185531616211,0.6633465886116028,0.6894757747650146
YMR053C,YHR157W,0,-0.40627548,0.08810689300298691,0.6633465886116028,0.6895758509635925
YPR148C,YDL139C,0,-0.4063327,0.08809524029493332,0.6633465886116028,0.6896758675575256
YBR248C,YHL006C,0,-0.4063379,0.08808358758687973,0.6633465886116028,0.6897758841514587
YKR053C,YAL009W,1,-0.40635332,0.08820417523384094,0.6643426418304443,0.6897758841514587
YCR035C,YOR079C,0,-0.40645826,0.08819251507520676,0.6643426418304443,0.6898759603500366
YDR359C,YER129W,0,-0.40657905,0.08818085491657257,0.6643426418304443,0.6899759769439697
YML067C,YJL012C,0,-0.40657958,0.08816920220851898,0.6643426418304443,0.6900760531425476
YOL122C,YJR120W,0,-0.40662727,0.0881575495004654,0.6643426418304443,0.6901760697364807
YGL243W,YBL063W,0,-0.40671125,0.0881458967924118,0.6643426418304443,0.6902760863304138
YLL031C,YGL195W,0,-0.40677008,0.08813425153493881,0.6643426418304443,0.6903761625289917
YOR267C,YCR021C,0,-0.40683874,0.08812260627746582,0.6643426418304443,0.6904761791229248
YNL041C,YCL001W,0,-0.40685636,0.08811096101999283,0.6643426418304443,0.6905762553215027
YDR361C,YDR407C,0,-0.40687114,0.08809932321310043,0.6643426418304443,0.6906762719154358
YBR119W,YNL118C,0,-0.40694112,0.08808769285678864,0.6643426418304443,0.6907762885093689
YIL068C,YJL035C,0,-0.40697196,0.08807606250047684,0.6643426418304443,0.6908763647079468
YMR261C,YHR024C,0,-0.40698582,0.08806443214416504,0.6643426418304443,0.6909763813018799
YKL006C-A,YHL003C,0,-0.4069886,0.08805280178785324,0.6643426418304443,0.6910764575004578
YLR248W,YDR273W,0,-0.4069907,0.08804118633270264,0.6643426418304443,0.6911764740943909
YKL132C,YDR259C,0,-0.4070144,0.08802956342697144,0.6643426418304443,0.691276490688324
YML023C,YLR315W,0,-0.40705308,0.08801794797182083,0.6643426418304443,0.6913765668869019
YOR252W,YCL001W,0,-0.40709752,0.08800633251667023,0.6643426418304443,0.691476583480835
YEL018W,YFR016C,0,-0.4071752,0.08799472451210022,0.6643426418304443,0.6915766596794128
YML021C,YOR372C,0,-0.40717882,0.08798311650753021,0.6643426418304443,0.691676676273346
YPL171C,YGL126W,0,-0.40737414,0.0879715085029602,0.6643426418304443,0.691776692867279
YPR037C,YHL050C,0,-0.40744397,0.0879599079489708,0.6643426418304443,0.6918767690658569
YPR110C,YLR023C,0,-0.40745878,0.08794831484556198,0.6643426418304443,0.69197678565979
YNL183C,YNR055C,0,-0.4074805,0.08793671429157257,0.6643426418304443,0.6920768022537231
YLR059C,YER005W,0,-0.4075112,0.08792512863874435,0.6643426418304443,0.692176878452301
YKL058W,YGR211W,0,-0.40768364,0.08791353553533554,0.6643426418304443,0.6922768950462341
YDL003W,YDL098C,0,-0.40789992,0.08790194988250732,0.6643426418304443,0.692376971244812
YER129W,YNL066W,0,-0.407915,0.08789036422967911,0.6643426418304443,0.6924769878387451
YMR041C,YBR045C,0,-0.40792134,0.08787878602743149,0.6643426418304443,0.6925770044326782
YBR109C,YDR108W,0,-0.40795594,0.08786720782518387,0.6643426418304443,0.6926770806312561
YPR073C,YDL134C,1,-0.40813348,0.08798735588788986,0.6653386354446411,0.6926770806312561
YOR002W,YFR025C,0,-0.40813377,0.08797577023506165,0.6653386354446411,0.6927770972251892
YMR277W,YIR026C,1,-0.40834442,0.08809586614370346,0.6663346886634827,0.6927770972251892
YDL106C,YOL059W,0,-0.40841624,0.08808426558971405,0.6663346886634827,0.6928771734237671
YLR360W,YLR328W,0,-0.4084331,0.08807267248630524,0.6663346886634827,0.6929771900177002
YJR110W,YML057W,1,-0.40850836,0.08819270879030228,0.6673306822776794,0.6929771900177002
YKL152C,YMR277W,1,-0.40850964,0.08831271529197693,0.6683266758918762,0.6929771900177002
YFR010W,YNL094W,0,-0.40856576,0.08830109238624573,0.6683266758918762,0.6930772066116333
YPL224C,YGL107C,0,-0.40875554,0.08828947693109512,0.6683266758918762,0.6931772828102112
YMR215W,YPR105C,0,-0.4087732,0.08827786147594452,0.6683266758918762,0.6932772994041443
YHR046C,YMR036C,1,-0.40885583,0.0883977934718132,0.6693227291107178,0.6932772994041443
YDR145W,YDL220C,0,-0.4088619,0.0883861631155014,0.6693227291107178,0.6933773756027222
YBR272C,YEL051W,0,-0.40889522,0.0883745402097702,0.6693227291107178,0.6934773921966553
YKR088C,YBR212W,0,-0.40892315,0.088362917304039,0.6693227291107178,0.6935774087905884
YJR042W,YPR174C,0,-0.40903303,0.0883513018488884,0.6693227291107178,0.6936774849891663
YER129W,YDR087C,0,-0.40903845,0.08833968639373779,0.6693227291107178,0.6937775015830994
YOR065W,YKR031C,0,-0.40908656,0.08832807838916779,0.6693227291107178,0.6938775777816772
YDR438W,YCR063W,0,-0.40908727,0.08831647038459778,0.6693227291107178,0.6939775943756104
YLR315W,YHL015W,0,-0.40910026,0.08830486238002777,0.6693227291107178,0.6940776109695435
YNL167C,YML127W,0,-0.40914938,0.08829326182603836,0.6693227291107178,0.6941776871681213
YOL121C,YNR024W,0,-0.40916786,0.08828166127204895,0.6693227291107178,0.6942777037620544
YOR045W,YKL099C,0,-0.40923947,0.08827006071805954,0.6693227291107178,0.6943777799606323
YGL053W,YGL151W,0,-0.40929407,0.08825846761465073,0.6693227291107178,0.6944777965545654
YKL002W,YGR260W,0,-0.40931484,0.08824688196182251,0.6693227291107178,0.6945778131484985
YKL069W,YJR041C,0,-0.40932503,0.0882352963089943,0.6693227291107178,0.6946778893470764
YLL006W,YLR067C,0,-0.4094096,0.08822371065616608,0.6693227291107178,0.6947779059410095
YKR085C,YHL003C,0,-0.40946692,0.08821213245391846,0.6693227291107178,0.6948779225349426
YPR120C,YGR142W,0,-0.4095591,0.08820055425167084,0.6693227291107178,0.6949779987335205
YBR276C,YER062C,1,-0.40965393,0.08832021057605743,0.6703187227249146,0.6949779987335205
YGL192W,YBL072C,0,-0.40967634,0.08830861747264862,0.6703187227249146,0.6950780153274536
YBR114W,YJL208C,0,-0.40970328,0.0882970318198204,0.6703187227249146,0.6951780915260315
YBR069C,YPR174C,0,-0.4097471,0.08828545361757278,0.6703187227249146,0.6952781081199646
YOL032W,YNR055C,0,-0.40975192,0.08827387541532516,0.6703187227249146,0.6953781247138977
YGR203W,YDR287W,1,-0.40979698,0.0883934423327446,0.6713147163391113,0.6953781247138977
YHR154W,YKL129C,0,-0.40982744,0.08838184922933578,0.6713147163391113,0.6954782009124756
YPL198W,YGL016W,0,-0.40988287,0.08837026357650757,0.6713147163391113,0.6955782175064087
YNL031C,YPL063W,0,-0.40988323,0.08835867792367935,0.6713147163391113,0.6956782937049866
YOL042W,YMR207C,0,-0.409889,0.08834709972143173,0.6713147163391113,0.6957783102989197
YPR133C,YFR053C,0,-0.40999702,0.08833551406860352,0.6713147163391113,0.6958783268928528
YKL191W,YIL013C,0,-0.41000375,0.08832394331693649,0.6713147163391113,0.6959784030914307
YKL069W,YJL179W,0,-0.41011515,0.08831237256526947,0.6713147163391113,0.6960784196853638
YFR050C,YKR083C,0,-0.41020134,0.08830080181360245,0.6713147163391113,0.6961784958839417
YKL033W,YPL061W,0,-0.41024345,0.08828923106193542,0.6713147163391113,0.6962785124778748
YKR064W,YGR260W,0,-0.41026556,0.088277667760849,0.6713147163391113,0.6963785290718079
YHR185C,YHL050C,0,-0.4103332,0.08826610445976257,0.6713147163391113,0.6964786052703857
YFR016C,YGL240W,0,-0.41036096,0.08825454860925674,0.6713147163391113,0.6965786218643188
YEL018W,YEL027W,0,-0.41041222,0.08824299275875092,0.6713147163391113,0.6966786980628967
YLR426W,YBR272C,0,-0.41057423,0.08823144435882568,0.6713147163391113,0.6967787146568298
YMR234W,YBL091C,0,-0.41058004,0.08821989595890045,0.6713147163391113,0.6968787312507629
YML081W,YIL011W,0,-0.41058567,0.08820834755897522,0.6713147163391113,0.6969788074493408
YLR333C,YPL097W,0,-0.41059622,0.08819680660963058,0.6713147163391113,0.6970788240432739
YKL069W,YNL055C,0,-0.41061887,0.08818526566028595,0.6713147163391113,0.6971789002418518
YNL222W,YLR433C,1,-0.41062906,0.0883045494556427,0.6723107695579529,0.6971789002418518
YPR128C,YIL008W,0,-0.41065535,0.08829300105571747,0.6723107695579529,0.6972789168357849
YCR031C,YBL013W,0,-0.4107696,0.08828145265579224,0.6723107695579529,0.697378933429718
YGR024C,YOR272W,0,-0.41084465,0.0882699117064476,0.6723107695579529,0.6974790096282959
YDR098C,YEL024W,0,-0.4108893,0.08825837075710297,0.6723107695579529,0.697579026222229
YLR432W,YNL076W,0,-0.41099048,0.08824682980775833,0.6723107695579529,0.6976790428161621
YOR156C,YDR437W,0,-0.411261,0.0882352963089943,0.6723107695579529,0.69777911901474
YKL026C,YER177W,0,-0.41126183,0.08822376281023026,0.6723107695579529,0.6978791356086731
YBR248C,YER159C,0,-0.41133794,0.08821222931146622,0.6723107695579529,0.697979211807251
YKL134C,YNL118C,0,-0.41135257,0.08820070326328278,0.6723107695579529,0.6980792284011841
YMR220W,YNR071C,0,-0.41136178,0.08818918466567993,0.6723107695579529,0.6981792449951172
YDL135C,YHR158C,0,-0.41136342,0.08817765861749649,0.6723107695579529,0.6982793211936951
YBL035C,YDR261C,0,-0.41139048,0.08816614747047424,0.6723107695579529,0.6983793377876282
YGR235C,YCL029C,0,-0.41140124,0.0881546288728714,0.6723107695579529,0.698479413986206
YJL110C,YDR256C,0,-0.41143155,0.08814311772584915,0.6723107695579529,0.6985794305801392
YDR381W,YNL247W,0,-0.41149494,0.0881316065788269,0.6723107695579529,0.6986794471740723
YBR093C,YOR109W,1,-0.41149998,0.08825065195560455,0.6733067631721497,0.6986794471740723
YGR212W,YLR258W,0,-0.4115164,0.08823913335800171,0.6733067631721497,0.6987795233726501
YPR199C,YDR200C,0,-0.41152006,0.08822761476039886,0.6733067631721497,0.6988795399665833
YLR102C,YOR019W,0,-0.4115291,0.08821610361337662,0.6733067631721497,0.6989796161651611
YJR073C,YKL048C,0,-0.41155103,0.08820459246635437,0.6733067631721497,0.6990796327590942
YMR243C,YBR028C,0,-0.41155714,0.08819308876991272,0.6733067631721497,0.6991796493530273
YHR154W,YNR033W,0,-0.4116082,0.08818157762289047,0.6733067631721497,0.6992797255516052
YFR031C-A,YDR407C,0,-0.41173598,0.08817008137702942,0.6733067631721497,0.6993797421455383
YBR022W,YCR079W,1,-0.4117742,0.08828899264335632,0.6743028163909912,0.6993797421455383
YER040W,YMR040W,0,-0.41184366,0.08827748149633408,0.6743028163909912,0.6994798183441162
YOR090C,YOL065C,1,-0.411845,0.0883963480591774,0.675298810005188,0.6994798183441162
YOR192C,YNL142W,0,-0.41185668,0.08838482946157455,0.675298810005188,0.6995798349380493
YOR004W,YLR189C,0,-0.41187394,0.08837330341339111,0.675298810005188,0.6996798515319824
YBR043C,YBR180W,0,-0.4120275,0.08836178481578827,0.675298810005188,0.6997799277305603
YPL176C,YML061C,0,-0.41209534,0.08835027366876602,0.675298810005188,0.6998799443244934
YEL048C,YAL026C,0,-0.41210407,0.08833876252174377,0.675298810005188,0.6999800205230713
YBR022W,YDR287W,1,-0.4121051,0.08845753222703934,0.6762948036193848,0.6999800205230713
YHL028W,YJR048W,0,-0.41227442,0.0884460061788559,0.6762948036193848,0.7000800371170044
YDR399W,YKL063C,0,-0.41229364,0.08843448758125305,0.6762948036193848,0.7001800537109375
YBL008W,YDR412W,0,-0.4124135,0.08842296898365021,0.6762948036193848,0.7002801299095154
YNL137C,YPL221W,0,-0.41252616,0.08841145783662796,0.6762948036193848,0.7003801465034485
YIL030C,YPL145C,0,-0.41256377,0.08839994668960571,0.6762948036193848,0.7004801630973816
YDR256C,YHR122W,0,-0.41258615,0.08838844299316406,0.6762948036193848,0.7005802392959595
YDR091C,YLR411W,0,-0.41261634,0.08837693929672241,0.6762948036193848,0.7006802558898926
YGR178C,YJL212C,0,-0.41264895,0.08836543560028076,0.6762948036193848,0.7007803320884705
YPR008W,YOR383C,0,-0.41268483,0.08835393935441971,0.6762948036193848,0.7008803486824036
YBR054W,YNL063W,0,-0.41270575,0.08834244310855865,0.6762948036193848,0.7009803652763367
YOL032W,YLR019W,0,-0.41283897,0.0883309468626976,0.6762948036193848,0.7010804414749146
YDL230W,YNL041C,0,-0.41285726,0.08831945806741714,0.6762948036193848,0.7011804580688477
YLR433C,YLL010C,1,-0.4128799,0.08843802660703659,0.6772908568382263,0.7011804580688477
YDR422C,YBR023C,0,-0.4129004,0.08842653036117554,0.6772908568382263,0.7012805342674255
YCR107W,YHR114W,0,-0.41290924,0.08841503411531448,0.6772908568382263,0.7013805508613586
YPL126W,YGR120C,0,-0.41294363,0.08840353786945343,0.6772908568382263,0.7014805674552917
YOR014W,YDL134C,1,-0.4129685,0.0885220319032669,0.6782868504524231,0.7014805674552917
YOR320C,YGR283C,0,-0.41305318,0.08851052820682526,0.6782868504524231,0.7015806436538696
YNL145W,YNL246W,0,-0.41350624,0.0884990245103836,0.6782868504524231,0.7016806602478027
YGL098W,YBL007C,0,-0.4136462,0.08848752826452255,0.6782868504524231,0.7017807364463806
YFR047C,YIL137C,0,-0.41365746,0.0884760320186615,0.6782868504524231,0.7018807530403137
YBR125C,YDL047W,1,-0.41387537,0.08859443664550781,0.6792828440666199,0.7018807530403137
YLR234W,YKL063C,0,-0.41394028,0.08858293294906616,0.6792828440666199,0.7019807696342468
YPL061W,YDL012C,0,-0.41398475,0.08857142925262451,0.6792828440666199,0.7020808458328247
YDR367W,YNR038W,0,-0.4140002,0.08855992555618286,0.6792828440666199,0.7021808624267578
YHR185C,YOR358W,0,-0.4140375,0.08854842931032181,0.6792828440666199,0.7022809386253357
YOL069W,YCL044C,0,-0.41407177,0.08853693306446075,0.6792828440666199,0.7023809552192688
YGR203W,YJL155C,1,-0.4141464,0.08865524083375931,0.6802788972854614,0.7023809552192688
YCL017C,YDR204W,0,-0.41419226,0.08864373713731766,0.6802788972854614,0.7024809718132019
YCL051W,YHR142W,0,-0.41422817,0.08863223344087601,0.6802788972854614,0.7025810480117798
YAL002W,YGR208W,0,-0.4142882,0.08862073719501495,0.6802788972854614,0.7026810646057129
YLL016W,YPL253C,0,-0.41429874,0.0886092334985733,0.6802788972854614,0.7027811408042908
YDR300C,YBR301W,0,-0.41432756,0.08859774470329285,0.6802788972854614,0.7028811573982239
YLL067C,YPL010W,0,-0.41439182,0.0885862484574318,0.6802788972854614,0.702981173992157
YLR019W,YML057W,1,-0.4144098,0.08870444446802139,0.6812748908996582,0.702981173992157
YBR092C,YBR022W,1,-0.41457364,0.0888226106762886,0.6822709441184998,0.702981173992157
YGR203W,YDL006W,1,-0.4145847,0.08894074708223343,0.6832669377326965,0.702981173992157
YHL028W,YKL197C,0,-0.41459793,0.08892922103404999,0.6832669377326965,0.7030812501907349
YLR058C,YDR246W,0,-0.41475755,0.08891769498586655,0.6832669377326965,0.703181266784668
YHR001W-A,YMR322C,0,-0.4148594,0.0889061689376831,0.6832669377326965,0.7032812833786011
YMR234W,YDR545W,0,-0.4149877,0.08889465034008026,0.6832669377326965,0.703381359577179
YDL230W,YDL006W,1,-0.41504756,0.08901269733905792,0.6842629313468933,0.703381359577179
YKR078W,YER100W,0,-0.41518143,0.08900116384029388,0.6842629313468933,0.7034813761711121
YJL013C,YGR057C,0,-0.41521177,0.08898963779211044,0.6842629313468933,0.7035814523696899
YBR114W,YBL100W-B,0,-0.4152225,0.088978111743927,0.6842629313468933,0.703681468963623
YDR111C,YNL194C,0,-0.4152526,0.08896658569574356,0.6842629313468933,0.7037814855575562
YDR463W,YGR003W,0,-0.4153719,0.08895506709814072,0.6842629313468933,0.703881561756134
YLR118C,YBR065C,0,-0.41540033,0.08894355595111847,0.6842629313468933,0.7039815783500671
YBR130C,YPL178W,0,-0.41560104,0.08893203735351562,0.6842629313468933,0.704081654548645
YNL222W,YLR410W,1,-0.41563803,0.08904995769262314,0.6852589845657349,0.704081654548645
YJL134W,YDL047W,1,-0.4157025,0.08916785567998886,0.6862549781799316,0.704081654548645
YLL014W,YPL117C,0,-0.4157494,0.08915631473064423,0.6862549781799316,0.7041816711425781
YLR181C,YBR034C,0,-0.41587836,0.08914478123188019,0.6862549781799316,0.7042816877365112
YIL038C,YKL043W,0,-0.41595837,0.08913324773311615,0.6862549781799316,0.7043817639350891
YMR275C,YPR148C,0,-0.41605076,0.08912171423435211,0.6862549781799316,0.7044817805290222
YNL251C,YKL060C,0,-0.41626444,0.08911018818616867,0.6862549781799316,0.7045818567276001
YOR319W,YPR169W,0,-0.41642493,0.08909866958856583,0.6862549781799316,0.7046818733215332
YER033C,YFR050C,0,-0.41643262,0.08908715099096298,0.6862549781799316,0.7047818899154663
YPL183C,YGL192W,0,-0.41647583,0.08907563239336014,0.6862549781799316,0.7048819661140442
YNL055C,YGL049C,0,-0.41648647,0.0890641137957573,0.6862549781799316,0.7049819827079773
YLR442C,YBL091C,0,-0.41659272,0.08905260264873505,0.6862549781799316,0.7050820589065552
YCL051W,YDR515W,0,-0.41659427,0.0890410989522934,0.6862549781799316,0.7051820755004883
YLR223C,YDL046W,0,-0.416657,0.08902958780527115,0.6862549781799316,0.7052820920944214
YBL087C,YMR055C,0,-0.41665792,0.0890180915594101,0.6862549781799316,0.7053821682929993
YKL014C,YLR004C,0,-0.41668314,0.08900658786296844,0.6862549781799316,0.7054821848869324
YNL250W,YIL118W,0,-0.4168457,0.08899509161710739,0.6862549781799316,0.7055822610855103
YHR033W,YLR409C,0,-0.41693565,0.08898359537124634,0.6862549781799316,0.7056822776794434
YIL113W,YJR110W,1,-0.4169539,0.08910124003887177,0.6872509717941284,0.7056822776794434
YCL064C,YGL195W,0,-0.4169716,0.08908973634243011,0.6872509717941284,0.7057822942733765
YMR118C,YNR053C,0,-0.41699412,0.08907823264598846,0.6872509717941284,0.7058823704719543
YOR109W,YMR036C,1,-0.41705975,0.08919581770896912,0.68824702501297,0.7058823704719543
YJR110W,YHR076W,1,-0.4170661,0.08931337296962738,0.6892430186271667,0.7058823704719543
YDL018C,YCR106W,0,-0.41712442,0.08930184692144394,0.6892430186271667,0.7059823870658875
YOR049C,YER014W,0,-0.41716987,0.0892903208732605,0.6892430186271667,0.7060824036598206
YLR200W,YHR157W,0,-0.4171742,0.08927880227565765,0.6892430186271667,0.7061824798583984
YGL092W,YLR060W,0,-0.41718638,0.08926728367805481,0.6892430186271667,0.7062824964523315
YMR192W,YNL183C,0,-0.41726872,0.08925577253103256,0.6892430186271667,0.7063825726509094
YOR262W,YBR109C,0,-0.4173093,0.08924426138401031,0.6892430186271667,0.7064825892448425
YPR169W,YNL068C,0,-0.41734475,0.08923275023698807,0.6892430186271667,0.7065826058387756
YOR334W,YNL065W,0,-0.4174076,0.08922124654054642,0.6892430186271667,0.7066826820373535
YHR108W,YKL150W,0,-0.4174425,0.08920974284410477,0.6892430186271667,0.7067826986312866
YNL063W,YER015W,0,-0.41746125,0.08919824659824371,0.6892430186271667,0.7068827748298645
YGR254W,YKL099C,0,-0.4175895,0.08918675035238266,0.6892430186271667,0.7069827914237976
YDR150W,YAL059W,0,-0.41763583,0.0891752541065216,0.6892430186271667,0.7070828080177307
YMR195W,YCR038C,0,-0.41771075,0.08916376531124115,0.6892430186271667,0.7071828842163086
YCR044C,YMR002W,0,-0.41774926,0.08915228396654129,0.6892430186271667,0.7072829008102417
YJL167W,YPL135W,0,-0.41775963,0.08914079517126083,0.6892430186271667,0.7073829770088196
YKL110C,YMR195W,0,-0.41790548,0.08912931382656097,0.6892430186271667,0.7074829936027527
YKL110C,YMR040W,0,-0.4181002,0.08911783993244171,0.6892430186271667,0.7075830101966858
YKL141W,YOR253W,0,-0.41812348,0.08910635858774185,0.6892430186271667,0.7076830863952637
YDR145W,YDR463W,0,-0.41818723,0.08909489214420319,0.6892430186271667,0.7077831029891968
YKL138C,YMR131C,0,-0.4183237,0.08908341825008392,0.6892430186271667,0.7078831791877747
YOR330C,YHL021C,0,-0.41838932,0.08907195180654526,0.6892430186271667,0.7079831957817078
YDL240W,YLR004C,0,-0.41842583,0.08906048536300659,0.6892430186271667,0.7080832123756409
YPR180W,YLL057C,0,-0.4184803,0.08904902637004852,0.6892430186271667,0.7081832885742188
YOR192C,YDL220C,0,-0.41851833,0.08903756737709045,0.6892430186271667,0.7082833051681519
YGR266W,YJR052W,0,-0.41856053,0.08902611583471298,0.6892430186271667,0.7083833813667297
YDR471W,YPL049C,0,-0.41863164,0.08901466429233551,0.6892430186271667,0.7084833979606628
YDR067C,YPL179W,1,-0.4186396,0.08913183212280273,0.6902390718460083,0.7084833979606628
YNL263C,YDR361C,0,-0.41870448,0.08912037312984467,0.6902390718460083,0.708583414554596
YBR091C,YDR309C,0,-0.41875514,0.0891089141368866,0.6902390718460083,0.7086834907531738
YLR220W,YJL035C,0,-0.41882378,0.08909745514392853,0.6902390718460083,0.7087835073471069
YPL056C,YDR105C,0,-0.41897625,0.08908600360155106,0.6902390718460083,0.70888352394104
YHR046C,YDL134C,1,-0.41901228,0.08920308202505112,0.6912350654602051,0.70888352394104
YDL091C,YDR005C,0,-0.41906404,0.08919162303209305,0.6912350654602051,0.7089836001396179
YBR038W,YER044C-A,0,-0.41913435,0.08918015658855438,0.6912350654602051,0.709083616733551
YOR016C,YEL027W,0,-0.419237,0.08916869759559631,0.6912350654602051,0.7091836929321289
YOR129C,YMR195W,0,-0.41925326,0.08915724605321884,0.6912350654602051,0.709283709526062
YDR545W,YOR101W,0,-0.41927716,0.08914579451084137,0.6912350654602051,0.7093837261199951
YMR041C,YPL063W,0,-0.41929278,0.0891343429684639,0.6912350654602051,0.709483802318573
YGR060W,YGL238W,0,-0.41954368,0.08912289887666702,0.6912350654602051,0.7095838189125061
YML101C,YGL226W,0,-0.41960767,0.08911145478487015,0.6912350654602051,0.709683895111084
YIL137C,YLR249W,0,-0.41989598,0.08910001069307327,0.6912350654602051,0.7097839117050171
YDR325W,YCR005C,0,-0.42001155,0.089088574051857,0.6912350654602051,0.7098839282989502
YDR227W,YDR080W,0,-0.42028052,0.08907713741064072,0.6912350654602051,0.7099840044975281
YDL160C,YCR044C,0,-0.4203129,0.08906570822000504,0.6912350654602051,0.7100840210914612
YDL189W,YGR211W,0,-0.4203178,0.08905427902936935,0.6912350654602051,0.7101840972900391
YGR170W,YER032W,0,-0.42031962,0.08904284983873367,0.6912350654602051,0.7102841138839722
YBR279W,YNL164C,0,-0.42043987,0.08903142809867859,0.6912350654602051,0.7103841304779053
YMR234W,YGL111W,0,-0.42049047,0.0890200138092041,0.6912350654602051,0.7104842066764832
YGL115W,YDL117W,0,-0.4204979,0.08900859206914902,0.6912350654602051,0.7105842232704163
YGR123C,YGR208W,1,-0.42049944,0.08912541717290878,0.6922310590744019,0.7105842232704163
YLR345W,YBR022W,1,-0.42051473,0.08924221247434616,0.6932271122932434,0.7105842232704163
YOL061W,YDR303C,0,-0.4205304,0.08923076838254929,0.6932271122932434,0.7106842994689941
YHR201C,YKL134C,0,-0.4205418,0.08921933174133301,0.6932271122932434,0.7107843160629272
YMR180C,YHR046C,1,-0.4205425,0.08933606743812561,0.6942231059074402,0.7107843160629272
YBR130C,YLL018C,0,-0.420552,0.08932461589574814,0.6942231059074402,0.7108843326568604
YOR241W,YJL058C,0,-0.42073396,0.08931317180395126,0.6942231059074402,0.7109844088554382
YML098W,YDR350C,0,-0.42073867,0.08930172771215439,0.6942231059074402,0.7110844254493713
YBL013W,YBR016W,0,-0.42093703,0.08929029107093811,0.6942231059074402,0.7111845016479492
YDR201W,YIL119C,0,-0.42103654,0.08927885442972183,0.6942231059074402,0.7112845182418823
YIL007C,YDR350C,0,-0.42105845,0.08926741778850555,0.6942231059074402,0.7113845348358154
YIL119C,YOL061W,0,-0.42116317,0.08925598859786987,0.6942231059074402,0.7114846110343933
YJL059W,YLR017W,0,-0.42118585,0.08924455940723419,0.6942231059074402,0.7115846276283264
YIL064W,YPR141C,0,-0.42122033,0.08923313021659851,0.6942231059074402,0.7116846442222595
YKL014C,YBR119W,0,-0.42133257,0.08922170847654343,0.6942231059074402,0.7117847204208374
YJL054W,YLR056W,0,-0.42134187,0.08921029418706894,0.6942231059074402,0.7118847370147705
YKR089C,YOR247W,0,-0.42135832,0.08919887244701385,0.6942231059074402,0.7119848132133484
YOR117W,YKL150W,0,-0.42151058,0.08918745815753937,0.6942231059074402,0.7120848298072815
YIL013C,YGL192W,0,-0.42155084,0.08917605131864548,0.6942231059074402,0.7121848464012146
YHR035W,YLR347C,0,-0.42156214,0.08916464447975159,0.6942231059074402,0.7122849225997925
YLR239C,YER038C,0,-0.4215888,0.0891532376408577,0.6942231059074402,0.7123849391937256
YCL016C,YKL114C,0,-0.42159453,0.0891418308019638,0.6942231059074402,0.7124850153923035
YJL167W,YNL036W,0,-0.42161784,0.08913043141365051,0.6942231059074402,0.7125850319862366
YLR006C,YOR357C,0,-0.42166546,0.08911903947591782,0.6942231059074402,0.7126850485801697
YLR196W,YJR096W,0,-0.4217491,0.08910764753818512,0.6942231059074402,0.7127851247787476
YDR422C,YAR042W,0,-0.42203894,0.08909625560045242,0.6942231059074402,0.7128851413726807
YBL038W,YFR034C,0,-0.42205498,0.08908486366271973,0.6942231059074402,0.7129852175712585
YPL225W,YDR257C,0,-0.42223102,0.08907347917556763,0.6942231059074402,0.7130852341651917
YDR145W,YHL015W,0,-0.42223564,0.08906210213899612,0.6942231059074402,0.7131852507591248
YBR029C,YFR040W,0,-0.4223235,0.08905072510242462,0.6942231059074402,0.7132853269577026
YAL026C,YDR005C,0,-0.42236432,0.08903934806585312,0.6942231059074402,0.7133853435516357
YMR165C,YML057W,1,-0.42238078,0.08915570378303528,0.695219099521637,0.7133853435516357
YPL105C,YGR208W,0,-0.42250893,0.08914431929588318,0.695219099521637,0.7134854197502136
YER014W,YML004C,0,-0.42255145,0.08913293480873108,0.695219099521637,0.7135854363441467
YIL098C,YER015W,0,-0.4225846,0.08912155032157898,0.695219099521637,0.7136854529380798
YNL214W,YKL054C,0,-0.4226677,0.08911017328500748,0.695219099521637,0.7137855291366577
YDR175C,YJL003W,0,-0.42270806,0.08909880369901657,0.695219099521637,0.7138855457305908
YHR009C,YOR363C,0,-0.4227643,0.08908742666244507,0.695219099521637,0.7139856219291687
YLR215C,YGR055W,0,-0.42276496,0.08907605707645416,0.695219099521637,0.7140856385231018
YJR132W,YDR098C,0,-0.4228733,0.08906469494104385,0.695219099521637,0.7141856551170349
YOL042W,YLR451W,0,-0.42303953,0.08905333280563354,0.695219099521637,0.7142857313156128
YHR108W,YLL018C,0,-0.42304143,0.08904197067022324,0.695219099521637,0.7143857479095459
YLL031C,YNL247W,0,-0.4231842,0.08903060853481293,0.695219099521637,0.7144858241081238
YPL169C,YFR024C-A,0,-0.42332804,0.08901926130056381,0.695219099521637,0.7145858407020569
YAL056W,YJR118C,0,-0.42332926,0.0890079066157341,0.695219099521637,0.71468585729599
YML021C,YML045W,0,-0.42334643,0.08899655938148499,0.695219099521637,0.7147859334945679
YBR248C,YKR088C,0,-0.42334762,0.08898521214723587,0.695219099521637,0.714885950088501
YMR072W,YNL055C,0,-0.42336765,0.08897387236356735,0.695219099521637,0.7149859666824341
YIL056W,YOL096C,0,-0.42341182,0.08896252512931824,0.695219099521637,0.715086042881012
YPL001W,YER167W,0,-0.4234766,0.08895119279623032,0.695219099521637,0.7151860594749451
YNL288W,YML102W,0,-0.42350897,0.0889398604631424,0.695219099521637,0.715286135673523
YMR009W,YIL087C,0,-0.42352492,0.08892852813005447,0.695219099521637,0.715386152267456
YDR098C,YJL069C,0,-0.4238042,0.08891719579696655,0.695219099521637,0.7154861688613892
YFL025C,YLR337C,0,-0.42381412,0.08890587091445923,0.695219099521637,0.715586245059967
YPR169W,YCL035C,0,-0.42386833,0.0888945460319519,0.695219099521637,0.7156862616539001
YKL016C,YBL014C,0,-0.42388487,0.08888322860002518,0.695219099521637,0.715786337852478
YDR463W,YDR190C,0,-0.42406356,0.08887191116809845,0.695219099521637,0.7158863544464111
YLL067C,YIL062C,0,-0.42410144,0.08886060118675232,0.695219099521637,0.7159863710403442
YIL007C,YKL185W,0,-0.42426738,0.08884928375482559,0.695219099521637,0.7160864472389221
YLR017W,YDR384C,0,-0.4242789,0.08883798122406006,0.695219099521637,0.7161864638328552
YML107C,YGR044C,0,-0.4242794,0.08882667124271393,0.695219099521637,0.7162865400314331
YER062C,YDL006W,1,-0.4242985,0.08894261717796326,0.6962151527404785,0.7162865400314331
YCR045C,YNL246W,0,-0.4243127,0.08893129974603653,0.6962151527404785,0.7163865566253662
YIL002C,YOR090C,1,-0.4243456,0.08904719352722168,0.6972111463546753,0.7163865566253662
YPL141C,YDR127W,0,-0.4244579,0.08903586864471436,0.6972111463546753,0.7164865732192993
YGL190C,YPL179W,1,-0.42452735,0.08915172517299652,0.6982071995735168,0.7164865732192993
YER072W,YDR528W,0,-0.42452824,0.089140385389328,0.6982071995735168,0.7165866494178772
YFL061W,YNL066W,0,-0.42465633,0.08912905305624008,0.6982071995735168,0.7166866660118103
YOR032C,YML047C,0,-0.4247278,0.08911772072315216,0.6982071995735168,0.7167867422103882
YPL097W,YGL049C,0,-0.42474687,0.08910639584064484,0.6982071995735168,0.7168867588043213
YNL286W,YPL225W,0,-0.42476276,0.08909507095813751,0.6982071995735168,0.7169867753982544
YIL043C,YDL211C,0,-0.4247947,0.08908374607563019,0.6982071995735168,0.7170868515968323
YGR170W,YBL014C,0,-0.4247962,0.08907242864370346,0.6982071995735168,0.7171868681907654
YDR204W,YBR034C,0,-0.42502978,0.08906111121177673,0.6982071995735168,0.7172869443893433
YER155C,YNL246W,0,-0.42511198,0.08904979377985,0.6982071995735168,0.7173869609832764
YGL104C,YPL176C,0,-0.42517117,0.08903848379850388,0.6982071995735168,0.7174869775772095
YOR065W,YOR227W,0,-0.42519453,0.08902718126773834,0.6982071995735168,0.7175870537757874
YLR435W,YBR045C,0,-0.42521155,0.08901587128639221,0.6982071995735168,0.7176870703697205
YPL209C,YJR054W,0,-0.4252311,0.08900456875562668,0.6982071995735168,0.7177870869636536
YLR115W,YLR292C,0,-0.425319,0.08899327367544174,0.6982071995735168,0.7178871631622314
YMR041C,YDR359C,0,-0.4255868,0.0889819785952568,0.6982071995735168,0.7179871797561646
YNL246W,YKL114C,0,-0.42562172,0.08897068351507187,0.6982071995735168,0.7180872559547424
YCR107W,YML133C,0,-0.42598116,0.08895938843488693,0.6982071995735168,0.7181872725486755
YLL067C,YCR021C,0,-0.42601982,0.08894810080528259,0.6982071995735168,0.7182872891426086
YBR114W,YPL262W,0,-0.4261618,0.08893682062625885,0.6982071995735168,0.7183873653411865
YFL025C,YIL144W,0,-0.42628437,0.08892553299665451,0.6982071995735168,0.7184873819351196
YER072W,YJL026W,0,-0.42632204,0.08891426026821136,0.6982071995735168,0.7185874581336975
YPL171C,YMR105C,0,-0.4264045,0.08890298008918762,0.6982071995735168,0.7186874747276306
YDR287W,YNL278W,0,-0.42642477,0.08889170736074448,0.6982071995735168,0.7187874913215637
YKR064W,YGL238W,0,-0.42658612,0.08888043463230133,0.6982071995735168,0.7188875675201416
YJL180C,YCL054W,0,-0.42659447,0.08886916935443878,0.6982071995735168,0.7189875841140747
YDR513W,YGL167C,0,-0.42667893,0.08885790407657623,0.6982071995735168,0.7190876603126526
YMR118C,YBR191W,0,-0.42679527,0.08884663879871368,0.6982071995735168,0.7191876769065857
YFL005W,YOR132W,0,-0.4270248,0.08883538097143173,0.6982071995735168,0.7192876935005188
YIL007C,YGR266W,0,-0.42712805,0.08882412314414978,0.6982071995735168,0.7193877696990967
YBR109C,YLR054C,0,-0.42719024,0.08881287276744843,0.6982071995735168,0.7194877862930298
YAL002W,YMR072W,0,-0.42720005,0.08880162239074707,0.6982071995735168,0.7195878624916077
YOR267C,YIR019C,0,-0.42723975,0.08879037201404572,0.6982071995735168,0.7196878790855408
YJR110W,YER075C,1,-0.4272676,0.08890577405691147,0.6992031931877136,0.7196878790855408
YDR284C,YOL052C-A,0,-0.42732653,0.08889451622962952,0.6992031931877136,0.7197878956794739
YPL137C,YML004C,0,-0.42735207,0.08888325840234756,0.6992031931877136,0.7198879718780518
YLR248W,YKL039W,0,-0.42743948,0.08887200802564621,0.6992031931877136,0.7199879884719849
YNR048W,YOR129C,0,-0.427441,0.08886075764894485,0.6992031931877136,0.7200880646705627
YNL038W,YGL195W,0,-0.427516,0.0888495147228241,0.6992031931877136,0.7201880812644958
YKL212W,YDR287W,1,-0.42765084,0.08896481990814209,0.7001991868019104,0.7201880812644958
YIL037C,YER060W,0,-0.42770258,0.08895356208086014,0.7001991868019104,0.720288097858429
YNL031C,YMR125W,0,-0.42775193,0.08894230425357819,0.7001991868019104,0.7203881740570068
YPL010W,YGL240W,0,-0.42784917,0.08893105387687683,0.7001991868019104,0.7204881906509399
YDR375C,YKL197C,0,-0.42787006,0.08891981095075607,0.7001991868019104,0.720588207244873
YKL045W,YDR039C,0,-0.42787805,0.08890856057405472,0.7001991868019104,0.7206882834434509
YBR015C,YNL278W,0,-0.42788586,0.08889731764793396,0.7001991868019104,0.720788300037384
YIL107C,YNL142W,0,-0.4281055,0.0888860821723938,0.7001991868019104,0.7208883762359619
YKL114C,YPL254W,0,-0.42812914,0.08887483924627304,0.7001991868019104,0.720988392829895
YER056C,YOR319W,0,-0.42814818,0.08886361122131348,0.7001991868019104,0.7210884094238281
YNL099C,YER075C,1,-0.428171,0.08897876739501953,0.701195240020752,0.7210884094238281
YGR007W,YDL243C,0,-0.42819837,0.08896752446889877,0.701195240020752,0.721188485622406
YDR129C,YCR106W,0,-0.42827067,0.08895628154277802,0.701195240020752,0.7212885022163391
YER179W,YER149C,0,-0.42831597,0.08894503861665726,0.701195240020752,0.721388578414917
YMR234W,YBR149W,0,-0.4283667,0.0889338031411171,0.701195240020752,0.7214885950088501
YKR089C,YOL084W,0,-0.42845836,0.08892257511615753,0.701195240020752,0.7215886116027832
YNR032W,YBR022W,1,-0.42856845,0.08903763443231583,0.7021912336349487,0.7215886116027832
YIL043C,YOR001W,0,-0.4287252,0.08902639150619507,0.7021912336349487,0.7216886878013611
YKL194C,YDL012C,0,-0.42873,0.08901514858007431,0.7021912336349487,0.7217887043952942
YHR005C,YDL102W,0,-0.42889193,0.08900391310453415,0.7021912336349487,0.7218887805938721
YGR245C,YDR317W,0,-0.42891088,0.08899267762899399,0.7021912336349487,0.7219887971878052
YBR109C,YFR034C,0,-0.4289762,0.08898144960403442,0.7021912336349487,0.7220888137817383
YNL328C,YMR156C,0,-0.42903686,0.08897021412849426,0.7021912336349487,0.7221888899803162
YOR363C,YMR072W,0,-0.4291124,0.0889589935541153,0.7021912336349487,0.7222889065742493
YBR069C,YER041W,0,-0.4291151,0.08894776552915573,0.7021912336349487,0.7223889827728271
YHR108W,YHR110W,0,-0.42911816,0.08893654495477676,0.7021912336349487,0.7224889993667603
YFR047C,YOR117W,0,-0.42913428,0.0889253243803978,0.7021912336349487,0.7225890159606934
YPL120W,YOR316C,0,-0.42914197,0.08891411125659943,0.7021912336349487,0.7226890921592712
YAR033W,YCL064C,0,-0.42922342,0.08890289813280106,0.7021912336349487,0.7227891087532043
YIL056W,YIL148W,0,-0.4292332,0.08889169245958328,0.7021912336349487,0.7228891849517822
YDR372C,YOR359W,0,-0.4292875,0.08888048678636551,0.7021912336349487,0.7229892015457153
YKL033W,YGL006W,0,-0.42936766,0.08886928111314774,0.7021912336349487,0.7230892181396484
YOR034C,YLR060W,0,-0.42942044,0.08885807543992996,0.7021912336349487,0.7231892943382263
YGL067W,YIL069C,0,-0.4294259,0.08884687721729279,0.7021912336349487,0.7232893109321594
YIL153W,YPL117C,0,-0.42951104,0.0888356864452362,0.7021912336349487,0.7233893275260925
YER063W,YDR160W,0,-0.42952746,0.08882449567317963,0.7021912336349487,0.7234894037246704
YKL149C,YBL091C,0,-0.42953458,0.08881330490112305,0.7021912336349487,0.7235894203186035
YHR138C,YGL111W,0,-0.42956576,0.08880211412906647,0.7021912336349487,0.7236894965171814
YPR114W,YHR014W,0,-0.42976874,0.08879093080759048,0.7021912336349487,0.7237895131111145
YBR093C,YMR036C,1,-0.42982033,0.08890567719936371,0.7031872272491455,0.7237895131111145
YGL096W,YKL132C,0,-0.4298514,0.08889448642730713,0.7031872272491455,0.7238895297050476
YNL221C,YDR528W,0,-0.42993397,0.08888329565525055,0.7031872272491455,0.7239896059036255
YPL225W,YNL246W,0,-0.42994434,0.08887210488319397,0.7031872272491455,0.7240896224975586
YDR188W,YDR406W,0,-0.43015435,0.08886092156171799,0.7031872272491455,0.7241896986961365
YBR016W,YKL051W,0,-0.4302387,0.088849738240242,0.7031872272491455,0.7242897152900696
YLR234W,YEL006W,0,-0.43027273,0.08883855491876602,0.7031872272491455,0.7243897318840027
YKR093W,YBR049C,0,-0.43032834,0.08882737904787064,0.7031872272491455,0.7244898080825806
YKL043W,YKR031C,0,-0.4303822,0.08881620317697525,0.7031872272491455,0.7245898246765137
YDR434W,YLR001C,0,-0.43049967,0.08880503475666046,0.7031872272491455,0.7246899008750916
YMR313C,YLR352W,0,-0.43063223,0.08879385888576508,0.7031872272491455,0.7247899174690247
YLR367W,YGL195W,0,-0.4306892,0.08878269791603088,0.7031872272491455,0.7248899340629578
YMR192W,YDR398W,0,-0.43070078,0.0887715294957161,0.7031872272491455,0.7249900102615356
YLR044C,YKL005C,0,-0.4308745,0.0887603685259819,0.7031872272491455,0.7250900268554688
YER149C,YOR259C,0,-0.43091777,0.08874921500682831,0.7031872272491455,0.7251901030540466
YBR162W-A,YMR059W,0,-0.43099362,0.08873806148767471,0.7031872272491455,0.7252901196479797
YHR037W,YOR009W,0,-0.43107477,0.08872690796852112,0.7031872272491455,0.7253901362419128
YJL026W,YOR260W,0,-0.4310933,0.08871575444936752,0.7031872272491455,0.7254902124404907
YML127W,YOR357C,0,-0.431233,0.08870460838079453,0.7031872272491455,0.7255902290344238
YOR068C,YBR107C,0,-0.4312689,0.08869346976280212,0.7031872272491455,0.7256903052330017
YDR028C,YLR260W,0,-0.43134817,0.08868232369422913,0.7031872272491455,0.7257903218269348
YGR170W,YKL150W,0,-0.43135092,0.08867118507623672,0.7031872272491455,0.7258903384208679
YPL239W,YGL064C,0,-0.43148032,0.08866005390882492,0.7031872272491455,0.7259904146194458
YLR284C,YDR217C,0,-0.43152827,0.08864892274141312,0.7031872272491455,0.7260904312133789
YIL052C,YLL006W,0,-0.43161002,0.08863779157400131,0.7031872272491455,0.726190447807312
YGL229C,YDR436W,1,-0.4317486,0.08875219523906708,0.7041832804679871,0.726190447807312
YNL056W,YBL063W,0,-0.43182924,0.08874105662107468,0.7041832804679871,0.7262905240058899
YML021C,YDL209C,0,-0.43185076,0.08872991800308228,0.7041832804679871,0.726390540599823
YKR027W,YDR386W,0,-0.43200514,0.08871878683567047,0.7041832804679871,0.7264906167984009
YDR323C,YLR055C,0,-0.4320362,0.08870765566825867,0.7041832804679871,0.726590633392334
YDL230W,YOL051W,0,-0.43214402,0.08869652450084686,0.7041832804679871,0.7266906499862671
YLL021W,YKL196C,0,-0.4321597,0.08868540078401566,0.7041832804679871,0.726790726184845
YMR156C,YDR481C,1,-0.43220738,0.08879970014095306,0.7051792740821838,0.726790726184845
YDL236W,YPL179W,1,-0.43223387,0.08891396969556808,0.7061753273010254,0.726790726184845
YHR096C,YKR031C,0,-0.43227664,0.08890282362699509,0.7061753273010254,0.7268907427787781
YGL076C,YLL053C,0,-0.43230143,0.08889167755842209,0.7061753273010254,0.726990818977356
YPR037C,YPL013C,0,-0.43239805,0.08888053148984909,0.7061753273010254,0.7270908355712891
YDR067C,YLL010C,1,-0.43245107,0.08899473398923874,0.7071713209152222,0.7270908355712891
YIL147C,YJR118C,0,-0.4325038,0.08898358047008514,0.7071713209152222,0.7271908521652222
YGR208W,YDR075W,1,-0.4326617,0.08909774571657181,0.708167314529419,0.7271908521652222
YJR027W,YCR035C,0,-0.43270352,0.08908657729625702,0.708167314529419,0.7272909283638
YMR195W,YPR133C,0,-0.43281344,0.08907541632652283,0.708167314529419,0.7273909449577332
YBL031W,YDR165W,0,-0.43285963,0.08906426280736923,0.708167314529419,0.727491021156311
YJL078C,YNR059W,0,-0.43297732,0.08905310928821564,0.708167314529419,0.7275910377502441
YLR234W,YNL041C,0,-0.43301705,0.08904195576906204,0.708167314529419,0.7276910543441772
YER007C-A,YKL080W,0,-0.43303975,0.08903080224990845,0.708167314529419,0.7277911305427551
YML041C,YBR301W,0,-0.43322062,0.08901965618133545,0.708167314529419,0.7278911471366882
YLR413W,YJL168C,0,-0.43326876,0.08900851011276245,0.708167314529419,0.7279912233352661
YLL018C,YDR092W,0,-0.43327114,0.08899737149477005,0.708167314529419,0.7280912399291992
YOR177C,YBR005W,0,-0.43327323,0.08898623287677765,0.708167314529419,0.7281912565231323
YDR398W,YDR317W,0,-0.43333367,0.08897509425878525,0.708167314529419,0.7282913327217102
YFR025C,YHR004C,1,-0.43337432,0.08908908814191818,0.7091633677482605,0.7282913327217102
YAL051W,YER060W,0,-0.43340978,0.08907794207334518,0.7091633677482605,0.7283913493156433
YGL104C,YBR248C,0,-0.43342534,0.08906680345535278,0.7091633677482605,0.7284914255142212
YOL012C,YDL223C,0,-0.43343985,0.08905565738677979,0.7091633677482605,0.7285914421081543
YDR377W,YLR001C,0,-0.43347946,0.08904451876878738,0.7091633677482605,0.7286914587020874
YKL190W,YKL212W,1,-0.4335974,0.08915843069553375,0.7101593613624573,0.7286914587020874
YOR372C,YMR237W,0,-0.4336082,0.08914728462696075,0.7101593613624573,0.7287915349006653
YGL190C,YMR165C,1,-0.43362164,0.08926115930080414,0.711155354976654,0.7287915349006653
YGR174C,YJL003W,0,-0.43366286,0.08924999833106995,0.711155354976654,0.7288915514945984
YDR188W,YBL005W,0,-0.43367103,0.08923884481191635,0.711155354976654,0.7289915680885315
YER093C,YBR028C,0,-0.43374035,0.08922769129276276,0.711155354976654,0.7290916442871094
YMR074C,YCR063W,0,-0.43374568,0.08921654522418976,0.711155354976654,0.7291916608810425
YLR249W,YHL015W,0,-0.43408582,0.08920539915561676,0.711155354976654,0.7292917370796204
YJR102C,YGR005C,0,-0.4341871,0.08919425308704376,0.711155354976654,0.7293917536735535
YHR205W,YDR301W,0,-0.43422732,0.08918311446905136,0.711155354976654,0.7294917702674866
YLL066C,YOL121C,0,-0.43435863,0.08917197585105896,0.711155354976654,0.7295918464660645
YMR130W,YNL128W,1,-0.43442744,0.0892857164144516,0.7121514081954956,0.7295918464660645
YGR181W,YBR112C,0,-0.43463477,0.089274562895298,0.7121514081954956,0.7296918630599976
YOL011W,YGL194C,0,-0.43465072,0.0892634242773056,0.7121514081954956,0.7297919392585754
YOR177C,YLR075W,0,-0.43480596,0.0892522782087326,0.7121514081954956,0.7298919558525085
YDR463W,YEL044W,0,-0.43485823,0.0892411395907402,0.7121514081954956,0.7299919724464417
YPL179W,YDL047W,1,-0.4348711,0.08935479819774628,0.7131474018096924,0.7299919724464417
YDR343C,YGR165W,0,-0.4349337,0.08934365212917328,0.7131474018096924,0.7300920486450195
YMR205C,YNL247W,0,-0.4349599,0.08933249861001968,0.7131474018096924,0.7301920652389526
YPR037C,YOL051W,0,-0.43501517,0.08932135999202728,0.7131474018096924,0.7302921414375305
YLR390W-A,YDR257C,0,-0.4350688,0.08931021392345428,0.7131474018096924,0.7303921580314636
YOR258W,YDR105C,0,-0.43533745,0.08929907530546188,0.7131474018096924,0.7304921746253967
YNR032W,YDR074W,1,-0.43539873,0.0894126445055008,0.7141434550285339,0.7304921746253967
YHR165C,YHR005C,0,-0.43542132,0.0894014984369278,0.7141434550285339,0.7305922508239746
YDL230W,YNL048W,0,-0.43547204,0.0893903523683548,0.7141434550285339,0.7306922674179077
YLL067C,YDR021W,0,-0.43551815,0.0893792062997818,0.7141434550285339,0.7307923436164856
YDR045C,YGL195W,0,-0.4355332,0.0893680676817894,0.7141434550285339,0.7308923602104187
YEL019C,YDR437W,0,-0.43568537,0.089356929063797,0.7141434550285339,0.7309923768043518
YJR117W,YNL123W,0,-0.43569556,0.08934579789638519,0.7141434550285339,0.7310924530029297
YGR181W,YBR121C,0,-0.43577957,0.08933465927839279,0.7141434550285339,0.7311924695968628
YAL011W,YGR120C,0,-0.435856,0.08932353556156158,0.7141434550285339,0.7312925457954407
YHR113W,YDR105C,0,-0.43586087,0.08931240439414978,0.7141434550285339,0.7313925623893738
YOR383C,YDR217C,0,-0.43596575,0.08930128067731857,0.7141434550285339,0.7314925789833069
YBR038W,YPR106W,0,-0.43606254,0.08929016441106796,0.7141434550285339,0.7315926551818848
YPR105C,YHL015W,0,-0.43622753,0.08927904069423676,0.7141434550285339,0.7316926717758179
YKR089C,YJR153W,0,-0.43626237,0.08926793187856674,0.7141434550285339,0.731792688369751
YMR040W,YLR017W,0,-0.4363509,0.08925681561231613,0.7141434550285339,0.7318927645683289
YHL031C,YDL117W,0,-0.43640268,0.08924570679664612,0.7141434550285339,0.731992781162262
YPL056C,YCR063W,0,-0.43658233,0.0892345979809761,0.7141434550285339,0.7320928573608398
YNL183C,YOL122C,0,-0.43664616,0.08922349661588669,0.7141434550285339,0.732192873954773
YDR407C,YHR024C,0,-0.43671262,0.08921239525079727,0.7141434550285339,0.732292890548706
YNL233W,YLR058C,0,-0.43673608,0.08920129388570786,0.7141434550285339,0.7323929667472839
YNL031C,YAR009C,0,-0.4368368,0.08919019997119904,0.7141434550285339,0.732492983341217
YJL174W,YPR046W,0,-0.43683878,0.08917910605669022,0.7141434550285339,0.7325930595397949
YFR040W,YDL134C,1,-0.43707374,0.08929237723350525,0.7151394486427307,0.7325930595397949
YHL050C,YER071C,0,-0.43718,0.08928127586841583,0.7151394486427307,0.732693076133728
YPR154W,YMR275C,0,-0.43742454,0.08927017450332642,0.7151394486427307,0.7327930927276611
YGL070C,YMR133W,0,-0.43751183,0.089259073138237,0.7151394486427307,0.732893168926239
YML059C,YBR023C,0,-0.43754596,0.08924797922372818,0.7151394486427307,0.7329931855201721
YHR103W,YDR359C,0,-0.43791625,0.08923688530921936,0.7151394486427307,0.73309326171875
YGL190C,YLR361C,1,-0.43792525,0.08935006707906723,0.7161354422569275,0.73309326171875
YJL183W,YNL233W,0,-0.43804118,0.08933896571397781,0.7161354422569275,0.7331932783126831
YDR325W,YFR034C,0,-0.43805933,0.0893278643488884,0.7161354422569275,0.7332932949066162
YKR088C,YER005W,0,-0.4380985,0.08931677043437958,0.7161354422569275,0.7333933711051941
YJL186W,YDR289C,0,-0.43818626,0.08930567651987076,0.7161354422569275,0.7334933876991272
YER177W,YPL006W,0,-0.43820837,0.08929458260536194,0.7161354422569275,0.7335934638977051
YOR117W,YBR049C,0,-0.4382736,0.08928349614143372,0.7161354422569275,0.7336934804916382
YNL167C,YGR083C,0,-0.43833062,0.0892724096775055,0.7161354422569275,0.7337934970855713
YIL053W,YBR065C,0,-0.43840688,0.08926133066415787,0.7161354422569275,0.7338935732841492
YCL016C,YOR259C,0,-0.43852958,0.08925025165081024,0.7161354422569275,0.7339935898780823
YPR008W,YPL189W,0,-0.43870237,0.08923917263746262,0.7161354422569275,0.7340936660766602
YDR468C,YPL183C,0,-0.43872267,0.08922809362411499,0.7161354422569275,0.7341936826705933
YLR259C,YDR168W,0,-0.43889302,0.08921702206134796,0.7161354422569275,0.7342936992645264
YOR253W,YLL021W,0,-0.43893978,0.08920595794916153,0.7161354422569275,0.7343937754631042
YOR247W,YLR361C,0,-0.43900648,0.0891948863863945,0.7161354422569275,0.7344937920570374
YLR367W,YGR211W,0,-0.43908027,0.08918382227420807,0.7161354422569275,0.7345938086509705
YBR114W,YML004C,0,-0.4392319,0.08917276561260223,0.7161354422569275,0.7346938848495483
YOL144W,YGL105W,0,-0.4392379,0.0891617089509964,0.7161354422569275,0.7347939014434814
YGR205W,YGL151W,0,-0.4392395,0.08915065228939056,0.7161354422569275,0.7348939776420593
YMR165C,YMR087W,1,-0.439438,0.08926357328891754,0.717131495475769,0.7348939776420593
YDL018C,YDR019C,0,-0.43944052,0.08925250917673111,0.717131495475769,0.7349939942359924
YBR086C,YOR357C,0,-0.43944582,0.08924144506454468,0.717131495475769,0.7350940108299255
YPR055W,YDR292C,0,-0.43945003,0.08923038840293884,0.717131495475769,0.7351940870285034
YLL031C,YDL145C,0,-0.43946967,0.08921933174133301,0.717131495475769,0.7352941036224365
YJL183W,YBR301W,0,-0.43951637,0.08920827507972717,0.717131495475769,0.7353941798210144
YNL059C,YOR086C,0,-0.43959653,0.08919722586870193,0.717131495475769,0.7354941964149475
YPL056C,YHR024C,0,-0.4396489,0.0891861766576767,0.717131495475769,0.7355942130088806
YJL216C,YDR284C,0,-0.43970254,0.08917512744665146,0.717131495475769,0.7356942892074585
YMR130W,YOR155C,1,-0.4398627,0.08928792923688889,0.7181274890899658,0.7356942892074585
YKL033W,YHR146W,0,-0.43988693,0.08927687257528305,0.7181274890899658,0.7357943058013916
YLR059C,YFL011W,0,-0.439904,0.08926581591367722,0.7181274890899658,0.7358943819999695
YOL132W,YGR260W,0,-0.43990755,0.08925476670265198,0.7181274890899658,0.7359943985939026
YOR049C,YEL005C,0,-0.43994325,0.08924371749162674,0.7181274890899658,0.7360944151878357
YDR110W,YOR271C,0,-0.4400939,0.0892326757311821,0.7181274890899658,0.7361944913864136
YGL195W,YGL129C,0,-0.4402111,0.08922163397073746,0.7181274890899658,0.7362945079803467
YGL224C,YER075C,1,-0.44024488,0.08933432400226593,0.7191234827041626,0.7362945079803467
YEL018W,YIL018W,0,-0.44041547,0.0893232673406601,0.7191234827041626,0.7363945841789246
YGL195W,YDL087C,0,-0.44061896,0.08931221812963486,0.7191234827041626,0.7364946007728577
YBL013W,YLR059C,0,-0.44069374,0.08930117636919022,0.7191234827041626,0.7365946173667908
YDR468C,YML081W,0,-0.4407861,0.08929013460874557,0.7191234827041626,0.7366946935653687
YER177W,YLR143W,0,-0.4408628,0.08927909284830093,0.7191234827041626,0.7367947101593018
YHR024C,YPR155C,0,-0.44096297,0.08926805108785629,0.7191234827041626,0.7368947863578796
YOL132W,YGR208W,0,-0.44104356,0.08925701677799225,0.7191234827041626,0.7369948029518127
YMR192W,YML100W,0,-0.4410635,0.0892459824681282,0.7191234827041626,0.7370948195457458
YIL038C,YGR003W,0,-0.44106779,0.08923495560884476,0.7191234827041626,0.7371948957443237
YBR153W,YHR024C,0,-0.44106779,0.08922392129898071,0.7191234827041626,0.7372949123382568
YDL189W,YDR078C,0,-0.44107744,0.08921290189027786,0.7191234827041626,0.7373949289321899
YOR101W,YMR105C,0,-0.4412836,0.08920187503099442,0.7191234827041626,0.7374950051307678
YHR142W,YOR026W,0,-0.4413152,0.08919085562229156,0.7191234827041626,0.7375950217247009
YOR266W,YMR035W,0,-0.44135433,0.08917984366416931,0.7191234827041626,0.7376950979232788
YDR422C,YHR118C,0,-0.4413932,0.08916882425546646,0.7191234827041626,0.7377951145172119
YOR177C,YBR107C,0,-0.44145897,0.0891578197479248,0.7191234827041626,0.737895131111145
YMR081C,YLR190W,0,-0.44146594,0.08914680778980255,0.7191234827041626,0.7379952073097229
YOR262W,YNR048W,0,-0.44158876,0.0891358032822609,0.7191234827041626,0.738095223903656
YLR006C,YDL119C,0,-0.44171122,0.08912479877471924,0.7191234827041626,0.7381953001022339
YLR004C,YMR035W,0,-0.4417484,0.08911380171775818,0.7191234827041626,0.738295316696167
YFL025C,YIL118W,0,-0.44182992,0.08910280466079712,0.7191234827041626,0.7383953332901001
YIL113W,YML057W,1,-0.4419766,0.08921520411968231,0.7201195359230042,0.7383953332901001
YLL024C,YDR041W,0,-0.44202295,0.08920419216156006,0.7201195359230042,0.738495409488678
YDR482C,YKL087C,0,-0.44208953,0.0891931876540184,0.7201195359230042,0.7385954260826111
YNR037C,YPL254W,0,-0.44211927,0.08918219059705734,0.7201195359230042,0.738695502281189
YHL028W,YJR027W,0,-0.44233638,0.08917118608951569,0.7201195359230042,0.7387955188751221
YER005W,YDR292C,0,-0.44234478,0.08916018903255463,0.7201195359230042,0.7388955354690552
YPR128C,YML055W,0,-0.4423599,0.08914919942617416,0.7201195359230042,0.7389956116676331
YDR092W,YML127W,0,-0.44238663,0.0891382098197937,0.7201195359230042,0.7390956282615662
YOR359W,YLR054C,0,-0.4424326,0.08912722021341324,0.7201195359230042,0.739195704460144
YCR024C,YBR218C,0,-0.4424835,0.08911623060703278,0.7201195359230042,0.7392957210540771
YOR018W,YLR185W,0,-0.4427414,0.08910524845123291,0.7201195359230042,0.7393957376480103
YNL222W,YDL188C,1,-0.44285217,0.08921749889850616,0.7211155295372009,0.7393957376480103
YGR082W,YJL089W,0,-0.44292182,0.0892065092921257,0.7211155295372009,0.7394958138465881
YEL048C,YML055W,0,-0.44299224,0.08919551223516464,0.7211155295372009,0.7395958304405212
YDL220C,YHR158C,0,-0.44304588,0.08918453007936478,0.7211155295372009,0.7396959066390991
YGR142W,YMR131C,0,-0.4430754,0.08917354047298431,0.7211155295372009,0.7397959232330322
YNL221C,YBR005W,0,-0.4430878,0.08916255831718445,0.7211155295372009,0.7398959398269653
YBL031W,YNL278W,0,-0.44310305,0.08915158361196518,0.7211155295372009,0.7399960160255432
YFL049W,YFR053C,0,-0.44327506,0.08914060890674591,0.7211155295372009,0.7400960326194763
YAL007C,YKR085C,0,-0.44330993,0.08912963420152664,0.7211155295372009,0.7401960492134094
YIL107C,YDR168W,0,-0.4434382,0.08911865949630737,0.7211155295372009,0.7402961254119873
YOR004W,YML086C,0,-0.44353908,0.0891076922416687,0.7211155295372009,0.7403961420059204
YIL064W,YDR005C,0,-0.44360626,0.08909672498703003,0.7211155295372009,0.7404962182044983
YKL190W,YHR004C,1,-0.44366774,0.08920881152153015,0.7221115827560425,0.7404962182044983
YFL005W,YKL079W,0,-0.44371322,0.08919783681631088,0.7221115827560425,0.7405962347984314
YLR361C,YNL217W,1,-0.4437273,0.08930987864732742,0.7231075763702393,0.7405962347984314
YLL018C-A,YPL006W,0,-0.44378158,0.08929889649152756,0.7231075763702393,0.7406962513923645
YKR078W,YPL176C,0,-0.44402337,0.0892879068851471,0.7231075763702393,0.7407963275909424
YHR006W,YPR155C,0,-0.44404176,0.08927693217992783,0.7231075763702393,0.7408963441848755
YNL106C,YAR071W,1,-0.44410142,0.089388906955719,0.724103569984436,0.7408963441848755
YOL095C,YGL240W,0,-0.4441631,0.08937791734933853,0.724103569984436,0.7409964203834534
YPL001W,YAL011W,0,-0.444182,0.08936693519353867,0.724103569984436,0.7410964369773865
YMR101C,YGL194C,0,-0.44419318,0.0893559455871582,0.724103569984436,0.7411964535713196
YHR148W,YBR005W,0,-0.44426253,0.08934497088193893,0.724103569984436,0.7412965297698975
YMR048W,YBR295W,0,-0.44441834,0.08933398872613907,0.724103569984436,0.7413965463638306
YPR154W,YHR006W,0,-0.44444945,0.0893230140209198,0.724103569984436,0.7414966225624084
YGL058W,YDL102W,0,-0.44445407,0.08931203931570053,0.724103569984436,0.7415966391563416
YGL067W,YKL045W,0,-0.44446602,0.08930107206106186,0.724103569984436,0.7416966557502747
YBR153W,YPL203W,0,-0.44450572,0.08929009735584259,0.724103569984436,0.7417967319488525
YBL014C,YJL001W,0,-0.44470492,0.08927913755178452,0.724103569984436,0.7418967485427856
YNL190W,YDR395W,0,-0.44480023,0.08926817029714584,0.724103569984436,0.7419968247413635
YJL078C,YGL127C,0,-0.44480434,0.08925721049308777,0.724103569984436,0.7420968413352966
YDR323C,YHR113W,0,-0.4449144,0.08924625813961029,0.724103569984436,0.7421968579292297
YOR090C,YLL010C,1,-0.44492438,0.08935804665088654,0.7250996232032776,0.7421968579292297
YNL020C,YER143W,0,-0.44500104,0.08934707939624786,0.7250996232032776,0.7422969341278076
YLR426W,YPL215W,0,-0.44504002,0.08933611214160919,0.7250996232032776,0.7423969507217407
YGR235C,YDR178W,0,-0.44506794,0.08932515233755112,0.7250996232032776,0.7424970269203186
YGR202C,YBL014C,0,-0.44512793,0.08931419253349304,0.7250996232032776,0.7425970435142517
YOR267C,YHR150W,0,-0.44516033,0.08930324018001556,0.7250996232032776,0.7426970601081848
YLL006W,YOR113W,0,-0.44531164,0.08929228782653809,0.7250996232032776,0.7427971363067627
YOL032W,YKR034W,0,-0.44532755,0.08928133547306061,0.7250996232032776,0.7428971529006958
YCL068C,YKL196C,0,-0.44540504,0.08927038311958313,0.7250996232032776,0.7429971694946289
YDL081C,YGR057C,0,-0.4456131,0.08925943821668625,0.7250996232032776,0.7430972456932068
YKL194C,YDR234W,0,-0.44563976,0.08924850076436996,0.7250996232032776,0.7431972622871399
YHL017W,YDR545W,0,-0.4456741,0.08923755586147308,0.7250996232032776,0.7432973384857178
YIL119C,YOR103C,0,-0.445704,0.0892266184091568,0.7250996232032776,0.7433973550796509
YJL089W,YNL173C,0,-0.44576025,0.08921568840742111,0.7250996232032776,0.743497371673584
YDR503C,YOL064C,1,-0.44578218,0.08932729065418243,0.7260956168174744,0.743497371673584
YDR482C,YOL122C,0,-0.44581673,0.08931634575128555,0.7260956168174744,0.7435974478721619
YNL288W,YKR095W,0,-0.44583914,0.08930540084838867,0.7260956168174744,0.743697464466095
YER127W,YDR303C,0,-0.4458558,0.08929446339607239,0.7260956168174744,0.7437975406646729
YDR092W,YLR017W,0,-0.44589505,0.0892835259437561,0.7260956168174744,0.743897557258606
YFR049W,YMR149W,0,-0.44592822,0.08927259594202042,0.7260956168174744,0.7439975738525391
YIL098C,YDR350C,0,-0.4459441,0.08926166594028473,0.7260956168174744,0.7440976500511169
YGR254W,YNL020C,0,-0.44597208,0.08925073593854904,0.7260956168174744,0.74419766664505
YOR264W,YER127W,0,-0.4459928,0.08923980593681335,0.7260956168174744,0.7442977428436279
YNL020C,YER032W,0,-0.4460176,0.08922888338565826,0.7260956168174744,0.744397759437561
YDR427W,YMR313C,0,-0.4461279,0.08921796828508377,0.7260956168174744,0.7444977760314941
YJR132W,YLR175W,0,-0.44616023,0.08920704573392868,0.7260956168174744,0.744597852230072
YLR360W,YHL003C,0,-0.44622675,0.08919613063335419,0.7260956168174744,0.7446978688240051
YBR034C,YBR180W,0,-0.44626394,0.08918522298336029,0.7260956168174744,0.744797945022583
YOL011W,YAL056W,0,-0.44635102,0.0891743153333664,0.7260956168174744,0.7448979616165161
YJL127C,YOR060C,0,-0.44646502,0.0891634076833725,0.7260956168174744,0.7449979782104492
YML101C,YPR034W,0,-0.4464672,0.0891525000333786,0.7260956168174744,0.7450980544090271
YPR067W,YGR060W,0,-0.44649008,0.0891415998339653,0.7260956168174744,0.7451980710029602
YER014W,YNL156C,0,-0.44651297,0.089130699634552,0.7260956168174744,0.7452981472015381
YIL147C,YHR088W,0,-0.44652596,0.0891198068857193,0.7260956168174744,0.7453981637954712
YNL251C,YKR083C,0,-0.44660828,0.0891089141368866,0.7260956168174744,0.7454981803894043
YDR067C,YDL134C,1,-0.44661847,0.08922024071216583,0.7270916104316711,0.7454981803894043
YPL175W,YOR048C,0,-0.44665828,0.08920933306217194,0.7270916104316711,0.7455982565879822
YBR119W,YNL123W,0,-0.4466956,0.08919843286275864,0.7270916104316711,0.7456982731819153
YML101C,YFL026W,0,-0.44671598,0.08918754011392593,0.7270916104316711,0.7457982897758484
YGR165W,YMR153W,0,-0.4468297,0.08917663991451263,0.7270916104316711,0.7458983659744263
YDR471W,YPL253C,0,-0.4468546,0.08916574716567993,0.7270916104316711,0.7459983825683594
YPL115C,YDL123W,0,-0.44718394,0.08915486186742783,0.7270916104316711,0.7460984587669373
YNL056W,YBL047C,0,-0.44723678,0.08914397656917572,0.7270916104316711,0.7461984753608704
YJR102C,YDR422C,0,-0.4473059,0.08913309127092361,0.7270916104316711,0.7462984919548035
YHR005C,YNL156C,0,-0.44741294,0.08912220597267151,0.7270916104316711,0.7463985681533813
YKR053C,YMR036C,1,-0.4474144,0.0892333984375,0.7280876636505127,0.7463985681533813
YNL062C,YLR190W,0,-0.4476079,0.0892225056886673,0.7280876636505127,0.7464985847473145
YMR277W,YHR076W,1,-0.4477104,0.0893336609005928,0.7290836572647095,0.7464985847473145
YKL033W,YLR215C,0,-0.44772217,0.0893227607011795,0.7290836572647095,0.7465986609458923
YAL048C,YNR048W,0,-0.4477372,0.0893118605017662,0.7290836572647095,0.7466986775398254
YML120C,YPL115C,0,-0.4478704,0.0893009603023529,0.7290836572647095,0.7467986941337585
YGR203W,YNL106C,1,-0.44792005,0.08941204845905304,0.730079710483551,0.7467986941337585
YJR049C,YLR260W,0,-0.44802454,0.08940114825963974,0.730079710483551,0.7468987703323364
YIL014W,YOR048C,0,-0.44807658,0.08939024060964584,0.730079710483551,0.7469987869262695
YNL246W,YOL052C-A,0,-0.44815764,0.08937934041023254,0.730079710483551,0.7470988631248474
YOR192C,YJL167W,0,-0.4483777,0.08936844766139984,0.730079710483551,0.7471988797187805
YML045W,YNR019W,0,-0.4484535,0.08935755491256714,0.730079710483551,0.7472988963127136
YML021C,YPR155C,0,-0.44857088,0.08934666216373444,0.730079710483551,0.7473989725112915
YPL179W,YBR094W,0,-0.44861633,0.08933576941490173,0.730079710483551,0.7474989891052246
YMR243C,YOR032C,0,-0.44866058,0.08932488411664963,0.730079710483551,0.7475990653038025
YDR434W,YDR057W,0,-0.4487079,0.08931399881839752,0.730079710483551,0.7476990818977356
YNL041C,YLL067C,0,-0.44889608,0.08930312097072601,0.730079710483551,0.7477990984916687
YKL069W,YBR218C,0,-0.44892842,0.0892922431230545,0.730079710483551,0.7478991746902466
YPL280W,YGR138C,0,-0.44900587,0.089281365275383,0.730079710483551,0.7479991912841797
YER093C,YPL193W,0,-0.44908178,0.08927048742771149,0.730079710483551,0.7480992674827576
YDR386W,YMR177W,0,-0.4491367,0.08925961703062057,0.730079710483551,0.7481992840766907
YKL194C,YGL111W,0,-0.44919702,0.08924875408411026,0.730079710483551,0.7482993006706238
YHR113W,YDR386W,0,-0.44921762,0.08923788368701935,0.730079710483551,0.7483993768692017
YOL020W,YKL002W,0,-0.44960126,0.08922702074050903,0.730079710483551,0.7484993934631348
YOR252W,YPR100W,0,-0.44969165,0.08921616524457932,0.730079710483551,0.7485994100570679
YDR129C,YDL243C,0,-0.44974837,0.0892053097486496,0.730079710483551,0.7486994862556458
YJL110C,YOR207C,0,-0.4497613,0.08919445425271988,0.730079710483551,0.7487995028495789
YEL048C,YDR080W,0,-0.4497778,0.08918359875679016,0.730079710483551,0.7488995790481567
YKL190W,YOR131C,1,-0.4498195,0.08929440379142761,0.7310757040977478,0.7488995790481567
YER005W,YPL233W,0,-0.44984105,0.0892835408449173,0.7310757040977478,0.7489995956420898
YGR178C,YGL016W,0,-0.44995913,0.08927268534898758,0.7310757040977478,0.749099612236023
YJL012C,YHR193C,0,-0.4502835,0.08926182985305786,0.7310757040977478,0.7491996884346008
YDR212W,YDR188W,0,-0.45045042,0.08925097435712814,0.7310757040977478,0.7492997050285339
YBR029C,YOR103C,0,-0.45047933,0.08924011886119843,0.7310757040977478,0.7493997812271118
YML021C,YLR384C,0,-0.450503,0.0892292708158493,0.7310757040977478,0.7494997978210449
YBR279W,YCR091W,0,-0.45052257,0.08921843022108078,0.7310757040977478,0.749599814414978
YDR075W,YLL053C,0,-0.45079032,0.08920758217573166,0.7310757040977478,0.7496998906135559
YML100W,YPL076W,0,-0.45083407,0.08919674158096313,0.7310757040977478,0.749799907207489
YBL063W,YDR045C,0,-0.45112783,0.08918590843677521,0.7310757040977478,0.7498999834060669
YER044C-A,YGR138C,0,-0.4511656,0.08917506784200668,0.7310757040977478,0.75
YNL130C,YDR301W,0,-0.45117268,0.08916423469781876,0.7310757040977478,0.7501000165939331
YPR154W,YLL016W,0,-0.45118335,0.08915340900421143,0.7310757040977478,0.750200092792511
YHR044C,YER075C,1,-0.45120004,0.08926402777433395,0.7320716977119446,0.750200092792511
YDR381W,YNL317W,0,-0.451286,0.08925318717956543,0.7320716977119446,0.7503001093864441
YER056C,YPL161C,0,-0.45132133,0.0892423540353775,0.7320716977119446,0.750400185585022
YLR019W,YBR022W,1,-0.45132306,0.08935292065143585,0.7330677509307861,0.750400185585022
YDR308C,YCL001W,0,-0.4514179,0.08934207260608673,0.7330677509307861,0.7505002021789551
YBL080C,YLR056W,0,-0.4514582,0.0893312320113182,0.7330677509307861,0.7506002187728882
YDR372C,YNL054W,0,-0.45157677,0.08932039141654968,0.7330677509307861,0.7507002949714661
YBL007C,YGR060W,0,-0.45158368,0.08930955082178116,0.7330677509307861,0.7508003115653992
YDR471W,YPL006W,0,-0.45167795,0.08929871022701263,0.7330677509307861,0.750900387763977
YLR442C,YER155C,0,-0.45173404,0.08928787708282471,0.7330677509307861,0.7510004043579102
YJL078C,YDR280W,0,-0.45188776,0.08927705138921738,0.7330677509307861,0.7511004209518433
YPL179W,YIL130W,0,-0.45193598,0.08926621824502945,0.7330677509307861,0.7512004971504211
YLR085C,YDR256C,0,-0.45197204,0.08925540000200272,0.7330677509307861,0.7513005137443542
YLR345W,YDL123W,0,-0.4521726,0.08924457430839539,0.7330677509307861,0.7514005899429321
YLR093C,YBR121C,0,-0.45219615,0.08923375606536865,0.7330677509307861,0.7515006065368652
YOR087W,YEL018W,0,-0.4522799,0.08922293782234192,0.7330677509307861,0.7516006231307983
YHR149C,YGL231C,0,-0.4524678,0.08921211957931519,0.7330677509307861,0.7517006993293762
YEL039C,YOR019W,0,-0.4524742,0.08920130878686905,0.7330677509307861,0.7518007159233093
YPL133C,YDR361C,0,-0.45248252,0.08919049799442291,0.7330677509307861,0.7519007325172424
YGR253C,YDR406W,0,-0.4525378,0.08917969465255737,0.7330677509307861,0.7520008087158203
YGR097W,YOL029C,0,-0.4526117,0.08916889131069183,0.7330677509307861,0.7521008253097534
YHR035W,YIL096C,0,-0.45310476,0.0891580879688263,0.7330677509307861,0.7522009015083313
YIL036W,YCL039W,0,-0.453112,0.08914728462696075,0.7330677509307861,0.7523009181022644
YNL056W,YDR350C,0,-0.4531453,0.08913648873567581,0.7330677509307861,0.7524009346961975
YPL280W,YFR049W,0,-0.45314828,0.08912569284439087,0.7330677509307861,0.7525010108947754
YBL008W,YHR138C,0,-0.45346108,0.08911490440368652,0.7330677509307861,0.7526010274887085
YBL063W,YLR023C,0,-0.45348814,0.08910411596298218,0.7330677509307861,0.7527011036872864
YGL092W,YDR005C,0,-0.45356908,0.08909332752227783,0.7330677509307861,0.7528011202812195
YGR099W,YIL173W,0,-0.4536412,0.08908254653215408,0.7330677509307861,0.7529011368751526
YDR092W,YCL067C,0,-0.45368248,0.08907176554203033,0.7330677509307861,0.7530012130737305
YPR175W,YGR129W,0,-0.453732,0.08906098455190659,0.7330677509307861,0.7531012296676636
YDR168W,YDR303C,0,-0.45378894,0.08905021101236343,0.7330677509307861,0.7532013058662415
YLR085C,YGL115W,0,-0.45381245,0.08903943747282028,0.7330677509307861,0.7533013224601746
YER060W-A,YER127W,0,-0.45382798,0.08902867138385773,0.7330677509307861,0.7534013390541077
YCR086W,YOR019W,0,-0.45405576,0.08901789784431458,0.7330677509307861,0.7535014152526855
YBR085W,YPR017C,0,-0.45409003,0.08900713175535202,0.7330677509307861,0.7536014318466187
YNL263C,YJL013C,0,-0.45414993,0.08899637311697006,0.7330677509307861,0.7537015080451965
YPL105C,YNL161W,0,-0.45426154,0.0889856144785881,0.7330677509307861,0.7538015246391296
YDR481C,YOR208W,1,-0.45428047,0.08909574151039124,0.7340637445449829,0.7538015246391296
YPR180W,YHL050C,0,-0.45434263,0.08908497542142868,0.7340637445449829,0.7539015412330627
YDR023W,YFL026W,0,-0.45438978,0.08907420933246613,0.7340637445449829,0.7540016174316406
YLL031C,YGR129W,0,-0.4543955,0.08906344324350357,0.7340637445449829,0.7541016340255737
YDL012C,YMR177W,0,-0.45457426,0.08905268460512161,0.7340637445449829,0.7542017102241516
YKR079C,YML055W,0,-0.45458683,0.08904192596673965,0.7340637445449829,0.7543017268180847
YHL015W,YGL105W,0,-0.45463338,0.0890311673283577,0.7340637445449829,0.7544017434120178
YHR096C,YJR027W,0,-0.4546729,0.08902041614055634,0.7340637445449829,0.7545018196105957
YLR315W,YMR015C,0,-0.45480165,0.08900966495275497,0.7340637445449829,0.7546018362045288
YML133C,YKL099C,0,-0.4548172,0.08899891376495361,0.7340637445449829,0.7547018527984619
YMR234W,YER176W,0,-0.45484585,0.08898817002773285,0.7340637445449829,0.7548019289970398
YBR218C,YKR099W,0,-0.4549077,0.08897742629051208,0.7340637445449829,0.7549019455909729
YAL019W,YBR208C,0,-0.45493856,0.08896668255329132,0.7340637445449829,0.7550020217895508
YKL190W,YNL010W,1,-0.4552057,0.08907664567232132,0.7350597381591797,0.7550020217895508
YDR323C,YMR177W,0,-0.45523033,0.08906589448451996,0.7350597381591797,0.7551020383834839
YNL103W,YGR099W,0,-0.45527723,0.0890551432967186,0.7350597381591797,0.755202054977417
YMR318C,YJL059W,0,-0.45530957,0.08904439955949783,0.7350597381591797,0.7553021311759949
YBL007C,YLL006W,0,-0.45531002,0.08903365582227707,0.7350597381591797,0.755402147769928
YGR254W,YNL173C,0,-0.45536503,0.0890229195356369,0.7350597381591797,0.7555022239685059
YGR217W,YDR175C,0,-0.4554319,0.08901218324899673,0.7350597381591797,0.755602240562439
YMR243C,YKR075C,0,-0.4556002,0.08900144696235657,0.7350597381591797,0.7557022571563721
YKL029C,YHR114W,0,-0.45566016,0.088990718126297,0.7350597381591797,0.75580233335495
YOR250C,YMR101C,0,-0.45568818,0.08897998183965683,0.7350597381591797,0.7559023499488831
YMR063W,YDR057W,0,-0.45570156,0.08896926045417786,0.7350597381591797,0.7560024261474609
YLL018C,YMR243C,0,-0.45571047,0.08895853161811829,0.7350597381591797,0.756102442741394
YGR224W,YDR135C,0,-0.4557618,0.08894781023263931,0.7350597381591797,0.7562024593353271
YJR150C,YAL051W,0,-0.45595595,0.08893709629774094,0.7350597381591797,0.756302535533905
YJR109C,YER038C,0,-0.45603406,0.08892637491226196,0.7350597381591797,0.7564025521278381
YLR433C,YJL098W,1,-0.45620888,0.08903614431619644,0.7360557913780212,0.7564025521278381
YDR372C,YCL035C,0,-0.45621163,0.08902541548013687,0.7360557913780212,0.756502628326416
YHR009C,YPL058C,0,-0.4562434,0.0890146940946579,0.7360557913780212,0.7566026449203491
YLR023C,YPL248C,0,-0.45638844,0.08900397270917892,0.7360557913780212,0.7567026615142822
YKL155C,YNR052C,0,-0.45641384,0.08899325877428055,0.7360557913780212,0.7568027377128601
YMR087W,YDR075W,1,-0.45649984,0.08910295367240906,0.737051784992218,0.7568027377128601
YML041C,YHR197W,0,-0.456509,0.08909222483634949,0.737051784992218,0.7569027543067932
YMR243C,YLR037C,0,-0.4566188,0.08908149600028992,0.737051784992218,0.7570028305053711
YML067C,YDR057W,0,-0.4566637,0.08907077461481094,0.737051784992218,0.7571028470993042
YKR053C,YMR277W,1,-0.45669457,0.08918040990829468,0.7380478382110596,0.7571028470993042
YNL222W,YFR028C,1,-0.45674947,0.08929001539945602,0.7390438318252563,0.7571028470993042
YGR103W,YDR004W,0,-0.45677945,0.08927927166223526,0.7390438318252563,0.7572028636932373
YIL007C,YBL005W,0,-0.45681834,0.0892685279250145,0.7390438318252563,0.7573029398918152
YGR204W,YPR133C,0,-0.4569206,0.08925779163837433,0.7390438318252563,0.7574029564857483
YNL094W,YEL051W,0,-0.45693347,0.08924705535173416,0.7390438318252563,0.7575029730796814
YDR256C,YDL117W,0,-0.45711583,0.089236319065094,0.7390438318252563,0.7576030492782593
YER179W,YEL051W,0,-0.45723572,0.08922559022903442,0.7390438318252563,0.7577030658721924
YKL058W,YDL076C,0,-0.45735955,0.08921486139297485,0.7390438318252563,0.7578031420707703
YNL183C,YDR517W,0,-0.45743528,0.08920413255691528,0.7390438318252563,0.7579031586647034
YDR280W,YCL001W,0,-0.45751518,0.08919341117143631,0.7390438318252563,0.7580031752586365
YFR034C,YNL161W,0,-0.45757446,0.08918268978595734,0.7390438318252563,0.7581032514572144
YBR092C,YDR075W,1,-0.45786235,0.08929215371608734,0.7400398254394531,0.7581032514572144
YAL019W,YOL061W,0,-0.4578758,0.08928142488002777,0.7400398254394531,0.7582032680511475
YLR185W,YLR384C,0,-0.45788062,0.0892706960439682,0.7400398254394531,0.7583033442497253
YBL091C,YCR021C,0,-0.45794216,0.08925997465848923,0.7400398254394531,0.7584033608436584
YBR015C,YLR175W,0,-0.45795372,0.08924924582242966,0.7400398254394531,0.7585033774375916
YNL221C,YGL129C,0,-0.458089,0.08923853188753128,0.7400398254394531,0.7586034536361694
YOR014W,YNL032W,1,-0.4580935,0.08934790641069412,0.7410358786582947,0.7586034536361694
YER023W,YMR242C,0,-0.45815748,0.08933717757463455,0.7410358786582947,0.7587034702301025
YGL076C,YAR009C,0,-0.45816237,0.08932644873857498,0.7410358786582947,0.7588035464286804
YDR463W,YJL026W,0,-0.45818123,0.08931572735309601,0.7410358786582947,0.7589035630226135
YMR101C,YBL025W,0,-0.458255,0.08930500596761703,0.7410358786582947,0.7590035796165466
YMR275C,YCR018C,0,-0.45834595,0.08929428458213806,0.7410358786582947,0.7591036558151245
YML021C,YLR181C,0,-0.4583637,0.08928357064723969,0.7410358786582947,0.7592036724090576
YMR105C,YLL006W,0,-0.45838636,0.08927285671234131,0.7410358786582947,0.7593037486076355
YPR008W,YFR030W,0,-0.45839676,0.08926215022802353,0.7410358786582947,0.7594037652015686
YBR054W,YLR220W,0,-0.4583971,0.08925143629312515,0.7410358786582947,0.7595037817955017
YIL038C,YPL076W,0,-0.4584126,0.08924073725938797,0.7410358786582947,0.7596038579940796
YLL026W,YDR007W,0,-0.4584519,0.08923003077507019,0.7410358786582947,0.7597038745880127
YLR382C,YDR317W,0,-0.45849866,0.08921933174133301,0.7410358786582947,0.7598039507865906
YER031C,YLR417W,0,-0.45850775,0.08920863270759583,0.7410358786582947,0.7599039673805237
YCL051W,YOR372C,0,-0.45871153,0.08919794112443924,0.7410358786582947,0.7600039839744568
YDR287W,YNL123W,0,-0.45875028,0.08918724209070206,0.7410358786582947,0.7601040601730347
YHL017W,YDL135C,0,-0.45877123,0.08917655795812607,0.7410358786582947,0.7602040767669678
YNR030W,YNL278W,0,-0.45891926,0.08916586637496948,0.7410358786582947,0.7603040933609009
YML120C,YKL114C,0,-0.45896575,0.0891551822423935,0.7410358786582947,0.7604041695594788
YOR109W,YFR028C,1,-0.45904887,0.08926431834697723,0.7420318722724915,0.7604041695594788
YJR050W,YML082W,0,-0.45905718,0.08925362676382065,0.7420318722724915,0.7605041861534119
YPL168W,YGL151W,0,-0.45921195,0.08924293518066406,0.7420318722724915,0.7606042623519897
YAL002W,YER040W,0,-0.45924512,0.08923224359750748,0.7420318722724915,0.7607042789459229
YJL057C,YJL058C,0,-0.459511,0.08922155946493149,0.7420318722724915,0.760804295539856
YCR031C,YNL133C,0,-0.45959723,0.0892108753323555,0.7420318722724915,0.7609043717384338
YGR030C,YJL083W,0,-0.459607,0.08920019119977951,0.7420318722724915,0.7610043883323669
YMR001C,YOR195W,0,-0.4596118,0.08918951451778412,0.7420318722724915,0.7611044645309448
YOR156C,YJL094C,0,-0.4596518,0.08917883783578873,0.7420318722724915,0.7612044811248779
YOL098C,YNL173C,0,-0.4596702,0.08916816115379333,0.7420318722724915,0.761304497718811
YGL064C,YJL208C,0,-0.45969796,0.08915749192237854,0.7420318722724915,0.7614045739173889
YLR390W-A,YML096W,0,-0.45971388,0.08914682269096375,0.7420318722724915,0.761504590511322
YOR193W,YHR111W,0,-0.45977238,0.08913615345954895,0.7420318722724915,0.7616046667098999
YDR148C,YPR017C,0,-0.45979077,0.08912549167871475,0.7420318722724915,0.761704683303833
YAL068C,YPL178W,0,-0.45980033,0.08911482989788055,0.7420318722724915,0.7618046998977661
YIL107C,YJL167W,0,-0.45986977,0.08910417556762695,0.7420318722724915,0.761904776096344
YPR175W,YGR060W,0,-0.45999745,0.08909352123737335,0.7420318722724915,0.7620047926902771
YIL137C,YDR045C,0,-0.46003973,0.08908286690711975,0.7420318722724915,0.762104868888855
YOR359W,YGR044C,0,-0.46004918,0.08907221257686615,0.7420318722724915,0.7622048854827881
YBR038W,YEL024W,0,-0.46011356,0.08906156569719315,0.7420318722724915,0.7623049020767212
YHR205W,YDR080W,0,-0.46021476,0.08905091881752014,0.7420318722724915,0.7624049782752991
YDL145C,YPL179W,0,-0.46029285,0.08904027938842773,0.7420318722724915,0.7625049948692322
YNL328C,YER040W,0,-0.46032038,0.08902963995933533,0.7420318722724915,0.7626050710678101
YLR007W,YLR409C,0,-0.46045545,0.08901900053024292,0.7420318722724915,0.7627050876617432
YDR009W,YLR292C,0,-0.46065882,0.08900836110115051,0.7420318722724915,0.7628051042556763
YOR241W,YLR413W,0,-0.46067414,0.0889977291226387,0.7420318722724915,0.7629051804542542
YNL328C,YPL058C,0,-0.4608342,0.08898709714412689,0.7420318722724915,0.7630051970481873
YKL145W,YOR227W,0,-0.46086153,0.08897647261619568,0.7420318722724915,0.7631052136421204
YLR131C,YOR273C,0,-0.4608673,0.08896584808826447,0.7420318722724915,0.7632052898406982
YNL137C,YDL243C,0,-0.46107957,0.08895522356033325,0.7420318722724915,0.7633053064346313
YIL107C,YOR260W,0,-0.46109304,0.08894460648298264,0.7420318722724915,0.7634053826332092
YGR078C,YIL130W,0,-0.4612587,0.08893398940563202,0.7420318722724915,0.7635053992271423
YOR045W,YEL032W,0,-0.46128485,0.0889233723282814,0.7420318722724915,0.7636054158210754
YKL016C,YPR131C,0,-0.4613013,0.08891275525093079,0.7420318722724915,0.7637054920196533
YJR120W,YNL221C,0,-0.46138173,0.08890214562416077,0.7420318722724915,0.7638055086135864
YFL026W,YOR359W,0,-0.46161896,0.08889154344797134,0.7420318722724915,0.7639055848121643
YOR090C,YPL179W,1,-0.46168274,0.08900023996829987,0.7430278658866882,0.7639055848121643
YGL098W,YMR040W,0,-0.4616967,0.08898962289094925,0.7430278658866882,0.7640056014060974
YDL105W,YPR155C,0,-0.4617031,0.08897900581359863,0.7430278658866882,0.7641056180000305
YGR235C,YJL078C,0,-0.46184054,0.08896839618682861,0.7430278658866882,0.7642056941986084
YGR235C,YAL015C,0,-0.46197525,0.0889577865600586,0.7430278658866882,0.7643057107925415
YLR234W,YGL115W,0,-0.46211025,0.08894717693328857,0.7430278658866882,0.7644057869911194
YOR207C,YNL233W,0,-0.4621828,0.08893657475709915,0.7430278658866882,0.7645058035850525
YGR235C,YJR123W,0,-0.4621919,0.08892597258090973,0.7430278658866882,0.7646058201789856
YFR031C-A,YNL081C,0,-0.46219954,0.0889153778553009,0.7430278658866882,0.7647058963775635
YCR036W,YDR028C,0,-0.4622137,0.08890477567911148,0.7430278658866882,0.7648059129714966
YAL051W,YNL081C,0,-0.46226522,0.08889418840408325,0.7430278658866882,0.7649059891700745
YOR262W,YIL148W,0,-0.46241638,0.08888359367847443,0.7430278658866882,0.7650060057640076
YBR069C,YLR288C,0,-0.4624479,0.0888730064034462,0.7430278658866882,0.7651060223579407
YHR215W,YHR046C,1,-0.4624538,0.08898153901100159,0.7440239191055298,0.7651060223579407
YGR083C,YMR035W,0,-0.46249655,0.08897093683481216,0.7440239191055298,0.7652060985565186
YIL002C,YHR215W,1,-0.46251875,0.08907943218946457,0.7450199127197266,0.7652060985565186
YMR130W,YDR481C,1,-0.46254256,0.08918790519237518,0.7460159659385681,0.7652060985565186
YDR545W,YNL023C,0,-0.4625887,0.08917728066444397,0.7460159659385681,0.7653061151504517
YMR110C,YOL009C,0,-0.46267533,0.08916666358709335,0.7460159659385681,0.7654061913490295
YKL155C,YLR093C,0,-0.46279165,0.08915605396032333,0.7460159659385681,0.7655062079429626
YNL194C,YBL005W,0,-0.4627953,0.08914544433355331,0.7460159659385681,0.7656062245368958
YPR097W,YPL189W,0,-0.4628499,0.0891348347067833,0.7460159659385681,0.7657063007354736
YKL069W,YCR005C,0,-0.4628663,0.08912422508001328,0.7460159659385681,0.7658063173294067
YMR192W,YNR038W,0,-0.4628667,0.08911362290382385,0.7460159659385681,0.7659063339233398
YJL174W,YJR054W,0,-0.4629869,0.08910302072763443,0.7460159659385681,0.7660064101219177
YDL113C,YPL173W,0,-0.46300992,0.0890924260020256,0.7460159659385681,0.7661064267158508
YGR204W,YLL016W,0,-0.46306586,0.08908182382583618,0.7460159659385681,0.7662065029144287
YOL078W,YBL072C,0,-0.46320063,0.08907123655080795,0.7460159659385681,0.7663065195083618
YOR157C,YPL135W,0,-0.46322814,0.08906064182519913,0.7460159659385681,0.7664065361022949
YBR034C,YKL081W,0,-0.463302,0.0890500545501709,0.7460159659385681,0.7665066123008728
YOL042W,YDR384C,0,-0.46336356,0.08903946727514267,0.7460159659385681,0.7666066288948059
YER041W,YDR019C,0,-0.46343368,0.08902888745069504,0.7460159659385681,0.7667067050933838
YGR181W,YKR052C,0,-0.4635682,0.08901830017566681,0.7460159659385681,0.7668067216873169
YLR460C,YHR106W,0,-0.4636811,0.08900772780179977,0.7460159659385681,0.76690673828125
YIL053W,YFR028C,1,-0.4637483,0.08911596983671188,0.7470119595527649,0.76690673828125
YIL053W,YML102W,0,-0.46377227,0.08910538256168365,0.7470119595527649,0.7670068144798279
YIL118W,YML082W,0,-0.46380958,0.08909479528665543,0.7470119595527649,0.767106831073761
YKR093W,YKL134C,0,-0.46381256,0.0890842154622078,0.7470119595527649,0.7672069072723389
YBR107C,YER071C,0,-0.46401075,0.08907363563776016,0.7470119595527649,0.767306923866272
YPR100W,YJL003W,0,-0.46403897,0.08906305581331253,0.7470119595527649,0.7674069404602051
YDR469W,YLR337C,0,-0.46404454,0.0890524834394455,0.7470119595527649,0.767507016658783
YGR245C,YDR284C,0,-0.46414524,0.08904191106557846,0.7470119595527649,0.7676070332527161
YMR050C,YBR272C,0,-0.46425778,0.08903133869171143,0.7470119595527649,0.767707109451294
YJL078C,YOR357C,0,-0.46447513,0.08902077376842499,0.7470119595527649,0.767807126045227
YLR037C,YPR148C,0,-0.46461326,0.08901020884513855,0.7470119595527649,0.7679071426391602
YLR377C,YBR092C,1,-0.4649209,0.08911830931901932,0.7480079531669617,0.7679071426391602
YNL183C,YGL238W,0,-0.46496198,0.08910773694515228,0.7480079531669617,0.768007218837738
YKR078W,YBL051C,0,-0.464987,0.08909716457128525,0.7480079531669617,0.7681072354316711
YML127W,YKL196C,0,-0.46499994,0.08908659219741821,0.7480079531669617,0.768207311630249
YBR211C,YDR435C,0,-0.465138,0.08907602727413177,0.7480079531669617,0.7683073282241821
YNR024W,YIL130W,0,-0.46520945,0.08906546235084534,0.7480079531669617,0.7684073448181152
YOR091W,YLL018C,0,-0.46524218,0.0890549048781395,0.7480079531669617,0.7685074210166931
YGR007W,YDR257C,0,-0.4652988,0.08904434740543365,0.7480079531669617,0.7686074376106262
YAL048C,YDR075W,0,-0.46531883,0.08903378993272781,0.7480079531669617,0.7687074542045593
YDR463W,YKL192C,0,-0.4653915,0.08902323246002197,0.7480079531669617,0.7688075304031372
YKR007W,YOR048C,0,-0.46547922,0.08901268243789673,0.7480079531669617,0.7689075469970703
YLR435W,YGR260W,0,-0.465529,0.08900213241577148,0.7480079531669617,0.7690076231956482
YDR261C,YNL063W,0,-0.46563408,0.08899158984422684,0.7480079531669617,0.7691076397895813
YJL174W,YGL144C,0,-0.46571097,0.08898103982210159,0.7480079531669617,0.7692076563835144
YOR068C,YBR119W,0,-0.46575457,0.08897050470113754,0.7480079531669617,0.7693077325820923
YOL076W,YJL196C,0,-0.46583152,0.0889599621295929,0.7480079531669617,0.7694077491760254
YCR016W,YLR181C,0,-0.46591645,0.08894942700862885,0.7480079531669617,0.7695078253746033
YGL098W,YLL067C,0,-0.46604857,0.0889388918876648,0.7480079531669617,0.7696078419685364
YJL181W,YNR024W,0,-0.46612272,0.08892835676670074,0.7480079531669617,0.7697078585624695
YOL098C,YDR300C,0,-0.4663542,0.08891782909631729,0.7480079531669617,0.7698079347610474
YHR149C,YHR005C,0,-0.46636453,0.08890730142593384,0.7480079531669617,0.7699079513549805
YLR377C,YDR301W,0,-0.4663771,0.08889678120613098,0.7480079531669617,0.7700080275535583
YDR513W,YOL059W,0,-0.46639234,0.08888626098632812,0.7480079531669617,0.7701080441474915
YDR261C,YOR059C,0,-0.46647742,0.08887574076652527,0.7480079531669617,0.7702080607414246
YDR040C,YIL167W,0,-0.4665259,0.08886522054672241,0.7480079531669617,0.7703081369400024
YKL048C,YHR149C,0,-0.46655706,0.08885470777750015,0.7480079531669617,0.7704081535339355
YAL048C,YHR118C,0,-0.46663263,0.0888441950082779,0.7480079531669617,0.7705082297325134
YLR102C,YLR220W,0,-0.46664223,0.08883368968963623,0.7480079531669617,0.7706082463264465
YOR266W,YBL091C,0,-0.4668354,0.08882318437099457,0.7480079531669617,0.7707082629203796
YGL076C,YDL076C,0,-0.46701846,0.0888126790523529,0.7480079531669617,0.7708083391189575
YGL243W,YER044C-A,0,-0.46703,0.08880217373371124,0.7480079531669617,0.7709083557128906
YKL016C,YPL115C,0,-0.4671544,0.08879167586565018,0.7480079531669617,0.7710084319114685
YMR215W,YOR341W,0,-0.46715668,0.08878117799758911,0.7480079531669617,0.7711084485054016
YGL126W,YMR035W,0,-0.46719578,0.08877068758010864,0.7480079531669617,0.7712084650993347
YGR123C,YDR284C,1,-0.4675573,0.08887838572263718,0.7490040063858032,0.7712084650993347
YOR011W,YKR052C,0,-0.4675695,0.08886788040399551,0.7490040063858032,0.7713085412979126
YAR009C,YJL212C,0,-0.4676271,0.08885738253593445,0.7490040063858032,0.7714085578918457
YNL031C,YPL178W,0,-0.46771565,0.08884687721729279,0.7490040063858032,0.7715085744857788
YML086C,YMR050C,0,-0.46781287,0.08883638679981232,0.7490040063858032,0.7716086506843567
YEL018W,YNL029C,0,-0.46784526,0.08882588893175125,0.7490040063858032,0.7717086672782898
YJR035W,YOL052C-A,0,-0.46815336,0.08881539851427078,0.7490040063858032,0.7718087434768677
YHR122W,YHR170W,0,-0.4681768,0.08880491554737091,0.7490040063858032,0.7719087600708008
YBR208C,YLR019W,0,-0.46819395,0.08879442512989044,0.7490040063858032,0.7720087766647339
YBL100W-B,YNL068C,0,-0.4682041,0.08878394216299057,0.7490040063858032,0.7721088528633118
YJL162C,YDR235W,0,-0.46824935,0.0887734591960907,0.7490040063858032,0.7722088694572449
YMR165C,YKL212W,1,-0.4683685,0.08888102322816849,0.75,0.7722088694572449
YGR129W,YDL102W,0,-0.46849224,0.08887053281068802,0.75,0.7723089456558228
YML098W,YML059C,0,-0.46851265,0.08886004239320755,0.75,0.7724089622497559
YGL142C,YOL122C,0,-0.46854916,0.08884955942630768,0.75,0.772508978843689
YDR350C,YLR092W,0,-0.46857414,0.0888390764594078,0.75,0.7726090550422668
YLR417W,YPR003C,0,-0.46864095,0.08882859349250793,0.75,0.7727090716362
YER005W,YMR183C,0,-0.46866307,0.08881811797618866,0.75,0.7728091478347778
YPL207W,YLR200W,0,-0.4686727,0.08880764245986938,0.75,0.7729091644287109
YDR545W,YJL173C,0,-0.46868005,0.08879716694355011,0.75,0.773009181022644
YKR075C,YKL110C,0,-0.46870086,0.08878669887781143,0.75,0.7731092572212219
YMR261C,YBR295W,0,-0.46895835,0.08877623081207275,0.75,0.773209273815155
YPR003C,YMR002W,0,-0.46919736,0.08876577019691467,0.75,0.7733093500137329
YDL230W,YMR087W,1,-0.4692211,0.08887317031621933,0.7509959936141968,0.7733093500137329
YJR042W,YDR078C,0,-0.4692464,0.08886270225048065,0.7509959936141968,0.773409366607666
YLR377C,YKR075C,0,-0.46930286,0.08885222673416138,0.7509959936141968,0.7735093832015991
YNL217W,YDR287W,1,-0.46932623,0.08895958214998245,0.7519920468330383,0.7735093832015991
YOL126C,YDR300C,0,-0.46933168,0.08894910663366318,0.7519920468330383,0.773609459400177
YEL001C,YGR129W,0,-0.4693881,0.0889386236667633,0.7519920468330383,0.7737094759941101
YKL063C,YBR162C,0,-0.46987388,0.08892814815044403,0.7519920468330383,0.773809552192688
YIL064W,YIL130W,0,-0.470058,0.08891768008470535,0.7519920468330383,0.7739095687866211
YMR076C,YGL045W,0,-0.4700645,0.08890720456838608,0.7519920468330383,0.7740095853805542
YDL240W,YOR177C,0,-0.4700865,0.0888967365026474,0.7519920468330383,0.7741096615791321
YKR053C,YBR022W,1,-0.47015867,0.08900400251150131,0.7529880404472351,0.7741096615791321
YJL012C,YDL046W,0,-0.470224,0.08899352699518204,0.7529880404472351,0.7742096781730652
YLR345W,YNL325C,1,-0.47023186,0.08910075575113297,0.7539840340614319,0.7742096781730652
YGR007W,YLR023C,0,-0.47041532,0.0890902653336525,0.7539840340614319,0.7743096947669983
YBR295W,YLR058C,0,-0.47043017,0.08907978236675262,0.7539840340614319,0.7744097709655762
YGL189C,YDR469W,0,-0.47043827,0.08906929939985275,0.7539840340614319,0.7745097875595093
YGR204W,YEL032W,0,-0.4704735,0.08905882388353348,0.7539840340614319,0.7746098637580872
YKL014C,YKL080W,0,-0.47049952,0.0890483483672142,0.7539840340614319,0.7747098803520203
YNR032W,YDR287W,1,-0.47056994,0.08915549516677856,0.7549800872802734,0.7747098803520203
YGL006W,YER060W-A,0,-0.47066727,0.0891450047492981,0.7549800872802734,0.7748098969459534
YLR284C,YGL064C,0,-0.4706879,0.08913452178239822,0.7549800872802734,0.7749099731445312
YJR117W,YEL024W,0,-0.47069424,0.08912404626607895,0.7549800872802734,0.7750099897384644
YKL033W,YMR207C,0,-0.47071227,0.08911356329917908,0.7549800872802734,0.7751100659370422
YJL181W,YPR131C,0,-0.47074246,0.0891030952334404,0.7549800872802734,0.7752100825309753
YPL036W,YBR060C,0,-0.470974,0.08909261971712112,0.7549800872802734,0.7753100991249084
YGR082W,YHR142W,0,-0.4710212,0.08908215165138245,0.7549800872802734,0.7754101753234863
YER040W,YNL094W,0,-0.47135633,0.08907168358564377,0.7549800872802734,0.7755101919174194
YDR308C,YDR343C,0,-0.47138038,0.08906121551990509,0.7549800872802734,0.7756102681159973
YML133C,YKL052C,0,-0.47139996,0.08905075490474701,0.7549800872802734,0.7757102847099304
YCR065W,YNL161W,0,-0.4714097,0.08904029428958893,0.7549800872802734,0.7758103013038635
YDR500C,YLR313C,0,-0.47142026,0.08902983367443085,0.7549800872802734,0.7759103775024414
YKL149C,YFR025C,0,-0.4715419,0.08901938050985336,0.7549800872802734,0.7760103940963745
YOL144W,YOR195W,0,-0.47179064,0.08900892734527588,0.7549800872802734,0.7761104702949524
YJR073C,YBL008W,0,-0.47187096,0.0889984741806984,0.7549800872802734,0.7762104868888855
YIL037C,YLL067C,0,-0.47188064,0.08898802846670151,0.7549800872802734,0.7763105034828186
YJL013C,YMR035W,0,-0.47203678,0.08897758275270462,0.7549800872802734,0.7764105796813965
YPR067W,YJR027W,0,-0.47208822,0.08896713703870773,0.7549800872802734,0.7765105962753296
YKR100C,YHL050C,0,-0.47222686,0.08895669877529144,0.7549800872802734,0.7766106724739075
YIL053W,YDR406W,0,-0.47224033,0.08894625306129456,0.7549800872802734,0.7767106890678406
YLR361C,YBL072C,0,-0.4722641,0.08893582224845886,0.7549800872802734,0.7768107056617737
YOR264W,YDR361C,0,-0.47237426,0.08892538398504257,0.7549800872802734,0.7769107818603516
YPR161C,YGL096W,0,-0.47243702,0.08891495317220688,0.7549800872802734,0.7770107984542847
YKR085C,YIL123W,0,-0.47244355,0.08890452980995178,0.7549800872802734,0.7771108150482178
YER007C-A,YIR004W,0,-0.47251388,0.08889409899711609,0.7549800872802734,0.7772108912467957
YHR103W,YHR214W,0,-0.47252175,0.08888367563486099,0.7549800872802734,0.7773109078407288
YJL179W,YGR122W,0,-0.47257173,0.0888732522726059,0.7549800872802734,0.7774109840393066
YPL043W,YJL197W,0,-0.4726039,0.0888628363609314,0.7549800872802734,0.7775110006332397
YLR347C,YAL028W,0,-0.47274077,0.0888524204492569,0.7549800872802734,0.7776110172271729
YBL013W,YIL068C,0,-0.47277024,0.0888420045375824,0.7549800872802734,0.7777110934257507
YMR053C,YOR117W,0,-0.4727844,0.0888315960764885,0.7549800872802734,0.7778111100196838
YJL183W,YER177W,0,-0.47288188,0.08882118761539459,0.7549800872802734,0.7779111862182617
YMR322C,YDR259C,0,-0.473077,0.08881077915430069,0.7549800872802734,0.7780112028121948
YEL032W,YLR260W,0,-0.4731909,0.08880037814378738,0.7549800872802734,0.7781112194061279
YNL142W,YGR120C,0,-0.47333357,0.08878996968269348,0.7549800872802734,0.7782112956047058
YDR284C,YJL098W,1,-0.4735522,0.08889669924974442,0.7559760808944702,0.7782112956047058
YGL126W,YER176W,0,-0.47379962,0.08888628333806992,0.7559760808944702,0.7783113121986389
YKL006C-A,YER155C,0,-0.4738019,0.08887587487697601,0.7559760808944702,0.7784113883972168
YNL328C,YBR086C,0,-0.47387353,0.08886547386646271,0.7559760808944702,0.7785114049911499
YKL016C,YKL062W,0,-0.47397023,0.0888550654053688,0.7559760808944702,0.778611421585083
YGL246C,YKL039W,0,-0.47399336,0.0888446718454361,0.7559760808944702,0.7787114977836609
YHR001W-A,YDR005C,0,-0.47405088,0.08883427083492279,0.7559760808944702,0.778811514377594
YHR033W,YDR386W,0,-0.47411042,0.08882387727499008,0.7559760808944702,0.7789115905761719
YER040W,YIL137C,0,-0.47428843,0.08881348371505737,0.7559760808944702,0.779011607170105
YDR256C,YGL116W,0,-0.47440997,0.08880309015512466,0.7559760808944702,0.7791116237640381
YOR009W,YNR037C,0,-0.47442967,0.08879269659519196,0.7559760808944702,0.779211699962616
YBR254C,YNL038W,0,-0.47453836,0.08878231048583984,0.7559760808944702,0.7793117165565491
YHR046C,YKL212W,1,-0.47461283,0.08888889104127884,0.7569721341133118,0.7793117165565491
YFL049W,YLR292C,0,-0.4746297,0.08887849003076553,0.7569721341133118,0.779411792755127
YLR361C,YDL024C,1,-0.47467062,0.08898503333330154,0.7579681277275085,0.779411792755127
YBR054W,YER129W,0,-0.4748331,0.08897463232278824,0.7579681277275085,0.7795118093490601
YDR328C,YOR113W,0,-0.47488397,0.08896422386169434,0.7579681277275085,0.7796118259429932
YGL104C,YBR146W,0,-0.47492263,0.08895383030176163,0.7579681277275085,0.779711902141571
YDL006W,YDR287W,1,-0.47493574,0.08906030654907227,0.7589641213417053,0.779711902141571
YKR007W,YGR003W,0,-0.47494015,0.08904989808797836,0.7589641213417053,0.7798119187355042
YER159C,YOR271C,0,-0.475015,0.08903949707746506,0.7589641213417053,0.7799119353294373
YOR191W,YIL069C,0,-0.47501722,0.08902908861637115,0.7589641213417053,0.7800120115280151
YER031C,YBR295W,0,-0.4751337,0.08901869505643845,0.7589641213417053,0.7801120281219482
YMR318C,YOR372C,0,-0.4751478,0.08900829404592514,0.7589641213417053,0.7802121043205261
YGR123C,YNL128W,1,-0.47527665,0.08911469578742981,0.7599601745605469,0.7802121043205261
YPR131C,YMR072W,0,-0.47532886,0.08910428732633591,0.7599601745605469,0.7803121209144592
YML100W,YDR284C,1,-0.47540972,0.08921065181493759,0.7609561681747437,0.7803121209144592
YIL014W,YER060W-A,0,-0.47547522,0.08920023590326309,0.7609561681747437,0.7804121375083923
YDR188W,YHR190W,0,-0.4756061,0.08918981999158859,0.7609561681747437,0.7805122137069702
YDL119C,YOR059C,0,-0.47568405,0.08917941153049469,0.7609561681747437,0.7806122303009033
YMR009W,YNL240C,0,-0.4756854,0.08916900306940079,0.7609561681747437,0.7807123064994812
YKL062W,YHL025W,0,-0.47575358,0.08915859460830688,0.7609561681747437,0.7808123230934143
YHR149C,YLR352W,0,-0.47578296,0.08914819359779358,0.7609561681747437,0.7809123396873474
YNL214W,YBR060C,0,-0.47580674,0.08913779258728027,0.7609561681747437,0.7810124158859253
YBL056W,YNL118C,0,-0.47589767,0.08912739157676697,0.7609561681747437,0.7811124324798584
YLR249W,YML055W,0,-0.47605148,0.08911699801683426,0.7609561681747437,0.7812125086784363
YJL127C,YGL027C,0,-0.476155,0.08910660445690155,0.7609561681747437,0.7813125252723694
YOR014W,YLR019W,1,-0.47618386,0.0892128273844719,0.7619521617889404,0.7813125252723694
YER062C,YBR022W,1,-0.47622594,0.08931902796030045,0.762948215007782,0.7813125252723694
YER143W,YKL002W,0,-0.47624952,0.08930861949920654,0.762948215007782,0.7814125418663025
YLR324W,YIL033C,0,-0.47628295,0.08929820358753204,0.762948215007782,0.7815126180648804
YBR254C,YDL154W,0,-0.47662374,0.08928779512643814,0.762948215007782,0.7816126346588135
YPR008W,YKL029C,0,-0.47683635,0.08927738666534424,0.762948215007782,0.7817127108573914
YGL025C,YHR114W,0,-0.47692847,0.08926698565483093,0.762948215007782,0.7818127274513245
YBR188C,YOR271C,0,-0.4769882,0.08925658464431763,0.762948215007782,0.7819127440452576
YCR016W,YIL167W,0,-0.47734848,0.08924618363380432,0.762948215007782,0.7820128202438354
YMR232W,YDL220C,0,-0.47741398,0.08923579007387161,0.762948215007782,0.7821128368377686
YDR175C,YLR115W,0,-0.4774286,0.0892253965139389,0.762948215007782,0.7822129130363464
YHR120W,YPL221W,0,-0.47748667,0.0892150029540062,0.762948215007782,0.7823129296302795
YLR432W,YMR118C,0,-0.47749686,0.08920460939407349,0.762948215007782,0.7824129462242126
YKR089C,YER015W,0,-0.47765693,0.08919422328472137,0.762948215007782,0.7825130224227905
YHR165C,YDR350C,0,-0.4777268,0.08918383717536926,0.762948215007782,0.7826130390167236
YPL133C,YLR337C,0,-0.47774938,0.08917345851659775,0.762948215007782,0.7827130556106567
YMR220W,YMR225C,0,-0.47777048,0.08916307985782623,0.762948215007782,0.7828131318092346
YML102W,YOR341W,0,-0.47779155,0.08915270119905472,0.762948215007782,0.7829131484031677
YBR046C,YHL028W,0,-0.47785148,0.0891423225402832,0.762948215007782,0.7830132246017456
YOR266W,YDR005C,0,-0.47786292,0.08913195133209229,0.762948215007782,0.7831132411956787
YER149C,YPL063W,0,-0.47795042,0.08912158012390137,0.762948215007782,0.7832132577896118
YFR027W,YNL056W,0,-0.47797814,0.08911121636629105,0.762948215007782,0.7833133339881897
YJL186W,YHR193C,0,-0.47800413,0.08910085260868073,0.762948215007782,0.7834133505821228
YOR383C,YCR036W,0,-0.47805136,0.0890904888510704,0.762948215007782,0.7835134267807007
YLR220W,YDR399W,0,-0.47818217,0.08908012509346008,0.762948215007782,0.7836134433746338
YIL106W,YOR250C,0,-0.47825316,0.08906976878643036,0.762948215007782,0.7837134599685669
YDR436W,YDR287W,1,-0.47825572,0.08917567878961563,0.7639442086219788,0.7837134599685669
YEL018W,YOL122C,0,-0.4782996,0.08916530758142471,0.7639442086219788,0.7838135361671448
YNL167C,YBR153W,0,-0.47830173,0.08915494382381439,0.7639442086219788,0.7839135527610779
YGR254W,YDR412W,0,-0.47839293,0.08914458751678467,0.7639442086219788,0.7840136289596558
YDR201W,YPR133C,0,-0.47851023,0.08913422375917435,0.7639442086219788,0.7841136455535889
YPR073C,YNL217W,1,-0.47855073,0.08924006670713425,0.7649402618408203,0.7841136455535889
YLR019W,YMR087W,1,-0.4785515,0.08934587985277176,0.7659362554550171,0.7841136455535889
YMR087W,YCR079W,1,-0.47861382,0.08945167064666748,0.7669322490692139,0.7841136455535889
YHR149C,YNL063W,0,-0.47868302,0.08944128453731537,0.7669322490692139,0.784213662147522
YDL230W,YDL018C,0,-0.47875562,0.08943089097738266,0.7669322490692139,0.7843137383460999
YDL230W,YKL212W,1,-0.47880498,0.0895366370677948,0.7679283022880554,0.7843137383460999
YGL189C,YBL025W,0,-0.47888052,0.08952624350786209,0.7679283022880554,0.784413754940033
YOR252W,YPL234C,0,-0.47931418,0.08951584994792938,0.7679283022880554,0.7845138311386108
YIL013C,YNL020C,0,-0.47942564,0.08950545638799667,0.7679283022880554,0.784613847732544
YKR078W,YNL183C,0,-0.4796854,0.08949507027864456,0.7679283022880554,0.784713864326477
YPR175W,YOR001W,0,-0.47977272,0.08948467671871185,0.7679283022880554,0.7848139405250549
YHR035W,YNL251C,0,-0.47990027,0.08947429805994034,0.7679283022880554,0.784913957118988
YHR113W,YKR077W,0,-0.4799128,0.08946391195058823,0.7679283022880554,0.7850140333175659
YJR102C,YPR131C,0,-0.47996247,0.08945353329181671,0.7679283022880554,0.785114049911499
YDR469W,YLR413W,0,-0.48026678,0.0894431546330452,0.7679283022880554,0.7852140665054321
YKL149C,YGL139W,0,-0.48027116,0.08943278342485428,0.7679283022880554,0.78531414270401
YML067C,YML055W,0,-0.48039812,0.08942240476608276,0.7679283022880554,0.7854141592979431
YNL045W,YKL032C,0,-0.48043346,0.08941204100847244,0.7679283022880554,0.7855141758918762
YLR115W,YNL216W,0,-0.4804482,0.08940166980028152,0.7679283022880554,0.7856142520904541
YNL243W,YKL197C,0,-0.48048675,0.0893913060426712,0.7679283022880554,0.7857142686843872
YHR204W,YDR179C,0,-0.48053226,0.08938094228506088,0.7679283022880554,0.7858143448829651
YJL186W,YPR034W,0,-0.4805853,0.08937057852745056,0.7679283022880554,0.7859143614768982
YML098W,YNL278W,0,-0.4806155,0.08936022222042084,0.7679283022880554,0.7860143780708313
YGR181W,YBL051C,0,-0.48062196,0.08934986591339111,0.7679283022880554,0.7861144542694092
YHR043C,YMR180C,1,-0.4807492,0.08945538848638535,0.7689242959022522,0.7861144542694092
YLR347C,YDR398W,0,-0.4807652,0.08944502472877502,0.7689242959022522,0.7862144708633423
YLR143W,YDL223C,0,-0.48090637,0.0894346609711647,0.7689242959022522,0.7863145470619202
YGL085W,YBL072C,0,-0.48114935,0.08942430466413498,0.7689242959022522,0.7864145636558533
YOL098C,YNL063W,0,-0.4812034,0.08941394835710526,0.7689242959022522,0.7865145802497864
YOR079C,YBR191W,0,-0.48122817,0.08940359205007553,0.7689242959022522,0.7866146564483643
YOR018W,YKL194C,0,-0.4812531,0.0893932357430458,0.7689242959022522,0.7867146730422974
YFR050C,YMR050C,0,-0.48125395,0.08938288688659668,0.7689242959022522,0.7868147492408752
YOR060C,YER060W,0,-0.48127773,0.08937253803014755,0.7689242959022522,0.7869147658348083
YOR191W,YOR372C,0,-0.4813262,0.08936219662427902,0.7689242959022522,0.7870147824287415
YIR004W,YKL040C,0,-0.48138064,0.08935185521841049,0.7689242959022522,0.7871148586273193
YDR468C,YMR072W,0,-0.48149863,0.08934151381254196,0.7689242959022522,0.7872148752212524
YDR397C,YLR313C,0,-0.48150995,0.08933117240667343,0.7689242959022522,0.7873149514198303
YJL181W,YLR293C,0,-0.4815518,0.0893208384513855,0.7689242959022522,0.7874149680137634
YGL139W,YLR011W,0,-0.4816747,0.08931050449609756,0.7689242959022522,0.7875149846076965
YOR252W,YOR195W,0,-0.48170415,0.08930017054080963,0.7689242959022522,0.7876150608062744
YBL035C,YOR271C,0,-0.4819718,0.0892898440361023,0.7689242959022522,0.7877150774002075
YBR085W,YHR202W,0,-0.48199758,0.08927951753139496,0.7689242959022522,0.7878151535987854
YIL156W,YCL039W,0,-0.48203483,0.08926919847726822,0.7689242959022522,0.7879151701927185
YGL098W,YPL215W,0,-0.48207,0.08925887197256088,0.7689242959022522,0.7880151867866516
YIL156W,YGR055W,0,-0.48209694,0.08924855291843414,0.7689242959022522,0.7881152629852295
YPL001W,YPR188C,0,-0.48226267,0.089238241314888,0.7689242959022522,0.7882152795791626
YOL012C,YKR088C,0,-0.4823158,0.08922792226076126,0.7689242959022522,0.7883153557777405
YDL113C,YBR045C,0,-0.482346,0.08921761065721512,0.7689242959022522,0.7884153723716736
YNL103W,YMR175W,0,-0.48261687,0.08920730650424957,0.7689242959022522,0.7885153889656067
YCR016W,YLR352W,0,-0.4826462,0.08919699490070343,0.7689242959022522,0.7886154651641846
YPL100W,YCL044C,0,-0.48271316,0.08918669074773788,0.7689242959022522,0.7887154817581177
YIR004W,YNR038W,0,-0.48282668,0.08917638659477234,0.7689242959022522,0.7888154983520508
YDL160C,YER178W,0,-0.48292756,0.08916608989238739,0.7689242959022522,0.7889155745506287
YOL154W,YER032W,0,-0.48309323,0.08915579319000244,0.7689242959022522,0.7890155911445618
YCR031C,YOR103C,0,-0.48329887,0.08914549648761749,0.7689242959022522,0.7891156673431396
YDR150W,YEL032W,0,-0.48332936,0.08913520723581314,0.7689242959022522,0.7892156839370728
YOL154W,YGR078C,0,-0.4835865,0.08912491053342819,0.7689242959022522,0.7893157005310059
YPL018W,YOR113W,0,-0.483587,0.08911462873220444,0.7689242959022522,0.7894157767295837
YMR076C,YBR130C,0,-0.4836239,0.08910433948040009,0.7689242959022522,0.7895157933235168
YNL156C,YPL076W,0,-0.48373592,0.08909405767917633,0.7689242959022522,0.7896158695220947
YNL053W,YPL179W,1,-0.4838845,0.08919917047023773,0.769920289516449,0.7896158695220947
YFL049W,YNL081C,0,-0.4841847,0.08918887376785278,0.769920289516449,0.7897158861160278
YHR088W,YKL060C,0,-0.4843168,0.08917858451604843,0.769920289516449,0.7898159027099609
YKL069W,YOL096C,0,-0.48435673,0.08916830271482468,0.769920289516449,0.7899159789085388
YDR212W,YJL089W,0,-0.48442465,0.08915801346302032,0.769920289516449,0.7900159955024719
YPL115C,YGL194C,0,-0.4845077,0.08914773166179657,0.769920289516449,0.7901160717010498
YIL107C,YMR226C,0,-0.48458755,0.08913745731115341,0.769920289516449,0.7902160882949829
YMR048W,YMR274C,0,-0.48460662,0.08912717550992966,0.769920289516449,0.790316104888916
YER007C-A,YBL031W,0,-0.48464376,0.0891169011592865,0.769920289516449,0.7904161810874939
YHR037W,YDL139C,0,-0.48467252,0.08910662680864334,0.769920289516449,0.790516197681427
YOR034C,YGR083C,0,-0.48482147,0.08909635990858078,0.769920289516449,0.7906162738800049
YJL155C,YMR261C,1,-0.4848733,0.08920133858919144,0.7709163427352905,0.7906162738800049
YBL100W-B,YBL091C,0,-0.48510343,0.08919105678796768,0.7709163427352905,0.790716290473938
YLR185W,YNL133C,0,-0.48511204,0.08918078243732452,0.7709163427352905,0.7908163070678711
YJL059W,YDL139C,0,-0.48528638,0.08917050808668137,0.7709163427352905,0.790916383266449
YPR003C,YGL198W,0,-0.4853054,0.08916023373603821,0.7709163427352905,0.7910163998603821
YOR207C,YOR249C,0,-0.48532188,0.08914996683597565,0.7709163427352905,0.79111647605896
YLR277C,YDR234W,0,-0.48533267,0.08913969993591309,0.7709163427352905,0.7912164926528931
YLR083C,YJL096W,0,-0.48533368,0.08912943303585052,0.7709163427352905,0.7913165092468262
YJL069C,YDL139C,0,-0.48537454,0.08911917358636856,0.7709163427352905,0.791416585445404
YEL019C,YLR061W,0,-0.4855691,0.0891089141368866,0.7709163427352905,0.7915166020393372
YPR161C,YPL115C,0,-0.48561844,0.08909865468740463,0.7709163427352905,0.7916166186332703
YKL060C,YDL046W,0,-0.4856238,0.08908839523792267,0.7709163427352905,0.7917166948318481
YDR545W,YNL164C,0,-0.48574534,0.0890781432390213,0.7709163427352905,0.7918167114257812
YML120C,YBL035C,0,-0.48579863,0.08906789124011993,0.7709163427352905,0.7919167876243591
YMR261C,YLR017W,0,-0.48601463,0.08905764669179916,0.7709163427352905,0.7920168042182922
YNL031C,YCL001W,0,-0.4860827,0.0890474021434784,0.7709163427352905,0.7921168208122253
YPR110C,YDR468C,0,-0.48609504,0.08903715759515762,0.7709163427352905,0.7922168970108032
YDL105W,YOL078W,0,-0.48615223,0.08902691304683685,0.7709163427352905,0.7923169136047363
YER133W,YDL006W,1,-0.48661384,0.0891316831111908,0.7719123363494873,0.7923169136047363
YEL048C,YKL029C,0,-0.48705798,0.08912143856287003,0.7719123363494873,0.7924169898033142
YHL011C,YBR015C,0,-0.48725182,0.08911118656396866,0.7719123363494873,0.7925170063972473
YHR044C,YLR345W,1,-0.48733363,0.08921591192483902,0.7729083895683289,0.7925170063972473
YGL025C,YHL006C,0,-0.48733592,0.08920565247535706,0.7729083895683289,0.7926170229911804
YOR019W,YLR460C,0,-0.48751935,0.08919540047645569,0.7729083895683289,0.7927170991897583
YGR174C,YNL294C,0,-0.4876257,0.08918514847755432,0.7729083895683289,0.7928171157836914
YGL070C,YNL055C,0,-0.48774633,0.08917490392923355,0.7729083895683289,0.7929171919822693
YLR234W,YDL223C,0,-0.48781863,0.08916465938091278,0.7729083895683289,0.7930172085762024
YGR055W,YNL059C,0,-0.4879371,0.08915441483259201,0.7729083895683289,0.7931172251701355
YFR025C,YBR022W,1,-0.4879412,0.08925904333591461,0.7739043831825256,0.7931172251701355
YDL113C,YBL025W,0,-0.48795786,0.08924879133701324,0.7739043831825256,0.7932173013687134
YPL262W,YGR040W,0,-0.48796326,0.08923854678869247,0.7739043831825256,0.7933173179626465
YKR007W,YKL052C,0,-0.4880112,0.08922829478979111,0.7739043831825256,0.7934173941612244
YFR010W,YDL145C,0,-0.48814556,0.08921805024147034,0.7739043831825256,0.7935174107551575
YMR226C,YLR292C,0,-0.48844746,0.08920780569314957,0.7739043831825256,0.7936174273490906
YGL061C,YKL032C,0,-0.48855206,0.0891975685954094,0.7739043831825256,0.7937175035476685
YGR254W,YLL006W,0,-0.48868662,0.08918733149766922,0.7739043831825256,0.7938175201416016
YOR081C,YOR335C,0,-0.48872766,0.08917709439992905,0.7739043831825256,0.7939175963401794
YNL054W,YDR105C,0,-0.48873588,0.08916685730218887,0.7739043831825256,0.7940176129341125
YNL328C,YGR046W,0,-0.48889318,0.0891566276550293,0.7739043831825256,0.7941176295280457
YMR081C,YHR020W,0,-0.48889503,0.08914639800786972,0.7739043831825256,0.7942177057266235
YHR204W,YPL176C,0,-0.48894867,0.08913616836071014,0.7739043831825256,0.7943177223205566
YNL023C,YGR017W,0,-0.48896495,0.08912594616413116,0.7739043831825256,0.7944177389144897
YPL179W,YDR110W,0,-0.4890413,0.08911572396755219,0.7739043831825256,0.7945178151130676
YBR276C,YJL098W,1,-0.48907056,0.08922018110752106,0.7749003767967224,0.7945178151130676
YLR039C,YPR097W,0,-0.48911953,0.08920995146036148,0.7749003767967224,0.7946178317070007
YDR243C,YBR193C,0,-0.48918,0.0891997218132019,0.7749003767967224,0.7947179079055786
YDR243C,YNL036W,0,-0.4893212,0.08918949961662292,0.7749003767967224,0.7948179244995117
YIL002C,YNR032W,1,-0.48943365,0.08929390460252762,0.775896430015564,0.7948179244995117
YLR411W,YGR060W,0,-0.48949134,0.08928366750478745,0.775896430015564,0.7949179410934448
YPR128C,YLR115W,0,-0.48957112,0.08927343785762787,0.775896430015564,0.7950180172920227
YNL045W,YKL054C,0,-0.48957637,0.08926320821046829,0.775896430015564,0.7951180338859558
YHR024C,YGR120C,0,-0.48960888,0.08925297856330872,0.775896430015564,0.7952181100845337
YOL098C,YLR220W,0,-0.4896113,0.08924275636672974,0.775896430015564,0.7953181266784668
YLR004C,YNL190W,0,-0.4897092,0.08923253417015076,0.775896430015564,0.7954181432723999
YGR203W,YNL053W,1,-0.48971942,0.08933684229850769,0.7768924236297607,0.7954181432723999
YKL052C,YGR129W,0,-0.48986498,0.08932661265134811,0.7768924236297607,0.7955182194709778
YNL221C,YIL123W,0,-0.48996106,0.08931638300418854,0.7768924236297607,0.7956182360649109
YGR181W,YER179W,0,-0.48996422,0.08930616080760956,0.7768924236297607,0.7957183122634888
YDL124W,YLR054C,0,-0.49014208,0.08929593861103058,0.7768924236297607,0.7958183288574219
YMR041C,YHR006W,0,-0.4905685,0.0892857164144516,0.7768924236297607,0.795918345451355
YNL243W,YBL091C,0,-0.49079314,0.08927549421787262,0.7768924236297607,0.7960184216499329
YGR099W,YDR150W,0,-0.49081153,0.08926527947187424,0.7768924236297607,0.796118438243866
YML067C,YML133C,0,-0.49091995,0.08925506472587585,0.7768924236297607,0.7962185144424438
YDR189W,YCR105W,0,-0.49095586,0.08924484997987747,0.7768924236297607,0.796318531036377
YEL001C,YBL035C,0,-0.4910252,0.08923464268445969,0.7768924236297607,0.7964185476303101
YMR130W,YLR345W,1,-0.4910982,0.08933882415294647,0.7778884172439575,0.7964185476303101
YOR090C,YIL087C,0,-0.49127692,0.08932860940694809,0.7778884172439575,0.7965186238288879
YHL038C,YOR341W,0,-0.49130386,0.08931838721036911,0.7778884172439575,0.796618640422821
YOR254C,YBR191W,0,-0.4915237,0.08930817246437073,0.7778884172439575,0.7967187166213989
YNL056W,YGR083C,0,-0.49189413,0.08929796516895294,0.7778884172439575,0.796818733215332
YGL067W,YHR113W,0,-0.4920425,0.08928775787353516,0.7778884172439575,0.7969187498092651
YPR057W,YGR296W,0,-0.4920969,0.08927755057811737,0.7778884172439575,0.797018826007843
YDL047W,YER075C,1,-0.49229082,0.089381642639637,0.7788844704627991,0.797018826007843
YDR323C,YLR248W,0,-0.4923076,0.08937142789363861,0.7788844704627991,0.7971188426017761
YDL124W,YNL133C,0,-0.4923614,0.08936121314764023,0.7788844704627991,0.7972188591957092
YIL007C,YDR100W,0,-0.49237245,0.08935100585222244,0.7788844704627991,0.7973189353942871
YOR335C,YJL197W,0,-0.49280646,0.08934079855680466,0.7788844704627991,0.7974189519882202
YKL191W,YNL055C,0,-0.49292275,0.08933059126138687,0.7788844704627991,0.7975190281867981
YGR003W,YDR301W,0,-0.49298903,0.08932039141654968,0.7788844704627991,0.7976190447807312
YOR316C,YBR085W,0,-0.49303183,0.0893101841211319,0.7788844704627991,0.7977190613746643
YHR103W,YHR202W,0,-0.49305725,0.0892999917268753,0.7788844704627991,0.7978191375732422
YFR031C-A,YOR101W,0,-0.4930615,0.08928979188203812,0.7788844704627991,0.7979191541671753
YDL240W,YPL207W,0,-0.4930887,0.08927959948778152,0.7788844704627991,0.7980192303657532
YHR204W,YNL246W,0,-0.49316326,0.08926940709352493,0.7788844704627991,0.7981192469596863
YML100W,YIL062C,0,-0.49325076,0.08925921469926834,0.7788844704627991,0.7982192635536194
YJR084W,YDR545W,0,-0.49338612,0.08924902975559235,0.7788844704627991,0.7983193397521973
YJL013C,YPL221W,0,-0.49341395,0.08923884481191635,0.7788844704627991,0.7984193563461304
YDR309C,YDR412W,0,-0.49364164,0.08922865986824036,0.7788844704627991,0.7985194325447083
YNL025C,YNL036W,0,-0.49366695,0.08921848237514496,0.7788844704627991,0.7986194491386414
YDR189W,YDR150W,0,-0.49372637,0.08920830488204956,0.7788844704627991,0.7987194657325745
YML059C,YER028C,0,-0.4937798,0.08919812738895416,0.7788844704627991,0.7988195419311523
YDR500C,YDR384C,0,-0.49378097,0.08918795734643936,0.7788844704627991,0.7989195585250854
YHR185C,YLL053C,0,-0.49390674,0.08917778730392456,0.7788844704627991,0.7990196347236633
YBR054W,YLR075W,0,-0.49420077,0.08916761726140976,0.7788844704627991,0.7991196513175964
YJL054W,YGL111W,0,-0.494225,0.08915744721889496,0.7788844704627991,0.7992196679115295
YBR092C,YOL064C,1,-0.4942467,0.08926128596067429,0.7798804640769958,0.7992196679115295
YBR029C,YLL053C,0,-0.49425596,0.08925110846757889,0.7798804640769958,0.7993197441101074
YGR129W,YER167W,0,-0.4942957,0.08924093842506409,0.7798804640769958,0.7994197607040405
YGL116W,YBR191W,0,-0.4944791,0.08923076838254929,0.7798804640769958,0.7995198369026184
YKL026C,YGR017W,0,-0.49453148,0.08922059834003448,0.7798804640769958,0.7996198534965515
YGL005C,YHR150W,0,-0.49458924,0.08921043574810028,0.7798804640769958,0.7997198700904846
YMR230W,YKL079W,0,-0.49459848,0.08920027315616608,0.7798804640769958,0.7998199462890625
YPR143W,YHR033W,0,-0.49462,0.08919011056423187,0.7798804640769958,0.7999199628829956
YGR203W,YFR028C,1,-0.49464464,0.08929385244846344,0.7808765172958374,0.7999199628829956
YIL113W,YMR261C,1,-0.49467272,0.08939756453037262,0.7818725109100342,0.7999199628829956
YJL183W,YJR048W,0,-0.49471506,0.08938737958669662,0.7818725109100342,0.8000199794769287
YPR100W,YDR234W,0,-0.49481466,0.08937720954418182,0.7818725109100342,0.8001200556755066
YDL081C,YLR039C,0,-0.49490914,0.08936703205108643,0.7818725109100342,0.8002200722694397
YIL053W,YOR103C,0,-0.49498472,0.08935685455799103,0.7818725109100342,0.8003201484680176
YKL191W,YML102W,0,-0.4949883,0.08934668451547623,0.7818725109100342,0.8004201650619507
YGR142W,YMR091C,0,-0.4951345,0.08933652192354202,0.7818725109100342,0.8005201816558838
YER062C,YDR434W,0,-0.49517843,0.08932635188102722,0.7818725109100342,0.8006202578544617
YHR103W,YBL063W,0,-0.49518037,0.08931618928909302,0.7818725109100342,0.8007202744483948
YJL059W,YDR190C,0,-0.4953427,0.08930602669715881,0.7818725109100342,0.8008203506469727
YDL240W,YDR325W,0,-0.49536967,0.0892958715558052,0.7818725109100342,0.8009203672409058
YJR117W,YBR272C,0,-0.49541092,0.0892857164144516,0.7818725109100342,0.8010203838348389
YOL076W,YCR005C,0,-0.49545237,0.08927556127309799,0.7818725109100342,0.8011204600334167
YIL096C,YPL063W,0,-0.49567342,0.08926540613174438,0.7818725109100342,0.8012204766273499
YMR192W,YLR223C,0,-0.4957296,0.08925525844097137,0.7818725109100342,0.8013205528259277
YJR027W,YGR120C,0,-0.4957363,0.08924511075019836,0.7818725109100342,0.8014205694198608
YDL230W,YOR090C,1,-0.49578008,0.08934864401817322,0.782868504524231,0.8014205694198608
YIL147C,YLR247C,0,-0.4958941,0.08933848887681961,0.782868504524231,0.801520586013794
YDR243C,YGL192W,0,-0.49590075,0.089328333735466,0.782868504524231,0.8016206622123718
YDL117W,YOR059C,0,-0.49606594,0.0893181785941124,0.782868504524231,0.8017206788063049
YKL006C-A,YLR023C,0,-0.4960774,0.08930803090333939,0.782868504524231,0.8018207550048828
YLR377C,YLR384C,0,-0.49617907,0.08929788321256638,0.782868504524231,0.8019207715988159
YKL149C,YBR212W,0,-0.49626836,0.08928774297237396,0.782868504524231,0.802020788192749
YCL017C,YOL116W,0,-0.49641868,0.08927760273218155,0.782868504524231,0.8021208643913269
YLR052W,YLR259C,0,-0.49647537,0.08926746249198914,0.782868504524231,0.80222088098526
YPL137C,YGR083C,0,-0.4965941,0.08925732225179672,0.782868504524231,0.8023209571838379
YPR175W,YMR118C,0,-0.49668202,0.0892471894621849,0.782868504524231,0.802420973777771
YOR334W,YOR195W,0,-0.49681473,0.08923705667257309,0.782868504524231,0.8025209903717041
YML133C,YDR246W,0,-0.4971142,0.08922692388296127,0.782868504524231,0.802621066570282
YGR005C,YGR253C,0,-0.49711642,0.08921679854393005,0.782868504524231,0.8027210831642151
YNL118C,YMR035W,0,-0.49718422,0.08920667320489883,0.782868504524231,0.8028210997581482
YDR235W,YKR100C,0,-0.49720615,0.08919654786586761,0.782868504524231,0.8029211759567261
YBR034C,YLR060W,0,-0.49730095,0.08918642997741699,0.782868504524231,0.8030211925506592
YML107C,YPR131C,0,-0.497515,0.08917631208896637,0.782868504524231,0.8031212687492371
YBL005W,YDL223C,0,-0.4977653,0.08916619420051575,0.782868504524231,0.8032212853431702
YBL087C,YCR035C,0,-0.49798724,0.08915607631206512,0.782868504524231,0.8033213019371033
YFL005W,YGL192W,0,-0.49798757,0.0891459658741951,0.782868504524231,0.8034213781356812
YKR007W,YPL161C,0,-0.4979967,0.08913585543632507,0.782868504524231,0.8035213947296143
YOR002W,YER159C,0,-0.498018,0.08912575244903564,0.782868504524231,0.8036214709281921
YIL087C,YLR092W,0,-0.49806032,0.08911564946174622,0.782868504524231,0.8037214875221252
YLR382C,YNR037C,0,-0.49810398,0.08910554647445679,0.782868504524231,0.8038215041160583
YOR260W,YGR245C,0,-0.49810567,0.08909544348716736,0.782868504524231,0.8039215803146362
YDR007W,YFL026W,0,-0.49817097,0.08908534795045853,0.782868504524231,0.8040215969085693
YHR033W,YML096W,0,-0.49820784,0.0890752524137497,0.782868504524231,0.8041216731071472
YDL072C,YOR193W,0,-0.49821115,0.08906515687704086,0.782868504524231,0.8042216897010803
YLR118C,YGL107C,0,-0.4982229,0.08905506134033203,0.782868504524231,0.8043217062950134
YDL230W,YMR130W,1,-0.49822292,0.08915826678276062,0.7838645577430725,0.8043217062950134
YKL026C,YOR011W,0,-0.49845615,0.08914816379547119,0.7838645577430725,0.8044217824935913
YGL076C,YOL055C,0,-0.49846715,0.08913806825876236,0.7838645577430725,0.8045217990875244
YDL024C,YCR079W,1,-0.4984837,0.08924122154712677,0.7848605513572693,0.8045217990875244
YOR090C,YER089C,1,-0.49860218,0.08934435248374939,0.7858565449714661,0.8045217990875244
YPR110C,YGR217W,0,-0.4988425,0.08933424204587936,0.7858565449714661,0.8046218752861023
YDR513W,YGR007W,0,-0.49887297,0.08932412415742874,0.7858565449714661,0.8047218918800354
YML045W,YGR244C,0,-0.4989127,0.08931401371955872,0.7858565449714661,0.8048219084739685
YDR343C,YML055W,0,-0.49893016,0.08930390328168869,0.7858565449714661,0.8049219846725464
YOR363C,YDR317W,0,-0.4989765,0.08929380029439926,0.7858565449714661,0.8050220012664795
YLR259C,YLL014W,0,-0.4993035,0.08928368985652924,0.7858565449714661,0.8051220774650574
YKL052C,YER032W,0,-0.499332,0.0892735943198204,0.7858565449714661,0.8052220940589905
YPL043W,YGR060W,0,-0.49943015,0.08926349133253098,0.7858565449714661,0.8053221106529236
YMR274C,YLR190W,0,-0.4994394,0.08925339579582214,0.7858565449714661,0.8054221868515015
YPL280W,YDR528W,0,-0.49946138,0.08924330025911331,0.7858565449714661,0.8055222034454346
YAL048C,YCR035C,0,-0.49947774,0.08923320472240448,0.7858565449714661,0.8056222200393677
YOR254C,YML055W,0,-0.49950475,0.08922311663627625,0.7858565449714661,0.8057222962379456
YOR109W,YDR074W,1,-0.49953014,0.08932609856128693,0.7868525981903076,0.8057222962379456
YDR468C,YLR361C,0,-0.4995325,0.0893159955739975,0.7868525981903076,0.8058223128318787
YPR073C,YGL229C,1,-0.49969998,0.08941894769668579,0.7878485918045044,0.8058223128318787
YML045W,YOR249C,0,-0.4997661,0.08940883725881577,0.7878485918045044,0.8059223890304565
YGR205W,YPL234C,0,-0.4998103,0.08939873427152634,0.7878485918045044,0.8060224056243896
YDR308C,YOL061W,0,-0.4998237,0.08938863128423691,0.7878485918045044,0.8061224222183228
YLL026W,YIL030C,0,-0.5000023,0.08937852829694748,0.7878485918045044,0.8062224984169006
YBR169C,YBR089C-A,0,-0.50028956,0.08936843276023865,0.7878485918045044,0.8063225150108337
YNL048W,YNR037C,0,-0.5004072,0.08935833722352982,0.7878485918045044,0.8064225912094116
YHR033W,YIL009W,0,-0.5005037,0.08934824168682098,0.7878485918045044,0.8065226078033447
YEL019C,YKL145W,0,-0.5005576,0.08933815360069275,0.7878485918045044,0.8066226243972778
YKL194C,YKL052C,0,-0.500558,0.08932806551456451,0.7878485918045044,0.8067227005958557
YDR325W,YLR432W,0,-0.5006016,0.08931797742843628,0.7878485918045044,0.8068227171897888
YOR177C,YBR112C,0,-0.5006304,0.08930788934230804,0.7878485918045044,0.8069227933883667
YML101C,YMR261C,0,-0.5007227,0.0892978087067604,0.7878485918045044,0.8070228099822998
YJL045W,YLR299W,0,-0.500837,0.08928772807121277,0.7878485918045044,0.8071228265762329
YDR513W,YGR004W,0,-0.5008445,0.08927765488624573,0.7878485918045044,0.8072229027748108
YPL013C,YLR435W,0,-0.50085866,0.08926757425069809,0.7878485918045044,0.8073229193687439
YJR153W,YML031W,0,-0.5009643,0.08925750106573105,0.7878485918045044,0.8074229955673218
YDR435C,YDR359C,0,-0.500986,0.0892474353313446,0.7878485918045044,0.8075230121612549
YGR080W,YDR434W,0,-0.50102925,0.08923736214637756,0.7878485918045044,0.807623028755188
YDR201W,YDR091C,0,-0.50105464,0.08922729641199112,0.7878485918045044,0.8077231049537659
YGR254W,YHR073W,0,-0.50108886,0.08921723067760468,0.7878485918045044,0.807823121547699
YDR325W,YLR333C,0,-0.5011045,0.08920717239379883,0.7878485918045044,0.8079231977462769
YKR089C,YCL039W,0,-0.5011491,0.08919711410999298,0.7878485918045044,0.80802321434021
YPL207W,YBR015C,0,-0.50118625,0.08918705582618713,0.7878485918045044,0.8081232309341431
YGL098W,YCR105W,0,-0.50120604,0.08917699754238129,0.7878485918045044,0.808223307132721
YDR188W,YKR095W,0,-0.50120753,0.08916694670915604,0.7878485918045044,0.808323323726654
YBR029C,YOR359W,0,-0.5012093,0.08915689587593079,0.7878485918045044,0.8084233403205872
YOR129C,YPL021W,0,-0.50126934,0.08914685249328613,0.7878485918045044,0.808523416519165
YPL133C,YPR071W,0,-0.50127226,0.08913680166006088,0.7878485918045044,0.8086234331130981
YER014W,YNR033W,0,-0.501412,0.08912675827741623,0.7878485918045044,0.808723509311676
YKL081W,YNL066W,0,-0.50143886,0.08911672234535217,0.7878485918045044,0.8088235259056091
YGL016W,YMR001C,0,-0.501444,0.08910667896270752,0.7878485918045044,0.8089235424995422
YJR027W,YKL150W,0,-0.5014682,0.08909664303064346,0.7878485918045044,0.8090236186981201
YBR211C,YGR142W,0,-0.50163966,0.0890866070985794,0.7878485918045044,0.8091236352920532
YLL024C,YGR055W,0,-0.50167227,0.08907657861709595,0.7878485918045044,0.8092237114906311
YLR019W,YGL224C,1,-0.5017133,0.0891791433095932,0.788844645023346,0.8092237114906311
YPR008W,YDR087C,0,-0.5018476,0.08916910737752914,0.788844645023346,0.8093237280845642
YCR045C,YOR172W,0,-0.50211304,0.08915907144546509,0.788844645023346,0.8094237446784973
YOR002W,YLR313C,0,-0.50217867,0.08914903551340103,0.788844645023346,0.8095238208770752
YDR268W,YFR053C,0,-0.50223964,0.08913899958133698,0.788844645023346,0.8096238374710083
YGR181W,YNR071C,0,-0.50224,0.08912896364927292,0.788844645023346,0.8097239136695862
YPL203W,YOR136W,0,-0.50228965,0.08911893516778946,0.788844645023346,0.8098239302635193
YBR169C,YDL123W,0,-0.50231856,0.0891089141368866,0.788844645023346,0.8099239468574524
YOR014W,YPL179W,1,-0.5024089,0.08921138197183609,0.7898406386375427,0.8099239468574524
YML101C,YDL119C,0,-0.50250745,0.08920135349035263,0.7898406386375427,0.8100240230560303
YLR248W,YNL038W,0,-0.50253165,0.08919131755828857,0.7898406386375427,0.8101240396499634
YDR039C,YGL116W,0,-0.5025817,0.08918128907680511,0.7898406386375427,0.8102241158485413
YJL174W,YBL014C,0,-0.50264275,0.08917126059532166,0.7898406386375427,0.8103241324424744
YER062C,YDR284C,1,-0.50265193,0.08927366882562637,0.7908366322517395,0.8103241324424744
YBR091C,YJR052W,0,-0.50273633,0.08926363289356232,0.7908366322517395,0.8104241490364075
YJR049C,YHR138C,0,-0.50288814,0.08925359696149826,0.7908366322517395,0.8105242252349854
YER023W,YEL006W,0,-0.50296247,0.0892435684800148,0.7908366322517395,0.8106242418289185
YNL190W,YKL087C,0,-0.5030353,0.08923353254795074,0.7908366322517395,0.8107243180274963
YPR114W,YGR007W,0,-0.5031713,0.08922351151704788,0.7908366322517395,0.8108243346214294
YKR034W,YNL130C,0,-0.5032297,0.08921348303556442,0.7908366322517395,0.8109243512153625
YKL190W,YHR046C,1,-0.5036394,0.08931580930948257,0.791832685470581,0.8109243512153625
YFR010W,YPL063W,0,-0.5036895,0.08930577337741852,0.791832685470581,0.8110244274139404
YGL061C,YGL078C,0,-0.50397414,0.08929574489593506,0.791832685470581,0.8111244440078735
YNL081C,YPL006W,0,-0.50402814,0.0892857164144516,0.791832685470581,0.8112244606018066
YDR091C,YDR005C,0,-0.50403243,0.08927568793296814,0.791832685470581,0.8113245368003845
YGL190C,YBR092C,1,-0.50414085,0.08937794715166092,0.7928286790847778,0.8113245368003845
YKR027W,YOR260W,0,-0.50424325,0.08936791121959686,0.7928286790847778,0.8114245533943176
YDL230W,YOR208W,1,-0.50425214,0.08947014063596725,0.7938246726989746,0.8114245533943176
YNL156C,YNR059W,0,-0.5043767,0.0894600972533226,0.7938246726989746,0.8115246295928955
YIL056W,YER167W,0,-0.50448877,0.08945005387067795,0.7938246726989746,0.8116246461868286
YNL133C,YKL145W,0,-0.50474304,0.08944001793861389,0.7938246726989746,0.8117246627807617
YLR085C,YBR049C,0,-0.5047449,0.08942998200654984,0.7938246726989746,0.8118247389793396
YGR178C,YKR049C,0,-0.50476444,0.08941994607448578,0.7938246726989746,0.8119247555732727
YBR109C,YDR517W,0,-0.50492054,0.08940991759300232,0.7938246726989746,0.8120248317718506
YJL167W,YLR413W,0,-0.5049552,0.08939988911151886,0.7938246726989746,0.8121248483657837
YDR178W,YJR041C,0,-0.50502986,0.0893898606300354,0.7938246726989746,0.8122248649597168
YGL229C,YDR481C,1,-0.505061,0.08949197828769684,0.7948207259178162,0.8122248649597168
YHR103W,YMR215W,0,-0.50515974,0.08948194980621338,0.7948207259178162,0.8123249411582947
YGL243W,YER127W,0,-0.5055323,0.08947191387414932,0.7948207259178162,0.8124249577522278
YPR188C,YLR215C,0,-0.50554657,0.08946188539266586,0.7948207259178162,0.8125250339508057
YLR442C,YIL123W,0,-0.505568,0.0894518569111824,0.7948207259178162,0.8126250505447388
YDR127W,YKL079W,0,-0.5056802,0.08944182842969894,0.7948207259178162,0.8127250671386719
YML004C,YGR253C,0,-0.5057488,0.08943180739879608,0.7948207259178162,0.8128251433372498
YLR059C,YGL195W,0,-0.505761,0.08942178636789322,0.7948207259178162,0.8129251599311829
YIL137C,YHR150W,0,-0.5060356,0.08941176533699036,0.7948207259178162,0.8130252361297607
YDR175C,YKL051W,0,-0.50605994,0.0894017443060875,0.7948207259178162,0.8131252527236938
YGL246C,YJR096W,0,-0.5061359,0.08939173072576523,0.7948207259178162,0.813225269317627
YMR318C,YDR441C,0,-0.5061441,0.08938171714544296,0.7948207259178162,0.8133253455162048
YLR001C,YOR110W,0,-0.5061468,0.0893717110157013,0.7948207259178162,0.8134253621101379
YML133C,YOL052C-A,0,-0.5063846,0.08936170488595963,0.7948207259178162,0.8135254383087158
YOR262W,YDR175C,0,-0.50639635,0.08935169875621796,0.7948207259178162,0.8136254549026489
YKL152C,YJL134W,1,-0.5064431,0.08945365250110626,0.7958167195320129,0.8136254549026489
YJR049C,YDL102W,0,-0.5064538,0.089443638920784,0.7958167195320129,0.813725471496582
YLL026W,YDL139C,0,-0.50656533,0.08943362534046173,0.7958167195320129,0.8138255476951599
YGL105W,YMR177W,0,-0.506861,0.08942361176013947,0.7958167195320129,0.813925564289093
YJL045W,YHR114W,0,-0.506917,0.0894136056303978,0.7958167195320129,0.8140255808830261
YOL144W,YMR125W,0,-0.5070365,0.08940359950065613,0.7958167195320129,0.814125657081604
YIL130W,YDR303C,0,-0.50707287,0.08939360082149506,0.7958167195320129,0.8142256736755371
YLL018C,YDL189W,0,-0.5071736,0.08938360214233398,0.7958167195320129,0.814325749874115
YJR035W,YPL156C,0,-0.5072372,0.08937360346317291,0.7958167195320129,0.8144257664680481
YLL031C,YML061C,0,-0.5072885,0.08936360478401184,0.7958167195320129,0.8145257830619812
YMR286W,YJL208C,0,-0.50729424,0.08935361355543137,0.7958167195320129,0.8146258592605591
YNL031C,YBR218C,0,-0.5073258,0.08934362232685089,0.7958167195320129,0.8147258758544922
YPR100W,YLR247C,0,-0.5074699,0.08933363109827042,0.7958167195320129,0.8148259520530701
YIL107C,YOR273C,0,-0.50755554,0.08932364732027054,0.7958167195320129,0.8149259686470032
YLR006C,YPR134W,0,-0.5076568,0.08931365609169006,0.7958167195320129,0.8150259852409363
YGR254W,YJL196C,0,-0.5076899,0.08930367976427078,0.7958167195320129,0.8151260614395142
YHR111W,YPL193W,0,-0.50774497,0.0892936959862709,0.7958167195320129,0.8152260780334473
YBR112C,YOR011W,0,-0.5078402,0.08928371965885162,0.7958167195320129,0.8153261542320251
YPL056C,YNL164C,0,-0.5079032,0.08927374333143234,0.7958167195320129,0.8154261708259583
YGL167C,YGL238W,0,-0.50799245,0.08926376700401306,0.7958167195320129,0.8155261874198914
YML031W,YBR162C,0,-0.5080036,0.08925379812717438,0.7958167195320129,0.8156262636184692
YOL126C,YNL194C,0,-0.50839996,0.0892438292503357,0.7958167195320129,0.8157262802124023
YDR463W,YJL069C,0,-0.5084253,0.08923386037349701,0.7958167195320129,0.8158263564109802
YFR047C,YBR153W,0,-0.50855684,0.08922389894723892,0.7958167195320129,0.8159263730049133
YHR158C,YMR313C,0,-0.5086455,0.08921393752098083,0.7958167195320129,0.8160263895988464
YDL003W,YGR161C,0,-0.50876826,0.08920397609472275,0.7958167195320129,0.8161264657974243
YDR067C,YDL006W,1,-0.50884837,0.08930564671754837,0.7968127727508545,0.8161264657974243
YAL048C,YGR253C,0,-0.50891596,0.08929567784070969,0.7968127727508545,0.8162264823913574
YFR049W,YGR142W,0,-0.5089918,0.0892857164144516,0.7968127727508545,0.8163265585899353
YMR242C,YPL235W,0,-0.50902194,0.08927574753761292,0.7968127727508545,0.8164265751838684
YBL014C,YKL099C,0,-0.50906503,0.08926578611135483,0.7968127727508545,0.8165265917778015
YGR203W,YKL212W,1,-0.509103,0.08936739712953568,0.7978087663650513,0.8165265917778015
YDR481C,YNR032W,1,-0.5092172,0.08946898579597473,0.798804759979248,0.8165265917778015
YNL145W,YGL151W,0,-0.5093764,0.08945900946855545,0.798804759979248,0.8166266679763794
YOR014W,YDR436W,1,-0.5094015,0.08956056088209152,0.7998008131980896,0.8166266679763794
YNL145W,YCL051W,0,-0.5095969,0.08955057710409164,0.7998008131980896,0.8167266845703125
YNR048W,YPL161C,0,-0.5095991,0.08954058587551117,0.7998008131980896,0.8168267011642456
YFR047C,YKR079C,0,-0.5097043,0.08953060209751129,0.7998008131980896,0.8169267773628235
YIL043C,YLR150W,0,-0.509821,0.08952062577009201,0.7998008131980896,0.8170267939567566
YNL038W,YDR179C,0,-0.5099501,0.08951064199209213,0.7998008131980896,0.8171268701553345
YBR015C,YMR153W,0,-0.50997674,0.08950066566467285,0.7998008131980896,0.8172268867492676
YJL162C,YGL194C,0,-0.50998765,0.08949069678783417,0.7998008131980896,0.8173269033432007
YGR205W,YDL124W,0,-0.5100045,0.08948072046041489,0.7998008131980896,0.8174269795417786
YOR034C,YBL025W,0,-0.51016873,0.0894707515835762,0.7998008131980896,0.8175269961357117
YPL126W,YDR463W,0,-0.5102021,0.08946078270673752,0.7998008131980896,0.8176270723342896
YHR096C,YOR110W,0,-0.51020485,0.08945082128047943,0.7998008131980896,0.8177270889282227
YPL076W,YCL035C,0,-0.510217,0.08944085240364075,0.7998008131980896,0.8178271055221558
YBR162W-A,YBR180W,0,-0.5102317,0.08943089097738266,0.7998008131980896,0.8179271817207336
YBR153W,YGL171W,0,-0.5102634,0.08942093700170517,0.7998008131980896,0.8180271983146667
YGR178C,YDL124W,0,-0.5103037,0.08941097557544708,0.7998008131980896,0.8181272745132446
YDR165W,YBL014C,0,-0.51033765,0.08940102159976959,0.7998008131980896,0.8182272911071777
YPR175W,YPL239W,0,-0.5103975,0.0893910750746727,0.7998008131980896,0.8183273077011108
YML021C,YKL014C,0,-0.5104033,0.08938112109899521,0.7998008131980896,0.8184273838996887
YNL247W,YJR054W,0,-0.51050955,0.08937117457389832,0.7998008131980896,0.8185274004936218
YDR145W,YNL156C,0,-0.5105533,0.08936122804880142,0.7998008131980896,0.8186274766921997
YKL043W,YLR337C,0,-0.5106831,0.08935128152370453,0.7998008131980896,0.8187274932861328
YDR503C,YKL152C,1,-0.5107565,0.0894526019692421,0.8007968068122864,0.8187274932861328
YKL062W,YOL042W,0,-0.5107669,0.0894426554441452,0.8007968068122864,0.8188275098800659
YLR044C,YCL048W,0,-0.5108782,0.08943270146846771,0.8007968068122864,0.8189275860786438
YDL098C,YPL198W,0,-0.51091933,0.08942275494337082,0.8007968068122864,0.8190276026725769
YBR046C,YNL173C,0,-0.5109856,0.08941280841827393,0.8007968068122864,0.8191276788711548
YER014W,YHR157W,0,-0.51118875,0.08940286934375763,0.8007968068122864,0.8192276954650879
YDR257C,YCL035C,0,-0.51119024,0.08939293026924133,0.8007968068122864,0.819327712059021
YMR234W,YGL144C,0,-0.5112145,0.08938299119472504,0.8007968068122864,0.8194277882575989
YMR275C,YNL081C,0,-0.5112861,0.08937305212020874,0.8007968068122864,0.819527804851532
YLR006C,YDR122W,0,-0.5113384,0.08936312049627304,0.8007968068122864,0.8196278214454651
YDR261C,YPL179W,0,-0.5114179,0.08935318887233734,0.8007968068122864,0.819727897644043
YJL054W,YML021C,0,-0.51148945,0.08934325724840164,0.8007968068122864,0.8198279142379761
YNL094W,YDL076C,0,-0.5114905,0.08933333307504654,0.8007968068122864,0.819927990436554
YGR120C,YHL050C,0,-0.5115273,0.08932340890169144,0.8007968068122864,0.8200280070304871
YLR361C,YFL026W,0,-0.5116124,0.08931348472833633,0.8007968068122864,0.8201280236244202
YKR075C,YOL126C,0,-0.5117027,0.08930356800556183,0.8007968068122864,0.820228099822998
YPL171C,YDR188W,0,-0.5119341,0.08929364383220673,0.8007968068122864,0.8203281164169312
YFL025C,YKL052C,0,-0.51199067,0.08928373456001282,0.8007968068122864,0.820428192615509
YKL141W,YJL098W,0,-0.5120385,0.08927381783723831,0.8007968068122864,0.8205282092094421
YGL229C,YER062C,1,-0.51227266,0.08937492966651917,0.8017928004264832,0.8205282092094421
YGR245C,YLR054C,0,-0.51231855,0.08936500549316406,0.8017928004264832,0.8206282258033752
YIL113W,YKL212W,1,-0.512328,0.08946608752012253,0.8027888536453247,0.8206282258033752
YPL179W,YDR075W,1,-0.51244265,0.0895671471953392,0.8037848472595215,0.8206282258033752
YGR181W,YMR074C,0,-0.5125604,0.0895572081208229,0.8037848472595215,0.8207283020019531
YPL146C,YDR217C,0,-0.5126381,0.08954726904630661,0.8037848472595215,0.8208283185958862
YDL160C,YER176W,0,-0.512678,0.08953733742237091,0.8037848472595215,0.8209283947944641
YER031C,YLR390W-A,0,-0.5127117,0.08952739834785461,0.8037848472595215,0.8210284113883972
YLR426W,YNR030W,0,-0.5127561,0.08951747417449951,0.8037848472595215,0.8211284279823303
YER072W,YKR100C,0,-0.51275885,0.08950754255056381,0.8037848472595215,0.8212285041809082
YDR517W,YHR150W,0,-0.5130229,0.08949761837720871,0.8037848472595215,0.8213285207748413
YJR041C,YDL102W,0,-0.5131815,0.08948769420385361,0.8037848472595215,0.8214285969734192
YKR077W,YOL029C,0,-0.5131974,0.0894777700304985,0.8037848472595215,0.8215286135673523
YJL216C,YPL253C,0,-0.5133112,0.0894678458571434,0.8037848472595215,0.8216286301612854
YIL053W,YPL175W,0,-0.5133604,0.0894579291343689,0.8037848472595215,0.8217287063598633
YDR127W,YDR005C,0,-0.51339436,0.08944801241159439,0.8037848472595215,0.8218287229537964
YOR090C,YIL113W,1,-0.51358473,0.08954893052577972,0.804780900478363,0.8218287229537964
YER040W,YHL021C,0,-0.51372063,0.08953900635242462,0.804780900478363,0.8219287991523743
YOR177C,YKL194C,0,-0.5138117,0.08952908217906952,0.804780900478363,0.8220288157463074
YFR025C,YNL099C,1,-0.5138929,0.08962995558977127,0.8057768940925598,0.8220288157463074
YIL036W,YPL140C,0,-0.5139994,0.08962003141641617,0.8057768940925598,0.8221288323402405
YEL032W,YKL032C,0,-0.5140268,0.08961009979248047,0.8057768940925598,0.8222289085388184
YJL183W,YDL211C,0,-0.5141069,0.08960017561912537,0.8057768940925598,0.8223289251327515
YGL190C,YDL024C,1,-0.51423675,0.08970099687576294,0.8067728877067566,0.8223289251327515
YDR398W,YMR009W,0,-0.51436543,0.08969106525182724,0.8067728877067566,0.8224290013313293
YOR119C,YGL238W,0,-0.51444954,0.08968113362789154,0.8067728877067566,0.8225290179252625
YJR109C,YGR138C,0,-0.5145424,0.08967120200395584,0.8067728877067566,0.8226290345191956
YPR174C,YLR435W,0,-0.51457494,0.08966127783060074,0.8067728877067566,0.8227291107177734
YDR212W,YLR426W,0,-0.5146523,0.08965135365724564,0.8067728877067566,0.8228291273117065
YLR194C,YDR234W,0,-0.51485366,0.08964143693447113,0.8067728877067566,0.8229291439056396
YNR055C,YJL168C,0,-0.5148864,0.08963151276111603,0.8067728877067566,0.8230292201042175
YGL063W,YOR227W,0,-0.5149044,0.08962159603834152,0.8067728877067566,0.8231292366981506
YOR117W,YJR118C,0,-0.51491505,0.08961167931556702,0.8067728877067566,0.8232293128967285
YJR109C,YHR111W,0,-0.51491874,0.08960177004337311,0.8067728877067566,0.8233293294906616
YDR490C,YLR328W,0,-0.51493436,0.0895918607711792,0.8067728877067566,0.8234293460845947
YBR153W,YFR050C,0,-0.51500005,0.08958195149898529,0.8067728877067566,0.8235294222831726
YJL134W,YDL006W,1,-0.5150941,0.08968262374401093,0.8077689409255981,0.8235294222831726
YGL104C,YDR213W,0,-0.5151476,0.08967271447181702,0.8077689409255981,0.8236294388771057
YEL044W,YML096W,0,-0.5153831,0.08966279774904251,0.8077689409255981,0.8237295150756836
YLR390W-A,YHR006W,0,-0.5154733,0.0896528884768486,0.8077689409255981,0.8238295316696167
YOR136W,YJL003W,0,-0.5155746,0.0896429792046547,0.8077689409255981,0.8239295482635498
YMR286W,YKR088C,0,-0.51569897,0.08963306993246078,0.8077689409255981,0.8240296244621277
YLR239C,YIL033C,0,-0.51586026,0.08962316066026688,0.8077689409255981,0.8241296410560608
YML133C,YOR372C,0,-0.5158603,0.08961325883865356,0.8077689409255981,0.8242297172546387
YJL110C,YML102W,0,-0.51591814,0.08960335701704025,0.8077689409255981,0.8243297338485718
YIL013C,YMR041C,0,-0.5159251,0.08959346264600754,0.8077689409255981,0.8244297504425049
YER100W,YNL065W,0,-0.51609707,0.08958356082439423,0.8077689409255981,0.8245298266410828
YMR002W,YKL079W,0,-0.51617193,0.08957366645336151,0.8077689409255981,0.8246298432350159
YJR120W,YFL026W,0,-0.5161728,0.0895637795329094,0.8077689409255981,0.8247299194335938
YJR102C,YPL056C,0,-0.51622736,0.08955388516187668,0.8077689409255981,0.8248299360275269
YLR417W,YPR010C,0,-0.51623994,0.08954399824142456,0.8077689409255981,0.82492995262146
YDR430C,YDR176W,0,-0.51626956,0.08953411132097244,0.8077689409255981,0.8250300288200378
YGR224W,YGL151W,0,-0.5163782,0.08952423185110092,0.8077689409255981,0.825130045413971
YKL185W,YMR125W,0,-0.51640457,0.0895143523812294,0.8077689409255981,0.8252301216125488
YNL045W,YDR372C,0,-0.51642627,0.08950447291135788,0.8077689409255981,0.8253301382064819
YKL194C,YMR205C,0,-0.51646173,0.08949459344148636,0.8077689409255981,0.825430154800415
YHR122W,YHR210C,0,-0.5164937,0.08948472142219543,0.8077689409255981,0.8255302309989929
YBR015C,YCL001W,0,-0.51658374,0.08947484195232391,0.8077689409255981,0.825630247592926
YOL042W,YKL196C,0,-0.51667976,0.08946497738361359,0.8077689409255981,0.8257302641868591
YKL185W,YOR027W,0,-0.5166874,0.08945510536432266,0.8077689409255981,0.825830340385437
YLL048C,YJR153W,0,-0.5167949,0.08944524079561234,0.8077689409255981,0.8259303569793701
YOR334W,YOR078W,0,-0.5168065,0.08943537622690201,0.8077689409255981,0.826030433177948
YKR027W,YEL027W,0,-0.51681083,0.08942551910877228,0.8077689409255981,0.8261304497718811
YGR283C,YPR010C,0,-0.5168848,0.08941565454006195,0.8077689409255981,0.8262304663658142
YKL152C,YBR022W,1,-0.5169386,0.0895160436630249,0.8087649345397949,0.8262304663658142
YMR118C,YDR365C,0,-0.517046,0.08950617164373398,0.8087649345397949,0.8263305425643921
YOL011W,YBR180W,0,-0.5172969,0.08949630707502365,0.8087649345397949,0.8264305591583252
YHR169W,YBR301W,0,-0.51731956,0.08948644250631332,0.8087649345397949,0.8265306353569031
YKL190W,YEL038W,1,-0.5173769,0.0895867794752121,0.8097609281539917,0.8265306353569031
YOR249C,YNR071C,0,-0.5176767,0.08957690745592117,0.8097609281539917,0.8266306519508362
YDR246W,YBR089C-A,0,-0.51786923,0.08956703543663025,0.8097609281539917,0.8267306685447693
YHR108W,YPL056C,0,-0.51789165,0.08955717086791992,0.8097609281539917,0.8268307447433472
YPL013C,YOR359W,0,-0.51790196,0.0895473062992096,0.8097609281539917,0.8269307613372803
YJL012C,YGL070C,0,-0.5179336,0.08953744173049927,0.8097609281539917,0.8270308375358582
YKL077W,YPL010W,0,-0.51796585,0.08952758461236954,0.8097609281539917,0.8271308541297913
YPR173C,YIL022W,0,-0.5179853,0.08951772749423981,0.8097609281539917,0.8272308707237244
YKL185W,YDR268W,0,-0.5181489,0.08950787037611008,0.8097609281539917,0.8273309469223022
YHR096C,YHR138C,0,-0.5181634,0.08949802070856094,0.8097609281539917,0.8274309635162354
YER060W-A,YHL026C,0,-0.51818126,0.08948816359043121,0.8097609281539917,0.8275310397148132
YDR481C,YDR074W,1,-0.51825887,0.08958838135004044,0.8107569813728333,0.8275310397148132
YNL076W,YDR284C,0,-0.518261,0.08957851678133011,0.8107569813728333,0.8276310563087463
YER155C,YKL197C,0,-0.51845264,0.08956865966320038,0.8107569813728333,0.8277310729026794
YLR167W,YNR055C,0,-0.51845443,0.08955880999565125,0.8107569813728333,0.8278311491012573
YOR009W,YER159C,0,-0.51854694,0.08954895287752151,0.8107569813728333,0.8279311656951904
YBR146W,YDL046W,0,-0.5185611,0.08953910320997238,0.8107569813728333,0.8280312418937683
YPR131C,YGR122W,0,-0.51867944,0.08952925354242325,0.8107569813728333,0.8281312584877014
YHR204W,YJR041C,0,-0.51870775,0.08951941132545471,0.8107569813728333,0.8282312750816345
YOR266W,YPL097W,0,-0.5188826,0.08950956910848618,0.8107569813728333,0.8283313512802124
YKL033W,YNR030W,0,-0.5189052,0.08949972689151764,0.8107569813728333,0.8284313678741455
YBR125C,YNR032W,1,-0.5189455,0.08959982544183731,0.81175297498703,0.8284313678741455
YHR088W,YKL129C,0,-0.5192032,0.08958997577428818,0.81175297498703,0.8285313844680786
YCL016C,YBR089C-A,0,-0.5192308,0.08958012610673904,0.81175297498703,0.8286314606666565
YDR075W,YOL051W,0,-0.51945645,0.08957028388977051,0.81175297498703,0.8287314772605896
YOR027W,YML133C,0,-0.5195645,0.08956044167280197,0.81175297498703,0.8288315534591675
YJR035W,YHR142W,0,-0.51963496,0.08955059945583344,0.81175297498703,0.8289315700531006
YBR114W,YGR044C,0,-0.5196724,0.0895407572388649,0.81175297498703,0.8290315866470337
YIL120W,YGR208W,0,-0.51967806,0.08953092247247696,0.81175297498703,0.8291316628456116
YGL067W,YOR334W,0,-0.51986,0.08952108770608902,0.81175297498703,0.8292316794395447
YLL048C,YEL018W,0,-0.51987773,0.08951126039028168,0.81175297498703,0.8293317556381226
YNL056W,YDR317W,0,-0.5199047,0.08950142562389374,0.81175297498703,0.8294317722320557
YJL167W,YMR149W,0,-0.52000666,0.0894915983080864,0.81175297498703,0.8295317888259888
YLL018C,YDR439W,0,-0.52028984,0.08948177099227905,0.81175297498703,0.8296318650245667
YLR115W,YGL127C,0,-0.5203494,0.08947195112705231,0.81175297498703,0.8297318816184998
YER060W-A,YPL254W,0,-0.52039176,0.08946213126182556,0.81175297498703,0.8298319578170776
YOR014W,YDL024C,1,-0.52044034,0.0895620658993721,0.8127490282058716,0.8298319578170776
YJR109C,YGR120C,0,-0.5205017,0.08955223858356476,0.8127490282058716,0.8299319744110107
YAL048C,YDR395W,0,-0.52066535,0.08954241126775742,0.8127490282058716,0.8300319910049438
YGL076C,YDR468C,0,-0.52067864,0.08953258395195007,0.8127490282058716,0.8301320672035217
YDL098C,YPL120W,0,-0.5207275,0.08952276408672333,0.8127490282058716,0.8302320837974548
YKR096W,YPL001W,0,-0.5207684,0.08951294422149658,0.8127490282058716,0.8303321599960327
YNL103W,YNR048W,0,-0.5208563,0.08950312435626984,0.8127490282058716,0.8304321765899658
YIL119C,YMR091C,0,-0.5209076,0.08949331194162369,0.8127490282058716,0.8305321931838989
YIL147C,YLR067C,0,-0.5209556,0.08948349952697754,0.8127490282058716,0.8306322693824768
YOL116W,YER081W,0,-0.52097136,0.08947368711233139,0.8127490282058716,0.8307322859764099
YDL100C,YDL124W,0,-0.5210596,0.08946387469768524,0.8127490282058716,0.8308323621749878
YJL012C,YIL005W,0,-0.5210726,0.08945406973361969,0.8127490282058716,0.8309323787689209
YDR028C,YKL114C,0,-0.521191,0.08944426476955414,0.8127490282058716,0.831032395362854
YKL033W,YGL231C,0,-0.5212357,0.08943445980548859,0.8127490282058716,0.8311324715614319
YML133C,YHL026C,0,-0.5212727,0.08942465484142303,0.8127490282058716,0.831232488155365
YGL139W,YOR359W,0,-0.5213734,0.08941485732793808,0.8127490282058716,0.8313325047492981
YOL154W,YMR131C,0,-0.52137667,0.08940505981445312,0.8127490282058716,0.831432580947876
YMR036C,YKL212W,1,-0.52157503,0.08950482308864594,0.8137450218200684,0.831432580947876
YJL096W,YCR031C,0,-0.52163136,0.08949501812458038,0.8137450218200684,0.8315325975418091
YIL019W,YHR120W,0,-0.5217343,0.08948521316051483,0.8137450218200684,0.831632673740387
YLR284C,YKL087C,0,-0.52197254,0.08947541564702988,0.8137450218200684,0.8317326903343201
YLR361C,YIL148W,0,-0.52198607,0.08946561813354492,0.8137450218200684,0.8318327069282532
YIL096C,YOR359W,0,-0.5220098,0.08945582062005997,0.8137450218200684,0.831932783126831
YOR155C,YOL065C,1,-0.5220414,0.08955550938844681,0.8147410154342651,0.831932783126831
YPL105C,YMR091C,0,-0.5220621,0.08954570442438126,0.8147410154342651,0.8320327997207642
YML059C,YER005W,0,-0.5221546,0.0895358994603157,0.8147410154342651,0.832132875919342
YMR087W,YDR287W,1,-0.5221798,0.08963555097579956,0.8157370686531067,0.832132875919342
YGL076C,YHL003C,0,-0.5222388,0.08962573856115341,0.8157370686531067,0.8322328925132751
YBL007C,YGR161C,0,-0.5224605,0.08961593359708786,0.8157370686531067,0.8323329091072083
YCL029C,YKL114C,0,-0.5225964,0.08960612863302231,0.8157370686531067,0.8324329853057861
YLL024C,YDL018C,0,-0.5227089,0.08959632366895676,0.8157370686531067,0.8325330018997192
YPR131C,YCL035C,0,-0.5227895,0.0895865261554718,0.8157370686531067,0.8326330780982971
YGL006W,YMR220W,0,-0.5228451,0.08957672864198685,0.8157370686531067,0.8327330946922302
YCR031C,YOL135C,0,-0.52301735,0.08956693112850189,0.8157370686531067,0.8328331112861633
YIL002C,YMR087W,1,-0.52302736,0.08966648578643799,0.8167330622673035,0.8328331112861633
YDR500C,YJR054W,0,-0.5230562,0.08965668082237244,0.8167330622673035,0.8329331874847412
YDR365C,YCL067C,0,-0.52323306,0.08964687585830688,0.8167330622673035,0.8330332040786743
YGL190C,YDR436W,1,-0.5232382,0.08974639326334,0.8177290558815002,0.8330332040786743
YFR047C,YER056C,0,-0.5233418,0.08973658084869385,0.8177290558815002,0.8331332802772522
YJR123W,YDR273W,0,-0.5234184,0.0897267758846283,0.8177290558815002,0.8332332968711853
YDL189W,YLR215C,0,-0.5235663,0.08971697092056274,0.8177290558815002,0.8333333134651184
YNL031C,YOR272W,0,-0.5237467,0.08970716595649719,0.8177290558815002,0.8334333896636963
YFR014C,YKL058W,0,-0.5237728,0.08969736844301224,0.8177290558815002,0.8335334062576294
YIL064W,YKL006C-A,0,-0.5238859,0.08968757092952728,0.8177290558815002,0.8336334824562073
YKR078W,YDR398W,0,-0.52396065,0.08967777341604233,0.8177290558815002,0.8337334990501404
YDR268W,YKL002W,0,-0.52404094,0.08966797590255737,0.8177290558815002,0.8338335156440735
YOR236W,YBR089C-A,0,-0.52406174,0.08965818583965302,0.8177290558815002,0.8339335918426514
YLR102C,YJR084W,0,-0.52429646,0.08964839577674866,0.8177290558815002,0.8340336084365845
YGR004W,YJR050W,0,-0.5244419,0.0896386057138443,0.8177290558815002,0.8341336250305176
YGL087C,YOR172W,0,-0.5245588,0.08962882310152054,0.8177290558815002,0.8342337012290955
YOR119C,YGR094W,0,-0.5246039,0.08961904048919678,0.8177290558815002,0.8343337178230286
YBR049C,YDL123W,0,-0.5246129,0.08960925787687302,0.8177290558815002,0.8344337940216064
YOR078W,YOR254C,0,-0.524799,0.08959947526454926,0.8177290558815002,0.8345338106155396
YGR202C,YPR143W,0,-0.52480316,0.08958970010280609,0.8177290558815002,0.8346338272094727
YLR259C,YOR357C,0,-0.5248109,0.08957992494106293,0.8177290558815002,0.8347339034080505
YCR106W,YFR038W,0,-0.5248948,0.08957014977931976,0.8177290558815002,0.8348339200019836
YKL145W,YLR248W,0,-0.5252182,0.0895603820681572,0.8177290558815002,0.8349339962005615
YER149C,YPL235W,0,-0.52534693,0.08955061435699463,0.8177290558815002,0.8350340127944946
YLR039C,YLR017W,0,-0.5253628,0.08954084664583206,0.8177290558815002,0.8351340293884277
YPR154W,YOR320C,0,-0.52537686,0.0895310789346695,0.8177290558815002,0.8352341055870056
YHR165C,YGL196W,0,-0.5254448,0.08952131867408752,0.8177290558815002,0.8353341221809387
YJL155C,YIL113W,1,-0.52570957,0.08962058275938034,0.8187251091003418,0.8353341221809387
YGL229C,YER075C,1,-0.52571195,0.08971983194351196,0.8197211027145386,0.8353341221809387
YER023W,YBL014C,0,-0.52591544,0.0897100493311882,0.8197211027145386,0.8354341983795166
YNL214W,YLR060W,0,-0.52596325,0.08970027416944504,0.8197211027145386,0.8355342149734497
YOR132W,YKL114C,0,-0.5259965,0.08969049900770187,0.8197211027145386,0.8356342315673828
YLR324W,YIL069C,0,-0.5261845,0.08968072384595871,0.8197211027145386,0.8357343077659607
YMR277W,YJL134W,1,-0.5263479,0.08977990597486496,0.8207171559333801,0.8357343077659607
YKL052C,YHL003C,0,-0.5263956,0.0897701308131218,0.8207171559333801,0.8358343243598938
YAR033W,YHR138C,0,-0.52640766,0.08976034820079803,0.8207171559333801,0.8359344005584717
YLR382C,YHR001W-A,0,-0.5264887,0.08975057303905487,0.8207171559333801,0.8360344171524048
YDL098C,YDL135C,0,-0.5266319,0.0897407978773117,0.8207171559333801,0.8361344337463379
YPR114W,YDR399W,0,-0.5268683,0.08973102271556854,0.8207171559333801,0.8362345099449158
YOR380W,YJR150C,0,-0.52701956,0.08972125500440598,0.8207171559333801,0.8363345265388489
YLR185W,YOL055C,0,-0.5270615,0.08971148729324341,0.8207171559333801,0.8364346027374268
YJR102C,YLR382C,0,-0.5271099,0.08970171958208084,0.8207171559333801,0.8365346193313599
YIL075C,YBR086C,0,-0.5271587,0.08969195932149887,0.8207171559333801,0.836634635925293
YLL006W,YHR190W,0,-0.52723485,0.0896821916103363,0.8207171559333801,0.8367347121238708
YPR017C,YHR190W,0,-0.52732366,0.08967243134975433,0.8207171559333801,0.836834728717804
YLR293C,YFR049W,0,-0.5275511,0.08966267853975296,0.8207171559333801,0.8369347453117371
YLR435W,YDR395W,0,-0.5275907,0.08965291827917099,0.8207171559333801,0.8370348215103149
YJL054W,YMR001C,0,-0.5276748,0.08964316546916962,0.8207171559333801,0.837134838104248
YDR412W,YDR110W,0,-0.5277704,0.08963342010974884,0.8207171559333801,0.8372349143028259
YDR398W,YLR181C,0,-0.5278796,0.08962366729974747,0.8207171559333801,0.837334930896759
YER179W,YER159C,0,-0.527906,0.08961392194032669,0.8207171559333801,0.8374349474906921
YGR211W,YNL063W,0,-0.5279772,0.08960417658090591,0.8207171559333801,0.83753502368927
YHR122W,YLL057C,0,-0.52806383,0.08959443122148514,0.8207171559333801,0.8376350402832031
YDL106C,YGL198W,0,-0.52817506,0.08958469331264496,0.8207171559333801,0.837735116481781
YLR200W,YBL025W,0,-0.52820724,0.08957495540380478,0.8207171559333801,0.8378351330757141
YDR515W,YFR014C,0,-0.52835995,0.0895652174949646,0.8207171559333801,0.8379351496696472
YBR038W,YKR100C,0,-0.52842134,0.08955547958612442,0.8207171559333801,0.8380352258682251
YOL122C,YML092C,0,-0.5284466,0.08954574912786484,0.8207171559333801,0.8381352424621582
YOR249C,YCL039W,0,-0.5286048,0.08953601866960526,0.8207171559333801,0.8382353186607361
YHR118C,YCR044C,0,-0.52861416,0.08952629566192627,0.8207171559333801,0.8383353352546692
YDL024C,YGL224C,1,-0.528661,0.08962520211935043,0.8217131495475769,0.8383353352546692
YKL052C,YHR133C,0,-0.52897763,0.08961547166109085,0.8217131495475769,0.8384353518486023
YJL155C,YDL024C,1,-0.5290043,0.08971434831619263,0.8227091431617737,0.8384353518486023
YOR002W,YKR049C,0,-0.5290068,0.08970460295677185,0.8227091431617737,0.8385354280471802
YNL041C,YGR253C,0,-0.5291888,0.08969486504793167,0.8227091431617737,0.8386354446411133
YER056C,YHR114W,0,-0.5291917,0.08968512713909149,0.8227091431617737,0.8387355208396912
YER093C,YOR254C,0,-0.52948266,0.08967538923025131,0.8227091431617737,0.8388355374336243
YPR008W,YBR045C,0,-0.52960473,0.08966565132141113,0.8227091431617737,0.8389355540275574
YMR261C,YHR194W,0,-0.5296685,0.08965592086315155,0.8227091431617737,0.8390356302261353
YLR432W,YIL130W,0,-0.5297018,0.08964619040489197,0.8227091431617737,0.8391356468200684
YML133C,YDR284C,0,-0.5298098,0.08963645994663239,0.8227091431617737,0.8392357230186462
YMR230W,YPL175W,0,-0.52998143,0.0896267369389534,0.8227091431617737,0.8393357396125793
YDR276C,YDR273W,0,-0.52998155,0.08961701393127441,0.8227091431617737,0.8394357562065125
YOR252W,YBR023C,0,-0.53000814,0.08960729092359543,0.8227091431617737,0.8395358324050903
YLR060W,YLR313C,0,-0.5300498,0.08959756791591644,0.8227091431617737,0.8396358489990234
YPR188C,YML031W,0,-0.5303952,0.08958785235881805,0.8227091431617737,0.8397358655929565
YIL087C,YGL058W,0,-0.5303975,0.08957813680171967,0.8227091431617737,0.8398359417915344
YPR110C,YGL127C,0,-0.530514,0.08956842124462128,0.8227091431617737,0.8399359583854675
YDR235W,YLR215C,0,-0.53058785,0.08955871313810349,0.8227091431617737,0.8400360345840454
YKL016C,YKR064W,0,-0.5306584,0.0895490050315857,0.8227091431617737,0.8401360511779785
YNL137C,YML127W,0,-0.5306828,0.0895392969250679,0.8227091431617737,0.8402360677719116
YGR078C,YHR073W,0,-0.5307018,0.08952958881855011,0.8227091431617737,0.8403361439704895
YMR087W,YOL064C,1,-0.5308803,0.08962826430797577,0.8237051963806152,0.8403361439704895
YGR205W,YDR259C,0,-0.53088266,0.08961854875087738,0.8237051963806152,0.8404361605644226
YDR201W,YOR247W,0,-0.53091305,0.08960884064435959,0.8237051963806152,0.8405362367630005
YML057W,YKL212W,1,-0.53095424,0.08970747888088226,0.824701189994812,0.8405362367630005
YAL048C,YOR034C,0,-0.53099245,0.08969775587320328,0.824701189994812,0.8406362533569336
YPL116W,YIL009W,0,-0.531115,0.08968804031610489,0.824701189994812,0.8407362699508667
YML101C,YGL085W,0,-0.53112197,0.0896783247590065,0.824701189994812,0.8408363461494446
YPL171C,YKL197C,0,-0.53145224,0.08966861665248871,0.824701189994812,0.8409363627433777
YER060W-A,YLR150W,0,-0.53152794,0.08965890854597092,0.824701189994812,0.8410364389419556
YLR118C,YPR180W,0,-0.53163946,0.08964920043945312,0.824701189994812,0.8411364555358887
YLR315W,YBR301W,0,-0.53180665,0.08963949233293533,0.824701189994812,0.8412364721298218
YJL181W,YKL197C,0,-0.5319343,0.08962979167699814,0.824701189994812,0.8413365483283997
YNL054W,YMR110C,0,-0.53196317,0.08962009102106094,0.824701189994812,0.8414365649223328
YBR054W,YGR245C,0,-0.5320436,0.08961039036512375,0.824701189994812,0.8415366411209106
YKR053C,YDR200C,0,-0.5322103,0.08960068970918655,0.824701189994812,0.8416366577148438
YPR174C,YBR094W,0,-0.53222406,0.08959099650382996,0.824701189994812,0.8417366743087769
YMR110C,YDR343C,0,-0.53225815,0.08958130329847336,0.824701189994812,0.8418367505073547
YBR069C,YBR121C,0,-0.5322774,0.08957161754369736,0.824701189994812,0.8419367671012878
YER062C,YJL186W,0,-0.5322814,0.08956192433834076,0.824701189994812,0.8420368432998657
YOR363C,YBR169C,0,-0.53232974,0.08955223858356476,0.824701189994812,0.8421368598937988
YGL246C,YGR094W,0,-0.53242224,0.08954255282878876,0.824701189994812,0.8422368764877319
YHR088W,YBL035C,0,-0.5328405,0.08953287452459335,0.824701189994812,0.8423369526863098
YFR040W,YMR130W,1,-0.53289247,0.08963131159543991,0.8256971836090088,0.8423369526863098
YLR347C,YDL139C,0,-0.53302103,0.08962161839008331,0.8256971836090088,0.8424369692802429
YNL287W,YER081W,0,-0.5330296,0.08961193263530731,0.8256971836090088,0.842536985874176
YPR003C,YIL120W,0,-0.53309155,0.08960224688053131,0.8256971836090088,0.8426370620727539
YDR165W,YOR113W,0,-0.53317404,0.08959256112575531,0.8256971836090088,0.842737078666687
YCL017C,YCL029C,0,-0.5332241,0.0895828828215599,0.8256971836090088,0.8428371548652649
YPR008W,YGL096W,0,-0.533233,0.0895732045173645,0.8256971836090088,0.842937171459198
YOR059C,YPL040C,0,-0.53325444,0.0895635262131691,0.8256971836090088,0.8430371880531311
YJR035W,YOR059C,0,-0.5332778,0.0895538479089737,0.8256971836090088,0.843137264251709
YDL230W,YML016C,1,-0.53337187,0.08965219557285309,0.8266932368278503,0.843137264251709
YCL051W,YPR007C,0,-0.5334131,0.08964250981807709,0.8266932368278503,0.8432372808456421
YJL183W,YHR110W,0,-0.5334139,0.08963283151388168,0.8266932368278503,0.84333735704422
YKL077W,YLR292C,0,-0.53342706,0.08962315320968628,0.8266932368278503,0.8434373736381531
YBR268W,YBR181C,0,-0.5335037,0.08961347490549088,0.8266932368278503,0.8435373902320862
YPL115C,YBR078W,0,-0.53353673,0.08960379660129547,0.8266932368278503,0.8436374664306641
YDL189W,YCR035C,0,-0.53355944,0.08959412574768066,0.8266932368278503,0.8437374830245972
YMR234W,YMR149W,0,-0.5335979,0.08958445489406586,0.8266932368278503,0.843837559223175
YIL098C,YDR204W,0,-0.5336646,0.08957479149103165,0.8266932368278503,0.8439375758171082
YFR040W,YNR032W,1,-0.5336932,0.08967303484678268,0.8276892304420471,0.8439375758171082
YOR119C,YBL014C,0,-0.5337114,0.08966335654258728,0.8276892304420471,0.8440375924110413
YHR122W,YBR094W,0,-0.53385353,0.08965368568897247,0.8276892304420471,0.8441376686096191
YJL183W,YOR109W,0,-0.5339291,0.08964401483535767,0.8276892304420471,0.8442376852035522
YMR048W,YHL015W,0,-0.53400916,0.08963434398174286,0.8276892304420471,0.8443377614021301
YGL070C,YOR241W,0,-0.5340194,0.08962467312812805,0.8276892304420471,0.8444377779960632
YFL026W,YJL026W,0,-0.53410286,0.08961500972509384,0.8276892304420471,0.8445377945899963
YMR243C,YMR261C,0,-0.53424853,0.08960534632205963,0.8276892304420471,0.8446378707885742
YER007C-A,YLR058C,0,-0.534319,0.08959569036960602,0.8276892304420471,0.8447378873825073
YJL012C,YIL014W,0,-0.5343389,0.08958602696657181,0.8276892304420471,0.8448379635810852
YLR189C,YGL226W,0,-0.5343618,0.0895763710141182,0.8276892304420471,0.8449379801750183
YPR131C,YER005W,0,-0.5347021,0.08956671506166458,0.8276892304420471,0.8450379967689514
YCR035C,YNL246W,0,-0.5347043,0.08955706655979156,0.8276892304420471,0.8451380729675293
YER072W,YOL096C,0,-0.53476393,0.08954741060733795,0.8276892304420471,0.8452380895614624
YMR234W,YBR193C,0,-0.53486305,0.08953776210546494,0.8276892304420471,0.8453381061553955
YDL113C,YOR172W,0,-0.535054,0.08952812105417252,0.8276892304420471,0.8454381823539734
YLR190W,YNR037C,0,-0.5352496,0.0895184725522995,0.8276892304420471,0.8455381989479065
YML023C,YHR193C,0,-0.5356885,0.08950883150100708,0.8276892304420471,0.8456382751464844
YOR372C,YML096W,0,-0.5358396,0.08949919044971466,0.8276892304420471,0.8457382917404175
YDR256C,YPL140C,0,-0.53586847,0.08948955684900284,0.8276892304420471,0.8458383083343506
YEL027W,YJR050W,0,-0.5359203,0.08947991579771042,0.8276892304420471,0.8459383845329285
YGR208W,YHR076W,1,-0.53593475,0.08957795053720474,0.8286852836608887,0.8459383845329285
YGR170W,YOL052C-A,0,-0.53595096,0.08956830948591232,0.8286852836608887,0.8460384011268616
YNL181W,YNR030W,0,-0.5359744,0.0895586684346199,0.8286852836608887,0.8461384773254395
YLR044C,YDL018C,0,-0.5360571,0.08954902738332748,0.8286852836608887,0.8462384939193726
YMR081C,YPL018W,0,-0.53607947,0.08953938633203506,0.8286852836608887,0.8463385105133057
YLR023C,YER127W,0,-0.5361249,0.08952975273132324,0.8286852836608887,0.8464385867118835
YJL196C,YHR020W,0,-0.5361406,0.08952011913061142,0.8286852836608887,0.8465386033058167
YIL030C,YOL095C,0,-0.53619474,0.0895104929804802,0.8286852836608887,0.8466386795043945
YER062C,YER167W,0,-0.53622437,0.08950085937976837,0.8286852836608887,0.8467386960983276
YOR090C,YMR081C,0,-0.53624755,0.08949123322963715,0.8286852836608887,0.8468387126922607
YIL173W,YER081W,0,-0.53628427,0.08948160707950592,0.8286852836608887,0.8469387888908386
YLR410W,YJL098W,1,-0.5363553,0.0895795226097107,0.8296812772750854,0.8469387888908386
YHR001W-A,YLR200W,0,-0.5364066,0.08956988900899887,0.8296812772750854,0.8470388054847717
YMR243C,YDR021W,0,-0.5364991,0.08956026285886765,0.8296812772750854,0.8471388816833496
YHL017W,YDR108W,0,-0.5365447,0.08955063670873642,0.8296812772750854,0.8472388982772827
YFR010W,YPL248C,0,-0.53658426,0.0895410105586052,0.8296812772750854,0.8473389148712158
YKR079C,YOR254C,0,-0.5367,0.08953138440847397,0.8296812772750854,0.8474389910697937
YLR019W,YOL095C,0,-0.536869,0.08952176570892334,0.8296812772750854,0.8475390076637268
YPL221W,YBR023C,0,-0.5368938,0.08951213955879211,0.8296812772750854,0.8476390838623047
YDR437W,YPR155C,0,-0.5369372,0.08950252830982208,0.8296812772750854,0.8477391004562378
YDL098C,YGL049C,0,-0.5369424,0.08949290961027145,0.8296812772750854,0.8478391170501709
YLR442C,YBR208C,0,-0.5369443,0.08948329836130142,0.8296812772750854,0.8479391932487488
YBL035C,YMR230W,0,-0.5371378,0.08947368711233139,0.8296812772750854,0.8480392098426819
YML057W,YMR149W,0,-0.5372283,0.08946407586336136,0.8296812772750854,0.848139226436615
YLL048C,YFL005W,0,-0.53731,0.08945446461439133,0.8296812772750854,0.8482393026351929
YLR410W,YER089C,1,-0.5373612,0.08955223858356476,0.8306772708892822,0.8482393026351929
YJL012C,YPL140C,0,-0.53739226,0.08954262733459473,0.8306772708892822,0.848339319229126
YIL147C,YLR055C,0,-0.5374422,0.0895330086350441,0.8306772708892822,0.8484393954277039
YBL063W,YER081W,0,-0.53763103,0.08952339738607407,0.8306772708892822,0.848539412021637
YMR081C,YKR053C,0,-0.53764373,0.08951379358768463,0.8306772708892822,0.8486394286155701
YIL038C,YBL047C,0,-0.53773236,0.0895041823387146,0.8306772708892822,0.848739504814148
YDR350C,YJR096W,0,-0.5379534,0.08949457854032516,0.8306772708892822,0.848839521408081
YJR123W,YEL039C,0,-0.5382602,0.08948498219251633,0.8306772708892822,0.8489395976066589
YDR025W,YOR026W,0,-0.53849936,0.08947537839412689,0.8306772708892822,0.849039614200592
YDR482C,YDR234W,0,-0.5385774,0.08946578204631805,0.8306772708892822,0.8491396307945251
YPL176C,YDR261C,0,-0.53863424,0.08945618569850922,0.8306772708892822,0.849239706993103
YER139C,YLR093C,0,-0.5387901,0.08944658935070038,0.8306772708892822,0.8493397235870361
YDR367W,YOR359W,0,-0.538798,0.08943700045347214,0.8306772708892822,0.849439799785614
YDR176W,YBR188C,0,-0.5388942,0.0894274041056633,0.8306772708892822,0.8495398163795471
YNL167C,YFR016C,0,-0.53894764,0.08941782265901566,0.8306772708892822,0.8496398329734802
YFR040W,YMR165C,1,-0.538995,0.08951544016599655,0.8316733241081238,0.8496398329734802
YPL235W,YCL054W,0,-0.539045,0.08950584381818771,0.8316733241081238,0.8497399091720581
YJL057C,YOR259C,0,-0.53929794,0.08949624747037888,0.8316733241081238,0.8498399257659912
YDR188W,YBR295W,0,-0.5393216,0.08948665857315063,0.8316733241081238,0.8499400019645691
YNL286W,YLR075W,0,-0.53949183,0.0894770696759224,0.8316733241081238,0.8500400185585022
YBR114W,YDR019C,0,-0.5395866,0.08946748077869415,0.8316733241081238,0.8501400351524353
YBR107C,YHR149C,0,-0.53977925,0.08945789933204651,0.8316733241081238,0.8502401113510132
YJR123W,YMR205C,0,-0.5397915,0.08944831043481827,0.8316733241081238,0.8503401279449463
YBR046C,YBL047C,0,-0.5398932,0.08943872898817062,0.8316733241081238,0.8504402041435242
YLR059C,YBR028C,0,-0.5399327,0.08942915499210358,0.8316733241081238,0.8505402207374573
YIL052C,YDL209C,0,-0.5401599,0.08941957354545593,0.8316733241081238,0.8506402373313904
YBR130C,YER023W,0,-0.5402507,0.08940999954938889,0.8316733241081238,0.8507403135299683
YPL210C,YNL161W,0,-0.54029495,0.08940042555332184,0.8316733241081238,0.8508403301239014
YGL229C,YMR087W,1,-0.5405438,0.08949790894985199,0.8326693177223206,0.8508403301239014
YFR040W,YKL087C,0,-0.5406073,0.08948833495378494,0.8326693177223206,0.8509403467178345
YBL038W,YDR268W,0,-0.54072857,0.0894787535071373,0.8326693177223206,0.8510404229164124
YPR071W,YLR190W,0,-0.5409441,0.08946917951107025,0.8326693177223206,0.8511404395103455
YNL132W,YLR292C,0,-0.5410448,0.0894596055150032,0.8326693177223206,0.8512405157089233
YOR087W,YDR301W,0,-0.5410526,0.08945003151893616,0.8326693177223206,0.8513405323028564
YAL016W,YLR345W,1,-0.5412862,0.08954744786024094,0.8336653113365173,0.8513405323028564
YCR086W,YGR097W,0,-0.5414297,0.08953786641359329,0.8336653113365173,0.8514405488967896
YFR024C-A,YJR052W,0,-0.5414414,0.08952829241752625,0.8336653113365173,0.8515406250953674
YLR085C,YKL033W,0,-0.5414983,0.0895187184214592,0.8336653113365173,0.8516406416893005
YLL048C,YMR118C,0,-0.5416117,0.08950914442539215,0.8336653113365173,0.8517407178878784
YOR068C,YBR034C,0,-0.5416599,0.0894995704293251,0.8336653113365173,0.8518407344818115
YGR055W,YMR074C,0,-0.5416934,0.08949000388383865,0.8336653113365173,0.8519407510757446
YKL129C,YDR261C,0,-0.54178166,0.0894804373383522,0.8336653113365173,0.8520408272743225
YPL215W,YKL039W,0,-0.5418021,0.08947087079286575,0.8336653113365173,0.8521408438682556
YNL081C,YOL052C-A,0,-0.54186195,0.0894613116979599,0.8336653113365173,0.8522409200668335
YDL160C,YML059C,0,-0.5419173,0.08945174515247345,0.8336653113365173,0.8523409366607666
YBR069C,YPR034W,0,-0.542199,0.0894421860575676,0.8336653113365173,0.8524409532546997
YNL103W,YBR169C,0,-0.5423239,0.08943263441324234,0.8336653113365173,0.8525410294532776
YGR097W,YCL035C,0,-0.54250515,0.08942307531833649,0.8336653113365173,0.8526410460472107
YOR273C,YBL063W,0,-0.54265124,0.08941352367401123,0.8336653113365173,0.8527411222457886
YDR067C,YHR004C,1,-0.54270214,0.08951079100370407,0.8346613645553589,0.8527411222457886
YLR433C,YHR215W,1,-0.5427609,0.08960802853107452,0.8356573581695557,0.8527411222457886
YLR006C,YGR030C,0,-0.5427964,0.08959846198558807,0.8356573581695557,0.8528411388397217
YKL191W,YDR098C,0,-0.5428213,0.08958889544010162,0.8356573581695557,0.8529411554336548
YOR090C,YNL176C,0,-0.54301447,0.08957932889461517,0.8356573581695557,0.8530412316322327
YLR167W,YNL214W,0,-0.54309016,0.08956976979970932,0.8356573581695557,0.8531412482261658
YEL019C,YCL039W,0,-0.5431761,0.08956020325422287,0.8356573581695557,0.8532413244247437
YIL038C,YPL006W,0,-0.5432412,0.08955064415931702,0.8356573581695557,0.8533413410186768
YLR037C,YDR021W,0,-0.54328495,0.08954108506441116,0.8356573581695557,0.8534413576126099
YHR110W,YOL095C,0,-0.5434879,0.08953153342008591,0.8356573581695557,0.8535414338111877
YOR014W,YML057W,1,-0.54349566,0.0896286815404892,0.8366534113883972,0.8535414338111877
YKL052C,YFL049W,0,-0.5434971,0.08961912244558334,0.8366534113883972,0.8536414504051208
YMR242C,YPL145C,0,-0.54362696,0.0896095559000969,0.8366534113883972,0.853741466999054
YGR099W,YER093C,0,-0.5436602,0.08959999680519104,0.8366534113883972,0.8538415431976318
YPR114W,YIL107C,0,-0.5436774,0.08959044516086578,0.8366534113883972,0.8539415597915649
YLR220W,YNL251C,0,-0.54374444,0.08958088606595993,0.8366534113883972,0.8540416359901428
YLR451W,YIL137C,0,-0.5439092,0.08957133442163467,0.8366534113883972,0.8541416525840759
YDR204W,YER129W,0,-0.5439267,0.08956179022789001,0.8366534113883972,0.854241669178009
YGL126W,YPR155C,0,-0.5440048,0.08955223858356476,0.8366534113883972,0.8543417453765869
YMR205C,YGR266W,0,-0.5440725,0.0895426943898201,0.8366534113883972,0.85444176197052
YML133C,YNR055C,0,-0.54409206,0.08953315019607544,0.8366534113883972,0.8545418381690979
YLR293C,YER159C,0,-0.54409987,0.08952360600233078,0.8366534113883972,0.854641854763031
YOR155C,YHR004C,1,-0.5441665,0.08962062746286392,0.837649405002594,0.854641854763031
YIL014W,YOR129C,0,-0.544189,0.08961108326911926,0.837649405002594,0.8547418713569641
YPL004C,YOR027W,0,-0.5442,0.089601531624794,0.837649405002594,0.854841947555542
YGL246C,YDR395W,0,-0.5443069,0.08959198743104935,0.837649405002594,0.8549419641494751
YBR212W,YNL055C,0,-0.54431146,0.08958244323730469,0.837649405002594,0.855042040348053
YKL063C,YDR317W,0,-0.5443317,0.08957290649414062,0.837649405002594,0.8551420569419861
YML081W,YHL003C,0,-0.54438895,0.08956336230039597,0.837649405002594,0.8552420735359192
YNL167C,YGR129W,0,-0.5445393,0.0895538255572319,0.837649405002594,0.8553421497344971
YGL246C,YIL118W,0,-0.544543,0.08954429626464844,0.837649405002594,0.8554421663284302
YKR053C,YKR034W,0,-0.5446189,0.08953475952148438,0.837649405002594,0.8555422425270081
YDL135C,YKR077W,0,-0.5447158,0.08952523022890091,0.837649405002594,0.8556422591209412
YGR203W,YMR087W,1,-0.5448063,0.0896221399307251,0.8386453986167908,0.8556422591209412
YKR085C,YHR149C,0,-0.5448693,0.08961260318756104,0.8386453986167908,0.8557422757148743
YER071C,YML082W,0,-0.54508287,0.08960306644439697,0.8386453986167908,0.8558423519134521
YOR253W,YAL068C,0,-0.5451611,0.08959352970123291,0.8386453986167908,0.8559423685073853
YNL099C,YDR284C,1,-0.5452036,0.08969039469957352,0.8396414518356323,0.8559423685073853
YDR075W,YPR034W,0,-0.5452268,0.08968085050582886,0.8396414518356323,0.8560424447059631
YKL190W,YDR075W,1,-0.5453065,0.08977768570184708,0.8406374454498291,0.8560424447059631
YKL141W,YLR004C,0,-0.5455456,0.08976813405752182,0.8406374454498291,0.8561424612998962
YLR367W,YER023W,0,-0.5455935,0.08975858986377716,0.8406374454498291,0.8562424778938293
YDL230W,YDR503C,1,-0.54599005,0.0898553803563118,0.8416334390640259,0.8562424778938293
YDL100C,YOR372C,0,-0.5464046,0.08984582871198654,0.8416334390640259,0.8563425540924072
YCR036W,YBL005W,0,-0.5465319,0.08983627706766129,0.8416334390640259,0.8564425706863403
YLR143W,YPR141C,0,-0.5466705,0.08982672542333603,0.8416334390640259,0.8565425872802734
YLR347C,YPR134W,0,-0.54676515,0.08981717377901077,0.8416334390640259,0.8566426634788513
YOR109W,YNL325C,1,-0.54677075,0.08991391211748123,0.8426294922828674,0.8566426634788513
YLR181C,YER060W,0,-0.54678017,0.08990436047315598,0.8426294922828674,0.8567426800727844
YBR119W,YER093C,0,-0.5469828,0.08989480137825012,0.8426294922828674,0.8568427562713623
YDR075W,YPL161C,0,-0.5472168,0.08988524973392487,0.8426294922828674,0.8569427728652954
YPL225W,YEL027W,0,-0.54722416,0.0898757055401802,0.8426294922828674,0.8570427894592285
YGL126W,YJL167W,0,-0.5474878,0.08986615389585495,0.8426294922828674,0.8571428656578064
YGL144C,YNR033W,0,-0.54766285,0.08985660970211029,0.8426294922828674,0.8572428822517395
YAL026C,YGL238W,0,-0.5476682,0.08984706550836563,0.8426294922828674,0.8573429584503174
YNL287W,YDR359C,0,-0.54768336,0.08983752876520157,0.8426294922828674,0.8574429750442505
YGL070C,YDR273W,0,-0.5479699,0.0898279920220375,0.8426294922828674,0.8575429916381836
YML045W,YMR105C,0,-0.5480086,0.08981845527887344,0.8426294922828674,0.8576430678367615
YBL031W,YDR412W,0,-0.54806334,0.08980891853570938,0.8426294922828674,0.8577430844306946
YLR433C,YER089C,1,-0.54820293,0.08990553021430969,0.8436254858970642,0.8577430844306946
YFR010W,YDR092W,0,-0.5482334,0.08989598602056503,0.8436254858970642,0.8578431606292725
YNL010W,YER075C,1,-0.5483709,0.08999256789684296,0.8446215391159058,0.8578431606292725
YML127W,YBR049C,0,-0.54840297,0.0899830237030983,0.8446215391159058,0.8579431772232056
YIL022W,YCR016W,0,-0.54852384,0.08997347205877304,0.8446215391159058,0.8580431938171387
YLR131C,YIL096C,0,-0.5486285,0.08996392786502838,0.8446215391159058,0.8581432700157166
YGR082W,YLR367W,0,-0.54864764,0.08995438367128372,0.8446215391159058,0.8582432866096497
YCR044C,YBL005W,0,-0.5487063,0.08994484692811966,0.8446215391159058,0.8583433628082275
YJL098W,YPL254W,0,-0.5489035,0.089935302734375,0.8446215391159058,0.8584433794021606
YGL053W,YBR168W,0,-0.54904485,0.08992576599121094,0.8446215391159058,0.8585433959960938
YBR078W,YER155C,0,-0.5495714,0.08991623669862747,0.8446215391159058,0.8586434721946716
YDL134C,YOL065C,1,-0.54962486,0.09001272171735764,0.8456175327301025,0.8586434721946716
YDR098C,YDR021W,0,-0.5497559,0.09000317752361298,0.8456175327301025,0.8587434887886047
YOR136W,YCR044C,0,-0.54995257,0.08999364078044891,0.8456175327301025,0.8588435649871826
YIL137C,YJL173C,0,-0.5499641,0.08998410403728485,0.8456175327301025,0.8589435815811157
YCL044C,YLR247C,0,-0.5500695,0.08997456729412079,0.8456175327301025,0.8590435981750488
YIL030C,YHR190W,0,-0.55015445,0.08996503055095673,0.8456175327301025,0.8591436743736267
YOR081C,YDR234W,0,-0.5501753,0.08995550125837326,0.8456175327301025,0.8592436909675598
YBR107C,YDL124W,0,-0.5501905,0.0899459719657898,0.8456175327301025,0.8593437671661377
YML081W,YHR197W,0,-0.5502093,0.08993644267320633,0.8456175327301025,0.8594437837600708
YIL056W,YIL068C,0,-0.5504438,0.08992691338062286,0.8456175327301025,0.8595438003540039
YMR318C,YJR052W,0,-0.55067056,0.08991739153862,0.8456175327301025,0.8596438765525818
YPR055W,YKR077W,0,-0.55071855,0.08990786969661713,0.8456175327301025,0.8597438931465149
YGL167C,YKR049C,0,-0.55078816,0.08989834785461426,0.8456175327301025,0.859843909740448
YHL003C,YPR057W,0,-0.5509489,0.08988883346319199,0.8456175327301025,0.8599439859390259
YMR220W,YGL049C,0,-0.5509489,0.08987931162118912,0.8456175327301025,0.860044002532959
YPL169C,YBR054W,0,-0.5509784,0.08986979722976685,0.8456175327301025,0.8601440787315369
YDR243C,YLR435W,0,-0.5510742,0.08986029028892517,0.8456175327301025,0.86024409532547
YBR211C,YDR135C,0,-0.5511405,0.0898507758975029,0.8456175327301025,0.8603441119194031
YIL106W,YBR085W,0,-0.55114406,0.08984126895666122,0.8456175327301025,0.860444188117981
YPL203W,YDL123W,0,-0.5513826,0.08983176201581955,0.8456175327301025,0.8605442047119141
YNR048W,YHR033W,0,-0.5513876,0.08982226252555847,0.8456175327301025,0.8606442809104919
YFL025C,YDR019C,0,-0.5514515,0.0898127555847168,0.8456175327301025,0.860744297504425
YDR075W,YJR041C,0,-0.5515485,0.08980325609445572,0.8456175327301025,0.8608443140983582
YDR427W,YML076C,0,-0.55154914,0.08979375660419464,0.8456175327301025,0.860944390296936
YOL012C,YDR188W,0,-0.5515557,0.08978426456451416,0.8456175327301025,0.8610444068908691
YDR150W,YIR004W,0,-0.5516273,0.08977477252483368,0.8456175327301025,0.861144483089447
YEL006W,YDL046W,0,-0.551755,0.0897652804851532,0.8456175327301025,0.8612444996833801
YMR261C,YDR287W,1,-0.55184305,0.08986150473356247,0.8466135263442993,0.8612444996833801
YJR048W,YHL011C,0,-0.5518751,0.08985200524330139,0.8466135263442993,0.8613445162773132
YDR108W,YPL189W,0,-0.55194104,0.08984251320362091,0.8466135263442993,0.8614445924758911
YNL328C,YGR003W,0,-0.55209607,0.08983301371335983,0.8466135263442993,0.8615446090698242
YOR334W,YEL001C,0,-0.5521538,0.08982352167367935,0.8466135263442993,0.8616446852684021
YML100W,YKR053C,1,-0.5521564,0.08991969376802444,0.8476095795631409,0.8616446852684021
YGR253C,YGL238W,0,-0.5521583,0.08991019427776337,0.8476095795631409,0.8617447018623352
YPL146C,YDR317W,0,-0.55220705,0.08990069478750229,0.8476095795631409,0.8618447184562683
YLR044C,YOL061W,0,-0.5522765,0.08989120274782181,0.8476095795631409,0.8619447946548462
YDR280W,YLR292C,0,-0.55239373,0.08988170325756073,0.8476095795631409,0.8620448112487793
YDR361C,YGL016W,0,-0.5524084,0.08987221121788025,0.8476095795631409,0.8621448874473572
YLR102C,YDL123W,0,-0.5524526,0.08986272662878036,0.8476095795631409,0.8622449040412903
YOR014W,YPL228W,1,-0.55246466,0.08995882421731949,0.8486055731773376,0.8622449040412903
YER033C,YPL221W,0,-0.5525905,0.08994932472705841,0.8486055731773376,0.8623449206352234
YER031C,YPR128C,0,-0.5532485,0.08993983268737793,0.8486055731773376,0.8624449968338013
YPL179W,YOR132W,0,-0.5532747,0.08993033319711685,0.8486055731773376,0.8625450134277344
YDR178W,YFL026W,0,-0.5532766,0.08992084115743637,0.8486055731773376,0.8626450300216675
YDR345C,YCR065W,0,-0.55328745,0.08991135656833649,0.8486055731773376,0.8627451062202454
YLR118C,YML004C,0,-0.5533878,0.089901864528656,0.8486055731773376,0.8628451228141785
YDR150W,YGR296W,0,-0.5534395,0.08989237993955612,0.8486055731773376,0.8629451990127563
YGR208W,YNL325C,1,-0.5538153,0.08998839557170868,0.8496015667915344,0.8629451990127563
YDR375C,YPL215W,0,-0.5538675,0.0899789035320282,0.8496015667915344,0.8630452156066895
YNL048W,YHR133C,0,-0.5538885,0.08996941149234772,0.8496015667915344,0.8631452322006226
YER041W,YOR254C,0,-0.5540269,0.08995992690324783,0.8496015667915344,0.8632453083992004
YNL020C,YOL023W,0,-0.5541112,0.08995043486356735,0.8496015667915344,0.8633453249931335
YGR181W,YLR411W,0,-0.55424327,0.08994095027446747,0.8496015667915344,0.8634454011917114
YKR096W,YDR129C,0,-0.5545662,0.08993147313594818,0.8496015667915344,0.8635454177856445
YOL061W,YLR292C,0,-0.5547419,0.0899219885468483,0.8496015667915344,0.8636454343795776
YPL043W,YER071C,0,-0.5548411,0.08991251140832901,0.8496015667915344,0.8637455105781555
YOR320C,YML096W,0,-0.5548722,0.08990303426980972,0.8496015667915344,0.8638455271720886
YLR039C,YKL114C,0,-0.5548918,0.08989356458187103,0.8496015667915344,0.8639456033706665
YPR173C,YBR149W,0,-0.55492634,0.08988408744335175,0.8496015667915344,0.8640456199645996
YER031C,YPL063W,0,-0.5549407,0.08987461775541306,0.8496015667915344,0.8641456365585327
YJR132W,YNL055C,0,-0.5549423,0.08986514806747437,0.8496015667915344,0.8642457127571106
YLL048C,YLR292C,0,-0.55498666,0.08985568583011627,0.8496015667915344,0.8643457293510437
YGL070C,YBR146W,0,-0.55505264,0.08984621614217758,0.8496015667915344,0.8644458055496216
YHL038C,YDR100W,0,-0.5551484,0.08983675390481949,0.8496015667915344,0.8645458221435547
YKL110C,YBL100W-B,0,-0.55519575,0.08982729911804199,0.8496015667915344,0.8646458387374878
YPL179W,YDR284C,1,-0.5553166,0.08992313593626022,0.850597620010376,0.8646458387374878
YDR127W,YDR176W,0,-0.5553188,0.08991366624832153,0.850597620010376,0.8647459149360657
YOL042W,YBR181C,0,-0.5553208,0.08990420401096344,0.850597620010376,0.8648459315299988
YEL018W,YML045W,0,-0.55533904,0.08989473432302475,0.850597620010376,0.8649460077285767
YMR232W,YGL093W,0,-0.55540544,0.08988527208566666,0.850597620010376,0.8650460243225098
YOL012C,YLR249W,0,-0.5554117,0.08987581729888916,0.850597620010376,0.8651460409164429
YGR253C,YHR114W,0,-0.555665,0.08986635506153107,0.850597620010376,0.8652461171150208
YJL069C,YHR138C,0,-0.5557099,0.08985690027475357,0.850597620010376,0.8653461337089539
YML100W,YER089C,1,-0.5557677,0.08995265513658524,0.8515936136245728,0.8653461337089539
YMR009W,YPL254W,0,-0.55617845,0.08994319289922714,0.8515936136245728,0.865446150302887
YKL141W,YBL100W-B,0,-0.5562653,0.08993373066186905,0.8515936136245728,0.8655462265014648
YIL022W,YFR050C,0,-0.55629146,0.08992427587509155,0.8515936136245728,0.865646243095398
YPR055W,YDR100W,0,-0.55635864,0.08991482108831406,0.8515936136245728,0.8657463192939758
YKL016C,YJR050W,0,-0.5563642,0.08990536630153656,0.8515936136245728,0.8658463358879089
YJR046W,YKL079W,0,-0.5563982,0.08989591151475906,0.8515936136245728,0.865946352481842
YJR109C,YDR178W,0,-0.5564669,0.08988645672798157,0.8515936136245728,0.8660464286804199
YJR035W,YLR299W,0,-0.5565263,0.08987700939178467,0.8515936136245728,0.866146445274353
YIL002C,YFR025C,1,-0.5565699,0.08997267484664917,0.8525896668434143,0.866146445274353
YOR363C,YDL149W,0,-0.5571059,0.08996321260929108,0.8525896668434143,0.8662465214729309
YNL025C,YHR001W-A,0,-0.5573383,0.08995376527309418,0.8525896668434143,0.866346538066864
YLR361C,YMR180C,1,-0.55733883,0.0900493860244751,0.8535856604576111,0.866346538066864
YNL059C,YDR234W,0,-0.55737823,0.090039923787117,0.8535856604576111,0.8664465546607971
YDR430C,YNL156C,0,-0.55746096,0.09003046900033951,0.8535856604576111,0.866546630859375
YJL167W,YIL087C,0,-0.55752325,0.09002100676298141,0.8535856604576111,0.8666466474533081
YML013W,YGL053W,0,-0.5575556,0.09001155197620392,0.8535856604576111,0.866746723651886
YML081W,YOR004W,0,-0.5575607,0.09000209718942642,0.8535856604576111,0.8668467402458191
YGR254W,YLR200W,0,-0.5576571,0.08999264985322952,0.8535856604576111,0.8669467568397522
YHR106W,YPL097W,0,-0.5578262,0.08998320251703262,0.8535856604576111,0.8670468330383301
YGL116W,YDR234W,0,-0.5578858,0.08997375518083572,0.8535856604576111,0.8671468496322632
YOR189W,YLR432W,0,-0.55792695,0.08996430784463882,0.8535856604576111,0.8672469258308411
YOR193W,YBR045C,0,-0.55807096,0.08995486795902252,0.8535856604576111,0.8673469424247742
YHR142W,YFR034C,0,-0.55816734,0.08994542062282562,0.8535856604576111,0.8674469590187073
YLR019W,YOR110W,0,-0.5582649,0.08993598818778992,0.8535856604576111,0.8675470352172852
YDR040C,YNL161W,0,-0.55834126,0.08992654830217361,0.8535856604576111,0.8676470518112183
YKR053C,YMR087W,1,-0.55838805,0.09002203494310379,0.8545816540718079,0.8676470518112183
YKL052C,YGL139W,0,-0.55852956,0.09001258760690689,0.8545816540718079,0.8677471280097961
YGL093W,YNL161W,0,-0.55862576,0.09000314772129059,0.8545816540718079,0.8678471446037292
YOR091W,YGL058W,0,-0.558677,0.08999370783567429,0.8545816540718079,0.8679471611976624
YIL064W,YBR248C,0,-0.5588012,0.08998426795005798,0.8545816540718079,0.8680472373962402
YPR071W,YLR451W,0,-0.5589212,0.08997483551502228,0.8545816540718079,0.8681472539901733
YER155C,YER032W,0,-0.5589913,0.08996539562940598,0.8545816540718079,0.8682472705841064
YNL038W,YPR100W,0,-0.55899644,0.08995596319437027,0.8545816540718079,0.8683473467826843
YML100W,YMR232W,0,-0.5591145,0.08994653820991516,0.8545816540718079,0.8684473633766174
YDR513W,YPL061W,0,-0.5591802,0.08993710577487946,0.8545816540718079,0.8685474395751953
YPL262W,YML055W,0,-0.5592147,0.08992768079042435,0.8545816540718079,0.8686474561691284
YDR023W,YDR406W,0,-0.5592431,0.08991825580596924,0.8545816540718079,0.8687474727630615
YOR172W,YKL079W,0,-0.5592707,0.08990883082151413,0.8545816540718079,0.8688475489616394
YBR279W,YJR035W,0,-0.55941534,0.08989941328763962,0.8545816540718079,0.8689475655555725
YLR323C,YHL006C,0,-0.5594221,0.0898899957537651,0.8545816540718079,0.8690476417541504
YCR065W,YNL287W,0,-0.55947083,0.0898805782198906,0.8545816540718079,0.8691476583480835
YLR143W,YJR054W,0,-0.55949795,0.08987116068601608,0.8545816540718079,0.8692476749420166
YPR105C,YNL118C,0,-0.5596605,0.08986175060272217,0.8545816540718079,0.8693477511405945
YIL148W,YNL068C,0,-0.5600106,0.08985234051942825,0.8545816540718079,0.8694477677345276
YLR118C,YDR406W,0,-0.56015456,0.08984293043613434,0.8545816540718079,0.8695478439331055
YLR315W,YDR261C,0,-0.5602186,0.08983352780342102,0.8545816540718079,0.8696478605270386
YLL066C,YIL147C,0,-0.5603202,0.0898241177201271,0.8545816540718079,0.8697478771209717
YLL048C,YPL178W,0,-0.56039494,0.08981471508741379,0.8545816540718079,0.8698479533195496
YOR357C,YLR056W,0,-0.56047267,0.08980531990528107,0.8545816540718079,0.8699479699134827
YHR205W,YDR273W,0,-0.5605213,0.08979591727256775,0.8545816540718079,0.8700480461120605
YMR215W,YMR105C,0,-0.56055564,0.08978652209043503,0.8545816540718079,0.8701480627059937
YOR250C,YLR299W,0,-0.5606466,0.08977712690830231,0.8545816540718079,0.8702480792999268
YDL124W,YDR160W,0,-0.560758,0.08976773172616959,0.8545816540718079,0.8703481554985046
YKR031C,YDR168W,0,-0.56079507,0.08975834399461746,0.8545816540718079,0.8704481720924377
YAL028W,YPL173W,0,-0.5608614,0.08974895626306534,0.8545816540718079,0.8705482482910156
YDL113C,YBR168W,0,-0.56089425,0.08973956853151321,0.8545816540718079,0.8706482648849487
YOR157C,YNR030W,0,-0.5610945,0.08973018079996109,0.8545816540718079,0.8707482814788818
YKL006W,YFR049W,0,-0.5613588,0.08972080051898956,0.8545816540718079,0.8708483576774597
YGR254W,YDR435C,0,-0.5615949,0.08971142023801804,0.8545816540718079,0.8709483742713928
YPL234C,YDR292C,0,-0.56167966,0.08970203995704651,0.8545816540718079,0.8710483908653259
YIL107C,YGL194C,0,-0.56171024,0.08969265967607498,0.8545816540718079,0.8711484670639038
YPL138C,YLR361C,0,-0.5620897,0.08968328684568405,0.8545816540718079,0.8712484836578369
YDR343C,YPL173W,0,-0.56216943,0.08967391401529312,0.8545816540718079,0.8713485598564148
YDR503C,YDR287W,1,-0.5621874,0.08976904302835464,0.8555777072906494,0.8713485598564148
YDL072C,YNL180C,0,-0.56236017,0.08975966274738312,0.8555777072906494,0.8714485764503479
YBL035C,YLR367W,0,-0.56242377,0.08975028991699219,0.8555777072906494,0.871548593044281
YCR031C,YDR257C,0,-0.5624512,0.08974090963602066,0.8555777072906494,0.8716486692428589
YHR204W,YOL126C,0,-0.56247705,0.08973153680562973,0.8555777072906494,0.871748685836792
YOR193W,YPR199C,0,-0.5627006,0.0897221639752388,0.8555777072906494,0.8718487620353699
YMR318C,YMR226C,0,-0.5628614,0.08971279114484787,0.8555777072906494,0.871948778629303
YLR451W,YDL209C,0,-0.5629781,0.08970342576503754,0.8555777072906494,0.8720487952232361
YLL018C,YCL064C,0,-0.56313396,0.0896940603852272,0.8555777072906494,0.872148871421814
YNL294C,YDL134C,0,-0.56340724,0.08968469500541687,0.8555777072906494,0.8722488880157471
YOL078W,YGL192W,0,-0.5635429,0.08967532962560654,0.8555777072906494,0.872348964214325
YJL054W,YDL154W,0,-0.56359166,0.0896659716963768,0.8555777072906494,0.8724489808082581
YLL006W,YCL035C,0,-0.56362826,0.08965661376714706,0.8555777072906494,0.8725489974021912
YNL076W,YJL216C,0,-0.5638589,0.08964725583791733,0.8555777072906494,0.872649073600769
YPL120W,YHR157W,0,-0.56412673,0.08963789790868759,0.8555777072906494,0.8727490901947021
YLR083C,YCL064C,0,-0.56415945,0.08962854743003845,0.8555777072906494,0.87284916639328
YJL094C,YLR460C,0,-0.5641754,0.08961919695138931,0.8555777072906494,0.8729491829872131
YKR085C,YLR313C,0,-0.5641754,0.08960984647274017,0.8555777072906494,0.8730491995811462
YMR243C,YHR133C,0,-0.5645866,0.08960050344467163,0.8555777072906494,0.8731492757797241
YBR038W,YJL127C,0,-0.5646164,0.08959115296602249,0.8555777072906494,0.8732492923736572
YPR154W,YOL052C-A,0,-0.5647388,0.08958180993795395,0.8555777072906494,0.8733493685722351
YOR363C,YOL009C,0,-0.564853,0.089572474360466,0.8555777072906494,0.8734493851661682
YOR091W,YMR053C,0,-0.5649734,0.08956313133239746,0.8555777072906494,0.8735494017601013
YIL007C,YDR200C,0,-0.565063,0.08955379575490952,0.8555777072906494,0.8736494779586792
YBR069C,YGR165W,0,-0.5650746,0.08954446017742157,0.8555777072906494,0.8737494945526123
YOR192C,YGL092W,0,-0.56514865,0.08953512459993362,0.8555777072906494,0.8738495111465454
YLR185W,YDR384C,0,-0.5652584,0.08952579647302628,0.8555777072906494,0.8739495873451233
YCL016C,YLR200W,0,-0.5652897,0.08951646834611893,0.8555777072906494,0.8740496039390564
YLR433C,YBR093C,1,-0.56578076,0.08961133658885956,0.8565737009048462,0.8740496039390564
YDR067C,YDR074W,1,-0.56616104,0.089706189930439,0.857569694519043,0.8740496039390564
YMR041C,YDR188W,0,-0.56635743,0.08969684690237045,0.857569694519043,0.8741496801376343
YNL031C,YBL031W,0,-0.5664006,0.08968749642372131,0.857569694519043,0.8742496967315674
YDR074W,YDR287W,1,-0.566519,0.08978231251239777,0.8585657477378845,0.8742496967315674
YMR234W,YMR153W,0,-0.56675714,0.08977296203374863,0.8585657477378845,0.8743497133255005
YMR286W,YMR149W,0,-0.5668071,0.08976361900568008,0.8585657477378845,0.8744497895240784
YDR280W,YCR024C,0,-0.5668456,0.08975426852703094,0.8585657477378845,0.8745498061180115
YJR120W,YDR372C,0,-0.5671807,0.0897449254989624,0.8585657477378845,0.8746498823165894
YDL134C,YDR287W,1,-0.5672056,0.08983968198299408,0.8595617413520813,0.8746498823165894
YML120C,YFR049W,0,-0.56721836,0.08983033150434494,0.8595617413520813,0.8747498989105225
YKR053C,YDR204W,0,-0.56728166,0.0898209810256958,0.8595617413520813,0.8748499155044556
YDR007W,YJL208C,0,-0.5673183,0.08981163799762726,0.8595617413520813,0.8749499917030334
YML100W,YMR165C,1,-0.56735224,0.08990634977817535,0.8605577945709229,0.8749499917030334
YPR105C,YNL063W,0,-0.56742376,0.08989699184894562,0.8605577945709229,0.8750500082969666
YDL135C,YOR101W,0,-0.56747276,0.08988764137029648,0.8605577945709229,0.8751500844955444
YGR208W,YBR092C,1,-0.5676147,0.08998231589794159,0.8615537881851196,0.8751500844955444
YGR082W,YGL076C,0,-0.5677211,0.08997295796871185,0.8615537881851196,0.8752501010894775
YPL116W,YDR122W,0,-0.56776595,0.08996360003948212,0.8615537881851196,0.8753501176834106
YHR215W,YHR044C,1,-0.5677829,0.09005823731422424,0.8625497817993164,0.8753501176834106
YDR204W,YCR063W,0,-0.5678839,0.09004887193441391,0.8625497817993164,0.8754501938819885
YIL068C,YBR112C,0,-0.56798154,0.09003950655460358,0.8625497817993164,0.8755502104759216
YLR247C,YGR208W,0,-0.5685378,0.09003014862537384,0.8625497817993164,0.8756502866744995
YCR031C,YIR004W,0,-0.5686876,0.0900207906961441,0.8625497817993164,0.8757503032684326
YIL156W,YNR033W,0,-0.5688438,0.09001143276691437,0.8625497817993164,0.8758503198623657
YGL195W,YML096W,0,-0.5688551,0.09000208228826523,0.8625497817993164,0.8759503960609436
YKL014C,YMR131C,0,-0.5693837,0.08999272435903549,0.8625497817993164,0.8760504126548767
YMR105C,YPL135W,0,-0.5695978,0.08998337388038635,0.8625497817993164,0.8761504888534546
YIL147C,YLR092W,0,-0.56967986,0.08997402340173721,0.8625497817993164,0.8762505054473877
YFR050C,YNR071C,0,-0.569694,0.08996468037366867,0.8625497817993164,0.8763505220413208
YJR046W,YPL010W,0,-0.56986684,0.08995533734560013,0.8625497817993164,0.8764505982398987
YMR081C,YNL247W,0,-0.5698919,0.08994599431753159,0.8625497817993164,0.8765506148338318
YLR052W,YGL111W,0,-0.5702693,0.08993665128946304,0.8625497817993164,0.8766506314277649
YHR033W,YHL006C,0,-0.57028913,0.0899273082613945,0.8625497817993164,0.8767507076263428
YML092C,YKL054C,0,-0.5705748,0.08991797268390656,0.8625497817993164,0.8768507242202759
YAR033W,YPR114W,0,-0.5707721,0.08990863710641861,0.8625497817993164,0.8769508004188538
YHR009C,YJL208C,0,-0.57102746,0.08989930152893066,0.8625497817993164,0.8770508170127869
YGL195W,YMR177W,0,-0.57115126,0.08988997340202332,0.8625497817993164,0.87715083360672
YLR223C,YMR156C,0,-0.5712183,0.08988064527511597,0.8625497817993164,0.8772509098052979
YKR100C,YBR121C,0,-0.5712213,0.08987131714820862,0.8625497817993164,0.877350926399231
YGL073W,YNR053C,0,-0.5713053,0.08986198902130127,0.8625497817993164,0.8774510025978088
YGL126W,YLL021W,0,-0.57131493,0.08985266834497452,0.8625497817993164,0.8775510191917419
YJL155C,YOR155C,1,-0.5715291,0.08994708955287933,0.863545835018158,0.8775510191917419
YGL104C,YMR050C,0,-0.57179916,0.08993776142597198,0.863545835018158,0.877651035785675
YPR143W,YLR058C,0,-0.571986,0.08992843329906464,0.863545835018158,0.8777511119842529
YOR250C,YDR105C,0,-0.5720602,0.08991910517215729,0.863545835018158,0.877851128578186
YOL069W,YPL215W,0,-0.5724456,0.08990977704524994,0.863545835018158,0.8779512047767639
YNL056W,YLR409C,0,-0.5725525,0.08990045636892319,0.863545835018158,0.878051221370697
YCL064C,YPR141C,0,-0.57266587,0.08989113569259644,0.863545835018158,0.8781512379646301
YBR069C,YHR118C,0,-0.5728725,0.08988181501626968,0.863545835018158,0.878251314163208
YLR006C,YML133C,0,-0.5730405,0.08987250179052353,0.863545835018158,0.8783513307571411
YJL059W,YLR131C,0,-0.573067,0.08986318111419678,0.863545835018158,0.878451406955719
YJR084W,YDR105C,0,-0.57312214,0.08985386788845062,0.863545835018158,0.8785514235496521
YHR118C,YGR005C,0,-0.5732079,0.08984456211328506,0.863545835018158,0.8786514401435852
YPL169C,YCR005C,0,-0.57324725,0.08983524888753891,0.863545835018158,0.8787515163421631
YAL002W,YDL106C,0,-0.57329804,0.08982594311237335,0.863545835018158,0.8788515329360962
YDL175C,YML102W,0,-0.57332456,0.0898166373372078,0.863545835018158,0.8789516091346741
YMR234W,YKR100C,0,-0.57339615,0.08980733156204224,0.863545835018158,0.8790516257286072
YHR005C,YMR177W,0,-0.57368463,0.08979803323745728,0.863545835018158,0.8791516423225403
YOL020W,YDR517W,0,-0.5740854,0.08978873491287231,0.863545835018158,0.8792517185211182
YGL087C,YLR181C,0,-0.5742648,0.08977943658828735,0.863545835018158,0.8793517351150513
YOR027W,YLR056W,0,-0.5742853,0.08977013826370239,0.863545835018158,0.8794517517089844
YNL217W,YKL152C,1,-0.57436234,0.08986437320709229,0.8645418286323547,0.8794517517089844
YMR313C,YBR045C,0,-0.57436866,0.08985507488250732,0.8645418286323547,0.8795518279075623
YOL032W,YBL051C,0,-0.5744762,0.08984576910734177,0.8645418286323547,0.8796518445014954
YNL029C,YOR110W,0,-0.574579,0.0898364707827568,0.8645418286323547,0.8797519207000732
YGR055W,YGL006W,0,-0.57464004,0.08982717245817184,0.8645418286323547,0.8798519372940063
YPL176C,YNR052C,0,-0.57482177,0.08981788158416748,0.8645418286323547,0.8799519538879395
YDL124W,YDL243C,0,-0.5750676,0.08980859071016312,0.8645418286323547,0.8800520300865173
YOR252W,YJL098W,0,-0.5751542,0.08979929983615875,0.8645418286323547,0.8801520466804504
YGR283C,YGR260W,0,-0.5751576,0.08979000896215439,0.8645418286323547,0.8802521228790283
YCL029C,YKR053C,0,-0.57519937,0.08978071808815002,0.8645418286323547,0.8803521394729614
YKR100C,YBL008W,0,-0.5752133,0.08977143466472626,0.8645418286323547,0.8804521560668945
YER007C-A,YPL010W,0,-0.5752964,0.08976215124130249,0.8645418286323547,0.8805522322654724
YGR024C,YKL080W,0,-0.5753222,0.08975286781787872,0.8645418286323547,0.8806522488594055
YMR192W,YJR109C,0,-0.57548624,0.08974359184503555,0.8645418286323547,0.8807523250579834
YGR004W,YLR384C,0,-0.57548785,0.08973430842161179,0.8645418286323547,0.8808523416519165
YKL190W,YGL190C,1,-0.575517,0.08982840925455093,0.8655378222465515,0.8808523416519165
YDL188C,YOL065C,1,-0.57562155,0.0899224802851677,0.8665338754653931,0.8808523416519165
YFR027W,YGL025C,0,-0.57564,0.08991318941116333,0.8665338754653931,0.8809523582458496
YJL127C,YIR031C,0,-0.5757423,0.08990389853715897,0.8665338754653931,0.8810524344444275
YHR204W,YBR188C,0,-0.5758257,0.0898946076631546,0.8665338754653931,0.8811524510383606
YGL246C,YJR117W,0,-0.57584363,0.08988531678915024,0.8665338754653931,0.8812525272369385
YJR118C,YDR105C,0,-0.57592374,0.08987603336572647,0.8665338754653931,0.8813525438308716
YMR156C,YLR345W,1,-0.5760371,0.08997004479169846,0.8675298690795898,0.8813525438308716
YDR145W,YOR358W,0,-0.576196,0.08996075391769409,0.8675298690795898,0.8814525604248047
YIL033C,YDL149W,0,-0.5762573,0.08995146304368973,0.8675298690795898,0.8815526366233826
YML057W,YJL180C,0,-0.57626945,0.08994217216968536,0.8675298690795898,0.8816526532173157
YPL001W,YLR411W,0,-0.57667434,0.0899328887462616,0.8675298690795898,0.8817527294158936
YKL110C,YKR079C,0,-0.5767389,0.08992359787225723,0.8675298690795898,0.8818527460098267
YDR398W,YMR156C,0,-0.576886,0.08991431444883347,0.8675298690795898,0.8819527626037598
YJR102C,YBL063W,0,-0.576997,0.0899050384759903,0.8675298690795898,0.8820528388023376
YFR024C-A,YGR244C,0,-0.57702863,0.08989575505256653,0.8675298690795898,0.8821528553962708
YDR201W,YNR024W,0,-0.577031,0.08988647907972336,0.8675298690795898,0.8822528719902039
YPL140C,YKL060C,0,-0.57721245,0.08987720310688019,0.8675298690795898,0.8823529481887817
YPR161C,YLR451W,0,-0.57725626,0.08986793458461761,0.8675298690795898,0.8824529647827148
YPL100W,YML061C,0,-0.5772969,0.08985865861177444,0.8675298690795898,0.8825530409812927
YIL052C,YCR035C,0,-0.5773558,0.08984939008951187,0.8675298690795898,0.8826530575752258
YGR254W,YDR377W,0,-0.57738966,0.0898401215672493,0.8675298690795898,0.8827530741691589
YPL179W,YGL064C,0,-0.57744867,0.08983086049556732,0.8675298690795898,0.8828531503677368
YCL017C,YBL035C,0,-0.5774781,0.08982159197330475,0.8675298690795898,0.8829531669616699
YJL057C,YGL167C,0,-0.57751167,0.08981233090162277,0.8675298690795898,0.8830532431602478
YML120C,YOR172W,0,-0.57752436,0.0898030698299408,0.8675298690795898,0.8831532597541809
YPL115C,YFR049W,0,-0.57756084,0.08979381620883942,0.8675298690795898,0.883253276348114
YGR204W,YBR212W,0,-0.5775742,0.08978455513715744,0.8675298690795898,0.8833533525466919
YJL089W,YDL117W,0,-0.57758677,0.08977530151605606,0.8675298690795898,0.883453369140625
YDR235W,YOR011W,0,-0.5777699,0.08976605534553528,0.8675298690795898,0.8835534453392029
YOR004W,YKL077W,0,-0.5778113,0.0897568017244339,0.8675298690795898,0.883653461933136
YCR016W,YPR174C,0,-0.5778804,0.08974755555391312,0.8675298690795898,0.8837534785270691
YMR130W,YOR090C,1,-0.5778828,0.0898413360118866,0.8685259222984314,0.8837534785270691
YLR390W-A,YOR195W,0,-0.5779378,0.08983208239078522,0.8685259222984314,0.883853554725647
YMR313C,YER167W,0,-0.57822615,0.08982282876968384,0.8685259222984314,0.8839535713195801
YGR253C,YOR110W,0,-0.5782878,0.08981357514858246,0.8685259222984314,0.884053647518158
YDR256C,YNL130C,0,-0.5783667,0.08980432897806168,0.8685259222984314,0.8841536641120911
YML011C,YHR201C,0,-0.5784235,0.0897950753569603,0.8685259222984314,0.8842536807060242
YOR129C,YKL032C,0,-0.5785676,0.08978582918643951,0.8685259222984314,0.884353756904602
YIL019W,YER056C,0,-0.57865244,0.08977659046649933,0.8685259222984314,0.8844537734985352
YGR174C,YPL203W,0,-0.5786658,0.08976734429597855,0.8685259222984314,0.884553849697113
YML041C,YGL058W,0,-0.57869095,0.08975810557603836,0.8685259222984314,0.8846538662910461
YGR078C,YER015W,0,-0.5786975,0.08974886685609818,0.8685259222984314,0.8847538828849792
YMR063W,YFR010W,0,-0.57883066,0.08973962813615799,0.8685259222984314,0.8848539590835571
YKL016C,YKL058W,0,-0.5788997,0.0897303968667984,0.8685259222984314,0.8849539756774902
YLR377C,YDR135C,0,-0.5789347,0.08972116559743881,0.8685259222984314,0.8850539922714233
YML100W,YDL093W,0,-0.5790869,0.08971193432807922,0.8685259222984314,0.8851540684700012
YJR042W,YGL107C,0,-0.57918316,0.08970270305871964,0.8685259222984314,0.8852540850639343
YML100W,YLR019W,1,-0.57938606,0.08979633450508118,0.8695219159126282,0.8852540850639343
YDR412W,YGL105W,0,-0.5798982,0.08978710323572159,0.8695219159126282,0.8853541612625122
YDL072C,YHR111W,0,-0.5799804,0.089777871966362,0.8695219159126282,0.8854541778564453
YEL048C,YJL216C,0,-0.5800713,0.08976864069700241,0.8695219159126282,0.8855541944503784
YNL194C,YEL044W,0,-0.58016694,0.08975940942764282,0.8695219159126282,0.8856542706489563
YLR115W,YBR212W,0,-0.5801716,0.08975017815828323,0.8695219159126282,0.8857542872428894
YLL010C,YCR079W,1,-0.58036214,0.08984375,0.870517909526825,0.8857542872428894
YNL137C,YNR059W,0,-0.58052844,0.08983451873064041,0.870517909526825,0.8858543634414673
YDL154W,YJL168C,0,-0.580614,0.08982528001070023,0.870517909526825,0.8859543800354004
YGL093W,YPR155C,0,-0.58085227,0.08981604874134064,0.870517909526825,0.8860543966293335
YML057W,YOR208W,1,-0.58085555,0.08990957587957382,0.8715139627456665,0.8860543966293335
YAL015C,YLR194C,0,-0.58086735,0.08990033715963364,0.8715139627456665,0.8861544728279114
YIL064W,YPL179W,0,-0.5812368,0.08989110589027405,0.8715139627456665,0.8862544894218445
YHR111W,YJR049C,0,-0.5814006,0.08988186717033386,0.8715139627456665,0.8863545656204224
YBR218C,YLR260W,0,-0.58150345,0.08987263590097427,0.8715139627456665,0.8864545822143555
YLR426W,YMR002W,0,-0.5815169,0.08986340463161469,0.8715139627456665,0.8865545988082886
YOR011W,YNR033W,0,-0.5817995,0.0898541808128357,0.8715139627456665,0.8866546750068665
YIL007C,YDR039C,0,-0.5819487,0.0898449569940567,0.8715139627456665,0.8867546916007996
YGR024C,YMR156C,0,-0.5821813,0.08983572572469711,0.8715139627456665,0.8868547677993774
YDL003W,YBR094W,0,-0.58241075,0.08982650935649872,0.8715139627456665,0.8869547843933105
YDR150W,YGL064C,0,-0.58271307,0.08981728553771973,0.8715139627456665,0.8870548009872437
YLR143W,YOL029C,0,-0.58271974,0.08980806916952133,0.8715139627456665,0.8871548771858215
YKL069W,YBR191W,0,-0.5831881,0.08979885280132294,0.8715139627456665,0.8872548937797546
YFL025C,YER015W,0,-0.5833174,0.08978963643312454,0.8715139627456665,0.8873549699783325
YOR109W,YBR126C,1,-0.5835329,0.08988302946090698,0.8725099563598633,0.8873549699783325
YLR167W,YJL089W,0,-0.58354765,0.08987380564212799,0.8725099563598633,0.8874549865722656
YLR023C,YHR037W,0,-0.58366174,0.0898645892739296,0.8725099563598633,0.8875550031661987
YGR181W,YDR500C,0,-0.58379525,0.0898553729057312,0.8725099563598633,0.8876550793647766
YMR158W,YHL015W,0,-0.5838912,0.0898461565375328,0.8725099563598633,0.8877550959587097
YEL019C,YNL240C,0,-0.58401656,0.08983694016933441,0.8725099563598633,0.8878551125526428
YKL014C,YHR005C,0,-0.5842069,0.08982773125171661,0.8725099563598633,0.8879551887512207
YER044C-A,YLR092W,0,-0.5843006,0.08981851488351822,0.8725099563598633,0.8880552053451538
YNL243W,YDR244W,0,-0.5845877,0.08980930596590042,0.8725099563598633,0.8881552815437317
YGL070C,YBR248C,0,-0.5845948,0.08980010449886322,0.8725099563598633,0.8882552981376648
YCR031C,YBR119W,0,-0.58463067,0.08979089558124542,0.8725099563598633,0.8883553147315979
YKL132C,YDR273W,0,-0.5853034,0.08978169411420822,0.8725099563598633,0.8884553909301758
YLR019W,YOR109W,1,-0.5853086,0.08987497538328171,0.8735059499740601,0.8884553909301758
YDR503C,YNL325C,1,-0.58554083,0.0899682343006134,0.8745020031929016,0.8884553909301758
YLR052W,YER178W,0,-0.58561814,0.08995901793241501,0.8745020031929016,0.8885554075241089
YLR410W,YBR092C,1,-0.58565134,0.09005224704742432,0.8754979968070984,0.8885554075241089
YDR091C,YBR015C,0,-0.5859074,0.09004302322864532,0.8754979968070984,0.8886554837226868
YDL235C,YFL025C,0,-0.58601856,0.09003379940986633,0.8754979968070984,0.8887555003166199
YER143W,YNL181W,0,-0.5860458,0.09002458304166794,0.8754979968070984,0.888855516910553
YHR033W,YDR469W,0,-0.58610314,0.09001535922288895,0.8754979968070984,0.8889555931091309
YIL144W,YER081W,0,-0.586283,0.09000614285469055,0.8754979968070984,0.889055609703064
YKR093W,YML082W,0,-0.58639055,0.08999692648649216,0.8754979968070984,0.8891556859016418
YHR169W,YKR075C,0,-0.58665603,0.08998771756887436,0.8754979968070984,0.889255702495575
YHR096C,YOR227W,0,-0.5868408,0.08997850120067596,0.8754979968070984,0.8893557190895081
YLL024C,YBR162C,0,-0.586842,0.08996929228305817,0.8754979968070984,0.8894557952880859
YMR275C,YER143W,0,-0.5869031,0.08996008336544037,0.8754979968070984,0.889555811882019
YIR026C,YDR075W,1,-0.58700156,0.09005321562290192,0.8764940500259399,0.889555811882019
YML061C,YHR020W,0,-0.5874036,0.09004399925470352,0.8764940500259399,0.8896558880805969
YJR035W,YLL067C,0,-0.5874799,0.09003478288650513,0.8764940500259399,0.88975590467453
YMR225C,YJR054W,0,-0.58752614,0.09002557396888733,0.8764940500259399,0.8898559212684631
YDR482C,YOR227W,0,-0.587544,0.09001636505126953,0.8764940500259399,0.889955997467041
YGL189C,YJL183W,0,-0.58762956,0.09000715613365173,0.8764940500259399,0.8900560140609741
YJR123W,YOL012C,0,-0.5877022,0.08999795466661453,0.8764940500259399,0.890156090259552
YKR089C,YLR299W,0,-0.5877915,0.08998875319957733,0.8764940500259399,0.8902561068534851
YER040W,YBR003W,0,-0.58788913,0.08997955173254013,0.8764940500259399,0.8903561234474182
YIR026C,YCR079W,1,-0.5879052,0.09007258713245392,0.8774900436401367,0.8903561234474182
YHR138C,YNL055C,0,-0.5879137,0.09006337821483612,0.8774900436401367,0.8904561996459961
YKL190W,YOR208W,1,-0.587945,0.09015639126300812,0.8784860372543335,0.8904561996459961
YGL196W,YDL117W,0,-0.5883071,0.09014718234539032,0.8784860372543335,0.8905562162399292
YDL235C,YEL019C,0,-0.588419,0.09013796597719193,0.8784860372543335,0.8906562328338623
YGL028C,YGL078C,0,-0.58852214,0.09012875705957413,0.8784860372543335,0.8907563090324402
YMR048W,YLR060W,0,-0.58868533,0.09011954814195633,0.8784860372543335,0.8908563256263733
YPL013C,YIR031C,0,-0.5889437,0.09011033922433853,0.8784860372543335,0.8909564018249512
YJL110C,YMR091C,0,-0.5891214,0.09010113030672073,0.8784860372543335,0.8910564184188843
YFR031C-A,YBR101C,0,-0.5891232,0.09009192883968353,0.8784860372543335,0.8911564350128174
YIL118W,YIR026C,0,-0.58925074,0.09008272737264633,0.8784860372543335,0.8912565112113953
YNL246W,YGL111W,0,-0.58948535,0.09007352590560913,0.8784860372543335,0.8913565278053284
YLR367W,YHR120W,0,-0.589504,0.09006433188915253,0.8784860372543335,0.8914566040039062
YDR399W,YMR156C,0,-0.58994234,0.09005513787269592,0.8784860372543335,0.8915566205978394
YDR434W,YJR052W,0,-0.59021944,0.09004594385623932,0.8784860372543335,0.8916566371917725
YIL075C,YCR105W,0,-0.5904112,0.09003674983978271,0.8784860372543335,0.8917567133903503
YGR078C,YMR205C,0,-0.5904296,0.09002755582332611,0.8784860372543335,0.8918567299842834
YLR058C,YHR106W,0,-0.5905471,0.0900183692574501,0.8784860372543335,0.8919568061828613
YER149C,YIL123W,0,-0.5907567,0.0900091826915741,0.8784860372543335,0.8920568227767944
YHR201C,YBR218C,0,-0.5908305,0.09000000357627869,0.8784860372543335,0.8921568393707275
YKL087C,YGL127C,0,-0.591242,0.08999081701040268,0.8784860372543335,0.8922569155693054
YOR363C,YMR220W,0,-0.5912687,0.08998163789510727,0.8784860372543335,0.8923569321632385
YDL081C,YDR021W,0,-0.591358,0.08997245877981186,0.8784860372543335,0.8924570083618164
YBR208C,YCR005C,0,-0.5914921,0.08996327966451645,0.8784860372543335,0.8925570249557495
YDR361C,YIL053W,0,-0.591712,0.08995410799980164,0.8784860372543335,0.8926570415496826
YOL078W,YCL054W,0,-0.5917438,0.08994492888450623,0.8784860372543335,0.8927571177482605
YBR189W,YHR142W,0,-0.5917981,0.08993575721979141,0.8784860372543335,0.8928571343421936
YLR019W,YDR075W,1,-0.5921007,0.0900285467505455,0.879482090473175,0.8928571343421936
YBR301W,YIL123W,0,-0.59224683,0.09001936763525009,0.879482090473175,0.8929572105407715
YIL053W,YBR003W,0,-0.59231484,0.09001019597053528,0.879482090473175,0.8930572271347046
YPR073C,YBL056W,1,-0.59274185,0.09010294824838638,0.8804780840873718,0.8930572271347046
YGR254W,YDR243C,0,-0.5928058,0.09009376168251038,0.8804780840873718,0.8931572437286377
YDR273W,YMR149W,0,-0.59301454,0.09008458256721497,0.8804780840873718,0.8932573199272156
YML023C,YDR075W,0,-0.59302706,0.09007540345191956,0.8804780840873718,0.8933573365211487
YLR059C,YOR253W,0,-0.59303474,0.09006622433662415,0.8804780840873718,0.8934574127197266
YMR105C,YIL137C,0,-0.59309083,0.09005705267190933,0.8804780840873718,0.8935574293136597
YOR129C,YBR016W,0,-0.5931685,0.09004787355661392,0.8804780840873718,0.8936574459075928
YLL018C,YOL069W,0,-0.5932082,0.09003870189189911,0.8804780840873718,0.8937575221061707
YGL189C,YML082W,0,-0.5932155,0.09002953767776489,0.8804780840873718,0.8938575387001038
YNL130C,YER127W,0,-0.59323496,0.09002036601305008,0.8804780840873718,0.8939575552940369
YPL133C,YJL179W,0,-0.59333277,0.09001120179891586,0.8804780840873718,0.8940576314926147
YMR050C,YKR099W,0,-0.59343004,0.09000203758478165,0.8804780840873718,0.8941576480865479
YER063W,YDR246W,0,-0.59350234,0.08999287337064743,0.8804780840873718,0.8942577242851257
YNL123W,YHR138C,0,-0.5936695,0.08998371660709381,0.8804780840873718,0.8943577408790588
YPL105C,YJL127C,0,-0.5939939,0.0899745523929596,0.8804780840873718,0.8944577574729919
YOR191W,YKL185W,0,-0.5940776,0.08996539562940598,0.8804780840873718,0.8945578336715698
YLR426W,YLR181C,0,-0.5941153,0.08995624631643295,0.8804780840873718,0.8946578502655029
YDR280W,YER167W,0,-0.59432167,0.08994708955287933,0.8804780840873718,0.8947579264640808
YOR250C,YIL153W,0,-0.5943774,0.08993794023990631,0.8804780840873718,0.8948579430580139
YJL168C,YDL046W,0,-0.5944464,0.08992879092693329,0.8804780840873718,0.894957959651947
YBR126C,YDR287W,1,-0.5944555,0.09002136439085007,0.8814740777015686,0.894957959651947
YOR049C,YFR047C,0,-0.5947504,0.09001220762729645,0.8814740777015686,0.8950580358505249
YJL057C,YKL043W,0,-0.59476876,0.09000305086374283,0.8814740777015686,0.895158052444458
YKR099W,YJR096W,0,-0.59493464,0.0899939015507698,0.8814740777015686,0.8952581286430359
YOR049C,YDL134C,0,-0.5949787,0.08998474478721619,0.8814740777015686,0.895358145236969
YMR158W,YPL058C,0,-0.5950499,0.08997560292482376,0.8814740777015686,0.8954581618309021
YLR037C,YDL145C,0,-0.59512323,0.08996645361185074,0.8814740777015686,0.89555823802948
YDR129C,YGR253C,0,-0.59512764,0.08995731174945831,0.8814740777015686,0.8956582546234131
YJR110W,YKL212W,1,-0.5951397,0.09004980325698853,0.8824701309204102,0.8956582546234131
YDR436W,YIL113W,1,-0.5951968,0.09014227986335754,0.8834661245346069,0.8956582546234131
YMR261C,YKL110C,0,-0.59524095,0.09013311564922333,0.8834661245346069,0.895758330821991
YNL051W,YLR060W,0,-0.5955205,0.09012395888566971,0.8834661245346069,0.8958583474159241
YFR024C-A,YML045W,0,-0.59557414,0.09011480212211609,0.8834661245346069,0.8959583640098572
YHR043C,YLR345W,1,-0.5955873,0.09020723402500153,0.8844621777534485,0.8959583640098572
YOR002W,YGR080W,0,-0.59587127,0.09019806981086731,0.8844621777534485,0.8960584402084351
YDL072C,YKR052C,0,-0.5959041,0.0901889055967331,0.8844621777534485,0.8961584568023682
YDR377W,YLR058C,0,-0.5960321,0.09017974883317947,0.8844621777534485,0.896258533000946
YOL064C,YHR004C,1,-0.5961868,0.09027213603258133,0.8854581713676453,0.896258533000946
YMR158W,YDR317W,0,-0.5962374,0.09026297181844711,0.8854581713676453,0.8963585495948792
YHR204W,YNL023C,0,-0.5962989,0.0902538076043129,0.8854581713676453,0.8964585661888123
YOR034C,YGR296W,0,-0.5965885,0.09024464339017868,0.8854581713676453,0.8965586423873901
YNL190W,YML081W,0,-0.5966895,0.09023548662662506,0.8854581713676453,0.8966586589813232
YAL015C,YER178W,0,-0.596767,0.09022632986307144,0.8854581713676453,0.8967586755752563
YOL096C,YPR155C,0,-0.5970399,0.09021717309951782,0.8854581713676453,0.8968587517738342
YPL058C,YDL018C,0,-0.59706545,0.0902080163359642,0.8854581713676453,0.8969587683677673
YDL139C,YOR059C,0,-0.59719115,0.09019886702299118,0.8854581713676453,0.8970588445663452
YHR204W,YPR110C,0,-0.5973415,0.09018971025943756,0.8854581713676453,0.8971588611602783
YGR178C,YHR111W,0,-0.59746003,0.09018056094646454,0.8854581713676453,0.8972588777542114
YAL007C,YFR016C,0,-0.5975509,0.09017141908407211,0.8854581713676453,0.8973589539527893
YNL054W,YGL144C,0,-0.5976158,0.09016226977109909,0.8854581713676453,0.8974589705467224
YGL006W,YGR266W,0,-0.59790844,0.09015312790870667,0.8854581713676453,0.8975590467453003
YPR143W,YAL019W,0,-0.59796554,0.09014398604631424,0.8854581713676453,0.8976590633392334
YKL141W,YMR050C,0,-0.59816444,0.09013484418392181,0.8854581713676453,0.8977590799331665
YGR082W,YGR181W,0,-0.5981955,0.09012570977210999,0.8854581713676453,0.8978591561317444
YFR040W,YDL047W,1,-0.59823555,0.0902179405093193,0.886454164981842,0.8978591561317444
YBR146W,YIL033C,0,-0.5982978,0.09020879864692688,0.886454164981842,0.8979591727256775
YOR358W,YPL061W,0,-0.5983387,0.09019965678453445,0.886454164981842,0.8980592489242554
YLR259C,YLR181C,0,-0.59852797,0.09019051492214203,0.886454164981842,0.8981592655181885
YDR481C,YMR036C,1,-0.5987162,0.09028270095586777,0.8874502182006836,0.8981592655181885
YOL065C,YDR074W,1,-0.59901446,0.09037487208843231,0.8884462118148804,0.8981592655181885
YBR054W,YPL075W,0,-0.5990601,0.09036571532487869,0.8884462118148804,0.8982592821121216
YFR028C,YDL006W,1,-0.59909695,0.09045786410570145,0.8894422054290771,0.8982592821121216
YOR383C,YML096W,0,-0.59917885,0.09044869989156723,0.8894422054290771,0.8983593583106995
YHR205W,YLR143W,0,-0.59920853,0.09043953567743301,0.8894422054290771,0.8984593749046326
YBL007C,YNL055C,0,-0.5996223,0.0904303789138794,0.8894422054290771,0.8985594511032104
YDL024C,YBL056W,1,-0.5997167,0.09052247554063797,0.8904382586479187,0.8985594511032104
YLR367W,YDL154W,0,-0.5998388,0.09051331132650375,0.8904382586479187,0.8986594676971436
YOR101W,YGL061C,0,-0.5999192,0.09050414711236954,0.8904382586479187,0.8987594842910767
YKR078W,YJR120W,0,-0.59995705,0.09049499034881592,0.8904382586479187,0.8988595604896545
YDR399W,YLR060W,0,-0.60023296,0.0904858335852623,0.8904382586479187,0.8989595770835876
YCR031C,YOR359W,0,-0.6003563,0.09047666937112808,0.8904382586479187,0.8990596532821655
YHR202W,YBL031W,0,-0.6004004,0.09046752005815506,0.8904382586479187,0.8991596698760986
YNL167C,YFR049W,0,-0.60046047,0.09045836329460144,0.8904382586479187,0.8992596864700317
YER007C-A,YHL011C,0,-0.60060537,0.09044921398162842,0.8904382586479187,0.8993597626686096
YMR165C,YHR004C,1,-0.6006266,0.09054122120141983,0.8914342522621155,0.8993597626686096
YGL076C,YBR268W,0,-0.6008847,0.09053206443786621,0.8914342522621155,0.8994597792625427
YGR181W,YDR025W,0,-0.6010228,0.09052290767431259,0.8914342522621155,0.8995597958564758
YDR468C,YNR055C,0,-0.6010731,0.09051375091075897,0.8914342522621155,0.8996598720550537
YKL048C,YNL294C,0,-0.60116833,0.09050460159778595,0.8914342522621155,0.8997598886489868
YDL209C,YLR190W,0,-0.60133666,0.09049545228481293,0.8914342522621155,0.8998599648475647
YDL003W,YIL153W,0,-0.6013461,0.0904863029718399,0.8914342522621155,0.8999599814414978
YCR031C,YLR092W,0,-0.6013957,0.09047715365886688,0.8914342522621155,0.9000599980354309
YHL011C,YLR017W,0,-0.6014422,0.09046800434589386,0.8914342522621155,0.9001600742340088
YER005W,YPR199C,0,-0.6015114,0.09045886248350143,0.8914342522621155,0.9002600908279419
YIL154C,YDR434W,0,-0.6015778,0.09044972062110901,0.8914342522621155,0.9003601670265198
YPL228W,YHR076W,1,-0.6017038,0.09054163098335266,0.892430305480957,0.9003601670265198
YNL041C,YCR005C,0,-0.6017981,0.09053248167037964,0.892430305480957,0.9004601836204529
YLR075W,YLR313C,0,-0.6019565,0.09052333980798721,0.892430305480957,0.900560200214386
YOR068C,YNL156C,0,-0.60198826,0.09051419049501419,0.892430305480957,0.9006602764129639
YPR055W,YER071C,0,-0.6021539,0.09050504863262177,0.892430305480957,0.900760293006897
YLR234W,YDL135C,0,-0.6021797,0.09049590677022934,0.892430305480957,0.9008603692054749
YNL041C,YHL050C,0,-0.6022437,0.09048677235841751,0.892430305480957,0.900960385799408
YDR235W,YDR284C,0,-0.6022564,0.09047763049602509,0.892430305480957,0.9010604023933411
YEL001C,YCL048W,0,-0.6023445,0.09046849608421326,0.892430305480957,0.901160478591919
YHL011C,YMR072W,0,-0.6024881,0.09045936167240143,0.892430305480957,0.901260495185852
YML100W,YNR032W,1,-0.60254294,0.09055118262767792,0.8934262990951538,0.901260495185852
YKL212W,YHR004C,1,-0.6026803,0.09064298123121262,0.8944222927093506,0.901260495185852
YLL006W,YDR399W,0,-0.60331,0.0906338319182396,0.8944222927093506,0.9013605713844299
YIL075C,YLR102C,0,-0.6035607,0.09062468260526657,0.8944222927093506,0.901460587978363
YKL029C,YMR125W,0,-0.6036839,0.09061554074287415,0.8944222927093506,0.9015606045722961
YDL175C,YML081W,0,-0.6037067,0.09060639888048172,0.8944222927093506,0.901660680770874
YML031W,YER178W,0,-0.60407764,0.0905972570180893,0.8944222927093506,0.9017606973648071
YML092C,YBL047C,0,-0.6041426,0.09058811515569687,0.8944222927093506,0.901860773563385
YHR090C,YDR040C,0,-0.60440534,0.09057898074388504,0.8944222927093506,0.9019607901573181
YAL048C,YHR190W,0,-0.60443205,0.09056984633207321,0.8944222927093506,0.9020608067512512
YGR211W,YGR142W,0,-0.60445046,0.09056071192026138,0.8944222927093506,0.9021608829498291
YDL100C,YDR100W,0,-0.6045108,0.09055157750844955,0.8944222927093506,0.9022608995437622
YML100W,YDR287W,1,-0.60459846,0.0906432718038559,0.8954183459281921,0.9022608995437622
YDR343C,YLR313C,0,-0.6047062,0.09063413739204407,0.8954183459281921,0.9023609161376953
YIL113W,YER089C,1,-0.60484743,0.09072580933570862,0.8964143395423889,0.9023609161376953
YLR239C,YJL057C,0,-0.6049755,0.0907166600227356,0.8964143395423889,0.9024609923362732
YCR035C,YOR272W,0,-0.6050256,0.09070751816034317,0.8964143395423889,0.9025610089302063
YLR131C,YOL055C,0,-0.60503143,0.09069837629795074,0.8964143395423889,0.9026610851287842
YOR109W,YNR032W,1,-0.60528165,0.09079000353813171,0.8974103331565857,0.9026610851287842
YNL233W,YIL096C,0,-0.6054236,0.09078085422515869,0.8974103331565857,0.9027611017227173
YHR046C,YAR071W,1,-0.6057671,0.09087245911359787,0.8984063863754272,0.9027611017227173
YAR042W,YHR037W,0,-0.60582334,0.09086330235004425,0.8984063863754272,0.9028611183166504
YDR287W,YKR053C,1,-0.60586447,0.09095487743616104,0.899402379989624,0.9028611183166504
YBL080C,YLR451W,0,-0.6058865,0.09094571322202682,0.899402379989624,0.9029611945152283
YNL263C,YHR197W,0,-0.605982,0.0909365564584732,0.899402379989624,0.9030612111091614
YLL066C,YDR397C,0,-0.6060454,0.09092739969491959,0.899402379989624,0.9031612873077393
YDR513W,YDR284C,0,-0.60633224,0.09091824293136597,0.899402379989624,0.9032613039016724
YIL053W,YDR292C,0,-0.6064576,0.09090909361839294,0.899402379989624,0.9033613204956055
YCL039W,YDL223C,0,-0.6065476,0.09089993685483932,0.899402379989624,0.9034613966941833
YDR500C,YOR254C,0,-0.6067289,0.0908907875418663,0.899402379989624,0.9035614132881165
YLL031C,YOR113W,0,-0.606977,0.09088164567947388,0.899402379989624,0.9036614894866943
YER031C,YBR162W-A,0,-0.6074851,0.09087249636650085,0.899402379989624,0.9037615060806274
YBL031W,YEL051W,0,-0.60755336,0.09086335450410843,0.899402379989624,0.9038615226745605
YDR025W,YPL239W,0,-0.6075586,0.090854212641716,0.899402379989624,0.9039615988731384
YDR350C,YKL087C,0,-0.60755914,0.09084507077932358,0.899402379989624,0.9040616154670715
YBR029C,YOR383C,0,-0.6077972,0.09083592891693115,0.899402379989624,0.9041616916656494
YMR234W,YBR005W,0,-0.60813564,0.09082679450511932,0.899402379989624,0.9042617082595825
YBL008W,YJL197W,0,-0.60816145,0.0908176600933075,0.899402379989624,0.9043617248535156
YOL122C,YNL055C,0,-0.6082335,0.09080852568149567,0.899402379989624,0.9044618010520935
YKR089C,YER081W,0,-0.60823786,0.09079939872026443,0.899402379989624,0.9045618176460266
YMR009W,YKL192C,0,-0.6083772,0.0907902643084526,0.899402379989624,0.9046618938446045
YOL012C,YDL117W,0,-0.60849357,0.09078113734722137,0.899402379989624,0.9047619104385376
YOR065W,YNL194C,0,-0.60849446,0.09077201783657074,0.899402379989624,0.9048619270324707
YMR158W,YMR050C,0,-0.6085083,0.09076289087533951,0.899402379989624,0.9049620032310486
YHR146W,YDL134C,0,-0.60898817,0.09075377136468887,0.899402379989624,0.9050620198249817
YLR347C,YDR028C,0,-0.6094882,0.09074465185403824,0.899402379989624,0.9051620364189148
YOL154W,YIL173W,0,-0.60950774,0.0907355323433876,0.899402379989624,0.9052621126174927
YGR181W,YEL051W,0,-0.6096468,0.09072641283273697,0.899402379989624,0.9053621292114258
YKL192C,YIL167W,0,-0.6098326,0.09071730077266693,0.899402379989624,0.9054622054100037
YDL098C,YLR292C,0,-0.61007506,0.0907081887125969,0.899402379989624,0.9055622220039368
YER176W,YGL198W,0,-0.6101269,0.09069907665252686,0.899402379989624,0.9056622385978699
YGR208W,YLR019W,1,-0.61027145,0.09079039841890335,0.9003984332084656,0.9056622385978699
YLR277C,YPL198W,0,-0.61034447,0.09078127890825272,0.9003984332084656,0.9057623147964478
YLR037C,YHL050C,0,-0.610506,0.09077216684818268,0.9003984332084656,0.9058623313903809
YDR323C,YGL126W,0,-0.6107089,0.09076305478811264,0.9003984332084656,0.9059624075889587
YER142C,YDR078C,0,-0.610946,0.0907539427280426,0.9003984332084656,0.9060624241828918
YHR154W,YCL001W,0,-0.6110236,0.09074483066797256,0.9003984332084656,0.906162440776825
YIL119C,YDR372C,0,-0.61104995,0.09073571860790253,0.9003984332084656,0.9062625169754028
YDR343C,YNL288W,0,-0.611064,0.09072661399841309,0.9003984332084656,0.9063625335693359
YGL171W,YDR395W,0,-0.61114085,0.09071750938892365,0.9003984332084656,0.9064626097679138
YMR091C,YBR162C,0,-0.6111981,0.0907084122300148,0.9003984332084656,0.9065626263618469
YDR350C,YGR005C,0,-0.61135036,0.09069930762052536,0.9003984332084656,0.90666264295578
YGL076C,YPR106W,0,-0.61154056,0.09069021046161652,0.9003984332084656,0.9067627191543579
YMR048W,YKL063C,0,-0.61155313,0.09068111330270767,0.9003984332084656,0.906862735748291
YMR318C,YJL162C,0,-0.61155576,0.09067201614379883,0.9003984332084656,0.9069628119468689
YPL043W,YHR133C,0,-0.61158025,0.09066291898488998,0.9003984332084656,0.907062828540802
YBR107C,YML055W,0,-0.61170024,0.09065382927656174,0.9003984332084656,0.9071628451347351
YLR058C,YOR195W,0,-0.61182326,0.09064473956823349,0.9003984332084656,0.907262921333313
YNL222W,YBR125C,1,-0.6119394,0.09073591232299805,0.9013944268226624,0.907262921333313
YLR060W,YLR092W,0,-0.6119486,0.0907268151640892,0.9013944268226624,0.9073629379272461
YNR038W,YIL130W,0,-0.61200553,0.09071772545576096,0.9013944268226624,0.907463014125824
YNL167C,YLR299W,0,-0.61216366,0.09070862829685211,0.9013944268226624,0.9075630307197571
YIL107C,YGR244C,0,-0.6125864,0.09069953858852386,0.9013944268226624,0.9076630473136902
YFR040W,YGR203W,1,-0.6126018,0.09079065918922424,0.9023904204368591,0.9076630473136902
YGR099W,YLR061W,0,-0.6127268,0.0907815620303154,0.9023904204368591,0.9077631235122681
YLR085C,YOL096C,0,-0.61302686,0.09077246487140656,0.9023904204368591,0.9078631401062012
YOR335C,YNL161W,0,-0.613584,0.09076337516307831,0.9023904204368591,0.9079631567001343
YGL063W,YDR039C,0,-0.6136735,0.09075428545475006,0.9023904204368591,0.9080632328987122
YDR280W,YHR005C,0,-0.6140149,0.09074519574642181,0.9023904204368591,0.9081632494926453
YGR161C,YJL168C,0,-0.6147086,0.09073610603809357,0.9023904204368591,0.9082633256912231
YNL251C,YOR086C,0,-0.6147338,0.09072701632976532,0.9023904204368591,0.9083633422851562
YMR076C,YGL064C,0,-0.6148171,0.09071793407201767,0.9023904204368591,0.9084633588790894
YOL122C,YOL121C,0,-0.6148211,0.09070885181427002,0.9023904204368591,0.9085634350776672
YJL098W,YFR050C,0,-0.61495125,0.09069976955652237,0.9023904204368591,0.9086634516716003
YBR109C,YGR244C,0,-0.61559814,0.09069068729877472,0.9023904204368591,0.9087635278701782
YML100W,YDL230W,1,-0.61570936,0.09078170359134674,0.9033864736557007,0.9087635278701782
YOR034C,YDR309C,0,-0.6157221,0.09077262133359909,0.9033864736557007,0.9088635444641113
YDR516C,YDR350C,0,-0.6158225,0.09076353162527084,0.9033864736557007,0.9089635610580444
YHR114W,YCR005C,0,-0.6158413,0.0907544493675232,0.9033864736557007,0.9090636372566223
YLR150W,YGR142W,0,-0.6159245,0.09074537456035614,0.9033864736557007,0.9091636538505554
YCR035C,YAL051W,0,-0.6161647,0.09073629230260849,0.9033864736557007,0.9092637300491333
YKR099W,YDR303C,0,-0.6169022,0.09072721749544144,0.9033864736557007,0.9093637466430664
YNL032W,YGR208W,1,-0.61703473,0.09081816673278809,0.9043824672698975,0.9093637466430664
YNL137C,YGL129C,0,-0.6170957,0.09080908447504044,0.9043824672698975,0.9094637632369995
YKR089C,YFL056C,0,-0.6171177,0.09080000221729279,0.9043824672698975,0.9095638394355774
YGL189C,YDR039C,0,-0.6171853,0.09079091995954514,0.9043824672698975,0.9096638560295105
YGL229C,YOR090C,1,-0.6172905,0.0908818244934082,0.9053784608840942,0.9096638560295105
YLR324W,YGR260W,0,-0.6172999,0.09087273478507996,0.9053784608840942,0.9097639322280884
YNL062C,YHR193C,0,-0.61745983,0.0908636525273323,0.9053784608840942,0.9098639488220215
YPL004C,YJR109C,0,-0.61771715,0.09085457026958466,0.9053784608840942,0.9099639654159546
YGL229C,YIR026C,1,-0.6177197,0.09094543009996414,0.9063745141029358,0.9099639654159546
YCR105W,YER178W,0,-0.61780655,0.09093634784221649,0.9063745141029358,0.9100640416145325
YCL016C,YHR024C,0,-0.6180363,0.09092725813388824,0.9063745141029358,0.9101640582084656
YBR125C,YIL002C,1,-0.6181609,0.09101808071136475,0.9073705077171326,0.9101640582084656
YIL137C,YML102W,0,-0.61830163,0.0910089910030365,0.9073705077171326,0.9102641344070435
YGR254W,YOR273C,0,-0.61833876,0.09099990129470825,0.9073705077171326,0.9103641510009766
YOL012C,YLR060W,0,-0.61839765,0.09099081158638,0.9073705077171326,0.9104641675949097
YBR085W,YPL207W,0,-0.61853653,0.09098172187805176,0.9073705077171326,0.9105642437934875
YHL038C,YJL057C,0,-0.6185953,0.09097263962030411,0.9073705077171326,0.9106642603874207
YML041C,YJL058C,0,-0.61861944,0.09096355736255646,0.9073705077171326,0.9107642769813538
YPL198W,YLR017W,0,-0.6188659,0.09095447510480881,0.9073705077171326,0.9108643531799316
YLR324W,YGR060W,0,-0.6189134,0.09094539284706116,0.9073705077171326,0.9109643697738647
YLR060W,YPL235W,0,-0.6189299,0.0909363180398941,0.9073705077171326,0.9110644459724426
YML102W,YLR466W,0,-0.6189382,0.09092723578214645,0.9073705077171326,0.9111644625663757
YBR109C,YCL054W,0,-0.6193313,0.0909181609749794,0.9073705077171326,0.9112644791603088
YOR266W,YJR118C,0,-0.61936754,0.09090909361839294,0.9073705077171326,0.9113645553588867
YDR528W,YPL056C,0,-0.61938757,0.09090001881122589,0.9073705077171326,0.9114645719528198
YJR123W,YKL114C,0,-0.61938894,0.09089095145463943,0.9073705077171326,0.9115646481513977
YNR048W,YNL045W,0,-0.61960995,0.09088188409805298,0.9073705077171326,0.9116646647453308
YGL189C,YBL014C,0,-0.62015885,0.09087281674146652,0.9073705077171326,0.9117646813392639
YJR027W,YPR141C,0,-0.620206,0.09086375683546066,0.9073705077171326,0.9118647575378418
YDR178W,YNL054W,0,-0.620238,0.0908546894788742,0.9073705077171326,0.9119647741317749
YAL048C,YIL013C,0,-0.6203228,0.09084562957286835,0.9073705077171326,0.9120648503303528
YGR082W,YMR072W,0,-0.6206114,0.09083657711744308,0.9073705077171326,0.9121648669242859
YPL126W,YMR074C,0,-0.6210424,0.09082751721143723,0.9073705077171326,0.912264883518219
YOR129C,YGR129W,0,-0.6212096,0.09081846475601196,0.9073705077171326,0.9123649597167969
YJL057C,YPL006W,0,-0.6219907,0.0908094123005867,0.9073705077171326,0.91246497631073
YFR031C-A,YPL126W,0,-0.6220074,0.09080035984516144,0.9073705077171326,0.9125650525093079
YDR002W,YGR083C,0,-0.62242246,0.09079130738973618,0.9073705077171326,0.912665069103241
YGL246C,YLR007W,0,-0.6226569,0.09078226238489151,0.9073705077171326,0.9127650856971741
YKR096W,YKL087C,0,-0.6227072,0.09077321738004684,0.9073705077171326,0.912865161895752
YFR016C,YLR345W,0,-0.6227514,0.09076417237520218,0.9073705077171326,0.9129651784896851
YBL013W,YER093C,0,-0.62277585,0.09075512737035751,0.9073705077171326,0.9130652546882629
YNR024W,YCL067C,0,-0.62288314,0.09074608981609344,0.9073705077171326,0.913165271282196
YLR361C,YDR481C,1,-0.62290347,0.09083665162324905,0.9083665609359741,0.913165271282196
YJR050W,YML055W,0,-0.6231442,0.09082760661840439,0.9083665609359741,0.9132652878761292
YGL126W,YHR106W,0,-0.623246,0.09081856161355972,0.9083665609359741,0.913365364074707
YHR204W,YAL030W,0,-0.62334293,0.09080951660871506,0.9083665609359741,0.9134653806686401
YNL099C,YBR092C,1,-0.6233741,0.09090004116296768,0.9093625545501709,0.9134653806686401
YAL030W,YIL033C,0,-0.62352484,0.09089098870754242,0.9093625545501709,0.9135653972625732
YDR323C,YFR050C,0,-0.62379825,0.09088194370269775,0.9093625545501709,0.9136654734611511
YPR067W,YER033C,0,-0.62401235,0.09087289869785309,0.9093625545501709,0.9137654900550842
YMR277W,YKL212W,1,-0.62407595,0.09096337854862213,0.9103585481643677,0.9137654900550842
YDR105C,YLR466W,0,-0.6241154,0.09095432609319687,0.9103585481643677,0.9138655662536621
YDR212W,YNL055C,0,-0.6244904,0.0909452736377716,0.9103585481643677,0.9139655828475952
YGR078C,YDL093W,0,-0.624591,0.09093622863292694,0.9103585481643677,0.9140655994415283
YIL002C,YOR109W,1,-0.62475586,0.0910266637802124,0.9113546013832092,0.9140655994415283
YJL012C,YGR078C,0,-0.6248856,0.09101760387420654,0.9113546013832092,0.9141656756401062
YDR308C,YBR060C,0,-0.62490004,0.09100855141878128,0.9113546013832092,0.9142656922340393
YNL156C,YDR105C,0,-0.62514997,0.09099950641393661,0.9113546013832092,0.9143657684326172
YLR006C,YOR383C,0,-0.62521875,0.09099045395851135,0.9113546013832092,0.9144657850265503
YIL156W,YHR080C,0,-0.6254859,0.09098140895366669,0.9113546013832092,0.9145658016204834
YOR090C,YOR136W,0,-0.6256204,0.09097236394882202,0.9113546013832092,0.9146658778190613
YHR165C,YOR258W,0,-0.6259669,0.09096331894397736,0.9113546013832092,0.9147658944129944
YKR064W,YHR138C,0,-0.62598616,0.09095427393913269,0.9113546013832092,0.9148659706115723
YJR048W,YHR020W,0,-0.62617046,0.09094523638486862,0.9113546013832092,0.9149659872055054
YBR188C,YNL029C,0,-0.6261953,0.09093619883060455,0.9113546013832092,0.9150660037994385
YDR345C,YCR035C,0,-0.62628716,0.09092716127634048,0.9113546013832092,0.9151660799980164
YGR235C,YML041C,0,-0.62658966,0.09091812372207642,0.9113546013832092,0.9152660965919495
YLR017W,YGR211W,0,-0.6266015,0.09090909361839294,0.9113546013832092,0.9153661727905273
YGR060W,YOR341W,0,-0.62671965,0.09090005606412888,0.9113546013832092,0.9154661893844604
YDR503C,YHR044C,1,-0.62675095,0.09099036455154419,0.912350594997406,0.9154661893844604
YDR273W,YBR049C,0,-0.6267765,0.09098132699728012,0.912350594997406,0.9155662059783936
YDR261C,YDR021W,0,-0.6271794,0.09097228944301605,0.912350594997406,0.9156662821769714
YKL079W,YJR096W,0,-0.6271853,0.09096325933933258,0.912350594997406,0.9157662987709045
YDR201W,YGL070C,0,-0.62735534,0.09095422178506851,0.912350594997406,0.9158663749694824
YLR345W,YJL134W,1,-0.6275539,0.09104447811841965,0.9133465886116028,0.9158663749694824
YJL057C,YKL194C,0,-0.6275622,0.09103544056415558,0.9133465886116028,0.9159663915634155
YJR042W,YPL262W,0,-0.62786597,0.09102640300989151,0.9133465886116028,0.9160664081573486
YBR085W,YOR065W,0,-0.62797993,0.09101737290620804,0.9133465886116028,0.9161664843559265
YNL263C,YKL191W,0,-0.62800413,0.09100833535194397,0.9133465886116028,0.9162665009498596
YOR087W,YBR049C,0,-0.6280105,0.0909993052482605,0.9133465886116028,0.9163665175437927
YPR037C,YKL029C,0,-0.6280585,0.09099027514457703,0.9133465886116028,0.9164665937423706
YGL229C,YLR361C,1,-0.6281542,0.09108046442270279,0.9143426418304443,0.9164665937423706
YML045W,YNL180C,0,-0.6283105,0.09107142686843872,0.9143426418304443,0.9165666103363037
YGL229C,YBL056W,1,-0.62841797,0.09116159379482269,0.9153386354446411,0.9165666103363037
YHR118C,YLR352W,0,-0.6285736,0.09115254878997803,0.9153386354446411,0.9166666865348816
YPL076W,YPL075W,0,-0.6286631,0.09114351123571396,0.9153386354446411,0.9167667031288147
YMR076C,YHR193C,0,-0.6286748,0.09113447368144989,0.9153386354446411,0.9168667197227478
YDR204W,YPL168W,0,-0.62872106,0.09112543612718582,0.9153386354446411,0.9169667959213257
YJL155C,YOL065C,1,-0.62883055,0.09121554344892502,0.9163346886634827,0.9169667959213257
YFR014C,YGL049C,0,-0.6289346,0.09120650589466095,0.9163346886634827,0.9170668125152588
YGR204W,YLR143W,0,-0.6290861,0.09119746088981628,0.9163346886634827,0.9171668887138367
YDR160W,YGR097W,0,-0.62915814,0.09118842333555222,0.9163346886634827,0.9172669053077698
YMR053C,YIL033C,0,-0.6293159,0.09117938578128815,0.9163346886634827,0.9173669219017029
YPL168W,YDR028C,0,-0.62937367,0.09117034822702408,0.9163346886634827,0.9174669981002808
YAL028W,YKL192C,0,-0.6293938,0.0911613181233406,0.9163346886634827,0.9175670146942139
YNL103W,YBR114W,0,-0.62976736,0.09115228056907654,0.9163346886634827,0.9176670908927917
YKR078W,YHR103W,0,-0.6299929,0.09114325046539307,0.9163346886634827,0.9177671074867249
YPL176C,YBR049C,0,-0.6301016,0.09113422781229019,0.9163346886634827,0.917867124080658
YGL061C,YDR517W,0,-0.63021594,0.09112519770860672,0.9163346886634827,0.9179672002792358
YPL179W,YNL325C,1,-0.6303054,0.09121521562337875,0.9173306822776794,0.9179672002792358
YPL168W,YPL018W,0,-0.6303391,0.09120617806911469,0.9173306822776794,0.918067216873169
YDL072C,YGL127C,0,-0.63069683,0.09119714796543121,0.9173306822776794,0.9181672930717468
YOR189W,YBR218C,0,-0.63120544,0.09118811786174774,0.9173306822776794,0.9182673096656799
YCR024C,YKR049C,0,-0.63123614,0.09117908775806427,0.9173306822776794,0.918367326259613
YAR042W,YER060W,0,-0.6312591,0.0911700651049614,0.9173306822776794,0.9184674024581909
YOR002W,YLR150W,0,-0.6314011,0.09116104245185852,0.9173306822776794,0.918567419052124
YJL181W,YHR005C,0,-0.631504,0.09115201979875565,0.9173306822776794,0.9186674952507019
YGL190C,YLR345W,1,-0.63154405,0.09124195575714111,0.9183266758918762,0.9186674952507019
YKL054C,YDR176W,0,-0.63181263,0.09123293310403824,0.9183266758918762,0.918767511844635
YDR325W,YDL087C,0,-0.63185364,0.09122390300035477,0.9183266758918762,0.9188675284385681
YML086C,YLR333C,0,-0.63214594,0.09121488034725189,0.9183266758918762,0.918967604637146
YOL020W,YLR118C,0,-0.6321531,0.09120585769414902,0.9183266758918762,0.9190676212310791
YNL286W,YPR134W,0,-0.63215655,0.09119683504104614,0.9183266758918762,0.9191676378250122
YDR129C,YIL107C,0,-0.632201,0.09118781238794327,0.9183266758918762,0.9192677140235901
YLR200W,YDR365C,0,-0.63221705,0.09117879718542099,0.9183266758918762,0.9193677306175232
YFR016C,YIL068C,0,-0.6322351,0.09116978198289871,0.9183266758918762,0.9194678068161011
YDL003W,YNL029C,0,-0.6324567,0.09116076678037643,0.9183266758918762,0.9195678234100342
YNL051W,YBR191W,0,-0.63252884,0.09115175157785416,0.9183266758918762,0.9196678400039673
YKR053C,YDL047W,1,-0.6325961,0.09124159812927246,0.9193227291107178,0.9196678400039673
YDR490C,YDR386W,0,-0.63277996,0.09123257547616959,0.9193227291107178,0.9197679162025452
YML086C,YOR086C,0,-0.63294846,0.09122356027364731,0.9193227291107178,0.9198679327964783
YJL174W,YMR055C,0,-0.63305223,0.09121454507112503,0.9193227291107178,0.9199680089950562
YNL130C,YDR284C,0,-0.63324034,0.09120553731918335,0.9193227291107178,0.9200680255889893
YHR202W,YBR218C,0,-0.63334626,0.09119652211666107,0.9193227291107178,0.9201680421829224
YPL179W,YGR129W,0,-0.63336265,0.09118751436471939,0.9193227291107178,0.9202681183815002
YKR064W,YDR110W,0,-0.63342625,0.09117850661277771,0.9193227291107178,0.9203681349754333
YJR041C,YOL012C,0,-0.6334482,0.09116949886083603,0.9193227291107178,0.9204682111740112
YDR023W,YCL054W,0,-0.63348883,0.09116049110889435,0.9193227291107178,0.9205682277679443
YOR267C,YIL107C,0,-0.63370633,0.09115149080753326,0.9193227291107178,0.9206682443618774
YIL053W,YNL036W,0,-0.63375115,0.09114249050617218,0.9193227291107178,0.9207683205604553
YMR277W,YOR109W,1,-0.63380843,0.09123222529888153,0.9203187227249146,0.9207683205604553
YPL013C,YBL100W-B,0,-0.63382524,0.09122321754693985,0.9203187227249146,0.9208683371543884
YDL160C,YGR204W,0,-0.6338874,0.09121421724557877,0.9203187227249146,0.9209684133529663
YAL068C,YMR091C,0,-0.6339964,0.09120520949363708,0.9203187227249146,0.9210684299468994
YOR060C,YJR054W,0,-0.63437504,0.091196209192276,0.9203187227249146,0.9211684465408325
YLR185W,YDR309C,0,-0.6345177,0.09118720889091492,0.9203187227249146,0.9212685227394104
YJL181W,YML031W,0,-0.6346704,0.09117820858955383,0.9203187227249146,0.9213685393333435
YDL093W,YGR094W,0,-0.63474923,0.09116921573877335,0.9203187227249146,0.9214686155319214
YNL167C,YFL049W,0,-0.63492876,0.09116022288799286,0.9203187227249146,0.9215686321258545
YMR081C,YMR133W,0,-0.6349506,0.09115123003721237,0.9203187227249146,0.9216686487197876
YGR103W,YIL130W,0,-0.63511044,0.09114223718643188,0.9203187227249146,0.9217687249183655
YML045W,YGL198W,0,-0.635233,0.0911332443356514,0.9203187227249146,0.9218687415122986
YIL069C,YHR001W-A,0,-0.635253,0.09112425893545151,0.9203187227249146,0.9219687581062317
YER062C,YPL146C,0,-0.6353005,0.09111527353525162,0.9203187227249146,0.9220688343048096
YDL105W,YBR094W,0,-0.63532865,0.09110628813505173,0.9203187227249146,0.9221688508987427
YIL106W,YLR001C,0,-0.63536245,0.09109731018543243,0.9203187227249146,0.9222689270973206
YBL007C,YDR343C,0,-0.63546616,0.09108832478523254,0.9203187227249146,0.9223689436912537
YER015W,YDL211C,0,-0.6356638,0.09107934683561325,0.9203187227249146,0.9224689602851868
YGL006W,YNL036W,0,-0.63568676,0.09107036888599396,0.9203187227249146,0.9225690364837646
YIL137C,YKR072C,0,-0.63572174,0.09106139838695526,0.9203187227249146,0.9226690530776978
YDR129C,YGL005C,0,-0.635796,0.09105242043733597,0.9203187227249146,0.9227691292762756
YHR073W,YLR337C,0,-0.63589215,0.09104344993829727,0.9203187227249146,0.9228691458702087
YIL022W,YMR274C,0,-0.6359766,0.09103447943925858,0.9203187227249146,0.9229691624641418
YIL148W,YKL005C,0,-0.63599217,0.09102551639080048,0.9203187227249146,0.9230692386627197
YDL175C,YPL056C,0,-0.636494,0.09101654589176178,0.9203187227249146,0.9231692552566528
YBL035C,YDR110W,0,-0.6365985,0.09100758284330368,0.9203187227249146,0.9232693314552307
YPR010C,YKR077W,0,-0.6368443,0.09099861979484558,0.9203187227249146,0.9233693480491638
YBR029C,YBR060C,0,-0.6379111,0.09098965674638748,0.9203187227249146,0.9234693646430969
YFR031C-A,YKL077W,0,-0.6380449,0.09098070114850998,0.9203187227249146,0.9235694408416748
YER072W,YDL012C,0,-0.6381356,0.09097174555063248,0.9203187227249146,0.9236694574356079
YJL096W,YPL178W,0,-0.6381392,0.09096278995275497,0.9203187227249146,0.9237695336341858
YIL098C,YDL149W,0,-0.63823014,0.09095383435487747,0.9203187227249146,0.9238695502281189
YDR145W,YBR043C,0,-0.6383447,0.09094487875699997,0.9203187227249146,0.923969566822052
YDR212W,YMR275C,0,-0.63842213,0.09093593060970306,0.9203187227249146,0.9240696430206299
YDR256C,YPL235W,0,-0.6386324,0.09092698246240616,0.9203187227249146,0.924169659614563
YBL063W,YLR189C,0,-0.63876504,0.09091803431510925,0.9203187227249146,0.9242697358131409
YGR080W,YML102W,0,-0.63916796,0.09090909361839294,0.9203187227249146,0.924369752407074
YDR261C,YOL061W,0,-0.63928986,0.09090014547109604,0.9203187227249146,0.9244697690010071
YML067C,YPR100W,0,-0.63936347,0.09089120477437973,0.9203187227249146,0.924569845199585
YPL058C,YHL015W,0,-0.63971645,0.09088226407766342,0.9203187227249146,0.9246698617935181
YER100W,YLR292C,0,-0.6399494,0.09087333083152771,0.9203187227249146,0.9247698783874512
YOR034C,YHR009C,0,-0.64020884,0.0908643901348114,0.9203187227249146,0.924869954586029
YOR158W,YIL062C,0,-0.6402843,0.09085545688867569,0.9203187227249146,0.9249699711799622
YDR256C,YNR037C,0,-0.64033896,0.09084652364253998,0.9203187227249146,0.92507004737854
YNL048W,YML096W,0,-0.64073294,0.09083759039640427,0.9203187227249146,0.9251700639724731
YOR079C,YGR208W,0,-0.64075977,0.09082866460084915,0.9203187227249146,0.9252700805664062
YIL053W,YGR044C,0,-0.6408388,0.09081973880529404,0.9203187227249146,0.9253701567649841
YPR173C,YJL094C,0,-0.641017,0.09081081300973892,0.9203187227249146,0.9254701733589172
YER072W,YGR161C,0,-0.6412603,0.09080188721418381,0.9203187227249146,0.9255702495574951
YDR041W,YOR129C,0,-0.6414363,0.09079296141862869,0.9203187227249146,0.9256702661514282
YMR225C,YNL130C,0,-0.6420069,0.09078404307365417,0.9203187227249146,0.9257702827453613
YFL025C,YDR135C,0,-0.6420071,0.09077512472867966,0.9203187227249146,0.9258703589439392
YDR545W,YLR055C,0,-0.6421408,0.09076620638370514,0.9203187227249146,0.9259703755378723
YPR100W,YCL035C,0,-0.64219844,0.09075729548931122,0.9203187227249146,0.9260704517364502
YFR031C-A,YBR028C,0,-0.64250064,0.0907483771443367,0.9203187227249146,0.9261704683303833
YLR258W,YOR320C,0,-0.6425437,0.09073946624994278,0.9203187227249146,0.9262704849243164
YGR082W,YPR110C,0,-0.6425864,0.09073055535554886,0.9203187227249146,0.9263705611228943
YDR350C,YMR207C,0,-0.64281124,0.09072165191173553,0.9203187227249146,0.9264705777168274
YPR097W,YKL063C,0,-0.6430456,0.09071274101734161,0.9203187227249146,0.9265706539154053
YGR283C,YEL032W,0,-0.64321667,0.09070383757352829,0.9203187227249146,0.9266706705093384
YNL137C,YER123W,0,-0.6432734,0.09069493412971497,0.9203187227249146,0.9267706871032715
YBR168W,YNL123W,0,-0.64344513,0.09068603068590164,0.9203187227249146,0.9268707633018494
YBR130C,YOR081C,0,-0.6444146,0.09067713469266891,0.9203187227249146,0.9269707798957825
YPL120W,YKR052C,0,-0.64474183,0.09066823869943619,0.9203187227249146,0.9270708560943604
YKL191W,YHL015W,0,-0.64489466,0.09065934270620346,0.9203187227249146,0.9271708726882935
YML081W,YDR317W,0,-0.6454419,0.09065044671297073,0.9203187227249146,0.9272708892822266
YOL098C,YOL069W,0,-0.64561206,0.090641550719738,0.9203187227249146,0.9273709654808044
YHR024C,YMR050C,0,-0.6460907,0.09063266217708588,0.9203187227249146,0.9274709820747375
YER177W,YLR328W,0,-0.6461521,0.09062377363443375,0.9203187227249146,0.9275709986686707
YOR262W,YLR413W,0,-0.64625436,0.09061488509178162,0.9203187227249146,0.9276710748672485
YNL183C,YBR153W,0,-0.64637196,0.09060600399971008,0.9203187227249146,0.9277710914611816
YDR500C,YPL145C,0,-0.646375,0.09059711545705795,0.9203187227249146,0.9278711676597595
YDL100C,YFR050C,0,-0.6465043,0.09058823436498642,0.9203187227249146,0.9279711842536926
YCR016W,YOR260W,0,-0.64671963,0.09057935327291489,0.9203187227249146,0.9280712008476257
YKL132C,YFR053C,0,-0.6468194,0.09057047963142395,0.9203187227249146,0.9281712770462036
YLL018C,YDR350C,0,-0.6468604,0.09056159853935242,0.9203187227249146,0.9282712936401367
YKR100C,YFR049W,0,-0.64729077,0.09055272489786148,0.9203187227249146,0.9283713698387146
YGL189C,YNL132W,0,-0.6473482,0.09054385125637054,0.9203187227249146,0.9284713864326477
YBR069C,YDR002W,0,-0.6473543,0.09053497761487961,0.9203187227249146,0.9285714030265808
YGL006W,YHR096C,0,-0.6473844,0.09052611142396927,0.9203187227249146,0.9286714792251587
YPL115C,YOR227W,0,-0.64752066,0.09051723778247833,0.9203187227249146,0.9287714958190918
YNL137C,YAL028W,0,-0.64755017,0.090508371591568,0.9203187227249146,0.9288715720176697
YLR118C,YMR225C,0,-0.6475521,0.09049951285123825,0.9203187227249146,0.9289715886116028
YKL190W,YDR067C,1,-0.64760965,0.09058858454227448,0.9213147163391113,0.9289715886116028
YLL026W,YOR357C,0,-0.6477328,0.09057971090078354,0.9213147163391113,0.9290716052055359
YBR101C,YPR169W,0,-0.64777035,0.0905708447098732,0.9213147163391113,0.9291716814041138
YJR123W,YGL231C,0,-0.64814126,0.09056197106838226,0.9213147163391113,0.9292716979980469
YGL028C,YEL018W,0,-0.64834577,0.09055310487747192,0.9213147163391113,0.9293717741966248
YJR084W,YJR049C,0,-0.6485205,0.09054424613714218,0.9213147163391113,0.9294717907905579
YJL094C,YMR091C,0,-0.6487402,0.09053537994623184,0.9213147163391113,0.929571807384491
YOR014W,YOL065C,1,-0.6487548,0.09062439203262329,0.9223107695579529,0.929571807384491
YBR268W,YER178W,0,-0.6489159,0.09061551839113235,0.9223107695579529,0.9296718835830688
YER177W,YLR093C,0,-0.6490092,0.09060665220022202,0.9223107695579529,0.929771900177002
YKR100C,YBL047C,0,-0.6491823,0.09059778600931168,0.9223107695579529,0.9298719763755798
YGR078C,YML096W,0,-0.6494394,0.09058892726898193,0.9223107695579529,0.9299719929695129
YGR078C,YHR020W,0,-0.6494443,0.0905800610780716,0.9223107695579529,0.930072009563446
YBR086C,YOR129C,0,-0.6494617,0.09057120233774185,0.9223107695579529,0.9301720857620239
YAL002W,YPL056C,0,-0.649574,0.09056234359741211,0.9223107695579529,0.930272102355957
YPL234C,YEL051W,0,-0.6496287,0.09055349230766296,0.9223107695579529,0.9303721785545349
YDR039C,YPR100W,0,-0.649975,0.09054463356733322,0.9223107695579529,0.930472195148468
YGL194C,YDL087C,0,-0.64998966,0.09053578227758408,0.9223107695579529,0.9305722117424011
YML100W,YDR019C,0,-0.65000576,0.09052693098783493,0.9223107695579529,0.930672287940979
YDL093W,YGL151W,0,-0.6504619,0.09051808714866638,0.9223107695579529,0.9307723045349121
YJL183W,YOL061W,0,-0.650718,0.09050923585891724,0.9223107695579529,0.9308723211288452
YNL038W,YBR121C,0,-0.6508406,0.09050039201974869,0.9223107695579529,0.9309723973274231
YDR019C,YGL085W,0,-0.65088165,0.09049154818058014,0.9223107695579529,0.9310724139213562
YDR361C,YLR017W,0,-0.6509624,0.09048270434141159,0.9223107695579529,0.9311724901199341
YGR170W,YBR121C,0,-0.65112966,0.09047386050224304,0.9223107695579529,0.9312725067138672
YKR075C,YPR133C,0,-0.65132415,0.09046502411365509,0.9223107695579529,0.9313725233078003
YPL169C,YGL238W,0,-0.65161115,0.09045618772506714,0.9223107695579529,0.9314725995063782
YOR081C,YGR094W,0,-0.65169793,0.09044735133647919,0.9223107695579529,0.9315726161003113
YGL098W,YOR227W,0,-0.6518532,0.09043852239847183,0.9223107695579529,0.9316726922988892
YPR155C,YPL254W,0,-0.6519467,0.09042968600988388,0.9223107695579529,0.9317727088928223
YDL100C,YGL006W,0,-0.65198386,0.09042085707187653,0.9223107695579529,0.9318727254867554
YER031C,YLR059C,0,-0.6526634,0.09041202813386917,0.9223107695579529,0.9319728016853333
YDR345C,YLR333C,0,-0.6529798,0.09040319919586182,0.9223107695579529,0.9320728182792664
YBR016W,YNL278W,0,-0.6530858,0.09039437770843506,0.9223107695579529,0.9321728944778442
YOR189W,YER015W,0,-0.65326375,0.0903855562210083,0.9223107695579529,0.9322729110717773
YNL217W,YJL134W,1,-0.6533384,0.09047432988882065,0.9233067631721497,0.9322729110717773
YBR276C,YGR208W,1,-0.65376943,0.0905630886554718,0.9243028163909912,0.9322729110717773
YKR096W,YLR299W,0,-0.65378124,0.09055425226688385,0.9243028163909912,0.9323729276657104
YDR127W,YPL176C,0,-0.6540806,0.0905454158782959,0.9243028163909912,0.9324730038642883
YML100W,YML016C,1,-0.6541247,0.09063414484262466,0.925298810005188,0.9324730038642883
YPL036W,YIL009W,0,-0.6543046,0.09062530845403671,0.925298810005188,0.9325730204582214
YML021C,YJL001W,0,-0.65434545,0.09061646461486816,0.925298810005188,0.9326730966567993
YPR188C,YML133C,0,-0.6544811,0.09060762822628021,0.925298810005188,0.9327731132507324
YDR471W,YJL035C,0,-0.65468496,0.09059879183769226,0.925298810005188,0.9328731298446655
YGR094W,YNR053C,0,-0.6554146,0.09058995544910431,0.925298810005188,0.9329732060432434
YHR204W,YGL142C,0,-0.6554987,0.09058112651109695,0.925298810005188,0.9330732226371765
YJL174W,YPL137C,0,-0.6555419,0.090572290122509,0.925298810005188,0.9331732988357544
YOL096C,YNR033W,0,-0.6556037,0.09056346118450165,0.925298810005188,0.9332733154296875
YLR007W,YJR131W,0,-0.65565443,0.0905546322464943,0.925298810005188,0.9333733320236206
YLR451W,YLL021W,0,-0.65570885,0.09054581075906754,0.925298810005188,0.9334734082221985
YBR248C,YCL054W,0,-0.6557616,0.09053698182106018,0.925298810005188,0.9335734248161316
YBR069C,YPR100W,0,-0.655856,0.09052816033363342,0.925298810005188,0.9336734414100647
YOL069W,YNL287W,0,-0.6558573,0.09051933884620667,0.925298810005188,0.9337735176086426
YFR027W,YDL105W,0,-0.65592915,0.0905105248093605,0.925298810005188,0.9338735342025757
YJR117W,YKR027W,0,-0.6560183,0.09050170332193375,0.925298810005188,0.9339736104011536
YML011C,YLR175W,0,-0.6560513,0.09049288928508759,0.925298810005188,0.9340736269950867
YLR277C,YNL130C,0,-0.65666735,0.09048407524824142,0.925298810005188,0.9341736435890198
YHL026C,YGL111W,0,-0.65696615,0.09047526121139526,0.925298810005188,0.9342737197875977
YAL019W,YOR383C,0,-0.6572357,0.0904664546251297,0.925298810005188,0.9343737363815308
YLR347C,YGL116W,0,-0.6572477,0.09045764058828354,0.925298810005188,0.9344738125801086
YKL077W,YKR052C,0,-0.65756434,0.09044883400201797,0.925298810005188,0.9345738291740417
YKL016C,YOR110W,0,-0.6576565,0.09044003486633301,0.925298810005188,0.9346738457679749
YOR252W,YLR075W,0,-0.6583238,0.09043122828006744,0.925298810005188,0.9347739219665527
YGR253C,YMR149W,0,-0.6588414,0.09042242914438248,0.925298810005188,0.9348739385604858
YKL190W,YPL179W,1,-0.65901583,0.09051094949245453,0.9262948036193848,0.9348739385604858
YOL032W,YDR135C,0,-0.659234,0.09050214290618896,0.9262948036193848,0.9349740147590637
YLR167W,YBR254C,0,-0.6595687,0.0904933363199234,0.9262948036193848,0.9350740313529968
YFR030W,YOL052C-A,0,-0.65963095,0.09048452973365784,0.9262948036193848,0.9351740479469299
YML133C,YPL176C,0,-0.6601887,0.09047573059797287,0.9262948036193848,0.9352741241455078
YDR213W,YMR110C,0,-0.6602168,0.0904669240117073,0.9262948036193848,0.9353741407394409
YJL059W,YOR335C,0,-0.66032356,0.09045812487602234,0.9262948036193848,0.9354742169380188
YGL192W,YPR086W,0,-0.66033566,0.09044932574033737,0.9262948036193848,0.9355742335319519
YPL001W,YMR072W,0,-0.6609399,0.090440534055233,0.9262948036193848,0.935674250125885
YHL003C,YPL254W,0,-0.66116613,0.09043173491954803,0.9262948036193848,0.9357743263244629
YPL105C,YDL106C,0,-0.6611784,0.09042294323444366,0.9262948036193848,0.935874342918396
YPR095C,YGL045W,0,-0.66137856,0.0904141515493393,0.9262948036193848,0.9359744191169739
YHR142W,YJL208C,0,-0.66154057,0.09040536731481552,0.9262948036193848,0.936074435710907
YMR215W,YDR463W,0,-0.66178185,0.09039657562971115,0.9262948036193848,0.9361744523048401
YDR430C,YDR175C,0,-0.66256803,0.09038779139518738,0.9262948036193848,0.936274528503418
YDR178W,YDR406W,0,-0.6626064,0.0903790071606636,0.9262948036193848,0.9363745450973511
YDL247W,YDR023W,0,-0.66281974,0.09037022292613983,0.9262948036193848,0.9364745616912842
YER007C-A,YLR384C,0,-0.66338336,0.09036144614219666,0.9262948036193848,0.9365746378898621
YMR192W,YGR204W,0,-0.66358346,0.09035266935825348,0.9262948036193848,0.9366746544837952
YOR018W,YBR086C,0,-0.66359717,0.0903438925743103,0.9262948036193848,0.936774730682373
YMR215W,YPL126W,0,-0.6637724,0.09033511579036713,0.9262948036193848,0.9368747472763062
YDR007W,YPL075W,0,-0.66382724,0.09032633900642395,0.9262948036193848,0.9369747638702393
YER032W,YNL123W,0,-0.66383183,0.09031756967306137,0.9262948036193848,0.9370748400688171
YNL045W,YMR158W,0,-0.66390353,0.09030880033969879,0.9262948036193848,0.9371748566627502
YHR148W,YOL061W,0,-0.6640249,0.09030003100633621,0.9262948036193848,0.9372749328613281
YAL030W,YKR049C,0,-0.664046,0.09029126167297363,0.9262948036193848,0.9373749494552612
YKL191W,YKL006W,0,-0.664096,0.09028249979019165,0.9262948036193848,0.9374749660491943
YMR215W,YOR001W,0,-0.66423815,0.09027373045682907,0.9262948036193848,0.9375750422477722
YJL059W,YLR067C,0,-0.66450894,0.09026496857404709,0.9262948036193848,0.9376750588417053
YGR005C,YGL129C,0,-0.6645223,0.0902562141418457,0.9262948036193848,0.9377751350402832
YDR471W,YKR077W,0,-0.66524655,0.09024745225906372,0.9262948036193848,0.9378751516342163
YOL042W,YHL050C,0,-0.66532916,0.09023869782686234,0.9262948036193848,0.9379751682281494
YDR092W,YGR253C,0,-0.6656221,0.09022994339466095,0.9262948036193848,0.9380752444267273
YDR212W,YML031W,0,-0.66567117,0.09022118896245956,0.9262948036193848,0.9381752610206604
YDR407C,YKL192C,0,-0.6656833,0.09021243453025818,0.9262948036193848,0.9382753372192383
YER062C,YPL198W,0,-0.66571486,0.09020368754863739,0.9262948036193848,0.9383753538131714
YGR103W,YER071C,0,-0.66584843,0.0901949405670166,0.9262948036193848,0.9384753704071045
YPL262W,YHL035C,0,-0.6658709,0.09018619358539581,0.9262948036193848,0.9385754466056824
YAL048C,YMR015C,0,-0.66591924,0.09017744660377502,0.9262948036193848,0.9386754631996155
YBL087C,YOR009W,0,-0.6661944,0.09016869962215424,0.9262948036193848,0.9387755393981934
YMR243C,YLR181C,0,-0.66643786,0.09015996009111404,0.9262948036193848,0.9388755559921265
YDR406W,YLR092W,0,-0.66646785,0.09015122056007385,0.9262948036193848,0.9389755725860596
YOR032C,YKL032C,0,-0.6675865,0.09014248102903366,0.9262948036193848,0.9390756487846375
YGR204W,YGL139W,0,-0.6676489,0.09013374894857407,0.9262948036193848,0.9391756653785706
YLR361C,YJL134W,1,-0.6677655,0.09022191911935806,0.9272908568382263,0.9391756653785706
YGR005C,YKR031C,0,-0.66813594,0.09021317958831787,0.9272908568382263,0.9392756819725037
YDL134C,YHR004C,1,-0.66831666,0.09030132740736008,0.9282868504524231,0.9392756819725037
YIL154C,YDR243C,0,-0.6685732,0.09029258042573929,0.9282868504524231,0.9393757581710815
YKR089C,YDR075W,0,-0.6685966,0.0902838334441185,0.9282868504524231,0.9394757747650146
YKL191W,YIL148W,0,-0.66883427,0.09027508646249771,0.9282868504524231,0.9395758509635925
YGL190C,YDL188C,1,-0.6688925,0.09036319702863693,0.9292828440666199,0.9395758509635925
YGR103W,YDR075W,0,-0.6690879,0.09035444259643555,0.9292828440666199,0.9396758675575256
YIL002C,YLR361C,1,-0.66974515,0.09044253081083298,0.9302788972854614,0.9396758675575256
YML067C,YPR110C,0,-0.67006916,0.090433768928051,0.9302788972854614,0.9397758841514587
YGR082W,YIL018W,0,-0.6701383,0.09042501449584961,0.9302788972854614,0.9398759603500366
YIL154C,YOR172W,0,-0.6701818,0.09041626006364822,0.9302788972854614,0.9399759769439697
YDR308C,YDL012C,0,-0.67028064,0.09040751308202744,0.9302788972854614,0.9400760531425476
YLR239C,YBL100W-B,0,-0.67029935,0.09039875864982605,0.9302788972854614,0.9401760697364807
YKR077W,YGR260W,0,-0.67037946,0.09039001166820526,0.9302788972854614,0.9402760863304138
YER149C,YGL231C,0,-0.67039907,0.09038126468658447,0.9302788972854614,0.9403761625289917
YPL234C,YKL079W,0,-0.6705244,0.09037251770496368,0.9302788972854614,0.9404761791229248
YHL038C,YGR283C,0,-0.67134446,0.09036377817392349,0.9302788972854614,0.9405762553215027
YKL185W,YJR050W,0,-0.671558,0.0903550386428833,0.9302788972854614,0.9406762719154358
YOR129C,YNR033W,0,-0.67157143,0.09034629166126251,0.9302788972854614,0.9407762885093689
YLR037C,YBR301W,0,-0.6717966,0.09033755958080292,0.9302788972854614,0.9408763647079468
YGL229C,YDL236W,1,-0.6718361,0.0904255285859108,0.9312748908996582,0.9408763647079468
YLL021W,YLR150W,0,-0.6718663,0.0904167890548706,0.9312748908996582,0.9409763813018799
YML031W,YGL111W,0,-0.6720492,0.09040804207324982,0.9312748908996582,0.9410764575004578
YER023W,YMR149W,0,-0.6722005,0.09039930254220963,0.9312748908996582,0.9411764740943909
YHL017W,YGL107C,0,-0.6725226,0.09039056301116943,0.9312748908996582,0.941276490688324
YDR256C,YNR038W,0,-0.6726789,0.09038182348012924,0.9312748908996582,0.9413765668869019
YPL043W,YDR317W,0,-0.67282254,0.09037309139966965,0.9312748908996582,0.941476583480835
YLR037C,YHL011C,0,-0.6728812,0.09036435931921005,0.9312748908996582,0.9415766596794128
YJR132W,YPL179W,0,-0.6728976,0.09035562723875046,0.9312748908996582,0.941676676273346
YGL096W,YPL076W,0,-0.6729894,0.09034689515829086,0.9312748908996582,0.941776692867279
YNL167C,YBL047C,0,-0.673087,0.09033816307783127,0.9312748908996582,0.9418767690658569
YPL171C,YIL087C,0,-0.6733249,0.09032943844795227,0.9312748908996582,0.94197678565979
YAL030W,YKL192C,0,-0.6738401,0.09032071381807327,0.9312748908996582,0.9420768022537231
YBR153W,YHR037W,0,-0.6739653,0.09031198918819427,0.9312748908996582,0.942176878452301
YGR217W,YKL052C,0,-0.6745389,0.09030326455831528,0.9312748908996582,0.9422768950462341
YGR138C,YOL095C,0,-0.674563,0.09029454737901688,0.9312748908996582,0.942376971244812
YEL048C,YBL031W,0,-0.6747255,0.09028582274913788,0.9312748908996582,0.9424769878387451
YBR276C,YHR076W,1,-0.6747467,0.09037365764379501,0.9322709441184998,0.9424769878387451
YDR091C,YIL118W,0,-0.6751577,0.09036493301391602,0.9322709441184998,0.9425770044326782
YDR500C,YJR042W,0,-0.67528814,0.09035620838403702,0.9322709441184998,0.9426770806312561
YDL081C,YBR028C,0,-0.67540675,0.09034749120473862,0.9322709441184998,0.9427770972251892
YBR276C,YFR028C,1,-0.67547435,0.09043528884649277,0.9332669377326965,0.9427770972251892
YGL189C,YKL029C,0,-0.6756562,0.09042655676603317,0.9332669377326965,0.9428771734237671
YDL100C,YLR347C,0,-0.67622197,0.09041783213615417,0.9332669377326965,0.9429771900177002
YML081W,YMR313C,0,-0.6764024,0.09040910750627518,0.9332669377326965,0.9430772066116333
YHR088W,YOR254C,0,-0.6765645,0.09040038287639618,0.9332669377326965,0.9431772828102112
YBR189W,YNR038W,0,-0.67657727,0.09039166569709778,0.9332669377326965,0.9432772994041443
YNL221C,YGL231C,0,-0.67673546,0.09038294851779938,0.9332669377326965,0.9433773756027222
YGL246C,YJL069C,0,-0.6774125,0.09037423133850098,0.9332669377326965,0.9434773921966553
YML133C,YGL049C,0,-0.6774565,0.09036551415920258,0.9332669377326965,0.9435774087905884
YLR258W,YNR055C,0,-0.67773724,0.09035679697990417,0.9332669377326965,0.9436774849891663
YBR054W,YLR323C,0,-0.6777516,0.09034808725118637,0.9332669377326965,0.9437775015830994
YML133C,YPL168W,0,-0.67806286,0.09033937752246857,0.9332669377326965,0.9438775777816772
YML133C,YLR037C,0,-0.67851067,0.09033066779375076,0.9332669377326965,0.9439775943756104
YMR242C,YOR001W,0,-0.6785917,0.09032195806503296,0.9332669377326965,0.9440776109695435
YNR032W,YLL010C,1,-0.67879206,0.09040963649749756,0.9342629313468933,0.9440776109695435
YPR037C,YCL054W,0,-0.67901343,0.09040092676877975,0.9342629313468933,0.9441776871681213
YJR109C,YLR247C,0,-0.679033,0.09039221704006195,0.9342629313468933,0.9442777037620544
YLL053C,YKL005C,0,-0.6791647,0.09038349986076355,0.9342629313468933,0.9443777799606323
YGL076C,YJL179W,0,-0.67930174,0.09037479758262634,0.9342629313468933,0.9444777965545654
YIL052C,YJL167W,0,-0.6793195,0.09036608785390854,0.9342629313468933,0.9445778131484985
YJL179W,YOL051W,0,-0.6794044,0.09035738557577133,0.9342629313468933,0.9446778893470764
YOL055C,YDR057W,0,-0.6797585,0.09034868329763412,0.9342629313468933,0.9447779059410095
YHR205W,YOR109W,0,-0.67985016,0.09033998101949692,0.9342629313468933,0.9448779225349426
YGL107C,YIL062C,0,-0.6800072,0.09033127874135971,0.9342629313468933,0.9449779987335205
YIL106W,YGR178C,0,-0.6800862,0.0903225839138031,0.9342629313468933,0.9450780153274536
YKL054C,YDL046W,0,-0.6808265,0.0903138816356659,0.9342629313468933,0.9451780915260315
YOR316C,YGL129C,0,-0.6810224,0.09030518680810928,0.9342629313468933,0.9452781081199646
YGR260W,YKL005C,0,-0.6812374,0.09029649943113327,0.9342629313468933,0.9453781247138977
YOL121C,YDR397C,0,-0.6814926,0.09028780460357666,0.9342629313468933,0.9454782009124756
YIL096C,YPR100W,0,-0.6821162,0.09027911722660065,0.9342629313468933,0.9455782175064087
YGR204W,YIL062C,0,-0.6825637,0.09027042984962463,0.9342629313468933,0.9456782937049866
YDR325W,YBR153W,0,-0.6828352,0.09026174247264862,0.9342629313468933,0.9457783102989197
YML023C,YDR399W,0,-0.68339354,0.09025305509567261,0.9342629313468933,0.9458783268928528
YLR284C,YOR363C,0,-0.6834771,0.09024437516927719,0.9342629313468933,0.9459784030914307
YLR167W,YOR357C,0,-0.68362856,0.09023568779230118,0.9342629313468933,0.9460784196853638
YML100W,YCR079W,1,-0.68372047,0.09032320231199265,0.9352589845657349,0.9460784196853638
YHR005C,YLR175W,0,-0.68417567,0.09031451493501663,0.9352589845657349,0.9461784958839417
YHR122W,YOR319W,0,-0.6841804,0.09030582755804062,0.9352589845657349,0.9462785124778748
YMR081C,YPL168W,0,-0.6842354,0.0902971476316452,0.9352589845657349,0.9463785290718079
YGR078C,YCR105W,0,-0.68438053,0.09028846025466919,0.9352589845657349,0.9464786052703857
YDL243C,YAL051W,0,-0.68441814,0.09027978032827377,0.9352589845657349,0.9465786218643188
YDR098C,YDR087C,0,-0.6845592,0.09027110040187836,0.9352589845657349,0.9466786980628967
YML098W,YJL069C,0,-0.6846312,0.09026242792606354,0.9352589845657349,0.9467787146568298
YOL144W,YML055W,0,-0.6847298,0.09025374799966812,0.9352589845657349,0.9468787312507629
YLR039C,YDR176W,0,-0.6847859,0.0902450755238533,0.9352589845657349,0.9469788074493408
YOR241W,YPL145C,0,-0.6851995,0.09023640304803848,0.9352589845657349,0.9470788240432739
YIL038C,YHR150W,0,-0.6855679,0.09022773057222366,0.9352589845657349,0.9471789002418518
YBR078W,YGL018C,0,-0.6856763,0.09021906554698944,0.9352589845657349,0.9472789168357849
YDR435C,YHR139C,0,-0.6857218,0.09021039307117462,0.9352589845657349,0.947378933429718
YBL035C,YKL099C,0,-0.6858358,0.0902017280459404,0.9352589845657349,0.9474790096282959
YGR193C,YGR208W,0,-0.6860538,0.09019306302070618,0.9352589845657349,0.947579026222229
YNL056W,YKL043W,0,-0.6861766,0.09018440544605255,0.9352589845657349,0.9476790428161621
YDR028C,YDR301W,0,-0.6864387,0.09017574042081833,0.9352589845657349,0.94777911901474
YGR174C,YGL096W,0,-0.6864898,0.0901670828461647,0.9352589845657349,0.9478791356086731
YCR086W,YDR019C,0,-0.6866732,0.09015842527151108,0.9352589845657349,0.947979211807251
YHR205W,YEL018W,0,-0.6870182,0.09014976769685745,0.9352589845657349,0.9480792284011841
YLL010C,YDL134C,1,-0.687276,0.09023711085319519,0.9362549781799316,0.9480792284011841
YDR343C,YPL193W,0,-0.68732995,0.09022845327854156,0.9362549781799316,0.9481792449951172
YAL019W,YPR010C,0,-0.68734384,0.09021978825330734,0.9362549781799316,0.9482793211936951
YIL118W,YHR138C,0,-0.68742865,0.09021113067865372,0.9362549781799316,0.9483793377876282
YML120C,YJL013C,0,-0.68792105,0.09020247310400009,0.9362549781799316,0.948479413986206
YKL141W,YKL052C,0,-0.6880275,0.09019382297992706,0.9362549781799316,0.9485794305801392
YPL120W,YDL124W,0,-0.68818796,0.09018516540527344,0.9362549781799316,0.9486794471740723
YAL019W,YGL070C,0,-0.6884868,0.09017651528120041,0.9362549781799316,0.9487795233726501
YPL233W,YDR087C,0,-0.6887261,0.09016786515712738,0.9362549781799316,0.9488795399665833
YDR513W,YJR153W,0,-0.68878156,0.09015921503305435,0.9362549781799316,0.9489796161651611
YDR268W,YLR189C,0,-0.68919146,0.09015057235956192,0.9362549781799316,0.9490796327590942
YLR019W,YHR190W,0,-0.68977666,0.09014192223548889,0.9362549781799316,0.9491796493530273
YJL162C,YGL231C,0,-0.6898257,0.09013327956199646,0.9362549781799316,0.9492797255516052
YIR026C,YHR020W,0,-0.6899756,0.09012463688850403,0.9362549781799316,0.9493797421455383
YER056C,YLR345W,0,-0.69012827,0.0901160016655922,0.9362549781799316,0.9494798183441162
YKR096W,YNL161W,0,-0.69041246,0.09010735899209976,0.9362549781799316,0.9495798349380493
YGL104C,YFR053C,0,-0.6907622,0.09009872376918793,0.9362549781799316,0.9496798515319824
YDL024C,YLR345W,1,-0.6908468,0.09018593281507492,0.9372509717941284,0.9496798515319824
YOL061W,YGL064C,0,-0.69137645,0.09017729014158249,0.9372509717941284,0.9497799277305603
YER031C,YLR052W,0,-0.69222534,0.09016864746809006,0.9372509717941284,0.9498799443244934
YAR042W,YCL039W,0,-0.6923327,0.09016000479459763,0.9372509717941284,0.9499800205230713
YKR085C,YOR001W,0,-0.6923947,0.09015136957168579,0.9372509717941284,0.9500800371170044
YOR359W,YER127W,0,-0.69262385,0.09014273434877396,0.9372509717941284,0.9501800537109375
YPL262W,YJL180C,0,-0.6929317,0.09013409912586212,0.9372509717941284,0.9502801299095154
YMR081C,YBL005W,0,-0.69301486,0.09012546390295029,0.9372509717941284,0.9503801465034485
YLR239C,YFR024C-A,0,-0.6931085,0.09011683613061905,0.9372509717941284,0.9504801630973816
YDR309C,YEL027W,0,-0.69318485,0.09010820835828781,0.9372509717941284,0.9505802392959595
YGR203W,YOR155C,1,-0.6932381,0.09019532799720764,0.93824702501297,0.9505802392959595
YLL018C,YJL174W,0,-0.6934417,0.0901866927742958,0.93824702501297,0.9506802558898926
YOR131C,YOL064C,1,-0.69410115,0.09027379006147385,0.9392430186271667,0.9506802558898926
YBR276C,YMR277W,1,-0.69427127,0.09036087244749069,0.9402390718460083,0.9506802558898926
YOL042W,YLR333C,0,-0.69440323,0.09035222232341766,0.9402390718460083,0.9507803320884705
YJR041C,YBR248C,0,-0.6945645,0.09034357219934464,0.9402390718460083,0.9508803486824036
YMR274C,YMR225C,0,-0.69515127,0.0903349295258522,0.9402390718460083,0.9509803652763367
YKL026C,YIL087C,0,-0.69570965,0.09032628685235977,0.9402390718460083,0.9510804414749146
YIL002C,YDL024C,1,-0.695862,0.09041331708431244,0.9412350654602051,0.9510804414749146
YIL052C,YGR083C,0,-0.6958645,0.09040466696023941,0.9412350654602051,0.9511804580688477
YGR055W,YNL181W,0,-0.6962225,0.09039602428674698,0.9412350654602051,0.9512805342674255
YMR048W,YML082W,0,-0.69639105,0.09038737416267395,0.9412350654602051,0.9513805508613586
YOR049C,YGR044C,0,-0.69684315,0.09037873148918152,0.9412350654602051,0.9514805674552917
YDL081C,YPL049C,0,-0.6968857,0.09037008881568909,0.9412350654602051,0.9515806436538696
YLR432W,YEL051W,0,-0.6973353,0.09036144614219666,0.9412350654602051,0.9516806602478027
YIL130W,YNL066W,0,-0.69802016,0.09035280346870422,0.9412350654602051,0.9517807364463806
YDR436W,YOL065C,1,-0.69810146,0.09043977409601212,0.9422310590744019,0.9517807364463806
YJL174W,YER159C,0,-0.69820213,0.09043112397193909,0.9422310590744019,0.9518807530403137
YHR035W,YDL081C,0,-0.6983332,0.09042248129844666,0.9422310590744019,0.9519807696342468
YNL132W,YHR020W,0,-0.6985672,0.09041383862495422,0.9422310590744019,0.9520808458328247
YMR180C,YMR277W,1,-0.6985801,0.09050076454877853,0.9432271122932434,0.9520808458328247
YBR046C,YJL196C,0,-0.6985925,0.0904921144247055,0.9432271122932434,0.9521808624267578
YIL030C,YBL091C,0,-0.69926065,0.09048347175121307,0.9432271122932434,0.9522809386253357
YIL038C,YER015W,0,-0.6995558,0.09047482907772064,0.9432271122932434,0.9523809552192688
YKR093W,YOL121C,0,-0.6996854,0.09046617895364761,0.9432271122932434,0.9524809718132019
YLR085C,YKL194C,0,-0.6997323,0.09045754373073578,0.9432271122932434,0.9525810480117798
YOL012C,YNL317W,0,-0.6998309,0.09044890105724335,0.9432271122932434,0.9526810646057129
YDR150W,YNL173C,0,-0.70002514,0.09044026583433151,0.9432271122932434,0.9527811408042908
YHR169W,YDR300C,0,-0.70014465,0.09043163061141968,0.9432271122932434,0.9528811573982239
YML059C,YPL063W,0,-0.7002335,0.09042299538850784,0.9432271122932434,0.952981173992157
YLR185W,YOR136W,0,-0.7006042,0.09041436016559601,0.9432271122932434,0.9530812501907349
YBR279W,YDR517W,0,-0.7007322,0.09040572494268417,0.9432271122932434,0.953181266784668
YML096W,YLR323C,0,-0.70118093,0.09039709717035294,0.9432271122932434,0.9532812833786011
YPL198W,YOR195W,0,-0.70125675,0.0903884693980217,0.9432271122932434,0.953381359577179
YKL194C,YGR296W,0,-0.7018185,0.09037984162569046,0.9432271122932434,0.9534813761711121
YBL031W,YHR170W,0,-0.70182574,0.09037122130393982,0.9432271122932434,0.9535814523696899
YNL031C,YLR277C,0,-0.70183706,0.09036259353160858,0.9432271122932434,0.953681468963623
YOL126C,YJL167W,0,-0.70189685,0.09035397320985794,0.9432271122932434,0.9537814855575562
YDR441C,YJR042W,0,-0.7020463,0.0903453528881073,0.9432271122932434,0.953881561756134
YNL199C,YLR220W,0,-0.7026335,0.09033673256635666,0.9432271122932434,0.9539815783500671
YHR146W,YOR254C,0,-0.70323974,0.09032811969518661,0.9432271122932434,0.954081654548645
YLR284C,YHL025W,0,-0.7034766,0.09031950682401657,0.9432271122932434,0.9541816711425781
YOL023W,YMR110C,0,-0.7035494,0.09031089395284653,0.9432271122932434,0.9542816877365112
YML031W,YJL058C,0,-0.70402503,0.09030228108167648,0.9432271122932434,0.9543817639350891
YGR204W,YLR194C,0,-0.7040611,0.09029366821050644,0.9432271122932434,0.9544817805290222
YDL235C,YIL030C,0,-0.7043387,0.09028506278991699,0.9432271122932434,0.9545818567276001
YML041C,YJR046W,0,-0.7049647,0.09027645736932755,0.9432271122932434,0.9546818733215332
YPL004C,YDR406W,0,-0.70510364,0.0902678519487381,0.9432271122932434,0.9547818899154663
YJL098W,YDR045C,0,-0.7053586,0.09025924652814865,0.9432271122932434,0.9548819661140442
YJL167W,YJL026W,0,-0.7057003,0.0902506411075592,0.9432271122932434,0.9549819827079773
YDR092W,YHR149C,0,-0.70570403,0.09024204313755035,0.9432271122932434,0.9550820589065552
YDR280W,YKR099W,0,-0.7063387,0.0902334451675415,0.9432271122932434,0.9551820755004883
YLL024C,YOR189W,0,-0.70637035,0.09022484719753265,0.9432271122932434,0.9552820920944214
YHR120W,YPL233W,0,-0.7065255,0.0902162492275238,0.9432271122932434,0.9553821682929993
YJL155C,YBR022W,1,-0.7068711,0.09030291438102722,0.9442231059074402,0.9553821682929993
YLR017W,YGR245C,0,-0.70716643,0.09029431641101837,0.9442231059074402,0.9554821848869324
YKR093W,YBR211C,0,-0.7073758,0.09028571099042892,0.9442231059074402,0.9555822610855103
YFR040W,YLR345W,1,-0.7079569,0.09037234634160995,0.945219099521637,0.9555822610855103
YLR118C,YHR202W,0,-0.70808023,0.09036374092102051,0.945219099521637,0.9556822776794434
YNL251C,YDR395W,0,-0.70961034,0.09035513550043106,0.945219099521637,0.9557822942733765
YPL175W,YNR053C,0,-0.7107143,0.09034653753042221,0.945219099521637,0.9558823704719543
YHR037W,YHR194W,0,-0.7109594,0.09033793210983276,0.945219099521637,0.9559823870658875
YGL073W,YPL168W,0,-0.7111451,0.09032933413982391,0.945219099521637,0.9560824036598206
YKL069W,YMR242C,0,-0.7111611,0.09032073616981506,0.945219099521637,0.9561824798583984
YDR345C,YIL011W,0,-0.71122533,0.09031214565038681,0.945219099521637,0.9562824964523315
YDL134C,YJL098W,1,-0.71138006,0.09039870649576187,0.9462151527404785,0.9562824964523315
YOL144W,YGR283C,0,-0.71161854,0.09039010107517242,0.9462151527404785,0.9563825726509094
YDR545W,YNL041C,0,-0.711662,0.09038150310516357,0.9462151527404785,0.9564825892448425
YDL230W,YLR345W,1,-0.7122119,0.09046803414821625,0.9472111463546753,0.9564825892448425
YMR261C,YBR022W,1,-0.71252006,0.09055455029010773,0.9482071995735168,0.9564825892448425
YPL138C,YBR107C,0,-0.71286136,0.09054593741893768,0.9482071995735168,0.9565826058387756
YGR174C,YHL003C,0,-0.7129511,0.09053732454776764,0.9482071995735168,0.9566826820373535
YGR208W,YDR436W,1,-0.7135045,0.09062381088733673,0.9492031931877136,0.9566826820373535
YPL234C,YCL054W,0,-0.7136013,0.09061519801616669,0.9492031931877136,0.9567826986312866
YMR063W,YDL235C,0,-0.7139205,0.09060657769441605,0.9492031931877136,0.9568827748298645
YPL063W,YCL054W,0,-0.71461505,0.090597964823246,0.9492031931877136,0.9569827914237976
YBL100W-B,YDR028C,0,-0.71469,0.09058935195207596,0.9492031931877136,0.9570828080177307
YDR098C,YDL093W,0,-0.71482354,0.09058074653148651,0.9492031931877136,0.9571828842163086
YOR363C,YIL038C,0,-0.71553427,0.09057213366031647,0.9492031931877136,0.9572829008102417
YCL029C,YDR188W,0,-0.71623814,0.09056352823972702,0.9492031931877136,0.9573829770088196
YPL262W,YKR100C,0,-0.71625596,0.09055492281913757,0.9492031931877136,0.9574829936027527
YGR178C,YDR261C,0,-0.7163358,0.09054631739854813,0.9492031931877136,0.9575830101966858
YKL063C,YGL192W,0,-0.71661276,0.09053771942853928,0.9492031931877136,0.9576830863952637
YPR169W,YLR409C,0,-0.7167206,0.09052911400794983,0.9492031931877136,0.9577831029891968
YOR252W,YGL139W,0,-0.71694,0.09052051603794098,0.9492031931877136,0.9578831791877747
YOL032W,YDR261C,0,-0.7170056,0.09051191806793213,0.9492031931877136,0.9579831957817078
YIL107C,YGR040W,0,-0.71749777,0.09050332754850388,0.9492031931877136,0.9580832123756409
YDR545W,YDR080W,0,-0.71766424,0.09049472957849503,0.9492031931877136,0.9581832885742188
YML016C,YOR109W,1,-0.7179316,0.09058108925819397,0.9501991868019104,0.9581832885742188
YOR191W,YLR039C,0,-0.7184323,0.09057248383760452,0.9501991868019104,0.9582833051681519
YGL104C,YOR383C,0,-0.7186294,0.09056388586759567,0.9501991868019104,0.9583833813667297
YPL203W,YCL044C,0,-0.71948797,0.09055529534816742,0.9501991868019104,0.9584833979606628
YPL234C,YER155C,0,-0.7197905,0.09054669737815857,0.9501991868019104,0.958583414554596
YHR110W,YKL080W,0,-0.72019374,0.09053810685873032,0.9501991868019104,0.9586834907531738
YMR041C,YMR237W,0,-0.7207666,0.09052950888872147,0.9501991868019104,0.9587835073471069
YDR127W,YGR211W,0,-0.7209082,0.09052092581987381,0.9501991868019104,0.95888352394104
YLR345W,YML031W,0,-0.7209483,0.09051233530044556,0.9501991868019104,0.9589836001396179
YGR253C,YNL176C,0,-0.72133756,0.0905037447810173,0.9501991868019104,0.959083616733551
YLR181C,YHR133C,0,-0.7216625,0.09049516171216965,0.9501991868019104,0.9591836929321289
YPL210C,YIR026C,0,-0.721832,0.09048657864332199,0.9501991868019104,0.959283709526062
YGR055W,YOR101W,0,-0.72228914,0.09047799557447433,0.9501991868019104,0.9593837261199951
YGR082W,YBR034C,0,-0.7225071,0.09046941995620728,0.9501991868019104,0.959483802318573
YER023W,YDR021W,0,-0.72273415,0.09046083688735962,0.9501991868019104,0.9595838189125061
YIL075C,YML120C,0,-0.7237105,0.09045226126909256,0.9501991868019104,0.959683895111084
YBL007C,YBR049C,0,-0.7240326,0.0904436856508255,0.9501991868019104,0.9597839117050171
YOR267C,YDR041W,0,-0.72406656,0.09043511003255844,0.9501991868019104,0.9598839282989502
YIL113W,YBL056W,1,-0.7248246,0.09052132815122604,0.951195240020752,0.9598839282989502
YDR039C,YLR360W,0,-0.7248685,0.09051274508237839,0.951195240020752,0.9599840044975281
YBR125C,YDR481C,1,-0.7258218,0.0905989408493042,0.9521912336349487,0.9599840044975281
YLR223C,YKR064W,0,-0.7258281,0.09059035032987595,0.9521912336349487,0.9600840210914612
YOR191W,YGR208W,0,-0.7264616,0.09058176726102829,0.9521912336349487,0.9601840972900391
YNL181W,YCR005C,0,-0.72698987,0.09057319164276123,0.9521912336349487,0.9602841138839722
YLR328W,YHR193C,0,-0.72747886,0.09056460857391357,0.9521912336349487,0.9603841304779053
YMR040W,YGR245C,0,-0.7277649,0.09055602550506592,0.9521912336349487,0.9604842066764832
YPR010C,YOR272W,0,-0.7283476,0.09054744988679886,0.9521912336349487,0.9605842232704163
YOR319W,YOR078W,0,-0.7286012,0.0905388742685318,0.9521912336349487,0.9606842994689941
YOR018W,YNL287W,0,-0.72881615,0.09053030610084534,0.9521912336349487,0.9607843160629272
YDR201W,YKR007W,0,-0.7290583,0.09052173048257828,0.9521912336349487,0.9608843326568604
YPR068C,YCR005C,0,-0.7290626,0.09051316231489182,0.9521912336349487,0.9609844088554382
YGR103W,YDR261C,0,-0.7295882,0.09050459414720535,0.9521912336349487,0.9610844254493713
YML100W,YDR436W,1,-0.7296365,0.09059068560600281,0.9531872272491455,0.9610844254493713
YJL197W,YGL127C,0,-0.72965384,0.09058210998773575,0.9531872272491455,0.9611845016479492
YMR205C,YKL039W,0,-0.73002154,0.09057353436946869,0.9531872272491455,0.9612845182418823
YGR235C,YJL013C,0,-0.7302844,0.09056496620178223,0.9531872272491455,0.9613845348358154
YLR382C,YER060W-A,0,-0.73069936,0.09055639803409576,0.9531872272491455,0.9614846110343933
YDL236W,YGR208W,1,-0.7308266,0.09064244478940964,0.9541832804679871,0.9614846110343933
YMR243C,YDR468C,0,-0.7315158,0.09063386917114258,0.9541832804679871,0.9615846276283264
YMR076C,YHR142W,0,-0.73223674,0.09062529355287552,0.9541832804679871,0.9616846442222595
YJL094C,YDR200C,0,-0.73243886,0.09061672538518906,0.9541832804679871,0.9617847204208374
YCR016W,YJL058C,0,-0.7325284,0.090608149766922,0.9541832804679871,0.9618847370147705
YDR235W,YOR136W,0,-0.73257124,0.09059958159923553,0.9541832804679871,0.9619848132133484
YDR284C,YOR109W,1,-0.732889,0.09068557620048523,0.9551792740821838,0.9619848132133484
YOR157C,YLR328W,0,-0.7330374,0.09067700803279877,0.9551792740821838,0.9620848298072815
YPR008W,YOR060C,0,-0.7335156,0.09066843241453171,0.9551792740821838,0.9621848464012146
YIL052C,YMR074C,0,-0.7338187,0.09065985679626465,0.9551792740821838,0.9622849225997925
YBR078W,YKL005C,0,-0.73384804,0.09065128862857819,0.9551792740821838,0.9623849391937256
YIL107C,YDR517W,0,-0.7342401,0.09064272046089172,0.9551792740821838,0.9624850153923035
YLR039C,YGL238W,0,-0.73450977,0.09063415229320526,0.9551792740821838,0.9625850319862366
YER031C,YKL077W,0,-0.7347423,0.0906255915760994,0.9551792740821838,0.9626850485801697
YHR122W,YBL035C,0,-0.73507816,0.09061703085899353,0.9551792740821838,0.9627851247787476
YBR131W,YER167W,0,-0.73536307,0.09060846269130707,0.9551792740821838,0.9628851413726807
YKL155C,YKL063C,0,-0.7356095,0.0905999019742012,0.9551792740821838,0.9629852175712585
YDR023W,YDR469W,0,-0.7364842,0.09059134870767593,0.9551792740821838,0.9630852341651917
YDR091C,YJR052W,0,-0.7368204,0.09058278799057007,0.9551792740821838,0.9631852507591248
YPR071W,YDR190C,0,-0.73696893,0.0905742347240448,0.9551792740821838,0.9632853269577026
YLR075W,YMR074C,0,-0.73709124,0.09056568145751953,0.9551792740821838,0.9633853435516357
YPL140C,YBR212W,0,-0.7371256,0.09055712819099426,0.9551792740821838,0.9634854197502136
YDR280W,YHR033W,0,-0.7382452,0.09054858237504959,0.9551792740821838,0.9635854363441467
YGL028C,YOR241W,0,-0.73855895,0.09054002910852432,0.9551792740821838,0.9636854529380798
YJR117W,YDL139C,0,-0.7385946,0.09053148329257965,0.9551792740821838,0.9637855291366577
YDR361C,YNL216W,0,-0.7387443,0.09052293747663498,0.9551792740821838,0.9638855457305908
YML100W,YMR055C,0,-0.7389789,0.09051439166069031,0.9551792740821838,0.9639856219291687
YGL070C,YOR001W,0,-0.7401317,0.09050585329532623,0.9551792740821838,0.9640856385231018
YEL032W,YIL130W,0,-0.74105376,0.09049730747938156,0.9551792740821838,0.9641856551170349
YDR503C,YDL006W,1,-0.74146974,0.09058313071727753,0.9561753273010254,0.9641856551170349
YER142C,YPR155C,0,-0.74158627,0.09057458490133286,0.9561753273010254,0.9642857313156128
YPR073C,YKL152C,1,-0.74283,0.09066037833690643,0.9571713209152222,0.9642857313156128
YDR273W,YOL051W,0,-0.7434755,0.09065182507038116,0.9571713209152222,0.9643857479095459
YNL243W,YIL030C,0,-0.7435448,0.0906432718038559,0.9571713209152222,0.9644858241081238
YDR287W,YHR004C,1,-0.74590886,0.09072903543710709,0.958167314529419,0.9644858241081238
YLR185W,YPR106W,0,-0.7459166,0.09072048217058182,0.958167314529419,0.9645858407020569
YER023W,YLR328W,0,-0.7467311,0.09071192890405655,0.958167314529419,0.96468585729599
YOR273C,YDR303C,0,-0.7467721,0.09070337563753128,0.958167314529419,0.9647859334945679
YIL036W,YPL168W,0,-0.7473425,0.09069482237100601,0.958167314529419,0.964885950088501
YMR153W,YFR030W,0,-0.7473755,0.09068627655506134,0.958167314529419,0.9649859666824341
YIL064W,YPR143W,0,-0.74780715,0.09067772328853607,0.958167314529419,0.965086042881012
YDR201W,YGL226W,0,-0.74780977,0.0906691774725914,0.958167314529419,0.9651860594749451
YLR167W,YPL239W,0,-0.7481113,0.09066063165664673,0.958167314529419,0.965286135673523
YGL076C,YOR026W,0,-0.7493548,0.09065209329128265,0.958167314529419,0.965386152267456
YMR225C,YKL002W,0,-0.7496622,0.09064354747533798,0.958167314529419,0.9654861688613892
YKL033W,YGL195W,0,-0.749867,0.09063500910997391,0.958167314529419,0.965586245059967
YHR210C,YCL051W,0,-0.74999,0.09062647074460983,0.958167314529419,0.9656862616539001
YOR320C,YOR195W,0,-0.75008017,0.09061793237924576,0.958167314529419,0.965786337852478
YHR088W,YPL193W,0,-0.7502672,0.09060940146446228,0.958167314529419,0.9658863544464111
YIL098C,YNR055C,0,-0.7506826,0.0906008630990982,0.958167314529419,0.9659863710403442
YDR111C,YMR205C,0,-0.7507744,0.09059233218431473,0.958167314529419,0.9660864472389221
YDR422C,YDL106C,0,-0.7513237,0.09058380126953125,0.958167314529419,0.9661864638328552
YBR126C,YLL010C,1,-0.7513365,0.0906694307923317,0.9591633677482605,0.9661864638328552
YDR500C,YHR033W,0,-0.7513944,0.09066089242696762,0.9591633677482605,0.9662865400314331
YDR545W,YNR037C,0,-0.7513998,0.09065236151218414,0.9591633677482605,0.9663865566253662
YDR471W,YOR359W,0,-0.75149494,0.09064382314682007,0.9591633677482605,0.9664865732192993
YOR014W,YJL098W,1,-0.75152653,0.09072941541671753,0.9601593613624573,0.9664865732192993
YGL229C,YBR126C,1,-0.7520159,0.0908149853348732,0.961155354976654,0.9664865732192993
YER056C,YDR500C,0,-0.75305396,0.09080643951892853,0.961155354976654,0.9665866494178772
YNL045W,YMR110C,0,-0.7543629,0.09079789370298386,0.961155354976654,0.9666866660118103
YOR081C,YBR003W,0,-0.75546193,0.09078934788703918,0.961155354976654,0.9667867422103882
YIL096C,YLR143W,0,-0.7555611,0.09078080952167511,0.961155354976654,0.9668867588043213
YER007C-A,YDR023W,0,-0.7557906,0.09077227115631104,0.961155354976654,0.9669867753982544
YOR383C,YMR242C,0,-0.75597423,0.09076373279094696,0.961155354976654,0.9670868515968323
YDR148C,YDL046W,0,-0.7560181,0.09075519442558289,0.961155354976654,0.9671868681907654
YOR026W,YHR193C,0,-0.7567268,0.09074666351079941,0.961155354976654,0.9672869443893433
YKR064W,YLR060W,0,-0.7572157,0.09073812514543533,0.961155354976654,0.9673869609832764
YML133C,YPL097W,0,-0.757773,0.09072959423065186,0.961155354976654,0.9674869775772095
YOR208W,YCR079W,1,-0.7578723,0.09081508219242096,0.9621514081954956,0.9674869775772095
YLR345W,YPL006W,0,-0.7579003,0.09080654382705688,0.9621514081954956,0.9675870537757874
YMR156C,YOL064C,1,-0.7582807,0.0908920019865036,0.9631474018096924,0.9675870537757874
YIL119C,YJL212C,0,-0.7585555,0.09088345617055893,0.9631474018096924,0.9676870703697205
YGL231C,YLR143W,0,-0.7588143,0.09087491780519485,0.9631474018096924,0.9677870869636536
YHR110W,YLR060W,0,-0.75887614,0.09086637943983078,0.9631474018096924,0.9678871631622314
YKL192C,YPL097W,0,-0.759218,0.0908578410744667,0.9631474018096924,0.9679871797561646
YLR247C,YDR359C,0,-0.76033026,0.09084930270910263,0.9631474018096924,0.9680872559547424
YPR110C,YGR211W,0,-0.7605782,0.09084077179431915,0.9631474018096924,0.9681872725486755
YJL110C,YGR178C,0,-0.76063687,0.09083224087953568,0.9631474018096924,0.9682872891426086
YGL189C,YDL031W,0,-0.7610449,0.0908237025141716,0.9631474018096924,0.9683873653411865
YPR161C,YBR212W,0,-0.7621692,0.09081517904996872,0.9631474018096924,0.9684873819351196
YDL230W,YHR214W,0,-0.762333,0.09080664813518524,0.9631474018096924,0.9685874581336975
YMR158W,YNL130C,0,-0.7623735,0.09079812467098236,0.9631474018096924,0.9686874747276306
YPL173W,YMR195W,0,-0.76349604,0.09078959375619888,0.9631474018096924,0.9687874913215637
YLR167W,YHR110W,0,-0.7639729,0.090781070291996,0.9631474018096924,0.9688875675201416
YJL057C,YGL006W,0,-0.76398396,0.09077255427837372,0.9631474018096924,0.9689875841140747
YDR435C,YDR178W,0,-0.76410747,0.09076403081417084,0.9631474018096924,0.9690876603126526
YOR101W,YLR435W,0,-0.7650213,0.09075551480054855,0.9631474018096924,0.9691876769065857
YHR202W,YGR097W,0,-0.7656085,0.09074699878692627,0.9631474018096924,0.9692876935005188
YGR078C,YLR061W,0,-0.7656109,0.09073848277330399,0.9631474018096924,0.9693877696990967
YER031C,YPR131C,0,-0.7658921,0.0907299667596817,0.9631474018096924,0.9694877862930298
YDR435C,YBR146W,0,-0.7659125,0.09072145819664001,0.9631474018096924,0.9695878624916077
YNL031C,YLR060W,0,-0.76595,0.09071294218301773,0.9631474018096924,0.9696878790855408
YKR083C,YER015W,0,-0.7663415,0.09070443361997604,0.9631474018096924,0.9697878956794739
YCR105W,YLR288C,0,-0.7665512,0.09069593250751495,0.9631474018096924,0.9698879718780518
YGR205W,YHL021C,0,-0.76667434,0.09068742394447327,0.9631474018096924,0.9699879884719849
YMR175W,YPL224C,0,-0.7672824,0.09067892283201218,0.9631474018096924,0.9700880646705627
YOL012C,YKL138C,0,-0.76736337,0.09067041426897049,0.9631474018096924,0.9701880812644958
YLR248W,YDL149W,0,-0.76813275,0.0906619131565094,0.9631474018096924,0.970288097858429
YGL139W,YIL123W,0,-0.76847327,0.0906534194946289,0.9631474018096924,0.9703881740570068
YNR052C,YDR284C,0,-0.7691217,0.09064491838216782,0.9631474018096924,0.9704881906509399
YDR303C,YCL054W,0,-0.7693426,0.09063642472028732,0.9631474018096924,0.970588207244873
YDR503C,YBR125C,1,-0.76963925,0.09072165191173553,0.9641434550285339,0.970588207244873
YDL160C,YNL081C,0,-0.7696642,0.09071315079927444,0.9641434550285339,0.9706882834434509
YHR096C,YDR040C,0,-0.76988757,0.09070464968681335,0.9641434550285339,0.970788300037384
YGR204W,YGR120C,0,-0.7700733,0.09069614857435226,0.9641434550285339,0.9708883762359619
YML100W,YHR004C,1,-0.7705545,0.09078133851289749,0.9651394486427307,0.9708883762359619
YEL027W,YER127W,0,-0.7707788,0.0907728374004364,0.9651394486427307,0.970988392829895
YDR178W,YOR259C,0,-0.7708948,0.09076432883739471,0.9651394486427307,0.9710884094238281
YMR215W,YIL123W,0,-0.77110285,0.09075582772493362,0.9651394486427307,0.971188485622406
YBR060C,YOR001W,0,-0.77132326,0.09074733406305313,0.9651394486427307,0.9712885022163391
YLR056W,YLR068W,0,-0.77190167,0.09073883295059204,0.9651394486427307,0.971388578414917
YKL029C,YPR046W,0,-0.7722147,0.09073033928871155,0.9651394486427307,0.9714885950088501
YIL043C,YPL010W,0,-0.77236533,0.09072184562683105,0.9651394486427307,0.9715886116027832
YDR007W,YER060W,0,-0.77276415,0.09071335196495056,0.9651394486427307,0.9716886878013611
YPL004C,YGR055W,0,-0.77290714,0.09070485830307007,0.9651394486427307,0.9717887043952942
YOR208W,YDR074W,1,-0.77316767,0.09078996628522873,0.9661354422569275,0.9717887043952942
YJR073C,YIL033C,0,-0.7735999,0.09078147262334824,0.9661354422569275,0.9718887805938721
YOR109W,YML057W,1,-0.7736092,0.09086655080318451,0.967131495475769,0.9718887805938721
YER041W,YGR094W,0,-0.77516484,0.09085804969072342,0.967131495475769,0.9719887971878052
YKL062W,YCR091W,0,-0.77529484,0.09084954857826233,0.967131495475769,0.9720888137817383
YML023C,YNL247W,0,-0.7753382,0.09084105491638184,0.967131495475769,0.9721888899803162
YMR215W,YKL099C,0,-0.77568734,0.09083255380392075,0.967131495475769,0.9722889065742493
YGR204W,YJL003W,0,-0.7758569,0.09082406014204025,0.967131495475769,0.9723889827728271
YGR212W,YNL048W,0,-0.776434,0.09081556648015976,0.967131495475769,0.9724889993667603
YKR100C,YMR205C,0,-0.7772295,0.09080707281827927,0.967131495475769,0.9725890159606934
YIL064W,YLR249W,0,-0.7774611,0.09079857915639877,0.967131495475769,0.9726890921592712
YLR189C,YPL097W,0,-0.7777069,0.09079008549451828,0.967131495475769,0.9727891087532043
YML004C,YEL039C,0,-0.7777205,0.09078159928321838,0.967131495475769,0.9728891849517822
YER072W,YKL110C,0,-0.77819586,0.09077311307191849,0.967131495475769,0.9729892015457153
YBR268W,YGL231C,0,-0.7782565,0.09076462686061859,0.967131495475769,0.9730892181396484
YML127W,YJR096W,0,-0.7784071,0.09075614809989929,0.967131495475769,0.9731892943382263
YOL055C,YMR040W,0,-0.7786084,0.0907476618885994,0.967131495475769,0.9732893109321594
YLR277C,YLR435W,0,-0.77891517,0.0907391831278801,0.967131495475769,0.9733893275260925
YDR500C,YCL064C,0,-0.78058213,0.0907307043671608,0.967131495475769,0.9734894037246704
YMR286W,YNL251C,0,-0.78072786,0.0907222256064415,0.967131495475769,0.9735894203186035
YGL028C,YPL239W,0,-0.7809976,0.0907137542963028,0.967131495475769,0.9736894965171814
YHR169W,YBR023C,0,-0.7818885,0.0907052755355835,0.967131495475769,0.9737895131111145
YOR247W,YER102W,0,-0.78309274,0.0906968042254448,0.967131495475769,0.9738895297050476
YKR093W,YPR046W,0,-0.78310305,0.09068833291530609,0.967131495475769,0.9739896059036255
YDR127W,YJR052W,0,-0.78330594,0.09067986905574799,0.967131495475769,0.9740896224975586
YER127W,YBR191W,0,-0.7835694,0.09067139774560928,0.967131495475769,0.9741896986961365
YBR169C,YHL021C,0,-0.78394836,0.09066293388605118,0.967131495475769,0.9742897152900696
YCR105W,YOR357C,0,-0.7842186,0.09065447002649307,0.967131495475769,0.9743897318840027
YDR441C,YHR165C,0,-0.7858657,0.09064600616693497,0.967131495475769,0.9744898080825806
YGL139W,YLR220W,0,-0.785986,0.09063754230737686,0.967131495475769,0.9745898246765137
YMR277W,YNL099C,1,-0.7870055,0.09072241932153702,0.9681274890899658,0.9745898246765137
YLR345W,YOR208W,1,-0.787122,0.09080728143453598,0.9691234827041626,0.9745898246765137
YOR131C,YKL152C,1,-0.78794235,0.09089212119579315,0.9701195359230042,0.9745898246765137
YGR181W,YCR105W,0,-0.7884528,0.09088364243507385,0.9701195359230042,0.9746899008750916
YPL176C,YDL046W,0,-0.7887741,0.09087516367435455,0.9701195359230042,0.9747899174690247
YDR201W,YDL081C,0,-0.7893316,0.09086668491363525,0.9701195359230042,0.9748899340629578
YNL031C,YPL207W,0,-0.78947824,0.09085820615291595,0.9701195359230042,0.9749900102615356
YJL078C,YPR057W,0,-0.7903362,0.09084973484277725,0.9701195359230042,0.9750900268554688
YKL081W,YBR162C,0,-0.790395,0.09084126353263855,0.9701195359230042,0.9751901030540466
YIL053W,YMR156C,1,-0.7905547,0.09092604368925095,0.9711155295372009,0.9751901030540466
YMR156C,YIL053W,1,-0.7905547,0.09101081639528275,0.9721115827560425,0.9751901030540466
YPR143W,YMR177W,0,-0.79169947,0.09100233018398285,0.9721115827560425,0.9752901196479797
YDR039C,YDR188W,0,-0.791887,0.09099384397268295,0.9721115827560425,0.9753901362419128
YJR153W,YOR357C,0,-0.7928199,0.09098536521196365,0.9721115827560425,0.9754902124404907
YJL045W,YGL093W,0,-0.79374754,0.09097688645124435,0.9721115827560425,0.9755902290344238
YNL038W,YGL111W,0,-0.79432255,0.09096840023994446,0.9721115827560425,0.9756903052330017
YKR079C,YDL117W,0,-0.794728,0.09095992892980576,0.9721115827560425,0.9757903218269348
YDR284C,YDL134C,1,-0.7951369,0.09104463458061218,0.9731075763702393,0.9757903218269348
YOL122C,YHL050C,0,-0.7954475,0.09103615581989288,0.9731075763702393,0.9758903384208679
YKR031C,YBR212W,0,-0.7956511,0.09102766960859299,0.9731075763702393,0.9759904146194458
YJR110W,YDL006W,1,-0.7958545,0.09111235290765762,0.974103569984436,0.9759904146194458
YLR258W,YOR065W,0,-0.79590124,0.09110386669635773,0.974103569984436,0.9760904312133789
YDR259C,YHR138C,0,-0.79602176,0.09109538048505783,0.974103569984436,0.976190447807312
YIL144W,YLR466W,0,-0.7973307,0.09108689427375793,0.974103569984436,0.9762905240058899
YBR181C,YOR001W,0,-0.7977701,0.09107841551303864,0.974103569984436,0.976390540599823
YDL081C,YKL099C,0,-0.79923314,0.09106992930173874,0.974103569984436,0.9764906167984009
YDR397C,YKL060C,0,-0.79924184,0.09106145054101944,0.974103569984436,0.976590633392334
YER041W,YJL208C,0,-0.7998599,0.09105297178030014,0.974103569984436,0.9766906499862671
YKL191W,YPL233W,0,-0.7999313,0.09104450047016144,0.974103569984436,0.976790726184845
YPL133C,YEL024W,0,-0.8012495,0.09103602170944214,0.974103569984436,0.9768907427787781
YDR175C,YKR031C,0,-0.8021032,0.09102755039930344,0.974103569984436,0.976990818977356
YKL026C,YDR175C,0,-0.8026759,0.09101907908916473,0.974103569984436,0.9770908355712891
YLR223C,YIL030C,0,-0.8028802,0.09101060777902603,0.974103569984436,0.9771908521652222
YOR252W,YCL054W,0,-0.80313474,0.09100213646888733,0.974103569984436,0.9772909283638
YMR105C,YER143W,0,-0.80335003,0.09099367260932922,0.974103569984436,0.9773909449577332
YKL190W,YFR025C,1,-0.80363077,0.09107823669910431,0.9750996232032776,0.9773909449577332
YBR268W,YKL138C,0,-0.80393773,0.0910697653889656,0.9750996232032776,0.977491021156311
YLR234W,YPR169W,0,-0.80469567,0.0910612940788269,0.9750996232032776,0.9775910377502441
YKR085C,YDR002W,0,-0.8063976,0.0910528302192688,0.9750996232032776,0.9776910543441772
YOR119C,YLR075W,0,-0.8067307,0.0910443589091301,0.9750996232032776,0.9777911305427551
YGR212W,YGL196W,0,-0.8068045,0.09103589504957199,0.9750996232032776,0.9778911471366882
YBR126C,YMR261C,1,-0.8077974,0.0911204069852829,0.9760956168174744,0.9778911471366882
YDR397C,YLR001C,0,-0.80787104,0.0911119356751442,0.9760956168174744,0.9779912233352661
YOL126C,YFR030W,0,-0.8093559,0.0911034643650055,0.9760956168174744,0.9780912399291992
YIL053W,YIL069C,0,-0.8101879,0.09109500050544739,0.9760956168174744,0.9781912565231323
YML120C,YNL173C,0,-0.8118406,0.09108652919530869,0.9760956168174744,0.9782913327217102
YPR120C,YJR054W,0,-0.812315,0.09107806533575058,0.9760956168174744,0.9783913493156433
YAL048C,YKR072C,0,-0.8123701,0.09106960147619247,0.9760956168174744,0.9784914255142212
YNL222W,YNL010W,1,-0.813006,0.0911540612578392,0.9770916104316711,0.9784914255142212
YDR517W,YBR089C-A,0,-0.814037,0.0911455899477005,0.9770916104316711,0.9785914421081543
YGR099W,YMR242C,0,-0.8141095,0.0911371260881424,0.9770916104316711,0.9786914587020874
YOR090C,YLR345W,1,-0.81432587,0.09122154861688614,0.9780876636505127,0.9786914587020874
YDR145W,YOR079C,0,-0.81434256,0.09121307730674744,0.9780876636505127,0.9787915349006653
YCR091W,YEL024W,0,-0.8147362,0.09120460599660873,0.9780876636505127,0.9788915514945984
YFL061W,YPL239W,0,-0.8165212,0.09119613468647003,0.9780876636505127,0.9789915680885315
YGL229C,YIL113W,1,-0.8168598,0.09128052741289139,0.9790836572647095,0.9789915680885315
YOR335C,YIL123W,0,-0.81745267,0.09127204865217209,0.9790836572647095,0.9790916442871094
YLR006C,YPL224C,0,-0.81908715,0.09126357734203339,0.9790836572647095,0.9791916608810425
YBR046C,YCR021C,0,-0.8194835,0.09125510603189468,0.9790836572647095,0.9792917370796204
YKL033W,YLR333C,0,-0.8205538,0.09124663472175598,0.9790836572647095,0.9793917536735535
YPL234C,YGL111W,0,-0.8211117,0.09123816341161728,0.9790836572647095,0.9794917702674866
YDR435C,YGR044C,0,-0.82246387,0.09122969955205917,0.9790836572647095,0.9795918464660645
YMR318C,YBR149W,0,-0.8227421,0.09122123569250107,0.9790836572647095,0.9796918630599976
YDR412W,YNL111C,0,-0.82274956,0.09121276438236237,0.9790836572647095,0.9797919392585754
YHR110W,YLR067C,0,-0.8238643,0.09120430797338486,0.9790836572647095,0.9798919558525085
YIR026C,YGR083C,0,-0.8242973,0.09119584411382675,0.9790836572647095,0.9799919724464417
YDR397C,YLR150W,0,-0.82434374,0.09118738770484924,0.9790836572647095,0.9800920486450195
YBR069C,YIL068C,0,-0.82498074,0.09117892384529114,0.9790836572647095,0.9801920652389526
YDL106C,YIL033C,0,-0.82498515,0.09117046743631363,0.9790836572647095,0.9802921414375305
YDR098C,YOR253W,0,-0.8264409,0.09116201102733612,0.9790836572647095,0.9803921580314636
YNL062C,YPL198W,0,-0.82659113,0.09115356206893921,0.9790836572647095,0.9804921746253967
YNL263C,YJL173C,0,-0.82659245,0.0911451056599617,0.9790836572647095,0.9805922508239746
YDR256C,YPL010W,0,-0.8270312,0.09113665670156479,0.9790836572647095,0.9806922674179077
YER139C,YLR248W,0,-0.8273816,0.09112820774316788,0.9790836572647095,0.9807923436164856
YOR191W,YFR024C-A,0,-0.82762486,0.09111976623535156,0.9790836572647095,0.9808923602104187
YML100W,YJL134W,1,-0.82790005,0.09120400249958038,0.980079710483551,0.9808923602104187
YJL212C,YPR105C,0,-0.82803154,0.09119555354118347,0.980079710483551,0.9809923768043518
YJL183W,YKR064W,0,-0.828491,0.09118709713220596,0.980079710483551,0.9810924530029297
YFR016C,YOL051W,0,-0.8286018,0.09117864817380905,0.980079710483551,0.9811924695968628
YML086C,YPL176C,0,-0.8288447,0.09117019921541214,0.980079710483551,0.9812925457954407
YOR004W,YPL145C,0,-0.8293325,0.09116175770759583,0.980079710483551,0.9813925623893738
YNL173C,YMR237W,0,-0.82940716,0.09115330874919891,0.980079710483551,0.9814925789833069
YDR280W,YGL111W,0,-0.831137,0.0911448672413826,0.980079710483551,0.9815926551818848
YOR252W,YDR002W,0,-0.83155507,0.09113642573356628,0.980079710483551,0.9816926717758179
YLL016W,YDR080W,0,-0.833249,0.09112798422574997,0.980079710483551,0.981792688369751
YPL168W,YFR053C,0,-0.83456486,0.09111955016851425,0.980079710483551,0.9818927645683289
YDR122W,YOR227W,0,-0.83463013,0.09111110866069794,0.980079710483551,0.981992781162262
YLR083C,YPL043W,0,-0.8346437,0.09110267460346222,0.980079710483551,0.9820928573608398
YHR006W,YMR040W,0,-0.83480054,0.0910942405462265,0.980079710483551,0.982192873954773
YDR204W,YLR092W,0,-0.83657366,0.09108580648899078,0.980079710483551,0.982292890548706
YDR471W,YJL173C,0,-0.83667266,0.09107737988233566,0.980079710483551,0.9823929667472839
YHR043C,YKR053C,1,-0.8366884,0.09116149693727493,0.9810757040977478,0.9823929667472839
YDR057W,YJL208C,0,-0.8380715,0.09115306288003922,0.9810757040977478,0.982492983341217
YJL057C,YDR244W,0,-0.8397441,0.0911446288228035,0.9810757040977478,0.9825930595397949
YGR211W,YPL117C,0,-0.83974826,0.09113619476556778,0.9810757040977478,0.982693076133728
YCR035C,YLR352W,0,-0.84013397,0.09112776070833206,0.9810757040977478,0.9827930927276611
YDL188C,YDL134C,1,-0.8405276,0.09121184051036835,0.9820716977119446,0.9827930927276611
YHR169W,YER015W,0,-0.84125876,0.09120340645313263,0.9820716977119446,0.982893168926239
YLR083C,YGL070C,0,-0.8426274,0.09119496494531631,0.9820716977119446,0.9829931855201721
YDL188C,YDR284C,1,-0.8431232,0.09127901494503021,0.9830677509307861,0.9829931855201721
YGR103W,YGL070C,0,-0.8440841,0.0912705734372139,0.9830677509307861,0.98309326171875
YML011C,YLR060W,0,-0.84522414,0.09126213937997818,0.9830677509307861,0.9831932783126831
YPR161C,YOR357C,0,-0.8480009,0.09125369787216187,0.9830677509307861,0.9832932949066162
YOR136W,YOR157C,0,-0.849266,0.09124526381492615,0.9830677509307861,0.9833933711051941
YPL198W,YLR313C,0,-0.85220754,0.09123682975769043,0.9830677509307861,0.9834933876991272
YLR167W,YPL203W,0,-0.8526141,0.09122839570045471,0.9830677509307861,0.9835934638977051
YLL024C,YBR060C,0,-0.8529093,0.091219961643219,0.9830677509307861,0.9836934804916382
YKR079C,YPL239W,0,-0.85342544,0.09121153503656387,0.9830677509307861,0.9837934970855713
YDR300C,YGL171W,0,-0.85430956,0.09120310842990875,0.9830677509307861,0.9838935732841492
YOR252W,YGR083C,0,-0.8567671,0.09119467437267303,0.9830677509307861,0.9839935898780823
YJL110C,YPL179W,0,-0.8568091,0.09118625521659851,0.9830677509307861,0.9840936660766602
YNL183C,YER167W,0,-0.8577318,0.09117782860994339,0.9830677509307861,0.9841936826705933
YBR181C,YLR196W,0,-0.8589393,0.09116940945386887,0.9830677509307861,0.9842936992645264
YFR047C,YMR242C,0,-0.85959834,0.09116098284721375,0.9830677509307861,0.9843937754631042
YDR441C,YLR068W,0,-0.86111045,0.09115257114171982,0.9830677509307861,0.9844937920570374
YGL073W,YDR189W,0,-0.8616391,0.0911441519856453,0.9830677509307861,0.9845938086509705
YGL061C,YJR054W,0,-0.8635244,0.09113573282957077,0.9830677509307861,0.9846938848495483
YPL175W,YPL193W,0,-0.86421174,0.09112732112407684,0.9830677509307861,0.9847939014434814
YJL183W,YPL010W,0,-0.86552435,0.09111890941858292,0.9830677509307861,0.9848939776420593
YNL036W,YDR246W,0,-0.8660567,0.09111049771308899,0.9830677509307861,0.9849939942359924
YHR165C,YJL127C,0,-0.86641014,0.09110208600759506,0.9830677509307861,0.9850940108299255
YIL005W,YDL134C,0,-0.86749655,0.09109367430210114,0.9830677509307861,0.9851940870285034
YNR055C,YER015W,0,-0.8681369,0.0910852700471878,0.9830677509307861,0.9852941036224365
YGL171W,YGR083C,0,-0.8684293,0.09107686579227448,0.9830677509307861,0.9853941798210144
YER023W,YBR121C,0,-0.8686568,0.09106846153736115,0.9830677509307861,0.9854941964149475
YDL100C,YCR044C,0,-0.8702194,0.09106005728244781,0.9830677509307861,0.9855942130088806
YOR272W,YKL006W,0,-0.8757521,0.09105166047811508,0.9830677509307861,0.9856942892074585
YIL053W,YGR208W,1,-0.876452,0.09113550186157227,0.9840637445449829,0.9856942892074585
YEL006W,YMR156C,0,-0.8764827,0.09112709760665894,0.9840637445449829,0.9857943058013916
YDL230W,YAL009W,1,-0.87660724,0.09121091663837433,0.9850597381591797,0.9857943058013916
YPL043W,YDR025W,0,-0.8789622,0.0912025049328804,0.9850597381591797,0.9858943819999695
YAL007C,YBR109C,0,-0.8832517,0.09119410067796707,0.9850597381591797,0.9859943985939026
YIL098C,YJR027W,0,-0.8836073,0.09118568897247314,0.9850597381591797,0.9860944151878357
YML100W,YGL229C,1,-0.88480157,0.09126947820186615,0.9860557913780212,0.9860944151878357
YBR078W,YOR272W,0,-0.88584185,0.09126105904579163,0.9860557913780212,0.9861944913864136
YPL058C,YDR273W,0,-0.88647956,0.0912526473402977,0.9860557913780212,0.9862945079803467
YMR076C,YLR167W,0,-0.88733625,0.09124424308538437,0.9860557913780212,0.9863945841789246
YHR205W,YBR060C,0,-0.88813007,0.09123583137989044,0.9860557913780212,0.9864946007728577
YBR085W,YLR150W,0,-0.888675,0.09122742712497711,0.9860557913780212,0.9865946173667908
YDR074W,YHR004C,1,-0.8889363,0.09131115674972534,0.987051784992218,0.9865946173667908
YBR093C,YIR026C,1,-0.88981533,0.09139487892389297,0.9880478382110596,0.9865946173667908
YAL019W,YHR033W,0,-0.8902098,0.09138645976781845,0.9880478382110596,0.9866946935653687
YML100W,YKL129C,0,-0.8911338,0.09137804061174393,0.9880478382110596,0.9867947101593018
YJL212C,YFR030W,0,-0.89149487,0.0913696214556694,0.9880478382110596,0.9868947863578796
YLR333C,YIL009W,0,-0.8928941,0.09136120975017548,0.9880478382110596,0.9869948029518127
YLR345W,YHR004C,1,-0.8938847,0.09144488722085953,0.9890438318252563,0.9869948029518127
YIL043C,YMR242C,0,-0.89485013,0.0914364606142044,0.9890438318252563,0.9870948195457458
YMR175W,YKL150W,0,-0.8949194,0.09142804890871048,0.9890438318252563,0.9871948957443237
YNL062C,YGR094W,0,-0.8949286,0.09141962975263596,0.9890438318252563,0.9872949123382568
YLR367W,YPL239W,0,-0.8961845,0.09141121059656143,0.9890438318252563,0.9873949289321899
YPL013C,YGR165W,0,-0.8979015,0.0914027988910675,0.9890438318252563,0.9874950051307678
YOL020W,YNL130C,0,-0.90137035,0.09139438718557358,0.9890438318252563,0.9875950217247009
YBR119W,YPR097W,0,-0.90320885,0.09138597548007965,0.9890438318252563,0.9876950979232788
YNL199C,YDR471W,0,-0.90423447,0.09137756377458572,0.9890438318252563,0.9877951145172119
YJR041C,YGR283C,0,-0.9053246,0.0913691595196724,0.9890438318252563,0.987895131111145
YPR067W,YDR039C,0,-0.9055513,0.09136074781417847,0.9890438318252563,0.9879952073097229
YDR165W,YGR094W,0,-0.907753,0.09135234355926514,0.9890438318252563,0.988095223903656
YDR028C,YIL033C,0,-0.9083831,0.0913439393043518,0.9890438318252563,0.9881953001022339
YJL183W,YGR283C,0,-0.9117394,0.09133554250001907,0.9890438318252563,0.988295316696167
YNL183C,YMR313C,0,-0.9120632,0.09132713824510574,0.9890438318252563,0.9883953332901001
YCL051W,YER060W-A,0,-0.9123029,0.09131874144077301,0.9890438318252563,0.988495409488678
YLR333C,YJL208C,0,-0.9140998,0.09131034463644028,0.9890438318252563,0.9885954260826111
YEL001C,YOL023W,0,-0.91437817,0.09130194783210754,0.9890438318252563,0.988695502281189
YHR169W,YLR056W,0,-0.9161027,0.09129355847835541,0.9890438318252563,0.9887955188751221
YOR129C,YGR208W,0,-0.91777915,0.09128516167402267,0.9890438318252563,0.9888955354690552
YGL093W,YBR112C,0,-0.9182051,0.09127677232027054,0.9890438318252563,0.9889956116676331
YLR083C,YDR002W,0,-0.9183427,0.0912683829665184,0.9890438318252563,0.9890956282615662
YLL026W,YDR178W,0,-0.9183436,0.09125999361276627,0.9890438318252563,0.989195704460144
YER127W,YIR026C,0,-0.91846347,0.09125161170959473,0.9890438318252563,0.9892957210540771
YBR069C,YGL171W,0,-0.9191211,0.09124322235584259,0.9890438318252563,0.9893957376480103
YJR123W,YDR087C,0,-0.9209965,0.09123484045267105,0.9890438318252563,0.9894958138465881
YAL048C,YOL061W,0,-0.9225295,0.09122645854949951,0.9890438318252563,0.9895958304405212
YDR436W,YLR345W,1,-0.92381567,0.09130994230508804,0.9900398254394531,0.9895958304405212
YNL199C,YLR056W,0,-0.92403144,0.09130155295133591,0.9900398254394531,0.9896959066390991
YKL029C,YBR191W,0,-0.9279118,0.09129316359758377,0.9900398254394531,0.9897959232330322
YJR041C,YPL183C,0,-0.9288779,0.09128478169441223,0.9900398254394531,0.9898959398269653
YLR167W,YHL011C,0,-0.9313783,0.09127639979124069,0.9900398254394531,0.9899960160255432
YJR073C,YCL044C,0,-0.93273807,0.09126801788806915,0.9900398254394531,0.9900960326194763
YPR143W,YPL175W,0,-0.9330712,0.09125964343547821,0.9900398254394531,0.9901960492134094
YOR260W,YBL072C,0,-0.93430823,0.09125126153230667,0.9900398254394531,0.9902961254119873
YNL194C,YBR208C,0,-0.93449926,0.09124288707971573,0.9900398254394531,0.9903961420059204
YLR432W,YPL239W,0,-0.9365868,0.09123451262712479,0.9900398254394531,0.9904962182044983
YOR172W,YFR030W,0,-0.9372757,0.09122613817453384,0.9900398254394531,0.9905962347984314
YHR210C,YGL226W,0,-0.9376075,0.0912177637219429,0.9900398254394531,0.9906962513923645
YBR189W,YGR083C,0,-0.93809944,0.09120939671993256,0.9900398254394531,0.9907963275909424
YJL110C,YGL126W,0,-0.93880326,0.09120102971792221,0.9900398254394531,0.9908963441848755
YPR003C,YMR133W,0,-0.93984276,0.09119266271591187,0.9900398254394531,0.9909964203834534
YJL183W,YMR048W,0,-0.93999904,0.09118429571390152,0.9900398254394531,0.9910964369773865
YIL014W,YEL024W,0,-0.9428987,0.09117592871189117,0.9900398254394531,0.9911964535713196
YDR325W,YLR039C,0,-0.9453771,0.09116756916046143,0.9900398254394531,0.9912965297698975
YDR002W,YNR052C,0,-0.9459379,0.09115920960903168,0.9900398254394531,0.9913965463638306
YLR293C,YMR230W,0,-0.946366,0.09115085005760193,0.9900398254394531,0.9914966225624084
YNL173C,YDR019C,0,-0.9467937,0.09114249050617218,0.9900398254394531,0.9915966391563416
YDR309C,YLR432W,0,-0.947322,0.09113413095474243,0.9900398254394531,0.9916966557502747
YDR259C,YJR096W,0,-0.9506009,0.09112577885389328,0.9900398254394531,0.9917967319488525
YDR023W,YLR409C,0,-0.95214087,0.09111742675304413,0.9900398254394531,0.9918967485427856
YOL121C,YLR196W,0,-0.9537969,0.09110907465219498,0.9900398254394531,0.9919968247413635
YDR397C,YCL054W,0,-0.9553675,0.09110072255134583,0.9900398254394531,0.9920968413352966
YLR194C,YOR236W,0,-0.95658094,0.09109237790107727,0.9900398254394531,0.9921968579292297
YIL118W,YHR120W,0,-0.95865864,0.09108402580022812,0.9900398254394531,0.9922969341278076
YDR500C,YGR094W,0,-0.9605009,0.09107568114995956,0.9900398254394531,0.9923969507217407
YDL024C,YOR208W,1,-0.9616124,0.09115895628929138,0.9910358786582947,0.9923969507217407
YBR092C,YIR026C,1,-0.9618924,0.091242216527462,0.9920318722724915,0.9923969507217407
YGL070C,YEL027W,0,-0.9665935,0.09123385697603226,0.9920318722724915,0.9924970269203186
YER177W,YKL150W,0,-0.96908784,0.09122549742460251,0.9920318722724915,0.9925970435142517
YIL096C,YOR271C,0,-0.96933275,0.09121714532375336,0.9920318722724915,0.9926970601081848
YOL064C,YDR074W,1,-0.9734057,0.091300368309021,0.9930278658866882,0.9926970601081848
YOR045W,YMR074C,0,-0.9757404,0.09129200875759125,0.9930278658866882,0.9927971363067627
YDR023W,YIL018W,0,-0.9783179,0.0912836492061615,0.9930278658866882,0.9928971529006958
YDR513W,YOR158W,0,-0.9815984,0.09127528965473175,0.9930278658866882,0.9929971694946289
YDL124W,YGR244C,0,-0.98256236,0.0912669375538826,0.9930278658866882,0.9930972456932068
YNL247W,YIL123W,0,-0.9861497,0.09125857800245285,0.9930278658866882,0.9931972622871399
YHR215W,YBR092C,1,-0.9868694,0.09134175628423691,0.9940239191055298,0.9931972622871399
YLR185W,YHR169W,0,-0.99147063,0.09133339673280716,0.9940239191055298,0.9932973384857178
YBR046C,YKL087C,0,-0.99186105,0.09132503718137741,0.9940239191055298,0.9933973550796509
YPL137C,YGL127C,0,-1.000706,0.09131667762994766,0.9940239191055298,0.993497371673584
YHR139C,YHL021C,0,-1.0038491,0.09130832552909851,0.9940239191055298,0.9935974478721619
YDR516C,YHR194W,0,-1.0053037,0.09129997342824936,0.9940239191055298,0.993697464466095
YGR204W,YPL061W,0,-1.0063092,0.09129162132740021,0.9940239191055298,0.9937975406646729
YBR078W,YMR230W,0,-1.0098,0.09128326922655106,0.9940239191055298,0.993897557258606
YGL224C,YMR087W,1,-1.01106,0.09136638045310974,0.9950199127197266,0.993897557258606
YLR361C,YKL212W,1,-1.0131627,0.09144947677850723,0.9960159659385681,0.993897557258606
YNL031C,YBR189W,0,-1.0190048,0.09144110977649689,0.9960159659385681,0.9939975738525391
YDR500C,YBL072C,0,-1.019245,0.09143275022506714,0.9960159659385681,0.9940976500511169
YDR500C,YNL180C,0,-1.0197277,0.09142439067363739,0.9960159659385681,0.99419766664505
YLR333C,YHR020W,0,-1.0230789,0.09141603112220764,0.9960159659385681,0.9942977428436279
YOR091W,YDR165W,0,-1.0240473,0.09140767902135849,0.9960159659385681,0.994397759437561
YGL092W,YKR095W,0,-1.025551,0.09139932692050934,0.9960159659385681,0.9944977760314941
YPR067W,YDR204W,0,-1.0275382,0.09139096736907959,0.9960159659385681,0.994597852230072
YMR149W,YLR292C,0,-1.0291678,0.09138262271881104,0.9960159659385681,0.9946978688240051
YBR191W,YNL066W,0,-1.0293586,0.09137427061796188,0.9960159659385681,0.994797945022583
YBR078W,YGR094W,0,-1.0369705,0.09136591851711273,0.9960159659385681,0.9948979616165161
YNL251C,YMR177W,0,-1.0444511,0.09135757386684418,0.9960159659385681,0.9949979782104492
YIL064W,YLL031C,0,-1.0506613,0.09134922921657562,0.9960159659385681,0.9950980544090271
YGL058W,YNL161W,0,-1.0532417,0.09134088456630707,0.9960159659385681,0.9951980710029602
YKL191W,YIL052C,0,-1.0539236,0.09133253991603851,0.9960159659385681,0.9952981472015381
YOL121C,YDR023W,0,-1.0562559,0.09132420271635056,0.9960159659385681,0.9953981637954712
YBR125C,YBR126C,1,-1.0632073,0.0914071798324585,0.9970119595527649,0.9953981637954712
YJR123W,YDR023W,0,-1.0647192,0.09139882773160934,0.9970119595527649,0.9954981803894043
YPR110C,YLR150W,0,-1.0659629,0.09139048308134079,0.9970119595527649,0.9955982565879822
YDR212W,YBL051C,0,-1.0663049,0.09138214588165283,0.9970119595527649,0.9956982731819153
YOR101W,YGR030C,0,-1.0674208,0.09137380123138428,0.9970119595527649,0.9957982897758484
YBR191W,YGR094W,0,-1.0725751,0.09136546403169632,0.9970119595527649,0.9958983659744263
YKL081W,YHR193C,0,-1.0860193,0.09135712683200836,0.9970119595527649,0.9959983825683594
YMR242C,YKL081W,0,-1.0940272,0.0913487896323204,0.9970119595527649,0.9960984587669373
YDR365C,YCL054W,0,-1.1083475,0.09134045243263245,0.9970119595527649,0.9961984753608704
YMR215W,YBL072C,0,-1.1143707,0.09133211523294449,0.9970119595527649,0.9962984919548035
YPR110C,YBR078W,0,-1.1174188,0.09132378548383713,0.9970119595527649,0.9963985681533813
YKL150W,YBR212W,0,-1.1216105,0.09131545573472977,0.9970119595527649,0.9964985847473145
YJR153W,YGR208W,0,-1.124201,0.0913071259856224,0.9970119595527649,0.9965986609458923
YDR471W,YDR365C,0,-1.1333127,0.09129879623651505,0.9970119595527649,0.9966986775398254
YKL141W,YDL076C,0,-1.1349776,0.09129046648740768,0.9970119595527649,0.9967986941337585
YIL052C,YMR131C,0,-1.1406614,0.09128214418888092,0.9970119595527649,0.9968987703323364
YIL019W,YPR110C,0,-1.1414101,0.09127382189035416,0.9970119595527649,0.9969987869262695
YOR260W,YLR175W,0,-1.1460261,0.09126549959182739,0.9970119595527649,0.9970988631248474
YDL081C,YGR094W,0,-1.146296,0.09125717729330063,0.9970119595527649,0.9971988797187805
YLR345W,YBR126C,1,-1.1509607,0.09134002029895782,0.9980079531669617,0.9971988797187805
YOR272W,YGL111W,0,-1.1546272,0.09133169054985046,0.9980079531669617,0.9972988963127136
YML120C,YDR178W,0,-1.1575841,0.0913233682513237,0.9980079531669617,0.9973989725112915
YJL155C,YOR208W,1,-1.1613172,0.09140618145465851,0.9990040063858032,0.9973989725112915
YGR245C,YIL018W,0,-1.1719824,0.09139785170555115,0.9990040063858032,0.9974989891052246
YPL043W,YOR272W,0,-1.1884351,0.09138952195644379,0.9990040063858032,0.9975990653038025
YMR105C,YIL033C,0,-1.1920735,0.09138119220733643,0.9990040063858032,0.9976990818977356
YGR208W,YHR080C,0,-1.1956503,0.09137286990880966,0.9990040063858032,0.9977990984916687
YML057W,YDR074W,1,-1.2015132,0.09145563840866089,1.0,0.9977990984916687
YDR309C,YLR313C,0,-1.2073538,0.09144730865955353,1.0,0.9978991746902466
YDR500C,YLR150W,0,-1.2087598,0.09143897891044617,1.0,0.9979991912841797
YBR069C,YOR260W,0,-1.2132635,0.0914306566119194,1.0,0.9980992674827576
YNL031C,YBL087C,0,-1.2164519,0.09142232686281204,1.0,0.9981992840766907
YLR258W,YFR053C,0,-1.2176564,0.09141400456428528,1.0,0.9982993006706238
YOR252W,YKL099C,0,-1.2198243,0.09140568226575851,1.0,0.9983993768692017
YBR189W,YMR215W,0,-1.2344828,0.09139735996723175,1.0,0.9984993934631348
YDR412W,YGR245C,0,-1.2546395,0.09138903766870499,1.0,0.9985994100570679
YJR123W,YOR253W,0,-1.2671674,0.09138072282075882,1.0,0.9986994862556458
YAL059W,YKL099C,0,-1.2673409,0.09137240797281265,1.0,0.9987995028495789
YFR031C-A,YCR031C,0,-1.2691236,0.09136409312486649,1.0,0.9988995790481567
YDL031W,YCL054W,0,-1.2753594,0.09135577827692032,1.0,0.9989995956420898
YDR165W,YGL078C,0,-1.2953632,0.09134746342897415,1.0,0.999099612236023
YGR103W,YBR191W,0,-1.3010483,0.09133915603160858,1.0,0.9991996884346008
YBR191W,YHR193C,0,-1.3354228,0.09133084863424301,1.0,0.9992997050285339
YIL052C,YLR150W,0,-1.3500355,0.09132254123687744,1.0,0.9993997812271118
YGR103W,YER102W,0,-1.3642731,0.09131423383951187,1.0,0.9994997978210449
YPL043W,YBR034C,0,-1.5286318,0.0913059264421463,1.0,0.999599814414978
YLR196W,YGR245C,0,-1.5542252,0.09129762649536133,1.0,0.9996998906135559
YIL052C,YER102W,0,-1.6879091,0.09128932654857635,1.0,0.999799907207489
YER102W,YLR061W,0,-1.7458196,0.09128102660179138,1.0,0.9998999834060669
YER102W,YBL072C,0,-1.9983816,0.09127272665500641,1.0,1.0
