Gene A,Gene B,Label,Score,Precision,Recall,False Positive Rate
YBR189W,YEL050C,1,15.768259,1.0,0.0009832842042669654,0.0
YHR021C,YKL170W,1,15.515376,1.0,0.0019665684085339308,0.0
YJL096W,YGR148C,1,15.4360695,1.0,0.0029498524963855743,0.0
YOR234C,YKL138C,1,15.418772,1.0,0.0039331368170678616,0.0
YOR096W,YKL138C,1,14.948834,1.0,0.0049164206720888615,0.0
YLR325C,YKL138C,1,14.905781,1.0,0.005899704992771149,0.0
YGL068W,YOR293W,1,14.8421755,1.0,0.006882989313453436,0.0
YBR251W,YIL133C,1,14.598231,1.0,0.007866273634135723,0.0
YBL027W,YKL138C,1,14.237941,1.0,0.008849557489156723,0.0
YHR021C,YBR251W,1,13.58594,1.0,0.009832841344177723,0.0
YBR251W,YBL027W,1,13.558974,1.0,0.010816126130521297,0.0
YGL031C,YKL170W,1,13.402474,1.0,0.011799409985542297,0.0
YLR448W,YDR237W,1,13.367768,1.0,0.012782693840563297,0.0
YBR282W,YDL081C,1,13.364854,1.0,0.013765978626906872,0.0
YOR158W,YGL030W,1,13.211228,1.0,0.014749262481927872,0.0
YJL096W,YGL076C,1,13.184671,1.0,0.015732547268271446,0.0
YPR043W,YJL096W,1,13.03271,1.0,0.01671583019196987,0.0
YEL050C,YER131W,1,12.955382,1.0,0.017699114978313446,0.0
YOL040C,YER131W,1,12.924803,1.0,0.01868239976465702,0.0
YBR191W,YEL050C,1,12.813478,1.0,0.019665682688355446,0.0
YIL093C,YGL031C,1,12.779373,1.0,0.02064896747469902,0.0
YGL068W,YNL069C,1,12.74537,1.0,0.021632252261042595,0.0
YMR024W,YOR096W,1,12.722764,1.0,0.02261553518474102,0.0
YMR242C,YKL138C,1,12.708312,1.0,0.023598819971084595,0.0
YKL006W,YDR494W,1,12.667036,1.0,0.02458210475742817,0.0
YOR369C,YKL138C,1,12.638473,1.0,0.025565387681126595,0.0
YOR096W,YPL013C,1,12.566206,1.0,0.02654867246747017,0.0
YMR188C,YER131W,1,12.511445,1.0,0.027531957253813744,0.0
YLR167W,YJR123W,1,12.416009,1.0,0.02851524017751217,0.0
YDR115W,YLR333C,1,12.3652115,1.0,0.029498524963855743,0.0
YOR312C,YMR242C,1,12.331447,1.0,0.030481809750199318,0.0
YLR333C,YDR494W,1,12.302106,1.0,0.03146509453654289,0.0
YLR333C,YNL284C,1,12.257541,1.0,0.03244837746024132,0.0
YIL052C,YLR439W,1,12.239022,1.0,0.03343166038393974,0.0
YPL118W,YOL039W,1,12.223428,1.0,0.03441494703292847,0.0
YLR150W,YLL009C,0,12.210834,0.9722222089767456,0.03441494703292847,0.00010017029126174748
YGL068W,YJR145C,1,12.199989,0.9729729890823364,0.03539822995662689,0.00010017029126174748
YPL081W,YMR242C,1,12.1272745,0.9736841917037964,0.03638151288032532,0.00010017029126174748
YLR448W,YBR251W,1,12.097678,0.9743589758872986,0.03736479952931404,0.00010017029126174748
YKL006W,YJL096W,1,12.080659,0.9750000238418579,0.038348082453012466,0.00010017029126174748
YPR100W,YNL301C,1,12.027444,0.9756097793579102,0.03933136537671089,0.00010017029126174748
YPL220W,YGL068W,1,12.017665,0.976190447807312,0.040314652025699615,0.00010017029126174748
YGL030W,YLR312W-A,1,12.011195,0.9767441749572754,0.04129793494939804,0.00010017029126174748
YMR142C,YDR494W,1,11.997215,0.9772727489471436,0.042281217873096466,0.00010017029126174748
YPR100W,YLR448W,1,11.968333,0.9777777791023254,0.04326450452208519,0.00010017029126174748
YPL118W,YLR061W,1,11.9654665,0.97826087474823,0.044247787445783615,0.00010017029126174748
YML026C,YDR237W,1,11.930207,0.978723406791687,0.04523107036948204,0.00010017029126174748
YPR102C,YNL284C,1,11.891075,0.9791666865348816,0.046214357018470764,0.00010017029126174748
YDR115W,YNL096C,1,11.888739,0.9795918464660645,0.04719763994216919,0.00010017029126174748
YMR194W,YJR123W,1,11.879933,0.9800000190734863,0.048180922865867615,0.00010017029126174748
YPR102C,YMR230W,1,11.874276,0.9803921580314636,0.04916420951485634,0.00010017029126174748
YOL040C,YJR145C,1,11.849391,0.9807692170143127,0.050147492438554764,0.00010017029126174748
YOL040C,YKL170W,1,11.796969,0.9811320900917053,0.05113077536225319,0.00010017029126174748
YDR116C,YGL031C,1,11.793559,0.9814814925193787,0.05211406201124191,0.00010017029126174748
YPL118W,YOR063W,1,11.788737,0.9818181991577148,0.05309734493494034,0.00010017029126174748
YPL143W,YCR003W,1,11.783065,0.9821428656578064,0.05408062785863876,0.00010017029126174748
YDR494W,YDL081C,1,11.777883,0.9824561476707458,0.05506391450762749,0.00010017029126174748
YOR150W,YPR132W,1,11.72312,0.982758641242981,0.05604719743132591,0.00010017029126174748
YPR102C,YDL083C,1,11.677315,0.9830508232116699,0.05703048035502434,0.00010017029126174748
YHR021C,YLR439W,1,11.659525,0.9833333492279053,0.05801376700401306,0.00010017029126174748
YBL072C,YBR251W,1,11.632433,0.9836065769195557,0.05899704992771149,0.00010017029126174748
YGR148C,YBR181C,1,11.620014,0.9838709831237793,0.05998033285140991,0.00010017029126174748
YBR282W,YGL103W,1,11.613135,0.9841269850730896,0.060963619500398636,0.00010017029126174748
YBR251W,YNL067W,1,11.611764,0.984375,0.06194690242409706,0.00010017029126174748
YGL147C,YLR439W,1,11.607386,0.9846153855323792,0.06293018907308578,0.00010017029126174748
YKR094C,YBR122C,1,11.592136,0.9848484992980957,0.06391347199678421,0.00010017029126174748
YPL220W,YLR333C,1,11.585883,0.9850746393203735,0.06489675492048264,0.00010017029126174748
YPR100W,YLR333C,1,11.58388,0.9852941036224365,0.06588003784418106,0.00010017029126174748
YKL180W,YDR115W,1,11.578996,0.9855072498321533,0.06686332076787949,0.00010017029126174748
YKR057W,YDR337W,1,11.577359,0.9857142567634583,0.06784661114215851,0.00010017029126174748
YJL096W,YOR063W,1,11.53365,0.98591548204422,0.06882989406585693,0.00010017029126174748
YGL129C,YJL189W,1,11.491338,0.9861111044883728,0.06981317698955536,0.00010017029126174748
YNL162W,YNL137C,1,11.481399,0.9863013625144958,0.07079645991325378,0.00010017029126174748
YDL083C,YLR441C,1,11.475297,0.9864864945411682,0.07177974283695221,0.00010017029126174748
YJR101W,YGL031C,1,11.440925,0.9866666793823242,0.07276302576065063,0.00010017029126174748
YGL031C,YMR242C,1,11.416087,0.9868420958518982,0.07374631613492966,0.00010017029126174748
YBR181C,YOR293W,1,11.415502,0.9870129823684692,0.07472959905862808,0.00010017029126174748
YBR282W,YDL130W,1,11.414752,0.9871794581413269,0.07571288198232651,0.00010017029126174748
YOR293W,YJR123W,1,11.40491,0.9873417615890503,0.07669616490602493,0.00010017029126174748
YGR076C,YGR085C,1,11.370759,0.987500011920929,0.07767944782972336,0.00010017029126174748
YHR010W,YER117W,1,11.344086,0.9876543283462524,0.07866273075342178,0.00010017029126174748
YMR188C,YNL096C,1,11.327861,0.9878048896789551,0.0796460211277008,0.00010017029126174748
YPL131W,YLR441C,1,11.312382,0.9879518151283264,0.08062930405139923,0.00010017029126174748
YJL190C,YLR312W-A,1,11.303704,0.988095223903656,0.08161258697509766,0.00010017029126174748
YKR006C,YDL082W,1,11.292536,0.9882352948188782,0.08259586989879608,0.00010017029126174748
YPL118W,YMR143W,1,11.274076,0.9883720874786377,0.0835791528224945,0.00010017029126174748
YIL018W,YER131W,1,11.270749,0.9885057210922241,0.08456243574619293,0.00010017029126174748
YOR096W,YNL137C,1,11.260758,0.9886363744735718,0.08554572612047195,0.00010017029126174748
YBL092W,YNL081C,1,11.250643,0.9887640476226807,0.08652900904417038,0.00010017029126174748
YGL135W,YGR148C,1,11.244838,0.9888888597488403,0.0875122919678688,0.00010017029126174748
YHR010W,YOL039W,1,11.244256,0.9890109896659851,0.08849557489156723,0.00010017029126174748
YBR191W,YBL090W,1,11.241172,0.989130437374115,0.08947885781526566,0.00010017029126174748
YGL135W,YGR085C,1,11.230474,0.9892473220825195,0.09046214073896408,0.00010017029126174748
YDR494W,YML073C,1,11.207192,0.9893617033958435,0.0914454311132431,0.00010017029126174748
YDL191W,YJR123W,1,11.207021,0.9894737005233765,0.09242871403694153,0.00010017029126174748
YHR089C,YKL170W,0,11.205081,0.9791666865348816,0.09242871403694153,0.00020034058252349496
YBR031W,YKL138C,1,11.189948,0.9793814420700073,0.09341199696063995,0.00020034058252349496
YDL082W,YLL045C,1,11.17373,0.9795918464660645,0.09439527988433838,0.00020034058252349496
YNL284C,YHL001W,1,11.161165,0.9797979593276978,0.0953785628080368,0.00020034058252349496
YOR234C,YLR340W,1,11.153643,0.9800000190734863,0.09636184573173523,0.00020034058252349496
YPL220W,YGR148C,1,11.139617,0.9801980257034302,0.09734513610601425,0.00020034058252349496
YLR441C,YML063W,1,11.129576,0.9803921580314636,0.09832841902971268,0.00020034058252349496
YBR191W,YLR312W-A,1,11.104667,0.9805825352668762,0.0993117019534111,0.00020034058252349496
YNL162W,YIL133C,1,11.098614,0.9807692170143127,0.10029498487710953,0.00020034058252349496
YGL068W,YJL096W,1,11.085759,0.9809523820877075,0.10127826780080795,0.00020034058252349496
YHL015W,YHR147C,1,11.05753,0.9811320900917053,0.10226155072450638,0.00020034058252349496
YNL081C,YMR242C,1,11.054621,0.9813084006309509,0.1032448410987854,0.00020034058252349496
YGL103W,YLR312W-A,1,11.041906,0.9814814925193787,0.10422812402248383,0.00020034058252349496
YPR100W,YGR214W,1,11.022364,0.9816513657569885,0.10521140694618225,0.00020034058252349496
YNR036C,YHR010W,1,11.005087,0.9818181991577148,0.10619468986988068,0.00020034058252349496
YLR448W,YJL096W,1,10.990331,0.9819819927215576,0.1071779727935791,0.00020034058252349496
YDR116C,YBL087C,1,10.97869,0.9821428656578064,0.10816125571727753,0.00020034058252349496
YKL003C,YOR293W,1,10.965098,0.982300877571106,0.10914454609155655,0.00020034058252349496
YOR096W,YDR175C,1,10.965041,0.9824561476707458,0.11012782901525497,0.00020034058252349496
YGL030W,YLR185W,1,10.933581,0.9826086759567261,0.1111111119389534,0.00020034058252349496
YGR076C,YOR234C,1,10.931739,0.982758641242981,0.11209439486265182,0.00020034058252349496
YOR158W,YGL103W,1,10.931428,0.9829059839248657,0.11307767778635025,0.00020034058252349496
YLR448W,YDR494W,1,10.9262085,0.9830508232116699,0.11406096071004868,0.00020034058252349496
YOR063W,YHR147C,1,10.889749,0.9831932783126831,0.1150442510843277,0.00020034058252349496
YJL096W,YLR441C,1,10.85959,0.9833333492279053,0.11602753400802612,0.00020034058252349496
YGL068W,YOR167C,1,10.854653,0.9834710955619812,0.11701081693172455,0.00020034058252349496
YGR076C,YPL090C,1,10.848255,0.9836065769195557,0.11799409985542297,0.00020034058252349496
YNL284C,YPL090C,1,10.83567,0.9837398529052734,0.1189773827791214,0.00020034058252349496
YBR031W,YLR340W,1,10.83007,0.9838709831237793,0.11996066570281982,0.00020034058252349496
YGL068W,YML024W,1,10.812251,0.984000027179718,0.12094395607709885,0.00020034058252349496
YBR189W,YPL198W,1,10.801,0.9841269850730896,0.12192723900079727,0.00020034058252349496
YLR448W,YBR282W,1,10.797947,0.9842519760131836,0.1229105219244957,0.00020034058252349496
YKR094C,YOR293W,1,10.796222,0.984375,0.12389380484819412,0.00020034058252349496
YGL135W,YLR448W,1,10.792376,0.9844961166381836,0.12487708777189255,0.00020034058252349496
YGL123W,YML073C,1,10.777429,0.9846153855323792,0.12586037814617157,0.00020034058252349496
YPR102C,YER117W,1,10.759025,0.9847328066825867,0.12684366106987,0.00020034058252349496
YDR337W,YLR340W,1,10.753572,0.9848484992980957,0.12782694399356842,0.00020034058252349496
YHL004W,YLR333C,1,10.735426,0.9849624037742615,0.12881022691726685,0.00020034058252349496
YDR064W,YER131W,1,10.725012,0.9850746393203735,0.12979350984096527,0.00020034058252349496
YNL122C,YGL068W,1,10.716214,0.9851852059364319,0.1307767927646637,0.00020034058252349496
YNL162W,YMR193W,1,10.709776,0.9852941036224365,0.13176007568836212,0.00020034058252349496
YKR094C,YNL067W,1,10.706839,0.985401451587677,0.13274335861206055,0.00020034058252349496
YIL052C,YNR036C,1,10.695075,0.9855072498321533,0.13372664153575897,0.00020034058252349496
YBL027W,YBR122C,1,10.694816,0.9856114983558655,0.1347099244594574,0.00020034058252349496
YBL039C,YGL068W,0,10.685999,0.9785714149475098,0.1347099244594574,0.00030051087378524244
YNR036C,YJL136C,1,10.6830435,0.978723406791687,0.13569322228431702,0.00030051087378524244
YBL072C,YDR064W,1,10.663821,0.9788732528686523,0.13667650520801544,0.00030051087378524244
YJL096W,YOR167C,1,10.661991,0.9790209531784058,0.13765978813171387,0.00030051087378524244
YOR312C,YDL191W,1,10.658714,0.9791666865348816,0.1386430710554123,0.00030051087378524244
YBR191W,YER117W,1,10.637296,0.9793103337287903,0.13962635397911072,0.00030051087378524244
YMR188C,YLR333C,1,10.634351,0.9794520735740662,0.14060963690280914,0.00030051087378524244
YPL131W,YLR367W,1,10.631109,0.9795918464660645,0.14159291982650757,0.00030051087378524244
YPR100W,YLR367W,1,10.629497,0.9797297120094299,0.142576202750206,0.00030051087378524244
YBR189W,YJR101W,1,10.620151,0.9798657894134521,0.14355948567390442,0.00030051087378524244
YPL220W,YLR441C,1,10.587408,0.9800000190734863,0.14454276859760284,0.00030051087378524244
YOR182C,YDR337W,1,10.552128,0.9801324605941772,0.14552605152130127,0.00030051087378524244
YPL079W,YBL090W,1,10.545148,0.9802631735801697,0.1465093344449997,0.00030051087378524244
YOR096W,YER131W,1,10.544731,0.9803921580314636,0.14749263226985931,0.00030051087378524244
YKR006C,YDL130W,1,10.538879,0.9805194735527039,0.14847591519355774,0.00030051087378524244
YOL127W,YJR123W,1,10.507753,0.9806451797485352,0.14945919811725616,0.00030051087378524244
YPL143W,YOR167C,1,10.495712,0.9807692170143127,0.1504424810409546,0.00030051087378524244
YPL249C-A,YJR123W,1,10.444272,0.9808917045593262,0.15142576396465302,0.00030051087378524244
YPR043W,YKL003C,1,10.438655,0.9810126423835754,0.15240904688835144,0.00030051087378524244
YKR006C,YDR471W,1,10.437781,0.9811320900917053,0.15339232981204987,0.00030051087378524244
YOR063W,YGR085C,1,10.437734,0.981249988079071,0.1543756127357483,0.00030051087378524244
YBL092W,YNL177C,1,10.436845,0.9813664555549622,0.15535889565944672,0.00030051087378524244
YIL093C,YER056C-A,1,10.419579,0.9814814925193787,0.15634217858314514,0.00030051087378524244
YMR242C,YER131W,1,10.406261,0.9815950989723206,0.15732546150684357,0.00030051087378524244
YML063W,YBR181C,1,10.402429,0.9817073345184326,0.158308744430542,0.00030051087378524244
YGL129C,YGR148C,1,10.395024,0.9818181991577148,0.1592920422554016,0.00030051087378524244
YOR158W,YNL162W,1,10.366159,0.9819276928901672,0.16027532517910004,0.00030051087378524244
YBL090W,YLR167W,1,10.343144,0.9820359349250793,0.16125860810279846,0.00030051087378524244
YOL040C,YKR006C,1,10.34134,0.9821428656578064,0.1622418910264969,0.00030051087378524244
YLR333C,YGR220C,1,10.330983,0.9822485446929932,0.1632251739501953,0.00030051087378524244
YIL133C,YDR500C,1,10.329251,0.9823529124259949,0.16420845687389374,0.00030051087378524244
YNL162W,YDR337W,1,10.309924,0.9824561476707458,0.16519173979759216,0.00030051087378524244
YBL090W,YOL120C,1,10.309318,0.9825581312179565,0.1661750227212906,0.00030051087378524244
YBL090W,YIL148W,1,10.294766,0.9826589822769165,0.167158305644989,0.00030051087378524244
YCR046C,YLR333C,1,10.293443,0.982758641242981,0.16814158856868744,0.00030051087378524244
YGL031C,YER074W,1,10.288686,0.9828571677207947,0.16912487149238586,0.00030051087378524244
YPR102C,YBR122C,1,10.285264,0.9829545617103577,0.1701081544160843,0.00030051087378524244
YKL167C,YPL090C,1,10.285106,0.9830508232116699,0.1710914522409439,0.00030051087378524244
YNL002C,YNL081C,1,10.276653,0.983146071434021,0.17207473516464233,0.00030051087378524244
YGL147C,YBR122C,1,10.231604,0.9832402467727661,0.17305801808834076,0.00030051087378524244
YHR010W,YIL093C,1,10.228044,0.9833333492279053,0.17404130101203918,0.00030051087378524244
YJL189W,YBR181C,1,10.224624,0.9834254384040833,0.1750245839357376,0.00030051087378524244
YGL123W,YGL031C,1,10.222265,0.9835164546966553,0.17600786685943604,0.00030051087378524244
YBL038W,YIL133C,1,10.183627,0.9836065769195557,0.17699114978313446,0.00030051087378524244
YML009C,YDR337W,1,10.177327,0.9836956262588501,0.17797443270683289,0.00030051087378524244
YLR439W,YML024W,1,10.14708,0.9837837815284729,0.1789577156305313,0.00030051087378524244
YDL202W,YNL177C,1,10.144044,0.9838709831237793,0.17994099855422974,0.00030051087378524244
YJL096W,YGL189C,1,10.1422615,0.9839572310447693,0.18092428147792816,0.00030051087378524244
YGL129C,YKR057W,1,10.121087,0.9840425252914429,0.1819075644016266,0.00030051087378524244
YDL083C,YNL178W,1,10.116303,0.9841269850730896,0.1828908622264862,0.00030051087378524244
YFR031C-A,YNL096C,1,10.10411,0.9842105507850647,0.18387414515018463,0.00030051087378524244
YDL081C,YLR340W,1,10.095647,0.9842932224273682,0.18485742807388306,0.00030051087378524244
YBL090W,YGL123W,1,10.085981,0.984375,0.18584071099758148,0.00030051087378524244
YGL135W,YBR031W,1,10.075308,0.984455943107605,0.1868239939212799,0.00030051087378524244
YMR242C,YDR500C,1,10.072782,0.9845361113548279,0.18780727684497833,0.00030051087378524244
YDR322W,YER131W,1,10.067683,0.9846153855323792,0.18879055976867676,0.00030051087378524244
YKL006W,YDR322W,1,10.064567,0.9846938848495483,0.18977384269237518,0.00030051087378524244
YJL189W,YGR084C,1,10.063085,0.9847715497016907,0.1907571256160736,0.00030051087378524244
YHL033C,YLR333C,1,10.055492,0.9848484992980957,0.19174040853977203,0.00030051087378524244
YOL040C,YDL083C,1,10.051331,0.9849246144294739,0.19272369146347046,0.00030051087378524244
YMR188C,YBR031W,1,10.045307,0.9850000143051147,0.19370697438716888,0.00030051087378524244
YIL018W,YGR214W,1,10.043212,0.9850746393203735,0.1946902722120285,0.00030051087378524244
YDR064W,YDR382W,1,10.043027,0.9851484894752502,0.19567355513572693,0.00030051087378524244
YIL148W,YLR185W,1,10.035939,0.9852216839790344,0.19665683805942535,0.00030051087378524244
YER117W,YKR057W,1,10.020848,0.9852941036224365,0.19764012098312378,0.00030051087378524244
YDR041W,YJR094W-A,1,10.006773,0.9853658676147461,0.1986234039068222,0.00030051087378524244
YGR027C,YDR347W,1,9.989779,0.9854369163513184,0.19960668683052063,0.00030051087378524244
YPL079W,YLR167W,1,9.983287,0.9855072498321533,0.20058996975421906,0.00030051087378524244
YNL122C,YLR388W,1,9.973528,0.9855769276618958,0.20157325267791748,0.00030051087378524244
YPL118W,YGL076C,1,9.961129,0.9856459498405457,0.2025565356016159,0.00030051087378524244
YOR063W,YLR185W,1,9.953521,0.9857142567634583,0.20353981852531433,0.00030051087378524244
YOL039W,YDL202W,1,9.949815,0.9857819676399231,0.20452310144901276,0.00030051087378524244
YMR194W,YMR024W,1,9.93788,0.9858490824699402,0.20550638437271118,0.00030051087378524244
YGR214W,YGL030W,1,9.935918,0.98591548204422,0.2064896821975708,0.00030051087378524244
YNL284C,YLR048W,1,9.935691,0.985981285572052,0.20747296512126923,0.00030051087378524244
YPL173W,YBL087C,1,9.929389,0.9860464930534363,0.20845624804496765,0.00030051087378524244
YBR251W,YOL039W,1,9.928596,0.9861111044883728,0.20943953096866608,0.00030051087378524244
YNR037C,YER056C-A,1,9.928507,0.9861751198768616,0.2104228138923645,0.00030051087378524244
YOR234C,YGR148C,1,9.927072,0.9862385392189026,0.21140609681606293,0.00030051087378524244
YDR471W,YNL185C,1,9.918012,0.9863013625144958,0.21238937973976135,0.00030051087378524244
YHR203C,YKR094C,1,9.9116535,0.9863636493682861,0.21337266266345978,0.00030051087378524244
YLR167W,YNL081C,1,9.901322,0.9864253401756287,0.2143559455871582,0.00030051087378524244
YIL148W,YBR122C,1,9.889859,0.9864864945411682,0.21533922851085663,0.00030051087378524244
YJL136C,YNL306W,1,9.885016,0.9865471124649048,0.21632251143455505,0.00030051087378524244
YMR194W,YBR181C,1,9.877235,0.9866071343421936,0.21730579435825348,0.00030051087378524244
YBL072C,YDL191W,1,9.866265,0.9866666793823242,0.2182890921831131,0.00030051087378524244
YGR084C,YOR096W,1,9.86028,0.9867256879806519,0.21927237510681152,0.00030051087378524244
YHR021C,YGL030W,1,9.859096,0.9867841601371765,0.22025565803050995,0.00030051087378524244
YOR096W,YOR063W,1,9.847746,0.9868420958518982,0.22123894095420837,0.00030051087378524244
YBR191W,YNL177C,1,9.847446,0.9868995547294617,0.2222222238779068,0.00030051087378524244
YBR181C,YOR369C,1,9.841962,0.9869565367698669,0.22320550680160522,0.00030051087378524244
YGR118W,YBR122C,1,9.836972,0.9870129823684692,0.22418878972530365,0.00030051087378524244
YBL038W,YDR500C,1,9.832558,0.9870689511299133,0.22517207264900208,0.00030051087378524244
YGL123W,YGL076C,1,9.831773,0.9871244430541992,0.2261553555727005,0.00030051087378524244
YBR189W,YDR116C,1,9.831408,0.9871794581413269,0.22713863849639893,0.00030051087378524244
YPL090C,YBR181C,1,9.8131275,0.9872340559959412,0.22812192142009735,0.00030051087378524244
YMR121C,YOR369C,1,9.810091,0.9872881174087524,0.22910520434379578,0.00030051087378524244
YOR312C,YJL096W,1,9.805011,0.9873417615890503,0.2300885021686554,0.00030051087378524244
YPR132W,YNL177C,1,9.791524,0.9873949289321899,0.23107178509235382,0.00030051087378524244
YGR027C,YDL061C,1,9.787948,0.9874476790428162,0.23205506801605225,0.00030051087378524244
YDL083C,YBL087C,1,9.787395,0.987500011920929,0.23303835093975067,0.00030051087378524244
YHR010W,YBL090W,1,9.7853365,0.9875518679618835,0.2340216338634491,0.00030051087378524244
YGL147C,YNR036C,1,9.771838,0.9876033067703247,0.23500491678714752,0.00030051087378524244
YOL040C,YNL122C,1,9.769039,0.9876543283462524,0.23598819971084595,0.00030051087378524244
YOR234C,YOL039W,1,9.767002,0.9877049326896667,0.23697148263454437,0.00030051087378524244
YKR057W,YLR185W,1,9.750731,0.9877551198005676,0.2379547655582428,0.00030051087378524244
YIL133C,YDR462W,1,9.742059,0.9878048896789551,0.23893804848194122,0.00030051087378524244
YIL052C,YBR181C,1,9.74166,0.9878542423248291,0.23992133140563965,0.00030051087378524244
YER117W,YGL189C,1,9.739192,0.9879032373428345,0.24090461432933807,0.00030051087378524244
YLR325C,YBR122C,1,9.719556,0.9879518151283264,0.2418879121541977,0.00030051087378524244
YGR118W,YDR494W,1,9.707642,0.9879999756813049,0.24287119507789612,0.00030051087378524244
YMR121C,YOR234C,1,9.703106,0.9880478382110596,0.24385447800159454,0.00030051087378524244
YJL177W,YBL027W,1,9.702197,0.988095223903656,0.24483776092529297,0.00030051087378524244
YDR041W,YNL252C,1,9.69642,0.9881423115730286,0.2458210438489914,0.00030051087378524244
YMR024W,YHL015W,1,9.685899,0.9881889820098877,0.24680432677268982,0.00030051087378524244
YOR150W,YNL069C,1,9.676043,0.9882352948188782,0.24778760969638824,0.00030051087378524244
YLR448W,YNL137C,1,9.675855,0.98828125,0.24877089262008667,0.00030051087378524244
YER117W,YMR143W,1,9.669299,0.9883268475532532,0.2497541755437851,0.00030051087378524244
YJL191W,YBR181C,1,9.655055,0.9883720874786377,0.2507374584674835,0.00030051087378524244
YIL052C,YML024W,1,9.65211,0.9884169697761536,0.25172075629234314,0.00030051087378524244
YEL050C,YDR494W,1,9.62387,0.9884615540504456,0.25270402431488037,0.00030051087378524244
YIL018W,YKR085C,1,9.614957,0.9885057210922241,0.25368732213974,0.00030051087378524244
YDR064W,YBR122C,1,9.595935,0.9885495901107788,0.2546705901622772,0.00030051087378524244
YBL038W,YOR293W,1,9.58462,0.9885931611061096,0.25565388798713684,0.00030051087378524244
YLR439W,YGR085C,1,9.578975,0.9886363744735718,0.2566371560096741,0.00030051087378524244
YLR075W,YLR264W,1,9.57665,0.9886792302131653,0.2576204538345337,0.00030051087378524244
YNR022C,YLR344W,1,9.551903,0.9887217879295349,0.2586037218570709,0.00030051087378524244
YNL302C,YLR185W,1,9.551539,0.9887640476226807,0.25958701968193054,0.00030051087378524244
YBR189W,YDR471W,1,9.550839,0.9888059496879578,0.26057031750679016,0.00030051087378524244
YBR268W,YPL090C,1,9.538276,0.9888476133346558,0.2615535855293274,0.00030051087378524244
YPR102C,YBR282W,1,9.532924,0.9888888597488403,0.262536883354187,0.00030051087378524244
YNL162W,YHL033C,1,9.527844,0.9889298677444458,0.26352015137672424,0.00030051087378524244
YBL090W,YDL061C,1,9.5154505,0.9889705777168274,0.26450344920158386,0.00030051087378524244
YPR100W,YDL081C,1,9.507005,0.9890109896659851,0.2654867172241211,0.00030051087378524244
YNL252C,YNL005C,1,9.498889,0.989051103591919,0.2664700150489807,0.00030051087378524244
YLR061W,YBR181C,1,9.487328,0.9890909194946289,0.26745328307151794,0.00030051087378524244
YOR312C,YER102W,1,9.482226,0.989130437374115,0.26843658089637756,0.00030051087378524244
YOR158W,YDR012W,1,9.481142,0.9891696572303772,0.2694198489189148,0.00030051087378524244
YHL001W,YML073C,1,9.474765,0.9892086386680603,0.2704031467437744,0.00030051087378524244
YML009C,YEL050C,1,9.474661,0.9892473220825195,0.27138644456863403,0.00030051087378524244
YKL156W,YGR214W,1,9.465612,0.9892857074737549,0.27236971259117126,0.00030051087378524244
YIL148W,YNL185C,1,9.444356,0.9893238544464111,0.2733530104160309,0.00030051087378524244
YKL180W,YBL087C,1,9.434998,0.9893617033958435,0.2743362784385681,0.00030051087378524244
YDR447C,YLR448W,1,9.431497,0.9893993139266968,0.27531957626342773,0.00030051087378524244
YOL040C,YPL013C,1,9.391311,0.9894366264343262,0.27630284428596497,0.00030051087378524244
YGL103W,YJR123W,1,9.388046,0.9894737005233765,0.2772861421108246,0.00030051087378524244
YGR215W,YMR242C,1,9.355481,0.9895104765892029,0.2782694101333618,0.00030051087378524244
YHL004W,YLR264W,1,9.331927,0.9895470142364502,0.27925270795822144,0.00030051087378524244
YDL083C,YNL302C,1,9.325155,0.9895833134651184,0.28023597598075867,0.00030051087378524244
YGR027C,YGR085C,1,9.309777,0.9896193742752075,0.2812192738056183,0.00030051087378524244
YHR147C,YKL138C,1,9.308877,0.9896551966667175,0.2822025418281555,0.00030051087378524244
YHR021C,YDL136W,1,9.298396,0.9896907210350037,0.28318583965301514,0.00030051087378524244
YIL052C,YDL082W,1,9.286349,0.9897260069847107,0.28416913747787476,0.00030051087378524244
YKR006C,YOR182C,1,9.279294,0.9897611141204834,0.285152405500412,0.00030051087378524244
YIL018W,YLR264W,1,9.277168,0.9897959232330322,0.2861357033252716,0.00030051087378524244
YDR447C,YGR027C,1,9.274091,0.989830493927002,0.28711897134780884,0.00030051087378524244
YDL082W,YGL189C,1,9.268384,0.9898648858070374,0.28810226917266846,0.00030051087378524244
YNL306W,YJR123W,1,9.262206,0.9898989796638489,0.2890855371952057,0.00030051087378524244
YDL082W,YGR214W,1,9.247885,0.9899328947067261,0.2900688350200653,0.00030051087378524244
YMR158W,YLR340W,1,9.243948,0.9899665713310242,0.29105210304260254,0.00030051087378524244
YMR230W,YOR063W,1,9.241036,0.9900000095367432,0.29203540086746216,0.00030051087378524244
YHL033C,YLR061W,1,9.239698,0.9900332093238831,0.2930186688899994,0.00030051087378524244
YJL191W,YJR145C,1,9.231832,0.9900662302970886,0.294001966714859,0.00030051087378524244
YOR158W,YDR116C,1,9.229498,0.9900990128517151,0.29498526453971863,0.00030051087378524244
YGL031C,YMR143W,1,9.22632,0.9901315569877625,0.29596853256225586,0.00030051087378524244
YBL072C,YNL185C,1,9.211469,0.9901639223098755,0.2969518303871155,0.00030051087378524244
YDR471W,YGR148C,1,9.209449,0.9901960492134094,0.2979350984096527,0.00030051087378524244
YDL082W,YPR132W,1,9.204103,0.990227997303009,0.29891839623451233,0.00030051087378524244
YER102W,YLR333C,1,9.202361,0.9902597665786743,0.29990166425704956,0.00030051087378524244
YHL015W,YFR032C-A,1,9.196198,0.9902912378311157,0.3008849620819092,0.00030051087378524244
YGR118W,YLR441C,1,9.19034,0.9903225898742676,0.3018682301044464,0.00030051087378524244
YGL123W,YCR003W,1,9.181631,0.9903537034988403,0.30285152792930603,0.00030051087378524244
YCR003W,YGR220C,1,9.174244,0.9903846383094788,0.30383479595184326,0.00030051087378524244
YJL177W,YPR043W,1,9.172904,0.9904153347015381,0.3048180937767029,0.00030051087378524244
YGR084C,YER074W,1,9.170496,0.9904458522796631,0.3058013617992401,0.00030051087378524244
YNR022C,YOR293W,1,9.168496,0.9904761910438538,0.30678465962409973,0.00030051087378524244
YOR096W,YLR344W,1,9.166232,0.9905063509941101,0.30776795744895935,0.00030051087378524244
YNL122C,YIL148W,1,9.163227,0.9905362725257874,0.3087512254714966,0.00030051087378524244
YOR167C,YOR182C,1,9.157625,0.9905660152435303,0.3097345232963562,0.00030051087378524244
YKR094C,YBR031W,1,9.153484,0.9905956387519836,0.31071779131889343,0.00030051087378524244
YLR061W,YLR441C,1,9.151141,0.9906250238418579,0.31170108914375305,0.00030051087378524244
YML009C,YML024W,1,9.151116,0.9906542301177979,0.3126843571662903,0.00030051087378524244
YPL220W,YMR230W,1,9.150401,0.9906832575798035,0.3136676549911499,0.00030051087378524244
YGR027C,YBL027W,1,9.146159,0.99071204662323,0.31465092301368713,0.00030051087378524244
YFR031C-A,YHR010W,1,9.143731,0.9907407164573669,0.31563422083854675,0.00030051087378524244
YBR189W,YDL202W,1,9.142547,0.9907692074775696,0.316617488861084,0.00030051087378524244
YKL006W,YHR203C,1,9.135667,0.9907975196838379,0.3176007866859436,0.00030051087378524244
YJL136C,YHL015W,1,9.118139,0.9908257126808167,0.3185840845108032,0.00030051087378524244
YBR146W,YDL081C,1,9.115212,0.9908536672592163,0.31956735253334045,0.00030051087378524244
YNL162W,YHR203C,1,9.110022,0.9908814430236816,0.3205506503582001,0.00030051087378524244
YOR369C,YGR165W,1,9.101296,0.9909090995788574,0.3215339183807373,0.00030051087378524244
YNL162W,YDR322W,1,9.098048,0.9909365773200989,0.3225172162055969,0.00030051087378524244
YHR203C,YER074W,1,9.097311,0.990963876247406,0.32350048422813416,0.00030051087378524244
YKL003C,YML024W,1,9.086463,0.9909909963607788,0.3244837820529938,0.00030051087378524244
YIL093C,YKL180W,1,9.076751,0.9910179376602173,0.325467050075531,0.00030051087378524244
YDR116C,YBR048W,1,9.073295,0.9910447597503662,0.3264503479003906,0.00030051087378524244
YNL252C,YBR122C,1,9.068254,0.9910714030265808,0.32743361592292786,0.00030051087378524244
YJL191W,YDR471W,1,9.062473,0.9910979270935059,0.3284169137477875,0.00030051087378524244
YIL148W,YHL001W,1,9.059356,0.9911242723464966,0.3294001817703247,0.00030051087378524244
YPR043W,YNL284C,1,9.050901,0.991150438785553,0.3303834795951843,0.00030051087378524244
YHL033C,YPL013C,1,9.045394,0.9911764860153198,0.33136677742004395,0.00030051087378524244
YIL133C,YDL202W,1,9.045388,0.9912023544311523,0.3323500454425812,0.00030051087378524244
YMR121C,YGR148C,1,9.041638,0.9912280440330505,0.3333333432674408,0.00030051087378524244
YKL180W,YBR122C,1,9.041392,0.991253674030304,0.334316611289978,0.00030051087378524244
YPR132W,YNL301C,1,9.034997,0.9912790656089783,0.33529990911483765,0.00030051087378524244
YDL202W,YBL087C,1,9.030667,0.991304337978363,0.3362831771373749,0.00030051087378524244
YBR268W,YKR094C,1,9.023963,0.9913294911384583,0.3372664749622345,0.00030051087378524244
YOL040C,YDL130W,1,9.0131035,0.9913544654846191,0.33824974298477173,0.00030051087378524244
YHR147C,YER131W,1,8.994811,0.9913793206214905,0.33923304080963135,0.00030051087378524244
YLR448W,YNL185C,1,8.994511,0.9914039969444275,0.3402163088321686,0.00030051087378524244
YKL180W,YMR143W,1,8.988238,0.991428554058075,0.3411996066570282,0.00030051087378524244
YDL202W,YKL170W,1,8.974721,0.9914529919624329,0.3421829044818878,0.00030051087378524244
YLR325C,YLR344W,1,8.973908,0.9914772510528564,0.34316617250442505,0.00030051087378524244
YJL191W,YIL133C,1,8.967152,0.9915013909339905,0.34414947032928467,0.00030051087378524244
YHR141C,YLR061W,1,8.965742,0.991525411605835,0.3451327383518219,0.00030051087378524244
YLR312W-A,YNL302C,1,8.96185,0.9915493130683899,0.3461160361766815,0.00030051087378524244
YML026C,YMR230W,1,8.950759,0.9915730357170105,0.34709930419921875,0.00030051087378524244
YMR142C,YJL190C,1,8.948897,0.9915966391563416,0.34808260202407837,0.00030051087378524244
YJL096W,YNL306W,1,8.929181,0.9916201233863831,0.3490658700466156,0.00030051087378524244
YLR367W,YPL143W,1,8.925248,0.9916434288024902,0.3500491678714752,0.00030051087378524244
YPL079W,YLR340W,1,8.923441,0.9916666746139526,0.35103243589401245,0.00030051087378524244
YOR096W,YHL015W,1,8.922793,0.9916897416114807,0.35201573371887207,0.00030051087378524244
YKL006W,YGL189C,1,8.917336,0.9917126893997192,0.3529990315437317,0.00030051087378524244
YJL096W,YDR025W,1,8.915103,0.9917355179786682,0.3539822995662689,0.00030051087378524244
YDR382W,YGR165W,1,8.906762,0.9917582273483276,0.35496559739112854,0.00030051087378524244
YDR347W,YDL061C,1,8.906001,0.9917808175086975,0.35594886541366577,0.00030051087378524244
YDR447C,YLR344W,1,8.890477,0.9918032884597778,0.3569321632385254,0.00030051087378524244
YER102W,YML024W,1,8.879844,0.9918256402015686,0.3579154312610626,0.00030051087378524244
YOR158W,YBL090W,1,8.874528,0.991847813129425,0.35889872908592224,0.00030051087378524244
YNL302C,YLL045C,1,8.87436,0.9918699264526367,0.3598819971084595,0.00030051087378524244
YNL301C,YOR369C,1,8.874318,0.9918919205665588,0.3608652949333191,0.00030051087378524244
YPR132W,YOR369C,1,8.870485,0.9919137358665466,0.3618485629558563,0.00030051087378524244
YGL030W,YNL096C,1,8.839543,0.9919354915618896,0.36283186078071594,0.00030051087378524244
YMR194W,YER102W,1,8.826081,0.9919571280479431,0.3638151288032532,0.00030051087378524244
YNR022C,YGL076C,1,8.821044,0.9919785857200623,0.3647984266281128,0.00030051087378524244
YKR094C,YLR448W,1,8.819394,0.9919999837875366,0.3657817244529724,0.00030051087378524244
YDR450W,YOL040C,1,8.815796,0.9920212626457214,0.36676499247550964,0.00030051087378524244
YER117W,YBR048W,1,8.812148,0.9920424222946167,0.36774829030036926,0.00030051087378524244
YOR096W,YJR094W-A,1,8.801518,0.9920634627342224,0.3687315583229065,0.00030051087378524244
YGL147C,YNL301C,1,8.798766,0.9920844435691833,0.3697148561477661,0.00030051087378524244
YPL118W,YGR034W,1,8.790806,0.99210524559021,0.37069812417030334,0.00030051087378524244
YPR043W,YLR287C-A,1,8.789266,0.9921259880065918,0.37168142199516296,0.00030051087378524244
YOR096W,YGL076C,1,8.785775,0.9921466112136841,0.3726646900177002,0.00030051087378524244
YIL133C,YLR344W,1,8.779454,0.9921671152114868,0.3736479878425598,0.00030051087378524244
YKR006C,YLR388W,1,8.778059,0.9921875,0.37463125586509705,0.00030051087378524244
YMR225C,YML026C,1,8.767702,0.9922077655792236,0.37561455368995667,0.00030051087378524244
YPR100W,YBR031W,1,8.758611,0.9922279715538025,0.3765978515148163,0.00030051087378524244
YHL033C,YBR122C,1,8.757717,0.9922480583190918,0.3775811195373535,0.00030051087378524244
YGL103W,YDL061C,1,8.755188,0.9922680258750916,0.37856441736221313,0.00030051087378524244
YGR118W,YOR182C,1,8.754413,0.9922879338264465,0.37954768538475037,0.00030051087378524244
YNL137C,YDL045W-A,1,8.753119,0.9923076629638672,0.38053098320961,0.00030051087378524244
YKL006W,YLL045C,1,8.74836,0.9923273921012878,0.3815142512321472,0.00030051087378524244
YJL190C,YKR057W,1,8.742647,0.9923469424247742,0.38249754905700684,0.00030051087378524244
YLR048W,YBR031W,1,8.727246,0.9923664331436157,0.38348081707954407,0.00030051087378524244
YOL040C,YDL081C,1,8.71801,0.9923858046531677,0.3844641149044037,0.00030051087378524244
YGL076C,YNL178W,1,8.714003,0.9924050569534302,0.3854473829269409,0.00030051087378524244
YDR115W,YKL138C,1,8.712352,0.9924242496490479,0.38643068075180054,0.00030051087378524244
YGR165W,YLR333C,1,8.710031,0.992443323135376,0.38741394877433777,0.00030051087378524244
YPL220W,YNR036C,1,8.708016,0.9924623370170593,0.3883972465991974,0.00030051087378524244
YLR344W,YGR165W,1,8.703681,0.9924812316894531,0.389380544424057,0.00030051087378524244
YBL092W,YPL173W,1,8.701009,0.9925000071525574,0.39036381244659424,0.00030051087378524244
YKL180W,YDR494W,1,8.695495,0.9925187230110168,0.39134711027145386,0.00030051087378524244
YDR450W,YHL001W,1,8.692971,0.9925373196601868,0.3923303782939911,0.00030051087378524244
YGL135W,YKR094C,1,8.684631,0.9925558567047119,0.3933136761188507,0.00030051087378524244
YDR012W,YDL061C,1,8.678789,0.9925742745399475,0.39429694414138794,0.00030051087378524244
YLR061W,YGL123W,1,8.674894,0.9925925731658936,0.39528024196624756,0.00030051087378524244
YJR145C,YDR025W,1,8.661332,0.9926108121871948,0.3962635099887848,0.00030051087378524244
YPL220W,YML063W,1,8.651085,0.9926289916038513,0.3972468078136444,0.00030051087378524244
YLR333C,YNL302C,1,8.617543,0.9926470518112183,0.39823007583618164,0.00030051087378524244
YBL038W,YGL123W,1,8.61188,0.9926650524139404,0.39921337366104126,0.00030051087378524244
YML026C,YNL067W,1,8.611434,0.992682933807373,0.4001966714859009,0.00030051087378524244
YMR193W,YGL076C,1,8.605805,0.9927007555961609,0.4011799395084381,0.00030051087378524244
YER056C-A,YJL190C,1,8.605323,0.9927184581756592,0.40216323733329773,0.00030051087378524244
YGR084C,YIL133C,1,8.601005,0.9927361011505127,0.40314650535583496,0.00030051087378524244
YOL121C,YJL189W,1,8.600978,0.9927536249160767,0.4041298031806946,0.00030051087378524244
YHL015W,YJL063C,1,8.598886,0.9927710890769958,0.4051130712032318,0.00030051087378524244
YPR100W,YIL148W,1,8.595662,0.9927884340286255,0.40609636902809143,0.00030051087378524244
YOR234C,YGL189C,1,8.595411,0.9928057789802551,0.40707963705062866,0.00030051087378524244
YMR142C,YOR293W,1,8.584472,0.9928229451179504,0.4080629348754883,0.00030051087378524244
YGR214W,YJL190C,1,8.58224,0.9928401112556458,0.4090462028980255,0.00030051087378524244
YER074W,YDL191W,1,8.577264,0.9928571581840515,0.41002950072288513,0.00030051087378524244
YLR167W,YGL123W,1,8.566043,0.9928740859031677,0.41101276874542236,0.00030051087378524244
YMR142C,YPL013C,1,8.5651655,0.9928910136222839,0.411996066570282,0.00030051087378524244
YKL180W,YLL045C,1,8.565109,0.9929078221321106,0.4129793643951416,0.00030051087378524244
YLR264W,YLR185W,1,8.5638075,0.9929245114326477,0.41396263241767883,0.00030051087378524244
YGR148C,YLR075W,1,8.5620575,0.9929412007331848,0.41494593024253845,0.00030051087378524244
YGL103W,YDR025W,1,8.556111,0.9929577708244324,0.4159291982650757,0.00030051087378524244
YDR494W,YGL189C,1,8.554229,0.9929742217063904,0.4169124960899353,0.00030051087378524244
YBL090W,YNL302C,1,8.539554,0.9929906725883484,0.41789576411247253,0.00030051087378524244
YMR230W,YLR312W-A,1,8.528316,0.9930070042610168,0.41887906193733215,0.00030051087378524244
YLR061W,YBL087C,1,8.527871,0.9930232763290405,0.4198623299598694,0.00030051087378524244
YPL013C,YJR123W,1,8.525573,0.9930394291877747,0.420845627784729,0.00030051087378524244
YDR012W,YEL050C,1,8.503478,0.9930555820465088,0.42182889580726624,0.00030051087378524244
YBR122C,YLL045C,1,8.502564,0.9930716156959534,0.42281219363212585,0.00030051087378524244
YML073C,YDR500C,1,8.491797,0.9930875301361084,0.4237954914569855,0.00030051087378524244
YER056C-A,YOR369C,1,8.481591,0.9931034445762634,0.4247787594795227,0.00030051087378524244
YGL147C,YNL178W,1,8.468501,0.9931192398071289,0.4257620573043823,0.00030051087378524244
YNR036C,YLR340W,1,8.466677,0.9931350350379944,0.42674532532691956,0.00030051087378524244
YNL301C,YJR123W,1,8.464244,0.9931507110595703,0.4277286231517792,0.00030051087378524244
YLR388W,YNL177C,1,8.447019,0.9931662678718567,0.4287118911743164,0.00030051087378524244
YGL103W,YDL075W,1,8.398245,0.9931818246841431,0.429695188999176,0.00030051087378524244
YJR145C,YNL301C,1,8.396313,0.9931972622871399,0.43067845702171326,0.00030051087378524244
YLR344W,YBR181C,1,8.383845,0.9932126402854919,0.4316617548465729,0.00030051087378524244
YER056C-A,YLR344W,1,8.383096,0.993228018283844,0.4326450228691101,0.00030051087378524244
YPR043W,YLL045C,1,8.382375,0.9932432174682617,0.4336283206939697,0.00030051087378524244
YNL122C,YNL137C,1,8.38153,0.9932584166526794,0.43461158871650696,0.00030051087378524244
YOL040C,YJL136C,1,8.378938,0.9932735562324524,0.4355948865413666,0.00030051087378524244
YHR141C,YER074W,1,8.377048,0.9932885766029358,0.4365781843662262,0.00030051087378524244
YJL063C,YDR418W,1,8.37494,0.9933035969734192,0.4375614523887634,0.00030051087378524244
YDL075W,YDL136W,1,8.371097,0.993318498134613,0.43854475021362305,0.00030051087378524244
YLR448W,YBR122C,1,8.368581,0.9933333396911621,0.4395280182361603,0.00030051087378524244
YHR052W,YLR388W,1,8.358092,0.9933481216430664,0.4405113160610199,0.00030051087378524244
YJR113C,YLR325C,1,8.356299,0.9933628439903259,0.44149458408355713,0.00030051087378524244
YBR191W,YGL189C,1,8.355382,0.9933775067329407,0.44247788190841675,0.00030051087378524244
YMR225C,YLR075W,1,8.347161,0.9933920502662659,0.443461149930954,0.00030051087378524244
YIL052C,YKR057W,1,8.3433895,0.9934065937995911,0.4444444477558136,0.00030051087378524244
YDR064W,YGL040C,0,8.326753,0.9912280440330505,0.4444444477558136,0.0004006811650469899
YLR167W,YBR084C-A,1,8.3225565,0.9912472367286682,0.44542771577835083,0.0004006811650469899
YGL147C,YLR388W,1,8.284323,0.9912663698196411,0.44641101360321045,0.0004006811650469899
YPR102C,YHR021C,1,8.281949,0.9912853837013245,0.44739431142807007,0.0004006811650469899
YGL135W,YJL190C,1,8.277084,0.991304337978363,0.4483775794506073,0.0004006811650469899
YKL180W,YDR337W,1,8.27563,0.9913232326507568,0.4493608772754669,0.0004006811650469899
YBR282W,YBL038W,1,8.274371,0.9913420081138611,0.45034414529800415,0.0004006811650469899
YBL027W,YHL015W,1,8.258473,0.9913606643676758,0.45132744312286377,0.0004006811650469899
YMR158W,YDR337W,1,8.234457,0.9913793206214905,0.452310711145401,0.0004006811650469899
YMR225C,YOR167C,1,8.217566,0.9913978576660156,0.4532940089702606,0.0004006811650469899
YDR450W,YGL123W,1,8.203967,0.991416335105896,0.45427727699279785,0.0004006811650469899
YGR118W,YPL090C,1,8.2025175,0.9914346933364868,0.45526057481765747,0.0004006811650469899
YGR076C,YCR031C,1,8.199485,0.9914529919624329,0.4562438428401947,0.0004006811650469899
YBL092W,YJR123W,1,8.198645,0.9914712309837341,0.4572271406650543,0.0004006811650469899
YBL072C,YPL249C-A,1,8.191892,0.9914893507957458,0.45821040868759155,0.0004006811650469899
YOR150W,YNL185C,1,8.1905575,0.9915074110031128,0.45919370651245117,0.0004006811650469899
YHL015W,YOL127W,1,8.190433,0.991525411605835,0.4601770043373108,0.0004006811650469899
YER074W,YNL178W,1,8.184718,0.9915433526039124,0.461160272359848,0.0004006811650469899
YPL079W,YBR031W,1,8.184035,0.9915611743927002,0.46214357018470764,0.0004006811650469899
YOR312C,YMR188C,1,8.16632,0.9915789365768433,0.4631268382072449,0.0004006811650469899
YDL130W,YBR031W,1,8.163061,0.9915966391563416,0.4641101360321045,0.0004006811650469899
YDL130W,YDL191W,1,8.149427,0.9916142821311951,0.4650934040546417,0.0004006811650469899
YBR268W,YNL302C,1,8.14417,0.991631805896759,0.46607670187950134,0.0004006811650469899
YOR312C,YFR031C-A,1,8.1427355,0.9916492700576782,0.4670599699020386,0.0004006811650469899
YLR344W,YDL081C,1,8.14008,0.9916666746139526,0.4680432677268982,0.0004006811650469899
YOL039W,YLR075W,1,8.137984,0.9916840195655823,0.4690265357494354,0.0004006811650469899
YMR225C,YGL123W,1,8.137941,0.9917012453079224,0.47000983357429504,0.0004006811650469899
YJL136C,YDL136W,1,8.134126,0.9917184114456177,0.47099313139915466,0.0004006811650469899
YML026C,YBL027W,1,8.123943,0.9917355179786682,0.4719763994216919,0.0004006811650469899
YNL122C,YNL301C,1,8.122178,0.991752564907074,0.4729596972465515,0.0004006811650469899
YJL096W,YIL069C,1,8.104052,0.991769552230835,0.47394296526908875,0.0004006811650469899
YDR405W,YEL054C,1,8.103108,0.9917864203453064,0.47492626309394836,0.0004006811650469899
YLR075W,YKL180W,1,8.096316,0.9918032884597778,0.4759095311164856,0.0004006811650469899
YKL156W,YBR048W,1,8.091502,0.9918200373649597,0.4768928289413452,0.0004006811650469899
YGR220C,YLR340W,1,8.084228,0.9918367266654968,0.47787609696388245,0.0004006811650469899
YFR031C-A,YOL120C,1,8.070329,0.9918533563613892,0.47885939478874207,0.0004006811650469899
YPL081W,YDL082W,1,8.069325,0.9918699264526367,0.4798426628112793,0.0004006811650469899
YMR286W,YOR063W,1,8.0671835,0.9918864369392395,0.4808259606361389,0.0004006811650469899
YPR166C,YGR085C,1,8.066741,0.9919028282165527,0.48180922865867615,0.0004006811650469899
YIL133C,YOR293W,1,8.066241,0.991919219493866,0.48279252648353577,0.0004006811650469899
YFR031C-A,YJL136C,1,8.064706,0.9919354915618896,0.4837758243083954,0.0004006811650469899
YMR024W,YLR340W,1,8.061204,0.9919517040252686,0.4847590923309326,0.0004006811650469899
YNL177C,YDL191W,1,8.040724,0.9919678568840027,0.48574239015579224,0.0004006811650469899
YHL033C,YHL015W,1,8.032258,0.991983950138092,0.48672565817832947,0.0004006811650469899
YBR031W,YPL013C,1,8.02809,0.9919999837875366,0.4877089560031891,0.0004006811650469899
YPL131W,YBR181C,1,8.027629,0.9920159578323364,0.4886922240257263,0.0004006811650469899
YGR118W,YJR094W-A,1,8.014787,0.9920318722724915,0.48967552185058594,0.0004006811650469899
YLR325C,YDL202W,1,8.002366,0.9920477271080017,0.49065878987312317,0.0004006811650469899
YPR132W,YML025C,1,7.992488,0.9920634627342224,0.4916420876979828,0.0004006811650469899
YNL162W,YGR034W,1,7.9865828,0.9920791983604431,0.49262535572052,0.0004006811650469899
YPL090C,YDL081C,1,7.9864063,0.992094874382019,0.49360865354537964,0.0004006811650469899
YDL202W,YNL096C,1,7.983965,0.9921104311943054,0.49459195137023926,0.0004006811650469899
YDL075W,YJL063C,1,7.9752235,0.9921259880065918,0.4955752193927765,0.0004006811650469899
YGL147C,YKL156W,1,7.973528,0.9921414256095886,0.4965585172176361,0.0004006811650469899
YOL039W,YFL034C-A,1,7.973175,0.9921568632125854,0.49754178524017334,0.0004006811650469899
YBR048W,YBR031W,1,7.971057,0.9921721816062927,0.49852508306503296,0.0004006811650469899
YPL090C,YDR012W,1,7.961668,0.9921875,0.4995083510875702,0.0004006811650469899
YPL081W,YNL302C,1,7.954955,0.9922027587890625,0.5004916191101074,0.0004006811650469899
YKL155C,YDL191W,1,7.948516,0.9922178983688354,0.501474916934967,0.0004006811650469899
YDR494W,YDR025W,1,7.947629,0.9922330379486084,0.5024582147598267,0.0004006811650469899
YNR037C,YDR471W,1,7.936122,0.9922480583190918,0.5034415125846863,0.0004006811650469899
YDL083C,YLR325C,1,7.9361057,0.9922630786895752,0.5044247508049011,0.0004006811650469899
YNL098C,YOL127W,0,7.93182,0.9903475046157837,0.5044247508049011,0.0005008514272049069
YOR312C,YNL284C,1,7.9250565,0.9903661012649536,0.5054080486297607,0.0005008514272049069
YCL035C,YJL136C,0,7.9138823,0.9884615540504456,0.5054080486297607,0.0006010217475704849
YNL301C,YOL127W,1,7.910922,0.9884836673736572,0.5063913464546204,0.0006010217475704849
YML026C,YKR094C,1,7.890464,0.9885057210922241,0.50737464427948,0.0006010217475704849
YOR150W,YNL284C,1,7.8846025,0.9885277152061462,0.5083579421043396,0.0006010217475704849
YPL079W,YDL075W,1,7.873148,0.9885495901107788,0.5093411803245544,0.0006010217475704849
YDL075W,YNL302C,1,7.8678465,0.9885714054107666,0.5103244781494141,0.0006010217475704849
YKL155C,YNL067W,1,7.8584347,0.9885931611061096,0.5113077759742737,0.0006010217475704849
YOL040C,YDR500C,1,7.839799,0.9886147975921631,0.5122910737991333,0.0006010217475704849
YLR325C,YOL127W,1,7.833645,0.9886363744735718,0.5132743120193481,0.0006010217475704849
YDR450W,YKL003C,1,7.832658,0.9886578321456909,0.5142576098442078,0.0006010217475704849
YLR048W,YIL133C,1,7.8247013,0.9886792302131653,0.5152409076690674,0.0006010217475704849
YDL083C,YDR041W,1,7.821107,0.9887005686759949,0.516224205493927,0.0006010217475704849
YLR048W,YDR347W,1,7.8146687,0.9887217879295349,0.5172074437141418,0.0006010217475704849
YGR084C,YLR167W,1,7.8114586,0.9887429475784302,0.5181907415390015,0.0006010217475704849
YBL027W,YOR182C,1,7.7946672,0.9887640476226807,0.5191740393638611,0.0006010217475704849
YLR048W,YJR123W,1,7.7842,0.9887850284576416,0.5201573371887207,0.0006010217475704849
YCR031C,YGL189C,1,7.766556,0.9888059496879578,0.5211406350135803,0.0006010217475704849
YOR312C,YPL173W,1,7.765713,0.9888268113136292,0.5221238732337952,0.0006010217475704849
YGL147C,YIL018W,1,7.765027,0.9888476133346558,0.5231071710586548,0.0006010217475704849
YMR242C,YJL136C,1,7.759806,0.9888682961463928,0.5240904688835144,0.0006010217475704849
YMR193W,YNL005C,1,7.7485046,0.9888888597488403,0.525073766708374,0.0006010217475704849
YBL090W,YML063W,1,7.7457747,0.9889094233512878,0.5260570049285889,0.0006010217475704849
YML063W,YNL069C,1,7.744743,0.9889298677444458,0.5270403027534485,0.0006010217475704849
YLR061W,YKL180W,1,7.7382603,0.988950252532959,0.5280236005783081,0.0006010217475704849
YJL189W,YCR071C,1,7.7381487,0.9889705777168274,0.5290068984031677,0.0006010217475704849
YDR175C,YER131W,1,7.7342095,0.988990843296051,0.5299901962280273,0.0006010217475704849
YDR064W,YJL136C,1,7.729512,0.9890109896659851,0.5309734344482422,0.0006010217475704849
YGL068W,YDL202W,1,7.7284603,0.9890310764312744,0.5319567322731018,0.0006010217475704849
YDR041W,YNL002C,1,7.7266455,0.989051103591919,0.5329400300979614,0.0006010217475704849
YJL136C,YPR132W,1,7.7248793,0.9890710115432739,0.533923327922821,0.0006010217475704849
YNR022C,YEL054C,1,7.710912,0.9890909194946289,0.5349065661430359,0.0006010217475704849
YBL027W,YML024W,1,7.705817,0.9891107082366943,0.5358898639678955,0.0006010217475704849
YBL038W,YBR048W,1,7.7012014,0.989130437374115,0.5368731617927551,0.0006010217475704849
YIL052C,YBL027W,1,7.691763,0.9891501069068909,0.5378564596176147,0.0006010217475704849
YGR118W,YDL130W,1,7.687094,0.9891696572303772,0.5388396978378296,0.0006010217475704849
YGR076C,YIL020C,0,7.684929,0.9873873591423035,0.5388396978378296,0.0007011920097284019
YNR022C,YDL081C,1,7.682085,0.9874100685119629,0.5398229956626892,0.0007011920097284019
YCR031C,YNL067W,1,7.6804657,0.9874326586723328,0.5408062934875488,0.0007011920097284019
YJL191W,YKR085C,1,7.6760902,0.9874551892280579,0.5417895913124084,0.0007011920097284019
YDR064W,YML026C,1,7.6748257,0.9874776601791382,0.5427728891372681,0.0007011920097284019
YDL061C,YDL191W,1,7.6643796,0.987500011920929,0.5437561273574829,0.0007011920097284019
YBR268W,YDR025W,1,7.6593504,0.987522304058075,0.5447394251823425,0.0007011920097284019
YPL131W,YKR057W,1,7.6460104,0.9875444769859314,0.5457227230072021,0.0007011920097284019
YKL155C,YBR189W,1,7.6437225,0.9875665903091431,0.5467060208320618,0.0007011920097284019
YNL301C,YIL148W,1,7.643647,0.98758864402771,0.5476892590522766,0.0007011920097284019
YMR024W,YDL130W,1,7.6419168,0.9876106381416321,0.5486725568771362,0.0007011920097284019
YPR166C,YPR102C,1,7.6369495,0.9876325130462646,0.5496558547019958,0.0007011920097284019
YFR031C-A,YMR121C,1,7.6184845,0.9876543283462524,0.5506391525268555,0.0007011920097284019
YCR031C,YIL133C,1,7.6145163,0.9876760840415955,0.5516223907470703,0.0007011920097284019
YNL067W,YDR462W,1,7.6137357,0.9876977205276489,0.5526056885719299,0.0007011920097284019
YJL136C,YMR143W,1,7.6133986,0.9877192974090576,0.5535889863967896,0.0007011920097284019
YER117W,YNL178W,1,7.597554,0.9877408146858215,0.5545722842216492,0.0007011920097284019
YML063W,YOL120C,1,7.59499,0.9877622127532959,0.5555555820465088,0.0007011920097284019
YNL302C,YGR162W,0,7.5919647,0.9860383868217468,0.5555555820465088,0.0008013623300939798
YKR006C,YIL018W,1,7.5911636,0.9860627055168152,0.5565388202667236,0.0008013623300939798
YIL052C,YFR031C-A,1,7.583878,0.9860869646072388,0.5575221180915833,0.0008013623300939798
YML026C,YDL130W,1,7.5757513,0.9861111044883728,0.5585054159164429,0.0008013623300939798
YGR076C,YHL004W,1,7.574397,0.9861351847648621,0.5594887137413025,0.0008013623300939798
YMR230W,YLR340W,1,7.5732093,0.9861591458320618,0.5604719519615173,0.0008013623300939798
YJL136C,YHR203C,1,7.5646415,0.9861830472946167,0.561455249786377,0.0008013623300939798
YDL083C,YMR143W,1,7.5627685,0.9862068891525269,0.5624385476112366,0.0008013623300939798
YBL092W,YER074W,1,7.557344,0.9862306118011475,0.5634218454360962,0.0008013623300939798
YOR063W,YPL090C,1,7.5516477,0.9862542748451233,0.564405083656311,0.0008013623300939798
YJR145C,YJR101W,1,7.5479264,0.9862778782844543,0.5653883814811707,0.0008013623300939798
YPL249C-A,YER131W,1,7.5423765,0.9863013625144958,0.5663716793060303,0.0008013623300939798
YLR009W,YIL133C,1,7.5346107,0.9863247871398926,0.5673549771308899,0.0008013623300939798
YHR141C,YLR029C,1,7.533927,0.9863481521606445,0.5683382749557495,0.0008013623300939798
YML009C,YFR032C-A,1,7.5306764,0.9863713979721069,0.5693215131759644,0.0008013623300939798
YKL087C,YGR234W,0,7.527853,0.9846938848495483,0.5693215131759644,0.0009015325922518969
YJL191W,YDL130W,1,7.5262966,0.9847198724746704,0.570304811000824,0.0009015325922518969
YNL122C,YKR085C,1,7.4968343,0.9847457408905029,0.5712881088256836,0.0009015325922518969
YDR447C,YOR167C,1,7.4951158,0.9847715497016907,0.5722714066505432,0.0009015325922518969
YLR048W,YGR220C,1,7.493146,0.9847972989082336,0.5732546448707581,0.0009015325922518969
YJL166W,YPL220W,0,7.48577,0.9831365942955017,0.5732546448707581,0.0010017028544098139
YOR167C,YGL076C,1,7.483486,0.9831649661064148,0.5742379426956177,0.0010017028544098139
YDR462W,YBL087C,1,7.480807,0.9831932783126831,0.5752212405204773,0.0010017028544098139
YNL002C,YLR029C,1,7.4499216,0.9832214713096619,0.5762045383453369,0.0010017028544098139
YGL030W,YGR034W,1,7.4389095,0.9832496047019958,0.5771878361701965,0.0010017028544098139
YLR325C,YDL184C,1,7.431591,0.9832776188850403,0.5781710743904114,0.0010017028544098139
YER050C,YJL096W,1,7.423121,0.9833055138587952,0.579154372215271,0.0010017028544098139
YJL189W,YIL133C,1,7.4129763,0.9833333492279053,0.5801376700401306,0.0010017028544098139
YDR012W,YKR094C,1,7.397403,0.9833610653877258,0.5811209678649902,0.0010017028544098139
YGL135W,YLR287C-A,1,7.393748,0.9833887219429016,0.5821042060852051,0.0010017028544098139
YMR142C,YPL249C-A,1,7.385608,0.9834162592887878,0.5830875039100647,0.0010017028544098139
YOL039W,YMR143W,1,7.3814435,0.9834437370300293,0.5840708017349243,0.0010017028544098139
YKL167C,YCR071C,1,7.3790264,0.9834710955619812,0.5850540995597839,0.0010017028544098139
YKL156W,YOL120C,1,7.370588,0.9834983348846436,0.5860373377799988,0.0010017028544098139
YDR041W,YHR147C,1,7.3655224,0.9835255146026611,0.5870206356048584,0.0010017028544098139
YDR064W,YML063W,1,7.3636913,0.9835526347160339,0.588003933429718,0.0010017028544098139
YJL191W,YDR382W,1,7.356971,0.9835796356201172,0.5889872312545776,0.0010017028544098139
YGL030W,YPL249C-A,1,7.350721,0.9836065769195557,0.5899705290794373,0.0010017028544098139
YIL133C,YJL003W,0,7.3281465,0.9819967150688171,0.5899705290794373,0.0011018732329830527
YKL167C,YGR220C,1,7.317955,0.9820261597633362,0.5909537672996521,0.0011018732329830527
YBR146W,YNL122C,1,7.317751,0.9820554852485657,0.5919370651245117,0.0011018732329830527
YML009C,YNL137C,1,7.313682,0.9820846915245056,0.5929203629493713,0.0011018732329830527
YOR158W,YMR024W,1,7.300783,0.9821138381958008,0.593903660774231,0.0011018732329830527
YFR031C-A,YBR048W,1,7.3007703,0.9821428656578064,0.5948868989944458,0.0011018732329830527
YGL147C,YGR034W,1,7.29869,0.9821717739105225,0.5958701968193054,0.0011018732329830527
YMR286W,YJR094W-A,1,7.2967296,0.9822006225585938,0.596853494644165,0.0011018732329830527
YKL006W,YFR032C-A,1,7.288837,0.9822294116020203,0.5978367924690247,0.0011018732329830527
YNR037C,YPL198W,1,7.276019,0.9822580814361572,0.5988200306892395,0.0011018732329830527
YMR193W,YNL002C,1,7.2738185,0.9822866320610046,0.5998033285140991,0.0011018732329830527
YGR118W,YNL005C,1,7.260127,0.9823151230812073,0.6007866263389587,0.0011018732329830527
YDR405W,YJL190C,1,7.2597413,0.9823434948921204,0.6017699241638184,0.0011018732329830527
YOR312C,YFL034C-A,1,7.2592893,0.9823718070983887,0.602753221988678,0.0011018732329830527
YOR182C,YPL173W,1,7.2553744,0.9824000000953674,0.6037364602088928,0.0011018732329830527
YHR021C,YOL127W,1,7.250551,0.9824281334877014,0.6047197580337524,0.0011018732329830527
YOL127W,YDL191W,1,7.2434835,0.9824561476707458,0.6057030558586121,0.0011018732329830527
YFR031C-A,YBL092W,1,7.2393637,0.9824841022491455,0.6066863536834717,0.0011018732329830527
YHL015W,YNL177C,1,7.239146,0.9825119376182556,0.6076695919036865,0.0011018732329830527
YPL090C,YDR511W,0,7.221472,0.9809523820877075,0.6076695919036865,0.0012020434951409698
YHR203C,YNL069C,1,7.221087,0.9809825420379639,0.6086528897285461,0.0012020434951409698
YER117W,YDR115W,1,7.2201843,0.9810126423835754,0.6096361875534058,0.0012020434951409698
YOL121C,YKL170W,1,7.2100744,0.9810426831245422,0.6106194853782654,0.0012020434951409698
YDL033C,YBR189W,0,7.166624,0.9794952869415283,0.6106194853782654,0.0013022137572988868
YPL198W,YMR143W,1,7.1636662,0.9795275330543518,0.6116027235984802,0.0013022137572988868
YFR049W,YNL302C,1,7.1534543,0.9795597195625305,0.6125860214233398,0.0013022137572988868
YMR121C,YDL061C,1,7.153199,0.9795918464660645,0.6135693192481995,0.0013022137572988868
YLR009W,YDR237W,1,7.1530867,0.9796238541603088,0.6145526170730591,0.0013022137572988868
YDR450W,YNL178W,1,7.140612,0.9796556830406189,0.6155359148979187,0.0013022137572988868
YMR194W,YDR064W,1,7.13748,0.979687511920929,0.6165191531181335,0.0013022137572988868
YDR450W,YBR251W,1,7.121726,0.9797191619873047,0.6175024509429932,0.0013022137572988868
YPR100W,YDR347W,1,7.1189675,0.9797507524490356,0.6184857487678528,0.0013022137572988868
YHL001W,YFL034C-A,1,7.1132903,0.9797822833061218,0.6194690465927124,0.0013022137572988868
YNL301C,YFR032C-A,1,7.1127195,0.9798136353492737,0.6204522848129272,0.0013022137572988868
YNL306W,YDR494W,1,7.112321,0.9798449873924255,0.6214355826377869,0.0013022137572988868
YOL040C,YFL034C-A,1,7.111325,0.9798761606216431,0.6224188804626465,0.0013022137572988868
YMR194W,YNL301C,1,7.105573,0.9799072742462158,0.6234021782875061,0.0013022137572988868
YPR166C,YBR031W,1,7.1026263,0.979938268661499,0.6243854761123657,0.0013022137572988868
YKR094C,YKL180W,1,7.1022787,0.9799692034721375,0.6253687143325806,0.0013022137572988868
YIL018W,YNL002C,1,7.0751295,0.9800000190734863,0.6263520121574402,0.0013022137572988868
YOR167C,YHL015W,1,7.0715876,0.9800307154655457,0.6273353099822998,0.0013022137572988868
YDR064W,YKR057W,1,7.060355,0.9800613522529602,0.6283186078071594,0.0013022137572988868
YPL198W,YNL177C,1,7.0601172,0.9800918698310852,0.6293018460273743,0.0013022137572988868
YLR287C-A,YNL067W,1,7.0504823,0.9801223278045654,0.6302851438522339,0.0013022137572988868
YMR194W,YJR101W,1,7.0417385,0.9801526665687561,0.6312684416770935,0.0013022137572988868
YOR158W,YGR165W,1,7.036772,0.980182945728302,0.6322517395019531,0.0013022137572988868
YPR041W,YDL082W,0,7.0337987,0.978691041469574,0.6322517395019531,0.0014023840194568038
YDL184C,YJR094W-A,1,7.029535,0.978723406791687,0.633234977722168,0.0014023840194568038
YER050C,YDL081C,1,7.026187,0.9787557125091553,0.6342182755470276,0.0014023840194568038
YLR439W,YLR185W,1,7.011058,0.978787899017334,0.6352015733718872,0.0014023840194568038
YPL113C,YIL148W,0,6.9992075,0.9773070812225342,0.6352015733718872,0.0015025543980300426
YMR193W,YDR500C,1,6.9951334,0.9773414134979248,0.6361848711967468,0.0015025543980300426
YPR043W,YLR264W,1,6.9938297,0.9773755669593811,0.6371681690216064,0.0015025543980300426
YBR191W,YOR167C,1,6.985322,0.9774096608161926,0.6381514072418213,0.0015025543980300426
YDR450W,YNL306W,1,6.9814067,0.9774436354637146,0.6391347050666809,0.0015025543980300426
YOL039W,YNL177C,1,6.9777155,0.977477490901947,0.6401180028915405,0.0015025543980300426
YER050C,YPL090C,1,6.9774823,0.9775112271308899,0.6411013007164001,0.0015025543980300426
YCR046C,YMR158W,1,6.9751873,0.977544903755188,0.642084538936615,0.0015025543980300426
YJL136C,YGR085C,1,6.9685187,0.9775784611701965,0.6430678367614746,0.0015025543980300426
YPL131W,YDR041W,1,6.950826,0.9776119589805603,0.6440511345863342,0.0015025543980300426
YKL170W,YDR494W,1,6.938104,0.9776452779769897,0.6450344324111938,0.0015025543980300426
YKL155C,YBL092W,1,6.9351206,0.9776785969734192,0.6460176706314087,0.0015025543980300426
YJL190C,YEL054C,1,6.9347935,0.9777117371559143,0.6470009684562683,0.0015025543980300426
YBR191W,YOR063W,1,6.9303393,0.9777448177337646,0.6479842662811279,0.0015025543980300426
YBR048W,YGL189C,1,6.9260283,0.9777777791023254,0.6489675641059875,0.0015025543980300426
YER102W,YDL184C,1,6.9253955,0.9778106212615967,0.6499508619308472,0.0015025543980300426
YDR322W,YJL190C,1,6.925254,0.9778434038162231,0.650934100151062,0.0015025543980300426
YJR113C,YNL002C,1,6.9214754,0.9778761267662048,0.6519173979759216,0.0015025543980300426
YLR367W,YPL249C-A,1,6.9145837,0.9779086709022522,0.6529006958007812,0.0015025543980300426
YHR010W,YDL202W,1,6.9128776,0.9779411554336548,0.6538839936256409,0.0015025543980300426
YPR043W,YDR064W,1,6.906121,0.9779735803604126,0.6548672318458557,0.0015025543980300426
YDL184C,YOR293W,1,6.89435,0.9780058860778809,0.6558505296707153,0.0015025543980300426
YNL284C,YGR245C,0,6.8892517,0.9765739440917969,0.6558505296707153,0.0016027246601879597
YGR118W,YDR405W,1,6.883662,0.9766082167625427,0.656833827495575,0.0016027246601879597
YEL054C,YFR049W,1,6.882121,0.9766423106193542,0.6578171253204346,0.0016027246601879597
YBR191W,YFR032C-A,1,6.8799553,0.9766764044761658,0.6588003635406494,0.0016027246601879597
YIL133C,YOL120C,1,6.87756,0.976710319519043,0.659783661365509,0.0016027246601879597
YDR116C,YCR071C,1,6.874198,0.9767441749572754,0.6607669591903687,0.0016027246601879597
YKR006C,YCR046C,1,6.8723145,0.9767779111862183,0.6617502570152283,0.0016027246601879597
YER050C,YLR344W,1,6.860858,0.9768115878105164,0.6627335548400879,0.0016027246601879597
YML063W,YDL184C,1,6.8597775,0.9768451452255249,0.6637167930603027,0.0016027246601879597
YJL136C,YPL090C,1,6.8588943,0.9768785834312439,0.6647000908851624,0.0016027246601879597
YPL249C-A,YEL054C,1,6.8535852,0.9769119620323181,0.665683388710022,0.0016027246601879597
YGR027C,YOL127W,1,6.8482714,0.9769452214241028,0.6666666865348816,0.0016027246601879597
YGL147C,YGR220C,1,6.847106,0.9769784212112427,0.6676499247550964,0.0016027246601879597
YGR084C,YGL076C,1,6.8399568,0.977011501789093,0.668633222579956,0.0016027246601879597
YLR075W,YBR048W,1,6.8118567,0.9770444631576538,0.6696165204048157,0.0016027246601879597
YDR041W,YDR500C,1,6.8060045,0.9770773649215698,0.6705998182296753,0.0016027246601879597
YMR024W,YIL018W,1,6.799409,0.9771101474761963,0.6715831160545349,0.0016027246601879597
YNR001C,YLR075W,0,6.797129,0.9757142663002014,0.6715831160545349,0.0017028949223458767
YNL301C,YNL005C,1,6.7919717,0.9757489562034607,0.6725663542747498,0.0017028949223458767
YDR418W,YFR032C-A,1,6.7887516,0.9757834672927856,0.6735496520996094,0.0017028949223458767
YHR203C,YDL133C-A,1,6.7778482,0.9758179187774658,0.674532949924469,0.0017028949223458767
YDR064W,YNL178W,1,6.7627077,0.9758522510528564,0.6755162477493286,0.0017028949223458767
YNR036C,YJL191W,1,6.75692,0.9758865237236023,0.6764994859695435,0.0017028949223458767
YEL050C,YMR158W,1,6.7347755,0.9759206771850586,0.6774827837944031,0.0017028949223458767
YJL189W,YCR031C,1,6.720804,0.9759547114372253,0.6784660816192627,0.0017028949223458767
YBR146W,YNL185C,1,6.7165403,0.9759886860847473,0.6794493794441223,0.0017028949223458767
YJL063C,YGR165W,1,6.711815,0.9760225415229797,0.6804326176643372,0.0017028949223458767
YHR147C,YDR115W,1,6.707706,0.9760563373565674,0.6814159154891968,0.0017028949223458767
YDL202W,YJR094W-A,1,6.7014956,0.9760900139808655,0.6823992133140564,0.0017028949223458767
YDR041W,YLR367W,1,6.691887,0.976123571395874,0.683382511138916,0.0017028949223458767
YPR166C,YLR075W,1,6.6900697,0.9761570692062378,0.6843658089637756,0.0017028949223458767
YGR215W,YBL087C,1,6.685561,0.976190447807312,0.6853490471839905,0.0017028949223458767
YBR282W,YDR101C,0,6.6841702,0.9748252034187317,0.6853490471839905,0.0018030651845037937
YDR447C,YPR166C,1,6.6759953,0.9748603105545044,0.6863323450088501,0.0018030651845037937
YDL184C,YDR025W,1,6.6733294,0.9748954176902771,0.6873156428337097,0.0018030651845037937
YLR441C,YDR012W,1,6.6714897,0.9749303460121155,0.6882989406585693,0.0018030651845037937
YBL027W,YIL148W,1,6.6678157,0.9749652147293091,0.6892821788787842,0.0018030651845037937
YDL045W-A,YBR048W,1,6.6650705,0.9750000238418579,0.6902654767036438,0.0018030651845037937
YDR041W,YDR115W,1,6.644389,0.9750346541404724,0.6912487745285034,0.0018030651845037937
YNL284C,YFR032C-A,1,6.6430445,0.9750692248344421,0.692232072353363,0.0018030651845037937
YNL177C,YDR500C,1,6.6422997,0.9751037359237671,0.6932153105735779,0.0018030651845037937
YLR075W,YKR085C,1,6.633596,0.9751381278038025,0.6941986083984375,0.0018030651845037937
YGL064C,YBR191W,0,6.6264706,0.973793089389801,0.6941986083984375,0.0019032354466617107
YLR325C,YEL054C,1,6.6200457,0.9738292098045349,0.6951819062232971,0.0019032354466617107
YGR215W,YLR333C,1,6.619403,0.9738652110099792,0.6961652040481567,0.0019032354466617107
YLR441C,YHL004W,1,6.615138,0.973901093006134,0.6971485018730164,0.0019032354466617107
YLR048W,YOL127W,1,6.6117296,0.973936915397644,0.6981317400932312,0.0019032354466617107
YLR388W,YDL202W,1,6.6052513,0.9739726185798645,0.6991150379180908,0.0019032354466617107
YDR322W,YLR167W,1,6.604439,0.9740082025527954,0.7000983357429504,0.0019032354466617107
YLR325C,YLR075W,1,6.602498,0.9740437269210815,0.7010816335678101,0.0019032354466617107
YDR041W,YML024W,1,6.590948,0.9740791320800781,0.7020648717880249,0.0019032354466617107
YMR286W,YDR237W,1,6.5671296,0.9741144180297852,0.7030481696128845,0.0019032354466617107
YMR188C,YHL004W,1,6.5576534,0.9741496443748474,0.7040314674377441,0.0019032354466617107
YLL009C,YDR300C,0,6.5467434,0.9728260636329651,0.7040314674377441,0.0020034057088196278
YOL023W,YLR312W-A,0,6.543769,0.9715061187744141,0.7040314674377441,0.002103575970977545
YGL123W,YLR325C,1,6.5347195,0.9715447425842285,0.7050147652626038,0.002103575970977545
YHR141C,YGR220C,1,6.5333114,0.9715832471847534,0.7059980630874634,0.002103575970977545
YGL103W,YFL034C-A,1,6.531039,0.9716216325759888,0.7069813013076782,0.002103575970977545
YLR048W,YKR057W,1,6.530425,0.9716598987579346,0.7079645991325378,0.002103575970977545
YGL103W,YGL030W,1,6.509442,0.9716981053352356,0.7089478969573975,0.002103575970977545
YER050C,YJL189W,1,6.499464,0.9717361927032471,0.7099311947822571,0.002103575970977545
YNL096C,YPL063W,0,6.4953337,0.9704301357269287,0.7099311947822571,0.0022037464659661055
YDR405W,YBR048W,1,6.475177,0.9704697728157043,0.7109144330024719,0.0022037464659661055
YML063W,YDR012W,1,6.4682736,0.97050940990448,0.7118977308273315,0.0022037464659661055
YPR132W,YGR034W,1,6.4522114,0.9705488681793213,0.7128810286521912,0.0022037464659661055
YDL130W,YLR344W,1,6.437472,0.970588207244873,0.7138643264770508,0.0022037464659661055
YPL249C-A,YLL045C,1,6.43676,0.97062748670578,0.7148475646972656,0.0022037464659661055
YHR203C,YLR367W,1,6.4242296,0.9706666469573975,0.7158308625221252,0.0022037464659661055
YHR203C,YLR439W,1,6.420566,0.9707057476043701,0.7168141603469849,0.0022037464659661055
YMR286W,YDR012W,1,6.420169,0.9707446694374084,0.7177974581718445,0.0022037464659661055
YMR142C,YMR230W,1,6.4095154,0.970783531665802,0.7187807559967041,0.0022037464659661055
YER074W,YLL045C,1,6.387767,0.970822274684906,0.719763994216919,0.0022037464659661055
YHR203C,YMR230W,1,6.379386,0.9708608984947205,0.7207472920417786,0.0022037464659661055
YLR193C,YOR369C,0,6.367605,0.9695767164230347,0.7207472920417786,0.0023039167281240225
YDR041W,YNL177C,1,6.360841,0.9696168899536133,0.7217305898666382,0.0023039167281240225
YLR029C,YDL046W,0,6.3587365,0.9683377146720886,0.7217305898666382,0.0024040869902819395
YHL033C,YDL133C-A,1,6.35341,0.9683794379234314,0.7227138876914978,0.0024040869902819395
YMR230W,YPL081W,1,6.338413,0.9684210419654846,0.7236971259117126,0.0024040869902819395
YPR166C,YHR052W,1,6.3294487,0.9684625267982483,0.7246804237365723,0.0024040869902819395
YDR450W,YOR158W,1,6.3239202,0.9685039520263672,0.7256637215614319,0.0024040869902819395
YDL083C,YPL090C,1,6.3234334,0.9685451984405518,0.7266470193862915,0.0024040869902819395
YGR215W,YDR012W,1,6.321252,0.9685863852500916,0.7276302576065063,0.0024040869902819395
YNL096C,YFR032C-A,1,6.3163433,0.9686274528503418,0.728613555431366,0.0024040869902819395
YKL167C,YNL185C,1,6.299228,0.9686684012413025,0.7295968532562256,0.0024040869902819395
YPR080W,YGL031C,1,6.2906895,0.9687092304229736,0.7305801510810852,0.0024040869902819395
YMR286W,YNL002C,1,6.285074,0.96875,0.7315634489059448,0.0024040869902819395
YGL068W,YPR080W,1,6.267744,0.9687906503677368,0.7325466871261597,0.0024040869902819395
YER102W,YFL034C-A,1,6.2675457,0.9688311815261841,0.7335299849510193,0.0024040869902819395
YJL096W,YML082W,0,6.256429,0.9675745964050293,0.7335299849510193,0.0025042572524398565
YGR215W,YPR132W,1,6.255679,0.9676165580749512,0.7345132827758789,0.0025042572524398565
YDL083C,YLR259C,0,6.238848,0.9663648009300232,0.7345132827758789,0.0026044275145977736
YER050C,YNL302C,1,6.238241,0.9664082527160645,0.7354965806007385,0.0026044275145977736
YJR113C,YMR193W,1,6.235386,0.9664515852928162,0.7364798188209534,0.0026044275145977736
YJL096W,YFR032C-A,1,6.228121,0.9664948582649231,0.737463116645813,0.0026044275145977736
YNL122C,YMR158W,1,6.22273,0.9665379524230957,0.7384464144706726,0.0026044275145977736
YMR142C,YLR287C-A,1,6.2224407,0.9665809869766235,0.7394297122955322,0.0026044275145977736
YPR080W,YDR025W,1,6.21516,0.9666239023208618,0.7404129505157471,0.0026044275145977736
YOR310C,YOR045W,0,6.212,0.9653846025466919,0.7404129505157471,0.0027045977767556906
YML009C,YMR286W,1,6.211394,0.9654289484024048,0.7413962483406067,0.0027045977767556906
YNR022C,YMR193W,1,6.182813,0.9654731750488281,0.7423795461654663,0.0027045977767556906
YBR146W,YJL063C,1,6.1799927,0.9655172228813171,0.7433628439903259,0.0027045977767556906
YLR388W,YBL038W,1,6.1710787,0.9655612111091614,0.7443461418151855,0.0027045977767556906
YDR041W,YPL183W-A,1,6.160611,0.9656050801277161,0.7453293800354004,0.0027045977767556906
YGL068W,YKR085C,1,6.1542597,0.9656488299369812,0.74631267786026,0.0027045977767556906
YNL306W,YJL063C,1,6.14679,0.9656925201416016,0.7472959756851196,0.0027045977767556906
YKR006C,YGR145W,0,6.1464252,0.9644669890403748,0.7472959756851196,0.0028047680389136076
YMR188C,YNR037C,1,6.1435323,0.964512050151825,0.7482792735099792,0.0028047680389136076
YBR251W,YNL252C,1,6.127858,0.9645569324493408,0.7492625117301941,0.0028047680389136076
YMR142C,YBL092W,1,6.1226263,0.9646017551422119,0.7502458095550537,0.0028047680389136076
YPL090C,YDR500C,1,6.114786,0.9646464586257935,0.7512291073799133,0.0028047680389136076
YNL306W,YLR312W-A,1,6.101617,0.9646910429000854,0.752212405204773,0.0028047680389136076
YMR188C,YKL003C,1,6.0922995,0.9647355079650879,0.7531957030296326,0.0028047680389136076
YMR121C,YLR340W,1,6.0889425,0.9647798538208008,0.7541789412498474,0.0028047680389136076
YLR367W,YFL034C-A,1,6.07261,0.9648241400718689,0.755162239074707,0.0028047680389136076
YLR029C,YNL178W,1,6.059046,0.9648682475090027,0.7561455368995667,0.0028047680389136076
YPL215W,YML073C,0,6.049181,0.9636591672897339,0.7561455368995667,0.0029049383010715246
YNL067W,YNL005C,1,6.045294,0.9637046456336975,0.7571288347244263,0.0029049383010715246
YBR146W,YDR175C,1,6.0359087,0.9637500047683716,0.7581120729446411,0.0029049383010715246
YNL002C,YGR034W,1,6.027375,0.9637952446937561,0.7590953707695007,0.0029049383010715246
YLR388W,YKL180W,1,6.020878,0.9638404250144958,0.7600786685943604,0.0029049383010715246
YPL079W,YGL189C,1,6.0053873,0.9638854265213013,0.76106196641922,0.0029049383010715246
YBR048W,YDL191W,1,5.9990273,0.9639303684234619,0.7620452046394348,0.0029049383010715246
YLR009W,YER117W,1,5.9642515,0.9639751315116882,0.7630285024642944,0.0029049383010715246
YIL069C,YLR333C,1,5.9604387,0.9640198349952698,0.764011800289154,0.0029049383010715246
YNL301C,YOR206W,0,5.934057,0.9628252983093262,0.764011800289154,0.0030051087960600853
YGR215W,YBR282W,1,5.9314175,0.9628713130950928,0.7649950981140137,0.0030051087960600853
YDR012W,YCR071C,1,5.921914,0.9629172086715698,0.7659783959388733,0.0030051087960600853
YLR075W,YDR462W,1,5.9215603,0.9629629850387573,0.7669616341590881,0.0030051087960600853
YML009C,YJL063C,1,5.9139376,0.9630086421966553,0.7679449319839478,0.0030051087960600853
YLR325C,YNL302C,1,5.912735,0.9630541801452637,0.7689282298088074,0.0030051087960600853
YKL156W,YOL127W,1,5.9044075,0.9630996584892273,0.769911527633667,0.0030051087960600853
YOR150W,YLR287C-A,1,5.90154,0.9631449580192566,0.7708947658538818,0.0030051087960600853
YPR080W,YOL120C,1,5.8860817,0.9631901979446411,0.7718780636787415,0.0030051087960600853
YDL184C,YLR185W,1,5.8832216,0.9632353186607361,0.7728613615036011,0.0030051087960600853
YGL135W,YEL012W,0,5.8814564,0.9620562791824341,0.7728613615036011,0.0031052790582180023
YPR080W,YLR333C,1,5.8686857,0.9621027112007141,0.7738446593284607,0.0031052790582180023
YMR194W,YNR022C,1,5.856595,0.9621489644050598,0.7748278975486755,0.0031052790582180023
YPL090C,YFL034C-A,1,5.850574,0.962195098400116,0.7758111953735352,0.0031052790582180023
YLR009W,YOR182C,1,5.8473344,0.9622411727905273,0.7767944931983948,0.0031052790582180023
YGL123W,YAL025C,0,5.842658,0.9610705375671387,0.7767944931983948,0.0032054493203759193
YNL284C,YIL069C,1,5.836426,0.9611178636550903,0.7777777910232544,0.0032054493203759193
YML009C,YLR406C,1,5.81924,0.9611650705337524,0.778761088848114,0.0032054493203759193
YFR049W,YGL189C,1,5.8138533,0.9612120985984802,0.7797443270683289,0.0032054493203759193
YLR183C,YML024W,1,5.813614,0.9612590670585632,0.7807276248931885,0.0032054493203759193
YDR175C,YBR122C,1,5.803118,0.9613059163093567,0.7817109227180481,0.0032054493203759193
YOR167C,YOR293W,1,5.7817917,0.9613526463508606,0.7826942205429077,0.0032054493203759193
YJL189W,YDR405W,1,5.7779393,0.961399257183075,0.7836774587631226,0.0032054493203759193
YLR009W,YHR141C,1,5.773752,0.9614458084106445,0.7846607565879822,0.0032054493203759193
YOR096W,YMR110C,0,5.7736664,0.9602888226509094,0.7846607565879822,0.0033056195825338364
YGR215W,YPL198W,1,5.7639575,0.9603365659713745,0.7856440544128418,0.0033056195825338364
YPR043W,YNR022C,1,5.763093,0.9603841304779053,0.7866273522377014,0.0033056195825338364
YJR113C,YJR123W,1,5.760438,0.9604316353797913,0.7876105904579163,0.0033056195825338364
YLR287C-A,YDR418W,1,5.75305,0.9604790210723877,0.7885938882827759,0.0033056195825338364
YBR251W,YCR046C,1,5.7249146,0.9605262875556946,0.7895771861076355,0.0033056195825338364
YNL002C,YBR048W,1,5.7179556,0.9605734944343567,0.7905604839324951,0.0033056195825338364
YJL136C,YDR471W,1,5.707856,0.9606205224990845,0.7915437817573547,0.0033056195825338364
YDR175C,YBL038W,1,5.701419,0.9606674909591675,0.7925270199775696,0.0033056195825338364
YGL147C,YER050C,1,5.683319,0.9607142806053162,0.7935103178024292,0.0033056195825338364
YBR146W,YBL038W,1,5.671605,0.9607610106468201,0.7944936156272888,0.0033056195825338364
YDR347W,YHR089C,0,5.668362,0.95961993932724,0.7944936156272888,0.0034057898446917534
YBR251W,YLR312W-A,1,5.6539974,0.9596678614616394,0.7954769134521484,0.0034057898446917534
YPR080W,YMR193W,1,5.6472287,0.9597156643867493,0.7964601516723633,0.0034057898446917534
YJL046W,YDL208W,0,5.640546,0.9585798978805542,0.7964601516723633,0.0035059601068496704
YMR188C,YDL136W,1,5.6321073,0.9586288332939148,0.7974434494972229,0.0035059601068496704
YKL087C,YNL306W,0,5.6071362,0.9574970602989197,0.7974434494972229,0.0036061303690075874
YOR150W,YHR203C,1,5.6040306,0.9575471878051758,0.7984267473220825,0.0036061303690075874
YOR167C,YPL183W-A,1,5.6001587,0.9575971961021423,0.7994100451469421,0.0036061303690075874
YOR182C,YDR405W,1,5.5805674,0.9576470851898193,0.8003933429718018,0.0036061303690075874
YBR268W,YHL004W,1,5.5664682,0.9576968550682068,0.8013765811920166,0.0036061303690075874
YOR243C,YGR118W,0,5.5650434,0.9565727710723877,0.8013765811920166,0.0037063006311655045
YDL045W-A,YML063W,1,5.5577054,0.9566236734390259,0.8023598790168762,0.0037063006311655045
YGR084C,YCR071C,1,5.5439253,0.9566744565963745,0.8033431768417358,0.0037063006311655045
YHR052W,YDR382W,1,5.5344877,0.9567251205444336,0.8043264746665955,0.0037063006311655045
YMR225C,YDL061C,1,5.530301,0.9567757248878479,0.8053097128868103,0.0037063006311655045
YDR450W,YGR165W,1,5.4982824,0.9568261504173279,0.8062930107116699,0.0037063006311655045
YAL025C,YGR034W,0,5.4979734,0.9557109475135803,0.8062930107116699,0.0038064708933234215
YMR229C,YOR234C,1,5.4926977,0.955762505531311,0.8072763085365295,0.0038064708933234215
YMR225C,YGR034W,1,5.480051,0.9558139443397522,0.8082596063613892,0.0038064708933234215
YPR132W,YDR397C,0,5.4794827,0.9547038078308105,0.8082596063613892,0.0039066411554813385
YPR043W,YDR454C,0,5.4703484,0.953596293926239,0.8082596063613892,0.0040068114176392555
YDL184C,YNL005C,1,5.4582567,0.9536500573158264,0.809242844581604,0.0040068114176392555
YNL122C,YKL156W,1,5.456497,0.9537037014961243,0.8102261424064636,0.0040068114176392555
YPL220W,YPL183W-A,1,5.454611,0.9537572264671326,0.8112094402313232,0.0040068114176392555
YLR061W,YOR142W,0,5.4422083,0.9526559114456177,0.8112094402313232,0.0041069816797971725
YKR059W,YGR103W,0,5.4388733,0.9515570998191833,0.8112094402313232,0.00420715194195509
YER102W,YNL177C,1,5.430884,0.9516128897666931,0.8121927380561829,0.00420715194195509
YNL185C,YKL003C,1,5.4275007,0.9516685605049133,0.8131760358810425,0.00420715194195509
YLR367W,YBL038W,1,5.40143,0.951724112033844,0.8141592741012573,0.00420715194195509
YGL040C,YHR138C,0,5.3968363,0.9506314396858215,0.8141592741012573,0.004307322669774294
YIL018W,YNL137C,1,5.3893156,0.9506880640983582,0.8151425719261169,0.004307322669774294
YEL054C,YPL146C,0,5.378856,0.9495990872383118,0.8151425719261169,0.004407492931932211
YMR229C,YJR145C,1,5.3763046,0.9496567249298096,0.8161258697509766,0.004407492931932211
YPR100W,YLR287C-A,1,5.3755755,0.9497143030166626,0.8171091675758362,0.004407492931932211
YKR006C,YIL069C,1,5.349803,0.9497717022895813,0.818092405796051,0.004407492931932211
YBR181C,YDL184C,1,5.334371,0.9498289823532104,0.8190757036209106,0.004407492931932211
YMR233W,YAL003W,0,5.326961,0.9487471580505371,0.8190757036209106,0.004507663194090128
YMR142C,YHR052W,1,5.313566,0.9488054513931274,0.8200590014457703,0.004507663194090128
YPR060C,YCL059C,0,5.308852,0.9477272629737854,0.8200590014457703,0.004607833456248045
YJR101W,YJR094W-A,1,5.2994413,0.9477866291999817,0.8210422992706299,0.004607833456248045
YPL183W-A,YDR237W,1,5.2940993,0.9478458166122437,0.8220255374908447,0.004607833456248045
YER117W,YKR060W,1,5.29091,0.9479048848152161,0.8230088353157043,0.004607833456248045
YCR016W,YNL137C,0,5.2904253,0.9468325972557068,0.8230088353157043,0.004708003718405962
YML073C,YAR007C,0,5.2893705,0.9457626938819885,0.8230088353157043,0.004808173980563879
YGR118W,YJL003W,0,5.2840395,0.944695234298706,0.8230088353157043,0.004908344242721796
YBR122C,YPL013C,1,5.2816286,0.9447575807571411,0.823992133140564,0.004908344242721796
YLL001W,YGR264C,0,5.2661405,0.9436936974525452,0.823992133140564,0.005008514504879713
YHR052W,YPR132W,1,5.252383,0.9437570571899414,0.8249754309654236,0.005008514504879713
YOR369C,YDL184C,1,5.252076,0.9438202381134033,0.8259587287902832,0.005008514504879713
YLR406C,YDR337W,1,5.2468853,0.9438832998275757,0.826941967010498,0.005008514504879713
YOR168W,YLR448W,0,5.2387486,0.9428251385688782,0.826941967010498,0.00510868476703763
YGR214W,YDL184C,1,5.2337127,0.9428891539573669,0.8279252648353577,0.00510868476703763
YBL087C,YNL274C,0,5.2334356,0.9418344497680664,0.8279252648353577,0.005208855029195547
YKR060W,YOL039W,1,5.2188606,0.9418994188308716,0.8289085626602173,0.005208855029195547
YHR141C,YNL002C,1,5.2155724,0.9419642686843872,0.8298918604850769,0.005208855029195547
YLR185W,YCL018W,0,5.2107763,0.9409141540527344,0.8298918604850769,0.005309025291353464
YLR150W,YJL124C,0,5.1967683,0.9398663640022278,0.8298918604850769,0.005409195553511381
YMR229C,YNL122C,1,5.191347,0.9399332404136658,0.8308750987052917,0.005409195553511381
YLR090W,YOR182C,0,5.1397333,0.9388889074325562,0.8308750987052917,0.005509365815669298
YMR194W,YDR337W,1,5.139249,0.9389567375183105,0.8318583965301514,0.005509365815669298
YER102W,YFR032C-A,1,5.139072,0.9390243887901306,0.832841694355011,0.005509365815669298
YPL118W,YBR251W,1,5.135232,0.9390919208526611,0.8338249921798706,0.005509365815669298
YOL121C,YDR041W,1,5.1261864,0.9391592741012573,0.8348082304000854,0.005509365815669298
YBL080C,YGL189C,0,5.123699,0.9381215572357178,0.8348082304000854,0.005609536077827215
YDR116C,YML100W,0,5.123318,0.9370861053466797,0.8348082304000854,0.005709706339985132
YDR450W,YLR439W,1,5.1203833,0.9371554851531982,0.8357915282249451,0.005709706339985132
YBR146W,YDR462W,1,5.117636,0.9372246861457825,0.8367748260498047,0.005709706339985132
YLR183C,YOL039W,1,5.1154537,0.9372937083244324,0.8377581238746643,0.005709706339985132
YKL155C,YGL189C,1,5.1065874,0.9373626112937927,0.8387414216995239,0.005709706339985132
YDR237W,YGR220C,1,5.096452,0.9374313950538635,0.8397246599197388,0.005709706339985132
YGL111W,YLR075W,0,5.085311,0.9364035129547119,0.8397246599197388,0.005809876602143049
YER102W,YGL105W,0,5.0759177,0.9353778958320618,0.8397246599197388,0.005910046864300966
YMR143W,YFR032C-A,1,5.0567245,0.9354485869407654,0.8407079577445984,0.005910046864300966
YBL080C,YJL109C,0,5.0334454,0.9344262480735779,0.8407079577445984,0.006010217592120171
YDR405W,YBR251W,1,5.027633,0.9344978332519531,0.841691255569458,0.006010217592120171
YGR215W,YOR182C,1,5.005537,0.934569239616394,0.8426745533943176,0.006010217592120171
YJL191W,YJR101W,1,5.005476,0.9346405267715454,0.8436577916145325,0.006010217592120171
YBL038W,YNL177C,1,5.0050955,0.9347116351127625,0.8446410894393921,0.006010217592120171
YNL177C,YDL133C-A,1,5.0047083,0.9347826242446899,0.8456243872642517,0.006010217592120171
YJL180C,YGR082W,0,4.993894,0.9337676167488098,0.8456243872642517,0.006110387854278088
YGL129C,YBR268W,1,4.9842257,0.9338394999504089,0.8466076850891113,0.006110387854278088
YER050C,YNL185C,1,4.963803,0.933911144733429,0.847590982913971,0.006110387854278088
YLR183C,YBL027W,1,4.949089,0.9339826703071594,0.8485742211341858,0.006110387854278088
YML009C,YGR220C,1,4.9415107,0.9340540766716003,0.8495575189590454,0.006110387854278088
YJL136C,YER148W,0,4.937643,0.9330453276634216,0.8495575189590454,0.006210558116436005
YOR158W,YGR145W,0,4.936261,0.9320388436317444,0.8495575189590454,0.006310728378593922
YER117W,YNL005C,1,4.934861,0.9321120977401733,0.850540816783905,0.006310728378593922
YJR123W,YGR193C,0,4.9289236,0.9311087131500244,0.850540816783905,0.006410898640751839
YLR183C,YLR264W,1,4.924758,0.9311828017234802,0.8515241146087646,0.006410898640751839
YDR347W,YNL005C,1,4.923538,0.9312567114830017,0.8525073528289795,0.006410898640751839
YLR367W,YFR049W,1,4.92257,0.9313304424285889,0.8534906506538391,0.006410898640751839
YDR405W,YLR325C,1,4.922515,0.9314040541648865,0.8544739484786987,0.006410898640751839
YKL156W,YMR203W,0,4.9069076,0.9304068684577942,0.8544739484786987,0.006511068902909756
YPR100W,YGL068W,1,4.902113,0.9304812550544739,0.8554572463035583,0.006511068902909756
YKR060W,YNL137C,1,4.88947,0.9305555820465088,0.8564404845237732,0.006511068902909756
YLL045C,YCR072C,0,4.881922,0.9295624494552612,0.8564404845237732,0.006611239165067673
YJL136C,YLR048W,1,4.8813434,0.9296375513076782,0.8574237823486328,0.006611239165067673
YLR406C,YER131W,1,4.8580017,0.9297124743461609,0.8584070801734924,0.006611239165067673
YPL173W,YDR025W,1,4.8458147,0.9297872185707092,0.859390377998352,0.006611239165067673
YDR347W,YPL173W,1,4.833596,0.929861843585968,0.8603736758232117,0.006611239165067673
YFR014C,YJL190C,0,4.817878,0.9288747310638428,0.8603736758232117,0.00671140942722559
YNL081C,YDL133C-A,1,4.817567,0.9289501309394836,0.8613569140434265,0.00671140942722559
YPL097W,YKL170W,0,4.8165083,0.9279661178588867,0.8613569140434265,0.006811579689383507
YMR158W,YER087W,0,4.8081408,0.9269841313362122,0.8613569140434265,0.006911749951541424
YDR116C,YNL185C,1,4.794935,0.9270613193511963,0.8623402118682861,0.006911749951541424
YLR382C,YLR075W,0,4.7800355,0.9260823726654053,0.8623402118682861,0.007011920213699341
YBR146W,YDR025W,1,4.776307,0.9261603355407715,0.8633235096931458,0.007011920213699341
YDR347W,YNL185C,1,4.7707586,0.9262381196022034,0.8643068075180054,0.007011920213699341
YPL104W,YNL112W,0,4.760131,0.9252631664276123,0.8643068075180054,0.007112090475857258
YKR060W,YNL069C,1,4.759467,0.9253417253494263,0.8652900457382202,0.007112090475857258
YHL004W,YFR032C-A,1,4.7343993,0.9254201650619507,0.8662733435630798,0.007112090475857258
YMR233W,YLL045C,0,4.7302094,0.92444908618927,0.8662733435630798,0.007212260738015175
YGR084C,YGL189C,1,4.707894,0.9245283007621765,0.8672566413879395,0.007212260738015175
YNL302C,YAL035W,0,4.7010064,0.9235602021217346,0.8672566413879395,0.007312431000173092
YHL004W,YLR175W,0,4.6921196,0.9225941300392151,0.8672566413879395,0.007412601262331009
YDR450W,YNL002C,1,4.6903563,0.9226750135421753,0.8682399392127991,0.007412601262331009
YLR009W,YOR063W,1,4.687651,0.9227557182312012,0.8692231774330139,0.007412601262331009
YLR287C-A,YDR382W,1,4.680869,0.9228363037109375,0.8702064752578735,0.007412601262331009
YER050C,YHR147C,1,4.679679,0.9229166507720947,0.8711897730827332,0.007412601262331009
YDR347W,YHL004W,1,4.6762667,0.9229968786239624,0.8721730709075928,0.007412601262331009
YBR268W,YNL002C,1,4.6670723,0.9230769276618958,0.8731563687324524,0.007412601262331009
YOR150W,YBR268W,1,4.6637306,0.9231567978858948,0.8741396069526672,0.007412601262331009
YNL301C,YPL183W-A,1,4.6580315,0.9232364892959595,0.8751229047775269,0.007412601262331009
YPR100W,YPR080W,1,4.6467857,0.9233160614967346,0.8761062026023865,0.007412601262331009
YCR071C,YBR084C-A,1,4.629816,0.9233954548835754,0.8770895004272461,0.007412601262331009
YGL135W,YNL252C,1,4.622887,0.9234746694564819,0.8780727386474609,0.007412601262331009
YMR286W,YKL170W,1,4.5997496,0.9235537052154541,0.8790560364723206,0.007412601262331009
YDR462W,YBR122C,1,4.5983644,0.9236326217651367,0.8800393342971802,0.007412601262331009
YDR041W,YIL018W,1,4.597295,0.923711359500885,0.8810226321220398,0.007412601262331009
YDL060W,YLR340W,1,4.5972576,0.923789918422699,0.8820058703422546,0.007412601262331009
YDR471W,YDL133C-A,1,4.5969524,0.9238682985305786,0.8829891681671143,0.007412601262331009
YPL090C,YNL132W,0,4.5944347,0.9229187965393066,0.8829891681671143,0.007512771524488926
YDR441C,YKL003C,0,4.5788603,0.9219712615013123,0.8829891681671143,0.007612941786646843
YLR367W,YMR166C,0,4.5591974,0.9210256338119507,0.8829891681671143,0.007713112514466047
YLL011W,YML091C,0,4.5373483,0.9200819730758667,0.8829891681671143,0.007813282310962677
YPR080W,YLR264W,1,4.522302,0.9201637506484985,0.8839724659919739,0.007813282310962677
YOR310C,YMR235C,0,4.506158,0.919222891330719,0.8839724659919739,0.007913452573120594
YDR231C,YOR182C,0,4.495926,0.9182839393615723,0.8839724659919739,0.008013622835278511
YIL069C,YKL003C,1,4.495789,0.918367326259613,0.8849557638168335,0.008013622835278511
YDR405W,YBR031W,1,4.474516,0.9184505343437195,0.8859390616416931,0.008013622835278511
YDR292C,YPL131W,0,4.4714975,0.9175152778625488,0.8859390616416931,0.008113793097436428
YFL036W,YGR214W,0,4.4712873,0.9165818691253662,0.8859390616416931,0.008213963359594345
YGL040C,YPL146C,0,4.4516735,0.9156504273414612,0.8859390616416931,0.008314133621752262
YCR046C,YPL013C,1,4.442826,0.9157360196113586,0.886922299861908,0.008314133621752262
YMR143W,YLL045C,1,4.438659,0.9158214926719666,0.8879055976867676,0.008314133621752262
YER044C,YDL081C,0,4.4339905,0.914893627166748,0.8879055976867676,0.00841430388391018
YJR113C,YNR036C,1,4.4143877,0.9149797558784485,0.8888888955116272,0.00841430388391018
YBR191W,YDL060W,1,4.397343,0.9150657057762146,0.8898721933364868,0.00841430388391018
YOL124C,YIL052C,0,4.384638,0.9141414165496826,0.8898721933364868,0.008514474146068096
YLR183C,YJL136C,1,4.37993,0.914228081703186,0.8908554315567017,0.008514474146068096
YBL024W,YDR023W,0,4.37144,0.913306474685669,0.8908554315567017,0.008614645339548588
YJR123W,YMR269W,0,4.35259,0.9123867154121399,0.8908554315567017,0.008714815601706505
YFR031C-A,YLR432W,0,4.3454685,0.9114688038825989,0.8908554315567017,0.008814985863864422
YBR191W,YML054C,0,4.339864,0.9105527400970459,0.8908554315567017,0.008915156126022339
YAL003W,YGR245C,0,4.334117,0.9096385836601257,0.8908554315567017,0.009015326388180256
YLR009W,YNL096C,1,4.3002205,0.9097291827201843,0.8918387293815613,0.009015326388180256
YML060W,YMR143W,0,4.2929325,0.9088176488876343,0.8918387293815613,0.009115496650338173
YLR287C-A,YDR116C,1,4.292486,0.9089089035987854,0.8928220272064209,0.009115496650338173
YHR005C-A,YCR057C,0,4.283948,0.9079999923706055,0.8928220272064209,0.00921566691249609
YDR447C,YMR229C,1,4.283472,0.9080919027328491,0.8938053250312805,0.00921566691249609
YNL248C,YGL040C,0,4.273491,0.9071856141090393,0.8938053250312805,0.009315837174654007
YPR060C,YDL078C,0,4.263396,0.9062811732292175,0.8938053250312805,0.009416007436811924
YHL004W,YDR462W,1,4.2320294,0.9063745141029358,0.8947886228561401,0.009416007436811924
YJR121W,YBL092W,0,4.217457,0.9054726362228394,0.8947886228561401,0.009516177698969841
YBR146W,YLR287C-A,1,4.204954,0.9055665731430054,0.895771861076355,0.009516177698969841
YHR203C,YDR462W,1,4.1911955,0.9056603908538818,0.8967551589012146,0.009516177698969841
YFR033C,YIL148W,0,4.180732,0.9047619104385376,0.8967551589012146,0.009616347961127758
YOR337W,YGR244C,0,4.1459913,0.9038652181625366,0.8967551589012146,0.009716518223285675
YBR146W,YCR046C,1,4.145961,0.9039604067802429,0.8977384567260742,0.009716518223285675
YPL203W,YLR325C,0,4.1417284,0.9030662775039673,0.8977384567260742,0.009816688485443592
YMR229C,YGR034W,1,4.1291466,0.9031620621681213,0.8987217545509338,0.009816688485443592
YJR145C,YOR271C,0,4.120762,0.902270495891571,0.8987217545509338,0.009916858747601509
YPL262W,YGR085C,0,4.1171975,0.9013806581497192,0.8987217545509338,0.010017029009759426
YBR251W,YPL160W,0,4.1152334,0.9004926085472107,0.8987217545509338,0.010117199271917343
YGR006W,YOL086C,0,4.0662785,0.8996062874794006,0.8987217545509338,0.01021736953407526
YKL087C,YOR215C,0,4.0485525,0.8987217545509338,0.8987217545509338,0.010317539796233177
YIL018W,YDR347W,1,4.0459695,0.898821234703064,0.8997049927711487,0.010317539796233177
YPL196W,YIL145C,0,4.0409813,0.897939145565033,0.8997049927711487,0.010417710058391094
YNL178W,YDR087C,0,4.0408335,0.8970588445663452,0.8997049927711487,0.010517880320549011
YDR405W,YML024W,1,4.0313416,0.8971596360206604,0.9006882905960083,0.010517880320549011
YNL015W,YGR082W,0,4.0244107,0.8962817788124084,0.9006882905960083,0.010618050582706928
YBR048W,YDR399W,0,3.9935806,0.895405650138855,0.9006882905960083,0.010718220844864845
YGR103W,YDR511W,0,3.990143,0.89453125,0.9006882905960083,0.010818391107022762
YMR089C,YHR052W,0,3.9743307,0.8936585187911987,0.9006882905960083,0.01091856136918068
YLR164W,YOR047C,0,3.9630811,0.892787516117096,0.9006882905960083,0.011018731631338596
YLR388W,YKR094C,1,3.9501026,0.8928919434547424,0.9016715884208679,0.011018731631338596
YBR214W,YEL054C,0,3.9460328,0.8920233249664307,0.9016715884208679,0.011118901893496513
YBR283C,YDR454C,0,3.9452293,0.8911564350128174,0.9016715884208679,0.01121907215565443
YNL301C,YLR029C,1,3.9447548,0.8912621140480042,0.9026548862457275,0.01121907215565443
YGR101W,YDL121C,0,3.9305112,0.8903976678848267,0.9026548862457275,0.011319242417812347
YHR203C,YNL002C,1,3.9191382,0.8905038833618164,0.9036381244659424,0.011319242417812347
YBR072W,YLR441C,0,3.9059927,0.8896418213844299,0.9036381244659424,0.011419412679970264
YEL020W-A,YMR286W,0,3.8979027,0.8887814283370972,0.9036381244659424,0.011519582942128181
YPR166C,YKL003C,1,3.897154,0.8888888955116272,0.904621422290802,0.011519582942128181
YCR016W,YMR143W,0,3.8912904,0.8880308866500854,0.904621422290802,0.011619753204286098
YDR361C,YHR011W,0,3.8847754,0.8871745467185974,0.904621422290802,0.011719923466444016
YHL001W,YPL183W-A,1,3.8734286,0.8872832655906677,0.9056047201156616,0.011719923466444016
YKL144C,YGR185C,0,3.8673856,0.8864292502403259,0.9056047201156616,0.011820093728601933
YCR047C,YNL137C,0,3.8604338,0.8855769038200378,0.9056047201156616,0.01192026399075985
YMR100W,YPL274W,0,3.8559158,0.8847262263298035,0.9056047201156616,0.012020435184240341
YCR087C-A,YLR448W,0,3.8527706,0.883877158164978,0.9056047201156616,0.012120605446398258
YGL115W,YLR223C,0,3.8512022,0.8830296993255615,0.9056047201156616,0.012220775708556175
YBR282W,YDL133C-A,1,3.8468912,0.8831417560577393,0.9065880179405212,0.012220775708556175
YNL301C,YNL123W,0,3.837784,0.882296621799469,0.9065880179405212,0.012320945970714092
YGL107C,YOR168W,0,3.8053296,0.8814531564712524,0.9065880179405212,0.01242111623287201
YGL135W,YJR045C,0,3.801848,0.8806112408638,0.9065880179405212,0.012521286495029926
YHR141C,YFR049W,1,3.7956946,0.8807252049446106,0.9075713157653809,0.012521286495029926
YLR009W,YOL127W,1,3.7853806,0.8808388710021973,0.9085545539855957,0.012521286495029926
YGL129C,YNL284C,1,3.7709196,0.8809523582458496,0.9095378518104553,0.012521286495029926
YLR439W,YLR413W,0,3.7667918,0.8801141977310181,0.9095378518104553,0.012621456757187843
YJL187C,YLR325C,0,3.7660568,0.8792775869369507,0.9095378518104553,0.01272162701934576
YKL155C,YGR220C,1,3.7645128,0.8793922066688538,0.9105211496353149,0.01272162701934576
YNL137C,YDR115W,1,3.75888,0.8795066475868225,0.9115044474601746,0.01272162701934576
YKR049C,YNL284C,0,3.7587817,0.8786729574203491,0.9115044474601746,0.012821797281503677
YOR074C,YEL020W-A,0,3.7481325,0.8778409361839294,0.9115044474601746,0.012921967543661594
YOR294W,YKR094C,0,3.7436388,0.8770104050636292,0.9115044474601746,0.013022137805819511
YNR021W,YMR217W,0,3.7388897,0.8761814832687378,0.9115044474601746,0.013122308067977428
YLL045C,YJL167W,0,3.7003946,0.8753541111946106,0.9115044474601746,0.013222478330135345
YKR060W,YDR337W,1,3.6911163,0.8754717111587524,0.9124876856803894,0.013222478330135345
YLR388W,YGR034W,1,3.6794434,0.8755890727043152,0.913470983505249,0.013222478330135345
YER025W,YLR073C,0,3.674186,0.874764621257782,0.913470983505249,0.013322648592293262
YBL031W,YLR249W,0,3.672839,0.8739416599273682,0.913470983505249,0.01342281885445118
YLR025W,YBL087C,0,3.6682045,0.8731203079223633,0.913470983505249,0.013522989116609097
YPR080W,YNL069C,1,3.6665456,0.8732394576072693,0.9144542813301086,0.013522989116609097
YLR129W,YOR065W,0,3.6539984,0.8724202513694763,0.9144542813301086,0.013623159378767014
YEL054C,YMR093W,0,3.6539023,0.8716025948524475,0.9144542813301086,0.01372332964092493
YKL181W,YLR075W,0,3.6520383,0.8707864880561829,0.9144542813301086,0.013823499903082848
YDR418W,YDR254W,0,3.6501634,0.8699719309806824,0.9144542813301086,0.013923670165240765
YMR123W,YBR120C,0,3.6490545,0.8691588640213013,0.9144542813301086,0.014023840427398682
YML073C,YJL080C,0,3.6484244,0.8683473467826843,0.9144542813301086,0.014124010689556599
YHR113W,YKR094C,0,3.648394,0.8675373196601868,0.9144542813301086,0.014224180951714516
YDL136W,YFR049W,1,3.6470716,0.8676607608795166,0.9154375791549683,0.014224180951714516
YLR406C,YDR025W,1,3.6446412,0.8677839636802673,0.9164208173751831,0.014224180951714516
YNR022C,YPL173W,1,3.6394055,0.8679069876670837,0.9174041152000427,0.014224180951714516
YNL185C,YOR159C,0,3.6377845,0.8671003580093384,0.9174041152000427,0.014324351213872433
YGL076C,YBR187W,0,3.6354072,0.8662952780723572,0.9174041152000427,0.01442452147603035
YIL022W,YGL135W,0,3.6350677,0.8654916286468506,0.9174041152000427,0.014524691738188267
YDR418W,YOL120C,1,3.6300545,0.8656163215637207,0.9183874130249023,0.014524691738188267
YML026C,YPR080W,1,3.623536,0.8657407164573669,0.919370710849762,0.014524691738188267
YPR041W,YJL124C,0,3.6215613,0.8649398684501648,0.919370710849762,0.014624862000346184
YBR205W,YPL131W,0,3.6162214,0.8641404509544373,0.919370710849762,0.0147250322625041
YKL009W,YOL139C,0,3.5971768,0.8633425831794739,0.919370710849762,0.014825202524662018
YLR390W,YMR203W,0,3.5945516,0.8625461459159851,0.919370710849762,0.014925372786819935
YDL202W,YOR315W,0,3.5942914,0.861751139163971,0.919370710849762,0.015025543048977852
YHR059W,YNL244C,0,3.586261,0.8609576225280762,0.919370710849762,0.015125713311135769
YLR183C,YBR084C-A,1,3.5764372,0.8610855340957642,0.9203540086746216,0.015125713311135769
YLR009W,YDR116C,1,3.569474,0.861213207244873,0.9213372468948364,0.015125713311135769
YNL166C,YLL018C-A,0,3.5612485,0.8604224324226379,0.9213372468948364,0.015225883573293686
YGL030W,YGR185C,0,3.5608962,0.8596330285072327,0.9213372468948364,0.015326053835451603
YPL178W,YGL031C,0,3.5563996,0.8588451147079468,0.9213372468948364,0.015426225028932095
YLR183C,YFR032C-A,1,3.5462036,0.8589743375778198,0.922320544719696,0.015426225028932095
YLR068W,YBR155W,0,3.5447705,0.8581884503364563,0.922320544719696,0.015526395291090012
YNL121C,YBR153W,0,3.531727,0.8574039936065674,0.922320544719696,0.015626564621925354
YGR118W,YPL183W-A,1,3.5313735,0.8575342297554016,0.9233038425445557,0.015626564621925354
YMR194W,YKL155C,1,3.5284073,0.8576642274856567,0.9242871403694153,0.015626564621925354
YNL178W,YIL125W,0,3.527759,0.8568823933601379,0.9242871403694153,0.015726735815405846
YDR447C,YHL004W,1,3.5143118,0.8570127487182617,0.9252703785896301,0.015726735815405846
YOR285W,YAL059W,0,3.511486,0.8562329411506653,0.9252703785896301,0.015826905146241188
YKR006C,YOR020C,0,3.5040293,0.8554545640945435,0.9252703785896301,0.01592707633972168
YPL198W,YNL084C,0,3.4963284,0.8546775579452515,0.9252703785896301,0.016027245670557022
YDR178W,YNL151C,0,3.4940097,0.8539019823074341,0.9252703785896301,0.016127416864037514
YOR063W,YKL130C,0,3.4922535,0.8531278371810913,0.9252703785896301,0.016227586194872856
YGR054W,YBR009C,0,3.4774396,0.8523550629615784,0.9252703785896301,0.016327757388353348
YMR024W,YML025C,1,3.468439,0.8524886965751648,0.9262536764144897,0.016327757388353348
YKR060W,YDL133C-A,1,3.466915,0.8526220321655273,0.9272369742393494,0.016327757388353348
YPR148C,YGL147C,0,3.4603174,0.8518518805503845,0.9272369742393494,0.01642792671918869
YML009C,YDR447C,1,3.455312,0.8519855737686157,0.928220272064209,0.01642792671918869
YLR009W,YJL191W,1,3.4481175,0.8521190285682678,0.9292035102844238,0.01642792671918869
YDR418W,YDL230W,0,3.4394982,0.8513513803482056,0.9292035102844238,0.016528097912669182
YLR406C,YOR063W,1,3.4394476,0.8514851331710815,0.9301868081092834,0.016528097912669182
YBR251W,YOL096C,0,3.4294343,0.8507194519042969,0.9301868081092834,0.016628267243504524
YPL090C,YDR399W,0,3.4254458,0.8499550819396973,0.9301868081092834,0.016728438436985016
YLR367W,YDR245W,0,3.4145873,0.8491920828819275,0.9301868081092834,0.01682860776782036
YJL136C,YGR234W,0,3.3951874,0.8484305143356323,0.9301868081092834,0.01692877896130085
YDR471W,YPL183W-A,1,3.387211,0.8485662937164307,0.9311701059341431,0.01692877896130085
YNL070W,YLR204W,0,3.3737373,0.8478066325187683,0.9311701059341431,0.017028948292136192
YDR175C,YNR040W,0,3.3566194,0.847048282623291,0.9311701059341431,0.017129119485616684
YGR162W,YHR193C,0,3.3523707,0.8462913036346436,0.9311701059341431,0.017229290679097176
YIL145C,YCL067C,0,3.3381655,0.8455356955528259,0.9311701059341431,0.017329460009932518
YHR116W,YLR438C-A,0,3.3320925,0.8447814583778381,0.9311701059341431,0.01742963120341301
YKL014C,YLL011W,0,3.3293107,0.8440285325050354,0.9311701059341431,0.017529800534248352
YGR295C,YJL190C,0,3.3270805,0.8432769179344177,0.9311701059341431,0.017629971727728844
YIL136W,YLR344W,0,3.305508,0.8425266742706299,0.9311701059341431,0.017730141058564186
YBL039C,YNL098C,0,3.304453,0.8417778015136719,0.9311701059341431,0.017830312252044678
YGR220C,YML082W,0,3.3009481,0.8410301804542542,0.9311701059341431,0.01793048158288002
YNL178W,YEL052W,0,3.293773,0.8402839303016663,0.9311701059341431,0.018030652776360512
YPL090C,YPL122C,0,3.2882297,0.8395389914512634,0.9311701059341431,0.018130822107195854
YLR406C,YNR022C,1,3.2820244,0.8396811485290527,0.9321534037590027,0.018130822107195854
YBR146W,YIL069C,1,3.2780888,0.8398230075836182,0.9331367015838623,0.018130822107195854
YLR080W,YCR031C,0,3.27686,0.8390804529190063,0.9331367015838623,0.018230993300676346
YMR121C,YMR193W,1,3.246141,0.8392226099967957,0.9341199398040771,0.018230993300676346
YPR149W,YDL121C,0,3.2453065,0.8384819030761719,0.9341199398040771,0.018331162631511688
YKR085C,YBL076C,0,3.240357,0.8377425074577332,0.9341199398040771,0.01843133382499218
YHR209W,YJL117W,0,3.2396226,0.8370044231414795,0.9341199398040771,0.018531503155827522
YML080W,YIL018W,0,3.2350276,0.8362675905227661,0.9341199398040771,0.018631674349308014
YDL083C,YDL084W,0,3.2341402,0.8355321288108826,0.9341199398040771,0.018731843680143356
YKL004W,YKL170W,0,3.2326028,0.8347979187965393,0.9341199398040771,0.018832014873623848
YGL189C,YDR487C,0,3.2227223,0.8340649604797363,0.9341199398040771,0.01893218420445919
YLR014C,YBL072C,0,3.2129815,0.8333333134651184,0.9341199398040771,0.019032355397939682
YLR151C,YBR121C,0,3.2039344,0.8326029777526855,0.9341199398040771,0.019132524728775024
YLR183C,YOL120C,1,3.1924114,0.8327495455741882,0.9351032376289368,0.019132524728775024
YDR023W,YHR020W,0,3.1912935,0.8320209980010986,0.9351032376289368,0.019232695922255516
YML063W,YPR175W,0,3.1767704,0.8312937021255493,0.9351032376289368,0.01933286525309086
YJR034W,YNL213C,0,3.1697876,0.8305676579475403,0.9351032376289368,0.01943303644657135
YPL126W,YDR429C,0,3.1529946,0.8298429250717163,0.9351032376289368,0.019533205777406693
YNL185C,YHR149C,0,3.1504781,0.8291194438934326,0.9351032376289368,0.019633376970887184
YKR009C,YGR034W,0,3.1451747,0.8283972144126892,0.9351032376289368,0.019733546301722527
YMR284W,YBR181C,0,3.1397092,0.8276762366294861,0.9351032376289368,0.019833717495203018
YGR118W,YOR069W,0,3.1319363,0.8269565105438232,0.9351032376289368,0.01993388682603836
YOR063W,YHR069C,0,3.1281154,0.8262380361557007,0.9351032376289368,0.020034058019518852
YDL083C,YHR057C,0,3.1278796,0.8255208134651184,0.9351032376289368,0.020134227350354195
YIL069C,YDL081C,1,3.1275883,0.8256721496582031,0.9360865354537964,0.020134227350354195
YFR018C,YDL121C,0,3.1232998,0.8249566555023193,0.9360865354537964,0.020234398543834686
YGR076C,YPL145C,0,3.1173403,0.8242424130439758,0.9360865354537964,0.02033456787467003
YLR183C,YLR185W,1,3.1124048,0.8243944644927979,0.937069833278656,0.02033456787467003
YLR333C,YDR050C,0,3.0990367,0.8236819505691528,0.937069833278656,0.02043473906815052
YBL078C,YBR086C,0,3.0954137,0.8229706287384033,0.937069833278656,0.020534910261631012
YJR113C,YJR101W,1,3.0919545,0.8231233954429626,0.9380530714988708,0.020534910261631012
YLL045C,YDR007W,0,3.0875714,0.8224138021469116,0.9380530714988708,0.020635079592466354
YPL111W,YLR060W,0,3.084005,0.8217054009437561,0.9380530714988708,0.020735250785946846
YHR052W,YBR060C,0,3.0694525,0.8209982514381409,0.9380530714988708,0.02083542011678219
YOL127W,YGR142W,0,3.0684044,0.8202923536300659,0.9380530714988708,0.02093559131026268
YBR048W,YNL051W,0,3.0587375,0.8195876479148865,0.9380530714988708,0.021035760641098022
YOR187W,YMR302C,0,3.052812,0.8188841342926025,0.9380530714988708,0.021135931834578514
YBL038W,YGR105W,0,3.0507095,0.8181818127632141,0.9380530714988708,0.021236101165413857
YMR193W,YDR405W,1,3.0486288,0.818337619304657,0.9390363693237305,0.021236101165413857
YDL184C,YDL229W,0,3.0395,0.8176369667053223,0.9390363693237305,0.021336272358894348
YDR298C,YKL056C,0,3.0355198,0.8169375658035278,0.9390363693237305,0.02143644168972969
YDR447C,YDL045W-A,1,3.0317242,0.8170940279960632,0.9400196671485901,0.02143644168972969
YPL131W,YNL213C,0,3.0292687,0.8163962364196777,0.9400196671485901,0.021536612883210182
YNR037C,YDR041W,1,3.02374,0.8165528774261475,0.9410029649734497,0.021536612883210182
YEL024W,YIL078W,0,3.0168307,0.8158567547798157,0.9410029649734497,0.021636782214045525
YKL150W,YLR073C,0,3.016099,0.8151618242263794,0.9410029649734497,0.021736953407526016
YMR297W,YHR193C,0,3.0089276,0.8144680857658386,0.9410029649734497,0.02183712273836136
YER007C-A,YGR285C,0,3.0068982,0.8137755393981934,0.9410029649734497,0.02193729393184185
YJL136C,YOR297C,0,2.9927506,0.8130841255187988,0.9410029649734497,0.022037463262677193
YBL027W,YML025C,1,2.9870696,0.8132427930831909,0.9419862627983093,0.022037463262677193
YAL044C,YDL084W,0,2.9844716,0.8125529885292053,0.9419862627983093,0.022137634456157684
YAL044C,YBR029C,0,2.9733884,0.81186443567276,0.9419862627983093,0.022237803786993027
YNL252C,YML025C,1,2.9717233,0.8120236992835999,0.9429695010185242,0.022237803786993027
YBL011W,YNR053C,0,2.965843,0.8113366961479187,0.9429695010185242,0.02233797498047352
YGR076C,YFR049W,1,2.963692,0.8114961981773376,0.9439527988433838,0.02233797498047352
YJR096W,YPL171C,0,2.9542007,0.8108108043670654,0.9439527988433838,0.02243814431130886
YLR048W,YHR023W,0,2.9541,0.8101266026496887,0.9439527988433838,0.022538315504789352
YCR057C,YGR084C,0,2.9533775,0.8094435334205627,0.9439527988433838,0.022638484835624695
YJR113C,YDR462W,1,2.9520807,0.8096040487289429,0.9449360966682434,0.022638484835624695
YOR212W,YHR066W,0,2.945875,0.808922529220581,0.9449360966682434,0.022738656029105186
YJL101C,YNL007C,0,2.9434626,0.8082422018051147,0.9449360966682434,0.02283882535994053
YHR021C,YDR211W,0,2.941638,0.8075630068778992,0.9449360966682434,0.02293899655342102
YBL080C,YCL059C,0,2.9326239,0.8068849444389343,0.9449360966682434,0.023039165884256363
YBL007C,YGL147C,0,2.9310715,0.806208074092865,0.9449360966682434,0.023139337077736855
YOR158W,YMR282C,0,2.9157617,0.8055322766304016,0.9449360966682434,0.023239506408572197
YFR014C,YGR234W,0,2.9102323,0.804857611656189,0.9449360966682434,0.02333967760205269
YLR384C,YPR100W,0,2.901921,0.804184079170227,0.9449360966682434,0.02343984693288803
YDR298C,YKL180W,0,2.9016426,0.8035116791725159,0.9449360966682434,0.023540018126368523
YDR494W,YFR049W,1,2.8977687,0.8036758303642273,0.945919394493103,0.023540018126368523
YJR016C,YKL015W,0,2.8959603,0.8030049800872803,0.945919394493103,0.023640187457203865
YFL034C-A,YFR032C-A,1,2.8928924,0.803169310092926,0.9469026327133179,0.023640187457203865
YLR413W,YJR104C,0,2.8808794,0.8025000095367432,0.9469026327133179,0.023740358650684357
YDL060W,YOR234C,1,2.845483,0.8026644587516785,0.9478859305381775,0.023740358650684357
YNL096C,YKR052C,0,2.8410482,0.801996648311615,0.9478859305381775,0.0238405279815197
YGR281W,YLR143W,0,2.8379989,0.801330029964447,0.9478859305381775,0.02394069917500019
YKR060W,YDR116C,1,2.8347437,0.8014950156211853,0.9488692283630371,0.02394069917500019
YGR103W,YJR063W,0,2.8331206,0.8008298873901367,0.9488692283630371,0.024040870368480682
YDR087C,YOL010W,0,2.829746,0.8001658320426941,0.9488692283630371,0.024141039699316025
YLR283W,YOR167C,0,2.8009267,0.7995029091835022,0.9488692283630371,0.024241210892796516
YOR272W,YGR020C,0,2.8007855,0.7988410592079163,0.9488692283630371,0.02434138022363186
YHR021C,YDL091C,0,2.793951,0.798180341720581,0.9488692283630371,0.02444155141711235
YPR127W,YDL136W,0,2.7853358,0.797520637512207,0.9488692283630371,0.024541720747947693
YOR168W,YOR206W,0,2.780373,0.7968621253967285,0.9488692283630371,0.024641891941428185
YCL031C,YDL081C,0,2.7794676,0.7962046265602112,0.9488692283630371,0.024742061272263527
YKR085C,YOR271C,0,2.7688591,0.7955482006072998,0.9488692283630371,0.02484223246574402
YNL178W,YEL037C,0,2.7674882,0.7948929071426392,0.9488692283630371,0.02494240179657936
YDR299W,YHR138C,0,2.7616637,0.7942386865615845,0.9488692283630371,0.025042572990059853
YLR038C,YPL198W,0,2.7449481,0.7935855388641357,0.9488692283630371,0.025142742320895195
YGL241W,YOR063W,0,2.7365801,0.792933464050293,0.9488692283630371,0.025242913514375687
YCL035C,YKL181W,0,2.7332368,0.7922824025154114,0.9488692283630371,0.02534308284521103
YDL130W,YDL003W,0,2.7266624,0.7916324734687805,0.9488692283630371,0.02544325403869152
YGR174C,YCR046C,0,2.726045,0.7909836173057556,0.9488692283630371,0.025543423369526863
YPR182W,YOL026C,0,2.7248585,0.7903357744216919,0.9488692283630371,0.025643594563007355
YHR005C-A,YMR235C,0,2.7187488,0.7896890640258789,0.9488692283630371,0.025743763893842697
YER117W,YMR241W,0,2.7125356,0.7890433073043823,0.9488692283630371,0.02584393508732319
YMR298W,YMR072W,0,2.7116473,0.7883986830711365,0.9488692283630371,0.02594410441815853
YOR272W,YIL069C,0,2.7102146,0.7877551317214966,0.9488692283630371,0.026044275611639023
YJR070C,YAL025C,0,2.695451,0.7871125340461731,0.9488692283630371,0.026144444942474365
YBL039C,YBR118W,0,2.6954305,0.7864710688591003,0.9488692283630371,0.026244616135954857
YMR142C,YIR014W,0,2.694763,0.7858306169509888,0.9488692283630371,0.0263447854667902
YHR158C,YLL021W,0,2.6900408,0.7851912379264832,0.9488692283630371,0.02644495666027069
YCL035C,YER154W,0,2.6801655,0.7845528721809387,0.9488692283630371,0.026545125991106033
YHR051W,YNL110C,0,2.6749039,0.7839155197143555,0.9488692283630371,0.026645297184586525
YDL082W,YDR256C,0,2.6643436,0.7832792401313782,0.9488692283630371,0.026745466515421867
YOR096W,YDR259C,0,2.6617053,0.7826439738273621,0.9488692283630371,0.02684563770890236
YMR208W,YLR204W,0,2.6585906,0.7820097208023071,0.9488692283630371,0.0269458070397377
YDL019C,YBL030C,0,2.6556976,0.7813765406608582,0.9488692283630371,0.027045978233218193
YIL124W,YDR447C,0,2.652026,0.7807443141937256,0.9488692283630371,0.027146147564053535
YJR113C,YNR037C,1,2.6449354,0.7809215784072876,0.9498525261878967,0.027146147564053535
YLR348C,YOR384W,0,2.641948,0.7802907824516296,0.9498525261878967,0.027246318757534027
YLR192C,YPR166C,0,2.6365633,0.7796609997749329,0.9498525261878967,0.02734648995101452
YPL183W-A,YDL133C-A,1,2.6355815,0.7798386812210083,0.9508357644081116,0.02734648995101452
YDR405W,YLR395C,0,2.635078,0.7792103290557861,0.9508357644081116,0.02744665928184986
YOL056W,YDR115W,0,2.6336877,0.7785829305648804,0.9508357644081116,0.027546830475330353
YFR015C,YPL220W,0,2.6257596,0.7779565453529358,0.9508357644081116,0.027646999806165695
YKL013C,YGR165W,0,2.622198,0.7773311734199524,0.9508357644081116,0.027747170999646187
YNR021W,YMR210W,0,2.6064172,0.7767068147659302,0.9508357644081116,0.02784734033048153
YOR310C,YBR297W,0,2.602441,0.7760834693908691,0.9508357644081116,0.02794751152396202
YJR113C,YHR203C,1,2.5894327,0.7762630581855774,0.9518190622329712,0.02794751152396202
YKR044W,YOL120C,0,2.5889165,0.7756410241127014,0.9518190622329712,0.028047680854797363
YPL177C,YGL189C,0,2.57737,0.7750200033187866,0.9518190622329712,0.028147852048277855
YLR309C,YLR060W,0,2.5711613,0.774399995803833,0.9518190622329712,0.028248021379113197
YER049W,YMR284W,0,2.5658634,0.7737810015678406,0.9518190622329712,0.02834819257259369
YDL136W,YML025C,1,2.5555756,0.7739616632461548,0.9528023600578308,0.02834819257259369
YLR259C,YER113C,0,2.5467854,0.7733439803123474,0.9528023600578308,0.02844836190342903
YDL061C,YOR269W,0,2.5438988,0.7727272510528564,0.9528023600578308,0.028548533096909523
YJL192C,YMR188C,0,2.5415237,0.7721115350723267,0.9528023600578308,0.028648702427744865
YNL227C,YPR010C,0,2.5389805,0.7714968323707581,0.9528023600578308,0.028748873621225357
YLR080W,YDR471W,0,2.5290997,0.7708830833435059,0.9528023600578308,0.0288490429520607
YKR060W,YDR115W,1,2.5239158,0.7710651755332947,0.9537856578826904,0.0288490429520607
YGR078C,YOR020C,0,2.5233827,0.7704527378082275,0.9537856578826904,0.02894921414554119
YPL196W,YDR280W,0,2.520939,0.7698412537574768,0.9537856578826904,0.029049383476376534
YJL148W,YIL021W,0,2.518887,0.7692307829856873,0.9537856578826904,0.029149554669857025
YFL036W,YBR141C,0,2.5086017,0.7686212658882141,0.9537856578826904,0.029249724000692368
YJR117W,YKL180W,0,2.4828696,0.7680126428604126,0.9537856578826904,0.02934989519417286
YNL217W,YDL072C,0,2.4719203,0.767405092716217,0.9537856578826904,0.0294500645250082
YKR026C,YBR119W,0,2.4655166,0.7667984366416931,0.9537856578826904,0.029550235718488693
YDR224C,YGL120C,0,2.4641898,0.7661927342414856,0.9537856578826904,0.029650405049324036
YPL183W-A,YGR001C,0,2.4629762,0.7655879855155945,0.9537856578826904,0.029750576242804527
YDR115W,YDL133C-A,1,2.4611568,0.7657728791236877,0.95476895570755,0.029750576242804527
YLR406C,YNL069C,1,2.4610255,0.7659574747085571,0.9557521939277649,0.029750576242804527
YDR116C,YJL057C,0,2.4588628,0.765354335308075,0.9557521939277649,0.02985074557363987
YBL080C,YDR496C,0,2.4569595,0.7647521495819092,0.9557521939277649,0.02995091676712036
YBR169C,YNL063W,0,2.4519813,0.7641509175300598,0.9557521939277649,0.030051086097955704
YKL064W,YAL003W,0,2.4494336,0.7635506391525269,0.9557521939277649,0.030151257291436195
YGR063C,YPL131W,0,2.4489486,0.7629513144493103,0.9557521939277649,0.030251426622271538
YLR367W,YMR093W,0,2.4464824,0.7623529434204102,0.9557521939277649,0.03035159781575203
YDR059C,YOR232W,0,2.4404318,0.7617554664611816,0.9557521939277649,0.030451767146587372
YHR010W,YGL053W,0,2.4335017,0.7611589431762695,0.9557521939277649,0.030551938340067863
YNR003C,YBR195C,0,2.428642,0.7605633735656738,0.9557521939277649,0.030652107670903206
YNL302C,YJL001W,0,2.4279256,0.7599686980247498,0.9557521939277649,0.030752278864383698
YDL083C,YKL135C,0,2.4270744,0.7593749761581421,0.9557521939277649,0.03085245005786419
YBL090W,YER148W,0,2.426672,0.7587822079658508,0.9557521939277649,0.03095261938869953
YLR008C,YBR189W,0,2.4170613,0.7581903338432312,0.9557521939277649,0.031052790582180023
YOL040C,YHR082C,0,2.4146411,0.7575993537902832,0.9557521939277649,0.031152959913015366
YNL122C,YMR246W,0,2.408167,0.7570093274116516,0.9557521939277649,0.03125312924385071
YER162C,YJR145C,0,2.4052377,0.7564202547073364,0.9557521939277649,0.03135330229997635
YER074W,YNL149C,0,2.4050503,0.7558320164680481,0.9557521939277649,0.03145347163081169
YER046W,YKL006W,0,2.4034615,0.7552447319030762,0.9557521939277649,0.031553640961647034
YMR169C,YBR069C,0,2.4001367,0.7546584010124207,0.9557521939277649,0.031653810292482376
YDR087C,YDR178W,0,2.3989131,0.754072904586792,0.9557521939277649,0.03175398334860802
YHR051W,YDL117W,0,2.394294,0.7534883618354797,0.9557521939277649,0.03185415267944336
YPR191W,YML120C,0,2.3928027,0.7529047131538391,0.9557521939277649,0.0319543220102787
YKL078W,YJL098W,0,2.3846414,0.7523219585418701,0.9557521939277649,0.032054491341114044
YDR512C,YDL136W,0,2.3841856,0.7517401576042175,0.9557521939277649,0.032154664397239685
YML128C,YMR225C,0,2.3836172,0.7511591911315918,0.9557521939277649,0.03225483372807503
YLR074C,YMR139W,0,2.3819473,0.7505791783332825,0.9557521939277649,0.03235500305891037
YLR183C,YNR036C,1,2.379234,0.7507715821266174,0.9567354917526245,0.03235500305891037
YOR294W,YER110C,0,2.3789413,0.7501927614212036,0.9567354917526245,0.03245517238974571
YPR187W,YOR168W,0,2.3784246,0.7496147751808167,0.9567354917526245,0.03255534544587135
YER131W,YOR201C,0,2.3677557,0.7490377426147461,0.9567354917526245,0.032655514776706696
YPL196W,YDR013W,0,2.3633807,0.7484615445137024,0.9567354917526245,0.03275568410754204
YJL117W,YGL006W,0,2.3610392,0.7478862404823303,0.9567354917526245,0.03285585343837738
YLR061W,YML112W,0,2.3524916,0.7473118305206299,0.9567354917526245,0.03295602649450302
YNL044W,YPL010W,0,2.3469203,0.7467383146286011,0.9567354917526245,0.033056195825338364
YFL036W,YGR185C,0,2.3448446,0.7461656332015991,0.9567354917526245,0.033156365156173706
YKL004W,YFR014C,0,2.337708,0.7455938458442688,0.9567354917526245,0.03325653448700905
YCL036W,YPR190C,0,2.33083,0.7450229525566101,0.9567354917526245,0.03335670754313469
YHR008C,YDR377W,0,2.3305252,0.744452953338623,0.9567354917526245,0.03345687687397003
YJR006W,YLL008W,0,2.3247948,0.7438837885856628,0.9567354917526245,0.033557046204805374
YNR001C,YBR097W,0,2.3243115,0.7433155179023743,0.9567354917526245,0.03365721553564072
YCR031C,YML025C,1,2.3231437,0.743511438369751,0.9577187895774841,0.03365721553564072
YNL302C,YGR088W,0,2.3114963,0.7429443001747131,0.9577187895774841,0.03375738859176636
YMR125W,YKL143W,0,2.310543,0.7423780560493469,0.9577187895774841,0.0338575579226017
YGR181W,YIL020C,0,2.3073642,0.7418126463890076,0.9577187895774841,0.03395772725343704
YDL040C,YDL130W,0,2.2973783,0.7412480711936951,0.9577187895774841,0.034057896584272385
YPL239W,YOR091W,0,2.291983,0.7406843900680542,0.9577187895774841,0.034158069640398026
YNL016W,YBR191W,0,2.2879946,0.740121603012085,0.9577187895774841,0.03425823897123337
YMR194W,YMR032W,0,2.2825415,0.7395595908164978,0.9577187895774841,0.03435840830206871
YLR083C,YJL124C,0,2.2789798,0.7389984726905823,0.9577187895774841,0.03445858135819435
YDR041W,YJR016C,0,2.2788014,0.7384381890296936,0.9577187895774841,0.034558750689029694
YOL124C,YNL160W,0,2.270201,0.7378787994384766,0.9577187895774841,0.034658920019865036
YML073C,YBR082C,0,2.2701688,0.7373201847076416,0.9577187895774841,0.03475908935070038
YDR494W,YPR155C,0,2.2651556,0.7367624640464783,0.9577187895774841,0.03485926240682602
YNL080C,YKL192C,0,2.25952,0.7362055778503418,0.9577187895774841,0.03495943173766136
YHR209W,YBR121C,0,2.2402637,0.7356495261192322,0.9577187895774841,0.035059601068496704
YDL184C,YDR329C,0,2.2352273,0.7350943684577942,0.9577187895774841,0.035159770399332047
YLR183C,YIL018W,1,2.2215812,0.7352941036224365,0.9587020874023438,0.035159770399332047
YOR247W,YOR266W,0,2.2172444,0.7347400188446045,0.9587020874023438,0.03525994345545769
YKL155C,YJL130C,0,2.2160175,0.7341867685317993,0.9587020874023438,0.03536011278629303
YBR192W,YPR080W,0,2.2060697,0.7336342930793762,0.9587020874023438,0.03546028211712837
YDR064W,YFR013W,0,2.2016528,0.7330827116966248,0.9587020874023438,0.035560451447963715
YLL004W,YDR012W,0,2.1984851,0.7325319051742554,0.9587020874023438,0.035660624504089355
YOR212W,YDR031W,0,2.186727,0.7319819927215576,0.9587020874023438,0.0357607938349247
YER050C,YDR101C,0,2.1833942,0.7314328551292419,0.9587020874023438,0.03586096316576004
YNL122C,YGR169C,0,2.1826901,0.7308845520019531,0.9587020874023438,0.03596113249659538
YDR322W,YPR080W,1,2.1798282,0.7310861349105835,0.9596853256225586,0.03596113249659538
YLR163C,YKL172W,0,2.1743805,0.7305389046669006,0.9596853256225586,0.036061305552721024
YOR359W,YPR021C,0,2.1726353,0.7299925088882446,0.9596853256225586,0.036161474883556366
YFR007W,YMR225C,0,2.1706998,0.7294469475746155,0.9596853256225586,0.03626164421439171
YER050C,YKL155C,1,2.167102,0.729649007320404,0.9606686234474182,0.03626164421439171
YGL103W,YKR008W,0,2.166038,0.7291044592857361,0.9606686234474182,0.03636181354522705
YPL177C,YER025W,0,2.1644335,0.7285608053207397,0.9606686234474182,0.03646198660135269
YDR441C,YDR115W,0,2.1640851,0.7280178666114807,0.9606686234474182,0.036562155932188034
YOL040C,YNL202W,0,2.161927,0.7274758219718933,0.9606686234474182,0.036662325263023376
YOL052C-A,YBR283C,0,2.1609683,0.726934552192688,0.9606686234474182,0.03676249459385872
YIL088C,YNR037C,0,2.1573272,0.7263940572738647,0.9606686234474182,0.03686266764998436
YDL061C,YPL203W,0,2.1487417,0.7258543968200684,0.9606686234474182,0.0369628369808197
YOR358W,YMR143W,0,2.1473591,0.725315511226654,0.9606686234474182,0.037063006311655045
YCR054C,YOL040C,0,2.1462805,0.7247774600982666,0.9606686234474182,0.03716317564249039
YLR285W,YBR251W,0,2.1442015,0.7242401838302612,0.9606686234474182,0.03726334869861603
YOR136W,YDL078C,0,2.144088,0.7237036824226379,0.9606686234474182,0.03736351802945137
YOL064C,YJL001W,0,2.1347091,0.7231680154800415,0.9606686234474182,0.03746368736028671
YCL059C,YDR031W,0,2.1234477,0.7226331233978271,0.9606686234474182,0.037563860416412354
YNL293W,YJL191W,0,2.1204345,0.7220990657806396,0.9606686234474182,0.037664029747247696
YLR291C,YMR090W,0,2.1117494,0.7215657234191895,0.9606686234474182,0.03776419907808304
YDR399W,YDR312W,0,2.1107125,0.7210332155227661,0.9606686234474182,0.03786436840891838
YMR311C,YIL070C,0,2.1073787,0.7205014824867249,0.9606686234474182,0.03796454146504402
YOR045W,YOL144W,0,2.1041796,0.7199705243110657,0.9606686234474182,0.038064710795879364
YMR308C,YIL088C,0,2.102799,0.7194403409957886,0.9606686234474182,0.038164880126714706
YIL093C,YPL004C,0,2.0951457,0.7189109921455383,0.9606686234474182,0.03826504945755005
YDR395W,YDR023W,0,2.0930994,0.7183823585510254,0.9606686234474182,0.03836522251367569
YNL015W,YGR158C,0,2.0922368,0.7178544998168945,0.9606686234474182,0.03846539184451103
YOR310C,YLR008C,0,2.0912192,0.7173274755477905,0.9606686234474182,0.038565561175346375
YLR304C,YLR142W,0,2.0907886,0.7168011665344238,0.9606686234474182,0.03866573050618172
YNL031C,YPL129W,0,2.088474,0.7162756323814392,0.9606686234474182,0.03876590356230736
YDR013W,YML030W,0,2.086232,0.7157509326934814,0.9606686234474182,0.0388660728931427
YJL008C,YER025W,0,2.0848725,0.715226948261261,0.9606686234474182,0.03896624222397804
YOL136C,YMR314W,0,2.0845578,0.7147037386894226,0.9606686234474182,0.039066411554813385
YNL159C,YBL072C,0,2.0779288,0.7141813039779663,0.9606686234474182,0.039166584610939026
YFL014W,YGL037C,0,2.0755496,0.7136595845222473,0.9606686234474182,0.03926675394177437
YPL183W-A,YML025C,1,2.0719478,0.7138686180114746,0.9616519212722778,0.03926675394177437
YDR513W,YGR165W,0,2.0716865,0.7133479118347168,0.9616519212722778,0.03936692327260971
YPR191W,YGR075C,0,2.071608,0.7128279805183411,0.9616519212722778,0.03946709260344505
YER102W,YCR071C,1,2.0548148,0.7130371332168579,0.9626352190971375,0.03946709260344505
YOL077C,YGL219C,0,2.0496566,0.7125182151794434,0.9626352190971375,0.039567265659570694
YEL017C-A,YDR175C,0,2.0492332,0.7120000123977661,0.9626352190971375,0.039667434990406036
YDL060W,YGR085C,1,2.0417013,0.7122092843055725,0.9636184573173523,0.039667434990406036
YJL158C,YOL072W,0,2.0299852,0.7116920948028564,0.9636184573173523,0.03976760432124138
YIL069C,YLL045C,1,2.0297656,0.7119013071060181,0.9646017551422119,0.03976760432124138
YPL090C,YIL026C,0,2.0267172,0.7113850712776184,0.9646017551422119,0.03986777365207672
YOR261C,YKL024C,0,2.025241,0.710869550704956,0.9646017551422119,0.03996794670820236
YGR268C,YHR021C,0,2.023974,0.7103548049926758,0.9646017551422119,0.040068116039037704
YML106W,YAL060W,0,2.0210536,0.7098408341407776,0.9646017551422119,0.04016828536987305
YFR001W,YBR026C,0,2.0204875,0.7093275785446167,0.9646017551422119,0.04026845470070839
YJL186W,YDR012W,0,2.0180635,0.7088150382041931,0.9646017551422119,0.04036862775683403
YMR208W,YDR298C,0,2.0159624,0.7083032727241516,0.9646017551422119,0.04046879708766937
YOR287C,YNR020C,0,2.0141473,0.7077922224998474,0.9646017551422119,0.040568966418504715
YIL145C,YDL206W,0,2.0108774,0.7072818875312805,0.9646017551422119,0.04066913574934006
YHL015W,YDL091C,0,2.0026674,0.7067723274230957,0.9646017551422119,0.0407693088054657
YBL085W,YOR369C,0,2.0000892,0.7062634825706482,0.9646017551422119,0.04086947813630104
YMR193W,YDL133C-A,1,1.9968903,0.7064748406410217,0.9655850529670715,0.04086947813630104
YOR313C,YPR035W,0,1.9905145,0.7059669494628906,0.9655850529670715,0.04096964746713638
YML106W,YIR012W,0,1.9858229,0.7054597735404968,0.9655850529670715,0.041069820523262024
YNR053C,YOL010W,0,1.9842036,0.7049533128738403,0.9655850529670715,0.041169989854097366
YNR031C,YGL147C,0,1.9816363,0.7044476270675659,0.9655850529670715,0.04127015918493271
YDR471W,YLR251W,0,1.978864,0.7039426565170288,0.9655850529670715,0.04137032851576805
YNL119W,YCR053W,0,1.9755559,0.703438401222229,0.9655850529670715,0.04147050157189369
YPL143W,YDL206W,0,1.9752102,0.7029348611831665,0.9655850529670715,0.041570670902729034
YER049W,YOR285W,0,1.9731963,0.7024320363998413,0.9655850529670715,0.04167084023356438
YHR089C,YDR393W,0,1.9708362,0.7019299268722534,0.9655850529670715,0.04177100956439972
YJL136C,YOR292C,0,1.9685352,0.7014285922050476,0.9655850529670715,0.04187118262052536
YMR230W,YDR224C,0,1.961633,0.7009279131889343,0.9655850529670715,0.0419713519513607
YOL052C-A,YDR178W,0,1.9611063,0.7004279494285583,0.9655850529670715,0.042071521282196045
YBL038W,YNL149C,0,1.9574726,0.6999287009239197,0.9655850529670715,0.04217169061303139
YDR040C,YCR021C,0,1.9561272,0.6994302272796631,0.9655850529670715,0.04227186366915703
YGL171W,YLR172C,0,1.9544837,0.698932409286499,0.9655850529670715,0.04237203299999237
YMR313C,YOL064C,0,1.9502771,0.6984353065490723,0.9655850529670715,0.04247220233082771
YDR343C,YMR239C,0,1.9462073,0.697938859462738,0.9655850529670715,0.042572371661663055
YKR060W,YCR046C,1,1.9366045,0.6981534361839294,0.9665683507919312,0.042572371661663055
YOR253W,YOR151C,0,1.9322715,0.6976579427719116,0.9665683507919312,0.042672544717788696
YLR048W,YNL127W,0,1.9280024,0.6971631050109863,0.9665683507919312,0.04277271404862404
YJR054W,YOL151W,0,1.9245591,0.6966690421104431,0.9665683507919312,0.04287288337945938
YKL006W,YBR254C,0,1.9176905,0.6961756348609924,0.9665683507919312,0.042973052710294724
YLR203C,YBR130C,0,1.9113259,0.695682942867279,0.9665683507919312,0.043073225766420364
YIL064W,YDL036C,0,1.9112518,0.695190966129303,0.9665683507919312,0.04317339509725571
YLL009C,YNL183C,0,1.9065628,0.6946996450424194,0.9665683507919312,0.04327356442809105
YDL081C,YML074C,0,1.9039357,0.6942090392112732,0.9665683507919312,0.04337373375892639
YJL206C,YBR181C,0,1.9026105,0.6937191486358643,0.9665683507919312,0.04347390681505203
YNL238W,YFR024C-A,0,1.9024513,0.6932299137115479,0.9665683507919312,0.043574076145887375
YGR054W,YHR013C,0,1.8996589,0.6927413940429688,0.9665683507919312,0.04367424547672272
YPR160W,YLR073C,0,1.8995922,0.6922535300254822,0.9665683507919312,0.04377441480755806
YDR513W,YBL090W,0,1.8829837,0.6917663812637329,0.9665683507919312,0.0438745878636837
YOR313C,YGL076C,0,1.879246,0.6912798881530762,0.9665683507919312,0.04397475719451904
YGR159C,YER050C,0,1.8663142,0.6907941102981567,0.9665683507919312,0.044074926525354385
YJL189W,YOR179C,0,1.8551996,0.6903089880943298,0.9665683507919312,0.04417509585618973
YMR049C,YPL040C,0,1.8540118,0.6898245811462402,0.9665683507919312,0.04427526891231537
YPR156C,YJL053W,0,1.8461516,0.6893408298492432,0.9665683507919312,0.04437543824315071
YPL042C,YLR344W,0,1.8431513,0.6888577342033386,0.9665683507919312,0.04447560757398605
YHL032C,YDL112W,0,1.8362517,0.6883753538131714,0.9665683507919312,0.044575780630111694
YJR009C,YDR424C,0,1.8341238,0.6878936290740967,0.9665683507919312,0.04467594996094704
YDR469W,YIL101C,0,1.8332019,0.6874125599861145,0.9665683507919312,0.04477611929178238
YNL122C,YIL101C,0,1.8272595,0.6869322061538696,0.9665683507919312,0.04487628862261772
YDR529C,YKR066C,0,1.824679,0.6864525079727173,0.9665683507919312,0.04497646167874336
YGL196W,YIL018W,0,1.8218905,0.6859734654426575,0.9665683507919312,0.045076631009578705
YBL080C,YBR060C,0,1.8156064,0.685495138168335,0.9665683507919312,0.04517680034041405
YMR242C,YMR123W,0,1.8150084,0.6850174069404602,0.9665683507919312,0.04527696967124939
YPL215W,YJL208C,0,1.8134892,0.6845403909683228,0.9665683507919312,0.04537714272737503
YPL097W,YER103W,0,1.8134539,0.6840640306472778,0.9665683507919312,0.04547731205821037
YPR048W,YLR249W,0,1.8117435,0.6835883259773254,0.9665683507919312,0.045577481389045715
YMR242C,YDR468C,0,1.8062335,0.6831132769584656,0.9665683507919312,0.04567765071988106
YNR001C,YPL031C,0,1.8032469,0.6826388835906982,0.9665683507919312,0.0457778237760067
YBL047C,YKR094C,0,1.7968415,0.6821651458740234,0.9665683507919312,0.04587799310684204
YMR242C,YPR024W,0,1.7915652,0.6816921234130859,0.9665683507919312,0.04597816243767738
YDR167W,YEL050C,0,1.7879721,0.6812196969985962,0.9665683507919312,0.046078331768512726
YCL059C,YPL154C,0,1.7847564,0.680747926235199,0.9665683507919312,0.04617850482463837
YMR001C,YOR004W,0,1.7820199,0.6802768111228943,0.9665683507919312,0.04627867415547371
YMR131C,YOR374W,0,1.7807661,0.6798063516616821,0.9665683507919312,0.04637884348630905
YJR123W,YGL195W,0,1.7722663,0.6793365478515625,0.9665683507919312,0.046479012817144394
YML023C,YNL330C,0,1.7720305,0.6788673996925354,0.9665683507919312,0.046579185873270035
YIL078W,YHR088W,0,1.7691314,0.6783989071846008,0.9665683507919312,0.04667935520410538
YLR439W,YBR115C,0,1.7589946,0.677931010723114,0.9665683507919312,0.04677952453494072
YMR049C,YML077W,0,1.7463508,0.6774638295173645,0.9665683507919312,0.04687969386577606
YBR046C,YLR409C,0,1.7410758,0.6769972443580627,0.9665683507919312,0.0469798669219017
YKL144C,YPL226W,0,1.7326753,0.6765313148498535,0.9665683507919312,0.047080036252737045
YLR203C,YER103W,0,1.7308073,0.6760660409927368,0.9665683507919312,0.04718020558357239
YKL155C,YBL090W,1,1.7301297,0.6762886643409729,0.9675516486167908,0.04718020558357239
YLR289W,YDR496C,0,1.7288249,0.6758241653442383,0.9675516486167908,0.04728037491440773
YGL220W,YOR297C,0,1.7277595,0.6753603219985962,0.9675516486167908,0.04738054797053337
YKL190W,YER074W,0,1.7115321,0.6748971343040466,0.9675516486167908,0.04748071730136871
YLR187W,YEL054C,0,1.7094221,0.6744345426559448,0.9675516486167908,0.047580886632204056
YLR356W,YPR184W,0,1.7076161,0.6739726066589355,0.9675516486167908,0.0476810559630394
YMR125W,YER117W,0,1.7032101,0.673511266708374,0.9675516486167908,0.04778122901916504
YBL072C,YPR119W,0,1.703126,0.6730506420135498,0.9675516486167908,0.04788139835000038
YOR254C,YHR021C,0,1.7023593,0.6725905537605286,0.9675516486167908,0.047981567680835724
YPL091W,YJL196C,0,1.7023339,0.6721311211585999,0.9675516486167908,0.048081740736961365
YNL248C,YDR032C,0,1.7017454,0.6716723442077637,0.9675516486167908,0.04818191006779671
YGR061C,YLR286C,0,1.6915182,0.6712141633033752,0.9675516486167908,0.04828207939863205
YER020W,YNL137C,0,1.6905307,0.6707566380500793,0.9675516486167908,0.04838224872946739
YGR006W,YKL060C,0,1.6897032,0.6702997088432312,0.9675516486167908,0.04848242178559303
YHR103W,YNL062C,0,1.6894736,0.6698434352874756,0.9675516486167908,0.048582591116428375
YKL028W,YKL074C,0,1.6851586,0.6693877577781677,0.9675516486167908,0.04868276044726372
YLR377C,YGR254W,0,1.6848708,0.6689326763153076,0.9675516486167908,0.04878292977809906
YJR155W,YEL050C,0,1.6745825,0.66847825050354,0.9675516486167908,0.0488831028342247
YPL106C,YOR167C,0,1.6644373,0.6680244207382202,0.9675516486167908,0.04898327216506004
YAL035W,YBL031W,0,1.6606526,0.6675712466239929,0.9675516486167908,0.049083441495895386
YER056C-A,YLR370C,0,1.6578219,0.6671186685562134,0.9675516486167908,0.04918361082673073
YKL026C,YOL045W,0,1.6565185,0.6666666865348816,0.9675516486167908,0.04928378388285637
YDL065C,YOR297C,0,1.6433872,0.6662153005599976,0.9675516486167908,0.04938395321369171
YNL162W,YMR224C,0,1.6426938,0.665764570236206,0.9675516486167908,0.049484122544527054
YBR207W,YGR103W,0,1.639725,0.6653143763542175,0.9675516486167908,0.049584291875362396
YMR230W,YOL009C,0,1.6367925,0.6648648381233215,0.9675516486167908,0.04968446493148804
YLR353W,YKL053C-A,0,1.636751,0.6644159555435181,0.9675516486167908,0.04978463426232338
YML091C,YGL122C,0,1.6308945,0.6639676094055176,0.9675516486167908,0.04988480359315872
YBR031W,YOR069W,0,1.6303418,0.6635199189186096,0.9675516486167908,0.049984972923994064
YNL145W,YGL037C,0,1.6293445,0.6630727648735046,0.9675516486167908,0.050085145980119705
YOL152W,YKL180W,0,1.6250974,0.6626262664794922,0.9675516486167908,0.05018531531095505
YDR172W,YER154W,0,1.6232196,0.6621803641319275,0.9675516486167908,0.05028548464179039
YNR045W,YDR012W,0,1.6208467,0.6617350578308105,0.9675516486167908,0.05038565397262573
YOR209C,YMR286W,0,1.6201589,0.6612903475761414,0.9675516486167908,0.05048582702875137
YDR361C,YMR081C,0,1.6198016,0.6608462333679199,0.9675516486167908,0.050585996359586716
YBR272C,YMR143W,0,1.6155349,0.6604026556015015,0.9675516486167908,0.05068616569042206
YDR212W,YGL103W,0,1.6147001,0.6599597334861755,0.9675516486167908,0.0507863350212574
YPR187W,YPR169W,0,1.6125332,0.6595174074172974,0.9675516486167908,0.05088650807738304
YPL178W,YOR253W,0,1.6105762,0.6590756773948669,0.9675516486167908,0.050986677408218384
YDR330W,YLR293C,0,1.6075481,0.6586345434188843,0.9675516486167908,0.051086846739053726
YOR348C,YBR121C,0,1.6043849,0.6581940054893494,0.9675516486167908,0.05118701606988907
YBR177C,YJR131W,0,1.6038028,0.6577540040016174,0.9675516486167908,0.05128718912601471
YPL215W,YNL156C,0,1.5998749,0.657314658164978,0.9675516486167908,0.05138735845685005
YMR220W,YHR186C,0,1.5952084,0.6568758487701416,0.9675516486167908,0.051487527787685394
YBR036C,YIL042C,0,1.5930034,0.6564376354217529,0.9675516486167908,0.051587700843811035
YNL153C,YDR365C,0,1.5906525,0.656000018119812,0.9675516486167908,0.05168787017464638
YKL186C,YGL103W,0,1.5898354,0.6555629372596741,0.9675516486167908,0.05178803950548172
YPL011C,YMR143W,0,1.5881993,0.6551265120506287,0.9675516486167908,0.05188820883631706
YLL045C,YDR416W,0,1.5833223,0.6546906232833862,0.9675516486167908,0.0519883818924427
YML031W,YPL093W,0,1.5735267,0.6542553305625916,0.9675516486167908,0.052088551223278046
YMR179W,YLR440C,0,1.5672581,0.6538205742835999,0.9675516486167908,0.05218872055411339
YOR252W,YMR188C,0,1.5653521,0.6533864736557007,0.9675516486167908,0.05228888988494873
YLR060W,YPL105C,0,1.5622784,0.6529529094696045,0.9675516486167908,0.05238906294107437
YBR181C,YPL183W-A,1,1.5620843,0.6531830430030823,0.9685348868370056,0.05238906294107437
YNR010W,YOR182C,0,1.5601343,0.6527501940727234,0.9685348868370056,0.052489232271909714
YKL165C,YOR090C,0,1.5573117,0.6523178815841675,0.9685348868370056,0.052589401602745056
YLL045C,YJL194W,0,1.5571835,0.6518861651420593,0.9685348868370056,0.0526895709335804
YPR184W,YGR103W,0,1.5540048,0.6514550447463989,0.9685348868370056,0.05278974398970604
YLR185W,YDR486C,0,1.5508064,0.6510244607925415,0.9685348868370056,0.05288991332054138
YNR022C,YKL168C,0,1.547142,0.6505944728851318,0.9685348868370056,0.052990082651376724
YMR049C,YDL091C,0,1.5456135,0.6501650214195251,0.9685348868370056,0.05309025198221207
YMR301C,YMR122W-A,0,1.5413074,0.6497361660003662,0.9685348868370056,0.05319042503833771
YCL034W,YDR211W,0,1.5345247,0.6493078470230103,0.9685348868370056,0.05329059436917305
YLR085C,YOR076C,0,1.532418,0.648880124092102,0.9685348868370056,0.05339076370000839
YKR088C,YGL009C,0,1.5310879,0.6484529376029968,0.9685348868370056,0.053490933030843735
YLL040C,YMR284W,0,1.5295613,0.6480262875556946,0.9685348868370056,0.053591106086969376
YKL117W,YPL183W-A,0,1.5289769,0.6476002335548401,0.9685348868370056,0.05369127541780472
YKL021C,YGR244C,0,1.5270267,0.6471747756004333,0.9685348868370056,0.05379144474864006
YCL052C,YDR150W,0,1.5230277,0.6467498540878296,0.9685348868370056,0.0538916140794754
YNL061W,YPR035W,0,1.5218688,0.6463254690170288,0.9685348868370056,0.053991787135601044
YLR367W,YIR038C,0,1.5185022,0.645901620388031,0.9685348868370056,0.054091956466436386
YBR142W,YNR072W,0,1.5173601,0.645478367805481,0.9685348868370056,0.05419212579727173
YMR130W,YLR075W,0,1.5156837,0.6450556516647339,0.9685348868370056,0.05429229512810707
YDR252W,YOR369C,0,1.5078923,0.6446335315704346,0.9685348868370056,0.05439246818423271
YMR131C,YPL154C,0,1.5069327,0.6442118883132935,0.9685348868370056,0.054492637515068054
YKR006C,YHR070W,0,1.5068016,0.6437908411026001,0.9685348868370056,0.0545928068459034
YMR239C,YIR012W,0,1.5047088,0.6433703303337097,0.9685348868370056,0.05469297990202904
YJL053W,YML063W,0,1.4998105,0.6429504156112671,0.9685348868370056,0.05479314923286438
YPR133W-A,YDR487C,0,1.4986063,0.6425309777259827,0.9685348868370056,0.05489331856369972
YKL078W,YMR303C,0,1.4961863,0.642112135887146,0.9685348868370056,0.054993487894535065
YBR287W,YLR344W,0,1.495744,0.6416938304901123,0.9685348868370056,0.055093660950660706
YLR344W,YDR486C,0,1.4949939,0.6412760615348816,0.9685348868370056,0.05519383028149605
YKL191W,YEL037C,0,1.4936574,0.6408588290214539,0.9685348868370056,0.05529399961233139
YER091C,YAL033W,0,1.4877701,0.6404421329498291,0.9685348868370056,0.05539416894316673
YBR247C,YIL038C,0,1.4807532,0.6400259733200073,0.9685348868370056,0.055494341999292374
YPL090C,YNR002C,0,1.4806244,0.6396104097366333,0.9685348868370056,0.055594511330127716
YDR512C,YDL209C,0,1.4805816,0.6391953229904175,0.9685348868370056,0.05569468066096306
YLR176C,YGL189C,0,1.4789581,0.6387808322906494,0.9685348868370056,0.0557948499917984
YJL046W,YMR105C,0,1.4728072,0.6383668184280396,0.9685348868370056,0.05589502304792404
YPL120W,YMR217W,0,1.470967,0.6379533410072327,0.9685348868370056,0.055995192378759384
YBR158W,YGR094W,0,1.4701111,0.6375404596328735,0.9685348868370056,0.05609536170959473
YPR125W,YDR500C,0,1.4645714,0.6371280550956726,0.9685348868370056,0.05619553104043007
YGL173C,YEL054C,0,1.4623868,0.6367162466049194,0.9685348868370056,0.05629570409655571
YOR038C,YER117W,0,1.4621067,0.6363049149513245,0.9685348868370056,0.05639587342739105
YCL031C,YGR162W,0,1.4618459,0.6358941197395325,0.9685348868370056,0.056496042758226395
YMR186W,YMR211W,0,1.4547741,0.6354838609695435,0.9685348868370056,0.05659621208906174
YLL048C,YJL136C,0,1.4514751,0.6350741386413574,0.9685348868370056,0.05669638514518738
YPR173C,YLR206W,0,1.4512722,0.6346649527549744,0.9685348868370056,0.05679655447602272
YDL098C,YNR024W,0,1.4465865,0.6342563033103943,0.9685348868370056,0.05689672380685806
YKL063C,YPL274W,0,1.4444833,0.6338481307029724,0.9685348868370056,0.056996893137693405
YNL261W,YHL015W,0,1.4444239,0.6334404945373535,0.9685348868370056,0.057097066193819046
YNR017W,YML054C,0,1.4431523,0.6330333948135376,0.9685348868370056,0.05719723552465439
YHR051W,YGR264C,0,1.4421033,0.6326268315315247,0.9685348868370056,0.05729740485548973
YOL121C,YNL202W,0,1.4408805,0.6322208046913147,0.9685348868370056,0.05739757418632507
YMR193W,YLR096W,0,1.4369887,0.6318152546882629,0.9685348868370056,0.057497747242450714
YNL185C,YPR189W,0,1.435,0.6314102411270142,0.9685348868370056,0.057597916573286057
YIR039C,YCR091W,0,1.4333963,0.6310057640075684,0.9685348868370056,0.0576980859041214
YPL271W,YNL112W,0,1.4249611,0.6306017637252808,0.9685348868370056,0.05779825523495674
YML113W,YHR154W,0,1.4211507,0.6301983594894409,0.9685348868370056,0.05789842829108238
YIL124W,YOR091W,0,1.4163746,0.6297953724861145,0.9685348868370056,0.057998597621917725
YGR083C,YBR241C,0,1.4146359,0.6293929815292358,0.9685348868370056,0.05809876695275307
YGL105W,YGL232W,0,1.4132702,0.6289910674095154,0.9685348868370056,0.05819894000887871
YER110C,YMR133W,0,1.4096844,0.6285896897315979,0.9685348868370056,0.05829910933971405
YGL136C,YGL172W,0,1.3989146,0.6281887888908386,0.9685348868370056,0.05839927867054939
YOR311C,YIL148W,0,1.3958659,0.6277884244918823,0.9685348868370056,0.058499448001384735
YLR314C,YNR016C,0,1.3957753,0.6273885369300842,0.9685348868370056,0.058599621057510376
YER127W,YPL240C,0,1.3903058,0.6269891858100891,0.9685348868370056,0.05869979038834572
YML061C,YHL036W,0,1.3888965,0.6265903115272522,0.9685348868370056,0.05879995971918106
YMR270C,YOR381W,0,1.3835626,0.6261919736862183,0.9685348868370056,0.0589001290500164
YOR038C,YNL112W,0,1.3810722,0.6257941722869873,0.9685348868370056,0.059000302106142044
YPL101W,YPL093W,0,1.3734597,0.6253968477249146,0.9685348868370056,0.059100471436977386
YDL115C,YDR023W,0,1.3698447,0.625,0.9685348868370056,0.05920064076781273
YCR053W,YNL136W,0,1.3691909,0.6246036887168884,0.9685348868370056,0.05930081009864807
YHR005C-A,YPL087W,0,1.3685715,0.6242078542709351,0.9685348868370056,0.05940098315477371
YNL190W,YPR037C,0,1.367246,0.6238125562667847,0.9685348868370056,0.059501152485609055
YOR341W,YOR288C,0,1.3616267,0.6234177350997925,0.9685348868370056,0.0596013218164444
YHR058C,YDR023W,0,1.3595648,0.6230233907699585,0.9685348868370056,0.05970149114727974
YNL122C,YGL062W,0,1.3563927,0.6226295828819275,0.9685348868370056,0.05980166420340538
YLR430W,YLR006C,0,1.3559158,0.6222362518310547,0.9685348868370056,0.05990183353424072
YOR254C,YML056C,0,1.3544464,0.6218434572219849,0.9685348868370056,0.060002002865076065
YOR260W,YER154W,0,1.3539289,0.6214510798454285,0.9685348868370056,0.06010217219591141
YMR223W,YHR193C,0,1.350807,0.621059238910675,0.9685348868370056,0.06020234525203705
YOL029C,YNR001C,0,1.3377136,0.6206679344177246,0.9685348868370056,0.06030251458287239
YPL157W,YHR021C,0,1.3366938,0.6202771067619324,0.9685348868370056,0.06040268391370773
YGL223C,YCR005C,0,1.3294994,0.6198866963386536,0.9685348868370056,0.060502853244543076
YDR087C,YNL162W,0,1.3275974,0.6194968819618225,0.9685348868370056,0.060603026300668716
YNL216W,YGR085C,0,1.3270788,0.6191074848175049,0.9685348868370056,0.06070319563150406
YAL025C,YFR050C,0,1.3268151,0.6187185645103455,0.9685348868370056,0.0608033649623394
YLR435W,YER025W,0,1.3245491,0.618330180644989,0.9685348868370056,0.060903534293174744
YOR340C,YDL192W,0,1.3228891,0.6179422736167908,0.9685348868370056,0.061003707349300385
YDR529C,YCR046C,0,1.3198686,0.6175548434257507,0.9685348868370056,0.06110387668013573
YER145C,YMR286W,0,1.3192452,0.6171678900718689,0.9685348868370056,0.06120404601097107
YMR218C,YPL131W,0,1.3192295,0.61678147315979,0.9685348868370056,0.06130421534180641
YOR176W,YOR099W,0,1.312155,0.6163954734802246,0.9685348868370056,0.06140438839793205
YOR273C,YOL038W,0,1.3121293,0.6160100102424622,0.9685348868370056,0.061504557728767395
YER002W,YMR203W,0,1.3097593,0.6156250238418579,0.9685348868370056,0.06160472705960274
YER143W,YDR050C,0,1.308807,0.6152404546737671,0.9685348868370056,0.06170490011572838
YDR086C,YPL043W,0,1.3079482,0.6148564219474792,0.9685348868370056,0.06180506944656372
YNL181W,YDR165W,0,1.3071811,0.6144728660583496,0.9685348868370056,0.06190523877739906
YLR183C,YER087C-B,0,1.3029447,0.6140897870063782,0.9685348868370056,0.062005408108234406
YPR198W,YER090W,0,1.2954261,0.6137071847915649,0.9685348868370056,0.062105581164360046
YHR059W,YDR244W,0,1.2913561,0.6133250594139099,0.9685348868370056,0.06220575049519539
YKL007W,YOL109W,0,1.2912159,0.6129433512687683,0.9685348868370056,0.06230591982603073
YHR148W,YDR398W,0,1.289898,0.6125621795654297,0.9685348868370056,0.062406089156866074
YOL149W,YFR031C,0,1.2891269,0.6121814846992493,0.9685348868370056,0.06250625848770142
YER049W,YOR383C,0,1.2849087,0.611801266670227,0.9685348868370056,0.06260643154382706
YDL136W,YPL254W,0,1.2792686,0.6114214658737183,0.9685348868370056,0.0627066045999527
YLR333C,YLR006C,0,1.2781386,0.6110422015190125,0.9685348868370056,0.06280677020549774
YLR182W,YPR133W-A,0,1.2730923,0.6106633543968201,0.9685348868370056,0.06290694326162338
YDL130W,YNL292W,0,1.2693589,0.6102849841117859,0.9685348868370056,0.06300710886716843
YKL117W,YOL061W,0,1.2671224,0.6099071502685547,0.9685348868370056,0.06310728192329407
YPL097W,YML028W,0,1.2629081,0.6095296740531921,0.9685348868370056,0.06320745497941971
YDR076W,YOR054C,0,1.2628019,0.6091527342796326,0.9685348868370056,0.06330762058496475
YLL034C,YGR167W,0,1.2616552,0.6087762713432312,0.9685348868370056,0.0634077936410904
YPR060C,YMR284W,0,1.2609222,0.6084002256393433,0.9685348868370056,0.06350796669721603
YER168C,YLR382C,0,1.257735,0.6080247163772583,0.9685348868370056,0.06360813230276108
YMR110C,YNR024W,0,1.2530165,0.6076496243476868,0.9685348868370056,0.06370830535888672
YEL013W,YPL231W,0,1.2522922,0.6072749495506287,0.9685348868370056,0.06380847096443176
YGL104C,YJL189W,0,1.2519006,0.6069008111953735,0.9685348868370056,0.0639086440205574
YPR041W,YLR350W,0,1.2504728,0.6065270900726318,0.9685348868370056,0.06400881707668304
YEL051W,YGR086C,0,1.2499143,0.6061538457870483,0.9685348868370056,0.06410898268222809
YGL128C,YMR186W,0,1.2421873,0.605781078338623,0.9685348868370056,0.06420915573835373
YGL237C,YMR177W,0,1.2419583,0.6054087281227112,0.9685348868370056,0.06430932879447937
YDR465C,YMR284W,0,1.2379388,0.6050368547439575,0.9685348868370056,0.06440949440002441
YER044C,YNR002C,0,1.2357225,0.6046654582023621,0.9685348868370056,0.06450966745615005
YDL051W,YHR119W,0,1.2347398,0.60429447889328,0.9685348868370056,0.0646098330616951
YDR075W,YBR084W,0,1.2334044,0.6039239764213562,0.9685348868370056,0.06471000611782074
YGR062C,YDR358W,0,1.2322031,0.6035539507865906,0.9685348868370056,0.06481017917394638
YML073C,YPL244C,0,1.2311563,0.6031843423843384,0.9685348868370056,0.06491034477949142
YOR252W,YBR187W,0,1.2304847,0.6028151512145996,0.9685348868370056,0.06501051783561707
YDR361C,YLR384C,0,1.2275809,0.6024464964866638,0.9685348868370056,0.0651106908917427
YDR224C,YDR060W,0,1.2207092,0.6020782589912415,0.9685348868370056,0.06521085649728775
YPR137W,YBR141C,0,1.2196383,0.6017104387283325,0.9685348868370056,0.06531102955341339
YNL221C,YGR027C,0,1.2168317,0.6013430953025818,0.9685348868370056,0.06541120260953903
YOR158W,YAL023C,0,1.2160445,0.6009762287139893,0.9685348868370056,0.06551136821508408
YOR145C,YHR109W,0,1.2154359,0.6006097793579102,0.9685348868370056,0.06561154127120972
YOR285W,YFR024C-A,0,1.2077155,0.6002437472343445,0.9685348868370056,0.06571170687675476
YIL098C,YJR068W,0,1.2053688,0.599878191947937,0.9685348868370056,0.0658118799328804
YPR043W,YDL021W,0,1.2003343,0.5995131134986877,0.9685348868370056,0.06591205298900604
YBL035C,YGL103W,0,1.1990558,0.5991483926773071,0.9685348868370056,0.06601221859455109
YGR061C,YNR040W,0,1.1976888,0.5987842082977295,0.9685348868370056,0.06611239165067673
YPR191W,YGL253W,0,1.1948423,0.5984204411506653,0.9685348868370056,0.06621256470680237
YLR145W,YNL244C,0,1.1931502,0.5980570912361145,0.9685348868370056,0.06631273031234741
YLL014W,YLR244C,0,1.1917815,0.5976941585540771,0.9685348868370056,0.06641290336847305
YNR020C,YLR141W,0,1.1895103,0.597331702709198,0.9685348868370056,0.0665130689740181
YBL080C,YOL080C,0,1.1891468,0.596969723701477,0.9685348868370056,0.06661324203014374
YNL246W,YMR136W,0,1.1715828,0.5966081023216248,0.9685348868370056,0.06671341508626938
YKL100C,YJL189W,0,1.1691581,0.5962469577789307,0.9685348868370056,0.06681358069181442
YFL005W,YGR027C,0,1.1682545,0.5958862900733948,0.9685348868370056,0.06691375374794006
YIL148W,YHR085W,0,1.1645659,0.5955259799957275,0.9685348868370056,0.0670139268040657
YNL232W,YER089C,0,1.1644146,0.5951661467552185,0.9685348868370056,0.06711409240961075
YJR123W,YER151C,0,1.1591585,0.5948067903518677,0.9685348868370056,0.06721426546573639
YPL157W,YHR209W,0,1.1561784,0.5944477915763855,0.9685348868370056,0.06731443107128143
YNL192W,YKR057W,0,1.1553687,0.5940892696380615,0.9685348868370056,0.06741460412740707
YDR364C,YGL031C,0,1.144927,0.593731164932251,0.9685348868370056,0.06751477718353271
YLR150W,YCL036W,0,1.1440036,0.5933734774589539,0.9685348868370056,0.06761494278907776
YLL050C,YOL139C,0,1.1437016,0.5930162668228149,0.9685348868370056,0.0677151158452034
YLR249W,YNL218W,0,1.1396948,0.5926594734191895,0.9685348868370056,0.06781528890132904
YPL106C,YKL056C,0,1.1366006,0.5923030376434326,0.9685348868370056,0.06791545450687408
YNR035C,YPR163C,0,1.1364139,0.5919471383094788,0.9685348868370056,0.06801562756299973
YFL005W,YKL099C,0,1.1364083,0.5915915966033936,0.9685348868370056,0.06811579316854477
YKL150W,YBR097W,0,1.1344281,0.5912364721298218,0.9685348868370056,0.06821596622467041
YGR158C,YDR399W,0,1.1333582,0.5908818244934082,0.9685348868370056,0.06831613928079605
YOR201C,YOR334W,0,1.1313449,0.5905275940895081,0.9685348868370056,0.0684163048863411
YGL225W,YGR171C,0,1.1312871,0.5901737809181213,0.9685348868370056,0.06851647794246674
YNL230C,YOR147W,0,1.127843,0.589820384979248,0.9685348868370056,0.06861665099859238
YER020W,YIL101C,0,1.1277108,0.5894674062728882,0.9685348868370056,0.06871681660413742
YPL220W,YNL280C,0,1.1252143,0.5891148447990417,0.9685348868370056,0.06881698966026306
YLR142W,YOL023W,0,1.1244825,0.5887627005577087,0.9685348868370056,0.0689171627163887
YBR006W,YGR075C,0,1.1237222,0.5884109735488892,0.9685348868370056,0.06901732832193375
YCL031C,YPL171C,0,1.1203386,0.5880597233772278,0.9685348868370056,0.06911750137805939
YNL138W,YDR121W,0,1.1194113,0.5877088308334351,0.9685348868370056,0.06921766698360443
YPL151C,YHR118C,0,1.1188729,0.5873583555221558,0.9685348868370056,0.06931784003973007
YOR221C,YIL052C,0,1.1175256,0.5870083570480347,0.9685348868370056,0.06941801309585571
YGR158C,YJL080C,0,1.117197,0.5866587162017822,0.9685348868370056,0.06951817870140076
YBR122C,YKL117W,0,1.1111145,0.586309552192688,0.9685348868370056,0.0696183517575264
YJR109C,YOR381W,0,1.1076779,0.5859607458114624,0.9685348868370056,0.06971852481365204
YPL273W,YER154W,0,1.1068316,0.5856123566627502,0.9685348868370056,0.06981869041919708
YCR039C,YBL028C,0,1.104392,0.5852643847465515,0.9685348868370056,0.06991886347532272
YGR088W,YGR083C,0,1.1036307,0.584916889667511,0.9685348868370056,0.07001902908086777
YMR311C,YIL053W,0,1.1026464,0.5845697522163391,0.9685348868370056,0.07011920213699341
YKR104W,YDL055C,0,1.1011965,0.5842230319976807,0.9685348868370056,0.07021937519311905
YGR194C,YIL019W,0,1.0994151,0.5838767290115356,0.9685348868370056,0.07031954079866409
YGR154C,YLR377C,0,1.0982468,0.5835307836532593,0.9685348868370056,0.07041971385478973
YIL118W,YIR031C,0,1.0956357,0.5831853151321411,0.9685348868370056,0.07051988691091537
YEL041W,YIL148W,0,1.0913564,0.5828402638435364,0.9685348868370056,0.07062005251646042
YOL124C,YLR197W,0,1.0912968,0.5824955701828003,0.9685348868370056,0.07072022557258606
YKR058W,YGR075C,0,1.0889001,0.5821512937545776,0.9685348868370056,0.0708203911781311
YER165W,YDR003W,0,1.0859584,0.5818074345588684,0.9685348868370056,0.07092056423425674
YBL072C,YHR202W,0,1.0848551,0.5814639925956726,0.9685348868370056,0.07102073729038239
YKL156W,YDL072C,0,1.082799,0.5811209678649902,0.9685348868370056,0.07112090289592743
YDR461W,YIR017C,0,1.0798988,0.5807783007621765,0.9685348868370056,0.07122107595205307
YGR286C,YBR181C,0,1.0767032,0.5804360508918762,0.9685348868370056,0.07132124900817871
YNL185C,YKL026C,0,1.0751021,0.5800942182540894,0.9685348868370056,0.07142141461372375
YBR188C,YOR272W,0,1.073672,0.5797528028488159,0.9685348868370056,0.0715215876698494
YNR043W,YER131W,0,1.0695548,0.5794117450714111,0.9685348868370056,0.07162175327539444
YLL013C,YGR034W,0,1.0694925,0.5790711641311646,0.9685348868370056,0.07172192633152008
YDR418W,YBR205W,0,1.069257,0.5787308812141418,0.9685348868370056,0.07182209938764572
YOR386W,YJL109C,0,1.0670938,0.5783910751342773,0.9685348868370056,0.07192226499319077
YBL056W,YPR108W,0,1.0665492,0.5780516266822815,0.9685348868370056,0.0720224380493164
YML018C,YFR047C,0,1.0656329,0.5777125954627991,0.9685348868370056,0.07212261110544205
YDR476C,YKL170W,0,1.0636394,0.5773739814758301,0.9685348868370056,0.07222277671098709
YDR041W,YLL062C,0,1.0614959,0.5770357251167297,0.9685348868370056,0.07232294976711273
YNL137C,YDR384C,0,1.0614798,0.5766978859901428,0.9685348868370056,0.07242312282323837
YJR121W,YDR365C,0,1.0595355,0.5763604640960693,0.9685348868370056,0.07252328842878342
YPR043W,YBR087W,0,1.0594323,0.5760233998298645,0.9685348868370056,0.07262346148490906
YIL008W,YDR101C,0,1.0568502,0.5756867527961731,0.9685348868370056,0.0727236270904541
YOR204W,YPL183W-A,0,1.0560236,0.5753504633903503,0.9685348868370056,0.07282380014657974
YBR122C,YOR320C,0,1.0481002,0.575014591217041,0.9685348868370056,0.07292397320270538
YOR275C,YDR454C,0,1.0480268,0.5746791362762451,0.9685348868370056,0.07302413880825043
YHR052W,YCL057C-A,0,1.0452087,0.5743440389633179,0.9685348868370056,0.07312431186437607
YDL091C,YJR094W-A,0,1.0419426,0.5740092992782593,0.9685348868370056,0.07322448492050171
YAR027W,YPL239W,0,1.0412476,0.5736750364303589,0.9685348868370056,0.07332465052604675
YBL080C,YBL076C,0,1.0382658,0.5733410716056824,0.9685348868370056,0.0734248235821724
YJR097W,YER025W,0,1.0355597,0.5730075836181641,0.9685348868370056,0.07352498918771744
YKL040C,YPR167C,0,1.0327849,0.5726743936538696,0.9685348868370056,0.07362516224384308
YBR001C,YBR121C,0,1.0287297,0.5723416805267334,0.9685348868370056,0.07372533529996872
YNL301C,YJR010W,0,1.0287179,0.572009265422821,0.9685348868370056,0.07382550090551376
YBR122C,YOL142W,0,1.026531,0.5716773271560669,0.9685348868370056,0.0739256739616394
YDR473C,YPL036W,0,1.0264121,0.5713456869125366,0.9685348868370056,0.07402584701776505
YLL018C-A,YOL090W,0,1.0261154,0.5710144639015198,0.9685348868370056,0.07412601262331009
YGR103W,YNL268W,0,1.0251229,0.5706836581230164,0.9685348868370056,0.07422618567943573
YOR335C,YLR291C,0,1.016818,0.5703532099723816,0.9685348868370056,0.07432635128498077
YPL059W,YOR357C,0,1.015465,0.5700231194496155,0.9685348868370056,0.07442652434110641
YLR009W,YHR066W,0,1.0154123,0.5696934461593628,0.9685348868370056,0.07452669739723206
YNL262W,YGL115W,0,1.0152853,0.5693641901016235,0.9685348868370056,0.0746268630027771
YDR380W,YHR070W,0,1.0143678,0.5690352320671082,0.9685348868370056,0.07472703605890274
YOL086C,YDR465C,0,1.0103421,0.5687066912651062,0.9685348868370056,0.07482720911502838
YMR131C,YOL026C,0,1.0091186,0.5683785080909729,0.9685348868370056,0.07492737472057343
YGL209W,YNL160W,0,1.0057505,0.568050742149353,0.9685348868370056,0.07502754777669907
YDL019C,YOR132W,0,1.0055087,0.5677233338356018,0.9685348868370056,0.07512772083282471
YMR311C,YKR059W,0,1.0035237,0.567396342754364,0.9685348868370056,0.07522788643836975
YPR048W,YOR267C,0,1.0030748,0.5670696496963501,0.9685348868370056,0.07532805949449539
YLR359W,YCR031C,0,1.0019494,0.5667433738708496,0.9685348868370056,0.07542822510004044
YGL185C,YER154W,0,1.0002108,0.5664174556732178,0.9685348868370056,0.07552839815616608
YJR076C,YLR026C,0,0.9995367,0.5660919547080994,0.9685348868370056,0.07562857121229172
YGL094C,YGR005C,0,0.9994418,0.5657668113708496,0.9685348868370056,0.07572873681783676
YJR138W,YML085C,0,0.99856573,0.5654420256614685,0.9685348868370056,0.0758289098739624
YDR298C,YMR098C,0,0.9975192,0.565117597579956,0.9685348868370056,0.07592908293008804
YML080W,YGR001C,0,0.9964873,0.564793586730957,0.9685348868370056,0.07602924853563309
YGR030C,YKL085W,0,0.9963935,0.5644699335098267,0.9685348868370056,0.07612942159175873
YJL045W,YER072W,0,0.9887002,0.5641466379165649,0.9685348868370056,0.07622958719730377
YDL081C,YNL056W,0,0.9839433,0.5638236999511719,0.9685348868370056,0.07632976025342941
YJL136C,YER081W,0,0.98151654,0.5635011196136475,0.9685348868370056,0.07642993330955505
YER051W,YHR058C,0,0.980838,0.5631789565086365,0.9685348868370056,0.0765300989151001
YCL074W,YPR160W,0,0.9784294,0.5628571510314941,0.9685348868370056,0.07663027197122574
YDL091C,YOR246C,0,0.97792894,0.5625357031822205,0.9685348868370056,0.07673044502735138
YPL234C,YLR075W,0,0.97165877,0.5622146129608154,0.9685348868370056,0.07683061063289642
YOL135C,YKL103C,0,0.965704,0.561893880367279,0.9685348868370056,0.07693078368902206
YER155C,YMR159C,0,0.9627325,0.5615735650062561,0.9685348868370056,0.07703094929456711
YKR083C,YOR159C,0,0.9616274,0.561253547668457,0.9685348868370056,0.07713112235069275
YCR053W,YFL002W-A,0,0.9612985,0.5609339475631714,0.9685348868370056,0.07723129540681839
YMR171C,YDR064W,0,0.9587392,0.5606147050857544,0.9685348868370056,0.07733146101236343
YNL061W,YKR093W,0,0.9583244,0.560295820236206,0.9685348868370056,0.07743163406848907
YFR010W,YCR087C-A,0,0.9572329,0.5599772334098816,0.9685348868370056,0.07753180712461472
YKL155C,YDR116C,1,0.95251685,0.5602272748947144,0.9695181846618652,0.07753180712461472
YMR242C,YOL029C,0,0.95250934,0.5599091649055481,0.9695181846618652,0.07763197273015976
YFR016C,YCR072C,0,0.9512877,0.5595913529396057,0.9695181846618652,0.0777321457862854
YOR096W,YKR089C,0,0.9504873,0.5592739582061768,0.9695181846618652,0.07783231139183044
YML100W,YKL074C,0,0.9500256,0.5589569211006165,0.9695181846618652,0.07793248444795609
YEL020W-A,YLR390W-A,0,0.94473654,0.5586402416229248,0.9695181846618652,0.07803265750408173
YOL165C,YNL049C,0,0.94431335,0.5583239197731018,0.9695181846618652,0.07813282310962677
YGL104C,YKL006W,0,0.9431078,0.5580078959465027,0.9695181846618652,0.07823299616575241
YMR261C,YBR160W,0,0.9418122,0.557692289352417,0.9695181846618652,0.07833316922187805
YOR142W,YOL155C,0,0.93382496,0.5573770403862,0.9695181846618652,0.0784333348274231
YKL021C,YML054C,0,0.92930704,0.5570621490478516,0.9695181846618652,0.07853350788354874
YOR287C,YJL033W,0,0.9272713,0.5567476153373718,0.9695181846618652,0.07863368093967438
YPR073C,YBR009C,0,0.9263503,0.556433379650116,0.9695181846618652,0.07873384654521942
YGR279C,YPR182W,0,0.92569524,0.5561195611953735,0.9695181846618652,0.07883401960134506
YHR005C-A,YMR224C,0,0.9253177,0.5558061003684998,0.9695181846618652,0.0789341852068901
YAL010C,YKL006W,0,0.9250538,0.5554929375648499,0.9695181846618652,0.07903435826301575
YKR099W,YDL060W,0,0.9222966,0.5551801919937134,0.9695181846618652,0.07913453131914139
YOR174W,YDR276C,0,0.91871125,0.5548677444458008,0.9695181846618652,0.07923469692468643
YCL059C,YDR204W,0,0.9094637,0.5545556545257568,0.9695181846618652,0.07933486998081207
YIR017C,YBR006W,0,0.9086793,0.5542439818382263,0.9695181846618652,0.07943504303693771
YKL085W,YDR292C,0,0.9080582,0.5539326071739197,0.9695181846618652,0.07953520864248276
YLR285W,YBL078C,0,0.9075064,0.5536215901374817,0.9695181846618652,0.0796353816986084
YJR027W,YBL013W,0,0.9063055,0.5533108711242676,0.9695181846618652,0.07973554730415344
YGL059W,YAR002C-A,0,0.90517646,0.5530005693435669,0.9695181846618652,0.07983572036027908
YJL198W,YJR048W,0,0.9051456,0.5526905655860901,0.9695181846618652,0.07993589341640472
YBL091C-A,YPL106C,0,0.9045169,0.5523809790611267,0.9695181846618652,0.08003605902194977
YDR347W,YLR067C,0,0.9020683,0.5520716905593872,0.9695181846618652,0.08013623207807541
YPR156C,YLR390W-A,0,0.9002828,0.5517627596855164,0.9695181846618652,0.08023640513420105
YHL032C,YLR419W,0,0.89999646,0.5514541268348694,0.9695181846618652,0.0803365707397461
YGL243W,YCL057C-A,0,0.8980717,0.5511459112167358,0.9695181846618652,0.08043674379587173
YNR020C,YER017C,0,0.8977055,0.5508379936218262,0.9695181846618652,0.08053690940141678
YOR145C,YOR091W,0,0.8954262,0.5505304336547852,0.9695181846618652,0.08063708245754242
YBR034C,YGL246C,0,0.8872228,0.5502232313156128,0.9695181846618652,0.08073725551366806
YCL067C,YBR031W,0,0.8846311,0.5499163269996643,0.9695181846618652,0.0808374211192131
YPL092W,YJL089W,0,0.8825112,0.5496098399162292,0.9695181846618652,0.08093759417533875
YDL143W,YDR233C,0,0.88019675,0.5493036508560181,0.9695181846618652,0.08103776723146439
YLL011W,YIR004W,0,0.8782765,0.5489977598190308,0.9695181846618652,0.08113793283700943
YLR327C,YDR172W,0,0.87816995,0.5486922860145569,0.9695181846618652,0.08123810589313507
YMR261C,YKL161C,0,0.877673,0.5483871102333069,0.9695181846618652,0.08133827149868011
YKR064W,YOL069W,0,0.87344164,0.5480822920799255,0.9695181846618652,0.08143844455480576
YDR087C,YHL003C,0,0.87240475,0.5477777719497681,0.9695181846618652,0.0815386176109314
YLR129W,YMR289W,0,0.8678631,0.5474736094474792,0.9695181846618652,0.08163878321647644
YOL056W,YGR264C,0,0.8652422,0.5471698045730591,0.9695181846618652,0.08173895627260208
YBL038W,YER143W,0,0.8643684,0.5468663573265076,0.9695181846618652,0.08183912932872772
YDR110W,YPR035W,0,0.8604149,0.5465632081031799,0.9695181846618652,0.08193929493427277
YPL154C,YJL048C,0,0.8557357,0.546260416507721,0.9695181846618652,0.08203946799039841
YNR002C,YDR233C,0,0.8556228,0.5459579229354858,0.9695181846618652,0.08213964104652405
YJR001W,YMR143W,0,0.85412806,0.5456557869911194,0.9695181846618652,0.08223980665206909
YNR043W,YGR085C,0,0.8510398,0.5453540086746216,0.9695181846618652,0.08233997970819473
YBR131W,YKL168C,0,0.8487504,0.5450525283813477,0.9695181846618652,0.08244014531373978
YCL074W,YNL243W,0,0.8486195,0.5447514057159424,0.9695181846618652,0.08254031836986542
YAL038W,YJL219W,0,0.84545225,0.544450581073761,0.9695181846618652,0.08264049142599106
YPL143W,YJL172W,0,0.8453632,0.5441501140594482,0.9695181846618652,0.0827406570315361
YHL015W,YIL088C,0,0.84453493,0.5438499450683594,0.9695181846618652,0.08284083008766174
YOR089C,YER126C,0,0.84247154,0.5435501933097839,0.9695181846618652,0.08294100314378738
YPR184W,YCR072C,0,0.84238154,0.5432506799697876,0.9695181846618652,0.08304116874933243
YER088C,YPL036W,0,0.8416944,0.5429515242576599,0.9695181846618652,0.08314134180545807
YBL056W,YDR381W,0,0.8388552,0.5426527261734009,0.9695181846618652,0.08324150741100311
YMR131C,YLR035C-A,0,0.8362493,0.5423542261123657,0.9695181846618652,0.08334168046712875
YMR072W,YDR284C,0,0.83605236,0.5420560836791992,0.9695181846618652,0.0834418535232544
YOR242C,YCR087C-A,0,0.833039,0.5417582392692566,0.9695181846618652,0.08354201912879944
YLR025W,YKR085C,0,0.83243316,0.5414607524871826,0.9695181846618652,0.08364219218492508
YDR224C,YMR020W,0,0.83112234,0.5411635637283325,0.9695181846618652,0.08374236524105072
YOR201C,YLR289W,0,0.82877845,0.5408667325973511,0.9695181846618652,0.08384253084659576
YER049W,YBR060C,0,0.82797724,0.5405701994895935,0.9695181846618652,0.0839427039027214
YML018C,YLR325C,0,0.82711333,0.5402739644050598,0.9695181846618652,0.08404286950826645
YOR175C,YDL081C,0,0.82352084,0.5399780869483948,0.9695181846618652,0.08414304256439209
YDL019C,YMR321C,0,0.82215273,0.5396825671195984,0.9695181846618652,0.08424321562051773
YOR036W,YNL098C,0,0.8218147,0.5393872857093811,0.9695181846618652,0.08434338122606277
YJR031C,YNL039W,0,0.8138964,0.5390924215316772,0.9695181846618652,0.08444355428218842
YLR032W,YNR001C,0,0.81325525,0.5387977957725525,0.9695181846618652,0.08454372733831406
YGL031C,YPL051W,0,0.81280506,0.5385035276412964,0.9695181846618652,0.0846438929438591
YNL161W,YGL030W,0,0.8115043,0.5382096171379089,0.9695181846618652,0.08474406599998474
YCR012W,YDR292C,0,0.8066181,0.5379160046577454,0.9695181846618652,0.08484423160552979
YKL135C,YKR002W,0,0.80526274,0.5376226902008057,0.9695181846618652,0.08494440466165543
YJL033W,YMR281W,0,0.80479115,0.5373296737670898,0.9695181846618652,0.08504457771778107
YPL178W,YJL124C,0,0.80414444,0.5370370149612427,0.9695181846618652,0.08514474332332611
YPL198W,YML085C,0,0.8023641,0.5367447137832642,0.9695181846618652,0.08524491637945175
YGL167C,YPL262W,0,0.80186826,0.5364526510238647,0.9695181846618652,0.08534508943557739
YLL035W,YDR449C,0,0.8000814,0.536160945892334,0.9695181846618652,0.08544525504112244
YOR155C,YMR207C,0,0.79550093,0.5358695387840271,0.9695181846618652,0.08554542809724808
YOR274W,YPL233W,0,0.7954152,0.5355784893035889,0.9695181846618652,0.08564560115337372
YLR321C,YKR056W,0,0.79271203,0.5352877378463745,0.9695181846618652,0.08574576675891876
YLR432W,YEL056W,0,0.7882432,0.534997284412384,0.9695181846618652,0.0858459398150444
YLR419W,YML060W,0,0.78823453,0.5347071290016174,0.9695181846618652,0.08594610542058945
YBR191W,YGR120C,0,0.78527087,0.5344173312187195,0.9695181846618652,0.08604627847671509
YNR028W,YKL166C,0,0.78357047,0.5341278314590454,0.9695181846618652,0.08614645153284073
YBL035C,YKL181W,0,0.78305507,0.5338386297225952,0.9695181846618652,0.08624661713838577
YPL139C,YLR287C-A,0,0.7828868,0.5335497856140137,0.9695181846618652,0.08634679019451141
YNR003C,YNL132W,0,0.78287095,0.533261239528656,0.9695181846618652,0.08644696325063705
YLR088W,YDR032C,0,0.7818319,0.5329729914665222,0.9695181846618652,0.0865471288561821
YJL103C,YMR241W,0,0.7803657,0.5326850414276123,0.9695181846618652,0.08664730191230774
YGL040C,YOR217W,0,0.7773231,0.5323973894119263,0.9695181846618652,0.08674746751785278
YMR173W,YCR052W,0,0.7772403,0.5321100950241089,0.9695181846618652,0.08684764057397842
YKL013C,YML085C,0,0.77210754,0.5318230986595154,0.9695181846618652,0.08694781363010406
YGR264C,YKL024C,0,0.77195877,0.5315364003181458,0.9695181846618652,0.08704797923564911
YFL026W,YPR067W,0,0.77039903,0.53125,0.9695181846618652,0.08714815229177475
YPL099C,YGL219C,0,0.76896685,0.5309638977050781,0.9695181846618652,0.08724832534790039
YDL130W-A,YNL216W,0,0.76830894,0.5306781530380249,0.9695181846618652,0.08734849095344543
YFR005C,YMR074C,0,0.76622146,0.5303927063941956,0.9695181846618652,0.08744866400957108
YJL191W,YHR118C,0,0.7536099,0.5301074981689453,0.9695181846618652,0.08754882961511612
YER131W,YJR060W,0,0.75245744,0.5298226475715637,0.9695181846618652,0.08764900267124176
YOR063W,YDL006W,0,0.75222343,0.5295381546020508,0.9695181846618652,0.0877491757273674
YLR143W,YKL093W,0,0.74430555,0.5292539000511169,0.9695181846618652,0.08784934133291245
YPL218W,YER019C-A,0,0.7433595,0.528969943523407,0.9695181846618652,0.08794951438903809
YGR184C,YLR344W,0,0.737785,0.5286863446235657,0.9695181846618652,0.08804968744516373
YNL180C,YDR246W,0,0.7358814,0.5284029841423035,0.9695181846618652,0.08814985305070877
YBR172C,YBR094W,0,0.7298484,0.5281199812889099,0.9695181846618652,0.08825002610683441
YBR175W,YIL043C,0,0.7298352,0.5278372764587402,0.9695181846618652,0.08835019171237946
YLR035C-A,YMR195W,0,0.7297662,0.5275548696517944,0.9695181846618652,0.0884503647685051
YOR369C,YBR055C,0,0.7264424,0.5272727012634277,0.9695181846618652,0.08855053782463074
YOR308C,YBR176W,0,0.72627866,0.5269908905029297,0.9695181846618652,0.08865070343017578
YKR002W,YMR145C,0,0.725765,0.5267093777656555,0.9695181846618652,0.08875087648630142
YKR094C,YDR531W,0,0.7240291,0.5264281630516052,0.9695181846618652,0.08885104954242706
YPR178W,YIL018W,0,0.72090423,0.5261473059654236,0.9695181846618652,0.0889512151479721
YDR170W-A,YKL145W,0,0.7206874,0.525866687297821,0.9695181846618652,0.08905138820409775
YFL054C,YPL131W,0,0.7160104,0.5255863666534424,0.9695181846618652,0.08915156126022339
YGL105W,YJL080C,0,0.7154748,0.5253063440322876,0.9695181846618652,0.08925172686576843
YMR121C,YNR037C,1,0.7145788,0.52555912733078,0.9705014824867249,0.08925172686576843
YHL003C,YIR038C,0,0.71435684,0.5252794027328491,0.9705014824867249,0.08935189992189407
YNL136W,YPR187W,0,0.7139708,0.5249999761581421,0.9705014824867249,0.08945206552743912
YDR117C,YMR122W-A,0,0.71224636,0.5247209072113037,0.9705014824867249,0.08955223858356476
YGR123C,YGR276C,0,0.71215916,0.5244420766830444,0.9705014824867249,0.0896524116396904
YDR405W,YGL070C,0,0.71191555,0.524163544178009,0.9705014824867249,0.08975257724523544
YBR177C,YOR155C,0,0.71100575,0.5238853693008423,0.9705014824867249,0.08985275030136108
YJR120W,YBL072C,0,0.7077473,0.5236074328422546,0.9705014824867249,0.08995292335748672
YLL048C,YDL072C,0,0.7046442,0.5233297944068909,0.9705014824867249,0.09005308896303177
YHR156C,YGL174W,0,0.7027198,0.523052453994751,0.9705014824867249,0.09015326201915741
YFL004W,YGR208W,0,0.7020646,0.522775411605835,0.9705014824867249,0.09025342762470245
YOR089C,YLR079W,0,0.70072037,0.5224986672401428,0.9705014824867249,0.0903536006808281
YHL034C,YNL095C,0,0.699444,0.5222222208976746,0.9705014824867249,0.09045377373695374
YBR024W,YLR327C,0,0.6994265,0.5219460725784302,0.9705014824867249,0.09055393934249878
YNL166C,YOR182C,0,0.6975718,0.5216701626777649,0.9705014824867249,0.09065411239862442
YPL050C,YEL021W,0,0.6962752,0.5213946104049683,0.9705014824867249,0.09075428545475006
YBR131W,YEL019C,0,0.69592506,0.5211192965507507,0.9705014824867249,0.0908544510602951
YHR209W,YLR056W,0,0.6946179,0.5208443403244019,0.9705014824867249,0.09095462411642075
YLR413W,YLR201C,0,0.6922805,0.5205696225166321,0.9705014824867249,0.09105478972196579
YML023C,YDR045C,0,0.69181067,0.5202952027320862,0.9705014824867249,0.09115496277809143
YKL081W,YDR415C,0,0.69011134,0.5200210809707642,0.9705014824867249,0.09125513583421707
YAL063C,YIR009W,0,0.68845516,0.519747257232666,0.9705014824867249,0.09135530143976212
YBL039C,YDL216C,0,0.68758935,0.519473671913147,0.9705014824867249,0.09145547449588776
YKL195W,YFL026W,0,0.6869511,0.5192004442214966,0.9705014824867249,0.0915556475520134
YLR285W,YJL080C,0,0.68526405,0.5189274549484253,0.9705014824867249,0.09165581315755844
YIL064W,YBR195C,0,0.6851036,0.5186547636985779,0.9705014824867249,0.09175598621368408
YML039W,YPR072W,0,0.6846155,0.5183823704719543,0.9705014824867249,0.09185615181922913
YDL008W,YKR059W,0,0.6840839,0.5181102156639099,0.9705014824867249,0.09195632487535477
YIR004W,YGL147C,0,0.683996,0.5178384184837341,0.9705014824867249,0.09205649793148041
YGR106C,YMR009W,0,0.6803305,0.5175668597221375,0.9705014824867249,0.09215666353702545
YDR545W,YPL154C,0,0.68021005,0.5172955989837646,0.9705014824867249,0.09225683659315109
YMR194W,YBR096W,0,0.6776357,0.5170246362686157,0.9705014824867249,0.09235700964927673
YLR248W,YFR010W,0,0.6775086,0.5167539119720459,0.9705014824867249,0.09245717525482178
YJL190C,YBR164C,0,0.677192,0.5164835453033447,0.9705014824867249,0.09255734831094742
YOR148C,YDL043C,0,0.67379314,0.5162134170532227,0.9705014824867249,0.09265752136707306
YGR118W,YMR183C,0,0.67152584,0.5159435272216797,0.9705014824867249,0.0927576869726181
YFR001W,YIL088C,0,0.6705217,0.5156739950180054,0.9705014824867249,0.09285786002874374
YMR302C,YNL111C,0,0.6702861,0.5154047012329102,0.9705014824867249,0.09295802563428879
YLR452C,YLR249W,0,0.66944116,0.5151357054710388,0.9705014824867249,0.09305819869041443
YNL055C,YDR279W,0,0.66831774,0.5148670077323914,0.9705014824867249,0.09315837174654007
YPL259C,YDL055C,0,0.6651476,0.514598548412323,0.9705014824867249,0.09325853735208511
YOR264W,YGL139W,0,0.6642045,0.5143303871154785,0.9705014824867249,0.09335871040821075
YDR213W,YPL131W,0,0.66313654,0.5140625238418579,0.9705014824867249,0.0934588834643364
YJR028W,YNL010W,0,0.6628918,0.5137948989868164,0.9705014824867249,0.09355904906988144
YMR002W,YIL043C,0,0.6627578,0.5135275721549988,0.9705014824867249,0.09365922212600708
YDR170W-A,YOR143C,0,0.6615775,0.513260543346405,0.9705014824867249,0.09375938773155212
YLR193C,YDR115W,0,0.66052413,0.5129937529563904,0.9705014824867249,0.09385956078767776
YGL205W,YBL076C,0,0.6604296,0.5127272605895996,0.9705014824867249,0.0939597338438034
YGR170W,YGR027C,0,0.65810835,0.5124610662460327,0.9705014824867249,0.09405989944934845
YHR209W,YOL112W,0,0.6569361,0.5121951103210449,0.9705014824867249,0.09416007250547409
YIL051C,YNL175C,0,0.65668315,0.511929452419281,0.9705014824867249,0.09426024556159973
YFR032C-A,YJL174W,0,0.6566703,0.511664092540741,0.9705014824867249,0.09436041116714478
YNL039W,YPR175W,0,0.65519094,0.51139897108078,0.9705014824867249,0.09446058422327042
YJL033W,YOR215C,0,0.6547852,0.511134147644043,0.9705014824867249,0.09456074982881546
YGL227W,YKL170W,0,0.6523327,0.510869562625885,0.9705014824867249,0.0946609228849411
YLR014C,YBL041W,0,0.65049136,0.5106052756309509,0.9705014824867249,0.09476109594106674
YML031W,YFL002W-A,0,0.64659315,0.5103412866592407,0.9705014824867249,0.09486126154661179
YDR395W,YNL188W,0,0.64610314,0.5100775361061096,0.9705014824867249,0.09496143460273743
YIL053W,YGR062C,0,0.645792,0.5098140239715576,0.9705014824867249,0.09506160765886307
YOR232W,YMR235C,0,0.64123553,0.5095508694648743,0.9705014824867249,0.09516177326440811
YBR146W,YMR300C,0,0.64052314,0.50928795337677,0.9705014824867249,0.09526194632053375
YIL048W,YBL091C,0,0.639973,0.5090252757072449,0.9705014824867249,0.0953621119260788
YMR123W,YAL026C,0,0.6389679,0.5087628960609436,0.9705014824867249,0.09546228498220444
YMR285C,YNR011C,0,0.63347334,0.5085007548332214,0.9705014824867249,0.09556245803833008
YOR215C,YDR088C,0,0.6307784,0.5082389116287231,0.9705014824867249,0.09566262364387512
YGR170W,YLR448W,0,0.63025475,0.5079773664474487,0.9705014824867249,0.09576279670000076
YDR436W,YMR143W,0,0.6273118,0.5077160596847534,0.9705014824867249,0.0958629697561264
YHR138C,YGL107C,0,0.6245052,0.5074549913406372,0.9705014824867249,0.09596313536167145
YGR295C,YER038C,0,0.62354445,0.5071942210197449,0.9705014824867249,0.09606330841779709
YDL061C,YPR138C,0,0.62108785,0.5069337487220764,0.9705014824867249,0.09616348147392273
YKR085C,YPL206C,0,0.6208995,0.5066735148429871,0.9705014824867249,0.09626364707946777
YNL138W,YJR032W,0,0.6199171,0.5064135193824768,0.9705014824867249,0.09636382013559341
YOR047C,YPR158W-B,0,0.61899126,0.5061538219451904,0.9705014824867249,0.09646398574113846
YHR171W,YNL050C,0,0.6189248,0.5058944225311279,0.9705014824867249,0.0965641587972641
YER028C,YOR230W,0,0.618393,0.5056352615356445,0.9705014824867249,0.09666433185338974
YGR076C,YNL102W,0,0.61680216,0.5053763389587402,0.9705014824867249,0.09676449745893478
YPL252C,YIL133C,0,0.61640924,0.5051177144050598,0.9705014824867249,0.09686467051506042
YGL190C,YPL231W,0,0.61506695,0.5048593282699585,0.9705014824867249,0.09696484357118607
YMR308C,YPR097W,0,0.6144158,0.504601240158081,0.9705014824867249,0.09706500917673111
YPR060C,YHR011W,0,0.61388093,0.5043433904647827,0.9705014824867249,0.09716518223285675
YLR088W,YLR167W,0,0.61140263,0.5040857791900635,0.9705014824867249,0.0972653478384018
YOR267C,YLL033W,0,0.6096757,0.5038284659385681,0.9705014824867249,0.09736552089452744
YER060W-A,YGR165W,0,0.6070455,0.5035714507102966,0.9705014824867249,0.09746569395065308
YGR112W,YJL058C,0,0.6064974,0.5033146142959595,0.9705014824867249,0.09756585955619812
YIR011C,YLL045C,0,0.6003476,0.5030580759048462,0.9705014824867249,0.09766603261232376
YPL169C,YHR088W,0,0.59838635,0.5028018355369568,0.9705014824867249,0.0977662056684494
YPL127C,YGR001C,0,0.5964182,0.5025458335876465,0.9705014824867249,0.09786637127399445
YNL138W,YLR167W,0,0.59458435,0.5022900700569153,0.9705014824867249,0.09796654433012009
YGR179C,YDR303C,0,0.59367895,0.502034604549408,0.9705014824867249,0.09806670993566513
YGR001C,YNL268W,0,0.5904852,0.5017793774604797,0.9705014824867249,0.09816688299179077
YNL031C,YNL132W,0,0.5839105,0.5015243887901306,0.9705014824867249,0.09826705604791641
YBR291C,YGR185C,0,0.58287364,0.5012696981430054,0.9705014824867249,0.09836722165346146
YKL021C,YHR109W,0,0.5819379,0.5010152459144592,0.9705014824867249,0.0984673947095871
YGR235C,YGL213C,0,0.5808831,0.5007610321044922,0.9705014824867249,0.09856756776571274
YPR133C,YFR003C,0,0.57969517,0.500507116317749,0.9705014824867249,0.09866773337125778
YHL034C,YOR250C,0,0.5792514,0.500253438949585,0.9705014824867249,0.09876790642738342
YBR189W,YNL062C,0,0.57837176,0.5,0.9705014824867249,0.09886807203292847
YOL069W,YDR167W,0,0.5752239,0.49974682927131653,0.9705014824867249,0.09896824508905411
YLR185W,YDR412W,0,0.5748598,0.49949392676353455,0.9705014824867249,0.09906841814517975
YHR111W,YIL034C,0,0.5725953,0.49924126267433167,0.9705014824867249,0.09916858375072479
YPR007C,YIL046W,0,0.5724575,0.4989888668060303,0.9705014824867249,0.09926875680685043
YIL123W,YKL080W,0,0.5698014,0.49873673915863037,0.9705014824867249,0.09936892986297607
YKL156W,YLR023C,0,0.569648,0.49848484992980957,0.9705014824867249,0.09946909546852112
YGR046W,YLR023C,0,0.5675688,0.49823322892189026,0.9705014824867249,0.09956926852464676
YGL237C,YKL206C,0,0.56742674,0.49798184633255005,0.9705014824867249,0.0996694415807724
YDR170W-A,YPL224C,0,0.5653325,0.49773070216178894,0.9705014824867249,0.09976960718631744
YOR221C,YOR264W,0,0.5646005,0.4974798262119293,0.9705014824867249,0.09986978024244308
YHR070W,YOL005C,0,0.560515,0.4972292184829712,0.9705014824867249,0.09996994584798813
YER131W,YOR195W,0,0.5599566,0.49697884917259216,0.9705014824867249,0.10007011890411377
YNL173C,YKL100C,0,0.556283,0.4967287480831146,0.9705014824867249,0.10017029196023941
YDL124W,YJR131W,0,0.5554833,0.4964788854122162,0.9705014824867249,0.10027045756578445
YJL197W,YLR035C-A,0,0.5546512,0.49622926115989685,0.9705014824867249,0.1003706306219101
YNL081C,YGL059W,0,0.5525229,0.495979905128479,0.9705014824867249,0.10047080367803574
YCR075C,YKR093W,0,0.551268,0.49573078751564026,0.9705014824867249,0.10057096928358078
YMR221C,YLL018C-A,0,0.54945105,0.495481938123703,0.9705014824867249,0.10067114233970642
YJL066C,YDR469W,0,0.5446696,0.49523332715034485,0.9705014824867249,0.10077130794525146
YKL094W,YIL070C,0,0.54063165,0.4949849545955658,0.9705014824867249,0.1008714810013771
YGL185C,YNL062C,0,0.5404611,0.49473685026168823,0.9705014824867249,0.10097165405750275
YMR179W,YNL110C,0,0.5403815,0.49448898434638977,0.9705014824867249,0.10107181966304779
YPL091W,YDR337W,0,0.54019445,0.4942413568496704,0.9705014824867249,0.10117199271917343
YLR344W,YMR200W,0,0.5401615,0.49399399757385254,0.9705014824867249,0.10127216577529907
YPR160W,YOR127W,0,0.5396958,0.49374687671661377,0.9705014824867249,0.10137233138084412
YKR057W,YMR275C,0,0.5385768,0.4934999942779541,0.9705014824867249,0.10147250443696976
YFL049W,YNL301C,0,0.53704655,0.4932533800601959,0.9705014824867249,0.1015726700425148
YDL007W,YGL253W,0,0.53271496,0.49300700426101685,0.9705014824867249,0.10167284309864044
YLL008W,YMR012W,0,0.5321534,0.49276086688041687,0.9705014824867249,0.10177301615476608
YML081C-A,YNR011C,0,0.5321157,0.492514967918396,0.9705014824867249,0.10187318176031113
YOR071C,YNL101W,0,0.5300756,0.4922693371772766,0.9705014824867249,0.10197335481643677
YMR193W,YNR007C,0,0.5252135,0.49202391505241394,0.9705014824867249,0.10207352787256241
YHL036W,YKL156W,0,0.5246679,0.49177876114845276,0.9705014824867249,0.10217369347810745
YOR266W,YPR120C,0,0.5208815,0.49153387546539307,0.9705014824867249,0.1022738665342331
YJR126C,YIR038C,0,0.51900566,0.4912891983985901,0.9705014824867249,0.10237403213977814
YKR060W,YCR071C,1,0.51732713,0.4915422797203064,0.9714847803115845,0.10237403213977814
YHR169W,YBR065C,0,0.5160379,0.4912978708744049,0.9714847803115845,0.10247420519590378
YGL194C,YLL033W,0,0.51591426,0.49105367064476013,0.9714847803115845,0.10257437825202942
YML043C,YML107C,0,0.5148569,0.49080973863601685,0.9714847803115845,0.10267454385757446
YHL038C,YPR026W,0,0.5129756,0.49056604504585266,0.9714847803115845,0.1027747169137001
YPL091W,YOL007C,0,0.511324,0.4903225898742676,0.9714847803115845,0.10287488996982574
YOR136W,YER091C,0,0.5112615,0.4900793731212616,0.9714847803115845,0.10297505557537079
YDR062W,YFR049W,0,0.51045156,0.4898363947868347,0.9714847803115845,0.10307522863149643
YDR379W,YGL103W,0,0.510142,0.48959365487098694,0.9714847803115845,0.10317540168762207
YPL119C,YIL078W,0,0.5092158,0.48935115337371826,0.9714847803115845,0.10327556729316711
YGR194C,YDR150W,0,0.50816876,0.4891089200973511,0.9714847803115845,0.10337574034929276
YJL197W,YBR248C,0,0.50802594,0.4888668954372406,0.9714847803115845,0.1034759059548378
YDR441C,YGR029W,0,0.5078127,0.48862510919570923,0.9714847803115845,0.10357607901096344
YCL031C,YGR235C,0,0.50757736,0.48838359117507935,0.9714847803115845,0.10367625206708908
YLR038C,YBL028C,0,0.50702244,0.4881422817707062,0.9714847803115845,0.10377641767263412
YJL071W,YLR394W,0,0.5061069,0.4879012405872345,0.9714847803115845,0.10387659072875977
YCR024C,YMR241W,0,0.50478643,0.48766040802001953,0.9714847803115845,0.1039767637848854
YDR453C,YAR002C-A,0,0.49868208,0.48741984367370605,0.9714847803115845,0.10407692939043045
YJR121W,YMR210W,0,0.49770486,0.4871794879436493,0.9714847803115845,0.10417710244655609
YKL034W,YLR213C,0,0.49721044,0.48693937063217163,0.9714847803115845,0.10427726805210114
YMR319C,YGL122C,0,0.4955541,0.48669952154159546,0.9714847803115845,0.10437744110822678
YPL085W,YOR259C,0,0.49362963,0.486459881067276,0.9714847803115845,0.10447761416435242
YNL302C,YIL153W,0,0.4891997,0.48622047901153564,0.9714847803115845,0.10457777976989746
YCR060W,YPR133W-A,0,0.48919797,0.4859813153743744,0.9714847803115845,0.1046779528260231
YHR021C,YLR419W,0,0.48880142,0.48574239015579224,0.9714847803115845,0.10477812588214874
YDL083C,YHR035W,0,0.4871065,0.4855036735534668,0.9714847803115845,0.10487829148769379
YDR122W,YGR175C,0,0.48672754,0.48526522517204285,0.9714847803115845,0.10497846454381943
YMR089C,YER052C,0,0.48611742,0.485027015209198,0.9714847803115845,0.10507863014936447
YDL209C,YEL050C,0,0.48552674,0.48478901386260986,0.9714847803115845,0.10517880320549011
YHR025W,YDR080W,0,0.4848305,0.48455125093460083,0.9714847803115845,0.10527897626161575
YBR086C,YOR142W-A,0,0.4838152,0.4843137264251709,0.9714847803115845,0.1053791418671608
YEL052W,YMR122W-A,0,0.4829728,0.48407644033432007,0.9714847803115845,0.10547931492328644
YKR006C,YER090W,0,0.48007566,0.48383936285972595,0.9714847803115845,0.10557948797941208
YOL141W,YEL024W,0,0.47809142,0.4836025536060333,0.9714847803115845,0.10567965358495712
YLR286C,YNL183C,0,0.47604513,0.4833659529685974,0.9714847803115845,0.10577982664108276
YGR220C,YDR265W,0,0.47494662,0.4831295907497406,0.9714847803115845,0.1058799996972084
YNR015W,YCR097WB,0,0.4745348,0.4828934371471405,0.9714847803115845,0.10598016530275345
YLR083C,YMR183C,0,0.4723832,0.4826575517654419,0.9714847803115845,0.10608033835887909
YOL040C,YMR081C,0,0.46588272,0.482421875,0.9714847803115845,0.10618050396442413
YMR242C,YCR052W,0,0.46455258,0.4821864366531372,0.9714847803115845,0.10628067702054977
YDR299W,YPL186C,0,0.46407843,0.48195120692253113,0.9714847803115845,0.10638085007667542
YCL069W,YMR149W,0,0.4638359,0.48171624541282654,0.9714847803115845,0.10648101568222046
YMR321C,YKR048C,0,0.4630652,0.48148149251937866,0.9714847803115845,0.1065811887383461
YCR054C,YKR085C,0,0.46196222,0.4812469482421875,0.9714847803115845,0.10668136179447174
YPR006C,YGR193C,0,0.46173656,0.4810126721858978,0.9714847803115845,0.10678152740001678
YGL190C,YER102W,0,0.46160442,0.4807785749435425,0.9714847803115845,0.10688170045614243
YDR101C,YNL288W,0,0.46100295,0.4805447459220886,0.9714847803115845,0.10698186606168747
YLR352W,YBR191W,0,0.4606899,0.4803111255168915,0.9714847803115845,0.10708203911781311
YMR142C,YNL280C,0,0.4591416,0.48007774353027344,0.9714847803115845,0.10718221217393875
YNR031C,YDR303C,0,0.4579702,0.4798445701599121,0.9714847803115845,0.1072823777794838
YLR305C,YPR080W,0,0.4564212,0.47961166501045227,0.9714847803115845,0.10738255083560944
YJL103C,YDL130W-A,0,0.45310265,0.47937893867492676,0.9714847803115845,0.10748272389173508
YOL133W,YIL038C,0,0.45079094,0.47914645075798035,0.9714847803115845,0.10758288949728012
YOR063W,YOR054C,0,0.4500472,0.47891420125961304,0.9714847803115845,0.10768306255340576
YDL060W,YKL155C,1,0.449646,0.4791666567325592,0.9724680185317993,0.10768306255340576
YGL014W,YKR105C,0,0.44764394,0.4789346158504486,0.9724680185317993,0.1077832281589508
YFR032C-A,YPL276W,0,0.44713175,0.4787028133869171,0.9724680185317993,0.10788340121507645
YER149C,YPR166C,0,0.44689512,0.47847121953964233,0.9724680185317993,0.10798357427120209
YBR153W,YDR268W,0,0.444996,0.47823983430862427,0.9724680185317993,0.10808373987674713
YPL090C,YPL214C,0,0.44384164,0.4780086874961853,0.9724680185317993,0.10818391293287277
YIR005W,YGL135W,0,0.44027674,0.47777777910232544,0.9724680185317993,0.10828408598899841
YLR142W,YOR065W,0,0.43803638,0.4775470793247223,0.9724680185317993,0.10838425159454346
YFL029C,YOL098C,0,0.4373756,0.47731658816337585,0.9724680185317993,0.1084844246506691
YOL124C,YLR067C,0,0.4362532,0.4770863354206085,0.9724680185317993,0.10858459025621414
YHR079C-B,YGR099W,0,0.43495744,0.4768563210964203,0.9724680185317993,0.10868476331233978
YKL079W,YKL016C,0,0.43484133,0.47662651538848877,0.9724680185317993,0.10878493636846542
YPR133W-A,YGL232W,0,0.434323,0.47639691829681396,0.9724680185317993,0.10888510197401047
YKL058W,YBR213W,0,0.43225425,0.47616755962371826,0.9724680185317993,0.10898527503013611
YER099C,YDR470C,0,0.43208605,0.4759384095668793,0.9724680185317993,0.10908544808626175
YAL023C,YPR098C,0,0.43101162,0.475709468126297,0.9724680185317993,0.1091856136918068
YLR043C,YCL057C-A,0,0.42850298,0.4754807651042938,0.9724680185317993,0.10928578674793243
YOR243C,YDR177W,0,0.42732376,0.47525227069854736,0.9724680185317993,0.10938595980405807
YPL169C,YNR020C,0,0.42578804,0.47502401471138,0.9724680185317993,0.10948612540960312
YML041C,YOR065W,0,0.42348427,0.47479596734046936,0.9724680185317993,0.10958629846572876
YPL173W,YJL197W,0,0.4222287,0.47456812858581543,0.9724680185317993,0.1096864640712738
YFL045C,YLR060W,0,0.42045218,0.4743405282497406,0.9724680185317993,0.10978663712739944
YGR174C,YIL014W,0,0.41991323,0.4741131365299225,0.9724680185317993,0.10988681018352509
YOL086C,YLR204W,0,0.41925436,0.4738859534263611,0.9724680185317993,0.10998697578907013
YER100W,YOR046C,0,0.41825986,0.4736590087413788,0.9724680185317993,0.11008714884519577
YBL034C,YDR337W,0,0.41630214,0.4734322726726532,0.9724680185317993,0.11018732190132141
YBL091C-A,YGL064C,0,0.41585934,0.4732057452201843,0.9724680185317993,0.11028748750686646
YOR158W,YLR337W,0,0.4154052,0.47297942638397217,0.9724680185317993,0.1103876605629921
YCL057C-A,YNL027W,0,0.4116677,0.4727533459663391,0.9724680185317993,0.11048782616853714
YBL056W,YKL200C,0,0.41018718,0.47252747416496277,0.9724680185317993,0.11058799922466278
YNL178W,YGR056W,0,0.4093166,0.47230181097984314,0.9724680185317993,0.11068817228078842
YLR109W,YNL284C,0,0.40931576,0.4720763862133026,0.9724680185317993,0.11078833788633347
YHR214C-C,YGR071C,0,0.40803176,0.4718511402606964,0.9724680185317993,0.1108885109424591
YOR252W,YLR008C,0,0.4068157,0.4716261327266693,0.9724680185317993,0.11098868399858475
YBR067C,YNL103W,0,0.406749,0.4714013338088989,0.9724680185317993,0.11108884960412979
YMR076C,YCR097WB,0,0.40565133,0.47117674350738525,0.9724680185317993,0.11118902266025543
YMR051C,YDR369C,0,0.40502447,0.4709523916244507,0.9724680185317993,0.11128918826580048
YLR029C,YIR009W,0,0.40297592,0.47072821855545044,0.9724680185317993,0.11138936132192612
YOR131C,YDL074C,0,0.40261304,0.4705042839050293,0.9724680185317993,0.11148953437805176
YDL130W,YNL190W,0,0.402317,0.47028055787086487,0.9724680185317993,0.1115896999835968
YOR270C,YGR155W,0,0.40056288,0.47005704045295715,0.9724680185317993,0.11168987303972244
YJL053W,YIL133C,0,0.40042531,0.46983373165130615,0.9724680185317993,0.11179004609584808
YPR024W,YDL171C,0,0.3947088,0.46961063146591187,0.9724680185317993,0.11189021170139313
YDR110W,YPR155C,0,0.39413363,0.4693877696990967,0.9724680185317993,0.11199038475751877
YPL087W,YIL130W,0,0.39402306,0.4691650867462158,0.9724680185317993,0.11209055036306381
YGR155W,YGL106W,0,0.39332587,0.4689426124095917,0.9724680185317993,0.11219072341918945
YDR151C,YDR402C,0,0.3929451,0.46872037649154663,0.9724680185317993,0.1122908964753151
YAR007C,YPL105C,0,0.39165884,0.4684983491897583,0.9724680185317993,0.11239106208086014
YCL003W,YPR114W,0,0.3913982,0.4682765007019043,0.9724680185317993,0.11249123513698578
YDR120C,YGR285C,0,0.39112288,0.4680548906326294,0.9724680185317993,0.11259140819311142
YBL087C,YBL091C,0,0.3908103,0.4678334891796112,0.9724680185317993,0.11269157379865646
YNL038W,YMR143W,0,0.38931686,0.46761229634284973,0.9724680185317993,0.1127917468547821
YHR136C,YDL021W,0,0.38552636,0.46739131212234497,0.9724680185317993,0.11289191991090775
YML048W,YHR147C,0,0.38546246,0.4671705365180969,0.9724680185317993,0.11299208551645279
YJL066C,YMR223W,0,0.3843245,0.4669499397277832,0.9724680185317993,0.11309225857257843
YOR101W,YER031C,0,0.3789218,0.4667295813560486,0.9724680185317993,0.11319242417812347
YOR049C,YJL194W,0,0.37786376,0.4665094316005707,0.9724680185317993,0.11329259723424911
YLR044C,YDR229W,0,0.3754812,0.4662894904613495,0.9724680185317993,0.11339277029037476
YDR434W,YNL244C,0,0.3753572,0.466069757938385,0.9724680185317993,0.1134929358959198
YDL106C,YNL062C,0,0.374084,0.46585020422935486,0.9724680185317993,0.11359310895204544
YDL138W,YGR161C-D,0,0.37163055,0.4656308889389038,0.9724680185317993,0.11369328200817108
YKL060C,YPR110C,0,0.36953056,0.4654117524623871,0.9724680185317993,0.11379344761371613
YIR036C,YBR026C,0,0.3665921,0.46519285440444946,0.9724680185317993,0.11389362066984177
YMR131C,YHL012W,0,0.36631733,0.46497413516044617,0.9724680185317993,0.11399378627538681
YER005W,YBR048W,0,0.36593813,0.4647556245326996,0.9724680185317993,0.11409395933151245
YBR257W,YPL090C,0,0.36589342,0.4645373523235321,0.9724680185317993,0.11419413238763809
YEL027W,YIR038C,0,0.36560017,0.46431925892829895,0.9724680185317993,0.11429429799318314
YOL064C,YEL012W,0,0.36526388,0.4641013741493225,0.9724680185317993,0.11439447104930878
YCR028C,YFR029W,0,0.36483604,0.4638836681842804,0.9724680185317993,0.11449464410543442
YMR099C,YCR012W,0,0.36450833,0.4636662006378174,0.9724680185317993,0.11459480971097946
YOR335C,YNR038W,0,0.3634771,0.4634489119052887,0.9724680185317993,0.1146949827671051
YML016C,YER029C,0,0.3628872,0.4632318615913391,0.9724680185317993,0.11479514837265015
YGL006W,YJL073W,0,0.36010337,0.46301499009132385,0.9724680185317993,0.11489532142877579
YOR298W,YMR322C,0,0.3564934,0.4627983272075653,0.9724680185317993,0.11499549448490143
YGL087C,YML120C,0,0.35640925,0.4625818431377411,0.9724680185317993,0.11509566009044647
YML106W,YPL068C,0,0.35632575,0.46236559748649597,0.9724680185317993,0.11519583314657211
YMR053C,YNL062C,0,0.35553676,0.4621495306491852,0.9724680185317993,0.11529600620269775
YPL257W-A,YMR137C,0,0.35440344,0.4619336724281311,0.9724680185317993,0.1153961718082428
YOL145C,YEL056W,0,0.3541509,0.46171802282333374,0.9724680185317993,0.11549634486436844
YDR299W,YPL111W,0,0.3523485,0.4615025520324707,0.9724680185317993,0.11559651046991348
YDR165W,YKL199C,0,0.34950513,0.46128731966018677,0.9724680185317993,0.11569668352603912
YDR410C,YMR105C,0,0.34797102,0.46107226610183716,0.9724680185317993,0.11579685658216476
YGL028C,YGR238C,0,0.3466946,0.46085742115974426,0.9724680185317993,0.11589702218770981
YMR089C,YGR254W,0,0.344653,0.4606427550315857,0.9724680185317993,0.11599719524383545
YOL136C,YCR057C,0,0.3411755,0.46042829751968384,0.9724680185317993,0.11609736829996109
YNL273W,YJL053W,0,0.34044778,0.4602140486240387,0.9724680185317993,0.11619753390550613
YJL136C,YGL170C,0,0.33973193,0.46000000834465027,0.9724680185317993,0.11629770696163177
YBR160W,YGR211W,0,0.33888382,0.45978614687919617,0.9724680185317993,0.11639788001775742
YML058W-A,YNL107W,0,0.33633184,0.4595724940299988,0.9724680185317993,0.11649804562330246
YCR055C,YKL205W,0,0.33593094,0.4593590199947357,0.9724680185317993,0.1165982186794281
YER087W,YOR211C,0,0.33581865,0.45914578437805176,0.9724680185317993,0.11669838428497314
YOR155C,YLR337W,0,0.33517826,0.4589327275753021,0.9724680185317993,0.11679855734109879
YKR031C,YGR254W,0,0.33416343,0.4587198495864868,0.9724680185317993,0.11689873039722443
YMR192W,YMR143W,0,0.3337372,0.4585071802139282,0.9724680185317993,0.11699889600276947
YHL015W,YML052W,0,0.3317523,0.45829471945762634,0.9724680185317993,0.11709906905889511
YMR205C,YER108C,0,0.33162814,0.4580824375152588,0.9724680185317993,0.11719924211502075
YLR344W,YNL107W,0,0.33091944,0.45787036418914795,0.9724680185317993,0.1172994077205658
YBR205W,YLR395C,0,0.3292603,0.4576584994792938,0.9724680185317993,0.11739958077669144
YNL142W,YPR133W-A,0,0.32863683,0.457446813583374,0.9724680185317993,0.11749974638223648
YJL021C,YMR217W,0,0.32833302,0.45723530650138855,0.9724680185317993,0.11759991943836212
YDR464W,YIL038C,0,0.32793432,0.4570240378379822,0.9724680185317993,0.11770009249448776
YJL166W,YJL079C,0,0.3274752,0.45681291818618774,0.9724680185317993,0.1178002581000328
YGR003W,YPR128C,0,0.32723802,0.4566020369529724,0.9724680185317993,0.11790043115615845
YDR224C,YPL087W,0,0.3257829,0.4563913345336914,0.9724680185317993,0.11800060421228409
YKR026C,YOR271C,0,0.32413787,0.4561808109283447,0.9724680185317993,0.11810076981782913
YLR025W,YMR193W,0,0.3238961,0.45597049593925476,0.9724680185317993,0.11820094287395477
YOR078W,YOL065C,0,0.32029825,0.4557603597640991,0.9724680185317993,0.11830110847949982
YGL155W,YLR312W-A,0,0.31977195,0.4555504322052002,0.9724680185317993,0.11840128153562546
YKR030W,YER179W,0,0.31829274,0.455340713262558,0.9724680185317993,0.1185014545917511
YML005W,YCL057C-A,0,0.31425178,0.4551311433315277,0.9724680185317993,0.11860162019729614
YNL102W,YLR045C,0,0.31399757,0.45492181181907654,0.9724680185317993,0.11870179325342178
YOR036W,YDR238C,0,0.31274283,0.4547126293182373,0.9724680185317993,0.11880196630954742
YPR086W,YIL020C,0,0.31211585,0.4545036852359772,0.9724680185317993,0.11890213191509247
YMR226C,YPR110C,0,0.31167692,0.454294890165329,0.9724680185317993,0.11900230497121811
YLR153C,YLR391W,0,0.31094986,0.4540863037109375,0.9724680185317993,0.11910247057676315
YOL103W-A,YDR072C,0,0.3103183,0.45387792587280273,0.9724680185317993,0.1192026436328888
YLL048C,YER087W,0,0.30914056,0.4536697268486023,0.9724680185317993,0.11930281668901443
YPR095C,YKR093W,0,0.3066575,0.4534617066383362,0.9724680185317993,0.11940298229455948
YDR361C,YFR010W,0,0.3062088,0.4532538950443268,0.9724680185317993,0.11950315535068512
YOR313C,YNR022C,0,0.3053627,0.4530462622642517,0.9724680185317993,0.11960332840681076
YLR074C,YKL143W,0,0.304999,0.45283883810043335,0.9724680185317993,0.1197034940123558
YFR032C-A,YGL162W,0,0.3047645,0.4526315927505493,0.9724680185317993,0.11980366706848145
YDR177W,YDR088C,0,0.3019567,0.4524245262145996,0.9724680185317993,0.11990384012460709
YBL028C,YNL010W,0,0.3007344,0.45221763849258423,0.9724680185317993,0.12000400573015213
YIL052C,YKL158W,0,0.29971474,0.45201095938682556,0.9724680185317993,0.12010417878627777
YKR061W,YIL113W,0,0.29770404,0.4518044888973236,0.9724680185317993,0.12020434439182281
YPL106C,YPL207W,0,0.2973526,0.4515981674194336,0.9724680185317993,0.12030451744794846
YJL021C,YPR187W,0,0.29598582,0.4513920545578003,0.9724680185317993,0.1204046905040741
YKR049C,YMR091C,0,0.29571265,0.4511861205101013,0.9724680185317993,0.12050485610961914
YDR177W,YPL120W,0,0.29488605,0.45098039507865906,0.9724680185317993,0.12060502916574478
YOR359W,YLR344W,0,0.2940811,0.4507748484611511,0.9724680185317993,0.12070520222187042
YGR112W,YLR247C,0,0.29391605,0.4505694806575775,0.9724680185317993,0.12080536782741547
YLR227W-A,YHR174W,0,0.29345328,0.45036429166793823,0.9724680185317993,0.12090554088354111
YNL292W,YJR133W,0,0.29314482,0.45015931129455566,0.9724680185317993,0.12100570648908615
YBR100W,YOR227W,0,0.29301357,0.4499545097351074,0.9724680185317993,0.12110587954521179
YLR038C,YGR189C,0,0.29284734,0.4497498869895935,0.9724680185317993,0.12120605260133743
YLR260W,YDL055C,0,0.28989065,0.4495454430580139,0.9724680185317993,0.12130621820688248
YCR038C,YJR042W,0,0.28797323,0.44934120774269104,0.9724680185317993,0.12140639126300812
YKR088C,YNL301C,0,0.28770137,0.4491371512413025,0.9724680185317993,0.12150656431913376
YDR144C,YBR283C,0,0.28646636,0.44893327355384827,0.9724680185317993,0.1216067299246788
YBR273C,YLL014W,0,0.28449422,0.44872957468032837,0.9724680185317993,0.12170690298080444
YDL192W,YLL055W,0,0.28413135,0.4485260844230652,0.9724680185317993,0.12180706858634949
YGL062W,YLR451W,0,0.28315932,0.44832274317741394,0.9724680185317993,0.12190724164247513
YNL007C,YGL010W,0,0.28206855,0.4481196105480194,0.9724680185317993,0.12200741469860077
YLR085C,YIL005W,0,0.28205204,0.4479166567325592,0.9724680185317993,0.12210758030414581
YOR047C,YMR218C,0,0.28166264,0.4477139115333557,0.9724680185317993,0.12220775336027145
YPR174C,YMR188C,0,0.28148133,0.44751131534576416,0.9724680185317993,0.1223079264163971
YOR068C,YLR359W,0,0.2811545,0.44730889797210693,0.9724680185317993,0.12240809202194214
YPR186C,YGR094W,0,0.2809456,0.4471066892147064,0.9724680185317993,0.12250826507806778
YDL145C,YHL031C,0,0.28046298,0.44690465927124023,0.9724680185317993,0.12260843068361282
YLR391W,YPR086W,0,0.28022808,0.4467028081417084,0.9724680185317993,0.12270860373973846
YCR077C,YLR060W,0,0.27986228,0.44650113582611084,0.9724680185317993,0.1228087767958641
YEL001C,YGL200C,0,0.27862245,0.44629964232444763,0.9724680185317993,0.12290894240140915
YMR228W,YOR090C,0,0.27711892,0.44609832763671875,0.9724680185317993,0.12300911545753479
YML012W,YMR012W,0,0.27647507,0.4458971917629242,0.9724680185317993,0.12310928851366043
YKL203C,YLR395C,0,0.27321172,0.44569626450538635,0.9724680185317993,0.12320945411920547
YER082C,YAL017W,0,0.27307826,0.44549548625946045,0.9724680185317993,0.12330962717533112
YOR343W-A,YPR011C,0,0.27298468,0.44529491662979126,0.9724680185317993,0.12340980023145676
YKL013C,YLR259C,0,0.2723946,0.445094496011734,0.9724680185317993,0.1235099658370018
YGL028C,YFR024C,0,0.2716363,0.44489428400993347,0.9724680185317993,0.12361013889312744
YBR275C,YLL021W,0,0.2710179,0.44469425082206726,0.9724680185317993,0.12371030449867249
YBL087C,YGL096W,0,0.2699768,0.4444943964481354,0.9724680185317993,0.12381047755479813
YAL008W,YMR114C,0,0.26800674,0.44429469108581543,0.9724680185317993,0.12391065061092377
YPL078C,YOR359W,0,0.2678309,0.4440951943397522,0.9724680185317993,0.12401081621646881
YEL048C,YPR137C-A,0,0.26769197,0.4438958764076233,0.9724680185317993,0.12411098927259445
YDR064W,YPL065W,0,0.26535743,0.4436967372894287,0.9724680185317993,0.12421116232872009
YDR127W,YJL166W,0,0.26448256,0.44349774718284607,0.9724680185317993,0.12431132793426514
YOR142W-B,YDL197C,0,0.2622457,0.44329896569252014,0.9724680185317993,0.12441150099039078
YDR086C,YGR167W,0,0.25953633,0.44310036301612854,0.9724680185317993,0.12451166659593582
YOL026C,YMR177W,0,0.25786352,0.44290193915367126,0.9724680185317993,0.12461183965206146
YKL029C,YBR276C,0,0.25786126,0.4427036643028259,0.9724680185317993,0.1247120127081871
YLR438C-A,YMR033W,0,0.25720066,0.4425055980682373,0.9724680185317993,0.12481217831373215
YBR115C,YLR418C,0,0.2557162,0.4423076808452606,0.9724680185317993,0.12491235136985779
YCL031C,YNL274C,0,0.25288314,0.44210997223854065,0.9724680185317993,0.12501251697540283
YOR359W,YOR159C,0,0.2527529,0.4419124126434326,0.9724680185317993,0.12511269748210907
YJR147W,YDR423C,0,0.25126046,0.4417150616645813,0.9724680185317993,0.1252128630876541
YEL054C,YDR283C,0,0.24915276,0.4415178596973419,0.9724680185317993,0.12531302869319916
YOR254C,YKL156W,0,0.24908333,0.44132083654403687,0.9724680185317993,0.1254132091999054
YML031W,YGL169W,0,0.24889715,0.44112399220466614,0.9724680185317993,0.12551337480545044
YOR261C,YMR210W,0,0.24853109,0.44092732667922974,0.9724680185317993,0.12561354041099548
YER148W,YPR108W,0,0.24676318,0.44073083996772766,0.9724680185317993,0.12571370601654053
YAR042W,YDR046C,0,0.2460684,0.4405345320701599,0.9724680185317993,0.12581388652324677
YPL153C,YLR432W,0,0.24525301,0.4403383731842041,0.9724680185317993,0.1259140521287918
YDL215C,YPR016C,0,0.24385484,0.440142422914505,0.9724680185317993,0.12601421773433685
YMR227C,YDL045W-A,0,0.24380226,0.43994662165641785,0.9724680185317993,0.1261143982410431
YDR372C,YNL032W,0,0.24198176,0.439750999212265,0.9724680185317993,0.12621456384658813
YPL083C,YJR145C,0,0.24146618,0.4395555555820465,0.9724680185317993,0.12631472945213318
YOR142W-B,YDL115C,0,0.2386977,0.43936029076576233,0.9724680185317993,0.12641490995883942
YJL216C,YBL113C,0,0.23586495,0.4391651749610901,0.9724680185317993,0.12651507556438446
YOR001W,YMR316W,0,0.2354225,0.43897026777267456,0.9724680185317993,0.1266152411699295
YLL057C,YML070W,0,0.234953,0.43877550959587097,0.9724680185317993,0.12671542167663574
YLR435W,YCR072C,0,0.23478873,0.4385809302330017,0.9724680185317993,0.1268155872821808
YPL021W,YER137C-A,0,0.2347054,0.4383865296840668,0.9724680185317993,0.12691575288772583
YPL257W-B,YGR002C,0,0.22972585,0.4381922781467438,0.9724680185317993,0.12701593339443207
YMR303C,YPR068C,0,0.22940983,0.4379982352256775,0.9724680185317993,0.1271160989999771
YGL050W,YGL068W,0,0.22927786,0.43780434131622314,0.9724680185317993,0.12721626460552216
YCR055C,YOL109W,0,0.22927417,0.4376106262207031,0.9724680185317993,0.1273164451122284
YNR030W,YBR054W,0,0.22926243,0.43741706013679504,0.9724680185317993,0.12741661071777344
YNL262W,YKR026C,0,0.2275336,0.4372237026691437,0.9724680185317993,0.12751677632331848
YIL154C,YHR088W,0,0.2273073,0.43703049421310425,0.9724680185317993,0.12761694192886353
YGR202C,YJR070C,0,0.2272072,0.43683746457099915,0.9724680185317993,0.12771712243556976
YGL198W,YKL170W,0,0.2270677,0.436644583940506,0.9724680185317993,0.1278172880411148
YNL331C,YDR261C-D,0,0.22658281,0.43645191192626953,0.9724680185317993,0.12791745364665985
YER175C,YJL171C,0,0.22645839,0.43625935912132263,0.9724680185317993,0.1280176341533661
YDR262W,YDR390C,0,0.22448243,0.43606701493263245,0.9724680185317993,0.12811779975891113
YLR248W,YGL046W,0,0.22374107,0.4358748495578766,0.9724680185317993,0.12821796536445618
YGR143W,YIL079C,0,0.222645,0.43568283319473267,0.9724680185317993,0.12831814587116241
YMR188C,YGL157W,0,0.22237612,0.4354909658432007,0.9724680185317993,0.12841831147670746
YDR367W,YMR123W,0,0.22190352,0.4352993071079254,0.9724680185317993,0.1285184770822525
YOR240W,YHL004W,0,0.21912803,0.4351077973842621,0.9724680185317993,0.12861865758895874
YOR091W,YGR142W,0,0.21804692,0.4349164366722107,0.9724680185317993,0.12871882319450378
YIL011W,YKL109W,0,0.21705492,0.434725284576416,0.9724680185317993,0.12881898880004883
YER052C,YLR204W,0,0.21623309,0.4345342814922333,0.9724680185317993,0.12891916930675507
YJL167W,YAR007C,0,0.21349747,0.4343434274196625,0.9724680185317993,0.1290193349123001
YCR086W,YAL038W,0,0.21235992,0.434152752161026,0.9724680185317993,0.12911950051784515
YDL105W,YCL060C,0,0.21194161,0.43396225571632385,0.9724680185317993,0.1292196661233902
YPR102C,YDR044W,0,0.20964135,0.43377193808555603,0.9724680185317993,0.12931984663009644
YGL180W,YDL119C,0,0.20802565,0.43358176946640015,0.9724680185317993,0.12942001223564148
YIL017W,YOR332W,0,0.20692961,0.4333917498588562,0.9724680185317993,0.12952017784118652
YOR236W,YNR022C,0,0.20689519,0.43320193886756897,0.9724680185317993,0.12962035834789276
YEL048C,YOL102C,0,0.20667012,0.4330122470855713,0.9724680185317993,0.1297205239534378
YDL097C,YPR190C,0,0.20557784,0.4328227639198303,0.9724680185317993,0.12982068955898285
YER142C,YPR160W,0,0.20494713,0.4326334297657013,0.9724680185317993,0.1299208700656891
YHL015W,YEL022W,0,0.20330815,0.4324442446231842,0.9724680185317993,0.13002103567123413
YIL051C,YBR183W,0,0.20297046,0.43225523829460144,0.9724680185317993,0.13012120127677917
YLR220W,YLR044C,0,0.20254825,0.432066410779953,0.9724680185317993,0.1302213817834854
YGR272C,YJR063W,0,0.20024417,0.4318777322769165,0.9724680185317993,0.13032154738903046
YBR003W,YMR139W,0,0.19957651,0.43168923258781433,0.9724680185317993,0.1304217129945755
YMR205C,YDL045W-A,0,0.19807823,0.4315008819103241,0.9724680185317993,0.13052189350128174
YLL034C,YIL124W,0,0.1958303,0.4313126802444458,0.9724680185317993,0.13062205910682678
YNL007C,YPL233W,0,0.19449647,0.4311246871948242,0.9724680185317993,0.13072222471237183
YOR179C,YDR117C,0,0.19314279,0.4309368133544922,0.9724680185317993,0.13082240521907806
YCL025C,YLR129W,0,0.19278081,0.4307491183280945,0.9724680185317993,0.1309225708246231
YDR516C,YML051W,0,0.19257535,0.4305616021156311,0.9724680185317993,0.13102273643016815
YJR026W,YDR363W-A,0,0.19222666,0.43037423491477966,0.9724680185317993,0.1311229020357132
YNL127W,YPR187W,0,0.19201027,0.43018704652786255,0.9724680185317993,0.13122308254241943
YPL002C,YNL036W,0,0.19140793,0.4300000071525574,0.9724680185317993,0.13132324814796448
YHR079C-B,YBR087W,0,0.18983962,0.42981311678886414,0.9724680185317993,0.13142341375350952
YDL142C,YMR046C,0,0.18923984,0.4296264052391052,0.9724680185317993,0.13152359426021576
YDR403W,YDR478W,0,0.18893822,0.42943987250328064,0.9724680185317993,0.1316237598657608
YAL035W,YDR427W,0,0.18710463,0.4292534589767456,0.9724680185317993,0.13172392547130585
YGR081C,YML057W,0,0.18604319,0.4290672540664673,0.9724680185317993,0.13182410597801208
YDR508C,YLR244C,0,0.18600579,0.4288811683654785,0.9724680185317993,0.13192427158355713
YOR377W,YBR090C-A,0,0.18550856,0.4286952614784241,0.9724680185317993,0.13202443718910217
YML081W,YKL210W,0,0.185495,0.42850953340530396,0.9724680185317993,0.1321246176958084
YLL034C,YOR272W,0,0.18434961,0.4283239543437958,0.9724680185317993,0.13222478330135345
YNL284C-B,YMR025W,0,0.18385847,0.42813852429389954,0.9724680185317993,0.1323249489068985
YKR089C,YKL158W,0,0.18368469,0.4279532730579376,0.9724680185317993,0.13242512941360474
YIR015W,YGR161C-D,0,0.1825568,0.42776817083358765,0.9724680185317993,0.13252529501914978
YGL243W,YIR012W,0,0.18105938,0.4275832176208496,0.9724680185317993,0.13262546062469482
YER098W,YJL208C,0,0.17909117,0.4273984432220459,0.9724680185317993,0.13272562623023987
YPR060C,YGR109W-B,0,0.17567654,0.4272138178348541,0.9724680185317993,0.1328258067369461
YDL129W,YMR008C,0,0.17479278,0.4270293712615967,0.9724680185317993,0.13292597234249115
YFR033C,YKL154W,0,0.17378108,0.4268450438976288,0.9724680185317993,0.1330261379480362
YJR117W,YGL147C,0,0.17289843,0.4266609251499176,0.9724680185317993,0.13312631845474243
YBR028C,YPR047W,0,0.17192315,0.42647692561149597,0.9724680185317993,0.13322648406028748
YDL142C,YOR240W,0,0.17056091,0.42629310488700867,0.9724680185317993,0.13332664966583252
YHR184W,YKL180W,0,0.16988055,0.4261094331741333,0.9724680185317993,0.13342683017253876
YMR165C,YLR270W,0,0.16958497,0.42592594027519226,0.9724680185317993,0.1335269957780838
YOR110W,YGR085C,0,0.16950847,0.42574256658554077,0.9724680185317993,0.13362716138362885
YMR049C,YDL012C,0,0.16516997,0.4255593717098236,0.9724680185317993,0.13372734189033508
YAL038W,YIL139C,0,0.16365154,0.42537635564804077,0.9724680185317993,0.13382750749588013
YNR022C,YPR154W,0,0.16351624,0.4251934587955475,0.9724680185317993,0.13392767310142517
YOR192C-A,YGR276C,0,0.16192503,0.4250107407569885,0.9724680185317993,0.1340278536081314
YOR131C,YNL214W,0,0.16116329,0.4248281717300415,0.9724680185317993,0.13412801921367645
YDR059C,YOR192C,0,0.1544968,0.4246457815170288,0.9724680185317993,0.1342281848192215
YBR067C,YGL018C,0,0.15449615,0.42446351051330566,0.9724680185317993,0.13432836532592773
YBL031W,YHR079C-B,0,0.15354003,0.42428141832351685,0.9724680185317993,0.13442853093147278
YJL121C,YGL189C,0,0.15198334,0.42409947514533997,0.9724680185317993,0.13452869653701782
YGL172W,YKL181W,0,0.15189238,0.4239177107810974,0.9724680185317993,0.13462886214256287
YOL064C,YBL064C,0,0.14868815,0.4237360656261444,0.9724680185317993,0.1347290426492691
YBL090W,YBR207W,0,0.14806856,0.42355459928512573,0.9724680185317993,0.13482920825481415
YDR334W,YHR039C-A,0,0.14540811,0.423373281955719,0.9724680185317993,0.1349293738603592
YDR372C,YOR283W,0,0.14378251,0.4231921136379242,0.9724680185317993,0.13502955436706543
YPL096W,YDL072C,0,0.14067622,0.4230111241340637,0.9724680185317993,0.13512971997261047
YBR067C,YDL175C,0,0.13974659,0.4228302836418152,0.9724680185317993,0.13522988557815552
YMR241W,YHR041C,0,0.13968332,0.4226495623588562,0.9724680185317993,0.13533006608486176
YDR064W,YGL226C-A,0,0.13925661,0.42246901988983154,0.9724680185317993,0.1354302316904068
YMR238W,YNL046W,0,0.13846917,0.4222886562347412,0.9724680185317993,0.13553039729595184
YPR158C-C,YPR144C,0,0.13794388,0.42210841178894043,0.9724680185317993,0.13563057780265808
YDR034C-C,YOR066W,0,0.13703151,0.4219283163547516,0.9724680185317993,0.13573074340820312
YMR233W,YJR048W,0,0.13605656,0.42174839973449707,0.9724680185317993,0.13583090901374817
YLR181C,YFR049W,0,0.13556074,0.4215686321258545,0.9724680185317993,0.1359310895204544
YDR365W-A,YLR038C,0,0.13394074,0.42138901352882385,0.9724680185317993,0.13603125512599945
YNL054W-B,YDR033W,0,0.13362016,0.42120954394340515,0.9724680185317993,0.1361314207315445
YJL219W,YOR002W,0,0.13247202,0.4210302233695984,0.9724680185317993,0.13623158633708954
YLR191W,YJR135W-A,0,0.13245632,0.42085105180740356,0.9724680185317993,0.13633176684379578
YKL021C,YGL049C,0,0.1310469,0.42067205905914307,0.9724680185317993,0.13643193244934082
YMR175W,YDR316W-A,0,0.13046105,0.4204931855201721,0.9724680185317993,0.13653209805488586
YLR014C,YFR014C,0,0.12897395,0.4203144907951355,0.9724680185317993,0.1366322785615921
YPL101W,YGL122C,0,0.12805821,0.4201359450817108,0.9724680185317993,0.13673244416713715
YCL035C,YNR013C,0,0.12798493,0.41995754837989807,0.9724680185317993,0.1368326097726822
YOR078W,YCL059C,0,0.12717457,0.41977930068969727,0.9724680185317993,0.13693279027938843
YBR212W,YLR466W,0,0.12582286,0.4196012020111084,0.9724680185317993,0.13703295588493347
YLR343W,YMR281W,0,0.12525149,0.41942325234413147,0.9724680185317993,0.13713312149047852
YGR272C,YNL288W,0,0.123905435,0.4192454516887665,0.9724680185317993,0.13723330199718475
YLR266C,YJR073C,0,0.12357791,0.4190678000450134,0.9724680185317993,0.1373334676027298
YOL020W,YNL160W,0,0.12239762,0.4188902974128723,0.9724680185317993,0.13743363320827484
YMR169C,YLR410W-A,0,0.12218632,0.41871294379234314,0.9724680185317993,0.13753381371498108
YGL171W,YPR072W,0,0.121852234,0.4185357689857483,0.9724680185317993,0.13763397932052612
YML011C,YNL076W,0,0.12092291,0.418358713388443,0.9724680185317993,0.13773414492607117
YNL070W,YNL015W,0,0.118544534,0.41818180680274963,0.9724680185317993,0.1378343254327774
YDR341C,YDR039C,0,0.11722015,0.4180050790309906,0.9724680185317993,0.13793449103832245
YKL002W,YOR159C,0,0.1168005,0.4178284704685211,0.9724680185317993,0.1380346566438675
YJR094W-A,YIL118W,0,0.11638279,0.41765204071998596,0.9724680185317993,0.13813482224941254
YGL185C,YKL170W,0,0.11559965,0.41747573018074036,0.9724680185317993,0.13823500275611877
YOR265W,YBL011W,0,0.114826575,0.4172995686531067,0.9724680185317993,0.13833516836166382
YBL068W,YJR103W,0,0.11422922,0.41712358593940735,0.9724680185317993,0.13843533396720886
YKL199C,YMR207C,0,0.1139753,0.41694772243499756,0.9724680185317993,0.1385355144739151
YDL082W,YJL130C,0,0.11379816,0.4167720079421997,0.9724680185317993,0.13863568007946014
YJL097W,YLR256W-A,0,0.11338951,0.4165964722633362,0.9724680185317993,0.1387358456850052
YLR170C,YLR448W,0,0.1114815,0.4164210557937622,0.9724680185317993,0.13883602619171143
YJL134W,YPL141C,0,0.11083029,0.41624578833580017,0.9724680185317993,0.13893619179725647
YER159C-A,YGR081C,0,0.110572025,0.4160706698894501,0.9724680185317993,0.1390363574028015
YBR086C,YLR409C,0,0.1094584,0.4158957004547119,0.9724680185317993,0.13913653790950775
YAL034W-A,YIL026C,0,0.108814076,0.4157208800315857,0.9724680185317993,0.1392367035150528
YGL142C,YOR045W,0,0.10808967,0.4155462086200714,0.9724680185317993,0.13933686912059784
YPR169W,YKL199C,0,0.10661055,0.41537168622016907,0.9724680185317993,0.13943704962730408
YLR344W,YBR058C-A,0,0.10650875,0.41519731283187866,0.9724680185317993,0.13953721523284912
YNL240C,YOR215C,0,0.106350824,0.4150230884552002,0.9724680185317993,0.13963738083839417
YIL026C,YJL109C,0,0.10545929,0.4148489832878113,0.9724680185317993,0.1397375464439392
YEL027W,YML106W,0,0.10540487,0.4146750569343567,0.9724680185317993,0.13983772695064545
YLR131C,YDR303C,0,0.10468085,0.41450124979019165,0.9724680185317993,0.1399378925561905
YOR036W,YHR039C-B,0,0.10321812,0.41432762145996094,0.9724680185317993,0.14003805816173553
YOL040C,YNL135C,0,0.10230179,0.4141541123390198,0.9724680185317993,0.14013823866844177
YCR075C,YOR187W,0,0.10215591,0.41398075222969055,0.9724680185317993,0.14023840427398682
YPR006C,YDR390C,0,0.1014411,0.41380754113197327,0.9724680185317993,0.14033856987953186
YML125C,YLR200W,0,0.10138799,0.41363444924354553,0.9724680185317993,0.1404387503862381
YDR376W,YGR109W-B,0,0.1011876,0.4134615361690521,0.9724680185317993,0.14053891599178314
YLR151C,YOR098C,0,0.10076316,0.41328877210617065,0.9724680185317993,0.14063908159732819
YOL103W-A,YAL043C,0,0.099539205,0.41311612725257874,0.9724680185317993,0.14073926210403442
YMR123W,YJL013C,0,0.09882082,0.41294363141059875,0.9724680185317993,0.14083942770957947
YOR209C,YEL040W,0,0.09736432,0.4127712845802307,0.9724680185317993,0.1409395933151245
YBR162W-A,YBR272C,0,0.095261976,0.4125990867614746,0.9724680185317993,0.14103977382183075
YDL100C,YOL061W,0,0.09445979,0.41242700815200806,0.9724680185317993,0.1411399394273758
YDL075W,YKL024C,0,0.094158664,0.41225510835647583,0.9724680185317993,0.14124010503292084
YKL198C,YOR335C,0,0.09283282,0.41208332777023315,0.9724680185317993,0.14134028553962708
YGR188C,YOL116W,0,0.0925547,0.4119116961956024,0.9724680185317993,0.14144045114517212
YDR098C-A,YNL280C,0,0.09206577,0.4117402136325836,0.9724680185317993,0.14154061675071716
YIL093C,YDL135C,0,0.09081693,0.41156888008117676,0.9724680185317993,0.1416407823562622
YLR224W,YDR261W-A,0,0.090490595,0.41139766573905945,0.9724680185317993,0.14174096286296844
YFR007W,YDL055C,0,0.09048097,0.4112266004085541,0.9724680185317993,0.1418411284685135
YOR067C,YDR031W,0,0.08988066,0.41105568408966064,0.9724680185317993,0.14194129407405853
YMR176W,YKR089C,0,0.08964382,0.41088491678237915,0.9724680185317993,0.14204147458076477
YHR052W,YJR078W,0,0.08910109,0.4107142984867096,0.9724680185317993,0.14214164018630981
YGR205W,YBR037C,0,0.088954344,0.4105437994003296,0.9724680185317993,0.14224180579185486
YAL030W,YHR210C,0,0.08881898,0.4103734493255615,0.9724680185317993,0.1423419862985611
YGL210W,YBL064C,0,0.08800234,0.4102032482624054,0.9724680185317993,0.14244215190410614
YKL085W,YDR257C,0,0.08633609,0.4100331664085388,0.9724680185317993,0.14254231750965118
YOR311C,YDR247W,0,0.086133674,0.4098632335662842,0.9724680185317993,0.14264249801635742
YPR200C,YLR410W-A,0,0.085584834,0.4096934497356415,0.9724680185317993,0.14274266362190247
YGL030W,YIR009W,0,0.08514653,0.4095238149166107,0.9724680185317993,0.1428428292274475
YKR035W-A,YKR048C,0,0.0851049,0.4093542993068695,0.9724680185317993,0.14294300973415375
YCL025C,YDL129W,0,0.08450849,0.40918493270874023,0.9724680185317993,0.1430431753396988
YLR134W,YLR055C,0,0.084334955,0.4090157151222229,0.9724680185317993,0.14314334094524384
YER049W,YLR367W,0,0.08387239,0.4088466167449951,0.9724680185317993,0.14324350655078888
YNL054W-A,YMR056C,0,0.08327843,0.40867769718170166,0.9724680185317993,0.14334368705749512
YBR075W,YPL063W,0,0.083060816,0.40850886702537537,0.9724680185317993,0.14344385266304016
YOR386W,YER082C,0,0.08273317,0.4083402156829834,0.9724680185317993,0.1435440182685852
YCR020C,YKL080W,0,0.08228172,0.408171683549881,0.9724680185317993,0.14364419877529144
YOL098C,YJL085W,0,0.08076708,0.4080033004283905,0.9724680185317993,0.1437443643808365
YPR113W,YEL020W-A,0,0.08061065,0.40783506631851196,0.9724680185317993,0.14384452998638153
YLR447C,YHR154W,0,0.07933946,0.407666951417923,0.9724680185317993,0.14394471049308777
YDL179W,YPR160W,0,0.07922371,0.40749895572662354,0.9724680185317993,0.1440448760986328
YBR075W,YCR107W,0,0.078448296,0.4073311388492584,0.9724680185317993,0.14414504170417786
YOR279C,YKL028W,0,0.07802658,0.40716344118118286,0.9724680185317993,0.1442452222108841
YGR027W-B,YBR177C,0,0.07643995,0.40699589252471924,0.9724680185317993,0.14434538781642914
YJL158C,YFR050C,0,0.075537756,0.40682846307754517,0.9724680185317993,0.14444555342197418
YOR215C,YGL231C,0,0.074757636,0.40666118264198303,0.9724680185317993,0.14454573392868042
YBL112C,YGL018C,0,0.073218554,0.40649405121803284,0.9724680185317993,0.14464589953422546
YDR028C,YNL098C,0,0.07288255,0.4063270390033722,0.9724680185317993,0.1447460651397705
YDL099W,YNL268W,0,0.072864935,0.4061601758003235,0.9724680185317993,0.14484624564647675
YJR075W,YKL156W,0,0.07127933,0.40599343180656433,0.9724680185317993,0.1449464112520218
YDL065C,YLL045C,0,0.070597455,0.4058268368244171,0.9724680185317993,0.14504657685756683
YHR001W-A,YDL078C,0,0.07042967,0.40566039085388184,0.9724680185317993,0.14514674246311188
YGR082W,YOR027W,0,0.07020293,0.4054940640926361,0.9724680185317993,0.14524692296981812
YKL029C,YBL092W,0,0.0688197,0.40532785654067993,0.9724680185317993,0.14534708857536316
YDR342C,YMR130W,0,0.06877473,0.4051618278026581,0.9724680185317993,0.1454472541809082
YOL065C,YHR096C,0,0.0686879,0.4049959182739258,0.9724680185317993,0.14554743468761444
YBR033W,YGR094W,0,0.06863807,0.40483012795448303,0.9724680185317993,0.14564760029315948
YJL046W,YER108C,0,0.06861395,0.4046644866466522,0.9724680185317993,0.14574776589870453
YLR238W,YHR020W,0,0.068495184,0.40449896454811096,0.9724680185317993,0.14584794640541077
YER056C,YLL029W,0,0.06839095,0.40433359146118164,0.9724680185317993,0.1459481120109558
YGR194C,YLR147C,0,0.06708488,0.40416836738586426,0.9724680185317993,0.14604827761650085
YGR170W,YPL004C,0,0.06670125,0.4040032625198364,0.9724680185317993,0.1461484581232071
YLR109W,YFL010W-A,0,0.0665168,0.40383830666542053,0.9724680185317993,0.14624862372875214
YLR284C,YAL028W,0,0.066359356,0.4036734700202942,0.9724680185317993,0.14634878933429718
YDL135C,YGR014W,0,0.066255495,0.4035087823867798,0.9724680185317993,0.14644896984100342
YLR256W-A,YLL002W,0,0.066230744,0.40334421396255493,0.9724680185317993,0.14654913544654846
YGL236C,YDR472W,0,0.066119984,0.403179794549942,0.9724680185317993,0.1466493010520935
YLR130C,YOL154W,0,0.06589769,0.40301549434661865,0.9724680185317993,0.14674946665763855
YGR109W-B,YHR150W,0,0.06543681,0.40285131335258484,0.9724680185317993,0.1468496471643448
YJR109C,YDR207C,0,0.06538455,0.40268731117248535,0.9724680185317993,0.14694981276988983
YKL062W,YPR187W,0,0.065272614,0.402523398399353,0.9724680185317993,0.14704997837543488
YFL061W,YHR074W,0,0.065272495,0.40235963463783264,0.9724680185317993,0.1471501588821411
YBL068W,YBR145W,0,0.06474291,0.4021960198879242,0.9724680185317993,0.14725032448768616
YAL035W,YBL101W-B,0,0.063927144,0.4020325243473053,0.9724680185317993,0.1473504900932312
YLR410W-A,YKR102W,0,0.063898504,0.40186914801597595,0.9724680185317993,0.14745067059993744
YGR076C,YHR009C,0,0.063428566,0.40170592069625854,0.9724680185317993,0.14755083620548248
YHR133C,YER036C,0,0.0631893,0.4015428423881531,0.9724680185317993,0.14765100181102753
YPL195W,YOL103W-B,0,0.062211066,0.40137988328933716,0.9724680185317993,0.14775118231773376
YKR035W-A,YER111C,0,0.0612628,0.4012170433998108,0.9724680185317993,0.1478513479232788
YER007C-A,YHR011W,0,0.059731126,0.40105435252189636,0.9724680185317993,0.14795151352882385
YGR220C,YLL033W,0,0.05969332,0.4008917808532715,0.9724680185317993,0.1480516940355301
YCL003W,YGL031C,0,0.0593144,0.40072932839393616,0.9724680185317993,0.14815185964107513
YHR051W,YNL306W,0,0.05668676,0.40056702494621277,0.9724680185317993,0.14825202524662018
YPL196W,YDR144C,0,0.053939715,0.4004048705101013,0.9724680185317993,0.14835220575332642
YDR470C,YAL012W,0,0.05341293,0.40024280548095703,0.9724680185317993,0.14845237135887146
YER171W,YDR050C,0,0.053044856,0.40008091926574707,0.9724680185317993,0.1485525369644165
YDR288W,YBL092W,0,0.05260007,0.3999191224575043,0.9724680185317993,0.14865270256996155
YGL137W,YOL124C,0,0.0512477,0.3997574746608734,0.9724680185317993,0.14875288307666779
YDR144C,YBR006W,0,0.050033167,0.3995959460735321,0.9724680185317993,0.14885304868221283
YIR011C,YFR015C,0,0.048683807,0.39943456649780273,0.9724680185317993,0.14895321428775787
YDR164C,YER086W,0,0.048437223,0.3992733061313629,0.9724680185317993,0.1490533947944641
YGL062W,YBR273C,0,0.048373923,0.39911219477653503,0.9724680185317993,0.14915356040000916
YHR039C-B,YNL102W,0,0.04796952,0.3989512026309967,0.9724680185317993,0.1492537260055542
YMR205C,YKL206C,0,0.045123532,0.3987903296947479,0.9724680185317993,0.14935390651226044
YJL072C,YDR033W,0,0.044792578,0.3986295759677887,0.9724680185317993,0.14945407211780548
YOL040C,YOR084W,0,0.044276714,0.3984689712524414,0.9724680185317993,0.14955423772335052
YAL041W,YIL084C,0,0.044114545,0.39830848574638367,0.9724680185317993,0.14965441823005676
YDR059C,YGL037C,0,0.04237996,0.39814814925193787,0.9724680185317993,0.1497545838356018
YOR389W,YCR058C,0,0.040241435,0.3979879319667816,0.9724680185317993,0.14985474944114685
YDR530C,YLR312W-A,0,0.039849967,0.3978278338909149,0.9724680185317993,0.1499549299478531
YGR272C,YML082W,0,0.039821,0.39766788482666016,0.9724680185317993,0.15005509555339813
YLR289W,YOR120W,0,0.03962131,0.39750802516937256,0.9724680185317993,0.15015526115894318
YKR056W,YBR283C,0,0.039219096,0.3973483443260193,0.9724680185317993,0.15025544166564941
YJL109C,YOR216C,0,0.03859909,0.3971887528896332,0.9724680185317993,0.15035560727119446
YPL127C,YGR118W,0,0.038329616,0.397029310464859,0.9724680185317993,0.1504557728767395
YHR039C-B,YKR034W,0,0.03821963,0.3968699872493744,0.9724680185317993,0.15055593848228455
YJL155C,YOL125W,0,0.0379775,0.3967107832431793,0.9724680185317993,0.15065611898899078
YML125C,YCR097WB,0,0.037736863,0.3965517282485962,0.9724680185317993,0.15075628459453583
YGL064C,YKL026C,0,0.036394626,0.3963927924633026,0.9724680185317993,0.15085645020008087
YFL002W-B,YDR013W,0,0.03553155,0.3962339758872986,0.9724680185317993,0.1509566307067871
YHL021C,YPL258C,0,0.035272166,0.3960752785205841,0.9724680185317993,0.15105679631233215
YKL078W,YDR062W,0,0.035170466,0.39591673016548157,0.9724680185317993,0.1511569619178772
YOL103W-A,YBR181C,0,0.035030752,0.3957583010196686,0.9724680185317993,0.15125714242458344
YJL221C,YOR167C,0,0.03473647,0.39559999108314514,0.9724680185317993,0.15135730803012848
YNL127W,YOR078W,0,0.034328207,0.39544183015823364,0.9724680185317993,0.15145747363567352
YLR285W,YOR045W,0,0.03235711,0.3952837586402893,0.9724680185317993,0.15155765414237976
YER108C,YPL218W,0,0.030654624,0.3951258361339569,0.9724680185317993,0.1516578197479248
YLL019C,YDR337W,0,0.0304413,0.39496806263923645,0.9724680185317993,0.15175798535346985
YIR039C,YCR097WB,0,0.029521704,0.39481037855148315,0.9724680185317993,0.1518581658601761
YBR060C,YGR200C,0,0.028386116,0.3946528434753418,0.9724680185317993,0.15195833146572113
YHR001W-A,YOL151W,0,0.028334081,0.39449542760849,0.9724680185317993,0.15205849707126617
YBR067C,YGR222W,0,0.027123317,0.39433813095092773,0.9724680185317993,0.15215866267681122
YLR201C,YJR103W,0,0.02642475,0.39418095350265503,0.9724680185317993,0.15225884318351746
YOR285W,YER130C,0,0.026370212,0.3940238952636719,0.9724680185317993,0.1523590087890625
YER038C,YPR174C,0,0.025493711,0.39386698603630066,0.9724680185317993,0.15245917439460754
YBR075W,YPR169W,0,0.024938762,0.393710196018219,0.9724680185317993,0.15255935490131378
YML045W-A,YDL179W,0,0.024344876,0.3935535252094269,0.9724680185317993,0.15265952050685883
YKL034W,YMR035W,0,0.023897871,0.3933969736099243,0.9724680185317993,0.15275968611240387
YHL031C,YOR319W,0,0.023343101,0.3932405710220337,0.9724680185317993,0.1528598666191101
YOR347C,YHR033W,0,0.02196996,0.39308425784111023,0.9724680185317993,0.15296003222465515
YDL227C,YGR272C,0,0.021611437,0.3929280936717987,0.9724680185317993,0.1530601978302002
YEL027W,YPL169C,0,0.020792708,0.39277204871177673,0.9724680185317993,0.15316037833690643
YDR041W,YDR098C,0,0.020762697,0.3926161229610443,0.9724680185317993,0.15326054394245148
YKR099W,YPL240C,0,0.020213142,0.39246031641960144,0.9724680185317993,0.15336070954799652
YMR099C,YDL192W,0,0.020169243,0.3923046290874481,0.9724680185317993,0.15346089005470276
YBR029C,YGR094W,0,0.02015166,0.39214909076690674,0.9724680185317993,0.1535610556602478
YLR292C,YDR373W,0,0.018149838,0.3919936716556549,0.9724680185317993,0.15366122126579285
YGR156W,YJR145C,0,0.016848877,0.39183834195137024,0.9724680185317993,0.15376140177249908
YKR104W,YDL081C,0,0.016378626,0.3916831612586975,0.9724680185317993,0.15386156737804413
YMR038C,YDR003W,0,0.015996978,0.39152809977531433,0.9724680185317993,0.15396173298358917
YDR261W-B,YLR023C,0,0.015891656,0.3913731575012207,0.9724680185317993,0.15406189858913422
YBR033W,YJR143C,0,0.015828028,0.391218364238739,0.9724680185317993,0.15416207909584045
YOL147C,YOR369C,0,0.014331415,0.3910636603832245,0.9724680185317993,0.1542622447013855
YDR492W,YAL016W,0,0.0134599805,0.3909091055393219,0.9724680185317993,0.15436241030693054
YOL138C,YKL181W,0,0.013002664,0.3907546401023865,0.9724680185317993,0.15446259081363678
YJR050W,YLR227W-A,0,0.012905508,0.390600323677063,0.9724680185317993,0.15456275641918182
YMR240C,YOR143C,0,0.012341648,0.39044609665870667,0.9724680185317993,0.15466292202472687
YPR111W,YKL002W,0,0.01142545,0.3902920186519623,0.9724680185317993,0.1547631025314331
YPR158C-D,YER133W,0,0.010941684,0.39013805985450745,0.9724680185317993,0.15486326813697815
YML045W-A,YBR016W,0,0.010835364,0.38998422026634216,0.9724680185317993,0.1549634337425232
YJL001W,YPR192W,0,0.010765627,0.38983049988746643,0.9724680185317993,0.15506361424922943
YHR215W,YNL251C,0,0.009193435,0.38967689871788025,0.9724680185317993,0.15516377985477448
YDR098C-B,YER100W,0,0.008636922,0.389523446559906,0.9724680185317993,0.15526394546031952
YMR298W,YNR040W,0,0.007573858,0.3893700838088989,0.9724680185317993,0.15536412596702576
YMR063W,YEL050C,0,0.007475719,0.3892168402671814,0.9724680185317993,0.1554642915725708
YLR227W-A,YBR149W,0,0.007368475,0.3890637159347534,0.9724680185317993,0.15556445717811584
YOL132W,YGL256W,0,0.007012889,0.3889107406139374,0.9724680185317993,0.1556646227836609
YNL231C,YDR345C,0,0.0068360865,0.3887578547000885,0.9724680185317993,0.15576480329036713
YGR006W,YNL027W,0,0.0062143654,0.38860511779785156,0.9724680185317993,0.15586496889591217
YDR377W,YDL171C,0,0.005353555,0.3884524703025818,0.9724680185317993,0.15596513450145721
YDL036C,YOR193W,0,0.0043824166,0.38829997181892395,0.9724680185317993,0.15606531500816345
YFR010W,YGR081C,0,0.0042430907,0.3881475627422333,0.9724680185317993,0.1561654806137085
YOR343W-B,YKL130C,0,0.0032984614,0.38799530267715454,0.9724680185317993,0.15626564621925354
YDR022C,YCL012W,0,0.0029172748,0.38784313201904297,0.9724680185317993,0.15636582672595978
YGR184C,YPL138C,0,0.0028561205,0.38769111037254333,0.9724680185317993,0.15646599233150482
YOR304W,YNL031C,0,0.0025544316,0.38753917813301086,0.9724680185317993,0.15656615793704987
YBR286W,YMR098C,0,0.0018586367,0.38738739490509033,0.9724680185317993,0.1566663384437561
YHL009W-B,YBR150C,0,0.0015875846,0.38723570108413696,0.9724680185317993,0.15676650404930115
YDR179C,YKL093W,0,2.3782253e-05,0.38708415627479553,0.9724680185317993,0.1568666696548462
YLR333C,YBL101W-A,0,-1.527369e-05,0.38693270087242126,0.9724680185317993,0.15696685016155243
YER142C,YPR158W-B,0,-0.0005276799,0.38678139448165894,0.9724680185317993,0.15706701576709747
YNL085W,YKR096W,0,-0.0010415465,0.38663017749786377,0.9724680185317993,0.15716718137264252
YIL078W,YGL106W,0,-0.0020590127,0.38647907972335815,0.9724680185317993,0.15726736187934875
YBR286W,YBL007C,0,-0.0022442192,0.3863281309604645,0.9724680185317993,0.1573675274848938
YMR142C,YOR092W,0,-0.004025638,0.38617727160453796,0.9724680185317993,0.15746769309043884
YPR031W,YGR180C,0,-0.0048574954,0.386026531457901,0.9724680185317993,0.1575678586959839
YKL080W,YLR391W,0,-0.004881397,0.385875940322876,0.9724680185317993,0.15766803920269012
YOR054C,YOR269W,0,-0.0049520135,0.3857254385948181,0.9724680185317993,0.15776820480823517
YOR037W,YBR121C,0,-0.0051812083,0.3855750560760498,0.9724680185317993,0.1578683704137802
YFR045W,YMR098C,0,-0.005432412,0.38542479276657104,0.9724680185317993,0.15796855092048645
YHR077C,YER159C-A,0,-0.0066589564,0.38527464866638184,0.9724680185317993,0.1580687165260315
YIL113W,YBR023C,0,-0.008786216,0.3851246237754822,0.9724680185317993,0.15816888213157654
YDL208W,YLR192C,0,-0.009577632,0.3849746882915497,0.9724680185317993,0.15826906263828278
YHR012W,YDL055C,0,-0.010025665,0.3848249018192291,0.9724680185317993,0.15836922824382782
YMR240C,YNL010W,0,-0.010190725,0.3846752345561981,0.9724680185317993,0.15846939384937286
YKR035W-A,YPR063C,0,-0.011290491,0.3845256567001343,0.9724680185317993,0.1585695743560791
YOR308C,YPL010W,0,-0.011643201,0.3843762278556824,0.9724680185317993,0.15866973996162415
YBR268W,YAL015C,0,-0.012768373,0.38422688841819763,0.9724680185317993,0.1587699055671692
YER049W,YMR123W,0,-0.013038024,0.38407766819000244,0.9724680185317993,0.15887008607387543
YDR261C-D,YHR161C,0,-0.014912024,0.3839285671710968,0.9724680185317993,0.15897025167942047
YOR179C,YPL154C,0,-0.015308246,0.3837795853614807,0.9724680185317993,0.15907041728496552
YNL070W,YDR487C,0,-0.016422778,0.3836307227611542,0.9724680185317993,0.15917058289051056
YKR030W,YML115C,0,-0.016607344,0.3834819793701172,0.9724680185317993,0.1592707633972168
YKR031C,YNL175C,0,-0.017360315,0.38333332538604736,0.9724680185317993,0.15937092900276184
YHR017W,YPL131W,0,-0.018370107,0.3831848204135895,0.9724680185317993,0.15947109460830688
YPL257W-B,YML127W,0,-0.020117596,0.38303640484809875,0.9724680185317993,0.15957127511501312
YIL064W,YLL014W,0,-0.020153388,0.3828881084918976,0.9724680185317993,0.15967144072055817
YDR200C,YOL120C,0,-0.025635734,0.38273993134498596,0.9724680185317993,0.1597716063261032
YOR038C,YGR155W,0,-0.026687637,0.3825918734073639,0.9724680185317993,0.15987178683280945
YPL131W,YOL054W,0,-0.02822934,0.38244393467903137,0.9724680185317993,0.1599719524383545
YKR096W,YMR075W,0,-0.029081509,0.382296085357666,0.9724680185317993,0.16007211804389954
YNL006W,YBR072W,0,-0.029504001,0.3821483850479126,0.9724680185317993,0.16017229855060577
YBL038W,YER012W,0,-0.02979882,0.38200077414512634,0.9724680185317993,0.16027246415615082
YLR333C,YJR138W,0,-0.031279683,0.38185328245162964,0.9724680185317993,0.16037262976169586
YKL155C,YML054C,0,-0.032623783,0.3817059099674225,0.9724680185317993,0.1604728102684021
YBR195C,YJL080C,0,-0.03333725,0.3815586566925049,0.9724680185317993,0.16057297587394714
YDL111C,YHR056C,0,-0.033374354,0.38141149282455444,0.9724680185317993,0.1606731414794922
YJL121C,YMR264W,0,-0.034692198,0.38126444816589355,0.9724680185317993,0.16077332198619843
YPL059W,YMR314W,0,-0.034866467,0.3811175227165222,0.9724680185317993,0.16087348759174347
YOR260W,YMR033W,0,-0.035665557,0.38097071647644043,0.9724680185317993,0.1609736531972885
YJL187C,YGR180C,0,-0.036386833,0.3808240294456482,0.9724680185317993,0.16107381880283356
YBL038W,YHR214C-C,0,-0.037281275,0.3806774318218231,0.9724680185317993,0.1611739993095398
YER150W,YER025W,0,-0.03810346,0.38053098320961,0.9724680185317993,0.16127416491508484
YOR386W,YML055W,0,-0.03901498,0.380384624004364,0.9724680185317993,0.16137433052062988
YIR032C,YDL192W,0,-0.03973858,0.3802383840084076,0.9724680185317993,0.16147451102733612
YIL070C,YNL077W,0,-0.039861605,0.38009223341941833,0.9724680185317993,0.16157467663288116
YKL183W,YDR496C,0,-0.039921865,0.37994620203971863,0.9724680185317993,0.1616748422384262
YJR123W,YOL042W,0,-0.04023035,0.37980031967163086,0.9724680185317993,0.16177502274513245
YDR430C,YBR196C,0,-0.040282562,0.37965449690818787,0.9724680185317993,0.1618751883506775
YDL166C,YCR097WB,0,-0.040873095,0.3795088231563568,0.9724680185317993,0.16197535395622253
YCL068C,YBR058C-A,0,-0.041570082,0.3793632388114929,0.9724680185317993,0.16207553446292877
YKL109W,YJL030W,0,-0.041771576,0.37921780347824097,0.9724680185317993,0.16217570006847382
YGL185C,YLR441C,0,-0.041978404,0.3790724277496338,0.9724680185317993,0.16227586567401886
YIR009W,YBL106C,0,-0.043494284,0.37892720103263855,0.9724680185317993,0.1623760461807251
YPR194C,YOR113W,0,-0.043633595,0.3787820637226105,0.9724680185317993,0.16247621178627014
YLR357W,YOR320C,0,-0.044221595,0.37863704562187195,0.9724680185317993,0.16257637739181519
YGR161W-A,YOR054C,0,-0.04556915,0.378492146730423,0.9724680185317993,0.16267654299736023
YPR057W,YNR011C,0,-0.047900453,0.37834736704826355,0.9724680185317993,0.16277672350406647
YJL025W,YOR192C,0,-0.048436925,0.3782026767730713,0.9724680185317993,0.1628768891096115
YDL215C,YNR057C,0,-0.049082115,0.3780581057071686,0.9724680185317993,0.16297705471515656
YGL004C,YJL101C,0,-0.05019547,0.3779136538505554,0.9724680185317993,0.1630772352218628
YKL097W-A,YOR298W,0,-0.052883282,0.3777692914009094,0.9724680185317993,0.16317740082740784
YGR253C,YNL243W,0,-0.053082004,0.377625048160553,0.9724680185317993,0.16327756643295288
YLR286C,YNR052C,0,-0.054095596,0.3774809241294861,0.9724680185317993,0.16337774693965912
YDR210W-B,YDR233C,0,-0.05506067,0.37733688950538635,0.9724680185317993,0.16347791254520416
YGR124W,YPL059W,0,-0.055071294,0.37719297409057617,0.9724680185317993,0.1635780781507492
YLL051C,YKL173W,0,-0.055374578,0.37704917788505554,0.9724680185317993,0.16367825865745544
YFL002W-B,YOL042W,0,-0.055569634,0.37690550088882446,0.9724680185317993,0.1637784242630005
YAR009C,YEL037C,0,-0.05595216,0.37676191329956055,0.9724680185317993,0.16387858986854553
YDR496C,YHL035C,0,-0.057148263,0.3766184449195862,0.9724680185317993,0.16397877037525177
YJL194W,YPR190C,0,-0.058145,0.376475065946579,0.9724680185317993,0.16407893598079681
YDL106C,YJR150C,0,-0.05952646,0.37633180618286133,0.9724680185317993,0.16417910158634186
YNL284C-A,YEL022W,0,-0.05989836,0.3761886656284332,0.9724680185317993,0.1642792820930481
YML091C,YIL115C,0,-0.06075993,0.3760456144809723,0.9724680185317993,0.16437944769859314
YML125C,YER055C,0,-0.06118475,0.3759027123451233,0.9724680185317993,0.16447961330413818
YOR240W,YHR021C,0,-0.061313465,0.37575986981391907,0.9724680185317993,0.16457977890968323
YBR212W,YPR091C,0,-0.061630204,0.3756171762943268,0.9724680185317993,0.16467995941638947
YHR156C,YML030W,0,-0.061904363,0.37547457218170166,0.9724680185317993,0.1647801250219345
YNL164C,YGR161C-D,0,-0.062041968,0.3753320574760437,0.9724680185317993,0.16488029062747955
YBR273C,YMR307W,0,-0.06293298,0.3751896917819977,0.9724680185317993,0.1649804711341858
YDL039C,YMR050C,0,-0.06334965,0.3750474154949188,0.9724680185317993,0.16508063673973083
YJL101C,YOL125W,0,-0.06411274,0.37490522861480713,0.9724680185317993,0.16518080234527588
YJR123W,YBL101W-B,0,-0.06450583,0.374763160943985,0.9724680185317993,0.16528098285198212
YLR439W,YJR027W,0,-0.06776086,0.3746212124824524,0.9724680185317993,0.16538114845752716
YGR174C,YJR135W-A,0,-0.06899651,0.37447935342788696,0.9724680185317993,0.1654813140630722
YNL291C,YGL053W,0,-0.069684304,0.3743376135826111,0.9724680185317993,0.16558149456977844
YJL168C,YBL028C,0,-0.07080752,0.37419599294662476,0.9724680185317993,0.1656816601753235
YCL052C,YJL048C,0,-0.07174775,0.3740544617176056,0.9724680185317993,0.16578182578086853
YBR192W,YER087C-A,0,-0.07230565,0.373913049697876,0.9724680185317993,0.16588200628757477
YML056C,YOR236W,0,-0.073002085,0.3737717270851135,0.9724680185317993,0.1659821718931198
YNL307C,YPR137C-B,0,-0.07332152,0.3736305236816406,0.9724680185317993,0.16608233749866486
YLR083C,YAL059W,0,-0.07338016,0.3734894394874573,0.9724680185317993,0.1661825031042099
YBR172C,YML009C,0,-0.07543694,0.3733484447002411,0.9724680185317993,0.16628268361091614
YPL143W,YGL021W,0,-0.07546298,0.37320753931999207,0.9724680185317993,0.16638284921646118
YGR008C,YBR156C,0,-0.075854465,0.3730667531490326,0.9724680185317993,0.16648301482200623
YGL103W,YPR167C,0,-0.07785949,0.37292608618736267,0.9724680185317993,0.16658319532871246
YPL252C,YFR024C,0,-0.07796039,0.3727855384349823,0.9724680185317993,0.1666833609342575
YOR182C,YLR139C,0,-0.07899594,0.3726450502872467,0.9724680185317993,0.16678352653980255
YBR066C,YDL075W,0,-0.07919802,0.37250471115112305,0.9724680185317993,0.1668837070465088
YDR109C,YJR135W-A,0,-0.07980209,0.37236446142196655,0.9724680185317993,0.16698387265205383
YNL121C,YNL199C,0,-0.08060591,0.3722243010997772,0.9724680185317993,0.16708403825759888
YNL289W,YHR039C-A,0,-0.0815199,0.37208425998687744,0.9724680185317993,0.16718421876430511
YMR071C,YOR343W-A,0,-0.081543446,0.3719443380832672,0.9724680185317993,0.16728438436985016
YDR107C,YOL129W,0,-0.08212565,0.37180450558662415,0.9724680185317993,0.1673845499753952
YDR298C,YHR167W,0,-0.082664266,0.37166479229927063,0.9724680185317993,0.16748473048210144
YKR088C,YDR261W-B,0,-0.08338554,0.3715251684188843,0.9724680185317993,0.16758489608764648
YPR158C-C,YNL302C,0,-0.08360748,0.3713856637477875,0.9724680185317993,0.16768506169319153
YDL082W,YLR306W,0,-0.083691,0.37124624848365784,0.9724680185317993,0.16778524219989777
YKR009C,YAL023C,0,-0.08370508,0.37110695242881775,0.9724680185317993,0.1678854078054428
YNR003C,YLR350W,0,-0.08420685,0.3709677457809448,0.9724680185317993,0.16798557341098785
YER031C,YBR042C,0,-0.0870361,0.37082865834236145,0.9724680185317993,0.1680857390165329
YDR069C,YDL180W,0,-0.08816795,0.37068966031074524,0.9724680185317993,0.16818591952323914
YDR429C,YMR275C,0,-0.089086965,0.3705507814884186,0.9724680185317993,0.16828608512878418
YKR014C,YOR192C-A,0,-0.08908732,0.3704119920730591,0.9724680185317993,0.16838625073432922
YHR133C,YKL155C,0,-0.0911233,0.37027329206466675,0.9724680185317993,0.16848643124103546
YER108C,YDL216C,0,-0.09125711,0.37013474106788635,0.9724680185317993,0.1685865968465805
YGL185C,YMR269W,0,-0.09150176,0.36999624967575073,0.9724680185317993,0.16868676245212555
YPR158W-B,YOR157C,0,-0.09205584,0.36985787749290466,0.9724680185317993,0.1687869429588318
YPR158W-B,YBR043C,0,-0.09268431,0.36971962451934814,0.9724680185317993,0.16888710856437683
YGL076C,YLR371W,0,-0.09447199,0.3695814609527588,0.9724680185317993,0.16898727416992188
YMR055C,YDL081C,0,-0.09452743,0.369443416595459,0.9724680185317993,0.1690874546766281
YPR097W,YGL106W,0,-0.094734564,0.36930546164512634,0.9724680185317993,0.16918762028217316
YPR073C,YGL046W,0,-0.096623555,0.36916759610176086,0.9724680185317993,0.1692877858877182
YCL060C,YPL064C,0,-0.096870616,0.36902984976768494,0.9724680185317993,0.16938796639442444
YDR034C-C,YOR020C,0,-0.096940234,0.36889219284057617,0.9724680185317993,0.16948813199996948
YBR090C-A,YDR204W,0,-0.09703435,0.36875465512275696,0.9724680185317993,0.16958829760551453
YLL001W,YGR052W,0,-0.097146705,0.3686172068119049,0.9724680185317993,0.16968846321105957
YBR100W,YOR257W,0,-0.09793015,0.3684798777103424,0.9724680185317993,0.1697886437177658
YDR412W,YAL017W,0,-0.098012924,0.36834263801574707,0.9724680185317993,0.16988880932331085
YLR165C,YCL060C,0,-0.09862377,0.3682055175304413,0.9724680185317993,0.1699889749288559
YDR151C,YER149C,0,-0.09889907,0.36806848645210266,0.9724680185317993,0.17008915543556213
YJR096W,YOR319W,0,-0.09946442,0.3679315447807312,0.9724680185317993,0.17018932104110718
YLR083C,YLR052W,0,-0.10041883,0.3677947223186493,0.9724680185317993,0.17028948664665222
YOR383C,YER139C,0,-0.101021945,0.36765798926353455,0.9724680185317993,0.17038966715335846
YDR441C,YLR390W,0,-0.10106585,0.36752137541770935,0.9724680185317993,0.1704898327589035
YPR137C-B,YHR092C,0,-0.10120137,0.3673848509788513,0.9724680185317993,0.17058999836444855
YMR022W,YPL001W,0,-0.10210131,0.36724841594696045,0.9724680185317993,0.17069017887115479
YLR088W,YDL113C,0,-0.103240564,0.36711210012435913,0.9724680185317993,0.17079034447669983
YGR109W-B,YMR269W,0,-0.10332237,0.366975873708725,0.9724680185317993,0.17089051008224487
YMR137C,YOR039W,0,-0.10384858,0.36683976650238037,0.9724680185317993,0.1709906905889511
YNL262W,YDR449C,0,-0.10393874,0.36670374870300293,0.9724680185317993,0.17109085619449615
YGL004C,YDR345C,0,-0.10426228,0.36656782031059265,0.9724680185317993,0.1711910218000412
YGR072W,YNL059C,0,-0.105786964,0.3664320111274719,0.9724680185317993,0.17129120230674744
YDR098C-B,YDR371W,0,-0.107002124,0.36629629135131836,0.9724680185317993,0.17139136791229248
YCR097WB,YDR218C,0,-0.10924812,0.36616069078445435,0.9724680185317993,0.17149153351783752
YPR174C,YJR103W,0,-0.10955082,0.3660251796245575,0.9724680185317993,0.17159169912338257
YHR066W,YDL107W,0,-0.10983537,0.3658897578716278,0.9724680185317993,0.1716918796300888
YKR014C,YPL195W,0,-0.11050452,0.3657544255256653,0.9724680185317993,0.17179204523563385
YCL069W,YGL058W,0,-0.11082223,0.3656192123889923,0.9724680185317993,0.1718922108411789
YHR064C,YNL145W,0,-0.11146839,0.3654841184616089,0.9724680185317993,0.17199239134788513
YFR033C,YOR343W-A,0,-0.11175163,0.36534908413887024,0.9724680185317993,0.17209255695343018
YHR047C,YIL140W,0,-0.11192144,0.36521416902542114,0.9724680185317993,0.17219272255897522
YLR325C,YKL161C,0,-0.113097385,0.3650793731212616,0.9724680185317993,0.17229290306568146
YKL080W,YMR105C,0,-0.11351697,0.3649446368217468,0.9724680185317993,0.1723930686712265
YNL302C,YBL008W,0,-0.11386393,0.3648100197315216,0.9724680185317993,0.17249323427677155
YDR040C,YMR158W,0,-0.114870295,0.36467552185058594,0.9724680185317993,0.17259341478347778
YPL257W-A,YGR188C,0,-0.11675875,0.36454108357429504,0.9724680185317993,0.17269358038902283
YDR261W-B,YHR069C,0,-0.11678587,0.3644067943096161,0.9724680185317993,0.17279374599456787
YBL031W,YNL185C,0,-0.11782846,0.3642725646495819,0.9724680185317993,0.1728939265012741
YLL006W,YDL087C,0,-0.12054853,0.3641384243965149,0.9724680185317993,0.17299409210681915
YPL252C,YDL121C,0,-0.121273,0.3640044033527374,0.9724680185317993,0.1730942577123642
YOR192C-A,YML070W,0,-0.1216438,0.3638705015182495,0.9724680185317993,0.17319442331790924
YNL054W-A,YKR019C,0,-0.12249811,0.36373665928840637,0.9724680185317993,0.17329460382461548
YOR313C,YGR208W,0,-0.12469699,0.3636029362678528,0.9724680185317993,0.17339476943016052
YER081W,YMR241W,0,-0.12508693,0.36346930265426636,0.9724680185317993,0.17349493503570557
YER022W,YNL236W,0,-0.12564547,0.3633357882499695,0.9724680185317993,0.1735951155424118
YPR155C,YBR196C,0,-0.12692283,0.36320236325263977,0.9724680185317993,0.17369528114795685
YMR200W,YDR313C,0,-0.12741528,0.3630690276622772,0.9724680185317993,0.1737954467535019
YOR192C-B,YJR094W-A,0,-0.1279282,0.36293578147888184,0.9724680185317993,0.17389562726020813
YDR421W,YMR122W-A,0,-0.12819315,0.362802654504776,0.9724680185317993,0.17399579286575317
YJL066C,YEL012W,0,-0.1288334,0.36266958713531494,0.9724680185317993,0.17409595847129822
YOR167C,YMR075W,0,-0.12927096,0.3625366687774658,0.9724680185317993,0.17419613897800446
YLR410W-B,YCR031C,0,-0.12935138,0.3624038100242615,0.9724680185317993,0.1742963045835495
YDR175C,YIL005W,0,-0.13058937,0.3622710704803467,0.9724680185317993,0.17439647018909454
YML031W,YCL017C,0,-0.13171165,0.36213842034339905,0.9724680185317993,0.17449665069580078
YDR092W,YNL317W,0,-0.13188103,0.3620058596134186,0.9724680185317993,0.17459681630134583
YPL065W,YML102W,0,-0.13344587,0.3618733882904053,0.9724680185317993,0.17469698190689087
YAR027W,YOR081C,0,-0.13344732,0.3617410361766815,0.9724680185317993,0.1747971624135971
YBR075W,YIL005W,0,-0.13598467,0.3616087734699249,0.9724680185317993,0.17489732801914215
YJR035W,YLR265C,0,-0.13694955,0.3614766001701355,0.9724680185317993,0.1749974936246872
YJL213W,YGL240W,0,-0.13734429,0.3613445460796356,0.9724680185317993,0.17509765923023224
YPL095C,YDR449C,0,-0.1373757,0.3612125515937805,0.9724680185317993,0.17519783973693848
YOR047C,YMR315W,0,-0.137741,0.36108067631721497,0.9724680185317993,0.17529800534248352
YPR184W,YHR120W,0,-0.13865803,0.3609488904476166,0.9724680185317993,0.17539817094802856
YLR258W,YOL144W,0,-0.13941363,0.36081722378730774,0.9724680185317993,0.1754983514547348
YDR330W,YJR138W,0,-0.1395445,0.3606856167316437,0.9724680185317993,0.17559851706027985
YCL061C,YMR262W,0,-0.13960464,0.36055412888526917,0.9724680185317993,0.1756986826658249
YLR093C,YGR144W,0,-0.14042763,0.3604227304458618,0.9724680185317993,0.17579886317253113
YFL035C,YKR097W,0,-0.14106114,0.360291451215744,0.9724680185317993,0.17589902877807617
YER070W,YGL226W,0,-0.14114925,0.360160231590271,0.9724680185317993,0.17599919438362122
YER106W,YLR256W-A,0,-0.1418883,0.3600291311740875,0.9724680185317993,0.17609937489032745
YML128C,YLL021W,0,-0.14193116,0.3598981201648712,0.9724680185317993,0.1761995404958725
YOL086C,YPL235W,0,-0.14225416,0.35976719856262207,0.9724680185317993,0.17629970610141754
YIL124W,YDR107C,0,-0.14353783,0.3596363663673401,0.9724680185317993,0.17639988660812378
YHR103W,YKL003C,0,-0.14414695,0.35950562357902527,0.9724680185317993,0.17650005221366882
YGL161C,YDR210C-D,0,-0.14453803,0.359375,0.9724680185317993,0.17660021781921387
YJR102C,YGL147C,0,-0.1454716,0.3592444658279419,0.9724680185317993,0.1767003834247589
YDR456W,YLR075W,0,-0.14699756,0.35911402106285095,0.9724680185317993,0.17680056393146515
YPL257W-A,YLR153C,0,-0.14786573,0.3589836657047272,0.9724680185317993,0.1769007295370102
YLR158C,YLR237W,0,-0.14805633,0.35885339975357056,0.9724680185317993,0.17700089514255524
YHR069C,YPL226W,0,-0.14843634,0.3587232530117035,0.9724680185317993,0.17710107564926147
YLR251W,YLL026W,0,-0.14846735,0.3585931956768036,0.9724680185317993,0.17720124125480652
YDL119C,YGL039W,0,-0.14846863,0.35846319794654846,0.9724680185317993,0.17730140686035156
YIL027C,YGR191W,0,-0.14864647,0.3583333194255829,0.9724680185317993,0.1774015873670578
YHR010W,YGR239C,0,-0.14883505,0.35820356011390686,0.9724680185317993,0.17750175297260284
YDR098C-A,YDR280W,0,-0.15057166,0.3580738604068756,0.9724680185317993,0.1776019185781479
YNL029C,YDR284C,0,-0.15087529,0.3579442501068115,0.9724680185317993,0.17770209908485413
YBR274W,YOR274W,0,-0.15118445,0.357814759016037,0.9724680185317993,0.17780226469039917
YNR043W,YER055C,0,-0.15126872,0.3576853573322296,0.9724680185317993,0.1779024302959442
YNL054W-A,YNL188W,0,-0.1517541,0.3575560450553894,0.9724680185317993,0.17800261080265045
YOR004W,YOR156C,0,-0.15308538,0.35742682218551636,0.9724680185317993,0.1781027764081955
YOR148C,YBR037C,0,-0.15331411,0.3572976887226105,0.9724680185317993,0.17820294201374054
YER014C-A,YOR192C,0,-0.15483811,0.35716864466667175,0.9724680185317993,0.17830312252044678
YFR052W,YOL007C,0,-0.15520388,0.3570397198200226,0.9724680185317993,0.17840328812599182
YBR119W,YMR033W,0,-0.1574342,0.3569108545780182,0.9724680185317993,0.17850345373153687
YOR049C,YJR075W,0,-0.15798946,0.35678210854530334,0.9724680185317993,0.1786036193370819
YDL137W,YOR204W,0,-0.15811498,0.35665345191955566,0.9724680185317993,0.17870379984378815
YER149C,YBR162C,0,-0.15819481,0.35652488470077515,0.9724680185317993,0.1788039654493332
YAL063C,YML095C,0,-0.15922897,0.3563964068889618,0.9724680185317993,0.17890413105487823
YIR017C,YJL197W,0,-0.16049503,0.3562680184841156,0.9724680185317993,0.17900431156158447
YKR056W,YHR205W,0,-0.16059157,0.3561397194862366,0.9724680185317993,0.17910447716712952
YLR227W-A,YDR159W,0,-0.16119589,0.3560115098953247,0.9724680185317993,0.17920464277267456
YOL019W,YOR288C,0,-0.16280818,0.3558834195137024,0.9724680185317993,0.1793048232793808
YGR003W,YPL048W,0,-0.16312225,0.35575538873672485,0.9724680185317993,0.17940498888492584
YOL002C,YGR218W,0,-0.16344279,0.35562747716903687,0.9724680185317993,0.1795051544904709
YKL165C,YJL060W,0,-0.16404574,0.35549965500831604,0.9724680185317993,0.17960533499717712
YCR009C,YGR062C,0,-0.16461802,0.35537189245224,0.9724680185317993,0.17970550060272217
YOR382W,YNL062C,0,-0.1657995,0.3552442491054535,0.9724680185317993,0.1798056662082672
YNL284C-A,YJL170C,0,-0.1660695,0.35511669516563416,0.9724680185317993,0.17990584671497345
YOR075W,YGR001C,0,-0.16674879,0.354989230632782,0.9724680185317993,0.1800060123205185
YGR258C,YGL005C,0,-0.1683046,0.354861855506897,0.9724680185317993,0.18010617792606354
YDR381C-A,YGL096W,0,-0.16993271,0.3547345697879791,0.9724680185317993,0.18020634353160858
YDR234W,YOR168W,0,-0.1707606,0.35460737347602844,0.9724680185317993,0.18030652403831482
YDR039C,YDR002W,0,-0.1710573,0.3544802963733673,0.9724680185317993,0.18040668964385986
YPL257W-A,YHR012W,0,-0.17150377,0.35435327887535095,0.9724680185317993,0.1805068552494049
YIL033C,YAL008W,0,-0.17160647,0.35422635078430176,0.9724680185317993,0.18060703575611115
YLR301W,YEL015W,0,-0.1718234,0.3540995419025421,0.9724680185317993,0.1807072013616562
YNL207W,YDR399W,0,-0.17276548,0.35397279262542725,0.9724680185317993,0.18080736696720123
YPR137C-B,YLR304C,0,-0.17369033,0.35384616255760193,0.9724680185317993,0.18090754747390747
YPR155C,YDR414C,0,-0.17398198,0.3537195920944214,0.9724680185317993,0.18100771307945251
YKL007W,YCL026C-B,0,-0.17424853,0.3535931408405304,0.9724680185317993,0.18110787868499756
YPR118W,YCL026C-B,0,-0.1749625,0.3534667491912842,0.9724680185317993,0.1812080591917038
YKR038C,YIL136W,0,-0.17685884,0.3533404767513275,0.9724680185317993,0.18130822479724884
YNL284C-A,YKL051W,0,-0.17696114,0.353214293718338,0.9724680185317993,0.18140839040279388
YNL132W,YDL003W,0,-0.17757949,0.3530881702899933,0.9724680185317993,0.18150857090950012
YLR227W-B,YGR103W,0,-0.1777981,0.3529621660709381,0.9724680185317993,0.18160873651504517
YBR180W,YPR158C-D,0,-0.1786611,0.3528362512588501,0.9724680185317993,0.1817089021205902
YDR381C-A,YLR244C,0,-0.17913316,0.35271042585372925,0.9724680185317993,0.18180908262729645
YJL180C,YDR448W,0,-0.17959525,0.3525846600532532,0.9724680185317993,0.1819092482328415
YDR139C,YDR390C,0,-0.18014023,0.35245901346206665,0.9724680185317993,0.18200941383838654
YML023C,YNL294C,0,-0.18021433,0.3523334562778473,0.9724680185317993,0.18210957944393158
YKL179C,YBL100W-B,0,-0.18039735,0.3522079885005951,0.9724680185317993,0.18220975995063782
YDL083C,YDL008W,0,-0.18042709,0.35208258032798767,0.9724680185317993,0.18230992555618286
YBL055C,YPR138C,0,-0.18044607,0.3519572913646698,0.9724680185317993,0.1824100911617279
YDL139C,YDR239C,0,-0.18083726,0.3518320918083191,0.9724680185317993,0.18251027166843414
YPR158W-B,YNL183C,0,-0.18110965,0.35170698165893555,0.9724680185317993,0.1826104372739792
YGL229C,YPL111W,0,-0.1813168,0.3515819311141968,0.9724680185317993,0.18271060287952423
YNL284C-B,YDL209C,0,-0.18210025,0.35145699977874756,0.9724680185317993,0.18281078338623047
YML081C-A,YGL087C,0,-0.18256974,0.3513321578502655,0.9724680185317993,0.1829109489917755
YFL002W-B,YPR168W,0,-0.18313067,0.3512073755264282,0.9724680185317993,0.18301111459732056
YLR410W-A,YOR348C,0,-0.18438761,0.3510827124118805,0.9724680185317993,0.1831112951040268
YPL050C,YLR391W,0,-0.18549041,0.3509581387042999,0.9724680185317993,0.18321146070957184
YOL059W,YDR403W,0,-0.18598491,0.35083362460136414,0.9724680185317993,0.18331162631511688
YGL205W,YCL026C-B,0,-0.18657227,0.3507092297077179,0.9724680185317993,0.18341180682182312
YML061C,YLR344W,0,-0.18675804,0.35058489441871643,0.9724680185317993,0.18351197242736816
YER022W,YHR174W,0,-0.18712966,0.3504606783390045,0.9724680185317993,0.1836121380329132
YBR129C,YGR012W,0,-0.18726675,0.3503365218639374,0.9724680185317993,0.18371230363845825
YFR025C,YGR211W,0,-0.18758325,0.3502124547958374,0.9724680185317993,0.1838124841451645
YLR327C,YDR031W,0,-0.18801089,0.350088506937027,0.9724680185317993,0.18391264975070953
YDL065C,YKL178C,0,-0.19034523,0.34996461868286133,0.9724680185317993,0.18401281535625458
YPR010C,YCL043C,0,-0.19036,0.34984081983566284,0.9724680185317993,0.18411299586296082
YIL048W,YMR143W,0,-0.19204451,0.3497171103954315,0.9724680185317993,0.18421316146850586
YNR038W,YBR141C,0,-0.1920843,0.34959349036216736,0.9724680185317993,0.1843133270740509
YNR052C,YKL199C,0,-0.19226618,0.34946995973587036,0.9724680185317993,0.18441350758075714
YJR078W,YCL026C-B,0,-0.19236325,0.3493465185165405,0.9724680185317993,0.18451367318630219
YER049W,YLR390W-A,0,-0.19246912,0.34922316670417786,0.9724680185317993,0.18461383879184723
YGL016W,YPR190C,0,-0.19246918,0.34909990429878235,0.9724680185317993,0.18471401929855347
YCR080W,YJR082C,0,-0.19266583,0.3489767014980316,0.9724680185317993,0.1848141849040985
YNR010W,YDL099W,0,-0.19299363,0.34885361790657043,0.9724680185317993,0.18491435050964355
YGR161C-D,YNL251C,0,-0.19380374,0.34873059391975403,0.9724680185317993,0.1850145310163498
YOL155C,YCL026C-B,0,-0.1940148,0.3486076891422272,0.9724680185317993,0.18511469662189484
YDR437W,YGR109W-A,0,-0.19425981,0.3484848439693451,0.9724680185317993,0.18521486222743988
YJL121C,YEL021W,0,-0.19436938,0.3483620882034302,0.9724680185317993,0.18531504273414612
YPR143W,YBR241C,0,-0.19438107,0.3482394218444824,0.9724680185317993,0.18541520833969116
YOR142W,YDR057W,0,-0.19538946,0.3481168746948242,0.9724680185317993,0.1855153739452362
YIL004C,YPR158C-D,0,-0.19594069,0.3479943573474884,0.9724680185317993,0.18561553955078125
YJL117W,YOR070C,0,-0.19617245,0.34787195920944214,0.9724680185317993,0.1857157200574875
YCR081W,YNL049C,0,-0.19661137,0.34774965047836304,0.9724680185317993,0.18581588566303253
YLR206W,YBR196C,0,-0.19662647,0.3476274311542511,0.9724680185317993,0.18591605126857758
YML063W,YKR054C,0,-0.1972022,0.34750527143478394,0.9724680185317993,0.1860162317752838
YOR290C,YOR332W,0,-0.19807589,0.34738320112228394,0.9724680185317993,0.18611639738082886
YDR210W-B,YLR056W,0,-0.1982943,0.3472612500190735,0.9724680185317993,0.1862165629863739
YJL197W,YHL003C,0,-0.19856906,0.3471393585205078,0.9724680185317993,0.18631674349308014
YOL147C,YDR492W,0,-0.19909367,0.3470175564289093,0.9724680185317993,0.18641690909862518
YKL017C,YMR012W,0,-0.1992352,0.34689581394195557,0.9724680185317993,0.18651707470417023
YKR104W,YCR077C,0,-0.19927037,0.3467741906642914,0.9724680185317993,0.18661725521087646
YOR343C-A,YMR025W,0,-0.19999291,0.34665265679359436,0.9724680185317993,0.1867174208164215
YML039W,YKL200C,0,-0.19999291,0.3465311825275421,0.9724680185317993,0.18681758642196655
YCL057C-A,YER087C-B,0,-0.19999291,0.34640979766845703,0.9724680185317993,0.1869177669286728
YGR031C-A,YER015W,0,-0.19999291,0.3462885022163391,0.9724680185317993,0.18701793253421783
YCR097WB,YPL231W,0,-0.19999291,0.34616729617118835,0.9724680185317993,0.18711809813976288
YDR014W-A,YPL103C,0,-0.19999291,0.34604617953300476,0.9724680185317993,0.18721826374530792
YJL133C-A,YLR427W,0,-0.19999291,0.34592515230178833,0.9724680185317993,0.18731844425201416
YNR043W,YFL035C-A,0,-0.19999291,0.3458041846752167,0.9724680185317993,0.1874186098575592
YGR031C-A,YKR052C,0,-0.19999291,0.34568333625793457,0.9724680185317993,0.18751877546310425
YDR434W,YDR210W-C,0,-0.19999291,0.34556254744529724,0.9724680185317993,0.18761895596981049
YPL189C-A,YLR039C,0,-0.19999291,0.3454418480396271,0.9724680185317993,0.18771912157535553
YOL053C-A,YGL078C,0,-0.19999291,0.3453212380409241,0.9724680185317993,0.18781928718090057
YFL017W-A,YPL096C-A,0,-0.19999291,0.34520068764686584,0.9724680185317993,0.1879194676876068
YGR095C,YJL133C-A,0,-0.19999291,0.34508025646209717,0.9724680185317993,0.18801963329315186
YLR312C-B,YOL104C,0,-0.19999291,0.34495988488197327,0.9724680185317993,0.1881197988986969
YDL134C-A,YKR060W,1,-0.19999291,0.34518828988075256,0.9734513163566589,0.1881197988986969
YOR131C,YGR031C-A,0,-0.19999291,0.34506797790527344,0.9734513163566589,0.18821997940540314
YDL246C,YJL133C-A,0,-0.19999291,0.3449477255344391,0.9734513163566589,0.18832014501094818
YBR187W,YKR095W-A,0,-0.19999291,0.3448275923728943,0.9734513163566589,0.18842031061649323
YGL258W-A,YBR035C,0,-0.19999291,0.34470751881599426,0.9734513163566589,0.18852049112319946
YER053C-A,YKL171W,0,-0.19999291,0.3445875346660614,0.9734513163566589,0.1886206567287445
YAR070W-A,YPL223C,0,-0.19999291,0.3444676399230957,0.9734513163566589,0.18872082233428955
YPL189C-A,YGR204W,0,-0.19999291,0.34434783458709717,0.9734513163566589,0.1888210028409958
YJL012C-A,YGL151W,0,-0.19999291,0.3442280888557434,0.9734513163566589,0.18892116844654083
YLL040C,YIL017W,0,-0.19999291,0.3441084325313568,0.9734513163566589,0.18902133405208588
YOR341W,YFL035C-B,0,-0.19999291,0.34398889541625977,0.9734513163566589,0.18912149965763092
YFL011W-A,YGL229C,0,-0.19999291,0.3438693881034851,0.9734513163566589,0.18922168016433716
YOL086W-A,YLR357W,0,-0.19999291,0.34375,0.9734513163566589,0.1893218457698822
YCL005W-A,YBL024W,0,-0.19999291,0.34363067150115967,0.9734513163566589,0.18942201137542725
YGL258W-A,YDR210W-C,0,-0.19999291,0.3435114622116089,0.9734513163566589,0.18952219188213348
YJL012C-A,YGL035C,0,-0.19999291,0.3433923125267029,0.9734513163566589,0.18962235748767853
YCL060C,YNL054W-B,0,-0.19999291,0.34327322244644165,0.9734513163566589,0.18972252309322357
YOR356W,YFL035C,0,-0.19999291,0.34315425157546997,0.9734513163566589,0.1898227035999298
YCL048W-A,YDR159W,0,-0.19999291,0.34303534030914307,0.9734513163566589,0.18992286920547485
YMR040W,YPL189C-A,0,-0.19999291,0.3429165184497833,0.9734513163566589,0.1900230348110199
YCL005W-A,YHR069C,0,-0.19999291,0.34279778599739075,0.9734513163566589,0.19012321531772614
YDR342C,YKL138C-A,0,-0.19999291,0.34267911314964294,0.9734513163566589,0.19022338092327118
YOL040C,YDL134C-A,1,-0.19999291,0.34290656447410583,0.9744346141815186,0.19022338092327118
YFL011W-A,YOR008C,0,-0.19999291,0.3427879512310028,0.9744346141815186,0.19032354652881622
YBR275C,YLR391W-A,0,-0.19999291,0.34266942739486694,0.9744346141815186,0.19042372703552246
YMR268W-A,YGR199W,0,-0.19999291,0.34255099296569824,0.9744346141815186,0.1905238926410675
YFL018W-A,YHR197W,0,-0.19999291,0.3424326181411743,0.9744346141815186,0.19062405824661255
YLR312C-B,YHR161C,0,-0.19999291,0.34231433272361755,0.9744346141815186,0.1907242238521576
YHR103W,YFL035C-B,0,-0.19999291,0.34219613671302795,0.9744346141815186,0.19082440435886383
YLR312C-B,YJR031C,0,-0.19999291,0.34207800030708313,0.9744346141815186,0.19092456996440887
YER093C,YCR080W,0,-0.19999291,0.34195998311042786,0.9744346141815186,0.19102473556995392
YKL178C,YJL133C-A,0,-0.19999291,0.34184202551841736,0.9744346141815186,0.19112491607666016
YKL117W,YPL096C-A,0,-0.19999291,0.34172412753105164,0.9744346141815186,0.1912250816822052
YFR014C,YBR111W-A,0,-0.19999291,0.34160634875297546,0.9744346141815186,0.19132524728775024
YGL161C,YFL035C-B,0,-0.19999291,0.34148862957954407,0.9744346141815186,0.19142542779445648
YCL005W-A,YML055W,0,-0.19999291,0.34137099981307983,0.9744346141815186,0.19152559340000153
YPL248C,YDL134C-A,0,-0.19999291,0.3412534296512604,0.9744346141815186,0.19162575900554657
YDR495C,YHR214W-G,0,-0.19999291,0.34113597869873047,0.9744346141815186,0.1917259395122528
YNL138W-A,YGL123W,0,-0.19999291,0.34101858735084534,0.9744346141815186,0.19182610511779785
YCL005W-A,YPR184W,0,-0.19999291,0.34090128540992737,0.9744346141815186,0.1919262707233429
YKL040C,YPL189C-A,0,-0.19999291,0.3407840430736542,0.9744346141815186,0.19202645123004913
YML045W-A,YDR381C-A,0,-0.19999291,0.34066689014434814,0.9744346141815186,0.19212661683559418
YBR264C,YLR154W-A,0,-0.19999291,0.3405498266220093,0.9744346141815186,0.19222678244113922
YOR382W,YHR214W-G,0,-0.19999291,0.3404328525066376,0.9744346141815186,0.19232696294784546
YOL053C-A,YKL154W,0,-0.19999291,0.34031593799591064,0.9744346141815186,0.1924271285533905
YPL189C-A,YBR173C,0,-0.19999291,0.3401991128921509,0.9744346141815186,0.19252729415893555
YIL048W,YBR111W-A,0,-0.19999291,0.3400823473930359,0.9744346141815186,0.1926274597644806
YDR014W-A,YPL258C,0,-0.19999291,0.33996570110321045,0.9744346141815186,0.19272764027118683
YDR014W-A,YHR170W,0,-0.19999291,0.3398491144180298,0.9744346141815186,0.19282780587673187
YCL005W-A,YBR213W,0,-0.19999291,0.3397325873374939,0.9744346141815186,0.19292797148227692
YDR265W,YLR391W-A,0,-0.19999291,0.33961617946624756,0.9744346141815186,0.19302815198898315
YDL134C-A,YDR175C,1,-0.19999291,0.33984240889549255,0.9754179120063782,0.19302815198898315
YCL005W-A,YML099C,0,-0.19999291,0.3397260308265686,0.9754179120063782,0.1931283175945282
YGR031C-A,YEL043W,0,-0.19999291,0.33960971236228943,0.9754179120063782,0.19322848320007324
YDR530C,YJL133C-A,0,-0.19999291,0.3394934833049774,0.9754179120063782,0.19332866370677948
YPL262W,YNL138W-A,0,-0.19999291,0.33937734365463257,0.9754179120063782,0.19342882931232452
YLR054C,YOL086W-A,0,-0.19999291,0.3392612934112549,0.9754179120063782,0.19352899491786957
YFL035C-A,YGR162W,0,-0.19999291,0.339145302772522,0.9754179120063782,0.1936291754245758
YGL144C,YKL138C-A,0,-0.19999291,0.3390294015407562,0.9754179120063782,0.19372934103012085
YDL134C-A,YNL137C,1,-0.19999291,0.3392552137374878,0.976401150226593,0.19372934103012085
YNL138W-A,YCR010C,0,-0.19999291,0.33913934230804443,0.976401150226593,0.1938295066356659
YJL012C-A,YNL221C,0,-0.19999291,0.33902356028556824,0.976401150226593,0.19392968714237213
YMR045C,YBR200W-A,0,-0.19999291,0.3389078378677368,0.976401150226593,0.19402985274791718
YDR530C,YAR070W-A,0,-0.19999291,0.33879223465919495,0.976401150226593,0.19413001835346222
YCR055C,YEL031W,0,-0.19999291,0.33867666125297546,0.976401150226593,0.19423018395900726
YIL126W,YKL200C,0,-0.19999291,0.33856120705604553,0.976401150226593,0.1943303644657135
YOR343C-A,YER111C,0,-0.19999291,0.3384458124637604,0.976401150226593,0.19443053007125854
YFL011W-A,YIL101C,0,-0.19999291,0.3383305072784424,0.976401150226593,0.1945306956768036
YMR268W-A,YDR447C,0,-0.19999291,0.33821526169776917,0.976401150226593,0.19463087618350983
YGR031C-A,YPR063C,0,-0.19999291,0.3381001055240631,0.976401150226593,0.19473104178905487
YDL134C-A,YDR500C,1,-0.19999291,0.3383253812789917,0.9773844480514526,0.19473104178905487
YDR283C,YDL038C,0,-0.19999291,0.3382102847099304,0.9773844480514526,0.19483120739459991
YLR154W-C,YJR084W,0,-0.19999291,0.3380952477455139,0.9773844480514526,0.19493138790130615
YIL083C,YCR029C-A,0,-0.19999291,0.3379802703857422,0.9773844480514526,0.1950315535068512
YDL134C-A,YBL038W,1,-0.19999291,0.3382053077220917,0.9783677458763123,0.1950315535068512
YPR102C,YDL038C,0,-0.19999291,0.3380903899669647,0.9783677458763123,0.19513171911239624
YGR254W,YLR391W,0,-0.19999291,0.33797553181648254,0.9783677458763123,0.19523189961910248
YKL096W-A,YPL096C-A,0,-0.19999291,0.3378607928752899,0.9783677458763123,0.19533206522464752
YDR236C,YBR200W-A,0,-0.19999291,0.3377460837364197,0.9783677458763123,0.19543223083019257
YBR111W-A,YOR317W,0,-0.19999291,0.337631493806839,0.9783677458763123,0.1955324113368988
YMR220W,YDR210W-C,0,-0.19999291,0.3375169634819031,0.9783677458763123,0.19563257694244385
YOR240W,YGL233W,0,-0.19999291,0.3374025225639343,0.9783677458763123,0.1957327425479889
YMR184W,YOL086W-A,0,-0.19999291,0.33728814125061035,0.9783677458763123,0.19583292305469513
YBL038W,YBR111W-A,0,-0.19999291,0.33717384934425354,0.9783677458763123,0.19593308866024017
YPL189C-A,YJR021C,0,-0.19999291,0.3370596170425415,0.9783677458763123,0.19603325426578522
YFL018W-A,YER040W,0,-0.19999291,0.33694547414779663,0.9783677458763123,0.19613341987133026
YIL043C,YDL134C-A,0,-0.19999291,0.3368314206600189,0.9783677458763123,0.1962336003780365
YLL004W,YJL012C-A,0,-0.19999291,0.336717426776886,0.9783677458763123,0.19633376598358154
YOL070C,YCL005W-A,0,-0.19999291,0.3366035223007202,0.9783677458763123,0.1964339315891266
YLR154W-A,YMR237W,0,-0.19999291,0.3364896774291992,0.9783677458763123,0.19653411209583282
YLR160C,YCL026C-B,0,-0.19999291,0.3363759219646454,0.9783677458763123,0.19663427770137787
YGL031C,YFL035C-B,1,-0.19999291,0.3366002142429352,0.9793510437011719,0.19663427770137787
YFL035C-B,YCR071C,1,-0.19999291,0.33682432770729065,0.9803343415260315,0.19663427770137787
YJR033C,YPL096C-A,0,-0.19999291,0.3367105722427368,0.9803343415260315,0.1967344433069229
YER053C-A,YER087C-B,0,-0.19999291,0.33659690618515015,0.9803343415260315,0.19683462381362915
YLR312C-B,YGR024C,0,-0.19999291,0.33648329973220825,0.9803343415260315,0.1969347894191742
YLR154W-C,YIL035C,0,-0.19999291,0.3363697826862335,0.9803343415260315,0.19703495502471924
YDR014W-A,YGR155W,0,-0.19999291,0.33625632524490356,0.9803343415260315,0.19713513553142548
YFL035C-B,YMR143W,1,-0.19999291,0.33648011088371277,0.9813175797462463,0.19713513553142548
YBR200W-A,YCR058C,0,-0.19999291,0.3363667130470276,0.9813175797462463,0.19723530113697052
YLL001W,YDR210W-C,0,-0.19999291,0.3362533748149872,0.9813175797462463,0.19733546674251556
YCL005W-A,YPR049C,0,-0.19999291,0.33614012598991394,0.9813175797462463,0.1974356472492218
YDR177W,YPL096C-A,0,-0.19999291,0.3360269367694855,0.9813175797462463,0.19753581285476685
YBR233W-A,YLR466W,0,-0.19999291,0.33591383695602417,0.9813175797462463,0.1976359784603119
YPL221W,YER053C-A,0,-0.19999291,0.33580079674720764,0.9813175797462463,0.19773614406585693
YMR268W-A,YCL034W,0,-0.19999291,0.3356878459453583,0.9813175797462463,0.19783632457256317
YBR153W,YJL133C-A,0,-0.19999291,0.3355749845504761,0.9813175797462463,0.19793649017810822
YMR230W,YBL101W-B,0,-0.19999291,0.33546218276023865,0.9813175797462463,0.19803665578365326
YLR312C-B,YOR226C,0,-0.19999291,0.3353494703769684,0.9813175797462463,0.1981368362903595
YGL112C,YDL134C-A,0,-0.19999291,0.3352368175983429,0.9813175797462463,0.19823700189590454
YPL186C,YBR111W-A,0,-0.19999291,0.33512425422668457,0.9813175797462463,0.19833716750144958
YJL136C,YKR095W-A,0,-0.19999291,0.335011750459671,0.9813175797462463,0.19843734800815582
YIL033C,YER053C-A,0,-0.19999291,0.33489933609962463,0.9813175797462463,0.19853751361370087
YLR154W-C,YFL033C,0,-0.19999291,0.334786981344223,0.9813175797462463,0.1986376792192459
YDR034C-C,YDL038C,0,-0.19999291,0.3346747159957886,0.9813175797462463,0.19873785972595215
YGR296W,YLR154W-C,0,-0.19999291,0.3345625102519989,0.9813175797462463,0.1988380253314972
YCL048W-A,YDR279W,0,-0.19999291,0.3344503939151764,0.9813175797462463,0.19893819093704224
YFL035C-B,YLR344W,1,-0.19999291,0.33467337489128113,0.982300877571106,0.19893819093704224
YFL035C-B,YKR090W,0,-0.19999291,0.334561288356781,0.982300877571106,0.19903837144374847
YBR200W-A,YOR032C,0,-0.19999291,0.33444929122924805,0.982300877571106,0.19913853704929352
YFL035C-B,YKR057W,1,-0.19999291,0.3346720337867737,0.9832841753959656,0.19913853704929352
YMR285C,YFL035C-A,0,-0.19999291,0.3345600664615631,0.9832841753959656,0.19923870265483856
YER053C-A,YDL107W,0,-0.19999291,0.3344481587409973,0.9832841753959656,0.1993388831615448
YGL258W-A,YPL167C,0,-0.19999291,0.3343363404273987,0.9832841753959656,0.19943904876708984
YJR066W,YHR039C-B,0,-0.19999291,0.3342246115207672,0.9832841753959656,0.1995392143726349
YDL134C-A,YPL173W,1,-0.19999291,0.33444705605506897,0.9842674732208252,0.1995392143726349
YJR089W,YJL133C-A,0,-0.19999291,0.3343353271484375,0.9842674732208252,0.19963937997817993
YHR056C,YOR396W,0,-0.19999291,0.3342237174510956,0.9842674732208252,0.19973956048488617
YDL134C-A,YER102W,1,-0.19999291,0.33444592356681824,0.98525071144104,0.19973956048488617
YER053C-A,YMR122W-A,0,-0.19999291,0.3343343436717987,0.98525071144104,0.1998397260904312
YDL134C-A,YDR347W,1,-0.19999291,0.33455637097358704,0.9862340092658997,0.1998397260904312
YDR217C,YJL133C-A,0,-0.19999291,0.3344448208808899,0.9862340092658997,0.19993989169597626
YFL035C-B,YEL050C,1,-0.19999291,0.3346666693687439,0.9872173070907593,0.19993989169597626
YPL215W,YOR343C-A,0,-0.19999291,0.33455514907836914,0.9872173070907593,0.2000400722026825
YOL053C-A,YLL024C,0,-0.19999291,0.33444371819496155,0.9872173070907593,0.20014023780822754
YDR210W-C,YHR214W-G,0,-0.19999291,0.33433234691619873,0.9872173070907593,0.20024040341377258
YNL041C,YOR396W,0,-0.19999291,0.3342210352420807,0.9872173070907593,0.20034058392047882
YPL262W,YKR095W-A,0,-0.19999291,0.3341098129749298,0.9872173070907593,0.20044074952602386
YKL138C-A,YMR105C,0,-0.19999291,0.3339986801147461,0.9872173070907593,0.2005409151315689
YLR367W,YFL035C-B,1,-0.19999291,0.33422014117240906,0.9882006049156189,0.2005409151315689
YJR010W,YHR214W-G,0,-0.19999291,0.33410903811454773,0.9882006049156189,0.20064109563827515
YCL048W-A,YMR302C,0,-0.19999291,0.3339979946613312,0.9882006049156189,0.2007412612438202
YKL041W,YKR095W-A,0,-0.19999291,0.3338870406150818,0.9882006049156189,0.20084142684936523
YLR154W-C,YCL044C,0,-0.19999291,0.3337761461734772,0.9882006049156189,0.20094160735607147
YML027W,YHR214W-G,0,-0.19999291,0.3336653411388397,0.9882006049156189,0.20104177296161652
YNR050C,YHR214W-G,0,-0.19999291,0.33355459570884705,0.9882006049156189,0.20114193856716156
YPR100W,YDL134C-A,1,-0.19999291,0.33377569913864136,0.9891839027404785,0.20114193856716156
YCL005W-A,YDR402C,0,-0.19999291,0.33366501331329346,0.9891839027404785,0.2012421041727066
YCL048W-A,YIL013C,0,-0.19999291,0.33355438709259033,0.9891839027404785,0.20134228467941284
YEL062W,YHR214W-G,0,-0.19999291,0.333443820476532,0.9891839027404785,0.20144245028495789
YCL048W-A,YEL020W-A,0,-0.19999291,0.3333333432674408,0.9891839027404785,0.20154261589050293
YNL238W,YAR070W-A,0,-0.19999291,0.3332229256629944,0.9891839027404785,0.20164279639720917
YCR081W,YKR095W-A,0,-0.19999291,0.33311259746551514,0.9891839027404785,0.2017429620027542
YMR268W-A,YKL056C,0,-0.19999291,0.33300232887268066,0.9891839027404785,0.20184312760829926
YFL018W-A,YKL210W,0,-0.19999291,0.33289211988449097,0.9891839027404785,0.2019433081150055
YAR070W-A,YLR023C,0,-0.19999291,0.33278200030326843,0.9891839027404785,0.20204347372055054
YJL012C-A,YKL056C,0,-0.19999291,0.33267197012901306,0.9891839027404785,0.20214363932609558
YCL005W-A,YJL129C,0,-0.19999291,0.3325619697570801,0.9891839027404785,0.20224381983280182
YDR014W-A,YJL225C,0,-0.19999291,0.33245208859443665,0.9891839027404785,0.20234398543834686
YLR337W,YPL093W,0,-0.19999291,0.332342267036438,0.9891839027404785,0.2024441510438919
YPL189C-A,YPR163C,0,-0.19999291,0.3322325050830841,0.9891839027404785,0.20254433155059814
YJR139C,YDL038C,0,-0.19999291,0.332122802734375,0.9891839027404785,0.2026444971561432
YPR168W,YBL101W-B,0,-0.19999291,0.33201318979263306,0.9891839027404785,0.20274466276168823
YLR391W-A,YIL047C,0,-0.19999291,0.3319036662578583,0.9891839027404785,0.20284484326839447
YLL004W,YGL258W-A,0,-0.19999291,0.33179420232772827,0.9891839027404785,0.20294500887393951
YDR210W-C,YFR015C,0,-0.19999291,0.33168479800224304,0.9891839027404785,0.20304517447948456
YJL133C-A,YGR020C,0,-0.19999291,0.331575483083725,0.9891839027404785,0.2031453400850296
YOR043W,YCR029C-A,0,-0.19999291,0.3314662277698517,0.9891839027404785,0.20324552059173584
YFL011W-A,YBL079W,0,-0.19999291,0.33135706186294556,0.9891839027404785,0.20334568619728088
YLR154W-C,YDL210W,0,-0.19999291,0.3312479555606842,0.9891839027404785,0.20344585180282593
YJL012C-A,YLR204W,0,-0.19999291,0.3311389088630676,0.9891839027404785,0.20354603230953217
YDR118W,YLR154W-A,0,-0.19999291,0.3310299515724182,0.9891839027404785,0.2036461979150772
YBL041W,YLR391W-A,0,-0.19999291,0.3309210538864136,0.9891839027404785,0.20374636352062225
YFL054C,YJL012C-A,0,-0.19999291,0.3308122456073761,0.9891839027404785,0.2038465440273285
YLR154W-C,YDR373W,0,-0.19999291,0.3307034969329834,0.9891839027404785,0.20394670963287354
YLR391W-A,YKR030W,0,-0.19999291,0.3305948078632355,0.9891839027404785,0.20404687523841858
YJL012C-A,YMR098C,0,-0.19999291,0.3304862082004547,0.9891839027404785,0.20414705574512482
YLR391W-A,YDR356W,0,-0.19999291,0.3303776681423187,0.9891839027404785,0.20424722135066986
YGL258W-A,YJL129C,0,-0.19999291,0.3302692174911499,0.9891839027404785,0.2043473869562149
YKR095W-A,YCL052C,0,-0.19999291,0.33016082644462585,0.9891839027404785,0.20444756746292114
YHR001W-A,YIL017W,0,-0.19999291,0.3300524950027466,0.9891839027404785,0.2045477330684662
YLR154W-A,YJR060W,0,-0.19999291,0.3299442529678345,0.9891839027404785,0.20464789867401123
YGL059W,YHR214W-G,0,-0.19999291,0.32983607053756714,0.9891839027404785,0.20474806427955627
YLR312C-B,YKR099W,0,-0.19999291,0.3297279477119446,0.9891839027404785,0.2048482447862625
YKL190W,YER053C-A,0,-0.19999291,0.3296199142932892,0.9891839027404785,0.20494841039180756
YPL189W,YCR029C-A,0,-0.19999291,0.32951197028160095,0.9891839027404785,0.2050485759973526
YLR134W,YAR070W-A,0,-0.19999291,0.3294040560722351,0.9891839027404785,0.20514875650405884
YOR306C,YJL133C-A,0,-0.19999291,0.3292962312698364,0.9891839027404785,0.20524892210960388
YOL053C-A,YKR072C,0,-0.19999291,0.3291884958744049,0.9891839027404785,0.20534908771514893
YDL134C-A,YJL096W,1,-0.19999291,0.3294079303741455,0.9901671409606934,0.20534908771514893
YPR160W,YER108C,0,-0.19999291,0.329300194978714,0.9901671409606934,0.20544926822185516
YDL134C-A,YMR242C,1,-0.19999291,0.32951945066452026,0.991150438785553,0.20544926822185516
YLR391W-A,YOL141W,0,-0.19999291,0.3294117748737335,0.991150438785553,0.2055494338274002
YER028C,YCL005W-A,0,-0.19999291,0.32930415868759155,0.991150438785553,0.20564959943294525
YKL138C-A,YOR322C,0,-0.19999291,0.32919660210609436,0.991150438785553,0.2057497799396515
YJL012C-A,YFL056C,0,-0.19999291,0.32908913493156433,0.991150438785553,0.20584994554519653
YAL054C,YGR031C-A,0,-0.19999291,0.3289817273616791,0.991150438785553,0.20595011115074158
YJL127C,YFR024C,0,-0.19999291,0.3288743793964386,0.991150438785553,0.20605029165744781
YKL182W,YFL018W-A,0,-0.19999291,0.3287671208381653,0.991150438785553,0.20615045726299286
YBR274W,YDL038C,0,-0.19999291,0.32865992188453674,0.991150438785553,0.2062506228685379
YJR036C,YOL086W-A,0,-0.19999291,0.32855281233787537,0.991150438785553,0.20635080337524414
YKL197C,YLR154W-C,0,-0.19999291,0.32844576239585876,0.991150438785553,0.20645096898078918
YOR142W-B,YKL199C,0,-0.19999291,0.32833877205848694,0.991150438785553,0.20655113458633423
YCL005W-A,YJR042W,0,-0.19999291,0.3282318413257599,0.991150438785553,0.20665130019187927
YOL086W-A,YOR278W,0,-0.19999291,0.328125,0.991150438785553,0.2067514806985855
YDL134C-A,YOL105C,0,-0.19999291,0.3280182182788849,0.991150438785553,0.20685164630413055
YGR031C-A,YDL098C,0,-0.19999291,0.32791152596473694,0.991150438785553,0.2069518119096756
YLR337W,YDR207C,0,-0.19999291,0.3278048634529114,0.991150438785553,0.20705199241638184
YGL258W-A,YPR080W,0,-0.19999291,0.32769832015037537,0.991150438785553,0.20715215802192688
YNR011C,YDL038C,0,-0.19999291,0.32759180665016174,0.991150438785553,0.20725232362747192
YDR127W,YBR200W-A,0,-0.19999291,0.3274853825569153,0.991150438785553,0.20735250413417816
YPL131W,YFL035C-B,1,-0.19999291,0.3277038037776947,0.9921337366104126,0.20735250413417816
YGL158W,YJL133C-A,0,-0.19999291,0.32759740948677063,0.9921337366104126,0.2074526697397232
YLR318W,YKL158W,0,-0.19999291,0.32749107480049133,0.9921337366104126,0.20755283534526825
YLR391W-A,YDR486C,0,-0.19999291,0.3273848295211792,0.9921337366104126,0.2076530158519745
YLR154W-A,YLR409C,0,-0.19999291,0.32727861404418945,0.9921337366104126,0.20775318145751953
YJR140C,YDR210W-C,0,-0.19999291,0.32717251777648926,0.9921337366104126,0.20785334706306458
YCL005W-A,YGR266W,0,-0.19999291,0.32706645131111145,0.9921337366104126,0.2079535275697708
YOL107W,YFL035C-B,0,-0.19999291,0.3269604742527008,0.9921337366104126,0.20805369317531586
YJL012C-A,YLR264W,0,-0.19999291,0.32685455679893494,0.9921337366104126,0.2081538587808609
YDR047W,YLR154W-A,0,-0.19999291,0.32674869894981384,0.9921337366104126,0.20825403928756714
YBR146W,YOL053C-A,0,-0.19999291,0.3266429305076599,0.9921337366104126,0.20835420489311218
YBL035C,YMR268W-A,0,-0.19999291,0.32653722167015076,0.9921337366104126,0.20845437049865723
YPL096C-A,YER177W,0,-0.19999291,0.3264315724372864,0.9921337366104126,0.20855453610420227
YLR442C,YBR200W-A,0,-0.19999291,0.32632601261138916,0.9921337366104126,0.2086547166109085
YDL134C-A,YOL127W,1,-0.19999291,0.32654380798339844,0.9931170344352722,0.2086547166109085
YML094W,YOL086W-A,0,-0.19999291,0.3264382779598236,0.9931170344352722,0.20875488221645355
YGR272C,YPR133W-A,0,-0.19999291,0.32633280754089355,0.9931170344352722,0.2088550478219986
YDL134C-A,YNL284C,1,-0.19999291,0.3265503942966461,0.9941002726554871,0.2088550478219986
YDR235W,YBL101W-B,0,-0.19999291,0.32644495368003845,0.9941002726554871,0.20895522832870483
YDL134C-A,YGL103W,1,-0.19999291,0.3266623616218567,0.9950835704803467,0.20895522832870483
YCL005W-A,YJR029W,0,-0.19999291,0.3265569508075714,0.9950835704803467,0.20905539393424988
YMR230W,YFL035C-B,1,-0.19999291,0.3267741799354553,0.9960668683052063,0.20905539393424988
YDR014W-A,YDR059C,0,-0.19999291,0.3266688287258148,0.9960668683052063,0.20915555953979492
YDR285W,YOR343C-A,0,-0.19999291,0.3265635073184967,0.9960668683052063,0.20925574004650116
YAR044W,YLR381W,0,-0.19999291,0.32645827531814575,0.9960668683052063,0.2093559056520462
YFL035C-B,YJL063C,1,-0.19999291,0.32667526602745056,0.9970501661300659,0.2093559056520462
YDL038C,YGR245C,0,-0.19999291,0.3265700340270996,0.9970501661300659,0.20945607125759125
YBR034C,YDL134C-A,0,-0.19999291,0.3264649212360382,0.9970501661300659,0.20955625176429749
YOL127W,YHR215W,0,-0.2003432,0.3263598382472992,0.9970501661300659,0.20965641736984253
YLR010C,YNR017W,0,-0.20143607,0.32625481486320496,0.9970501661300659,0.20975658297538757
YMR301C,YLR060W,0,-0.20265949,0.3261498808860779,0.9970501661300659,0.2098567634820938
YPL257W-B,YBR248C,0,-0.20266952,0.3260450065135956,0.9970501661300659,0.20995692908763885
YOR285W,YER063W,0,-0.20338358,0.32594022154808044,0.9970501661300659,0.2100570946931839
YDR064W,YDR144C,0,-0.20373249,0.3258354663848877,0.9970501661300659,0.21015726029872894
YMR312W,YDR381C-A,0,-0.20459758,0.3257308006286621,0.9970501661300659,0.21025744080543518
YMR267W,YKL032C,0,-0.20624992,0.3256261944770813,0.9970501661300659,0.21035760641098022
YDR381C-A,YDR523C,0,-0.20686845,0.32552167773246765,0.9970501661300659,0.21045777201652527
YOL105C,YMR122W-A,0,-0.20706414,0.3254171907901764,0.9970501661300659,0.2105579525232315
YBR123C,YHR076W,0,-0.20751853,0.3253127932548523,0.9970501661300659,0.21065811812877655
YPL257W-A,YAL015C,0,-0.2078921,0.325208455324173,0.9970501661300659,0.2107582837343216
YBR233W-A,YMR006C,0,-0.20902072,0.3251042068004608,0.9970501661300659,0.21085846424102783
YGL009C,YOL112W,0,-0.2100144,0.32499998807907104,0.9970501661300659,0.21095862984657288
YDR098C-A,YOR308C,0,-0.2103513,0.32489585876464844,0.9970501661300659,0.21105879545211792
YLL019C,YGR062C,0,-0.21192998,0.3247917890548706,0.9970501661300659,0.21115897595882416
YMR175W,YER110C,0,-0.21215273,0.32468780875205994,0.9970501661300659,0.2112591415643692
YLR145W,YLL011W,0,-0.21227156,0.32458385825157166,0.9970501661300659,0.21135930716991425
YGR097W,YDR261W-B,0,-0.21235608,0.32447999715805054,0.9970501661300659,0.21145948767662048
YCR055C,YPL010W,0,-0.2139753,0.3243761956691742,0.9970501661300659,0.21155965328216553
YJL062W-A,YKL155C,0,-0.2143204,0.3242724537849426,0.9970501661300659,0.21165981888771057
YLR187W,YDR381C-A,0,-0.2146434,0.3241688013076782,0.9970501661300659,0.2117599993944168
YPL257W-B,YJL030W,0,-0.21490048,0.3240652084350586,0.9970501661300659,0.21186016499996185
YJL048C,YBR254C,0,-0.21622585,0.32396167516708374,0.9970501661300659,0.2119603306055069
YBR233W-A,YPL253C,0,-0.21655892,0.32385820150375366,0.9970501661300659,0.21206049621105194
YNL036W,YKL002W,0,-0.21667697,0.32375478744506836,0.9970501661300659,0.21216067671775818
YGL051W,YOL125W,0,-0.21680279,0.3236514627933502,0.9970501661300659,0.21226084232330322
YKL099C,YML082W,0,-0.21690336,0.32354816794395447,0.9970501661300659,0.21236100792884827
YCL017C,YOR020C,0,-0.21740416,0.3234449625015259,0.9970501661300659,0.2124611884355545
YDL024C,YDR316W-B,0,-0.21813552,0.32334184646606445,0.9970501661300659,0.21256135404109955
YGL046W,YCL047C,0,-0.21880408,0.3232387602329254,0.9970501661300659,0.2126615196466446
YGR295C,YBR036C,0,-0.21922545,0.32313576340675354,0.9970501661300659,0.21276170015335083
YMR063W,YBR233W-A,0,-0.22093557,0.32303282618522644,0.9970501661300659,0.21286186575889587
YOR127W,YGL058W,0,-0.22400112,0.3229299485683441,0.9970501661300659,0.21296203136444092
YHR005C-A,YJL026W,0,-0.22483853,0.32282713055610657,0.9970501661300659,0.21306221187114716
YNL079C,YCL057C-A,0,-0.22491032,0.3227243721485138,0.9970501661300659,0.2131623774766922
YMR156C,YDL210W,0,-0.2253769,0.3226217031478882,0.9970501661300659,0.21326254308223724
YJL062W-A,YOR187W,0,-0.22559907,0.32251909375190735,0.9970501661300659,0.21336272358894348
YER032W,YPL183W-A,0,-0.22620808,0.3224165439605713,0.9970501661300659,0.21346288919448853
YDR226W,YDL148C,0,-0.22747664,0.32231405377388,0.9970501661300659,0.21356305480003357
YOR177C,YDR347W,0,-0.22761802,0.3222116231918335,0.9970501661300659,0.2136632204055786
YCL008C,YNL092W,0,-0.2276621,0.32210928201675415,0.9970501661300659,0.21376340091228485
YDR351W,YGL169W,0,-0.23022786,0.3220070004463196,0.9970501661300659,0.2138635665178299
YNL039W,YGL113W,0,-0.23061918,0.3219047486782074,0.9970501661300659,0.21396373212337494
YBL029C-A,YNL223W,0,-0.23134018,0.32180261611938477,0.9970501661300659,0.21406391263008118
YDR086C,YMR131C,0,-0.23211505,0.3217005133628845,0.9970501661300659,0.21416407823562622
YOL065C,YMR078C,0,-0.23263848,0.32159847021102905,0.9970501661300659,0.21426424384117126
YDR320C-A,YLR268W,0,-0.23346522,0.32149651646614075,0.9970501661300659,0.2143644243478775
YPR186C,YIL020C,0,-0.23381527,0.3213946223258972,0.9970501661300659,0.21446458995342255
YLR291C,YLL018C,0,-0.23386176,0.32129278779029846,0.9970501661300659,0.2145647555589676
YLR130C,YJR050W,0,-0.23423535,0.3211910128593445,0.9970501661300659,0.21466493606567383
YLR017W,YDR287W,0,-0.2346585,0.3210892975330353,0.9970501661300659,0.21476510167121887
YLL061W,YNR067C,0,-0.23489116,0.32098764181137085,0.9970501661300659,0.21486526727676392
YHL034C,YHL047C,0,-0.23492253,0.3208860754966736,0.9970501661300659,0.21496544778347015
YJL096W,YOR343W-A,0,-0.23723365,0.3207845687866211,0.9970501661300659,0.2150656133890152
YJL062W-A,YDR460W,0,-0.23805098,0.3206831216812134,0.9970501661300659,0.21516577899456024
YBL029C-A,YBR180W,0,-0.23873478,0.32058173418045044,0.9970501661300659,0.21526595950126648
YML061C,YNL173C,0,-0.23888473,0.3204804062843323,0.9970501661300659,0.21536612510681152
YDR304C,YMR019W,0,-0.2398246,0.3203791379928589,0.9970501661300659,0.21546629071235657
YBR003W,YMR241W,0,-0.240794,0.32027795910835266,0.9970501661300659,0.2155664563179016
YBL101W-A,YPR200C,0,-0.24093501,0.3201768100261688,0.9970501661300659,0.21566663682460785
YPL240C,YCL026C-B,0,-0.24258904,0.32007575035095215,0.9970501661300659,0.2157668024301529
YKR044W,YDR320C-A,0,-0.24275358,0.31997475028038025,0.9970501661300659,0.21586696803569794
YFR024C-A,YLR045C,0,-0.24317585,0.3198738098144531,0.9970501661300659,0.21596714854240417
YBL029C-A,YDR510W,0,-0.24339218,0.3197729289531708,0.9970501661300659,0.21606731414794922
YAL030W,YGL026C,0,-0.24403201,0.3196721374988556,0.9970501661300659,0.21616747975349426
YLR301W,YDL208W,0,-0.24412295,0.3195713758468628,0.9970501661300659,0.2162676602602005
YDL095W,YPL002C,0,-0.24424003,0.31947070360183716,0.9970501661300659,0.21636782586574554
YDR210W-B,YOR349W,0,-0.24478526,0.3193700909614563,0.9970501661300659,0.2164679914712906
YOL158C,YMR282C,0,-0.24493466,0.3192695081233978,0.9970501661300659,0.21656817197799683
YML113W,YML030W,0,-0.24517901,0.3191690146923065,0.9970501661300659,0.21666833758354187
YNL178W,YPR055W,0,-0.2453095,0.3190686106681824,0.9970501661300659,0.21676850318908691
YER053C,YLR277C,0,-0.24578825,0.3189682364463806,0.9970501661300659,0.21686868369579315
YNR072W,YPR137C-A,0,-0.24685137,0.31886792182922363,0.9970501661300659,0.2169688493013382
YGL142C,YDR337W,0,-0.24779736,0.3187676966190338,0.9970501661300659,0.21706901490688324
YJL062W-A,YJR070C,0,-0.25004613,0.3186675012111664,0.9970501661300659,0.21716918051242828
YER159C-A,YER176W,0,-0.25006902,0.3185673952102661,0.9970501661300659,0.21726936101913452
YDL051W,YJR130C,0,-0.25090426,0.3184673488140106,0.9970501661300659,0.21736952662467957
YDL136W,YCR097WB,0,-0.25296783,0.3183673322200775,0.9970501661300659,0.2174696922302246
YPR137C-B,YNR002C,0,-0.25350744,0.31826743483543396,0.9970501661300659,0.21756987273693085
YML094W,YNL159C,0,-0.25394702,0.3181675672531128,0.9970501661300659,0.2176700383424759
YAR033W,YNL268W,0,-0.25630182,0.3180677592754364,0.9970501661300659,0.21777020394802094
YOR020C,YGR161C-D,0,-0.25759554,0.3179680109024048,0.9970501661300659,0.21787038445472717
YBR034C,YKL054C,0,-0.25889516,0.31786835193634033,0.9970501661300659,0.21797055006027222
YJL225C,YER019C-A,0,-0.25897002,0.31776872277259827,0.9970501661300659,0.21807071566581726
YHR174W,YML081W,0,-0.25918573,0.31766918301582336,0.9970501661300659,0.2181708961725235
YBR233W-A,YIR026C,0,-0.26005882,0.31756967306137085,0.9970501661300659,0.21827106177806854
YGL016W,YLR102C,0,-0.26084507,0.3174702525138855,0.9970501661300659,0.2183712273836136
YAL003W,YNL010W,0,-0.2608541,0.3173708915710449,0.9970501661300659,0.21847140789031982
YER137C-A,YJR083C,0,-0.26211607,0.3172715902328491,0.9970501661300659,0.21857157349586487
YKL007W,YDR034C-C,0,-0.26238745,0.3171723484992981,0.9970501661300659,0.2186717391014099
YCL031C,YDR397C,0,-0.26245147,0.31707316637039185,0.9970501661300659,0.21877191960811615
YFL035C,YPR148C,0,-0.26254594,0.31697404384613037,0.9970501661300659,0.2188720852136612
YDL100C,YOR297C,0,-0.26265436,0.31687501072883606,0.9970501661300659,0.21897225081920624
YOR311C,YER086W,0,-0.26390782,0.31677600741386414,0.9970501661300659,0.21907241642475128
YJR041C,YBR218C,0,-0.26607686,0.316677063703537,0.9970501661300659,0.21917259693145752
YKR006C,YBR005W,0,-0.26676437,0.316578209400177,0.9970501661300659,0.21927276253700256
YDL070W,YCL026C-B,0,-0.26699334,0.3164794147014618,0.9970501661300659,0.2193729281425476
YFR034C,YMR207C,0,-0.2673661,0.31638064980506897,0.9970501661300659,0.21947310864925385
YNL273W,YGR109W-A,0,-0.2680139,0.3162819743156433,0.9970501661300659,0.2195732742547989
YDR372C,YNL079C,0,-0.26890814,0.3161833584308624,0.9970501661300659,0.21967343986034393
YKL198C,YKL009W,0,-0.26899374,0.3160848021507263,0.9970501661300659,0.21977362036705017
YJL013C,YHR207C,0,-0.2695663,0.3159862756729126,0.9970501661300659,0.21987378597259521
YDR210W-B,YMR192W,0,-0.27001375,0.31588783860206604,0.9970501661300659,0.21997395157814026
YGL062W,YBR254C,0,-0.27007222,0.31578946113586426,0.9970501661300659,0.2200741320848465
YMR295C,YOR069W,0,-0.27024728,0.31569114327430725,0.9970501661300659,0.22017429769039154
YBL112C,YER074W,0,-0.27029946,0.3155929148197174,0.9970501661300659,0.22027446329593658
YPL092W,YBR075W,0,-0.27193505,0.31549471616744995,0.9970501661300659,0.22037464380264282
YGR116W,YDR212W,0,-0.27200747,0.31539657711982727,0.9970501661300659,0.22047480940818787
YDR083W,YNL054W-A,0,-0.2720341,0.31529849767684937,0.9970501661300659,0.2205749750137329
YDR076W,YGR109W-A,0,-0.2727462,0.3152005076408386,0.9970501661300659,0.22067514061927795
YFR015C,YOR216C,0,-0.27314782,0.31510254740715027,0.9970501661300659,0.2207753211259842
YHR174W,YJR132W,0,-0.27341253,0.3150046467781067,0.9970501661300659,0.22087548673152924
YKR049C,YLR410W-A,0,-0.27468115,0.3149068355560303,0.9970501661300659,0.22097565233707428
YER015W,YHR101C,0,-0.27481082,0.31480905413627625,0.9970501661300659,0.22107583284378052
YML061C,YEL012W,0,-0.27536535,0.3147113621234894,0.9970501661300659,0.22117599844932556
YDR306C,YIL108W,0,-0.27561212,0.3146136999130249,0.9970501661300659,0.2212761640548706
YEL030W,YBL029C-A,0,-0.2757972,0.3145161271095276,0.9970501661300659,0.22137634456157684
YJR022W,YDR454C,0,-0.27659935,0.31441861391067505,0.9970501661300659,0.2214765101671219
YAR007C,YOR219C,0,-0.276666,0.3143211305141449,0.9970501661300659,0.22157667577266693
YPR158C-C,YIL134W,0,-0.27672225,0.3142237365245819,0.9970501661300659,0.22167685627937317
YGR177C,YNL024C,0,-0.2771805,0.3141264021396637,0.9970501661300659,0.2217770218849182
YGL004C,YNL216W,0,-0.27884543,0.31402909755706787,0.9970501661300659,0.22187718749046326
YBL041W,YKL200C,0,-0.27953154,0.3139318823814392,0.9970501661300659,0.2219773679971695
YOR294W,YDR456W,0,-0.28058332,0.3138347268104553,0.9970501661300659,0.22207753360271454
YLL040C,YMR105C,0,-0.2819842,0.3137376308441162,0.9970501661300659,0.22217769920825958
YOR260W,YKL060C,0,-0.28213924,0.3136405944824219,0.9970501661300659,0.22227787971496582
YBR192W,YGR180C,0,-0.2831369,0.3135435879230499,0.9970501661300659,0.22237804532051086
YPL178W,YML036W,0,-0.28335646,0.31344667077064514,0.9970501661300659,0.2224782109260559
YFR037C,YFR019W,0,-0.28424305,0.31334981322288513,0.9970501661300659,0.22257837653160095
YMR089C,YGL119W,0,-0.28431362,0.3132530152797699,0.9970501661300659,0.2226785570383072
YJR120W,YER023W,0,-0.2843932,0.31315627694129944,0.9970501661300659,0.22277872264385223
YOR363C,YPR137C-A,0,-0.28466988,0.31305959820747375,0.9970501661300659,0.22287888824939728
YMR019W,YHR160C,0,-0.28505206,0.31296294927597046,0.9970501661300659,0.22297906875610352
YOR254C,YBR251W,0,-0.28524983,0.3128663897514343,0.9970501661300659,0.22307923436164856
YCL057C-A,YOR156C,0,-0.28553537,0.31276988983154297,0.9970501661300659,0.2231793999671936
YDR261C-D,YNL023C,0,-0.28646308,0.3126734495162964,0.9970501661300659,0.22327958047389984
YLR068W,YLR145W,0,-0.28665224,0.3125770688056946,0.9970501661300659,0.22337974607944489
YBR192W,YBR075W,0,-0.2886315,0.31248074769973755,0.9970501661300659,0.22347991168498993
YJR009C,YLR410W-B,0,-0.28888172,0.3123844861984253,0.9970501661300659,0.22358009219169617
YOR142W-B,YLR350W,0,-0.2889052,0.3122882544994354,0.9970501661300659,0.2236802577972412
YLR256W-A,YML095C,0,-0.2894112,0.3121921122074127,0.9970501661300659,0.22378042340278625
YGR124W,YMR304W,0,-0.2912333,0.3120960295200348,0.9970501661300659,0.2238806039094925
YPL252C,YOR240W,0,-0.2922141,0.31200000643730164,0.9970501661300659,0.22398076951503754
YNR019W,YDL084W,0,-0.29316574,0.31190404295921326,0.9970501661300659,0.22408093512058258
YNL180C,YGR062C,0,-0.2933187,0.31180810928344727,0.9970501661300659,0.22418110072612762
YGR003W,YCL050C,0,-0.29468092,0.31171226501464844,0.9970501661300659,0.22428128123283386
YCR036W,YJR046W,0,-0.29473048,0.3116164803504944,0.9970501661300659,0.2243814468383789
YGR241C,YOR343W-A,0,-0.2947619,0.3115207254886627,0.9970501661300659,0.22448161244392395
YBR141C,YMR177W,0,-0.29609963,0.3114250600337982,0.9970501661300659,0.2245817929506302
YLR223C,YNR044W,0,-0.29755673,0.3113294541835785,0.9970501661300659,0.22468195855617523
YML125C,YCL026C-B,0,-0.2979066,0.31123387813568115,0.9970501661300659,0.22478212416172028
YMR264W,YOR179C,0,-0.29921764,0.311138391494751,0.9970501661300659,0.2248823046684265
YGL169W,YPL036W,0,-0.29961663,0.3110429346561432,0.9970501661300659,0.22498247027397156
YNL027W,YKL048C,0,-0.3002119,0.31094756722450256,0.9970501661300659,0.2250826358795166
YDR425W,YGL078C,0,-0.3008502,0.3108522295951843,0.9970501661300659,0.22518281638622284
YFL005W,YHR174W,0,-0.30103886,0.31075698137283325,0.9970501661300659,0.22528298199176788
YEL030W,YMR101C,0,-0.30141038,0.31066176295280457,0.9970501661300659,0.22538314759731293
YGR101W,YIL021W,0,-0.30219316,0.31056660413742065,0.9970501661300659,0.22548332810401917
YDR524C,YMR127C,0,-0.3028365,0.3104715347290039,0.9970501661300659,0.2255834937095642
YFR049W,YMR093W,0,-0.30283833,0.31037649512290955,0.9970501661300659,0.22568365931510925
YGR220C,YML112W,0,-0.30347997,0.31028151512145996,0.9970501661300659,0.2257838398218155
YDR351W,YNL101W,0,-0.30482534,0.31018659472465515,0.9970501661300659,0.22588400542736053
YDR310C,YLL019C,0,-0.30571258,0.3100917339324951,0.9970501661300659,0.22598417103290558
YGL071W,YPL209C,0,-0.30593598,0.30999693274497986,0.9970501661300659,0.22608433663845062
YMR020W,YDL247W,0,-0.306335,0.3099021911621094,0.9970501661300659,0.22618451714515686
YPR161C,YIL052C,0,-0.30679226,0.30980750918388367,0.9970501661300659,0.2262846827507019
YJR130C,YJL149W,0,-0.307029,0.30971288681030273,0.9970501661300659,0.22638484835624695
YOL003C,YER108C,0,-0.30765873,0.3096183240413666,0.9970501661300659,0.22648502886295319
YHL003C,YDR268W,0,-0.30776107,0.3095238208770752,0.9970501661300659,0.22658519446849823
YMR001C,YGR088W,0,-0.30858392,0.3094293475151062,0.9970501661300659,0.22668536007404327
YGL186C,YCL026C-B,0,-0.30870992,0.30933496356010437,0.9970501661300659,0.2267855405807495
YBL091C-A,YNL007C,0,-0.31107837,0.3092406094074249,0.9970501661300659,0.22688570618629456
YNL243W,YDL130W,0,-0.3114286,0.30914634466171265,0.9970501661300659,0.2269858717918396
YNL101W,YNL145W,0,-0.3117924,0.30905210971832275,0.9970501661300659,0.22708605229854584
YBL051C,YPR080W,0,-0.3123839,0.3089579641819,0.9970501661300659,0.22718621790409088
YOR267C,YJR135W-A,0,-0.31316626,0.3088638484477997,0.9970501661300659,0.22728638350963593
YBL092W,YJL171C,0,-0.31344593,0.3087697923183441,0.9970501661300659,0.22738656401634216
YPL189W,YMR001C,0,-0.3147062,0.3086757957935333,0.9970501661300659,0.2274867296218872
YBR035C,YCL026C-B,0,-0.31544775,0.3085818588733673,0.9970501661300659,0.22758689522743225
YGL035C,YLR410W-B,0,-0.3158223,0.30848798155784607,0.9970501661300659,0.2276870608329773
YDL095W,YLR247C,0,-0.31672648,0.3083941638469696,0.9970501661300659,0.22778724133968353
YPL198W,YFR006W,0,-0.3169238,0.3083004057407379,0.9970501661300659,0.22788740694522858
YJR104C,YGL049C,0,-0.31756914,0.3082066774368286,0.9970501661300659,0.22798757255077362
YPR128C,YOR230W,0,-0.31781062,0.3081130385398865,0.9970501661300659,0.22808775305747986
YHR138C,YML052W,0,-0.31839782,0.3080194294452667,0.9970501661300659,0.2281879186630249
YCR055C,YER175C,0,-0.31937698,0.30792590975761414,0.9970501661300659,0.22828808426856995
YIL064W,YMR150C,0,-0.31995842,0.30783241987228394,0.9970501661300659,0.22838826477527618
YJR032W,YBR183W,0,-0.32046193,0.3077389895915985,0.9970501661300659,0.22848843038082123
YOR036W,YCL052C,0,-0.321171,0.30764561891555786,0.9970501661300659,0.22858859598636627
YLR239C,YPL093W,0,-0.32127556,0.307552307844162,0.9970501661300659,0.2286887764930725
YGR017W,YPL131W,0,-0.32157356,0.3074590563774109,0.9970501661300659,0.22878894209861755
YDR468C,YNL284C-A,0,-0.3222078,0.30736586451530457,0.9970501661300659,0.2288891077041626
YCR012W,YPL013C,0,-0.32317984,0.307272732257843,0.9970501661300659,0.22898928821086884
YPL174C,YLR008C,0,-0.3233233,0.30717962980270386,0.9970501661300659,0.22908945381641388
YEL024W,YGL018C,0,-0.32333058,0.30708661675453186,0.9970501661300659,0.22918961942195892
YDR168W,YOL070C,0,-0.32478595,0.30699363350868225,0.9970501661300659,0.22928979992866516
YMR081C,YBL069W,0,-0.32492667,0.3069007396697998,0.9970501661300659,0.2293899655342102
YBR150C,YPL233W,0,-0.32514793,0.30680787563323975,0.9970501661300659,0.22949013113975525
YBR164C,YKL155C,0,-0.32629335,0.30671507120132446,0.9970501661300659,0.2295902967453003
YLR246W,YDR316W-A,0,-0.32668042,0.30662232637405396,0.9970501661300659,0.22969047725200653
YFR053C,YLR248W,0,-0.32684195,0.30652961134910583,0.9970501661300659,0.22979064285755157
YGR101W,YOL103W-B,0,-0.3269682,0.3064369857311249,0.9970501661300659,0.22989080846309662
YLR227W-A,YNL023C,0,-0.32811755,0.3063444197177887,0.9970501661300659,0.22999098896980286
YER100W,YJR010W,0,-0.32965505,0.3062518835067749,0.9970501661300659,0.2300911545753479
YFL021W,YLR093C,0,-0.3296659,0.3061594069004059,0.9970501661300659,0.23019132018089294
YOL042W,YKL053C-A,0,-0.3306183,0.30606701970100403,0.9970501661300659,0.23029150068759918
YOL086C,YDR034C,0,-0.33187574,0.30597466230392456,0.9970501661300659,0.23039166629314423
YLR401C,YDR292C,0,-0.33188045,0.30588236451148987,0.9970501661300659,0.23049183189868927
YKL079W,YOR158W,0,-0.33248103,0.30579009652137756,0.9970501661300659,0.2305920124053955
YLR010C,YFR024C,0,-0.33315498,0.3056979179382324,0.9970501661300659,0.23069217801094055
YHR035W,YHR179W,0,-0.33343878,0.30560579895973206,0.9970501661300659,0.2307923436164856
YDR399W,YDR210C-C,0,-0.33346307,0.3055137097835541,0.9970501661300659,0.23089252412319183
YPL257W-A,YDL202W,0,-0.33450228,0.3054216802120209,0.9970501661300659,0.23099268972873688
YGL229C,YDL021W,0,-0.33488685,0.30532971024513245,0.9970501661300659,0.23109285533428192
YDR545W,YLR157C,0,-0.33500975,0.3052377998828888,0.9970501661300659,0.23119302093982697
YER090W,YIL107C,0,-0.33577818,0.3051459491252899,0.9970501661300659,0.2312932014465332
YOR323C,YOL142W,0,-0.3363645,0.3050541579723358,0.9970501661300659,0.23139336705207825
YNL173C,YDL216C,0,-0.3367659,0.3049623966217041,0.9970501661300659,0.2314935326576233
YDR425W,YGL040C,0,-0.3367929,0.30487072467803955,0.9970501661300659,0.23159371316432953
YDR317W,YLR410W-B,0,-0.33737677,0.3047790825366974,0.9970501661300659,0.23169387876987457
YPL252C,YKL100C,0,-0.33866733,0.3046875,0.9970501661300659,0.23179404437541962
YKL210W,YPR148C,0,-0.33884168,0.3045959770679474,0.9970501661300659,0.23189422488212585
YOL086C,YJR046W,0,-0.33995736,0.30450451374053955,0.9970501661300659,0.2319943904876709
YLR085C,YGR165W,0,-0.34039748,0.3044130802154541,0.9970501661300659,0.23209455609321594
YIL155C,YGL232W,0,-0.34050405,0.3043217360973358,0.9970501661300659,0.23219473659992218
YDR100W,YNR052C,0,-0.34147465,0.3042304217815399,0.9970501661300659,0.23229490220546722
YOL086C,YBR230C,0,-0.34277603,0.3041391670703888,0.9970501661300659,0.23239506781101227
YGL115W,YML092C,0,-0.34346545,0.30404797196388245,0.9970501661300659,0.2324952483177185
YNL307C,YOR304C-A,0,-0.34419984,0.3039568364620209,0.9970501661300659,0.23259541392326355
YJL148W,YBR240C,0,-0.34488145,0.3038657605648041,0.9970501661300659,0.2326955795288086
YLR258W,YER164W,0,-0.34551227,0.30377471446990967,0.9970501661300659,0.23279576003551483
YFL035C,YOR075W,0,-0.34633714,0.30368372797966003,0.9970501661300659,0.23289592564105988
YNL192W,YFL002W-A,0,-0.34672225,0.3035928010940552,0.9970501661300659,0.23299609124660492
YBL039C,YOR347C,0,-0.34699243,0.3035019338130951,0.9970501661300659,0.23309625685214996
YFR006W,YHR074W,0,-0.3490121,0.3034111261367798,0.9970501661300659,0.2331964373588562
YNL122C,YIL009W,0,-0.3492707,0.30332037806510925,0.9970501661300659,0.23329660296440125
YBR078W,YER087W,0,-0.3497064,0.3032296597957611,0.9970501661300659,0.2333967685699463
YBL101W-A,YDR365C,0,-0.3508611,0.30313900113105774,0.9970501661300659,0.23349694907665253
YER081W,YOR145C,0,-0.351402,0.30304840207099915,0.9970501661300659,0.23359711468219757
YEL039C,YOR204W,0,-0.3527099,0.3029578626155853,0.9970501661300659,0.23369728028774261
YOR150W,YER150W,0,-0.35271135,0.3028673827648163,0.9970501661300659,0.23379746079444885
YLR430W,YDR440W,0,-0.35372087,0.302776962518692,0.9970501661300659,0.2338976263999939
YPR158W-B,YJR133W,0,-0.3538834,0.30268657207489014,0.9970501661300659,0.23399779200553894
YIL074C,YHR033W,0,-0.3540515,0.30259624123573303,0.9970501661300659,0.23409797251224518
YLR215C,YOL154W,0,-0.3547243,0.3025059700012207,0.9970501661300659,0.23419813811779022
YNL284C,YKL020C,0,-0.3553778,0.30241575837135315,0.9970501661300659,0.23429830372333527
YOR311C,YKL210W,0,-0.3568006,0.302325576543808,0.9970501661300659,0.2343984842300415
YMR194W,YKL108W,0,-0.35739234,0.30223548412323,0.9970501661300659,0.23449864983558655
YPR152C,YGL040C,0,-0.35756382,0.30214542150497437,0.9970501661300659,0.2345988154411316
YIL053W,YBL022C,0,-0.35877746,0.3020554184913635,0.9970501661300659,0.23469898104667664
YML018C,YNL066W,0,-0.3603906,0.3019654452800751,0.9970501661300659,0.23479916155338287
YBR162W-A,YLR186W,0,-0.36046618,0.3018755614757538,0.9970501661300659,0.23489932715892792
YGL161C,YDR414C,0,-0.36102727,0.3017857074737549,0.9970501661300659,0.23499949276447296
YDR093W,YGR214W,0,-0.36104375,0.30169591307640076,0.9970501661300659,0.2350996732711792
YKR062W,YIL070C,0,-0.361104,0.3016061782836914,0.9970501661300659,0.23519983887672424
YLL008W,YDR435C,0,-0.3612274,0.30151650309562683,0.9970501661300659,0.2353000044822693
YHR086W,YGR264C,0,-0.36224073,0.30142688751220703,0.9970501661300659,0.23540018498897552
YPR163C,YEL022W,0,-0.36333495,0.3013373017311096,0.9970501661300659,0.23550035059452057
YKL095W,YMR250W,0,-0.36380208,0.301247775554657,0.9970501661300659,0.2356005162000656
YPR133C,YBR035C,0,-0.36391088,0.3011583089828491,0.9970501661300659,0.23570069670677185
YIL139C,YNL164C,0,-0.36406302,0.30106887221336365,0.9970501661300659,0.2358008623123169
YNL121C,YNL023C,0,-0.3648293,0.30097952485084534,0.9970501661300659,0.23590102791786194
YKL155C,YER140W,0,-0.36489132,0.3008902072906494,0.9970501661300659,0.23600120842456818
YLR276C,YDL098C,0,-0.3653443,0.30080094933509827,0.9970501661300659,0.23610137403011322
YGR032W,YDR098C,0,-0.36619586,0.3007117509841919,0.9970501661300659,0.23620153963565826
YKL078W,YJR143C,0,-0.3664065,0.3006225824356079,0.9970501661300659,0.2363017201423645
YDR200C,YBL076C,0,-0.36662954,0.3005335032939911,0.9970501661300659,0.23640188574790955
YER074W,YJL035C,0,-0.36876786,0.30044445395469666,0.9970501661300659,0.2365020513534546
YOR272W,YHR079C-B,0,-0.37145823,0.300355464220047,0.9970501661300659,0.23660221695899963
YLR321C,YOL082W,0,-0.37266743,0.3002665042877197,0.9970501661300659,0.23670239746570587
YPL257W-A,YPL171C,0,-0.3730958,0.3001776337623596,0.9970501661300659,0.23680256307125092
YMR099C,YCL043C,0,-0.37334543,0.3000887930393219,0.9970501661300659,0.23690272867679596
YML081C-A,YHR185C,0,-0.37386364,0.30000001192092896,0.9970501661300659,0.2370029091835022
YPR041W,YGR200C,0,-0.3739449,0.2999112606048584,0.9970501661300659,0.23710307478904724
YDR239C,YHR081W,0,-0.37633097,0.299822598695755,0.9970501661300659,0.23720324039459229
YOR047C,YKR055W,0,-0.37651289,0.299733966588974,0.9970501661300659,0.23730342090129852
YOR230W,YPR001W,0,-0.37654153,0.29964539408683777,0.9970501661300659,0.23740358650684357
YFR010W,YKL117W,0,-0.37713593,0.2995568811893463,0.9970501661300659,0.2375037521123886
YPL099C,YIL125W,0,-0.37828898,0.29946839809417725,0.9970501661300659,0.23760393261909485
YER131W,YLR442C,0,-0.3790819,0.29937997460365295,0.9970501661300659,0.2377040982246399
YHR167W,YJR103W,0,-0.379534,0.29929161071777344,0.9970501661300659,0.23780426383018494
YJL168C,YPR149W,0,-0.37990615,0.2992033064365387,0.9970501661300659,0.23790444433689117
YIL027C,YPR199C,0,-0.3803109,0.29911503195762634,0.9970501661300659,0.23800460994243622
YHR061C,YNL213C,0,-0.38039833,0.29902684688568115,0.9970501661300659,0.23810477554798126
YOR326W,YOR343W-A,0,-0.38143295,0.29893869161605835,0.9970501661300659,0.2382049411535263
YHR140W,YER048W-A,0,-0.3831193,0.29885056614875793,0.9970501661300659,0.23830512166023254
YMR179W,YBR009C,0,-0.3844548,0.2987625300884247,0.9970501661300659,0.2384052872657776
YKL158W,YJL170C,0,-0.3859328,0.2986745238304138,0.9970501661300659,0.23850545287132263
YIL088C,YMR127C,0,-0.38609034,0.29858657717704773,0.9970501661300659,0.23860563337802887
YGR161W-B,YOR244W,0,-0.38746688,0.2984986901283264,0.9970501661300659,0.2387057989835739
YGR179C,YOR080W,0,-0.3889463,0.2984108328819275,0.9970501661300659,0.23880596458911896
YJR045C,YDR384C,0,-0.38901174,0.29832303524017334,0.9970501661300659,0.2389061450958252
YLR356W,YDR140W,0,-0.38902754,0.29823529720306396,0.9970501661300659,0.23900631070137024
YER161C,YLR390W-A,0,-0.3892398,0.298147588968277,0.9970501661300659,0.23910647630691528
YIL011W,YKL085W,0,-0.38950866,0.29805997014045715,0.9970501661300659,0.23920665681362152
YMR176W,YOL100W,0,-0.39081538,0.2979723811149597,0.9970501661300659,0.23930682241916656
YOR172W,YNL239W,0,-0.3908319,0.29788485169410706,0.9970501661300659,0.2394069880247116
YLR343W,YKR052C,0,-0.39120993,0.2977973520755768,0.9970501661300659,0.23950716853141785
YGR159C,YMR307W,0,-0.39130652,0.2977099120616913,0.9970501661300659,0.2396073341369629
YHR008C,YKR056W,0,-0.39130718,0.29762253165245056,0.9970501661300659,0.23970749974250793
YCR096C,YGR109W-A,0,-0.39375347,0.2975352108478546,0.9970501661300659,0.23980768024921417
YHR039C-B,YPR007C,0,-0.39469528,0.29744791984558105,0.9970501661300659,0.23990784585475922
YER137C,YGL119W,0,-0.3947776,0.29736071825027466,0.9970501661300659,0.24000801146030426
YCL054W,YJR135W-A,0,-0.39483064,0.29727351665496826,0.9970501661300659,0.2401081770658493
YGL084C,YML115C,0,-0.39485827,0.29718640446662903,0.9970501661300659,0.24020835757255554
YEL053C,YMR308C,0,-0.3949073,0.2970993220806122,0.9970501661300659,0.24030852317810059
YBR131W,YLL011W,0,-0.39600468,0.2970122992992401,0.9970501661300659,0.24040868878364563
YNL318C,YML055W,0,-0.39781648,0.2969253361225128,0.9970501661300659,0.24050886929035187
YOR343W-B,YBR141C,0,-0.3981593,0.2968384027481079,0.9970501661300659,0.2406090348958969
YPL104W,YKR066C,0,-0.39899302,0.2967515289783478,0.9970501661300659,0.24070920050144196
YBR022W,YDR031W,0,-0.39945894,0.2966647148132324,0.9970501661300659,0.2408093810081482
YER148W,YCR011C,0,-0.3995128,0.29657796025276184,0.9970501661300659,0.24090954661369324
YBL026W,YLR059C,0,-0.39952213,0.29649123549461365,0.9970501661300659,0.24100971221923828
YBR086C,YCL051W,0,-0.40057737,0.29640457034111023,0.9970501661300659,0.24110989272594452
YOR226C,YDR363W-A,0,-0.4013824,0.2963179349899292,0.9970501661300659,0.24121005833148956
YBR261C,YGR272C,0,-0.40229914,0.29623138904571533,0.9970501661300659,0.2413102239370346
YDR210C-C,YDR515W,0,-0.40235484,0.29614487290382385,0.9970501661300659,0.24141040444374084
YJR025C,YOR145C,0,-0.4038064,0.29605838656425476,0.9970501661300659,0.2415105700492859
YMR040W,YDR317W,0,-0.40428615,0.29597198963165283,0.9970501661300659,0.24161073565483093
YBL026W,YPL160W,0,-0.40443313,0.2958856225013733,0.9970501661300659,0.24171090126037598
YPR055W,YIL005W,0,-0.40505767,0.29579928517341614,0.9970501661300659,0.24181108176708221
YNL039W,YHR119W,0,-0.4055946,0.29571303725242615,0.9970501661300659,0.24191124737262726
YFR030W,YGR199W,0,-0.4058956,0.29562681913375854,0.9970501661300659,0.2420114129781723
YGR138C,YJL079C,0,-0.40730208,0.2955406606197357,0.9970501661300659,0.24211159348487854
YIL153W,YMR177W,0,-0.40884933,0.2954545319080353,0.9970501661300659,0.24221175909042358
YNL085W,YLR001C,0,-0.40931195,0.295368492603302,0.9970501661300659,0.24231192469596863
YGR161W-A,YEL018W,0,-0.4093386,0.2952824831008911,0.9970501661300659,0.24241210520267487
YBR153W,YDR210C-C,0,-0.40956038,0.2951965034008026,0.9970501661300659,0.2425122708082199
YKR002W,YCR087C-A,0,-0.40982026,0.2951105833053589,0.9970501661300659,0.24261243641376495
YER060W,YAR027W,0,-0.410105,0.29502472281455994,0.9970501661300659,0.2427126169204712
YLR056W,YPR036W,0,-0.4101333,0.29493892192840576,0.9970501661300659,0.24281278252601624
YDR074W,YML058W-A,0,-0.41259295,0.294853150844574,0.9970501661300659,0.24291294813156128
YPL123C,YKL054C,0,-0.41324675,0.29476743936538696,0.9970501661300659,0.24301312863826752
YOL066C,YLR056W,0,-0.41344386,0.2946817874908447,0.9970501661300659,0.24311329424381256
YBR061C,YGL111W,0,-0.41353616,0.2945961654186249,0.9970501661300659,0.2432134598493576
YDL040C,YHR057C,0,-0.41413993,0.2945106029510498,0.9970501661300659,0.24331364035606384
YPL257W-A,YFL013C,0,-0.41440338,0.2944251000881195,0.9970501661300659,0.2434138059616089
YAR015W,YOR369C,0,-0.41498524,0.2943396270275116,0.9970501661300659,0.24351397156715393
YBR091C,YNL062C,0,-0.41520935,0.29425421357154846,0.9970501661300659,0.24361413717269897
YDR177W,YFR045W,0,-0.41539586,0.2941688299179077,0.9970501661300659,0.2437143176794052
YBR233W-A,YGR193C,0,-0.4161343,0.29408353567123413,0.9970501661300659,0.24381448328495026
YOL052C-A,YBR024W,0,-0.4164868,0.29399827122688293,0.9970501661300659,0.2439146488904953
YMR297W,YCR097WB,0,-0.41660327,0.2939130365848541,0.9970501661300659,0.24401482939720154
YCR024C,YMR318C,0,-0.4168155,0.2938278615474701,0.9970501661300659,0.24411499500274658
YMR240C,YKR057W,0,-0.41686702,0.29374274611473083,0.9970501661300659,0.24421516060829163
YFL035C,YMR234W,0,-0.41793138,0.29365769028663635,0.9970501661300659,0.24431534111499786
YER168C,YPR163C,0,-0.41879678,0.29357266426086426,0.9970501661300659,0.2444155067205429
YNL173C,YGR075C,0,-0.42039144,0.29348769783973694,0.9970501661300659,0.24451567232608795
YOL057W,YMR307W,0,-0.42047113,0.2934027910232544,0.9970501661300659,0.2446158528327942
YER074W,YER113C,0,-0.42085993,0.29331791400909424,0.9970501661300659,0.24471601843833923
YDL137W,YIL062C,0,-0.42155957,0.29323309659957886,0.9970501661300659,0.24481618404388428
YFL035C,YBR125C,0,-0.42184287,0.29314830899238586,0.9970501661300659,0.24491636455059052
YMR262W,YFL061W,0,-0.42238688,0.29306358098983765,0.9970501661300659,0.24501653015613556
YPL204W,YJR094W-A,0,-0.4232512,0.2929789125919342,0.9970501661300659,0.2451166957616806
YDR077W,YMR114C,0,-0.42467594,0.29289427399635315,0.9970501661300659,0.24521686136722565
YJL012C,YOR228C,0,-0.42567354,0.29280969500541687,0.9970501661300659,0.24531704187393188
YOR377W,YHR085W,0,-0.42568606,0.29272517561912537,0.9970501661300659,0.24541720747947693
YBR036C,YOR384W,0,-0.42643875,0.29264068603515625,0.9970501661300659,0.24551737308502197
YJR149W,YHR009C,0,-0.42644566,0.2925562560558319,0.9970501661300659,0.2456175535917282
YDR222W,YIL128W,0,-0.42711228,0.29247188568115234,0.9970501661300659,0.24571771919727325
YKL006W,YNR071C,0,-0.4274823,0.29238754510879517,0.9970501661300659,0.2458178848028183
YPR006C,YKL024C,0,-0.42872715,0.29230326414108276,0.9970501661300659,0.24591806530952454
YKL183W,YIR038C,0,-0.42927706,0.29221901297569275,0.9970501661300659,0.24601823091506958
YPL002C,YOL012C,0,-0.42974222,0.2921348214149475,0.9970501661300659,0.24611839652061462
YDR317W,YBR046C,0,-0.42995507,0.29205068945884705,0.9970501661300659,0.24621857702732086
YMR025W,YPR046W,0,-0.43008727,0.29196658730506897,0.9970501661300659,0.2463187426328659
YOR127W,YLR312W-A,0,-0.4302739,0.29188254475593567,0.9970501661300659,0.24641890823841095
YKL013C,YJR120W,0,-0.4303226,0.29179856181144714,0.9970501661300659,0.2465190887451172
YDL247W,YIL132C,0,-0.43061233,0.291714608669281,0.9970501661300659,0.24661925435066223
YNL151C,YKR007W,0,-0.4317299,0.29163071513175964,0.9970501661300659,0.24671941995620728
YGL028C,YMR020W,0,-0.43477112,0.29154685139656067,0.9970501661300659,0.2468196004629135
YBL051C,YEL040W,0,-0.43490344,0.29146307706832886,0.9970501661300659,0.24691976606845856
YNL261W,YGR208W,0,-0.43497282,0.29137930274009705,0.9970501661300659,0.2470199316740036
YKL017C,YFL013C,0,-0.43559873,0.2912956178188324,0.9970501661300659,0.24712009727954865
YGL212W,YOL071W,0,-0.43584293,0.29121193289756775,0.9970501661300659,0.24722027778625488
YDR034C-C,YHL008C,0,-0.43645895,0.29112833738327026,0.9970501661300659,0.24732044339179993
YPR182W,YKR048C,0,-0.43666643,0.29104477167129517,0.9970501661300659,0.24742060899734497
YOL009C,YJR016C,0,-0.4370805,0.29096126556396484,0.9970501661300659,0.2475207895040512
YDR523C,YKL024C,0,-0.4375702,0.2908777892589569,0.9970501661300659,0.24762095510959625
YPR006C,YLR410W-B,0,-0.43801922,0.29079437255859375,0.9970501661300659,0.2477211207151413
YPL048W,YDR173C,0,-0.43874133,0.29071101546287537,0.9970501661300659,0.24782130122184753
YOR343W-A,YIL035C,0,-0.43885112,0.29062768816947937,0.9970501661300659,0.24792146682739258
YNL051W,YHR041C,0,-0.43911856,0.29054442048072815,0.9970501661300659,0.24802163243293762
YGR109W-A,YDL076C,0,-0.4391396,0.2904611825942993,0.9970501661300659,0.24812181293964386
YER095W,YKL199C,0,-0.4394362,0.29037800431251526,0.9970501661300659,0.2482219785451889
YNR013C,YDR148C,0,-0.43963885,0.290294885635376,0.9970501661300659,0.24832214415073395
YJR117W,YJR021C,0,-0.44067144,0.2902117967605591,0.9970501661300659,0.24842232465744019
YOR262W,YHR017W,0,-0.44237387,0.29012876749038696,0.9970501661300659,0.24852249026298523
YNL020C,YBR101C,0,-0.44308656,0.29004576802253723,0.9970501661300659,0.24862265586853027
YGL205W,YPR158C-D,0,-0.44323534,0.2899628281593323,0.9970501661300659,0.24872282147407532
YPR097W,YOR099W,0,-0.44545096,0.2898799180984497,0.9970501661300659,0.24882300198078156
YBR074W,YIL088C,0,-0.44695908,0.2897970974445343,0.9970501661300659,0.2489231675863266
YKR085C,YML011C,0,-0.44721115,0.2897142767906189,0.9970501661300659,0.24902333319187164
YER087W,YGL219C,0,-0.4472782,0.28963154554367065,0.9970501661300659,0.24912351369857788
YER072W,YCL039W,0,-0.4474154,0.2895488440990448,0.9970501661300659,0.24922367930412292
YGR055W,YLR016C,0,-0.44786203,0.28946617245674133,0.9970501661300659,0.24932384490966797
YMR204C,YMR086W,0,-0.4480204,0.28938356041908264,0.9970501661300659,0.2494240254163742
YPL155C,YOL120C,0,-0.4496534,0.2893010079860687,0.9970501661300659,0.24952419102191925
YER159C-A,YDR424C,0,-0.44979268,0.2892184853553772,0.9970501661300659,0.2496243566274643
YAR044W,YMR149W,0,-0.4510252,0.28913602232933044,0.9970501661300659,0.24972453713417053
YAR033W,YMR039C,0,-0.45143574,0.2890535891056061,0.9970501661300659,0.24982470273971558
YPR128C,YIL087C,0,-0.45236808,0.2889712154865265,0.9970501661300659,0.24992486834526062
YJL187C,YDR188W,0,-0.45273137,0.2888889014720917,0.9970501661300659,0.25002503395080566
YGR106C,YEL054C,0,-0.4532377,0.28880661725997925,0.9970501661300659,0.2501251995563507
YCL035C,YAL058W,0,-0.45413637,0.2887243628501892,0.9970501661300659,0.25022539496421814
YOR158W,YHR017W,0,-0.45419067,0.28864219784736633,0.9970501661300659,0.2503255605697632
YDR316W-A,YBL074C,0,-0.45480174,0.28856003284454346,0.9970501661300659,0.2504257261753082
YGR009C,YER082C,0,-0.4548319,0.28847795724868774,0.9970501661300659,0.25052589178085327
YHR117W,YJL187C,0,-0.45497352,0.2883959114551544,0.9970501661300659,0.2506260573863983
YNL181W,YPL234C,0,-0.45601487,0.2883138954639435,0.9970501661300659,0.25072622299194336
YGR161W-A,YLR017W,0,-0.45652014,0.2882319390773773,0.9970501661300659,0.2508264183998108
YML100W,YML042W,0,-0.45663655,0.28815004229545593,0.9970501661300659,0.25092658400535583
YLL021W,YNL288W,0,-0.45711833,0.28806817531585693,0.9970501661300659,0.2510267496109009
YMR220W,YDR210C-D,0,-0.45736188,0.2879863679409027,0.9970501661300659,0.2511269152164459
YBR233W-A,YKL048C,0,-0.45764798,0.2879045903682709,0.9970501661300659,0.25122708082199097
YMR262W,YMR098C,0,-0.45809597,0.2878228724002838,0.9970501661300659,0.251327246427536
YOL124C,YOR123C,0,-0.45841956,0.28774121403694153,0.9970501661300659,0.25142741203308105
YDR529C,YMR292W,0,-0.4585728,0.28765958547592163,0.9970501661300659,0.2515276074409485
YHR139C,YMR143W,0,-0.4585997,0.2875779867172241,0.9970501661300659,0.25162777304649353
YIL014W,YCL026C-B,0,-0.45934463,0.2874964475631714,0.9970501661300659,0.2517279386520386
YDR343C,YIL112W,0,-0.45953363,0.2874149680137634,0.9970501661300659,0.2518281042575836
YLR277C,YGR180C,0,-0.45970416,0.28733351826667786,0.9970501661300659,0.25192826986312866
YLR033W,YBR211C,0,-0.45994198,0.28725212812423706,0.9970501661300659,0.2520284354686737
YDR351W,YCR058C,0,-0.46052903,0.28717076778411865,0.9970501661300659,0.25212863087654114
YMR072W,YHR039C-A,0,-0.46337873,0.287089467048645,0.9970501661300659,0.2522287964820862
YNL176C,YGR161C-D,0,-0.46364087,0.2870081961154938,0.9970501661300659,0.2523289620876312
YPL198W,YOR081C,0,-0.4641567,0.2869269847869873,0.9970501661300659,0.25242912769317627
YDR092W,YPL231W,0,-0.46432722,0.2868458330631256,0.9970501661300659,0.2525292932987213
YOR132W,YDR159W,0,-0.46487707,0.2867647111415863,0.9970501661300659,0.25262945890426636
YDR071C,YDR476C,0,-0.46608436,0.2866836190223694,0.9970501661300659,0.2527296543121338
YDL099W,YNL063W,0,-0.46896857,0.28660258650779724,0.9970501661300659,0.25282981991767883
YDR464W,YKL059C,0,-0.4695723,0.2865216135978699,0.9970501661300659,0.2529299855232239
YDL149W,YOR271C,0,-0.47166497,0.2864406704902649,0.9970501661300659,0.2530301511287689
YDL112W,YNL194C,0,-0.4733386,0.2863597869873047,0.9970501661300659,0.25313031673431396
YDL146W,YLR304C,0,-0.4735101,0.28627893328666687,0.9970501661300659,0.253230482339859
YAL020C,YCR004C,0,-0.4738776,0.28619813919067383,0.9970501661300659,0.25333064794540405
YKR101W,YCR014C,0,-0.4746127,0.2861173748970032,0.9970501661300659,0.2534308433532715
YLR433C,YDL216C,0,-0.47471082,0.2860366702079773,0.9970501661300659,0.25353100895881653
YPR188C,YGL238W,0,-0.47526973,0.2859559953212738,0.9970501661300659,0.2536311745643616
YGR266W,YPL004C,0,-0.47546726,0.2858753800392151,0.9970501661300659,0.2537313401699066
YLR324W,YOR078W,0,-0.47644955,0.28579482436180115,0.9970501661300659,0.25383150577545166
YBL058W,YOL144W,0,-0.47648555,0.2857142984867096,0.9970501661300659,0.2539316713809967
YLR227W-A,YOL004W,0,-0.47825056,0.28563380241394043,0.9970501661300659,0.25403186678886414
YDR299W,YGR109W-A,0,-0.47886097,0.28555336594581604,0.9970501661300659,0.2541320323944092
YFR036W,YJL052W,0,-0.4789605,0.28547295928001404,0.9970501661300659,0.2542321979999542
YFL035C,YMR267W,0,-0.47911322,0.2853926122188568,0.9970501661300659,0.25433236360549927
YJR035W,YGR181W,0,-0.479303,0.28531232476234436,0.9970501661300659,0.2544325292110443
YMR313C,YMR139W,0,-0.47990078,0.2852320671081543,0.9970501661300659,0.25453269481658936
YPR042C,YPL254W,0,-0.48049647,0.285151869058609,0.9970501661300659,0.2546328902244568
YBR086C,YMR098C,0,-0.48197222,0.2850717008113861,0.9970501661300659,0.25473305583000183
YJR121W,YDR121W,0,-0.48228747,0.2849915623664856,0.9970501661300659,0.2548332214355469
YLR429W,YPL083C,0,-0.48258924,0.28491148352622986,0.9970501661300659,0.2549333870410919
YLL045C,YNL117W,0,-0.48358995,0.2848314642906189,0.9970501661300659,0.25503355264663696
YJL059W,YFR019W,0,-0.48369843,0.2847514748573303,0.9970501661300659,0.255133718252182
YDL082W,YLR260W,0,-0.4839313,0.2846715450286865,0.9970501661300659,0.25523388385772705
YNL127W,YDL184C,0,-0.48416138,0.2845916450023651,0.9970501661300659,0.2553340792655945
YHR202W,YNL023C,0,-0.4842599,0.2845117747783661,0.9970501661300659,0.2554342448711395
YDR040C,YOR027W,0,-0.4850033,0.28443196415901184,0.9970501661300659,0.25553441047668457
YGL191W,YDR486C,0,-0.48503035,0.28435221314430237,0.9970501661300659,0.2556345760822296
YKL135C,YOR355W,0,-0.4854039,0.2842724919319153,0.9970501661300659,0.25573474168777466
YGR109W-B,YNL259C,0,-0.48584157,0.284192830324173,0.9970501661300659,0.2558349072933197
YPL257W-A,YFR031C-A,0,-0.48687392,0.28411319851875305,0.9970501661300659,0.25593510270118713
YNL207W,YKR056W,0,-0.48728925,0.2840336263179779,0.9970501661300659,0.2560352683067322
YPL083C,YPR102C,0,-0.48814225,0.28395408391952515,0.9970501661300659,0.2561354339122772
YJL025W,YER103W,0,-0.4884746,0.2838745713233948,0.9970501661300659,0.25623559951782227
YDR245W,YBR173C,0,-0.49038088,0.2837951183319092,0.9970501661300659,0.2563357651233673
YBR233W-A,YPR057W,0,-0.49120134,0.28371572494506836,0.9970501661300659,0.25643593072891235
YHR008C,YPR137C-A,0,-0.49146277,0.2836363613605499,0.9970501661300659,0.2565361261367798
YBL023C,YPL188W,0,-0.49148065,0.28355705738067627,0.9970501661300659,0.25663629174232483
YPR178W,YNL172W,0,-0.49203575,0.283477783203125,0.9970501661300659,0.2567364573478699
YIL142W,YDR494W,0,-0.492101,0.2833985388278961,0.9970501661300659,0.2568366229534149
YMR220W,YLR312W-A,0,-0.49286938,0.283319354057312,0.9970501661300659,0.25693678855895996
YHL009W-B,YBL005W,0,-0.49429786,0.2832402288913727,0.9970501661300659,0.257036954164505
YDR332W,YGR212W,0,-0.49603266,0.28316113352775574,0.9970501661300659,0.25713711977005005
YDL146W,YBR100W,0,-0.49661535,0.2830820679664612,0.9970501661300659,0.2572373151779175
YOR142W-B,YMR071C,0,-0.49668825,0.2830030620098114,0.9970501661300659,0.2573374807834625
YKL041W,YML116W,0,-0.5001434,0.2829241156578064,0.9970501661300659,0.25743764638900757
YOR240W,YDR107C,0,-0.5002856,0.2828451991081238,0.9970501661300659,0.2575378119945526
YCL008C,YJL171C,0,-0.50187093,0.28276631236076355,0.9970501661300659,0.25763797760009766
YOL126C,YGR170W,0,-0.50210446,0.2826874852180481,0.9970501661300659,0.2577381432056427
YNL163C,YIL036W,0,-0.50230205,0.28260868787765503,0.9970501661300659,0.25783833861351013
YDR009W,YNL302C,0,-0.50379634,0.28252995014190674,0.9970501661300659,0.2579385042190552
YJL112W,YPR134W,0,-0.50381655,0.28245124220848083,0.9970501661300659,0.2580386698246002
YDR407C,YOL082W,0,-0.5042724,0.2823725938796997,0.9970501661300659,0.25813883543014526
YER101C,YGL128C,0,-0.50448745,0.28229397535324097,0.9970501661300659,0.2582390010356903
YDL114W,YDR233C,0,-0.50479555,0.282215416431427,0.9970501661300659,0.25833916664123535
YBL037W,YPL226W,0,-0.50674677,0.2821368873119354,0.9970501661300659,0.2584393322467804
YBL029C-A,YER155C,0,-0.50680757,0.2820584177970886,0.9970501661300659,0.2585395276546478
YER148W,YBR072W,0,-0.50809664,0.2819799780845642,0.9970501661300659,0.25863969326019287
YOL005C,YNL132W,0,-0.508656,0.28190159797668457,0.9970501661300659,0.2587398588657379
YLR383W,YGL122C,0,-0.5108217,0.2818232476711273,0.9970501661300659,0.25884002447128296
YPR158C-C,YIL035C,0,-0.5127274,0.28174492716789246,0.9970501661300659,0.258940190076828
YBR130C,YOL045W,0,-0.51298285,0.28166666626930237,0.9970501661300659,0.25904035568237305
YLR164W,YHR206W,0,-0.5135624,0.28158843517303467,0.9970501661300659,0.2591405510902405
YIL142W,YJR041C,0,-0.5144333,0.28151026368141174,0.9970501661300659,0.2592407166957855
YJL011C,YMR243C,0,-0.51468444,0.2814321517944336,0.9970501661300659,0.25934088230133057
YPL215W,YOL126C,0,-0.5148802,0.28135403990745544,0.9970501661300659,0.2594410479068756
YDR359C,YGR218W,0,-0.51509947,0.28127601742744446,0.9970501661300659,0.25954121351242065
YJL054W,YOL100W,0,-0.5153545,0.28119799494743347,0.9970501661300659,0.2596413791179657
YGR175C,YOR090C,0,-0.5161253,0.28112003207206726,0.9970501661300659,0.25974157452583313
YBL020W,YER137C-A,0,-0.5165874,0.2810421288013458,0.9970501661300659,0.2598417401313782
YMR313C,YIL017W,0,-0.51718014,0.2809642553329468,0.9970501661300659,0.2599419057369232
YGR089W,YMR012W,0,-0.5173165,0.2808864414691925,0.9970501661300659,0.26004207134246826
YOR098C,YOR217W,0,-0.5177274,0.28080862760543823,0.9970501661300659,0.2601422369480133
YPL087W,YMR145C,0,-0.51807654,0.2807309031486511,0.9970501661300659,0.26024240255355835
YLR158C,YDR532C,0,-0.5184979,0.2806532084941864,0.9970501661300659,0.2603425681591034
YFL002W-B,YDR356W,0,-0.51858544,0.28057554364204407,0.9970501661300659,0.2604427635669708
YOL103W-A,YCR106W,0,-0.5191182,0.2804979383945465,0.9970501661300659,0.26054292917251587
YML045W-A,YCR010C,0,-0.5201698,0.28042036294937134,0.9970501661300659,0.2606430947780609
YDR316W-A,YDL056W,0,-0.52043855,0.28034281730651855,0.9970501661300659,0.26074326038360596
YGL200C,YER062C,0,-0.521081,0.28026533126831055,0.9970501661300659,0.260843425989151
YPR173C,YIL093C,0,-0.52205837,0.2801879048347473,0.9970501661300659,0.26094359159469604
YDR381C-A,YGR264C,0,-0.522628,0.28011050820350647,0.9970501661300659,0.2610437870025635
YGR161W-A,YDR201W,0,-0.5230867,0.280033141374588,0.9970501661300659,0.2611439526081085
YHR010W,YLR410W-B,0,-0.52318513,0.27995583415031433,0.9970501661300659,0.26124411821365356
YER110C,YOR253W,0,-0.5232886,0.27987855672836304,0.9970501661300659,0.2613442838191986
YGR239C,YFL002W-A,0,-0.5237926,0.2798013389110565,0.9970501661300659,0.26144444942474365
YKL197C,YJL024C,0,-0.5253046,0.2797241508960724,0.9970501661300659,0.2615446150302887
YOR311C,YPR006C,0,-0.5257666,0.27964699268341064,0.9970501661300659,0.26164481043815613
YHL009W-B,YMR169C,0,-0.52630883,0.2795698940753937,0.9970501661300659,0.26174497604370117
YBR214W,YPR137C-A,0,-0.5279599,0.2794928252696991,0.9970501661300659,0.2618451416492462
YMR210W,YGL213C,0,-0.5283839,0.2794158160686493,0.9970501661300659,0.26194530725479126
YOR240W,YGR239C,0,-0.52846766,0.2793388366699219,0.9970501661300659,0.2620454728603363
YLR337C,YML030W,0,-0.5288319,0.27926191687583923,0.9970501661300659,0.26214563846588135
YNL121C,YKR068C,0,-0.52939904,0.279185026884079,0.9970501661300659,0.2622458040714264
YDR281C,YGR193C,0,-0.53022736,0.2791081666946411,0.9970501661300659,0.2623459994792938
YPR098C,YBR125C,0,-0.5308563,0.279031366109848,0.9970501661300659,0.26244616508483887
YDR369C,YDL130W,0,-0.530894,0.2789545953273773,0.9970501661300659,0.2625463306903839
YMR270C,YER025W,0,-0.5319044,0.2788778841495514,0.9970501661300659,0.26264649629592896
YNL207W,YNL167C,0,-0.532008,0.27880120277404785,0.9970501661300659,0.262746661901474
YBR089C-A,YMR226C,0,-0.532952,0.2787245810031891,0.9970501661300659,0.26284682750701904
YEL037C,YNR050C,0,-0.53441525,0.2786479890346527,0.9970501661300659,0.2629470229148865
YGL089C,YPR127W,0,-0.5345862,0.2785714268684387,0.9970501661300659,0.2630471885204315
YEL027W,YDR050C,0,-0.5345925,0.2784949243068695,0.9970501661300659,0.26314735412597656
YOR209C,YOR027W,0,-0.5360553,0.2784184515476227,0.9970501661300659,0.2632475197315216
YOL149W,YDR280W,0,-0.5364414,0.27834203839302063,0.9970501661300659,0.26334768533706665
YER125W,YOL054W,0,-0.5365306,0.27826565504074097,0.9970501661300659,0.2634478509426117
YDR168W,YAL034W-A,0,-0.53706926,0.2781893014907837,0.9970501661300659,0.2635480463504791
YDR098C-B,YGL031C,0,-0.53779817,0.2781130075454712,0.9970501661300659,0.26364821195602417
YLR009W,YDR508C,0,-0.5383842,0.2780367434024811,0.9970501661300659,0.2637483775615692
YBL091C-A,YDR082W,0,-0.53844005,0.27796053886413574,0.9970501661300659,0.26384854316711426
YJR138W,YPR148C,0,-0.53855157,0.2778843641281128,0.9970501661300659,0.2639487087726593
YBR036C,YBL005W-B,0,-0.5391271,0.27780821919441223,0.9970501661300659,0.26404887437820435
YDR096W,YGR095C,0,-0.53924114,0.27773213386535645,0.9970501661300659,0.2641490399837494
YIR037W,YNL051W,0,-0.5399366,0.27765607833862305,0.9970501661300659,0.2642492353916168
YDR092W,YFL039C,0,-0.53998923,0.2775800824165344,0.9970501661300659,0.26434940099716187
YNL284C-A,YFL013C,0,-0.5424975,0.2775041162967682,0.9970501661300659,0.2644495666027069
YNL294C,YOL093W,0,-0.54286665,0.27742817997932434,0.9970501661300659,0.26454973220825195
YGL191W,YOL145C,0,-0.5440411,0.27735230326652527,0.9970501661300659,0.264649897813797
YBL038W,YLR337C,0,-0.5453703,0.2772764563560486,0.9970501661300659,0.26475006341934204
YLR026C,YBR058C-A,0,-0.5454788,0.2772006690502167,0.9970501661300659,0.2648502588272095
YMR227C,YNL239W,0,-0.54555166,0.27712491154670715,0.9970501661300659,0.2649504244327545
YGL139W,YKR056W,0,-0.5456744,0.27704918384552,0.9970501661300659,0.26505059003829956
YKL097W-A,YMR163C,0,-0.54576504,0.27697351574897766,0.9970501661300659,0.2651507556438446
YCL050C,YJL033W,0,-0.5462375,0.2768978774547577,0.9970501661300659,0.26525092124938965
YBR054W,YOL139C,0,-0.5464612,0.2768222689628601,0.9970501661300659,0.2653510868549347
YIL014W,YJR135W-A,0,-0.5466472,0.2767467200756073,0.9970501661300659,0.26545125246047974
YPL257W-B,YDR303C,0,-0.54738855,0.2766712009906769,0.9970501661300659,0.26555144786834717
YOR001W,YKL154W,0,-0.54752403,0.27659574151039124,0.9970501661300659,0.2656516134738922
YGL129C,YDR007W,0,-0.5477489,0.276520311832428,0.9970501661300659,0.26575177907943726
YDR444W,YJR058C,0,-0.5481252,0.2764449417591095,0.9970501661300659,0.2658519446849823
YOR224C,YPL115C,0,-0.548319,0.276369571685791,0.9970501661300659,0.26595211029052734
YBR150C,YNL121C,0,-0.5485209,0.2762942910194397,0.9970501661300659,0.2660522758960724
YOR011W,YOR099W,0,-0.5487799,0.2762190103530884,0.9970501661300659,0.2661524713039398
YER137C-A,YDR012W,0,-0.5490289,0.27614378929138184,0.9970501661300659,0.26625263690948486
YHL038C,YGL083W,0,-0.5494904,0.2760685980319977,0.9970501661300659,0.2663528025150299
YLR212C,YOR383C,0,-0.55078,0.2759934663772583,0.9970501661300659,0.26645296812057495
YOR126C,YDR478W,0,-0.55135274,0.2759183645248413,0.9970501661300659,0.26655313372612
YHR059W,YLR011W,0,-0.5513587,0.2758433222770691,0.9970501661300659,0.26665329933166504
YER137C,YDR513W,0,-0.5516596,0.2757682800292969,0.9970501661300659,0.26675349473953247
YPR132W,YHR056C,0,-0.5539225,0.27569329738616943,0.9970501661300659,0.2668536603450775
YLR109W,YGR155W,0,-0.5551625,0.27561837434768677,0.9970501661300659,0.26695382595062256
YPR137C-B,YOR308C,0,-0.55577904,0.2755434811115265,0.9970501661300659,0.2670539915561676
YOR240W,YOL157C,0,-0.55594283,0.2754686176776886,0.9970501661300659,0.26715415716171265
YDR330W,YBR237W,0,-0.5565906,0.2753938138484955,0.9970501661300659,0.2672543227672577
YBL078C,YGR174C,0,-0.55782086,0.27531903982162476,0.9970501661300659,0.26735448837280273
YHR067W,YBR005W,0,-0.55810666,0.2752442955970764,0.9970501661300659,0.26745468378067017
YKL198C,YJR155W,0,-0.5589412,0.27516961097717285,0.9970501661300659,0.2675548493862152
YGL222C,YKL082C,0,-0.5591767,0.2750949561595917,0.9970501661300659,0.26765501499176025
YEL018W,YER100W,0,-0.5600607,0.2750203311443329,0.9970501661300659,0.2677551805973053
YPR063C,YJR135C,0,-0.5601297,0.27494576573371887,0.9970501661300659,0.26785534620285034
YBR001C,YOR054C,0,-0.5609849,0.27487123012542725,0.9970501661300659,0.2679555118083954
YGR063C,YPR021C,0,-0.5611559,0.2747967541217804,0.9970501661300659,0.2680557072162628
YML037C,YOL155C,0,-0.5614247,0.27472230792045593,0.9970501661300659,0.26815587282180786
YLL019C,YPL183W-A,0,-0.5633623,0.27464789152145386,0.9970501661300659,0.2682560384273529
YPR152C,YLR181C,0,-0.56400895,0.27457350492477417,0.9970501661300659,0.26835620403289795
YDR438W,YCL012W,0,-0.5640648,0.27449917793273926,0.9970501661300659,0.268456369638443
YHR010W,YIL160C,0,-0.56487846,0.2744249105453491,0.9970501661300659,0.26855653524398804
YBR100W,YNL132W,0,-0.56532174,0.274350643157959,0.9970501661300659,0.26865673065185547
YLR038C,YCR028C,0,-0.56573236,0.2742764353752136,0.9970501661300659,0.2687568962574005
YER056C-A,YHL024W,0,-0.56613857,0.27420225739479065,0.9970501661300659,0.26885706186294556
YKL064W,YLL022C,0,-0.5662086,0.27412813901901245,0.9970501661300659,0.2689572274684906
YCL048W,YOR193W,0,-0.56676733,0.27405405044555664,0.9970501661300659,0.26905739307403564
YHL006C,YGR266W,0,-0.56781906,0.2739799916744232,0.9970501661300659,0.2691575586795807
YER137C-A,YLR352W,0,-0.56788146,0.27390599250793457,0.9970501661300659,0.26925772428512573
YFR041C,YER019C-A,0,-0.56790435,0.2738320231437683,0.9970501661300659,0.26935791969299316
YDL170W,YNL129W,0,-0.5681496,0.2737581133842468,0.9970501661300659,0.2694580852985382
YHR025W,YKL130C,0,-0.56820256,0.27368420362472534,0.9970501661300659,0.26955825090408325
YML041C,YGL098W,0,-0.5691648,0.27361035346984863,0.9970501661300659,0.2696584165096283
YML127W,YLR337W,0,-0.56921923,0.2735365629196167,0.9970501661300659,0.26975858211517334
YBR100W,YOL145C,0,-0.5729881,0.27346277236938477,0.9970501661300659,0.2698587477207184
YOR356W,YHR023W,0,-0.574179,0.2733890414237976,0.9970501661300659,0.2699589431285858
YPL022W,YMR195W,0,-0.5747982,0.2733153700828552,0.9970501661300659,0.27005910873413086
YOR019W,YER153C,0,-0.5748915,0.27324172854423523,0.9970501661300659,0.2701592743396759
YKR038C,YLR451W,0,-0.5767732,0.2731681168079376,0.9970501661300659,0.27025943994522095
YGL019W,YDL171C,0,-0.5771839,0.2730945348739624,0.9970501661300659,0.270359605550766
YLR380W,YGR285C,0,-0.5774305,0.27302101254463196,0.9970501661300659,0.27045977115631104
YHR113W,YKL080W,0,-0.5774802,0.2729475200176239,0.9970501661300659,0.27055996656417847
YLR364W,YDR316W-A,0,-0.57819307,0.27287405729293823,0.9970501661300659,0.2706601321697235
YGR282C,YJR073C,0,-0.579619,0.27280065417289734,0.9970501661300659,0.27076029777526855
YNL085W,YDR137W,0,-0.5796527,0.27272728085517883,0.9970501661300659,0.2708604633808136
YMR215W,YER052C,0,-0.5801325,0.2726539373397827,0.9970501661300659,0.27096062898635864
YLR096W,YLR028C,0,-0.5814626,0.27258065342903137,0.9970501661300659,0.2710607945919037
YKL168C,YKL053C-A,0,-0.58156514,0.2725073993206024,0.9970501661300659,0.27116096019744873
YNL031C,YIL076W,0,-0.58214843,0.27243417501449585,0.9970501661300659,0.27126115560531616
YLR090W,YHR066W,0,-0.5821526,0.27236101031303406,0.9970501661300659,0.2713613212108612
YDR098C,YPR100W,0,-0.58288825,0.27228787541389465,0.9970501661300659,0.27146148681640625
YEL021W,YPL254W,0,-0.5829336,0.27221477031707764,0.9970501661300659,0.2715616524219513
YBL082C,YPL051W,0,-0.58374983,0.272141695022583,0.9970501661300659,0.27166181802749634
YLR345W,YCL057C-A,0,-0.5842849,0.27206867933273315,0.9970501661300659,0.2717619836330414
YDR415C,YJL085W,0,-0.585348,0.2719956934452057,0.9970501661300659,0.2718621790409088
YDL198C,YDR390C,0,-0.58592254,0.271922767162323,0.9970501661300659,0.27196234464645386
YDR359C,YDR088C,0,-0.5862424,0.2718498706817627,0.9970501661300659,0.2720625102519989
YJL180C,YBR119W,0,-0.58627284,0.2717770040035248,0.9970501661300659,0.27216267585754395
YNL068C,YOR142W-A,0,-0.5870476,0.27170416712760925,0.9970501661300659,0.272262841463089
YLR293C,YIL128W,0,-0.58714116,0.2716313898563385,0.9970501661300659,0.27236300706863403
YOR230W,YCL068C,0,-0.58720136,0.27155864238739014,0.9970501661300659,0.2724631726741791
YNL322C,YMR200W,0,-0.5872349,0.27148595452308655,0.9970501661300659,0.2725633680820465
YCR055C,YOR246C,0,-0.58814275,0.27141326665878296,0.9970501661300659,0.27266353368759155
YKR056W,YGR078C,0,-0.5887459,0.27134063839912415,0.9970501661300659,0.2727636992931366
YML097C,YFR010W,0,-0.5887757,0.2712680697441101,0.9970501661300659,0.27286386489868164
YJL206C,YPL143W,0,-0.5905868,0.27119550108909607,0.9970501661300659,0.2729640305042267
YJL136C,YDR316W-B,0,-0.5925245,0.2711229920387268,0.9970501661300659,0.27306419610977173
YNL146W,YPL274W,0,-0.59456056,0.27105051279067993,0.9970501661300659,0.27316439151763916
YGL128C,YMR307W,0,-0.5951385,0.27097809314727783,0.9970501661300659,0.2732645571231842
YJL200C,YLR357W,0,-0.59580415,0.2709057033061981,0.9970501661300659,0.27336472272872925
YPR194C,YDL075W,0,-0.5978385,0.2708333432674408,0.9970501661300659,0.2734648883342743
YHR207C,YPR137C-A,0,-0.598841,0.27076101303100586,0.9970501661300659,0.27356505393981934
YJL124C,YDR414C,0,-0.5992792,0.2706887423992157,0.9970501661300659,0.2736652195453644
YJL001W,YDR334W,0,-0.6000714,0.2706165015697479,0.9970501661300659,0.2737654149532318
YHR116W,YAR015W,0,-0.6004238,0.27054429054260254,0.9970501661300659,0.27386558055877686
YDL208W,YCR077C,0,-0.60218585,0.27047213912010193,0.9970501661300659,0.2739657461643219
YDR090C,YJR065C,0,-0.6022131,0.2703999876976013,0.9970501661300659,0.27406591176986694
YLR284C,YIR037W,0,-0.6029865,0.27032792568206787,0.9970501661300659,0.274166077375412
YOR150W,YDR013W,0,-0.6039496,0.2702558636665344,0.9970501661300659,0.27426624298095703
YAL059W,YMR086W,0,-0.60430235,0.27018386125564575,0.9970501661300659,0.2743664085865021
YOR103C,YJL165C,0,-0.60618526,0.27011188864707947,0.9970501661300659,0.2744666039943695
YDR120C,YHR103W,0,-0.6075322,0.27003994584083557,0.9970501661300659,0.27456676959991455
YPL147W,YGR161C,0,-0.6077589,0.26996806263923645,0.9970501661300659,0.2746669352054596
YGR253C,YOR065W,0,-0.6078401,0.26989617943763733,0.9970501661300659,0.27476710081100464
YKL155C,YJR048W,0,-0.6081051,0.26982438564300537,0.9970501661300659,0.2748672664165497
YBL080C,YDR438W,0,-0.6110377,0.2697525918483734,0.9970501661300659,0.2749674320220947
YNL118C,YMR035W,0,-0.6111397,0.26968085765838623,0.9970501661300659,0.27506762742996216
YDL099W,YNL292W,0,-0.6111631,0.26960915327072144,0.9970501661300659,0.2751677930355072
YER090W,YFL045C,0,-0.61126053,0.26953747868537903,0.9970501661300659,0.27526795864105225
YHR136C,YDR425W,0,-0.6118303,0.2694658637046814,0.9970501661300659,0.2753681242465973
YMR205C,YPL063W,0,-0.6118777,0.26939424872398376,0.9970501661300659,0.27546828985214233
YBL037W,YJL021C,0,-0.61370254,0.2693227231502533,0.9970501661300659,0.2755684554576874
YDL141W,YCL067C,0,-0.61373055,0.2692511975765228,0.9970501661300659,0.2756686508655548
YOR393W,YPR182W,0,-0.61483943,0.26917973160743713,0.9970501661300659,0.27576881647109985
YDR461W,YDR174W,0,-0.6148521,0.26910826563835144,0.9970501661300659,0.2758689820766449
YLR327C,YGL122C,0,-0.61553395,0.2690368890762329,0.9970501661300659,0.27596914768218994
YDL111C,YGR101W,0,-0.61572397,0.2689655125141144,0.9970501661300659,0.276069313287735
YDR279W,YGL061C,0,-0.6157526,0.2688941955566406,0.9970501661300659,0.27616947889328003
YGR084C,YPR003C,0,-0.61621255,0.26882290840148926,0.9970501661300659,0.2762696444988251
YGL172W,YLR359W,0,-0.61622286,0.2687516510486603,0.9970501661300659,0.2763698399066925
YPR043W,YHR058C,0,-0.6169816,0.2686804533004761,0.9970501661300659,0.27647000551223755
YEL037C,YHR002W,0,-0.616994,0.26860928535461426,0.9970501661300659,0.2765701711177826
YDR098C-A,YIR031C,0,-0.617048,0.26853814721107483,0.9970501661300659,0.27667033672332764
YGR161W-A,YER045C,0,-0.61892045,0.2684670388698578,0.9970501661300659,0.2767705023288727
YDL179W,YPR173C,0,-0.6194757,0.2683959901332855,0.9970501661300659,0.2768706679344177
YDR529C,YPR005C,0,-0.62044615,0.26832494139671326,0.9970501661300659,0.27697086334228516
YIL017W,YGL203C,0,-0.62147844,0.26825398206710815,0.9970501661300659,0.2770710289478302
YKR077W,YGR221C,0,-0.62166405,0.26818302273750305,0.9970501661300659,0.27717119455337524
YJL071W,YDR422C,0,-0.6218575,0.2681121230125427,0.9970501661300659,0.2772713601589203
YFL045C,YHR139C,0,-0.6221793,0.2680412232875824,0.9970501661300659,0.27737152576446533
YKL150W,YJR084W,0,-0.62397325,0.26797041296958923,0.9970501661300659,0.2774716913700104
YDL136W,YNL059C,0,-0.624371,0.26789960265159607,0.9970501661300659,0.2775718867778778
YGR037C,YJR045C,0,-0.62729466,0.2678288519382477,0.9970501661300659,0.27767205238342285
YBR182C,YDL072C,0,-0.62739104,0.2677581310272217,0.9970501661300659,0.2777722179889679
YJL083W,YOL096C,0,-0.62877625,0.26768743991851807,0.9970501661300659,0.27787238359451294
YDR120C,YNR045W,0,-0.629171,0.26761677861213684,0.9970501661300659,0.277972549200058
YJR123W,YDR531W,0,-0.6317788,0.2675461769104004,0.9970501661300659,0.278072714805603
YIR019C,YMR229C,0,-0.63281596,0.26747560501098633,0.9970501661300659,0.27817288041114807
YPR070W,YLR410W-B,0,-0.63328946,0.26740506291389465,0.9970501661300659,0.2782730758190155
YCR052W,YJR102C,0,-0.63397366,0.26733455061912537,0.9970501661300659,0.27837324142456055
YLR127C,YDR160W,0,-0.6344608,0.26726409792900085,0.9970501661300659,0.2784734070301056
YKR007W,YDR046C,0,-0.6348462,0.26719367504119873,0.9970501661300659,0.27857357263565063
YDR273W,YDR364C,0,-0.63538545,0.267123281955719,0.9970501661300659,0.2786737382411957
YGR113W,YIR012W,0,-0.63545036,0.26705294847488403,0.9970501661300659,0.2787739038467407
YNL227C,YJL004C,0,-0.6359129,0.2669826149940491,0.9970501661300659,0.27887409925460815
YGL195W,YLR309C,0,-0.6379962,0.2669123411178589,0.9970501661300659,0.2789742648601532
YMR094W,YDR492W,0,-0.6382834,0.2668420970439911,0.9970501661300659,0.27907443046569824
YMR208W,YOL010W,0,-0.6388504,0.26677191257476807,0.9970501661300659,0.2791745960712433
YOR226C,YPL167C,0,-0.6393828,0.26670172810554504,0.9970501661300659,0.27927476167678833
YJR089W,YDR117C,0,-0.64065576,0.2666316032409668,0.9970501661300659,0.2793749272823334
YIL051C,YER074W,0,-0.6414719,0.26656150817871094,0.9970501661300659,0.2794750928878784
YOR047C,YGL189C,0,-0.64201146,0.26649147272109985,0.9970501661300659,0.27957528829574585
YEL001C,YGR009C,0,-0.64230025,0.26642143726348877,0.9970501661300659,0.2796754539012909
YDR212W,YOR194C,0,-0.6424253,0.26635146141052246,0.9970501661300659,0.27977561950683594
YPL099C,YBR238C,0,-0.6430366,0.26628151535987854,0.9970501661300659,0.279875785112381
YNL051W,YNL010W,0,-0.6435316,0.266211599111557,0.9970501661300659,0.279975950717926
YOL059W,YOL031C,0,-0.64448994,0.26614174246788025,0.9970501661300659,0.28007611632347107
YNL310C,YDR440W,0,-0.645914,0.2660718858242035,0.9970501661300659,0.2801763117313385
YPR073C,YMR321C,0,-0.6470931,0.2660020887851715,0.9970501661300659,0.28027647733688354
YDL110C,YMR160W,0,-0.64727056,0.2659323513507843,0.9970501661300659,0.2803766429424286
YLR292C,YOL061W,0,-0.6479937,0.2658626139163971,0.9970501661300659,0.28047680854797363
YNL151C,YBR058C-A,0,-0.648304,0.26579293608665466,0.9970501661300659,0.2805769741535187
YBL098W,YMR056C,0,-0.648665,0.26572325825691223,0.9970501661300659,0.2806771397590637
YDL229W,YBL005W,0,-0.6496866,0.2656536400318146,0.9970501661300659,0.28077733516693115
YPR158C-D,YNR055C,0,-0.65060616,0.2655840814113617,0.9970501661300659,0.2808775007724762
YOR261C,YPR168W,0,-0.65065616,0.2655145227909088,0.9970501661300659,0.28097766637802124
YHR113W,YMR076C,0,-0.651062,0.2654450237751007,0.9970501661300659,0.2810778319835663
YOL077C,YCL001W,0,-0.6516028,0.265375554561615,0.9970501661300659,0.28117799758911133
YML031W,YNL098C,0,-0.6551679,0.26530611515045166,0.9970501661300659,0.28127816319465637
YOL156W,YOL103W-B,0,-0.6555753,0.2652367353439331,0.9970501661300659,0.2813783288002014
YKR056W,YER012W,0,-0.6555928,0.26516735553741455,0.9970501661300659,0.28147852420806885
YNL024C,YAL039C,0,-0.65670407,0.26509803533554077,0.9970501661300659,0.2815786898136139
YBR261C,YOR227W,0,-0.6572417,0.2650287449359894,0.9970501661300659,0.28167885541915894
YCR063W,YHR174W,0,-0.6576429,0.2649594843387604,0.9970501661300659,0.281779021024704
YDR201W,YDR226W,0,-0.6592464,0.26489028334617615,0.9970501661300659,0.281879186630249
YNL138W,YKL166C,0,-0.660064,0.2648211121559143,0.9970501661300659,0.28197935223579407
YKL183W,YNL167C,0,-0.66012436,0.26475197076797485,0.9970501661300659,0.2820795476436615
YLR048W,YJR078W,0,-0.66062814,0.2646828591823578,0.9970501661300659,0.28217971324920654
YDR134C,YMR318C,0,-0.6614099,0.2646137773990631,0.9970501661300659,0.2822798788547516
YMR301C,YOR343W-A,0,-0.6641234,0.2645447552204132,0.9970501661300659,0.28238004446029663
YDL008W,YER111C,0,-0.66443545,0.2644757330417633,0.9970501661300659,0.2824802100658417
YJL180C,YDR238C,0,-0.66481847,0.2644067704677582,0.9970501661300659,0.2825803756713867
YDR047W,YDR244W,0,-0.6649347,0.26433783769607544,0.9970501661300659,0.28268057107925415
YIL039W,YGR178C,0,-0.66494364,0.2642689645290375,0.9970501661300659,0.2827807366847992
YBR086C,YFL023W,0,-0.6650964,0.2642000913619995,0.9970501661300659,0.28288090229034424
YJL162C,YCR091W,0,-0.66529554,0.2641312777996063,0.9970501661300659,0.2829810678958893
YOR061W,YNL153C,0,-0.6656314,0.2640624940395355,0.9970501661300659,0.2830812335014343
YDR122W,YNL156C,0,-0.6660315,0.2639937400817871,0.9970501661300659,0.28318139910697937
YPR149W,YOL019W,0,-0.6665839,0.26392504572868347,0.9970501661300659,0.2832815647125244
YJL187C,YLR206W,0,-0.66659653,0.26385635137557983,0.9970501661300659,0.28338176012039185
YML049C,YKR089C,0,-0.6673361,0.26378771662712097,0.9970501661300659,0.2834819257259369
YFL004W,YGR211W,0,-0.66990924,0.2637191116809845,0.9970501661300659,0.28358209133148193
YHR202W,YGR155W,0,-0.6700462,0.2636505365371704,0.9970501661300659,0.283682256937027
YDL114W,YDR204W,0,-0.67025197,0.2635820209980011,0.9970501661300659,0.283782422542572
YBL010C,YLR154C,0,-0.6735355,0.2635135054588318,0.9970501661300659,0.28388258814811707
YCR002C,YER165W,0,-0.67525613,0.26344504952430725,0.9970501661300659,0.2839827835559845
YBR243C,YDR025W,0,-0.6755237,0.2633766233921051,0.9970501661300659,0.28408294916152954
YPL195W,YEL051W,0,-0.67577565,0.26330822706222534,0.9970501661300659,0.2841831147670746
YJL194W,YOL071W,0,-0.67600644,0.26323986053466797,0.9970501661300659,0.28428328037261963
YJL011C,YDR251W,0,-0.6762319,0.26317155361175537,0.9970501661300659,0.2843834459781647
YDR365W-A,YML095C,0,-0.6765967,0.26310327649116516,0.9970501661300659,0.2844836115837097
YPR134W,YNL223W,0,-0.67878926,0.26303502917289734,0.9970501661300659,0.28458380699157715
YOL072W,YPR021C,0,-0.6788485,0.2629668116569519,0.9970501661300659,0.2846839725971222
YLL034C,YER048W-A,0,-0.67929804,0.26289862394332886,0.9970501661300659,0.28478413820266724
YER137C-A,YNL051W,0,-0.68139666,0.2628304958343506,0.9970501661300659,0.2848843038082123
YGL009C,YER130C,0,-0.68170506,0.2627623677253723,0.9970501661300659,0.2849844694137573
YDR159W,YDR472W,0,-0.68200064,0.2626942992210388,0.9970501661300659,0.28508463501930237
YML009C,YJL029C,0,-0.68290967,0.2626262605190277,0.9970501661300659,0.2851848006248474
YDR351W,YKL173W,0,-0.6830887,0.262558251619339,0.9970501661300659,0.28528499603271484
YGR030C,YHR140W,0,-0.68351316,0.26249030232429504,0.9970501661300659,0.2853851616382599
YDR468C,YDR012W,0,-0.6835976,0.2624223530292511,0.9970501661300659,0.28548532724380493
YCR093W,YBL090W,0,-0.6836901,0.26235446333885193,0.9970501661300659,0.28558549284935
YIL075C,YNL282W,0,-0.6838154,0.26228660345077515,0.9970501661300659,0.285685658454895
YBR264C,YIL019W,0,-0.68402475,0.26221877336502075,0.9970501661300659,0.28578582406044006
YBR286W,YGR167W,0,-0.6845939,0.26215097308158875,0.9970501661300659,0.2858860194683075
YNL267W,YOR269W,0,-0.68462604,0.2620832324028015,0.9970501661300659,0.28598618507385254
YDR395W,YNL288W,0,-0.68518275,0.2620154917240143,0.9970501661300659,0.2860863506793976
YLR306W,YIL013C,0,-0.6856692,0.2619478106498718,0.9970501661300659,0.2861865162849426
YDR055W,YDR052C,0,-0.68605214,0.26188015937805176,0.9970501661300659,0.28628668189048767
YML097C,YKR089C,0,-0.68624705,0.2618125379085541,0.9970501661300659,0.2863868474960327
YHR105W,YBR120C,0,-0.68654364,0.26174497604370117,0.9970501661300659,0.28648701310157776
YPL281C,YMR071C,0,-0.68722606,0.26167741417884827,0.9970501661300659,0.2865872085094452
YER007C-A,YLR404W,0,-0.68730456,0.26160991191864014,0.9970501661300659,0.28668737411499023
YDR365W-A,YIL037C,0,-0.6876703,0.2615424394607544,0.9970501661300659,0.2867875397205353
YOR150W,YML071C,0,-0.68774396,0.26147499680519104,0.9970501661300659,0.2868877053260803
YLR337W,YIR038C,0,-0.6881671,0.2614075839519501,0.9970501661300659,0.28698787093162537
YLR299W,YOL103W-A,0,-0.6886205,0.2613402009010315,0.9970501661300659,0.2870880365371704
YGR161C-D,YGR075C,0,-0.6887409,0.2612728774547577,0.9970501661300659,0.28718823194503784
YCL061C,YMR089C,0,-0.68963856,0.2612055540084839,0.9970501661300659,0.2872883975505829
YMR186W,YBR097W,0,-0.690745,0.26113829016685486,0.9970501661300659,0.28738856315612793
YOR132W,YEL002C,0,-0.6912191,0.2610710561275482,0.9970501661300659,0.287488728761673
YMR176W,YLR270W,0,-0.69158965,0.26100385189056396,0.9970501661300659,0.287588894367218
YLR099C,YMR002W,0,-0.69170856,0.2609367072582245,0.9970501661300659,0.28768905997276306
YGL243W,YKL014C,0,-0.6921381,0.260869562625885,0.9970501661300659,0.2877892553806305
YLR333C,YBL089W,0,-0.6923824,0.2608024775981903,0.9970501661300659,0.28788942098617554
YBL080C,YPL206C,0,-0.693271,0.260735422372818,0.9970501661300659,0.2879895865917206
YLR344W,YJL149W,0,-0.69334,0.2606683671474457,0.9970501661300659,0.2880897521972656
YOR266W,YPL093W,0,-0.6944771,0.2606014013290405,0.9970501661300659,0.28818991780281067
YPL104W,YGL186C,0,-0.69453096,0.2605344355106354,0.9970501661300659,0.2882900834083557
YKR035W-A,YGR142W,0,-0.6951164,0.2604674994945526,0.9970501661300659,0.28839024901390076
YDR362C,YHR089C,0,-0.6957058,0.2604006230831146,0.9970501661300659,0.2884904444217682
YLR299W,YOR020C,0,-0.69684714,0.26033374667167664,0.9970501661300659,0.28859061002731323
YDR071C,YGL178W,0,-0.69754845,0.2602669298648834,0.9970501661300659,0.2886907756328583
YJL004C,YHR167W,0,-0.69769853,0.2602001428604126,0.9970501661300659,0.2887909412384033
YER109C,YOR098C,0,-0.6985838,0.26013341546058655,0.9970501661300659,0.28889110684394836
YPR043W,YFL056C,0,-0.6987933,0.2600666880607605,0.9970501661300659,0.2889912724494934
YAL023C,YOR089C,0,-0.69930786,0.25999999046325684,0.9970501661300659,0.28909146785736084
YDR122W,YNL131W,0,-0.6998226,0.25993335247039795,0.9970501661300659,0.2891916334629059
YBR031W,YEL036C,0,-0.6999199,0.25986674427986145,0.9970501661300659,0.2892917990684509
YDR139C,YNR060W,0,-0.70002836,0.25980016589164734,0.9970501661300659,0.28939196467399597
YHL009W-B,YDR283C,0,-0.7009769,0.2597336173057556,0.9970501661300659,0.289492130279541
YDR496C,YOR192C,0,-0.7013237,0.2596670985221863,0.9970501661300659,0.28959229588508606
YPR156C,YHL009W-B,0,-0.70179576,0.25960060954093933,0.9970501661300659,0.2896924912929535
YDR041W,YHR120W,0,-0.7022585,0.25953418016433716,0.9970501661300659,0.28979265689849854
YER014C-A,YPL064C,0,-0.7036062,0.259467750787735,0.9970501661300659,0.2898928225040436
YAL007C,YDR233C,0,-0.7040393,0.2594013810157776,0.9970501661300659,0.2899929881095886
YOL056W,YER033C,0,-0.7043204,0.2593350410461426,0.9970501661300659,0.29009315371513367
YER138C,YLR188W,0,-0.70452344,0.25926873087882996,0.9970501661300659,0.2901933193206787
YDR418W,YIL147C,0,-0.70567316,0.2592024505138397,0.9970501661300659,0.29029348492622375
YEL020W-A,YGL227W,0,-0.7062493,0.2591361999511719,0.9970501661300659,0.2903936803340912
YDL202W,YOR039W,0,-0.70671684,0.2590700089931488,0.9970501661300659,0.29049384593963623
YIL123W,YKR059W,0,-0.7068718,0.25900381803512573,0.9970501661300659,0.2905940115451813
YDR261W-A,YCR026C,0,-0.70708495,0.25893768668174744,0.9970501661300659,0.2906941771507263
YKR078W,YFR031C,0,-0.70797795,0.25887158513069153,0.9970501661300659,0.29079434275627136
YER125W,YOR046C,0,-0.708083,0.258805513381958,0.9970501661300659,0.2908945083618164
YPR032W,YHR132C,0,-0.70860445,0.2587394714355469,0.9970501661300659,0.29099470376968384
YLR183C,YOL144W,0,-0.70890516,0.25867345929145813,0.9970501661300659,0.2910948693752289
YJR025C,YGL018C,0,-0.7091991,0.25860750675201416,0.9970501661300659,0.2911950349807739
YDR170W-A,YDL164C,0,-0.7097258,0.2585415542125702,0.9970501661300659,0.29129520058631897
YOL147C,YPL150W,0,-0.7107999,0.258475661277771,0.9970501661300659,0.291395366191864
YPL240C,YGL096W,0,-0.7110511,0.2584097981452942,0.9970501661300659,0.29149553179740906
YIR011C,YBR115C,0,-0.71149313,0.2583439350128174,0.9970501661300659,0.2915957272052765
YLR120C,YOR194C,0,-0.711503,0.25827813148498535,0.9970501661300659,0.29169589281082153
YDR137W,YMR213W,0,-0.7118038,0.2582123875617981,0.9970501661300659,0.2917960584163666
YJL121C,YNL007C,0,-0.71193296,0.25814664363861084,0.9970501661300659,0.2918962240219116
YJL197W,YKR101W,0,-0.7127245,0.25808092951774597,0.9970501661300659,0.29199638962745667
YBL113C,YBR182C,0,-0.7129772,0.2580152750015259,0.9970501661300659,0.2920965552330017
YPL168W,YBR010W,0,-0.7133144,0.2579496204853058,0.9970501661300659,0.29219672083854675
YHR214C-C,YPR095C,0,-0.7148569,0.25788402557373047,0.9970501661300659,0.2922969162464142
YIL042C,YNL132W,0,-0.7149585,0.25781846046447754,0.9970501661300659,0.29239708185195923
YFR013W,YKL024C,0,-0.71570885,0.257752925157547,0.9970501661300659,0.2924972474575043
YJL134W,YNL191W,0,-0.7163355,0.25768741965293884,0.9970501661300659,0.2925974130630493
YHR111W,YOL155C,0,-0.71643025,0.2576219439506531,0.9970501661300659,0.29269757866859436
YKL183W,YML028W,0,-0.7169805,0.2575565278530121,0.9970501661300659,0.2927977442741394
YMR269W,YML088W,0,-0.7177821,0.2574911117553711,0.9970501661300659,0.29289793968200684
YBR101C,YPL040C,0,-0.7184648,0.2574257552623749,0.9970501661300659,0.2929981052875519
YML031W,YOR079C,0,-0.7189761,0.25736039876937866,0.9970501661300659,0.2930982708930969
YOR222W,YOR048C,0,-0.7190597,0.2572951018810272,0.9970501661300659,0.29319843649864197
YBR002C,YER177W,0,-0.72042423,0.25722983479499817,0.9970501661300659,0.293298602104187
YEL069C,YFR006W,0,-0.7210212,0.2571645975112915,0.9970501661300659,0.29339876770973206
YML085C,YDR003W,0,-0.7212381,0.2570993900299072,0.9970501661300659,0.2934989333152771
YJR158W,YEL061C,0,-0.72145885,0.25703421235084534,0.9970501661300659,0.29359912872314453
YDR138W,YMR250W,0,-0.72147936,0.2569690942764282,0.9970501661300659,0.2936992943286896
YFR018C,YKL096W-A,0,-0.72226536,0.2569039762020111,0.9970501661300659,0.2937994599342346
YJL121C,YGR109W-B,0,-0.7231792,0.25683891773223877,0.9970501661300659,0.29389962553977966
YML097C,YER103W,0,-0.7251096,0.25677385926246643,0.9970501661300659,0.2939997911453247
YGL014W,YDR363W-A,0,-0.7259787,0.25670886039733887,0.9970501661300659,0.29409995675086975
YMR228W,YHR139C,0,-0.7274762,0.2566438913345337,0.9970501661300659,0.2942001521587372
YIR026C,YMR211W,0,-0.7281324,0.2565789520740509,0.9970501661300659,0.2943003177642822
YCR016W,YLR283W,0,-0.72900015,0.2565140426158905,0.9970501661300659,0.29440048336982727
YDR405W,YER159C-A,0,-0.73028404,0.2564491629600525,0.9970501661300659,0.2945006489753723
YGR032W,YDR212W,0,-0.73089284,0.25638431310653687,0.9970501661300659,0.29460081458091736
YBR145W,YBR240C,0,-0.73105973,0.256319522857666,0.9970501661300659,0.2947009801864624
YLR348C,YHL003C,0,-0.73114765,0.25625473260879517,0.9970501661300659,0.29480117559432983
YER068W,YOR346W,0,-0.73191243,0.2561900019645691,0.9970501661300659,0.2949013411998749
YFL035C,YPL172C,0,-0.73192436,0.256125271320343,0.9970501661300659,0.2950015068054199
YOR254C,YPL110C,0,-0.7324768,0.2560606002807617,0.9970501661300659,0.29510167241096497
YHR122W,YGR246C,0,-0.73256385,0.2559959590435028,0.9970501661300659,0.29520183801651
YJR070C,YDR131C,0,-0.7327867,0.2559313476085663,0.9970501661300659,0.29530200362205505
YOR358W,YJR063W,0,-0.73416716,0.25586676597595215,0.9970501661300659,0.2954021692276001
YPR057W,YLR113W,0,-0.73520774,0.2558022141456604,0.9970501661300659,0.29550236463546753
YAR019C,YGL171W,0,-0.73560774,0.25573769211769104,0.9970501661300659,0.2956025302410126
YML006C,YBL076C,0,-0.73574036,0.25567322969436646,0.9970501661300659,0.2957026958465576
YJR055W,YPL186C,0,-0.7365525,0.25560876727104187,0.9970501661300659,0.29580286145210266
YLL022C,YPL146C,0,-0.737216,0.25554436445236206,0.9970501661300659,0.2959030270576477
YNL136W,YEL029C,0,-0.73728484,0.25547996163368225,0.9970501661300659,0.29600319266319275
YDR356W,YMR177W,0,-0.7374881,0.2554156184196472,0.9970501661300659,0.2961033880710602
YML012W,YBR128C,0,-0.73974603,0.25535130500793457,0.9970501661300659,0.2962035536766052
YIR015W,YAL015C,0,-0.7405854,0.2552870213985443,0.9970501661300659,0.29630371928215027
YPL262W,YMR059W,0,-0.7415987,0.25522276759147644,0.9970501661300659,0.2964038848876953
YBR150C,YLR106C,0,-0.7423709,0.25515854358673096,0.9970501661300659,0.29650405049324036
YHR140W,YPL281C,0,-0.7424553,0.25509434938430786,0.9970501661300659,0.2966042160987854
YNR019W,YLR438C-A,0,-0.7448378,0.25503018498420715,0.9970501661300659,0.29670441150665283
YLL038C,YMR306W,0,-0.74510056,0.25496605038642883,0.9970501661300659,0.2968045771121979
YAL023C,YLR373C,0,-0.7458182,0.2549019753932953,0.9970501661300659,0.2969047427177429
YDL051W,YDL189W,0,-0.74586266,0.25483790040016174,0.9970501661300659,0.29700490832328796
YHL011C,YOL026C,0,-0.7464128,0.2547738552093506,0.9970501661300659,0.297105073928833
YOR254C,YKL191W,0,-0.74654454,0.2547098696231842,0.9970501661300659,0.29720523953437805
YDR512C,YNL123W,0,-0.7475029,0.2546459138393402,0.9970501661300659,0.2973054051399231
YPL271W,YNR057C,0,-0.7485841,0.2545819878578186,0.9970501661300659,0.2974056005477905
YKR057W,YLR028C,0,-0.7487314,0.254518061876297,0.9970501661300659,0.29750576615333557
YOL112W,YEL064C,0,-0.74886614,0.25445419549942017,0.9970501661300659,0.2976059317588806
YJR001W,YLR019W,0,-0.7495266,0.2543903589248657,0.9970501661300659,0.29770609736442566
YPL048W,YOL076W,0,-0.7498928,0.25432655215263367,0.9970501661300659,0.2978062629699707
YDR279W,YJL130C,0,-0.7512522,0.254262775182724,0.9970501661300659,0.29790642857551575
YOR177C,YIL098C,0,-0.75146997,0.2541990578174591,0.9970501661300659,0.2980066239833832
YCL001W,YJR135C,0,-0.7526311,0.2541353404521942,0.9970501661300659,0.2981067895889282
YDR098C-B,YNL180C,0,-0.752647,0.2540716528892517,0.9970501661300659,0.29820695519447327
YDR036C,YDR044W,0,-0.75288755,0.254008024930954,0.9970501661300659,0.2983071208000183
YNL330C,YFL023W,0,-0.75307953,0.25394439697265625,0.9970501661300659,0.29840728640556335
YLR266C,YLR382C,0,-0.7535593,0.2538808286190033,0.9970501661300659,0.2985074520111084
YBR030W,YLR056W,0,-0.7536427,0.25381726026535034,0.9970501661300659,0.29860764741897583
YPR028W,YML047C,0,-0.7539078,0.25375375151634216,0.9970501661300659,0.2987078130245209
YDR466W,YNR055C,0,-0.75457954,0.25369027256965637,0.9970501661300659,0.2988079786300659
YOR061W,YKL183W,0,-0.7565161,0.25362682342529297,0.9970501661300659,0.29890814423561096
YOL086C,YIL132C,0,-0.75775874,0.25356340408325195,0.9970501661300659,0.299008309841156
YKR014C,YNL133C,0,-0.7580063,0.2535000145435333,0.9970501661300659,0.29910847544670105
YKL185W,YGR109W-A,0,-0.75825137,0.2534366548061371,0.9970501661300659,0.2992086410522461
YJR140C,YOL067C,0,-0.75843847,0.25337332487106323,0.9970501661300659,0.2993088364601135
YKL013C,YGR075C,0,-0.758462,0.25331002473831177,0.9970501661300659,0.29940900206565857
YIL120W,YDL200C,0,-0.7588934,0.2532467544078827,0.9970501661300659,0.2995091676712036
YIR011C,YJL198W,0,-0.7590718,0.253183513879776,0.9970501661300659,0.29960933327674866
YER095W,YBL020W,0,-0.75949377,0.2531203329563141,0.9970501661300659,0.2997094988822937
YDR207C,YIL125W,0,-0.7604707,0.2530571520328522,0.9970501661300659,0.29980966448783875
YLR099C,YER082C,0,-0.7606149,0.25299400091171265,0.9970501661300659,0.2999098598957062
YMR233W,YGR235C,0,-0.7609742,0.2529309093952179,0.9970501661300659,0.3000100255012512
YOR335C,YGL232W,0,-0.7612288,0.25286781787872314,0.9970501661300659,0.30011019110679626
YPL207W,YNL023C,0,-0.76163983,0.25280478596687317,0.9970501661300659,0.3002103567123413
YPR008W,YDR416W,0,-0.7620444,0.2527417838573456,0.9970501661300659,0.30031052231788635
YOR065W,YKR089C,0,-0.762633,0.252678781747818,0.9970501661300659,0.3004106879234314
YFL010W-A,YDR415C,0,-0.7628462,0.2526158392429352,0.9970501661300659,0.30051088333129883
YDR332W,YBL076C,0,-0.763274,0.25255292654037476,0.9970501661300659,0.30061104893684387
YDR022C,YJL179W,0,-0.7633129,0.2524900436401367,0.9970501661300659,0.3007112145423889
YKL156W,YNL012W,0,-0.76342344,0.25242719054222107,0.9970501661300659,0.30081138014793396
YPR032W,YLR126C,0,-0.7634927,0.2523643672466278,0.9970501661300659,0.300911545753479
YNL274C,YPR067W,0,-0.7639197,0.25230157375335693,0.9970501661300659,0.30101171135902405
YLR212C,YHR120W,0,-0.7643338,0.25223881006240845,0.9970501661300659,0.3011118769645691
YDR365W-A,YER101C,0,-0.7644662,0.25217607617378235,0.9970501661300659,0.3012120723724365
YBR257W,YPR180W,0,-0.7663233,0.25211337208747864,0.9970501661300659,0.30131223797798157
YBR261C,YPR048W,0,-0.766644,0.2520506978034973,0.9970501661300659,0.3014124035835266
YDR531W,YDL075W,0,-0.7667747,0.25198808312416077,0.9970501661300659,0.30151256918907166
YGL212W,YDR207C,0,-0.7675499,0.2519254684448242,0.9970501661300659,0.3016127347946167
YDL106C,YMR207C,0,-0.76906383,0.25186288356781006,0.9970501661300659,0.30171290040016174
YPL171C,YBL008W,0,-0.76932484,0.2518003582954407,0.9970501661300659,0.3018130958080292
YEL048C,YEL056W,0,-0.7699773,0.2517378330230713,0.9970501661300659,0.3019132614135742
YOR043W,YLR160C,0,-0.77095175,0.2516753673553467,0.9970501661300659,0.30201342701911926
YHR051W,YMR168C,0,-0.7721008,0.25161290168762207,0.9970501661300659,0.3021135926246643
YMR033W,YLR313C,0,-0.77235156,0.25155049562454224,0.9970501661300659,0.30221375823020935
YIL051C,YGL103W,0,-0.7741791,0.2514880895614624,0.9970501661300659,0.3023139238357544
YLL066C,YML109W,0,-0.7764969,0.25142574310302734,0.9970501661300659,0.30241408944129944
YNL045W,YGL227W,0,-0.77713794,0.2513633966445923,0.9970501661300659,0.30251428484916687
YDR179C,YIL109C,0,-0.77742654,0.251301109790802,0.9970501661300659,0.3026144504547119
YKL212W,YJL149W,0,-0.77803624,0.2512388527393341,0.9970501661300659,0.30271461606025696
YLR075W,YDR247W,0,-0.7782995,0.2511766254901886,0.9970501661300659,0.302814781665802
YLR370C,YBL060W,0,-0.779959,0.2511143982410431,0.9970501661300659,0.30291494727134705
YPL059W,YFL048C,0,-0.7800446,0.25105223059654236,0.9970501661300659,0.3030151128768921
YGR271W,YOL101C,0,-0.78024143,0.250990092754364,0.9970501661300659,0.3031153082847595
YNL206C,YOL061W,0,-0.78126436,0.25092798471450806,0.9970501661300659,0.30321547389030457
YPR155C,YPL051W,0,-0.7818576,0.2508659064769745,0.9970501661300659,0.3033156394958496
YML074C,YNR024W,0,-0.78321165,0.2508038580417633,0.9970501661300659,0.30341580510139465
YDL170W,YHL015W,0,-0.7844902,0.2507418394088745,0.9970501661300659,0.3035159707069397
YER108C,YGL060W,0,-0.7846405,0.2506798505783081,0.9970501661300659,0.30361613631248474
YOR142W-B,YEL069C,0,-0.784977,0.2506178915500641,0.9970501661300659,0.3037163317203522
YOL116W,YER093C,0,-0.7860767,0.25055596232414246,0.9970501661300659,0.3038164973258972
YML045W-A,YLR364W,0,-0.7862333,0.2504940629005432,0.9970501661300659,0.30391666293144226
YOR322C,YOL078W,0,-0.7863651,0.25043219327926636,0.9970501661300659,0.3040168285369873
YBR160W,YIR009W,0,-0.7874802,0.2503703832626343,0.9970501661300659,0.30411699414253235
YIR017C,YDL045C,0,-0.78774136,0.2503085732460022,0.9970501661300659,0.3042171597480774
YOR179C,YLR268W,0,-0.78795034,0.2502467930316925,0.9970501661300659,0.30431732535362244
YLL040C,YLR042C,0,-0.78893507,0.2501850426197052,0.9970501661300659,0.30441752076148987
YDR424C,YAL068C,0,-0.7892497,0.2501233220100403,0.9970501661300659,0.3045176863670349
YPR158W-B,YOL135C,0,-0.7894226,0.25006166100502014,0.9970501661300659,0.30461785197257996
YHR184W,YIR019C,0,-0.7894685,0.25,0.9970501661300659,0.304718017578125
YBR095C,YOL120C,0,-0.79124486,0.24993838369846344,0.9970501661300659,0.30481818318367004
YKR006C,YLR238W,0,-0.79129523,0.24987678229808807,0.9970501661300659,0.3049183487892151
YPL273W,YNL032W,0,-0.7916676,0.2498152256011963,0.9970501661300659,0.3050185441970825
YOR267C,YDR044W,0,-0.7920074,0.2497536987066269,0.9970501661300659,0.30511870980262756
YJL168C,YOL111C,0,-0.7921644,0.2496921867132187,0.9970501661300659,0.3052188754081726
YDR351W,YLR343W,0,-0.79224414,0.24963071942329407,0.9970501661300659,0.30531904101371765
YFR025C,YLR347C,0,-0.79323244,0.24956928193569183,0.9970501661300659,0.3054192066192627
YMR314W,YER111C,0,-0.79336417,0.249507874250412,0.9970501661300659,0.30551937222480774
YDR512C,YPR158W-B,0,-0.7933728,0.24944649636745453,0.9970501661300659,0.30561956763267517
YIL133C,YGL227W,0,-0.79357773,0.24938514828681946,0.9970501661300659,0.3057197332382202
YLR158C,YLR284C,0,-0.7944781,0.24932383000850677,0.9970501661300659,0.30581989884376526
YMR071C,YHR029C,0,-0.7948865,0.24926254153251648,0.9970501661300659,0.3059200644493103
YER150W,YHR057C,0,-0.79519254,0.24920128285884857,0.9970501661300659,0.30602023005485535
YJL216C,YIL018W,0,-0.7952189,0.24914005398750305,0.9970501661300659,0.3061203956604004
YMR221C,YGR179C,0,-0.795847,0.24907885491847992,0.9970501661300659,0.30622056126594543
YLR288C,YGR105W,0,-0.7963183,0.24901768565177917,0.9970501661300659,0.30632075667381287
YLR260W,YNL049C,0,-0.7963909,0.24895654618740082,0.9970501661300659,0.3064209222793579
YEL001C,YNR045W,0,-0.7967003,0.24889543652534485,0.9970501661300659,0.30652108788490295
YLR147C,YHR002W,0,-0.7967585,0.24883435666561127,0.9970501661300659,0.306621253490448
YOR192C,YDL035C,0,-0.7983192,0.24877330660820007,0.9970501661300659,0.30672141909599304
YPL106C,YDL154W,0,-0.7987395,0.24871228635311127,0.9970501661300659,0.3068215847015381
YMR227C,YIL109C,0,-0.79892725,0.24865129590034485,0.9970501661300659,0.3069217801094055
YDR444W,YKL024C,0,-0.7998422,0.24859033524990082,0.9970501661300659,0.30702194571495056
YPL159C,YMR012W,0,-0.8000564,0.24852940440177917,0.9970501661300659,0.3071221113204956
YNL298W,YPL183W-A,0,-0.8011375,0.2484685182571411,0.9970501661300659,0.30722227692604065
YOR191W,YNL049C,0,-0.8011928,0.24840764701366425,0.9970501661300659,0.3073224425315857
YPR137C-B,YHR025W,0,-0.8015308,0.24834680557250977,0.9970501661300659,0.30742260813713074
YDR014W,YDL123W,0,-0.8018337,0.24828599393367767,0.9970501661300659,0.30752280354499817
YAL054C,YGR189C,0,-0.80366117,0.24822521209716797,0.9970501661300659,0.3076229691505432
YDR411C,YHR004C,0,-0.80396384,0.24816446006298065,0.9970501661300659,0.30772313475608826
YDR201W,YNL054W-B,0,-0.804423,0.24810373783111572,0.9970501661300659,0.3078233003616333
YHL009W-B,YOL065C,0,-0.80458146,0.24804304540157318,0.9970501661300659,0.30792346596717834
YGL089C,YOL032W,0,-0.8057549,0.24798239767551422,0.9970501661300659,0.3080236315727234
YNL175C,YDL148C,0,-0.80579585,0.24792176485061646,0.9970501661300659,0.30812379717826843
YDL120W,YJL082W,0,-0.8066105,0.24786116182804108,0.9970501661300659,0.30822399258613586
YMR295C,YJR126C,0,-0.80680496,0.24780058860778809,0.9970501661300659,0.3083241581916809
YMR270C,YGR252W,0,-0.80718523,0.24774004518985748,0.9970501661300659,0.30842432379722595
YOL009C,YER019C-A,0,-0.80719775,0.24767953157424927,0.9970501661300659,0.308524489402771
YIL111W,YLR337W,0,-0.80721056,0.24761904776096344,0.9970501661300659,0.30862465500831604
YNR038W,YHR039C-A,0,-0.80805,0.24755859375,0.9970501661300659,0.3087248206138611
YER120W,YBR141C,0,-0.80846596,0.24749816954135895,0.9970501661300659,0.3088250160217285
YLR277C,YKL094W,0,-0.80882674,0.24743777513504028,0.9970501661300659,0.30892518162727356
YGR103W,YDR448W,0,-0.8091571,0.247377410531044,0.9970501661300659,0.3090253472328186
YJL053W,YER165W,0,-0.8091725,0.24731707572937012,0.9970501661300659,0.30912551283836365
YAL013W,YDR424C,0,-0.80957794,0.24725677073001862,0.9970501661300659,0.3092256784439087
YGL194C,YDL043C,0,-0.8105897,0.2471964955329895,0.9970501661300659,0.30932584404945374
YOL070C,YPR161C,0,-0.81098986,0.24713623523712158,0.9970501661300659,0.3094260096549988
YGR003W,YOR237W,0,-0.8109968,0.24707601964473724,0.9970501661300659,0.3095262050628662
YBR268W,YGL089C,0,-0.8111735,0.2470158338546753,0.9970501661300659,0.30962637066841125
YGR109W-B,YOL005C,0,-0.81282777,0.24695567786693573,0.9970501661300659,0.3097265362739563
YFL025C,YPR114W,0,-0.81283206,0.24689553678035736,0.9970501661300659,0.30982670187950134
YMR013C,YMR284W,0,-0.8131055,0.24683544039726257,0.9970501661300659,0.3099268674850464
YKR097W,YPR175W,0,-0.8135851,0.24677537381649017,0.9970501661300659,0.31002703309059143
YDR496C,YGR052W,0,-0.815273,0.24671532213687897,0.9970501661300659,0.31012722849845886
YPL234C,YGL120C,0,-0.8153947,0.24665531516075134,0.9970501661300659,0.3102273941040039
YDR064W,YDR473C,0,-0.8156305,0.2465953379869461,0.9970501661300659,0.31032755970954895
YJL206C,YJR066W,0,-0.81576985,0.24653537571430206,0.9970501661300659,0.310427725315094
YLR227W-B,YKL080W,0,-0.81577617,0.2464754432439804,0.9970501661300659,0.31052789092063904
YDL184C,YGR072W,0,-0.8165319,0.24641555547714233,0.9970501661300659,0.3106280565261841
YPR137C-B,YGR181W,0,-0.8172556,0.24635568261146545,0.9970501661300659,0.3107282519340515
YLL057C,YMR200W,0,-0.8175912,0.24629583954811096,0.9970501661300659,0.31082841753959656
YNL129W,YLR440C,0,-0.8183245,0.24623604118824005,0.9970501661300659,0.3109285831451416
YLR263W,YDR023W,0,-0.8199652,0.24617625772953033,0.9970501661300659,0.31102874875068665
YLR182W,YLR350W,0,-0.82058376,0.246116504073143,0.9970501661300659,0.3111289143562317
YHR076W,YOR332W,0,-0.8225128,0.24605678021907806,0.9970501661300659,0.31122907996177673
YIL021W,YMR239C,0,-0.8236616,0.2459970861673355,0.9970501661300659,0.3113292455673218
YBL075C,YCR077C,0,-0.8244086,0.24593742191791534,0.9970501661300659,0.3114294409751892
YMR296C,YOL084W,0,-0.82499295,0.24587778747081757,0.9970501661300659,0.31152960658073425
YGR288W,YHR214C-B,0,-0.82511693,0.24581818282604218,0.9970501661300659,0.3116297721862793
YGR208W,YHR205W,0,-0.8254017,0.24575860798358917,0.9970501661300659,0.31172993779182434
YDR235W,YFR041C,0,-0.82582146,0.24569904804229736,0.9970501661300659,0.3118301033973694
YNL291C,YHR025W,0,-0.82627994,0.24563953280448914,0.9970501661300659,0.31193026900291443
YDR304C,YIL020C,0,-0.82653016,0.2455800473690033,0.9970501661300659,0.31203046441078186
YDL051W,YAL007C,0,-0.82663697,0.24552057683467865,0.9970501661300659,0.3121306300163269
YBR096W,YGR165W,0,-0.8267397,0.24546115100383759,0.9970501661300659,0.31223079562187195
YLR107W,YNL076W,0,-0.82881063,0.24540174007415771,0.9970501661300659,0.312330961227417
YAL040C,YOR004W,0,-0.8294721,0.24534235894680023,0.9970501661300659,0.31243112683296204
YBR123C,YDL229W,0,-0.8298861,0.24528302252292633,0.9970501661300659,0.3125312924385071
YJL181W,YOR091W,0,-0.82988626,0.24522370100021362,0.9970501661300659,0.3126314878463745
YML106W,YBR058C-A,0,-0.83043045,0.2451644092798233,0.9970501661300659,0.31273165345191956
YPL257W-A,YPL138C,0,-0.83084446,0.24510514736175537,0.9970501661300659,0.3128318190574646
YIR023W,YLR264W,0,-0.83249086,0.24504591524600983,0.9970501661300659,0.31293198466300964
YKL079W,YDR397C,0,-0.83299893,0.24498671293258667,0.9970501661300659,0.3130321502685547
YLR102C,YDR137W,0,-0.8335601,0.2449275404214859,0.9970501661300659,0.31313231587409973
YMR312W,YPR128C,0,-0.83424675,0.24486838281154633,0.9970501661300659,0.3132324814796448
YPR160W,YDL043C,0,-0.8346308,0.24480926990509033,0.9970501661300659,0.3133326768875122
YNL302C,YOL007C,0,-0.83480287,0.24475018680095673,0.9970501661300659,0.31343284249305725
YPL177C,YMR318C,0,-0.8354626,0.24469111859798431,0.9970501661300659,0.3135330080986023
YKL063C,YER149C,0,-0.8359816,0.2446320801973343,0.9970501661300659,0.31363317370414734
YGL237C,YOR388C,0,-0.83926094,0.24457308650016785,0.9970501661300659,0.3137333393096924
YNL172W,YMR220W,0,-0.84009284,0.2445141077041626,0.9970501661300659,0.3138335049152374
YDR014W,YGR085C,0,-0.84018993,0.24445515871047974,0.9970501661300659,0.31393370032310486
YML016C,YDR219C,0,-0.840476,0.24439623951911926,0.9970501661300659,0.3140338659286499
YBR109C,YCR021C,0,-0.84065074,0.24433735013008118,0.9970501661300659,0.31413403153419495
YOR057W,YFL038C,0,-0.84072226,0.24427849054336548,0.9970501661300659,0.31423419713974
YHR206W,YDR287W,0,-0.8411501,0.24421964585781097,0.9970501661300659,0.31433436274528503
YMR300C,YPR008W,0,-0.84191126,0.24416084587574005,0.9970501661300659,0.3144345283508301
YJL144W,YGL178W,0,-0.84204155,0.24410207569599152,0.9970501661300659,0.3145347237586975
YOR226C,YHR150W,0,-0.84207946,0.24404332041740417,0.9970501661300659,0.31463488936424255
YKR077W,YDR036C,0,-0.8425097,0.24398459494113922,0.9970501661300659,0.3147350549697876
YDR304C,YAR007C,0,-0.8432595,0.24392591416835785,0.9970501661300659,0.31483522057533264
YOR240W,YKR079C,0,-0.84338653,0.24386724829673767,0.9970501661300659,0.3149353861808777
YCL066W,YIL137C,0,-0.8436046,0.24380861222743988,0.9970501661300659,0.31503555178642273
YML125C,YKL006C-A,0,-0.8438787,0.24375000596046448,0.9970501661300659,0.3151357173919678
YFR049W,YDL133C-A,1,-0.8445047,0.24393174052238464,0.9980334043502808,0.3151357173919678
YPL169C,YGL231C,0,-0.8458639,0.24387313425540924,0.9980334043502808,0.3152359127998352
YDR342C,YDR515W,0,-0.84616745,0.24381455779075623,0.9980334043502808,0.31533607840538025
YPR137C-A,YPR021C,0,-0.8461972,0.2437560111284256,0.9980334043502808,0.3154362440109253
YDR139C,YDR120C,0,-0.84668684,0.24369747936725616,0.9980334043502808,0.31553640961647034
YDR438W,YJR045C,0,-0.84671265,0.24363897740840912,0.9980334043502808,0.3156365752220154
YKL129C,YDR315C,0,-0.8474567,0.24358052015304565,0.9980334043502808,0.3157367408275604
YGR017W,YJL197W,0,-0.8490254,0.24352207779884338,0.9980334043502808,0.31583693623542786
YDR471W,YIL115C,0,-0.8493483,0.2434636652469635,0.9980334043502808,0.3159371018409729
YNL065W,YDR129C,0,-0.8493772,0.243405282497406,0.9980334043502808,0.31603726744651794
YLR227W-A,YPL096W,0,-0.85236675,0.2433469146490097,0.9980334043502808,0.316137433052063
YPL050C,YNL188W,0,-0.85261494,0.24328859150409698,0.9980334043502808,0.31623759865760803
YHR165C,YBL072C,0,-0.85299873,0.24323028326034546,0.9980334043502808,0.3163377642631531
YOL107W,YML077W,0,-0.85323614,0.24317201972007751,0.9980334043502808,0.3164379298686981
YLL012W,YOR257W,0,-0.8533411,0.24311377108097076,0.9980334043502808,0.31653812527656555
YGL014W,YCL060C,0,-0.8535472,0.2430555522441864,0.9980334043502808,0.3166382908821106
YDL019C,YMR315W,0,-0.8535605,0.24299736320972443,0.9980334043502808,0.31673845648765564
YDL137W,YPL038W,0,-0.8538853,0.24293920397758484,0.9980334043502808,0.3168386220932007
YJL124C,YOR381W,0,-0.8543975,0.24288107454776764,0.9980334043502808,0.3169387876987457
YHR153C,YOR346W,0,-0.8547589,0.24282296001911163,0.9980334043502808,0.31703895330429077
YDR222W,YMR080C,0,-0.8550355,0.2427648901939392,0.9980334043502808,0.3171391487121582
YIL172C,YER052C,0,-0.8553435,0.24270683526992798,0.9980334043502808,0.31723931431770325
YOL125W,YCR080W,0,-0.8557996,0.24264881014823914,0.9980334043502808,0.3173394799232483
YDL040C,YDR377W,0,-0.85585123,0.24259081482887268,0.9980334043502808,0.31743964552879333
YBL024W,YPL031C,0,-0.85641843,0.2425328493118286,0.9980334043502808,0.3175398111343384
YOR176W,YJR022W,0,-0.85696584,0.24247491359710693,0.9980334043502808,0.3176399767398834
YNL142W,YFL005W,0,-0.8573247,0.24241700768470764,0.9980334043502808,0.31774017214775085
YML061C,YOR181W,0,-0.8583317,0.24235911667346954,0.9980334043502808,0.3178403377532959
YDR028C,YBR297W,0,-0.85859436,0.24230127036571503,0.9980334043502808,0.31794050335884094
YOR070C,YML082W,0,-0.8586664,0.2422434389591217,0.9980334043502808,0.318040668964386
YKR049C,YJR155W,0,-0.8591437,0.24218563735485077,0.9980334043502808,0.31814083456993103
YLR055C,YIL133C,0,-0.8592822,0.24212786555290222,0.9980334043502808,0.3182410001754761
YKL038W,YJL057C,0,-0.8593351,0.24207012355327606,0.9980334043502808,0.3183411657810211
YMR115W,YKR068C,0,-0.85964197,0.2420123964548111,0.9980334043502808,0.31844136118888855
YML039W,YDR268W,0,-0.8598022,0.2419547140598297,0.9980334043502808,0.3185415267944336
YDL119C,YGL195W,0,-0.8602576,0.24189704656600952,0.9980334043502808,0.31864169239997864
YPR162C,YDR415C,0,-0.86027044,0.24183940887451172,0.9980334043502808,0.3187418580055237
YDR518W,YEL039C,0,-0.86059934,0.2417818009853363,0.9980334043502808,0.3188420236110687
YIL009C-A,YLL022C,0,-0.86118716,0.24172422289848328,0.9980334043502808,0.31894218921661377
YJL041W,YMR033W,0,-0.8613767,0.24166665971279144,0.9980334043502808,0.3190423846244812
YKR008W,YML063W,0,-0.8628198,0.2416091412305832,0.9980334043502808,0.31914255023002625
YLL038C,YBL069W,0,-0.86298174,0.24155163764953613,0.9980334043502808,0.3192427158355713
YAL056W,YJL112W,0,-0.8630418,0.24149416387081146,0.9980334043502808,0.31934288144111633
YGL116W,YDR532C,0,-0.8631796,0.24143671989440918,0.9980334043502808,0.3194430470466614
YDR342C,YKR064W,0,-0.8653838,0.24137930572032928,0.9980334043502808,0.3195432126522064
YNL227C,YBR205W,0,-0.86663526,0.24132192134857178,0.9980334043502808,0.31964340806007385
YGR109W-B,YAL012W,0,-0.8667122,0.24126455187797546,0.9980334043502808,0.3197435736656189
YBL063W,YEL040W,0,-0.86674625,0.24120722711086273,0.9980334043502808,0.31984373927116394
YPL168W,YJR120W,0,-0.86714965,0.2411499172449112,0.9980334043502808,0.319943904876709
YPL173W,YNL138W,0,-0.8672027,0.24109263718128204,0.9980334043502808,0.32004407048225403
YBR075W,YOL111C,0,-0.8672965,0.24103538691997528,0.9980334043502808,0.3201442360877991
YBR257W,YKL069W,0,-0.86748374,0.2409781515598297,0.9980334043502808,0.3202444016933441
YBL058W,YAL011W,0,-0.8691564,0.24092096090316772,0.9980334043502808,0.32034459710121155
YDR259C,YNL339C,0,-0.869425,0.24086378514766693,0.9980334043502808,0.3204447627067566
YOL136C,YHR070W,0,-0.8700128,0.24080663919448853,0.9980334043502808,0.32054492831230164
YNL153C,YML115C,0,-0.87105083,0.2407495230436325,0.9980334043502808,0.3206450939178467
YNL190W,YML055W,0,-0.87112457,0.24069243669509888,0.9980334043502808,0.3207452595233917
YLR080W,YLR092W,0,-0.87194145,0.24063536524772644,0.9980334043502808,0.32084542512893677
YLR389C,YGR154C,0,-0.8719485,0.24057833850383759,0.9980334043502808,0.3209456205368042
YDL098C,YNL194C,0,-0.872137,0.24052132666110992,0.9980334043502808,0.32104578614234924
YMR240C,YDR377W,0,-0.8734671,0.24046434462070465,0.9980334043502808,0.3211459517478943
YBR177C,YBR096W,0,-0.87458736,0.24040739238262177,0.9980334043502808,0.32124611735343933
YOR158W,YKR019C,0,-0.8748731,0.24035045504570007,0.9980334043502808,0.3213462829589844
YHR210C,YPR166C,0,-0.87489,0.24029356241226196,0.9980334043502808,0.3214464485645294
YOR363C,YMR281W,0,-0.87640727,0.24023668467998505,0.9980334043502808,0.32154664397239685
YER127W,YOL018C,0,-0.8764524,0.24017983675003052,0.9980334043502808,0.3216468095779419
YOL056W,YDR117C,0,-0.8770467,0.24012301862239838,0.9980334043502808,0.32174697518348694
YOR098C,YDR159W,0,-0.87742025,0.24006623029708862,0.9980334043502808,0.321847140789032
YNL206C,YMR223W,0,-0.87783957,0.24000945687294006,0.9980334043502808,0.321947306394577
YOR274W,YLR448W,0,-0.8798968,0.2399527132511139,0.9980334043502808,0.32204747200012207
YLR017W,YIL115C,0,-0.8801189,0.2398959994316101,0.9980334043502808,0.3221476376056671
YJR107W,YBL074C,0,-0.8806483,0.2398393154144287,0.9980334043502808,0.32224783301353455
YLR383W,YIR025W,0,-0.88104826,0.2397826611995697,0.9980334043502808,0.3223479986190796
YCL075W,YER101C,0,-0.88319874,0.2397260218858719,0.9980334043502808,0.32244816422462463
YOR124C,YCR014C,0,-0.883256,0.23966942727565765,0.9980334043502808,0.3225483298301697
YER048W-A,YJR057W,0,-0.8832585,0.23961284756660461,0.9980334043502808,0.3226484954357147
YKL034W,YGR211W,0,-0.88493127,0.23955628275871277,0.9980334043502808,0.32274866104125977
YBR299W,YDR435C,0,-0.88589495,0.2394997626543045,0.9980334043502808,0.3228488564491272
YDR235W,YMR177W,0,-0.8862215,0.23944327235221863,0.9980334043502808,0.32294902205467224
YBL026W,YMR290C,0,-0.8868059,0.23938679695129395,0.9980334043502808,0.3230491876602173
YLR292C,YER120W,0,-0.88682973,0.23933035135269165,0.9980334043502808,0.32314935326576233
YDR518W,YAL023C,0,-0.88692373,0.23927392065525055,0.9980334043502808,0.3232495188713074
YKR049C,YNR027W,0,-0.88709086,0.23921753466129303,0.9980334043502808,0.3233496844768524
YBL101W-A,YBR281C,0,-0.8873264,0.2391611635684967,0.9980334043502808,0.32344985008239746
YHR037W,YER117W,0,-0.88761055,0.23910482227802277,0.9980334043502808,0.3235500454902649
YJR098C,YDR380W,0,-0.8882064,0.23904851078987122,0.9980334043502808,0.32365021109580994
YDR071C,YGR009C,0,-0.8889033,0.23899222910404205,0.9980334043502808,0.323750376701355
YDR011W,YGL030W,0,-0.889825,0.23893597722053528,0.9980334043502808,0.3238505423069
YML043C,YBR299W,0,-0.8901371,0.2388797402381897,0.9980334043502808,0.32395070791244507
YGR144W,YML063W,0,-0.8906565,0.2388235330581665,0.9980334043502808,0.3240508735179901
YDR211W,YER087C-B,0,-0.8909408,0.2387673556804657,0.9980334043502808,0.32415106892585754
YOR236W,YER087W,0,-0.8916704,0.2387111932039261,0.9980334043502808,0.3242512345314026
YMR049C,YMR239C,0,-0.8919629,0.23865506052970886,0.9980334043502808,0.32435140013694763
YHR109W,YKL166C,0,-0.89253813,0.23859897255897522,0.9980334043502808,0.3244515657424927
YNL339C,YKR008W,0,-0.8928171,0.23854288458824158,0.9980334043502808,0.3245517313480377
YMR177W,YDR420W,0,-0.8932415,0.23848684132099152,0.9980334043502808,0.32465189695358276
YBR033W,YMR090W,0,-0.89335,0.23843081295490265,0.9980334043502808,0.3247520923614502
YOR240W,YEL006W,0,-0.89388233,0.23837482929229736,0.9980334043502808,0.32485225796699524
YOL078W,YGL103W,0,-0.894099,0.23831886053085327,0.9980334043502808,0.3249524235725403
YDR495C,YDR031W,0,-0.8941901,0.23826290667057037,0.9980334043502808,0.3250525891780853
YEL013W,YGR123C,0,-0.894249,0.23820699751377106,0.9980334043502808,0.32515275478363037
YGL157W,YPL150W,0,-0.89437985,0.23815110325813293,0.9980334043502808,0.3252529203891754
YJL098W,YNL199C,0,-0.894499,0.2380952388048172,0.9980334043502808,0.32535308599472046
YLR208W,YMR086W,0,-0.89517415,0.23803940415382385,0.9980334043502808,0.3254532814025879
YBR118W,YJR059W,0,-0.89657384,0.2379835844039917,0.9980334043502808,0.32555344700813293
YJL096W,YNL267W,0,-0.8975697,0.23792779445648193,0.9980334043502808,0.325653612613678
YJR035W,YHR167W,0,-0.89916927,0.23787203431129456,0.9980334043502808,0.325753778219223
YCL014W,YLR060W,0,-0.8998341,0.23781630396842957,0.9980334043502808,0.32585394382476807
YLR126C,YLR204W,0,-0.90097356,0.23776060342788696,0.9980334043502808,0.3259541094303131
YGR138C,YOR269W,0,-0.9013214,0.23770491778850555,0.9980334043502808,0.32605430483818054
YML067C,YPL021W,0,-0.90225613,0.23764926195144653,0.9980334043502808,0.3261544704437256
YPL094C,YHR031C,0,-0.90244853,0.2375936359167099,0.9980334043502808,0.32625463604927063
YPL253C,YBR084W,0,-0.9039078,0.23753802478313446,0.9980334043502808,0.3263548016548157
YKL006C-A,YLR244C,0,-0.9041479,0.2374824583530426,0.9980334043502808,0.3264549672603607
YPR017C,YKR057W,0,-0.9043611,0.23742690682411194,0.9980334043502808,0.32655513286590576
YLR209C,YDR195W,0,-0.9043979,0.23737137019634247,0.9980334043502808,0.3266553282737732
YEL062W,YCR024C,0,-0.9047578,0.23731587827205658,0.9980334043502808,0.32675549387931824
YBR067C,YMR229C,0,-0.90507436,0.23726040124893188,0.9980334043502808,0.3268556594848633
YER142C,YDR313C,0,-0.90550137,0.23720495402812958,0.9980334043502808,0.3269558250904083
YKL040C,YNL280C,0,-0.9061845,0.23714953660964966,0.9980334043502808,0.32705599069595337
YBR247C,YNL111C,0,-0.9065129,0.23709413409233093,0.9980334043502808,0.3271561563014984
YOR207C,YOR242C,0,-0.9079641,0.2370387613773346,0.9980334043502808,0.32725632190704346
YKL078W,YDR046C,0,-0.9087339,0.23698341846466064,0.9980334043502808,0.3273565173149109
YOR244W,YNL301C,0,-0.9088978,0.23692810535430908,0.9980334043502808,0.32745668292045593
YOR313C,YPR131C,0,-0.9093109,0.2368728071451187,0.9980334043502808,0.327556848526001
YHR118C,YIL017W,0,-0.90995467,0.23681753873825073,0.9980334043502808,0.327657014131546
YBL063W,YDR178W,0,-0.9101303,0.23676230013370514,0.9980334043502808,0.32775717973709106
YER027C,YKR020W,0,-0.9101428,0.23670709133148193,0.9980334043502808,0.3278573453426361
YNL131W,YLR172C,0,-0.9103779,0.23665189743041992,0.9980334043502808,0.32795754075050354
YOR176W,YPL178W,0,-0.91062075,0.2365967333316803,0.9980334043502808,0.3280577063560486
YKL007W,YDR454C,0,-0.9108024,0.23654159903526306,0.9980334043502808,0.32815787196159363
YPR102C,YJR029W,0,-0.91232306,0.23648647964000702,0.9980334043502808,0.32825803756713867
YLR020C,YDR007W,0,-0.9126666,0.23643140494823456,0.9980334043502808,0.3283582031726837
YPR148C,YGR070W,0,-0.9128302,0.2363763451576233,0.9980334043502808,0.32845836877822876
YJR065C,YCL044C,0,-0.91295296,0.23632130026817322,0.9980334043502808,0.3285585641860962
YDR365C,YAR007C,0,-0.913139,0.23626630008220673,0.9980334043502808,0.32865872979164124
YJR058C,YGR271W,0,-0.9138104,0.23621131479740143,0.9980334043502808,0.3287588953971863
YDL102W,YGR044C,0,-0.91429996,0.23615634441375732,0.9980334043502808,0.3288590610027313
YKL038W,YMR188C,0,-0.91447914,0.2361014187335968,0.9980334043502808,0.32895922660827637
YLR410W-B,YNR003C,0,-0.917453,0.23604650795459747,0.9980334043502808,0.3290593922138214
YJR006W,YPL195W,0,-0.91786414,0.23599162697792053,0.9980334043502808,0.32915955781936646
YIR023W,YPR042C,0,-0.9183187,0.23593677580356598,0.9980334043502808,0.3292597532272339
YGL062W,YPR021C,0,-0.91965306,0.23588193953037262,0.9980334043502808,0.32935991883277893
YER098W,YDR210C-C,0,-0.9197622,0.23582713305950165,0.9980334043502808,0.329460084438324
YBR240C,YML060W,0,-0.91995496,0.23577235639095306,0.9980334043502808,0.329560250043869
YIL009C-A,YDR317W,0,-0.919959,0.23571760952472687,0.9980334043502808,0.32966041564941406
YOR279C,YJR092W,0,-0.92003727,0.23566287755966187,0.9980334043502808,0.3297605812549591
YDR019C,YKL155C,0,-0.9208542,0.23560817539691925,0.9980334043502808,0.32986077666282654
YGR109W-B,YPL043W,0,-0.92246467,0.23555348813533783,0.9980334043502808,0.3299609422683716
YJR143C,YLR028C,0,-0.9228056,0.23549884557724,0.9980334043502808,0.3300611078739166
YPL224C,YJL003W,0,-0.92373383,0.23544421792030334,0.9980334043502808,0.33016127347946167
YLL040C,YOR323C,0,-0.9246293,0.2353896051645279,0.9980334043502808,0.3302614390850067
YPR156C,YGR241C,0,-0.92485696,0.23533503711223602,0.9980334043502808,0.33036160469055176
YGL136C,YGR234W,0,-0.92535853,0.23528048396110535,0.9980334043502808,0.3304617702960968
YBR264C,YCL057C-A,0,-0.9262128,0.23522596061229706,0.9980334043502808,0.33056196570396423
YDR268W,YAL043C,0,-0.92669445,0.23517145216464996,0.9980334043502808,0.3306621313095093
YHL036W,YLR120C,0,-0.9268932,0.23511697351932526,0.9980334043502808,0.3307622969150543
YHR153C,YOL090W,0,-0.9276956,0.23506252467632294,0.9980334043502808,0.33086246252059937
YBL057C,YGL085W,0,-0.92812437,0.235008105635643,0.9980334043502808,0.3309626281261444
YML109W,YPL013C,0,-0.92818475,0.23495370149612427,0.9980334043502808,0.33106279373168945
YIL079C,YJR034W,0,-0.9283698,0.23489932715892792,0.9980334043502808,0.3311629891395569
YJL206C,YOL156W,0,-0.9307293,0.23484498262405396,0.9980334043502808,0.33126315474510193
YDR168W,YBL101W-A,0,-0.9314519,0.2347906529903412,0.9980334043502808,0.331363320350647
YLR145W,YKR036C,0,-0.9319803,0.2347363531589508,0.9980334043502808,0.331463485956192
YMR246W,YOR048C,0,-0.9321416,0.2346820831298828,0.9980334043502808,0.33156365156173706
YLR228C,YNL054W-B,0,-0.93348324,0.234627828001976,0.9980334043502808,0.3316638171672821
YGL211W,YLR460C,0,-0.93397087,0.2345736026763916,0.9980334043502808,0.33176401257514954
YKL041W,YFL005W,0,-0.93408823,0.23451940715312958,0.9980334043502808,0.3318641781806946
YNL248C,YOL103W,0,-0.9349784,0.23446524143218994,0.9980334043502808,0.3319643437862396
YOR285W,YNR067C,0,-0.93655616,0.2344110906124115,0.9980334043502808,0.33206450939178467
YMR242C,YOR068C,0,-0.9395233,0.23435695469379425,0.9980334043502808,0.3321646749973297
YBR131W,YOR143C,0,-0.9397386,0.23430286347866058,0.9980334043502808,0.33226484060287476
YNL322C,YJL034W,0,-0.9403715,0.2342487871646881,0.9980334043502808,0.3323650062084198
YDR064W,YIR031C,0,-0.9405095,0.23419474065303802,0.9980334043502808,0.33246520161628723
YPR081C,YDR347W,0,-0.9405868,0.23414070904254913,0.9980334043502808,0.3325653672218323
YLR086W,YKL058W,0,-0.94085723,0.23408672213554382,0.9980334043502808,0.3326655328273773
YJR158W,YLR251W,0,-0.9410218,0.2340327352285385,0.9980334043502808,0.33276569843292236
YKR009C,YDL235C,0,-0.9420902,0.23397879302501678,0.9980334043502808,0.3328658640384674
YGR241C,YOR298W,0,-0.94237995,0.23392486572265625,0.9980334043502808,0.33296602964401245
YPL203W,YML082W,0,-0.94297284,0.2338709682226181,0.9980334043502808,0.3330662250518799
YMR179W,YGR193C,0,-0.94301796,0.23381708562374115,0.9980334043502808,0.3331663906574249
YHR165C,YIL052C,0,-0.94325507,0.23376324772834778,0.9980334043502808,0.33326655626296997
YDR490C,YMR098C,0,-0.94361794,0.2337094247341156,0.9980334043502808,0.333366721868515
YML056C,YPL027W,0,-0.94404644,0.23365561664104462,0.9980334043502808,0.33346688747406006
YDR325W,YER103W,0,-0.94407564,0.23360183835029602,0.9980334043502808,0.3335670530796051
YNR021W,YGR199W,0,-0.94432956,0.2335480898618698,0.9980334043502808,0.33366724848747253
YDR473C,YEL050C,0,-0.9455557,0.233494371175766,0.9980334043502808,0.3337674140930176
YOR155C,YDR312W,0,-0.94602,0.23344066739082336,0.9980334043502808,0.3338675796985626
YGL092W,YDR218C,0,-0.9467699,0.23338697850704193,0.9980334043502808,0.33396774530410767
YGR264C,YOR066W,0,-0.9469045,0.23333333432674408,0.9980334043502808,0.3340679109096527
YKR009C,YLR120C,0,-0.9469742,0.23327970504760742,0.9980334043502808,0.33416807651519775
YER030W,YOR357C,0,-0.94876885,0.23322610557079315,0.9980334043502808,0.3342682421207428
YMR118C,YCL018W,0,-0.9502922,0.23317252099514008,0.9980334043502808,0.33436843752861023
YBL037W,YOR374W,0,-0.95033574,0.2331189662218094,0.9980334043502808,0.3344686031341553
YNL194C,YAL025C,0,-0.9510912,0.2330654412508011,0.9980334043502808,0.3345687687397003
YPL262W,YDR207C,0,-0.95119196,0.23301193118095398,0.9980334043502808,0.33466893434524536
YHR210C,YGR034W,0,-0.9513876,0.23295845091342926,0.9980334043502808,0.3347690999507904
YGL126W,YCR038C,0,-0.9519414,0.23290500044822693,0.9980334043502808,0.33486926555633545
YDR069C,YDR212W,0,-0.9536211,0.2328515648841858,0.9980334043502808,0.3349694609642029
YCR002C,YGL009C,0,-0.95462686,0.23279815912246704,0.9980334043502808,0.3350696265697479
YLR200W,YPR063C,0,-0.9550007,0.23274478316307068,0.9980334043502808,0.33516979217529297
YJL121C,YNL008C,0,-0.9552813,0.2326914221048355,0.9980334043502808,0.335269957780838
YGL259W,YJR034W,0,-0.9555314,0.23263809084892273,0.9980334043502808,0.33537012338638306
YDR429C,YKR077W,0,-0.9555663,0.23258478939533234,0.9980334043502808,0.3354702889919281
YNL032W,YML021C,0,-0.95586663,0.23253150284290314,0.9980334043502808,0.33557048439979553
YJL073W,YJL082W,0,-0.95664173,0.23247824609279633,0.9980334043502808,0.3356706500053406
YNL091W,YGR264C,0,-0.9568493,0.2324250042438507,0.9980334043502808,0.3357708156108856
YAL038W,YOR323C,0,-0.9569395,0.23237179219722748,0.9980334043502808,0.33587098121643066
YGL035C,YNL297C,0,-0.9577585,0.23231860995292664,0.9980334043502808,0.3359711468219757
YBR086C,YGL031C,0,-0.9579851,0.232265442609787,0.9980334043502808,0.33607131242752075
YGR109W-B,YHR205W,0,-0.9593567,0.23221230506896973,0.9980334043502808,0.3361714780330658
YHR184W,YOL127W,0,-0.9599766,0.23215919733047485,0.9980334043502808,0.3362716734409332
YGR252W,YIL143C,0,-0.9600874,0.23210610449314117,0.9980334043502808,0.33637183904647827
YMR230W,YNR030W,0,-0.9609898,0.23205304145812988,0.9980334043502808,0.3364720046520233
YDL091C,YCL018W,0,-0.9610072,0.23199999332427979,0.9980334043502808,0.33657217025756836
YEL020W-A,YMR086W,0,-0.96171355,0.23194698989391327,0.9980334043502808,0.3366723358631134
YNL118C,YGL178W,0,-0.9619748,0.23189398646354675,0.9980334043502808,0.33677250146865845
YGL225W,YBL076C,0,-0.9630919,0.23184102773666382,0.9980334043502808,0.3368726968765259
YDR342C,YPL019C,0,-0.9633511,0.23178808391094208,0.9980334043502808,0.3369728624820709
YOR192C-B,YKR050W,0,-0.9637123,0.23173515498638153,0.9980334043502808,0.33707302808761597
YML101C,YOL112W,0,-0.9648556,0.23168227076530457,0.9980334043502808,0.337173193693161
YDR353W,YGR037C,0,-0.966231,0.2316293865442276,0.9980334043502808,0.33727335929870605
YAL015C,YGR184C,0,-0.96636754,0.23157654702663422,0.9980334043502808,0.3373735249042511
YKR056W,YGL090W,0,-0.9664418,0.23152372241020203,0.9980334043502808,0.33747369050979614
YAL063C,YCR028C,0,-0.9669873,0.23147092759609222,0.9980334043502808,0.3375738859176636
YDR350C,YEL036C,0,-0.9671045,0.23141814768314362,0.9980334043502808,0.3376740515232086
YBL037W,YAL043C,0,-0.9671253,0.2313653975725174,0.9980334043502808,0.33777421712875366
YNL127W,YHL019C,0,-0.9677624,0.23131267726421356,0.9980334043502808,0.3378743827342987
YEL069C,YDR219C,0,-0.97007716,0.23125997185707092,0.9980334043502808,0.33797454833984375
YGL062W,YOR247W,0,-0.97050685,0.23120729625225067,0.9980334043502808,0.3380747139453888
YLR014C,YBR050C,0,-0.9706526,0.2311546355485916,0.9980334043502808,0.3381749093532562
YNL054W-A,YMR071C,0,-0.97136045,0.23110200464725494,0.9980334043502808,0.33827507495880127
YPL143W,YHR079C,0,-0.9720996,0.23104940354824066,0.9980334043502808,0.3383752405643463
YJL034W,YPL194W,0,-0.9722113,0.23099681735038757,0.9980334043502808,0.33847540616989136
YDR246W,YML127W,0,-0.9726147,0.23094426095485687,0.9980334043502808,0.3385755717754364
YFL041W,YPL257W-B,0,-0.9727286,0.23089171946048737,0.9980334043502808,0.33867573738098145
YGL236C,YJL082W,0,-0.9729478,0.23083920776844025,0.9980334043502808,0.3387759327888489
YKR077W,YOL023W,0,-0.9731609,0.23078672587871552,0.9980334043502808,0.3388760983943939
YDR337W,YGR224W,0,-0.97432715,0.23073425889015198,0.9980334043502808,0.33897626399993896
YPR086W,YNL112W,0,-0.975004,0.23068182170391083,0.9980334043502808,0.339076429605484
YMR313C,YJL096W,0,-0.97651213,0.23062939941883087,0.9980334043502808,0.33917659521102905
YBR214W,YOR116C,0,-0.9767224,0.2305770069360733,0.9980334043502808,0.3392767608165741
YDR098C-A,YER007C-A,0,-0.97839147,0.23052464425563812,0.9980334043502808,0.33937692642211914
YOR274W,YBR058C-A,0,-0.97841156,0.23047229647636414,0.9980334043502808,0.3394771218299866
YOR215C,YHR033W,0,-0.9786687,0.23041997849941254,0.9980334043502808,0.3395772874355316
YEL053C,YJL044C,0,-0.97897047,0.23036767542362213,0.9980334043502808,0.33967745304107666
YDR301W,YJR094W-A,0,-0.9794234,0.2303154021501541,0.9980334043502808,0.3397776186466217
YPL157W,YDR247W,0,-0.981358,0.23026315867900848,0.9980334043502808,0.33987778425216675
YJR051W,YDR146C,0,-0.9814122,0.23021093010902405,0.9980334043502808,0.3399779498577118
YGR058W,YCR024C,0,-0.9815958,0.230158731341362,0.9980334043502808,0.3400781452655792
YMR285C,YGR085C,0,-0.9817923,0.23010654747486115,0.9980334043502808,0.34017831087112427
YOL057W,YCL050C,0,-0.9829784,0.23005439341068268,0.9980334043502808,0.3402784764766693
YMR049C,YDR398W,0,-0.9833128,0.2300022691488266,0.9980334043502808,0.34037864208221436
YNL189W,YPL117C,0,-0.98386556,0.2299501597881317,0.9980334043502808,0.3404788076877594
YMR314W,YDR170C,0,-0.98393375,0.22989808022975922,0.9980334043502808,0.34057897329330444
YOR304C-A,YNR013C,0,-0.9859323,0.2298460155725479,0.9980334043502808,0.3406791687011719
YGR007W,YPR072W,0,-0.9862984,0.229793980717659,0.9980334043502808,0.3407793343067169
YLR410W-B,YLR363C,0,-0.9868981,0.22974196076393127,0.9980334043502808,0.34087949991226196
YBR218C,YOL082W,0,-0.9874787,0.22968997061252594,0.9980334043502808,0.340979665517807
YDL133C-A,YOR109W,0,-0.98845774,0.229638010263443,0.9980334043502808,0.34107983112335205
YCL048W,YJL143W,0,-0.98917633,0.22958606481552124,0.9980334043502808,0.3411799967288971
YER056C,YDR079W,0,-0.99054104,0.22953414916992188,0.9980334043502808,0.34128016233444214
YNL055C,YBR176W,0,-0.99060345,0.2294822484254837,0.9980334043502808,0.34138035774230957
YLR035C-A,YJR120W,0,-0.9914791,0.22943037748336792,0.9980334043502808,0.3414805233478546
YDR457W,YOR383C,0,-0.99275523,0.22937853634357452,0.9980334043502808,0.34158068895339966
YOR201C,YML087C,0,-0.9940354,0.22932671010494232,0.9980334043502808,0.3416808545589447
YEL065W,YIL006W,0,-0.99408203,0.2292748987674713,0.9980334043502808,0.34178102016448975
YHL035C,YPL134C,0,-0.9941073,0.2292231321334839,0.9980334043502808,0.3418811857700348
YMR040W,YPR131C,0,-0.9947528,0.22917136549949646,0.9980334043502808,0.3419813811779022
YPL113C,YGL232W,0,-0.99542546,0.22911964356899261,0.9980334043502808,0.34208154678344727
YPR134W,YBR153W,0,-0.9956781,0.22906793653964996,0.9980334043502808,0.3421817123889923
YDR273W,YDR050C,0,-0.99578536,0.2290162444114685,0.9980334043502808,0.34228187799453735
YAL024C,YBR213W,0,-0.9962305,0.22896458208560944,0.9980334043502808,0.3423820436000824
YKL129C,YBL041W,0,-0.99664557,0.22891294956207275,0.9980334043502808,0.34248220920562744
YDR279W,YGR263C,0,-0.99703914,0.22886133193969727,0.9980334043502808,0.3425824046134949
YEL039C,YGR109W-B,0,-0.99712825,0.22880974411964417,0.9980334043502808,0.3426825702190399
YLR097C,YDR189W,0,-0.99716455,0.22875817120075226,0.9980334043502808,0.34278273582458496
YDR447C,YPR119W,0,-0.99758476,0.22870662808418274,0.9980334043502808,0.34288290143013
YFL029C,YER091C,0,-0.9979542,0.22865509986877441,0.9980334043502808,0.34298306703567505
YDR081C,YDR175C,0,-0.9983199,0.22860360145568848,0.9980334043502808,0.3430832326412201
YBL090W,YBR090C-A,0,-0.99865556,0.22855213284492493,0.9980334043502808,0.34318339824676514
YGR077C,YJL062W,0,-0.99879235,0.22850067913532257,0.9980334043502808,0.34328359365463257
YLR430W,YGR020C,0,-0.9990558,0.2284492403268814,0.9980334043502808,0.3433837592601776
YMR131C,YEL051W,0,-0.9991274,0.22839784622192383,0.9980334043502808,0.34348392486572266
YHR024C,YLR067C,0,-0.99935746,0.22834645211696625,0.9980334043502808,0.3435840904712677
YDL019C,YLL050C,0,-0.9999513,0.22829510271549225,0.9980334043502808,0.34368425607681274
YPL259C,YMR257C,0,-1.0001142,0.22824375331401825,0.9980334043502808,0.3437844216823578
YJR097W,YMR008C,0,-1.0016365,0.22819244861602783,0.9980334043502808,0.3438846170902252
YJL134W,YGR200C,0,-1.0019981,0.2281411588191986,0.9980334043502808,0.34398478269577026
YLR360W,YLR238W,0,-1.0022292,0.22808988392353058,0.9980334043502808,0.3440849483013153
YDR351W,YNL233W,0,-1.0023289,0.22803863883018494,0.9980334043502808,0.34418511390686035
YHR096C,YDL119C,0,-1.0024798,0.22798742353916168,0.9980334043502808,0.3442852795124054
YOL112W,YOR239W,0,-1.0026863,0.22793622314929962,0.9980334043502808,0.34438544511795044
YGR253C,YBR016W,0,-1.004292,0.22788505256175995,0.9980334043502808,0.3444856107234955
YPL195W,YDR397C,0,-1.0042957,0.22783389687538147,0.9980334043502808,0.3445858061313629
YJL166W,YOL151W,0,-1.0044383,0.22778277099132538,0.9980334043502808,0.34468597173690796
YMR230W,YKL051W,0,-1.0047919,0.22773166000843048,0.9980334043502808,0.344786137342453
YCR092C,YPL004C,0,-1.007319,0.22768057882785797,0.9980334043502808,0.34488630294799805
YPL002C,YPR166C,0,-1.007377,0.22762951254844666,0.9980334043502808,0.3449864685535431
YHR044C,YLR283W,0,-1.0080158,0.22757847607135773,0.9980334043502808,0.34508663415908813
YER089C,YBR180W,0,-1.0080615,0.22752745449543,0.9980334043502808,0.34518682956695557
YDR359C,YDR259C,0,-1.0080884,0.22747646272182465,0.9980334043502808,0.3452869951725006
YHR175W,YGR246C,0,-1.0081555,0.2274255007505417,0.9980334043502808,0.34538716077804565
YER028C,YER061C,0,-1.0084399,0.22737455368041992,0.9980334043502808,0.3454873263835907
YDR083W,YHR046C,0,-1.0094416,0.22732362151145935,0.9980334043502808,0.34558749198913574
YNL081C,YCR054C,0,-1.0097313,0.22727273404598236,0.9980334043502808,0.3456876575946808
YJL197W,YCR053W,0,-1.009848,0.22722184658050537,0.9980334043502808,0.3457878530025482
YPR199C,YGR193C,0,-1.0102901,0.22717098891735077,0.9980334043502808,0.34588801860809326
YCL057C-A,YJR059W,0,-1.0107687,0.22712016105651855,0.9980334043502808,0.3459881842136383
YDR131C,YDR515W,0,-1.0111972,0.22706934809684753,0.9980334043502808,0.34608834981918335
YMR041C,YNL218W,0,-1.0125526,0.2270185649394989,0.9980334043502808,0.3461885154247284
YJL096W,YPL150W,0,-1.0138892,0.22696779668331146,0.9980334043502808,0.34628868103027344
YLL004W,YOL054W,0,-1.0143023,0.2269170582294464,0.9980334043502808,0.3463888466358185
YHR186C,YIL130W,0,-1.0147513,0.22686633467674255,0.9980334043502808,0.3464890420436859
YHR061C,YMR038C,0,-1.0157318,0.22681564092636108,0.9980334043502808,0.34658920764923096
YDR122W,YER154W,0,-1.0164374,0.2267649620771408,0.9980334043502808,0.346689373254776
YIL123W,YGL063W,0,-1.0168542,0.22671431303024292,0.9980334043502808,0.34678953886032104
YDR367W,YKR014C,0,-1.0178173,0.22666369378566742,0.9980334043502808,0.3468897044658661
YPL042C,YMR241W,0,-1.0179868,0.2266130894422531,0.9980334043502808,0.34698987007141113
YGL136C,YGR217W,0,-1.0182439,0.2265625,0.9980334043502808,0.34709006547927856
YNL164C,YDR398W,0,-1.0187547,0.22651194036006927,0.9980334043502808,0.3471902310848236
YMR186W,YPL214C,0,-1.018812,0.22646139562129974,0.9980334043502808,0.34729039669036865
YJR104C,YML132W,0,-1.0191455,0.2264108806848526,0.9980334043502808,0.3473905622959137
YMR313C,YIR014W,0,-1.0196139,0.22636039555072784,0.9980334043502808,0.34749072790145874
YBR271W,YDR007W,0,-1.0203753,0.22630992531776428,0.9980334043502808,0.3475908935070038
YDR527W,YPL280W,0,-1.0208997,0.22625946998596191,0.9980334043502808,0.3476910889148712
YLL011W,YJR147W,0,-1.0213515,0.22620904445648193,0.9980334043502808,0.34779125452041626
YDL141W,YHR061C,0,-1.0217808,0.22615864872932434,0.9980334043502808,0.3478914201259613
YML045W-A,YPR175W,0,-1.0221004,0.22610826790332794,0.9980334043502808,0.34799158573150635
YEL001C,YML021C,0,-1.0224622,0.22605790197849274,0.9980334043502808,0.3480917513370514
YDR527W,YBR271W,0,-1.0225105,0.22600756585597992,0.9980334043502808,0.34819191694259644
YNL081C,YJL052W,0,-1.0227544,0.2259572595357895,0.9980334043502808,0.3482920825481415
YIL139C,YLR306W,0,-1.0229393,0.22590696811676025,0.9980334043502808,0.3483922779560089
YIL167W,YGL119W,0,-1.0235713,0.2258566915988922,0.9980334043502808,0.34849244356155396
YIR019C,YDR345C,0,-1.0235745,0.22580644488334656,0.9980334043502808,0.348592609167099
YPL021W,YJR078W,0,-1.0238998,0.2257562279701233,0.9980334043502808,0.34869277477264404
YDR222W,YLR045C,0,-1.0246984,0.22570602595806122,0.9980334043502808,0.3487929403781891
YML109W,YLR188W,0,-1.0247163,0.22565585374832153,0.9980334043502808,0.34889310598373413
YPR162C,YGR084C,0,-1.0253325,0.22560569643974304,0.9980334043502808,0.34899330139160156
YDR014W,YHR214W,0,-1.0266048,0.22555555403232574,0.9980334043502808,0.3490934669971466
YOL020W,YKR101W,0,-1.027643,0.22550544142723083,0.9980334043502808,0.34919363260269165
YJL071W,YPL239W,0,-1.0282491,0.2254553586244583,0.9980334043502808,0.3492937982082367
YDR228C,YGR218W,0,-1.0292206,0.22540529072284698,0.9980334043502808,0.34939396381378174
YMR311C,YNL250W,0,-1.029353,0.22535523772239685,0.9980334043502808,0.3494941294193268
YEL037C,YDR448W,0,-1.0296122,0.2253052145242691,0.9980334043502808,0.3495943248271942
YBR028C,YHR118C,0,-1.0310798,0.22525522112846375,0.9980334043502808,0.34969449043273926
YOR257W,YHR041C,0,-1.0317075,0.22520524263381958,0.9980334043502808,0.3497946560382843
YNR055C,YLR427W,0,-1.0327066,0.2251552790403366,0.9980334043502808,0.34989482164382935
YIL083C,YNL301C,0,-1.0330048,0.22510534524917603,0.9980334043502808,0.3499949872493744
YIL133C,YDR384C,0,-1.0336238,0.22505542635917664,0.9980334043502808,0.35009515285491943
YLR389C,YLR426W,0,-1.0347184,0.22500553727149963,0.9980334043502808,0.3501953184604645
YLR266C,YOR126C,0,-1.0351053,0.22495567798614502,0.9980334043502808,0.3502955138683319
YLR460C,YPR035W,0,-1.0351199,0.2249058336019516,0.9980334043502808,0.35039567947387695
YGR122W,YNL206C,0,-1.0355512,0.22485600411891937,0.9980334043502808,0.350495845079422
YEL053C,YLR364W,0,-1.036709,0.22480620443820953,0.9980334043502808,0.35059601068496704
YPL189W,YGR241C,0,-1.0368242,0.2247564196586609,0.9980334043502808,0.3506961762905121
YJL186W,YBL090W,0,-1.0375562,0.22470666468143463,0.9980334043502808,0.35079634189605713
YLL053C,YIL052C,0,-1.037856,0.22465692460536957,0.9980334043502808,0.35089653730392456
YER060W,YFL038C,0,-1.0390137,0.2246072143316269,0.9980334043502808,0.3509967029094696
YLR356W,YPL106C,0,-1.0396842,0.2245575189590454,0.9980334043502808,0.35109686851501465
YGL236C,YLL001W,0,-1.0400745,0.22450785338878632,0.9980334043502808,0.3511970341205597
YBR089C-A,YJR060W,0,-1.040953,0.22445820271968842,0.9980334043502808,0.35129719972610474
YML034W,YGR185C,0,-1.0412103,0.2244085818529129,0.9980334043502808,0.3513973653316498
YHR064C,YLR001C,0,-1.0415488,0.22435897588729858,0.9980334043502808,0.3514975309371948
YLR085C,YJR082C,0,-1.0429853,0.22430938482284546,0.9980334043502808,0.35159772634506226
YHR153C,YBR173C,0,-1.0431399,0.22425983846187592,0.9980334043502808,0.3516978919506073
YAL051W,YOR249C,0,-1.0436126,0.22421029210090637,0.9980334043502808,0.35179805755615234
YMR050C,YKR089C,0,-1.0437083,0.22416077554225922,0.9980334043502808,0.3518982231616974
YBR090C-A,YBR271W,0,-1.0439329,0.22411128878593445,0.9980334043502808,0.35199838876724243
YDR108W,YER087C-B,0,-1.0444261,0.22406181693077087,0.9980334043502808,0.3520985543727875
YJL214W,YMR142C,0,-1.0450292,0.2240123599767685,0.9980334043502808,0.3521987497806549
YML058W-A,YHR201C,0,-1.046176,0.2239629328250885,0.9980334043502808,0.35229891538619995
YMR226C,YGL226C-A,0,-1.0466622,0.2239135205745697,0.9980334043502808,0.352399080991745
YPR057W,YOL018C,0,-1.0470251,0.2238641381263733,0.9980334043502808,0.35249924659729004
YKL094W,YDR026C,0,-1.0481505,0.22381477057933807,0.9980334043502808,0.3525994122028351
YKR035W-A,YPL240C,0,-1.0485044,0.22376543283462524,0.9980334043502808,0.3526995778083801
YLR364W,YGR216C,0,-1.0489783,0.2237161099910736,0.9980334043502808,0.35279977321624756
YPL095C,YMR269W,0,-1.0497509,0.22366681694984436,0.9980334043502808,0.3528999388217926
YDR098C-B,YDR128W,0,-1.0499575,0.2236175388097763,0.9980334043502808,0.35300010442733765
YBR260C,YDR128W,0,-1.0508338,0.22356827557086945,0.9980334043502808,0.3531002700328827
YJL124C,YNL073W,0,-1.0513237,0.22351904213428497,0.9980334043502808,0.35320043563842773
YGL137W,YMR247C,0,-1.0520148,0.2234698385000229,0.9980334043502808,0.3533006012439728
YOR189W,YDR421W,0,-1.0520432,0.223420649766922,0.9980334043502808,0.3534007668495178
YLR452C,YLR364W,0,-1.0529662,0.2233714759349823,0.9980334043502808,0.35350096225738525
YBR123C,YOR063W,0,-1.0540082,0.223322331905365,0.9980334043502808,0.3536011278629303
YOR227W,YNL310C,0,-1.0541213,0.22327320277690887,0.9980334043502808,0.35370129346847534
YLR183C,YML127W,0,-1.0546917,0.22322410345077515,0.9980334043502808,0.3538014590740204
YBR222C,YKL029C,0,-1.0546981,0.2231750190258026,0.9980334043502808,0.35390162467956543
YDR240C,YGR158C,0,-1.0550663,0.22312596440315247,0.9980334043502808,0.3540017902851105
YIL007C,YMR173W,0,-1.0552013,0.2230769246816635,0.9980334043502808,0.3541019856929779
YBR287W,YNL310C,0,-1.0557237,0.22302789986133575,0.9980334043502808,0.35420215129852295
YOL052C-A,YKL058W,0,-1.0566716,0.22297890484333038,0.9980334043502808,0.354302316904068
YER137C,YFL023W,0,-1.0575169,0.2229299396276474,0.9980334043502808,0.35440248250961304
YJR025C,YKL001C,0,-1.0589503,0.2228809893131256,0.9980334043502808,0.3545026481151581
YPL239W,YLR154C,0,-1.0591868,0.22283205389976501,0.9980334043502808,0.3546028137207031
YBR268W,YNR044W,0,-1.0597126,0.2227831482887268,0.9980334043502808,0.35470300912857056
YDR404C,YDR276C,0,-1.059977,0.2227342575788498,0.9980334043502808,0.3548031747341156
YBL068W,YGR099W,0,-1.060655,0.22268538177013397,0.9980334043502808,0.35490334033966064
YGR263C,YGL039W,0,-1.0612755,0.22263653576374054,0.9980334043502808,0.3550035059452057
YNR060W,YDL211C,0,-1.062059,0.2225877195596695,0.9980334043502808,0.35510367155075073
YDL093W,YMR303C,0,-1.0620673,0.22253891825675964,0.9980334043502808,0.3552038371562958
YPL040C,YKL010C,0,-1.0625954,0.222490131855011,0.9980334043502808,0.3553040027618408
YNL136W,YKL020C,0,-1.063978,0.22244137525558472,0.9980334043502808,0.35540419816970825
YJL001W,YLR105C,0,-1.0641708,0.22239263355731964,0.9980334043502808,0.3555043637752533
YPL120W,YPL098C,0,-1.0642439,0.22234392166137695,0.9980334043502808,0.35560452938079834
YGL169W,YHR114W,0,-1.0665553,0.22229522466659546,0.9980334043502808,0.3557046949863434
YPL065W,YGL067W,0,-1.066871,0.22224655747413635,0.9980334043502808,0.3558048605918884
YFR016C,YDR080W,0,-1.067866,0.22219790518283844,0.9980334043502808,0.35590502619743347
YGL004C,YBL089W,0,-1.0692503,0.22214926779270172,0.9980334043502808,0.3560052216053009
YGR123C,YJR049C,0,-1.0705715,0.2221006602048874,0.9980334043502808,0.35610538721084595
YDL019C,YPL138C,0,-1.0707192,0.22205206751823425,0.9980334043502808,0.356205552816391
YOR380W,YGL171W,0,-1.0718867,0.2220035046339035,0.9980334043502808,0.35630571842193604
YOL052C-A,YML104C,0,-1.0719498,0.22195495665073395,0.9980334043502808,0.3564058840274811
YNL302C,YGR271W,0,-1.0721581,0.22190642356872559,0.9980334043502808,0.3565060496330261
YDR343C,YBR188C,0,-1.0729965,0.2218579202890396,0.9980334043502808,0.35660624504089355
YMR075W,YNL278W,0,-1.0730877,0.22180944681167603,0.9980334043502808,0.3567064106464386
YLR404W,YIL056W,0,-1.0732583,0.22176097333431244,0.9980334043502808,0.35680657625198364
YJL165C,YER052C,0,-1.0733379,0.22171254456043243,0.9980334043502808,0.3569067418575287
YLR395C,YEL044W,0,-1.0749832,0.22166411578655243,0.9980334043502808,0.35700690746307373
YGL174W,YOR065W,0,-1.075658,0.2216157168149948,0.9980334043502808,0.3571070730686188
YKL026C,YPL145C,0,-1.076279,0.22156734764575958,0.9980334043502808,0.3572072386741638
YLR020C,YMR295C,0,-1.0765617,0.22151899337768555,0.9980334043502808,0.35730743408203125
YJR151C,YLR113W,0,-1.0775807,0.2214706540107727,0.9980334043502808,0.3574075996875763
YLR214W,YBR214W,0,-1.0784082,0.22142234444618225,0.9980334043502808,0.35750776529312134
YER102W,YGR279C,0,-1.0789624,0.221374049782753,0.9980334043502808,0.3576079308986664
YIL051C,YDR423C,0,-1.0796553,0.22132577002048492,0.9980334043502808,0.3577080965042114
YDR011W,YOR076C,0,-1.0798576,0.22127752006053925,0.9980334043502808,0.35780826210975647
YLR142W,YGL222C,0,-1.0803198,0.22122929990291595,0.9980334043502808,0.3579084575176239
YJR016C,YBL010C,0,-1.0806795,0.22118107974529266,0.9980334043502808,0.35800862312316895
YNL070W,YMR261C,0,-1.0806901,0.22113290429115295,0.9980334043502808,0.358108788728714
YLR410W-A,YNL149C,0,-1.0806993,0.22108472883701324,0.9980334043502808,0.35820895433425903
YDR238C,YKL045W,0,-1.0808334,0.22103658318519592,0.9980334043502808,0.3583091199398041
YNL079C,YBR036C,0,-1.081638,0.220988467335701,0.9980334043502808,0.3584092855453491
YKR058W,YJL179W,0,-1.0818143,0.22094035148620605,0.9980334043502808,0.35850948095321655
YGR057C,YLR029C,0,-1.0823686,0.2208922803401947,0.9980334043502808,0.3586096465587616
YLR380W,YPL200W,0,-1.0824367,0.22084420919418335,0.9980334043502808,0.35870981216430664
YDL229W,YHR082C,0,-1.0824776,0.22079616785049438,0.9980334043502808,0.3588099777698517
YLR044C,YDL200C,0,-1.0825294,0.2207481563091278,0.9980334043502808,0.35891014337539673
YHR008C,YOL129W,0,-1.0826701,0.22070014476776123,0.9980334043502808,0.3590103089809418
YPL058C,YMR086W,0,-1.0842017,0.22065217792987823,0.9980334043502808,0.3591104745864868
YNL001W,YDL003W,0,-1.0844232,0.22060421109199524,0.9980334043502808,0.35921066999435425
YDR262W,YOR211C,0,-1.0845867,0.22055627405643463,0.9980334043502808,0.3593108355998993
YDL148C,YDR318W,0,-1.0849003,0.2205083668231964,0.9980334043502808,0.35941100120544434
YOR311C,YNL318C,0,-1.0857587,0.22046047449111938,0.9980334043502808,0.3595111668109894
YMR227C,YER173W,0,-1.0862844,0.22041259706020355,0.9980334043502808,0.3596113324165344
YOR081C,YLR315W,0,-1.0866725,0.2203647345304489,0.9980334043502808,0.35971149802207947
YLR033W,YDL148C,0,-1.0868865,0.22031690180301666,0.9980334043502808,0.3598116934299469
YER050C,YOR039W,0,-1.0869318,0.2202690988779068,0.9980334043502808,0.35991185903549194
YDR499W,YLR411W,0,-1.0871232,0.22022131085395813,0.9980334043502808,0.360012024641037
YDL146W,YPL076W,0,-1.087423,0.22017353773117065,0.9980334043502808,0.36011219024658203
YER159C-A,YBR005W,0,-1.0874507,0.22012577950954437,0.9980334043502808,0.3602123558521271
YDR320C,YGR020C,0,-1.0879619,0.22007805109024048,0.9980334043502808,0.3603125214576721
YGL236C,YPR168W,0,-1.0883247,0.22003035247325897,0.9980334043502808,0.36041268706321716
YBR283C,YDR072C,0,-1.0884722,0.21998266875743866,0.9980334043502808,0.3605128824710846
YDL142C,YBL022C,0,-1.0887033,0.21993499994277954,0.9980334043502808,0.36061304807662964
YKL069W,YPL098C,0,-1.0887194,0.21988734602928162,0.9980334043502808,0.3607132136821747
YIL113W,YBL100W-B,0,-1.0891078,0.21983972191810608,0.9980334043502808,0.3608133792877197
YBR129C,YER036C,0,-1.0899682,0.21979211270809174,0.9980334043502808,0.36091354489326477
YGL098W,YDR131C,0,-1.090321,0.21974453330039978,0.9980334043502808,0.3610137104988098
YAR009C,YGR072W,0,-1.0906303,0.21969696879386902,0.9980334043502808,0.36111390590667725
YOR285W,YCR024C,0,-1.0908277,0.21964941918849945,0.9980334043502808,0.3612140715122223
YMR184W,YPL117C,0,-1.0910462,0.21960189938545227,0.9980334043502808,0.36131423711776733
YER027C,YHR211W,0,-1.0913574,0.21955439448356628,0.9980334043502808,0.3614144027233124
YLL027W,YHR041C,0,-1.0924292,0.21950691938400269,0.9980334043502808,0.3615145683288574
YKL197C,YMR075W,0,-1.0929446,0.21945945918560028,0.9980334043502808,0.36161473393440247
YML129C,YMR232W,0,-1.0933219,0.21941201388835907,0.9980334043502808,0.3617149293422699
YBR282W,YGL141W,0,-1.094054,0.21936459839344025,0.9980334043502808,0.36181509494781494
YML012W,YPL113C,0,-1.0942966,0.21931719779968262,0.9980334043502808,0.36191526055336
YLR170C,YIL004C,0,-1.0955894,0.21926982700824738,0.9980334043502808,0.36201542615890503
YNL146W,YDR279W,0,-1.0957838,0.21922245621681213,0.9980334043502808,0.3621155917644501
YDR022C,YOL086C,0,-1.0964106,0.21917513012886047,0.9980334043502808,0.3622157573699951
YOR113W,YJR131W,0,-1.0983044,0.2191278040409088,0.9980334043502808,0.36231592297554016
YBR169C,YER060W-A,0,-1.0987927,0.21908050775527954,0.9980334043502808,0.3624161183834076
YBR164C,YER133W,0,-1.0989063,0.21903322637081146,0.9980334043502808,0.36251628398895264
YMR296C,YKR048C,0,-1.0992068,0.21898597478866577,0.9980334043502808,0.3626164495944977
YLR263W,YDR322W,0,-1.0998865,0.21893873810768127,0.9980334043502808,0.3627166152000427
YNR041C,YBR291C,0,-1.100029,0.21889153122901917,0.9980334043502808,0.36281678080558777
YDR421W,YNL339C,0,-1.1010101,0.21884432435035706,0.9980334043502808,0.3629169464111328
YDR174W,YDR303C,0,-1.1015894,0.21879714727401733,0.9980334043502808,0.36301714181900024
YCR010C,YNL103W,0,-1.1022063,0.21875,0.9980334043502808,0.3631173074245453
YLR025W,YOR240W,0,-1.1022397,0.21870286762714386,0.9980334043502808,0.36321747303009033
YOR034C,YDR107C,0,-1.1022905,0.2186557501554489,0.9980334043502808,0.3633176386356354
YMR210W,YCR065W,0,-1.1023595,0.21860866248607635,0.9980334043502808,0.3634178042411804
YPR070W,YOL103W-A,0,-1.1039267,0.218561589717865,0.9980334043502808,0.36351796984672546
YMR048W,YBR272C,0,-1.1039276,0.21851453185081482,0.9980334043502808,0.3636181652545929
YOL155C,YGL219C,0,-1.1042159,0.21846750378608704,0.9980334043502808,0.36371833086013794
YMR234W,YBR058C-A,0,-1.1043178,0.21842049062252045,0.9980334043502808,0.363818496465683
YJL153C,YDL192W,0,-1.1045477,0.21837349236011505,0.9980334043502808,0.363918662071228
YBR264C,YBR188C,0,-1.1048722,0.21832652390003204,0.9980334043502808,0.36401882767677307
YDR135C,YGR124W,0,-1.1051266,0.21827957034111023,0.9980334043502808,0.3641189932823181
YBR245C,YAL043C,0,-1.1053026,0.2182326316833496,0.9980334043502808,0.36421915888786316
YDR512C,YBL093C,0,-1.1065875,0.21818572282791138,0.9980334043502808,0.3643193542957306
YKL022C,YCL016C,0,-1.1066296,0.21813882887363434,0.9980334043502808,0.36441951990127563
YCL055W,YPL141C,0,-1.1066658,0.2180919647216797,0.9980334043502808,0.3645196855068207
YOR192C-B,YGL027C,0,-1.107932,0.21804511547088623,0.9980334043502808,0.3646198511123657
YKL189W,YJL196C,0,-1.10884,0.21799828112125397,0.9980334043502808,0.36472001671791077
YPL169C,YBR055C,0,-1.1089435,0.2179514765739441,0.9980334043502808,0.3648201823234558
YBR085W,YOR239W,0,-1.1089647,0.2179046869277954,0.9980334043502808,0.36492037773132324
YER126C,YNL101W,0,-1.1097023,0.21785791218280792,0.9980334043502808,0.3650205433368683
YML018C,YDL121C,0,-1.1117398,0.21781115233898163,0.9980334043502808,0.36512070894241333
YBL090W,YDL106C,0,-1.1121547,0.21776442229747772,0.9980334043502808,0.3652208745479584
YHR204W,YMR110C,0,-1.1124396,0.2177177220582962,0.9980334043502808,0.3653210401535034
YCR075C,YJL090C,0,-1.1128883,0.21767102181911469,0.9980334043502808,0.36542120575904846
YIL052C,YER052C,0,-1.1129196,0.21762435138225555,0.9980334043502808,0.3655214011669159
YBL091C-A,YEL022W,0,-1.1136341,0.2175777107477188,0.9980334043502808,0.36562156677246094
YOR347C,YKL156W,0,-1.1138738,0.21753107011318207,0.9980334043502808,0.365721732378006
YLR048W,YJR140C,0,-1.1141013,0.2174844592809677,0.9980334043502808,0.365821897983551
YGL241W,YDR057W,0,-1.1141183,0.21743787825107574,0.9980334043502808,0.36592206358909607
YBL085W,YJL157C,0,-1.1147878,0.21739129722118378,0.9980334043502808,0.3660222291946411
YGR156W,YDR139C,0,-1.1149876,0.2173447608947754,0.9980334043502808,0.36612239480018616
YPL058C,YOR142W,0,-1.1150539,0.217298224568367,0.9980334043502808,0.3662225902080536
YML052W,YOL139C,0,-1.1155847,0.217251718044281,0.9980334043502808,0.36632275581359863
YHR171W,YDL030W,0,-1.117439,0.2172052264213562,0.9980334043502808,0.3664229214191437
YOR351C,YAL008W,0,-1.117756,0.2171587496995926,0.9980334043502808,0.3665230870246887
YOR078W,YER108C,0,-1.1196246,0.21711230278015137,0.9980334043502808,0.36662325263023376
YMR056C,YBL085W,0,-1.1203688,0.21706587076187134,0.9980334043502808,0.3667234182357788
YPL210C,YDR172W,0,-1.1205038,0.2170194536447525,0.9980334043502808,0.36682361364364624
YNL230C,YDR513W,0,-1.1208466,0.21697306632995605,0.9980334043502808,0.3669237792491913
YIL009C-A,YHR179W,0,-1.1209418,0.2169266939163208,0.9980334043502808,0.36702394485473633
YOR204W,YER023W,0,-1.1210903,0.21688033640384674,0.9980334043502808,0.36712411046028137
YPR204W,YNL284C-A,0,-1.12128,0.21683400869369507,0.9980334043502808,0.3672242760658264
YGL087C,YBR254C,0,-1.122594,0.2167876958847046,0.9980334043502808,0.36732444167137146
YCR035C,YDR131C,0,-1.1226127,0.2167413979768753,0.9980334043502808,0.3674246072769165
YIL112W,YJL052W,0,-1.123731,0.2166951298713684,0.9980334043502808,0.36752480268478394
YNL282W,YDR005C,0,-1.1246616,0.2166488766670227,0.9980334043502808,0.367624968290329
YHR105W,YHR114W,0,-1.1259861,0.2166026532649994,0.9980334043502808,0.367725133895874
YGR027W-B,YKL114C,0,-1.1269834,0.21655642986297607,0.9980334043502808,0.36782529950141907
YOR087W,YOR098C,0,-1.1274749,0.21651023626327515,0.9980334043502808,0.3679254651069641
YOR247W,YLR359W,0,-1.127586,0.2164640575647354,0.9980334043502808,0.36802563071250916
YJL164C,YMR081C,0,-1.1285223,0.21641790866851807,0.9980334043502808,0.3681258261203766
YDR532C,YIL125W,0,-1.1293175,0.21637177467346191,0.9980334043502808,0.36822599172592163
YPL019C,YCR087C-A,0,-1.1305655,0.21632565557956696,0.9980334043502808,0.3683261573314667
YNL240C,YLR391W,0,-1.131415,0.21627956628799438,0.9980334043502808,0.3684263229370117
YPR006C,YOL111C,0,-1.1317881,0.216233491897583,0.9980334043502808,0.36852648854255676
YEL053C,YNL161W,0,-1.1322479,0.21618743240833282,0.9980334043502808,0.3686266541481018
YJL114W,YNR061C,0,-1.1335986,0.21614140272140503,0.9980334043502808,0.36872684955596924
YNR053C,YKL002W,0,-1.1347932,0.21609537303447723,0.9980334043502808,0.3688270151615143
YPR017C,YPL223C,0,-1.1352057,0.21604938805103302,0.9980334043502808,0.3689271807670593
YMR153W,YOL126C,0,-1.1354393,0.2160034030675888,0.9980334043502808,0.36902734637260437
YKL045W,YJL196C,0,-1.1354437,0.21595744788646698,0.9980334043502808,0.3691275119781494
YNL079C,YML036W,0,-1.1354922,0.21591150760650635,0.9980334043502808,0.36922767758369446
YLL066C,YDR012W,0,-1.1395291,0.2158655822277069,0.9980334043502808,0.3693278431892395
YJL180C,YPR096C,0,-1.1395408,0.21581968665122986,0.9980334043502808,0.36942803859710693
YLR293C,YDR536W,0,-1.1408124,0.215773805975914,0.9980334043502808,0.369528204202652
YNL280C,YML042W,0,-1.1408813,0.21572795510292053,0.9980334043502808,0.369628369808197
YGR088W,YOL054W,0,-1.1414307,0.21568210422992706,0.9980334043502808,0.36972853541374207
YDR367W,YGR097W,0,-1.1418699,0.21563628315925598,0.9980334043502808,0.3698287010192871
YLR451W,YMR166C,0,-1.1426334,0.2155904769897461,0.9980334043502808,0.36992886662483215
YDR201W,YFL044C,0,-1.1427313,0.2155447006225586,0.9980334043502808,0.3700290620326996
YPR127W,YPR028W,0,-1.1428741,0.2154989391565323,0.9980334043502808,0.37012922763824463
YKL064W,YGR229C,0,-1.1429933,0.21545319259166718,0.9980334043502808,0.3702293932437897
YGR113W,YOR319W,0,-1.1430944,0.21540747582912445,0.9980334043502808,0.3703295588493347
YML051W,YOR206W,0,-1.1437054,0.21536175906658173,0.9980334043502808,0.37042972445487976
YMR256C,YHR146W,0,-1.1438648,0.21531608700752258,0.9980334043502808,0.3705298900604248
YCL018W,YKL093W,0,-1.1452782,0.21527041494846344,0.9980334043502808,0.37063008546829224
YHR099W,YBL103C,0,-1.1455146,0.21522477269172668,0.9980334043502808,0.3707302510738373
YDR534C,YER017C,0,-1.145756,0.21517914533615112,0.9980334043502808,0.3708304166793823
YHL036W,YCR087C-A,0,-1.1466188,0.21513353288173676,0.9980334043502808,0.37093058228492737
YMR179W,YLR409C,0,-1.147868,0.21508793532848358,0.9980334043502808,0.3710307478904724
YOR222W,YML080W,0,-1.1480027,0.2150423675775528,0.9980334043502808,0.37113091349601746
YOL055C,YKL053C-A,0,-1.1488456,0.2149968296289444,0.9980334043502808,0.3712310791015625
YIL064W,YPR158C-D,0,-1.1495595,0.214951291680336,0.9980334043502808,0.37133127450942993
YOR087W,YLR067C,0,-1.151458,0.21490578353405,0.9980334043502808,0.371431440114975
YGR282C,YPL013C,0,-1.1516271,0.21486029028892517,0.9980334043502808,0.37153160572052
YDR402C,YNL163C,0,-1.1518154,0.21481481194496155,0.9980334043502808,0.37163177132606506
YPR134W,YOR346W,0,-1.1528602,0.2147693634033203,0.9980334043502808,0.3717319369316101
YDL235C,YBR072W,0,-1.153305,0.21472392976284027,0.9980334043502808,0.37183210253715515
YKL195W,YOL055C,0,-1.1537806,0.21467851102352142,0.9980334043502808,0.3719322979450226
YNR045W,YJL130C,0,-1.1545262,0.21463312208652496,0.9980334043502808,0.3720324635505676
YNL045W,YHL036W,0,-1.1545559,0.2145877331495285,0.9980334043502808,0.37213262915611267
YPL112C,YOL109W,0,-1.1547223,0.21454237401485443,0.9980334043502808,0.3722327947616577
YGL191W,YML059C,0,-1.1549298,0.21449704468250275,0.9980334043502808,0.37233296036720276
YDR301W,YDL021W,0,-1.1559376,0.21445171535015106,0.9980334043502808,0.3724331259727478
YPL099C,YLR283W,0,-1.1565467,0.21440641582012177,0.9980334043502808,0.37253332138061523
YEL051W,YDR244W,0,-1.1570086,0.21436114609241486,0.9980334043502808,0.3726334869861603
YBL022C,YKL161C,0,-1.1584655,0.21431587636470795,0.9980334043502808,0.3727336525917053
YLR107W,YHL009W-B,0,-1.1590902,0.21427063643932343,0.9980334043502808,0.37283381819725037
YNL164C,YDR486C,0,-1.1595194,0.2142254114151001,0.9980334043502808,0.3729339838027954
YHR161C,YCR045C,0,-1.1600703,0.21418020129203796,0.9980334043502808,0.37303414940834045
YML081C-A,YJL134W,0,-1.1604981,0.21413502097129822,0.9980334043502808,0.3731343150138855
YPL234C,YMR098C,0,-1.1605171,0.21408985555171967,0.9980334043502808,0.37323451042175293
YDL142C,YNL301C,0,-1.161282,0.2140447050333023,0.9980334043502808,0.373334676027298
YBR101C,YMR203W,0,-1.1622746,0.21399958431720734,0.9980334043502808,0.373434841632843
YOL064C,YDR528W,0,-1.1627822,0.21395446360111237,0.9980334043502808,0.37353500723838806
YDR524C,YLR459W,0,-1.1631143,0.21390937268733978,0.9980334043502808,0.3736351728439331
YIR009W,YBL079W,0,-1.1640618,0.2138643115758896,0.9980334043502808,0.37373533844947815
YKR038C,YCL069W,0,-1.1646594,0.2138192504644394,0.9980334043502808,0.3738355338573456
YDR545W,YOR270C,0,-1.1651384,0.21377421915531158,0.9980334043502808,0.3739356994628906
YGR030C,YNL217W,0,-1.1653975,0.21372920274734497,0.9980334043502808,0.37403586506843567
YHR073W,YGL107C,0,-1.1655034,0.21368421614170074,0.9980334043502808,0.3741360306739807
YJR076C,YMR123W,0,-1.1655627,0.21363922953605652,0.9980334043502808,0.37423619627952576
YIL011W,YDR178W,0,-1.1658567,0.21359427273273468,0.9980334043502808,0.3743363618850708
YNL117W,YPR001W,0,-1.1669493,0.21354933083057404,0.9980334043502808,0.37443652749061584
YFL041W,YDR044W,0,-1.1670027,0.21350441873073578,0.9980334043502808,0.3745367228984833
YPR194C,YDR126W,0,-1.1672094,0.21345952153205872,0.9980334043502808,0.3746368885040283
YML081C-A,YPL130W,0,-1.1672318,0.21341463923454285,0.9980334043502808,0.37473705410957336
YNL330C,YDR003W,0,-1.1672597,0.21336977183818817,0.9980334043502808,0.3748372197151184
YGL003C,YDL107W,0,-1.1680833,0.2133249193429947,0.9980334043502808,0.37493738532066345
YOR090C,YER114C,0,-1.1696069,0.2132800966501236,0.9980334043502808,0.3750375509262085
YNL302C,YOR070C,0,-1.1697952,0.2132352888584137,0.9980334043502808,0.3751377463340759
YAL034W-A,YOR334W,0,-1.1701683,0.21319051086902618,0.9980334043502808,0.37523791193962097
YDR365W-A,YLR324W,0,-1.1711291,0.21314573287963867,0.9980334043502808,0.375338077545166
YNL096C,YJR049C,0,-1.1712148,0.21310098469257355,0.9980334043502808,0.37543824315071106
YJR104C,YGL119W,0,-1.1721585,0.21305625140666962,0.9980334043502808,0.3755384087562561
YJR059W,YCR106W,0,-1.1726062,0.21301154792308807,0.9980334043502808,0.37563857436180115
YJL156C,YOR096W,0,-1.173021,0.21296684443950653,0.9980334043502808,0.3757387697696686
YML086C,YIL177C,0,-1.1741651,0.21292217075824738,0.9980334043502808,0.3758389353752136
YML061C,YGL210W,0,-1.1746751,0.21287751197814941,0.9980334043502808,0.37593910098075867
YDR033W,YIL013C,0,-1.1752844,0.21283288300037384,0.9980334043502808,0.3760392665863037
YPL103C,YDL006W,0,-1.1754754,0.21278825402259827,0.9980334043502808,0.37613943219184875
YDR373W,YDR129C,0,-1.1756023,0.21274365484714508,0.9980334043502808,0.3762395977973938
YOL117W,YKR044W,0,-1.1757364,0.2126990705728531,0.9980334043502808,0.37633976340293884
YOL122C,YOR126C,0,-1.1758564,0.21265451610088348,0.9980334043502808,0.3764399588108063
YPR188C,YLR380W,0,-1.1770583,0.21260997653007507,0.9980334043502808,0.3765401244163513
YGL223C,YAR019C,0,-1.1773992,0.21256545186042786,0.9980334043502808,0.37664029002189636
YIL051C,YOR348C,0,-1.1774197,0.21252094209194183,0.9980334043502808,0.3767404556274414
YOR192C-B,YOR136W,0,-1.1778119,0.212476447224617,0.9980334043502808,0.37684062123298645
YGR288W,YLR363C,0,-1.1778369,0.21243198215961456,0.9980334043502808,0.3769407868385315
YKL042W,YGR035C,0,-1.1785543,0.21238753199577332,0.9980334043502808,0.3770409822463989
YKR020W,YDR111C,0,-1.1796582,0.21234309673309326,0.9980334043502808,0.37714114785194397
YLL001W,YEL061C,0,-1.1808267,0.2122986763715744,0.9980334043502808,0.377241313457489
YGR268C,YER133W,0,-1.1810167,0.21225428581237793,0.9980334043502808,0.37734147906303406
YPR144C,YNL135C,0,-1.1822655,0.21220991015434265,0.9980334043502808,0.3774416446685791
YDR270W,YEL056W,0,-1.1826653,0.21216554939746857,0.9980334043502808,0.37754181027412415
YDL113C,YMR235C,0,-1.182777,0.21212121844291687,0.9980334043502808,0.3776420056819916
YLR301W,YPL126W,0,-1.1830637,0.21207688748836517,0.9980334043502808,0.3777421712875366
YNL092W,YLR008C,0,-1.1837068,0.21203258633613586,0.9980334043502808,0.37784233689308167
YKL007W,YDL235C,0,-1.1837981,0.21198830008506775,0.9980334043502808,0.3779425024986267
YOL059W,YNL086W,0,-1.1841787,0.21194404363632202,0.9980334043502808,0.37804266810417175
YEL051W,YGR005C,0,-1.1846447,0.2118997871875763,0.9980334043502808,0.3781428337097168
YDL170W,YMR232W,0,-1.1848953,0.21185556054115295,0.9980334043502808,0.37824299931526184
YDR380W,YLR139C,0,-1.1862675,0.2118113487958908,0.9980334043502808,0.3783431947231293
YDR139C,YKL039W,0,-1.1863692,0.21176716685295105,0.9980334043502808,0.3784433603286743
YDR086C,YPL209C,0,-1.1869487,0.2117229849100113,0.9980334043502808,0.37854352593421936
YAL035W,YGR063C,0,-1.1869626,0.21167883276939392,0.9980334043502808,0.3786436915397644
YDR188W,YKL074C,0,-1.188092,0.21163469552993774,0.9980334043502808,0.37874385714530945
YDR323C,YMR318C,0,-1.188254,0.21159057319164276,0.9980334043502808,0.3788440227508545
YHR119W,YML120C,0,-1.1883111,0.21154648065567017,0.9980334043502808,0.3789442181587219
YGR167W,YLR067C,0,-1.1886979,0.21150240302085876,0.9980334043502808,0.37904438376426697
YJL156C,YOR032C,0,-1.1889839,0.21145834028720856,0.9980334043502808,0.379144549369812
YOR233W,YLR391W,0,-1.1890104,0.21141429245471954,0.9980334043502808,0.37924471497535706
YDL235C,YPR098C,0,-1.189061,0.21137025952339172,0.9980334043502808,0.3793448805809021
YPL168W,YDL220C,0,-1.1892319,0.2113262563943863,0.9980334043502808,0.37944504618644714
YNL173C,YBL060W,0,-1.1895974,0.21128226816654205,0.9980334043502808,0.3795452415943146
YML074C,YAR002C-A,0,-1.1898086,0.211238294839859,0.9980334043502808,0.3796454071998596
YGL151W,YKL194C,0,-1.1913571,0.21119433641433716,0.9980334043502808,0.37974557280540466
YMR321C,YPL214C,0,-1.1914105,0.2111504077911377,0.9980334043502808,0.3798457384109497
YOR304W,YMR117C,0,-1.1918695,0.21110649406909943,0.9980334043502808,0.37994590401649475
YGL059W,YMR168C,0,-1.1922112,0.21106259524822235,0.9980334043502808,0.3800460696220398
YJL221C,YOR168W,0,-1.1924778,0.21101871132850647,0.9980334043502808,0.38014623522758484
YER087W,YIL113W,0,-1.192802,0.21097484230995178,0.9980334043502808,0.38024643063545227
YNL149C,YDR436W,0,-1.1931156,0.21093100309371948,0.9980334043502808,0.3803465962409973
YBR283C,YIL143C,0,-1.1942093,0.21088717877864838,0.9980334043502808,0.38044676184654236
YAL024C,YDR358W,0,-1.1944807,0.21084336936473846,0.9980334043502808,0.3805469274520874
YNL310C,YPL100W,0,-1.1965772,0.21079958975315094,0.9980334043502808,0.38064709305763245
YIL051C,YJR155W,0,-1.1973586,0.21075581014156342,0.9980334043502808,0.3807472586631775
YLR429W,YPL105C,0,-1.1973794,0.21071206033229828,0.9980334043502808,0.3808474540710449
YLR337C,YLR270W,0,-1.1975238,0.21066832542419434,0.9980334043502808,0.38094761967658997
YDR412W,YGR216C,0,-1.1977448,0.2106246054172516,0.9980334043502808,0.381047785282135
YMR256C,YKR053C,0,-1.1980958,0.21058091521263123,0.9980334043502808,0.38114795088768005
YDR166C,YMR250W,0,-1.1988971,0.21053723990917206,0.9980334043502808,0.3812481164932251
YPR168W,YMR090W,0,-1.1992297,0.2104935646057129,0.9980334043502808,0.38134828209877014
YPR042C,YLR197W,0,-1.1992838,0.2104499340057373,0.9980334043502808,0.3814484477043152
YGL167C,YPR108W,0,-1.2004254,0.21040630340576172,0.9980334043502808,0.3815486431121826
YKR097W,YPR007C,0,-1.200505,0.21036268770694733,0.9980334043502808,0.38164880871772766
YIL173W,YLR075W,0,-1.2021675,0.21031910181045532,0.9980334043502808,0.3817489743232727
YBL037W,YGL107C,0,-1.2024639,0.2102755308151245,0.9980334043502808,0.38184913992881775
YOL155C,YGR072W,0,-1.2028233,0.2102319747209549,0.9980334043502808,0.3819493055343628
YDL243C,YNL314W,0,-1.2034802,0.21018844842910767,0.9980334043502808,0.38204947113990784
YOR136W,YBR211C,0,-1.2036493,0.21014492213726044,0.9980334043502808,0.38214966654777527
YMR050C,YPR042C,0,-1.204044,0.2101014256477356,0.9980334043502808,0.3822498321533203
YDR093W,YKL196C,0,-1.2051568,0.21005794405937195,0.9980334043502808,0.38234999775886536
YDR242W,YOL002C,0,-1.2057736,0.2100144773721695,0.9980334043502808,0.3824501633644104
YPL068C,YAL010C,0,-1.2086678,0.20997104048728943,0.9980334043502808,0.38255032896995544
YDR457W,YNR027W,0,-1.2090774,0.20992761850357056,0.9980334043502808,0.3826504945755005
YBR123C,YBR043C,0,-1.2094576,0.20988419651985168,0.9980334043502808,0.3827506899833679
YHL035C,YNL084C,0,-1.2095816,0.2098408043384552,0.9980334043502808,0.38285085558891296
YNL216W,YJR013W,0,-1.2098126,0.2097974419593811,0.9980334043502808,0.382951021194458
YOR034C,YDR364C,0,-1.2098143,0.209754079580307,0.9980334043502808,0.38305118680000305
YJR022W,YGL050W,0,-1.2099398,0.2097107470035553,0.9980334043502808,0.3831513524055481
YOR131C,YDL134C,0,-1.2104195,0.20966742932796478,0.9980334043502808,0.38325151801109314
YNL163C,YER113C,0,-1.2108732,0.20962412655353546,0.9980334043502808,0.3833516836166382
YER109C,YBL055C,0,-1.2116885,0.20958083868026733,0.9980334043502808,0.3834518790245056
YDR040C,YIL094C,0,-1.2119429,0.2095375657081604,0.9980334043502808,0.38355204463005066
YLR015W,YOR204W,0,-1.2121222,0.20949432253837585,0.9980334043502808,0.3836522102355957
YMR312W,YIL109C,0,-1.2125392,0.2094510942697525,0.9980334043502808,0.38375237584114075
YLR182W,YAL060W,0,-1.2129703,0.20940788090229034,0.9980334043502808,0.3838525414466858
YIL074C,YOR215C,0,-1.2132565,0.20936468243598938,0.9980334043502808,0.38395270705223083
YGR260W,YGR024C,0,-1.2148019,0.2093215137720108,0.9980334043502808,0.38405290246009827
YML109W,YLR441C,0,-1.2151246,0.20927834510803223,0.9980334043502808,0.3841530680656433
YGL135W,YKR020W,0,-1.2160742,0.20923520624637604,0.9980334043502808,0.38425323367118835
YKL150W,YDR026C,0,-1.2171826,0.20919208228588104,0.9980334043502808,0.3843533992767334
YPR198W,YBR286W,0,-1.2185838,0.20914897322654724,0.9980334043502808,0.38445356488227844
YPR106W,YLR441C,0,-1.2198772,0.20910589396953583,0.9980334043502808,0.3845537304878235
YJR131W,YBL100W-B,0,-1.2201881,0.20906281471252441,0.9980334043502808,0.3846539258956909
YMR306W,YHR031C,0,-1.220489,0.2090197652578354,0.9980334043502808,0.38475409150123596
YPR137W,YER113C,0,-1.2205865,0.20897673070430756,0.9980334043502808,0.384854257106781
YLR284C,YHR086W,0,-1.2205911,0.20893371105194092,0.9980334043502808,0.38495442271232605
YNL007C,YLR172C,0,-1.2210801,0.20889072120189667,0.9980334043502808,0.3850545883178711
YHL036W,YGR218W,0,-1.2226877,0.20884773135185242,0.9980334043502808,0.38515475392341614
YKL100C,YNL118C,0,-1.2227795,0.20880477130413055,0.9980334043502808,0.3852549195289612
YDL045W-A,YPR086W,0,-1.2236607,0.20876182615756989,0.9980334043502808,0.3853551149368286
YKR105C,YOR359W,0,-1.2243391,0.2087188959121704,0.9980334043502808,0.38545528054237366
YPL172C,YOL111C,0,-1.2252462,0.20867598056793213,0.9980334043502808,0.3855554461479187
YBR248C,YOL078W,0,-1.2262125,0.20863309502601624,0.9980334043502808,0.38565561175346375
YBL058W,YOR076C,0,-1.2269651,0.20859022438526154,0.9980334043502808,0.3857557773590088
YNL261W,YPR189W,0,-1.227832,0.20854735374450684,0.9980334043502808,0.38585594296455383
YDL072C,YGL122C,0,-1.227939,0.20850451290607452,0.9980334043502808,0.38595613837242126
YLR438C-A,YHR017W,0,-1.2282892,0.2084617018699646,0.9980334043502808,0.3860563039779663
YJL221C,YGL167C,0,-1.2284229,0.20841889083385468,0.9980334043502808,0.38615646958351135
YAL022C,YDL084W,0,-1.2286067,0.20837610960006714,0.9980334043502808,0.3862566351890564
YEL002C,YMR211W,0,-1.229457,0.2083333283662796,0.9980334043502808,0.38635680079460144
YDR381W,YHL017W,0,-1.2302365,0.20829057693481445,0.9980334043502808,0.3864569664001465
YBR034C,YNL136W,0,-1.2310249,0.2082478404045105,0.9980334043502808,0.3865571618080139
YDR465C,YOR383C,0,-1.2327445,0.20820513367652893,0.9980334043502808,0.38665732741355896
YGL172W,YML071C,0,-1.2334138,0.20816242694854736,0.9980334043502808,0.386757493019104
YPL117C,YER123W,0,-1.2335632,0.20811975002288818,0.9980334043502808,0.38685765862464905
YKR037C,YNL268W,0,-1.2336147,0.2080770879983902,0.9980334043502808,0.3869578242301941
YDR353W,YKR036C,0,-1.2349072,0.2080344259738922,0.9980334043502808,0.38705798983573914
YCR098C,YOL111C,0,-1.2359409,0.2079918086528778,0.9980334043502808,0.3871581554412842
YDL135C,YBR037C,0,-1.2361408,0.2079491913318634,0.9980334043502808,0.3872583508491516
YPR006C,YNL085W,0,-1.2363896,0.2079065889120102,0.9980334043502808,0.38735851645469666
YJR076C,YGR286C,0,-1.2373637,0.20786401629447937,0.9980334043502808,0.3874586820602417
YOR016C,YAR002C-A,0,-1.2373977,0.20782145857810974,0.9980334043502808,0.38755884766578674
YKL114C,YOR142W-A,0,-1.2379436,0.2077789157629013,0.9980334043502808,0.3876590132713318
YFR053C,YLR209C,0,-1.238153,0.20773638784885406,0.9980334043502808,0.38775917887687683
YOL065C,YDL039C,0,-1.2384342,0.20769387483596802,0.9980334043502808,0.38785937428474426
YBR091C,YOL092W,0,-1.23855,0.20765139162540436,0.9980334043502808,0.3879595398902893
YPL196W,YKL039W,0,-1.2389622,0.2076089233160019,0.9980334043502808,0.38805970549583435
YOR176W,YNL248C,0,-1.2389691,0.20756645500659943,0.9980334043502808,0.3881598711013794
YOR222W,YDL136W,0,-1.2393684,0.20752401649951935,0.9980334043502808,0.38826003670692444
YJL103C,YHR120W,0,-1.2393978,0.20748160779476166,0.9980334043502808,0.3883602023124695
YNL161W,YPL259C,0,-1.239769,0.20743919909000397,0.9980334043502808,0.3884603679180145
YOR272W,YNL274C,0,-1.2400979,0.20739680528640747,0.9980334043502808,0.38856056332588196
YEL030W,YJL109C,0,-1.2408819,0.20735444128513336,0.9980334043502808,0.388660728931427
YIL030C,YMR292W,0,-1.2421162,0.20731209218502045,0.9980334043502808,0.38876089453697205
YPR173C,YOR315W,0,-1.2423489,0.20726975798606873,0.9980334043502808,0.3888610601425171
YLR363C,YMR232W,0,-1.2426579,0.2072274386882782,0.9980334043502808,0.38896122574806213
YOL138C,YDR246W,0,-1.2437656,0.20718513429164886,0.9980334043502808,0.3890613913536072
YOR386W,YEL051W,0,-1.2442906,0.20714285969734192,0.9980334043502808,0.3891615867614746
YNR053C,YJL081C,0,-1.2446986,0.20710058510303497,0.9980334043502808,0.38926175236701965
YIL118W,YFL023W,0,-1.2447574,0.20705834031105042,0.9980334043502808,0.3893619179725647
YGR223C,YBL010C,0,-1.2452648,0.20701611042022705,0.9980334043502808,0.38946208357810974
YPR057W,YNL267W,0,-1.2467297,0.20697389543056488,0.9980334043502808,0.3895622491836548
YMR274C,YPL225W,0,-1.2472639,0.2069316953420639,0.9980334043502808,0.38966241478919983
YDL225W,YDR451C,0,-1.2477467,0.20688952505588531,0.9980334043502808,0.38976261019706726
YHR058C,YLR427W,0,-1.2490551,0.20684735476970673,0.9980334043502808,0.3898627758026123
YDR222W,YDR337W,0,-1.2500384,0.20680521428585052,0.9980334043502808,0.38996294140815735
YLR466W,YER177W,0,-1.2501328,0.20676308870315552,0.9980334043502808,0.3900631070137024
YDR109C,YBR092C,0,-1.252455,0.2067209780216217,0.9980334043502808,0.39016327261924744
YLR353W,YDL113C,0,-1.2524703,0.20667888224124908,0.9980334043502808,0.3902634382247925
YLR350W,YKL024C,0,-1.2525046,0.20663680136203766,0.9980334043502808,0.3903636038303375
YPR118W,YJL071W,0,-1.2528036,0.20659475028514862,0.9980334043502808,0.39046379923820496
YDR096W,YDR545W,0,-1.2534623,0.20655269920825958,0.9980334043502808,0.39056396484375
YHR006W,YBR169C,0,-1.2537816,0.20651067793369293,0.9980334043502808,0.39066413044929504
YOR258W,YBR301W,0,-1.2555393,0.20646867156028748,0.9980334043502808,0.3907642960548401
YNR003C,YJL179W,0,-1.2559643,0.2064266800880432,0.9980334043502808,0.39086446166038513
YAR019C,YBR274W,0,-1.2562661,0.20638470351696014,0.9980334043502808,0.3909646272659302
YGL223C,YDL087C,0,-1.2563567,0.20634275674819946,0.9980334043502808,0.3910648226737976
YBL058W,YDR144C,0,-1.256517,0.20630080997943878,0.9980334043502808,0.39116498827934265
YCR093W,YHR086W,0,-1.2567577,0.2062588930130005,0.9980334043502808,0.3912651538848877
YEL001C,YPR067W,0,-1.2568574,0.2062169909477234,0.9980334043502808,0.39136531949043274
YIL113W,YLR386W,0,-1.2575793,0.20617510378360748,0.9980334043502808,0.3914654850959778
YIL075C,YGR109W-B,0,-1.2576535,0.20613323152065277,0.9980334043502808,0.3915656507015228
YLL027W,YMR220W,0,-1.2583971,0.20609137415885925,0.9980334043502808,0.39166584610939026
YDR261W-B,YBL089W,0,-1.2588644,0.20604953169822693,0.9980334043502808,0.3917660117149353
YLR356W,YMR287C,0,-1.2597511,0.206007719039917,0.9980334043502808,0.39186617732048035
YGL135W,YJR040W,0,-1.259956,0.20596590638160706,0.9980334043502808,0.3919663429260254
YIL083C,YCL043C,0,-1.2600113,0.2059241235256195,0.9980334043502808,0.39206650853157043
YOL029C,YJL178C,0,-1.2603532,0.20588235557079315,0.9980334043502808,0.3921666741371155
YLR433C,YBR010W,0,-1.2605298,0.205840602517128,0.9980334043502808,0.3922668397426605
YGR017W,YGR094W,0,-1.2605934,0.20579886436462402,0.9980334043502808,0.39236703515052795
YGL161C,YOR089C,0,-1.260739,0.20575714111328125,0.9980334043502808,0.392467200756073
YDR297W,YER108C,0,-1.2609049,0.20571544766426086,0.9980334043502808,0.39256736636161804
YOL064C,YDR532C,0,-1.2609259,0.20567375421524048,0.9980334043502808,0.3926675319671631
YOR358W,YLL029W,0,-1.2612362,0.20563209056854248,0.9980334043502808,0.39276769757270813
YKL069W,YLR075W,0,-1.2647005,0.20559044182300568,0.9980334043502808,0.3928678631782532
YHL038C,YGR244C,0,-1.2647179,0.20554880797863007,0.9980334043502808,0.3929680585861206
YBR247C,YOR337W,0,-1.265246,0.20550718903541565,0.9980334043502808,0.39306822419166565
YDR332W,YLR318W,0,-1.265282,0.20546558499336243,0.9980334043502808,0.3931683897972107
YKR103W,YKL155C,0,-1.2656641,0.2054239958524704,0.9980334043502808,0.39326855540275574
YEL053C,YOR226C,0,-1.2658017,0.20538243651390076,0.9980334043502808,0.3933687210083008
YDL197C,YML059C,0,-1.2661669,0.2053408920764923,0.9980334043502808,0.3934688866138458
YBR218C,YCL018W,0,-1.266962,0.20529934763908386,0.9980334043502808,0.39356908202171326
YKR061W,YKR026C,0,-1.2672619,0.2052578330039978,0.9980334043502808,0.3936692476272583
YPL173W,YDR107C,0,-1.2674687,0.20521633327007294,0.9980334043502808,0.39376941323280334
YJR040W,YGR189C,0,-1.2676665,0.20517484843730927,0.9980334043502808,0.3938695788383484
YOL117W,YDR212W,0,-1.2679147,0.20513339340686798,0.9980334043502808,0.39396974444389343
YOR340C,YDR284C,0,-1.267988,0.2050919383764267,0.9980334043502808,0.3940699100494385
YPL196W,YPL175W,0,-1.269105,0.2050504982471466,0.9980334043502808,0.3941700756549835
YOR179C,YIL115C,0,-1.2691457,0.2050090879201889,0.9980334043502808,0.39427027106285095
YDL119C,YML116W,0,-1.2697624,0.2049676924943924,0.9980334043502808,0.394370436668396
YOL052C-A,YDR265W,0,-1.2699035,0.20492631196975708,0.9980334043502808,0.39447060227394104
YIL094C,YGR081C,0,-1.2702098,0.20488494634628296,0.9980334043502808,0.3945707678794861
YML006C,YIR014W,0,-1.2707684,0.20484359562397003,0.9980334043502808,0.39467093348503113
YFL002W-A,YBR241C,0,-1.2708673,0.2048022598028183,0.9980334043502808,0.39477109909057617
YKR030W,YAR002C-A,0,-1.2712562,0.20476093888282776,0.9980334043502808,0.3948712944984436
YDL215C,YBR009C,0,-1.2715042,0.2047196477651596,0.9980334043502808,0.39497146010398865
YDL083C,YKL206C,0,-1.2717353,0.20467835664749146,0.9980334043502808,0.3950716257095337
YGL137W,YKL054C,0,-1.2720304,0.2046370953321457,0.9980334043502808,0.39517179131507874
YLR010C,YOL018C,0,-1.272795,0.20459584891796112,0.9980334043502808,0.3952719569206238
YLR010C,YJR160C,0,-1.2729754,0.20455461740493774,0.9980334043502808,0.3953721225261688
YBR112C,YOR283W,0,-1.2731268,0.20451340079307556,0.9980334043502808,0.39547228813171387
YNL016W,YML104C,0,-1.2743679,0.20447219908237457,0.9980334043502808,0.3955724835395813
YDL180W,YGL227W,0,-1.2746886,0.20443101227283478,0.9980334043502808,0.39567264914512634
YDL113C,YMR289W,0,-1.274895,0.20438985526561737,0.9980334043502808,0.3957728147506714
YNL194C,YDR093W,0,-1.2776184,0.20434869825839996,0.9980334043502808,0.39587298035621643
YGR007W,YGR109W-A,0,-1.278618,0.20430757105350494,0.9980334043502808,0.3959731459617615
YLR284C,YFL023W,0,-1.278914,0.20426645874977112,0.9980334043502808,0.3960733115673065
YAL019W,YFL057C,0,-1.2790775,0.2042253464460373,0.9980334043502808,0.39617350697517395
YBR248C,YLR394W,0,-1.279176,0.20418426394462585,0.9980334043502808,0.396273672580719
YMR198W,YOR076C,0,-1.2793834,0.2041431963443756,0.9980334043502808,0.39637383818626404
YHL034C,YOL108C,0,-1.2801319,0.20410215854644775,0.9980334043502808,0.3964740037918091
YLR097C,YGL127C,0,-1.2806389,0.2040611207485199,0.9980334043502808,0.3965741693973541
YJL013C,YJL090C,0,-1.2810853,0.20402009785175323,0.9980334043502808,0.39667433500289917
YPR134W,YDL211C,0,-1.2815406,0.20397910475730896,0.9980334043502808,0.3967745304107666
YDR026C,YDR158W,0,-1.2826297,0.20393811166286469,0.9980334043502808,0.39687469601631165
YPL151C,YLR361C,0,-1.2828703,0.2038971483707428,0.9980334043502808,0.3969748616218567
YDR210W-B,YGL039W,0,-1.2830653,0.2038561999797821,0.9980334043502808,0.39707502722740173
YOR253W,YER082C,0,-1.2832189,0.2038152664899826,0.9980334043502808,0.3971751928329468
YBL112C,YKR049C,0,-1.2833433,0.2037743479013443,0.9980334043502808,0.3972753584384918
YDR212W,YGL010W,0,-1.2834356,0.2037334442138672,0.9980334043502808,0.39737552404403687
YIL134W,YFL057C,0,-1.2844083,0.20369255542755127,0.9980334043502808,0.3974757194519043
YHR004C,YDR148C,0,-1.2856029,0.20365168154239655,0.9980334043502808,0.39757588505744934
YNL161W,YLR044C,0,-1.2865636,0.2036108374595642,0.9980334043502808,0.3976760506629944
YJL102W,YIR038C,0,-1.2866547,0.20356999337673187,0.9980334043502808,0.39777621626853943
YER049W,YMR105C,0,-1.2867262,0.20352917909622192,0.9980334043502808,0.3978763818740845
YPL131W,YNL107W,0,-1.2882763,0.20348836481571198,0.9980334043502808,0.3979765474796295
YNR052C,YLR096W,0,-1.2887743,0.20344758033752441,0.9980334043502808,0.39807674288749695
YNL294C,YGR020C,0,-1.2890558,0.20340681076049805,0.9980334043502808,0.398176908493042
YBR218C,YIL111W,0,-1.2893487,0.20336605608463287,0.9980334043502808,0.39827707409858704
YOR294W,YMR246W,0,-1.2899479,0.2033253163099289,0.9980334043502808,0.3983772397041321
YMR276W,YGR180C,0,-1.2900068,0.2032845914363861,0.9980334043502808,0.3984774053096771
YCL061C,YAL034W-A,0,-1.2902513,0.2032438963651657,0.9980334043502808,0.39857757091522217
YGR244C,YLR192C,0,-1.2906684,0.2032032012939453,0.9980334043502808,0.3986777663230896
YKL081W,YNR047W,0,-1.2907085,0.2031625360250473,0.9980334043502808,0.39877793192863464
YNL061W,YDR373W,0,-1.290914,0.2031218707561493,0.9980334043502808,0.3988780975341797
YDR512C,YDR026C,0,-1.2912061,0.20308123528957367,0.9980334043502808,0.39897826313972473
YKL033W,YDR365C,0,-1.2914522,0.20304061472415924,0.9980334043502808,0.3990784287452698
YLR414C,YOR002W,0,-1.291683,0.2029999941587448,0.9980334043502808,0.3991785943508148
YAL012W,YAR031W,0,-1.2925972,0.20295940339565277,0.9980334043502808,0.39927875995635986
YLL024C,YOR011W,0,-1.2928207,0.20291882753372192,0.9980334043502808,0.3993789553642273
YPL248C,YCR021C,0,-1.2931291,0.20287826657295227,0.9980334043502808,0.39947912096977234
YIL156W,YLR395C,0,-1.2937984,0.202837735414505,0.9980334043502808,0.3995792865753174
YDR320C,YBR278W,0,-1.2940611,0.20279720425605774,0.9980334043502808,0.3996794521808624
YGL222C,YDR287W,0,-1.2957262,0.20275668799877167,0.9980334043502808,0.39977961778640747
YAR035W,YLR382C,0,-1.2959884,0.20271620154380798,0.9980334043502808,0.3998797833919525
YDR110W,YGR223C,0,-1.2961621,0.2026757150888443,0.9980334043502808,0.39997997879981995
YER125W,YDR021W,0,-1.2967167,0.202635258436203,0.9980334043502808,0.400080144405365
YBR294W,YJL117W,0,-1.2980821,0.2025948166847229,0.9980334043502808,0.40018031001091003
YHR004C,YMR035W,0,-1.2981086,0.2025543749332428,0.9980334043502808,0.4002804756164551
YCL063W,YGL155W,0,-1.298141,0.20251396298408508,0.9980334043502808,0.4003806412220001
YMR221C,YDL076C,0,-1.2982113,0.20247356593608856,0.9980334043502808,0.40048080682754517
YMR038C,YJR005W,0,-1.2990209,0.20243318378925323,0.9980334043502808,0.4005810022354126
YJR001W,YKL178C,0,-1.3004396,0.2023928165435791,0.9980334043502808,0.40068116784095764
YJL197W,YGL157W,0,-1.3012733,0.20235247910022736,0.9980334043502808,0.4007813334465027
YKL041W,YMR006C,0,-1.3020245,0.2023121416568756,0.9980334043502808,0.40088149905204773
YIL106W,YKR002W,0,-1.303204,0.20227181911468506,0.9980334043502808,0.4009816646575928
YMR276W,YLR042C,0,-1.3035824,0.2022315263748169,0.9980334043502808,0.4010818302631378
YCR016W,YLR141W,0,-1.3040451,0.20219123363494873,0.9980334043502808,0.40118199586868286
YDL095W,YGL219C,0,-1.3041604,0.20215097069740295,0.9980334043502808,0.4012821912765503
YHR184W,YDR228C,0,-1.3050368,0.20211070775985718,0.9980334043502808,0.40138235688209534
YPL210C,YLR363C,0,-1.3052061,0.2020704746246338,0.9980334043502808,0.4014825224876404
YGR175C,YJL005W,0,-1.3053682,0.2020302563905716,0.9980334043502808,0.4015826880931854
YBR276C,YJL149W,0,-1.305404,0.2019900530576706,0.9980334043502808,0.40168285369873047
YBR131W,YDR004W,0,-1.3056877,0.2019498646259308,0.9980334043502808,0.4017830193042755
YIL145C,YHR154W,0,-1.3062919,0.20190969109535217,0.9980334043502808,0.40188321471214294
YEL032W,YBR155W,0,-1.3065621,0.20186953246593475,0.9980334043502808,0.401983380317688
YOL059W,YGR082W,0,-1.3067815,0.20182938873767853,0.9980334043502808,0.40208354592323303
YDR259C,YMR284W,0,-1.3072901,0.2017892599105835,0.9980334043502808,0.4021837115287781
YMR100W,YBR254C,0,-1.3078561,0.20174916088581085,0.9980334043502808,0.4022838771343231
YLR377C,YBL017C,0,-1.3087895,0.2017090618610382,0.9980334043502808,0.40238404273986816
YDR279W,YOL051W,0,-1.3097899,0.20166897773742676,0.9980334043502808,0.4024842083454132
YNL194C,YOL112W,0,-1.3099468,0.2016289234161377,0.9980334043502808,0.40258440375328064
YDR138W,YEL029C,0,-1.3099778,0.20158888399600983,0.9980334043502808,0.4026845693588257
YOL084W,YAL012W,0,-1.3102317,0.20154884457588196,0.9980334043502808,0.4027847349643707
YDR306C,YPL169C,0,-1.3103945,0.20150883495807648,0.9980334043502808,0.40288490056991577
YMR063W,YKL170W,0,-1.3104976,0.2014688402414322,0.9980334043502808,0.4029850661754608
YBR274W,YKR008W,0,-1.3105781,0.2014288604259491,0.9980334043502808,0.40308523178100586
YOR103C,YMR016C,0,-1.3106091,0.2013888955116272,0.9980334043502808,0.4031854271888733
YPL060W,YBR042C,0,-1.3125916,0.2013489454984665,0.9980334043502808,0.40328559279441833
YJL062W,YBR119W,0,-1.3130922,0.20130901038646698,0.9980334043502808,0.4033857583999634
YAL015C,YNR032C-A,0,-1.3149223,0.20126909017562866,0.9980334043502808,0.4034859240055084
YOR011W,YGR026W,0,-1.3150231,0.20122918486595154,0.9980334043502808,0.40358608961105347
YCR096C,YMR276W,0,-1.3156291,0.2011892944574356,0.9980334043502808,0.4036862552165985
YOL055C,YGR276C,0,-1.3164366,0.20114941895008087,0.9980334043502808,0.40378645062446594
YJL164C,YOR066W,0,-1.3166516,0.20110957324504852,0.9980334043502808,0.403886616230011
YML061C,YPR128C,0,-1.3169291,0.20106972754001617,0.9980334043502808,0.40398678183555603
YDR524C,YDR261W-A,0,-1.317539,0.2010299116373062,0.9980334043502808,0.4040869474411011
YPL061W,YMR016C,0,-1.3178797,0.20099009573459625,0.9980334043502808,0.4041871130466461
YOR158W,YDR495C,0,-1.3182976,0.20095030963420868,0.9980334043502808,0.40428727865219116
YFL041W,YDL078C,0,-1.3201885,0.2009105235338211,0.9980334043502808,0.4043874442577362
YHL038C,YCR058C,0,-1.3206581,0.20087076723575592,0.9980334043502808,0.40448763966560364
YLR096W,YLR239C,0,-1.3209397,0.20083102583885193,0.9980334043502808,0.4045878052711487
YHR017W,YMR276W,0,-1.3211143,0.20079129934310913,0.9980334043502808,0.4046879708766937
YAR009C,YCR010C,0,-1.3211353,0.20075158774852753,0.9980334043502808,0.40478813648223877
YBR131W,YPL060W,0,-1.3212095,0.20071189105510712,0.9980334043502808,0.4048883020877838
YBR260C,YOR246C,0,-1.321577,0.2006722092628479,0.9980334043502808,0.40498846769332886
YLR109W,YBR296C,0,-1.3218521,0.20063254237174988,0.9980334043502808,0.4050886631011963
YHR051W,YPL214C,0,-1.3218862,0.20059289038181305,0.9980334043502808,0.40518882870674133
YDL129W,YIL144W,0,-1.3235989,0.20055325329303741,0.9980334043502808,0.4052889943122864
YPR174C,YPL113C,0,-1.3243747,0.20051363110542297,0.9980334043502808,0.4053891599178314
YPL194W,YPR166C,0,-1.3247072,0.20047402381896973,0.9980334043502808,0.40548932552337646
YDR479C,YMR243C,0,-1.3250675,0.20043444633483887,0.9980334043502808,0.4055894911289215
YLR316C,YBR115C,0,-1.3250777,0.200394868850708,0.9980334043502808,0.40568968653678894
YHR066W,YIL143C,0,-1.3256981,0.20035530626773834,0.9980334043502808,0.405789852142334
YOR224C,YBL091C,0,-1.3257535,0.20031577348709106,0.9980334043502808,0.40589001774787903
YGL161C,YLL050C,0,-1.3277094,0.2002762407064438,0.9980334043502808,0.4059901833534241
YDR074W,YGR283C,0,-1.3278313,0.2002367377281189,0.9980334043502808,0.4060903489589691
YMR075W,YMR275C,0,-1.327987,0.200197234749794,0.9980334043502808,0.40619051456451416
YPL224C,YNL036W,0,-1.3288381,0.2001577615737915,0.9980334043502808,0.4062906801700592
YOL052C-A,YHR143W,0,-1.3290435,0.2001183032989502,0.9980334043502808,0.40639087557792664
YOR209C,YBR114W,0,-1.3292878,0.2000788450241089,0.9980334043502808,0.4064910411834717
YNL056W,YDR500C,0,-1.329756,0.20003941655158997,0.9980334043502808,0.4065912067890167
YDR170W-A,YKL038W,0,-1.3305492,0.20000000298023224,0.9980334043502808,0.40669137239456177
YDR407C,YHR090C,0,-1.3308758,0.1999606043100357,0.9980334043502808,0.4067915380001068
YPR047W,YKL210W,0,-1.3309078,0.19992122054100037,0.9980334043502808,0.40689170360565186
YAR009C,YHR080C,0,-1.3309169,0.19988183677196503,0.9980334043502808,0.4069918990135193
YMR184W,YHR105W,0,-1.3320968,0.19984248280525208,0.9980334043502808,0.40709206461906433
YHL025W,YJR131W,0,-1.3334863,0.19980314373970032,0.9980334043502808,0.4071922302246094
YNL080C,YNL251C,0,-1.3336478,0.19976381957530975,0.9980334043502808,0.4072923958301544
YML112W,YER060W-A,0,-1.3337297,0.19972452521324158,0.9980334043502808,0.40739256143569946
YNL161W,YPL105C,0,-1.3341585,0.1996852308511734,0.9980334043502808,0.4074927270412445
YMR267W,YDR283C,0,-1.3350544,0.19964595139026642,0.9980334043502808,0.40759292244911194
YCR063W,YLL033W,0,-1.3351188,0.19960668683052063,0.9980334043502808,0.407693088054657
YMR243C,YIL132C,0,-1.3352603,0.19956743717193604,0.9980334043502808,0.407793253660202
YDR055W,YOR298W,0,-1.3361897,0.19952820241451263,0.9980334043502808,0.40789341926574707
YKL201C,YNR072W,0,-1.3364887,0.19948899745941162,0.9980334043502808,0.4079935848712921
YKL119C,YKR057W,0,-1.3375194,0.1994497925043106,0.9980334043502808,0.40809375047683716
YBR030W,YMR114C,0,-1.3376613,0.1994106024503708,0.9980334043502808,0.4081939160823822
YGL219C,YNL330C,0,-1.3387771,0.19937144219875336,0.9980334043502808,0.40829411149024963
YLR360W,YER087C-A,0,-1.3388851,0.19933228194713593,0.9980334043502808,0.4083942770957947
YGL070C,YBR119W,0,-1.3388982,0.19929315149784088,0.9980334043502808,0.4084944427013397
YHL038C,YML129C,0,-1.3393207,0.19925402104854584,0.9980334043502808,0.40859460830688477
YDR270W,YLR127C,0,-1.3393415,0.19921492040157318,0.9980334043502808,0.4086947739124298
YPR005C,YOL096C,0,-1.3394725,0.19917581975460052,0.9980334043502808,0.40879493951797485
YMR301C,YMR074C,0,-1.3401283,0.19913674890995026,0.9980334043502808,0.4088951349258423
YGL087C,YAL058W,0,-1.340222,0.1990976780653,0.9980334043502808,0.40899530053138733
YGL225W,YJR082C,0,-1.3404722,0.1990586370229721,0.9980334043502808,0.4090954661369324
YOR236W,YPR005C,0,-1.3405925,0.19901961088180542,0.9980334043502808,0.4091956317424774
YEL058W,YPL186C,0,-1.3407394,0.19898058474063873,0.9980334043502808,0.40929579734802246
YHR133C,YNL032W,0,-1.3412743,0.19894158840179443,0.9980334043502808,0.4093959629535675
YPL038W,YLR007W,0,-1.3414749,0.19890260696411133,0.9980334043502808,0.40949612855911255
YGL155W,YKR036C,0,-1.3419284,0.19886364042758942,0.9980334043502808,0.40959632396698
YDR270W,YPL085W,0,-1.3427637,0.1988246887922287,0.9980334043502808,0.409696489572525
YGL210W,YOL010W,0,-1.3439848,0.19878573715686798,0.9980334043502808,0.40979665517807007
YKR055W,YPL167C,0,-1.3440685,0.19874681532382965,0.9980334043502808,0.4098968207836151
YOR382W,YKL082C,0,-1.3464696,0.19870790839195251,0.9980334043502808,0.40999698638916016
YNL282W,YFL039C,0,-1.3467451,0.19866901636123657,0.9980334043502808,0.4100971519947052
YPL174C,YKL134C,0,-1.3472805,0.19863013923168182,0.9980334043502808,0.41019734740257263
YPL096W,YJL003W,0,-1.3475997,0.19859127700328827,0.9980334043502808,0.4102975130081177
YJR050W,YNL044W,0,-1.3478773,0.1985524296760559,0.9980334043502808,0.4103976786136627
YDL070W,YHR149C,0,-1.3478918,0.19851359724998474,0.9980334043502808,0.41049784421920776
YMR043W,YGR138C,0,-1.3491069,0.19847477972507477,0.9980334043502808,0.4105980098247528
YBL112C,YOL111C,0,-1.3493006,0.198435977101326,0.9980334043502808,0.41069817543029785
YOR358W,YPL103C,0,-1.3496114,0.1983971893787384,0.9980334043502808,0.4107983708381653
YLR093C,YGR199W,0,-1.3508635,0.198358416557312,0.9980334043502808,0.4108985364437103
YLR404W,YLR083C,0,-1.3512601,0.19831965863704681,0.9980334043502808,0.41099870204925537
YBR001C,YKR027W,0,-1.3513544,0.1982809156179428,0.9980334043502808,0.4110988676548004
YHR105W,YJL079C,0,-1.3524117,0.1982421875,0.9980334043502808,0.41119903326034546
YIL147C,YDL210W,0,-1.3530947,0.19820347428321838,0.9980334043502808,0.4112991988658905
YDR422C,YNL039W,0,-1.3532531,0.19816477596759796,0.9980334043502808,0.41139936447143555
YEL059C-A,YPR098C,0,-1.3538989,0.19812609255313873,0.9980334043502808,0.411499559879303
YGR223C,YJL029C,0,-1.3543763,0.1980874389410019,0.9980334043502808,0.411599725484848
YMR013C,YMR090W,0,-1.3551006,0.19804878532886505,0.9980334043502808,0.41169989109039307
YNL161W,YGL229C,0,-1.3565435,0.1980101466178894,0.9980334043502808,0.4118000566959381
YKL141W,YER023W,0,-1.3581918,0.19797152280807495,0.9980334043502808,0.41190022230148315
YDR306C,YBL090W,0,-1.3582951,0.1979329138994217,0.9980334043502808,0.4120003879070282
YPL021W,YGR118W,0,-1.3583137,0.19789431989192963,0.9980334043502808,0.41210058331489563
YML092C,YNL102W,0,-1.3589897,0.19785575568675995,0.9980334043502808,0.4122007489204407
YKL129C,YLR385C,0,-1.359047,0.19781719148159027,0.9980334043502808,0.4123009145259857
YPL253C,YLR409C,0,-1.3597715,0.1977786421775818,0.9980334043502808,0.41240108013153076
YJR160C,YLR418C,0,-1.3612475,0.1977401077747345,0.9980334043502808,0.4125012457370758
YBR223C,YLR176C,0,-1.3619144,0.1977016031742096,0.9980334043502808,0.41260141134262085
YPL120W,YEL070W,0,-1.3620098,0.1976630985736847,0.9980334043502808,0.4127016067504883
YMR051C,YDR492W,0,-1.3621287,0.19762460887432098,0.9980334043502808,0.4128017723560333
YBR260C,YOL076W,0,-1.3622757,0.19758613407611847,0.9980334043502808,0.41290193796157837
YER051W,YGL123W,0,-1.3632675,0.19754768908023834,0.9980334043502808,0.4130021035671234
YMR194W,YDR189W,0,-1.3633164,0.19750924408435822,0.9980334043502808,0.41310226917266846
YML060W,YOL109W,0,-1.3645461,0.19747081398963928,0.9980334043502808,0.4132024347782135
YPR017C,YMR149W,0,-1.364991,0.19743239879608154,0.9980334043502808,0.41330260038375854
YDR253C,YLL029W,0,-1.3661674,0.1973940134048462,0.9980334043502808,0.413402795791626
YCL074W,YPL271W,0,-1.366716,0.19735562801361084,0.9980334043502808,0.413502961397171
YOR230W,YER055C,0,-1.3671532,0.19731725752353668,0.9980334043502808,0.41360312700271606
YDR353W,YOR155C,0,-1.3678721,0.1972789168357849,0.9980334043502808,0.4137032926082611
YOR084W,YKL048C,0,-1.3679984,0.19724057614803314,0.9980334043502808,0.41380345821380615
YDR534C,YLR170C,0,-1.36903,0.19720225036144257,0.9980334043502808,0.4139036238193512
YDR013W,YAL043C,0,-1.3690478,0.19716395437717438,0.9980334043502808,0.41400381922721863
YLR292C,YJL190C,0,-1.3692199,0.1971256583929062,0.9980334043502808,0.41410398483276367
YFR032C-A,YGL183C,0,-1.369389,0.1970873773097992,0.9980334043502808,0.4142041504383087
YOR037W,YGL127C,0,-1.3705229,0.1970491111278534,0.9980334043502808,0.41430431604385376
YJL041W,YMR250W,0,-1.3707623,0.19701087474822998,0.9980334043502808,0.4144044816493988
YHR027C,YKL074C,0,-1.3722212,0.19697263836860657,0.9980334043502808,0.41450464725494385
YJL033W,YHR215W,0,-1.3736931,0.19693441689014435,0.9980334043502808,0.4146048426628113
YDR071C,YMR215W,0,-1.3745601,0.19689621031284332,0.9980334043502808,0.4147050082683563
YNL046W,YIL098C,0,-1.3748492,0.19685803353786469,0.9980334043502808,0.41480517387390137
YKL069W,YPL194W,0,-1.3749132,0.19681985676288605,0.9980334043502808,0.4149053394794464
YNL138W,YFL001W,0,-1.3757391,0.1967816948890686,0.9980334043502808,0.41500550508499146
YIL048W,YKR057W,0,-1.3760066,0.19674354791641235,0.9980334043502808,0.4151056706905365
YJL186W,YLR410W-A,0,-1.376024,0.1967054307460785,0.9980334043502808,0.41520583629608154
YHR186C,YMR281W,0,-1.3765471,0.19666731357574463,0.9980334043502808,0.415306031703949
YLL048C,YGR211W,0,-1.3766284,0.19662921130657196,0.9980334043502808,0.415406197309494
YKL038W,YHR157W,0,-1.3766761,0.19659112393856049,0.9980334043502808,0.41550636291503906
YPR187W,YDR167W,0,-1.3766857,0.1965530663728714,0.9980334043502808,0.4156065285205841
YGR089W,YKL191W,0,-1.3768388,0.1965150088071823,0.9980334043502808,0.41570669412612915
YLR215C,YHR149C,0,-1.3769886,0.19647696614265442,0.9980334043502808,0.4158068597316742
YPL004C,YPR110C,0,-1.3771309,0.19643893837928772,0.9980334043502808,0.4159070551395416
YKL097W-A,YOR259C,0,-1.3780524,0.19640092551708221,0.9980334043502808,0.41600722074508667
YBR156C,YDL045W-A,0,-1.378622,0.1963629275560379,0.9980334043502808,0.4161073863506317
YNL079C,YDL164C,0,-1.3795614,0.19632494449615479,0.9980334043502808,0.41620755195617676
YBR237W,YEL041W,0,-1.3802767,0.19628699123859406,0.9980334043502808,0.4163077175617218
YOR388C,YJL003W,0,-1.3806111,0.19624903798103333,0.9980334043502808,0.41640788316726685
YBL068W,YPL100W,0,-1.3813299,0.1962110996246338,0.9980334043502808,0.4165080785751343
YPL065W,YEL015W,0,-1.3830249,0.19617317616939545,0.9980334043502808,0.4166082441806793
YLR377C,YDR045C,0,-1.3832686,0.1961352676153183,0.9980334043502808,0.41670840978622437
YPR186C,YPR122W,0,-1.38338,0.19609737396240234,0.9980334043502808,0.4168085753917694
YML129C,YIL090W,0,-1.3834422,0.19605949521064758,0.9980334043502808,0.41690874099731445
YOR060C,YER022W,0,-1.3835907,0.19602163136005402,0.9980334043502808,0.4170089066028595
YNL145W,YOR381W,0,-1.3846484,0.19598378241062164,0.9980334043502808,0.41710907220840454
YIL147C,YBR267W,0,-1.384728,0.19594594836235046,0.9980334043502808,0.417209267616272
YCL061C,YFL056C,0,-1.3853251,0.19590812921524048,0.9980334043502808,0.417309433221817
YNL214W,YJR048W,0,-1.3854071,0.1958703249692917,0.9980334043502808,0.41740959882736206
YPL281C,YJR135C,0,-1.3854208,0.1958325356245041,0.9980334043502808,0.4175097644329071
YER159C,YGL240W,0,-1.3862774,0.1957947462797165,0.9980334043502808,0.41760993003845215
YLR451W,YPR175W,0,-1.3871384,0.19575698673725128,0.9980334043502808,0.4177100956439972
YBR085W,YIL159W,0,-1.3879803,0.19571924209594727,0.9980334043502808,0.4178102910518646
YOR148C,YKL182W,0,-1.3885634,0.19568151235580444,0.9980334043502808,0.41791045665740967
YJL212C,YPL167C,0,-1.3887511,0.19564379751682281,0.9980334043502808,0.4180106222629547
YLR220W,YLL066C,0,-1.389437,0.1956060826778412,0.9980334043502808,0.41811078786849976
YKL095W,YDL021W,0,-1.3902383,0.19556839764118195,0.9980334043502808,0.4182109534740448
YGL141W,YER190W,0,-1.3927011,0.1955307275056839,0.9980334043502808,0.41831111907958984
YBR036C,YER153C,0,-1.3927398,0.19549307227134705,0.9980334043502808,0.4184112846851349
YPR160W,YPR182W,0,-1.3934298,0.1954554170370102,0.9980334043502808,0.4185114800930023
YBR291C,YMR241W,0,-1.3938069,0.19541779160499573,0.9980334043502808,0.41861164569854736
YDR363W-A,YOR381W,0,-1.3949728,0.19538016617298126,0.9980334043502808,0.4187118113040924
YBR078W,YDR481C,0,-1.3954064,0.19534257054328918,0.9980334043502808,0.41881197690963745
YHR099W,YML099C,0,-1.396837,0.1953049898147583,0.9980334043502808,0.4189121425151825
YOR243C,YOR317W,0,-1.3969663,0.19526740908622742,0.9980334043502808,0.41901230812072754
YOR034C,YNL242W,0,-1.3973346,0.19522985816001892,0.9980334043502808,0.41911250352859497
YPR160W,YDR213W,0,-1.397507,0.19519230723381042,0.9980334043502808,0.41921266913414
YMR163C,YDR023W,0,-1.3987079,0.19515477120876312,0.9980334043502808,0.41931283473968506
YJL166W,YLR403W,0,-1.3990663,0.1951172649860382,0.9980334043502808,0.4194130003452301
YMR228W,YIR036C,0,-1.4000158,0.1950797587633133,0.9980334043502808,0.41951316595077515
YGR103W,YLL055W,0,-1.4004512,0.19504228234291077,0.9980334043502808,0.4196133315563202
YJR119C,YDR334W,0,-1.4007409,0.19500480592250824,0.9980334043502808,0.4197135269641876
YDL047W,YJR059W,0,-1.402205,0.1949673444032669,0.9980334043502808,0.41981369256973267
YMR316W,YPL176C,0,-1.4026763,0.19492989778518677,0.9980334043502808,0.4199138581752777
YJR140C,YOR167C,0,-1.4032738,0.19489246606826782,0.9980334043502808,0.42001402378082275
YNL046W,YOR136W,0,-1.4033542,0.19485506415367126,0.9980334043502808,0.4201141893863678
YJL183W,YOR018W,0,-1.4035621,0.1948176622390747,0.9980334043502808,0.42021435499191284
YLR451W,YFL057C,0,-1.4036734,0.19478027522563934,0.9980334043502808,0.4203145205974579
YGL051W,YLR121C,0,-1.4039907,0.19474290311336517,0.9980334043502808,0.4204147160053253
YER109C,YNL153C,0,-1.4039958,0.1947055459022522,0.9980334043502808,0.42051488161087036
YBR159W,YMR166C,0,-1.4048738,0.19466820359230042,0.9980334043502808,0.4206150472164154
YBR016W,YNL133C,0,-1.4055759,0.19463087618350983,0.9980334043502808,0.42071521282196045
YBR162C,YLR045C,0,-1.405665,0.19459356367588043,0.9980334043502808,0.4208153784275055
YPL146C,YGL183C,0,-1.4059726,0.19455625116825104,0.9980334043502808,0.42091554403305054
YMR184W,YOR224C,0,-1.4062159,0.19451896846294403,0.9980334043502808,0.42101573944091797
YGL144C,YJR070C,0,-1.4064374,0.19448170065879822,0.9980334043502808,0.421115905046463
YIL147C,YGR134W,0,-1.4064777,0.1944444477558136,0.9980334043502808,0.42121607065200806
YDR056C,YNR047W,0,-1.4067237,0.19440719485282898,0.9980334043502808,0.4213162362575531
YIL009C-A,YDL124W,0,-1.4067881,0.19436997175216675,0.9980334043502808,0.42141640186309814
YJL206C,YBR122C,0,-1.4068298,0.1943327635526657,0.9980334043502808,0.4215165674686432
YGL026C,YGL068W,0,-1.406976,0.19429555535316467,0.9980334043502808,0.4216167628765106
YHR008C,YMR200W,0,-1.407458,0.19425837695598602,0.9980334043502808,0.42171692848205566
YMR034C,YLR344W,0,-1.407472,0.19422119855880737,0.9980334043502808,0.4218170940876007
YPL137C,YDL136W,0,-1.4077606,0.1941840499639511,0.9980334043502808,0.42191725969314575
YPL127C,YDR145W,0,-1.4078546,0.19414690136909485,0.9980334043502808,0.4220174252986908
YBR282W,YGL019W,0,-1.4079506,0.19410976767539978,0.9980334043502808,0.42211759090423584
YIR005W,YLR093C,0,-1.4086007,0.1940726637840271,0.9980334043502808,0.4222177565097809
YDR108W,YOL028C,0,-1.4094498,0.19403555989265442,0.9980334043502808,0.4223179519176483
YKL081W,YIL170W,0,-1.4095845,0.19399847090244293,0.9980334043502808,0.42241811752319336
YLL012W,YBR009C,0,-1.4098642,0.19396139681339264,0.9980334043502808,0.4225182831287384
YBR074W,YGL105W,0,-1.4099832,0.19392433762550354,0.9980334043502808,0.42261844873428345
YJR035W,YPL058C,0,-1.4106412,0.19388729333877563,0.9980334043502808,0.4227186143398285
YDR520C,YPR063C,0,-1.4107091,0.19385026395320892,0.9980334043502808,0.42281877994537354
YMR123W,YIL005W,0,-1.4107919,0.1938132494688034,0.9980334043502808,0.42291897535324097
YDR170W-A,YBR214W,0,-1.4113925,0.19377624988555908,0.9980334043502808,0.423019140958786
YDR086C,YPL161C,0,-1.4114437,0.19373926520347595,0.9980334043502808,0.42311930656433105
YDL195W,YOR381W,0,-1.4120923,0.19370229542255402,0.9980334043502808,0.4232194721698761
YJR107W,YFR006W,0,-1.412296,0.19366532564163208,0.9980334043502808,0.42331963777542114
YER101C,YKL150W,0,-1.4126402,0.19362838566303253,0.9980334043502808,0.4234198033809662
YCL029C,YJL034W,0,-1.4129676,0.19359146058559418,0.9980334043502808,0.4235199987888336
YER070W,YOR242C,0,-1.4130168,0.19355453550815582,0.9980334043502808,0.42362016439437866
YDR347W,YMR118C,0,-1.413269,0.19351764023303986,0.9980334043502808,0.4237203299999237
YDR377W,YLR139C,0,-1.4133801,0.1934807449579239,0.9980334043502808,0.42382049560546875
YIL087C,YEL024W,0,-1.4136655,0.1934438794851303,0.9980334043502808,0.4239206612110138
YOR001W,YDR235W,0,-1.4141105,0.19340701401233673,0.9980334043502808,0.42402082681655884
YMR146C,YLR300W,0,-1.4144604,0.19337016344070435,0.9980334043502808,0.4241209924221039
YNL063W,YLR213C,0,-1.414531,0.19333332777023315,0.9980334043502808,0.4242211878299713
YOR011W,YPR167C,0,-1.4152136,0.19329652190208435,0.9980334043502808,0.42432135343551636
YGL084C,YBL069W,0,-1.4153191,0.19325971603393555,0.9980334043502808,0.4244215190410614
YHR136C,YIL008W,0,-1.4153988,0.19322292506694794,0.9980334043502808,0.42452168464660645
YOL029C,YGL200C,0,-1.4158851,0.19318614900112152,0.9980334043502808,0.4246218502521515
YDR288W,YPL226W,0,-1.4165853,0.1931493878364563,0.9980334043502808,0.42472201585769653
YPL074W,YML100W,0,-1.4171956,0.19311262667179108,0.9980334043502808,0.42482221126556396
YDR261C,YGR005C,0,-1.4177263,0.19307589530944824,0.9980334043502808,0.424922376871109
YGR223C,YOL018C,0,-1.4185987,0.1930391788482666,0.9980334043502808,0.42502254247665405
YOL064C,YGL027C,0,-1.4187087,0.19300247728824615,0.9980334043502808,0.4251227080821991
YBR012W-A,YEL019C,0,-1.4196389,0.1929657757282257,0.9980334043502808,0.42522287368774414
YML027W,YOL102C,0,-1.4205625,0.19292910397052765,0.9980334043502808,0.4253230392932892
YDR304C,YMR290C,0,-1.4210162,0.1928924322128296,0.9980334043502808,0.42542320489883423
YPR081C,YKL099C,0,-1.4213817,0.19285579025745392,0.9980334043502808,0.42552340030670166
YMR127C,YHR101C,0,-1.4216688,0.19281914830207825,0.9980334043502808,0.4256235659122467
YOL012C,YPL140C,0,-1.421932,0.19278252124786377,0.9980334043502808,0.42572373151779175
YPL273W,YPR034W,0,-1.422417,0.19274592399597168,0.9980334043502808,0.4258238971233368
YPL018W,YKR044W,0,-1.4227557,0.1927093267440796,0.9980334043502808,0.42592406272888184
YAL030W,YHR186C,0,-1.4241626,0.1926727443933487,0.9980334043502808,0.4260242283344269
YMR285C,YBR170C,0,-1.4249489,0.192636176943779,0.9980334043502808,0.4261244237422943
YOL165C,YLR293C,0,-1.425845,0.19259962439537048,0.9980334043502808,0.42622458934783936
YNL240C,YNL131W,0,-1.4268227,0.19256308674812317,0.9980334043502808,0.4263247549533844
YFL005W,YOL149W,0,-1.427392,0.19252654910087585,0.9980334043502808,0.42642492055892944
YFR037C,YFL049W,0,-1.4275057,0.19249004125595093,0.9980334043502808,0.4265250861644745
YGR188C,YPR007C,0,-1.4275401,0.1924535483121872,0.9980334043502808,0.42662525177001953
YNL006W,YEL056W,0,-1.4277881,0.19241705536842346,0.9980334043502808,0.42672544717788696
YNL236W,YBR061C,0,-1.4278114,0.19238059222698212,0.9980334043502808,0.426825612783432
YPL002C,YDR245W,0,-1.4283165,0.19234412908554077,0.9980334043502808,0.42692577838897705
YLR090W,YGL058W,0,-1.4288751,0.19230769574642181,0.9980334043502808,0.4270259439945221
YLR316C,YOL005C,0,-1.4289197,0.19227126240730286,0.9980334043502808,0.42712610960006714
YPL253C,YNL110C,0,-1.4304816,0.1922348439693451,0.9980334043502808,0.4272262752056122
YKL022C,YOL004W,0,-1.4305444,0.19219844043254852,0.9980334043502808,0.4273264408111572
YKL028W,YPL036W,0,-1.4309525,0.19216206669807434,0.9980334043502808,0.42742663621902466
YEL070W,YAL002W,0,-1.4312482,0.19212569296360016,0.9980334043502808,0.4275268018245697
YDR368W,YBL088C,0,-1.4312701,0.19208931922912598,0.9980334043502808,0.42762696743011475
YDL039C,YIL090W,0,-1.4317716,0.19205297529697418,0.9980334043502808,0.4277271330356598
YJL156C,YDR517W,0,-1.4318208,0.19201664626598358,0.9980334043502808,0.42782729864120483
YIL007C,YGL051W,0,-1.4318383,0.19198033213615417,0.9980334043502808,0.4279274642467499
YNL227C,YMR256C,0,-1.4319371,0.19194401800632477,0.9980334043502808,0.4280276596546173
YDL180W,YER167W,0,-1.4325312,0.19190773367881775,0.9980334043502808,0.42812782526016235
YDL190C,YER012W,0,-1.4325496,0.19187144935131073,0.9980334043502808,0.4282279908657074
YLR040C,YNL078W,0,-1.4326036,0.1918351948261261,0.9980334043502808,0.42832815647125244
YNL284C-B,YNL054W-A,0,-1.4327012,0.19179894030094147,0.9980334043502808,0.4284283220767975
YDR177W,YMR145C,0,-1.4327588,0.19176270067691803,0.9980334043502808,0.42852848768234253
YGR271W,YGR155W,0,-1.4328772,0.1917264759540558,0.9980334043502808,0.42862868309020996
YDL108W,YPR005C,0,-1.432911,0.19169028103351593,0.9980334043502808,0.428728848695755
YOR250C,YML032C,0,-1.4332814,0.19165407121181488,0.9980334043502808,0.42882901430130005
YKL006C-A,YLR373C,0,-1.4338155,0.19161789119243622,0.9980334043502808,0.4289291799068451
YBL075C,YMR128W,0,-1.4339958,0.19158172607421875,0.9980334043502808,0.42902934551239014
YKL129C,YDR416W,0,-1.434276,0.19154557585716248,0.9980334043502808,0.4291295111179352
YER028C,YOR081C,0,-1.4352072,0.1915094405412674,0.9980334043502808,0.4292296767234802
YMR077C,YNL079C,0,-1.4356289,0.19147330522537231,0.9980334043502808,0.42932987213134766
YAL010C,YPL198W,0,-1.4356364,0.19143719971179962,0.9980334043502808,0.4294300377368927
YDR069C,YDR430C,0,-1.4368564,0.19140109419822693,0.9980334043502808,0.42953020334243774
YDR365C,YOR181W,0,-1.4370759,0.19136500358581543,0.9980334043502808,0.4296303689479828
YOR358W,YLR364W,0,-1.4401433,0.19132892787456512,0.9980334043502808,0.42973053455352783
YOR157C,YDL211C,0,-1.4425666,0.1912928819656372,0.9980334043502808,0.4298307001590729
YBR286W,YJR135W-A,0,-1.4430178,0.1912568360567093,0.9980334043502808,0.4299308955669403
YCR065W,YKL093W,0,-1.4434161,0.19122080504894257,0.9980334043502808,0.43003106117248535
YBR271W,YLR188W,0,-1.4437813,0.19118477404117584,0.9980334043502808,0.4301312267780304
YJR026W,YLR427W,0,-1.4442384,0.1911487728357315,0.9980334043502808,0.43023139238357544
YKL045W,YMR093W,0,-1.4445152,0.19111278653144836,0.9980334043502808,0.4303315579891205
YKL116C,YER159C,0,-1.4446013,0.19107680022716522,0.9980334043502808,0.4304317235946655
YGL144C,YNL207W,0,-1.4449519,0.19104084372520447,0.9980334043502808,0.43053191900253296
YMR184W,YNL199C,0,-1.4460117,0.1910048872232437,0.9980334043502808,0.430632084608078
YLR043C,YOR330C,0,-1.4473898,0.19096896052360535,0.9980334043502808,0.43073225021362305
YBR146W,YPR174C,0,-1.447804,0.19093303382396698,0.9980334043502808,0.4308324158191681
YOL107W,YLR039C,0,-1.4478983,0.1908971220254898,0.9980334043502808,0.43093258142471313
YML102W,YML060W,0,-1.4481168,0.19086122512817383,0.9980334043502808,0.4310327470302582
YKR077W,YGR184C,0,-1.4481655,0.19082534313201904,0.9980334043502808,0.4311329126358032
YPR178W,YDR532C,0,-1.448215,0.19078947603702545,0.9980334043502808,0.43123310804367065
YLR203C,YGL126W,0,-1.4485453,0.19075362384319305,0.9980334043502808,0.4313332736492157
YLR201C,YJR063W,0,-1.448813,0.19071777164936066,0.9980334043502808,0.43143343925476074
YJR050W,YJL024C,0,-1.4490597,0.19068194925785065,0.9980334043502808,0.4315336048603058
YHL012W,YHR148W,0,-1.4490837,0.19064612686634064,0.9980334043502808,0.43163377046585083
YJL155C,YOL064C,0,-1.4519113,0.19061033427715302,0.9980334043502808,0.4317339360713959
YLR068W,YFL045C,0,-1.4536239,0.1905745416879654,0.9980334043502808,0.4318341314792633
YDR376W,YCR046C,0,-1.4539125,0.19053876399993896,0.9980334043502808,0.43193429708480835
YDR098C,YBL072C,0,-1.4541016,0.19050300121307373,0.9980334043502808,0.4320344626903534
YER098W,YDR443C,0,-1.4543234,0.1904672533273697,0.9980334043502808,0.43213462829589844
YGR156W,YIL134W,0,-1.4545586,0.19043152034282684,0.9980334043502808,0.4322347939014435
YDR312W,YGL200C,0,-1.4547014,0.1903958022594452,0.9980334043502808,0.4323349595069885
YNL191W,YMR160W,0,-1.4548335,0.19036008417606354,0.9980334043502808,0.43243512511253357
YOR126C,YPR180W,0,-1.4549093,0.19032439589500427,0.9980334043502808,0.432535320520401
YCR020C,YDL095W,0,-1.4552989,0.190288707613945,0.9980334043502808,0.43263548612594604
YIR005W,YJL003W,0,-1.4572524,0.19025304913520813,0.9980334043502808,0.4327356517314911
YKR002W,YIR002C,0,-1.4584376,0.19021739065647125,0.9980334043502808,0.43283581733703613
YKL013C,YPL157W,0,-1.45859,0.19018174707889557,0.9980334043502808,0.4329359829425812
YPL123C,YOL042W,0,-1.4596195,0.19014611840248108,0.9980334043502808,0.4330361485481262
YJL133W,YHL047C,0,-1.4611576,0.19011050462722778,0.9980334043502808,0.43313634395599365
YOR177C,YKR027W,0,-1.4612536,0.19007490575313568,0.9980334043502808,0.4332365095615387
YNL138W,YOR330C,0,-1.4612845,0.19003932178020477,0.9980334043502808,0.43333667516708374
YIL167W,YOR216C,0,-1.4617277,0.19000373780727386,0.9980334043502808,0.4334368407726288
YCL061C,YNL103W,0,-1.4621179,0.18996818363666534,0.9980334043502808,0.43353700637817383
YOR187W,YHR090C,0,-1.4622145,0.18993262946605682,0.9980334043502808,0.43363717198371887
YDL067C,YML047C,0,-1.4630961,0.1898971050977707,0.9980334043502808,0.4337373673915863
YDR172W,YML016C,0,-1.4631028,0.18986158072948456,0.9980334043502808,0.43383753299713135
YDR231C,YCR105W,0,-1.4634603,0.18982607126235962,0.9980334043502808,0.4339376986026764
YNL232W,YHR001W-A,0,-1.4640077,0.18979057669639587,0.9980334043502808,0.43403786420822144
YGR279C,YNR038W,0,-1.4640908,0.18975509703159332,0.9980334043502808,0.4341380298137665
YJL167W,YOR343W-A,0,-1.464336,0.18971963226795197,0.9980334043502808,0.4342381954193115
YJL078C,YBR213W,0,-1.4647028,0.1896841675043106,0.9980334043502808,0.43433836102485657
YDL225W,YIR006C,0,-1.4660724,0.18964873254299164,0.9980334043502808,0.434438556432724
YFL057C,YML051W,0,-1.4666055,0.18961329758167267,0.9980334043502808,0.43453872203826904
YMR165C,YKL034W,0,-1.4674311,0.1895778924226761,0.9980334043502808,0.4346388876438141
YMR176W,YCR087C-A,0,-1.4678843,0.1895424872636795,0.9980334043502808,0.43473905324935913
YHR005C,YDR393W,0,-1.46791,0.18950709700584412,0.9980334043502808,0.4348392188549042
YJL096W,YNL054W,0,-1.4680078,0.18947172164916992,0.9980334043502808,0.4349393844604492
YHR008C,YPR120C,0,-1.4685276,0.18943636119365692,0.9980334043502808,0.43503957986831665
YLR348C,YFR050C,0,-1.4685974,0.18940100073814392,0.9980334043502808,0.4351397454738617
YNL298W,YER147C,0,-1.470676,0.1893656700849533,0.9980334043502808,0.43523991107940674
YLR383W,YDR176W,0,-1.4707747,0.1893303543329239,0.9980334043502808,0.4353400766849518
YLR353W,YER150W,0,-1.4708884,0.18929503858089447,0.9980334043502808,0.4354402422904968
YAL008W,YER031C,0,-1.471898,0.18925973773002625,0.9980334043502808,0.43554040789604187
YJR158W,YPL254W,0,-1.4720018,0.1892244666814804,0.9980334043502808,0.4356406033039093
YKL088W,YPL269W,0,-1.4721226,0.18918919563293457,0.9980334043502808,0.43574076890945435
YDR501W,YPR184W,0,-1.4733925,0.18915393948554993,0.9980334043502808,0.4358409345149994
YIL084C,YOL028C,0,-1.4735055,0.18911868333816528,0.9980334043502808,0.43594110012054443
YOR340C,YFL039C,0,-1.4738231,0.18908345699310303,0.9980334043502808,0.4360412657260895
YKL195W,YOR292C,0,-1.4744924,0.18904824554920197,0.9980334043502808,0.4361414313316345
YFR025C,YMR086W,0,-1.4746943,0.1890130341053009,0.9980334043502808,0.43624159693717957
YNL261W,YLR208W,0,-1.4748503,0.18897783756256104,0.9980334043502808,0.436341792345047
YMR228W,YDR469W,0,-1.4749565,0.18894267082214355,0.9980334043502808,0.43644195795059204
YLR429W,YNL280C,0,-1.4753382,0.18890750408172607,0.9980334043502808,0.4365421235561371
YIL064W,YNL314W,0,-1.4758201,0.1888723522424698,0.9980334043502808,0.43664228916168213
YDR126W,YNL251C,0,-1.4758744,0.1888372153043747,0.9980334043502808,0.4367424547672272
YGR225W,YMR042W,0,-1.4759536,0.1888020783662796,0.9980334043502808,0.4368426203727722
YJL162C,YKR058W,0,-1.4763904,0.1887669712305069,0.9980334043502808,0.43694281578063965
YLR370C,YDR478W,0,-1.4768116,0.1887318640947342,0.9980334043502808,0.4370429813861847
YDR062W,YOR233W,0,-1.4788871,0.18869678676128387,0.9980334043502808,0.43714314699172974
YGR122W,YOR039W,0,-1.4789022,0.18866170942783356,0.9980334043502808,0.4372433125972748
YIL019W,YNL145W,0,-1.47901,0.18862664699554443,0.9980334043502808,0.4373434782028198
YJR042W,YIR038C,0,-1.4800874,0.1885915994644165,0.9980334043502808,0.43744364380836487
YDR527W,YCR046C,0,-1.4802337,0.18855656683444977,0.9980334043502808,0.4375438392162323
YGR083C,YJR075W,0,-1.4806508,0.18852154910564423,0.9980334043502808,0.43764400482177734
YOR034C,YBR001C,0,-1.4809153,0.18848653137683868,0.9980334043502808,0.4377441704273224
YJL164C,YLR410W-A,0,-1.4810096,0.18845154345035553,0.9980334043502808,0.43784433603286743
YBR128C,YNL091W,0,-1.4812305,0.18841655552387238,0.9980334043502808,0.4379445016384125
YBR131W,YLR185W,0,-1.4813939,0.18838158249855042,0.9980334043502808,0.4380446672439575
YMR246W,YBR003W,0,-1.482147,0.18834663927555084,0.9980334043502808,0.43814483284950256
YDR092W,YGL039W,0,-1.4822952,0.18831168115139008,0.9980334043502808,0.43824502825737
YGL009C,YBL005W,0,-1.482512,0.1882767528295517,0.9980334043502808,0.43834519386291504
YGL210W,YGR134W,0,-1.4831066,0.1882418394088745,0.9980334043502808,0.4384453594684601
YJR050W,YBR121C,0,-1.4831288,0.18820694088935852,0.9980334043502808,0.4385455250740051
YOR126C,YLL055W,0,-1.4834616,0.18817204236984253,0.9980334043502808,0.43864569067955017
YDR494W,YOL045W,0,-1.4839118,0.18813715875148773,0.9980334043502808,0.4387458562850952
YOR026W,YMR308C,0,-1.4840713,0.18810230493545532,0.9980334043502808,0.43884605169296265
YLR439W,YDR244W,0,-1.4844683,0.1880674511194229,0.9980334043502808,0.4389462172985077
YLR026C,YBR006W,0,-1.4844888,0.1880325973033905,0.9980334043502808,0.43904638290405273
YER145C,YPL049C,0,-1.4852687,0.18799777328968048,0.9980334043502808,0.4391465485095978
YML009C,YGL090W,0,-1.4852924,0.18796296417713165,0.9980334043502808,0.4392467141151428
YNL233W,YDR190C,0,-1.4871492,0.18792815506458282,0.9980334043502808,0.43934687972068787
YJL174W,YPL007C,0,-1.4874859,0.18789337575435638,0.9980334043502808,0.4394470453262329
YCL066W,YPR035W,0,-1.4878737,0.18785859644412994,0.9980334043502808,0.43954724073410034
YPL178W,YJL143W,0,-1.488167,0.1878238320350647,0.9980334043502808,0.4396474063396454
YOR227W,YLR278C,0,-1.4883332,0.18778908252716064,0.9980334043502808,0.43974757194519043
YNL202W,YJR060W,0,-1.488657,0.18775434792041779,0.9980334043502808,0.4398477375507355
YJR147W,YOL102C,0,-1.4890983,0.18771962821483612,0.9980334043502808,0.4399479031562805
YOL156W,YPL117C,0,-1.4892896,0.18768490850925446,0.9980334043502808,0.44004806876182556
YPL168W,YGL019W,0,-1.4899752,0.18765021860599518,0.9980334043502808,0.440148264169693
YMR074C,YAL012W,0,-1.4902952,0.1876155287027359,0.9980334043502808,0.44024842977523804
YNL068C,YAL017W,0,-1.4908062,0.18758085370063782,0.9980334043502808,0.4403485953807831
YDR508C,YJL134W,0,-1.491101,0.18754619359970093,0.9980334043502808,0.4404487609863281
YOR034C,YML096W,0,-1.4915569,0.18751154839992523,0.9980334043502808,0.44054892659187317
YNL307C,YJR046W,0,-1.4916766,0.18747691810131073,0.9980334043502808,0.4406490921974182
YKL038W,YAL016W,0,-1.4919827,0.18744228780269623,0.9980334043502808,0.44074928760528564
YBR191W,YJR139C,0,-1.492236,0.1874076873064041,0.9980334043502808,0.4408494532108307
YKL052C,YNL208W,0,-1.4922765,0.187373086810112,0.9980334043502808,0.44094961881637573
YKL006C-A,YDL127W,0,-1.4924597,0.18733850121498108,0.9980334043502808,0.4410497844219208
YNL207W,YNL111C,0,-1.4928479,0.18730393052101135,0.9980334043502808,0.4411499500274658
YNL166C,YBL026W,0,-1.4929605,0.18726937472820282,0.9980334043502808,0.44125011563301086
YBR129C,YPL117C,0,-1.4930305,0.18723483383655548,0.9980334043502808,0.4413502812385559
YML101C,YJR032W,0,-1.4932387,0.18720029294490814,0.9980334043502808,0.44145047664642334
YLL026W,YDL211C,0,-1.4937651,0.1871657818555832,0.9980334043502808,0.4415506422519684
YPR204W,YDR287W,0,-1.4947042,0.18713127076625824,0.9980334043502808,0.4416508078575134
YLL018C-A,YMR207C,0,-1.4954246,0.18709677457809448,0.9980334043502808,0.44175097346305847
YDR252W,YFR045W,0,-1.496941,0.18706229329109192,0.9980334043502808,0.4418511390686035
YDR330W,YDR402C,0,-1.497441,0.18702782690525055,0.9980334043502808,0.44195130467414856
YGL018C,YLR189C,0,-1.4975963,0.18699336051940918,0.9980334043502808,0.442051500082016
YLR212C,YLR045C,0,-1.4976122,0.1869589239358902,0.9980334043502808,0.44215166568756104
YPR152C,YBL022C,0,-1.4980077,0.18692448735237122,0.9980334043502808,0.4422518312931061
YER088C,YPL011C,0,-1.4982836,0.18689008057117462,0.9980334043502808,0.4423519968986511
YMR171C,YOR004W,0,-1.4987358,0.18685567378997803,0.9980334043502808,0.44245216250419617
YJL081C,YHR081W,0,-1.4987417,0.18682128190994263,0.9980334043502808,0.4425523281097412
YIL009C-A,YOR065W,0,-1.4987836,0.18678689002990723,0.9980334043502808,0.44265252351760864
YOR076C,YDL134C,0,-1.4991175,0.1867525279521942,0.9980334043502808,0.4427526891231537
YML081C-A,YIL132C,0,-1.4991871,0.1867181807756424,0.9980334043502808,0.44285285472869873
YOR215C,YKR079C,0,-1.499573,0.18668383359909058,0.9980334043502808,0.4429530203342438
YML039W,YHR090C,0,-1.4997255,0.18664950132369995,0.9980334043502808,0.4430531859397888
YDR465C,YOR372C,0,-1.4998477,0.18661518394947052,0.9980334043502808,0.44315335154533386
YER070W,YER046W,0,-1.5002267,0.18658088147640228,0.9980334043502808,0.4432535171508789
YDR517W,YLR189C,0,-1.5005118,0.18654659390449524,0.9980334043502808,0.44335371255874634
YBR166C,YOL098C,0,-1.5007094,0.1865123063325882,0.9980334043502808,0.4434538781642914
YDR410C,YKL060C,0,-1.5008882,0.18647804856300354,0.9980334043502808,0.4435540437698364
YMR220W,YBR061C,0,-1.501037,0.18644379079341888,0.9980334043502808,0.44365420937538147
YGL136C,YIL109C,0,-1.501086,0.18640954792499542,0.9980334043502808,0.4437543749809265
YER048W-A,YLR157C,0,-1.5017128,0.18637531995773315,0.9980334043502808,0.44385454058647156
YDR479C,YPL083C,0,-1.5019916,0.18634110689163208,0.9980334043502808,0.443954735994339
YOR221C,YCR038C,0,-1.5020738,0.1863069087266922,0.9980334043502808,0.44405490159988403
YCL016C,YNR071C,0,-1.5024862,0.18627271056175232,0.9980334043502808,0.4441550672054291
YOR253W,YPL203W,0,-1.5033324,0.18623852729797363,0.9980334043502808,0.4442552328109741
YDR301W,YKL181W,0,-1.5042619,0.18620435893535614,0.9980334043502808,0.44435539841651917
YCR071C,YDL133C-A,1,-1.5055478,0.1863536387681961,0.9990167021751404,0.44435539841651917
YBR155W,YDR243C,0,-1.5064206,0.18631945550441742,0.9990167021751404,0.4444555640220642
YCR086W,YML129C,0,-1.5065297,0.18628530204296112,0.9990167021751404,0.44455575942993164
YFL017W-A,YKL003C,0,-1.507461,0.18625114858150482,0.9990167021751404,0.4446559250354767
YLR418C,YBR081C,0,-1.5078709,0.18621701002120972,0.9990167021751404,0.44475609064102173
YAR009C,YOL059W,0,-1.5089781,0.1861828863620758,0.9990167021751404,0.4448562562465668
YHR059W,YDR170C,0,-1.5090189,0.1861487776041031,0.9990167021751404,0.4449564218521118
YOR301W,YOL062C,0,-1.5095334,0.18611466884613037,0.9990167021751404,0.44505658745765686
YLR025W,YPR204W,0,-1.5100309,0.18608058989048004,0.9990167021751404,0.4451567530632019
YDL202W,YNR074C,0,-1.510525,0.1860465109348297,0.9990167021751404,0.44525694847106934
YNR045W,YHR142W,0,-1.5106065,0.18601244688034058,0.9990167021751404,0.4453571140766144
YPL098C,YJR057W,0,-1.5106637,0.18597839772701263,0.9990167021751404,0.4454572796821594
YCR002C,YPL146C,0,-1.5112863,0.1859443634748459,0.9990167021751404,0.44555744528770447
YDR120C,YPR114W,0,-1.5118599,0.18591034412384033,0.9990167021751404,0.4456576108932495
YHR116W,YGR175C,0,-1.5124269,0.18587632477283478,0.9990167021751404,0.44575777649879456
YLL034C,YDR531W,0,-1.5134966,0.18584232032299042,0.9990167021751404,0.445857971906662
YGR010W,YHR109W,0,-1.5139546,0.18580834567546844,0.9990167021751404,0.44595813751220703
YML037C,YML028W,0,-1.5145539,0.18577437102794647,0.9990167021751404,0.4460583031177521
YDR268W,YGL058W,0,-1.5152613,0.1857403963804245,0.9990167021751404,0.4461584687232971
YDR222W,YMR020W,0,-1.5155069,0.18570645153522491,0.9990167021751404,0.44625863432884216
YLR429W,YJR150C,0,-1.5157602,0.18567252159118652,0.9990167021751404,0.4463587999343872
YGR281W,YOL109W,0,-1.5161937,0.18563859164714813,0.9990167021751404,0.44645896553993225
YIR023W,YLL026W,0,-1.5162108,0.18560467660427094,0.9990167021751404,0.4465591609477997
YAL041W,YDR169C,0,-1.5165949,0.18557077646255493,0.9990167021751404,0.4466593265533447
YCR012W,YBL024W,0,-1.5171319,0.18553689122200012,0.9990167021751404,0.44675949215888977
YLR097C,YMR173W,0,-1.5173028,0.1855030059814453,0.9990167021751404,0.4468596577644348
YKL021C,YER029C,0,-1.5174353,0.1854691505432129,0.9990167021751404,0.44695982336997986
YPL271W,YNR048W,0,-1.5176767,0.18543529510498047,0.9990167021751404,0.4470599889755249
YBR142W,YJL081C,0,-1.5178142,0.18540145456790924,0.9990167021751404,0.44716018438339233
YBR230C,YIL062C,0,-1.5184675,0.1853676289319992,0.9990167021751404,0.4472603499889374
YDL115C,YJR151C,0,-1.518509,0.18533381819725037,0.9990167021751404,0.4473605155944824
YGR276C,YOR090C,0,-1.5187478,0.18530002236366272,0.9990167021751404,0.44746068120002747
YDR047W,YBR030W,0,-1.518877,0.18526622653007507,0.9990167021751404,0.4475608468055725
YLR288C,YHR021C,0,-1.519886,0.18523244559764862,0.9990167021751404,0.44766101241111755
YHR146W,YBR162C,0,-1.5202463,0.18519869446754456,0.9990167021751404,0.447761207818985
YLR097C,YLR090W,0,-1.5214489,0.1851649284362793,0.9990167021751404,0.44786137342453003
YJL046W,YFR029W,0,-1.5218172,0.18513119220733643,0.9990167021751404,0.4479615390300751
YLR347C,YKR027W,0,-1.5224124,0.18509747087955475,0.9990167021751404,0.4480617046356201
YGL236C,YFL033C,0,-1.5228,0.18506374955177307,0.9990167021751404,0.44816187024116516
YJL083W,YDR476C,0,-1.5228512,0.1850300431251526,0.9990167021751404,0.4482620358467102
YPL157W,YDL112W,0,-1.5229206,0.1849963515996933,0.9990167021751404,0.44836220145225525
YPL163C,YIL123W,0,-1.5235531,0.1849626749753952,0.9990167021751404,0.4484623968601227
YNR030W,YBR223C,0,-1.5237213,0.1849290132522583,0.9990167021751404,0.4485625624656677
YBR257W,YDR067C,0,-1.5247252,0.1848953664302826,0.9990167021751404,0.44866272807121277
YJL097W,YGR185C,0,-1.5253977,0.18486171960830688,0.9990167021751404,0.4487628936767578
YLL051C,YGR165W,0,-1.5257485,0.18482808768749237,0.9990167021751404,0.44886305928230286
YJL090C,YOR192C,0,-1.5257491,0.18479447066783905,0.9990167021751404,0.4489632248878479
YLR153C,YGL058W,0,-1.52593,0.18476086854934692,0.9990167021751404,0.44906342029571533
YKR100C,YLL035W,0,-1.5261955,0.1847272664308548,0.9990167021751404,0.4491635859012604
YMR208W,YMR026C,0,-1.5266249,0.18469369411468506,0.9990167021751404,0.4492637515068054
YHR172W,YLR078C,0,-1.5267465,0.18466012179851532,0.9990167021751404,0.44936391711235046
YOR285W,YBR166C,0,-1.5276756,0.18462656438350677,0.9990167021751404,0.4494640827178955
YML128C,YNL294C,0,-1.5280484,0.18459302186965942,0.9990167021751404,0.44956424832344055
YDR494W,YDR419W,0,-1.5284553,0.18455949425697327,0.9990167021751404,0.449664443731308
YPR200C,YNL297C,0,-1.5285735,0.1845259666442871,0.9990167021751404,0.449764609336853
YIL088C,YDL047W,0,-1.5288656,0.18449246883392334,0.9990167021751404,0.44986477494239807
YBR045C,YOR389W,0,-1.5298405,0.18445897102355957,0.9990167021751404,0.4499649405479431
YCL074W,YPL031C,0,-1.5302451,0.184425488114357,0.9990167021751404,0.45006510615348816
YPR042C,YKL099C,0,-1.5312002,0.1843920201063156,0.9990167021751404,0.4501652717590332
YLL053C,YEL052W,0,-1.5312922,0.18435855209827423,0.9990167021751404,0.45026543736457825
YMR156C,YLR039C,0,-1.5329659,0.18432511389255524,0.9990167021751404,0.4503656327724457
YMR053C,YBL106C,0,-1.5335088,0.18429167568683624,0.9990167021751404,0.4504657983779907
YNL070W,YOL028C,0,-1.5338302,0.18425825238227844,0.9990167021751404,0.45056596398353577
YPL281C,YHL016C,0,-1.5340235,0.18422484397888184,0.9990167021751404,0.4506661295890808
YPL126W,YOR039W,0,-1.5341148,0.18419145047664642,0.9990167021751404,0.45076629519462585
YGL092W,YGL037C,0,-1.5344565,0.184158056974411,0.9990167021751404,0.4508664608001709
YPL058C,YGR123C,0,-1.5348226,0.1841246783733368,0.9990167021751404,0.45096665620803833
YER061C,YBR130C,0,-1.5348679,0.18409131467342377,0.9990167021751404,0.4510668218135834
YGR017W,YIR032C,0,-1.5356078,0.18405796587467194,0.9990167021751404,0.4511669874191284
YLR183C,YNL130C,0,-1.5365493,0.1840246319770813,0.9990167021751404,0.45126715302467346
YDR289C,YBR211C,0,-1.5366225,0.18399131298065186,0.9990167021751404,0.4513673186302185
YML056C,YHL036W,0,-1.5378098,0.1839579939842224,0.9990167021751404,0.45146748423576355
YJR015W,YLR418C,0,-1.5381813,0.18392468988895416,0.9990167021751404,0.451567679643631
YLR429W,YOR155C,0,-1.5383761,0.1838914006948471,0.9990167021751404,0.451667845249176
YIL009C-A,YMR094W,0,-1.5386283,0.18385812640190125,0.9990167021751404,0.45176801085472107
YJL065C,YCL057W,0,-1.5391966,0.18382486701011658,0.9990167021751404,0.4518681764602661
YLR343W,YPL065W,0,-1.5394593,0.1837916076183319,0.9990167021751404,0.45196834206581116
YLR044C,YHR029C,0,-1.5408219,0.18375836312770844,0.9990167021751404,0.4520685076713562
YML099C,YBL074C,0,-1.5409222,0.18372513353824615,0.9990167021751404,0.45216867327690125
YDR056C,YPR204W,0,-1.5421237,0.18369191884994507,0.9990167021751404,0.4522688686847687
YML113W,YKL040C,0,-1.542628,0.18365871906280518,0.9990167021751404,0.4523690342903137
YCL069W,YDR312W,0,-1.5432627,0.18362551927566528,0.9990167021751404,0.45246919989585876
YOR363C,YHR082C,0,-1.543503,0.18359233438968658,0.9990167021751404,0.4525693655014038
YNL175C,YOR159C,0,-1.5438182,0.18355916440486908,0.9990167021751404,0.45266953110694885
YGL025C,YLR247C,0,-1.5439208,0.18352600932121277,0.9990167021751404,0.4527696967124939
YPR143W,YLR337C,0,-1.5442352,0.18349286913871765,0.9990167021751404,0.45286989212036133
YPL177C,YBR010W,0,-1.5449193,0.18345972895622253,0.9990167021751404,0.45297005772590637
YDR501W,YCR026C,0,-1.5451448,0.1834266185760498,0.9990167021751404,0.4530702233314514
YGL168W,YDR172W,0,-1.545851,0.18339350819587708,0.9990167021751404,0.45317038893699646
YMR267W,YOR291W,0,-1.546262,0.18336039781570435,0.9990167021751404,0.4532705545425415
YBR170C,YNL311C,0,-1.546279,0.183327317237854,0.9990167021751404,0.45337072014808655
YLR207W,YGL030W,0,-1.546581,0.18329425156116486,0.9990167021751404,0.4534708857536316
YJL053W,YLR337C,0,-1.5471228,0.1832611858844757,0.9990167021751404,0.453571081161499
YFL002W-B,YFR041C,0,-1.5471256,0.18322813510894775,0.9990167021751404,0.45367124676704407
YCR010C,YNL268W,0,-1.5476689,0.183195099234581,0.9990167021751404,0.4537714123725891
YOR084W,YDR138W,0,-1.5478425,0.18316206336021423,0.9990167021751404,0.45387157797813416
YBR119W,YBR084W,0,-1.5480404,0.18312905728816986,0.9990167021751404,0.4539717435836792
YHR017W,YGL253W,0,-1.5483692,0.1830960512161255,0.9990167021751404,0.45407190918922424
YGR181W,YKL205W,0,-1.5484202,0.1830630600452423,0.9990167021751404,0.4541721045970917
YCR036W,YPL204W,0,-1.548741,0.18303008377552032,0.9990167021751404,0.4542722702026367
YPL244C,YGL122C,0,-1.5493978,0.18299712240695953,0.9990167021751404,0.45437243580818176
YER185W,YML060W,0,-1.5499142,0.18296416103839874,0.9990167021751404,0.4544726014137268
YDR062W,YNL137C,0,-1.5505061,0.18293121457099915,0.9990167021751404,0.45457276701927185
YPL146C,YDR234W,0,-1.5510142,0.18289828300476074,0.9990167021751404,0.4546729326248169
YHR008C,YLR363C,0,-1.5512121,0.18286536633968353,0.9990167021751404,0.4547731280326843
YBR010W,YHR143W,0,-1.5515331,0.18283246457576752,0.9990167021751404,0.45487329363822937
YPR054W,YBL103C,0,-1.5516485,0.1827995628118515,0.9990167021751404,0.4549734592437744
YDL114W,YKR075C,0,-1.5518954,0.18276669085025787,0.9990167021751404,0.45507362484931946
YJL087C,YFL037W,0,-1.552274,0.18273381888866425,0.9990167021751404,0.4551737904548645
YAL020C,YIL090W,0,-1.5533249,0.18270094692707062,0.9990167021751404,0.45527395606040955
YER096W,YMR026C,0,-1.5534668,0.18266810476779938,0.9990167021751404,0.4553741216659546
YOR244W,YKL032C,0,-1.5535657,0.18263526260852814,0.9990167021751404,0.455474317073822
YOR297C,YLL029W,0,-1.5539417,0.18260245025157928,0.9990167021751404,0.45557448267936707
YLR164W,YMR127C,0,-1.5543386,0.18256963789463043,0.9990167021751404,0.4556746482849121
YDR205W,YPL254W,0,-1.5546598,0.18253682553768158,0.9990167021751404,0.45577481389045715
YLR068W,YIL134W,0,-1.5564833,0.18250404298305511,0.9990167021751404,0.4558749794960022
YDL170W,YLR213C,0,-1.5576547,0.18247126042842865,0.9990167021751404,0.45597514510154724
YOR301W,YPR032W,0,-1.5578074,0.18243849277496338,0.9990167021751404,0.4560753405094147
YLR377C,YEL005C,0,-1.5587649,0.1824057400226593,0.9990167021751404,0.4561755061149597
YGR017W,YNR050C,0,-1.5598042,0.18237300217151642,0.9990167021751404,0.45627567172050476
YLR381W,YDR515W,0,-1.5603664,0.18234027922153473,0.9990167021751404,0.4563758373260498
YHR209W,YKL096W-A,0,-1.560852,0.18230755627155304,0.9990167021751404,0.45647600293159485
YBR129C,YBL052C,0,-1.5609808,0.18227484822273254,0.9990167021751404,0.4565761685371399
YLR276C,YBL023C,0,-1.5620046,0.18224215507507324,0.9990167021751404,0.4566763639450073
YNL016W,YJL011C,0,-1.562171,0.18220946192741394,0.9990167021751404,0.45677652955055237
YDR201W,YMR273C,0,-1.562754,0.18217679858207703,0.9990167021751404,0.4568766951560974
YOL151W,YDR436W,0,-1.5632588,0.1821441352367401,0.9990167021751404,0.45697686076164246
YHR077C,YDL200C,0,-1.5655062,0.1821114867925644,0.9990167021751404,0.4570770263671875
YDR092W,YNL102W,0,-1.5655444,0.18207885324954987,0.9990167021751404,0.45717719197273254
YOR076C,YHR147C,0,-1.566124,0.18204623460769653,0.9990167021751404,0.4572773575782776
YNL006W,YIL035C,0,-1.566244,0.1820136159658432,0.9990167021751404,0.457377552986145
YHR058C,YDL105W,0,-1.5677317,0.18198101222515106,0.9990167021751404,0.45747771859169006
YEL017C-A,YBR231C,0,-1.5680903,0.18194842338562012,0.9990167021751404,0.4575778841972351
YLR426W,YLR361C,0,-1.5682955,0.18191584944725037,0.9990167021751404,0.45767804980278015
YDR076W,YDL200C,0,-1.5685198,0.18188327550888062,0.9990167021751404,0.4577782154083252
YFR013W,YDR219C,0,-1.5685904,0.18185073137283325,0.9990167021751404,0.45787838101387024
YEL001C,YOL010W,0,-1.569253,0.1818181872367859,0.9990167021751404,0.45797857642173767
YGL240W,YFR003C,0,-1.5707417,0.18178564310073853,0.9990167021751404,0.4580787420272827
YDL227C,YCR091W,0,-1.5710549,0.18175312876701355,0.9990167021751404,0.45817890763282776
YLR023C,YKL002W,0,-1.5715785,0.18172062933444977,0.9990167021751404,0.4582790732383728
YDR235W,YJR084W,0,-1.5716728,0.181688129901886,0.9990167021751404,0.45837923884391785
YIL018W,YLR092W,0,-1.5719984,0.1816556453704834,0.9990167021751404,0.4584794044494629
YGL163C,YJL081C,0,-1.572443,0.1816231608390808,0.9990167021751404,0.4585795998573303
YIL061C,YHL016C,0,-1.5726833,0.1815907061100006,0.9990167021751404,0.45867976546287537
YBR131W,YEL005C,0,-1.5732646,0.1815582513809204,0.9990167021751404,0.4587799310684204
YDR406W,YDL245C,0,-1.5733224,0.1815258115530014,0.9990167021751404,0.45888009667396545
YPL202C,YNL073W,0,-1.5738887,0.1814933866262436,0.9990167021751404,0.4589802622795105
YJR001W,YHR157W,0,-1.5741417,0.18146097660064697,0.9990167021751404,0.45908042788505554
YHR099W,YIL112W,0,-1.5742052,0.18142856657505035,0.9990167021751404,0.4591805934906006
YNL239W,YMR237W,0,-1.5745146,0.18139618635177612,0.9990167021751404,0.459280788898468
YOL154W,YLR440C,0,-1.5746634,0.1813637912273407,0.9990167021751404,0.45938095450401306
YDR195W,YIL006W,0,-1.5751991,0.18133142590522766,0.9990167021751404,0.4594811201095581
YDR482C,YCR031C,0,-1.5755578,0.18129907548427582,0.9990167021751404,0.45958128571510315
YJR160C,YDR438W,0,-1.5757749,0.18126672506332397,0.9990167021751404,0.4596814513206482
YGL105W,YOR251C,0,-1.5760996,0.18123438954353333,0.9990167021751404,0.45978161692619324
YLL017W,YFL049W,0,-1.5763485,0.18120206892490387,0.9990167021751404,0.45988181233406067
YGR279C,YBR296C,0,-1.5768725,0.1811697632074356,0.9990167021751404,0.4599819779396057
YIL111W,YPR175W,0,-1.5771544,0.18113745748996735,0.9990167021751404,0.46008214354515076
YNR060W,YMR016C,0,-1.5782143,0.18110516667366028,0.9990167021751404,0.4601823091506958
YGL141W,YGR129W,0,-1.5788476,0.1810728907585144,0.9990167021751404,0.46028247475624084
YNL307C,YHL008C,0,-1.5790756,0.18104062974452972,0.9990167021751404,0.4603826403617859
YBR119W,YHR103W,0,-1.5790975,0.18100836873054504,0.9990167021751404,0.46048280596733093
YBL061C,YJL030W,0,-1.5794594,0.18097613751888275,0.9990167021751404,0.46058300137519836
YJR096W,YER140W,0,-1.5801017,0.18094390630722046,0.9990167021751404,0.4606831669807434
YBR279W,YGL203C,0,-1.5805647,0.18091167509555817,0.9990167021751404,0.46078333258628845
YML048W,YNL049C,0,-1.5807168,0.18087947368621826,0.9990167021751404,0.4608834981918335
YIL027C,YDR078C,0,-1.5811336,0.18084727227687836,0.9990167021751404,0.46098366379737854
YOR334W,YDR032C,0,-1.5813464,0.18081508576869965,0.9990167021751404,0.4610838294029236
YPR131C,YNL145W,0,-1.5814788,0.18078291416168213,0.9990167021751404,0.461184024810791
YER099C,YDR056C,0,-1.5819389,0.1807507574558258,0.9990167021751404,0.46128419041633606
YFR005C,YHL017W,0,-1.582154,0.18071860074996948,0.9990167021751404,0.4613843560218811
YCR093W,YNL136W,0,-1.5828575,0.18068645894527435,0.9990167021751404,0.46148452162742615
YDR405W,YOR119C,0,-1.5828838,0.18065433204174042,0.9990167021751404,0.4615846872329712
YER007C-A,YBR045C,0,-1.5838763,0.18062222003936768,0.9990167021751404,0.46168485283851624
YAL023C,YNL052W,0,-1.5843229,0.18059012293815613,0.9990167021751404,0.46178504824638367
YBR212W,YNL145W,0,-1.5845859,0.18055802583694458,0.9990167021751404,0.4618852138519287
YBR299W,YOR246C,0,-1.5847672,0.18052594363689423,0.9990167021751404,0.46198537945747375
YER014W,YNL328C,0,-1.5847676,0.18049387633800507,0.9990167021751404,0.4620855450630188
YPL273W,YOR260W,0,-1.585444,0.1804618090391159,0.9990167021751404,0.46218571066856384
YNL031C,YLR039C,0,-1.5856262,0.18042975664138794,0.9990167021751404,0.4622858762741089
YGR223C,YML032C,0,-1.5858229,0.18039773404598236,0.9990167021751404,0.46238604187965393
YDR380W,YPL004C,0,-1.5869573,0.1803656965494156,0.9990167021751404,0.46248623728752136
YPL198W,YPR167C,0,-1.5884225,0.1803336888551712,0.9990167021751404,0.4625864028930664
YJL117W,YDL017W,0,-1.5889003,0.18030168116092682,0.9990167021751404,0.46268656849861145
YJR051W,YGL172W,0,-1.5889752,0.18026968836784363,0.9990167021751404,0.4627867341041565
YGR174C,YML070W,0,-1.589423,0.18023771047592163,0.9990167021751404,0.46288689970970154
YJR120W,YBR155W,0,-1.5899484,0.18020574748516083,0.9990167021751404,0.4629870653152466
YMR019W,YNL056W,0,-1.5899954,0.18017378449440002,0.9990167021751404,0.463087260723114
YFR003C,YKL126W,0,-1.5900443,0.1801418513059616,0.9990167021751404,0.46318742632865906
YLR259C,YOR327C,0,-1.5900471,0.180109903216362,0.9990167021751404,0.4632875919342041
YOR260W,YOR116C,0,-1.5902593,0.18007798492908478,0.9990167021751404,0.46338775753974915
YML094W,YML115C,0,-1.5903103,0.18004608154296875,0.9990167021751404,0.4634879231452942
YPL104W,YKL124W,0,-1.590316,0.18001417815685272,0.9990167021751404,0.46358808875083923
YJL026W,YJL127C,0,-1.5904667,0.1799822896718979,0.9990167021751404,0.46368828415870667
YDR086C,YNL231C,0,-1.5905094,0.17995040118694305,0.9990167021751404,0.4637884497642517
YGL105W,YCR047C,0,-1.5905279,0.1799185425043106,0.9990167021751404,0.46388861536979675
YKR062W,YOR290C,0,-1.5907882,0.17988668382167816,0.9990167021751404,0.4639887809753418
YJR016C,YNR013C,0,-1.5913987,0.1798548400402069,0.9990167021751404,0.46408894658088684
YCL039W,YBR271W,0,-1.5915116,0.17982301115989685,0.9990167021751404,0.4641891121864319
YDR415C,YGL037C,0,-1.5917505,0.1797911822795868,0.9990167021751404,0.46428927779197693
YFL021W,YKL087C,0,-1.5919058,0.17975938320159912,0.9990167021751404,0.46438947319984436
YHL038C,YMR160W,0,-1.5925715,0.17972758412361145,0.9990167021751404,0.4644896388053894
YNL096C,YKL166C,0,-1.5927956,0.17969578504562378,0.9990167021751404,0.46458980441093445
YKR071C,YDR144C,0,-1.5937002,0.1796640157699585,0.9990167021751404,0.4646899700164795
YNL173C,YDR062W,0,-1.5938185,0.1796322464942932,0.9990167021751404,0.46479013562202454
YHR080C,YIL079C,0,-1.5960214,0.17960049211978912,0.9990167021751404,0.4648903012275696
YGL050W,YOR298W,0,-1.5961301,0.17956875264644623,0.9990167021751404,0.464990496635437
YBR251W,YMR101C,0,-1.5964514,0.17953702807426453,0.9990167021751404,0.46509066224098206
YIR036C,YOR257W,0,-1.5966945,0.17950530350208282,0.9990167021751404,0.4651908278465271
YDL208W,YOR155C,0,-1.5970862,0.17947359383106232,0.9990167021751404,0.46529099345207214
YGR143W,YAL023C,0,-1.5973161,0.179441899061203,0.9990167021751404,0.4653911590576172
YAR010C,YBR170C,0,-1.5976615,0.1794102042913437,0.9990167021751404,0.46549132466316223
YKL191W,YKR002W,0,-1.5979685,0.17937852442264557,0.9990167021751404,0.46559152007102966
YOR224C,YGR026W,0,-1.5980026,0.17934685945510864,0.9990167021751404,0.4656916856765747
YOL092W,YML055W,0,-1.5984954,0.1793152093887329,0.9990167021751404,0.46579185128211975
YBR036C,YGL142C,0,-1.5988777,0.17928357422351837,0.9990167021751404,0.4658920168876648
YMR150C,YMR091C,0,-1.5991795,0.17925193905830383,0.9990167021751404,0.46599218249320984
YPR149W,YJR092W,0,-1.5992241,0.1792203187942505,0.9990167021751404,0.4660923480987549
YBR205W,YDR197W,0,-1.5996164,0.17918871343135834,0.9990167021751404,0.4661925137042999
YIL119C,YFR029W,0,-1.5998943,0.1791571080684662,0.9990167021751404,0.46629270911216736
YMR261C,YOR340C,0,-1.6003706,0.17912553250789642,0.9990167021751404,0.4663928747177124
YLR097C,YPR001W,0,-1.6004201,0.17909395694732666,0.9990167021751404,0.46649304032325745
YDL142C,YER130C,0,-1.601429,0.1790623962879181,0.9990167021751404,0.4665932059288025
YCL031C,YLL029W,0,-1.6015074,0.17903083562850952,0.9990167021751404,0.46669337153434753
YJR127C,YNL059C,0,-1.6018897,0.17899928987026215,0.9990167021751404,0.4667935371398926
YEL017C-A,YOL136C,0,-1.6023247,0.17896775901317596,0.9990167021751404,0.46689373254776
YER044C,YHR186C,0,-1.6023886,0.17893624305725098,0.9990167021751404,0.46699389815330505
YDL197C,YJR042W,0,-1.6023916,0.17890474200248718,0.9990167021751404,0.4670940637588501
YML091C,YDR169C,0,-1.6028233,0.1788732409477234,0.9990167021751404,0.46719422936439514
YKR037C,YPR049C,0,-1.6031098,0.1788417547941208,0.9990167021751404,0.4672943949699402
YNL091W,YBR121C,0,-1.6032779,0.17881028354167938,0.9990167021751404,0.46739456057548523
YDR379W,YNL055C,0,-1.6036568,0.17877881228923798,0.9990167021751404,0.4674947261810303
YGR030C,YML124C,0,-1.6037118,0.17874735593795776,0.9990167021751404,0.4675949215888977
YGR295C,YKL179C,0,-1.6039346,0.17871591448783875,0.9990167021751404,0.46769508719444275
YCL075W,YBL026W,0,-1.6043041,0.17868448793888092,0.9990167021751404,0.4677952527999878
YBL030C,YER060W-A,0,-1.6048034,0.1786530613899231,0.9990167021751404,0.46789541840553284
YOL055C,YDR052C,0,-1.6057835,0.17862166464328766,0.9990167021751404,0.4679955840110779
YKR056W,YDR393W,0,-1.6060679,0.17859026789665222,0.9990167021751404,0.4680957496166229
YPR188C,YPL085W,0,-1.6066316,0.17855887115001678,0.9990167021751404,0.46819594502449036
YIL048W,YDL006W,0,-1.6067911,0.17852750420570374,0.9990167021751404,0.4682961106300354
YPL235W,YFR027W,0,-1.608117,0.17849613726139069,0.9990167021751404,0.46839627623558044
YLL031C,YNL094W,0,-1.6086066,0.17846478521823883,0.9990167021751404,0.4684964418411255
YKL186C,YGR032W,0,-1.6093491,0.17843343317508698,0.9990167021751404,0.46859660744667053
YOR126C,YJR109C,0,-1.609618,0.1784021109342575,0.9990167021751404,0.4686967730522156
YNL015W,YHL019C,0,-1.610066,0.17837078869342804,0.9990167021751404,0.468796968460083
YNR001C,YJR042W,0,-1.6100963,0.17833948135375977,0.9990167021751404,0.46889713406562805
YAL021C,YDL230W,0,-1.6102974,0.1783081740140915,0.9990167021751404,0.4689972996711731
YOR264W,YLL051C,0,-1.6104659,0.1782768964767456,0.9990167021751404,0.46909746527671814
YBR153W,YJL062W,0,-1.6109207,0.17824561893939972,0.9990167021751404,0.4691976308822632
YLR080W,YDL247W,0,-1.6113449,0.17821434140205383,0.9990167021751404,0.4692977964878082
YOR193W,YJR059W,0,-1.6116405,0.17818309366703033,0.9990167021751404,0.46939796209335327
YMR270C,YOR065W,0,-1.6127944,0.17815184593200684,0.9990167021751404,0.4694981575012207
YDR448W,YBR149W,0,-1.612919,0.17812061309814453,0.9990167021751404,0.46959832310676575
YOL030W,YLL061W,0,-1.6132926,0.17808939516544342,0.9990167021751404,0.4696984887123108
YDL139C,YOR257W,0,-1.6136744,0.1780581772327423,0.9990167021751404,0.46979865431785583
YJL035C,YDL164C,0,-1.6158578,0.1780269891023636,0.9990167021751404,0.4698988199234009
YOR126C,YBR248C,0,-1.6159623,0.17799580097198486,0.9990167021751404,0.4699989855289459
YOR207C,YNL129W,0,-1.6174107,0.17796461284160614,0.9990167021751404,0.47009918093681335
YIL134W,YHR109W,0,-1.6174996,0.1779334545135498,0.9990167021751404,0.4701993465423584
YOR018W,YER087C-A,0,-1.6196473,0.17790229618549347,0.9990167021751404,0.47029951214790344
YAR007C,YHR067W,0,-1.6200507,0.17787115275859833,0.9990167021751404,0.4703996777534485
YLR052W,YER045C,0,-1.620716,0.17784000933170319,0.9990167021751404,0.47049984335899353
YHL050C,YDR031W,0,-1.620754,0.17780889570713043,0.9990167021751404,0.4706000089645386
YOR355W,YGR178C,0,-1.6208897,0.17777778208255768,0.9990167021751404,0.470700204372406
YBR129C,YOL122C,0,-1.6210558,0.17774668335914612,0.9990167021751404,0.47080036997795105
YGR095C,YPL213W,0,-1.6212822,0.17771558463573456,0.9990167021751404,0.4709005355834961
YPR105C,YFR003C,0,-1.621311,0.1776845008134842,0.9990167021751404,0.47100070118904114
YNL318C,YGR118W,0,-1.6217172,0.17765343189239502,0.9990167021751404,0.4711008667945862
YKL179C,YGR129W,0,-1.6224167,0.17762237787246704,0.9990167021751404,0.4712010324001312
YNL236W,YGR191W,0,-1.6227014,0.17759132385253906,0.9990167021751404,0.47130119800567627
YLR024C,YBR283C,0,-1.6228778,0.17756029963493347,0.9990167021751404,0.4714013934135437
YGL005C,YBL074C,0,-1.62338,0.1775292605161667,0.9990167021751404,0.47150155901908875
YCR039C,YNR074C,0,-1.6243967,0.1774982511997223,0.9990167021751404,0.4716017246246338
YCR057C,YDR486C,0,-1.6245737,0.1774672418832779,0.9990167021751404,0.47170189023017883
YML031W,YCL043C,0,-1.6245885,0.17743626236915588,0.9990167021751404,0.4718020558357239
YEL005C,YDR449C,0,-1.6249038,0.17740526795387268,0.9990167021751404,0.4719022214412689
YDR047W,YDR115W,0,-1.625484,0.17737430334091187,0.9990167021751404,0.47200241684913635
YMR240C,YBR205W,0,-1.6255801,0.17734333872795105,0.9990167021751404,0.4721025824546814
YKL069W,YDL231C,0,-1.6268654,0.17731238901615143,0.9990167021751404,0.47220274806022644
YBR107C,YOR150W,0,-1.6274762,0.177281454205513,0.9990167021751404,0.4723029136657715
YEL048C,YER114C,0,-1.6277964,0.17725051939487457,0.9990167021751404,0.47240307927131653
YKL196C,YHR206W,0,-1.6280085,0.17721959948539734,0.9990167021751404,0.4725032448768616
YDL139C,YDR140W,0,-1.628588,0.1771886944770813,0.9990167021751404,0.472603440284729
YCR094W,YCL018W,0,-1.6303498,0.17715780436992645,0.9990167021751404,0.47270360589027405
YNL166C,YGL195W,0,-1.6304027,0.1771269142627716,0.9990167021751404,0.4728037714958191
YLR182W,YDR303C,0,-1.6305318,0.17709603905677795,0.9990167021751404,0.47290393710136414
YDR236C,YKL205W,0,-1.6306334,0.1770651787519455,0.9990167021751404,0.4730041027069092
YOR075W,YGL092W,0,-1.6311684,0.17703433334827423,0.9990167021751404,0.4731042683124542
YDL045W-A,YNL095C,0,-1.6314175,0.17700348794460297,0.9990167021751404,0.47320443391799927
YBL039C,YNL010W,0,-1.6326759,0.1769726574420929,0.9990167021751404,0.4733046293258667
YNL173C,YGR055W,0,-1.6333162,0.17694182693958282,0.9990167021751404,0.47340479493141174
YNL262W,YER012W,0,-1.6335181,0.17691102623939514,0.9990167021751404,0.4735049605369568
YLR425W,YLR052W,0,-1.6338876,0.17688022553920746,0.9990167021751404,0.47360512614250183
YBR205W,YOR204W,0,-1.6340288,0.17684943974018097,0.9990167021751404,0.4737052917480469
YPR204W,YDL033C,0,-1.6341348,0.17681865394115448,0.9990167021751404,0.4738054573535919
YDR062W,YOR069W,0,-1.634232,0.17678788304328918,0.9990167021751404,0.47390565276145935
YGR268C,YPL189W,0,-1.6352162,0.17675712704658508,0.9990167021751404,0.4740058183670044
YOL030W,YDL145C,0,-1.6353298,0.17672638595104218,0.9990167021751404,0.47410598397254944
YDL065C,YJR117W,0,-1.6363802,0.17669564485549927,0.9990167021751404,0.4742061495780945
YBL056W,YNL107W,0,-1.638475,0.17666493356227875,0.9990167021751404,0.4743063151836395
YBR043C,YER117W,0,-1.6387361,0.17663420736789703,0.9990167021751404,0.47440648078918457
YML052W,YJL089W,0,-1.6389124,0.1766035109758377,0.9990167021751404,0.474506676197052
YEL006W,YOL139C,0,-1.6400042,0.17657281458377838,0.9990167021751404,0.47460684180259705
YOR391C,YIL036W,0,-1.6403179,0.17654213309288025,0.9990167021751404,0.4747070074081421
YBR278W,YGR071C,0,-1.640929,0.1765114665031433,0.9990167021751404,0.47480717301368713
YKR089C,YGR286C,0,-1.6421006,0.17648079991340637,0.9990167021751404,0.4749073386192322
YGR144W,YML060W,0,-1.6421671,0.17645016312599182,0.9990167021751404,0.4750075042247772
YAL034W-A,YGR103W,0,-1.6430525,0.17641951143741608,0.9990167021751404,0.47510766983032227
YGR002C,YER103W,0,-1.6434624,0.17638888955116272,0.9990167021751404,0.4752078652381897
YJR130C,YHR142W,0,-1.6441664,0.17635826766490936,0.9990167021751404,0.47530803084373474
YMR109W,YCR092C,0,-1.6444621,0.1763276606798172,0.9990167021751404,0.4754081964492798
YMR019W,YML055W,0,-1.6445656,0.17629706859588623,0.9990167021751404,0.47550836205482483
YOL066C,YPR001W,0,-1.6453246,0.17626647651195526,0.9990167021751404,0.4756085276603699
YPL021W,YDR330W,0,-1.6454538,0.17623589932918549,0.9990167021751404,0.4757086932659149
YLR223C,YOR046C,0,-1.6461053,0.1762053370475769,0.9990167021751404,0.47580888867378235
YDR100W,YKL117W,0,-1.6464441,0.17617478966712952,0.9990167021751404,0.4759090542793274
YGL172W,YHR028C,0,-1.6473217,0.17614424228668213,0.9990167021751404,0.47600921988487244
YLR411W,YDL107W,0,-1.6475315,0.17611370980739594,0.9990167021751404,0.4761093854904175
YJR070C,YMR241W,0,-1.6481463,0.17608319222927094,0.9990167021751404,0.4762095510959625
YLR206W,YKL149C,0,-1.6487758,0.17605267465114594,0.9990167021751404,0.47630971670150757
YJR149W,YLR008C,0,-1.6492817,0.17602217197418213,0.9990167021751404,0.4764098823070526
YNR040W,YML102W,0,-1.6493926,0.17599168419837952,0.9990167021751404,0.47651007771492004
YOR085W,YMR041C,0,-1.6496344,0.1759612113237381,0.9990167021751404,0.4766102433204651
YNR017W,YNR002C,0,-1.6496446,0.17593073844909668,0.9990167021751404,0.47671040892601013
YNL318C,YGR204W,0,-1.64974,0.17590028047561646,0.9990167021751404,0.4768105745315552
YKR088C,YHR174W,0,-1.6508185,0.17586982250213623,0.9990167021751404,0.4769107401371002
YNL261W,YKL172W,0,-1.6509402,0.1758393943309784,0.9990167021751404,0.47701090574264526
YAR042W,YLR350W,0,-1.6511297,0.17580896615982056,0.9990167021751404,0.4771111011505127
YDR238C,YKL063C,0,-1.6517824,0.1757785528898239,0.9990167021751404,0.47721126675605774
YMR297W,YMR016C,0,-1.6520197,0.17574813961982727,0.9990167021751404,0.4773114323616028
YCR005C,YKL020C,0,-1.6528388,0.17571774125099182,0.9990167021751404,0.4774115979671478
YML012W,YNL278W,0,-1.6529187,0.17568735778331757,0.9990167021751404,0.47751176357269287
YKL183W,YLL014W,0,-1.653027,0.1756569892168045,0.9990167021751404,0.4776119291782379
YMR290C,YNR061C,0,-1.6532067,0.17562662065029144,0.9990167021751404,0.47771212458610535
YBR055C,YJR005W,0,-1.6532917,0.17559626698493958,0.9990167021751404,0.4778122901916504
YDL124W,YDR312W,0,-1.6534746,0.1755659282207489,0.9990167021751404,0.47791245579719543
YHL036W,YDL148C,0,-1.6540536,0.17553558945655823,0.9990167021751404,0.4780126214027405
YIL051C,YMR257C,0,-1.6542556,0.17550526559352875,0.9990167021751404,0.4781127870082855
YDR490C,YOR020C,0,-1.6546361,0.17547495663166046,0.9990167021751404,0.47821295261383057
YIR006C,YPL150W,0,-1.6547697,0.17544466257095337,0.9990167021751404,0.4783131182193756
YPR134W,YLR194C,0,-1.6550019,0.17541436851024628,0.9990167021751404,0.47841331362724304
YJR076C,YOR338W,0,-1.6554756,0.17538408935070038,0.9990167021751404,0.4785134792327881
YFL029C,YBL052C,0,-1.6561509,0.17535381019115448,0.9990167021751404,0.47861364483833313
YDL015C,YHL016C,0,-1.6562202,0.17532356083393097,0.9990167021751404,0.4787138104438782
YKR066C,YML088W,0,-1.6565565,0.17529331147670746,0.9990167021751404,0.4788139760494232
YOR297C,YCL052C,0,-1.6566852,0.17526306211948395,0.9990167021751404,0.47891414165496826
YCR096C,YNL092W,0,-1.6567918,0.17523284256458282,0.9990167021751404,0.4790143370628357
YPR105C,YDR306C,0,-1.656831,0.1752026230096817,0.9990167021751404,0.47911450266838074
YKL062W,YHL040C,0,-1.6573465,0.17517241835594177,0.9990167021751404,0.4792146682739258
YIL119C,YGR040W,0,-1.6573505,0.17514221370220184,0.9990167021751404,0.4793148338794708
YDL139C,YNL138W,0,-1.6578221,0.1751120239496231,0.9990167021751404,0.47941499948501587
YDR087C,YDL149W,0,-1.6581349,0.17508184909820557,0.9990167021751404,0.4795151650905609
YBR066C,YHR020W,0,-1.6589901,0.17505168914794922,0.9990167021751404,0.47961536049842834
YOL056W,YPL167C,0,-1.6593742,0.17502152919769287,0.9990167021751404,0.4797155261039734
YKL088W,YDL028C,0,-1.6595435,0.17499138414859772,0.9990167021751404,0.47981569170951843
YHR011W,YJR058C,0,-1.6598812,0.17496125400066376,0.9990167021751404,0.4799158573150635
YOL107W,YGR222W,0,-1.660391,0.1749311238527298,0.9990167021751404,0.4800160229206085
YDR072C,YLR312W-A,0,-1.6607627,0.17490100860595703,0.9990167021751404,0.48011618852615356
YMR246W,YHR157W,0,-1.661316,0.17487090826034546,0.9990167021751404,0.4802163541316986
YDR395W,YOL100W,0,-1.6620098,0.17484082281589508,0.9990167021751404,0.48031654953956604
YDR332W,YMR163C,0,-1.6620178,0.1748107373714447,0.9990167021751404,0.4804167151451111
YDR315C,YDR244W,0,-1.6620433,0.17478066682815552,0.9990167021751404,0.48051688075065613
YDR434W,YPR114W,0,-1.6623282,0.17475059628486633,0.9990167021751404,0.48061704635620117
YLR106C,YAL017W,0,-1.6626004,0.17472055554389954,0.9990167021751404,0.4807172119617462
YKL016C,YBR081C,0,-1.662884,0.17469051480293274,0.9990167021751404,0.48081737756729126
YER030W,YLR396C,0,-1.663434,0.17466047406196594,0.9990167021751404,0.4809175729751587
YCR036W,YKR037C,0,-1.6641951,0.17463046312332153,0.9990167021751404,0.48101773858070374
YER106W,YNL281W,0,-1.6646886,0.17460045218467712,0.9990167021751404,0.4811179041862488
YOR148C,YER044C,0,-1.6647978,0.17457044124603271,0.9990167021751404,0.4812180697917938
YOL038W,YGR199W,0,-1.6650159,0.1745404601097107,0.9990167021751404,0.48131823539733887
YBR107C,YBR297W,0,-1.6653347,0.17451047897338867,0.9990167021751404,0.4814184010028839
YNR017W,YER041W,0,-1.6654662,0.17448051273822784,0.9990167021751404,0.48151859641075134
YAR019C,YHR059W,0,-1.6655025,0.17445054650306702,0.9990167021751404,0.4816187620162964
YAL026C,YKR105C,0,-1.6661555,0.17442059516906738,0.9990167021751404,0.48171892762184143
YER110C,YJR139C,0,-1.666172,0.17439065873622894,0.9990167021751404,0.4818190932273865
YBR268W,YFR013W,0,-1.6678944,0.1743607372045517,0.9990167021751404,0.4819192588329315
YOL059W,YCR021C,0,-1.6680024,0.17433081567287445,0.9990167021751404,0.48201942443847656
YMR043W,YEL017C-A,0,-1.6685097,0.1743009090423584,0.9990167021751404,0.4821195900440216
YBR052C,YGR268C,0,-1.6687167,0.17427101731300354,0.9990167021751404,0.48221978545188904
YLL035W,YBR066C,0,-1.6688555,0.17424112558364868,0.9990167021751404,0.4823199510574341
YBR131W,YDL046W,0,-1.6691301,0.17421124875545502,0.9990167021751404,0.4824201166629791
YBR123C,YPR192W,0,-1.6695858,0.17418138682842255,0.9990167021751404,0.48252028226852417
YML074C,YLR440C,0,-1.670698,0.17415152490139008,0.9990167021751404,0.4826204478740692
YOR132W,YNL297C,0,-1.671741,0.1741216778755188,0.9990167021751404,0.48272061347961426
YKR088C,YEL001C,0,-1.6718099,0.17409184575080872,0.9990167021751404,0.4828208088874817
YGR122W,YGR088W,0,-1.6720235,0.17406201362609863,0.9990167021751404,0.48292097449302673
YLR251W,YCR065W,0,-1.6723244,0.17403219640254974,0.9990167021751404,0.4830211400985718
YJR022W,YGR283C,0,-1.6728806,0.17400239408016205,0.9990167021751404,0.4831213057041168
YGL004C,YCR077C,0,-1.6728978,0.17397260665893555,0.9990167021751404,0.48322147130966187
YPL153C,YLR251W,0,-1.6733298,0.17394281923770905,0.9990167021751404,0.4833216369152069
YDR304C,YJR089W,0,-1.6734033,0.17391304671764374,0.9990167021751404,0.48342180252075195
YJL144W,YCR030C,0,-1.6734357,0.17388327419757843,0.9990167021751404,0.4835219979286194
YLR413W,YMR220W,0,-1.6741607,0.1738535314798355,0.9990167021751404,0.48362216353416443
YKL079W,YDL215C,0,-1.6743454,0.1738237738609314,0.9990167021751404,0.4837223291397095
YMR256C,YHR167W,0,-1.6745198,0.17379404604434967,0.9990167021751404,0.4838224947452545
YLR383W,YBL017C,0,-1.6748537,0.17376431822776794,0.9990167021751404,0.48392266035079956
YGL073W,YDR178W,0,-1.6753421,0.1737346053123474,0.9990167021751404,0.4840228259563446
YDL230W,YBR286W,0,-1.6761123,0.17370490729808807,0.9990167021751404,0.48412302136421204
YDL030W,YIL043C,0,-1.6762741,0.17367520928382874,0.9990167021751404,0.4842231869697571
YOR201C,YPL074W,0,-1.676544,0.1736455261707306,0.9990167021751404,0.4843233525753021
YJL034W,YLR325C,0,-1.6766964,0.17361585795879364,0.9990167021751404,0.48442351818084717
YJL212C,YBR237W,0,-1.6769257,0.1735861897468567,0.9990167021751404,0.4845236837863922
YLR115W,YIL171W,0,-1.6787294,0.17355653643608093,0.9990167021751404,0.48462384939193726
YIL030C,YGR094W,0,-1.6790881,0.17352689802646637,0.9990167021751404,0.4847240447998047
YAR042W,YGR271W,0,-1.6794213,0.173497274518013,0.9990167021751404,0.48482421040534973
YOL098C,YIL043C,0,-1.6798735,0.17346765100955963,0.9990167021751404,0.4849243760108948
YLR025W,YMR205C,0,-1.6801281,0.17343802750110626,0.9990167021751404,0.4850245416164398
YFL041W,YOL102C,0,-1.6806177,0.17340843379497528,0.9990167021751404,0.48512470722198486
YDR096W,YML115C,0,-1.6806653,0.1733788400888443,0.9990167021751404,0.4852248728275299
YOR297C,YNR057C,0,-1.6807252,0.1733492612838745,0.9990167021751404,0.48532503843307495
YMR166C,YNL133C,0,-1.6811935,0.17331968247890472,0.9990167021751404,0.4854252338409424
YOL138C,YNL221C,0,-1.6824247,0.17329011857509613,0.9990167021751404,0.4855253994464874
YKL126W,YPL200W,0,-1.6828268,0.17326056957244873,0.9990167021751404,0.48562556505203247
YDL030W,YKL028W,0,-1.6831148,0.17323103547096252,0.9990167021751404,0.4857257306575775
YGR004W,YAL039C,0,-1.683149,0.17320150136947632,0.9990167021751404,0.48582589626312256
YEL037C,YGL092W,0,-1.6832242,0.1731719821691513,0.9990167021751404,0.4859260618686676
YJR078W,YCR045C,0,-1.6843348,0.1731424629688263,0.9990167021751404,0.48602625727653503
YBR172C,YML082W,0,-1.6846623,0.17311297357082367,0.9990167021751404,0.4861264228820801
YJL216C,YJR029W,0,-1.6852062,0.17308346927165985,0.9990167021751404,0.4862265884876251
YPR149W,YOR372C,0,-1.6857665,0.17305399477481842,0.9990167021751404,0.48632675409317017
YGR191W,YDR007W,0,-1.6857829,0.173024520277977,0.9990167021751404,0.4864269196987152
YDL074C,YKL119C,0,-1.6860712,0.17299506068229675,0.9990167021751404,0.48652708530426025
YJR053W,YOL149W,0,-1.6864486,0.1729656159877777,0.9990167021751404,0.4866272807121277
YOL065C,YCL027W,0,-1.6865473,0.17293617129325867,0.9990167021751404,0.48672744631767273
YDR373W,YOL098C,0,-1.6873326,0.17290674149990082,0.9990167021751404,0.4868276119232178
YNL214W,YER019C-A,0,-1.6873589,0.17287731170654297,0.9990167021751404,0.4869277775287628
YGR030C,YDR501W,0,-1.687722,0.1728479117155075,0.9990167021751404,0.48702794313430786
YOL070C,YGR245C,0,-1.6879019,0.17281851172447205,0.9990167021751404,0.4871281087398529
YBR192W,YDR403W,0,-1.6882875,0.17278911173343658,0.9990167021751404,0.48722827434539795
YPL119C,YOR194C,0,-1.6887867,0.1727597415447235,0.9990167021751404,0.4873284697532654
YDL065C,YNL244C,0,-1.6888142,0.17273035645484924,0.9990167021751404,0.4874286353588104
YOL052C-A,YPR007C,0,-1.6896346,0.17270100116729736,0.9990167021751404,0.48752880096435547
YDR047W,YGL238W,0,-1.6896721,0.17267164587974548,0.9990167021751404,0.4876289665699005
YOL051W,YAL002W,0,-1.690815,0.1726423054933548,0.9990167021751404,0.48772913217544556
YKL064W,YCR021C,0,-1.6908853,0.1726129800081253,0.9990167021751404,0.4878292977809906
YJL073W,YER130C,0,-1.692698,0.1725836545228958,0.9990167021751404,0.48792949318885803
YOR304W,YKL089W,0,-1.6927593,0.17255434393882751,0.9990167021751404,0.4880296587944031
YDL017W,YER147C,0,-1.693094,0.1725250482559204,0.9990167021751404,0.4881298243999481
YPR135W,YBR251W,0,-1.6932149,0.1724957525730133,0.9990167021751404,0.48822999000549316
YOL055C,YPL027W,0,-1.693281,0.1724664717912674,0.9990167021751404,0.4883301556110382
YPR007C,YHR066W,0,-1.6940962,0.17243720591068268,0.9990167021751404,0.48843032121658325
YDR406W,YNL306W,0,-1.6950104,0.17240794003009796,0.9990167021751404,0.4885305166244507
YML023C,YOR147W,0,-1.6951263,0.17237868905067444,0.9990167021751404,0.4886306822299957
YBR118W,YCR014C,0,-1.6957171,0.1723494529724121,0.9990167021751404,0.48873084783554077
YML049C,YOR180C,0,-1.6957452,0.17232021689414978,0.9990167021751404,0.4888310134410858
YMR034C,YMR193W,0,-1.6959221,0.17229099571704865,0.9990167021751404,0.48893117904663086
YDR469W,YIL172C,0,-1.6964734,0.1722617894411087,0.9990167021751404,0.4890313446521759
YJL221C,YOL126C,0,-1.6967045,0.17223258316516876,0.9990167021751404,0.48913151025772095
YKL144C,YCR077C,0,-1.6969302,0.17220339179039001,0.9990167021751404,0.4892317056655884
YDR464W,YPR063C,0,-1.6976107,0.17217420041561127,0.9990167021751404,0.4893318712711334
YJR049C,YOR353C,0,-1.6977003,0.1721450388431549,0.9990167021751404,0.48943203687667847
YNL262W,YBL052C,0,-1.6984179,0.17211587727069855,0.9990167021751404,0.4895322024822235
YDR296W,YML004C,0,-1.698428,0.1720867156982422,0.9990167021751404,0.48963236808776855
YDR179C,YOL064C,0,-1.698453,0.17205758392810822,0.9990167021751404,0.4897325336933136
YEL001C,YKR036C,0,-1.6988809,0.17202845215797424,0.9990167021751404,0.48983272910118103
YDR075W,YER031C,0,-1.6990771,0.17199932038784027,0.9990167021751404,0.4899328947067261
YER046W,YIL132C,0,-1.6999941,0.1719702035188675,0.9990167021751404,0.4900330603122711
YLR176C,YLR394W,0,-1.7000148,0.1719411015510559,0.9990167021751404,0.49013322591781616
YFL049W,YDR057W,0,-1.7005785,0.17191201448440552,0.9990167021751404,0.4902333915233612
YPL121C,YMR006C,0,-1.7009041,0.17188292741775513,0.9990167021751404,0.49033355712890625
YMR009W,YJL044C,0,-1.7012044,0.17185385525226593,0.9990167021751404,0.4904337227344513
YLR001C,YLR050C,0,-1.701223,0.17182479798793793,0.9990167021751404,0.4905339181423187
YER048W-A,YOR124C,0,-1.7021427,0.17179574072360992,0.9990167021751404,0.49063408374786377
YKR031C,YBR006W,0,-1.7025875,0.17176669836044312,0.9990167021751404,0.4907342493534088
YOL010W,YDL024C,0,-1.7028738,0.1717376559972763,0.9990167021751404,0.49083441495895386
YDL205C,YDR254W,0,-1.7030958,0.17170864343643188,0.9990167021751404,0.4909345805644989
YLR215C,YHR057C,0,-1.7037392,0.17167961597442627,0.9990167021751404,0.49103474617004395
YDL137W,YOR275C,0,-1.7040098,0.17165061831474304,0.9990167021751404,0.4911349415779114
YER106W,YDR279W,0,-1.7045848,0.17162162065505981,0.9990167021751404,0.4912351071834564
YEL040W,YJR004C,0,-1.705539,0.17159263789653778,0.9990167021751404,0.49133527278900146
YEL005C,YGL113W,0,-1.7056818,0.17156365513801575,0.9990167021751404,0.4914354383945465
YLR413W,YMR301C,0,-1.7057813,0.1715347021818161,0.9990167021751404,0.49153560400009155
YOL040C,YJR066W,0,-1.7060931,0.17150573432445526,0.9990167021751404,0.4916357696056366
YOR034C,YBR207W,0,-1.706181,0.1714767962694168,0.9990167021751404,0.49173596501350403
YJL060W,YOR180C,0,-1.7062354,0.17144785821437836,0.9990167021751404,0.4918361306190491
YCR039C,YCR081W,0,-1.7063994,0.1714189350605011,0.9990167021751404,0.4919362962245941
YDR404C,YOR151C,0,-1.7067647,0.17139001190662384,0.9990167021751404,0.49203646183013916
YIL053W,YOR357C,0,-1.7068591,0.17136110365390778,0.9990167021751404,0.4921366274356842
YMR218C,YGR179C,0,-1.7069842,0.1713322103023529,0.9990167021751404,0.49223679304122925
YOL142W,YHR119W,0,-1.7070925,0.17130331695079803,0.9990167021751404,0.4923369586467743
YBL013W,YLR204W,0,-1.7072704,0.17127443850040436,0.9990167021751404,0.4924371540546417
YPR031W,YDR259C,0,-1.7072912,0.17124557495117188,0.9990167021751404,0.49253731966018677
YMR171C,YKL132C,0,-1.7079759,0.1712167114019394,0.9990167021751404,0.4926374852657318
YLR426W,YFL033C,0,-1.7081106,0.1711878627538681,0.9990167021751404,0.49273765087127686
YPL026C,YLR391W,0,-1.7081563,0.171159029006958,0.9990167021751404,0.4928378164768219
YIL144W,YER184C,0,-1.7082317,0.1711301952600479,0.9990167021751404,0.49293798208236694
YNL127W,YOR099W,0,-1.7083051,0.171101376414299,0.9990167021751404,0.4930381774902344
YOR067C,YDL200C,0,-1.70853,0.1710725724697113,0.9990167021751404,0.4931383430957794
YNL020C,YJL026W,0,-1.7085977,0.1710437685251236,0.9990167021751404,0.49323850870132446
YJL128C,YGR251W,0,-1.7086234,0.17101497948169708,0.9990167021751404,0.4933386743068695
YBR158W,YLR403W,0,-1.7092652,0.17098620533943176,0.9990167021751404,0.49343883991241455
YJL011C,YDR067C,0,-1.7093136,0.17095743119716644,0.9990167021751404,0.4935390055179596
YBR078W,YNL263C,0,-1.7094837,0.17092867195606232,0.9990167021751404,0.493639200925827
YMR100W,YGR005C,0,-1.709697,0.1708999127149582,0.9990167021751404,0.49373936653137207
YER072W,YMR228W,0,-1.7102093,0.17087116837501526,0.9990167021751404,0.4938395321369171
YMR264W,YAL062W,0,-1.7103,0.17084243893623352,0.9990167021751404,0.49393969774246216
YDR289C,YER123W,0,-1.7104287,0.17081372439861298,0.9990167021751404,0.4940398633480072
YMR045C,YMR272C,0,-1.7117438,0.17078500986099243,0.9990167021751404,0.49414002895355225
YLR446W,YJL098W,0,-1.7118883,0.1707562953233719,0.9990167021751404,0.4942401945590973
YJL053W,YML074C,0,-1.7133158,0.17072761058807373,0.9990167021751404,0.4943403899669647
YDR444W,YHR129C,0,-1.7133358,0.17069892585277557,0.9990167021751404,0.49444055557250977
YDR495C,YPR127W,0,-1.7137799,0.1706702560186386,0.9990167021751404,0.4945407211780548
YER045C,YMR302C,0,-1.7138798,0.17064158618450165,0.9990167021751404,0.49464088678359985
YNL194C,YNL029C,0,-1.7138922,0.17061293125152588,0.9990167021751404,0.4947410523891449
YGL040C,YOR226C,0,-1.7144871,0.1705842912197113,0.9990167021751404,0.49484121799468994
YDR139C,YML077W,0,-1.7146602,0.17055565118789673,0.9990167021751404,0.4949414134025574
YCR012W,YKL194C,0,-1.7148995,0.17052702605724335,0.9990167021751404,0.4950415790081024
YGR221C,YDL179W,0,-1.7154967,0.17049840092658997,0.9990167021751404,0.49514174461364746
YPR006C,YIL038C,0,-1.7155851,0.17046980559825897,0.9990167021751404,0.4952419102191925
YDR205W,YGL119W,0,-1.7157965,0.17044119536876678,0.9990167021751404,0.49534207582473755
YJL101C,YPR184W,0,-1.7158823,0.17041261494159698,0.9990167021751404,0.4954422414302826
YGR029W,YPL105C,0,-1.7160678,0.17038403451442719,0.9990167021751404,0.49554243683815
YLL035W,YER087W,0,-1.7165768,0.17035546898841858,0.9990167021751404,0.49564260244369507
YER049W,YDR137W,0,-1.7167932,0.17032690346240997,0.9990167021751404,0.4957427680492401
YBR243C,YLR019W,0,-1.716886,0.17029835283756256,0.9990167021751404,0.49584293365478516
YPR091C,YLR042C,0,-1.7174103,0.17026981711387634,0.9990167021751404,0.4959430992603302
YBR078W,YDR453C,0,-1.7174491,0.17024128139019012,0.9990167021751404,0.49604326486587524
YLR139C,YPR119W,0,-1.7180423,0.1702127605676651,0.9990167021751404,0.4961434304714203
YIL007C,YMR098C,0,-1.7184058,0.17018425464630127,0.9990167021751404,0.4962436258792877
YBR043C,YML057W,0,-1.7188913,0.17015574872493744,0.9990167021751404,0.49634379148483276
YLR183C,YBR128C,0,-1.7189189,0.1701272577047348,0.9990167021751404,0.4964439570903778
YOR266W,YHR033W,0,-1.719266,0.17009878158569336,0.9990167021751404,0.49654412269592285
YBR034C,YHL040C,0,-1.7193813,0.17007030546665192,0.9990167021751404,0.4966442883014679
YLR158C,YER149C,0,-1.7195283,0.17004184424877167,0.9990167021751404,0.49674445390701294
YMR300C,YLR390W-A,0,-1.7196943,0.17001338303089142,0.9990167021751404,0.49684464931488037
YIL007C,YKL150W,0,-1.7202265,0.16998493671417236,0.9990167021751404,0.4969448149204254
YOR172W,YHR033W,0,-1.7202402,0.1699565052986145,0.9990167021751404,0.49704498052597046
YDR332W,YKL109W,0,-1.7202723,0.16992808878421783,0.9990167021751404,0.4971451461315155
YLR328W,YGR143W,0,-1.7205427,0.16989967226982117,0.9990167021751404,0.49724531173706055
YJL053W,YIL173W,0,-1.7207154,0.1698712557554245,0.9990167021751404,0.4973454773426056
YER055C,YJR083C,0,-1.7209747,0.16984286904335022,0.9990167021751404,0.49744564294815063
YOR351C,YOR193W,0,-1.7211229,0.16981446743011475,0.9990167021751404,0.49754583835601807
YLR017W,YOL020W,0,-1.7218902,0.16978609561920166,0.9990167021751404,0.4976460039615631
YJR084W,YBL106C,0,-1.7220573,0.16975772380828857,0.9990167021751404,0.49774616956710815
YGL104C,YDR121W,0,-1.7220805,0.16972936689853668,0.9990167021751404,0.4978463351726532
YHR024C,YHR215W,0,-1.7225864,0.16970102488994598,0.9990167021751404,0.49794650077819824
YDR377W,YBL074C,0,-1.7233384,0.16967268288135529,0.9990167021751404,0.4980466663837433
YNL240C,YJR110W,0,-1.7235014,0.1696443408727646,0.9990167021751404,0.4981468617916107
YOR091W,YFL066C,0,-1.7236395,0.16961602866649628,0.9990167021751404,0.49824702739715576
YHR111W,YMR136W,0,-1.7243981,0.16958771646022797,0.9990167021751404,0.4983471930027008
YJL186W,YML100W,0,-1.7244083,0.16955941915512085,0.9990167021751404,0.49844735860824585
YDR453C,YER012W,0,-1.7244545,0.16953112185001373,0.9990167021751404,0.4985475242137909
YDR080W,YNL123W,0,-1.7244762,0.1695028394460678,0.9990167021751404,0.49864768981933594
YMR262W,YMR302C,0,-1.7255461,0.1694745570421219,0.9990167021751404,0.49874788522720337
YKL186C,YOR123C,0,-1.7256825,0.16944630444049835,0.9990167021751404,0.4988480508327484
YPL148C,YKL156W,0,-1.7258108,0.16941803693771362,0.9990167021751404,0.49894821643829346
YHR122W,YKL029C,0,-1.7259909,0.16938979923725128,0.9990167021751404,0.4990483820438385
YHR096C,YDR298C,0,-1.7261888,0.16936156153678894,0.9990167021751404,0.49914854764938354
YLR203C,YLR460C,0,-1.7264924,0.1693333387374878,0.9990167021751404,0.4992487132549286
YLR153C,YHR214W,0,-1.7270215,0.16930511593818665,0.9990167021751404,0.49934887886047363
YGL151W,YJL112W,0,-1.7283803,0.1692769080400467,0.9990167021751404,0.49944907426834106
YGR084C,YBR125C,0,-1.7285074,0.16924871504306793,0.9990167021751404,0.4995492398738861
YOR059C,YER068W,0,-1.7288442,0.16922052204608917,0.9990167021751404,0.49964940547943115
YOR079C,YNL268W,0,-1.729005,0.1691923439502716,0.9990167021751404,0.4997495710849762
YPR160W,YMR109W,0,-1.7290698,0.16916416585445404,0.9990167021751404,0.49984973669052124
YML076C,YPL180W,0,-1.7302074,0.16913600265979767,0.9990167021751404,0.4999499022960663
YHR171W,YLR395C,0,-1.7308426,0.1691078543663025,0.9990167021751404,0.5000500679016113
YPL116W,YBR141C,0,-1.7313936,0.1690797209739685,0.9990167021751404,0.5001502633094788
YNL180C,YFL048C,0,-1.7318637,0.16905158758163452,0.9990167021751404,0.5002503991127014
YOR177C,YOL066C,0,-1.733681,0.16902345418930054,0.9990167021751404,0.5003505945205688
YCR044C,YHL024W,0,-1.734095,0.16899533569812775,0.9990167021751404,0.5004507899284363
YPL100W,YLR278C,0,-1.7342558,0.16896723210811615,0.9990167021751404,0.5005509257316589
YMR009W,YDR060W,0,-1.7345595,0.16893914341926575,0.9990167021751404,0.5006511211395264
YHR165C,YML120C,0,-1.7345614,0.16891105473041534,0.9990167021751404,0.500751256942749
YLR264W,YNL059C,0,-1.7347649,0.16888298094272614,0.9990167021751404,0.5008514523506165
YPL001W,YMR091C,0,-1.7349634,0.16885490715503693,0.9990167021751404,0.5009515881538391
YKR077W,YIL093C,0,-1.7350174,0.1688268482685089,0.9990167021751404,0.5010517835617065
YGL025C,YNL156C,0,-1.7350212,0.1687988042831421,0.9990167021751404,0.501151978969574
YHL032C,YER088C,0,-1.7351995,0.16877076029777527,0.9990167021751404,0.5012521147727966
YHR017W,YJL030W,0,-1.7354751,0.16874273121356964,0.9990167021751404,0.5013523101806641
YHR076W,YNL095C,0,-1.735702,0.1687147170305252,0.9990167021751404,0.5014524459838867
YIL027C,YGL062W,0,-1.7361954,0.16868670284748077,0.9990167021751404,0.5015526413917542
YER159C-A,YMR020W,0,-1.7367468,0.16865870356559753,0.9990167021751404,0.5016528367996216
YDL100C,YOL029C,0,-1.7369106,0.1686307042837143,0.9990167021751404,0.5017529726028442
YPL202C,YDL121C,0,-1.7374039,0.16860271990299225,0.9990167021751404,0.5018531680107117
YOR275C,YMR276W,0,-1.7374544,0.1685747504234314,0.9990167021751404,0.5019533038139343
YKL174C,YMR115W,0,-1.7374563,0.16854678094387054,0.9990167021751404,0.5020534992218018
YER115C,YJR135W-A,0,-1.7384157,0.1685188263654709,0.9990167021751404,0.5021536350250244
YPR137W,YBL034C,0,-1.7386557,0.16849087178707123,0.9990167021751404,0.5022538304328918
YJR060W,YMR160W,0,-1.7391804,0.16846294701099396,0.9990167021751404,0.5023540258407593
YDL099W,YHL011C,0,-1.7391818,0.1684350073337555,0.9990167021751404,0.5024541616439819
YIL019W,YOL100W,0,-1.7398198,0.16840709745883942,0.9990167021751404,0.5025543570518494
YOR356W,YPL239W,0,-1.7401328,0.16837918758392334,0.9990167021751404,0.502654492855072
YOR261C,YGL026C,0,-1.7411997,0.16835127770900726,0.9990167021751404,0.5027546882629395
YOR075W,YGR251W,0,-1.7419657,0.16832339763641357,0.9990167021751404,0.5028548240661621
YJR098C,YLR042C,0,-1.7420285,0.16829551756381989,0.9990167021751404,0.5029550194740295
YDR117C,YDR487C,0,-1.7421241,0.1682676374912262,0.9990167021751404,0.503055214881897
YPR005C,YER123W,0,-1.7424814,0.1682397723197937,0.9990167021751404,0.5031553506851196
YGR258C,YER190W,0,-1.7437391,0.1682119220495224,0.9990167021751404,0.5032555460929871
YNR043W,YNL227C,0,-1.7437494,0.1681840717792511,0.9990167021751404,0.5033556818962097
YER027C,YDL171C,0,-1.7442399,0.168156236410141,0.9990167021751404,0.5034558773040771
YEL001C,YBR278W,0,-1.7444122,0.16812841594219208,0.9990167021751404,0.5035560727119446
YLR450W,YGL238W,0,-1.7446089,0.16810059547424316,0.9990167021751404,0.5036562085151672
YPL269W,YGR171C,0,-1.7447883,0.16807278990745544,0.9990167021751404,0.5037564039230347
YIL062C,YGL058W,0,-1.7448549,0.16804498434066772,0.9990167021751404,0.5038565397262573
YPR111W,YGR252W,0,-1.7449608,0.1680171936750412,0.9990167021751404,0.5039567351341248
YGL209W,YOR298W,0,-1.7452013,0.16798941791057587,0.9990167021751404,0.5040568709373474
YKR083C,YGR282C,0,-1.7454526,0.16796164214611053,0.9990167021751404,0.5041570663452148
YGL028C,YER087C-A,0,-1.7458953,0.1679338812828064,0.9990167021751404,0.5042572617530823
YDR126W,YMR159C,0,-1.7465765,0.16790613532066345,0.9990167021751404,0.5043573975563049
YAL010C,YHR009C,0,-1.7470511,0.1678783893585205,0.9990167021751404,0.5044575929641724
YKL195W,YER173W,0,-1.7475779,0.16785065829753876,0.9990167021751404,0.504557728767395
YLR237W,YPR042C,0,-1.7480062,0.167822927236557,0.9990167021751404,0.5046579241752625
YJL200C,YAL013W,0,-1.7485914,0.16779521107673645,0.9990167021751404,0.5047580599784851
YGR035C,YNL133C,0,-1.7485948,0.1677675098180771,0.9990167021751404,0.5048582553863525
YHR012W,YGL049C,0,-1.7488272,0.16773980855941772,0.9990167021751404,0.50495845079422
YDR139C,YOR298W,0,-1.7496129,0.16771212220191956,0.9990167021751404,0.5050585865974426
YJR096W,YDR420W,0,-1.7496972,0.1676844358444214,0.9990167021751404,0.5051587820053101
YDR262W,YNL032W,0,-1.7498717,0.1676567643880844,0.9990167021751404,0.5052589178085327
YIL014W,YHL028W,0,-1.7510097,0.16762910783290863,0.9990167021751404,0.5053591132164001
YDR470C,YNL199C,0,-1.7510097,0.16760145127773285,0.9990167021751404,0.5054593086242676
YDL129W,YDR167W,0,-1.7528323,0.16757380962371826,0.9990167021751404,0.5055594444274902
YMR290C,YEL036C,0,-1.752917,0.16754616796970367,0.9990167021751404,0.5056596398353577
YBR296C,YEL018W,0,-1.7533028,0.16751855611801147,0.9990167021751404,0.5057597756385803
YLR182W,YHR207C,0,-1.7537179,0.16749092936515808,0.9990167021751404,0.5058599710464478
YKL119C,YIL018W,0,-1.7539333,0.16746333241462708,0.9990167021751404,0.5059601068496704
YOL117W,YNL213C,0,-1.7539895,0.16743573546409607,0.9990167021751404,0.5060603022575378
YPR083W,YPL148C,0,-1.7542896,0.16740813851356506,0.9990167021751404,0.5061604976654053
YKR061W,YNL024C,0,-1.754349,0.16738055646419525,0.9990167021751404,0.5062606334686279
YGR188C,YHR207C,0,-1.7546949,0.16735298931598663,0.9990167021751404,0.5063608288764954
YHR099W,YOL098C,0,-1.7557905,0.16732542216777802,0.9990167021751404,0.506460964679718
YKL186C,YDR148C,0,-1.7557917,0.1672978699207306,0.9990167021751404,0.5065611600875854
YLR107W,YOL004W,0,-1.7564735,0.16727033257484436,0.9990167021751404,0.5066612958908081
YKL140W,YDR057W,0,-1.756824,0.16724279522895813,0.9990167021751404,0.5067614912986755
YDL036C,YPL038W,0,-1.7570205,0.1672152727842331,0.9990167021751404,0.506861686706543
YHR081W,YNL218W,0,-1.7573037,0.16718775033950806,0.9990167021751404,0.5069618225097656
YCL027W,YPL036W,0,-1.7582183,0.1671602427959442,0.9990167021751404,0.5070620179176331
YOR388C,YBR050C,0,-1.7587891,0.16713275015354156,0.9990167021751404,0.5071621537208557
YOR317W,YDL018C,0,-1.7588171,0.16710525751113892,0.9990167021751404,0.5072623491287231
YMR262W,YLL055W,0,-1.7589031,0.16707777976989746,0.9990167021751404,0.5073625445365906
YDR092W,YDR531W,0,-1.7590821,0.1670503169298172,0.9990167021751404,0.5074626803398132
YNL131W,YDL160C,0,-1.7597457,0.16702285408973694,0.9990167021751404,0.5075628757476807
YCL031C,YDL179W,0,-1.7598679,0.16699539124965668,0.9990167021751404,0.5076630115509033
YNL135C,YPR119W,0,-1.7609899,0.1669679582118988,0.9990167021751404,0.5077632069587708
YJR001W,YOL124C,0,-1.7610664,0.16694052517414093,0.9990167021751404,0.5078633427619934
YHR179W,YGL078C,0,-1.7622643,0.16691309213638306,0.9990167021751404,0.5079635381698608
YNL063W,YMR149W,0,-1.7625101,0.16688567399978638,0.9990167021751404,0.5080637335777283
YPR054W,YLR284C,0,-1.7627901,0.1668582707643509,0.9990167021751404,0.5081638693809509
YDR158W,YLR330W,0,-1.7633777,0.1668308675289154,0.9990167021751404,0.5082640647888184
YDL164C,YHR214W,0,-1.7637749,0.1668034791946411,0.9990167021751404,0.508364200592041
YHR172W,YPL160W,0,-1.7666421,0.16677610576152802,0.9990167021751404,0.5084643959999084
YEL053C,YOL125W,0,-1.7670845,0.16674873232841492,0.9990167021751404,0.5085645318031311
YML112W,YJL172W,0,-1.767688,0.16672135889530182,0.9990167021751404,0.5086647272109985
YKL006C-A,YNL052W,0,-1.7676995,0.1666940152645111,0.9990167021751404,0.508764922618866
YJL186W,YHR030C,0,-1.7679582,0.1666666716337204,0.9990167021751404,0.5088650584220886
YJR096W,YMR110C,0,-1.7686902,0.1666393280029297,0.9990167021751404,0.508965253829956
YKR105C,YNL308C,0,-1.769268,0.16661199927330017,0.9990167021751404,0.5090653896331787
YJL121C,YOR174W,0,-1.7697065,0.16658468544483185,0.9990167021751404,0.5091655850410461
YFR053C,YER068W,0,-1.7699513,0.16655737161636353,0.9990167021751404,0.5092657804489136
YMR298W,YHR120W,0,-1.7709248,0.1665300726890564,0.9990167021751404,0.5093659162521362
YML043C,YHR132C,0,-1.771931,0.16650278866291046,0.9990167021751404,0.5094661116600037
YGR017W,YER083C,0,-1.7720423,0.16647550463676453,0.9990167021751404,0.5095662474632263
YHL012W,YLR060W,0,-1.7721878,0.16644823551177979,0.9990167021751404,0.5096664428710938
YLR288C,YLL031C,0,-1.7728958,0.16642096638679504,0.9990167021751404,0.5097665786743164
YPL068C,YCR047C,0,-1.7739801,0.1663937121629715,0.9990167021751404,0.5098667740821838
YCL061C,YHL031C,0,-1.7740998,0.16636645793914795,0.9990167021751404,0.5099669694900513
YGR268C,YER031C,0,-1.7745408,0.1663392335176468,0.9990167021751404,0.5100671052932739
YJR052W,YDL117W,0,-1.7749438,0.16631199419498444,0.9990167021751404,0.5101673007011414
YNL289W,YER179W,0,-1.775217,0.16628478467464447,0.9990167021751404,0.510267436504364
YGL073W,YKL099C,0,-1.776091,0.1662575751543045,0.9990167021751404,0.5103676319122314
YLR414C,YBR072W,0,-1.7761507,0.16623036563396454,0.9990167021751404,0.5104677677154541
YER162C,YLR213C,0,-1.7764766,0.16620317101478577,0.9990167021751404,0.5105679631233215
YGR235C,YDL170W,0,-1.7764968,0.1661759912967682,0.9990167021751404,0.510668158531189
YDR362C,YOR092W,0,-1.7774178,0.1661488115787506,0.9990167021751404,0.5107682943344116
YGL104C,YBR093C,0,-1.7775832,0.16612164676189423,0.9990167021751404,0.510868489742279
YLR083C,YBR257W,0,-1.7780434,0.16609449684619904,0.9990167021751404,0.5109686255455017
YMR285C,YBL041W,0,-1.7791034,0.16606734693050385,0.9990167021751404,0.5110688209533691
YJL098W,YNL029C,0,-1.7796702,0.16604019701480865,0.9990167021751404,0.5111690163612366
YDR060W,YHR146W,0,-1.779934,0.16601307690143585,0.9990167021751404,0.5112691521644592
YJL221C,YIL138C,0,-1.7804601,0.16598595678806305,0.9990167021751404,0.5113693475723267
YBR049C,YMR272C,0,-1.7804713,0.16595883667469025,0.9990167021751404,0.5114694833755493
YHL012W,YOR156C,0,-1.7804825,0.16593173146247864,0.9990167021751404,0.5115696787834167
YGL192W,YDR262W,0,-1.7822859,0.16590464115142822,0.9990167021751404,0.5116698145866394
YGR194C,YER070W,0,-1.782513,0.1658775508403778,0.9990167021751404,0.5117700099945068
YGR044C,YOL111C,0,-1.7825685,0.1658504754304886,0.9990167021751404,0.5118702054023743
YLL006W,YHR105W,0,-1.7828062,0.16582340002059937,0.9990167021751404,0.5119703412055969
YMR112C,YNL118C,0,-1.7833661,0.16579633951187134,0.9990167021751404,0.5120705366134644
YIL042C,YPL134C,0,-1.7834487,0.1657692939043045,0.9990167021751404,0.512170672416687
YMR221C,YDR281C,0,-1.7835184,0.16574224829673767,0.9990167021751404,0.5122708678245544
YJR130C,YHR135C,0,-1.7837312,0.16571521759033203,0.9990167021751404,0.5123710036277771
YOR357C,YGL120C,0,-1.7839422,0.1656881868839264,0.9990167021751404,0.5124711990356445
YJL166W,YKL192C,0,-1.7839506,0.16566117107868195,0.9990167021751404,0.512571394443512
YIL106W,YNL280C,0,-1.7843057,0.1656341701745987,0.9990167021751404,0.5126715302467346
YPL002C,YAL048C,0,-1.7843822,0.16560716927051544,0.9990167021751404,0.512771725654602
YAR042W,YPL082C,0,-1.7845526,0.16558018326759338,0.9990167021751404,0.5128718614578247
YOR260W,YFL057C,0,-1.7851149,0.16555319726467133,0.9990167021751404,0.5129720568656921
YER095W,YER062C,0,-1.7853547,0.16552622616291046,0.9990167021751404,0.5130722522735596
YOR258W,YOR086C,0,-1.7859514,0.1654992699623108,0.9990167021751404,0.5131723880767822
YGL004C,YMR115W,0,-1.7863207,0.16547231376171112,0.9990167021751404,0.5132725834846497
YGL168W,YNL317W,0,-1.7863979,0.16544537246227264,0.9990167021751404,0.5133727192878723
YPL112C,YLR045C,0,-1.7867062,0.16541843116283417,0.9990167021751404,0.5134729146957397
YJL094C,YOR271C,0,-1.7868285,0.16539150476455688,0.9990167021751404,0.5135730504989624
YGL016W,YIL038C,0,-1.7870247,0.1653645783662796,0.9990167021751404,0.5136732459068298
YHR060W,YKL029C,0,-1.7875873,0.1653376668691635,0.9990167021751404,0.5137734413146973
YJR059W,YCR037C,0,-1.7878411,0.16531077027320862,0.9990167021751404,0.5138735771179199
YFR013W,YBR114W,0,-1.7885239,0.16528387367725372,0.9990167021751404,0.5139737725257874
YJL206C,YPL171C,0,-1.78858,0.16525699198246002,0.9990167021751404,0.51407390832901
YKL079W,YBR026C,0,-1.7887568,0.16523012518882751,0.9990167021751404,0.5141741037368774
YOR059C,YHR029C,0,-1.7890067,0.165203258395195,0.9990167021751404,0.5142742395401001
YKR088C,YNL145W,0,-1.7891442,0.1651763916015625,0.9990167021751404,0.5143744349479675
YJR040W,YHR207C,0,-1.7895311,0.1651495397090912,0.9990167021751404,0.514474630355835
YJL200C,YJL062W,0,-1.7907252,0.16512270271778107,0.9990167021751404,0.5145747661590576
YLR439W,YLR363C,0,-1.7910469,0.16509586572647095,0.9990167021751404,0.514674961566925
YGR268C,YJL173C,0,-1.7913109,0.16506904363632202,0.9990167021751404,0.5147750973701477
YGL223C,YPR057W,0,-1.7916346,0.1650422364473343,0.9990167021751404,0.5148752927780151
YER126C,YDR131C,0,-1.7929208,0.16501542925834656,0.9990167021751404,0.5149754285812378
YPL204W,YOR323C,0,-1.7934203,0.16498863697052002,0.9990167021751404,0.5150756239891052
YGL196W,YHR140W,0,-1.7935755,0.16496184468269348,0.9990167021751404,0.5151758193969727
YCR086W,YIR031C,0,-1.7938176,0.16493506729602814,0.9990167021751404,0.5152759552001953
YGL089C,YCL012W,0,-1.7944564,0.1649082899093628,0.9990167021751404,0.5153761506080627
YPL189W,YPR100W,0,-1.7947091,0.16488152742385864,0.9990167021751404,0.5154762864112854
YLR145W,YLL053C,0,-1.7950923,0.16485477983951569,0.9990167021751404,0.5155764818191528
YPL235W,YML112W,0,-1.7953615,0.16482803225517273,0.9990167021751404,0.5156766772270203
YPR003C,YDR211W,0,-1.795693,0.16480129957199097,0.9990167021751404,0.5157768130302429
YDR492W,YDR422C,0,-1.7958775,0.1647745668888092,0.9990167021751404,0.5158770084381104
YGR295C,YDL097C,0,-1.7982967,0.16474784910678864,0.9990167021751404,0.515977144241333
YJL071W,YKL110C,0,-1.7998385,0.16472114622592926,0.9990167021751404,0.5160773396492004
YOR143C,YPL231W,0,-1.8001401,0.16469444334506989,0.9990167021751404,0.5161774754524231
YCL025C,YDR362C,0,-1.8013381,0.1646677404642105,0.9990167021751404,0.5162776708602905
YHR067W,YOR269W,0,-1.801841,0.16464106738567352,0.9990167021751404,0.516377866268158
YGL194C,YMR239C,0,-1.8022048,0.16461439430713654,0.9990167021751404,0.5164780020713806
YOR383C,YHR103W,0,-1.8022829,0.16458772122859955,0.9990167021751404,0.516578197479248
YGR077C,YLR143W,0,-1.8024967,0.16456106305122375,0.9990167021751404,0.5166783332824707
YDL141W,YBR107C,0,-1.8025122,0.16453441977500916,0.9990167021751404,0.5167785286903381
YDL047W,YOL095C,0,-1.8025441,0.16450777649879456,0.9990167021751404,0.5168786644935608
YLR467W,YDR234W,0,-1.8032005,0.16448113322257996,0.9990167021751404,0.5169788599014282
YBL041W,YJR031C,0,-1.8036981,0.16445451974868774,0.9990167021751404,0.5170790553092957
YDR169C,YPL093W,0,-1.8041273,0.16442790627479553,0.9990167021751404,0.5171791911125183
YER086W,YPR175W,0,-1.8041673,0.16440129280090332,0.9990167021751404,0.5172793865203857
YLR200W,YLR006C,0,-1.805675,0.1643746942281723,0.9990167021751404,0.5173795223236084
YLR353W,YEL052W,0,-1.805802,0.16434811055660248,0.9990167021751404,0.5174797177314758
YLR373C,YHR143W,0,-1.8061242,0.16432152688503265,0.9990167021751404,0.5175799131393433
YGL222C,YJR145C,0,-1.8063762,0.16429495811462402,0.9990167021751404,0.5176800489425659
YHR161C,YMR176W,0,-1.8064927,0.1642683893442154,0.9990167021751404,0.5177802443504333
YPL198W,YJL165C,0,-1.8066425,0.16424183547496796,0.9990167021751404,0.517880380153656
YBR028C,YIL038C,0,-1.807064,0.1642152965068817,0.9990167021751404,0.5179805755615234
YEL013W,YHR190W,0,-1.8070866,0.16418875753879547,0.9990167021751404,0.5180807113647461
YHR165C,YBR187W,0,-1.8079382,0.16416221857070923,0.9990167021751404,0.5181809067726135
YHR161C,YDR140W,0,-1.8082119,0.16413570940494537,0.9990167021751404,0.518281102180481
YDR126W,YNR037C,0,-1.8082688,0.16410918533802032,0.9990167021751404,0.5183812379837036
YPL130W,YBR223C,0,-1.808293,0.16408269107341766,0.9990167021751404,0.518481433391571
YMR264W,YPR055W,0,-1.8085277,0.164056196808815,0.9990167021751404,0.5185815691947937
YDR110W,YLL066C,0,-1.8098834,0.16402970254421234,0.9990167021751404,0.5186817646026611
YPR184W,YIL150C,0,-1.8098887,0.16400322318077087,0.9990167021751404,0.5187819004058838
YJR092W,YPL203W,0,-1.8102396,0.1639767587184906,0.9990167021751404,0.5188820958137512
YLR181C,YNR021W,0,-1.8105788,0.16395029425621033,0.9990167021751404,0.5189822912216187
YGR262C,YIR004W,0,-1.8112999,0.16392384469509125,0.9990167021751404,0.5190824270248413
YMR059W,YJR013W,0,-1.8113742,0.16389741003513336,0.9990167021751404,0.5191826224327087
YER126C,YPR131C,0,-1.8131614,0.16387096047401428,0.9990167021751404,0.5192827582359314
YDR213W,YER048W-A,0,-1.8133143,0.1638445407152176,0.9990167021751404,0.5193829536437988
YLL024C,YMR269W,0,-1.8134468,0.1638181209564209,0.9990167021751404,0.5194831490516663
YPR156C,YOL117W,0,-1.8140153,0.1637917160987854,0.9990167021751404,0.5195832848548889
YNL250W,YLR427W,0,-1.8141277,0.1637653112411499,0.9990167021751404,0.5196834802627563
YGR174C,YLR194C,0,-1.8144017,0.1637389212846756,0.9990167021751404,0.519783616065979
YIR032C,YJL005W,0,-1.8147469,0.1637125313282013,0.9990167021751404,0.5198838114738464
YKL045W,YDL046W,0,-1.8149021,0.16368615627288818,0.9990167021751404,0.5199839472770691
YKR049C,YBR030W,0,-1.8167536,0.16365979611873627,0.9990167021751404,0.5200841426849365
YIL033C,YIL138C,0,-1.816807,0.16363343596458435,0.9990167021751404,0.520184338092804
YHL008C,YBR289W,0,-1.8176259,0.16360709071159363,0.9990167021751404,0.5202844738960266
YML115C,YDR204W,0,-1.817869,0.1635807454586029,0.9990167021751404,0.520384669303894
YNL138W,YOR181W,0,-1.8182318,0.16355441510677338,0.9990167021751404,0.5204848051071167
YER177W,YNL328C,0,-1.8184347,0.16352808475494385,0.9990167021751404,0.5205850005149841
YGL071W,YOR079C,0,-1.8190138,0.1635017693042755,0.9990167021751404,0.5206851363182068
YPR152C,YAL017W,0,-1.8191483,0.16347546875476837,0.9990167021751404,0.5207853317260742
YIL074C,YCL016C,0,-1.8197565,0.16344916820526123,0.9990167021751404,0.5208855271339417
YIL112W,YBR170C,0,-1.8199905,0.1634228676557541,0.9990167021751404,0.5209856629371643
YOR324C,YHR101C,0,-1.8200969,0.16339659690856934,0.9990167021751404,0.5210858583450317
YNL073W,YIL143C,0,-1.8201311,0.1633703112602234,0.9990167021751404,0.5211859941482544
YDR388W,YML004C,0,-1.8203999,0.16334405541419983,0.9990167021751404,0.5212861895561218
YNL240C,YNL039W,0,-1.8221912,0.16331779956817627,0.9990167021751404,0.5213863849639893
YKL201C,YPL269W,0,-1.8224139,0.1632915437221527,0.9990167021751404,0.5214865207672119
YKL150W,YLR092W,0,-1.8225974,0.16326530277729034,0.9990167021751404,0.5215867161750793
YNL101W,YHR020W,0,-1.822755,0.16323907673358917,0.9990167021751404,0.521686851978302
YOL139C,YKL074C,0,-1.8228599,0.163212850689888,0.9990167021751404,0.5217870473861694
YNL128W,YDL127W,0,-1.8232226,0.16318663954734802,0.9990167021751404,0.5218871831893921
YER041W,YLR228C,0,-1.8246179,0.16316042840480804,0.9990167021751404,0.5219873785972595
YBR192W,YMR009W,0,-1.8246909,0.16313423216342926,0.9990167021751404,0.522087574005127
YMR001C,YDR109C,0,-1.8253207,0.16310803592205048,0.9990167021751404,0.5221877098083496
YLR212C,YJL167W,0,-1.8254216,0.16308185458183289,0.9990167021751404,0.522287905216217
YDL045C,YPL006W,0,-1.8256475,0.1630556881427765,0.9990167021751404,0.5223880410194397
YPL179W,YPL076W,0,-1.8259814,0.1630295217037201,0.9990167021751404,0.5224882364273071
YOR292C,YBR170C,0,-1.8261898,0.1630033701658249,0.9990167021751404,0.5225883722305298
YMR137C,YPL139C,0,-1.8265898,0.1629772186279297,0.9990167021751404,0.5226885676383972
YJR097W,YDL206W,0,-1.8266071,0.16295108199119568,0.9990167021751404,0.5227887630462646
YJL013C,YER090W,0,-1.8267076,0.16292494535446167,0.9990167021751404,0.5228888988494873
YPL095C,YDR313C,0,-1.8272231,0.16289882361888885,0.9990167021751404,0.5229890942573547
YKR088C,YPR127W,0,-1.8280799,0.16287271678447723,0.9990167021751404,0.5230892300605774
YBL021C,YBR213W,0,-1.8281772,0.1628466099500656,0.9990167021751404,0.5231894254684448
YMR267W,YIL080W,0,-1.828589,0.16282051801681519,0.9990167021751404,0.5232896208763123
YKL081W,YPL076W,0,-1.8295307,0.16279442608356476,0.9990167021751404,0.5233897566795349
YOL043C,YBR097W,0,-1.8295581,0.16276834905147552,0.9990167021751404,0.5234899520874023
YOR060C,YDR261C,0,-1.8297917,0.1627422720193863,0.9990167021751404,0.523590087890625
YML037C,YFL014W,0,-1.8300362,0.16271620988845825,0.9990167021751404,0.5236902832984924
YPL194W,YPL274W,0,-1.8304317,0.1626901477575302,0.9990167021751404,0.5237904191017151
YCR063W,YNL012W,0,-1.8307817,0.16266410052776337,0.9990167021751404,0.5238906145095825
YDR376W,YER190W,0,-1.8311813,0.16263806819915771,0.9990167021751404,0.52399080991745
YER096W,YOL138C,0,-1.8315095,0.16261203587055206,0.9990167021751404,0.5240909457206726
YER161C,YBL022C,0,-1.8320185,0.1625860184431076,0.9990167021751404,0.52419114112854
YER185W,YDR517W,0,-1.8327191,0.16256000101566315,0.9990167021751404,0.5242912769317627
YKR064W,YIL159W,0,-1.833001,0.16253399848937988,0.9990167021751404,0.5243914723396301
YDL065C,YNR003C,0,-1.8340554,0.16250799596309662,0.9990167021751404,0.5244916081428528
YBL113C,YDR516C,0,-1.8362724,0.16248200833797455,0.9990167021751404,0.5245918035507202
YJR098C,YNR038W,0,-1.8367677,0.16245602071285248,0.9990167021751404,0.5246919989585876
YML115C,YFL047W,0,-1.8370875,0.1624300628900528,0.9990167021751404,0.5247921347618103
YFR027W,YBR296C,0,-1.8372781,0.16240409016609192,0.9990167021751404,0.5248923301696777
YOR267C,YNL027W,0,-1.8377393,0.16237813234329224,0.9990167021751404,0.5249924659729004
YHR184W,YKR078W,0,-1.8377688,0.16235218942165375,0.9990167021751404,0.5250926613807678
YDR429C,YKR058W,0,-1.8381366,0.16232624650001526,0.9990167021751404,0.5251928567886353
YMR256C,YMR225C,0,-1.8381894,0.16230031847953796,0.9990167021751404,0.5252929925918579
YJL008C,YDR034C,0,-1.8384334,0.16227439045906067,0.9990167021751404,0.5253931879997253
YFR037C,YDR358W,0,-1.8384736,0.16224847733974457,0.9990167021751404,0.525493323802948
YHR133C,YKL173W,0,-1.8384858,0.16222257912158966,0.9990167021751404,0.5255935192108154
YGR116W,YOL043C,0,-1.8385139,0.16219668090343475,0.9990167021751404,0.5256936550140381
YHL011C,YER111C,0,-1.8391719,0.16217078268527985,0.9990167021751404,0.5257938504219055
YJR054W,YBL085W,0,-1.8393179,0.16214491426944733,0.9990167021751404,0.525894045829773
YOR386W,YBR059C,0,-1.8404061,0.1621190309524536,0.9990167021751404,0.5259941816329956
YDR298C,YKL149C,0,-1.8405273,0.1620931774377823,0.9990167021751404,0.526094377040863
YLR442C,YDR012W,0,-1.8409975,0.16206730902194977,0.9990167021751404,0.5261945128440857
YMR302C,YER062C,0,-1.8410809,0.16204147040843964,0.9990167021751404,0.5262947082519531
YGL232W,YDR197W,0,-1.8414202,0.1620156317949295,0.9990167021751404,0.5263948440551758
YBR214W,YMR080C,0,-1.8414522,0.16198979318141937,0.9990167021751404,0.5264950394630432
YBR192W,YPR200C,0,-1.8416647,0.16196396946907043,0.9990167021751404,0.5265952348709106
YOR212W,YGL203C,0,-1.8418713,0.1619381606578827,0.9990167021751404,0.5266953706741333
YGR017W,YCL032W,0,-1.8429732,0.16191235184669495,0.9990167021751404,0.5267955660820007
YBL038W,YNL167C,0,-1.8435853,0.1618865579366684,0.9990167021751404,0.5268957018852234
YKR102W,YPL214C,0,-1.8437767,0.16186076402664185,0.9990167021751404,0.5269958972930908
YLR186W,YER031C,0,-1.8451402,0.1618349850177765,0.9990167021751404,0.5270960927009583
YPR105C,YMR054W,0,-1.8463702,0.16180920600891113,0.9990167021751404,0.5271962285041809
YKL195W,YHR201C,0,-1.8464596,0.16178344190120697,0.9990167021751404,0.5272964239120483
YNL287W,YLR288C,0,-1.8470662,0.1617576777935028,0.9990167021751404,0.527396559715271
YCL032W,YMR213W,0,-1.8470985,0.16173192858695984,0.9990167021751404,0.5274967551231384
YJL071W,YMR055C,0,-1.8471992,0.16170619428157806,0.9990167021751404,0.5275968909263611
YDL180W,YLR194C,0,-1.8475027,0.1616804599761963,0.9990167021751404,0.5276970863342285
YJR084W,YOR374W,0,-1.8479354,0.1616547405719757,0.9990167021751404,0.527797281742096
YGL085W,YMR235C,0,-1.8481451,0.16162902116775513,0.9990167021751404,0.5278974175453186
YMR194W,YPL209C,0,-1.8487406,0.16160330176353455,0.9990167021751404,0.527997612953186
YDR109C,YOL043C,0,-1.8501151,0.16157761216163635,0.9990167021751404,0.5280977487564087
YDR461W,YPL144W,0,-1.8511903,0.16155192255973816,0.9990167021751404,0.5281979441642761
YDR513W,YJR040W,0,-1.8519322,0.16152623295783997,0.9990167021751404,0.5282980799674988
YMR137C,YNL289W,0,-1.8524425,0.16150055825710297,0.9990167021751404,0.5283982753753662
YGR159C,YLR007W,0,-1.8533719,0.16147488355636597,0.9990167021751404,0.5284984707832336
YDR242W,YCL029C,0,-1.8534725,0.16144922375679016,0.9990167021751404,0.5285986065864563
YIL009C-A,YLR001C,0,-1.8534875,0.16142357885837555,0.9990167021751404,0.5286988019943237
YNL240C,YOR253W,0,-1.8536841,0.16139793395996094,0.9990167021751404,0.5287989377975464
YNR028W,YPR036W,0,-1.8537486,0.16137230396270752,0.9990167021751404,0.5288991332054138
YNL041C,YNL010W,0,-1.8540006,0.1613466739654541,0.9990167021751404,0.5289992690086365
YMR115W,YER025W,0,-1.854254,0.16132105886936188,0.9990167021751404,0.5290994644165039
YPL153C,YDR486C,0,-1.8546542,0.16129544377326965,0.9990167021751404,0.5291996598243713
YDR262W,YKL173W,0,-1.8547822,0.16126984357833862,0.9990167021751404,0.529299795627594
YJL125C,YKL145W,0,-1.8551254,0.1612442433834076,0.9990167021751404,0.5293999910354614
YNL175C,YOR086C,0,-1.8551283,0.16121865808963776,0.9990167021751404,0.5295001268386841
YGL243W,YJR110W,0,-1.855203,0.1611930876970291,0.9990167021751404,0.5296003222465515
YDR004W,YGR292W,0,-1.8553858,0.16116751730442047,0.9990167021751404,0.529700517654419
YCL016C,YPL040C,0,-1.8555061,0.16114194691181183,0.9990167021751404,0.5298006534576416
YDL149W,YDR478W,0,-1.8555062,0.16111639142036438,0.9990167021751404,0.529900848865509
YNL286W,YER133W,0,-1.8559207,0.16109085083007812,0.9990167021751404,0.5300009846687317
YOL101C,YPL134C,0,-1.856117,0.16106531023979187,0.9990167021751404,0.5301011800765991
YJR053W,YOR347C,0,-1.8563329,0.1610397845506668,0.9990167021751404,0.5302013158798218
YKL045W,YDR190C,0,-1.8565128,0.16101425886154175,0.9990167021751404,0.5303015112876892
YPR071W,YIL115C,0,-1.8570633,0.16098874807357788,0.9990167021751404,0.5304017066955566
YKR104W,YFR034C,0,-1.8579237,0.160963237285614,0.9990167021751404,0.5305018424987793
YPR198W,YDL021W,0,-1.8579366,0.16093774139881134,0.9990167021751404,0.5306020379066467
YKL045W,YNL218W,0,-1.8582467,0.16091226041316986,0.9990167021751404,0.5307021737098694
YNL045W,YDR507C,0,-1.8590919,0.16088677942752838,0.9990167021751404,0.5308023691177368
YDL185W,YHR132C,0,-1.8594713,0.1608612984418869,0.9990167021751404,0.5309025049209595
YGR199W,YML055W,0,-1.8597233,0.16083583235740662,0.9990167021751404,0.5310027003288269
YKL100C,YGL071W,0,-1.8599691,0.16081038117408752,0.9990167021751404,0.5311028957366943
YBL085W,YDR170C,0,-1.8604146,0.16078492999076843,0.9990167021751404,0.531203031539917
YDR176W,YBL103C,0,-1.8607421,0.16075949370861053,0.9990167021751404,0.5313032269477844
YMR117C,YKL179C,0,-1.8617591,0.16073405742645264,0.9990167021751404,0.5314033627510071
YCR060W,YJL225C,0,-1.8622072,0.16070863604545593,0.9990167021751404,0.5315035581588745
YOR157C,YDR057W,0,-1.8624047,0.16068321466445923,0.9990167021751404,0.5316037535667419
YJR140C,YER112W,0,-1.8625195,0.16065780818462372,0.9990167021751404,0.5317038893699646
YER109C,YPR199C,0,-1.8626373,0.1606324166059494,0.9990167021751404,0.531804084777832
YDL180W,YNR053C,0,-1.8630446,0.16060702502727509,0.9990167021751404,0.5319042205810547
YNL182C,YDR328C,0,-1.863117,0.16058163344860077,0.9990167021751404,0.5320044159889221
YOL078W,YNL281W,0,-1.8638445,0.16055625677108765,0.9990167021751404,0.5321045517921448
YOL124C,YJR131W,0,-1.8642132,0.16053089499473572,0.9990167021751404,0.5322047472000122
YJL127C,YGR026W,0,-1.8650314,0.1605055332183838,0.9990167021751404,0.5323049426078796
YHR060W,YDL035C,0,-1.8655012,0.16048017144203186,0.9990167021751404,0.5324050784111023
YOL156W,YPL036W,0,-1.8655868,0.16045483946800232,0.9990167021751404,0.5325052738189697
YGL194C,YER138C,0,-1.8667142,0.16042949259281158,0.9990167021751404,0.5326054096221924
YOR204W,YOR098C,0,-1.8668375,0.16040416061878204,0.9990167021751404,0.5327056050300598
YCL075W,YDR052C,0,-1.8670342,0.1603788435459137,0.9990167021751404,0.5328057408332825
YCR035C,YHR181W,0,-1.8674879,0.16035354137420654,0.9990167021751404,0.5329059362411499
YML086C,YKL173W,0,-1.8700264,0.1603282243013382,0.9990167021751404,0.5330061316490173
YJR046W,YKL016C,0,-1.8711201,0.16030293703079224,0.9990167021751404,0.53310626745224
YGR188C,YPR173C,0,-1.8711609,0.16027764976024628,0.9990167021751404,0.5332064628601074
YOR087W,YMR223W,0,-1.871515,0.16025236248970032,0.9990167021751404,0.5333065986633301
YKL001C,YLR189C,0,-1.8716137,0.16022709012031555,0.9990167021751404,0.5334067940711975
YPR192W,YGR060W,0,-1.871903,0.16020183265209198,0.9990167021751404,0.5335069894790649
YLR435W,YBR123C,0,-1.8719466,0.1601765751838684,0.9990167021751404,0.5336071252822876
YDL102W,YLR028C,0,-1.8726193,0.16015131771564484,0.9990167021751404,0.533707320690155
YOL052C-A,YDL216C,0,-1.873014,0.16012609004974365,0.9990167021751404,0.5338074564933777
YMR298W,YER036C,0,-1.8730197,0.16010084748268127,0.9990167021751404,0.5339076519012451
YBR170C,YKR008W,0,-1.8738254,0.1600756198167801,0.9990167021751404,0.5340077877044678
YJL045W,YBL010C,0,-1.8742135,0.1600504070520401,0.9990167021751404,0.5341079831123352
YLR073C,YOL098C,0,-1.874377,0.1600251942873001,0.9990167021751404,0.5342081785202026
YIL083C,YCR004C,0,-1.8753437,0.1599999964237213,0.9990167021751404,0.5343083143234253
YGR180C,YHR207C,0,-1.8758663,0.1599748134613037,0.9990167021751404,0.5344085097312927
YHR209W,YBL010C,0,-1.8767071,0.15994961559772491,0.9990167021751404,0.5345086455345154
YCR010C,YCL066W,0,-1.8769407,0.1599244475364685,0.9990167021751404,0.5346088409423828
YOL124C,YJR049C,0,-1.877918,0.1598992794752121,0.9990167021751404,0.5347089767456055
YLR120C,YOR349W,0,-1.8779781,0.1598741114139557,0.9990167021751404,0.5348091721534729
YFL049W,YFL037W,0,-1.8779949,0.15984895825386047,0.9990167021751404,0.5349093675613403
YPL143W,YKR027W,0,-1.8786647,0.15982381999492645,0.9990167021751404,0.535009503364563
YAL041W,YGR084C,0,-1.8788893,0.15979868173599243,0.9990167021751404,0.5351096987724304
YML097C,YGL062W,0,-1.8790851,0.1597735434770584,0.9990167021751404,0.5352098345756531
YPR097W,YJR052W,0,-1.879317,0.15974843502044678,0.9990167021751404,0.5353100299835205
YNL261W,YJR130C,0,-1.8800573,0.15972331166267395,0.9990167021751404,0.5354102253913879
YIL009C-A,YPL001W,0,-1.8801823,0.15969820320606232,0.9990167021751404,0.5355103611946106
YJL208C,YBL091C,0,-1.8807882,0.15967310965061188,0.9990167021751404,0.535610556602478
YLL008W,YIR014W,0,-1.8810788,0.15964801609516144,0.9990167021751404,0.5357106924057007
YGL103W,YPR034W,0,-1.881565,0.1596229374408722,0.9990167021751404,0.5358108878135681
YJL168C,YDR270W,0,-1.8819678,0.15959785878658295,0.9990167021751404,0.5359110236167908
YDR415C,YGL010W,0,-1.8830366,0.1595727950334549,0.9990167021751404,0.5360112190246582
YER012W,YCR014C,0,-1.8834693,0.15954773128032684,0.9990167021751404,0.5361114144325256
YNR003C,YPR119W,0,-1.8841326,0.15952268242835999,0.9990167021751404,0.5362115502357483
YER175C,YBR016W,0,-1.8846786,0.15949764847755432,0.9990167021751404,0.5363117456436157
YPL048W,YDR082W,0,-1.8847566,0.15947261452674866,0.9990167021751404,0.5364118814468384
YLR383W,YBR238C,0,-1.8849642,0.159447580575943,0.9990167021751404,0.5365120768547058
YGR184C,YGL120C,0,-1.8854742,0.15942256152629852,0.9990167021751404,0.5366122126579285
YFL033C,YER117W,0,-1.8856564,0.15939755737781525,0.9990167021751404,0.5367124080657959
YIL140W,YIL133C,0,-1.8881005,0.15937255322933197,0.9990167021751404,0.5368126034736633
YOR315W,YIL038C,0,-1.8887324,0.1593475490808487,0.9990167021751404,0.536912739276886
YJL186W,YLL006W,0,-1.888786,0.1593225598335266,0.9990167021751404,0.5370129346847534
YDR297W,YJR112W,0,-1.8893293,0.15929758548736572,0.9990167021751404,0.5371130704879761
YNL008C,YLR055C,0,-1.890338,0.15927261114120483,0.9990167021751404,0.5372132658958435
YER145C,YAL013W,0,-1.8907374,0.15924765169620514,0.9990167021751404,0.5373134613037109
YOR265W,YLR020C,0,-1.8908293,0.15922269225120544,0.9990167021751404,0.5374135971069336
YEL048C,YML107C,0,-1.891212,0.15919774770736694,0.9990167021751404,0.537513792514801
YOR119C,YPL144W,0,-1.8912451,0.15917280316352844,0.9990167021751404,0.5376139283180237
YHR089C,YDL028C,0,-1.8916488,0.15914787352085114,0.9990167021751404,0.5377141237258911
YOR287C,YKL161C,0,-1.8921912,0.15912294387817383,0.9990167021751404,0.5378142595291138
YJL130C,YLR028C,0,-1.8922999,0.15909802913665771,0.9990167021751404,0.5379144549369812
YDR228C,YDR411C,0,-1.8924172,0.1590731143951416,0.9990167021751404,0.5380146503448486
YIL095W,YDR117C,0,-1.8925745,0.15904821455478668,0.9990167021751404,0.5381147861480713
YOR019W,YLR139C,0,-1.8926466,0.15902331471443176,0.9990167021751404,0.5382149815559387
YFL017W-A,YPR106W,0,-1.8929175,0.15899842977523804,0.9990167021751404,0.5383151173591614
YLR371W,YOR266W,0,-1.8929869,0.1589735597372055,0.9990167021751404,0.5384153127670288
YLR006C,YDL180W,0,-1.893286,0.15894868969917297,0.9990167021751404,0.5385154485702515
YLR390W,YDR416W,0,-1.8941808,0.15892381966114044,0.9990167021751404,0.5386156439781189
YJL094C,YMR086W,0,-1.8941813,0.1588989645242691,0.9990167021751404,0.5387158393859863
YHR133C,YLR390W,0,-1.8943622,0.15887412428855896,0.9990167021751404,0.538815975189209
YBR237W,YDR251W,0,-1.8946615,0.15884928405284882,0.9990167021751404,0.5389161705970764
YLR276C,YKR090W,0,-1.8947265,0.15882444381713867,0.9990167021751404,0.5390163064002991
YIL170W,YJL198W,0,-1.8947586,0.15879961848258972,0.9990167021751404,0.5391165018081665
YLR040C,YCL036W,0,-1.8951678,0.15877480804920197,0.9990167021751404,0.5392166972160339
YMR220W,YGL195W,0,-1.8953862,0.1587499976158142,0.9990167021751404,0.5393168330192566
YML098W,YOR299W,0,-1.8954583,0.15872520208358765,0.9990167021751404,0.539417028427124
YNR019W,YLL014W,0,-1.8956586,0.15870040655136108,0.9990167021751404,0.5395171642303467
YJR112W,YEL065W,0,-1.8965056,0.15867562592029572,0.9990167021751404,0.5396173596382141
YNL121C,YDR004W,0,-1.8971946,0.15865084528923035,0.9990167021751404,0.5397174954414368
YOR355W,YHR035W,0,-1.8972237,0.15862607955932617,0.9990167021751404,0.5398176908493042
YMR112C,YLR414C,0,-1.897948,0.158601313829422,0.9990167021751404,0.5399178862571716
YJL130C,YBL074C,0,-1.898288,0.15857656300067902,0.9990167021751404,0.5400180220603943
YJL186W,YPL223C,0,-1.8985789,0.15855181217193604,0.9990167021751404,0.5401182174682617
YGL062W,YDL148C,0,-1.8985971,0.15852707624435425,0.9990167021751404,0.5402183532714844
YJL156C,YFL044C,0,-1.8987005,0.15850234031677246,0.9990167021751404,0.5403185486793518
YLR190W,YNL238W,0,-1.898931,0.15847761929035187,0.9990167021751404,0.5404186844825745
YLR160C,YCR045C,0,-1.8991318,0.15845289826393127,0.9990167021751404,0.5405188798904419
YKL129C,YJR031C,0,-1.8996242,0.15842819213867188,0.9990167021751404,0.5406190752983093
YDR036C,YOR147W,0,-1.9001617,0.15840348601341248,0.9990167021751404,0.540719211101532
YCL067C,YJR089W,0,-1.9002385,0.15837879478931427,0.9990167021751404,0.5408194065093994
YPR122W,YHR135C,0,-1.9005284,0.15835411846637726,0.9990167021751404,0.5409195423126221
YBR251W,YMR272C,0,-1.9006371,0.15832944214344025,0.9990167021751404,0.5410197377204895
YLR207W,YOR127W,0,-1.9007406,0.15830476582050323,0.9990167021751404,0.5411199331283569
YNL261W,YKL194C,0,-1.9031051,0.15828010439872742,0.9990167021751404,0.5412200689315796
YEL032W,YKL156W,0,-1.9031798,0.1582554578781128,0.9990167021751404,0.541320264339447
YLR074C,YGL225W,0,-1.9035258,0.15823081135749817,0.9990167021751404,0.5414204001426697
YPL058C,YBR048W,0,-1.9036088,0.15820616483688354,0.9990167021751404,0.5415205955505371
YBR131W,YNL250W,0,-1.9036646,0.15818153321743011,0.9990167021751404,0.5416207313537598
YER106W,YBR162C,0,-1.9041984,0.15815691649913788,0.9990167021751404,0.5417209267616272
YBL005W,YCR087C-A,0,-1.9043461,0.15813229978084564,0.9990167021751404,0.5418211221694946
YML098W,YLL013C,0,-1.9045589,0.1581076830625534,0.9990167021751404,0.5419212579727173
YKL198C,YDL078C,0,-1.9046092,0.15808308124542236,0.9990167021751404,0.5420214533805847
YBL057C,YKL004W,0,-1.9055853,0.15805849432945251,0.9990167021751404,0.5421215891838074
YCR005C,YOR027W,0,-1.9062945,0.15803390741348267,0.9990167021751404,0.5422217845916748
YGL060W,YAR002C-A,0,-1.9063791,0.158009335398674,0.9990167021751404,0.5423219203948975
YDL110C,YHL027W,0,-1.9088564,0.15798476338386536,0.9990167021751404,0.5424221158027649
YBR066C,YDR528W,0,-1.9091601,0.1579602062702179,0.9990167021751404,0.5425223112106323
YPL183C,YPL110C,0,-1.9092314,0.15793564915657043,0.9990167021751404,0.542622447013855
YOL056W,YMR321C,0,-1.9092405,0.15791109204292297,0.9990167021751404,0.5427226424217224
YDL102W,YOR116C,0,-1.9093673,0.1578865647315979,0.9990167021751404,0.5428227782249451
YDR059C,YNR016C,0,-1.9098796,0.15786202251911163,0.9990167021751404,0.5429229736328125
YAL063C,YDR423C,0,-1.9103359,0.15783749520778656,0.9990167021751404,0.5430231690406799
YGR253C,YJR133W,0,-1.9114006,0.15781298279762268,0.9990167021751404,0.5431233048439026
YMR247C,YJR048W,0,-1.9117737,0.1577884703874588,0.9990167021751404,0.54322350025177
YLR058C,YNL086W,0,-1.9123785,0.15776397287845612,0.9990167021751404,0.5433236360549927
YBL063W,YBR198C,0,-1.9129512,0.15773947536945343,0.9990167021751404,0.5434238314628601
YPL010W,YLR460C,0,-1.9129899,0.15771499276161194,0.9990167021751404,0.5435239672660828
YOR201C,YHL038C,0,-1.9130102,0.15769051015377045,0.9990167021751404,0.5436241626739502
YBL098W,YDL056W,0,-1.9138029,0.15766604244709015,0.9990167021751404,0.5437243580818176
YLL029W,YBR097W,0,-1.9148364,0.15764158964157104,0.9990167021751404,0.5438244938850403
YDL069C,YEL036C,0,-1.9149637,0.15761712193489075,0.9990167021751404,0.5439246892929077
YJL060W,YKL093W,0,-1.915501,0.15759268403053284,0.9990167021751404,0.5440248250961304
YLL043W,YBR295W,0,-1.9156865,0.15756823122501373,0.9990167021751404,0.5441250205039978
YDL093W,YNR021W,0,-1.9160163,0.15754380822181702,0.9990167021751404,0.5442251563072205
YGL223C,YBR245C,0,-1.9165506,0.1575193852186203,0.9990167021751404,0.5443253517150879
YMR061W,YOR159C,0,-1.9165633,0.15749496221542358,0.9990167021751404,0.5444255471229553
YMR034C,YOL125W,0,-1.916734,0.15747055411338806,0.9990167021751404,0.544525682926178
YJR058C,YGL246C,0,-1.9172024,0.15744614601135254,0.9990167021751404,0.5446258783340454
YGR001C,YGR072W,0,-1.9172635,0.1574217528104782,0.9990167021751404,0.5447260141372681
YNL307C,YJR031C,0,-1.9175602,0.15739735960960388,0.9990167021751404,0.5448262095451355
YJL141C,YER019C-A,0,-1.9193418,0.15737298130989075,0.9990167021751404,0.5449263453483582
YDL204W,YHR119W,0,-1.919356,0.1573486179113388,0.9990167021751404,0.5450265407562256
YER174C,YOR074C,0,-1.9198527,0.15732425451278687,0.9990167021751404,0.545126736164093
YLR194C,YLR386W,0,-1.9203801,0.15729989111423492,0.9990167021751404,0.5452268719673157
YLR450W,YDR091C,0,-1.9205294,0.15727554261684418,0.9990167021751404,0.5453270673751831
YGR052W,YAL003W,0,-1.9206297,0.15725119411945343,0.9990167021751404,0.5454272031784058
YBL061C,YER155C,0,-1.9218595,0.15722686052322388,0.9990167021751404,0.5455273985862732
YGR047C,YGL068W,0,-1.9222034,0.15720254182815552,0.9990167021751404,0.5456275939941406
YDL082W,YJL196C,0,-1.9225842,0.15717822313308716,0.9990167021751404,0.5457277297973633
YPL157W,YJL168C,0,-1.9226156,0.1571539044380188,0.9990167021751404,0.5458279252052307
YLR008C,YOL069W,0,-1.9226551,0.15712960064411163,0.9990167021751404,0.5459280610084534
YOL154W,YGR162W,0,-1.9235623,0.15710529685020447,0.9990167021751404,0.5460282564163208
YIL107C,YDR227W,0,-1.9235835,0.1570810079574585,0.9990167021751404,0.5461283922195435
YPR199C,YOR217W,0,-1.9238733,0.15705673396587372,0.9990167021751404,0.5462285876274109
YGR006W,YDR012W,0,-1.9244709,0.15703245997428894,0.9990167021751404,0.5463287830352783
YMR114C,YDR197W,0,-1.9247576,0.15700818598270416,0.9990167021751404,0.546428918838501
YLR247C,YBR097W,0,-1.9250784,0.15698392689228058,0.9990167021751404,0.5465291142463684
YDR430C,YHR041C,0,-1.9252043,0.1569596827030182,0.9990167021751404,0.5466292500495911
YDR212W,YKL194C,0,-1.9265301,0.1569354385137558,0.9990167021751404,0.5467294454574585
YCR002C,YMR061W,0,-1.927143,0.1569111943244934,0.9990167021751404,0.5468295812606812
YMR002W,YPL280W,0,-1.9275608,0.1568869650363922,0.9990167021751404,0.5469297766685486
YDR030C,YLR287C-A,0,-1.9276597,0.1568627506494522,0.9990167021751404,0.547029972076416
YKL178C,YGR138C,0,-1.9278011,0.1568385362625122,0.9990167021751404,0.5471301078796387
YKL150W,YLR023C,0,-1.9282515,0.1568143218755722,0.9990167021751404,0.5472303032875061
YDR261W-B,YMR046C,0,-1.9282948,0.1567901223897934,0.9990167021751404,0.5473304390907288
YNL238W,YGL078C,0,-1.9284798,0.15676593780517578,0.9990167021751404,0.5474306344985962
YIL064W,YML132W,0,-1.9290342,0.15674175322055817,0.9990167021751404,0.5475308299064636
YDR179C,YBL025W,0,-1.9301353,0.15671756863594055,0.9990167021751404,0.5476309657096863
YOR076C,YKL077W,0,-1.9303731,0.15669339895248413,0.9990167021751404,0.5477311611175537
YJL073W,YKR007W,0,-1.9308312,0.1566692292690277,0.9990167021751404,0.5478312969207764
YDR075W,YBR010W,0,-1.9320138,0.15664507448673248,0.9990167021751404,0.5479314923286438
YML034W,YGR258C,0,-1.9342494,0.15662093460559845,0.9990167021751404,0.5480316281318665
YDL111C,YLR058C,0,-1.9349043,0.15659679472446442,0.9990167021751404,0.5481318235397339
YDR369C,YER029C,0,-1.9352536,0.15657265484333038,0.9990167021751404,0.5482320189476013
YOL139C,YBR125C,0,-1.936177,0.15654852986335754,0.9990167021751404,0.548332154750824
YLR328W,YDL076C,0,-1.9362977,0.1565244197845459,0.9990167021751404,0.5484323501586914
YEL018W,YPR008W,0,-1.9363024,0.15650030970573425,0.9990167021751404,0.5485324859619141
YDR109C,YOR151C,0,-1.9364386,0.1564761996269226,0.9990167021751404,0.5486326813697815
YBR024W,YDR159W,0,-1.937352,0.15645210444927216,0.9990167021751404,0.5487328171730042
YBR096W,YER052C,0,-1.9387002,0.1564280241727829,0.9990167021751404,0.5488330125808716
YOL165C,YLR363C,0,-1.9387363,0.15640394389629364,0.9990167021751404,0.548933207988739
YDL076C,YGR070W,0,-1.9395223,0.15637986361980438,0.9990167021751404,0.5490333437919617
YNL027W,YML116W,0,-1.9398122,0.15635579824447632,0.9990167021751404,0.5491335391998291
YPL010W,YMR203W,0,-1.9402916,0.15633174777030945,0.9990167021751404,0.5492336750030518
YGL155W,YGL021W,0,-1.9404662,0.15630769729614258,0.9990167021751404,0.5493338704109192
YJL072C,YGL039W,0,-1.9406129,0.1562836468219757,0.9990167021751404,0.5494340658187866
YGR225W,YBR170C,0,-1.9407059,0.15625961124897003,0.9990167021751404,0.5495342016220093
YIR015W,YJR055W,0,-1.9416829,0.15623559057712555,0.9990167021751404,0.5496343970298767
YLR102C,YFR036W,0,-1.9420505,0.15621155500411987,0.9990167021751404,0.5497345328330994
YMR168C,YKR054C,0,-1.9420967,0.15618754923343658,0.9990167021751404,0.5498347282409668
YPR198W,YOR194C,0,-1.9425089,0.1561635434627533,0.9990167021751404,0.5499348640441895
YLR237W,YIL125W,0,-1.9426026,0.15613953769207,0.9990167021751404,0.5500350594520569
YCL025C,YIL111W,0,-1.9428961,0.1561155468225479,0.9990167021751404,0.5501352548599243
YDR100W,YEL005C,0,-1.9441249,0.156091570854187,0.9990167021751404,0.550235390663147
YHR008C,YPL068C,0,-1.9443501,0.1560675948858261,0.9990167021751404,0.5503355860710144
YDR100W,YGR204W,0,-1.944679,0.1560436189174652,0.9990167021751404,0.5504357218742371
YKR014C,YGL010W,0,-1.945789,0.1560196578502655,0.9990167021751404,0.5505359172821045
YAL023C,YPL056C,0,-1.9459425,0.1559956967830658,0.9990167021751404,0.5506360530853271
YDL093W,YDR362C,0,-1.9463649,0.15597175061702728,0.9990167021751404,0.5507362484931946
YCL055W,YOR020C,0,-1.946381,0.15594781935214996,0.9990167021751404,0.550836443901062
YFR014C,YOL132W,0,-1.9466674,0.15592387318611145,0.9990167021751404,0.5509365797042847
YIL030C,YLR288C,0,-1.9479239,0.15589995682239532,0.9990167021751404,0.5510367751121521
YOR038C,YJL052W,0,-1.9486827,0.1558760404586792,0.9990167021751404,0.5511369109153748
YCL008C,YBR191W,0,-1.9490995,0.15585212409496307,0.9990167021751404,0.5512371063232422
YBR118W,YEL070W,0,-1.949586,0.15582822263240814,0.9990167021751404,0.5513373017311096
YKL017C,YDL208W,0,-1.9499671,0.1558043211698532,0.9990167021751404,0.5514374375343323
YOL107W,YMR037C,0,-1.9500049,0.15578043460845947,0.9990167021751404,0.5515376329421997
YEL027W,YGR258C,0,-1.950572,0.15575654804706573,0.9990167021751404,0.5516377687454224
YCR096C,YMR270C,0,-1.9509319,0.1557326763868332,0.9990167021751404,0.5517379641532898
YKR100C,YLR440C,0,-1.9511024,0.15570881962776184,0.9990167021751404,0.5518380999565125
YGL226W,YNL102W,0,-1.9511921,0.1556849479675293,0.9990167021751404,0.5519382953643799
YJR001W,YJL124C,0,-1.9514747,0.15566110610961914,0.9990167021751404,0.5520384907722473
YJL166W,YER093C,0,-1.9514749,0.1556372493505478,0.9990167021751404,0.55213862657547
YOR009W,YGL050W,0,-1.9514858,0.15561342239379883,0.9990167021751404,0.5522388219833374
YER050C,YIL109C,0,-1.9529175,0.15558958053588867,0.9990167021751404,0.5523389577865601
YLR286C,YBR058C-A,0,-1.953904,0.1555657684803009,0.9990167021751404,0.5524391531944275
YHR110W,YGR224W,0,-1.9544085,0.15554194152355194,0.9990167021751404,0.5525392889976501
YAL015C,YPR030W,0,-1.9552534,0.15551814436912537,0.9990167021751404,0.5526394844055176
YKL217W,YLR208W,0,-1.9554398,0.1554943323135376,0.9990167021751404,0.552739679813385
YDR075W,YHR207C,0,-1.956051,0.15547055006027222,0.9990167021751404,0.5528398156166077
YER029C,YLR418C,0,-1.9560535,0.15544675290584564,0.9990167021751404,0.5529400110244751
YMR048W,YLR011W,0,-1.9566042,0.15542297065258026,0.9990167021751404,0.5530401468276978
YPL019C,YMR318C,0,-1.9567486,0.15539920330047607,0.9990167021751404,0.5531403422355652
YDR077W,YHR164C,0,-1.9572442,0.1553754359483719,0.9990167021751404,0.5532405376434326
YML067C,YGR009C,0,-1.9573741,0.1553516834974289,0.9990167021751404,0.5533406734466553
YNL189W,YPL206C,0,-1.9578309,0.1553279310464859,0.9990167021751404,0.5534408688545227
YAL017W,YDR072C,0,-1.9579504,0.1553041934967041,0.9990167021751404,0.5535410046577454
YOR275C,YKR030W,0,-1.9580646,0.1552804559469223,0.9990167021751404,0.5536412000656128
YBR002C,YDR276C,0,-1.9580901,0.1552567183971405,0.9990167021751404,0.5537413358688354
YPR091C,YJL004C,0,-1.9592409,0.1552329957485199,0.9990167021751404,0.5538415312767029
YPL273W,YDL192W,0,-1.9603963,0.15520928800106049,0.9990167021751404,0.5539417266845703
YLR238W,YMR149W,0,-1.9609332,0.15518558025360107,0.9990167021751404,0.554041862487793
YCR005C,YOR257W,0,-1.9610913,0.15516188740730286,0.9990167021751404,0.5541420578956604
YML094W,YLR086W,0,-1.9619023,0.15513819456100464,0.9990167021751404,0.5542421936988831
YGL137W,YAR031W,0,-1.9624887,0.15511450171470642,0.9990167021751404,0.5543423891067505
YPR032W,YLR460C,0,-1.9637928,0.1550908237695694,0.9990167021751404,0.5544425249099731
YDR405W,YJL106W,0,-1.9638395,0.15506716072559357,0.9990167021751404,0.5545427203178406
YBL010C,YMR307W,0,-1.9640586,0.15504349768161774,0.9990167021751404,0.554642915725708
YKR103W,YGR001C,0,-1.9641962,0.1550198346376419,0.9990167021751404,0.5547430515289307
YAL013W,YIR009W,0,-1.9659891,0.15499618649482727,0.9990167021751404,0.5548432469367981
YHR197W,YPR138C,0,-1.9666715,0.15497253835201263,0.9990167021751404,0.5549433827400208
YCL048W,YKR055W,0,-1.9669178,0.1549489051103592,0.9990167021751404,0.5550435781478882
YML067C,YDR238C,0,-1.9670445,0.15492528676986694,0.9990167021751404,0.5551437735557556
YKR071C,YFL039C,0,-1.9670871,0.1549016684293747,0.9990167021751404,0.5552439093589783
YDL128W,YDL217C,0,-1.9680307,0.15487805008888245,0.9990167021751404,0.5553441047668457
YGL167C,YBR026C,0,-1.9682097,0.1548544466495514,0.9990167021751404,0.5554442405700684
YGR276C,YBR271W,0,-1.9688469,0.15483084321022034,0.9990167021751404,0.5555444359779358
YEL015W,YDR528W,0,-1.9688835,0.15480725467205048,0.9990167021751404,0.5556445717811584
YKR105C,YGL063W,0,-1.9693494,0.15478366613388062,0.9990167021751404,0.5557447671890259
YGR288W,YOR254C,0,-1.9697158,0.15476009249687195,0.9990167021751404,0.5558449625968933
YDR469W,YNL066W,0,-1.9697714,0.15473651885986328,0.9990167021751404,0.555945098400116
YCL025C,YDR369C,0,-1.9699526,0.1547129601240158,0.9990167021751404,0.5560452938079834
YMR055C,YHR211W,0,-1.970705,0.15468940138816833,0.9990167021751404,0.556145429611206
YGL025C,YFL036W,0,-1.9708278,0.15466585755348206,0.9990167021751404,0.5562456250190735
YLR201C,YDL028C,0,-1.9711006,0.15464231371879578,0.9990167021751404,0.5563457608222961
YPL065W,YOL004W,0,-1.9717734,0.1546187847852707,0.9990167021751404,0.5564459562301636
YER005W,YNL137C,0,-1.9721634,0.1545952558517456,0.9990167021751404,0.556546151638031
YOR230W,YLL019C,0,-1.9727595,0.15457172691822052,0.9990167021751404,0.5566462874412537
YAL044C,YCL067C,0,-1.9732912,0.15454821288585663,0.9990167021751404,0.5567464828491211
YOR092W,YML099C,0,-1.9745568,0.15452471375465393,0.9990167021751404,0.5568466186523438
YKL069W,YML120C,0,-1.9745697,0.15450121462345123,0.9990167021751404,0.5569468140602112
YLR429W,YER081W,0,-1.9759367,0.15447773039340973,0.9990167021751404,0.5570470094680786
YDR376W,YKL194C,0,-1.9761194,0.15445424616336823,0.9990167021751404,0.5571471452713013
YDR075W,YJL140W,0,-1.9763968,0.15443076193332672,0.9990167021751404,0.5572473406791687
YDR047W,YPR174C,0,-1.9764473,0.1544072926044464,0.9990167021751404,0.5573474764823914
YMR246W,YAL023C,0,-1.9771892,0.1543838381767273,0.9990167021751404,0.5574476718902588
YJL054W,YNR024W,0,-1.9775484,0.15436038374900818,0.9990167021751404,0.5575478076934814
YDR100W,YDR159W,0,-1.9778068,0.15433692932128906,0.9990167021751404,0.5576480031013489
YLR181C,YLR377C,0,-1.9781773,0.15431348979473114,0.9990167021751404,0.5577481985092163
YOR071C,YHR103W,0,-1.9784453,0.15429005026817322,0.9990167021751404,0.557848334312439
YEL059C-A,YMR033W,0,-1.9794306,0.1542666256427765,0.9990167021751404,0.5579485297203064
YGR020C,YPR055W,0,-1.9798958,0.15424320101737976,0.9990167021751404,0.558048665523529
YBL068W,YLR160C,0,-1.9802276,0.15421979129314423,0.9990167021751404,0.5581488609313965
YER168C,YOR092W,0,-1.9807585,0.1541963815689087,0.9990167021751404,0.5582489967346191
YBL087C,YLL053C,0,-1.9809332,0.15417298674583435,0.9990167021751404,0.5583491921424866
YGR276C,YOR066W,0,-1.9813211,0.15414959192276,0.9990167021751404,0.558449387550354
YGR266W,YDR448W,0,-1.9818445,0.15412621200084686,0.9990167021751404,0.5585495233535767
YPR134W,YCR072C,0,-1.9818926,0.15410283207893372,0.9990167021751404,0.5586497187614441
YMR053C,YMR115W,0,-1.9822773,0.15407946705818176,0.9990167021751404,0.5587498545646667
YPL127C,YIL111W,0,-1.9827211,0.1540561020374298,0.9990167021751404,0.5588500499725342
YFL049W,YNL280C,0,-1.9830939,0.15403275191783905,0.9990167021751404,0.5589501857757568
YDR364C,YGR055W,0,-1.9835323,0.1540094017982483,0.9990167021751404,0.5590503811836243
YBL035C,YPL087W,0,-1.9839736,0.15398605167865753,0.9990167021751404,0.5591505765914917
YOL165C,YMR224C,0,-1.9847016,0.15396271646022797,0.9990167021751404,0.5592507123947144
YKR056W,YIL014W,0,-1.9848541,0.1539393961429596,0.9990167021751404,0.5593509078025818
YDR423C,YGL045W,0,-1.9859529,0.15391607582569122,0.9990167021751404,0.5594510436058044
YHR086W,YDR159W,0,-1.9860461,0.15389275550842285,0.9990167021751404,0.5595512390136719
YOR101W,YEL064C,0,-1.9867084,0.15386945009231567,0.9990167021751404,0.5596514344215393
YGR212W,YMR016C,0,-1.9871778,0.1538461595773697,0.9990167021751404,0.559751570224762
YLR248W,YIL137C,0,-1.9874761,0.1538228541612625,0.9990167021751404,0.5598517656326294
YBR107C,YJL089W,0,-1.9875908,0.15379957854747772,0.9990167021751404,0.559951901435852
YJL221C,YPL013C,0,-1.9876988,0.15377630293369293,0.9990167021751404,0.5600520968437195
YMR061W,YHR140W,0,-1.9878116,0.15375302731990814,0.9990167021751404,0.5601522326469421
YLR410W-A,YNL137C,0,-1.9882512,0.15372976660728455,0.9990167021751404,0.5602524280548096
YGR017W,YKL175W,0,-1.9883233,0.15370650589466095,0.9990167021751404,0.560352623462677
YPL068C,YDR334W,0,-1.988583,0.15368326008319855,0.9990167021751404,0.5604527592658997
YLR131C,YHR214W,0,-1.9891937,0.15366001427173615,0.9990167021751404,0.5605529546737671
YGR262C,YDR108W,0,-1.9893788,0.15363678336143494,0.9990167021751404,0.5606530904769897
YKR030W,YOR378W,0,-1.9895053,0.15361355245113373,0.9990167021751404,0.5607532858848572
YML036W,YJR139C,0,-1.9905503,0.15359032154083252,0.9990167021751404,0.5608534216880798
YKR037C,YDR003W,0,-1.990915,0.1535671055316925,0.9990167021751404,0.5609536170959473
YOR038C,YPR134W,0,-1.991359,0.15354390442371368,0.9990167021751404,0.5610538125038147
YBR026C,YOR172W,0,-1.9914026,0.15352070331573486,0.9990167021751404,0.5611539483070374
YDR518W,YGR003W,0,-1.9915316,0.15349750220775604,0.9990167021751404,0.5612541437149048
YPR006C,YPR007C,0,-1.9919403,0.15347431600093842,0.9990167021751404,0.5613542795181274
YMR267W,YGR032W,0,-1.9927742,0.15345114469528198,0.9990167021751404,0.5614544749259949
YBR128C,YPR091C,0,-1.9937265,0.15342797338962555,0.9990167021751404,0.5615546703338623
YOR230W,YER019C-A,0,-1.9943748,0.15340480208396912,0.9990167021751404,0.561654806137085
YCL059C,YOL100W,0,-1.9944799,0.15338164567947388,0.9990167021751404,0.5617550015449524
YER145C,YOR074C,0,-1.9948779,0.15335848927497864,0.9990167021751404,0.561855137348175
YAR042W,YJR140C,0,-1.995017,0.1533353477716446,0.9990167021751404,0.5619553327560425
YHR013C,YLR390W-A,0,-1.9955938,0.15331220626831055,0.9990167021751404,0.5620554685592651
YFR040W,YML099C,0,-1.9955962,0.1532890796661377,0.9990167021751404,0.5621556639671326
YPL159C,YNL121C,0,-1.9966466,0.15326595306396484,0.9990167021751404,0.562255859375
YBL020W,YLR093C,0,-1.997035,0.15324284136295319,0.9990167021751404,0.5623559951782227
YJL172W,YMR289W,0,-1.9974025,0.15321972966194153,0.9990167021751404,0.5624561905860901
YGR274C,YKL093W,0,-1.9982657,0.15319661796092987,0.9990167021751404,0.5625563263893127
YPR002W,YJR083C,0,-1.9989679,0.1531735211610794,0.9990167021751404,0.5626565217971802
YGR188C,YPL248C,0,-2.000145,0.15315043926239014,0.9990167021751404,0.5627566576004028
YHR170W,YER063W,0,-2.0004628,0.15312735736370087,0.9990167021751404,0.5628568530082703
YDR165W,YGL113W,0,-2.0009675,0.1531042754650116,0.9990167021751404,0.5629570484161377
YOR260W,YDR098C,0,-2.0009708,0.15308120846748352,0.9990167021751404,0.5630571842193604
YER083C,YNR067C,0,-2.0012572,0.15305815637111664,0.9990167021751404,0.5631573796272278
YDR463W,YGR008C,0,-2.0013645,0.15303508937358856,0.9990167021751404,0.5632575154304504
YLR263W,YOL076W,0,-2.001519,0.15301205217838287,0.9990167021751404,0.5633577108383179
YOL019W,YMR186W,0,-2.0016766,0.15298901498317719,0.9990167021751404,0.5634579062461853
YCL032W,YGL227W,0,-2.0027082,0.1529659777879715,0.9990167021751404,0.563558042049408
YEL006W,YIL133C,0,-2.0027595,0.1529429405927658,0.9990167021751404,0.5636582374572754
YPL176C,YJL057C,0,-2.003253,0.1529199331998825,0.9990167021751404,0.563758373260498
YDR388W,YBR272C,0,-2.0040326,0.152896910905838,0.9990167021751404,0.5638585686683655
YBL112C,YGR171C,0,-2.0041234,0.1528739035129547,0.9990167021751404,0.5639587044715881
YDL040C,YEL044W,0,-2.0042582,0.1528509110212326,0.9990167021751404,0.5640588998794556
YGR006W,YCR038C,0,-2.0043929,0.1528279185295105,0.9990167021751404,0.564159095287323
YDR177W,YJL071W,0,-2.0051243,0.1528049260377884,0.9990167021751404,0.5642592310905457
YMR312W,YOR327C,0,-2.0055242,0.15278194844722748,0.9990167021751404,0.5643594264984131
YNL032W,YKL218C,0,-2.0067298,0.15275898575782776,0.9990167021751404,0.5644595623016357
YIL075C,YGL095C,0,-2.007022,0.15273602306842804,0.9990167021751404,0.5645597577095032
YKL038W,YBL005W,0,-2.0071,0.15271306037902832,0.9990167021751404,0.5646598935127258
YPL157W,YLL061W,0,-2.007259,0.1526901125907898,0.9990167021751404,0.5647600889205933
YDR261C,YOR054C,0,-2.0074086,0.15266716480255127,0.9990167021751404,0.5648602843284607
YPL178W,YGR167W,0,-2.008102,0.15264423191547394,0.9990167021751404,0.5649604201316833
YOL059W,YER139C,0,-2.0083241,0.1526212990283966,0.9990167021751404,0.5650606155395508
YOL002C,YLR213C,0,-2.0093582,0.15259838104248047,0.9990167021751404,0.5651607513427734
YML037C,YNR017W,0,-2.009769,0.15257546305656433,0.9990167021751404,0.5652609467506409
YLR234W,YBL021C,0,-2.0100055,0.1525525599718094,0.9990167021751404,0.5653611421585083
YGL104C,YOR175C,0,-2.0102804,0.15252965688705444,0.9990167021751404,0.565461277961731
YKL081W,YOR212W,0,-2.010755,0.1525067538022995,0.9990167021751404,0.5655614733695984
YLL035W,YIR002C,0,-2.0113118,0.15248386561870575,0.9990167021751404,0.565661609172821
YOR142W,YML102W,0,-2.0117478,0.152460977435112,0.9990167021751404,0.5657618045806885
YOR106W,YMR048W,0,-2.011867,0.15243810415267944,0.9990167021751404,0.5658619403839111
YOL069W,YMR200W,0,-2.0125551,0.15241524577140808,0.9990167021751404,0.5659621357917786
YGL223C,YMR075W,0,-2.0127745,0.15239238739013672,0.9990167021751404,0.566062331199646
YDR257C,YOL064C,0,-2.0136006,0.15236952900886536,0.9990167021751404,0.5661624670028687
YHR138C,YDR197W,0,-2.013623,0.1523466855287552,0.9990167021751404,0.5662626624107361
YGL229C,YMR042W,0,-2.0147593,0.15232384204864502,0.9990167021751404,0.5663627982139587
YNR060W,YEL050C,0,-2.015253,0.15230099856853485,0.9990167021751404,0.5664629936218262
YOL138C,YCR087C-A,0,-2.0155182,0.15227818489074707,0.9990167021751404,0.5665631294250488
YKL052C,YMR186W,0,-2.0160944,0.1522553563117981,0.9990167021751404,0.5666633248329163
YHL004W,YLR371W,0,-2.0163138,0.15223254263401031,0.9990167021751404,0.5667635202407837
YDR096W,YDR296W,0,-2.01656,0.15220974385738373,0.9990167021751404,0.5668636560440063
YER165W,YDR128W,0,-2.0176675,0.15218694508075714,0.9990167021751404,0.5669638514518738
YLR190W,YMR204C,0,-2.0179765,0.15216414630413055,0.9990167021751404,0.5670639872550964
YOR236W,YKR044W,0,-2.0180154,0.15214136242866516,0.9990167021751404,0.5671641826629639
YMR165C,YDL113C,0,-2.01853,0.15211857855319977,0.9990167021751404,0.5672643780708313
YPR095C,YJL124C,0,-2.020222,0.15209580957889557,0.9990167021751404,0.567364513874054
YMR053C,YGL183C,0,-2.0205672,0.15207304060459137,0.9990167021751404,0.5674647092819214
YOR252W,YPL210C,0,-2.0207367,0.15205028653144836,0.9990167021751404,0.567564845085144
YHR047C,YBL061C,0,-2.0210555,0.15202753245830536,0.9990167021751404,0.5676650404930115
YER056C-A,YAL048C,0,-2.0229235,0.15200479328632355,0.9990167021751404,0.5677651762962341
YLR315W,YER062C,0,-2.0231307,0.15198205411434174,0.9990167021751404,0.5678653717041016
YDR317W,YOR189W,0,-2.023308,0.15195931494235992,0.9990167021751404,0.567965567111969
YMR298W,YKR056W,0,-2.0235577,0.1519365906715393,0.9990167021751404,0.5680657029151917
YPR194C,YJR053W,0,-2.0237556,0.15191388130187988,0.9990167021751404,0.5681658983230591
YDL043C,YGR075C,0,-2.0247602,0.15189117193222046,0.9990167021751404,0.5682660341262817
YPL193W,YDR472W,0,-2.0249388,0.15186846256256104,0.9990167021751404,0.5683662295341492
YGR009C,YPL150W,0,-2.026033,0.1518457680940628,0.9990167021751404,0.5684663653373718
YBL056W,YDL190C,0,-2.0261736,0.15182307362556458,0.9990167021751404,0.5685665607452393
YDR341C,YPL144W,0,-2.0274074,0.15180039405822754,0.9990167021751404,0.5686667561531067
YER087W,YMR046C,0,-2.028432,0.1517777144908905,0.9990167021751404,0.5687668919563293
YPL089C,YBR162W-A,0,-2.0287118,0.15175503492355347,0.9990167021751404,0.5688670873641968
YPR160W,YNL280C,0,-2.0290356,0.15173237025737762,0.9990167021751404,0.5689672231674194
YDR226W,YNL238W,0,-2.0293303,0.15170972049236298,0.9990167021751404,0.5690674185752869
YGR296W,YGR246C,0,-2.0295956,0.15168707072734833,0.9990167021751404,0.5691676139831543
YOR061W,YKR075C,0,-2.0297198,0.15166442096233368,0.9990167021751404,0.569267749786377
YBL010C,YDL154W,0,-2.0298686,0.15164178609848022,0.9990167021751404,0.5693679451942444
YBL112C,YOR081C,0,-2.0302663,0.15161916613578796,0.9990167021751404,0.569468080997467
YMR112C,YKL096W-A,0,-2.0309741,0.1515965312719345,0.9990167021751404,0.5695682764053345
YPL018W,YML127W,0,-2.0323346,0.15157392621040344,0.9990167021751404,0.5696684122085571
YGR216C,YGR134W,0,-2.032608,0.15155130624771118,0.9990167021751404,0.5697686076164246
YOL095C,YDL076C,0,-2.0327544,0.1515287160873413,0.9990167021751404,0.569868803024292
YML058W-A,YDR254W,0,-2.034076,0.15150611102581024,0.9990167021751404,0.5699689388275146
YPL173W,YKR019C,0,-2.034704,0.15148352086544037,0.9990167021751404,0.5700691342353821
YDL133C-A,YKL010C,0,-2.0348623,0.1514609456062317,0.9990167021751404,0.5701692700386047
YPL157W,YMR045C,0,-2.0367413,0.151438370347023,0.9990167021751404,0.5702694654464722
YMR311C,YIR019C,0,-2.037045,0.15141579508781433,0.9990167021751404,0.5703696012496948
YGR003W,YFL014W,0,-2.03727,0.15139323472976685,0.9990167021751404,0.5704697966575623
YDR289C,YBR155W,0,-2.037504,0.15137067437171936,0.9990167021751404,0.5705699920654297
YKL119C,YJR112W,0,-2.037812,0.15134812891483307,0.9990167021751404,0.5706701278686523
YPL122C,YIR036C,0,-2.0389864,0.15132558345794678,0.9990167021751404,0.5707703232765198
YDR131C,YKL218C,0,-2.0394359,0.15130305290222168,0.9990167021751404,0.5708704590797424
YDL139C,YGL216W,0,-2.0395942,0.15128052234649658,0.9990167021751404,0.5709706544876099
YDL019C,YMR100W,0,-2.0396988,0.15125800669193268,0.9990167021751404,0.5710708498954773
YER099C,YNL059C,0,-2.0400503,0.15123549103736877,0.9990167021751404,0.5711709856987
YDL119C,YBR162W-A,0,-2.040216,0.15121297538280487,0.9990167021751404,0.5712711811065674
YAL019W,YDR503C,0,-2.0414424,0.15119047462940216,0.9990167021751404,0.57137131690979
YLR291C,YNL136W,0,-2.0415215,0.15116797387599945,0.9990167021751404,0.5714715123176575
YJR050W,YNL311C,0,-2.0415957,0.15114548802375793,0.9990167021751404,0.5715716481208801
YER145C,YCR037C,0,-2.043081,0.1511230170726776,0.9990167021751404,0.5716718435287476
YLR220W,YIR006C,0,-2.0434415,0.1511005312204361,0.9990167021751404,0.571772038936615
YOR026W,YLR426W,0,-2.0435255,0.15107806026935577,0.9990167021751404,0.5718721747398376
YOR189W,YGR271W,0,-2.0439446,0.15105560421943665,0.9990167021751404,0.5719723701477051
YDL170W,YJL079C,0,-2.0440605,0.15103314816951752,0.9990167021751404,0.5720725059509277
YLL048C,YOR381W,0,-2.0442293,0.15101070702075958,0.9990167021751404,0.5721727013587952
YLR176C,YDR197W,0,-2.0454602,0.15098826587200165,0.9990167021751404,0.5722728371620178
YDL051W,YNL025C,0,-2.0458066,0.1509658247232437,0.9990167021751404,0.5723730325698853
YLR141W,YOL101C,0,-2.04639,0.15094339847564697,0.9990167021751404,0.5724732279777527
YER095W,YOL011W,0,-2.0484486,0.15092097222805023,0.9990167021751404,0.5725733637809753
YJR076C,YER071C,0,-2.0487952,0.15089856088161469,0.9990167021751404,0.5726735591888428
YOR057W,YDL069C,0,-2.0488834,0.15087614953517914,0.9990167021751404,0.5727736949920654
YPL172C,YCR037C,0,-2.0489645,0.15085375308990479,0.9990167021751404,0.5728738903999329
YDR065W,YLR045C,0,-2.049698,0.15083135664463043,0.9990167021751404,0.5729740262031555
YGL060W,YDR169C,0,-2.049778,0.15080896019935608,0.9990167021751404,0.573074221611023
YPR137C-B,YOL103W-A,0,-2.049971,0.15078657865524292,0.9990167021751404,0.5731744170188904
YDL065C,YER025W,0,-2.0503328,0.15076421201229095,0.9990167021751404,0.573274552822113
YKL059C,YBR060C,0,-2.0507991,0.150741845369339,0.9990167021751404,0.5733747482299805
YIL126W,YMR019W,0,-2.0508757,0.15071947872638702,0.9990167021751404,0.5734748840332031
YCL031C,YJL060W,0,-2.0509806,0.15069712698459625,0.9990167021751404,0.5735750794410706
YFL029C,YGL186C,0,-2.051114,0.15067477524280548,0.9990167021751404,0.573675274848938
YOR311C,YOL062C,0,-2.0511622,0.1506524384021759,0.9990167021751404,0.5737754106521606
YKL064W,YOR044W,0,-2.051298,0.15063010156154633,0.9990167021751404,0.5738756060600281
YBL035C,YPL051W,0,-2.051411,0.15060776472091675,0.9990167021751404,0.5739757418632507
YER154W,YNL328C,0,-2.0525835,0.15058544278144836,0.9990167021751404,0.5740759372711182
YGR188C,YNL079C,0,-2.0532968,0.15056313574314117,0.9990167021751404,0.5741760730743408
YKR100C,YPL093W,0,-2.053784,0.1505408138036728,0.9990167021751404,0.5742762684822083
YGL141W,YGR010W,0,-2.0546339,0.1505185216665268,0.9990167021751404,0.5743764638900757
YOR109W,YGR040W,0,-2.0551455,0.1504962295293808,0.9990167021751404,0.5744765996932983
YJL128C,YER100W,0,-2.055548,0.1504739373922348,0.9990167021751404,0.5745767951011658
YDR268W,YER100W,0,-2.055787,0.1504516452550888,0.9990167021751404,0.5746769309043884
YNL156C,YFL049W,0,-2.0558712,0.150429368019104,0.9990167021751404,0.5747771263122559
YJL168C,YJR021C,0,-2.0559988,0.1504071056842804,0.9990167021751404,0.5748772621154785
YMR022W,YPL149W,0,-2.0562656,0.1503848433494568,0.9990167021751404,0.574977457523346
YDR130C,YDL107W,0,-2.0565076,0.15036258101463318,0.9990167021751404,0.5750776529312134
YPL189W,YNL301C,0,-2.0573845,0.15034033358097076,0.9990167021751404,0.575177788734436
YNR018W,YBR211C,0,-2.057636,0.15031810104846954,0.9990167021751404,0.5752779841423035
YBR264C,YNL133C,0,-2.0577204,0.15029585361480713,0.9990167021751404,0.5753781199455261
YPR186C,YDR387C,0,-2.0577695,0.1502736210823059,0.9990167021751404,0.5754783153533936
YNL006W,YEL006W,0,-2.0578694,0.15025140345096588,0.9990167021751404,0.575578510761261
YOL003C,YGR204W,0,-2.0580158,0.15022918581962585,0.9990167021751404,0.5756786465644836
YJL012C,YBL005W-B,0,-2.058446,0.15020698308944702,0.9990167021751404,0.5757788419723511
YER002W,YLR418C,0,-2.0587223,0.1501847803592682,0.9990167021751404,0.5758789777755737
YPL050C,YOL112W,0,-2.0587347,0.15016257762908936,0.9990167021751404,0.5759791731834412
YNR053C,YER111C,0,-2.0596511,0.15014038980007172,0.9990167021751404,0.5760793089866638
YNL331C,YDR309C,0,-2.0603828,0.15011820197105408,0.9990167021751404,0.5761795043945312
YOL065C,YDR032C,0,-2.0616715,0.15009602904319763,0.9990167021751404,0.5762796998023987
YMR301C,YPL056C,0,-2.0618007,0.1500738561153412,0.9990167021751404,0.5763798356056213
YOR177C,YOR120W,0,-2.062024,0.15005169808864594,0.9990167021751404,0.5764800310134888
YNL191W,YPR122W,0,-2.062152,0.15002954006195068,0.9990167021751404,0.5765801668167114
YBL112C,YJR138W,0,-2.0622904,0.15000738203525543,0.9990167021751404,0.5766803622245789
YPR113W,YOL054W,0,-2.0623498,0.14998523890972137,0.9990167021751404,0.5767804980278015
YJL219W,YCR037C,0,-2.0625148,0.14996309578418732,0.9990167021751404,0.576880693435669
YHR186C,YER100W,0,-2.0626817,0.14994096755981445,0.9990167021751404,0.5769808888435364
YGR032W,YHR154W,0,-2.063134,0.1499188393354416,0.9990167021751404,0.577081024646759
YBR153W,YHR146W,0,-2.0632489,0.14989672601222992,0.9990167021751404,0.5771812200546265
YOR301W,YHL028W,0,-2.0633237,0.14987461268901825,0.9990167021751404,0.5772813558578491
YBL103C,YOR233W,0,-2.063339,0.14985251426696777,0.9990167021751404,0.5773815512657166
YDR529C,YFR030W,0,-2.0646825,0.1498304158449173,0.9990167021751404,0.577481746673584
YGL212W,YGR185C,0,-2.065753,0.14980831742286682,0.9990167021751404,0.5775818824768066
YER162C,YJL102W,0,-2.0659063,0.14978623390197754,0.9990167021751404,0.5776820778846741
YOL052C-A,YHR029C,0,-2.066862,0.14976415038108826,0.9990167021751404,0.5777822136878967
YLR005W,YOR085W,0,-2.06726,0.14974208176136017,0.9990167021751404,0.5778824090957642
YBR074W,YFL039C,0,-2.0684812,0.14972001314163208,0.9990167021751404,0.5779825448989868
YGR010W,YCL066W,0,-2.068516,0.149697944521904,0.9990167021751404,0.5780827403068542
YHR077C,YIR015W,0,-2.0691261,0.1496759057044983,0.9990167021751404,0.5781829357147217
YMR043W,YCL004W,0,-2.0696127,0.1496538519859314,0.9990167021751404,0.5782830715179443
YAL011W,YER103W,0,-2.069675,0.1496318131685257,0.9990167021751404,0.5783832669258118
YCL055W,YKL108W,0,-2.0697293,0.14960977435112,0.9990167021751404,0.5784834027290344
YDR468C,YIL093C,0,-2.0698488,0.1495877504348755,0.9990167021751404,0.5785835981369019
YPL048W,YGR283C,0,-2.070971,0.14956572651863098,0.9990167021751404,0.5786837339401245
YHR077C,YKR075C,0,-2.071662,0.14954371750354767,0.9990167021751404,0.5787839293479919
YGL035C,YPR068C,0,-2.0717595,0.14952170848846436,0.9990167021751404,0.5788841247558594
YHR158C,YHR027C,0,-2.072076,0.14949969947338104,0.9990167021751404,0.578984260559082
YNL012W,YLL018C,0,-2.0722861,0.14947770535945892,0.9990167021751404,0.5790844559669495
YBR208C,YML061C,0,-2.0730488,0.149455726146698,0.9990167021751404,0.5791845917701721
YER145C,YPL200W,0,-2.0736673,0.14943374693393707,0.9990167021751404,0.5792847871780396
YLR352W,YGR024C,0,-2.0739992,0.14941176772117615,0.9990167021751404,0.579384982585907
YNL318C,YGR046W,0,-2.0746958,0.14938978850841522,0.9990167021751404,0.5794851183891296
YGL205W,YIR026C,0,-2.0753431,0.14936783909797668,0.9990167021751404,0.5795853137969971
YNL248C,YOR391C,0,-2.0765061,0.14934587478637695,0.9990167021751404,0.5796854496002197
YDR402C,YNL218W,0,-2.0771701,0.14932392537593842,0.9990167021751404,0.5797856450080872
YMR026C,YOR299W,0,-2.0775166,0.14930199086666107,0.9990167021751404,0.5798857808113098
YBR205W,YNL001W,0,-2.0783188,0.14928004145622253,0.9990167021751404,0.5799859762191772
YHL004W,YLR182W,0,-2.0785341,0.14925812184810638,0.9990167021751404,0.5800861716270447
YAL010C,YLR396C,0,-2.0785768,0.14923618733882904,0.9990167021751404,0.5801863074302673
YBR162W-A,YPR037C,0,-2.0790794,0.14921428263187408,0.9990167021751404,0.5802865028381348
YGL180W,YMR296C,0,-2.079253,0.14919236302375793,0.9990167021751404,0.5803866386413574
YBR222C,YDR088C,0,-2.0799038,0.14917045831680298,0.9990167021751404,0.5804868340492249
YAL031C,YNL012W,0,-2.0802727,0.14914856851100922,0.9990167021751404,0.5805869698524475
YLR433C,YKL011C,0,-2.080413,0.14912666380405426,0.9990167021751404,0.5806871652603149
YHR005C-A,YAL040C,0,-2.0806088,0.1491047888994217,0.9990167021751404,0.5807873606681824
YKL189W,YHR074W,0,-2.0807407,0.14908289909362793,0.9990167021751404,0.580887496471405
YKL061W,YHL024W,0,-2.0807695,0.14906103909015656,0.9990167021751404,0.5809876918792725
YHR023W,YHR147C,0,-2.081359,0.149039164185524,0.9990167021751404,0.5810878276824951
YOR084W,YLR244C,0,-2.0815423,0.1490173041820526,0.9990167021751404,0.5811880230903625
YIR019C,YPR166C,0,-2.0819042,0.14899545907974243,0.9990167021751404,0.58128821849823
YKL100C,YDL091C,0,-2.0823648,0.14897361397743225,0.9990167021751404,0.5813883543014526
YDL202W,YGL061C,0,-2.0824492,0.14895176887512207,0.9990167021751404,0.5814885497093201
YNL307C,YCR038C,0,-2.0825305,0.14892993867397308,0.9990167021751404,0.5815886855125427
YMR312W,YOR324C,0,-2.0827918,0.1489081084728241,0.9990167021751404,0.5816888809204102
YOR044W,YJL124C,0,-2.0829647,0.1488862782716751,0.9990167021751404,0.5817890167236328
YPL193W,YPR171W,0,-2.0831969,0.14886446297168732,0.9990167021751404,0.5818892121315002
YLR466W,YDL021W,0,-2.0834994,0.14884266257286072,0.9990167021751404,0.5819894075393677
YKL124W,YLR316C,0,-2.0835545,0.14882086217403412,0.9990167021751404,0.5820895433425903
YDR076W,YOR120W,0,-2.084083,0.14879906177520752,0.9990167021751404,0.5821897387504578
YBR166C,YLR268W,0,-2.0855901,0.14877727627754211,0.9990167021751404,0.5822898745536804
YDL093W,YER104W,0,-2.0859406,0.1487554907798767,0.9990167021751404,0.5823900699615479
YDL093W,YKR059W,0,-2.086231,0.1487337201833725,0.9990167021751404,0.5824902057647705
YGL237C,YMR078C,0,-2.086286,0.1487119495868683,0.9990167021751404,0.5825904011726379
YOR038C,YGR244C,0,-2.086549,0.14869017899036407,0.9990167021751404,0.5826905965805054
YBR012W-B,YIL005W,0,-2.0866485,0.14866842329502106,0.9990167021751404,0.582790732383728
YGL246C,YPL180W,0,-2.0867605,0.14864666759967804,0.9990167021751404,0.5828909277915955
YDR342C,YPL200W,0,-2.088073,0.14862492680549622,0.9990167021751404,0.5829910635948181
YJR022W,YDR111C,0,-2.0881875,0.1486031860113144,0.9990167021751404,0.5830912590026855
YLR088W,YMR227C,0,-2.0884306,0.14858146011829376,0.9990167021751404,0.583191454410553
YHR005C,YJL081C,0,-2.08856,0.14855973422527313,0.9990167021751404,0.5832915902137756
YBR166C,YNR037C,0,-2.0886405,0.1485380083322525,0.9990167021751404,0.5833917856216431
YIR015W,YJL164C,0,-2.0892053,0.14851629734039307,0.9990167021751404,0.5834919214248657
YDR470C,YOR301W,0,-2.0892467,0.14849458634853363,0.9990167021751404,0.5835921168327332
YOR074C,YIL112W,0,-2.089736,0.1484728902578354,0.9990167021751404,0.5836922526359558
YER008C,YDR177W,0,-2.0911455,0.14845119416713715,0.9990167021751404,0.5837924480438232
YJL090C,YDR233C,0,-2.091394,0.1484295129776001,0.9990167021751404,0.5838926434516907
YDR343C,YLR337C,0,-2.0914798,0.14840783178806305,0.9990167021751404,0.5839927792549133
YGR097W,YHR133C,0,-2.0920222,0.148386150598526,0.9990167021751404,0.5840929746627808
YGL241W,YLR244C,0,-2.0928166,0.14836448431015015,0.9990167021751404,0.5841931104660034
YDL160C,YHR058C,0,-2.0930529,0.1483428180217743,0.9990167021751404,0.5842933058738708
YPL099C,YCR081W,0,-2.0938234,0.14832116663455963,0.9990167021751404,0.5843934416770935
YDR109C,YFL057C,0,-2.0938587,0.14829951524734497,0.9990167021751404,0.5844936370849609
YMR117C,YER012W,0,-2.0939014,0.1482778787612915,0.9990167021751404,0.5845938324928284
YER142C,YDR188W,0,-2.095357,0.14825624227523804,0.9990167021751404,0.584693968296051
YBL022C,YFL025C,0,-2.0963507,0.14823460578918457,0.9990167021751404,0.5847941637039185
YIL109C,YER052C,0,-2.096676,0.1482129842042923,0.9990167021751404,0.5848942995071411
YPL149W,YNL076W,0,-2.0968344,0.14819136261940002,0.9990167021751404,0.5849944949150085
YBL022C,YCR014C,0,-2.0971746,0.14816975593566895,0.9990167021751404,0.585094690322876
YPL224C,YPR138C,0,-2.097988,0.14814814925193787,0.9990167021751404,0.5851948261260986
YNL294C,YER139C,0,-2.098078,0.1481265425682068,0.9990167021751404,0.5852950215339661
YOR119C,YGR077C,0,-2.0980883,0.1481049507856369,0.9990167021751404,0.5853951573371887
YMR201C,YDR423C,0,-2.0988195,0.1480833739042282,0.9990167021751404,0.5854953527450562
YLR425W,YOR291W,0,-2.099558,0.14806178212165833,0.9990167021751404,0.5855954885482788
YDR287W,YDL018C,0,-2.0996358,0.14804022014141083,0.9990167021751404,0.5856956839561462
YOR179C,YJL114W,0,-2.0998478,0.14801864326000214,0.9990167021751404,0.5857958793640137
YDL170W,YBR128C,0,-2.100348,0.14799708127975464,0.9990167021751404,0.5858960151672363
YBR268W,YDR137W,0,-2.1004887,0.14797553420066833,0.9990167021751404,0.5859962105751038
YFR016C,YAR007C,0,-2.1005328,0.14795398712158203,0.9990167021751404,0.5860963463783264
YJR140C,YNR022C,0,-2.1007926,0.14793244004249573,0.9990167021751404,0.5861965417861938
YGL123W,YIL072W,0,-2.1029844,0.14791090786457062,0.9990167021751404,0.5862966775894165
YOR279C,YJR078W,0,-2.1036932,0.1478893756866455,0.9990167021751404,0.5863968729972839
YGL251C,YEL051W,0,-2.1037238,0.1478678435087204,0.9990167021751404,0.5864970684051514
YIL030C,YHR164C,0,-2.1038392,0.14784632623195648,0.9990167021751404,0.586597204208374
YDL015C,YOR020C,0,-2.1038408,0.14782482385635376,0.9990167021751404,0.5866973996162415
YGL205W,YLR237W,0,-2.104267,0.14780332148075104,0.9990167021751404,0.5867975354194641
YOR116C,YGR155W,0,-2.1050858,0.14778181910514832,0.9990167021751404,0.5868977308273315
YOR098C,YER113C,0,-2.10561,0.1477603316307068,0.9990167021751404,0.5869978666305542
YBR041W,YOR239W,0,-2.1056912,0.14773884415626526,0.9990167021751404,0.5870980620384216
YJR035W,YMR040W,0,-2.1060307,0.14771735668182373,0.9990167021751404,0.5871982574462891
YMR240C,YPR199C,0,-2.1066272,0.1476958841085434,0.9990167021751404,0.5872983932495117
YDR122W,YJR138W,0,-2.1069443,0.14767441153526306,0.9990167021751404,0.5873985886573792
YER070W,YIL035C,0,-2.1070168,0.14765295386314392,0.9990167021751404,0.5874987244606018
YDR111C,YMR016C,0,-2.107231,0.14763149619102478,0.9990167021751404,0.5875989198684692
YOR048C,YDL035C,0,-2.1072826,0.14761005342006683,0.9990167021751404,0.5876991152763367
YGR194C,YGR056W,0,-2.10823,0.1475886106491089,0.9990167021751404,0.5877992510795593
YBL056W,YBR212W,0,-2.108851,0.14756716787815094,0.9990167021751404,0.5878994464874268
YDL046W,YBR114W,0,-2.1090565,0.1475457400083542,0.9990167021751404,0.5879995822906494
YPR178W,YOR222W,0,-2.1095967,0.14752432703971863,0.9990167021751404,0.5880997776985168
YMR301C,YER190W,0,-2.111044,0.14750289916992188,0.9990167021751404,0.5881999135017395
YPR113W,YJL179W,0,-2.1112578,0.14748148620128632,0.9990167021751404,0.5883001089096069
YHR153C,YBR066C,0,-2.1119323,0.14746008813381195,0.9990167021751404,0.5884003043174744
YLR223C,YML040W,0,-2.1134808,0.14743869006633759,0.9990167021751404,0.588500440120697
YGL009C,YPL059W,0,-2.1135128,0.14741729199886322,0.9990167021751404,0.5886006355285645
YKL201C,YPL214C,0,-2.1136522,0.14739590883255005,0.9990167021751404,0.5887007713317871
YLL045C,YHR165C,0,-2.1139467,0.14737452566623688,0.9990167021751404,0.5888009667396545
YHR158C,YJL144W,0,-2.1142564,0.1473531574010849,0.9990167021751404,0.5889011025428772
YPR034W,YOL045W,0,-2.1148272,0.14733178913593292,0.9990167021751404,0.5890012979507446
YML043C,YDR137W,0,-2.1148307,0.14731042087078094,0.9990167021751404,0.5891014933586121
YGL095C,YLR073C,0,-2.1158953,0.14728906750679016,0.9990167021751404,0.5892016291618347
YDR036C,YOR117W,0,-2.1162062,0.14726771414279938,0.9990167021751404,0.5893018245697021
YDR325W,YDR248C,0,-2.1163723,0.1472463756799698,0.9990167021751404,0.5894019603729248
YLL027W,YAR033W,0,-2.1166584,0.1472250372171402,0.9990167021751404,0.5895021557807922
YPR095C,YKR066C,0,-2.1168308,0.1472037136554718,0.9990167021751404,0.5896023511886597
YDR497C,YNL149C,0,-2.1192238,0.1471823900938034,0.9990167021751404,0.5897024869918823
YER083C,YNL317W,0,-2.1193702,0.147161066532135,0.9990167021751404,0.5898026823997498
YPL161C,YNL251C,0,-2.12065,0.1471397578716278,0.9990167021751404,0.5899028182029724
YOR287C,YNL078W,0,-2.1219866,0.1471184492111206,0.9990167021751404,0.5900030136108398
YDR298C,YCL066W,0,-2.1224453,0.1470971405506134,0.9990167021751404,0.5901031494140625
YBL078C,YPL048W,0,-2.1226106,0.1470758467912674,0.9990167021751404,0.5902033448219299
YNL331C,YMR250W,0,-2.1227808,0.14705456793308258,0.9990167021751404,0.5903035402297974
YKL033W,YER041W,0,-2.1237853,0.14703328907489777,0.9990167021751404,0.59040367603302
YNL207W,YKR089C,0,-2.1251318,0.14701201021671295,0.9990167021751404,0.5905038714408875
YGR235C,YLR163C,0,-2.1254761,0.14699074625968933,0.9990167021751404,0.5906040072441101
YKL140W,YPL123C,0,-2.1254852,0.1469694823026657,0.9990167021751404,0.5907042026519775
YHR057C,YPL051W,0,-2.1263206,0.1469482183456421,0.9990167021751404,0.5908043384552002
YDR411C,YDR453C,0,-2.1268053,0.14692696928977966,0.9990167021751404,0.5909045338630676
YOR034C,YGL190C,0,-2.126897,0.14690572023391724,0.9990167021751404,0.5910047292709351
YOR226C,YOR117W,0,-2.127116,0.146884486079216,0.9990167021751404,0.5911048650741577
YKR061W,YCR053W,0,-2.1277525,0.14686325192451477,0.9990167021751404,0.5912050604820251
YDR419W,YOL093W,0,-2.1280525,0.14684203267097473,0.9990167021751404,0.5913051962852478
YKL064W,YOL111C,0,-2.1284091,0.1468208134174347,0.9990167021751404,0.5914053916931152
YKL039W,YDR313C,0,-2.1288176,0.14679959416389465,0.9990167021751404,0.5915055871009827
YML097C,YDL007W,0,-2.128841,0.1467783898115158,0.9990167021751404,0.5916057229042053
YKL017C,YEL061C,0,-2.1292245,0.14675718545913696,0.9990167021751404,0.5917059183120728
YEL006W,YHR012W,0,-2.1300755,0.1467359960079193,0.9990167021751404,0.5918060541152954
YNL167C,YBR081C,0,-2.13022,0.14671480655670166,0.9990167021751404,0.5919062495231628
YJL013C,YIL006W,0,-2.1317997,0.146693617105484,0.9990167021751404,0.5920063853263855
YHR064C,YGR296W,0,-2.1320584,0.14667244255542755,0.9990167021751404,0.5921065807342529
YML018C,YOR334W,0,-2.1326103,0.1466512680053711,0.9990167021751404,0.5922067761421204
YIL021W,YNL297C,0,-2.1328847,0.14663010835647583,0.9990167021751404,0.592306911945343
YJL078C,YNR020C,0,-2.1335275,0.14660894870758057,0.9990167021751404,0.5924071073532104
YJL112W,YOL005C,0,-2.1335807,0.1465877890586853,0.9990167021751404,0.5925072431564331
YOL104C,YHR089C,0,-2.1335995,0.14656664431095123,0.9990167021751404,0.5926074385643005
YDR205W,YMR292W,0,-2.1341054,0.14654549956321716,0.9990167021751404,0.5927075743675232
YDR235W,YMR093W,0,-2.13433,0.1465243697166443,0.9990167021751404,0.5928077697753906
YGL195W,YKR079C,0,-2.134938,0.1465032398700714,0.9990167021751404,0.5929079651832581
YDR138W,YBR271W,0,-2.1352887,0.14648212492465973,0.9990167021751404,0.5930081009864807
YCR040W,YEL050C,0,-2.1353335,0.14646100997924805,0.9990167021751404,0.5931082963943481
YOL117W,YOL010W,0,-2.1354232,0.14643989503383636,0.9990167021751404,0.5932084321975708
YMR228W,YOR246C,0,-2.1360846,0.14641879498958588,0.9990167021751404,0.5933086276054382
YBR093C,YPR100W,0,-2.1369717,0.1463976949453354,0.9990167021751404,0.5934088230133057
YLR131C,YGR056W,0,-2.1372716,0.1463766098022461,0.9990167021751404,0.5935089588165283
YJL053W,YML057W,0,-2.1375732,0.1463555097579956,0.9990167021751404,0.5936091542243958
YJL101C,YOR297C,0,-2.1382978,0.1463344395160675,0.9990167021751404,0.5937092900276184
YNL149C,YDR033W,0,-2.1391141,0.1463133692741394,0.9990167021751404,0.5938094854354858
YNR070W,YER087W,0,-2.139633,0.1462922990322113,0.9990167021751404,0.5939096212387085
YDL039C,YHR002W,0,-2.139783,0.1462712287902832,0.9990167021751404,0.5940098166465759
YLR429W,YNL284C,0,-2.140148,0.1462501734495163,0.9990167021751404,0.5941100120544434
YLL003W,YOL132W,0,-2.1402225,0.14622913300991058,0.9990167021751404,0.594210147857666
YLR005W,YNL151C,0,-2.14108,0.14620809257030487,0.9990167021751404,0.5943103432655334
YKL059C,YDR303C,0,-2.141457,0.14618705213069916,0.9990167021751404,0.5944104790687561
YLR011W,YLR073C,0,-2.1415205,0.14616602659225464,0.9990167021751404,0.5945106744766235
YJL004C,YAL051W,0,-2.1417007,0.14614500105381012,0.9990167021751404,0.5946108102798462
YBR012W-A,YER117W,0,-2.1425831,0.1461239755153656,0.9990167021751404,0.5947110056877136
YDR406W,YMR115W,0,-2.1426644,0.14610296487808228,0.9990167021751404,0.594811201095581
YKL069W,YOL090W,0,-2.142801,0.14608195424079895,0.9990167021751404,0.5949113368988037
YNL118C,YMR315W,0,-2.1448476,0.14606095850467682,0.9990167021751404,0.5950115323066711
YBR092C,YOL038W,0,-2.146331,0.1460399627685547,0.9990167021751404,0.5951116681098938
YDR508C,YJL157C,0,-2.1469305,0.14601896703243256,0.9990167021751404,0.5952118635177612
YPL154C,YNL078W,0,-2.1474466,0.14599798619747162,0.9990167021751404,0.5953120589256287
YNR061C,YDR416W,0,-2.147644,0.14597700536251068,0.9990167021751404,0.5954121947288513
YJR010C-A,YDR248C,0,-2.147835,0.14595603942871094,0.9990167021751404,0.5955123901367188
YML097C,YJR075W,0,-2.1486094,0.1459350734949112,0.9990167021751404,0.5956125259399414
YJL216C,YBR164C,0,-2.149036,0.14591412246227264,0.9990167021751404,0.5957127213478088
YBR207W,YDR476C,0,-2.1490798,0.1458931714296341,0.9990167021751404,0.5958128571510315
YOL122C,YBL075C,0,-2.1490896,0.14587222039699554,0.9990167021751404,0.5959130525588989
YBL061C,YMR105C,0,-2.1508572,0.1458512842655182,0.9990167021751404,0.5960132479667664
YER071C,YHR079C,0,-2.1509364,0.14583034813404083,0.9990167021751404,0.596113383769989
YJL143W,YGR026W,0,-2.1510808,0.14580941200256348,0.9990167021751404,0.5962135791778564
YLR100W,YLL026W,0,-2.1523213,0.14578849077224731,0.9990167021751404,0.5963137149810791
YDR337W,YHR074W,0,-2.1523252,0.14576756954193115,0.9990167021751404,0.5964139103889465
YGL194C,YOR129C,0,-2.1523483,0.14574666321277618,0.9990167021751404,0.5965140461921692
YJL155C,YKL100C,0,-2.1526277,0.14572575688362122,0.9990167021751404,0.5966142416000366
YDR067C,YML036W,0,-2.1527753,0.14570486545562744,0.9990167021751404,0.596714437007904
YLL061W,YPL061W,0,-2.1529307,0.14568397402763367,0.9990167021751404,0.5968145728111267
YPL189W,YKL059C,0,-2.153046,0.1456630825996399,0.9990167021751404,0.5969147682189941
YOR148C,YDR164C,0,-2.153114,0.1456422060728073,0.9990167021751404,0.5970149040222168
YBL089W,YJR150C,0,-2.1540468,0.14562132954597473,0.9990167021751404,0.5971150994300842
YNR006W,YIL009W,0,-2.1542635,0.14560045301914215,0.9990167021751404,0.5972152948379517
YLR157C,YLR414C,0,-2.155474,0.14557959139347076,0.9990167021751404,0.5973154306411743
YLR099C,YLR106C,0,-2.156182,0.14555874466896057,0.9990167021751404,0.5974156260490417
YDR019C,YDL143W,0,-2.1572983,0.14553788304328918,0.9990167021751404,0.5975157618522644
YOR355W,YLR194C,0,-2.1575618,0.14551705121994019,0.9990167021751404,0.5976159572601318
YHL021C,YBL005W-B,0,-2.1581933,0.14549620449543,0.9990167021751404,0.5977160930633545
YGL137W,YHR082C,0,-2.1585252,0.145475372672081,0.9990167021751404,0.5978162884712219
YHL008C,YER111C,0,-2.1591337,0.145454540848732,0.9990167021751404,0.5979164838790894
YJR149W,YOR103C,0,-2.1593392,0.1454337239265442,0.9990167021751404,0.598016619682312
YDL022W,YKR044W,0,-2.159352,0.14541290700435638,0.9990167021751404,0.5981168150901794
YLR200W,YJL087C,0,-2.15945,0.14539210498332977,0.9990167021751404,0.5982169508934021
YCR024C,YDR356W,0,-2.1594918,0.14537130296230316,0.9990167021751404,0.5983171463012695
YPR081C,YIL143C,0,-2.1598628,0.14535050094127655,0.9990167021751404,0.5984172821044922
YDR400W,YPR021C,0,-2.1605926,0.14532971382141113,0.9990167021751404,0.5985174775123596
YEL018W,YIR031C,0,-2.1606731,0.14530892670154572,0.9990167021751404,0.598617672920227
YJL158C,YDL235C,0,-2.1608694,0.1452881395816803,0.9990167021751404,0.5987178087234497
YBL057C,YGL128C,0,-2.161018,0.14526736736297607,0.9990167021751404,0.5988180041313171
YNL246W,YDR299W,0,-2.1612408,0.14524661004543304,0.9990167021751404,0.5989181399345398
YDL240W,YOL152W,0,-2.1613712,0.14522583782672882,0.9990167021751404,0.5990183353424072
YGR200C,YOR250C,0,-2.1624157,0.1452050805091858,0.9990167021751404,0.5991185307502747
YDL138W,YCR106W,0,-2.1628034,0.14518433809280396,0.9990167021751404,0.5992186665534973
YML115C,YMR037C,0,-2.1650705,0.14516359567642212,0.9990167021751404,0.5993188619613647
YLR043C,YGR167W,0,-2.1650903,0.14514285326004028,0.9990167021751404,0.5994189977645874
YJL006C,YBL052C,0,-2.165127,0.14512212574481964,0.9990167021751404,0.5995191931724548
YBR096W,YNR057C,0,-2.165528,0.145101398229599,0.9990167021751404,0.5996193289756775
YGL192W,YIL002C,0,-2.1655636,0.14508068561553955,0.9990167021751404,0.5997195243835449
YOR106W,YDR364C,0,-2.1657696,0.1450599730014801,0.9990167021751404,0.5998197197914124
YGL071W,YDR108W,0,-2.165826,0.14503926038742065,0.9990167021751404,0.599919855594635
YDR055W,YIL115C,0,-2.1659374,0.1450185626745224,0.9990167021751404,0.6000200510025024
YBL041W,YNL054W,0,-2.1666794,0.14499786496162415,0.9990167021751404,0.6001201868057251
YNL306W,YMR159C,0,-2.1668098,0.1449771672487259,0.9990167021751404,0.6002203822135925
YOL056W,YMR016C,0,-2.167249,0.14495648443698883,0.9990167021751404,0.6003205180168152
YGL083W,YOL140W,0,-2.167835,0.14493580162525177,0.9990167021751404,0.6004207134246826
YNR028W,YNL010W,0,-2.1680372,0.1449151337146759,0.9990167021751404,0.60052090883255
YBR041W,YPL176C,0,-2.1684308,0.14489446580410004,0.9990167021751404,0.6006210446357727
YDL121C,YGL233W,0,-2.1691709,0.14487381279468536,0.9990167021751404,0.6007212400436401
YPL058C,YFR013W,0,-2.1701665,0.1448531448841095,0.9990167021751404,0.6008213758468628
YAR019C,YNL282W,0,-2.171278,0.14483250677585602,0.9990167021751404,0.6009215712547302
YBR086C,YDL220C,0,-2.1722004,0.14481185376644135,0.9990167021751404,0.6010217666625977
YER098W,YOR275C,0,-2.1722288,0.14479121565818787,0.9990167021751404,0.6011219024658203
YPL127C,YDR233C,0,-2.1732821,0.14477059245109558,0.9990167021751404,0.6012220978736877
YLR404W,YGR217W,0,-2.1733875,0.1447499692440033,0.9990167021751404,0.6013222336769104
YPL089C,YDR412W,0,-2.1734617,0.144729346036911,0.9990167021751404,0.6014224290847778
YPL002C,YMR039C,0,-2.1734905,0.14470873773097992,0.9990167021751404,0.6015225648880005
YIL172C,YNL288W,0,-2.1738186,0.14468812942504883,0.9990167021751404,0.6016227602958679
YNL291C,YKL196C,0,-2.1743097,0.14466752111911774,0.9990167021751404,0.6017229557037354
YDR332W,YKR030W,0,-2.1751099,0.14464692771434784,0.9990167021751404,0.601823091506958
YBR291C,YGL039W,0,-2.1753826,0.14462633430957794,0.9990167021751404,0.6019232869148254
YML005W,YDR421W,0,-2.1756608,0.14460575580596924,0.9990167021751404,0.6020234227180481
YGL167C,YGL168W,0,-2.1757472,0.14458517730236053,0.9990167021751404,0.6021236181259155
YOL009C,YNL294C,0,-2.17575,0.14456459879875183,0.9990167021751404,0.6022237539291382
YMR238W,YGL021W,0,-2.1758964,0.14454403519630432,0.9990167021751404,0.6023239493370056
YCR063W,YMR036C,0,-2.1760123,0.1445234715938568,0.9990167021751404,0.602424144744873
YER082C,YOL105C,0,-2.1763356,0.1445029228925705,0.9990167021751404,0.6025242805480957
YPR191W,YPL117C,0,-2.1769295,0.14448235929012299,0.9990167021751404,0.6026244759559631
YIL095W,YMR276W,0,-2.1773572,0.14446182548999786,0.9990167021751404,0.6027246117591858
YNL180C,YML127W,0,-2.1775887,0.14444129168987274,0.9990167021751404,0.6028248071670532
YKL166C,YJR153W,0,-2.1776216,0.14442075788974762,0.9990167021751404,0.6029249429702759
YDL015C,YGR211W,0,-2.1778214,0.1444002240896225,0.9990167021751404,0.6030251383781433
YDR270W,YOL018C,0,-2.1780245,0.14437970519065857,0.9990167021751404,0.6031253337860107
YER060W,YOR175C,0,-2.1780567,0.14435918629169464,0.9990167021751404,0.6032254695892334
YLR289W,YCR028C,0,-2.178188,0.1443386822938919,0.9990167021751404,0.6033256649971008
YNL172W,YOL023W,0,-2.1783803,0.14431817829608917,0.9990167021751404,0.6034258008003235
YHR133C,YLR459W,0,-2.1783955,0.14429768919944763,0.9990167021751404,0.6035259962081909
YDR086C,YHR165C,0,-2.180089,0.1442772001028061,0.9990167021751404,0.6036261916160583
YIL094C,YLR037C,0,-2.1801734,0.14425671100616455,0.9990167021751404,0.603726327419281
YGL172W,YLL066C,0,-2.1802104,0.1442362368106842,0.9990167021751404,0.6038265228271484
YHR006W,YDR312W,0,-2.1803463,0.14421576261520386,0.9990167021751404,0.6039266586303711
YAL056W,YLR447C,0,-2.1813464,0.1441952884197235,0.9990167021751404,0.6040268540382385
YBL054W,YBL041W,0,-2.1815436,0.14417482912540436,0.9990167021751404,0.6041269898414612
YNL065W,YKL161C,0,-2.1820786,0.1441543698310852,0.9990167021751404,0.6042271852493286
YDL134C,YPR049C,0,-2.1822517,0.14413392543792725,0.9990167021751404,0.604327380657196
YML061C,YPL215W,0,-2.1829371,0.1441134810447693,0.9990167021751404,0.6044275164604187
YKL182W,YDR259C,0,-2.1830544,0.14409303665161133,0.9990167021751404,0.6045277118682861
YAL054C,YMR229C,0,-2.1831305,0.14407260715961456,0.9990167021751404,0.6046278476715088
YDR367W,YMR192W,0,-2.1842022,0.1440521776676178,0.9990167021751404,0.6047280430793762
YJR076C,YNL001W,0,-2.1843464,0.14403174817562103,0.9990167021751404,0.6048281788825989
YDR065W,YDR511W,0,-2.1850007,0.14401133358478546,0.9990167021751404,0.6049283742904663
YBL057C,YAL020C,0,-2.1851485,0.14399093389511108,0.9990167021751404,0.6050285696983337
YEL021W,YIL108W,0,-2.1851783,0.1439705193042755,0.9990167021751404,0.6051287055015564
YCL055W,YJR059W,0,-2.185972,0.14395013451576233,0.9990167021751404,0.6052289009094238
YIR032C,YCR005C,0,-2.1860468,0.14392973482608795,0.9990167021751404,0.6053290367126465
YEL030W,YJL121C,0,-2.1863377,0.14390935003757477,0.9990167021751404,0.6054292321205139
YNL046W,YDL210W,0,-2.1865692,0.14388896524906158,0.9990167021751404,0.6055294275283813
YKL077W,YEL015W,0,-2.1867368,0.1438685953617096,0.9990167021751404,0.605629563331604
YML031W,YPR032W,0,-2.186752,0.1438482254743576,0.9990167021751404,0.6057297587394714
YCR060W,YKL182W,0,-2.1868002,0.14382785558700562,0.9990167021751404,0.6058298945426941
YLL022C,YBR005W,0,-2.1870918,0.14380750060081482,0.9990167021751404,0.6059300899505615
YBR078W,YER143W,0,-2.1873715,0.14378714561462402,0.9990167021751404,0.6060302257537842
YJR006W,YLR323C,0,-2.1876638,0.14376680552959442,0.9990167021751404,0.6061304211616516
YGL190C,YOR009W,0,-2.1879785,0.14374646544456482,0.9990167021751404,0.606230616569519
YLR014C,YPR113W,0,-2.1883392,0.14372612535953522,0.9990167021751404,0.6063307523727417
YAL007C,YJR108W,0,-2.1887043,0.1437058001756668,0.9990167021751404,0.6064309477806091
YGR199W,YMR239C,0,-2.189503,0.1436854749917984,0.9990167021751404,0.6065310835838318
YGL089C,YIL118W,0,-2.191171,0.1436651647090912,0.9990167021751404,0.6066312789916992
YDL113C,YCR030C,0,-2.1915956,0.14364483952522278,0.9990167021751404,0.6067314147949219
YIL135C,YDL091C,0,-2.192074,0.14362454414367676,0.9990167021751404,0.6068316102027893
YMR099C,YJR028W,0,-2.1924503,0.14360423386096954,0.9990167021751404,0.6069318056106567
YNL273W,YLR130C,0,-2.1929734,0.14358393847942352,0.9990167021751404,0.6070319414138794
YBR012W-B,YER033C,0,-2.193175,0.1435636579990387,0.9990167021751404,0.6071321368217468
YHR133C,YCR038C,0,-2.1937606,0.14354337751865387,0.9990167021751404,0.6072322726249695
YLR292C,YDR217C,0,-2.1942716,0.14352309703826904,0.9990167021751404,0.6073324680328369
YJL153C,YOL005C,0,-2.1945589,0.1435028314590454,0.9990167021751404,0.6074326634407043
YGL105W,YOL061W,0,-2.1949897,0.14348256587982178,0.9990167021751404,0.607532799243927
YGL092W,YNL288W,0,-2.1958268,0.14346230030059814,0.9990167021751404,0.6076329946517944
YNR021W,YCR105W,0,-2.1959293,0.1434420496225357,0.9990167021751404,0.6077331304550171
YML124C,YIL111W,0,-2.1959462,0.14342179894447327,0.9990167021751404,0.6078333258628845
YHR194W,YPL200W,0,-2.1965528,0.14340154826641083,0.9990167021751404,0.6079334616661072
YBR082C,YDR345C,0,-2.19715,0.14338131248950958,0.9990167021751404,0.6080336570739746
YPL104W,YOR308C,0,-2.1971521,0.14336107671260834,0.9990167021751404,0.608133852481842
YEL069C,YDL190C,0,-2.19735,0.1433408558368683,0.9990167021751404,0.6082339882850647
YNL280C,YDR398W,0,-2.1988108,0.14332063496112823,0.9990167021751404,0.6083341836929321
YKR095W,YGR129W,0,-2.1988554,0.14330042898654938,0.9990167021751404,0.6084343194961548
YJL153C,YOR226C,0,-2.199243,0.14328020811080933,0.9990167021751404,0.6085345149040222
YML120C,YPL110C,0,-2.2000835,0.14326001703739166,0.9990167021751404,0.6086346507072449
YCR060W,YGR052W,0,-2.200187,0.1432398110628128,0.9990167021751404,0.6087348461151123
YDR177W,YJR040W,0,-2.2002656,0.14321961998939514,0.9990167021751404,0.6088350415229797
YNL086W,YMR286W,0,-2.2006214,0.14319942891597748,0.9990167021751404,0.6089351773262024
YHR117W,YLR440C,0,-2.2008517,0.143179252743721,0.9990167021751404,0.6090353727340698
YIL061C,YHR029C,0,-2.2012722,0.14315907657146454,0.9990167021751404,0.6091355085372925
YDL246C,YPR026W,0,-2.2016194,0.14313891530036926,0.9990167021751404,0.6092357039451599
YAL056W,YJL196C,0,-2.2021234,0.143118754029274,0.9990167021751404,0.6093358993530273
YLR328W,YNL065W,0,-2.20249,0.1430985927581787,0.9990167021751404,0.60943603515625
YDR532C,YEL044W,0,-2.202686,0.14307844638824463,0.9990167021751404,0.6095362305641174
YLR020C,YER063W,0,-2.2031748,0.14305830001831055,0.9990167021751404,0.6096363663673401
YDL029W,YDR473C,0,-2.2032375,0.14303815364837646,0.9990167021751404,0.6097365617752075
YAL035W,YMR176W,0,-2.2033117,0.14301802217960358,0.9990167021751404,0.6098366975784302
YMR158W,YOL112W,0,-2.2033384,0.1429978907108307,0.9990167021751404,0.6099368929862976
YDR270W,YMR229C,0,-2.2040043,0.1429777592420578,0.9990167021751404,0.610037088394165
YMR153W,YCR030C,0,-2.205368,0.1429576426744461,0.9990167021751404,0.6101372241973877
YLR209C,YDR002W,0,-2.2054348,0.1429375410079956,0.9990167021751404,0.6102374196052551
YMR311C,YMR130W,0,-2.2054408,0.1429174244403839,0.9990167021751404,0.6103375554084778
YLR285W,YGR009C,0,-2.2054994,0.1428973227739334,0.9990167021751404,0.6104377508163452
YGL206C,YHR081W,0,-2.2055972,0.1428772360086441,0.9990167021751404,0.6105378866195679
YGL238W,YHR206W,0,-2.2067473,0.1428571492433548,0.9990167021751404,0.6106380820274353
YGL128C,YNL123W,0,-2.2069705,0.1428370624780655,0.9990167021751404,0.6107382774353027
YPL133C,YML077W,0,-2.2076547,0.14281697571277618,0.9990167021751404,0.6108384132385254
YGR009C,YNL054W,0,-2.2078815,0.14279690384864807,0.9990167021751404,0.6109386086463928
YMR061W,YDL185W,0,-2.2083476,0.14277684688568115,0.9990167021751404,0.6110387444496155
YBR058C,YBR173C,0,-2.208453,0.14275677502155304,0.9990167021751404,0.6111389398574829
YBL031W,YOL067C,0,-2.2088706,0.14273671805858612,0.9990167021751404,0.6112391352653503
YLR215C,YDL235C,0,-2.2093725,0.1427166759967804,0.9990167021751404,0.611339271068573
YDR430C,YDR440W,0,-2.2100008,0.14269663393497467,0.9990167021751404,0.6114394664764404
YGR077C,YDR052C,0,-2.2106593,0.14267659187316895,0.9990167021751404,0.6115396022796631
YER154W,YEL018W,0,-2.211931,0.14265654981136322,0.9990167021751404,0.6116397976875305
YLR337C,YFR003C,0,-2.2129157,0.1426365226507187,0.9990167021751404,0.6117399334907532
YDR501W,YOR384W,0,-2.2144494,0.14261651039123535,0.9990167021751404,0.6118401288986206
YGL243W,YGR080W,0,-2.2147114,0.14259649813175201,0.9990167021751404,0.611940324306488
YGL155W,YPR169W,0,-2.2149045,0.14257648587226868,0.9990167021751404,0.6120404601097107
YKL197C,YFR045W,0,-2.2156832,0.14255647361278534,0.9990167021751404,0.6121406555175781
YER125W,YBR173C,0,-2.2157388,0.1425364762544632,0.9990167021751404,0.6122407913208008
YLL027W,YBR115C,0,-2.2158244,0.14251647889614105,0.9990167021751404,0.6123409867286682
YDL137W,YPL144W,0,-2.2158325,0.1424964964389801,0.9990167021751404,0.6124411225318909
YCR002C,YHL026C,0,-2.2158895,0.14247651398181915,0.9990167021751404,0.6125413179397583
YNL194C,YKL175W,0,-2.2173097,0.1424565315246582,0.9990167021751404,0.6126415133476257
YBR131W,YMR192W,0,-2.2176394,0.14243656396865845,0.9990167021751404,0.6127416491508484
YJR054W,YPL129W,0,-2.2180982,0.1424165964126587,0.9990167021751404,0.6128418445587158
YGR002C,YAL051W,0,-2.2181928,0.14239662885665894,0.9990167021751404,0.6129419803619385
YMR186W,YDR337W,0,-2.2182388,0.14237667620182037,0.9990167021751404,0.6130421757698059
YKL011C,YMR289W,0,-2.2185133,0.142356738448143,0.9990167021751404,0.6131423711776733
YGR199W,YNL158W,0,-2.2185316,0.14233678579330444,0.9990167021751404,0.613242506980896
YGR076C,YMR020W,0,-2.2193482,0.14231684803962708,0.9990167021751404,0.6133427023887634
YDL141W,YGR020C,0,-2.220801,0.1422969251871109,0.9990167021751404,0.6134428381919861
YJL186W,YGR271W,0,-2.2210517,0.14227698743343353,0.9990167021751404,0.6135430335998535
YDL146W,YNL118C,0,-2.2212965,0.14225706458091736,0.9990167021751404,0.6136431694030762
YMR053C,YNL128W,0,-2.2218616,0.14223715662956238,0.9990167021751404,0.6137433648109436
YOL057W,YOR074C,0,-2.2225525,0.1422172486782074,0.9990167021751404,0.613843560218811
YDL101C,YNL133C,0,-2.2230914,0.14219734072685242,0.9990167021751404,0.6139436960220337
YPR182W,YDR137W,0,-2.2231743,0.14217744767665863,0.9990167021751404,0.6140438914299011
YER142C,YJL057C,0,-2.2246087,0.14215755462646484,0.9990167021751404,0.6141440272331238
YLR301W,YGL009C,0,-2.224636,0.14213766157627106,0.9990167021751404,0.6142442226409912
YBR059C,YAL016W,0,-2.2255695,0.14211778342723846,0.9990167021751404,0.6143443584442139
YOR011W,YDL078C,0,-2.225759,0.14209790527820587,0.9990167021751404,0.6144445538520813
YGR106C,YJR127C,0,-2.226291,0.14207802712917328,0.9990167021751404,0.6145447492599487
YGR036C,YBL005W,0,-2.2272305,0.14205816388130188,0.9990167021751404,0.6146448850631714
YJL046W,YMR025W,0,-2.2274177,0.14203830063343048,0.9990167021751404,0.6147450804710388
YGL006W,YGR216C,0,-2.2275867,0.14201845228672028,0.9990167021751404,0.6148452162742615
YKR083C,YJL001W,0,-2.2291875,0.14199860394001007,0.9990167021751404,0.6149454116821289
YAL044C,YDR512C,0,-2.2293,0.14197875559329987,0.9990167021751404,0.6150456070899963
YDR242W,YIL120W,0,-2.2297077,0.14195892214775085,0.9990167021751404,0.615145742893219
YNL048W,YER115C,0,-2.2304275,0.14193908870220184,0.9990167021751404,0.6152459383010864
YBR041W,YDL171C,0,-2.2311895,0.14191925525665283,0.9990167021751404,0.6153460741043091
YMR086W,YGL113W,0,-2.2317152,0.14189943671226501,0.9990167021751404,0.6154462695121765
YLL017W,YJL026W,0,-2.232333,0.1418796330690384,0.9990167021751404,0.6155464053153992
YMR061W,YJR033C,0,-2.232436,0.14185981452465057,0.9990167021751404,0.6156466007232666
YLR207W,YEL056W,0,-2.2331529,0.14184001088142395,0.9990167021751404,0.615746796131134
YHR064C,YLR143W,0,-2.2335126,0.14182020723819733,0.9990167021751404,0.6158469319343567
YDL119C,YNR040W,0,-2.2337103,0.1418004184961319,0.9990167021751404,0.6159471273422241
YPR002W,YCL069W,0,-2.233842,0.14178062975406647,0.9990167021751404,0.6160472631454468
YNL132W,YMR168C,0,-2.2342694,0.14176084101200104,0.9990167021751404,0.6161474585533142
YDR297W,YML099C,0,-2.2351804,0.1417410671710968,0.9990167021751404,0.6162475943565369
YPR035W,YBL017C,0,-2.2358327,0.14172129333019257,0.9990167021751404,0.6163477897644043
YHR122W,YJR127C,0,-2.236598,0.14170153439044952,0.9990167021751404,0.6164479851722717
YMR089C,YFR036W,0,-2.2373178,0.14168177545070648,0.9990167021751404,0.6165481209754944
YLR450W,YDR284C,0,-2.2374227,0.14166201651096344,0.9990167021751404,0.6166483163833618
YHR012W,YDR389W,0,-2.2384236,0.1416422724723816,0.9990167021751404,0.6167484521865845
YJL196C,YGR241C,0,-2.238685,0.14162252843379974,0.9990167021751404,0.6168486475944519
YEL001C,YOL064C,0,-2.2390068,0.1416027843952179,0.9990167021751404,0.6169487833976746
YOL124C,YAL010C,0,-2.2397156,0.14158305525779724,0.9990167021751404,0.617048978805542
YNR019W,YLR047C,0,-2.2400217,0.1415633261203766,0.9990167021751404,0.6171491742134094
YPL148C,YMR229C,0,-2.2411125,0.14154361188411713,0.9990167021751404,0.6172493100166321
YKR097W,YPL194W,0,-2.2415864,0.14152388274669647,0.9990167021751404,0.6173495054244995
YLR301W,YJL059W,0,-2.2417257,0.1415041834115982,0.9990167021751404,0.6174496412277222
YBL082C,YKL206C,0,-2.24209,0.14148446917533875,0.9990167021751404,0.6175498366355896
YDR453C,YPL167C,0,-2.2421024,0.14146476984024048,0.9990167021751404,0.617650032043457
YLR467W,YDL045W-A,0,-2.2429416,0.1414450854063034,0.9990167021751404,0.6177501678466797
YJR016C,YDR050C,0,-2.2433875,0.14142538607120514,0.9990167021751404,0.6178503632545471
YOL107W,YCL032W,0,-2.243674,0.14140570163726807,0.9990167021751404,0.6179504990577698
YLR251W,YGL119W,0,-2.2441046,0.1413860321044922,0.9990167021751404,0.6180506944656372
YPL148C,YNL219C,0,-2.2448573,0.1413663625717163,0.9990167021751404,0.6181508302688599
YLR006C,YBR207W,0,-2.2454932,0.14134669303894043,0.9990167021751404,0.6182510256767273
YER056C,YPR122W,0,-2.245773,0.14132702350616455,0.9990167021751404,0.6183512210845947
YIL156W,YNL212W,0,-2.2458854,0.14130736887454987,0.9990167021751404,0.6184513568878174
YNL293W,YBR112C,0,-2.2461073,0.14128771424293518,0.9990167021751404,0.6185515522956848
YBL069W,YLR278C,0,-2.2461696,0.1412680745124817,0.9990167021751404,0.6186516880989075
YHR099W,YPL207W,0,-2.2476141,0.1412484347820282,0.9990167021751404,0.6187518835067749
YBL089W,YJR042W,0,-2.2478702,0.1412287950515747,0.9990167021751404,0.6188520193099976
YGL223C,YDR322W,0,-2.2484221,0.1412091702222824,0.9990167021751404,0.618952214717865
YMR012W,YGL244W,0,-2.2489302,0.1411895453929901,0.9990167021751404,0.6190524101257324
YOR265W,YDR404C,0,-2.2491348,0.141169935464859,0.9990167021751404,0.6191525459289551
YLR223C,YOR391C,0,-2.2496126,0.1411503255367279,0.9990167021751404,0.6192527413368225
YKL140W,YPR096C,0,-2.2496405,0.1411307156085968,0.9990167021751404,0.6193528771400452
YOR340C,YCL055W,0,-2.2499974,0.1411111056804657,0.9990167021751404,0.6194530725479126
YFR021W,YCR047C,0,-2.2500575,0.1410915106534958,0.9990167021751404,0.61955326795578
YJR098C,YGL085W,0,-2.2505364,0.14107193052768707,0.9990167021751404,0.6196534037590027
YKL090W,YCL061C,0,-2.2506235,0.14105233550071716,0.9990167021751404,0.6197535991668701
YLR058C,YDR273W,0,-2.25097,0.14103275537490845,0.9990167021751404,0.6198537349700928
YHL004W,YHR079C,0,-2.251172,0.14101319015026093,0.9990167021751404,0.6199539303779602
YFL013C,YNL304W,0,-2.2517226,0.1409936100244522,0.9990167021751404,0.6200540661811829
YKL077W,YKL110C,0,-2.2527382,0.14097405970096588,0.9990167021751404,0.6201542615890503
YMR261C,YGR008C,0,-2.2528367,0.14095449447631836,0.9990167021751404,0.6202544569969177
YOR091W,YPL274W,0,-2.2528777,0.14093494415283203,0.9990167021751404,0.6203545928001404
YOR311C,YPL179W,0,-2.25294,0.1409153938293457,0.9990167021751404,0.6204547882080078
YMR165C,YPR188C,0,-2.2530468,0.14089585840702057,0.9990167021751404,0.6205549240112305
YOL093W,YHR211W,0,-2.2540748,0.14087632298469543,0.9990167021751404,0.6206551194190979
YOL156W,YPL001W,0,-2.2542613,0.1408567875623703,0.9990167021751404,0.6207552552223206
YOR351C,YML061C,0,-2.2543168,0.14083726704120636,0.9990167021751404,0.620855450630188
YOR126C,YCR106W,0,-2.254636,0.14081774652004242,0.9990167021751404,0.6209556460380554
YGR112W,YGR097W,0,-2.2552154,0.14079822599887848,0.9990167021751404,0.6210557818412781
YPR068C,YJR057W,0,-2.2555501,0.14077872037887573,0.9990167021751404,0.6211559772491455
YMR036C,YAL058W,0,-2.2565067,0.14075921475887299,0.9990167021751404,0.6212561130523682
YJL071W,YOL007C,0,-2.2566104,0.14073970913887024,0.9990167021751404,0.6213563084602356
YPR071W,YHR118C,0,-2.2572217,0.1407202184200287,0.9990167021751404,0.621456503868103
YGL004C,YMR136W,0,-2.2573743,0.14070072770118713,0.9990167021751404,0.6215566396713257
YDL129W,YNL311C,0,-2.2581036,0.14068125188350677,0.9990167021751404,0.6216568350791931
YDR078C,YLR189C,0,-2.2593715,0.14066177606582642,0.9990167021751404,0.6217569708824158
YKR104W,YOL126C,0,-2.2598317,0.14064230024814606,0.9990167021751404,0.6218571662902832
YGL028C,YNL213C,0,-2.2598336,0.1406228393316269,0.9990167021751404,0.6219573020935059
YPL126W,YOR291W,0,-2.2598352,0.14060337841510773,0.9990167021751404,0.6220574975013733
YBR041W,YNR021W,0,-2.259884,0.14058391749858856,0.9990167021751404,0.6221576929092407
YHR077C,YGR211W,0,-2.2603698,0.1405644714832306,0.9990167021751404,0.6222578287124634
YKL185W,YMR086W,0,-2.2605894,0.14054502546787262,0.9990167021751404,0.6223580241203308
YDR377W,YPL176C,0,-2.261235,0.14052559435367584,0.9990167021751404,0.6224581599235535
YNL045W,YDL227C,0,-2.261412,0.14050614833831787,0.9990167021751404,0.6225583553314209
YNR008W,YJL213W,0,-2.2619793,0.1404867321252823,0.9990167021751404,0.6226584911346436
YLR299W,YNL041C,0,-2.262027,0.1404673010110855,0.9990167021751404,0.622758686542511
YPR163C,YLR039C,0,-2.2636187,0.14044788479804993,0.9990167021751404,0.6228588819503784
YJL141C,YOL144W,0,-2.263954,0.14042846858501434,0.9990167021751404,0.6229590177536011
YJR109C,YLR067C,0,-2.264915,0.14040906727313995,0.9990167021751404,0.6230592131614685
YLR439W,YOL002C,0,-2.2657616,0.14038966596126556,0.9990167021751404,0.6231593489646912
YOR158W,YDL056W,0,-2.2657926,0.14037026464939117,0.9990167021751404,0.6232595443725586
YGL085W,YGR005C,0,-2.265847,0.14035087823867798,0.9990167021751404,0.623359739780426
YNR048W,YOR233W,0,-2.2661347,0.14033149182796478,0.9990167021751404,0.6234598755836487
YDR127W,YJL197W,0,-2.266278,0.1403121054172516,0.9990167021751404,0.6235600709915161
YGR004W,YJR013W,0,-2.2672198,0.14029273390769958,0.9990167021751404,0.6236602067947388
YBR279W,YGL142C,0,-2.2675416,0.14027336239814758,0.9990167021751404,0.6237604022026062
YDL008W,YDR190C,0,-2.2676184,0.14025400578975677,0.9990167021751404,0.6238605380058289
YLR292C,YHR214W,0,-2.2680275,0.14023464918136597,0.9990167021751404,0.6239607334136963
YDL087C,YHR206W,0,-2.2684352,0.14021529257297516,0.9990167021751404,0.6240609288215637
YNR018W,YGL071W,0,-2.2693007,0.14019593596458435,0.9990167021751404,0.6241610646247864
YBR281C,YGR217W,0,-2.2699769,0.14017659425735474,0.9990167021751404,0.6242612600326538
YGL090W,YGR208W,0,-2.2707193,0.14015726745128632,0.9990167021751404,0.6243613958358765
YIL053W,YDR138W,0,-2.271015,0.1401379257440567,0.9990167021751404,0.6244615912437439
YCR093W,YNR038W,0,-2.2710276,0.14011859893798828,0.9990167021751404,0.6245617270469666
YOR358W,YHR082C,0,-2.2713375,0.14009928703308105,0.9990167021751404,0.624661922454834
YLR306W,YMR016C,0,-2.2722595,0.14007996022701263,0.9990167021751404,0.6247621178627014
YPR127W,YLR385C,0,-2.272625,0.1400606632232666,0.9990167021751404,0.6248622536659241
YFL045C,YHR146W,0,-2.2728949,0.14004135131835938,0.9990167021751404,0.6249624490737915
YPR042C,YGL083W,0,-2.274031,0.14002205431461334,0.9990167021751404,0.6250625848770142
YER115C,YEL018W,0,-2.2741687,0.1400027573108673,0.9990167021751404,0.6251627802848816
YDR387C,YMR075W,0,-2.2744682,0.13998346030712128,0.9990167021751404,0.625262975692749
YER051W,YMR131C,0,-2.2746258,0.13996417820453644,0.9990167021751404,0.6253631114959717
YDR078C,YLR042C,0,-2.2751176,0.1399449110031128,0.9990167021751404,0.6254633069038391
YJR053W,YKL206C,0,-2.2755353,0.13992562890052795,0.9990167021751404,0.6255634427070618
YHL038C,YLL033W,0,-2.275579,0.1399063616991043,0.9990167021751404,0.6256636381149292
YOR037W,YJR015W,0,-2.2756586,0.13988709449768066,0.9990167021751404,0.6257637739181519
YPL033C,YKL203C,0,-2.2757256,0.1398678421974182,0.9990167021751404,0.6258639693260193
YOL067C,YNL268W,0,-2.2758496,0.13984858989715576,0.9990167021751404,0.6259641647338867
YGR253C,YBR213W,0,-2.2761352,0.1398293375968933,0.9990167021751404,0.6260643005371094
YKR059W,YCR045C,0,-2.2767324,0.13981010019779205,0.9990167021751404,0.6261644959449768
YPR043W,YMR322C,0,-2.2776492,0.1397908627986908,0.9990167021751404,0.6262646317481995
YJL221C,YPL099C,0,-2.277695,0.13977164030075073,0.9990167021751404,0.6263648271560669
YML027W,YAL035W,0,-2.2784545,0.13975240290164948,0.9990167021751404,0.6264649629592896
YDL247W,YOL142W,0,-2.2789526,0.1397331804037094,0.9990167021751404,0.626565158367157
YBR159W,YNR018W,0,-2.279078,0.13971397280693054,0.9990167021751404,0.6266653537750244
YKL009W,YGR014W,0,-2.2794716,0.13969476521015167,0.9990167021751404,0.6267654895782471
YOL123W,YER130C,0,-2.2799501,0.1396755576133728,0.9990167021751404,0.6268656849861145
YPL172C,YPL141C,0,-2.2805958,0.13965635001659393,0.9990167021751404,0.6269658207893372
YOR180C,YLL002W,0,-2.2807524,0.13963715732097626,0.9990167021751404,0.6270660161972046
YKL195W,YDR317W,0,-2.281389,0.13961797952651978,0.9990167021751404,0.627166211605072
YLR048W,YKL164C,0,-2.281701,0.1395987868309021,0.9990167021751404,0.6272663474082947
YOR326W,YER109C,0,-2.281801,0.13957960903644562,0.9990167021751404,0.6273665428161621
YPR200C,YGL231C,0,-2.2834337,0.13956044614315033,0.9990167021751404,0.6274666786193848
YDR479C,YDL017W,0,-2.2837665,0.13954126834869385,0.9990167021751404,0.6275668740272522
YER184C,YJR101W,0,-2.2842615,0.13952210545539856,0.9990167021751404,0.6276670098304749
YOR347C,YPR001W,0,-2.2847128,0.13950295746326447,0.9990167021751404,0.6277672052383423
YER096W,YKR089C,0,-2.2855296,0.13948379456996918,0.9990167021751404,0.6278674006462097
YIL030C,YDL043C,0,-2.2858913,0.13946464657783508,0.9990167021751404,0.6279675364494324
YBR208C,YPL010W,0,-2.2869103,0.13944551348686218,0.9990167021751404,0.6280677318572998
YNL031C,YMR160W,0,-2.287759,0.13942638039588928,0.9990167021751404,0.6281678676605225
YOR382W,YPL027W,0,-2.2892249,0.13940724730491638,0.9990167021751404,0.6282680630683899
YOR036W,YMR016C,0,-2.289612,0.13938811421394348,0.9990167021751404,0.6283681988716125
YKL094W,YMR210W,0,-2.2914042,0.13936899602413177,0.9990167021751404,0.62846839427948
YJL035C,YGR035C,0,-2.2914863,0.13934987783432007,0.9990167021751404,0.6285685896873474
YBR109C,YBL082C,0,-2.2918923,0.13933077454566956,0.9990167021751404,0.6286687254905701
YMR169C,YOR025W,0,-2.2927334,0.13931167125701904,0.9990167021751404,0.6287689208984375
YNL153C,YER071C,0,-2.293379,0.13929256796836853,0.9990167021751404,0.6288690567016602
YGL137W,YOR018W,0,-2.2938387,0.1392734795808792,0.9990167021751404,0.6289692521095276
YBR033W,YNR057C,0,-2.2944882,0.1392543911933899,0.9990167021751404,0.629069447517395
YDR405W,YER090W,0,-2.2948468,0.13923530280590057,0.9990167021751404,0.6291695833206177
YMR118C,YBR049C,0,-2.295132,0.13921622931957245,0.9990167021751404,0.6292697787284851
YLR033W,YGR271W,0,-2.295159,0.13919715583324432,0.9990167021751404,0.6293699145317078
YGR104C,YHR179W,0,-2.2956538,0.1391780823469162,0.9990167021751404,0.6294701099395752
YCR060W,YJL013C,0,-2.2962604,0.13915902376174927,0.9990167021751404,0.6295702457427979
YBL106C,YJL157C,0,-2.2966254,0.13913996517658234,0.9990167021751404,0.6296704411506653
YMR208W,YDR197W,0,-2.2969174,0.1391209065914154,0.9990167021751404,0.6297706365585327
YDL109C,YLL026W,0,-2.298194,0.13910186290740967,0.9990167021751404,0.6298707723617554
YER099C,YDR421W,0,-2.2983866,0.13908281922340393,0.9990167021751404,0.6299709677696228
YEL038W,YCR040W,0,-2.298477,0.1390637904405594,0.9990167021751404,0.6300711035728455
YGL155W,YDL231C,0,-2.299104,0.13904474675655365,0.9990167021751404,0.6301712989807129
YER049W,YBR049C,0,-2.2991781,0.1390257179737091,0.9990167021751404,0.6302714347839355
YGL027C,YHL026C,0,-2.2996836,0.13900670409202576,0.9990167021751404,0.630371630191803
YLL062C,YJL083W,0,-2.299847,0.1389876902103424,0.9990167021751404,0.6304718255996704
YDR122W,YGR010W,0,-2.3002942,0.13896867632865906,0.9990167021751404,0.6305719614028931
YKR030W,YMR032W,0,-2.3005812,0.1389496773481369,0.9990167021751404,0.6306721568107605
YHR070W,YBL106C,0,-2.3007529,0.13893067836761475,0.9990167021751404,0.6307722926139832
YNL046W,YAL063C,0,-2.3011005,0.1389116793870926,0.9990167021751404,0.6308724880218506
YDR190C,YMR037C,0,-2.3013418,0.13889268040657043,0.9990167021751404,0.6309726238250732
YGR101W,YMR088C,0,-2.30148,0.13887369632720947,0.9990167021751404,0.6310728192329407
YKR078W,YDL235C,0,-2.3015141,0.1388547271490097,0.9990167021751404,0.6311730146408081
YMR153W,YIL101C,0,-2.301782,0.13883574306964874,0.9990167021751404,0.6312731504440308
YNL045W,YLR189C,0,-2.3018622,0.13881677389144897,0.9990167021751404,0.6313733458518982
YCL004W,YER030W,0,-2.3019562,0.1387978196144104,0.9990167021751404,0.6314734816551208
YBR202W,YML074C,0,-2.302265,0.13877885043621063,0.9990167021751404,0.6315736770629883
YLR284C,YGL010W,0,-2.303573,0.13875989615917206,0.9990167021751404,0.6316738724708557
YPL179W,YLR403W,0,-2.3043005,0.13874095678329468,0.9990167021751404,0.6317740082740784
YBR180W,YHL028W,0,-2.3050814,0.1387220025062561,0.9990167021751404,0.6318742036819458
YNL307C,YNL328C,0,-2.305096,0.13870307803153992,0.9990167021751404,0.6319743394851685
YER154W,YNL027W,0,-2.3064406,0.13868413865566254,0.9990167021751404,0.6320745348930359
YFL066C,YOL142W,0,-2.3069603,0.13866521418094635,0.9990167021751404,0.6321746706962585
YOL112W,YJL048C,0,-2.3094661,0.13864628970623016,0.9990167021751404,0.632274866104126
YOR359W,YAL012W,0,-2.310395,0.13862736523151398,0.9990167021751404,0.6323750615119934
YOR335C,YLR390W-A,0,-2.3111017,0.13860845565795898,0.9990167021751404,0.6324751973152161
YML013W,YOR195W,0,-2.311506,0.138589546084404,0.9990167021751404,0.6325753927230835
YDR253C,YNL322C,0,-2.312351,0.1385706514120102,0.9990167021751404,0.6326755285263062
YBR026C,YKR048C,0,-2.3124416,0.1385517567396164,0.9990167021751404,0.6327757239341736
YJL012C,YBR296C,0,-2.3128502,0.1385328620672226,0.9990167021751404,0.6328758597373962
YJL046W,YGR179C,0,-2.3129578,0.1385139673948288,0.9990167021751404,0.6329760551452637
YML039W,YPL156C,0,-2.313606,0.1384950876235962,0.9990167021751404,0.6330762505531311
YFR049W,YPL276W,0,-2.3148954,0.13847622275352478,0.9990167021751404,0.6331763863563538
YML047C,YLR268W,0,-2.3149433,0.13845734298229218,0.9990167021751404,0.6332765817642212
YNL262W,YEL006W,0,-2.315167,0.13843847811222076,0.9990167021751404,0.6333767175674438
YOR301W,YOR066W,0,-2.3153589,0.13841961324214935,0.9990167021751404,0.6334769129753113
YDL024C,YGL219C,0,-2.316338,0.13840076327323914,0.9990167021751404,0.6335771083831787
YDR118W,YKL010C,0,-2.3170245,0.13838191330432892,0.9990167021751404,0.6336772441864014
YDL077C,YIL019W,0,-2.3172433,0.1383630633354187,0.9990167021751404,0.6337774395942688
YKL166C,YOR319W,0,-2.3178785,0.13834422826766968,0.9990167021751404,0.6338775753974915
YPL273W,YBR038W,0,-2.3180428,0.13832539319992065,0.9990167021751404,0.6339777708053589
YDR400W,YDL018C,0,-2.3204005,0.13830655813217163,0.9990167021751404,0.6340779066085815
YPL140C,YML100W,0,-2.3204758,0.1382877379655838,0.9990167021751404,0.634178102016449
YOR294W,YDR088C,0,-2.3205035,0.13826891779899597,0.9990167021751404,0.6342782974243164
YJL001W,YIL112W,0,-2.3206756,0.13825009763240814,0.9990167021751404,0.6343784332275391
YLR348C,YKL178C,0,-2.320916,0.1382312923669815,0.9990167021751404,0.6344786286354065
YBL020W,YOL093W,0,-2.3209286,0.13821248710155487,0.9990167021751404,0.6345787644386292
YJL089W,YDR449C,0,-2.3210862,0.13819368183612823,0.9990167021751404,0.6346789598464966
YGR080W,YIL090W,0,-2.3212423,0.1381748914718628,0.9990167021751404,0.6347790956497192
YJL125C,YPR168W,0,-2.3212552,0.13815610110759735,0.9990167021751404,0.6348792910575867
YBR260C,YLR396C,0,-2.321256,0.1381373256444931,0.9990167021751404,0.6349794864654541
YOR067C,YDR388W,0,-2.3213613,0.13811853528022766,0.9990167021751404,0.6350796222686768
YKL041W,YHR074W,0,-2.3214123,0.1380997747182846,0.9990167021751404,0.6351798176765442
YKR048C,YDR244W,0,-2.3214161,0.13808099925518036,0.9990167021751404,0.6352799534797668
YOR258W,YLR120C,0,-2.3215113,0.1380622386932373,0.9990167021751404,0.6353801488876343
YAR033W,YER052C,0,-2.3229876,0.13804347813129425,0.9990167021751404,0.6354803442955017
YLR430W,YBR222C,0,-2.3230686,0.1380247175693512,0.9990167021751404,0.6355804800987244
YJR118C,YER089C,0,-2.323929,0.13800597190856934,0.9990167021751404,0.6356806755065918
YPL161C,YBR003W,0,-2.3239596,0.13798722624778748,0.9990167021751404,0.6357808113098145
YJL041W,YGR179C,0,-2.3245437,0.1379684954881668,0.9990167021751404,0.6358810067176819
YAL034W-A,YKR053C,0,-2.3250868,0.13794976472854614,0.9990167021751404,0.6359811425209045
YIL109C,YPR057W,0,-2.3261168,0.13793103396892548,0.9990167021751404,0.636081337928772
YHR129C,YNL289W,0,-2.3279855,0.137912318110466,0.9990167021751404,0.6361815333366394
YKL001C,YJL213W,0,-2.3281827,0.13789358735084534,0.9990167021751404,0.6362816691398621
YNL240C,YNL158W,0,-2.328819,0.13787488639354706,0.9990167021751404,0.6363818645477295
YDR520C,YLL016W,0,-2.3292348,0.13785617053508759,0.9990167021751404,0.6364820003509521
YMR051C,YKR036C,0,-2.3303773,0.1378374695777893,0.9990167021751404,0.6365821957588196
YDR350C,YLR352W,0,-2.3304687,0.13781876862049103,0.9990167021751404,0.6366823315620422
YPL100W,YMR065W,0,-2.3315794,0.13780008256435394,0.9990167021751404,0.6367825269699097
YLL017W,YOR373W,0,-2.3316896,0.13778139650821686,0.9990167021751404,0.6368827223777771
YKL063C,YIL130W,0,-2.3327537,0.13776271045207977,0.9990167021751404,0.6369828581809998
YHR194W,YER130C,0,-2.3331494,0.13774403929710388,0.9990167021751404,0.6370830535888672
YOR334W,YIL101C,0,-2.3344884,0.137725368142128,0.9990167021751404,0.6371831893920898
YDR380W,YJL156C,0,-2.334957,0.1377066969871521,0.9990167021751404,0.6372833847999573
YNR021W,YBR080C,0,-2.335881,0.1376880407333374,0.9990167021751404,0.6373835802078247
YDR026C,YLR147C,0,-2.3359325,0.1376693695783615,0.9990167021751404,0.6374837160110474
YLR389C,YJL197W,0,-2.335986,0.137650728225708,0.9990167021751404,0.6375839114189148
YDR530C,YLL067C,0,-2.3364108,0.1376320719718933,0.9990167021751404,0.6376840472221375
YBL078C,YML109W,0,-2.3367293,0.1376134306192398,0.9990167021751404,0.6377842426300049
YBR188C,YDR128W,0,-2.3368635,0.1375948041677475,0.9990167021751404,0.6378843784332275
YDR246W,YNL158W,0,-2.3369863,0.137576162815094,0.9990167021751404,0.637984573841095
YOR212W,YPR034W,0,-2.3374062,0.13755753636360168,0.9990167021751404,0.6380847692489624
YDR116C,YPR135W,0,-2.3375945,0.13753892481327057,0.9990167021751404,0.6381849050521851
YGL151W,YER190W,0,-2.3385403,0.13752029836177826,0.9990167021751404,0.6382851004600525
YNL038W,YGL148W,0,-2.338957,0.13750168681144714,0.9990167021751404,0.6383852362632751
YKL132C,YPL239W,0,-2.3390942,0.13748309016227722,0.9990167021751404,0.6384854316711426
YOL056W,YMR261C,0,-2.3391817,0.1374644786119461,0.9990167021751404,0.6385855674743652
YLR447C,YPR019W,0,-2.3404522,0.13744588196277618,0.9990167021751404,0.6386857628822327
YER137C,YGR105W,0,-2.3407564,0.13742730021476746,0.9990167021751404,0.6387859582901001
YCL054W,YBR081C,0,-2.3415418,0.13740870356559753,0.9990167021751404,0.6388860940933228
YPL156C,YBR037C,0,-2.341678,0.1373901218175888,0.9990167021751404,0.6389862895011902
YOR260W,YBL052C,0,-2.341951,0.13737155497074127,0.9990167021751404,0.6390864253044128
YBL075C,YMR257C,0,-2.3419826,0.13735298812389374,0.9990167021751404,0.6391866207122803
YNL227C,YDL209C,0,-2.3430014,0.1373344212770462,0.9990167021751404,0.6392868161201477
YDR510W,YLR330W,0,-2.3432019,0.13731585443019867,0.9990167021751404,0.6393869519233704
YDL085W,YDR369C,0,-2.3432662,0.13729730248451233,0.9990167021751404,0.6394871473312378
YOR106W,YHR190W,0,-2.3439252,0.137278750538826,0.9990167021751404,0.6395872831344604
YDR168W,YOL151W,0,-2.343973,0.13726019859313965,0.9990167021751404,0.6396874785423279
YLR384C,YIL139C,0,-2.3441646,0.1372416615486145,0.9990167021751404,0.6397876143455505
YNL283C,YIR004W,0,-2.3443315,0.13722312450408936,0.9990167021751404,0.639887809753418
YDR318W,YBR162C,0,-2.3453658,0.1372045874595642,0.9990167021751404,0.6399880051612854
YOR308C,YMR176W,0,-2.3458202,0.13718606531620026,0.9990167021751404,0.6400881409645081
YDL139C,YKL079W,0,-2.3460877,0.1371675431728363,0.9990167021751404,0.6401883363723755
YDR376W,YJR068W,0,-2.3460958,0.13714902102947235,0.9990167021751404,0.6402884721755981
YKL140W,YPL111W,0,-2.3462546,0.1371305137872696,0.9990167021751404,0.6403886675834656
YLR190W,YNL330C,0,-2.3465574,0.13711200654506683,0.9990167021751404,0.6404888033866882
YAL008W,YML091C,0,-2.3466792,0.13709351420402527,0.9990167021751404,0.6405889987945557
YPL048W,YMR183C,0,-2.3472064,0.1370750069618225,0.9990167021751404,0.6406891942024231
YBR058C,YML041C,0,-2.3476667,0.13705652952194214,0.9990167021751404,0.6407893300056458
YER053C,YPL244C,0,-2.348321,0.13703803718090057,0.9990167021751404,0.6408895254135132
YPL111W,YIL043C,0,-2.3484454,0.1370195597410202,0.9990167021751404,0.6409896612167358
YOR116C,YLR154C,0,-2.348459,0.13700108230113983,0.9990167021751404,0.6410898566246033
YHR214C-B,YKR050W,0,-2.34881,0.13698260486125946,0.9990167021751404,0.6411900520324707
YBR212W,YDR438W,0,-2.3490374,0.13696414232254028,0.9990167021751404,0.6412901878356934
YNR043W,YGR014W,0,-2.349253,0.1369456797838211,0.9990167021751404,0.6413903832435608
YHR069C,YOR211C,0,-2.3497138,0.13692721724510193,0.9990167021751404,0.6414905190467834
YCL074W,YBR050C,0,-2.3510332,0.13690876960754395,0.9990167021751404,0.6415907144546509
YDR499W,YNL188W,0,-2.3512824,0.13689032196998596,0.9990167021751404,0.6416908502578735
YPR200C,YJL080C,0,-2.3519237,0.13687188923358917,0.9990167021751404,0.641791045665741
YLR068W,YGL155W,0,-2.3528633,0.1368534415960312,0.9990167021751404,0.6418912410736084
YMR270C,YDL035C,0,-2.3529537,0.1368350237607956,0.9990167021751404,0.641991376876831
YGL126W,YFL036W,0,-2.3535826,0.1368165910243988,0.9990167021751404,0.6420915722846985
YML112W,YGL195W,0,-2.3536894,0.1367981731891632,0.9990167021751404,0.6421917080879211
YNL238W,YHL028W,0,-2.3537643,0.1367797553539276,0.9990167021751404,0.6422919034957886
YDR139C,YKR056W,0,-2.3544867,0.13676133751869202,0.9990167021751404,0.6423920392990112
YNL142W,YKR058W,0,-2.3558877,0.13674293458461761,0.9990167021751404,0.6424922347068787
YER139C,YLR045C,0,-2.3562434,0.1367245316505432,0.9990167021751404,0.6425924301147461
YDR168W,YIL125W,0,-2.3571622,0.1367061287164688,0.9990167021751404,0.6426925659179688
YDR531W,YOR123C,0,-2.3576047,0.1366877406835556,0.9990167021751404,0.6427927613258362
YDL021W,YGR161C,0,-2.357726,0.1366693526506424,0.9990167021751404,0.6428928971290588
YBR040W,YJL071W,0,-2.3578985,0.13665097951889038,0.9990167021751404,0.6429930925369263
YPL091W,YLR318W,0,-2.3582885,0.13663259148597717,0.9990167021751404,0.6430932879447937
YLR181C,YIR026C,0,-2.3585522,0.13661423325538635,0.9990167021751404,0.6431934237480164
YMR041C,YKL024C,0,-2.358622,0.13659586012363434,0.9990167021751404,0.6432936191558838
YJR160C,YML102W,0,-2.3587058,0.13657750189304352,0.9990167021751404,0.6433937549591064
YLR259C,YJL213W,0,-2.358913,0.1365591436624527,0.9990167021751404,0.6434939503669739
YBR058C,YGR030C,0,-2.3589761,0.13654078543186188,0.9990167021751404,0.6435940861701965
YMR156C,YBR180W,0,-2.3602283,0.13652244210243225,0.9990167021751404,0.643694281578064
YGL009C,YIR031C,0,-2.361298,0.13650409877300262,0.9990167021751404,0.6437944769859314
YHL025W,YNL185C,0,-2.3613489,0.136485755443573,0.9990167021751404,0.643894612789154
YHL028W,YGL010W,0,-2.361684,0.13646742701530457,0.9990167021751404,0.6439948081970215
YMR137C,YDR014W,0,-2.3621209,0.13644909858703613,0.9990167021751404,0.6440949440002441
YPL233W,YGL244W,0,-2.3630507,0.1364307701587677,0.9990167021751404,0.6441951394081116
YOL126C,YLR055C,0,-2.3634064,0.13641245663166046,0.9990167021751404,0.6442952752113342
YOR249C,YDR328C,0,-2.3638842,0.13639414310455322,0.9990167021751404,0.6443954706192017
YDL229W,YOR334W,0,-2.3675933,0.13637584447860718,0.9990167021751404,0.6444956660270691
YER185W,YMR136W,0,-2.3676956,0.13635753095149994,0.9990167021751404,0.6445958018302917
YPL059W,YER040W,0,-2.367974,0.1363392323255539,0.9990167021751404,0.6446959972381592
YOL126C,YJL225C,0,-2.3681552,0.13632094860076904,0.9990167021751404,0.6447961330413818
YBL038W,YGL174W,0,-2.368267,0.136302649974823,0.9990167021751404,0.6448963284492493
YPR083W,YBR028C,0,-2.368674,0.13628436625003815,0.9990167021751404,0.6449964642524719
YNL243W,YJL003W,0,-2.3692653,0.1362660974264145,0.9990167021751404,0.6450966596603394
YMR169C,YJL082W,0,-2.3694782,0.13624781370162964,0.9990167021751404,0.6451968550682068
YOR172W,YGR212W,0,-2.3702934,0.13622954487800598,0.9990167021751404,0.6452969908714294
YLR006C,YER184C,0,-2.3705962,0.13621129095554352,0.9990167021751404,0.6453971862792969
YER013W,YOL011W,0,-2.3709414,0.13619302213191986,0.9990167021751404,0.6454973220825195
YLR284C,YPL113C,0,-2.3710666,0.1361747682094574,0.9990167021751404,0.645597517490387
YHL032C,YPL168W,0,-2.371121,0.13615652918815613,0.9990167021751404,0.6456977128982544
YMR118C,YHR057C,0,-2.3713677,0.13613827526569366,0.9990167021751404,0.645797848701477
YOR236W,YEL031W,0,-2.3717713,0.1361200362443924,0.9990167021751404,0.6458980441093445
YPL186C,YKL099C,0,-2.3719268,0.13610181212425232,0.9990167021751404,0.6459981799125671
YIR019C,YLR278C,0,-2.3720276,0.13608357310295105,0.9990167021751404,0.6460983753204346
YKL043W,YMR046C,0,-2.3720932,0.13606534898281097,0.9990167021751404,0.6461985111236572
YLR033W,YPL121C,0,-2.3728554,0.1360471397638321,0.9990167021751404,0.6462987065315247
YDL030W,YKL210W,0,-2.3734171,0.13602891564369202,0.9990167021751404,0.6463989019393921
YOR075W,YFL038C,0,-2.3744614,0.13601070642471313,0.9990167021751404,0.6464990377426147
YPR096C,YLR056W,0,-2.3749466,0.13599249720573425,0.9990167021751404,0.6465992331504822
YDL109C,YPL171C,0,-2.3753748,0.13597430288791656,0.9990167021751404,0.6466993689537048
YGR169C,YPL147W,0,-2.375727,0.13595610857009888,0.9990167021751404,0.6467995643615723
YBL058W,YER086W,0,-2.3759015,0.1359379142522812,0.9990167021751404,0.6468997001647949
YHR086W,YBR046C,0,-2.3760755,0.1359197348356247,0.9990167021751404,0.6469998955726624
YOR249C,YHR207C,0,-2.3768156,0.1359015554189682,0.9990167021751404,0.6471000909805298
YNL181W,YPR096C,0,-2.3772032,0.1358833760023117,0.9990167021751404,0.6472002267837524
YBR202W,YNR002C,0,-2.3777254,0.1358652114868164,0.9990167021751404,0.6473004221916199
YPL178W,YDR323C,0,-2.3779554,0.1358470320701599,0.9990167021751404,0.6474005579948425
YLR220W,YOL077C,0,-2.3787708,0.1358288824558258,0.9990167021751404,0.64750075340271
YLL051C,YKL002W,0,-2.3790028,0.1358107179403305,0.9990167021751404,0.6476009488105774
YIL095W,YKL003C,0,-2.379502,0.1357925683259964,0.9990167021751404,0.6477010846138
YMR009W,YMR281W,0,-2.37953,0.1357744187116623,0.9990167021751404,0.6478012800216675
YIL007C,YPL200W,0,-2.379648,0.13575628399848938,0.9990167021751404,0.6479014158248901
YGR288W,YHR036W,0,-2.380145,0.13573814928531647,0.9990167021751404,0.6480016112327576
YGR282C,YMR241W,0,-2.380456,0.13572001457214355,0.9990167021751404,0.6481017470359802
YDL215C,YGR062C,0,-2.3806112,0.13570187985897064,0.9990167021751404,0.6482019424438477
YIL030C,YMR032W,0,-2.3806927,0.13568376004695892,0.9990167021751404,0.6483021378517151
YNL191W,YPR166C,0,-2.3813293,0.1356656402349472,0.9990167021751404,0.6484022736549377
YNL065W,YNL084C,0,-2.381481,0.13564753532409668,0.9990167021751404,0.6485024690628052
YMR118C,YNL328C,0,-2.382764,0.13562941551208496,0.9990167021751404,0.6486026048660278
YOL067C,YBR120C,0,-2.3831646,0.13561132550239563,0.9990167021751404,0.6487028002738953
YMR270C,YNL024C,0,-2.3836923,0.1355932205915451,0.9990167021751404,0.6488029360771179
YJR050W,YLR238W,0,-2.3838987,0.13557513058185577,0.9990167021751404,0.6489031314849854
YFR053C,YBR065C,0,-2.3840916,0.13555704057216644,0.9990167021751404,0.6490033268928528
YDL111C,YIL132C,0,-2.3847988,0.1355389505624771,0.9990167021751404,0.6491034626960754
YLR413W,YJR075W,0,-2.3852437,0.13552087545394897,0.9990167021751404,0.6492036581039429
YMR270C,YER081W,0,-2.385429,0.13550280034542084,0.9990167021751404,0.6493037939071655
YOL158C,YOL111C,0,-2.3854823,0.1354847252368927,0.9990167021751404,0.649403989315033
YBR214W,YDR533C,0,-2.3855143,0.13546666502952576,0.9990167021751404,0.6495041847229004
YIL160C,YOL135C,0,-2.386211,0.1354486048221588,0.9990167021751404,0.649604320526123
YLR058C,YDR239C,0,-2.3865192,0.13543054461479187,0.9990167021751404,0.6497045159339905
YDR482C,YML085C,0,-2.3867612,0.13541249930858612,0.9990167021751404,0.6498046517372131
YJR006W,YPL225W,0,-2.3881543,0.13539445400238037,0.9990167021751404,0.6499048471450806
YFR006W,YJL173C,0,-2.3881729,0.13537640869617462,0.9990167021751404,0.6500049829483032
YGR057C,YBR166C,0,-2.3886917,0.13535837829113007,0.9990167021751404,0.6501051783561707
YGL240W,YGL078C,0,-2.3887165,0.1353403478860855,0.9990167021751404,0.6502053737640381
YAL054C,YPR166C,0,-2.389375,0.13532231748104095,0.9990167021751404,0.6503055095672607
YPR073C,YIL009W,0,-2.3894954,0.1353043019771576,0.9990167021751404,0.6504057049751282
YMR270C,YIL112W,0,-2.3896296,0.13528628647327423,0.9990167021751404,0.6505058407783508
YOR308C,YNL330C,0,-2.3896675,0.13526827096939087,0.9990167021751404,0.6506060361862183
YHR172W,YBR128C,0,-2.390413,0.1352502703666687,0.9990167021751404,0.6507061719894409
YJR021C,YPR162C,0,-2.3904302,0.13523226976394653,0.9990167021751404,0.6508063673973083
YMR026C,YBR097W,0,-2.3905613,0.13521426916122437,0.9990167021751404,0.6509065628051758
YBR299W,YIL053W,0,-2.3907847,0.1351962685585022,0.9990167021751404,0.6510066986083984
YEL069C,YOR251C,0,-2.3914826,0.13517828285694122,0.9990167021751404,0.6511068940162659
YCL008C,YNL175C,0,-2.391793,0.13516029715538025,0.9990167021751404,0.6512070298194885
YDR393W,YLL055W,0,-2.3918564,0.13514232635498047,0.9990167021751404,0.651307225227356
YMR009W,YDR532C,0,-2.391929,0.1351243555545807,0.9990167021751404,0.6514074206352234
YDR438W,YKL024C,0,-2.3922884,0.1351063847541809,0.9990167021751404,0.651507556438446
YIR017C,YGR054W,0,-2.3923995,0.13508841395378113,0.9990167021751404,0.6516077518463135
YNL023C,YKR007W,0,-2.3924112,0.13507045805454254,0.9990167021751404,0.6517078876495361
YMR311C,YGL211W,0,-2.3927805,0.13505250215530396,0.9990167021751404,0.6518080830574036
YBR169C,YIL119C,0,-2.39304,0.13503456115722656,0.9990167021751404,0.6519082188606262
YPR047W,YPR032W,0,-2.3933723,0.13501660525798798,0.9990167021751404,0.6520084142684937
YGL092W,YMR128W,0,-2.3937674,0.13499866425991058,0.9990167021751404,0.6521086096763611
YLL021W,YDR456W,0,-2.3942587,0.13498073816299438,0.9990167021751404,0.6522087454795837
YKL185W,YOR219C,0,-2.3950455,0.13496281206607819,0.9990167021751404,0.6523089408874512
YMR049C,YEL029C,0,-2.3965855,0.134944885969162,0.9990167021751404,0.6524090766906738
YNL172W,YGL010W,0,-2.3974185,0.1349269598722458,0.9990167021751404,0.6525092720985413
YHR184W,YLR246W,0,-2.3974583,0.13490904867649078,0.9990167021751404,0.6526094079017639
YKL135C,YGL231C,0,-2.3974729,0.13489113748073578,0.9990167021751404,0.6527096033096313
YLR383W,YHR052W,0,-2.3998017,0.13487322628498077,0.9990167021751404,0.6528097987174988
YDR362C,YNR004W,0,-2.4002087,0.13485531508922577,0.9990167021751404,0.6529099345207214
YCR005C,YDR301W,0,-2.4003696,0.13483741879463196,0.9990167021751404,0.6530101299285889
YJR134C,YMR110C,0,-2.4008896,0.13481953740119934,0.9990167021751404,0.6531102657318115
YJL200C,YLR147C,0,-2.4009337,0.13480164110660553,0.9990167021751404,0.653210461139679
YHR146W,YBR087W,0,-2.4012802,0.1347837597131729,0.9990167021751404,0.6533106565475464
YKL198C,YLR383W,0,-2.4013958,0.1347658783197403,0.9990167021751404,0.653410792350769
YKL129C,YPL100W,0,-2.4016764,0.13474801182746887,0.9990167021751404,0.6535109877586365
YOR265W,YDL129W,0,-2.4019337,0.13473014533519745,0.9990167021751404,0.6536111235618591
YOR338W,YLR191W,0,-2.402119,0.13471227884292603,0.9990167021751404,0.6537113189697266
YML039W,YDR065W,0,-2.4022872,0.1346944123506546,0.9990167021751404,0.6538114547729492
YJL087C,YJL133W,0,-2.4023285,0.13467656075954437,0.9990167021751404,0.6539116501808167
YDL166C,YGL127C,0,-2.4025924,0.13465870916843414,0.9990167021751404,0.6540118455886841
YMR276W,YDR460W,0,-2.4026496,0.1346408724784851,0.9990167021751404,0.6541119813919067
YLR451W,YGR199W,0,-2.4030828,0.13462303578853607,0.9990167021751404,0.6542121767997742
YMR163C,YNL259C,0,-2.4033654,0.13460519909858704,0.9990167021751404,0.6543123126029968
YKL042W,YML081W,0,-2.4038918,0.134587362408638,0.9990167021751404,0.6544125080108643
YKL150W,YNL128W,0,-2.4044964,0.13456954061985016,0.9990167021751404,0.6545126438140869
YDR410C,YER168C,0,-2.4047425,0.13455171883106232,0.9990167021751404,0.6546128392219543
YDR261C,YML070W,0,-2.4056787,0.13453389704227448,0.9990167021751404,0.6547130346298218
YNL091W,YNL103W,0,-2.4060516,0.13451609015464783,0.9990167021751404,0.6548131704330444
YNL246W,YOR009W,0,-2.4060643,0.13449828326702118,0.9990167021751404,0.6549133658409119
YKR055W,YNL111C,0,-2.4063127,0.13448047637939453,0.9990167021751404,0.6550135016441345
YML012W,YKL178C,0,-2.4066386,0.13446268439292908,0.9990167021751404,0.655113697052002
YPL042C,YOR008C,0,-2.407575,0.13444489240646362,0.9990167021751404,0.6552138924598694
YKL132C,YHR036W,0,-2.4085944,0.13442710041999817,0.9990167021751404,0.655314028263092
YLR401C,YIL150C,0,-2.4087877,0.13440930843353271,0.9990167021751404,0.6554142236709595
YBR041W,YNR052C,0,-2.4096706,0.13439153134822845,0.9990167021751404,0.6555143594741821
YDR236C,YMR037C,0,-2.4097018,0.1343737542629242,0.9990167021751404,0.6556145548820496
YOL117W,YMR220W,0,-2.4098694,0.13435599207878113,0.9990167021751404,0.6557146906852722
YLR010C,YKL054C,0,-2.4101079,0.13433822989463806,0.9990167021751404,0.6558148860931396
YDL120W,YNL098C,0,-2.4107795,0.134320467710495,0.9990167021751404,0.6559150815010071
YHR184W,YMR038C,0,-2.411228,0.13430270552635193,0.9990167021751404,0.6560152173042297
YDR212W,YGR266W,0,-2.4113677,0.13428495824337006,0.9990167021751404,0.6561154127120972
YKL063C,YOR127W,0,-2.411687,0.13426721096038818,0.9990167021751404,0.6562155485153198
YPL175W,YJL125C,0,-2.4125419,0.1342494785785675,0.9990167021751404,0.6563157439231873
YOL072W,YPR122W,0,-2.412733,0.13423173129558563,0.9990167021751404,0.6564158797264099
YDL202W,YLR309C,0,-2.4127932,0.13421399891376495,0.9990167021751404,0.6565160751342773
YDL114W,YGR208W,0,-2.4130037,0.13419628143310547,0.9990167021751404,0.6566162705421448
YJL143W,YDR074W,0,-2.4130852,0.1341785490512848,0.9990167021751404,0.6567164063453674
YBR028C,YML102W,0,-2.4136095,0.1341608315706253,0.9990167021751404,0.6568166017532349
YNL240C,YMR046C,0,-2.4144294,0.13414311408996582,0.9990167021751404,0.6569167375564575
YJL187C,YCR077C,0,-2.414487,0.13412541151046753,0.9990167021751404,0.657016932964325
YPL189W,YHR149C,0,-2.4144902,0.13410770893096924,0.9990167021751404,0.6571171283721924
YDR404C,YDR074W,0,-2.415436,0.13409000635147095,0.9990167021751404,0.657217264175415
YGR112W,YML095C,0,-2.4154472,0.13407231867313385,0.9990167021751404,0.6573174595832825
YER185W,YOL125W,0,-2.4155529,0.13405463099479675,0.9990167021751404,0.6574175953865051
YFL025C,YDL209C,0,-2.4155824,0.13403694331645966,0.9990167021751404,0.6575177907943726
YJL066C,YDR303C,0,-2.415607,0.13401925563812256,0.9990167021751404,0.6576179265975952
YLL006W,YCR010C,0,-2.4158638,0.13400158286094666,0.9990167021751404,0.6577181220054626
YLR055C,YDL190C,0,-2.4161136,0.13398391008377075,0.9990167021751404,0.6578183174133301
YNL115C,YKL144C,0,-2.4166958,0.13396623730659485,0.9990167021751404,0.6579184532165527
YPL100W,YNL223W,0,-2.416887,0.13394857943058014,0.9990167021751404,0.6580186486244202
YIL135C,YBR291C,0,-2.4186904,0.13393092155456543,0.9990167021751404,0.6581187844276428
YER062C,YDR046C,0,-2.4187467,0.13391327857971191,0.9990167021751404,0.6582189798355103
YDL111C,YCR024C,0,-2.4190452,0.1338956207036972,0.9990167021751404,0.6583191156387329
YBR146W,YMR153W,0,-2.4201972,0.1338779777288437,0.9990167021751404,0.6584193110466003
YMR125W,YLR291C,0,-2.4202049,0.13386034965515137,0.9990167021751404,0.6585195064544678
YPL126W,YNL190W,0,-2.4210024,0.13384270668029785,0.9990167021751404,0.6586196422576904
YHR056C,YCL068C,0,-2.4211218,0.13382507860660553,0.9990167021751404,0.6587198376655579
YLR009W,YLL033W,0,-2.4214678,0.1338074505329132,0.9990167021751404,0.6588199734687805
YJR118C,YER149C,0,-2.4235122,0.13378983736038208,0.9990167021751404,0.658920168876648
YLR363C,YOR357C,0,-2.423921,0.13377222418785095,0.9990167021751404,0.6590203642845154
YOR067C,YIL118W,0,-2.4240427,0.13375461101531982,0.9990167021751404,0.659120500087738
YOL057W,YLR017W,0,-2.4245727,0.1337369978427887,0.9990167021751404,0.6592206954956055
YFL029C,YNL038W,0,-2.4249806,0.13371939957141876,0.9990167021751404,0.6593208312988281
YKR034W,YLR382C,0,-2.4250083,0.13370180130004883,0.9990167021751404,0.6594210267066956
YGR235C,YIL106W,0,-2.4252093,0.1336842179298401,0.9990167021751404,0.6595211625099182
YGR292W,YGL244W,0,-2.4253585,0.13366661965847015,0.9990167021751404,0.6596213579177856
YEL027W,YAL010C,0,-2.4256055,0.1336490362882614,0.9990167021751404,0.6597215533256531
YJR119C,YJR057W,0,-2.4257517,0.13363146781921387,0.9990167021751404,0.6598216891288757
YGR175C,YCR092C,0,-2.4260957,0.13361388444900513,0.9990167021751404,0.6599218845367432
YJL214W,YDL192W,0,-2.4261045,0.13359631597995758,0.9990167021751404,0.6600220203399658
YAL013W,YHR066W,0,-2.4262748,0.13357874751091003,0.9990167021751404,0.6601222157478333
YOR036W,YGL006W,0,-2.4263778,0.13356119394302368,0.9990167021751404,0.6602223515510559
YLL014W,YGL178W,0,-2.4266806,0.13354364037513733,0.9990167021751404,0.6603225469589233
YBR012W-A,YOR009W,0,-2.4276946,0.13352608680725098,0.9990167021751404,0.6604227423667908
YGR116W,YAL007C,0,-2.4281323,0.13350854814052582,0.9990167021751404,0.6605228781700134
YGL198W,YEL021W,0,-2.428134,0.13349099457263947,0.9990167021751404,0.6606230735778809
YNL085W,YCR060W,0,-2.4281628,0.1334734559059143,0.9990167021751404,0.6607232093811035
YGR057C,YNL167C,0,-2.4281855,0.13345593214035034,0.9990167021751404,0.660823404788971
YLR381W,YKL108W,0,-2.4282637,0.13343840837478638,0.9990167021751404,0.6609235405921936
YGL070C,YOR103C,0,-2.4283223,0.1334208846092224,0.9990167021751404,0.661023736000061
YPL068C,YFL049W,0,-2.4286456,0.13340336084365845,0.9990167021751404,0.6611239314079285
YNR074C,YDL195W,0,-2.4286926,0.13338585197925568,0.9990167021751404,0.6612240672111511
YER008C,YDR486C,0,-2.4289844,0.1333683431148529,0.9990167021751404,0.6613242626190186
YOR363C,YEL022W,0,-2.4291317,0.13335083425045013,0.9990167021751404,0.6614243984222412
YNL081C,YKL069W,0,-2.4296343,0.13333334028720856,0.9990167021751404,0.6615245938301086
YDL223C,YHR088W,0,-2.430209,0.1333158314228058,0.9990167021751404,0.6616247892379761
YOR330C,YGR014W,0,-2.4306767,0.1332983523607254,0.9990167021751404,0.6617249250411987
YGL220W,YOR306C,0,-2.4308913,0.13328085839748383,0.9990167021751404,0.6618251204490662
YML061C,YOR257W,0,-2.4311225,0.13326337933540344,0.9990167021751404,0.6619252562522888
YGL119W,YML047C,0,-2.43129,0.13324590027332306,0.9990167021751404,0.6620254516601562
YJR041C,YOR323C,0,-2.43135,0.13322843611240387,0.9990167021751404,0.6621255874633789
YPR073C,YOR230W,0,-2.4315555,0.1332109570503235,0.9990167021751404,0.6622257828712463
YLR120C,YKL058W,0,-2.4319007,0.1331934928894043,0.9990167021751404,0.6623259782791138
YDR028C,YPR068C,0,-2.4327195,0.1331760436296463,0.9990167021751404,0.6624261140823364
YHR122W,YIL021W,0,-2.4333408,0.1331585794687271,0.9990167021751404,0.6625263094902039
YOR034C,YMR054W,0,-2.434408,0.13314113020896912,0.9990167021751404,0.6626264452934265
YNL085W,YBL026W,0,-2.4348228,0.13312369585037231,0.9990167021751404,0.662726640701294
YGL231C,YDR483W,0,-2.4360254,0.13310624659061432,0.9990167021751404,0.6628267765045166
YCR093W,YKL052C,0,-2.4369972,0.13308881223201752,0.9990167021751404,0.662926971912384
YGL087C,YDR207C,0,-2.4371157,0.13307137787342072,0.9990167021751404,0.6630271673202515
YBR182C,YER100W,0,-2.4375522,0.1330539584159851,0.9990167021751404,0.6631273031234741
YPR006C,YDR172W,0,-2.4376795,0.1330365389585495,0.9990167021751404,0.6632274985313416
YNL085W,YDR469W,0,-2.4380426,0.1330191195011139,0.9990167021751404,0.6633276343345642
YFR049W,YCL001W,0,-2.4382596,0.13300170004367828,0.9990167021751404,0.6634278297424316
YOR124C,YCL069W,0,-2.4382887,0.13298429548740387,0.9990167021751404,0.6635280251502991
YNL199C,YJL173C,0,-2.4385521,0.13296689093112946,0.9990167021751404,0.6636281609535217
YJR042W,YEL031W,0,-2.4386256,0.13294948637485504,0.9990167021751404,0.6637283563613892
YOR034C,YLR093C,0,-2.4389708,0.13293209671974182,0.9990167021751404,0.6638284921646118
YJL168C,YPL234C,0,-2.439193,0.1329147070646286,0.9990167021751404,0.6639286875724792
YDR498C,YGR212W,0,-2.4394276,0.13289731740951538,0.9990167021751404,0.6640288233757019
YJL083W,YOR020C,0,-2.4400752,0.13287994265556335,0.9990167021751404,0.6641290187835693
YLR373C,YDR116C,0,-2.440597,0.13286256790161133,0.9990167021751404,0.6642292141914368
YPR188C,YNR060W,0,-2.441407,0.1328451931476593,0.9990167021751404,0.6643293499946594
YFL049W,YOR079C,0,-2.4418173,0.13282781839370728,0.9990167021751404,0.6644295454025269
YOR126C,YOR086C,0,-2.4422224,0.13281045854091644,0.9990167021751404,0.6645296812057495
YJR097W,YMR184W,0,-2.4423554,0.1327930986881256,0.9990167021751404,0.6646298766136169
YPR127W,YPL254W,0,-2.4425173,0.13277573883533478,0.9990167021751404,0.6647300124168396
YPL068C,YGR217W,0,-2.4428403,0.13275839388370514,0.9990167021751404,0.664830207824707
YOR212W,YKR090W,0,-2.44334,0.1327410489320755,0.9990167021751404,0.6649304032325745
YPL146C,YAL060W,0,-2.4437945,0.13272370398044586,0.9990167021751404,0.6650305390357971
YDL243C,YOL065C,0,-2.444413,0.13270637392997742,0.9990167021751404,0.6651307344436646
YOL002C,YDR414C,0,-2.4446242,0.13268904387950897,0.9990167021751404,0.6652308702468872
YGR024C,YBL005W-B,0,-2.4448378,0.13267171382904053,0.9990167021751404,0.6653310656547546
YHR069C,YDR369C,0,-2.4448514,0.13265439867973328,0.9990167021751404,0.6654312610626221
YBR029C,YBR097W,0,-2.44569,0.13263706862926483,0.9990167021751404,0.6655313968658447
YBR291C,YOR337W,0,-2.4457586,0.13261976838111877,0.9990167021751404,0.6656315922737122
YPL195W,YKR020W,0,-2.445865,0.13260245323181152,0.9990167021751404,0.6657317280769348
YHL024W,YKR101W,0,-2.4467993,0.13258515298366547,0.9990167021751404,0.6658319234848022
YOR311C,YKL028W,0,-2.4469235,0.1325678527355194,0.9990167021751404,0.6659320592880249
YJR001W,YKL126W,0,-2.4476097,0.13255055248737335,0.9990167021751404,0.6660322546958923
YDR240C,YKL005C,0,-2.447631,0.1325332671403885,0.9990167021751404,0.6661324501037598
YDL087C,YKL156W,0,-2.4482358,0.13251598179340363,0.9990167021751404,0.6662325859069824
YDR317W,YOL100W,0,-2.4482436,0.13249869644641876,0.9990167021751404,0.6663327813148499
YPR057W,YDR378C,0,-2.4483366,0.1324814260005951,0.9990167021751404,0.6664329171180725
YJL127C,YJR139C,0,-2.4484434,0.13246414065361023,0.9990167021751404,0.6665331125259399
YML113W,YOL129W,0,-2.4487278,0.13244688510894775,0.9990167021751404,0.6666332483291626
YPL159C,YJL030W,0,-2.4492214,0.13242961466312408,0.9990167021751404,0.66673344373703
YLR100W,YOR269W,0,-2.4501007,0.1324123591184616,0.9990167021751404,0.6668336391448975
YOR315W,YER139C,0,-2.4502017,0.13239510357379913,0.9990167021751404,0.6669337749481201
YJL025W,YGL231C,0,-2.450516,0.13237784802913666,0.9990167021751404,0.6670339703559875
YEL053C,YGR218W,0,-2.4507074,0.13236060738563538,0.9990167021751404,0.6671341061592102
YDL175C,YER177W,0,-2.4507754,0.1323433667421341,0.9990167021751404,0.6672343015670776
YLL061W,YLR448W,0,-2.4510357,0.1323261260986328,0.9990167021751404,0.6673344969749451
YDR228C,YGR076C,0,-2.4511347,0.13230890035629272,0.9990167021751404,0.6674346327781677
YJL216C,YLR466W,0,-2.4527674,0.13229165971279144,0.9990167021751404,0.6675348281860352
YMR131C,YDR046C,0,-2.4527771,0.13227444887161255,0.9990167021751404,0.6676349639892578
YPL076W,YDL117W,0,-2.4536397,0.13225722312927246,0.9990167021751404,0.6677351593971252
YLR032W,YNL129W,0,-2.453822,0.13224001228809357,0.9990167021751404,0.6678352952003479
YOR201C,YEL016C,0,-2.453871,0.13222280144691467,0.9990167021751404,0.6679354906082153
YPR161C,YDL060W,0,-2.4541714,0.13220559060573578,0.9990167021751404,0.6680356860160828
YOR193W,YPR166C,0,-2.454192,0.13218839466571808,0.9990167021751404,0.6681358218193054
YDL030W,YFL045C,0,-2.4546201,0.13217119872570038,0.9990167021751404,0.6682360172271729
YML021C,YDR384C,0,-2.4552705,0.13215400278568268,0.9990167021751404,0.6683361530303955
YFL010W-A,YJL082W,0,-2.45529,0.13213682174682617,0.9990167021751404,0.6684363484382629
YCR020C,YKL141W,0,-2.455402,0.13211964070796967,0.9990167021751404,0.6685364842414856
YHR017W,YDR358W,0,-2.455512,0.13210245966911316,0.9990167021751404,0.668636679649353
YGL155W,YLR381W,0,-2.4560373,0.13208527863025665,0.9990167021751404,0.6687368750572205
YHR046C,YLR067C,0,-2.4562128,0.13206811249256134,0.9990167021751404,0.6688370108604431
YMR261C,YOL080C,0,-2.4567983,0.13205094635486603,0.9990167021751404,0.6689372062683105
YGR292W,YMR136W,0,-2.457304,0.1320337951183319,0.9990167021751404,0.6690373420715332
YLR348C,YOR340C,0,-2.4575489,0.1320166289806366,0.9990167021751404,0.6691375374794006
YOR265W,YNL325C,0,-2.4579184,0.13199947774410248,0.9990167021751404,0.6692377328872681
YNL026W,YIR031C,0,-2.4581087,0.13198232650756836,0.9990167021751404,0.6693378686904907
YGL210W,YMR158W,0,-2.4581585,0.13196519017219543,0.9990167021751404,0.6694380640983582
YOL002C,YFL061W,0,-2.4589186,0.1319480538368225,0.9990167021751404,0.6695381999015808
YKL064W,YHR105W,0,-2.459079,0.13193091750144958,0.9990167021751404,0.6696383953094482
YDR260C,YOL138C,0,-2.4592576,0.13191379606723785,0.9990167021751404,0.6697385311126709
YDL121C,YNL095C,0,-2.4593093,0.13189665973186493,0.9990167021751404,0.6698387265205383
YCR077C,YKL171W,0,-2.459472,0.1318795382976532,0.9990167021751404,0.6699389219284058
YIR011C,YDR487C,0,-2.4597428,0.13186243176460266,0.9990167021751404,0.6700390577316284
YCR093W,YKR105C,0,-2.459801,0.13184531033039093,0.9990167021751404,0.6701392531394958
YBR268W,YKR101W,0,-2.4600954,0.1318282037973404,0.9990167021751404,0.6702393889427185
YBR205W,YDL091C,0,-2.4607408,0.13181111216545105,0.9990167021751404,0.6703395843505859
YIL128W,YNL128W,0,-2.4610593,0.1317940056324005,0.9990167021751404,0.6704397201538086
YPR161C,YNL278W,0,-2.4610593,0.13177691400051117,0.9990167021751404,0.670539915561676
YLL017W,YOR270C,0,-2.461158,0.13175982236862183,0.9990167021751404,0.6706401109695435
YLR088W,YNL038W,0,-2.461293,0.13174274563789368,0.9990167021751404,0.6707402467727661
YIL039W,YOL038W,0,-2.4616158,0.13172565400600433,0.9990167021751404,0.6708404421806335
YDR011W,YGR082W,0,-2.4619684,0.13170857727527618,0.9990167021751404,0.6709405779838562
YNL118C,YOL071W,0,-2.4620385,0.13169151544570923,0.9990167021751404,0.6710407733917236
YHR139C,YKR052C,0,-2.4620848,0.13167443871498108,0.9990167021751404,0.6711409687995911
YOR049C,YGR224W,0,-2.4634292,0.13165737688541412,0.9990167021751404,0.6712411046028137
YBL022C,YBR065C,0,-2.4634368,0.13164031505584717,0.9990167021751404,0.6713413000106812
YPL028W,YNL219C,0,-2.464663,0.1316232681274414,0.9990167021751404,0.6714414358139038
YMR004W,YNR061C,0,-2.4650378,0.13160622119903564,0.9990167021751404,0.6715416312217712
YCR094W,YLR321C,0,-2.4650493,0.13158917427062988,0.9990167021751404,0.6716417670249939
YDR422C,YKL056C,0,-2.4650848,0.13157212734222412,0.9990167021751404,0.6717419624328613
YIL011W,YMR115W,0,-2.4652102,0.13155509531497955,0.9990167021751404,0.6718421578407288
YKL195W,YLR194C,0,-2.4660122,0.13153806328773499,0.9990167021751404,0.6719422936439514
YOR209C,YDL227C,0,-2.466143,0.13152103126049042,0.9990167021751404,0.6720424890518188
YER029C,YHR085W,0,-2.4665868,0.13150401413440704,0.9990167021751404,0.6721426248550415
YKL189W,YPL051W,0,-2.4673111,0.13148699700832367,0.9990167021751404,0.6722428202629089
YJL197W,YOL069W,0,-2.4680924,0.1314699798822403,0.9990167021751404,0.6723429560661316
YDR270W,YOL156W,0,-2.468282,0.13145296275615692,0.9990167021751404,0.672443151473999
YDR134C,YDR276C,0,-2.4686668,0.13143596053123474,0.9990167021751404,0.6725433468818665
YOR048C,YOR278W,0,-2.4687035,0.13141895830631256,0.9990167021751404,0.6726434826850891
YOR338W,YNL339C,0,-2.468899,0.13140197098255157,0.9990167021751404,0.6727436780929565
YOL032W,YDR501W,0,-2.4696267,0.1313849687576294,0.9990167021751404,0.6728438138961792
YJR130C,YHR120W,0,-2.4702752,0.1313679814338684,0.9990167021751404,0.6729440093040466
YDL243C,YPL254W,0,-2.4703872,0.13135100901126862,0.9990167021751404,0.6730442047119141
YHR008C,YBL021C,0,-2.4709835,0.13133402168750763,0.9990167021751404,0.6731443405151367
YPL224C,YMR232W,0,-2.4715304,0.13131704926490784,0.9990167021751404,0.6732445359230042
YCR009C,YJL197W,0,-2.4717119,0.13130007684230804,0.9990167021751404,0.6733446717262268
YER032W,YPR005C,0,-2.4723163,0.13128310441970825,0.9990167021751404,0.6734448671340942
YOR337W,YFL017W-A,0,-2.4725583,0.13126614689826965,0.9990167021751404,0.6735450029373169
YMR238W,YNR011C,0,-2.4731693,0.13124918937683105,0.9990167021751404,0.6736451983451843
YLR305C,YHR146W,0,-2.4731781,0.13123224675655365,0.9990167021751404,0.6737453937530518
YHR027C,YNL079C,0,-2.473336,0.13121528923511505,0.9990167021751404,0.6738455295562744
YGR112W,YOR383C,0,-2.4734218,0.13119834661483765,0.9990167021751404,0.6739457249641418
YJL012C,YNL131W,0,-2.4743671,0.13118140399456024,0.9990167021751404,0.6740458607673645
YKR089C,YDR449C,0,-2.4744818,0.13116447627544403,0.9990167021751404,0.6741460561752319
YBR150C,YDR218C,0,-2.474532,0.13114753365516663,0.9990167021751404,0.6742461919784546
YOR078W,YHR012W,0,-2.4751382,0.1311306208372116,0.9990167021751404,0.674346387386322
YGR188C,YCL068C,0,-2.4754536,0.1311136931180954,0.9990167021751404,0.6744465827941895
YHR172W,YER030W,0,-2.4756584,0.13109678030014038,0.9990167021751404,0.6745467185974121
YHR064C,YDR243C,0,-2.4758608,0.13107986748218536,0.9990167021751404,0.6746469140052795
YOR304W,YLL051C,0,-2.47617,0.13106295466423035,0.9990167021751404,0.6747470498085022
YGR143W,YGR047C,0,-2.4763005,0.13104604184627533,0.9990167021751404,0.6748472452163696
YHR101C,YJR082C,0,-2.4776356,0.1310291439294815,0.9990167021751404,0.6749473810195923
YJR119C,YHR214C-B,0,-2.4780643,0.13101224601268768,0.9990167021751404,0.6750475764274597
YBR130C,YDL106C,0,-2.4787953,0.13099536299705505,0.9990167021751404,0.6751477718353271
YBR150C,YJL082W,0,-2.4790745,0.13097846508026123,0.9990167021751404,0.6752479076385498
YHR117W,YOR193W,0,-2.4793088,0.1309615820646286,0.9990167021751404,0.6753481030464172
YHR122W,YCL036W,0,-2.4796374,0.13094471395015717,0.9990167021751404,0.6754482388496399
YPL221W,YDR050C,0,-2.4797282,0.13092783093452454,0.9990167021751404,0.6755484342575073
YLL006W,YKL043W,0,-2.4799016,0.1309109628200531,0.9990167021751404,0.6756486296653748
YDL100C,YDR390C,0,-2.4799097,0.13089409470558167,0.9990167021751404,0.6757487654685974
YHR037W,YGR054W,0,-2.4801753,0.13087724149227142,0.9990167021751404,0.6758489608764648
YLR370C,YDR080W,0,-2.480208,0.13086038827896118,0.9990167021751404,0.6759490966796875
YDR213W,YKL015W,0,-2.480271,0.13084353506565094,0.9990167021751404,0.6760492920875549
YFL021W,YNL117W,0,-2.4811869,0.1308266818523407,0.9990167021751404,0.6761494278907776
YIL136W,YGL200C,0,-2.4815164,0.13080984354019165,0.9990167021751404,0.676249623298645
YGL225W,YJR004C,0,-2.4822943,0.1307929903268814,0.9990167021751404,0.6763498187065125
YKR100C,YDL033C,0,-2.4828823,0.13077616691589355,0.9990167021751404,0.6764499545097351
YFL017W-A,YNL149C,0,-2.4832766,0.1307593286037445,0.9990167021751404,0.6765501499176025
YOR380W,YLR286C,0,-2.483425,0.13074250519275665,0.9990167021751404,0.6766502857208252
YPL076W,YBR080C,0,-2.483501,0.1307256817817688,0.9990167021751404,0.6767504811286926
YHL036W,YOR261C,0,-2.4837973,0.13070885837078094,0.9990167021751404,0.6768506169319153
YMR022W,YHR076W,0,-2.483819,0.13069204986095428,0.9990167021751404,0.6769508123397827
YER015W,YLR121C,0,-2.4846475,0.13067524135112762,0.9990167021751404,0.6770510077476501
YPR191W,YAL010C,0,-2.4852927,0.13065843284130096,0.9990167021751404,0.6771511435508728
YAR007C,YIL125W,0,-2.4853723,0.1306416392326355,0.9990167021751404,0.6772513389587402
YCR091W,YIL036W,0,-2.4854145,0.13062484562397003,0.9990167021751404,0.6773514747619629
YIR039C,YBR168W,0,-2.4855695,0.13060805201530457,0.9990167021751404,0.6774516701698303
YHR167W,YMR128W,0,-2.4856646,0.1305912584066391,0.9990167021751404,0.6775518655776978
YKL078W,YBR012W-A,0,-2.4857304,0.13057447969913483,0.9990167021751404,0.6776520013809204
YMR223W,YNL041C,0,-2.4858544,0.13055770099163055,0.9990167021751404,0.6777521967887878
YJR054W,YDR245W,0,-2.4861639,0.13054092228412628,0.9990167021751404,0.6778523325920105
YDL112W,YNL102W,0,-2.4871728,0.1305241584777832,0.9990167021751404,0.6779525279998779
YNL310C,YIL009W,0,-2.4873767,0.13050737977027893,0.9990167021751404,0.6780526638031006
YJL012C,YDR444W,0,-2.487937,0.13049063086509705,0.9990167021751404,0.678152859210968
YIL038C,YPR119W,0,-2.487983,0.13047386705875397,0.9990167021751404,0.6782530546188354
YKL001C,YBR198C,0,-2.4883075,0.13045711815357208,0.9990167021751404,0.6783531904220581
YBR022W,YBR066C,0,-2.488422,0.1304403692483902,0.9990167021751404,0.6784533858299255
YOR034C,YDL021W,0,-2.4888256,0.1304236203432083,0.9990167021751404,0.6785535216331482
YDR419W,YKR028W,0,-2.4889603,0.13040688633918762,0.9990167021751404,0.6786537170410156
YER013W,YCR010C,0,-2.489744,0.13039013743400574,0.9990167021751404,0.6787538528442383
YKR031C,YKL206C,0,-2.4900787,0.13037341833114624,0.9990167021751404,0.6788540482521057
YGL116W,YPR182W,0,-2.4906943,0.13035668432712555,0.9990167021751404,0.6789542436599731
YAL035W,YBR114W,0,-2.4907382,0.13033996522426605,0.9990167021751404,0.6790543794631958
YMR193W,YER153C,0,-2.490743,0.13032324612140656,0.9990167021751404,0.6791545748710632
YKL210W,YHR167W,0,-2.4911096,0.13030652701854706,0.9990167021751404,0.6792547106742859
YLR383W,YKL161C,0,-2.4911144,0.13028982281684875,0.9990167021751404,0.6793549060821533
YJR150C,YDR414C,0,-2.49135,0.13027311861515045,0.9990167021751404,0.6794551014900208
YBR082C,YCL016C,0,-2.491389,0.13025641441345215,0.9990167021751404,0.6795552372932434
YMR001C,YJL181W,0,-2.4918091,0.13023971021175385,0.9990167021751404,0.6796554327011108
YBR001C,YGL155W,0,-2.4920418,0.13022302091121674,0.9990167021751404,0.6797555685043335
YDR323C,YJL048C,0,-2.4925125,0.13020633161067963,0.9990167021751404,0.6798557639122009
YAL010C,YMR093W,0,-2.4927933,0.13018964231014252,0.9990167021751404,0.6799558997154236
YOR330C,YGL084C,0,-2.4931023,0.1301729679107666,0.9990167021751404,0.680056095123291
YLR450W,YNL160W,0,-2.4933505,0.13015629351139069,0.9990167021751404,0.6801562905311584
YKL201C,YBR095C,0,-2.4939964,0.13013961911201477,0.9990167021751404,0.6802564263343811
YHR136C,YOR232W,0,-2.4940321,0.13012294471263885,0.9990167021751404,0.6803566217422485
YBR107C,YAL035W,0,-2.4941332,0.13010628521442413,0.9990167021751404,0.6804567575454712
YLR183C,YOR326W,0,-2.4943278,0.1300896257162094,0.9990167021751404,0.6805569529533386
YPR191W,YOR378W,0,-2.494404,0.13007298111915588,0.9990167021751404,0.6806570887565613
YOR355W,YFR019W,0,-2.4947298,0.13005632162094116,0.9990167021751404,0.6807572841644287
YGL051W,YFL010W-A,0,-2.4947615,0.13003967702388763,0.9990167021751404,0.6808574795722961
YHR044C,YGR084C,0,-2.4948452,0.1300230324268341,0.9990167021751404,0.6809576153755188
YIL140W,YPL150W,0,-2.4950821,0.13000640273094177,0.9990167021751404,0.6810578107833862
YER049W,YKR034W,0,-2.4956057,0.12998975813388824,0.9990167021751404,0.6811579465866089
YGR288W,YER125W,0,-2.496135,0.1299731284379959,0.9990167021751404,0.6812581419944763
YIR015W,YNR015W,0,-2.4970803,0.12995651364326477,0.9990167021751404,0.6813583374023438
YAL021C,YJL083W,0,-2.497156,0.12993988394737244,0.9990167021751404,0.6814584732055664
YOL012C,YOR246C,0,-2.497412,0.1299232691526413,0.9990167021751404,0.6815586686134338
YIL124W,YHR012W,0,-2.4974186,0.12990665435791016,0.9990167021751404,0.6816588044166565
YDR092W,YML113W,0,-2.4981415,0.1298900544643402,0.9990167021751404,0.6817589998245239
YBL034C,YJR133W,0,-2.4981515,0.12987345457077026,0.9990167021751404,0.6818591356277466
YLR383W,YLR277C,0,-2.4982808,0.12985685467720032,0.9990167021751404,0.681959331035614
YJL192C,YCR014C,0,-2.4985178,0.12984025478363037,0.9990167021751404,0.6820595264434814
YMR133W,YJR049C,0,-2.498665,0.12982366979122162,0.9990167021751404,0.6821596622467041
YKR009C,YER051W,0,-2.4990928,0.12980708479881287,0.9990167021751404,0.6822598576545715
YDR100W,YMR025W,0,-2.4992466,0.1297904998064041,0.9990167021751404,0.6823599934577942
YHL028W,YBR196C,0,-2.4992793,0.12977391481399536,0.9990167021751404,0.6824601888656616
YOR089C,YBL005W-B,0,-2.5007107,0.1297573447227478,0.9990167021751404,0.6825603246688843
YBR180W,YHL047C,0,-2.5011766,0.12974077463150024,0.9990167021751404,0.6826605200767517
YLR206W,YFL066C,0,-2.5017574,0.12972420454025269,0.9990167021751404,0.6827607154846191
YDR392W,YMR215W,0,-2.50225,0.12970764935016632,0.9990167021751404,0.6828608512878418
YNL065W,YPL011C,0,-2.5029106,0.12969109416007996,0.9990167021751404,0.6829610466957092
YLR118C,YNL289W,0,-2.5030987,0.1296745389699936,0.9990167021751404,0.6830611824989319
YHR036W,YNL212W,0,-2.5041852,0.12965798377990723,0.9990167021751404,0.6831613779067993
YDR138W,YJL179W,0,-2.5044608,0.12964144349098206,0.9990167021751404,0.6832615733146667
YER060W-A,YIL153W,0,-2.5051908,0.12962490320205688,0.9990167021751404,0.6833617091178894
YLR043C,YOL028C,0,-2.5055969,0.1296083629131317,0.9990167021751404,0.6834619045257568
YDR205W,YPR047W,0,-2.5057933,0.12959183752536774,0.9990167021751404,0.6835620403289795
YOL136C,YLR186W,0,-2.50621,0.12957531213760376,0.9990167021751404,0.6836622357368469
YBL022C,YPR035W,0,-2.506507,0.12955878674983978,0.9990167021751404,0.6837623715400696
YPL147W,YER130C,0,-2.5071712,0.1295422613620758,0.9990167021751404,0.683862566947937
YNL129W,YER148W,0,-2.5079103,0.12952575087547302,0.9990167021751404,0.6839627623558044
YJL065C,YDR399W,0,-2.5081995,0.12950924038887024,0.9990167021751404,0.6840628981590271
YNL027W,YPR163C,0,-2.5088933,0.12949272990226746,0.9990167021751404,0.6841630935668945
YCR075C,YHR205W,0,-2.5089986,0.12947623431682587,0.9990167021751404,0.6842632293701172
YJL212C,YEL056W,0,-2.5096262,0.12945973873138428,0.9990167021751404,0.6843634247779846
YLR223C,YDR363W-A,0,-2.510111,0.1294432431459427,0.9990167021751404,0.6844635605812073
YNL331C,YBL020W,0,-2.510317,0.1294267475605011,0.9990167021751404,0.6845637559890747
YKL051W,YKR007W,0,-2.510542,0.1294102668762207,0.9990167021751404,0.6846639513969421
YML076C,YDR434W,0,-2.5113118,0.1293937861919403,0.9990167021751404,0.6847640872001648
YDR118W,YLL011W,0,-2.5114043,0.1293773055076599,0.9990167021751404,0.6848642826080322
YIL147C,YJL198W,0,-2.5117743,0.1293608397245407,0.9990167021751404,0.6849644184112549
YKL141W,YDR449C,0,-2.5121453,0.1293443739414215,0.9990167021751404,0.6850646138191223
YGR052W,YIL062C,0,-2.5126855,0.1293279081583023,0.9990167021751404,0.6851648092269897
YHR030C,YBR094W,0,-2.5128658,0.1293114423751831,0.9990167021751404,0.6852649450302124
YAL051W,YMR078C,0,-2.513995,0.1292949914932251,0.9990167021751404,0.6853651404380798
YJR001W,YOR054C,0,-2.514098,0.1292785406112671,0.9990167021751404,0.6854652762413025
YNL322C,YDR031W,0,-2.5147212,0.12926208972930908,0.9990167021751404,0.6855654716491699
YOR059C,YKL038W,0,-2.5153031,0.12924563884735107,0.9990167021751404,0.6856656074523926
YDR380W,YDR005C,0,-2.5156438,0.12922920286655426,0.9990167021751404,0.68576580286026
YPL193W,YFL011W,0,-2.515744,0.12921276688575745,0.9990167021751404,0.6858659982681274
YPR006C,YHR110W,0,-2.5164745,0.12919633090496063,0.9990167021751404,0.6859661340713501
YIL075C,YHR069C,0,-2.5166073,0.129179909825325,0.9990167021751404,0.6860663294792175
YBL080C,YPL123C,0,-2.5175912,0.1291634887456894,0.9990167021751404,0.6861664652824402
YGR116W,YDL146W,0,-2.5179298,0.12914706766605377,0.9990167021751404,0.6862666606903076
YML124C,YPL134C,0,-2.5179753,0.12913066148757935,0.9990167021751404,0.6863667964935303
YKL079W,YBR109C,0,-2.5186155,0.12911424040794373,0.9990167021751404,0.6864669919013977
YLR097C,YNR050C,0,-2.519181,0.1290978342294693,0.9990167021751404,0.6865671873092651
YKL174C,YGL171W,0,-2.5201864,0.12908144295215607,0.9990167021751404,0.6866673231124878
YDR405W,YDL080C,0,-2.5203924,0.12906503677368164,0.9990167021751404,0.6867675185203552
YGL087C,YNL077W,0,-2.5205657,0.1290486454963684,0.9990167021751404,0.6868676543235779
YER098W,YBR072W,0,-2.521087,0.12903225421905518,0.9990167021751404,0.6869678497314453
YJR108W,YFL039C,0,-2.5210927,0.12901587784290314,0.9990167021751404,0.6870680451393127
YIL113W,YGL200C,0,-2.521918,0.1289994865655899,0.9990167021751404,0.6871681809425354
YAR009C,YDL006W,0,-2.5228658,0.12898311018943787,0.9990167021751404,0.6872683763504028
YJL108C,YLR067C,0,-2.5233266,0.12896674871444702,0.9990167021751404,0.6873685121536255
YGR288W,YCR105W,0,-2.5235386,0.12895037233829498,0.9990167021751404,0.6874687075614929
YDR425W,YDL231C,0,-2.523607,0.12893401086330414,0.9990167021751404,0.6875688433647156
YMR008C,YDL135C,0,-2.524432,0.1289176493883133,0.9990167021751404,0.687669038772583
YIL064W,YCL047C,0,-2.5245376,0.12890128791332245,0.9990167021751404,0.6877692341804504
YLR425W,YDR377W,0,-2.5251424,0.1288849413394928,0.9990167021751404,0.6878693699836731
YER095W,YOR069W,0,-2.5252078,0.12886859476566315,0.9990167021751404,0.6879695653915405
YJR028W,YML102W,0,-2.5255046,0.1288522481918335,0.9990167021751404,0.6880697011947632
YDL180W,YPL064C,0,-2.5260217,0.12883591651916504,0.9990167021751404,0.6881698966026306
YDR251W,YPR049C,0,-2.527303,0.1288195699453354,0.9990167021751404,0.6882700324058533
YBR129C,YJR083C,0,-2.5279772,0.12880323827266693,0.9990167021751404,0.6883702278137207
YLR356W,YDR330W,0,-2.5282664,0.12878692150115967,0.9990167021751404,0.6884704232215881
YHR056C,YGR040W,0,-2.528877,0.1287705898284912,0.9990167021751404,0.6885705590248108
YAL010C,YOR123C,0,-2.5296695,0.12875427305698395,0.9990167021751404,0.6886707544326782
YIL111W,YLR052W,0,-2.5310144,0.12873795628547668,0.9990167021751404,0.6887708902359009
YOL002C,YHR106W,0,-2.532111,0.12872165441513062,0.9990167021751404,0.6888710856437683
YBR264C,YDL211C,0,-2.532158,0.12870535254478455,0.9990167021751404,0.688971221446991
YJR025C,YMR226C,0,-2.5321732,0.12868905067443848,0.9990167021751404,0.6890714168548584
YNR038W,YMR091C,0,-2.5322776,0.1286727488040924,0.9990167021751404,0.6891716122627258
YNR074C,YDR246W,0,-2.5325475,0.12865644693374634,0.9990167021751404,0.6892717480659485
YML101C,YGL064C,0,-2.5326712,0.12864015996456146,0.9990167021751404,0.6893719434738159
YHR036W,YPR047W,0,-2.5336444,0.1286238729953766,0.9990167021751404,0.6894720792770386
YNL055C,YIR005W,0,-2.5343437,0.1286076009273529,0.9990167021751404,0.689572274684906
YDR464W,YIL004C,0,-2.5352848,0.12859131395816803,0.9990167021751404,0.6896724700927734
YDR091C,YJR112W,0,-2.5354085,0.12857504189014435,0.9990167021751404,0.6897726058959961
YGL157W,YGR047C,0,-2.5354657,0.12855876982212067,0.9990167021751404,0.6898728013038635
YKL154W,YDR007W,0,-2.5355682,0.12854251265525818,0.9990167021751404,0.6899729371070862
YOR014W,YMR218C,0,-2.5360403,0.1285262554883957,0.9990167021751404,0.6900731325149536
YCR005C,YLR023C,0,-2.5363724,0.1285099983215332,0.9990167021751404,0.6901732683181763
YGL098W,YNL153C,0,-2.5365477,0.12849374115467072,0.9990167021751404,0.6902734637260437
YNR028W,YDL033C,0,-2.537551,0.12847748398780823,0.9990167021751404,0.6903736591339111
YGL045W,YDR315C,0,-2.537686,0.12846124172210693,0.9990167021751404,0.6904737949371338
YPR156C,YMR004W,0,-2.5380278,0.12844499945640564,0.9990167021751404,0.6905739903450012
YBR131W,YNL284C,0,-2.5381835,0.12842877209186554,0.9990167021751404,0.6906741261482239
YLR429W,YPL089C,0,-2.538448,0.12841254472732544,0.9990167021751404,0.6907743215560913
YNL092W,YGL240W,0,-2.538802,0.12839630246162415,0.9990167021751404,0.690874457359314
YLL003W,YJL073W,0,-2.5392337,0.12838008999824524,0.9990167021751404,0.6909746527671814
YFR034C,YMR281W,0,-2.53959,0.12836386263370514,0.9990167021751404,0.6910748481750488
YKL022C,YDR444W,0,-2.539605,0.12834765017032623,0.9990167021751404,0.6911749839782715
YPR171W,YLR197W,0,-2.5396457,0.12833143770694733,0.9990167021751404,0.6912751793861389
YLR050C,YPL007C,0,-2.5401971,0.12831522524356842,0.9990167021751404,0.6913753151893616
YBR192W,YDL101C,0,-2.541293,0.1282990276813507,0.9990167021751404,0.691475510597229
YDR081C,YDL128W,0,-2.5415878,0.128282830119133,0.9990167021751404,0.6915757060050964
YLR285W,YDL145C,0,-2.5417054,0.12826663255691528,0.9990167021751404,0.6916758418083191
YCR012W,YOR045W,0,-2.5435746,0.12825043499469757,0.9990167021751404,0.6917760372161865
YJR036C,YGR199W,0,-2.5445402,0.12823425233364105,0.9990167021751404,0.6918761730194092
YKL082C,YGL119W,0,-2.545945,0.12821806967258453,0.9990167021751404,0.6919763684272766
YEL018W,YOR117W,0,-2.5462663,0.12820188701152802,0.9990167021751404,0.6920765042304993
YGL070C,YMR319C,0,-2.5464804,0.1281857192516327,0.9990167021751404,0.6921766996383667
YML048W,YOR172W,0,-2.5469997,0.12816955149173737,0.9990167021751404,0.6922768950462341
YBL041W,YBR291C,0,-2.547569,0.12815338373184204,0.9990167021751404,0.6923770308494568
YER095W,YJL057C,0,-2.5480628,0.12813721597194672,0.9990167021751404,0.6924772262573242
YOL090W,YGR075C,0,-2.5486789,0.12812106311321259,0.9990167021751404,0.6925773620605469
YML006C,YAL062W,0,-2.548725,0.12810491025447845,0.9990167021751404,0.6926775574684143
YAL015C,YGR145W,0,-2.5498428,0.12808875739574432,0.9990167021751404,0.692777693271637
YBR058C,YDR200C,0,-2.550379,0.1280726045370102,0.9990167021751404,0.6928778886795044
YJL219W,YER179W,0,-2.5504434,0.12805646657943726,0.9990167021751404,0.6929780840873718
YLR106C,YKR072C,0,-2.5504766,0.12804032862186432,0.9990167021751404,0.6930782198905945
YFL025C,YHR004C,0,-2.5507214,0.12802419066429138,0.9990167021751404,0.6931784152984619
YOR162C,YIL143C,0,-2.5507402,0.12800806760787964,0.9990167021751404,0.6932785511016846
YEL005C,YER111C,0,-2.5509553,0.1279919445514679,0.9990167021751404,0.693378746509552
YLR196W,YHR132C,0,-2.5515316,0.12797582149505615,0.9990167021751404,0.6934789419174194
YMR022W,YMR227C,0,-2.5519016,0.1279596984386444,0.9990167021751404,0.6935790777206421
YGR088W,YPR200C,0,-2.5525458,0.12794359028339386,0.9990167021751404,0.6936792731285095
YAL011W,YLR385C,0,-2.5531702,0.12792746722698212,0.9990167021751404,0.6937794089317322
YLR058C,YOR246C,0,-2.5532997,0.12791137397289276,0.9990167021751404,0.6938796043395996
YDR423C,YLR157C,0,-2.553942,0.1278952658176422,0.9990167021751404,0.6939797401428223
YOL055C,YDR079W,0,-2.554663,0.12787917256355286,0.9990167021751404,0.6940799355506897
YGL212W,YML036W,0,-2.5552437,0.1278630793094635,0.9990167021751404,0.6941801309585571
YPL095C,YIL098C,0,-2.55537,0.12784698605537415,0.9990167021751404,0.6942802667617798
YDR127W,YLR264W,0,-2.5555894,0.12783090770244598,0.9990167021751404,0.6943804621696472
YER174C,YJL194W,0,-2.5558512,0.12781481444835663,0.9990167021751404,0.6944805979728699
YLR343W,YMR262W,0,-2.5563436,0.12779873609542847,0.9990167021751404,0.6945807933807373
YOL019W,YHL024W,0,-2.5567372,0.1277826726436615,0.9990167021751404,0.69468092918396
YIL140W,YPL194W,0,-2.5567682,0.12776659429073334,0.9990167021751404,0.6947811245918274
YGL167C,YJR150C,0,-2.5569677,0.12775053083896637,0.9990167021751404,0.6948813199996948
YDR226W,YMR150C,0,-2.558859,0.1277344673871994,0.9990167021751404,0.6949814558029175
YGL158W,YOR063W,0,-2.5589175,0.12771841883659363,0.9990167021751404,0.6950816512107849
YIL008W,YIL037C,0,-2.5590127,0.12770237028598785,0.9990167021751404,0.6951817870140076
YBR299W,YOL101C,0,-2.5592043,0.1276863068342209,0.9990167021751404,0.695281982421875
YHR206W,YLR381W,0,-2.5596066,0.1276702731847763,0.9990167021751404,0.6953821778297424
YKL210W,YDR328C,0,-2.5598123,0.12765422463417053,0.9990167021751404,0.6954823136329651
YBR145W,YCR105W,0,-2.5607197,0.12763819098472595,0.9990167021751404,0.6955825090408325
YJL221C,YDL123W,0,-2.5608697,0.12762215733528137,0.9990167021751404,0.6956826448440552
YLR055C,YGL238W,0,-2.560871,0.1276061236858368,0.9990167021751404,0.6957828402519226
YIL124W,YGR188C,0,-2.5608833,0.1275901049375534,0.9990167021751404,0.6958829760551453
YAL015C,YBL055C,0,-2.5612273,0.12757408618927002,0.9990167021751404,0.6959831714630127
YKL114C,YNR016C,0,-2.5619948,0.12755806744098663,0.9990167021751404,0.6960833668708801
YPL019C,YBR120C,0,-2.5621426,0.12754204869270325,0.9990167021751404,0.6961835026741028
YLR164W,YOL152W,0,-2.5625646,0.12752604484558105,0.9990167021751404,0.6962836980819702
YFR016C,YMR090W,0,-2.5627055,0.12751004099845886,0.9990167021751404,0.6963838338851929
YNL331C,YKL205W,0,-2.5630217,0.12749403715133667,0.9990167021751404,0.6964840292930603
YJL186W,YLR404W,0,-2.563037,0.12747804820537567,0.9990167021751404,0.696584165096283
YGR095C,YER190W,0,-2.5631025,0.12746204435825348,0.9990167021751404,0.6966843605041504
YHL050C,YHR079C,0,-2.5637074,0.12744605541229248,0.9990167021751404,0.6967845559120178
YMR050C,YIL101C,0,-2.564143,0.12743008136749268,0.9990167021751404,0.6968846917152405
YFL029C,YNL271C,0,-2.5642204,0.12741409242153168,0.9990167021751404,0.6969848871231079
YLR176C,YNL012W,0,-2.5646312,0.12739811837673187,0.9990167021751404,0.6970850229263306
YPL082C,YDL154W,0,-2.5649016,0.12738214433193207,0.9990167021751404,0.697185218334198
YOR091W,YJL106W,0,-2.565331,0.12736618518829346,0.9990167021751404,0.6972854137420654
YGL244W,YPR110C,0,-2.566092,0.12735021114349365,0.9990167021751404,0.6973855495452881
YDL101C,YDR045C,0,-2.5662243,0.12733425199985504,0.9990167021751404,0.6974857449531555
YKL022C,YBL047C,0,-2.566336,0.12731829285621643,0.9990167021751404,0.6975858807563782
YDR262W,YNL012W,0,-2.566366,0.127302348613739,0.9990167021751404,0.6976860761642456
YJL056C,YML060W,0,-2.5666106,0.1272863894701004,0.9990167021751404,0.6977862119674683
YMR285C,YAL007C,0,-2.5667026,0.12727044522762299,0.9990167021751404,0.6978864073753357
YJR098C,YOL100W,0,-2.567364,0.12725451588630676,0.9990167021751404,0.6979866027832031
YPR133C,YIL013C,0,-2.5675838,0.12723857164382935,0.9990167021751404,0.6980867385864258
YNL156C,YMR220W,0,-2.568621,0.12722264230251312,0.9990167021751404,0.6981869339942932
YML101C,YLL057C,0,-2.5693886,0.1272067129611969,0.9990167021751404,0.6982870697975159
YBL078C,YKR090W,0,-2.5705009,0.12719078361988068,0.9990167021751404,0.6983872652053833
YIL170W,YDR495C,0,-2.5706494,0.12717486917972565,0.9990167021751404,0.698487401008606
YOR129C,YPR110C,0,-2.5708163,0.12715895473957062,0.9990167021751404,0.6985875964164734
YDR074W,YGR035C,0,-2.5708888,0.1271430402994156,0.9990167021751404,0.6986877918243408
YKR028W,YJL081C,0,-2.5709743,0.12712712585926056,0.9990167021751404,0.6987879276275635
YDR437W,YLR448W,0,-2.5711768,0.12711122632026672,0.9990167021751404,0.6988881230354309
YGR281W,YBR094W,0,-2.5723975,0.1270953267812729,0.9990167021751404,0.6989882588386536
YLR203C,YPR017C,0,-2.572574,0.12707942724227905,0.9990167021751404,0.699088454246521
YCR086W,YGR138C,0,-2.5727522,0.12706352770328522,0.9990167021751404,0.6991886496543884
YLR223C,YBR045C,0,-2.5732598,0.12704764306545258,0.9990167021751404,0.6992887854576111
YDL060W,YGL227W,0,-2.573405,0.12703175842761993,0.9990167021751404,0.6993889808654785
YKR071C,YGL049C,0,-2.5734122,0.1270158737897873,0.9990167021751404,0.6994891166687012
YBL051C,YGL172W,0,-2.5735815,0.12700000405311584,0.9990167021751404,0.6995893120765686
YDL015C,YGL163C,0,-2.5737252,0.1269841343164444,0.9990167021751404,0.6996894478797913
YKR085C,YKL119C,0,-2.573918,0.12696826457977295,0.9990167021751404,0.6997896432876587
YDR479C,YBR022W,0,-2.5741494,0.1269523948431015,0.9990167021751404,0.6998898386955261
YPR024W,YKL145W,0,-2.5742104,0.12693652510643005,0.9990167021751404,0.6999899744987488
YOR346W,YMR307W,0,-2.5742831,0.1269206702709198,0.9990167021751404,0.7000901699066162
YLR450W,YBR022W,0,-2.5744526,0.12690481543540955,0.9990167021751404,0.7001903057098389
YKL090W,YML011C,0,-2.5751913,0.12688897550106049,0.9990167021751404,0.7002905011177063
YJL216C,YGR189C,0,-2.5754545,0.12687312066555023,0.9990167021751404,0.700390636920929
YJR033C,YKL033W,0,-2.576147,0.12685728073120117,0.9990167021751404,0.7004908323287964
YDR098C,YDR473C,0,-2.5764391,0.1268414407968521,0.9990167021751404,0.7005910277366638
YNL172W,YIL087C,0,-2.5765536,0.12682561576366425,0.9990167021751404,0.7006911635398865
YBL080C,YOR109W,0,-2.5768301,0.12680979073047638,0.9990167021751404,0.7007913589477539
YHR156C,YOR054C,0,-2.5774088,0.1267939656972885,0.9990167021751404,0.7008914947509766
YML005W,YOR070C,0,-2.57748,0.12677814066410065,0.9990167021751404,0.700991690158844
YMR172W,YCL027W,0,-2.5780787,0.12676231563091278,0.9990167021751404,0.7010918855667114
YIL061C,YJL054W,0,-2.578131,0.1267465054988861,0.9990167021751404,0.7011920213699341
YGR245C,YNL271C,0,-2.5783532,0.12673069536685944,0.9990167021751404,0.7012922167778015
YIL160C,YKL166C,0,-2.5783584,0.12671488523483276,0.9990167021751404,0.7013923525810242
YLR170C,YLR028C,0,-2.5789013,0.12669909000396729,0.9990167021751404,0.7014925479888916
YDL098C,YJL004C,0,-2.5791523,0.1266832947731018,0.9990167021751404,0.7015926837921143
YMR179W,YGL216W,0,-2.5795996,0.12666749954223633,0.9990167021751404,0.7016928791999817
YEL027W,YNL189W,0,-2.5798285,0.12665170431137085,0.9990167021751404,0.7017930746078491
YOR278W,YLR141W,0,-2.5799916,0.12663592398166656,0.9990167021751404,0.7018932104110718
YIL120W,YKR020W,0,-2.58044,0.12662014365196228,0.9990167021751404,0.7019934058189392
YOR066W,YEL031W,0,-2.5807507,0.126604363322258,0.9990167021751404,0.7020935416221619
YJL059W,YOR027W,0,-2.580814,0.1265885829925537,0.9990167021751404,0.7021937370300293
YNL045W,YJR112W,0,-2.5810938,0.12657281756401062,0.9990167021751404,0.702293872833252
YOR018W,YDL008W,0,-2.5813296,0.12655705213546753,0.9990167021751404,0.7023940682411194
YBR131W,YGL236C,0,-2.5813754,0.12654128670692444,0.9990167021751404,0.7024942636489868
YDR030C,YDR512C,0,-2.5821362,0.12652553617954254,0.9990167021751404,0.7025943994522095
YNL267W,YJR139C,0,-2.5829256,0.12650977075099945,0.9990167021751404,0.7026945948600769
YMR306W,YPL011C,0,-2.5830715,0.12649402022361755,0.9990167021751404,0.7027947306632996
YNR030W,YDR034C-C,0,-2.583689,0.12647826969623566,0.9990167021751404,0.702894926071167
YIR006C,YGR292W,0,-2.5839102,0.12646253407001495,0.9990167021751404,0.7029950618743896
YGL136C,YIR006C,0,-2.584004,0.12644679844379425,0.9990167021751404,0.7030952572822571
YLR301W,YHL032C,0,-2.5841236,0.12643106281757355,0.9990167021751404,0.7031954526901245
YFR045W,YDL197C,0,-2.5846012,0.12641532719135284,0.9990167021751404,0.7032955884933472
YMR109W,YKL194C,0,-2.58477,0.12639960646629333,0.9990167021751404,0.7033957839012146
YBR202W,YNR016C,0,-2.5849175,0.12638388574123383,0.9990167021751404,0.7034959197044373
YDR065W,YPL082C,0,-2.5864098,0.12636816501617432,0.9990167021751404,0.7035961151123047
YIL074C,YKL134C,0,-2.5864384,0.1263524442911148,0.9990167021751404,0.7036963105201721
YPL043W,YPL103C,0,-2.5884752,0.1263367384672165,0.9990167021751404,0.7037964463233948
YLR367W,YOL054W,0,-2.5894907,0.12632101774215698,0.9990167021751404,0.7038966417312622
YPR006C,YDR466W,0,-2.5899315,0.12630532681941986,0.9990167021751404,0.7039967775344849
YCL014W,YPR019W,0,-2.589976,0.12628962099552155,0.9990167021751404,0.7040969729423523
YDR195W,YML057W,0,-2.5900784,0.12627393007278442,0.9990167021751404,0.704197108745575
YMR112C,YIL056W,0,-2.590223,0.1262582391500473,0.9990167021751404,0.7042973041534424
YDR224C,YIL136W,0,-2.5917597,0.12624254822731018,0.9990167021751404,0.7043974995613098
YPR134W,YPL093W,0,-2.5925915,0.12622685730457306,0.9990167021751404,0.7044976353645325
YMR075W,YPL176C,0,-2.5934107,0.12621118128299713,0.9990167021751404,0.7045978307723999
YER088C,YKL117W,0,-2.5934875,0.1261955052614212,0.9990167021751404,0.7046979665756226
YIL177C,YDR473C,0,-2.5940099,0.12617982923984528,0.9990167021751404,0.70479816198349
YKL201C,YDR091C,0,-2.5942805,0.12616416811943054,0.9990167021751404,0.7048982977867126
YHR017W,YIL013C,0,-2.5943983,0.12614849209785461,0.9990167021751404,0.7049984931945801
YDR036C,YPR086W,0,-2.5951319,0.12613283097743988,0.9990167021751404,0.7050986886024475
YDR372C,YDR486C,0,-2.5953572,0.12611718475818634,0.9990167021751404,0.7051988244056702
YNR057C,YNL183C,0,-2.5955532,0.1261015236377716,0.9990167021751404,0.7052990198135376
YCR075C,YDL012C,0,-2.5958195,0.12608587741851807,0.9990167021751404,0.7053991556167603
YFR016C,YGR222W,0,-2.5959141,0.12607023119926453,0.9990167021751404,0.7054993510246277
YJR138W,YKL067W,0,-2.596924,0.126054584980011,0.9990167021751404,0.7055995464324951
YGL094C,YGR276C,0,-2.5981252,0.12603895366191864,0.9990167021751404,0.7056996822357178
YPR096C,YPL112C,0,-2.5982687,0.1260233223438263,0.9990167021751404,0.7057998776435852
YGR204W,YDR323C,0,-2.5983913,0.12600769102573395,0.9990167021751404,0.7059000134468079
YGL028C,YOR159C,0,-2.5992076,0.1259920597076416,0.9990167021751404,0.7060002088546753
YPL116W,YDL247W,0,-2.5995884,0.12597644329071045,0.9990167021751404,0.706100344657898
YOR148C,YDR060W,0,-2.5997798,0.1259608268737793,0.9990167021751404,0.7062005400657654
YOR326W,YMR177W,0,-2.5998058,0.12594521045684814,0.9990167021751404,0.7063007354736328
YKL034W,YMR145C,0,-2.6002438,0.125929594039917,0.9990167021751404,0.7064008712768555
YMR246W,YMR080C,0,-2.6005943,0.12591399252414703,0.9990167021751404,0.7065010666847229
YMR061W,YJL004C,0,-2.6010013,0.12589839100837708,0.9990167021751404,0.7066012024879456
YER051W,YIL072W,0,-2.601107,0.12588278949260712,0.9990167021751404,0.706701397895813
YOR272W,YGL178W,0,-2.6021783,0.12586718797683716,0.9990167021751404,0.7068015336990356
YLR115W,YIL083C,0,-2.6021917,0.1258516013622284,0.9990167021751404,0.7069017291069031
YBL089W,YKR036C,0,-2.6022875,0.12583601474761963,0.9990167021751404,0.7070019245147705
YLR263W,YGR086C,0,-2.6031106,0.12582042813301086,0.9990167021751404,0.7071020603179932
YPL130W,YIL005W,0,-2.6034005,0.1258048564195633,0.9990167021751404,0.7072022557258606
YHR136C,YKR007W,0,-2.6040878,0.12578928470611572,0.9990167021751404,0.7073023915290833
YIL014W,YNL210W,0,-2.6048129,0.12577371299266815,0.9990167021751404,0.7074025869369507
YJR149W,YOL151W,0,-2.6052566,0.12575814127922058,0.9990167021751404,0.7075027823448181
YGL251C,YOR090C,0,-2.6059837,0.125742569565773,0.9990167021751404,0.7076029181480408
YDL247W,YLR167W,0,-2.6063917,0.12572701275348663,0.9990167021751404,0.7077031135559082
YOR074C,YMR016C,0,-2.6067815,0.12571145594120026,0.9990167021751404,0.7078032493591309
YNR018W,YJL073W,0,-2.607132,0.12569589912891388,0.9990167021751404,0.7079034447669983
YOL003C,YHR033W,0,-2.6074219,0.1256803572177887,0.9990167021751404,0.708003580570221
YNL298W,YML032C,0,-2.6077747,0.1256648153066635,0.9990167021751404,0.7081037759780884
YDR039C,YJL128C,0,-2.608566,0.12564927339553833,0.9990167021751404,0.7082039713859558
YDL030W,YMR195W,0,-2.608608,0.12563373148441315,0.9990167021751404,0.7083041071891785
YGL194C,YLR044C,0,-2.6087096,0.12561820447444916,0.9990167021751404,0.7084043025970459
YHR014W,YDR046C,0,-2.6092546,0.12560267746448517,0.9990167021751404,0.7085044384002686
YAL031C,YDR117C,0,-2.6096551,0.12558715045452118,0.9990167021751404,0.708604633808136
YGL237C,YIR025W,0,-2.6098099,0.1255716234445572,0.9990167021751404,0.7087047696113586
YDR361C,YOL054W,0,-2.610336,0.1255561113357544,0.9990167021751404,0.7088049650192261
YLL045C,YIL109C,0,-2.6107197,0.1255405843257904,0.9990167021751404,0.7089051604270935
YML031W,YOR239W,0,-2.61092,0.1255250871181488,0.9990167021751404,0.7090052962303162
YDR320C,YOR123C,0,-2.6113155,0.125509575009346,0.9990167021751404,0.7091054916381836
YPL252C,YLR015W,0,-2.6114647,0.1254940778017044,0.9990167021751404,0.7092056274414062
YCL004W,YFR036W,0,-2.611554,0.1254785656929016,0.9990167021751404,0.7093058228492737
YGL062W,YGR283C,0,-2.6116905,0.1254630833864212,0.9990167021751404,0.7094060182571411
YML004C,YJL057C,0,-2.6126373,0.1254475861787796,0.9990167021751404,0.7095061540603638
YIR015W,YDR372C,0,-2.6134465,0.1254321038722992,0.9990167021751404,0.7096063494682312
YER143W,YCR010C,0,-2.613772,0.1254166215658188,0.9990167021751404,0.7097064852714539
YBL037W,YNL268W,0,-2.6142123,0.12540113925933838,0.9990167021751404,0.7098066806793213
YLR292C,YLR263W,0,-2.6148436,0.12538565695285797,0.9990167021751404,0.709906816482544
YGL039W,YOL095C,0,-2.6173103,0.12537018954753876,0.9990167021751404,0.7100070118904114
YDR306C,YOR239W,0,-2.6177704,0.12535472214221954,0.9990167021751404,0.7101072072982788
YGL212W,YJL089W,0,-2.6198077,0.12533925473690033,0.9990167021751404,0.7102073431015015
YDR411C,YPR141C,0,-2.6198418,0.12532378733158112,0.9990167021751404,0.7103075385093689
YEL037C,YDR323C,0,-2.6205015,0.1253083348274231,0.9990167021751404,0.7104076743125916
YOL107W,YCR018C,0,-2.6205473,0.12529288232326508,0.9990167021751404,0.710507869720459
YBR160W,YHR011W,0,-2.6205678,0.12527742981910706,0.9990167021751404,0.7106080055236816
YDR285W,YLR147C,0,-2.6206014,0.12526199221611023,0.9990167021751404,0.7107082009315491
YKL064W,YER012W,0,-2.6214879,0.1252465546131134,0.9990167021751404,0.7108083963394165
YDR520C,YMR037C,0,-2.6216755,0.12523111701011658,0.9990167021751404,0.7109085321426392
YHR036W,YOR216C,0,-2.6217024,0.12521567940711975,0.9990167021751404,0.7110087275505066
YGL144C,YJL003W,0,-2.6238682,0.12520024180412292,0.9990167021751404,0.7111088633537292
YER007W,YGL212W,0,-2.6239064,0.1251848191022873,0.9990167021751404,0.7112090587615967
YBR273C,YCL064C,0,-2.624098,0.12516939640045166,0.9990167021751404,0.7113092541694641
YLL066C,YDR204W,0,-2.624201,0.12515397369861603,0.9990167021751404,0.7114093899726868
YPL177C,YLR270W,0,-2.6242585,0.1251385658979416,0.9990167021751404,0.7115095853805542
YDR025W,YKL173W,0,-2.6257174,0.12512315809726715,0.9990167021751404,0.7116097211837769
YOL011W,YBR286W,0,-2.6264641,0.1251077502965927,0.9990167021751404,0.7117099165916443
YKR028W,YNL145W,0,-2.6269314,0.12509234249591827,0.9990167021751404,0.7118100523948669
YER088C,YNL172W,0,-2.6281393,0.12507693469524384,0.9990167021751404,0.7119102478027344
YCR038C,YIL069C,0,-2.6282141,0.1250615417957306,0.9990167021751404,0.7120104432106018
YLR442C,YPR114W,0,-2.629729,0.12504614889621735,0.9990167021751404,0.7121105790138245
YEL038W,YGL246C,0,-2.62986,0.1250307708978653,0.9990167021751404,0.7122107744216919
YOR351C,YBL021C,0,-2.6300623,0.12501537799835205,0.9990167021751404,0.7123109102249146
YDR412W,YPL176C,0,-2.6309164,0.125,0.9990167021751404,0.712411105632782
YKL179C,YER190W,0,-2.6310127,0.12498462200164795,0.9990167021751404,0.7125112414360046
YKL081W,YIL074C,0,-2.631793,0.1249692514538765,0.9990167021751404,0.7126114368438721
YOL070C,YMR049C,0,-2.6330154,0.12495388090610504,0.9990167021751404,0.7127116322517395
YNL283C,YJL149W,0,-2.6331272,0.12493851780891418,0.9990167021751404,0.7128117680549622
YPR054W,YKL088W,0,-2.6331697,0.12492315471172333,0.9990167021751404,0.7129119634628296
YFL036W,YGL026C,0,-2.6331847,0.12490779161453247,0.9990167021751404,0.7130120992660522
YOR243C,YNR074C,0,-2.6336977,0.12489244341850281,0.9990167021751404,0.7131122946739197
YJR015W,YGL233W,0,-2.634191,0.12487708777189255,0.9990167021751404,0.7132124900817871
YPL133C,YBL005W,0,-2.6344397,0.12486173957586288,0.9990167021751404,0.7133126258850098
YJR010C-A,YML132W,0,-2.6349614,0.12484639883041382,0.9990167021751404,0.7134128212928772
YHR014W,YFR025C,0,-2.6350296,0.12483105808496475,0.9990167021751404,0.7135129570960999
YLR247C,YIL090W,0,-2.635657,0.12481572479009628,0.9990167021751404,0.7136131525039673
YJL006C,YDL127W,0,-2.6358275,0.12480039149522781,0.9990167021751404,0.7137132883071899
YGR143W,YLR196W,0,-2.6360226,0.12478506565093994,0.9990167021751404,0.7138134837150574
YBR101C,YGL006W,0,-2.6364372,0.12476973980665207,0.9990167021751404,0.7139136791229248
YEL059C-A,YKR019C,0,-2.636528,0.1247544214129448,0.9990167021751404,0.7140138149261475
YMR063W,YOR212W,0,-2.6369607,0.12473910301923752,0.9990167021751404,0.7141140103340149
YNR031C,YIL087C,0,-2.637153,0.12472379207611084,0.9990167021751404,0.7142141461372375
YCR086W,YLR359W,0,-2.6375115,0.12470848113298416,0.9990167021751404,0.714314341545105
YKR061W,YKL144C,0,-2.6379054,0.12469317764043808,0.9990167021751404,0.7144144773483276
YHR096C,YLL066C,0,-2.638298,0.124677874147892,0.9990167021751404,0.7145146727561951
YFR040W,YOR338W,0,-2.638424,0.12466257810592651,0.9990167021751404,0.7146148681640625
YMR056C,YDR397C,0,-2.6385658,0.12464728206396103,0.9990167021751404,0.7147150039672852
YFL026W,YPL019C,0,-2.638614,0.12463199347257614,0.9990167021751404,0.7148151993751526
YFR033C,YDL017W,0,-2.638919,0.12461670488119125,0.9990167021751404,0.7149153351783752
YMR240C,YGL185C,0,-2.6389859,0.12460142374038696,0.9990167021751404,0.7150155305862427
YGL243W,YDL077C,0,-2.6393034,0.12458614259958267,0.9990167021751404,0.7151157259941101
YNR043W,YER109C,0,-2.6402664,0.12457086890935898,0.9990167021751404,0.7152158617973328
YDR332W,YGL026C,0,-2.6404836,0.12455559521913528,0.9990167021751404,0.7153160572052002
YDR407C,YDR412W,0,-2.6413414,0.12454032897949219,0.9990167021751404,0.7154161930084229
YOR179C,YDL105W,0,-2.6413696,0.12452506273984909,0.9990167021751404,0.7155163884162903
YPL076W,YBR030W,0,-2.641887,0.12450980395078659,0.9990167021751404,0.7156165242195129
YDL134C,YCR018C,0,-2.641908,0.12449454516172409,0.9990167021751404,0.7157167196273804
YOR162C,YCL039W,0,-2.6423516,0.12447929382324219,0.9990167021751404,0.7158169150352478
YPL065W,YLR409C,0,-2.6427934,0.12446404248476028,0.9990167021751404,0.7159170508384705
YDL077C,YKL094W,0,-2.642883,0.12444879859685898,0.9990167021751404,0.7160172462463379
YLR204W,YLR396C,0,-2.6430037,0.12443355470895767,0.9990167021751404,0.7161173820495605
YPR048W,YLR113W,0,-2.6431196,0.12441831827163696,0.9990167021751404,0.716217577457428
YJR098C,YGL162W,0,-2.6434548,0.12440308928489685,0.9990167021751404,0.7163177132606506
YFL005W,YHL028W,0,-2.64411,0.12438785284757614,0.9990167021751404,0.7164179086685181
YOL147C,YHR179W,0,-2.6448748,0.12437263131141663,0.9990167021751404,0.7165181040763855
YHR210C,YML120C,0,-2.646368,0.12435740232467651,0.9990167021751404,0.7166182398796082
YML100W,YJL173C,0,-2.6472573,0.1243421882390976,0.9990167021751404,0.7167184352874756
YIR032C,YIR006C,0,-2.6479042,0.12432696670293808,0.9990167021751404,0.7168185710906982
YNL173C,YDR054C,0,-2.6495955,0.12431176006793976,0.9990167021751404,0.7169187664985657
YIL138C,YGR155W,0,-2.650365,0.12429655343294144,0.9990167021751404,0.7170189619064331
YDL160C,YBL103C,0,-2.6506941,0.12428134679794312,0.9990167021751404,0.7171190977096558
YDL223C,YIL173W,0,-2.6510835,0.12426614761352539,0.9990167021751404,0.7172192931175232
YIL008W,YNL049C,0,-2.6516936,0.12425094842910767,0.9990167021751404,0.7173194289207458
YPR005C,YNL066W,0,-2.6517842,0.12423575669527054,0.9990167021751404,0.7174196243286133
YDR377W,YHR082C,0,-2.6519673,0.12422056496143341,0.9990167021751404,0.7175197601318359
YKR060W,YDR405W,1,-2.6520865,0.1243276298046112,1.0,0.7175197601318359
YBL030C,YGL014W,0,-2.6526403,0.12431243062019348,1.0,0.7176199555397034
YCL016C,YKR079C,0,-2.6529844,0.12429723888635635,1.0,0.7177201509475708
YIL008W,YMR017W,0,-2.6531975,0.12428204715251923,1.0,0.7178202867507935
YOR304C-A,YKL009W,0,-2.6532533,0.1242668628692627,1.0,0.7179204821586609
YBR086C,YDL190C,0,-2.6538615,0.12425167858600616,1.0,0.7180206179618835
YJL005W,YLR139C,0,-2.6540897,0.12423650175333023,1.0,0.718120813369751
YNL127W,YJR054W,0,-2.6548536,0.1242213249206543,1.0,0.7182209491729736
YJL112W,YCL016C,0,-2.655029,0.12420615553855896,1.0,0.7183211445808411
YNL052W,YMR056C,0,-2.6552103,0.12419098615646362,1.0,0.7184213399887085
YDL045C,YDR412W,0,-2.6552224,0.12417582422494888,1.0,0.7185214757919312
YDR351W,YHL017W,0,-2.6556249,0.12416066229343414,1.0,0.7186216711997986
YDR270W,YPL135W,0,-2.6565723,0.1241455078125,1.0,0.7187218070030212
YNL240C,YBR283C,0,-2.6566575,0.12413035333156586,1.0,0.7188220024108887
YNL031C,YNL159C,0,-2.6570966,0.12411520630121231,1.0,0.7189221382141113
YOR294W,YNL330C,0,-2.6571157,0.12410005927085876,1.0,0.7190223336219788
YOR355W,YOL018C,0,-2.6573527,0.12408491969108582,1.0,0.7191225290298462
YKL197C,YMR243C,0,-2.6581578,0.12406978011131287,1.0,0.7192226648330688
YBR208C,YJL192C,0,-2.658177,0.12405464798212051,1.0,0.7193228602409363
YFR045W,YBR295W,0,-2.658351,0.12403951585292816,1.0,0.7194229960441589
YLR386W,YFR031C,0,-2.658519,0.1240243911743164,1.0,0.7195231914520264
YIL159W,YLR381W,0,-2.6587121,0.12400926649570465,1.0,0.7196233868598938
YDR470C,YBR153W,0,-2.6590555,0.12399414926767349,1.0,0.7197235226631165
YDR139C,YBR061C,0,-2.6601775,0.12397903203964233,1.0,0.7198237180709839
YDR497C,YOR180C,0,-2.6611226,0.12396392226219177,1.0,0.7199238538742065
YAL026C,YPR166C,0,-2.6619542,0.12394881248474121,1.0,0.720024049282074
YBR240C,YGR056W,0,-2.662966,0.12393371015787125,1.0,0.7201241850852966
YIL108W,YNL263C,0,-2.663514,0.12391860783100128,1.0,0.7202243804931641
YLR413W,YLR154C,0,-2.6635478,0.12390350550413132,1.0,0.7203245759010315
YKR027W,YHR085W,0,-2.6640184,0.12388841807842255,1.0,0.7204247117042542
YKR078W,YER063W,0,-2.6643856,0.12387332320213318,1.0,0.7205249071121216
YOR089C,YMR056C,0,-2.6645353,0.12385823577642441,1.0,0.7206250429153442
YOR027W,YJR048W,0,-2.6647394,0.12384315580129623,1.0,0.7207252383232117
YOR292C,YEL064C,0,-2.665147,0.12382807582616806,1.0,0.7208253741264343
YIR019C,YHR210C,0,-2.6665847,0.12381300330162048,1.0,0.7209255695343018
YJL181W,YPR096C,0,-2.6668394,0.1237979307770729,1.0,0.7210257649421692
YDL146W,YGL163C,0,-2.6673357,0.12378286570310593,1.0,0.7211259007453918
YGR006W,YNL263C,0,-2.6678002,0.12376780062913895,1.0,0.7212260961532593
YMR275C,YNL251C,0,-2.6687772,0.12375273555517197,1.0,0.7213262319564819
YGL210W,YDL035C,0,-2.6688516,0.12373767793178558,1.0,0.7214264273643494
YOL055C,YNL023C,0,-2.6692522,0.1237226277589798,1.0,0.7215266227722168
YNL020C,YKL132C,0,-2.6692688,0.12370757758617401,1.0,0.7216267585754395
YOR334W,YKL130C,0,-2.669516,0.12369253486394882,1.0,0.7217269539833069
YBL047C,YMR133W,0,-2.669698,0.12367749214172363,1.0,0.7218270897865295
YMR308C,YJL030W,0,-2.6708596,0.12366244941949844,1.0,0.721927285194397
YPR144C,YNL107W,0,-2.6716077,0.12364741414785385,1.0,0.7220274209976196
YGL168W,YDR072C,0,-2.6719215,0.12363238632678986,1.0,0.7221276164054871
YJL033W,YNL026W,0,-2.672469,0.12361735850572586,1.0,0.7222278118133545
YHR058C,YDR515W,0,-2.672477,0.12360233068466187,1.0,0.7223279476165771
YHR153C,YPL281C,0,-2.6726778,0.12358731031417847,1.0,0.7224281430244446
YBR207W,YMR192W,0,-2.673025,0.12357229739427567,1.0,0.7225282788276672
YKR049C,YKL058W,0,-2.6734564,0.12355728447437286,1.0,0.7226284742355347
YCR012W,YEL065W,0,-2.6738355,0.12354227155447006,1.0,0.7227286100387573
YDR196C,YDR270W,0,-2.673887,0.12352726608514786,1.0,0.7228288054466248
YMR015C,YNR055C,0,-2.6743007,0.12351226806640625,1.0,0.7229290008544922
YPR168W,YGR105W,0,-2.6744118,0.12349727004766464,1.0,0.7230291366577148
YCR036W,YER111C,0,-2.6744304,0.12348227202892303,1.0,0.7231293320655823
YMR165C,YER019C-A,0,-2.6746995,0.12346728146076202,1.0,0.7232294678688049
YHR028C,YDR315C,0,-2.6747477,0.12345229089260101,1.0,0.7233296632766724
YKL052C,YDL095W,0,-2.6754663,0.1234373077750206,1.0,0.7234298586845398
YIL056W,YPL038W,0,-2.6761343,0.12342233210802078,1.0,0.7235299944877625
YJL176C,YNL274C,0,-2.676141,0.12340735644102097,1.0,0.7236301898956299
YBL039C,YKL140W,0,-2.6761577,0.12339238077402115,1.0,0.7237303256988525
YDL170W,YKL095W,0,-2.676184,0.12337741255760193,1.0,0.72383052110672
YER168C,YAR031W,0,-2.6769965,0.12336244434118271,1.0,0.7239306569099426
YGR106C,YLR102C,0,-2.6772814,0.12334748357534409,1.0,0.7240308523178101
YOR386W,YNL317W,0,-2.6774724,0.12333252280950546,1.0,0.7241310477256775
YDL210W,YLR364W,0,-2.6777108,0.12331756949424744,1.0,0.7242311835289001
YFR027W,YOR306C,0,-2.6787374,0.12330261617898941,1.0,0.7243313789367676
YMR040W,YPL010W,0,-2.6792338,0.12328767031431198,1.0,0.7244315147399902
YDR351W,YLR019W,0,-2.6796224,0.12327272444963455,1.0,0.7245317101478577
YOR071C,YMR150C,0,-2.681151,0.12325778603553772,1.0,0.7246318459510803
YOL018C,YKR090W,0,-2.6816876,0.12324284762144089,1.0,0.7247320413589478
YMR246W,YMR297W,0,-2.6828737,0.12322791665792465,1.0,0.7248322367668152
YMR261C,YPL224C,0,-2.682918,0.12321298569440842,1.0,0.7249323725700378
YOR249C,YKL099C,0,-2.6830697,0.12319806218147278,1.0,0.7250325679779053
YOR119C,YGR024C,0,-2.6846445,0.12318313866853714,1.0,0.7251327037811279
YKL156W,YNL328C,0,-2.6847706,0.1231682226061821,1.0,0.7252328991889954
YHR021C,YHR073W,0,-2.6849227,0.12315330654382706,1.0,0.7253330945968628
YMR013C,YOR066W,0,-2.6849427,0.12313839793205261,1.0,0.7254332304000854
YOR049C,YBR095C,0,-2.6858485,0.12312348932027817,1.0,0.7255334258079529
YPL189W,YJL130C,0,-2.6867275,0.12310858070850372,1.0,0.7256335616111755
YML107C,YDL171C,0,-2.686859,0.12309367954730988,1.0,0.725733757019043
YIL087C,YBR170C,0,-2.6870549,0.12307878583669662,1.0,0.7258338928222656
YPR138C,YOL028C,0,-2.6875296,0.12306389212608337,1.0,0.7259340882301331
YJR097W,YNL238W,0,-2.6878467,0.12304899841547012,1.0,0.7260342836380005
YJR134C,YMR198W,0,-2.688603,0.12303411215543747,1.0,0.7261344194412231
YNL294C,YIL138C,0,-2.6897554,0.12301923334598541,1.0,0.7262346148490906
YKR077W,YDR218C,0,-2.6907685,0.12300435453653336,1.0,0.7263347506523132
YLL024C,YGL227W,0,-2.690783,0.1229894757270813,1.0,0.7264349460601807
YER104W,YIL038C,0,-2.691004,0.12297460436820984,1.0,0.7265350818634033
YNR017W,YPR049C,0,-2.6912704,0.12295974045991898,1.0,0.7266352772712708
YDR479C,YGL236C,0,-2.691275,0.12294487655162811,1.0,0.7267354726791382
YPL075W,YGL106W,0,-2.6916747,0.12293001264333725,1.0,0.7268356084823608
YHR153C,YML005W,0,-2.6917667,0.12291515618562698,1.0,0.7269358038902283
YIL109C,YOR124C,0,-2.6922898,0.12290029972791672,1.0,0.7270359396934509
YDR069C,YOR233W,0,-2.6924634,0.12288545072078705,1.0,0.7271361351013184
YMR296C,YDR117C,0,-2.6935894,0.12287060171365738,1.0,0.7272363305091858
YOR172W,YGR027C,0,-2.6945043,0.1228557601571083,1.0,0.7273364663124084
YMR311C,YHR119W,0,-2.6950114,0.12284092605113983,1.0,0.7274366617202759
YNL293W,YGL259W,0,-2.6952798,0.12282608449459076,1.0,0.7275367975234985
YMR176W,YNL219C,0,-2.6954253,0.12281125783920288,1.0,0.727636992931366
YGL142C,YEL065W,0,-2.695623,0.1227964237332344,1.0,0.7277371287345886
YNL128W,YDR308C,0,-2.6968963,0.12278160452842712,1.0,0.727837324142456
YDL205C,YCR021C,0,-2.6971602,0.12276677787303925,1.0,0.7279375195503235
YGR239C,YOR127W,0,-2.6973293,0.12275195866823196,1.0,0.7280376553535461
YCL059C,YDL247W,0,-2.6974351,0.12273714691400528,1.0,0.7281378507614136
YDR144C,YMR207C,0,-2.6977549,0.1227223351597786,1.0,0.7282379865646362
YDR402C,YER045C,0,-2.6980627,0.12270753085613251,1.0,0.7283381819725037
YLR304C,YBR028C,0,-2.6986067,0.12269272655248642,1.0,0.7284383177757263
YOR177C,YGL128C,0,-2.7001529,0.12267792224884033,1.0,0.7285385131835938
YJR046W,YBR069C,0,-2.7001538,0.12266312539577484,1.0,0.7286387085914612
YOL103W,YBR195C,0,-2.7008536,0.12264833599328995,1.0,0.7287388443946838
YHR024C,YMR168C,0,-2.7011657,0.12263354659080505,1.0,0.7288390398025513
YLR078C,YLL061W,0,-2.7014024,0.12261875718832016,1.0,0.7289391756057739
YFR018C,YHL017W,0,-2.702749,0.12260397523641586,1.0,0.7290393710136414
YGR080W,YLR394W,0,-2.702802,0.12258920073509216,1.0,0.7291395664215088
YIL088C,YGL053W,0,-2.704899,0.12257442623376846,1.0,0.7292397022247314
YEL053C,YML074C,0,-2.7049782,0.12255965173244476,1.0,0.7293398976325989
YLR099C,YLR143W,0,-2.705395,0.12254488468170166,1.0,0.7294400334358215
YKL089W,YLR118C,0,-2.7057483,0.12253011763095856,1.0,0.729540228843689
YJL216C,YLR203C,0,-2.7058394,0.12251535803079605,1.0,0.7296403646469116
YMR220W,YOR315W,0,-2.707509,0.12250060588121414,1.0,0.729740560054779
YDL077C,YIL021W,0,-2.7076545,0.12248584628105164,1.0,0.7298407554626465
YMR303C,YPL226W,0,-2.7079756,0.12247110158205032,1.0,0.7299408912658691
YNL282W,YER140W,0,-2.7080185,0.12245634943246841,1.0,0.7300410866737366
YKR100C,YJL005W,0,-2.708397,0.1224416121840477,1.0,0.7301412224769592
YGL167C,YKL210W,0,-2.7085845,0.12242686748504639,1.0,0.7302414178848267
YDR407C,YBR276C,0,-2.708739,0.12241213023662567,1.0,0.7303415536880493
YNL016W,YGR224W,0,-2.7088096,0.12239740043878555,1.0,0.7304417490959167
YNL314W,YHL031C,0,-2.709413,0.12238267064094543,1.0,0.7305419445037842
YDL231C,YBR094W,0,-2.7098072,0.12236794829368591,1.0,0.7306420803070068
YHR181W,YKL166C,0,-2.7100623,0.12235322594642639,1.0,0.7307422757148743
YCL074W,YER143W,0,-2.710101,0.12233850359916687,1.0,0.7308424115180969
YMR179W,YJR160C,0,-2.7106671,0.12232378870248795,1.0,0.7309426069259644
YDR217C,YNL123W,0,-2.7107296,0.12230908125638962,1.0,0.7310428023338318
YGL094C,YOL066C,0,-2.710899,0.12229437381029129,1.0,0.7311429381370544
YHR117W,YMR061W,0,-2.7111022,0.12227966636419296,1.0,0.7312431335449219
YBR041W,YER112W,0,-2.7116253,0.12226496636867523,1.0,0.7313432693481445
YGR279C,YMR153W,0,-2.7116425,0.1222502738237381,1.0,0.731443464756012
YDR369C,YJR073C,0,-2.7117078,0.12223557382822037,1.0,0.7315436005592346
YOR258W,YNL202W,0,-2.712734,0.12222088873386383,1.0,0.731643795967102
YDL184C,YGL194C,0,-2.7131455,0.1222062036395073,1.0,0.7317439913749695
YMR152W,YOR008C,0,-2.7143753,0.12219151854515076,1.0,0.7318441271781921
YJL035C,YKL155C,0,-2.7149622,0.12217684090137482,1.0,0.7319443225860596
YOR377W,YMR257C,0,-2.714977,0.12216216325759888,1.0,0.7320444583892822
YIL002C,YHR167W,0,-2.715082,0.12214749306440353,1.0,0.7321446537971497
YIL011W,YLR337C,0,-2.7172687,0.12213282287120819,1.0,0.7322447896003723
YLR450W,YAL048C,0,-2.717355,0.12211815267801285,1.0,0.7323449850082397
YOL126C,YCR010C,0,-2.7182233,0.1221034973859787,1.0,0.7324451804161072
YHR056C,YBL021C,0,-2.7187335,0.12208883464336395,1.0,0.7325453162193298
YDR495C,YMR295C,0,-2.719408,0.1220741793513298,1.0,0.7326455116271973
YLR452C,YLR247C,0,-2.7194397,0.12205953150987625,1.0,0.7327456474304199
YML027W,YKR050W,0,-2.7203133,0.1220448836684227,1.0,0.7328458428382874
YDL227C,YNL164C,0,-2.7208664,0.12203023582696915,1.0,0.73294597864151
YMR012W,YER090W,0,-2.721745,0.12201559543609619,1.0,0.7330461740493774
YBR260C,YPL134C,0,-2.721978,0.12200096249580383,1.0,0.7331463694572449
YHR207C,YGR070W,0,-2.7220924,0.12198632955551147,1.0,0.7332465052604675
YDR457W,YML030W,0,-2.7246888,0.12197169661521912,1.0,0.733346700668335
YML039W,YPR046W,0,-2.7247002,0.12195707112550735,1.0,0.7334468364715576
YDR231C,YMR315W,0,-2.725496,0.1219424456357956,1.0,0.733547031879425
YBR212W,YJL156C,0,-2.725907,0.12192782759666443,1.0,0.7336472272872925
YMR186W,YOR081C,0,-2.7259495,0.12191320955753326,1.0,0.7337473630905151
YGL167C,YOL100W,0,-2.7270658,0.1218985989689827,1.0,0.7338475584983826
YEL069C,YLR385C,0,-2.7271354,0.12188398838043213,1.0,0.7339476943016052
YJL072C,YER113C,0,-2.727777,0.12186938524246216,1.0,0.7340478897094727
YMR053C,YNL199C,0,-2.7279027,0.12185478210449219,1.0,0.7341480255126953
YOR236W,YGL162W,0,-2.7286682,0.12184017896652222,1.0,0.7342482209205627
YDR326C,YGR072W,0,-2.7291358,0.12182558327913284,1.0,0.7343484163284302
YGL005C,YMR312W,0,-2.729614,0.12181099504232407,1.0,0.7344485521316528
YJR068W,YMR302C,0,-2.7300742,0.12179640680551529,1.0,0.7345487475395203
YDL166C,YDL185W,0,-2.732316,0.12178182601928711,1.0,0.7346488833427429
YJL181W,YLL033W,0,-2.7323914,0.12176723778247833,1.0,0.7347490787506104
YKR064W,YGR026W,0,-2.732593,0.12175266444683075,1.0,0.734849214553833
YOL029C,YPL075W,0,-2.7329838,0.12173809111118317,1.0,0.7349494099617004
YHR181W,YOL019W,0,-2.73356,0.12172351777553558,1.0,0.7350496053695679
YMR051C,YER082C,0,-2.734267,0.1217089518904686,1.0,0.7351497411727905
YOR043W,YJL078C,0,-2.7351274,0.12169438600540161,1.0,0.735249936580658
YMR040W,YNL221C,0,-2.7358546,0.12167982757091522,1.0,0.7353500723838806
YKL189W,YLR047C,0,-2.736237,0.12166526913642883,1.0,0.735450267791748
YOR262W,YGL027C,0,-2.7370195,0.12165071815252304,1.0,0.7355504631996155
YNL015W,YHR079C,0,-2.7377791,0.12163616716861725,1.0,0.7356505990028381
YNL020C,YPR169W,0,-2.7381063,0.12162162363529205,1.0,0.7357507944107056
YBR085W,YPR186C,0,-2.738292,0.12160708010196686,1.0,0.7358509302139282
YBR001C,YGL003C,0,-2.7385495,0.12159253656864166,1.0,0.7359511256217957
YEL038W,YAR018C,0,-2.7390387,0.12157800048589706,1.0,0.7360512614250183
YBL112C,YLR206W,0,-2.7392428,0.12156347185373306,1.0,0.7361514568328857
YIL093C,YJL165C,0,-2.7393806,0.12154894322156906,1.0,0.7362516522407532
YER049W,YER137C,0,-2.7394605,0.12153441458940506,1.0,0.7363517880439758
YHR204W,YDL054C,0,-2.7396104,0.12151989340782166,1.0,0.7364519834518433
YNL008C,YDR239C,0,-2.7403562,0.12150537967681885,1.0,0.7365521192550659
YDR289C,YKL114C,0,-2.740729,0.12149085849523544,1.0,0.7366523146629333
YPL101W,YNR052C,0,-2.7409966,0.12147635221481323,1.0,0.736752450466156
YOL062C,YNL282W,0,-2.7419355,0.12146183848381042,1.0,0.7368526458740234
YER005W,YDR093W,0,-2.7424068,0.12144733965396881,1.0,0.7369528412818909
YGL205W,YPL013C,0,-2.7424402,0.1214328333735466,1.0,0.7370529770851135
YBR112C,YML115C,0,-2.7426863,0.12141833454370499,1.0,0.737153172492981
YJR109C,YKL180W,0,-2.743171,0.12140384316444397,1.0,0.7372533082962036
YLR429W,YPR047W,0,-2.743494,0.12138935178518295,1.0,0.737353503704071
YJR005W,YDR218C,0,-2.7440286,0.12137486785650253,1.0,0.7374536991119385
YLR380W,YPL160W,0,-2.7443764,0.12136038392782211,1.0,0.7375538349151611
YOR148C,YCR020C,0,-2.7447011,0.1213458999991417,1.0,0.7376540303230286
YMR098C,YMR088C,0,-2.7448962,0.12133142352104187,1.0,0.7377541661262512
YMR240C,YLR321C,0,-2.7451117,0.12131695449352264,1.0,0.7378543615341187
YBR222C,YDR057W,0,-2.7452712,0.12130247801542282,1.0,0.7379544973373413
YDL146W,YOL109W,0,-2.7455742,0.12128801643848419,1.0,0.7380546927452087
YGL136C,YOL141W,0,-2.7458422,0.12127355486154556,1.0,0.7381548881530762
YBR175W,YLR221C,0,-2.7460067,0.12125909328460693,1.0,0.7382550239562988
YCR028C,YKL166C,0,-2.7461333,0.1212446317076683,1.0,0.7383552193641663
YLR234W,YOR310C,0,-2.746517,0.12123018503189087,1.0,0.7384553551673889
YMR311C,YJL214W,0,-2.7468488,0.12121573090553284,1.0,0.7385555505752563
YDL195W,YDR045C,0,-2.7473083,0.1212012842297554,1.0,0.738655686378479
YJL034W,YLR330W,0,-2.7474086,0.12118684500455856,1.0,0.7387558817863464
YJL071W,YIL069C,0,-2.7478082,0.12117240577936172,1.0,0.7388560771942139
YGR058W,YDR359C,0,-2.748233,0.12115796655416489,1.0,0.7389562129974365
YER036C,YGR113W,0,-2.7484367,0.12114353477954865,1.0,0.739056408405304
YDR188W,YLR045C,0,-2.7486475,0.121129110455513,1.0,0.7391565442085266
YBR119W,YDR032C,0,-2.749687,0.12111468613147736,1.0,0.739256739616394
YGR113W,YDR108W,0,-2.7504442,0.12110026180744171,1.0,0.7393569350242615
YJL108C,YLR263W,0,-2.7510068,0.12108584493398666,1.0,0.7394570708274841
YDR419W,YNR019W,0,-2.7521384,0.12107142806053162,1.0,0.7395572662353516
YGL180W,YDL140C,0,-2.7537076,0.12105701863765717,1.0,0.7396574020385742
YJR140C,YDL121C,0,-2.75432,0.12104260921478271,1.0,0.7397575974464417
YGR116W,YBL061C,0,-2.7548385,0.12102820724248886,1.0,0.7398577332496643
YMR230W,YDL129W,0,-2.7568557,0.12101380527019501,1.0,0.7399579286575317
YLR306W,YMR076C,0,-2.7570753,0.12099940329790115,1.0,0.7400581240653992
YPR133C,YJL157C,0,-2.7571878,0.1209850087761879,1.0,0.7401582598686218
YDL115C,YJR117W,0,-2.7581685,0.12097062170505524,1.0,0.7402584552764893
YER041W,YML077W,0,-2.7588723,0.12095623463392258,1.0,0.7403585910797119
YHL036W,YDR487C,0,-2.7589066,0.12094184756278992,1.0,0.7404587864875793
YDL098C,YKL161C,0,-2.75898,0.12092746794223785,1.0,0.740558922290802
YGR202C,YOL112W,0,-2.7595966,0.12091308832168579,1.0,0.7406591176986694
YLR115W,YDL247W,0,-2.759799,0.12089871615171432,1.0,0.7407593131065369
YFL036W,YNL267W,0,-2.7599185,0.12088434398174286,1.0,0.7408594489097595
YLR010C,YBR118W,0,-2.760433,0.12086997926235199,1.0,0.740959644317627
YLR145W,YLL067C,0,-2.7626123,0.12085561454296112,1.0,0.7410597801208496
YOR162C,YHR185C,0,-2.763034,0.12084125727415085,1.0,0.741159975528717
YER129W,YBL010C,0,-2.7633555,0.12082690000534058,1.0,0.7412601709365845
YML097C,YDR410C,0,-2.7634223,0.1208125427365303,1.0,0.7413603067398071
YMR070W,YPL207W,0,-2.7635841,0.12079819291830063,1.0,0.7414605021476746
YPL113C,YDR088C,0,-2.7636845,0.12078385055065155,1.0,0.7415606379508972
YGL157W,YLR330W,0,-2.7640011,0.12076950818300247,1.0,0.7416608333587646
YMR165C,YOR320C,0,-2.7648218,0.1207551658153534,1.0,0.7417609691619873
YCR075C,YOR269W,0,-2.765363,0.12074083089828491,1.0,0.7418611645698547
YDL031W,YOR194C,0,-2.7661414,0.12072649598121643,1.0,0.7419613599777222
YMR080C,YLR154C,0,-2.7666087,0.12071216851472855,1.0,0.7420614957809448
YEL021W,YMR101C,0,-2.7668746,0.12069784104824066,1.0,0.7421616911888123
YKR026C,YKL048C,0,-2.7683675,0.12068351358175278,1.0,0.7422618269920349
YOR341W,YNL213C,0,-2.7684228,0.12066920101642609,1.0,0.7423620223999023
YKL149C,YJL198W,0,-2.7690709,0.1206548810005188,1.0,0.742462158203125
YIL051C,YLR288C,0,-2.7693098,0.12064056843519211,1.0,0.7425623536109924
YGR080W,YDR034C,0,-2.7694826,0.12062626332044601,1.0,0.7426625490188599
YNL122C,YBR278W,0,-2.7696576,0.12061195075511932,1.0,0.7427626848220825
YKL140W,YMR281W,0,-2.770388,0.12059765309095383,1.0,0.74286288022995
YHR077C,YER190W,0,-2.7705562,0.12058335542678833,1.0,0.7429630160331726
YNL078W,YPL049C,0,-2.7714965,0.12056905776262283,1.0,0.74306321144104
YMR171C,YLR120C,0,-2.7717888,0.12055476754903793,1.0,0.7431634068489075
YLR078C,YFR041C,0,-2.7729905,0.12054047733545303,1.0,0.7432635426521301
YPR196W,YBR183W,0,-2.7734144,0.12052619457244873,1.0,0.7433637380599976
YGL220W,YHL016C,0,-2.773502,0.12051191180944443,1.0,0.7434638738632202
YPR192W,YDL117W,0,-2.7738647,0.12049762904644012,1.0,0.7435640692710876
YHR011W,YGR052W,0,-2.7739198,0.12048335373401642,1.0,0.7436642050743103
YGR012W,YKL009W,0,-2.7743392,0.12046908587217331,1.0,0.7437644004821777
YBR074W,YPL017C,0,-2.775144,0.1204548180103302,1.0,0.7438645958900452
YDR495C,YPR119W,0,-2.7760084,0.12044055014848709,1.0,0.7439647316932678
YLR215C,YJR059W,0,-2.7764382,0.12042628973722458,1.0,0.7440649271011353
YHR080C,YIL013C,0,-2.7764404,0.12041202932596207,1.0,0.7441650629043579
YCL059C,YNL086W,0,-2.7767556,0.12039777636528015,1.0,0.7442652583122253
YPL276W,YAL033W,0,-2.7782423,0.12038352340459824,1.0,0.744365394115448
YLR404W,YDL101C,0,-2.7782702,0.12036927789449692,1.0,0.7444655895233154
YLR263W,YFR006W,0,-2.7783182,0.1203550323843956,1.0,0.7445657849311829
YOL056W,YML113W,0,-2.7788548,0.12034078687429428,1.0,0.7446659207344055
YDR245W,YEL031W,0,-2.7789714,0.12032654881477356,1.0,0.744766116142273
YLR433C,YKL058W,0,-2.7798235,0.12031231820583344,1.0,0.7448662519454956
YDR080W,YCL043C,0,-2.7808084,0.12029808014631271,1.0,0.744966447353363
YOR226C,YGR071C,0,-2.7813375,0.12028385698795319,1.0,0.7450666427612305
YMR133W,YOR156C,0,-2.7818708,0.12026963382959366,1.0,0.7451667785644531
YEL039C,YKR069W,0,-2.7825599,0.12025541067123413,1.0,0.7452669739723206
YAL054C,YCL061C,0,-2.7826183,0.1202411949634552,1.0,0.7453671097755432
YER022W,YBL075C,0,-2.7826698,0.12022697925567627,1.0,0.7454673051834106
YOR193W,YMR090W,0,-2.7833002,0.12021276354789734,1.0,0.7455674409866333
YHR064C,YDR523C,0,-2.783573,0.120198555290699,1.0,0.7456676363945007
YGL050W,YGR009C,0,-2.7836065,0.12018435448408127,1.0,0.7457678318023682
YNL293W,YDR407C,0,-2.784774,0.12017015367746353,1.0,0.7458679676055908
YIL072W,YEL044W,0,-2.7873728,0.1201559528708458,1.0,0.7459681630134583
YDR341C,YGR255C,0,-2.7882664,0.12014175951480865,1.0,0.7460682988166809
YPL174C,YER133W,0,-2.7885036,0.12012756615877151,1.0,0.7461684942245483
YOL117W,YGR225W,0,-2.789571,0.12011338025331497,1.0,0.746268630027771
YGR170W,YDR245W,0,-2.7897837,0.12009919434785843,1.0,0.7463688254356384
YKL144C,YOL004W,0,-2.789955,0.12008501589298248,1.0,0.7464690208435059
YLR413W,YLR032W,0,-2.7908928,0.12007083743810654,1.0,0.7465691566467285
YER052C,YFR038W,0,-2.791391,0.12005666643381119,1.0,0.746669352054596
YJL186W,YGR229C,0,-2.7916524,0.12004249542951584,1.0,0.7467694878578186
YDL105W,YIL090W,0,-2.7930667,0.12002832442522049,1.0,0.746869683265686
YAL029C,YER012W,0,-2.7931814,0.12001416087150574,1.0,0.7469698190689087
YCR036W,YDL149W,0,-2.7932465,0.11999999731779099,1.0,0.7470700144767761
YDR038C,YPR032W,0,-2.7938266,0.11998584121465683,1.0,0.7471702098846436
YNR059W,YMR226C,0,-2.7943523,0.11997168511152267,1.0,0.7472703456878662
YDR100W,YDL109C,0,-2.7964296,0.11995753645896912,1.0,0.7473705410957336
YHL019C,YBL069W,0,-2.796511,0.11994338780641556,1.0,0.7474706768989563
YMR050C,YOR192C,0,-2.7973025,0.1199292466044426,1.0,0.7475708723068237
YOR299W,YOR373W,0,-2.7975419,0.11991510540246964,1.0,0.7476710677146912
YCL029C,YJR084W,0,-2.7975485,0.11990096420049667,1.0,0.7477712035179138
YDR438W,YIL144W,0,-2.797693,0.11988683044910431,1.0,0.7478713989257812
YLR328W,YOL090W,0,-2.7978718,0.11987270414829254,1.0,0.7479715347290039
YPR134W,YFL023W,0,-2.7978876,0.11985857039690018,1.0,0.7480717301368713
YGR054W,YDR448W,0,-2.7979155,0.119844451546669,1.0,0.748171865940094
YKL069W,YCR087C-A,0,-2.7993407,0.11983032524585724,1.0,0.7482720613479614
YJR078W,YLR313C,0,-2.8008068,0.11981621384620667,1.0,0.7483722567558289
YNL054W,YBR213W,0,-2.8010652,0.1198020949959755,1.0,0.7484723925590515
YLR394W,YLL026W,0,-2.8017986,0.11978798359632492,1.0,0.748572587966919
YMR023C,YKL009W,0,-2.801864,0.11977387964725494,1.0,0.7486727237701416
YLL011W,YLL019C,0,-2.802149,0.11975977569818497,1.0,0.748772919178009
YPL168W,YOL140W,0,-2.802214,0.11974567174911499,1.0,0.7488730549812317
YDR118W,YBR054W,0,-2.8023179,0.11973157525062561,1.0,0.7489732503890991
YLR005W,YOR239W,0,-2.802758,0.11971747875213623,1.0,0.7490734457969666
YDR213W,YLR425W,0,-2.803614,0.11970338970422745,1.0,0.7491735816001892
YGR056W,YER027C,0,-2.8038085,0.11968930065631866,1.0,0.7492737770080566
YBR131W,YGL241W,0,-2.8052483,0.11967521905899048,1.0,0.7493739128112793
YGL171W,YLR127C,0,-2.8052773,0.11966113746166229,1.0,0.7494741082191467
YJL026W,YGL236C,0,-2.8055363,0.1196470558643341,1.0,0.7495743036270142
YGL251C,YMR009W,0,-2.8056645,0.11963298171758652,1.0,0.7496744394302368
YDR372C,YMR017W,0,-2.8057544,0.11961891502141953,1.0,0.7497746348381042
YOL116W,YGR282C,0,-2.8059142,0.11960484832525253,1.0,0.7498747706413269
YLR006C,YOR216C,0,-2.8061984,0.11959078162908554,1.0,0.7499749660491943
YGR178C,YGR229C,0,-2.8067026,0.11957672238349915,1.0,0.750075101852417
YML006C,YDR536W,0,-2.8068037,0.11956266313791275,1.0,0.7501752972602844
YJR013W,YMR105C,0,-2.806993,0.11954860389232635,1.0,0.7502754926681519
YGL136C,YKL039W,0,-2.807121,0.11953455209732056,1.0,0.7503756284713745
YOR219C,YJL140W,0,-2.807225,0.11952050775289536,1.0,0.7504758238792419
YDR383C,YOL064C,0,-2.8079767,0.11950646340847015,1.0,0.7505759596824646
YJL053W,YDR075W,0,-2.8095188,0.11949241906404495,1.0,0.750676155090332
YPR125W,YHR207C,0,-2.8099015,0.11947838217020035,1.0,0.7507762908935547
YFL010W-A,YJL030W,0,-2.8099763,0.11946434527635574,1.0,0.7508764863014221
YOL101C,YGR134W,0,-2.8100834,0.11945031583309174,1.0,0.7509766817092896
YDR412W,YEL031W,0,-2.810096,0.11943628638982773,1.0,0.7510768175125122
YKL140W,YLR380W,0,-2.8101034,0.11942226439714432,1.0,0.7511770129203796
YHR077C,YIL083C,0,-2.8111212,0.11940824240446091,1.0,0.7512771487236023
YPL106C,YNL129W,0,-2.8122118,0.1193942204117775,1.0,0.7513773441314697
YOR252W,YDL109C,0,-2.8123925,0.11938020586967468,1.0,0.7514775395393372
YKL014C,YMR218C,0,-2.812627,0.11936619877815247,1.0,0.7515776753425598
YDR177W,YBR006W,0,-2.8128576,0.11935219168663025,1.0,0.7516778707504272
YIL128W,YBR213W,0,-2.8128958,0.11933818459510803,1.0,0.7517780065536499
YHR044C,YBR273C,0,-2.813645,0.11932418495416641,1.0,0.7518782019615173
YBR279W,YNR001C,0,-2.8146307,0.11931018531322479,1.0,0.75197833776474
YGR296W,YNL031C,0,-2.8146722,0.11929618567228317,1.0,0.7520785331726074
YLR109W,YKR058W,0,-2.8152142,0.11928219348192215,1.0,0.7521787285804749
YLR088W,YBL026W,0,-2.8152542,0.11926820874214172,1.0,0.7522788643836975
YNL271C,YHR081W,0,-2.8153286,0.1192542240023613,1.0,0.7523790597915649
YNR057C,YDR323C,0,-2.8160918,0.11924023926258087,1.0,0.7524791955947876
YIL140W,YDR362C,0,-2.816439,0.11922626197338104,1.0,0.752579391002655
YGR142W,YML040W,0,-2.8165512,0.11921228468418121,1.0,0.7526795268058777
YAL010C,YGR181W,0,-2.8170164,0.11919831484556198,1.0,0.7527797222137451
YGR199W,YOL142W,0,-2.8179219,0.11918434500694275,1.0,0.7528799176216125
YMR172W,YHR138C,0,-2.818253,0.11917037516832352,1.0,0.7529800534248352
YLR172C,YDL154W,0,-2.8185718,0.11915641278028488,1.0,0.7530802488327026
YML045W,YJL082W,0,-2.818779,0.11914245784282684,1.0,0.7531803846359253
YHR172W,YDL074C,0,-2.8194325,0.1191285029053688,1.0,0.7532805800437927
YGL206C,YLR295C,0,-2.8195608,0.11911454796791077,1.0,0.7533807754516602
YAR010C,YML107C,0,-2.8197634,0.11910060048103333,1.0,0.7534809112548828
YDR026C,YBR038W,0,-2.8204677,0.11908665299415588,1.0,0.7535811066627502
YBR162W-A,YDR137W,0,-2.8204877,0.11907270550727844,1.0,0.7536812424659729
YLR007W,YCR014C,0,-2.8214402,0.1190587654709816,1.0,0.7537814378738403
YDR103W,YGR184C,0,-2.82176,0.11904483288526535,1.0,0.753881573677063
YNL054W,YHR085W,0,-2.821837,0.1190309002995491,1.0,0.7539817690849304
YCR086W,YPL002C,0,-2.8218958,0.11901696771383286,1.0,0.7540819644927979
YEL058W,YBL010C,0,-2.8221443,0.1190030425786972,1.0,0.7541821002960205
YOR304W,YHR169W,0,-2.822737,0.11898911744356155,1.0,0.7542822957038879
YBR213W,YGL058W,0,-2.824341,0.1189751997590065,1.0,0.7543824315071106
YOL059W,YIL123W,0,-2.8248744,0.11896128207445145,1.0,0.754482626914978
YBL068W,YEL061C,0,-2.825258,0.11894737184047699,1.0,0.7545827627182007
YDL139C,YHR113W,0,-2.8271601,0.11893346160650253,1.0,0.7546829581260681
YDL134C,YGL172W,0,-2.8286712,0.11891955137252808,1.0,0.7547831535339355
YGL220W,YKL099C,0,-2.828884,0.11890564858913422,1.0,0.7548832893371582
YIL112W,YPR036W,0,-2.828904,0.11889174580574036,1.0,0.7549834847450256
YDR075W,YNR020C,0,-2.8290117,0.1188778504729271,1.0,0.7550836205482483
YML043C,YNL230C,0,-2.8300848,0.11886395514011383,1.0,0.7551838159561157
YPL092W,YDR108W,0,-2.830405,0.11885006725788116,1.0,0.7552840113639832
YKL175W,YNL182C,0,-2.8311357,0.1188361793756485,1.0,0.7553841471672058
YPL271W,YJR013W,0,-2.8321998,0.11882229149341583,1.0,0.7554843425750732
YMR180C,YPR108W,0,-2.8322449,0.11880841106176376,1.0,0.7555844783782959
YBL051C,YGR063C,0,-2.832505,0.1187945306301117,1.0,0.7556846737861633
YBL078C,YNL298W,0,-2.8333447,0.11878065764904022,1.0,0.755784809589386
YNR074C,YMR200W,0,-2.8335679,0.11876678466796875,1.0,0.7558850049972534
YER050C,YER045C,0,-2.8336904,0.11875291913747787,1.0,0.7559852004051208
YLR059C,YOR098C,0,-2.8343475,0.118739053606987,1.0,0.7560853362083435
YGR246C,YNL221C,0,-2.8343775,0.11872519552707672,1.0,0.7561855316162109
YOR355W,YDR088C,0,-2.8354976,0.11871133744716644,1.0,0.7562856674194336
YHR122W,YKL156W,0,-2.8356125,0.11869747936725616,1.0,0.756385862827301
YMR055C,YGR223C,0,-2.8358347,0.11868362873792648,1.0,0.7564859986305237
YOR057W,YGL137W,0,-2.8362277,0.1186697781085968,1.0,0.7565861940383911
YDR038C,YOL061W,0,-2.836293,0.11865593492984772,1.0,0.7566863894462585
YIL080W,YNR037C,0,-2.836406,0.11864209175109863,1.0,0.7567865252494812
YAR009C,YNL055C,0,-2.836875,0.11862824857234955,1.0,0.7568867206573486
YLL062C,YLR098C,0,-2.837531,0.11861441284418106,1.0,0.7569868564605713
YER090W,YBR243C,0,-2.8378015,0.11860058456659317,1.0,0.7570870518684387
YFL041W,YHR117W,0,-2.8380787,0.11858675628900528,1.0,0.7571872472763062
YDL243C,YDR487C,0,-2.8383667,0.11857292801141739,1.0,0.7572873830795288
YCR094W,YPL281C,0,-2.8385935,0.1185591071844101,1.0,0.7573875784873962
YBR159W,YNL298W,0,-2.8386395,0.1185452863574028,1.0,0.7574877142906189
YOR347C,YNL292W,0,-2.838658,0.11853146553039551,1.0,0.7575879096984863
YOL056W,YOL101C,0,-2.8390477,0.11851765215396881,1.0,0.757688045501709
YHL036W,YDR456W,0,-2.839937,0.11850384622812271,1.0,0.7577882409095764
YDR091C,YPR162C,0,-2.8400009,0.11849004030227661,1.0,0.7578884363174438
YIL106W,YDR169C,0,-2.8400261,0.11847623437643051,1.0,0.7579885721206665
YPR125W,YIL076W,0,-2.8409116,0.11846243590116501,1.0,0.7580887675285339
YDL077C,YER045C,0,-2.841438,0.1184486374258995,1.0,0.7581889033317566
YPL127C,YER143W,0,-2.8416898,0.1184348464012146,1.0,0.758289098739624
YJL060W,YNL039W,0,-2.8418248,0.1184210553765297,1.0,0.7583892345428467
YML012W,YDR200C,0,-2.8421257,0.11840726435184479,1.0,0.7584894299507141
YGR089W,YIL042C,0,-2.8434904,0.11839348077774048,1.0,0.7585896253585815
YOL165C,YPL021W,0,-2.844022,0.11837969720363617,1.0,0.7586897611618042
YDR419W,YDL117W,0,-2.8446918,0.11836592108011246,1.0,0.7587899565696716
YJR015W,YER129W,0,-2.845227,0.11835214495658875,1.0,0.7588900923728943
YDL198C,YHR090C,0,-2.8455086,0.11833837628364563,1.0,0.7589902877807617
YIL173W,YIL042C,0,-2.8456507,0.11832460761070251,1.0,0.7590904831886292
YJR053W,YLR213C,0,-2.846442,0.1183108389377594,1.0,0.7591906189918518
YOR227W,YIL035C,0,-2.8469121,0.11829707771539688,1.0,0.7592908143997192
YJR109C,YLR418C,0,-2.8470647,0.11828332394361496,1.0,0.7593909502029419
YGR184C,YCR105W,0,-2.8473792,0.11826956272125244,1.0,0.7594911456108093
YPL193W,YDL030W,0,-2.8475447,0.11825581640005112,1.0,0.759591281414032
YGR006W,YOR131C,0,-2.8482668,0.1182420626282692,1.0,0.7596914768218994
YNL115C,YJL110C,0,-2.8493497,0.11822831630706787,1.0,0.7597916722297668
YHR165C,YHR060W,0,-2.8495748,0.11821457743644714,1.0,0.7598918080329895
YFL013C,YKL093W,0,-2.8499243,0.11820083856582642,1.0,0.7599920034408569
YDR078C,YDR169C,0,-2.8499515,0.11818709969520569,1.0,0.7600921392440796
YHR073W,YOL069W,0,-2.850334,0.11817336827516556,1.0,0.760192334651947
YLR165C,YBL064C,0,-2.8505604,0.11815963685512543,1.0,0.7602924704551697
YKL141W,YGL241W,0,-2.8513944,0.1181459128856659,1.0,0.7603926658630371
YNL115C,YHR037W,0,-2.8514907,0.11813218891620636,1.0,0.7604928612709045
YLR411W,YJR033C,0,-2.8523796,0.11811846494674683,1.0,0.7605929970741272
YPL082C,YAL016W,0,-2.8525677,0.11810474842786789,1.0,0.7606931924819946
YMR201C,YNL027W,0,-2.8526924,0.11809103935956955,1.0,0.7607933282852173
YNL065W,YJR022W,0,-2.853337,0.11807732284069061,1.0,0.7608935236930847
YGL259W,YML086C,0,-2.8534825,0.11806361377239227,1.0,0.7609936594963074
YML092C,YIL080W,0,-2.8541422,0.11804991215467453,1.0,0.7610938549041748
YCL063W,YHL026C,0,-2.8544495,0.11803621053695679,1.0,0.7611940503120422
YDR253C,YNL213C,0,-2.8545735,0.11802251636981964,1.0,0.7612941861152649
YFR036W,YDR150W,0,-2.854639,0.1180088222026825,1.0,0.7613943815231323
YBL063W,YDR508C,0,-2.8549984,0.11799512803554535,1.0,0.761494517326355
YBR274W,YDR213W,0,-2.8562863,0.1179814413189888,1.0,0.7615947127342224
YDR172W,YGR047C,0,-2.856425,0.11796775460243225,1.0,0.7616949081420898
YMR017W,YIL035C,0,-2.8565538,0.1179540678858757,1.0,0.7617950439453125
YIR017C,YGR007W,0,-2.8578808,0.11794038861989975,1.0,0.7618952393531799
YDR483W,YOR349W,0,-2.8581345,0.1179267168045044,1.0,0.7619953751564026
YPR134W,YML096W,0,-2.8585227,0.11791304498910904,1.0,0.76209557056427
YIR005W,YGL178W,0,-2.858612,0.11789937317371368,1.0,0.7621957063674927
YNL065W,YMR228W,0,-2.859238,0.11788570880889893,1.0,0.7622959017753601
YPL156C,YMR078C,0,-2.860779,0.11787204444408417,1.0,0.7623960971832275
YGR007W,YIL042C,0,-2.8611166,0.11785838752985,1.0,0.7624962329864502
YHR169W,YDR036C,0,-2.8612294,0.11784473061561584,1.0,0.7625964283943176
YJR035W,YGL163C,0,-2.8619304,0.11783107370138168,1.0,0.7626965641975403
YHL019C,YIL154C,0,-2.8627179,0.11781742423772812,1.0,0.7627967596054077
YER033C,YGL078C,0,-2.862829,0.11780377477407455,1.0,0.7628968954086304
YOR388C,YNL111C,0,-2.862929,0.11779013276100159,1.0,0.7629970908164978
YOL056W,YER115C,0,-2.8633053,0.11777649074792862,1.0,0.7630972862243652
YGR138C,YGR086C,0,-2.8634598,0.11776285618543625,1.0,0.7631974220275879
YML113W,YPR199C,0,-2.8635375,0.11774922162294388,1.0,0.7632976174354553
YDR065W,YJL060W,0,-2.86392,0.11773558706045151,1.0,0.763397753238678
YEL006W,YGR274C,0,-2.8641055,0.11772195994853973,1.0,0.7634979486465454
YBR118W,YLR126C,0,-2.8644269,0.11770833283662796,1.0,0.7635981440544128
YNL284C,YBR065C,0,-2.8644533,0.11769471317529678,1.0,0.7636982798576355
YER049W,YOR346W,0,-2.8647916,0.1176810935139656,1.0,0.7637984752655029
YPR086W,YKL110C,0,-2.8653028,0.11766747385263443,1.0,0.7638986110687256
YJL044C,YKR044W,0,-2.865403,0.11765386164188385,1.0,0.763998806476593
YOR322C,YCL032W,0,-2.8660257,0.11764025688171387,1.0,0.7640989422798157
YJR022W,YDR126W,0,-2.8661497,0.11762664467096329,1.0,0.7641991376876831
YPL195W,YKL020C,0,-2.8663843,0.1176130473613739,1.0,0.7642993330955505
YLR467W,YBR141C,0,-2.8669899,0.11759944260120392,1.0,0.7643994688987732
YBR107C,YDR252W,0,-2.8671477,0.11758584529161453,1.0,0.7644996643066406
YBL022C,YPL019C,0,-2.867367,0.11757225543260574,1.0,0.7645998001098633
YDR390C,YAL033W,0,-2.8675683,0.11755866557359695,1.0,0.7646999955177307
YPL078C,YER184C,0,-2.8676944,0.11754507571458817,1.0,0.7648001313209534
YKL182W,YDR251W,0,-2.867725,0.11753149330615997,1.0,0.7649003267288208
YCL017C,YOR032C,0,-2.8686097,0.11751791089773178,1.0,0.7650005221366882
YPR047W,YIL036W,0,-2.8686497,0.11750433593988419,1.0,0.7651006579399109
YGR279C,YMR055C,0,-2.868715,0.11749076098203659,1.0,0.7652008533477783
YJR028W,YML057W,0,-2.8688753,0.117477186024189,1.0,0.765300989151001
YJR132W,YEL036C,0,-2.869693,0.117463618516922,1.0,0.7654011845588684
YJL005W,YDR131C,0,-2.8701532,0.117450051009655,1.0,0.7655013799667358
YLR439W,YDR310C,0,-2.8707738,0.1174364909529686,1.0,0.7656015157699585
YPL157W,YOR098C,0,-2.8713288,0.1174229308962822,1.0,0.7657017111778259
YLR126C,YHR108W,0,-2.872165,0.1174093708395958,1.0,0.7658018469810486
YLR321C,YLR352W,0,-2.8721783,0.11739581823348999,1.0,0.765902042388916
YKL100C,YLR182W,0,-2.872267,0.11738227307796478,1.0,0.7660021781921387
YNR038W,YGL212W,0,-2.872309,0.11736872792243958,1.0,0.7661023736000061
YOR065W,YKL149C,0,-2.8734064,0.11735518276691437,1.0,0.7662025690078735
YDR368W,YLR016C,0,-2.8734362,0.11734163761138916,1.0,0.7663027048110962
YAR009C,YOL086C,0,-2.8737888,0.11732809990644455,1.0,0.7664029002189636
YLR323C,YPL218W,0,-2.874499,0.11731456965208054,1.0,0.7665030360221863
YDR497C,YKR075C,0,-2.8746355,0.11730103939771652,1.0,0.7666032314300537
YLR363C,YMR042W,0,-2.8752348,0.11728750914335251,1.0,0.7667033672332764
YGL139W,YOR222W,0,-2.875418,0.11727398633956909,1.0,0.7668035626411438
YPL050C,YDR120C,0,-2.8754728,0.11726046353578568,1.0,0.7669037580490112
YLR011W,YBR037C,0,-2.8758528,0.11724694818258286,1.0,0.7670038938522339
YDL166C,YJL149W,0,-2.8765392,0.11723343282938004,1.0,0.7671040892601013
YLR026C,YBR114W,0,-2.8770063,0.11721991747617722,1.0,0.767204225063324
YPR060C,YGL112C,0,-2.8774102,0.11720640957355499,1.0,0.7673044204711914
YGL096W,YMR200W,0,-2.8786051,0.11719290167093277,1.0,0.7674046158790588
YPR060C,YFL066C,0,-2.878683,0.11717940121889114,1.0,0.7675047516822815
YBL093C,YOR216C,0,-2.8793156,0.11716590076684952,1.0,0.7676049470901489
YIL056W,YGR222W,0,-2.8794587,0.11715240031480789,1.0,0.7677050828933716
YDL210W,YPL223C,0,-2.8798492,0.11713890731334686,1.0,0.767805278301239
YCL036W,YPL194W,0,-2.879987,0.11712541431188583,1.0,0.7679054141044617
YGL172W,YNL271C,0,-2.880646,0.1171119287610054,1.0,0.7680056095123291
YNL290W,YFL014W,0,-2.880903,0.11709844321012497,1.0,0.7681058049201965
YNL024C,YLR371W,0,-2.881265,0.11708496510982513,1.0,0.7682059407234192
YBR278W,YOR145C,0,-2.8815153,0.1170714870095253,1.0,0.7683061361312866
YGL098W,YJL194W,0,-2.8820884,0.11705800890922546,1.0,0.7684062719345093
YOL155C,YDL047W,0,-2.8825557,0.11704453825950623,1.0,0.7685064673423767
YIL014W,YBR030W,0,-2.8829415,0.11703106760978699,1.0,0.7686066031455994
YOL007C,YPR122W,0,-2.8831737,0.11701760441064835,1.0,0.7687067985534668
YOR043W,YNL160W,0,-2.883342,0.1170041412115097,1.0,0.7688069939613342
YGL025C,YNL118C,0,-2.8837864,0.11699068546295166,1.0,0.7689071297645569
YHR008C,YMR071C,0,-2.8837926,0.11697722226381302,1.0,0.7690073251724243
YBL025W,YDR248C,0,-2.8844984,0.11696377396583557,1.0,0.769107460975647
YGL115W,YEL036C,0,-2.8846023,0.11695032566785812,1.0,0.7692076563835144
YBR114W,YMR234W,0,-2.8850625,0.11693687736988068,1.0,0.7693078517913818
YKL017C,YLR323C,0,-2.8863704,0.11692342907190323,1.0,0.7694079875946045
YBR036C,YFL047W,0,-2.8873503,0.11690998822450638,1.0,0.7695081830024719
YLR068W,YDL080C,0,-2.88743,0.11689655482769012,1.0,0.7696083188056946
YLR023C,YLR309C,0,-2.8877332,0.11688311398029327,1.0,0.769708514213562
YKL150W,YOR251C,0,-2.8879519,0.11686968803405762,1.0,0.7698086500167847
YBR130C,YPL115C,0,-2.8885005,0.11685625463724136,1.0,0.7699088454246521
YML005W,YMR049C,0,-2.8889089,0.1168428286910057,1.0,0.7700090408325195
YJL174W,YHR129C,0,-2.8889368,0.11682941019535065,1.0,0.7701091766357422
YOL078W,YKL156W,0,-2.8889525,0.11681599169969559,1.0,0.7702093720436096
YGR003W,YER062C,0,-2.8899095,0.11680257320404053,1.0,0.7703095078468323
YHR060W,YNL192W,0,-2.8903015,0.11678916215896606,1.0,0.7704097032546997
YCR004C,YOL018C,0,-2.8904362,0.1167757511138916,1.0,0.7705098390579224
YPL274W,YMR177W,0,-2.8906848,0.11676234006881714,1.0,0.7706100344657898
YNL161W,YCR044C,0,-2.8908226,0.11674893647432327,1.0,0.7707102298736572
YJL065C,YHR029C,0,-2.8908436,0.11673554033041,1.0,0.7708103656768799
YBR260C,YLR005W,0,-2.891048,0.11672213673591614,1.0,0.7709105610847473
YNR071C,YCR107W,0,-2.8912892,0.11670874804258347,1.0,0.77101069688797
YLR401C,YGL233W,0,-2.8918707,0.1166953518986702,1.0,0.7711108922958374
YPL121C,YJL149W,0,-2.8921664,0.11668196320533752,1.0,0.7712110877037048
YPR073C,YJR139C,0,-2.893346,0.11666858196258545,1.0,0.7713112235069275
YGL005C,YLR187W,0,-2.8935392,0.11665519326925278,1.0,0.7714114189147949
YNL202W,YNL076W,0,-2.8939884,0.1166418194770813,1.0,0.7715115547180176
YMR319C,YDL007W,0,-2.8941898,0.11662843823432922,1.0,0.771611750125885
YDR243C,YIL076W,0,-2.8946161,0.11661506444215775,1.0,0.7717118859291077
YER178W,YEL043W,0,-2.8955863,0.11660169810056686,1.0,0.7718120813369751
YDL070W,YBR187W,0,-2.8959663,0.11658833175897598,1.0,0.7719122767448425
YNL046W,YMR247C,0,-2.8964713,0.1165749654173851,1.0,0.7720124125480652
YLL053C,YBR050C,0,-2.8971243,0.11656160652637482,1.0,0.7721126079559326
YML005W,YDL080C,0,-2.8971686,0.11654824763536453,1.0,0.7722127437591553
YNL207W,YJR089W,0,-2.8974793,0.11653488874435425,1.0,0.7723129391670227
YER173W,YCL044C,0,-2.8975096,0.11652153730392456,1.0,0.7724130749702454
YMR156C,YBR009C,0,-2.898214,0.11650819331407547,1.0,0.7725132703781128
YLR145W,YIL173W,0,-2.8997366,0.11649484187364578,1.0,0.7726134657859802
YJL041W,YNL029C,0,-2.9005153,0.11648150533437729,1.0,0.7727136015892029
YGL050W,YGL172W,0,-2.9005272,0.1164681613445282,1.0,0.7728137969970703
YPL248C,YBR069C,0,-2.9014986,0.1164548248052597,1.0,0.772913932800293
YAL007C,YCR105W,0,-2.9021502,0.11644149571657181,1.0,0.7730141282081604
YPL115C,YIL096C,0,-2.9024146,0.11642815917730331,1.0,0.7731143236160278
YGL139W,YMR195W,0,-2.9026017,0.11641483753919601,1.0,0.7732144594192505
YIL007C,YKL040C,0,-2.9026434,0.11640150845050812,1.0,0.7733146548271179
YKL007W,YDR292C,0,-2.9030747,0.11638818681240082,1.0,0.7734147906303406
YDR188W,YBR211C,0,-2.9032485,0.11637487262487411,1.0,0.773514986038208
YDR419W,YBR119W,0,-2.904,0.11636155843734741,1.0,0.7736151218414307
YDR062W,YJR103W,0,-2.9040728,0.11634824424982071,1.0,0.7737153172492981
YOR014W,YMR314W,0,-2.904484,0.1163349375128746,1.0,0.7738155126571655
YER106W,YKR089C,0,-2.9049122,0.1163216307759285,1.0,0.7739156484603882
YFL026W,YML056C,0,-2.9058378,0.11630832403898239,1.0,0.7740158438682556
YDR213W,YBR254C,0,-2.906177,0.11629502475261688,1.0,0.7741159796714783
YDR496C,YNL063W,0,-2.9064558,0.11628172546625137,1.0,0.7742161750793457
YLR054C,YLR381W,0,-2.907057,0.11626843363046646,1.0,0.7743163108825684
YJL225C,YKR072C,0,-2.907096,0.11625514179468155,1.0,0.7744165062904358
YNL008C,YKR034W,0,-2.9082315,0.11624185740947723,1.0,0.7745167016983032
YOR251C,YDR523C,0,-2.9087312,0.11622857302427292,1.0,0.7746168375015259
YHL036W,YHR119W,0,-2.9087348,0.1162152886390686,1.0,0.7747170329093933
YLL041C,YDR169C,0,-2.908954,0.11620201170444489,1.0,0.774817168712616
YNL298W,YGR083C,0,-2.9090688,0.11618873476982117,1.0,0.7749173641204834
YCR026C,YPR011C,0,-2.909681,0.11617546528577805,1.0,0.7750175595283508
YEL062W,YIL088C,0,-2.909794,0.11616219580173492,1.0,0.7751176953315735
YBR193C,YGR095C,0,-2.9098747,0.1161489263176918,1.0,0.7752178907394409
YJR001W,YDR292C,0,-2.9099524,0.11613566428422928,1.0,0.7753180265426636
YJR121W,YFR010W,0,-2.9102447,0.11612240225076675,1.0,0.775418221950531
YOR258W,YLR102C,0,-2.911216,0.11610914766788483,1.0,0.7755183577537537
YPL113C,YPL274W,0,-2.9116724,0.1160958930850029,1.0,0.7756185531616211
YKL087C,YDR004W,0,-2.9126034,0.11608263850212097,1.0,0.7757187485694885
YIL177C,YLR277C,0,-2.9128623,0.11606939136981964,1.0,0.7758188843727112
YNL246W,YFR030W,0,-2.9135826,0.11605614423751831,1.0,0.7759190797805786
YIL136W,YOL126C,0,-2.9145586,0.11604290455579758,1.0,0.7760192155838013
YLR265C,YFR034C,0,-2.9157147,0.11602966487407684,1.0,0.7761194109916687
YHR085W,YDR158W,0,-2.915834,0.11601642519235611,1.0,0.7762195467948914
YGL226W,YER147C,0,-2.9171588,0.11600319296121597,1.0,0.7763197422027588
YBR107C,YML037C,0,-2.9176075,0.11598996073007584,1.0,0.7764199376106262
YBR172C,YBR046C,0,-2.9187574,0.1159767359495163,1.0,0.7765200734138489
YBR041W,YGL246C,0,-2.9188807,0.11596351116895676,1.0,0.7766202688217163
YLR096W,YDR284C,0,-2.9192345,0.11595029383897781,1.0,0.776720404624939
YOR206W,YJL030W,0,-2.9194257,0.11593706905841827,1.0,0.7768206000328064
YCR086W,YMR300C,0,-2.919473,0.11592385917901993,1.0,0.776920735836029
YLR033W,YIL111W,0,-2.9196117,0.11591064184904099,1.0,0.7770209312438965
YDL230W,YMR160W,0,-2.919976,0.11589743942022324,1.0,0.7771211266517639
YLR001C,YNL077W,0,-2.920169,0.11588422954082489,1.0,0.7772212624549866
YOR075W,YGL240W,0,-2.920296,0.11587102711200714,1.0,0.777321457862854
YGR185C,YLR238W,0,-2.9213378,0.11585782468318939,1.0,0.7774215936660767
YJL110C,YKL134C,0,-2.9214737,0.11584462970495224,1.0,0.7775217890739441
YOL031C,YLR327C,0,-2.921482,0.11583143472671509,1.0,0.7776219844818115
YCR094W,YJR112W,0,-2.9220645,0.11581824719905853,1.0,0.7777221202850342
YLR102C,YCR091W,0,-2.9221685,0.11580505222082138,1.0,0.7778223156929016
YDR077W,YDR130C,0,-2.922189,0.11579187214374542,1.0,0.7779224514961243
YOR075W,YLR164W,0,-2.9238098,0.11577869206666946,1.0,0.7780226469039917
YBR040W,YGL147C,0,-2.9240694,0.1157655119895935,1.0,0.7781227827072144
YDR486C,YER019C-A,0,-2.9242353,0.11575233191251755,1.0,0.7782229781150818
YKL182W,YNL076W,0,-2.9245393,0.11573915928602219,1.0,0.7783231735229492
YPR019W,YIR031C,0,-2.9249814,0.11572598665952682,1.0,0.7784233093261719
YDR038C,YGR086C,0,-2.9267185,0.11571282148361206,1.0,0.7785235047340393
YDR079W,YML085C,0,-2.926749,0.1156996563076973,1.0,0.778623640537262
YFL037W,YOR324C,0,-2.9277174,0.11568649858236313,1.0,0.7787238359451294
YHR168W,YER027C,0,-2.9280202,0.11567334085702896,1.0,0.778823971748352
YKL061W,YPL075W,0,-2.9286072,0.1156601831316948,1.0,0.7789241671562195
YDR256C,YIL076W,0,-2.9290068,0.11564703285694122,1.0,0.7790243625640869
YNL138W,YMR316W,0,-2.929362,0.11563388258218765,1.0,0.7791244983673096
YLR059C,YMR019W,0,-2.9294412,0.11562073975801468,1.0,0.779224693775177
YAL013W,YIL093C,0,-2.9296386,0.1156075969338417,1.0,0.7793248295783997
YCL016C,YGL049C,0,-2.9317498,0.11559445410966873,1.0,0.7794250249862671
YAL029C,YGR010W,0,-2.9324243,0.11558131873607635,1.0,0.7795252203941345
YMR261C,YML096W,0,-2.9329228,0.11556818336248398,1.0,0.7796253561973572
YMR312W,YGL227W,0,-2.9330273,0.1155550479888916,1.0,0.7797255516052246
YBR299W,YOR216C,0,-2.9333694,0.11554192006587982,1.0,0.7798256874084473
YDR127W,YLL018C,0,-2.9340026,0.11552879959344864,1.0,0.7799258828163147
YDL170W,YHL003C,0,-2.9347885,0.11551567167043686,1.0,0.7800260186195374
YGR124W,YER114C,0,-2.9351213,0.11550255864858627,1.0,0.7801262140274048
YDR047W,YLL061W,0,-2.9351459,0.11548943817615509,1.0,0.7802264094352722
YAL051W,YER159C,0,-2.9355404,0.1154763251543045,1.0,0.7803265452384949
YLR165C,YIL135C,0,-2.9359744,0.11546321213245392,1.0,0.7804267406463623
YMR301C,YDR034C,0,-2.9360137,0.11545010656118393,1.0,0.780526876449585
YKL100C,YMR213W,0,-2.9360893,0.11543700098991394,1.0,0.7806270718574524
YOR239W,YML080W,0,-2.9361722,0.11542390286922455,1.0,0.780727207660675
YOR377W,YPR127W,0,-2.936323,0.11541080474853516,1.0,0.7808274030685425
YDR173C,YKL210W,0,-2.9380178,0.11539770662784576,1.0,0.7809275984764099
YNL156C,YJL004C,0,-2.9382424,0.11538461595773697,1.0,0.7810277342796326
YPR168W,YGR217W,0,-2.938543,0.11537152528762817,1.0,0.7811279296875
YPL274W,YNL001W,0,-2.9392502,0.11535844206809998,1.0,0.7812280654907227
YNL079C,YHR082C,0,-2.9399414,0.11534535884857178,1.0,0.7813282608985901
YJR022W,YDR197W,0,-2.939991,0.11533227562904358,1.0,0.7814284563064575
YDR513W,YGR156W,0,-2.940641,0.11531919986009598,1.0,0.7815285921096802
YFL033C,YDR165W,0,-2.9406888,0.11530612409114838,1.0,0.7816287875175476
YOL066C,YBR241C,0,-2.9407756,0.11529304832220078,1.0,0.7817289233207703
YLR258W,YDR169C,0,-2.9407897,0.11527998000383377,1.0,0.7818291187286377
YMR077C,YKR075C,0,-2.9414802,0.11526691913604736,1.0,0.7819292545318604
YLL062C,YLR208W,0,-2.9418569,0.11525385081768036,1.0,0.7820294499397278
YHR060W,YLR377C,0,-2.9420173,0.11524078994989395,1.0,0.7821296453475952
YDR315C,YER190W,0,-2.9426754,0.11522773653268814,1.0,0.7822297811508179
YGR251W,YGR193C,0,-2.9427288,0.11521468311548233,1.0,0.7823299765586853
YNR059W,YLR147C,0,-2.942961,0.11520162969827652,1.0,0.782430112361908
YNL240C,YFR036W,0,-2.943467,0.1151885837316513,1.0,0.7825303077697754
YGL192W,YHL036W,0,-2.9436076,0.11517553776502609,1.0,0.782630443572998
YBR170C,YPR049C,0,-2.9444597,0.11516249924898148,1.0,0.7827306389808655
YLR214W,YDL128W,0,-2.9450276,0.11514945328235626,1.0,0.7828308343887329
YAR015W,YGR005C,0,-2.945234,0.11513642221689224,1.0,0.7829309701919556
YDR151C,YBR177C,0,-2.9465446,0.11512338370084763,1.0,0.783031165599823
YPL126W,YOR273C,0,-2.946812,0.1151103600859642,1.0,0.7831313014030457
YER071C,YJL173C,0,-2.949118,0.11509732902050018,1.0,0.7832314968109131
YCR047C,YLL016W,0,-2.950009,0.11508430540561676,1.0,0.7833316922187805
YJR066W,YGL060W,0,-2.9510782,0.11507128179073334,1.0,0.7834318280220032
YOR191W,YAL053W,0,-2.9511206,0.11505826562643051,1.0,0.7835320234298706
YGL005C,YAL058W,0,-2.9511588,0.11504524946212769,1.0,0.7836321592330933
YGR229C,YHR067W,0,-2.9513984,0.11503223329782486,1.0,0.7837323546409607
YDR060W,YDL200C,0,-2.9527202,0.11501922458410263,1.0,0.7838324904441833
YDL195W,YMR091C,0,-2.952728,0.115006223320961,1.0,0.7839326858520508
YJL110C,YBR267W,0,-2.9528987,0.11499321460723877,1.0,0.7840328812599182
YHL025W,YLR239C,0,-2.954162,0.11498021334409714,1.0,0.7841330170631409
YLR382C,YOR372C,0,-2.9545202,0.1149672195315361,1.0,0.7842332124710083
YFL029C,YHL032C,0,-2.9546754,0.11495421826839447,1.0,0.784333348274231
YHR085W,YJL085W,0,-2.9551933,0.11494123190641403,1.0,0.7844335436820984
YOR308C,YGL226W,0,-2.9552755,0.114928238093853,1.0,0.784533679485321
YBR045C,YER147C,0,-2.9559112,0.11491525173187256,1.0,0.7846338748931885
YPL033C,YIR037W,0,-2.955944,0.11490227282047272,1.0,0.7847340703010559
YBR101C,YGL061C,0,-2.956014,0.11488929390907288,1.0,0.7848342061042786
YKR096W,YJL140W,0,-2.9561343,0.11487631499767303,1.0,0.784934401512146
YDR464W,YMR076C,0,-2.9561923,0.1148633360862732,1.0,0.7850345373153687
YPL196W,YNL118C,0,-2.9573395,0.11485036462545395,1.0,0.7851347327232361
YJR010W,YIL172C,0,-2.957851,0.1148374006152153,1.0,0.7852349281311035
YPL026C,YPL061W,0,-2.958276,0.11482442915439606,1.0,0.7853350639343262
YHR111W,YHR156C,0,-2.9596207,0.114811472594738,1.0,0.7854352593421936
YBR261C,YGR089W,0,-2.9602754,0.11479850858449936,1.0,0.7855353951454163
YOL138C,YDR195W,0,-2.9607613,0.11478555202484131,1.0,0.7856355905532837
YBR185C,YCR106W,0,-2.9617648,0.11477259546518326,1.0,0.7857357263565063
YOR356W,YPL167C,0,-2.962371,0.1147596463561058,1.0,0.7858359217643738
YJL004C,YGL113W,0,-2.9626052,0.11474669724702835,1.0,0.7859361171722412
YHR014W,YHL032C,0,-2.9626298,0.1147337555885315,1.0,0.7860362529754639
YDR201W,YJL035C,0,-2.9629972,0.11472081393003464,1.0,0.7861364483833313
YPL224C,YKL130C,0,-2.9630666,0.11470787227153778,1.0,0.786236584186554
YDR122W,YPR144C,0,-2.963071,0.11469493806362152,1.0,0.7863367795944214
YGR058W,YGR271W,0,-2.9637163,0.11468200385570526,1.0,0.786436915397644
YGR158C,YJL030W,0,-2.9661121,0.114669069647789,1.0,0.7865371108055115
YLR403W,YHR088W,0,-2.9667056,0.11465614289045334,1.0,0.7866373062133789
YLR316C,YBR260C,0,-2.9671102,0.11464321613311768,1.0,0.7867374420166016
YOR016C,YGR142W,0,-2.9687564,0.11463029682636261,1.0,0.786837637424469
YDL216C,YIL143C,0,-2.9689937,0.11461737751960754,1.0,0.7869377732276917
YER185W,YJL080C,0,-2.9695694,0.11460446566343307,1.0,0.7870379686355591
YGL062W,YGL139W,0,-2.969749,0.11459154635667801,1.0,0.7871381640434265
YOR351C,YDL129W,0,-2.9699073,0.11457864195108414,1.0,0.7872382998466492
YHR024C,YFR041C,0,-2.9705951,0.11456573009490967,1.0,0.7873384952545166
YER061C,YHL024W,0,-2.971752,0.1145528256893158,1.0,0.7874386310577393
YLR386W,YLR247C,0,-2.9732597,0.11453992873430252,1.0,0.7875388264656067
YLR357W,YDL047W,0,-2.9732835,0.11452702432870865,1.0,0.7876389622688293
YLR429W,YHR210C,0,-2.9746587,0.11451413482427597,1.0,0.7877391576766968
YKR102W,YGR191W,0,-2.9747512,0.1145012378692627,1.0,0.7878393530845642
YOR347C,YCL066W,0,-2.9748757,0.11448834836483002,1.0,0.7879394888877869
YHR172W,YDR421W,0,-2.975667,0.11447545886039734,1.0,0.7880396842956543
YKL124W,YBR043C,0,-2.975878,0.11446257680654526,1.0,0.788139820098877
YHR051W,YGR212W,0,-2.976221,0.11444969475269318,1.0,0.7882400155067444
YIL135C,YKL144C,0,-2.9762576,0.11443682014942169,1.0,0.788340151309967
YPL122C,YMR039C,0,-2.976312,0.11442394554615021,1.0,0.7884403467178345
YJL004C,YNL059C,0,-2.976321,0.11441107094287872,1.0,0.7885405421257019
YDR524C,YIR004W,0,-2.976438,0.11439820379018784,1.0,0.7886406779289246
YMR218C,YLR073C,0,-2.9764733,0.11438533663749695,1.0,0.788740873336792
YJL062W,YFL047W,0,-2.9775293,0.11437246948480606,1.0,0.7888410091400146
YGR156W,YOR011W,0,-2.9784179,0.11435960978269577,1.0,0.7889412045478821
YGL167C,YNL062C,0,-2.9784558,0.11434675008058548,1.0,0.7890413999557495
YDR404C,YJL117W,0,-2.9786723,0.11433389782905579,1.0,0.7891415357589722
YNL318C,YMR088C,0,-2.9790447,0.11432104557752609,1.0,0.7892417311668396
YBR105C,YBR042C,0,-2.9797611,0.1143081933259964,1.0,0.7893418669700623
YNL283C,YOR123C,0,-2.9814823,0.1142953485250473,1.0,0.7894420623779297
YFR010W,YCR044C,0,-2.9815338,0.1142825037240982,1.0,0.7895421981811523
YMR015C,YGR071C,0,-2.982024,0.1142696663737297,1.0,0.7896423935890198
YGR005C,YDR007W,0,-2.982076,0.11425682157278061,1.0,0.7897425889968872
YER185W,YOR046C,0,-2.9821088,0.1142439916729927,1.0,0.7898427248001099
YDR040C,YLR196W,0,-2.9823847,0.1142311543226242,1.0,0.7899429202079773
YPR083W,YBL079W,0,-2.982693,0.1142183318734169,1.0,0.7900430560112
YCL047C,YCR052W,0,-2.9829028,0.114205501973629,1.0,0.7901432514190674
YHR153C,YJL071W,0,-2.9829934,0.11419267952442169,1.0,0.79024338722229
YEL019C,YDR356W,0,-2.9832342,0.11417985707521439,1.0,0.7903435826301575
YML041C,YAL028W,0,-2.9845076,0.11416704207658768,1.0,0.7904437780380249
YGL076C,YGL212W,0,-2.9850786,0.11415422707796097,1.0,0.7905439138412476
YLR172C,YMR065W,0,-2.985552,0.11414141207933426,1.0,0.790644109249115
YOL122C,YPL116W,0,-2.9859674,0.11412860453128815,1.0,0.7907442450523376
YGL116W,YEL038W,0,-2.9859989,0.11411579698324203,1.0,0.7908444404602051
YIL094C,YLR315W,0,-2.9860013,0.11410299688577652,1.0,0.7909445762634277
YKL198C,YIL006W,0,-2.986028,0.114090196788311,1.0,0.7910447716712952
YDR179C,YIR009W,0,-2.986964,0.11407739669084549,1.0,0.7911449670791626
YER115C,YDL195W,0,-2.987442,0.11406460404396057,1.0,0.7912451028823853
YBL056W,YMR180C,0,-2.988833,0.11405181139707565,1.0,0.7913452982902527
YOL152W,YDR148C,0,-2.990191,0.11403901875019073,1.0,0.7914454340934753
YMR026C,YKL134C,0,-2.9904258,0.11402623355388641,1.0,0.7915456295013428
YKL004W,YDR248C,0,-2.9910734,0.11401345580816269,1.0,0.7916458249092102
YPL130W,YDL084W,0,-2.9929166,0.11400067061185837,1.0,0.7917459607124329
YPL010W,YHL008C,0,-2.9948292,0.11398789286613464,1.0,0.7918461561203003
YMR009W,YER012W,0,-2.9949605,0.11397512257099152,1.0,0.791946291923523
YIR018W,YDR476C,0,-2.9960744,0.11396235227584839,1.0,0.7920464873313904
YDL137W,YKL108W,0,-2.997103,0.11394958198070526,1.0,0.792146623134613
YAL011W,YNL251C,0,-2.9972746,0.11393681168556213,1.0,0.7922468185424805
YDR040C,YPL180W,0,-2.997494,0.1139240488409996,1.0,0.7923470139503479
YBR264C,YML124C,0,-2.9977686,0.11391129344701767,1.0,0.7924471497535706
YNL038W,YKR030W,0,-2.9981914,0.11389853060245514,1.0,0.792547345161438
YDR468C,YOR120W,0,-2.9983857,0.1138857752084732,1.0,0.7926474809646606
YLR419W,YDR111C,0,-2.9988077,0.11387302726507187,1.0,0.7927476763725281
YER040W,YER113C,0,-3.000117,0.11386027932167053,1.0,0.7928478121757507
YAR042W,YNL078W,0,-3.0003226,0.1138475313782692,1.0,0.7929480075836182
YKL026C,YMR281W,0,-3.0004425,0.11383479088544846,1.0,0.7930482029914856
YGR089W,YLL002W,0,-3.000823,0.11382205039262772,1.0,0.7931483387947083
YDR411C,YDR456W,0,-3.0015974,0.11380930989980698,1.0,0.7932485342025757
YDR490C,YBR072W,0,-3.001828,0.11379657685756683,1.0,0.7933486700057983
YGL185C,YAL060W,0,-3.0031412,0.11378384381532669,1.0,0.7934488654136658
YDR056C,YLR039C,0,-3.0034795,0.11377111822366714,1.0,0.7935490608215332
YER125W,YJL144W,0,-3.004271,0.1137583926320076,1.0,0.7936491966247559
YLR107W,YKL077W,0,-3.004463,0.11374566704034805,1.0,0.7937493920326233
YDR376W,YDL059C,0,-3.004699,0.1137329488992691,1.0,0.793849527835846
YOR057W,YJL108C,0,-3.0047443,0.11372023075819016,1.0,0.7939497232437134
YDR464W,YGL064C,0,-3.004907,0.1137075126171112,1.0,0.794049859046936
YJR006W,YGR046W,0,-3.0053759,0.11369480192661285,1.0,0.7941500544548035
YOR039W,YNL242W,0,-3.0053985,0.1136820912361145,1.0,0.7942502498626709
YNL118C,YML036W,0,-3.0063634,0.11366938799619675,1.0,0.7943503856658936
YBL011W,YGR055W,0,-3.0065038,0.11365668475627899,1.0,0.794450581073761
YDR329C,YJR132W,0,-3.006633,0.11364398151636124,1.0,0.7945507168769836
YJL029C,YPR122W,0,-3.0069005,0.11363128572702408,1.0,0.7946509122848511
YER120W,YNL039W,0,-3.007296,0.11361858993768692,1.0,0.7947510480880737
YMR087W,YHR154W,0,-3.0075274,0.11360590159893036,1.0,0.7948512434959412
YBR128C,YNR072W,0,-3.0077314,0.1135932058095932,1.0,0.7949514389038086
YOR279C,YGL226C-A,0,-3.0078206,0.11358052492141724,1.0,0.7950515747070312
YKL054C,YKL114C,0,-3.0102513,0.11356783658266068,1.0,0.7951517701148987
YLR200W,YPL049C,0,-3.0105824,0.11355515569448471,1.0,0.7952519059181213
YJL060W,YOR091W,0,-3.0110176,0.11354248225688934,1.0,0.7953521013259888
YIL139C,YHR149C,0,-3.0110614,0.11352980881929398,1.0,0.7954522967338562
YGL028C,YDL085W,0,-3.011308,0.11351713538169861,1.0,0.7955524325370789
YOR315W,YLR182W,0,-3.0115068,0.11350446194410324,1.0,0.7956526279449463
YOR068C,YBL030C,0,-3.0118601,0.11349179595708847,1.0,0.795752763748169
YPL174C,YJL078C,0,-3.0125098,0.1134791374206543,1.0,0.7958529591560364
YDR379W,YDL056W,0,-3.0126016,0.11346647143363953,1.0,0.795953094959259
YBR192W,YOL076W,0,-3.012937,0.11345381289720535,1.0,0.7960532903671265
YLL003W,YGR252W,0,-3.013202,0.11344116181135178,1.0,0.7961534857749939
YMR074C,YPR119W,0,-3.0139406,0.1134285107254982,1.0,0.7962536215782166
YEL043W,YDR364C,0,-3.013989,0.11341585963964462,1.0,0.796353816986084
YGL025C,YBR295W,0,-3.0142143,0.11340320855379105,1.0,0.7964539527893066
YOR290C,YOR080W,0,-3.0146344,0.11339056491851807,1.0,0.7965541481971741
YEL058W,YDL231C,0,-3.0146635,0.11337792873382568,1.0,0.7966542840003967
YKL116C,YGR052W,0,-3.015312,0.1133652850985527,1.0,0.7967544794082642
YGR010W,YGR113W,0,-3.0155787,0.11335265636444092,1.0,0.7968546748161316
YGL220W,YAL031C,0,-3.0157783,0.11334002017974854,1.0,0.7969548106193542
YBL112C,YPL160W,0,-3.0158463,0.11332739144563675,1.0,0.7970550060272217
YOR380W,YOR308C,0,-3.0174892,0.11331476271152496,1.0,0.7971551418304443
YJR053W,YNL101W,0,-3.0175738,0.11330214142799377,1.0,0.7972553372383118
YMR192W,YGL083W,0,-3.0175974,0.11328952014446259,1.0,0.7973555326461792
YNL142W,YCR002C,0,-3.0182679,0.1132768988609314,1.0,0.7974556684494019
YKL191W,YDR483W,0,-3.0182867,0.1132642850279808,1.0,0.7975558638572693
YPR042C,YGL226C-A,0,-3.018408,0.11325167119503021,1.0,0.7976559996604919
YNL048W,YGR056W,0,-3.0189784,0.11323905736207962,1.0,0.7977561950683594
YJR013W,YGR094W,0,-3.0206664,0.11322645097970963,1.0,0.797856330871582
YOL057W,YOR374W,0,-3.0210917,0.11321385204792023,1.0,0.7979565262794495
YLR004C,YER091C,0,-3.0212786,0.11320124566555023,1.0,0.7980567216873169
YER060W,YOR233W,0,-3.0215514,0.11318864673376083,1.0,0.7981568574905396
YPR134W,YER027C,0,-3.0220366,0.11317605525255203,1.0,0.798257052898407
YHR194W,YPL207W,0,-3.0222595,0.11316345632076263,1.0,0.7983571887016296
YPL018W,YBR002C,0,-3.022518,0.11315086483955383,1.0,0.7984573841094971
YDR422C,YIL019W,0,-3.0249946,0.11313828080892563,1.0,0.7985575199127197
YHL025W,YER168C,0,-3.0252037,0.11312569677829742,1.0,0.7986577153205872
YDR101C,YKL005C,0,-3.0255556,0.11311311274766922,1.0,0.7987579107284546
YDR229W,YLR228C,0,-3.0260448,0.11310053616762161,1.0,0.7988580465316772
YML016C,YJL095W,0,-3.0263076,0.113087959587574,1.0,0.7989582419395447
YDL200C,YNL078W,0,-3.0275052,0.1130753830075264,1.0,0.7990583777427673
YBR040W,YDR074W,0,-3.0275195,0.11306281387805939,1.0,0.7991585731506348
YPL123C,YBL021C,0,-3.0277882,0.11305024474859238,1.0,0.7992587685585022
YOR227W,YKR071C,0,-3.0278323,0.11303767561912537,1.0,0.7993589043617249
YMR227C,YHR025W,0,-3.0282078,0.11302511394023895,1.0,0.7994590997695923
YDR246W,YER100W,0,-3.028601,0.11301255971193314,1.0,0.7995592355728149
YMR192W,YPL188W,0,-3.0287611,0.11299999803304672,1.0,0.7996594309806824
YGL107C,YMR149W,0,-3.028798,0.1129874438047409,1.0,0.799759566783905
YMR015C,YKL011C,0,-3.0291054,0.11297489702701569,1.0,0.7998597621917725
YDR229W,YPL276W,0,-3.0292904,0.11296234279870987,1.0,0.7999599575996399
YDR134C,YBR156C,0,-3.0297077,0.11294980347156525,1.0,0.8000600934028625
YBR212W,YGR246C,0,-3.0298188,0.11293725669384003,1.0,0.80016028881073
YOR148C,YMR308C,0,-3.030349,0.1129247173666954,1.0,0.8002604246139526
YPL004C,YLR313C,0,-3.0307395,0.11291217803955078,1.0,0.8003606200218201
YGL050W,YPL209C,0,-3.0311158,0.11289964616298676,1.0,0.8004607558250427
YGR223C,YGL053W,0,-3.0312488,0.11288711428642273,1.0,0.8005609512329102
YDL205C,YDR284C,0,-3.0314076,0.1128745824098587,1.0,0.8006611466407776
YGL212W,YJL019W,0,-3.0319898,0.11286205798387527,1.0,0.8007612824440002
YOR060C,YOR079C,0,-3.0320332,0.11284953355789185,1.0,0.8008614778518677
YJR098C,YOL136C,0,-3.0325878,0.11283701658248901,1.0,0.8009616136550903
YMR205C,YIR009W,0,-3.0328975,0.11282449215650558,1.0,0.8010618090629578
YGR030C,YLR008C,0,-3.0330756,0.11281198263168335,1.0,0.8011620044708252
YDR078C,YJR112W,0,-3.0334527,0.11279946565628052,1.0,0.8012621402740479
YER051W,YDR177W,0,-3.03362,0.11278695613145828,1.0,0.8013623356819153
YDR151C,YDR365C,0,-3.0346742,0.11277445405721664,1.0,0.8014624714851379
YLR411W,YGL078C,0,-3.0349464,0.11276194453239441,1.0,0.8015626668930054
YER049W,YEL044W,0,-3.0355372,0.11274944245815277,1.0,0.801662802696228
YMR076C,YLR113W,0,-3.036033,0.11273694783449173,1.0,0.8017629981040955
YGL155W,YLR246W,0,-3.0374486,0.11272445321083069,1.0,0.8018631935119629
YNL136W,YOR219C,0,-3.038355,0.11271195858716965,1.0,0.8019633293151855
YKR077W,YPR186C,0,-3.0385816,0.1126994714140892,1.0,0.802063524723053
YLR265C,YKL145W,0,-3.0393984,0.11268698424100876,1.0,0.8021636605262756
YLR190W,YMR300C,0,-3.040247,0.11267449706792831,1.0,0.8022638559341431
YBR131W,YIL154C,0,-3.0410862,0.11266201734542847,1.0,0.8023639917373657
YCL016C,YER023W,0,-3.041647,0.11264953762292862,1.0,0.8024641871452332
YHR090C,YMR200W,0,-3.0430863,0.11263705790042877,1.0,0.8025643825531006
YDR011W,YFL048C,0,-3.0432694,0.11262458562850952,1.0,0.8026645183563232
YDR110W,YDL059C,0,-3.0433176,0.11261211335659027,1.0,0.8027647137641907
YMR022W,YDR247W,0,-3.0434005,0.11259964853525162,1.0,0.8028648495674133
YJR140C,YLR126C,0,-3.0437462,0.11258718371391296,1.0,0.8029650449752808
YOR290C,YOR288C,0,-3.0441442,0.11257471889257431,1.0,0.8030652403831482
YJL200C,YJR049C,0,-3.0445235,0.11256226152181625,1.0,0.8031653761863708
YNL212W,YHR154W,0,-3.044617,0.1125498041510582,1.0,0.8032655715942383
YJL112W,YMR017W,0,-3.0448308,0.11253734678030014,1.0,0.8033657073974609
YBL093C,YKL005C,0,-3.0470328,0.11252489686012268,1.0,0.8034659028053284
YLR037C,YHR157W,0,-3.0471246,0.11251244693994522,1.0,0.803566038608551
YJL108C,YGL113W,0,-3.0472143,0.11249999701976776,1.0,0.8036662340164185
YOL007C,YLR113W,0,-3.0475843,0.1124875545501709,1.0,0.8037664294242859
YDL114W,YER013W,0,-3.0476873,0.11247511953115463,1.0,0.8038665652275085
YBL075C,YGL198W,0,-3.0478995,0.11246267706155777,1.0,0.803966760635376
YOR265W,YNR035C,0,-3.048157,0.1124502420425415,1.0,0.8040668964385986
YNL191W,YKR054C,0,-3.0491831,0.11243781447410583,1.0,0.8041670918464661
YPR189W,YOL004W,0,-3.0495422,0.11242537945508957,1.0,0.8042672276496887
YIL142W,YLR153C,0,-3.049775,0.1124129518866539,1.0,0.8043674230575562
YDL051W,YDR301W,0,-3.0506713,0.11240053176879883,1.0,0.8044676184654236
YGR006W,YMR285C,0,-3.0507565,0.11238811165094376,1.0,0.8045677542686462
YPR005C,YNL025C,0,-3.0513356,0.11237569153308868,1.0,0.8046679496765137
YLR096W,YKR007W,0,-3.0515554,0.11236327141523361,1.0,0.8047680854797363
YPL253C,YMR286W,0,-3.0520403,0.11235085874795914,1.0,0.8048682808876038
YMR220W,YEL002C,0,-3.052986,0.11233845353126526,1.0,0.8049684166908264
YPR105C,YBL088C,0,-3.053514,0.11232604086399078,1.0,0.8050686120986938
YLR286C,YBL060W,0,-3.0537965,0.1123136356472969,1.0,0.8051688075065613
YDL198C,YOR216C,0,-3.054466,0.11230123788118362,1.0,0.8052689433097839
YDL045C,YBR193C,0,-3.0545628,0.11228884011507034,1.0,0.8053691387176514
YOR265W,YDR173C,0,-3.0548594,0.11227644234895706,1.0,0.805469274520874
YEL059C-A,YDR308C,0,-3.0554016,0.11226404458284378,1.0,0.8055694699287415
YKR069W,YNL292W,0,-3.0563931,0.1122516542673111,1.0,0.8056696653366089
YNR008W,YPR028W,0,-3.0564134,0.11223926395177841,1.0,0.8057698011398315
YJR151C,YJL140W,0,-3.0565555,0.11222688108682632,1.0,0.805869996547699
YNL248C,YOR086C,0,-3.0567107,0.11221449822187424,1.0,0.8059701323509216
YKR027W,YDR415C,0,-3.0568697,0.11220211535692215,1.0,0.8060703277587891
YHR047C,YJR120W,0,-3.0569534,0.11218973994255066,1.0,0.8061704635620117
YPR168W,YAL058W,0,-3.0577273,0.11217736452817917,1.0,0.8062706589698792
YBR208C,YLR263W,0,-3.057984,0.11216499656438828,1.0,0.8063708543777466
YPL022W,YLL053C,0,-3.058933,0.11215262115001678,1.0,0.8064709901809692
YLR182W,YGR158C,0,-3.059479,0.11214026063680649,1.0,0.8065711855888367
YER112W,YAL039C,0,-3.0601208,0.1121278926730156,1.0,0.8066713213920593
YOR034C,YML085C,0,-3.0603313,0.1121155321598053,1.0,0.8067715167999268
YDL033C,YBR042C,0,-3.0605268,0.112103171646595,1.0,0.8068716526031494
YLR467W,YLR163C,0,-3.0606878,0.1120908185839653,1.0,0.8069718480110168
YLR102C,YGL113W,0,-3.0607235,0.1120784655213356,1.0,0.8070720434188843
YOL078W,YIL026C,0,-3.0610754,0.1120661124587059,1.0,0.8071721792221069
YDR144C,YDR046C,0,-3.0627367,0.1120537668466568,1.0,0.8072723746299744
YBR012W-A,YGR188C,0,-3.0630195,0.1120414212346077,1.0,0.807372510433197
YMR238W,YKL132C,0,-3.0634115,0.11202908307313919,1.0,0.8074727058410645
YHR030C,YDL121C,0,-3.063554,0.11201674491167068,1.0,0.8075729012489319
YNL318C,YNL024C,0,-3.0645766,0.11200440675020218,1.0,0.8076730370521545
YGL192W,YPL138C,0,-3.0652297,0.11199206858873367,1.0,0.807773232460022
YDR259C,YLR390W-A,0,-3.0652406,0.11197973787784576,1.0,0.8078733682632446
YIR023W,YNL044W,0,-3.0653489,0.11196741461753845,1.0,0.8079735636711121
YML059C,YKL077W,0,-3.066982,0.11195508390665054,1.0,0.8080736994743347
YCL004W,YPL139C,0,-3.0673742,0.11194276064634323,1.0,0.8081738948822021
YPL019C,YBR125C,0,-3.0679214,0.11193044483661652,1.0,0.8082740902900696
YPL163C,YLR417W,0,-3.0681736,0.1119181215763092,1.0,0.8083742260932922
YLR019W,YDR528W,0,-3.0685775,0.11190581321716309,1.0,0.8084744215011597
YHR004C,YNL027W,0,-3.0689917,0.11189349740743637,1.0,0.8085745573043823
YBL047C,YML012W,0,-3.0701244,0.11188118904829025,1.0,0.8086747527122498
YDR320C,YOL101C,0,-3.0701783,0.11186888068914413,1.0,0.8087748885154724
YDR438W,YLR427W,0,-3.0708766,0.11185657978057861,1.0,0.8088750839233398
YOR279C,YJL213W,0,-3.0709448,0.11184427887201309,1.0,0.8089752793312073
YNL250W,YLR315W,0,-3.0713632,0.11183197796344757,1.0,0.8090754151344299
YGR003W,YIL173W,0,-3.072416,0.11181968450546265,1.0,0.8091756105422974
YDR288W,YDL164C,0,-3.072454,0.11180739104747772,1.0,0.80927574634552
YDL108W,YDR415C,0,-3.07284,0.1117950975894928,1.0,0.8093759417533875
YKL059C,YGR052W,0,-3.0728502,0.11178281158208847,1.0,0.8094761371612549
YCR036W,YPL119C,0,-3.0728884,0.11177052557468414,1.0,0.8095762729644775
YOR067C,YNL210W,0,-3.0731807,0.11175823956727982,1.0,0.809676468372345
YGL009C,YBR240C,0,-3.073356,0.11174596101045609,1.0,0.8097766041755676
YOR258W,YJL048C,0,-3.0734155,0.11173368245363235,1.0,0.8098767995834351
YLL053C,YDR412W,0,-3.0734837,0.11172141134738922,1.0,0.8099769353866577
YOR279C,YJL025W,0,-3.074732,0.11170914024114609,1.0,0.8100771307945251
YOR356W,YLR459W,0,-3.076206,0.11169686913490295,1.0,0.8101773262023926
YBR212W,YOR359W,0,-3.0776842,0.11168460547924042,1.0,0.8102774620056152
YML045W,YBR251W,0,-3.0779638,0.11167234182357788,1.0,0.8103776574134827
YAL028W,YDR388W,0,-3.078279,0.11166007816791534,1.0,0.8104777932167053
YFR005C,YBR198C,0,-3.0800188,0.1116478219628334,1.0,0.8105779886245728
YBR092C,YER155C,0,-3.080022,0.11163556575775146,1.0,0.8106781244277954
YLR413W,YBL074C,0,-3.0809157,0.11162330955266953,1.0,0.8107783198356628
YDR175C,YLR466W,0,-3.0812676,0.11161106079816818,1.0,0.8108785152435303
YLR201C,YJR042W,0,-3.0818315,0.11159881204366684,1.0,0.8109786510467529
YBR208C,YOL038W,0,-3.0824192,0.1115865707397461,1.0,0.8110788464546204
YPR108W,YMR257C,0,-3.0833218,0.11157432943582535,1.0,0.811178982257843
YER022W,YER130C,0,-3.0834742,0.1115620881319046,1.0,0.8112791776657104
YAL022C,YGR145W,0,-3.0836465,0.11154985427856445,1.0,0.8113793730735779
YMR261C,YDL123W,0,-3.0838003,0.1115376204252243,1.0,0.8114795088768005
YNL092W,YDL006W,0,-3.084367,0.11152538657188416,1.0,0.811579704284668
YKL067W,YCL016C,0,-3.0845928,0.1115131601691246,1.0,0.8116798400878906
YLR015W,YNL261W,0,-3.0852249,0.11150093376636505,1.0,0.8117800354957581
YNL294C,YDL217C,0,-3.0852902,0.1114887073636055,1.0,0.8118801712989807
YDR261C,YOL098C,0,-3.0861554,0.11147648841142654,1.0,0.8119803667068481
YPL209C,YDR080W,0,-3.0862973,0.11146426945924759,1.0,0.8120805621147156
YOL104C,YOR292C,0,-3.0875456,0.11145205795764923,1.0,0.8121806979179382
YMR097C,YGL211W,0,-3.0876667,0.11143983900547028,1.0,0.8122808933258057
YOR274W,YNR021W,0,-3.0882638,0.11142763495445251,1.0,0.8123810291290283
YER060W,YGL051W,0,-3.0891263,0.11141542345285416,1.0,0.8124812245368958
YDL144C,YCR012W,0,-3.089451,0.1114032194018364,1.0,0.8125813603401184
YPL135W,YDL006W,0,-3.089547,0.11139101535081863,1.0,0.8126815557479858
YHR204W,YPL280W,0,-3.0906024,0.11137881875038147,1.0,0.8127817511558533
YBR118W,YDL080C,0,-3.090823,0.1113666221499443,1.0,0.8128818869590759
YKL095W,YGR095C,0,-3.0922892,0.11135442554950714,1.0,0.8129820823669434
YCR081W,YEL031W,0,-3.0924218,0.11134223639965057,1.0,0.813082218170166
YJL019W,YPR030W,0,-3.0928257,0.111330047249794,1.0,0.8131824135780334
YNL036W,YER027C,0,-3.092981,0.11131786555051804,1.0,0.8132826089859009
YIL135C,YDR478W,0,-3.09314,0.11130568385124207,1.0,0.8133827447891235
YNL290W,YMR173W,0,-3.0931828,0.1112935021519661,1.0,0.813482940196991
YGR212W,YGL078C,0,-3.0940769,0.11128132045269012,1.0,0.8135830760002136
YOL122C,YHR185C,0,-3.09435,0.11126914620399475,1.0,0.813683271408081
YDR164C,YHR118C,0,-3.0949905,0.11125697195529938,1.0,0.8137834072113037
YDR253C,YFL047W,0,-3.095083,0.1112448051571846,1.0,0.8138836026191711
YEL039C,YGL210W,0,-3.0956285,0.11123263835906982,1.0,0.8139837980270386
YOL138C,YFL011W,0,-3.0958235,0.11122047156095505,1.0,0.8140839338302612
YHR190W,YKL168C,0,-3.0965955,0.11120831221342087,1.0,0.8141841292381287
YNL290W,YHL044W,0,-3.0973904,0.11119615286588669,1.0,0.8142842650413513
YML013W,YBR123C,0,-3.09744,0.11118399351835251,1.0,0.8143844604492188
YAL038W,YDR096W,0,-3.0974925,0.11117184162139893,1.0,0.8144845962524414
YEL019C,YDR309C,0,-3.0975935,0.11115968972444534,1.0,0.8145847916603088
YOL057W,YDR517W,0,-3.0976398,0.11114753782749176,1.0,0.8146849870681763
YNR030W,YOR092W,0,-3.0978532,0.11113539338111877,1.0,0.8147851228713989
YHR156C,YGL010W,0,-3.0985577,0.11112324893474579,1.0,0.8148853182792664
YNL068C,YOL082W,0,-3.0995579,0.1111111119389534,1.0,0.814985454082489
YLR008C,YNR024W,0,-3.0997105,0.11109897494316101,1.0,0.8150856494903564
YKL165C,YNR019W,0,-3.1004922,0.11108683794736862,1.0,0.8151858448982239
YKL140W,YGR238C,0,-3.100551,0.11107470840215683,1.0,0.8152859807014465
YKR044W,YPL019C,0,-3.1018834,0.11106257140636444,1.0,0.815386176109314
YLR286C,YML042W,0,-3.102006,0.11105044931173325,1.0,0.8154863119125366
YLR044C,YMR215W,0,-3.1022358,0.11103831976652145,1.0,0.815586507320404
YJL186W,YOR113W,0,-3.1023366,0.11102619767189026,1.0,0.8156866431236267
YGR144W,YOR381W,0,-3.1025279,0.11101408302783966,1.0,0.8157868385314941
YDR524C,YER154W,0,-3.102642,0.11100196093320847,1.0,0.8158870339393616
YJL133W,YPL233W,0,-3.1032484,0.11098985373973846,1.0,0.8159871697425842
YOL067C,YAL002W,0,-3.103913,0.11097773909568787,1.0,0.8160873651504517
YPL018W,YNL133C,0,-3.1039345,0.11096563190221786,1.0,0.8161875009536743
YKR104W,YJR033C,0,-3.1045215,0.11095352470874786,1.0,0.8162876963615417
YHR206W,YNL258C,0,-3.1052306,0.11094141751527786,1.0,0.8163878321647644
YNL298W,YER126C,0,-3.1077807,0.11092931777238846,1.0,0.8164880275726318
YDR347W,YKL095W,0,-3.107817,0.11091721802949905,1.0,0.8165882229804993
YBL103C,YPL121C,0,-3.1089346,0.11090512573719025,1.0,0.8166883587837219
YOR189W,YPL244C,0,-3.1098638,0.11089303344488144,1.0,0.8167885541915894
YDR423C,YJL173C,0,-3.1100848,0.11088094115257263,1.0,0.816888689994812
YIR018W,YLR023C,0,-3.1111085,0.11086885631084442,1.0,0.8169888854026794
YPL127C,YBR301W,0,-3.111448,0.11085677146911621,1.0,0.8170890808105469
YOL067C,YER111C,0,-3.1119206,0.110844686627388,1.0,0.8171892166137695
YMR172W,YML088W,0,-3.1122415,0.11083260923624039,1.0,0.817289412021637
YML128C,YDR435C,0,-3.1126616,0.11082053184509277,1.0,0.8173895478248596
YGL190C,YMR020W,0,-3.1128156,0.11080845445394516,1.0,0.817489743232727
YPL068C,YKL145W,0,-3.112942,0.11079638451337814,1.0,0.8175898790359497
YOR294W,YCL036W,0,-3.1151042,0.11078431457281113,1.0,0.8176900744438171
YNL128W,YFR031C,0,-3.116926,0.11077224463224411,1.0,0.8177902698516846
YHL006C,YGL092W,0,-3.1175654,0.11076018214225769,1.0,0.8178904056549072
YBR222C,YPL148C,0,-3.1176755,0.11074811965227127,1.0,0.8179906010627747
YOR145C,YOR192C,0,-3.1192577,0.11073606461286545,1.0,0.8180907368659973
YCL039W,YMR088C,0,-3.119362,0.11072400957345963,1.0,0.8181909322738647
YDR217C,YJL079C,0,-3.1198995,0.1107119545340538,1.0,0.8182910680770874
YMR123W,YHR079C,0,-3.1208298,0.11069989949464798,1.0,0.8183912634849548
YBL089W,YNR024W,0,-3.1222575,0.11068785190582275,1.0,0.8184914588928223
YOR279C,YAL062W,0,-3.1224985,0.11067580431699753,1.0,0.8185915946960449
YLR283W,YDR044W,0,-3.1226962,0.1106637641787529,1.0,0.8186917901039124
YKL043W,YDR056C,0,-3.1226962,0.11065172404050827,1.0,0.818791925907135
YPL148C,YJR101W,0,-3.1228912,0.11063968390226364,1.0,0.8188921213150024
YLR154C,YMR304W,0,-3.1244528,0.11062765121459961,1.0,0.8189922571182251
YKL203C,YDR437W,0,-3.124677,0.11061561852693558,1.0,0.8190924525260925
YDR179C,YMR006C,0,-3.1250408,0.11060358583927155,1.0,0.81919264793396
YLR025W,YAR031W,0,-3.1259773,0.11059156060218811,1.0,0.8192927837371826
YHL006C,YIL009W,0,-3.1261275,0.11057953536510468,1.0,0.81939297914505
YDR077W,YDR276C,0,-3.1264508,0.11056751757860184,1.0,0.8194931149482727
YMR321C,YER184C,0,-3.1270816,0.1105554923415184,1.0,0.8195933103561401
YDR131C,YGR222W,0,-3.1273081,0.11054347455501556,1.0,0.8196935057640076
YOL030W,YIL090W,0,-3.1281307,0.11053146421909332,1.0,0.8197936415672302
YPL043W,YML099C,0,-3.1285183,0.11051945388317108,1.0,0.8198938369750977
YLR028C,YDL107W,0,-3.1292803,0.11050744354724884,1.0,0.8199939727783203
YBL088C,YDR190C,0,-3.1293726,0.1104954332113266,1.0,0.8200941681861877
YPR048W,YLR313C,0,-3.1296217,0.11048343032598495,1.0,0.8201943039894104
YOR264W,YGL087C,0,-3.1300154,0.11047143489122391,1.0,0.8202944993972778
YJL178C,YKL026C,0,-3.1303542,0.11045943200588226,1.0,0.8203946948051453
YBL023C,YML030W,0,-3.1304963,0.11044743657112122,1.0,0.8204948306083679
YHL036W,YOR004W,0,-3.1304967,0.11043544113636017,1.0,0.8205950260162354
YPL018W,YPR120C,0,-3.1311347,0.11042345315217972,1.0,0.820695161819458
YLL004W,YDL119C,0,-3.1318796,0.11041146516799927,1.0,0.8207953572273254
YBR001C,YGR135W,0,-3.1335733,0.11039947718381882,1.0,0.8208954930305481
YGL096W,YCL052C,0,-3.1356745,0.11038749665021896,1.0,0.8209956884384155
YDL046W,YEL069C,0,-3.1376321,0.11037551611661911,1.0,0.821095883846283
YNL331C,YPL276W,0,-3.138059,0.11036353558301926,1.0,0.8211960196495056
YER028C,YOL028C,0,-3.1410816,0.1103515625,1.0,0.821296215057373
YIL013C,YDL211C,0,-3.1411374,0.11033958941698074,1.0,0.8213963508605957
YBL076C,YOL090W,0,-3.141559,0.11032761633396149,1.0,0.8214965462684631
YJL058C,YIL132C,0,-3.1426163,0.11031565070152283,1.0,0.8215967416763306
YNL232W,YOR109W,0,-3.144756,0.11030368506908417,1.0,0.8216968774795532
YJR150C,YLR139C,0,-3.1452858,0.1102917268872261,1.0,0.8217970728874207
YMR089C,YBR123C,0,-3.1455104,0.11027976870536804,1.0,0.8218972086906433
YGL073W,YKL062W,0,-3.146796,0.11026781052350998,1.0,0.8219974040985107
YPL091W,YOR306C,0,-3.1471546,0.11025585234165192,1.0,0.8220975399017334
YGR171C,YOR324C,0,-3.1482227,0.11024390161037445,1.0,0.8221977353096008
YGL098W,YMR281W,0,-3.1483839,0.11023195087909698,1.0,0.8222979307174683
YHR160C,YNR016C,0,-3.149877,0.11022000759840012,1.0,0.8223980665206909
YFR027W,YLR141W,0,-3.1507373,0.11020806431770325,1.0,0.8224982619285583
YOR195W,YPR071W,0,-3.1513367,0.11019612103700638,1.0,0.822598397731781
YDL085W,YJR063W,0,-3.152642,0.1101841852068901,1.0,0.8226985931396484
YOR285W,YDL106C,0,-3.1526499,0.11017224937677383,1.0,0.8227987289428711
YMR131C,YOR239W,0,-3.153828,0.11016031354665756,1.0,0.8228989243507385
YER115C,YMR039C,0,-3.1547503,0.11014837771654129,1.0,0.822999119758606
YNL119W,YAL068C,0,-3.1548998,0.11013644933700562,1.0,0.8230992555618286
YGL027C,YDR503C,0,-3.1551206,0.11012452840805054,1.0,0.823199450969696
YDR262W,YPL175W,0,-3.1555278,0.11011260002851486,1.0,0.8232995867729187
YPL179W,YDL140C,0,-3.1560123,0.11010067909955978,1.0,0.8233997821807861
YOR382W,YJR013W,0,-3.1560736,0.1100887656211853,1.0,0.8234999775886536
YJR158W,YNL199C,0,-3.156286,0.11007684469223022,1.0,0.8236001133918762
YKL078W,YMR009W,0,-3.1574285,0.11006493866443634,1.0,0.8237003087997437
YDR425W,YAL041W,0,-3.1577399,0.11005302518606186,1.0,0.8238004446029663
YPR125W,YDL216C,0,-3.158016,0.11004111915826797,1.0,0.8239006400108337
YIL002C,YER045C,0,-3.1587222,0.11002921313047409,1.0,0.8240007758140564
YER013W,YGR161C,0,-3.158973,0.1100173071026802,1.0,0.8241009712219238
YBR066C,YER093C,0,-3.1598477,0.11000540852546692,1.0,0.8242011666297913
YJR155W,YHR120W,0,-3.1601052,0.10999350994825363,1.0,0.8243013024330139
YMR313C,YMR100W,0,-3.1611738,0.10998161882162094,1.0,0.8244014978408813
YER036C,YNL325C,0,-3.1622093,0.10996972024440765,1.0,0.824501633644104
YMR295C,YDL109C,0,-3.1632822,0.10995783656835556,1.0,0.8246018290519714
YIL002C,YIR032C,0,-3.1634762,0.10994594544172287,1.0,0.8247019648551941
YOR291W,YGR071C,0,-3.1638758,0.10993406176567078,1.0,0.8248021602630615
YNL309W,YPR008W,0,-3.1644351,0.10992217808961868,1.0,0.824902355670929
YML045W,YPR095C,0,-3.1651082,0.10991030186414719,1.0,0.8250024914741516
YMR013C,YDR014W,0,-3.1659353,0.10989842563867569,1.0,0.825102686882019
YBL038W,YJL095W,0,-3.166293,0.1098865494132042,1.0,0.8252028226852417
YNL117W,YLR313C,0,-3.1667602,0.1098746731877327,1.0,0.8253030180931091
YLR147C,YDR244W,0,-3.166787,0.1098628044128418,1.0,0.8254032135009766
YIR004W,YHR101C,0,-3.1672726,0.1098509430885315,1.0,0.8255033493041992
YCR054C,YCR011C,0,-3.16772,0.1098390743136406,1.0,0.8256035447120667
YKL058W,YKL048C,0,-3.168617,0.10982721298933029,1.0,0.8257036805152893
YML101C,YMR200W,0,-3.168699,0.10981535166501999,1.0,0.8258038759231567
YNL129W,YDR107C,0,-3.1691983,0.10980349779129028,1.0,0.8259040117263794
YOL111C,YOR081C,0,-3.1707735,0.10979164391756058,1.0,0.8260042071342468
YDR518W,YLR078C,0,-3.1717033,0.10977979004383087,1.0,0.8261044025421143
YOL012C,YEL022W,0,-3.1720319,0.10976794362068176,1.0,0.8262045383453369
YIL126W,YDR315C,0,-3.1722286,0.10975609719753265,1.0,0.8263047337532043
YJL166W,YDL008W,0,-3.1724436,0.10974425077438354,1.0,0.826404869556427
YOR119C,YOR317W,0,-3.174092,0.10973241180181503,1.0,0.8265050649642944
YNL267W,YJL141C,0,-3.1751552,0.10972057282924652,1.0,0.8266052007675171
YNL262W,YDR173C,0,-3.1761937,0.1097087413072586,1.0,0.8267053961753845
YLL024C,YHR029C,0,-3.1764371,0.1096969023346901,1.0,0.826805591583252
YDL206W,YFL056C,0,-3.1765354,0.10968507081270218,1.0,0.8269057273864746
YNL008C,YOR027W,0,-3.1768024,0.10967324674129486,1.0,0.827005922794342
YKL061W,YMR009W,0,-3.1774824,0.10966142266988754,1.0,0.8271060585975647
YDR254W,YJL106W,0,-3.1790144,0.10964959859848022,1.0,0.8272062540054321
YIL155C,YCL024W,0,-3.1794884,0.1096377745270729,1.0,0.8273064494132996
YPL130W,YHR143W,0,-3.1795132,0.10962595790624619,1.0,0.8274065852165222
YNL248C,YOR189W,0,-3.1795237,0.10961414128541946,1.0,0.8275067806243896
YPL033C,YMR204C,0,-3.180013,0.10960232466459274,1.0,0.8276069164276123
YBR291C,YDL217C,0,-3.180146,0.10959051549434662,1.0,0.8277071118354797
YIL173W,YJL225C,0,-3.1805785,0.1095787063241005,1.0,0.8278072476387024
YDR128W,YKL143W,0,-3.1808193,0.10956690460443497,1.0,0.8279074430465698
YDR463W,YEL005C,0,-3.182698,0.10955510288476944,1.0,0.8280076384544373
YNL070W,YMR156C,0,-3.1827915,0.10954330116510391,1.0,0.8281077742576599
YEL013W,YOL070C,0,-3.1829312,0.10953149944543839,1.0,0.8282079696655273
YBL078C,YNL054W,0,-3.183419,0.10951970517635345,1.0,0.82830810546875
YAR019C,YNL271C,0,-3.183699,0.10950791090726852,1.0,0.8284083008766174
YDR092W,YBL088C,0,-3.1849248,0.10949612408876419,1.0,0.8285084366798401
YHR005C,YDR204W,0,-3.1859171,0.10948433727025986,1.0,0.8286086320877075
YMR059W,YBR023C,0,-3.1862261,0.10947255045175552,1.0,0.828708827495575
YHL008C,YCL069W,0,-3.1873846,0.10946077108383179,1.0,0.8288089632987976
YDR297W,YPL011C,0,-3.187906,0.10944899171590805,1.0,0.828909158706665
YHR158C,YBR279W,0,-3.1884787,0.10943721234798431,1.0,0.8290092945098877
YKL069W,YMR228W,0,-3.188678,0.10942543298006058,1.0,0.8291094899177551
YHR024C,YMR008C,0,-3.1888232,0.10941366106271744,1.0,0.8292096853256226
YDR378C,YAR018C,0,-3.1898413,0.1094018965959549,1.0,0.8293098211288452
YNR022C,YMR213W,0,-3.1902673,0.10939012467861176,1.0,0.8294100165367126
YPR002W,YJR131W,0,-3.1903613,0.10937836021184921,1.0,0.8295101523399353
YHR017W,YNL026W,0,-3.1909454,0.10936659574508667,1.0,0.8296103477478027
YKL099C,YOR081C,0,-3.1916091,0.10935483872890472,1.0,0.8297104835510254
YGL104C,YDR217C,0,-3.1917846,0.10934308171272278,1.0,0.8298106789588928
YNL219C,YIR031C,0,-3.1923554,0.10933132469654083,1.0,0.8299108743667603
YGL172W,YDR052C,0,-3.193001,0.10931957513093948,1.0,0.8300110101699829
YMR013C,YDL039C,0,-3.1931636,0.10930782556533813,1.0,0.8301112055778503
YDR353W,YGR143W,0,-3.1932251,0.10929607599973679,1.0,0.830211341381073
YHR099W,YKR054C,0,-3.1932654,0.10928433388471603,1.0,0.8303115367889404
YMR290C,YAL053W,0,-3.193591,0.10927259176969528,1.0,0.8304116725921631
YIR032C,YML102W,0,-3.1936347,0.10926084965467453,1.0,0.8305118680000305
YPR198W,YDL171C,0,-3.1939602,0.10924911499023438,1.0,0.830612063407898
YGR057C,YDL031W,0,-3.1954358,0.10923738032579422,1.0,0.8307121992111206
YNL045W,YJL219W,0,-3.1956303,0.10922564566135406,1.0,0.830812394618988
YHL034C,YBR213W,0,-3.1956317,0.1092139184474945,1.0,0.8309125304222107
YGL050W,YNL101W,0,-3.195956,0.10920219123363495,1.0,0.8310127258300781
YKL119C,YIL172C,0,-3.1964486,0.10919046401977539,1.0,0.8311129212379456
YPL076W,YIL037C,0,-3.196852,0.10917874425649643,1.0,0.8312130570411682
YHR172W,YDR466W,0,-3.1969745,0.10916702449321747,1.0,0.8313132524490356
YPL022W,YER171W,0,-3.1974947,0.10915530472993851,1.0,0.8314133882522583
YER072W,YDL149W,0,-3.1975312,0.10914359241724014,1.0,0.8315135836601257
YJR035W,YMR183C,0,-3.1976593,0.10913188010454178,1.0,0.8316137194633484
YDL179W,YER031C,0,-3.1977727,0.10912017524242401,1.0,0.8317139148712158
YOL165C,YIL056W,0,-3.1982386,0.10910846292972565,1.0,0.8318141102790833
YNL194C,YOL012C,0,-3.1985238,0.10909675806760788,1.0,0.8319142460823059
YJL127C,YDL190C,0,-3.1997075,0.10908506065607071,1.0,0.8320144414901733
YDL129W,YOR004W,0,-3.2001588,0.10907335579395294,1.0,0.832114577293396
YEL006W,YOR080W,0,-3.200177,0.10906166583299637,1.0,0.8322147727012634
YGR057C,YKL081W,0,-3.2004178,0.1090499684214592,1.0,0.8323149085044861
YMR130W,YJR126C,0,-3.2005546,0.10903827846050262,1.0,0.8324151039123535
YDL138W,YML096W,0,-3.201176,0.10902658849954605,1.0,0.832515299320221
YDR423C,YPL239W,0,-3.201207,0.10901489853858948,1.0,0.8326154351234436
YPL018W,YBR029C,0,-3.202954,0.1090032160282135,1.0,0.832715630531311
YLR009W,YDL085W,0,-3.2040455,0.10899153351783752,1.0,0.8328157663345337
YIL108W,YGR055W,0,-3.2040865,0.10897985100746155,1.0,0.8329159617424011
YOR313C,YLL033W,0,-3.2060401,0.10896817594766617,1.0,0.8330161571502686
YFL054C,YOR113W,0,-3.2061353,0.10895650088787079,1.0,0.8331162929534912
YBR045C,YDR034C,0,-3.206224,0.108944833278656,1.0,0.8332164883613586
YER109C,YPL019C,0,-3.2066548,0.10893316566944122,1.0,0.8333166241645813
YLR208W,YOR079C,0,-3.207244,0.10892149806022644,1.0,0.8334168195724487
YGL210W,YPR162C,0,-3.2074378,0.10890983045101166,1.0,0.8335169553756714
YLR467W,YBR085W,0,-3.2080042,0.10889817029237747,1.0,0.8336171507835388
YNL273W,YOL028C,0,-3.2085621,0.10888651013374329,1.0,0.8337173461914062
YHR135C,YDR439W,0,-3.208804,0.1088748499751091,1.0,0.8338174819946289
YLR356W,YMR075W,0,-3.2094233,0.10886319726705551,1.0,0.8339176774024963
YKL179C,YHR073W,0,-3.2095869,0.10885154455900192,1.0,0.834017813205719
YGL251C,YNL153C,0,-3.210082,0.10883989930152893,1.0,0.8341180086135864
YNL045W,YBR158W,0,-3.210327,0.10882825404405594,1.0,0.8342181444168091
YHR204W,YNL236W,0,-3.210368,0.10881660878658295,1.0,0.8343183398246765
YKL017C,YPL233W,0,-3.210711,0.10880496352910995,1.0,0.834418535232544
YDR534C,YDL007W,0,-3.2111814,0.10879332572221756,1.0,0.8345186710357666
YAL048C,YNL062C,0,-3.2111816,0.10878168791532516,1.0,0.834618866443634
YFR021W,YHR184W,0,-3.2112684,0.10877005010843277,1.0,0.8347190022468567
YMR176W,YDR303C,0,-3.211418,0.10875841975212097,1.0,0.8348191976547241
YBL075C,YMR048W,0,-3.2125435,0.10874678939580917,1.0,0.8349193334579468
YOR267C,YBR055C,0,-3.2128801,0.10873516649007797,1.0,0.8350195288658142
YIR011C,YBL075C,0,-3.2130425,0.10872354358434677,1.0,0.8351197242736816
YGR007W,YGR292W,0,-3.2131999,0.10871192067861557,1.0,0.8352198600769043
YLR158C,YBR059C,0,-3.2139494,0.10870029777288437,1.0,0.8353200554847717
YKR078W,YCR010C,0,-3.2140963,0.10868868231773376,1.0,0.8354201912879944
YPR167C,YPR110C,0,-3.2141466,0.10867706686258316,1.0,0.8355203866958618
YBR028C,YDR415C,0,-3.2151592,0.10866545885801315,1.0,0.8356205821037292
YJR160C,YKL062W,0,-3.2152681,0.10865384340286255,1.0,0.8357207179069519
YIL080W,YLL067C,0,-3.2160656,0.10864223539829254,1.0,0.8358209133148193
YER083C,YBL088C,0,-3.2165477,0.10863063484430313,1.0,0.835921049118042
YGR279C,YDL107W,0,-3.217894,0.10861903429031372,1.0,0.8360212445259094
YNL128W,YOL129W,0,-3.2180104,0.10860743373632431,1.0,0.8361213803291321
YLR425W,YKL192C,0,-3.2187831,0.1085958331823349,1.0,0.8362215757369995
YBR286W,YGL083W,0,-3.2202919,0.10858424007892609,1.0,0.8363217711448669
YIL051C,YML042W,0,-3.2208607,0.10857264697551727,1.0,0.8364219069480896
YDR205W,YDR207C,0,-3.2213252,0.10856106132268906,1.0,0.836522102355957
YER099C,YOR131C,0,-3.221543,0.10854946821928024,1.0,0.8366222381591797
YPR134W,YGR238C,0,-3.221556,0.10853789001703262,1.0,0.8367224335670471
YPL210C,YOL147C,0,-3.2216198,0.1085263043642044,1.0,0.8368225693702698
YPR168W,YCR077C,0,-3.2216876,0.10851472616195679,1.0,0.8369227647781372
YPR017C,YJR138W,0,-3.222373,0.10850314795970917,1.0,0.8370229601860046
YNL298W,YPR143W,0,-3.2223957,0.10849156975746155,1.0,0.8371230959892273
YBL054W,YCR030C,0,-3.2231834,0.10847999900579453,1.0,0.8372232913970947
YPR042C,YDR204W,0,-3.223233,0.1084684282541275,1.0,0.8373234272003174
YOR351C,YLR167W,0,-3.2236617,0.10845686495304108,1.0,0.8374236226081848
YOL136C,YCR107W,0,-3.224231,0.10844529420137405,1.0,0.8375238180160522
YJL186W,YIR012W,0,-3.2248597,0.10843373835086823,1.0,0.8376239538192749
YMR175W,YOR348C,0,-3.2249682,0.1084221750497818,1.0,0.8377241492271423
YOR358W,YMR292W,0,-3.2256963,0.10841061919927597,1.0,0.837824285030365
YDR205W,YBL014C,0,-3.2256973,0.10839906334877014,1.0,0.8379244804382324
YOL043C,YER040W,0,-3.2260916,0.10838750749826431,1.0,0.8380246162414551
YDL154W,YHR009C,0,-3.2262108,0.10837595909833908,1.0,0.8381248116493225
YKR104W,YPR148C,0,-3.2263854,0.10836441069841385,1.0,0.8382250070571899
YOR306C,YCR052W,0,-3.2272518,0.10835286229848862,1.0,0.8383251428604126
YGL241W,YNL062C,0,-3.2282038,0.10834132134914398,1.0,0.83842533826828
YDL102W,YDR166C,0,-3.229264,0.10832978039979935,1.0,0.8385254740715027
YPR024W,YCR014C,0,-3.2302322,0.10831824690103531,1.0,0.8386256694793701
YBR159W,YDL200C,0,-3.230333,0.10830670595169067,1.0,0.8387258052825928
YBL058W,YER123W,0,-3.2318842,0.10829517990350723,1.0,0.8388260006904602
YER062C,YGR224W,0,-3.232723,0.1082836464047432,1.0,0.8389261960983276
YGL148W,YFR031C,0,-3.2336473,0.10827212035655975,1.0,0.8390263319015503
YLR220W,YPL259C,0,-3.2340019,0.10826059430837631,1.0,0.8391265273094177
YML115C,YGR060W,0,-3.2344265,0.10824906826019287,1.0,0.8392266631126404
YGR279C,YGL053W,0,-3.2353425,0.10823754966259003,1.0,0.8393268585205078
YHR080C,YER147C,0,-3.236393,0.10822603106498718,1.0,0.8394270539283752
YOL043C,YJR048W,0,-3.2365944,0.10821451246738434,1.0,0.8395271897315979
YAL023C,YJR031C,0,-3.2371242,0.10820300132036209,1.0,0.8396273851394653
YMR019W,YLR045C,0,-3.2373996,0.10819149017333984,1.0,0.839727520942688
YBL075C,YHR157W,0,-3.2374282,0.1081799790263176,1.0,0.8398277163505554
YOR348C,YDR300C,0,-3.2382417,0.10816847532987595,1.0,0.8399278521537781
YLR446W,YMR304W,0,-3.2384403,0.1081569716334343,1.0,0.8400280475616455
YGL190C,YHR129C,0,-3.2385552,0.10814546793699265,1.0,0.8401282429695129
YDR326C,YEL065W,0,-3.2396827,0.10813397169113159,1.0,0.8402283787727356
YLR142W,YOR110W,0,-3.2401083,0.10812247544527054,1.0,0.840328574180603
YGL005C,YML051W,0,-3.2408597,0.10811097919940948,1.0,0.8404287099838257
YDR211W,YJL030W,0,-3.2413452,0.10809949040412903,1.0,0.8405289053916931
YFL025C,YDR254W,0,-3.2413545,0.10808800160884857,1.0,0.8406290411949158
YBR208C,YLR359W,0,-3.2416384,0.10807651281356812,1.0,0.8407292366027832
YGL135W,YDL175C,0,-3.2425177,0.10806503146886826,1.0,0.8408294320106506
YLR289W,YPL200W,0,-3.2432616,0.1080535501241684,1.0,0.8409295678138733
YDR402C,YMR098C,0,-3.2435737,0.10804206877946854,1.0,0.8410297632217407
YIL106W,YIL078W,0,-3.2444966,0.10803059488534927,1.0,0.8411298990249634
YNL339C,YIL038C,0,-3.244755,0.10801912099123001,1.0,0.8412300944328308
YOR071C,YOR129C,0,-3.2453961,0.10800764709711075,1.0,0.8413302898406982
YJL162C,YML102W,0,-3.245683,0.10799618065357208,1.0,0.8414304256439209
YKL013C,YNL175C,0,-3.2484324,0.10798470675945282,1.0,0.8415306210517883
YIL022W,YNL218W,0,-3.2487898,0.10797324776649475,1.0,0.841630756855011
YLR234W,YGR191W,0,-3.2488363,0.10796178132295609,1.0,0.8417309522628784
YMR125W,YJR027W,0,-3.2488549,0.10795032232999802,1.0,0.8418310880661011
YJR089W,YNL308C,0,-3.2503078,0.10793886333703995,1.0,0.8419312834739685
YLR348C,YPR108W,0,-3.250499,0.10792741179466248,1.0,0.8420314788818359
YOR386W,YOL156W,0,-3.2508967,0.107915960252285,1.0,0.8421316146850586
YEL021W,YHL008C,0,-3.25095,0.10790450870990753,1.0,0.842231810092926
YKL201C,YOR353C,0,-3.2509954,0.10789306461811066,1.0,0.8423319458961487
YKL069W,YMR182C,0,-3.2517712,0.10788161307573318,1.0,0.8424321413040161
YHL019C,YOL095C,0,-3.2523916,0.1078701764345169,1.0,0.8425322771072388
YPL091W,YOR363C,0,-3.2540267,0.10785873234272003,1.0,0.8426324725151062
YOL107W,YLR182W,0,-3.2544148,0.10784729570150375,1.0,0.8427326679229736
YDR410C,YBR168W,0,-3.2545636,0.10783585906028748,1.0,0.8428328037261963
YDL087C,YBL072C,0,-3.2552938,0.1078244298696518,1.0,0.8429329991340637
YDR201W,YML116W,0,-3.2558444,0.10781299322843552,1.0,0.8430331349372864
YIL062C,YBR198C,0,-3.2559178,0.10780157148838043,1.0,0.8431333303451538
YOR393W,YPL137C,0,-3.2562177,0.10779014229774475,1.0,0.8432335257530212
YDR317W,YLR451W,0,-3.2570345,0.10777872055768967,1.0,0.8433336615562439
YPR026W,YER068W,0,-3.2570639,0.10776729881763458,1.0,0.8434338569641113
YER090W,YLR008C,0,-3.2573817,0.1077558770775795,1.0,0.843533992767334
YPL195W,YCL066W,0,-3.2577279,0.10774446278810501,1.0,0.8436341881752014
YDR376W,YKR019C,0,-3.258003,0.10773304849863052,1.0,0.8437343239784241
YHR146W,YNL158W,0,-3.2597463,0.10772164165973663,1.0,0.8438345193862915
YGR234W,YMR046C,0,-3.2599785,0.10771022737026215,1.0,0.8439347147941589
YPR149W,YGR204W,0,-3.260379,0.10769882798194885,1.0,0.8440348505973816
YBL068W,YGR175C,0,-3.2607033,0.10768742114305496,1.0,0.844135046005249
YKR026C,YLR364W,0,-3.2611835,0.10767602175474167,1.0,0.8442351818084717
YPR180W,YLR394W,0,-3.2616441,0.10766462236642838,1.0,0.8443353772163391
YGR217W,YOR138C,0,-3.2624333,0.10765322297811508,1.0,0.8444355130195618
YDR177W,YLR427W,0,-3.2627392,0.10764183104038239,1.0,0.8445357084274292
YPR167C,YIL143C,0,-3.2628682,0.10763043910264969,1.0,0.8446359038352966
YOL062C,YHR129C,0,-3.2636573,0.10761904716491699,1.0,0.8447360396385193
YLR363C,YBL055C,0,-3.2642453,0.10760766267776489,1.0,0.8448362350463867
YJL214W,YHR057C,0,-3.2647834,0.10759627819061279,1.0,0.8449363708496094
YMR042W,YNL288W,0,-3.2649696,0.1075848937034607,1.0,0.8450365662574768
YJL024C,YLR172C,0,-3.266512,0.10757351666688919,1.0,0.8451367616653442
YPL177C,YGR010W,0,-3.2670317,0.10756213963031769,1.0,0.8452368974685669
YBR066C,YMR232W,0,-3.2672358,0.10755076259374619,1.0,0.8453370928764343
YNR070W,YJL003W,0,-3.2675483,0.10753938555717468,1.0,0.845437228679657
YDL206W,YGL183C,0,-3.2675483,0.10752801597118378,1.0,0.8455374240875244
YOL057W,YJL171C,0,-3.267832,0.10751665383577347,1.0,0.8456375598907471
YGL212W,YCL054W,0,-3.2688184,0.10750528424978256,1.0,0.8457377552986145
YJR108W,YKL170W,0,-3.2688754,0.10749392211437225,1.0,0.8458379507064819
YDR422C,YDR481C,0,-3.2690637,0.10748255997896194,1.0,0.8459380865097046
YJR092W,YHR146W,0,-3.2691467,0.10747120529413223,1.0,0.846038281917572
YCR086W,YBR257W,0,-3.2698233,0.10745985060930252,1.0,0.8461384177207947
YGR103W,YJL030W,0,-3.2714174,0.10744849592447281,1.0,0.8462386131286621
YMR051C,YDR448W,0,-3.2715142,0.1074371412396431,1.0,0.8463387489318848
YDL175C,YGR155W,0,-3.2735796,0.10742579400539398,1.0,0.8464389443397522
YLR010C,YGL174W,0,-3.2737014,0.10741444677114487,1.0,0.8465391397476196
YKL116C,YHR033W,0,-3.2760503,0.10740310698747635,1.0,0.8466392755508423
YOL123W,YLR315W,0,-3.276327,0.10739175975322723,1.0,0.8467394709587097
YBR041W,YGL238W,0,-3.2764857,0.10738042742013931,1.0,0.8468396067619324
YOR172W,YDR416W,0,-3.277404,0.1073690876364708,1.0,0.8469398021697998
YKL166C,YKR008W,0,-3.2779307,0.10735775530338287,1.0,0.8470399975776672
YBR291C,YNR052C,0,-3.2797897,0.10734642297029495,1.0,0.8471401333808899
YPR071W,YDR259C,0,-3.2802267,0.10733509063720703,1.0,0.8472403287887573
YBR207W,YML040W,0,-3.2805097,0.10732376575469971,1.0,0.84734046459198
YNR008W,YKL003C,0,-3.280989,0.10731244087219238,1.0,0.8474406599998474
YLR165C,YPL196W,0,-3.2810612,0.10730111598968506,1.0,0.8475407958030701
YDR079W,YDL085W,0,-3.281831,0.10728979855775833,1.0,0.8476409912109375
YLR207W,YPR072W,0,-3.281903,0.1072784811258316,1.0,0.8477411866188049
YPL174C,YHR114W,0,-3.2820678,0.10726716369390488,1.0,0.8478413224220276
YDL059C,YDL185W,0,-3.282705,0.10725585371255875,1.0,0.847941517829895
YLR025W,YKR103W,0,-3.283594,0.10724454373121262,1.0,0.8480416536331177
YER044C,YLR440C,0,-3.2837145,0.10723323374986649,1.0,0.8481418490409851
YKL067W,YDR246W,0,-3.2837873,0.10722193121910095,1.0,0.8482419848442078
YOR254C,YGR218W,0,-3.2840495,0.10721062868833542,1.0,0.8483421802520752
YIR011C,YHL011C,0,-3.2844207,0.10719932615756989,1.0,0.8484423756599426
YCR046C,YIR002C,0,-3.2849085,0.10718802362680435,1.0,0.8485425114631653
YLR433C,YDL190C,0,-3.2849817,0.10717672854661942,1.0,0.8486427068710327
YJR026W,YPL013C,0,-3.2853487,0.10716544091701508,1.0,0.8487428426742554
YHR202W,YIL072W,0,-3.2855623,0.10715414583683014,1.0,0.8488430380821228
YLR401C,YPR122W,0,-3.289522,0.1071428582072258,1.0,0.8489431738853455
YOL165C,YGR008C,0,-3.2900367,0.10713157057762146,1.0,0.8490433692932129
YKL154W,YNL281W,0,-3.2905495,0.10712028294801712,1.0,0.8491435647010803
YJR084W,YLR127C,0,-3.2907567,0.10710900276899338,1.0,0.849243700504303
YLL014W,YLR154C,0,-3.2910802,0.10709772258996964,1.0,0.8493438959121704
YJR138W,YAL053W,0,-3.2925434,0.10708644986152649,1.0,0.8494440317153931
YKR038C,YOL066C,0,-3.2926996,0.10707517713308334,1.0,0.8495442271232605
YDR343C,YKL171W,0,-3.2931082,0.1070639044046402,1.0,0.8496444225311279
YPR178W,YDR463W,0,-3.2933547,0.10705263167619705,1.0,0.8497445583343506
YIL160C,YCL014W,0,-3.2935486,0.1070413663983345,1.0,0.849844753742218
YOR247W,YOL011W,0,-3.2945273,0.10703010112047195,1.0,0.8499448895454407
YGL098W,YGL127C,0,-3.2951517,0.1070188358426094,1.0,0.8500450849533081
YDL112W,YDR261C,0,-3.2959542,0.10700757801532745,1.0,0.8501452207565308
YOL096C,YOR129C,0,-3.2960148,0.1069963201880455,1.0,0.8502454161643982
YER019C-A,YCR014C,0,-3.296777,0.10698506236076355,1.0,0.8503456115722656
YBR067C,YDR276C,0,-3.2972538,0.1069738119840622,1.0,0.8504457473754883
YCL048W,YJL140W,0,-3.2985916,0.10696255415678024,1.0,0.8505459427833557
YNL248C,YGL223C,0,-3.3003976,0.10695131123065948,1.0,0.8506460785865784
YBR214W,YMR316W,0,-3.30138,0.10694006085395813,1.0,0.8507462739944458
YBR029C,YHR067W,0,-3.3014984,0.10692881792783737,1.0,0.8508464097976685
YDL145C,YOL105C,0,-3.301666,0.10691757500171661,1.0,0.8509466052055359
YJR135C,YMR200W,0,-3.3019512,0.10690633952617645,1.0,0.8510468006134033
YCR044C,YDR165W,0,-3.3020926,0.10689510405063629,1.0,0.851146936416626
YDR243C,YKR075C,0,-3.3035915,0.10688386857509613,1.0,0.8512471318244934
YBL098W,YML124C,0,-3.303758,0.10687263309955597,1.0,0.8513472676277161
YDR398W,YLR318W,0,-3.3037817,0.1068614050745964,1.0,0.8514474630355835
YGL241W,YOL011W,0,-3.3044627,0.10685017704963684,1.0,0.8515476584434509
YNL310C,YBR105C,0,-3.3052058,0.10683895647525787,1.0,0.8516477942466736
YKL179C,YDR384C,0,-3.3063285,0.10682772845029831,1.0,0.851747989654541
YDL170W,YNL063W,0,-3.3071108,0.10681650787591934,1.0,0.8518481254577637
YGL090W,YMR213W,0,-3.3074627,0.10680529475212097,1.0,0.8519483208656311
YER090W,YLR139C,0,-3.3091612,0.106794074177742,1.0,0.8520484566688538
YJL069C,YLR126C,0,-3.3092415,0.10678286105394363,1.0,0.8521486520767212
YAL053W,YDL017W,0,-3.3097527,0.10677165538072586,1.0,0.8522488474845886
YDL095W,YJR143C,0,-3.3120692,0.10676044225692749,1.0,0.8523489832878113
YMR077C,YIL037C,0,-3.3121061,0.10674923658370972,1.0,0.8524491786956787
YHL050C,YIL002C,0,-3.3121688,0.10673803836107254,1.0,0.8525493144989014
YMR091C,YER062C,0,-3.3125236,0.10672683268785477,1.0,0.8526495099067688
YER175C,YBR281C,0,-3.3138623,0.10671563446521759,1.0,0.8527496457099915
YLR223C,YER052C,0,-3.3163335,0.10670443624258041,1.0,0.8528498411178589
YER178W,YLR381W,0,-3.3165524,0.10669324547052383,1.0,0.8529500365257263
YBR054W,YBR093C,0,-3.3178856,0.10668205469846725,1.0,0.853050172328949
YER050C,YDL021W,0,-3.3180468,0.10667086392641068,1.0,0.8531503677368164
YLR435W,YIR002C,0,-3.3188484,0.1066596731543541,1.0,0.8532505035400391
YKL189W,YGR252W,0,-3.3190398,0.10664848983287811,1.0,0.8533506989479065
YFR034C,YDR454C,0,-3.319102,0.10663730651140213,1.0,0.8534508943557739
YGR225W,YER068W,0,-3.3191104,0.10662613064050674,1.0,0.8535510301589966
YBL008W,YOR032C,0,-3.3201668,0.10661494731903076,1.0,0.853651225566864
YLR384C,YNL038W,0,-3.3214505,0.10660377144813538,1.0,0.8537513613700867
YGL073W,YCL068C,0,-3.3223088,0.10659260302782059,1.0,0.8538515567779541
YHL044W,YOL011W,0,-3.32334,0.1065814271569252,1.0,0.8539516925811768
YKL201C,YNR002C,0,-3.3246422,0.10657025873661041,1.0,0.8540518879890442
YBR052C,YGR017W,0,-3.3247955,0.10655909776687622,1.0,0.8541520833969116
YAL023C,YOR009W,0,-3.324806,0.10654792934656143,1.0,0.8542522192001343
YBL047C,YLR191W,0,-3.3253834,0.10653676837682724,1.0,0.8543524146080017
YER030W,YDR159W,0,-3.3259857,0.10652560740709305,1.0,0.8544525504112244
YLR078C,YDR425W,0,-3.326203,0.10651445388793945,1.0,0.8545527458190918
YER110C,YMR034C,0,-3.326249,0.10650330036878586,1.0,0.8546528816223145
YER008C,YOR266W,0,-3.3277252,0.10649214684963226,1.0,0.8547530770301819
YOR008C,YMR213W,0,-3.328591,0.10648099333047867,1.0,0.8548532724380493
YKL141W,YJL114W,0,-3.3310425,0.10646984726190567,1.0,0.854953408241272
YLR212C,YJL073W,0,-3.3312728,0.10645870119333267,1.0,0.8550536036491394
YJL129C,YLR147C,0,-3.3319356,0.10644756257534027,1.0,0.8551537394523621
YLR215C,YPL258C,0,-3.3321316,0.10643642395734787,1.0,0.8552539348602295
YEL056W,YDL216C,0,-3.3324692,0.10642528533935547,1.0,0.8553541302680969
YDR441C,YEL036C,0,-3.3336585,0.10641414672136307,1.0,0.8554542660713196
YER020W,YIL144W,0,-3.334283,0.10640301555395126,1.0,0.855554461479187
YDR508C,YBR009C,0,-3.3344734,0.10639188438653946,1.0,0.8556545972824097
YFR033C,YPL248C,0,-3.3351905,0.10638075321912766,1.0,0.8557547926902771
YDR060W,YGR070W,0,-3.336271,0.10636962950229645,1.0,0.8558549284934998
YAL022C,YPR011C,0,-3.336315,0.10635850578546524,1.0,0.8559551239013672
YDR359C,YPL110C,0,-3.3364868,0.10634738206863403,1.0,0.8560553193092346
YGR032W,YKL192C,0,-3.3378944,0.10633625835180283,1.0,0.8561554551124573
YJR098C,YGL120C,0,-3.338333,0.10632514208555222,1.0,0.8562556505203247
YDL202W,YNL101W,0,-3.3397825,0.1063140258193016,1.0,0.8563557863235474
YHR056C,YDL006W,0,-3.3406053,0.10630291700363159,1.0,0.8564559817314148
YKR062W,YDR444W,0,-3.3412592,0.10629180818796158,1.0,0.8565561175346375
YNL175C,YHR197W,0,-3.3422182,0.10628069937229156,1.0,0.8566563129425049
YNL070W,YMR218C,0,-3.342399,0.10626959055662155,1.0,0.8567565083503723
YHR184W,YNR071C,0,-3.3427913,0.10625848919153214,1.0,0.856856644153595
YHR066W,YOR081C,0,-3.3428223,0.10624738782644272,1.0,0.8569568395614624
YLR010C,YKR020W,0,-3.3433328,0.1062362864613533,1.0,0.8570569753646851
YMR210W,YML051W,0,-3.3435698,0.10622519254684448,1.0,0.8571571707725525
YNR055C,YIL090W,0,-3.3435895,0.10621409863233566,1.0,0.8572573661804199
YPR168W,YDR384C,0,-3.3439884,0.10620300471782684,1.0,0.8573575019836426
YOR279C,YHR076W,0,-3.34506,0.10619191825389862,1.0,0.85745769739151
YAL007C,YOR179C,0,-3.345258,0.1061808317899704,1.0,0.8575578331947327
YDL119C,YBL008W,0,-3.3457296,0.10616974532604218,1.0,0.8576580286026001
YGR058W,YOR145C,0,-3.3460152,0.10615866631269455,1.0,0.8577581644058228
YPL209C,YDR190C,0,-3.3460953,0.10614758729934692,1.0,0.8578583598136902
YJR121W,YKL119C,0,-3.3462908,0.1061365082859993,1.0,0.8579585552215576
YOR239W,YPR167C,0,-3.3468385,0.10612542927265167,1.0,0.8580586910247803
YOR391C,YDR197W,0,-3.3477888,0.10611435770988464,1.0,0.8581588864326477
YMR228W,YCR091W,0,-3.3478272,0.10610328614711761,1.0,0.8582590222358704
YKL034W,YDL206W,0,-3.3479168,0.10609221458435059,1.0,0.8583592176437378
YMR036C,YER179W,0,-3.348066,0.10608115047216415,1.0,0.8584593534469604
YLR017W,YGR138C,0,-3.3491137,0.10607008635997772,1.0,0.8585595488548279
YKL022C,YML124C,0,-3.3496828,0.10605902224779129,1.0,0.8586597442626953
YBL068W,YPL151C,0,-3.3501756,0.10604796558618546,1.0,0.858759880065918
YOR219C,YHL040C,0,-3.3509357,0.10603690892457962,1.0,0.8588600754737854
YFR037C,YML124C,0,-3.3509443,0.10602585226297379,1.0,0.8589602112770081
YFR053C,YHL019C,0,-3.3515303,0.10601480305194855,1.0,0.8590604066848755
YKL045W,YNL221C,0,-3.352124,0.10600375384092331,1.0,0.8591606020927429
YJR013W,YDR052C,0,-3.3548162,0.10599270462989807,1.0,0.8592607378959656
YPL240C,YOR172W,0,-3.355981,0.10598165541887283,1.0,0.859360933303833
YMR198W,YNL102W,0,-3.3576562,0.10597061365842819,1.0,0.8594610691070557
YDR207C,YNL335W,0,-3.357691,0.10595957189798355,1.0,0.8595612645149231
YDR483W,YCR091W,0,-3.3583407,0.1059485375881195,1.0,0.8596614003181458
YBR112C,YML132W,0,-3.3590248,0.10593750327825546,1.0,0.8597615957260132
YKR038C,YML095C,0,-3.3590944,0.10592646896839142,1.0,0.8598617911338806
YAL058W,YDL154W,0,-3.3593323,0.10591543465852737,1.0,0.8599619269371033
YMR053C,YBR036C,0,-3.3596559,0.10590440779924393,1.0,0.8600621223449707
YOL117W,YJR050W,0,-3.3604789,0.10589338093996048,1.0,0.8601622581481934
YER022W,YJL094C,0,-3.3609111,0.10588235408067703,1.0,0.8602624535560608
YGR052W,YPL112C,0,-3.3614252,0.10587132722139359,1.0,0.8603625893592834
YBL061C,YBR029C,0,-3.3618965,0.10586030781269073,1.0,0.8604627847671509
YCL008C,YER056C-A,0,-3.362084,0.10584929585456848,1.0,0.8605629801750183
YPL273W,YEL032W,0,-3.3623245,0.10583827644586563,1.0,0.860663115978241
YOR265W,YOR294W,0,-3.3626995,0.10582726448774338,1.0,0.8607633113861084
YOR018W,YML080W,0,-3.3630917,0.10581625252962112,1.0,0.860863447189331
YOR075W,YJR063W,0,-3.3634694,0.10580524057149887,1.0,0.8609636425971985
YLR433C,YMR204C,0,-3.3658283,0.10579423606395721,1.0,0.8610638380050659
YGL243W,YKR044W,0,-3.366335,0.10578323155641556,1.0,0.8611639738082886
YER101C,YHR036W,0,-3.3664434,0.1057722344994545,1.0,0.861264169216156
YOR074C,YOL125W,0,-3.367789,0.10576122999191284,1.0,0.8613643050193787
YCR010C,YLR350W,0,-3.3678362,0.10575023293495178,1.0,0.8614645004272461
YKL078W,YJR015W,0,-3.3701417,0.10573923587799072,1.0,0.8615646362304688
YHL038C,YPR047W,0,-3.370351,0.10572824627161026,1.0,0.8616648316383362
YKL095W,YNR013C,0,-3.3725216,0.1057172566652298,1.0,0.8617650270462036
YGR104C,YER061C,0,-3.372663,0.10570626705884933,1.0,0.8618651628494263
YOL156W,YPR200C,0,-3.3727825,0.10569528490304947,1.0,0.8619653582572937
YLR212C,YDR246W,0,-3.3731306,0.105684295296669,1.0,0.8620654940605164
YAL022C,YMR295C,0,-3.3732378,0.10567331314086914,1.0,0.8621656894683838
YOR279C,YPL225W,0,-3.3739078,0.10566233843564987,1.0,0.8622658252716064
YML092C,YAL040C,0,-3.3741572,0.1056513637304306,1.0,0.8623660206794739
YMR090W,YKR102W,0,-3.3743024,0.10564038902521133,1.0,0.8624662160873413
YML101C,YMR053C,0,-3.3751972,0.10562941431999207,1.0,0.862566351890564
YLR142W,YFR040W,0,-3.3758738,0.1056184470653534,1.0,0.8626665472984314
YLR352W,YPL098C,0,-3.3761137,0.10560747981071472,1.0,0.862766683101654
YGL004C,YPR097W,0,-3.3762858,0.10559651255607605,1.0,0.8628668785095215
YLR223C,YGR204W,0,-3.3763711,0.10558554530143738,1.0,0.8629670143127441
YBL022C,YNL007C,0,-3.376439,0.1055745854973793,1.0,0.8630672097206116
YDL231C,YCR092C,0,-3.3764503,0.10556362569332123,1.0,0.863167405128479
YPR030W,YGR217W,0,-3.3774261,0.10555267333984375,1.0,0.8632675409317017
YDR260C,YIL126W,0,-3.3778853,0.10554172098636627,1.0,0.8633677363395691
YMR097C,YKL145W,0,-3.3783956,0.1055307686328888,1.0,0.8634678721427917
YOR060C,YBR093C,0,-3.3786755,0.10551981627941132,1.0,0.8635680675506592
YNL142W,YHR148W,0,-3.3789163,0.10550887137651443,1.0,0.8636682629585266
YLL055W,YCR065W,0,-3.3802722,0.10549792647361755,1.0,0.8637683987617493
YPR031W,YHR036W,0,-3.3806412,0.10548698157072067,1.0,0.8638685941696167
YOR221C,YNL221C,0,-3.382336,0.10547604411840439,1.0,0.8639687299728394
YLR004C,YLR026C,0,-3.3823497,0.1054651066660881,1.0,0.8640689253807068
YDR093W,YJL167W,0,-3.3824751,0.10545416921377182,1.0,0.8641690611839294
YMR153W,YER162C,0,-3.3825905,0.10544323176145554,1.0,0.8642692565917969
YNL208W,YLR309C,0,-3.382769,0.10543230175971985,1.0,0.8643694519996643
YJR110W,YBR267W,0,-3.3838098,0.10542137175798416,1.0,0.864469587802887
YDR499W,YGL014W,0,-3.3848705,0.10541044920682907,1.0,0.8645697832107544
YDR372C,YJL171C,0,-3.384898,0.10539952665567398,1.0,0.864669919013977
YPR083W,YPR184W,0,-3.3853066,0.10538860410451889,1.0,0.8647701144218445
YHR012W,YOR168W,0,-3.3859584,0.1053776815533638,1.0,0.8648702502250671
YHR051W,YOL147C,0,-3.3873296,0.1053667664527893,1.0,0.8649704456329346
YNL119W,YHR006W,0,-3.3880727,0.10535585135221481,1.0,0.865070641040802
YDR403W,YBR125C,0,-3.3881824,0.10534493625164032,1.0,0.8651707768440247
YGR178C,YOR079C,0,-3.3883379,0.10533402115106583,1.0,0.8652709722518921
YIL177C,YGL095C,0,-3.3883462,0.10532311350107193,1.0,0.8653711080551147
YGR080W,YML076C,0,-3.3891938,0.10531220585107803,1.0,0.8654713034629822
YKL119C,YER055C,0,-3.3893187,0.10530130565166473,1.0,0.8655714988708496
YNR048W,YFR047C,0,-3.3895452,0.10529040545225143,1.0,0.8656716346740723
YCL016C,YER179W,0,-3.3907373,0.10527950525283813,1.0,0.8657718300819397
YIL006W,YER031C,0,-3.3911588,0.10526860505342484,1.0,0.8658719658851624
YJL106W,YKR079C,0,-3.3911793,0.10525771230459213,1.0,0.8659721612930298
YFL054C,YOR357C,0,-3.3921444,0.10524681955575943,1.0,0.8660722970962524
YLR074C,YDL076C,0,-3.3932292,0.10523592680692673,1.0,0.8661724925041199
YBR291C,YDL060W,0,-3.394947,0.10522504150867462,1.0,0.8662726879119873
YOR351C,YOR045W,0,-3.3951237,0.10521415621042252,1.0,0.86637282371521
YDR372C,YEL031W,0,-3.3967607,0.10520327091217041,1.0,0.8664730191230774
YJL183W,YML011C,0,-3.39677,0.1051923856139183,1.0,0.8665731549263
YDR038C,YPL168W,0,-3.3976,0.1051815077662468,1.0,0.8666733503341675
YLR389C,YGR001C,0,-3.3976247,0.10517062991857529,1.0,0.8667734861373901
YDR028C,YIL013C,0,-3.3977115,0.10515975952148438,1.0,0.8668736815452576
YBL063W,YER167W,0,-3.397776,0.10514888167381287,1.0,0.866973876953125
YPL224C,YPR188C,0,-3.398002,0.10513801127672195,1.0,0.8670740127563477
YLR207W,YOR290C,0,-3.3985708,0.10512714833021164,1.0,0.8671742081642151
YNL167C,YMR128W,0,-3.4000292,0.10511627793312073,1.0,0.8672743439674377
YCL001W,YNL001W,0,-3.4011123,0.10510541498661041,1.0,0.8673745393753052
YMR246W,YER029C,0,-3.4038732,0.1050945520401001,1.0,0.8674747347831726
YGR279C,YLR223C,0,-3.4041145,0.10508369654417038,1.0,0.8675748705863953
YMR055C,YGR145W,0,-3.4041302,0.10507284104824066,1.0,0.8676750659942627
YDL229W,YCR026C,0,-3.4050796,0.10506198555231094,1.0,0.8677752017974854
YNR033W,YPL059W,0,-3.4061668,0.10505113005638123,1.0,0.8678753972053528
YOR209C,YDR034C,0,-3.4077246,0.1050402820110321,1.0,0.8679755330085754
YLR224W,YAL062W,0,-3.408875,0.10502943396568298,1.0,0.8680757284164429
YGR104C,YDR056C,0,-3.4089143,0.10501858592033386,1.0,0.8681759238243103
YLR131C,YDR313C,0,-3.4096441,0.10500774532556534,1.0,0.868276059627533
YHR206W,YER165W,0,-3.4098487,0.10499690473079681,1.0,0.8683762550354004
YJL094C,YDL127W,0,-3.4101703,0.10498606413602829,1.0,0.868476390838623
YHR169W,YOR189W,0,-3.4107,0.10497522354125977,1.0,0.8685765862464905
YGL126W,YDR372C,0,-3.4112043,0.10496439039707184,1.0,0.8686767220497131
YBR240C,YHL026C,0,-3.4115045,0.10495355725288391,1.0,0.8687769174575806
YMR112C,YEL065W,0,-3.4122412,0.10494273155927658,1.0,0.868877112865448
YER020W,YJR089W,0,-3.4138377,0.10493190586566925,1.0,0.8689772486686707
YDL018C,YDR072C,0,-3.414049,0.10492108017206192,1.0,0.8690774440765381
YCR009C,YIL084C,0,-3.4147012,0.10491025447845459,1.0,0.8691775798797607
YER020W,YNL250W,0,-3.415322,0.10489943623542786,1.0,0.8692777752876282
YMR025W,YNL339C,0,-3.4160573,0.10488861054182053,1.0,0.8693779706954956
YLR115W,YJR005W,0,-3.417118,0.10487779974937439,1.0,0.8694781064987183
YBR188C,YER093C,0,-3.417435,0.10486698150634766,1.0,0.8695783019065857
YJL219W,YKR103W,0,-3.4184563,0.10485617071390152,1.0,0.8696784377098083
YLR263W,YIL143C,0,-3.422578,0.10484535992145538,1.0,0.8697786331176758
YOL076W,YPL093W,0,-3.4226663,0.10483455657958984,1.0,0.8698787689208984
YGR101W,YJL114W,0,-3.4227817,0.10482374578714371,1.0,0.8699789643287659
YDR276C,YBR081C,0,-3.422969,0.10481294244527817,1.0,0.8700791597366333
YHR105W,YGL203C,0,-3.424462,0.10480214655399323,1.0,0.870179295539856
YLR054C,YER045C,0,-3.4247534,0.10479134321212769,1.0,0.8702794909477234
YBR109C,YOR025W,0,-3.4249744,0.10478054732084274,1.0,0.870379626750946
YNL038W,YLR047C,0,-3.4257112,0.1047697514295578,1.0,0.8704798221588135
YOR258W,YER017C,0,-3.426066,0.10475896298885345,1.0,0.8705799579620361
YMR061W,YBR295W,0,-3.4262187,0.10474817454814911,1.0,0.8706801533699036
YDR131C,YML054C,0,-3.427114,0.10473738610744476,1.0,0.870780348777771
YPL106C,YNR047W,0,-3.4271681,0.10472659766674042,1.0,0.8708804845809937
YJL206C,YPR167C,0,-3.427469,0.10471581667661667,1.0,0.8709806799888611
YER159C,YGL249W,0,-3.4278295,0.10470503568649292,1.0,0.8710808157920837
YML067C,YMR114C,0,-3.4280825,0.10469425469636917,1.0,0.8711810111999512
YGL141W,YDR510W,0,-3.4286869,0.10468348115682602,1.0,0.8712812066078186
YBR069C,YDR481C,0,-3.4292088,0.10467270761728287,1.0,0.8713813424110413
YDR151C,YBR005W,0,-3.4294317,0.10466193407773972,1.0,0.8714815378189087
YPR111W,YBR276C,0,-3.4294553,0.10465116053819656,1.0,0.8715816736221313
YKR069W,YOR172W,0,-3.429866,0.10464039444923401,1.0,0.8716818690299988
YBR074W,YCL055W,0,-3.4302733,0.10462962836027145,1.0,0.8717820048332214
YHR118C,YGL178W,0,-3.4303105,0.1046188697218895,1.0,0.8718822002410889
YOR103C,YGL016W,0,-3.4311533,0.10460810363292694,1.0,0.8719823956489563
YBR159W,YGL016W,0,-3.431197,0.10459734499454498,1.0,0.872082531452179
YPL156C,YLR016C,0,-3.4316518,0.10458658635616302,1.0,0.8721827268600464
YIL142W,YPR049C,0,-3.431824,0.10457583516836166,1.0,0.872282862663269
YBR033W,YOR157C,0,-3.4322386,0.1045650839805603,1.0,0.8723830580711365
YOR001W,YHL006C,0,-3.4325998,0.10455433279275894,1.0,0.8724831938743591
YKR055W,YNR037C,0,-3.4329538,0.10454358905553818,1.0,0.8725833892822266
YKR038C,YNL052W,0,-3.4333665,0.10453283786773682,1.0,0.872683584690094
YPL151C,YNL138W,0,-3.4337876,0.10452209413051605,1.0,0.8727837204933167
YML021C,YHR160C,0,-3.4338334,0.10451135784387589,1.0,0.8728839159011841
YPL177C,YKL095W,0,-3.4340994,0.10450061410665512,1.0,0.8729840517044067
YJL048C,YDR531W,0,-3.434644,0.10448987782001495,1.0,0.8730842471122742
YKL183W,YCL064C,0,-3.4361007,0.10447914898395538,1.0,0.8731844425201416
YPR133C,YDL008W,0,-3.4379618,0.10446841269731522,1.0,0.8732845783233643
YOR244W,YBR166C,0,-3.4384243,0.10445768386125565,1.0,0.8733847737312317
YOR001W,YKR072C,0,-3.4386199,0.10444695502519608,1.0,0.8734849095344543
YIL006W,YOL101C,0,-3.438635,0.1044362261891365,1.0,0.8735851049423218
YNL080C,YPL213W,0,-3.4387891,0.10442550480365753,1.0,0.8736852407455444
YMR287C,YDL017W,0,-3.4393418,0.10441478341817856,1.0,0.8737854361534119
YPL117C,YMR088C,0,-3.4394085,0.10440406203269958,1.0,0.8738856315612793
YNL052W,YDR490C,0,-3.44049,0.10439334809780121,1.0,0.873985767364502
YIL053W,YHR035W,0,-3.4407947,0.10438263416290283,1.0,0.8740859627723694
YGL126W,YNL233W,0,-3.4410722,0.10437192022800446,1.0,0.874186098575592
YFR025C,YNL208W,0,-3.4411485,0.10436121374368668,1.0,0.8742862939834595
YNL085W,YOR026W,0,-3.4415774,0.1043504998087883,1.0,0.8743864297866821
YOL105C,YEL031W,0,-3.4416275,0.10433979332447052,1.0,0.8744866251945496
YPL064C,YAL033W,0,-3.4417164,0.10432909429073334,1.0,0.874586820602417
YCR063W,YOR222W,0,-3.441773,0.10431839525699615,1.0,0.8746869564056396
YIL109C,YDR101C,0,-3.4420538,0.10430768877267838,1.0,0.8747871518135071
YIL170W,YDR358W,0,-3.4432042,0.10429699718952179,1.0,0.8748872876167297
YNL233W,YMR272C,0,-3.443949,0.1042862981557846,1.0,0.8749874830245972
YDR351W,YML087C,0,-3.444311,0.10427560657262802,1.0,0.8750876784324646
YMR240C,YBL061C,0,-3.4451518,0.10426491498947144,1.0,0.8751878142356873
YLR189C,YJL170C,0,-3.4453228,0.10425423085689545,1.0,0.8752880096435547
YER175C,YKL132C,0,-3.4455488,0.10424353927373886,1.0,0.8753881454467773
YGR105W,YFR008W,0,-3.4458272,0.10423285514116287,1.0,0.8754883408546448
YPR083W,YIL172C,0,-3.4478335,0.10422217845916748,1.0,0.8755884766578674
YHR051W,YJR108W,0,-3.4510942,0.10421149432659149,1.0,0.8756886720657349
YDL100C,YIL090W,0,-3.451657,0.1042008176445961,1.0,0.8757888674736023
YBR123C,YOL066C,0,-3.4535153,0.10419014096260071,1.0,0.875889003276825
YAR019C,YKL116C,0,-3.4538743,0.10417947173118591,1.0,0.8759891986846924
YNL331C,YPR096C,0,-3.4541264,0.10416880249977112,1.0,0.876089334487915
YLL027W,YOL158C,0,-3.4549599,0.10415813326835632,1.0,0.8761895298957825
YLR037C,YBL031W,0,-3.4550576,0.10414746403694153,1.0,0.8762896656990051
YNL020C,YPL244C,0,-3.455444,0.10413680225610733,1.0,0.8763898611068726
YPL177C,YLR260W,0,-3.4558928,0.10412614047527313,1.0,0.87649005651474
YNL142W,YMR204C,0,-3.456,0.10411547869443893,1.0,0.8765901923179626
YDL008W,YKR027W,0,-3.4566195,0.10410482436418533,1.0,0.8766903877258301
YBL026W,YEL022W,0,-3.4566526,0.10409416258335114,1.0,0.8767905235290527
YMR112C,YBR162C,0,-3.4578202,0.10408351570367813,1.0,0.8768907189369202
YMR182C,YKL020C,0,-3.457991,0.10407286137342453,1.0,0.8769908547401428
YLR234W,YNL310C,0,-3.4593203,0.10406221449375153,1.0,0.8770910501480103
YPR042C,YNL308C,0,-3.460722,0.10405156761407852,1.0,0.8771912455558777
YAL029C,YKR050W,0,-3.4611502,0.10404092073440552,1.0,0.8772913813591003
YKL190W,YLR364W,0,-3.4616487,0.10403028130531311,1.0,0.8773915767669678
YOR103C,YEL016C,0,-3.4625266,0.1040196344256401,1.0,0.8774917125701904
YER049W,YOR087W,0,-3.4631593,0.1040090024471283,1.0,0.8775919079780579
YBR082C,YCL032W,0,-3.4633152,0.10399836301803589,1.0,0.8776921033859253
YDR289C,YJL034W,0,-3.4646528,0.10398773103952408,1.0,0.877792239189148
YBR195C,YBR081C,0,-3.4648755,0.10397709906101227,1.0,0.8778924345970154
YPR034W,YML104C,0,-3.4674022,0.10396646708250046,1.0,0.877992570400238
YGL005C,YPL177C,0,-3.469179,0.10395584255456924,1.0,0.8780927658081055
YCR094W,YGR266W,0,-3.4694657,0.10394521802663803,1.0,0.8781929016113281
YGR080W,YKL093W,0,-3.4695227,0.10393459349870682,1.0,0.8782930970191956
YGR154C,YBR173C,0,-3.471388,0.1039239764213562,1.0,0.878393292427063
YHR044C,YHR070W,0,-3.4729228,0.10391335189342499,1.0,0.8784934282302856
YLR370C,YBR029C,0,-3.4732025,0.10390273481607437,1.0,0.8785936236381531
YOL009C,YNL049C,0,-3.4741542,0.10389212518930435,1.0,0.8786937594413757
YER143W,YPL276W,0,-3.4745462,0.10388150811195374,1.0,0.8787939548492432
YLR010C,YGR099W,0,-3.4746888,0.10387089848518372,1.0,0.8788940906524658
YDL074C,YOL067C,0,-3.4756763,0.1038602963089943,1.0,0.8789942860603333
YKL029C,YBR211C,0,-3.4759889,0.10384968668222427,1.0,0.8790944814682007
YHR158C,YEL048C,0,-3.4763558,0.10383908450603485,1.0,0.8791946172714233
YBR156C,YNL130C,0,-3.4769647,0.10382848232984543,1.0,0.8792948126792908
YKL183W,YLR260W,0,-3.477307,0.1038178876042366,1.0,0.8793949484825134
YOR264W,YLR208W,0,-3.4773421,0.10380728542804718,1.0,0.8794951438903809
YCR081W,YML107C,0,-3.4775798,0.10379669070243835,1.0,0.8795953392982483
YLR248W,YGL211W,0,-3.4775813,0.10378610342741013,1.0,0.879695475101471
YNL287W,YER171W,0,-3.4778514,0.1037755087018013,1.0,0.8797956705093384
YDR393W,YNL077W,0,-3.4782817,0.10376492142677307,1.0,0.879895806312561
YDR242W,YOL072W,0,-3.4789124,0.10375433415174484,1.0,0.8799960017204285
YNL227C,YOR109W,0,-3.4795282,0.10374375432729721,1.0,0.8800961375236511
YGL249W,YGL122C,0,-3.479777,0.10373316705226898,1.0,0.8801963329315186
YDR195W,YDR387C,0,-3.4841235,0.10372258722782135,1.0,0.880296528339386
YDR481C,YIL046W,0,-3.4844527,0.10371201485395432,1.0,0.8803966641426086
YLR207W,YAL008W,0,-3.4845443,0.10370143502950668,1.0,0.8804968595504761
YKL124W,YOR381W,0,-3.4865015,0.10369086265563965,1.0,0.8805969953536987
YML113W,YJL213W,0,-3.4867692,0.10368029028177261,1.0,0.8806971907615662
YDL054C,YBR094W,0,-3.486811,0.10366972535848618,1.0,0.8807973265647888
YLR395C,YEL064C,0,-3.4870942,0.10365916043519974,1.0,0.8808975219726562
YML013W,YCR098C,0,-3.4872086,0.1036485955119133,1.0,0.8809977173805237
YOR351C,YIL009W,0,-3.4889336,0.10363803058862686,1.0,0.8810978531837463
YIL177C,YJR057W,0,-3.4892201,0.10362747311592102,1.0,0.8811980485916138
YGR097W,YLR007W,0,-3.4897435,0.10361691564321518,1.0,0.8812981843948364
YDL206W,YBR211C,0,-3.489751,0.10360635817050934,1.0,0.8813983798027039
YKL130C,YDR436W,0,-3.49104,0.1035958006978035,1.0,0.8814985752105713
YGR037C,YOR384W,0,-3.4919074,0.10358525067567825,1.0,0.881598711013794
YFL041W,YGR014W,0,-3.4922569,0.10357470065355301,1.0,0.8816989064216614
YKR014C,YKL168C,0,-3.4924586,0.10356415808200836,1.0,0.881799042224884
YBR040W,YIR019C,0,-3.4929593,0.10355360805988312,1.0,0.8818992376327515
YML045W,YIL042C,0,-3.4941304,0.10354306548833847,1.0,0.8819993734359741
YOR250C,YOR381W,0,-3.4960778,0.10353252291679382,1.0,0.8820995688438416
YKR050W,YAL043C,0,-3.4961507,0.10352198779582977,1.0,0.882199764251709
YNL230C,YDR197W,0,-3.4962997,0.10351145267486572,1.0,0.8822999000549316
YGL141W,YLR170C,0,-3.498021,0.10350091755390167,1.0,0.8824000954627991
YDR518W,YMR183C,0,-3.4991927,0.10349038243293762,1.0,0.8825002312660217
YGR154C,YNL325C,0,-3.500666,0.10347985476255417,1.0,0.8826004266738892
YNL032W,YOR180C,0,-3.5012605,0.10346932709217072,1.0,0.8827005624771118
YOL111C,YKL026C,0,-3.5034392,0.10345879942178726,1.0,0.8828007578849792
YPL101W,YLR189C,0,-3.5041454,0.1034482792019844,1.0,0.8829009532928467
YHR005C,YJL181W,0,-3.5042398,0.10343775153160095,1.0,0.8830010890960693
YHR006W,YOR244W,0,-3.504305,0.1034272313117981,1.0,0.8831012845039368
YLR107W,YJL170C,0,-3.5043886,0.10341671854257584,1.0,0.8832014203071594
YPR007C,YKL051W,0,-3.504883,0.10340620577335358,1.0,0.8833016157150269
YDR056C,YNR067C,0,-3.5069487,0.10339569300413132,1.0,0.8834018111228943
YLR347C,YDL003W,0,-3.5073192,0.10338518023490906,1.0,0.8835019469261169
YPL018W,YOL066C,0,-3.5083401,0.1033746674656868,1.0,0.8836021423339844
YOR290C,YML042W,0,-3.5087283,0.10336416214704514,1.0,0.883702278137207
YJL197W,YIL013C,0,-3.5089161,0.10335365682840347,1.0,0.8838024735450745
YGL016W,YKR037C,0,-3.5093088,0.10334315896034241,1.0,0.8839026093482971
YDR028C,YML096W,0,-3.50933,0.10333265364170074,1.0,0.8840028047561646
YGR159C,YML011C,0,-3.5098164,0.10332215577363968,1.0,0.884103000164032
YLR314C,YJL078C,0,-3.5107307,0.10331166535615921,1.0,0.8842031359672546
YDL018C,YBR173C,0,-3.5110896,0.10330116748809814,1.0,0.8843033313751221
YLR181C,YOR081C,0,-3.512534,0.10329067707061768,1.0,0.8844034671783447
YMR273C,YLR141W,0,-3.5127716,0.10328018665313721,1.0,0.8845036625862122
YEL013W,YPL276W,0,-3.513396,0.10326969623565674,1.0,0.8846037983894348
YIL154C,YML087C,0,-3.5154831,0.10325921326875687,1.0,0.8847039937973022
YER046W,YOR299W,0,-3.5157788,0.103248730301857,1.0,0.8848041892051697
YCR081W,YHR148W,0,-3.5164278,0.10323824733495712,1.0,0.8849043250083923
YDR438W,YMR086W,0,-3.518349,0.10322777181863785,1.0,0.8850045204162598
YGL205W,YGL009C,0,-3.5184577,0.10321729630231857,1.0,0.8851046562194824
YGR212W,YHL040C,0,-3.5199974,0.1032068207859993,1.0,0.8852048516273499
YMR013C,YKL173W,0,-3.5213606,0.10319634526968002,1.0,0.8853050470352173
YIL019W,YFL047W,0,-3.5217795,0.10318587720394135,1.0,0.8854051828384399
YKL178C,YLR139C,0,-3.523182,0.10317540913820267,1.0,0.8855053782463074
YNR021W,YGR144W,0,-3.5238261,0.10316494107246399,1.0,0.88560551404953
YPL262W,YKR075C,0,-3.5245466,0.10315448045730591,1.0,0.8857057094573975
YER007C-A,YML059C,0,-3.5250156,0.10314401984214783,1.0,0.8858058452606201
YJL033W,YOR239W,0,-3.525144,0.10313355922698975,1.0,0.8859060406684875
YNR001C,YOR032C,0,-3.5256498,0.10312309861183167,1.0,0.886006236076355
YBR268W,YPL051W,0,-3.5260723,0.10311264544725418,1.0,0.8861063718795776
YDL105W,YJL030W,0,-3.5265296,0.1031021922826767,1.0,0.8862065672874451
YLL027W,YHL008C,0,-3.5281854,0.10309173911809921,1.0,0.8863067030906677
YGL225W,YJR089W,0,-3.5286381,0.10308128595352173,1.0,0.8864068984985352
YBR222C,YDL031W,0,-3.5287542,0.10307084023952484,1.0,0.8865070343017578
YDR280W,YOR002W,0,-3.5296147,0.10306039452552795,1.0,0.8866072297096252
YCL069W,YNL335W,0,-3.5300045,0.10304995626211166,1.0,0.8867074251174927
YDR038C,YDL100C,0,-3.5301075,0.10303951054811478,1.0,0.8868075609207153
YKL195W,YIL111W,0,-3.5301814,0.10302907228469849,1.0,0.8869077563285828
YMR297W,YMR045C,0,-3.5308173,0.10301864147186279,1.0,0.8870078921318054
YJR158W,YGR202C,0,-3.5325081,0.1030082032084465,1.0,0.8871080875396729
YDR326C,YKL058W,0,-3.5337656,0.10299777239561081,1.0,0.8872082829475403
YJR076C,YIL132C,0,-3.5341663,0.10298734158277512,1.0,0.8873084187507629
YMR198W,YDL003W,0,-3.5342371,0.10297691076993942,1.0,0.8874086141586304
YMR306W,YMR078C,0,-3.5356696,0.10296648740768433,1.0,0.887508749961853
YMR053C,YML015C,0,-3.5358322,0.10295606404542923,1.0,0.8876089453697205
YBR023C,YNL163C,0,-3.5364323,0.10294564068317413,1.0,0.8877090811729431
YPL098C,YDL171C,0,-3.5367086,0.10293522477149963,1.0,0.8878092765808105
YBR278W,YJR078W,0,-3.537196,0.10292480885982513,1.0,0.887909471988678
YDR096W,YDL140C,0,-3.5384696,0.10291439294815063,1.0,0.8880096077919006
YPL195W,YIL143C,0,-3.5388212,0.10290397703647614,1.0,0.8881098031997681
YDL028C,YEL036C,0,-3.5403967,0.10289356857538223,1.0,0.8882099390029907
YPL146C,YDR356W,0,-3.5410566,0.10288315266370773,1.0,0.8883101344108582
YOR301W,YOR069W,0,-3.542129,0.10287275165319443,1.0,0.8884102702140808
YOR179C,YBR195C,0,-3.542504,0.10286234319210052,1.0,0.8885104656219482
YDL019C,YMR133W,0,-3.5445495,0.10285194218158722,1.0,0.8886106610298157
YPL033C,YMR313C,0,-3.5457795,0.10284154117107391,1.0,0.8887107968330383
YDR429C,YNL176C,0,-3.546003,0.10283114016056061,1.0,0.8888109922409058
YKL096W-A,YOL135C,0,-3.546059,0.1028207466006279,1.0,0.8889111280441284
YDR188W,YNL221C,0,-3.5461318,0.10281035304069519,1.0,0.8890113234519958
YKR095W,YMR239C,0,-3.5478055,0.10279995948076248,1.0,0.8891115188598633
YER014W,YOR374W,0,-3.5483987,0.10278956592082977,1.0,0.8892116546630859
YGL144C,YDR088C,0,-3.5486922,0.10277917981147766,1.0,0.8893118500709534
YKL198C,YIL070C,0,-3.5496547,0.10276879370212555,1.0,0.889411985874176
YGL039W,YDR131C,0,-3.55073,0.10275841504335403,1.0,0.8895121812820435
YJR083C,YCR037C,0,-3.5532851,0.10274802893400192,1.0,0.8896123170852661
YCL016C,YGR193C,0,-3.5540612,0.10273765027523041,1.0,0.8897125124931335
YMR210W,YLR427W,0,-3.5544999,0.10272727161645889,1.0,0.889812707901001
YKL195W,YDL146W,0,-3.5551894,0.10271690040826797,1.0,0.8899128437042236
YDL033C,YKR048C,0,-3.5552542,0.10270652174949646,1.0,0.8900130391120911
YPR160W,YMR037C,0,-3.556755,0.10269615054130554,1.0,0.8901131749153137
YDR501W,YBR069C,0,-3.5582812,0.10268578678369522,1.0,0.8902133703231812
YLR247C,YGR292W,0,-3.558568,0.1026754155755043,1.0,0.8903135061264038
YOR001W,YKL005C,0,-3.55879,0.10266505181789398,1.0,0.8904137015342712
YML041C,YHR079C,0,-3.5609372,0.10265468806028366,1.0,0.8905138969421387
YHL047C,YMR168C,0,-3.56168,0.10264432430267334,1.0,0.8906140327453613
YIL145C,YNL103W,0,-3.562732,0.10263396799564362,1.0,0.8907142281532288
YEL065W,YFL037W,0,-3.5634828,0.10262361168861389,1.0,0.8908143639564514
YAL063C,YOL066C,0,-3.5654404,0.10261325538158417,1.0,0.8909145593643188
YLR345W,YOR363C,0,-3.566452,0.10260290652513504,1.0,0.8910147547721863
YBL093C,YML099C,0,-3.5665925,0.10259255766868591,1.0,0.8911148905754089
YOL010W,YOR349W,0,-3.5670707,0.10258220881223679,1.0,0.8912150859832764
YDL190C,YDR328C,0,-3.5671952,0.10257185995578766,1.0,0.891315221786499
YBR012W-B,YLL027W,0,-3.5681188,0.10256151854991913,1.0,0.8914154171943665
YHR109W,YDR503C,0,-3.5693414,0.1025511771440506,1.0,0.8915155529975891
YOR388C,YDR460W,0,-3.5695364,0.10254083573818207,1.0,0.8916157484054565
YMR063W,YPL186C,0,-3.5702095,0.10253049433231354,1.0,0.891715943813324
YLR099C,YOR032C,0,-3.5706193,0.1025201603770256,1.0,0.8918160796165466
YCR054C,YDL029W,0,-3.5725615,0.10250982642173767,1.0,0.8919162750244141
YOR075W,YNL189W,0,-3.5728528,0.10249949246644974,1.0,0.8920164108276367
YCR077C,YHR214W,0,-3.5739586,0.1024891659617424,1.0,0.8921166062355042
YGL256W,YER055C,0,-3.574149,0.10247883945703506,1.0,0.8922167420387268
YJL059W,YFR050C,0,-3.5747972,0.10246851295232773,1.0,0.8923169374465942
YNL247W,YBL074C,0,-3.5757034,0.10245819389820099,1.0,0.8924171328544617
YMR312W,YGR071C,0,-3.576433,0.10244786739349365,1.0,0.8925172686576843
YIL134W,YFL048C,0,-3.5767488,0.10243754833936691,1.0,0.8926174640655518
YMR059W,YJL130C,0,-3.5768783,0.10242723673582077,1.0,0.8927175998687744
YPR106W,YCR011C,0,-3.5772512,0.10241691768169403,1.0,0.8928177952766418
YPR128C,YNL294C,0,-3.577353,0.10240660607814789,1.0,0.8929179310798645
YOL165C,YKL038W,0,-3.577655,0.10239629447460175,1.0,0.8930181264877319
YOR262W,YMR046C,0,-3.5796006,0.1023859828710556,1.0,0.8931183218955994
YOR034C,YMR036C,0,-3.580105,0.10237567871809006,1.0,0.893218457698822
YBR041W,YBR093C,0,-3.5802157,0.10236537456512451,1.0,0.8933186531066895
YEL061C,YOR090C,0,-3.5810175,0.10235507041215897,1.0,0.8934187889099121
YGR122W,YLR131C,0,-3.582451,0.10234477370977402,1.0,0.8935189843177795
YLR131C,YGL127C,0,-3.5831413,0.10233447700738907,1.0,0.893619179725647
YOL098C,YER093C,0,-3.583516,0.10232418030500412,1.0,0.8937193155288696
YDL039C,YAL058W,0,-3.5846493,0.10231388360261917,1.0,0.8938195109367371
YHR077C,YDL204W,0,-3.5854397,0.10230359435081482,1.0,0.8939196467399597
YDR103W,YHL047C,0,-3.5854542,0.10229329764842987,1.0,0.8940198421478271
YGR104C,YGR229C,0,-3.5854766,0.10228301584720612,1.0,0.8941199779510498
YBR050C,YLR350W,0,-3.5855196,0.10227272659540176,1.0,0.8942201733589172
YLR292C,YDL109C,0,-3.5860953,0.10226244479417801,1.0,0.8943203687667847
YNL230C,YAL058W,0,-3.5884402,0.10225216299295425,1.0,0.8944205045700073
YJR084W,YGL016W,0,-3.5889518,0.1022418811917305,1.0,0.8945206999778748
YER007W,YDR386W,0,-3.5897286,0.10223160684108734,1.0,0.8946208357810974
YOL147C,YGL112C,0,-3.5901902,0.10222133249044418,1.0,0.8947210311889648
YBL080C,YPR081C,0,-3.591118,0.10221105813980103,1.0,0.8948211669921875
YJL058C,YOR269W,0,-3.591951,0.10220078378915787,1.0,0.8949213624000549
YEL006W,YHR214W,0,-3.5923035,0.1021905168890953,1.0,0.8950215578079224
YGR004W,YMR295C,0,-3.5928388,0.10218024998903275,1.0,0.895121693611145
YGL227W,YOR181W,0,-3.5928643,0.10216998308897018,1.0,0.8952218890190125
YIL004C,YMR201C,0,-3.5946813,0.10215971618890762,1.0,0.8953220248222351
YPL235W,YJR065C,0,-3.5965886,0.10214945673942566,1.0,0.8954222202301025
YML041C,YBL082C,0,-3.598336,0.1021391972899437,1.0,0.89552241563797
YGL171W,YDR034C,0,-3.5983484,0.10212893784046173,1.0,0.8956225514411926
YPL135W,YHR114W,0,-3.5997078,0.10211868584156036,1.0,0.8957227468490601
YFR029W,YOR299W,0,-3.6021535,0.102108433842659,1.0,0.8958228826522827
YKR064W,YDR031W,0,-3.602844,0.10209818184375763,1.0,0.8959230780601501
YJL167W,YNL117W,0,-3.6028779,0.10208793729543686,1.0,0.8960232138633728
YOL138C,YGL178W,0,-3.6030073,0.10207768529653549,1.0,0.8961234092712402
YOR250C,YPR169W,0,-3.6034355,0.10206744074821472,1.0,0.8962236046791077
YER008C,YIL037C,0,-3.6036875,0.10205720365047455,1.0,0.8963237404823303
YDL015C,YNR045W,0,-3.6038883,0.10204695910215378,1.0,0.8964239358901978
YKL126W,YNL111C,0,-3.6040199,0.1020367220044136,1.0,0.8965240716934204
YOR099W,YLR228C,0,-3.6045768,0.10202648490667343,1.0,0.8966242671012878
YGL021W,YDR313C,0,-3.6046255,0.10201624780893326,1.0,0.8967244029045105
YJL127C,YJR108W,0,-3.6047223,0.10200601816177368,1.0,0.8968245983123779
YER175C,YNL095C,0,-3.6061437,0.1019957885146141,1.0,0.8969247937202454
YBR180W,YOR241W,0,-3.6081853,0.10198555886745453,1.0,0.897024929523468
YOL157C,YNL221C,0,-3.6096523,0.10197533667087555,1.0,0.8971251249313354
YJR120W,YHL026C,0,-3.6099565,0.10196510702371597,1.0,0.8972252607345581
YGL112C,YEL022W,0,-3.6126764,0.101954884827137,1.0,0.8973254561424255
YMR238W,YAL043C,0,-3.613483,0.10194467008113861,1.0,0.897425651550293
YDR325W,YLR395C,0,-3.616285,0.10193444788455963,1.0,0.8975257873535156
YOR304W,YDR416W,0,-3.616784,0.10192423313856125,1.0,0.8976259827613831
YER137C,YBR115C,0,-3.617051,0.10191401839256287,1.0,0.8977261185646057
YDL051W,YNL236W,0,-3.617886,0.10190381109714508,1.0,0.8978263139724731
YDR151C,YLR360W,0,-3.617945,0.1018935963511467,1.0,0.8979264497756958
YJL168C,YPL231W,0,-3.620159,0.10188338905572891,1.0,0.8980266451835632
YMR125W,YKR036C,0,-3.6217525,0.10187318176031113,1.0,0.8981268405914307
YDL139C,YJR010C-A,0,-3.6236374,0.10186298191547394,1.0,0.8982269763946533
YOR356W,YKL004W,0,-3.6237147,0.10185278207063675,1.0,0.8983271718025208
YHR204W,YLR055C,0,-3.624321,0.10184258222579956,1.0,0.8984273076057434
YDL109C,YAL016W,0,-3.6244442,0.10183238238096237,1.0,0.8985275030136108
YBR035C,YHR202W,0,-3.6263087,0.10182218998670578,1.0,0.8986276388168335
YMR290C,YBR125C,0,-3.6266365,0.10181199014186859,1.0,0.8987278342247009
YER061C,YLR418C,0,-3.6274881,0.1018018051981926,1.0,0.8988280296325684
YDR371W,YEL061C,0,-3.6283677,0.101791612803936,1.0,0.898928165435791
YBR188C,YMR036C,0,-3.6287503,0.10178142786026001,1.0,0.8990283608436584
YLR187W,YEL065W,0,-3.6300156,0.10177124291658401,1.0,0.8991284966468811
YPR135W,YLR105C,0,-3.6301274,0.10176105797290802,1.0,0.8992286920547485
YLR418C,YDL012C,0,-3.6312163,0.10175087302923203,1.0,0.899328887462616
YPL221W,YPL183C,0,-3.6326935,0.10174069553613663,1.0,0.8994290232658386
YER049W,YHR044C,0,-3.633362,0.10173051804304123,1.0,0.899529218673706
YJL079C,YGL106W,0,-3.633826,0.10172034054994583,1.0,0.8996293544769287
YEL062W,YKR064W,0,-3.6338823,0.10171017050743103,1.0,0.8997295498847961
YDR520C,YKR048C,0,-3.6346114,0.10170000046491623,1.0,0.8998296856880188
YJL090C,YGL058W,0,-3.6357205,0.10168983042240143,1.0,0.8999298810958862
YBR043C,YHR041C,0,-3.637314,0.10167966037988663,1.0,0.9000300765037537
YIL021W,YPL280W,0,-3.6380763,0.10166949778795242,1.0,0.9001302123069763
YEL070W,YKL170W,0,-3.6383522,0.10165933519601822,1.0,0.9002304077148438
YJL095W,YIL046W,0,-3.6394064,0.10164917260408401,1.0,0.9003305435180664
YLR265C,YMR109W,0,-3.6399055,0.10163901746273041,1.0,0.9004307389259338
YMR156C,YIL132C,0,-3.6411855,0.1016288623213768,1.0,0.9005308747291565
YGR006W,YOR313C,0,-3.6411936,0.1016187071800232,1.0,0.9006310701370239
YMR088C,YAL043C,0,-3.6417837,0.10160855203866959,1.0,0.9007312655448914
YEL030W,YOR264W,0,-3.6418784,0.10159840434789658,1.0,0.900831401348114
YKL140W,YLR107W,0,-3.6421864,0.10158824920654297,1.0,0.9009315967559814
YOR272W,YGR170W,0,-3.6432972,0.10157810896635056,1.0,0.9010317325592041
YKR078W,YDR441C,0,-3.6439548,0.10156796127557755,1.0,0.9011319279670715
YLR301W,YBR183W,0,-3.644322,0.10155782103538513,1.0,0.901232123374939
YGL021W,YML032C,0,-3.6452897,0.10154768079519272,1.0,0.9013322591781616
YBR050C,YLR191W,0,-3.6464503,0.1015375405550003,1.0,0.901432454586029
YDR200C,YAL016W,0,-3.6466167,0.10152740031480789,1.0,0.9015325903892517
YGR070W,YMR032W,0,-3.646806,0.10151726752519608,1.0,0.9016327857971191
YDR034C,YNL190W,0,-3.6481364,0.10150713473558426,1.0,0.9017329216003418
YKL067W,YDL247W,0,-3.64832,0.10149700939655304,1.0,0.9018331170082092
YDR533C,YGR161C,0,-3.6483414,0.10148687660694122,1.0,0.9019333124160767
YOR373W,YDR007W,0,-3.648496,0.10147675126791,1.0,0.9020334482192993
YBR020W,YNR002C,0,-3.6485116,0.10146662592887878,1.0,0.9021336436271667
YGL070C,YLR047C,0,-3.6497147,0.10145650804042816,1.0,0.9022337794303894
YNL322C,YDR116C,0,-3.6511858,0.10144638270139694,1.0,0.9023339748382568
YGR046W,YKR105C,0,-3.6520317,0.10143626481294632,1.0,0.9024341106414795
YBR094W,YFR038W,0,-3.6528523,0.1014261469244957,1.0,0.9025343060493469
YLR126C,YMR145C,0,-3.6540713,0.10141603648662567,1.0,0.9026345014572144
YMR240C,YMR180C,0,-3.6560917,0.10140592604875565,1.0,0.902734637260437
YGL094C,YFR024C-A,0,-3.6563752,0.10139581561088562,1.0,0.9028348326683044
YGR177C,YDR019C,0,-3.6577046,0.1013857051730156,1.0,0.9029349684715271
YGL051W,YOR113W,0,-3.6581616,0.10137559473514557,1.0,0.9030351638793945
YGR046W,YER129W,0,-3.6592882,0.10136549174785614,1.0,0.903135359287262
YNL240C,YNR053C,0,-3.659351,0.10135538876056671,1.0,0.9032354950904846
YPL120W,YLR251W,0,-3.659924,0.10134529322385788,1.0,0.903335690498352
YLL061W,YBR096W,0,-3.6609476,0.10133519023656845,1.0,0.9034358263015747
YPL068C,YKR030W,0,-3.6614463,0.10132509469985962,1.0,0.9035360217094421
YMR295C,YJL165C,0,-3.6618502,0.10131500661373138,1.0,0.9036361575126648
YJL206C,YHL008C,0,-3.6620176,0.10130491107702255,1.0,0.9037363529205322
YJL168C,YNR041C,0,-3.6634614,0.10129482299089432,1.0,0.9038365483283997
YHR051W,YBR105C,0,-3.663922,0.10128473490476608,1.0,0.9039366841316223
YIL068C,YDR091C,0,-3.664678,0.10127464681863785,1.0,0.9040368795394897
YLR401C,YER093C,0,-3.665722,0.10126455873250961,1.0,0.9041370153427124
YDR453C,YMR004W,0,-3.6657624,0.10125447809696198,1.0,0.9042372107505798
YFR040W,YML077W,0,-3.666359,0.10124439746141434,1.0,0.9043373465538025
YNL263C,YGL178W,0,-3.6671443,0.1012343242764473,1.0,0.9044375419616699
YER060W,YJR150C,0,-3.6672904,0.10122424364089966,1.0,0.9045377373695374
YDR105C,YKR055W,0,-3.6678348,0.10121417045593262,1.0,0.90463787317276
YER063W,YPL280W,0,-3.6680865,0.10120409727096558,1.0,0.9047380685806274
YDR430C,YCL057W,0,-3.670007,0.10119403153657913,1.0,0.9048382043838501
YNL038W,YIL072W,0,-3.670593,0.10118395835161209,1.0,0.9049383997917175
YBR208C,YKL024C,0,-3.670674,0.10117389261722565,1.0,0.905038595199585
YPL082C,YOR081C,0,-3.6707752,0.1011638343334198,1.0,0.9051387310028076
YCL050C,YHR080C,0,-3.6717951,0.10115376859903336,1.0,0.905238926410675
YDR310C,YGL172W,0,-3.6720426,0.10114371031522751,1.0,0.9053390622138977
YNL031C,YBR123C,0,-3.6754212,0.10113365203142166,1.0,0.9054392576217651
YDR218C,YOR025W,0,-3.677692,0.10112359374761581,1.0,0.9055393934249878
YAL034W-A,YCL051W,0,-3.6794474,0.10111354291439056,1.0,0.9056395888328552
YER093C,YEL036C,0,-3.6807659,0.10110349208116531,1.0,0.9057397842407227
YDR071C,YBR289W,0,-3.680865,0.10109344124794006,1.0,0.9058399200439453
YIR019C,YLR131C,0,-3.6818864,0.10108339041471481,1.0,0.9059401154518127
YKR075C,YNL278W,0,-3.6825888,0.10107334703207016,1.0,0.9060402512550354
YOR236W,YGL170C,0,-3.6841564,0.1010633036494255,1.0,0.9061404466629028
YMR198W,YDR080W,0,-3.6847725,0.10105326026678085,1.0,0.9062405824661255
YAL053W,YKL126W,0,-3.6859496,0.1010432168841362,1.0,0.9063407778739929
YOR274W,YOR346W,0,-3.6862361,0.10103318095207214,1.0,0.9064409732818604
YPR137W,YBR180W,0,-3.6866143,0.10102314502000809,1.0,0.906541109085083
YER020W,YOL154W,0,-3.6871393,0.10101310908794403,1.0,0.9066413044929504
YNL242W,YLR313C,0,-3.6892722,0.10100308060646057,1.0,0.9067414402961731
YGR002C,YGR054W,0,-3.6909714,0.10099305212497711,1.0,0.9068416357040405
YLR141W,YLR244C,0,-3.6917465,0.10098302364349365,1.0,0.9069417715072632
YPR178W,YNR010W,0,-3.6917493,0.10097299516201019,1.0,0.9070419669151306
YOR313C,YDR107C,0,-3.692217,0.10096296668052673,1.0,0.907142162322998
YNR031C,YER154W,0,-3.6927702,0.10095294564962387,1.0,0.9072422981262207
YEL001C,YAL031C,0,-3.692925,0.10094292461872101,1.0,0.9073424935340881
YAR033W,YPL259C,0,-3.6934252,0.10093291103839874,1.0,0.9074426293373108
YAL021C,YNL118C,0,-3.694791,0.10092289000749588,1.0,0.9075428247451782
YCR091W,YGR144W,0,-3.6951501,0.10091287642717361,1.0,0.9076430201530457
YKL116C,YJR082C,0,-3.6951678,0.10090287029743195,1.0,0.9077431559562683
YGL192W,YPR072W,0,-3.6963644,0.10089285671710968,1.0,0.9078433513641357
YOL135C,YLL019C,0,-3.6970007,0.10088285058736801,1.0,0.9079434871673584
YAL010C,YCL017C,0,-3.6980035,0.10087284445762634,1.0,0.9080436825752258
YCL074W,YLR200W,0,-3.6986039,0.10086283832788467,1.0,0.9081438183784485
YOR126C,YOR217W,0,-3.699806,0.1008528396487236,1.0,0.9082440137863159
YNL318C,YHL044W,0,-3.700455,0.10084283351898193,1.0,0.9083442091941833
YIL126W,YJR109C,0,-3.702098,0.10083283483982086,1.0,0.908444344997406
YEL019C,YOL011W,0,-3.705049,0.10082284361124039,1.0,0.9085445404052734
YKL079W,YCR091W,0,-3.706183,0.10081284493207932,1.0,0.9086446762084961
YPR031W,YPL010W,0,-3.7073367,0.10080285370349884,1.0,0.9087448716163635
YMR195W,YCL001W,0,-3.707649,0.10079286247491837,1.0,0.9088450074195862
YDL093W,YML120C,0,-3.7085054,0.10078287869691849,1.0,0.9089452028274536
YMR049C,YLR427W,0,-3.7091453,0.10077288746833801,1.0,0.909045398235321
YNR008W,YMR128W,0,-3.7104027,0.10076290369033813,1.0,0.9091455340385437
YLR088W,YMR243C,0,-3.7104552,0.10075291991233826,1.0,0.9092457294464111
YDL160C,YOL067C,0,-3.7111979,0.10074294358491898,1.0,0.9093458652496338
YNL240C,YPR026W,0,-3.711625,0.1007329672574997,1.0,0.9094460606575012
YKL185W,YKR044W,0,-3.7120988,0.10072298347949982,1.0,0.9095462560653687
YNL029C,YCR021C,0,-3.715693,0.10071301460266113,1.0,0.9096463918685913
YDR380W,YGL244W,0,-3.7162163,0.10070303827524185,1.0,0.9097465872764587
YOL052C-A,YDL028C,0,-3.7171185,0.10069306939840317,1.0,0.9098467230796814
YHR139C,YPL134C,0,-3.7174542,0.10068310052156448,1.0,0.9099469184875488
YIL132C,YDR309C,0,-3.719204,0.1006731316447258,1.0,0.9100470542907715
YBR243C,YPR067W,0,-3.7192187,0.10066317021846771,1.0,0.9101472496986389
YNL016W,YEL016C,0,-3.7200086,0.10065320879220963,1.0,0.9102474451065063
YJR109C,YGL050W,0,-3.7205443,0.10064324736595154,1.0,0.910347580909729
YLR301W,YDL129W,0,-3.7205963,0.10063328593969345,1.0,0.9104477763175964
YBR058C,YOL062C,0,-3.7217433,0.10062333196401596,1.0,0.9105479121208191
YLR130C,YOR201C,0,-3.7241747,0.10061337798833847,1.0,0.9106481075286865
YJL013C,YDL039C,0,-3.7258337,0.10060342401266098,1.0,0.9107482433319092
YDL098C,YJL102W,0,-3.7262347,0.10059347003698349,1.0,0.9108484387397766
YIL027C,YDR109C,0,-3.7272575,0.1005835235118866,1.0,0.910948634147644
YJR001W,YOR330C,0,-3.7287228,0.1005735769867897,1.0,0.9110487699508667
YOR227W,YOR079C,0,-3.7308848,0.10056363046169281,1.0,0.9111489653587341
YER088C,YDL059C,0,-3.7316926,0.10055369138717651,1.0,0.9112491011619568
YOR267C,YLR385C,0,-3.732521,0.10054374486207962,1.0,0.9113492965698242
YNL172W,YDR256C,0,-3.7331264,0.10053380578756332,1.0,0.9114494919776917
YBR109C,YNL024C,0,-3.7332537,0.10052387416362762,1.0,0.9115496277809143
YGR189C,YJL057C,0,-3.7333982,0.10051393508911133,1.0,0.9116498231887817
YJR120W,YLR329W,0,-3.7342806,0.10050400346517563,1.0,0.9117499589920044
YER098W,YDR359C,0,-3.7345638,0.10049407184123993,1.0,0.9118501543998718
YPL179W,YOR158W,0,-3.7353575,0.10048414021730423,1.0,0.9119502902030945
YER101C,YLR142W,0,-3.7371452,0.10047421604394913,1.0,0.9120504856109619
YOL102C,YKR054C,0,-3.7374866,0.10046429187059402,1.0,0.9121506810188293
YBR142W,YPL064C,0,-3.7380369,0.10045436769723892,1.0,0.912250816822052
YHR215W,YLR055C,0,-3.7382386,0.10044444352388382,1.0,0.9123510122299194
YJR098C,YER095W,0,-3.7387178,0.10043452680110931,1.0,0.9124511480331421
YKL069W,YER159C,0,-3.7391565,0.10042461007833481,1.0,0.9125513434410095
YLR209C,YOR116C,0,-3.7395782,0.1004146933555603,1.0,0.9126514792442322
YER028C,YMR192W,0,-3.739939,0.1004047766327858,1.0,0.9127516746520996
YHR103W,YKL093W,0,-3.7402074,0.10039486736059189,1.0,0.912851870059967
YJL024C,YPR114W,0,-3.7402365,0.10038495808839798,1.0,0.9129520058631897
YML009C,YMR192W,0,-3.7429438,0.10037504881620407,1.0,0.9130522012710571
YHR046C,YGR081C,0,-3.7429867,0.10036514699459076,1.0,0.9131523370742798
YOR338W,YML087C,0,-3.7430503,0.10035523772239685,1.0,0.9132525324821472
YPL122C,YNL210W,0,-3.7442076,0.10034533590078354,1.0,0.9133527278900146
YCL035C,YDR137W,0,-3.7452385,0.10033544152975082,1.0,0.9134528636932373
YOR043W,YPL253C,0,-3.746038,0.10032553970813751,1.0,0.9135530591011047
YJL156C,YLR079W,0,-3.748146,0.1003156453371048,1.0,0.9136531949043274
YBL041W,YIL145C,0,-3.7486298,0.10030575096607208,1.0,0.9137533903121948
YMR063W,YPL001W,0,-3.7494633,0.10029585659503937,1.0,0.9138535261154175
YIL137C,YBR050C,0,-3.7501564,0.10028596967458725,1.0,0.9139537215232849
YDR076W,YNL223W,0,-3.7507558,0.10027608275413513,1.0,0.9140539169311523
YPL193W,YPR168W,0,-3.7510307,0.10026619583368301,1.0,0.914154052734375
YHR185C,YGR263C,0,-3.7515287,0.1002563089132309,1.0,0.9142542481422424
YMR115W,YDL109C,0,-3.7515543,0.10024642944335938,1.0,0.9143543839454651
YLR024C,YLR204W,0,-3.7519836,0.10023654997348785,1.0,0.9144545793533325
YGL241W,YPR138C,0,-3.7529576,0.10022667050361633,1.0,0.9145547151565552
YDL046W,YGR035C,0,-3.7535572,0.10021679103374481,1.0,0.9146549105644226
YPR073C,YBL008W,0,-3.75561,0.10020691901445389,1.0,0.91475510597229
YMR274C,YHR185C,0,-3.7567775,0.10019704699516296,1.0,0.9148552417755127
YDR292C,YDR460W,0,-3.7582457,0.10018717497587204,1.0,0.9149554371833801
YER022W,YAL008W,0,-3.7586014,0.10017730295658112,1.0,0.9150555729866028
YLR054C,YGR129W,0,-3.7589638,0.10016743838787079,1.0,0.9151557683944702
YGR258C,YDR411C,0,-3.759042,0.10015757381916046,1.0,0.9152559638023376
YLR025W,YGR143W,0,-3.7598064,0.10014770925045013,1.0,0.9153560996055603
YCL047C,YAL016W,0,-3.7599275,0.1001378521323204,1.0,0.9154562950134277
YCL048W,YAL024C,0,-3.760294,0.10012798756361008,1.0,0.9155564308166504
YER178W,YDR166C,0,-3.7628648,0.10011813044548035,1.0,0.9156566262245178
YER028C,YDR465C,0,-3.7637086,0.10010828077793121,1.0,0.9157567620277405
YOR048C,YLR381W,0,-3.7647083,0.10009842365980148,1.0,0.9158569574356079
YOL121C,YKR027W,0,-3.766088,0.10008857399225235,1.0,0.9159571528434753
YPR007C,YMR272C,0,-3.7661963,0.10007872432470322,1.0,0.916057288646698
YDR105C,YML032C,0,-3.7662144,0.10006887465715408,1.0,0.9161574840545654
YNR067C,YDR082W,0,-3.7670217,0.10005903244018555,1.0,0.9162576198577881
YGR143W,YNL026W,0,-3.7693212,0.10004919022321701,1.0,0.9163578152656555
YEL056W,YLR113W,0,-3.7703283,0.10003934800624847,1.0,0.9164579510688782
YKL135C,YGL155W,0,-3.7715466,0.10002950578927994,1.0,0.9165581464767456
YBR223C,YKL110C,0,-3.7768266,0.100019671022892,1.0,0.916658341884613
YDR189W,YMR183C,0,-3.7779272,0.10000983625650406,1.0,0.9167584776878357
YGL194C,YBR041W,0,-3.7792442,0.10000000149011612,1.0,0.9168586730957031
YDR205W,YOR123C,0,-3.7807596,0.09999016672372818,1.0,0.9169588088989258
YDR441C,YPL110C,0,-3.7808676,0.09998033940792084,1.0,0.9170590043067932
YDR419W,YDR279W,0,-3.7816575,0.0999705120921135,1.0,0.9171591997146606
YBR012W-A,YOL122C,0,-3.7817645,0.09996068477630615,1.0,0.9172593355178833
YDR317W,YLR418C,0,-3.7821083,0.09995085746049881,1.0,0.9173595309257507
YDR392W,YDR342C,0,-3.7827325,0.09994103759527206,1.0,0.9174596667289734
YNR044W,YDL245C,0,-3.7838726,0.09993121773004532,1.0,0.9175598621368408
YOR177C,YDL056W,0,-3.7843149,0.09992139786481857,1.0,0.9176599979400635
YIL098C,YLR047C,0,-3.7848308,0.09991158545017242,1.0,0.9177601933479309
YLR054C,YOR032C,0,-3.784977,0.09990176558494568,1.0,0.9178603887557983
YBL075C,YOR085W,0,-3.7853563,0.09989195317029953,1.0,0.917960524559021
YBL113C,YGR005C,0,-3.7859433,0.09988214820623398,1.0,0.9180607199668884
YPL235W,YLR213C,0,-3.7861447,0.09987233579158783,1.0,0.9181608557701111
YGL196W,YIL119C,0,-3.7864513,0.09986253082752228,1.0,0.9182610511779785
YPR194C,YJL171C,0,-3.7883809,0.09985272586345673,1.0,0.9183611869812012
YDR285W,YER041W,0,-3.7888844,0.09984292089939117,1.0,0.9184613823890686
YBL069W,YDL135C,0,-3.789599,0.09983312338590622,1.0,0.918561577796936
YBL011W,YPL214C,0,-3.7920198,0.09982331842184067,1.0,0.9186617136001587
YMR290C,YGL178W,0,-3.7921002,0.09981352090835571,1.0,0.9187619090080261
YDR406W,YNR040W,0,-3.7923567,0.09980373084545135,1.0,0.9188620448112488
YMR180C,YDR310C,0,-3.7924397,0.0997939333319664,1.0,0.9189622402191162
YOR386W,YGR178C,0,-3.793628,0.09978414326906204,1.0,0.9190624356269836
YDR231C,YKL069W,0,-3.794292,0.09977435320615768,1.0,0.9191625714302063
YDL146W,YPL002C,0,-3.795472,0.09976457059383392,1.0,0.9192627668380737
YDR252W,YDR378C,0,-3.7958472,0.09975478053092957,1.0,0.9193629026412964
YMR026C,YCL066W,0,-3.7958972,0.0997449979186058,1.0,0.9194630980491638
YLR446W,YIL009W,0,-3.7964857,0.09973521530628204,1.0,0.9195632338523865
YLR011W,YOR212W,0,-3.7979584,0.09972543269395828,1.0,0.9196634292602539
YDR482C,YDL030W,0,-3.7991712,0.09971565753221512,1.0,0.9197636246681213
YLR020C,YOR250C,0,-3.8005035,0.09970588237047195,1.0,0.919863760471344
YOR351C,YBR170C,0,-3.801687,0.09969610720872879,1.0,0.9199639558792114
YDL139C,YJR015W,0,-3.802536,0.09968633949756622,1.0,0.9200640916824341
YNL287W,YJL006C,0,-3.803236,0.09967656433582306,1.0,0.9201642870903015
YDR524C,YLR429W,0,-3.8042169,0.09966679662466049,1.0,0.9202644228935242
YBL037W,YBR267W,0,-3.8047147,0.09965702891349792,1.0,0.9203646183013916
YBR205W,YCR091W,0,-3.8054755,0.09964726865291595,1.0,0.920464813709259
YBR230C,YKL173W,0,-3.805598,0.09963750094175339,1.0,0.9205649495124817
YEL032W,YIL108W,0,-3.8060515,0.09962774068117142,1.0,0.9206651449203491
YLR306W,YHL011C,0,-3.8064072,0.09961798042058945,1.0,0.9207652807235718
YPR111W,YNL123W,0,-3.8064206,0.09960822761058807,1.0,0.9208654761314392
YPR134W,YHR205W,0,-3.8064725,0.0995984748005867,1.0,0.9209656119346619
YMR034C,YDL195W,0,-3.8065348,0.09958872199058533,1.0,0.9210658073425293
YGL167C,YDL105W,0,-3.8070638,0.09957896918058395,1.0,0.9211660027503967
YOR356W,YLR042C,0,-3.80769,0.09956921637058258,1.0,0.9212661385536194
YOR252W,YPR024W,0,-3.8099315,0.0995594710111618,1.0,0.9213663339614868
YCR028C,YMR247C,0,-3.8129833,0.09954972565174103,1.0,0.9214664697647095
YNL008C,YOR324C,0,-3.8140566,0.09953998029232025,1.0,0.9215666651725769
YPL026C,YPL207W,0,-3.8170605,0.09953024238348007,1.0,0.9216668605804443
YOR110W,YPL239W,0,-3.8172898,0.09952050447463989,1.0,0.921766996383667
YGL060W,YBR054W,0,-3.817959,0.09951076656579971,1.0,0.9218671917915344
YER022W,YDR204W,0,-3.8188574,0.09950102865695953,1.0,0.9219673275947571
YBR180W,YBR094W,0,-3.8196921,0.09949129074811935,1.0,0.9220675230026245
YDR362C,YOR348C,0,-3.8197963,0.09948156028985977,1.0,0.9221676588058472
YFL010W-A,YJR150C,0,-3.8211944,0.09947182983160019,1.0,0.9222678542137146
YJL103C,YLR004C,0,-3.8222253,0.0994620993733406,1.0,0.922368049621582
YKL150W,YDR160W,0,-3.8223572,0.09945237636566162,1.0,0.9224681854248047
YKL005C,YLR197W,0,-3.8244293,0.09944265335798264,1.0,0.9225683808326721
YDR361C,YER140W,0,-3.8270843,0.09943293035030365,1.0,0.9226685166358948
YDR372C,YIL147C,0,-3.8271348,0.09942320734262466,1.0,0.9227687120437622
YML031W,YBR069C,0,-3.827953,0.09941349178552628,1.0,0.9228688478469849
YDR252W,YOR025W,0,-3.8322766,0.09940377622842789,1.0,0.9229690432548523
YER129W,YOL061W,0,-3.8326108,0.0993940606713295,1.0,0.9230692386627197
YGR014W,YGR075C,0,-3.8332179,0.09938434511423111,1.0,0.9231693744659424
YGR177C,YDR482C,0,-3.834054,0.09937463700771332,1.0,0.9232695698738098
YMR233W,YNL101W,0,-3.834403,0.09936492145061493,1.0,0.9233697056770325
YKR083C,YIL014W,0,-3.8344262,0.09935521334409714,1.0,0.9234699010848999
YPL001W,YGL045W,0,-3.8349645,0.09934551268815994,1.0,0.9235700964927673
YOR279C,YBL079W,0,-3.8360913,0.09933580458164215,1.0,0.92367023229599
YJR068W,YGR271W,0,-3.8374488,0.09932610392570496,1.0,0.9237704277038574
YMR238W,YPL120W,0,-3.8380754,0.09931640326976776,1.0,0.9238705635070801
YPR184W,YOR025W,0,-3.8381279,0.09930671006441116,1.0,0.9239707589149475
YLR020C,YCL069W,0,-3.8384578,0.09929700940847397,1.0,0.9240708947181702
YKL045W,YCR010C,0,-3.8412325,0.09928731620311737,1.0,0.9241710901260376
YPR125W,YKL069W,0,-3.842254,0.09927762299776077,1.0,0.924271285533905
YIL064W,YER041W,0,-3.8422554,0.09926793724298477,1.0,0.9243714213371277
YGR143W,YER068W,0,-3.8424366,0.09925824403762817,1.0,0.9244716167449951
YBR109C,YDR121W,0,-3.8427677,0.09924855828285217,1.0,0.9245717525482178
YDR090C,YHL027W,0,-3.8438237,0.09923887252807617,1.0,0.9246719479560852
YLR033W,YNL101W,0,-3.845521,0.09922919422388077,1.0,0.9247720837593079
YER178W,YDR334W,0,-3.846894,0.09921951591968536,1.0,0.9248722791671753
YMR205C,YMR133W,0,-3.8503919,0.09920983016490936,1.0,0.9249724745750427
YNL230C,YPL065W,0,-3.850437,0.09920015931129456,1.0,0.9250726103782654
YMR289W,YDR247W,0,-3.8504584,0.09919048100709915,1.0,0.9251728057861328
YOR014W,YPL122C,0,-3.8505118,0.09918081015348434,1.0,0.9252729415893555
YIL064W,YMR227C,0,-3.8510048,0.09917113929986954,1.0,0.9253731369972229
YPR095C,YDR240C,0,-3.851116,0.09916146844625473,1.0,0.9254733324050903
YML061C,YML102W,0,-3.8528435,0.09915179759263992,1.0,0.925573468208313
YIL177C,YDR174W,0,-3.8538074,0.09914213418960571,1.0,0.9256736636161804
YML011C,YPL150W,0,-3.853882,0.0991324707865715,1.0,0.9257737994194031
YIR015W,YLR304C,0,-3.8568628,0.09912280738353729,1.0,0.9258739948272705
YML120C,YPR055W,0,-3.8574412,0.09911314398050308,1.0,0.9259741306304932
YPL033C,YLR314C,0,-3.8577793,0.09910348802804947,1.0,0.9260743260383606
YIR023W,YKL090W,0,-3.8591015,0.09909383207559586,1.0,0.926174521446228
YJL213W,YOR091W,0,-3.8601458,0.09908417612314224,1.0,0.9262746572494507
YLR446W,YPR108W,0,-3.8616095,0.09907452762126923,1.0,0.9263748526573181
YNL250W,YGR063C,0,-3.861694,0.09906487166881561,1.0,0.9264749884605408
YLR010C,YBR107C,0,-3.8635795,0.0990552231669426,1.0,0.9265751838684082
YGL112C,YDL164C,0,-3.8658264,0.09904558211565018,1.0,0.9266753196716309
YPL258C,YDR244W,0,-3.8672488,0.09903593361377716,1.0,0.9267755150794983
YJR134C,YBR029C,0,-3.86738,0.09902629256248474,1.0,0.9268757104873657
YKR105C,YLR318W,0,-3.868161,0.09901665151119232,1.0,0.9269758462905884
YKL114C,YGL186C,0,-3.8701775,0.0990070104598999,1.0,0.9270760416984558
YNL078W,YHR009C,0,-3.8711138,0.09899736940860748,1.0,0.9271761775016785
YKL165C,YJL179W,0,-3.8711653,0.09898773580789566,1.0,0.9272763729095459
YBR107C,YIL039W,0,-3.8718507,0.09897810220718384,1.0,0.9273765683174133
YDR387C,YOR290C,0,-3.871857,0.09896846860647202,1.0,0.927476704120636
YDL247W,YNL339C,0,-3.871898,0.09895884245634079,1.0,0.9275768995285034
YGR077C,YDR091C,0,-3.8725367,0.09894920885562897,1.0,0.9276770353317261
YOL157C,YOL095C,0,-3.874261,0.09893958270549774,1.0,0.9277772307395935
YGL168W,YHR118C,0,-3.876203,0.09892996400594711,1.0,0.9278773665428162
YLR017W,YIL173W,0,-3.8776627,0.09892033785581589,1.0,0.9279775619506836
YMR038C,YLL033W,0,-3.878595,0.09891071915626526,1.0,0.928077757358551
YER167W,YNL163C,0,-3.880144,0.09890110045671463,1.0,0.9281778931617737
YLL017W,YPL065W,0,-3.8802443,0.098891481757164,1.0,0.9282780885696411
YNR008W,YJR021C,0,-3.8802478,0.09888187050819397,1.0,0.9283782243728638
YGL259W,YLR206W,0,-3.8804135,0.09887225180864334,1.0,0.9284784197807312
YNL307C,YEL048C,0,-3.8810232,0.09886264055967331,1.0,0.9285785555839539
YNL161W,YKL189W,0,-3.8812923,0.09885302931070328,1.0,0.9286787509918213
YPR095C,YNL160W,0,-3.8813107,0.09884342551231384,1.0,0.9287789463996887
YEL053C,YHR101C,0,-3.8817174,0.09883382171392441,1.0,0.9288790822029114
YFR013W,YBR045C,0,-3.882747,0.09882421791553497,1.0,0.9289792776107788
YGR122W,YER088C,0,-3.883036,0.09881461411714554,1.0,0.9290794134140015
YPL194W,YMR016C,0,-3.8852737,0.0988050103187561,1.0,0.9291796088218689
YNR019W,YJL081C,0,-3.8898149,0.09879541397094727,1.0,0.9292798042297363
YOR099W,YHR101C,0,-3.8924572,0.09878581762313843,1.0,0.929379940032959
YGL210W,YPL210C,0,-3.8940327,0.09877622127532959,1.0,0.9294801354408264
YHR165C,YHR118C,0,-3.8948035,0.09876663237810135,1.0,0.9295802712440491
YER032W,YOR002W,0,-3.8949172,0.09875704348087311,1.0,0.9296804666519165
YMR127C,YNL278W,0,-3.895376,0.09874745458364487,1.0,0.9297806024551392
YBR287W,YDR229W,0,-3.895989,0.09873786568641663,1.0,0.9298807978630066
YJL153C,YNL048W,0,-3.8970957,0.09872827678918839,1.0,0.929980993270874
YKR064W,YOR168W,0,-3.8983612,0.09871869534254074,1.0,0.9300811290740967
YHR073W,YJL225C,0,-3.900574,0.0987091138958931,1.0,0.9301813244819641
YDR134C,YBR114W,0,-3.9011123,0.09869953244924545,1.0,0.9302814602851868
YKL145W,YPR049C,0,-3.9026616,0.0986899584531784,1.0,0.9303816556930542
YBR092C,YBR276C,0,-3.9032364,0.09868037700653076,1.0,0.9304817914962769
YNR041C,YNR027W,0,-3.9035633,0.09867080301046371,1.0,0.9305819869041443
YEL013W,YEL029C,0,-3.9038641,0.09866123646497726,1.0,0.9306821823120117
YDL112W,YML016C,0,-3.905492,0.09865166246891022,1.0,0.9307823181152344
YIR037W,YML085C,0,-3.9055016,0.09864209592342377,1.0,0.9308825135231018
YBL037W,YNR022C,0,-3.9063733,0.09863252937793732,1.0,0.9309826493263245
YER161C,YDR438W,0,-3.908302,0.09862296283245087,1.0,0.9310828447341919
YNL016W,YDR402C,0,-3.9083753,0.09861340373754501,1.0,0.9311830401420593
YAR015W,YDR007W,0,-3.908653,0.09860383719205856,1.0,0.931283175945282
YOR310C,YNL325C,0,-3.9106886,0.09859427809715271,1.0,0.9313833713531494
YPR032W,YGL063W,0,-3.911944,0.09858472645282745,1.0,0.9314835071563721
YKL201C,YPL172C,0,-3.914607,0.0985751673579216,1.0,0.9315837025642395
YOR158W,YER147C,0,-3.9147885,0.09856561571359634,1.0,0.9316838383674622
YDR419W,YPL235W,0,-3.915069,0.09855606406927109,1.0,0.9317840337753296
YPL148C,YBR087W,0,-3.9175725,0.09854651242494583,1.0,0.931884229183197
YIR002C,YGL063W,0,-3.9215734,0.09853696078062057,1.0,0.9319843649864197
YGR103W,YDR460W,0,-3.9220898,0.09852741658687592,1.0,0.9320845603942871
YER025W,YDR402C,0,-3.9227786,0.09851787239313126,1.0,0.9321846961975098
YJL058C,YOR233W,0,-3.9247386,0.0985083281993866,1.0,0.9322848916053772
YDL246C,YKL010C,0,-3.92516,0.09849879145622253,1.0,0.9323850274085999
YBR040W,YOR179C,0,-3.9251728,0.09848924726247787,1.0,0.9324852228164673
YDR373W,YBL103C,0,-3.927254,0.09847971051931381,1.0,0.9325854182243347
YOL062C,YGR089W,0,-3.9273627,0.09847018122673035,1.0,0.9326855540275574
YLR001C,YOR174W,0,-3.927426,0.09846064448356628,1.0,0.9327857494354248
YER061C,YER087W,0,-3.9287403,0.09845111519098282,1.0,0.9328858852386475
YBR185C,YDR386W,0,-3.9288988,0.09844158589839935,1.0,0.9329860806465149
YJR025C,YDR111C,0,-3.9298153,0.09843205660581589,1.0,0.9330862760543823
YML109W,YIL062C,0,-3.9299376,0.09842252731323242,1.0,0.933186411857605
YKL206C,YBR050C,0,-3.9306674,0.09841300547122955,1.0,0.9332866072654724
YBL089W,YML060W,0,-3.9314907,0.09840348362922668,1.0,0.9333867430686951
YNL117W,YIL118W,0,-3.9319923,0.09839396178722382,1.0,0.9334869384765625
YGR212W,YOR025W,0,-3.9334452,0.09838444739580154,1.0,0.9335870742797852
YGR057C,YOL103W,0,-3.9343977,0.09837492555379868,1.0,0.9336872696876526
YJR119C,YJR045C,0,-3.9350579,0.0983654111623764,1.0,0.93378746509552
YBR212W,YJR112W,0,-3.9364645,0.09835589677095413,1.0,0.9338876008987427
YDR242W,YOL102C,0,-3.937792,0.09834638983011246,1.0,0.9339877963066101
YNL052W,YBR205W,0,-3.9406397,0.09833687543869019,1.0,0.9340879321098328
YJR121W,YPR071W,0,-3.9442997,0.09832736849784851,1.0,0.9341881275177002
YPL058C,YHR157W,0,-3.9460282,0.09831786900758743,1.0,0.9342882633209229
YDR317W,YNL172W,0,-3.9465473,0.09830836206674576,1.0,0.9343884587287903
YPL209C,YCL051W,0,-3.9467137,0.09829886257648468,1.0,0.9344886541366577
YEL039C,YFL011W,0,-3.9482682,0.098289355635643,1.0,0.9345887899398804
YDR207C,YLR247C,0,-3.949108,0.09827986359596252,1.0,0.9346889853477478
YPL269W,YLR414C,0,-3.949198,0.09827036410570145,1.0,0.9347891211509705
YIL022W,YOR076C,0,-3.9496372,0.09826087206602097,1.0,0.9348893165588379
YDR057W,YJL157C,0,-3.9503834,0.09825138002634048,1.0,0.9349894523620605
YBR294W,YNR060W,0,-3.9554017,0.09824188798666,1.0,0.935089647769928
YDL175C,YKL164C,0,-3.955888,0.09823239594697952,1.0,0.9351898431777954
YDR482C,YER171W,0,-3.95658,0.09822291135787964,1.0,0.9352899789810181
YNL094W,YKR072C,0,-3.9565842,0.09821342676877975,1.0,0.9353901743888855
YAR007C,YLR113W,0,-3.9567769,0.09820394217967987,1.0,0.9354903101921082
YCR060W,YDL047W,0,-3.956779,0.09819445759057999,1.0,0.9355905055999756
YKL124W,YPL082C,0,-3.9576426,0.0981849804520607,1.0,0.935690701007843
YBR040W,YJL158C,0,-3.9585516,0.09817549586296082,1.0,0.9357908368110657
YLR164W,YML032C,0,-3.9589615,0.09816602617502213,1.0,0.9358910322189331
YLR170C,YHR170W,0,-3.9593618,0.09815654903650284,1.0,0.9359911680221558
YCL074W,YJL133W,0,-3.9594333,0.09814707934856415,1.0,0.9360913634300232
YOR243C,YDL098C,0,-3.96055,0.09813760221004486,1.0,0.9361914992332458
YEL041W,YGL127C,0,-3.9613252,0.09812813252210617,1.0,0.9362916946411133
YFR050C,YBL074C,0,-3.9619055,0.09811867028474808,1.0,0.9363918900489807
YNL247W,YPL094C,0,-3.962577,0.09810920059680939,1.0,0.9364920258522034
YHR156C,YNL029C,0,-3.9634755,0.0980997383594513,1.0,0.9365922212600708
YML133C,YKL192C,0,-3.967995,0.0980902761220932,1.0,0.9366923570632935
YPR060C,YLR360W,0,-3.968045,0.0980808213353157,1.0,0.9367925524711609
YNR044W,YCR107W,0,-3.9682899,0.09807135909795761,1.0,0.9368926882743835
YFR018C,YIL144W,0,-3.9688623,0.09806190431118011,1.0,0.936992883682251
YOR388C,YDR145W,0,-3.9700506,0.09805244952440262,1.0,0.9370930790901184
YCL024W,YDR328C,0,-3.9703948,0.09804299473762512,1.0,0.9371932148933411
YDR212W,YLR039C,0,-3.9704077,0.09803354740142822,1.0,0.9372934103012085
YMR171C,YGL222C,0,-3.9710453,0.09802410006523132,1.0,0.9373935461044312
YHL006C,YML087C,0,-3.9714382,0.09801465272903442,1.0,0.9374937415122986
YLL003W,YIL006W,0,-3.9719753,0.09800520539283752,1.0,0.937593936920166
YNL161W,YDR211W,0,-3.9724941,0.09799575805664062,1.0,0.9376940727233887
YIL160C,YNL048W,0,-3.9725444,0.09798631817102432,1.0,0.9377942681312561
YNL008C,YMR295C,0,-3.9765222,0.09797687828540802,1.0,0.9378944039344788
YDL040C,YAL026C,0,-3.978518,0.09796743839979172,1.0,0.9379945993423462
YLR126C,YNL066W,0,-3.9808853,0.09795800596475601,1.0,0.9380947351455688
YDR079W,YAL048C,0,-3.981695,0.09794856607913971,1.0,0.9381949305534363
YLL012W,YPL031C,0,-3.9817865,0.097939133644104,1.0,0.9382951259613037
YMR287C,YOR378W,0,-3.982413,0.0979297086596489,1.0,0.9383952617645264
YKR064W,YDR436W,0,-3.9828165,0.09792027622461319,1.0,0.9384954571723938
YGR143W,YMR118C,0,-3.9835374,0.09791085124015808,1.0,0.9385955929756165
YHR028C,YHR119W,0,-3.9849436,0.09790142625570297,1.0,0.9386957883834839
YFR027W,YGR204W,0,-3.9851577,0.09789200127124786,1.0,0.9387959241867065
YJL019W,YOL108C,0,-3.9875445,0.09788257628679276,1.0,0.938896119594574
YIL095W,YJR104C,0,-3.987595,0.09787315875291824,1.0,0.9389963150024414
YIR017C,YDL076C,0,-3.9877665,0.09786374121904373,1.0,0.9390964508056641
YNL068C,YDR439W,0,-3.9903822,0.09785432368516922,1.0,0.9391966462135315
YLR433C,YNL278W,0,-3.9913912,0.0978449136018753,1.0,0.9392967820167542
YDR326C,YPR152C,0,-3.9926305,0.0978354960680008,1.0,0.9393969774246216
YGL194C,YGR216C,0,-3.993975,0.09782608598470688,1.0,0.939497172832489
YDR530C,YLR313C,0,-3.9939992,0.09781667590141296,1.0,0.9395973086357117
YLR426W,YGR225W,0,-3.9957383,0.09780727326869965,1.0,0.9396975040435791
YNR033W,YGL045W,0,-3.997455,0.09779786318540573,1.0,0.9397976398468018
YLR025W,YBR193C,0,-3.9991295,0.09778846055269241,1.0,0.9398978352546692
YHR014W,YOR018W,0,-4.0001802,0.0977790579199791,1.0,0.9399979710578918
YKL080W,YLR323C,0,-4.001269,0.09776966273784637,1.0,0.9400981664657593
YGR080W,YJL114W,0,-4.0016613,0.09776026010513306,1.0,0.9401983618736267
YOR242C,YMR226C,0,-4.0031137,0.09775086492300034,1.0,0.9402984976768494
YHR058C,YPL110C,0,-4.0041404,0.09774146974086761,1.0,0.9403986930847168
YEL032W,YKL095W,0,-4.0057936,0.0977320745587349,1.0,0.9404988288879395
YER049W,YJL024C,0,-4.00718,0.09772268682718277,1.0,0.9405990242958069
YDL028C,YGR071C,0,-4.007995,0.09771329909563065,1.0,0.9406991600990295
YGR003W,YLR246W,0,-4.010111,0.09770391136407852,1.0,0.940799355506897
YGL256W,YCR030C,0,-4.0110073,0.0976945236325264,1.0,0.9408995509147644
YER099C,YHL024W,0,-4.0110235,0.09768514335155487,1.0,0.9409996867179871
YGR255C,YNR050C,0,-4.0111055,0.09767575562000275,1.0,0.9410998821258545
YPL129W,YHL017W,0,-4.012157,0.09766637533903122,1.0,0.9412000179290771
YGL139W,YNR020C,0,-4.0124874,0.09765700250864029,1.0,0.9413002133369446
YPL148C,YFL047W,0,-4.0149446,0.09764762222766876,1.0,0.941400408744812
YBL075C,YLR396C,0,-4.01502,0.09763824939727783,1.0,0.9415005445480347
YHL006C,YPR080W,0,-4.0198946,0.0976288765668869,1.0,0.9416007399559021
YIL135C,YGR134W,0,-4.0206366,0.09761950373649597,1.0,0.9417008757591248
YOL032W,YOL011W,0,-4.0208783,0.09761013835668564,1.0,0.9418010711669922
YCL067C,YDL247W,0,-4.021469,0.09760076552629471,1.0,0.9419012069702148
YLR224W,YOL151W,0,-4.021563,0.09759140014648438,1.0,0.9420014023780823
YLR404W,YDL054C,0,-4.021661,0.09758203476667404,1.0,0.9421015977859497
YCL004W,YEL064C,0,-4.0220976,0.0975726768374443,1.0,0.9422017335891724
YDL031W,YGR204W,0,-4.024426,0.09756331890821457,1.0,0.9423019289970398
YDR325W,YNL192W,0,-4.0263014,0.09755395352840424,1.0,0.9424020648002625
YGR178C,YGL183C,0,-4.0296044,0.0975446030497551,1.0,0.9425022602081299
YHL044W,YNR060W,0,-4.0315714,0.09753524512052536,1.0,0.9426023960113525
YJR025C,YDL192W,0,-4.03324,0.09752589464187622,1.0,0.94270259141922
YCR036W,YGR224W,0,-4.0344005,0.09751653671264648,1.0,0.9428027868270874
YML109W,YJR151C,0,-4.036067,0.09750719368457794,1.0,0.9429029226303101
YMR204C,YPL120W,0,-4.036797,0.0974978432059288,1.0,0.9430031180381775
YER150W,YML071C,0,-4.040889,0.09748850017786026,1.0,0.9431032538414001
YMR159C,YPR108W,0,-4.041612,0.09747914969921112,1.0,0.9432034492492676
YHR116W,YLR005W,0,-4.043899,0.09746980667114258,1.0,0.943303644657135
YMR046C,YDR460W,0,-4.045574,0.09746047109365463,1.0,0.9434037804603577
YDL059C,YDR204W,0,-4.045662,0.09745112806558609,1.0,0.9435039758682251
YAR042W,YMR033W,0,-4.0497503,0.09744179248809814,1.0,0.9436041116714478
YDL192W,YHR056C,0,-4.0499396,0.0974324569106102,1.0,0.9437043070793152
YHR197W,YNR074C,0,-4.051626,0.09742312133312225,1.0,0.9438044428825378
YGR097W,YGL227W,0,-4.0517397,0.0974137932062149,1.0,0.9439046382904053
YIR006C,YJR004C,0,-4.0520377,0.09740446507930756,1.0,0.9440048336982727
YOL132W,YNL130C,0,-4.0529094,0.09739513695240021,1.0,0.9441049695014954
YMR100W,YCR057C,0,-4.0545216,0.09738580882549286,1.0,0.9442051649093628
YOL042W,YOR219C,0,-4.05477,0.09737648069858551,1.0,0.9443053007125854
YHR194W,YFL056C,0,-4.056243,0.09736716002225876,1.0,0.9444054961204529
YNL020C,YNL339C,0,-4.0575624,0.097357839345932,1.0,0.9445056319236755
YBL005W,YOR341W,0,-4.060696,0.09734851866960526,1.0,0.944605827331543
YNL236W,YOR174W,0,-4.063357,0.0973392054438591,1.0,0.9447060227394104
YLR223C,YOR382W,0,-4.064922,0.09732988476753235,1.0,0.9448061585426331
YMR233W,YJL141C,0,-4.064926,0.0973205715417862,1.0,0.9449063539505005
YOR382W,YOR219C,0,-4.067499,0.09731126576662064,1.0,0.9450064897537231
YBL085W,YCL051W,0,-4.0677896,0.09730195254087448,1.0,0.9451066851615906
YML060W,YJL157C,0,-4.0681677,0.09729264676570892,1.0,0.945206880569458
YBL058W,YFR036W,0,-4.068294,0.09728333353996277,1.0,0.9453070163726807
YNL293W,YOL116W,0,-4.0687075,0.09727403521537781,1.0,0.9454072117805481
YOL155C,YMR159C,0,-4.0736403,0.09726472944021225,1.0,0.9455073475837708
YHR106W,YML016C,0,-4.0748854,0.09725542366504669,1.0,0.9456075429916382
YLR187W,YDL030W,0,-4.075788,0.09724612534046173,1.0,0.9457076787948608
YAL059W,YOL011W,0,-4.077118,0.09723682701587677,1.0,0.9458078742027283
YDR059C,YKR071C,0,-4.0772886,0.0972275361418724,1.0,0.9459080696105957
YAR010C,YFL056C,0,-4.077376,0.09721823781728745,1.0,0.9460082054138184
YNL068C,YHR057C,0,-4.081009,0.09720894694328308,1.0,0.9461084008216858
YKL052C,YMR036C,0,-4.082328,0.09719965606927872,1.0,0.9462085366249084
YDL246C,YKR090W,0,-4.0830994,0.09719036519527435,1.0,0.9463087320327759
YDL246C,YDR018C,0,-4.083261,0.09718108177185059,1.0,0.9464088678359985
YKR088C,YDR062W,0,-4.084836,0.09717179089784622,1.0,0.946509063243866
YJL206C,YPL105C,0,-4.0859003,0.09716250747442245,1.0,0.9466092586517334
YBR033W,YLR154C,0,-4.089558,0.09715323150157928,1.0,0.946709394454956
YGL241W,YNL032W,0,-4.0905695,0.09714394807815552,1.0,0.9468095898628235
YCR060W,YBR035C,0,-4.0916443,0.09713467210531235,1.0,0.9469097256660461
YGR279C,YBL017C,0,-4.092753,0.09712539613246918,1.0,0.9470099210739136
YCL034W,YKR055W,0,-4.093298,0.09711612015962601,1.0,0.947110116481781
YER038C,YDR158W,0,-4.0938535,0.09710684418678284,1.0,0.9472102522850037
YMR171C,YDR262W,0,-4.094312,0.09709757566452026,1.0,0.9473104476928711
YLR102C,YPL121C,0,-4.101781,0.09708830714225769,1.0,0.9474105834960938
YBR123C,YOR009W,0,-4.104095,0.09707903861999512,1.0,0.9475107789039612
YMR063W,YBR198C,0,-4.104767,0.09706977009773254,1.0,0.9476109147071838
YDR323C,YER045C,0,-4.1051207,0.09706050902605057,1.0,0.9477111101150513
YJR120W,YLR238W,0,-4.1056113,0.09705124795436859,1.0,0.9478113055229187
YJL155C,YGL151W,0,-4.107958,0.09704198688268661,1.0,0.9479114413261414
YIL027C,YOR349W,0,-4.1091847,0.09703272581100464,1.0,0.9480116367340088
YNL310C,YER159C,0,-4.1102047,0.09702347218990326,1.0,0.9481117725372314
YIL094C,YNL190W,0,-4.111058,0.09701421111822128,1.0,0.9482119679450989
YPL127C,YML113W,0,-4.1119576,0.0970049574971199,1.0,0.9483121037483215
YBR112C,YGL104C,0,-4.112096,0.09699571132659912,1.0,0.948412299156189
YML048W,YER007W,0,-4.1174984,0.09698645770549774,1.0,0.9485124945640564
YLR357W,YMR035W,0,-4.1180005,0.09697721153497696,1.0,0.948612630367279
YPR178W,YPL049C,0,-4.118015,0.09696796536445618,1.0,0.9487128257751465
YCR028C,YDR140W,0,-4.1186814,0.0969587191939354,1.0,0.9488129615783691
YKR061W,YLR206W,0,-4.1192827,0.09694947302341461,1.0,0.9489131569862366
YGR178C,YOR172W,0,-4.1192937,0.09694023430347443,1.0,0.949013352394104
YPR091C,YHR181W,0,-4.121221,0.09693099558353424,1.0,0.9491134881973267
YNR071C,YPR182W,0,-4.1215625,0.09692175686359406,1.0,0.9492136836051941
YLR364W,YGL246C,0,-4.1222568,0.09691251814365387,1.0,0.9493138194084167
YOR351C,YHL019C,0,-4.129695,0.09690328687429428,1.0,0.9494140148162842
YBR261C,YHR119W,0,-4.133714,0.09689405560493469,1.0,0.9495141506195068
YGL089C,YLL038C,0,-4.13493,0.0968848243355751,1.0,0.9496143460273743
YLR333C,YER153C,0,-4.135037,0.09687559306621552,1.0,0.9497145414352417
YKL140W,YLR005W,0,-4.1385093,0.09686636924743652,1.0,0.9498146772384644
YMR039C,YER063W,0,-4.138939,0.09685714542865753,1.0,0.9499148726463318
YAL044C,YJR108W,0,-4.1414857,0.09684792160987854,1.0,0.9500150084495544
YMR133W,YJR112W,0,-4.1419506,0.09683869779109955,1.0,0.9501152038574219
YDL069C,YDR256C,0,-4.142517,0.09682947397232056,1.0,0.9502153396606445
YLR284C,YGR020C,0,-4.1425347,0.09682025760412216,1.0,0.950315535068512
YKL185W,YHL016C,0,-4.1437106,0.09681104123592377,1.0,0.9504157304763794
YMR048W,YGR229C,0,-4.144186,0.09680182486772537,1.0,0.950515866279602
YIL118W,YER147C,0,-4.1444526,0.09679261595010757,1.0,0.9506160616874695
YER095W,YDR463W,0,-4.144716,0.09678339958190918,1.0,0.9507161974906921
YDR083W,YDR227W,0,-4.1447654,0.09677419066429138,1.0,0.9508163928985596
YOR236W,YGL009C,0,-4.1465607,0.09676498919725418,1.0,0.9509165287017822
YGL162W,YBL060W,0,-4.1506495,0.09675578027963638,1.0,0.9510167241096497
YML034W,YLR288C,0,-4.1506867,0.09674657881259918,1.0,0.9511169195175171
YDR508C,YMR201C,0,-4.1517215,0.09673736989498138,1.0,0.9512170553207397
YKL185W,YLR283W,0,-4.152689,0.09672816842794418,1.0,0.9513172507286072
YDR479C,YPR081C,0,-4.15303,0.09671897441148758,1.0,0.9514173865318298
YJR160C,YDR023W,0,-4.1565557,0.09670977294445038,1.0,0.9515175819396973
YDR287W,YLR459W,0,-4.1571465,0.09670057892799377,1.0,0.9516177773475647
YJL058C,YGL148W,0,-4.159472,0.09669138491153717,1.0,0.9517179131507874
YGL104C,YLR187W,0,-4.1604514,0.09668219089508057,1.0,0.9518181085586548
YKL179C,YLR102C,0,-4.1616254,0.09667300432920456,1.0,0.9519182443618774
YLR097C,YER090W,0,-4.1632566,0.09666381776332855,1.0,0.9520184397697449
YDL036C,YOL092W,0,-4.1633573,0.09665463119745255,1.0,0.9521185755729675
YOL155C,YKL015W,0,-4.16376,0.09664544463157654,1.0,0.952218770980835
YKR008W,YLL067C,0,-4.165568,0.09663625806570053,1.0,0.9523189663887024
YNR010W,YHR082C,0,-4.1698327,0.09662707895040512,1.0,0.952419102191925
YNL318C,YOR177C,0,-4.1707063,0.09661789983510971,1.0,0.9525192975997925
YGR288W,YGL167C,0,-4.1733522,0.0966087207198143,1.0,0.9526194334030151
YOL031C,YBR238C,0,-4.174252,0.09659954160451889,1.0,0.9527196288108826
YMR076C,YBR005W,0,-4.1751804,0.09659036993980408,1.0,0.9528197646141052
YGL213C,YNL218W,0,-4.175381,0.09658119827508926,1.0,0.9529199600219727
YJR121W,YDR443C,0,-4.1769185,0.09657202661037445,1.0,0.9530201554298401
YHR073W,YDL056W,0,-4.1841235,0.09656285494565964,1.0,0.9531202912330627
YNL020C,YGL185C,0,-4.185681,0.09655369073152542,1.0,0.9532204866409302
YDR236C,YGR129W,0,-4.1878595,0.09654451906681061,1.0,0.9533206224441528
YMR023C,YPL017C,0,-4.188059,0.09653535485267639,1.0,0.9534208178520203
YER007C-A,YPR111W,0,-4.1910276,0.09652619808912277,1.0,0.9535210132598877
YPL121C,YMR032W,0,-4.1930065,0.09651703387498856,1.0,0.9536211490631104
YGL212W,YBL031W,0,-4.194331,0.09650787711143494,1.0,0.9537213444709778
YLR321C,YHR211W,0,-4.1958904,0.09649872034788132,1.0,0.9538214802742004
YGL192W,YDR126W,0,-4.196607,0.0964895635843277,1.0,0.9539216756820679
YPL019C,YMR017W,0,-4.197789,0.09648040682077408,1.0,0.9540218114852905
YKL135C,YIR019C,0,-4.200183,0.09647125750780106,1.0,0.954122006893158
YIL095W,YHR052W,0,-4.2006826,0.09646210819482803,1.0,0.9542222023010254
YDR273W,YBL091C,0,-4.201833,0.09645295888185501,1.0,0.954322338104248
YDR179C,YLL017W,0,-4.202977,0.09644380956888199,1.0,0.9544225335121155
YML099C,YER062C,0,-4.204038,0.09643466770648956,1.0,0.9545226693153381
YJL183W,YPR122W,0,-4.2078238,0.09642552584409714,1.0,0.9546228647232056
YOR380W,YPL120W,0,-4.2097864,0.09641638398170471,1.0,0.9547230005264282
YDR189W,YGL216W,0,-4.2151875,0.09640724211931229,1.0,0.9548231959342957
YBL098W,YDR533C,0,-4.217076,0.09639810770750046,1.0,0.9549233913421631
YLR215C,YOR270C,0,-4.219087,0.09638896584510803,1.0,0.9550235271453857
YNL065W,YOL151W,0,-4.2201195,0.0963798314332962,1.0,0.9551237225532532
YDR425W,YER114C,0,-4.2207046,0.09637069702148438,1.0,0.9552238583564758
YER171W,YOL154W,0,-4.2217226,0.09636157006025314,1.0,0.9553240537643433
YDR342C,YDL197C,0,-4.2240276,0.09635244309902191,1.0,0.9554242491722107
YPL028W,YJL187C,0,-4.2251453,0.09634330868721008,1.0,0.9555243849754333
YOL032W,YGR225W,0,-4.2258244,0.09633418917655945,1.0,0.9556245803833008
YHR070W,YMR048W,0,-4.227853,0.09632506221532822,1.0,0.9557247161865234
YJR147W,YGR189C,0,-4.229286,0.09631594270467758,1.0,0.9558249115943909
YER180C,YGR260W,0,-4.230094,0.09630681574344635,1.0,0.9559250473976135
YER161C,YMR300C,0,-4.2307243,0.09629769623279572,1.0,0.956025242805481
YJR049C,YGL092W,0,-4.2323284,0.09628858417272568,1.0,0.9561254382133484
YJR036C,YNL263C,0,-4.235669,0.09627946466207504,1.0,0.956225574016571
YIL120W,YNR013C,0,-4.23652,0.096270352602005,1.0,0.9563257694244385
YDR367W,YDR126W,0,-4.238805,0.09626124054193497,1.0,0.9564259052276611
YER038C,YOR320C,0,-4.239452,0.09625212848186493,1.0,0.9565261006355286
YOR313C,YGR071C,0,-4.2400794,0.09624302387237549,1.0,0.9566262364387512
YDL223C,YOR074C,0,-4.243544,0.09623391181230545,1.0,0.9567264318466187
YDR165W,YOL090W,0,-4.2472944,0.09622480720281601,1.0,0.9568266272544861
YCL048W,YKR105C,0,-4.247743,0.09621570259332657,1.0,0.9569267630577087
YCR020C,YEL019C,0,-4.249009,0.09620660543441772,1.0,0.9570269584655762
YNL024C,YJR013W,0,-4.2494183,0.09619750082492828,1.0,0.9571270942687988
YBR182C,YNL132W,0,-4.2499466,0.09618840366601944,1.0,0.9572272896766663
YDR503C,YOL140W,0,-4.2541842,0.0961793065071106,1.0,0.9573274850845337
YLR265C,YOR363C,0,-4.2548685,0.09617020934820175,1.0,0.9574276208877563
YJL214W,YNL192W,0,-4.2625337,0.0961611196398735,1.0,0.9575278162956238
YAL058W,YDL006W,0,-4.263647,0.09615202993154526,1.0,0.9576279520988464
YBR020W,YOR011W,0,-4.2667193,0.09614294022321701,1.0,0.9577281475067139
YGR268C,YLR189C,0,-4.2716417,0.09613385051488876,1.0,0.9578282833099365
YLL057C,YDR312W,0,-4.2735577,0.09612476080656052,1.0,0.957928478717804
YLR450W,YMR046C,0,-4.274798,0.09611567854881287,1.0,0.9580286741256714
YDR060W,YDR283C,0,-4.2756233,0.09610659629106522,1.0,0.958128809928894
YJL011C,YBR066C,0,-4.2757444,0.09609751403331757,1.0,0.9582290053367615
YJL089W,YOR288C,0,-4.2784696,0.09608843177556992,1.0,0.9583291411399841
YKL190W,YLL035W,0,-4.2790065,0.09607935696840286,1.0,0.9584293365478516
YLR460C,YGR161C,0,-4.2804832,0.09607028216123581,1.0,0.9585294723510742
YNL192W,YBR243C,0,-4.2814875,0.09606120735406876,1.0,0.9586296677589417
YBR182C,YCL032W,0,-4.282249,0.0960521325469017,1.0,0.9587298631668091
YMR153W,YKR083C,0,-4.28252,0.09604306519031525,1.0,0.9588299989700317
YGR271W,YLR460C,0,-4.284594,0.09603399783372879,1.0,0.9589301943778992
YPL209C,YMR078C,0,-4.2847176,0.09602493047714233,1.0,0.9590303301811218
YHR202W,YMR039C,0,-4.2849402,0.09601586312055588,1.0,0.9591305255889893
YLR158C,YBL047C,0,-4.28528,0.09600679576396942,1.0,0.9592307209968567
YLR411W,YLR102C,0,-4.285914,0.09599773585796356,1.0,0.9593308568000793
YGL039W,YLR189C,0,-4.2878494,0.0959886759519577,1.0,0.9594310522079468
YKR044W,YDL076C,0,-4.2885294,0.09597961604595184,1.0,0.9595311880111694
YOR192C,YBL076C,0,-4.2920456,0.09597055613994598,1.0,0.9596313834190369
YML016C,YJR132W,0,-4.292183,0.09596150368452072,1.0,0.9597315192222595
YOR388C,YMR149W,0,-4.2933793,0.09595245122909546,1.0,0.959831714630127
YDR534C,YOL045W,0,-4.2949877,0.0959433987736702,1.0,0.9599319100379944
YHR185C,YEL064C,0,-4.296138,0.09593434631824493,1.0,0.960032045841217
YAL058W,YLR113W,0,-4.2982273,0.09592529386281967,1.0,0.9601322412490845
YOR075W,YMR290C,0,-4.2985086,0.095916248857975,1.0,0.9602323770523071
YPL157W,YKL001C,0,-4.298923,0.09590720385313034,1.0,0.9603325724601746
YGR279C,YDR055W,0,-4.2994003,0.09589815884828568,1.0,0.9604327082633972
YHR006W,YMR022W,0,-4.3007936,0.0958891212940216,1.0,0.9605329036712646
YOR047C,YLR352W,0,-4.301635,0.09588007628917694,1.0,0.9606330990791321
YIR032C,YKL178C,0,-4.303257,0.09587103873491287,1.0,0.9607332348823547
YER162C,YPR138C,0,-4.3083415,0.0958620011806488,1.0,0.9608334302902222
YFL026W,YLR085C,0,-4.3104877,0.09585297107696533,1.0,0.9609335660934448
YDR518W,YCL031C,0,-4.3137035,0.09584393352270126,1.0,0.9610337615013123
YKL140W,YKL026C,0,-4.3163047,0.09583490341901779,1.0,0.9611339569091797
YJR158W,YMR055C,0,-4.316683,0.09582587331533432,1.0,0.9612340927124023
YDR189W,YBR182C,0,-4.317007,0.09581684321165085,1.0,0.9613342881202698
YDR300C,YBR097W,0,-4.3171315,0.09580782055854797,1.0,0.9614344239234924
YER008C,YMR087W,0,-4.319789,0.0957987979054451,1.0,0.9615346193313599
YMR264W,YMR198W,0,-4.321867,0.09578976780176163,1.0,0.9616347551345825
YER179W,YOR025W,0,-4.322379,0.09578075259923935,1.0,0.96173495054245
YLR251W,YPL056C,0,-4.3259363,0.09577172994613647,1.0,0.9618351459503174
YDR071C,YLL026W,0,-4.3266296,0.0957627147436142,1.0,0.96193528175354
YPR098C,YNL027W,0,-4.3286347,0.09575369209051132,1.0,0.9620354771614075
YGL220W,YEL064C,0,-4.329128,0.09574468433856964,1.0,0.9621356129646301
YDL098C,YDL006W,0,-4.3307242,0.09573566913604736,1.0,0.9622358083724976
YJL181W,YEL065W,0,-4.3309507,0.09572665393352509,1.0,0.9623359441757202
YER030W,YOR081C,0,-4.332062,0.0957176461815834,1.0,0.9624361395835876
YDL100C,YIL042C,0,-4.332671,0.09570863842964172,1.0,0.9625363349914551
YAL007C,YGL155W,0,-4.3380303,0.09569963067770004,1.0,0.9626364707946777
YMR246W,YIL106W,0,-4.338674,0.09569063037633896,1.0,0.9627366662025452
YML112W,YDL039C,0,-4.340027,0.09568162262439728,1.0,0.9628368020057678
YMR175W,YPL174C,0,-4.343159,0.0956726223230362,1.0,0.9629369974136353
YKL165C,YMR300C,0,-4.3439007,0.09566362202167511,1.0,0.9630371928215027
YLR451W,YPL155C,0,-4.344845,0.09565462917089462,1.0,0.9631373286247253
YFL041W,YDR444W,0,-4.345592,0.09564562886953354,1.0,0.9632375240325928
YHR023W,YGR024C,0,-4.348898,0.09563663601875305,1.0,0.9633376598358154
YGL163C,YBR149W,0,-4.3502946,0.09562764316797256,1.0,0.9634378552436829
YER068W,YDR007W,0,-4.351307,0.09561865031719208,1.0,0.9635379910469055
YMR009W,YOR383C,0,-4.351368,0.09560966491699219,1.0,0.963638186454773
YPL082C,YOR025W,0,-4.3601885,0.0956006795167923,1.0,0.9637383818626404
YGL170C,YGR282C,0,-4.362738,0.09559169411659241,1.0,0.963838517665863
YNL192W,YNL221C,0,-4.371526,0.09558270871639252,1.0,0.9639387130737305
YDR065W,YJR108W,0,-4.3719516,0.09557372331619263,1.0,0.9640388488769531
YGR088W,YIL138C,0,-4.3749495,0.09556474536657333,1.0,0.9641390442848206
YOL123W,YBR291C,0,-4.3750386,0.09555576741695404,1.0,0.9642391800880432
YNL247W,YIL172C,0,-4.37531,0.09554678946733475,1.0,0.9643393754959106
YKR102W,YPL150W,0,-4.3754616,0.09553781151771545,1.0,0.9644395709037781
YAL041W,YPL280W,0,-4.3759995,0.09552883356809616,1.0,0.9645397067070007
YML048W,YDR046C,0,-4.3768806,0.09551986306905746,1.0,0.9646399021148682
YHR077C,YBR182C,0,-4.378811,0.09551089257001877,1.0,0.9647400379180908
YML027W,YNL164C,0,-4.3816195,0.09550192207098007,1.0,0.9648402333259583
YOR106W,YGR199W,0,-4.3834124,0.09549295902252197,1.0,0.9649403691291809
YMR183C,YIL090W,0,-4.385458,0.09548398852348328,1.0,0.9650405645370483
YNR044W,YDR126W,0,-4.386714,0.09547502547502518,1.0,0.9651407599449158
YDR534C,YDR443C,0,-4.3874803,0.09546606242656708,1.0,0.9652408957481384
YDR205W,YDL164C,0,-4.388194,0.09545710682868958,1.0,0.9653410911560059
YFR027W,YDL109C,0,-4.3885202,0.09544814378023148,1.0,0.9654412269592285
YML081W,YDL003W,0,-4.38999,0.09543918818235397,1.0,0.965541422367096
YDR240C,YCL018W,0,-4.390004,0.09543023258447647,1.0,0.9656416177749634
YOR001W,YOL019W,0,-4.3900485,0.09542127698659897,1.0,0.965741753578186
YDL108W,YDL148C,0,-4.3933396,0.09541232883930206,1.0,0.9658419489860535
YPL221W,YER190W,0,-4.395488,0.09540338069200516,1.0,0.9659420847892761
YEL030W,YFR005C,0,-4.4006166,0.09539442509412766,1.0,0.9660422801971436
YGR251W,YDR308C,0,-4.401255,0.09538548439741135,1.0,0.9661424160003662
YLR040C,YKL218C,0,-4.4045076,0.09537653625011444,1.0,0.9662426114082336
YMR101C,YFR041C,0,-4.4073696,0.09536759555339813,1.0,0.9663428068161011
YIR015W,YLR224W,0,-4.409751,0.09535864740610123,1.0,0.9664429426193237
YDR375C,YER153C,0,-4.4131937,0.09534970670938492,1.0,0.9665431380271912
YHR006W,YNL145W,0,-4.4134994,0.0953407734632492,1.0,0.9666432738304138
YDL024C,YJR031C,0,-4.414952,0.0953318327665329,1.0,0.9667434692382812
YNL263C,YCR091W,0,-4.4151816,0.09532289952039719,1.0,0.9668436050415039
YDL120W,YOR319W,0,-4.416666,0.09531396627426147,1.0,0.9669438004493713
YNR020C,YHR139C,0,-4.4178476,0.09530503302812576,1.0,0.9670439958572388
YNR041C,YKL114C,0,-4.4180512,0.09529609978199005,1.0,0.9671441316604614
YMR013C,YML081W,0,-4.418457,0.09528717398643494,1.0,0.9672443270683289
YCR063W,YEL061C,0,-4.4206676,0.09527824819087982,1.0,0.9673444628715515
YNL167C,YJR132W,0,-4.421179,0.09526932239532471,1.0,0.967444658279419
YIL075C,YLR121C,0,-4.425168,0.09526039659976959,1.0,0.9675448536872864
YDL121C,YLR352W,0,-4.425707,0.09525147825479507,1.0,0.967644989490509
YNL128W,YHR120W,0,-4.425744,0.09524255245923996,1.0,0.9677451848983765
YJR053W,YJL157C,0,-4.4260116,0.09523363411426544,1.0,0.9678453207015991
YGR112W,YER095W,0,-4.427253,0.09522471576929092,1.0,0.9679455161094666
YNR018W,YER173W,0,-4.4293694,0.095215804874897,1.0,0.9680456519126892
YOL133W,YOR016C,0,-4.42944,0.09520688652992249,1.0,0.9681458473205566
YIL070C,YKL108W,0,-4.430286,0.09519797563552856,1.0,0.9682460427284241
YMR273C,YER177W,0,-4.430523,0.09518906474113464,1.0,0.9683461785316467
YOR103C,YEL048C,0,-4.4401355,0.09518016129732132,1.0,0.9684463739395142
YGR296W,YPL259C,0,-4.4449196,0.0951712504029274,1.0,0.9685465097427368
YOR159C,YLR047C,0,-4.445449,0.09516234695911407,1.0,0.9686467051506042
YPL068C,YCR030C,0,-4.447815,0.09515344351530075,1.0,0.9687468409538269
YPR156C,YPR036W,0,-4.447818,0.09514454007148743,1.0,0.9688470363616943
YPL115C,YPR138C,0,-4.447832,0.0951356440782547,1.0,0.9689472317695618
YDL097C,YDR076W,0,-4.448803,0.09512674063444138,1.0,0.9690473675727844
YDR359C,YIL047C,0,-4.4499674,0.09511784464120865,1.0,0.9691475629806519
YNL092W,YFR019W,0,-4.451687,0.09510894864797592,1.0,0.9692476987838745
YOR157C,YNL221C,0,-4.453018,0.0951000526547432,1.0,0.9693478941917419
YDL109C,YOR175C,0,-4.4540534,0.09509116411209106,1.0,0.9694480895996094
YER049W,YPL194W,0,-4.4551735,0.09508227556943893,1.0,0.969548225402832
YOR338W,YLR247C,0,-4.4600763,0.0950733870267868,1.0,0.9696484208106995
YJL174W,YBR114W,0,-4.461606,0.09506449848413467,1.0,0.9697485566139221
YHR211W,YPR036W,0,-4.464585,0.09505560994148254,1.0,0.9698487520217896
YNL118C,YNL202W,0,-4.4647512,0.09504672884941101,1.0,0.9699488878250122
YOL157C,YKR044W,0,-4.4657755,0.09503784775733948,1.0,0.9700490832328796
YDR482C,YLR260W,0,-4.4666033,0.09502896666526794,1.0,0.9701492786407471
YNL192W,YMR090W,0,-4.466993,0.09502008557319641,1.0,0.9702494144439697
YDR403W,YFL039C,0,-4.4694133,0.09501121193170547,1.0,0.9703496098518372
YCR094W,YPL010W,0,-4.469839,0.09500233829021454,1.0,0.9704497456550598
YKL061W,YDL051W,0,-4.472782,0.0949934646487236,1.0,0.9705499410629272
YHR035W,YDR284C,0,-4.4745274,0.09498459100723267,1.0,0.9706500768661499
YBL098W,YDR044W,0,-4.4804626,0.09497571736574173,1.0,0.9707502722740173
YGL210W,YOR120W,0,-4.487552,0.09496685117483139,1.0,0.9708504676818848
YLL031C,YJL062W,0,-4.487933,0.09495798498392105,1.0,0.9709506034851074
YGL070C,YIR018W,0,-4.489578,0.09494911879301071,1.0,0.9710507988929749
YIR005W,YML040W,0,-4.4932475,0.09494025260210037,1.0,0.9711509346961975
YOL031C,YHR164C,0,-4.494462,0.09493139386177063,1.0,0.9712511301040649
YDR400W,YHR148W,0,-4.497198,0.09492252767086029,1.0,0.9713513255119324
YBR299W,YNL212W,0,-4.497301,0.09491366893053055,1.0,0.971451461315155
YMR246W,YML071C,0,-4.498583,0.0949048176407814,1.0,0.9715516567230225
YPL130W,YGR199W,0,-4.499252,0.09489595890045166,1.0,0.9716517925262451
YNL142W,YEL048C,0,-4.501753,0.09488710761070251,1.0,0.9717519879341125
YCL014W,YGR225W,0,-4.5043244,0.09487825632095337,1.0,0.9718521237373352
YHR066W,YGR189C,0,-4.5059605,0.09486940503120422,1.0,0.9719523191452026
YOL002C,YDR451C,0,-4.507073,0.09486055374145508,1.0,0.9720525145530701
YDR273W,YKR048C,0,-4.508088,0.09485170990228653,1.0,0.9721526503562927
YKL197C,YDL220C,0,-4.508944,0.09484285861253738,1.0,0.9722528457641602
YPL091W,YBR275C,0,-4.5095053,0.09483401477336884,1.0,0.9723529815673828
YLR283W,YPL145C,0,-4.51097,0.09482517838478088,1.0,0.9724531769752502
YJL090C,YBR251W,0,-4.5121536,0.09481633454561234,1.0,0.9725533127784729
YOR356W,YOR260W,0,-4.5139985,0.09480749815702438,1.0,0.9726535081863403
YOR315W,YBR155W,0,-4.5159807,0.09479865431785583,1.0,0.9727537035942078
YDR036C,YML127W,0,-4.5171824,0.09478982537984848,1.0,0.9728538393974304
YJL024C,YLR460C,0,-4.5193434,0.09478098899126053,1.0,0.9729540348052979
YHL036W,YER179W,0,-4.5200405,0.09477215260267258,1.0,0.9730541706085205
YMR153W,YJL048C,0,-4.5227857,0.09476332366466522,1.0,0.9731543660163879
YBR059C,YGL183C,0,-4.529394,0.09475449472665787,1.0,0.9732545614242554
YPL239W,YNL056W,0,-4.530532,0.09474566578865051,1.0,0.973354697227478
YBR162W-A,YER041W,0,-4.530815,0.09473684430122375,1.0,0.9734548926353455
YER062C,YDL076C,0,-4.5330234,0.0947280153632164,1.0,0.9735550284385681
YGL206C,YCL054W,0,-4.5330677,0.09471919387578964,1.0,0.9736552238464355
YOR247W,YKL020C,0,-4.533267,0.09471037238836288,1.0,0.9737553596496582
YCR028C,YOR217W,0,-4.534049,0.09470155835151672,1.0,0.9738555550575256
YLR032W,YPL092W,0,-4.5352006,0.09469273686408997,1.0,0.9739557504653931
YLR078C,YLR175W,0,-4.5366864,0.0946839228272438,1.0,0.9740558862686157
YAL054C,YMR315W,0,-4.5385933,0.09467510879039764,1.0,0.9741560816764832
YNR006W,YGR001C,0,-4.539538,0.09466629475355148,1.0,0.9742562174797058
YNL287W,YHR090C,0,-4.540718,0.09465748071670532,1.0,0.9743564128875732
YPL186C,YNR057C,0,-4.541646,0.09464867413043976,1.0,0.9744565486907959
YPL076W,YLR163C,0,-4.5468664,0.0946398675441742,1.0,0.9745567440986633
YNR030W,YLR182W,0,-4.553666,0.09463106095790863,1.0,0.9746569395065308
YPR135W,YNL027W,0,-4.557746,0.09462225437164307,1.0,0.9747570753097534
YDR252W,YOR157C,0,-4.558034,0.0946134552359581,1.0,0.9748572707176208
YDR350C,YLR045C,0,-4.5586023,0.09460464864969254,1.0,0.9749574065208435
YJR096W,YCR045C,0,-4.5599713,0.09459584951400757,1.0,0.9750576019287109
YIL160C,YOR090C,0,-4.5613394,0.0945870503783226,1.0,0.9751577973365784
YGL136C,YDL206W,0,-4.563689,0.09457825869321823,1.0,0.975257933139801
YBL005W,YHR085W,0,-4.5637,0.09456945955753326,1.0,0.9753581285476685
YKR078W,YNL055C,0,-4.5662355,0.0945606678724289,1.0,0.9754582643508911
YOR068C,YOR250C,0,-4.5672398,0.09455187618732452,1.0,0.9755584597587585
YGR185C,YIL076W,0,-4.5685735,0.09454308450222015,1.0,0.9756585955619812
YLR220W,YBR155W,0,-4.582943,0.09453430026769638,1.0,0.9757587909698486
YHR161C,YNL251C,0,-4.5852313,0.09452551603317261,1.0,0.9758589863777161
YBR238C,YKL048C,0,-4.585259,0.09451673179864883,1.0,0.9759591221809387
YOR290C,YPR154W,0,-4.58969,0.09450794756412506,1.0,0.9760593175888062
YGR135W,YBR065C,0,-4.5930157,0.09449916332960129,1.0,0.9761594533920288
YLL004W,YDR350C,0,-4.593164,0.09449038654565811,1.0,0.9762596487998962
YDR130C,YPR108W,0,-4.5954533,0.09448160231113434,1.0,0.9763597846031189
YDR109C,YHR030C,0,-4.5965476,0.09447282552719116,1.0,0.9764599800109863
YLR299W,YPL233W,0,-4.597351,0.09446405619382858,1.0,0.9765601754188538
YJL035C,YDR292C,0,-4.597906,0.0944552794098854,1.0,0.9766603112220764
YDR100W,YIR009W,0,-4.599115,0.09444651007652283,1.0,0.9767605066299438
YDL008W,YOR299W,0,-4.5991516,0.09443774074316025,1.0,0.9768606424331665
YBR034C,YMR152W,0,-4.6010814,0.09442897140979767,1.0,0.9769608378410339
YDR362C,YHR164C,0,-4.602098,0.09442020207643509,1.0,0.9770610332489014
YDL146W,YLR459W,0,-4.609453,0.0944114401936531,1.0,0.977161169052124
YFL048C,YMR282C,0,-4.618011,0.09440267086029053,1.0,0.9772613644599915
YCR086W,YGL256W,0,-4.6190886,0.09439390897750854,1.0,0.9773615002632141
YDR545W,YOR291W,0,-4.6215954,0.09438514709472656,1.0,0.9774616956710815
YOL030W,YMR319C,0,-4.623678,0.09437639266252518,1.0,0.9775618314743042
YMR274C,YOL111C,0,-4.6280766,0.09436763823032379,1.0,0.9776620268821716
YGL026C,YIL013C,0,-4.633278,0.09435887634754181,1.0,0.9777622222900391
YDR444W,YJR126C,0,-4.635558,0.09435012191534042,1.0,0.9778623580932617
YEL056W,YNL223W,0,-4.6378965,0.09434137493371964,1.0,0.9779625535011292
YFR025C,YBR289W,0,-4.6470156,0.09433262050151825,1.0,0.9780626893043518
YJR052W,YLR007W,0,-4.648227,0.09432387351989746,1.0,0.9781628847122192
YDR375C,YLL066C,0,-4.64889,0.09431512653827667,1.0,0.9782630205154419
YGR258C,YFR029W,0,-4.6501746,0.09430637955665588,1.0,0.9783632159233093
YLR001C,YML055W,0,-4.6528273,0.0942976325750351,1.0,0.9784634113311768
YLL017W,YGL172W,0,-4.6529217,0.0942888930439949,1.0,0.9785635471343994
YBR182C,YGR246C,0,-4.6535177,0.09428015351295471,1.0,0.9786637425422668
YGR295C,YDR292C,0,-4.6555576,0.09427141398191452,1.0,0.9787638783454895
YCR060W,YPL135W,0,-4.6577463,0.09426267445087433,1.0,0.9788640737533569
YCL035C,YLR390W-A,0,-4.6585765,0.09425394237041473,1.0,0.9789642095565796
YPL018W,YBR289W,0,-4.661012,0.09424520283937454,1.0,0.979064404964447
YAL029C,YLR176C,0,-4.662353,0.09423647075891495,1.0,0.9791646003723145
YAL024C,YGR040W,0,-4.6692195,0.09422773867845535,1.0,0.9792647361755371
YKL185W,YBR006W,0,-4.7018337,0.09421901404857635,1.0,0.9793649315834045
YLR318W,YLR163C,0,-4.702857,0.09421028196811676,1.0,0.9794650673866272
YCR024C,YPL208W,0,-4.7045636,0.09420155733823776,1.0,0.9795652627944946
YJR147W,YDR248C,0,-4.705248,0.09419283270835876,1.0,0.9796654582023621
YMR165C,YDL145C,0,-4.712763,0.09418410807847977,1.0,0.9797655940055847
YDL138W,YOL102C,0,-4.7184844,0.09417538344860077,1.0,0.9798657894134521
YMR204C,YKL026C,0,-4.73582,0.09416666626930237,1.0,0.9799659252166748
YOR313C,YGR263C,0,-4.7424207,0.09415794909000397,1.0,0.9800661206245422
YBL061C,YPR007C,0,-4.747969,0.09414923191070557,1.0,0.9801662564277649
YER052C,YIL080W,0,-4.7493954,0.09414051473140717,1.0,0.9802664518356323
YMR182C,YLR191W,0,-4.752201,0.09413180500268936,1.0,0.9803666472434998
YPL074W,YBR301W,0,-4.7541494,0.09412308782339096,1.0,0.9804667830467224
YOL122C,YPR188C,0,-4.754964,0.09411437809467316,1.0,0.9805669784545898
YCL057W,YHR139C,0,-4.756798,0.09410567581653595,1.0,0.9806671142578125
YER070W,YGR113W,0,-4.758687,0.09409696608781815,1.0,0.9807673096656799
YIR006C,YMR101C,0,-4.7620897,0.09408825635910034,1.0,0.9808674454689026
YKL004W,YAL041W,0,-4.769351,0.09407955408096313,1.0,0.98096764087677
YNR041C,YOR049C,0,-4.769706,0.09407085180282593,1.0,0.9810678362846375
YGL051W,YPL007C,0,-4.77508,0.09406214952468872,1.0,0.9811679720878601
YKL028W,YHL047C,0,-4.779784,0.09405345469713211,1.0,0.9812681674957275
YFL054C,YIL118W,0,-4.7811823,0.0940447598695755,1.0,0.9813683032989502
YER176W,YIL115C,0,-4.781951,0.0940360575914383,1.0,0.9814684987068176
YOR179C,YOR193W,0,-4.78539,0.09402737021446228,1.0,0.9815686941146851
YDR120C,YNL317W,0,-4.807433,0.09401867538690567,1.0,0.9816688299179077
YGR116W,YML120C,0,-4.8101826,0.09400998055934906,1.0,0.9817690253257751
YNL086W,YHR139C,0,-4.8154254,0.09400129318237305,1.0,0.9818691611289978
YPR057W,YGR060W,0,-4.815777,0.09399260580539703,1.0,0.9819693565368652
YNL092W,YBR156C,0,-4.820955,0.09398391842842102,1.0,0.9820694923400879
YIL139C,YJL214W,0,-4.8211613,0.0939752385020256,1.0,0.9821696877479553
YNR067C,YOR138C,0,-4.823476,0.09396655112504959,1.0,0.9822698831558228
YOR315W,YMR017W,0,-4.8249235,0.09395787119865417,1.0,0.9823700189590454
YER020W,YCL057W,0,-4.8344045,0.09394919127225876,1.0,0.9824702143669128
YLR357W,YIL080W,0,-4.83987,0.09394051134586334,1.0,0.9825703501701355
YOR246C,YLR396C,0,-4.8404603,0.09393183887004852,1.0,0.9826705455780029
YEL019C,YOL120C,0,-4.8426104,0.0939231589436531,1.0,0.9827706813812256
YNR028W,YDR090C,0,-4.846066,0.09391448646783829,1.0,0.982870876789093
YGR156W,YLL057C,0,-4.8489695,0.09390581399202347,1.0,0.9829710721969604
YPL156C,YHR206W,0,-4.853049,0.09389714896678925,1.0,0.9830712080001831
YOR193W,YOR159C,0,-4.855035,0.09388847649097443,1.0,0.9831714034080505
YJR089W,YBR183W,0,-4.8621454,0.0938798114657402,1.0,0.9832715392112732
YCL035C,YDR160W,0,-4.8642445,0.09387114644050598,1.0,0.9833717346191406
YGL180W,YDL056W,0,-4.8652015,0.09386248141527176,1.0,0.9834719300270081
YLL041C,YOL105C,0,-4.8654766,0.09385382384061813,1.0,0.9835720658302307
YHR148W,YNL056W,0,-4.8718376,0.09384515881538391,1.0,0.9836722612380981
YOR098C,YDR403W,0,-4.874642,0.09383650124073029,1.0,0.9837723970413208
YKL217W,YPL213W,0,-4.8777065,0.09382784366607666,1.0,0.9838725924491882
YGR221C,YOR086C,0,-4.88264,0.09381918609142303,1.0,0.9839727282524109
YMR020W,YML051W,0,-4.887993,0.09381053596735,1.0,0.9840729236602783
YML034W,YEL041W,0,-4.888068,0.09380187839269638,1.0,0.9841731190681458
YMR150C,YDR256C,0,-4.891108,0.09379322826862335,1.0,0.9842732548713684
YDR195W,YLR247C,0,-4.8967557,0.09378457814455032,1.0,0.9843734502792358
YDL024C,YBL079W,0,-4.9003887,0.09377593547105789,1.0,0.9844735860824585
YDR390C,YBR105C,0,-4.902191,0.09376728534698486,1.0,0.9845737814903259
YKL100C,YGR189C,0,-4.904257,0.09375864267349243,1.0,0.9846739172935486
YKR055W,YMR322C,0,-4.9075203,0.09375,1.0,0.984774112701416
YCL014W,YAL026C,0,-4.90813,0.09374135732650757,1.0,0.9848743081092834
YEL062W,YDR312W,0,-4.92892,0.09373272210359573,1.0,0.9849744439125061
YER015W,YDR019C,0,-4.9316154,0.0937240794301033,1.0,0.9850746393203735
YMR261C,YOL011W,0,-4.932995,0.09371544420719147,1.0,0.9851747751235962
YOL067C,YJL130C,0,-4.940271,0.09370680898427963,1.0,0.9852749705314636
YGR116W,YJL089W,0,-4.942767,0.0936981737613678,1.0,0.985375165939331
YMR215W,YOR002W,0,-4.946312,0.09368954598903656,1.0,0.9854753017425537
YNL063W,YJL094C,0,-4.9463162,0.09368091076612473,1.0,0.9855754971504211
YDR379W,YHR031C,0,-4.951126,0.09367228299379349,1.0,0.9856756329536438
YAL043C,YPR110C,0,-4.951671,0.09366365522146225,1.0,0.9857758283615112
YIR023W,YMR243C,0,-4.9555225,0.09365503489971161,1.0,0.9858759641647339
YLR006C,YDR197W,0,-4.956908,0.09364640712738037,1.0,0.9859761595726013
YJR112W,YPL244C,0,-4.9615293,0.09363778680562973,1.0,0.9860763549804688
YDR379W,YPL113C,0,-4.97029,0.09362916648387909,1.0,0.9861764907836914
YBR058C,YGR161C,0,-4.9705367,0.09362054616212845,1.0,0.9862766861915588
YNL293W,YOR219C,0,-4.973198,0.09361192584037781,1.0,0.9863768219947815
YFL026W,YML047C,0,-4.986456,0.09360331296920776,1.0,0.9864770174026489
YFR025C,YLR141W,0,-4.9873447,0.09359470009803772,1.0,0.9865771532058716
YLR007W,YDR248C,0,-4.9970713,0.09358608722686768,1.0,0.986677348613739
YBR130C,YPL281C,0,-5.007995,0.09357747435569763,1.0,0.9867775440216064
YBR091C,YOL028C,0,-5.014471,0.09356886893510818,1.0,0.9868776798248291
YML049C,YML021C,0,-5.021755,0.09356025606393814,1.0,0.9869778752326965
YNL025C,YPR141C,0,-5.0260344,0.0935516506433487,1.0,0.9870780110359192
YIL075C,YER150W,0,-5.026576,0.09354304522275925,1.0,0.9871782064437866
YER103W,YDL007W,0,-5.027244,0.0935344398021698,1.0,0.987278401851654
YFR040W,YPL213W,0,-5.03026,0.09352584183216095,1.0,0.9873785376548767
YKL026C,YLR396C,0,-5.031974,0.0935172438621521,1.0,0.9874787330627441
YLR059C,YAL002W,0,-5.0528507,0.09350864589214325,1.0,0.9875788688659668
YER040W,YDR523C,0,-5.0573387,0.0935000479221344,1.0,0.9876790642738342
YGR104C,YPL147W,0,-5.058114,0.09349144995212555,1.0,0.9877792000770569
YBL112C,YDL102W,0,-5.0667295,0.0934828594326973,1.0,0.9878793954849243
YDR253C,YDR101C,0,-5.0688806,0.09347426146268845,1.0,0.9879795908927917
YMR130W,YLR403W,0,-5.069352,0.09346567094326019,1.0,0.9880797266960144
YOL151W,YOR032C,0,-5.070266,0.09345708787441254,1.0,0.9881799221038818
YJR001W,YBL054W,0,-5.0704346,0.09344849735498428,1.0,0.9882800579071045
YDR075W,YIL140W,0,-5.075132,0.09343991428613663,1.0,0.9883802533149719
YLL004W,YLR247C,0,-5.0783424,0.09343133121728897,1.0,0.9884803891181946
YGR032W,YHR179W,0,-5.087693,0.09342274814844131,1.0,0.988580584526062
YJR015W,YGL249W,0,-5.0884213,0.09341416507959366,1.0,0.9886807799339294
YNR057C,YCL044C,0,-5.0935655,0.093405582010746,1.0,0.9887809157371521
YKL043W,YOR092W,0,-5.103235,0.09339700639247894,1.0,0.9888811111450195
YGL073W,YNL068C,0,-5.106124,0.09338843077421188,1.0,0.9889812469482422
YNL044W,YHR197W,0,-5.1100597,0.09337985515594482,1.0,0.9890814423561096
YMR013C,YAL033W,0,-5.116348,0.09337127953767776,1.0,0.989181637763977
YJL156C,YGL105W,0,-5.117917,0.0933627113699913,1.0,0.9892817735671997
YIL142W,YJL156C,0,-5.1183786,0.09335414320230484,1.0,0.9893819689750671
YBR188C,YDR076W,0,-5.120338,0.09334557503461838,1.0,0.9894821047782898
YGL051W,YNL202W,0,-5.129118,0.09333700686693192,1.0,0.9895823001861572
YER162C,YER023W,0,-5.144299,0.09332843869924545,1.0,0.9896824359893799
YHR181W,YCL068C,0,-5.1450086,0.09331987798213959,1.0,0.9897826313972473
YOR145C,YKL095W,0,-5.149019,0.09331130981445312,1.0,0.9898828268051147
YDR320C,YGR234W,0,-5.149467,0.09330274909734726,1.0,0.9899829626083374
YPL127C,YER032W,0,-5.162097,0.09329419583082199,1.0,0.9900831580162048
YFL026W,YBR012W-A,0,-5.164849,0.09328563511371613,1.0,0.9901832938194275
YOR393W,YCR072C,0,-5.1704245,0.09327708184719086,1.0,0.9902834892272949
YHR153C,YPL121C,0,-5.1704745,0.09326852858066559,1.0,0.9903836250305176
YBR294W,YIL061C,0,-5.174925,0.09325997531414032,1.0,0.990483820438385
YPR095C,YDR273W,0,-5.1886606,0.09325142204761505,1.0,0.9905840158462524
YBR129C,YEL030W,0,-5.1948404,0.09324286878108978,1.0,0.9906841516494751
YOL031C,YOR290C,0,-5.201494,0.09323432296514511,1.0,0.9907843470573425
YCL066W,YNL183C,0,-5.2061625,0.09322577714920044,1.0,0.9908844828605652
YBR066C,YDR160W,0,-5.2082705,0.09321723133325577,1.0,0.9909846782684326
YNL212W,YNR013C,0,-5.2133603,0.0932086855173111,1.0,0.9910848736763
YEL019C,YLL018C,0,-5.2159567,0.09320014715194702,1.0,0.9911850094795227
YDR304C,YPR030W,0,-5.219246,0.09319160878658295,1.0,0.9912852048873901
YDL247W,YGR185C,0,-5.231553,0.09318307042121887,1.0,0.9913853406906128
YGL026C,YFR036W,0,-5.2388697,0.0931745320558548,1.0,0.9914855360984802
YEL043W,YEL016C,0,-5.2432613,0.09316599369049072,1.0,0.9915856719017029
YHR181W,YPL036W,0,-5.249446,0.09315746277570724,1.0,0.9916858673095703
YKL094W,YNL077W,0,-5.2503924,0.09314893186092377,1.0,0.9917860627174377
YPR095C,YPL040C,0,-5.261339,0.09314040094614029,1.0,0.9918861985206604
YOL007C,YGR145W,0,-5.2661867,0.09313187003135681,1.0,0.9919863939285278
YNR027W,YMR136W,0,-5.2742167,0.09312333911657333,1.0,0.9920865297317505
YMR013C,YKL082C,0,-5.2911086,0.09311481565237045,1.0,0.9921867251396179
YMR246W,YPR049C,0,-5.2919946,0.09310629218816757,1.0,0.9922868609428406
YJL186W,YOR092W,0,-5.2948303,0.09309776872396469,1.0,0.992387056350708
YMR034C,YPL119C,0,-5.3004,0.09308924525976181,1.0,0.9924872517585754
YGL137W,YDR309C,0,-5.30979,0.09308072179555893,1.0,0.9925873875617981
YCR020C,YLR371W,0,-5.3116183,0.09307220578193665,1.0,0.9926875829696655
YNR035C,YPL253C,0,-5.3124204,0.09306368976831436,1.0,0.9927877187728882
YPL252C,YLR127C,0,-5.315304,0.09305517375469208,1.0,0.9928879141807556
YLR419W,YHR142W,0,-5.3202763,0.0930466577410698,1.0,0.9929880499839783
YFR018C,YGR014W,0,-5.32028,0.0930381491780281,1.0,0.9930882453918457
YIL171W,YJL171C,0,-5.342019,0.09302964061498642,1.0,0.9931884407997131
YNR006W,YDR281C,0,-5.368515,0.09302113205194473,1.0,0.9932885766029358
YDR441C,YGR286C,0,-5.376027,0.09301262348890305,1.0,0.9933887720108032
YEL048C,YHR211W,0,-5.3888907,0.09300411492586136,1.0,0.9934889078140259
YGL116W,YPL177C,0,-5.391083,0.09299561381340027,1.0,0.9935891032218933
YER162C,YNR007C,0,-5.39209,0.09298710525035858,1.0,0.9936892986297607
YOR180C,YBL060W,0,-5.392521,0.09297860413789749,1.0,0.9937894344329834
YER149C,YLR042C,0,-5.3956766,0.092970110476017,1.0,0.9938896298408508
YGL222C,YJR015W,0,-5.397027,0.09296160936355591,1.0,0.9939897656440735
YEL056W,YPL017C,0,-5.4268856,0.09295311570167542,1.0,0.9940899610519409
YMR315W,YPL056C,0,-5.4279065,0.09294461458921432,1.0,0.9941900968551636
YBR295W,YPR037C,0,-5.4916873,0.09293612092733383,1.0,0.994290292263031
YKR104W,YMR322C,0,-5.504239,0.09292763471603394,1.0,0.9943904876708984
YLR446W,YPL180W,0,-5.5059752,0.09291914105415344,1.0,0.9944906234741211
YLR345W,YML107C,0,-5.506034,0.09291065484285355,1.0,0.9945908188819885
YGR012W,YLR120C,0,-5.5632944,0.09290216863155365,1.0,0.9946909546852112
YDL141W,YER050C,0,-5.579717,0.09289368242025375,1.0,0.9947911500930786
YDL142C,YDL139C,0,-5.5910845,0.09288519620895386,1.0,0.9948912858963013
YBR291C,YMR078C,0,-5.601922,0.09287670999765396,1.0,0.9949914813041687
YGR055W,YGL120C,0,-5.6087027,0.09286823123693466,1.0,0.9950916767120361
YHR001W-A,YGR036C,0,-5.6096363,0.09285975247621536,1.0,0.9951918125152588
YOL052C,YPR049C,0,-5.625346,0.09285127371549606,1.0,0.9952920079231262
YMR313C,YER023W,0,-5.635233,0.09284279495477676,1.0,0.9953921437263489
YGL016W,YPL064C,0,-5.643158,0.09283432364463806,1.0,0.9954923391342163
YLR430W,YPR106W,0,-5.6470227,0.09282585233449936,1.0,0.9955925345420837
YKL110C,YOR025W,0,-5.6494637,0.09281737357378006,1.0,0.9956926703453064
YDL102W,YFR030W,0,-5.6516337,0.09280890971422195,1.0,0.9957928657531738
YOR391C,YDR427W,0,-5.6638994,0.09280043840408325,1.0,0.9958930015563965
YCR002C,YNL095C,0,-5.713018,0.09279196709394455,1.0,0.9959931969642639
YNL127W,YHR204W,0,-5.718547,0.09278350323438644,1.0,0.9960933327674866
YGL223C,YPR159W,0,-5.7459364,0.09277503937482834,1.0,0.996193528175354
YFR025C,YBR296C,0,-5.768475,0.09276657551527023,1.0,0.9962937235832214
YLR004C,YLR020C,0,-5.7716484,0.09275811910629272,1.0,0.9963938593864441
YPL273W,YDL209C,0,-5.844103,0.09274965524673462,1.0,0.9964940547943115
YNL322C,YJL110C,0,-5.9023075,0.09274119883775711,1.0,0.9965941905975342
YDR332W,YER044C,0,-5.9145308,0.0927327424287796,1.0,0.9966943860054016
YFR030W,YDL171C,0,-5.921755,0.0927242860198021,1.0,0.9967945218086243
YDR034C,YOR391C,0,-5.945159,0.09271583706140518,1.0,0.9968947172164917
YGL192W,YMR220W,0,-5.9480486,0.09270738065242767,1.0,0.9969949126243591
YKL217W,YJL073W,0,-5.9490824,0.09269893169403076,1.0,0.9970950484275818
YDR476C,YPR108W,0,-5.955314,0.09269048273563385,1.0,0.9971952438354492
YOR060C,YOR074C,0,-5.9590735,0.09268204122781754,1.0,0.9972953796386719
YOR009W,YDR386W,0,-5.9710135,0.09267359226942062,1.0,0.9973955750465393
YER145C,YHR096C,0,-5.9915414,0.09266515076160431,1.0,0.9974957704544067
YLR001C,YGR202C,0,-6.014043,0.092656709253788,1.0,0.9975959062576294
YNL175C,YJL058C,0,-6.0170774,0.09264826774597168,1.0,0.9976961016654968
YJL087C,YOR353C,0,-6.057243,0.09263982623815536,1.0,0.9977962374687195
YCR098C,YBR156C,0,-6.0855865,0.09263138473033905,1.0,0.9978964328765869
YPL092W,YGL061C,0,-6.0906596,0.09262295067310333,1.0,0.9979965686798096
YFL004W,YHL006C,0,-6.181493,0.09261451661586761,1.0,0.998096764087677
YJL130C,YLR381W,0,-6.190477,0.0926060825586319,1.0,0.9981969594955444
YLR164W,YPR108W,0,-6.193964,0.09259764850139618,1.0,0.9982970952987671
YNR028W,YBR065C,0,-6.2155476,0.09258922189474106,1.0,0.9983972907066345
YML023C,YMR105C,0,-6.2779117,0.09258079528808594,1.0,0.9984974265098572
YLR194C,YGL162W,0,-6.325939,0.09257236123085022,1.0,0.9985976219177246
YNL020C,YDL085W,0,-6.3270807,0.0925639420747757,1.0,0.9986977577209473
YPR010C,YPL096W,0,-6.3997264,0.09255551546812057,1.0,0.9987979531288147
YBR156C,YDL154W,0,-6.5030932,0.09254708886146545,1.0,0.9988981485366821
YMR088C,YDR300C,0,-6.516567,0.09253866970539093,1.0,0.9989982843399048
YBL112C,YNL029C,0,-6.575119,0.0925302505493164,1.0,0.9990984797477722
YMR207C,YNR016C,0,-6.6657147,0.09252183139324188,1.0,0.9991986155509949
YDL243C,YBL034C,0,-6.788135,0.09251341968774796,1.0,0.9992988109588623
YPL018W,YBR160W,0,-6.7894297,0.09250500053167343,1.0,0.9993990063667297
YHL012W,YPL259C,0,-7.2599916,0.0924965888261795,1.0,0.9994991421699524
YDR527W,YOL140W,0,-7.364334,0.09248817712068558,1.0,0.9995993375778198
YML081W,YBR289W,0,-7.8411846,0.09247976541519165,1.0,0.9996994733810425
YFL037W,YGR205W,0,-7.850027,0.09247136116027832,1.0,0.9997996687889099
YGL162W,YML100W,0,-8.067314,0.0924629494547844,1.0,0.9998998045921326
YMR094W,YGR035C,0,-8.361296,0.09245454519987106,1.0,1.0
