Gene A,Gene B,Label,Score,Precision,Recall,False Positive Rate
YJR145C,YCR092C,0,-0.15923922,0.0,0.0,0.001818181830458343
YOR120W,YDL082W,0,-0.31534427,0.0,0.0,0.003636363660916686
YPL157W,YJL080C,0,-0.4416272,0.0,0.0,0.005454545374959707
YLR364W,YOR374W,0,-0.53977466,0.0,0.0,0.007272727321833372
YLR414C,YPR019W,0,-0.5737639,0.0,0.0,0.00909090880304575
YLR098C,YBR267W,0,-0.5810577,0.0,0.0,0.010909090749919415
YBL060W,YLR286C,0,-0.6233624,0.0,0.0,0.01272727269679308
YLR134W,YPL174C,0,-0.66266036,0.0,0.0,0.014545454643666744
YJR145C,YPR019W,0,-0.66520137,0.0,0.0,0.016363635659217834
YLR142W,YDR465C,0,-0.6977827,0.0,0.0,0.0181818176060915
YDR315C,YDL144C,0,-0.7422977,0.0,0.0,0.019999999552965164
YDR358W,YKL056C,0,-0.7459097,0.0,0.0,0.02181818149983883
YER056C-A,YCR054C,0,-0.7627163,0.0,0.0,0.023636363446712494
YDR465C,YER140W,0,-0.82448983,0.0,0.0,0.02545454539358616
YLR448W,YDR115W,0,-0.82472837,0.0,0.0,0.027272727340459824
YHL040C,YDR060W,0,-0.826715,0.0,0.0,0.02909090928733349
YDR299W,YBR214W,0,-0.8391872,0.0,0.0,0.030909091234207153
YJL033W,YPL092W,0,-0.839354,0.0,0.0,0.03272727131843567
YDL166C,YGL039W,0,-0.85864186,0.0,0.0,0.03454545512795448
YGL089C,YDL204W,0,-0.861944,0.0,0.0,0.036363635212183
YJR145C,YDL114W,0,-0.8847065,0.0,0.0,0.03818181902170181
YJR098C,YDR139C,0,-0.8881638,0.0,0.0,0.03999999910593033
YHL044W,YGL031C,0,-0.8958483,0.0,0.0,0.04181818291544914
YNL086W,YNL191W,0,-0.9066081,0.0,0.0,0.04363636299967766
YGL089C,YNL007C,0,-0.907829,0.0,0.0,0.04545454680919647
YBR012W-A,YGL031C,0,-0.9229249,0.0,0.0,0.04727272689342499
YLR327C,YLR306W,0,-0.9365124,0.0,0.0,0.0490909107029438
YDR065W,YOR332W,0,-0.9403156,0.0,0.0,0.05090909078717232
YOR233W,YBR012W-B,0,-0.96355057,0.0,0.0,0.05272727087140083
YER131W,YDR534C,0,-0.9694756,0.0,0.0,0.05454545468091965
YIR014W,YFL037W,0,-0.9856646,0.0,0.0,0.05636363476514816
YMR051C,YCR010C,0,-0.9861568,0.0,0.0,0.05818181857466698
YKL011C,YNR043W,0,-0.997251,0.0,0.0,0.05999999865889549
YPR063C,YLR154C,0,-0.9976553,0.0,0.0,0.06181818246841431
YML091C,YMR045C,0,-0.99820185,0.0,0.0,0.06363636255264282
YBL039C,YOR044W,0,-1.0115318,0.0,0.0,0.06545454263687134
YDL136W,YLR337W,0,-1.0144516,0.0,0.0,0.06727273017168045
YGR106C,YGR272C,0,-1.0377558,0.0,0.0,0.06909091025590897
YOR116C,YAL008W,0,-1.0409734,0.0,0.0,0.07090909034013748
YHR184W,YER126C,0,-1.0463873,0.0,0.0,0.072727270424366
YNL306W,YLR327C,0,-1.0497249,0.0,0.0,0.07454545795917511
YML085C,YPR184W,0,-1.0564597,0.0,0.0,0.07636363804340363
YBL078C,YJL106W,0,-1.0675898,0.0,0.0,0.07818181812763214
YCR029C-A,YGR116W,0,-1.127235,0.0,0.0,0.07999999821186066
YCR072C,YMR122W-A,0,-1.1288241,0.0,0.0,0.08181817829608917
YKL199C,YDR177W,0,-1.1339067,0.0,0.0,0.08363636583089828
YGL039W,YMR109W,0,-1.1363299,0.0,0.0,0.0854545459151268
YBR296C,YPL095C,0,-1.1400214,0.0,0.0,0.08727272599935532
YGR104C,YKL158W,0,-1.14404,0.0,0.0,0.08909090608358383
YJR098C,YMR037C,0,-1.1448998,0.0,0.0,0.09090909361839294
YML018C,YPL257W-A,0,-1.1476449,0.0,0.0,0.09272727370262146
YDL067C,YGR027W-B,0,-1.1593442,0.0,0.0,0.09454545378684998
YLR086W,YOR343W-A,0,-1.1617663,0.0,0.0,0.09636363387107849
YDR170W-A,YMR247C,0,-1.165809,0.0,0.0,0.0981818214058876
YPL148C,YOR192C-B,0,-1.1697298,0.0,0.0,0.10000000149011612
YKL199C,YLR097C,0,-1.1714591,0.0,0.0,0.10181818157434464
YBR241C,YPL033C,0,-1.1715654,0.0,0.0,0.10363636165857315
YGL223C,YPR158C-D,0,-1.1721519,0.0,0.0,0.10545454174280167
YLR237W,YOR343W-A,0,-1.1743858,0.0,0.0,0.10727272927761078
YLR078C,YAR070W-A,0,-1.1752878,0.0,0.0,0.1090909093618393
YIL111W,YGL258W-A,0,-1.1752878,0.0,0.0,0.11090908944606781
YDR177W,YAR070W-A,0,-1.1752878,0.0,0.0,0.11272726953029633
YJR065C,YGL258W-A,0,-1.1752878,0.0,0.0,0.11454545706510544
YPL074W,YHR214W-G,0,-1.1752878,0.0,0.0,0.11636363714933395
YOR343W-A,YNL325C,0,-1.1756381,0.0,0.0,0.11818181723356247
YJL062W-A,YBR245C,0,-1.1778411,0.0,0.0,0.11999999731779099
YIL093C,YNL054W-B,0,-1.1779836,0.0,0.0,0.1218181848526001
YJR098C,YGR200C,0,-1.1781789,0.0,0.0,0.12363636493682861
YIL138C,YAR044W,0,-1.1790428,0.0,0.0,0.12545454502105713
YNL210W,YDR034C-C,0,-1.1796626,0.0,0.0,0.12727272510528564
YGR101W,YKL158W,0,-1.1842058,0.0,0.0,0.12909090518951416
YNL206C,YOR192C-A,0,-1.1854485,0.0,0.0,0.13090908527374268
YHL009W-B,YMR012W,0,-1.1883094,0.0,0.0,0.1327272653579712
YER159C-A,YKR094C,0,-1.188876,0.0,0.0,0.1345454603433609
YER087C-A,YMR042W,0,-1.1895367,0.0,0.0,0.13636364042758942
YDR279W,YER184C,0,-1.1899909,0.0,0.0,0.13818182051181793
YOR192C-B,YNR061C,0,-1.1907537,0.0,0.0,0.14000000059604645
YDR118W,YLR337W,0,-1.1965109,0.0,0.0,0.14181818068027496
YJR098C,YDR298C,0,-1.1970278,0.0,0.0,0.14363636076450348
YMR051C,YLR467W,0,-1.1971961,0.0,0.0,0.145454540848732
YIR014W,YHR207C,0,-1.2010354,0.0,0.0,0.1472727209329605
YML005W,YPL017C,0,-1.2034811,0.0,0.0,0.14909091591835022
YKL218C,YJL189W,0,-1.208832,0.0,0.0,0.15090909600257874
YER087C-A,YOL125W,0,-1.2120564,0.0,0.0,0.15272727608680725
YKL109W,YGR194C,0,-1.2136747,0.0,0.0,0.15454545617103577
YLR312C-B,YPR054W,0,-1.2211268,0.0,0.0,0.15636363625526428
YML040W,YIL150C,0,-1.2239985,0.0,0.0,0.1581818163394928
YOR337W,YGR272C,0,-1.2266086,0.0,0.0,0.1599999964237213
YJL046W,YBL039C,0,-1.2293732,0.0,0.0,0.16181817650794983
YOR070C,YKL158W,0,-1.2342948,0.0,0.0,0.16363635659217834
YMR166C,YDR242W,0,-1.2418898,0.0,0.0,0.16545455157756805
YLR364W,YOL120C,0,-1.2464285,0.0,0.0,0.16727273166179657
YCR029C-A,YIL155C,0,-1.249803,0.0,0.0,0.16909091174602509
YNR027W,YLR048W,0,-1.257849,0.0,0.0,0.1709090918302536
YDR495C,YDL130W-A,0,-1.2672316,0.0,0.0,0.17272727191448212
YLR448W,YGL039W,0,-1.2752594,0.0,0.0,0.17454545199871063
YBR084W,YGR272C,0,-1.2791752,0.0,0.0,0.17636363208293915
YOR389W,YBL039C,0,-1.2835624,0.0,0.0,0.17818181216716766
YMR004W,YCL047C,0,-1.2838992,0.0,0.0,0.18000000715255737
YHL036W,YAR044W,0,-1.2880851,0.0,0.0,0.1818181872367859
YNL213C,YHL016C,0,-1.2905903,0.0,0.0,0.1836363673210144
YML091C,YLR276C,0,-1.297787,0.0,0.0,0.18545454740524292
YJR015W,YPL028W,0,-1.3041998,0.0,0.0,0.18727272748947144
YDR388W,YLR010C,0,-1.3048335,0.0,0.0,0.18909090757369995
YAR044W,YLR079W,0,-1.3126591,0.0,0.0,0.19090908765792847
YKL199C,YLR371W,0,-1.3257579,0.0,0.0,0.19272726774215698
YOR389W,YLR099C,0,-1.3357034,0.0,0.0,0.1945454478263855
YIR014W,YDL195W,0,-1.336865,0.0,0.0,0.1963636428117752
YOR047C,YGR272C,0,-1.3376191,0.0,0.0,0.19818182289600372
YJR155W,YDR101C,0,-1.3504872,0.0,0.0,0.20000000298023224
YBR105C,YGR075C,0,-1.3507518,0.0,0.0,0.20181818306446075
YGR035C,YNR007C,0,-1.3509405,0.0,0.0,0.20363636314868927
YAR010C,YDR118W,0,-1.356735,0.0,0.0,0.20545454323291779
YMR166C,YKL178C,0,-1.359274,0.0,0.0,0.2072727233171463
YAL034W-A,YDR387C,0,-1.3610768,0.0,0.0,0.20909090340137482
YGL253W,YML088W,0,-1.3616713,0.0,0.0,0.21090908348560333
YDL114W,YKR104W,0,-1.3814017,0.0,0.0,0.21272727847099304
YNR022C,YPL095C,0,-1.3945122,0.0,0.0,0.21454545855522156
YMR287C,YKL164C,0,-1.3947989,0.0,0.0,0.21636363863945007
YHR046C,YHL008C,0,-1.4009703,0.0,0.0,0.2181818187236786
YOR047C,YOR228C,0,-1.4102837,0.0,0.0,0.2199999988079071
YBL024W,YMR163C,0,-1.4243593,0.0,0.0,0.22181817889213562
YIL172C,YPL194W,0,-1.435439,0.0,0.0,0.22363635897636414
YER096W,YHR023W,0,-1.4418569,0.0,0.0,0.22545453906059265
YJL102W,YKL143W,0,-1.445068,0.0,0.0,0.22727273404598236
YLL011W,YIL171W,0,-1.4697827,0.0,0.0,0.22909091413021088
YJR098C,YOR070C,0,-1.4755062,0.0,0.0,0.2309090942144394
YIL072W,YDR239C,0,-1.4884533,0.0,0.0,0.2327272742986679
YOR228C,YLR010C,0,-1.489337,0.0,0.0,0.23454545438289642
YMR198W,YDL144C,0,-1.4920319,0.0,0.0,0.23636363446712494
YML040W,YNR008W,0,-1.4945406,0.0,0.0,0.23818181455135345
YGL137W,YMR051C,0,-1.497159,0.0,0.0,0.23999999463558197
YGL003C,YLR414C,0,-1.5102485,0.0,0.0,0.24181817471981049
YMR086W,YOL080C,0,-1.5114647,0.0,0.0,0.2436363697052002
YJR015W,YLR096W,0,-1.515577,0.0,0.0,0.2454545497894287
YDR022C,YNL146W,0,-1.5181352,0.0,0.0,0.24727272987365723
YOR116C,YGL205W,0,-1.5201191,0.0,0.0,0.24909090995788574
YBR207W,YDR055W,0,-1.5338153,0.0,0.0,0.25090909004211426
YBL106C,YOR143C,0,-1.5375947,0.0,0.0,0.2527272701263428
YNL301C,YDR524C,0,-1.5406486,0.0,0.0,0.2545454502105713
YNL210W,YOR131C,0,-1.5409538,0.0,0.0,0.2563636302947998
YBR159W,YML088W,0,-1.5551764,0.0,0.0,0.2581818103790283
YDR533C,YNR020C,0,-1.5644492,0.0,0.0,0.25999999046325684
YKR061W,YJR143C,1,-1.5657669,0.0069444444961845875,0.0181818176060915,0.25999999046325684
YER174C,YJL148W,0,-1.5698797,0.006896551698446274,0.0181818176060915,0.26181817054748535
YKR014C,YER096W,0,-1.5777143,0.006849315017461777,0.0181818176060915,0.26363635063171387
YBL074C,YMR150C,0,-1.578298,0.006802720949053764,0.0181818176060915,0.2654545307159424
YBR291C,YBR040W,0,-1.584012,0.006756756920367479,0.0181818176060915,0.2672727406024933
YHL008C,YOR224C,0,-1.5925895,0.00671140942722559,0.0181818176060915,0.2690909206867218
YNR045W,YLR048W,0,-1.5999019,0.006666666828095913,0.0181818176060915,0.2709091007709503
YPL090C,YDR326C,0,-1.6149154,0.0066225165501236916,0.0181818176060915,0.27272728085517883
YGL135W,YGL222C,0,-1.616649,0.00657894741743803,0.0181818176060915,0.27454546093940735
YCR020C,YMR201C,0,-1.6177742,0.006535947788506746,0.0181818176060915,0.27636364102363586
YGL089C,YDR038C,0,-1.6188614,0.006493506487458944,0.0181818176060915,0.2781818211078644
YDR086C,YDL110C,0,-1.6229777,0.006451612804085016,0.0181818176060915,0.2800000011920929
YBR240C,YDR297W,0,-1.6334227,0.006410256493836641,0.0181818176060915,0.2818181812763214
YLR158C,YLR327C,0,-1.6470325,0.006369426846504211,0.0181818176060915,0.2836363613605499
YGL035C,YKR104W,0,-1.6501538,0.006329114083200693,0.0181818176060915,0.28545454144477844
YGR156W,YMR165C,0,-1.6575772,0.006289307959377766,0.0181818176060915,0.28727272152900696
YMR281W,YOR369C,0,-1.6697197,0.0062500000931322575,0.0181818176060915,0.2890909016132355
YGL090W,YOR246C,0,-1.6709397,0.006211180239915848,0.0181818176060915,0.290909081697464
YJR016C,YDR298C,0,-1.6745353,0.006172839552164078,0.0181818176060915,0.2927272617816925
YLR015W,YIL136W,0,-1.679237,0.0061349691823124886,0.0181818176060915,0.294545441865921
YJL108C,YCL066W,0,-1.686575,0.006097560748457909,0.0181818176060915,0.29636362195014954
YDR531W,YLR186W,0,-1.6994495,0.0060606058686971664,0.0181818176060915,0.29818183183670044
YIL113W,YER089C,0,-1.7042447,0.0060240961611270905,0.0181818176060915,0.30000001192092896
YML015C,YOL120C,0,-1.7055389,0.005988024175167084,0.0181818176060915,0.30181819200515747
YCR040W,YER089C,0,-1.7069367,0.0059523810632526875,0.0181818176060915,0.303636372089386
YJR009C,YHR099W,0,-1.7105337,0.005917159840464592,0.0181818176060915,0.3054545521736145
YDR465C,YER096W,0,-1.7174639,0.0058823530562222,0.0181818176060915,0.307272732257843
YLR142W,YML009C,0,-1.7178848,0.005847953259944916,0.0181818176060915,0.30909091234207153
YMR282C,YOR120W,0,-1.7192057,0.0058139534667134285,0.0181818176060915,0.31090909242630005
YLR286C,YLL001W,0,-1.7231692,0.005780346691608429,0.0181818176060915,0.31272727251052856
YMR036C,YDL109C,0,-1.7266423,0.005747126415371895,0.0181818176060915,0.3145454525947571
YGL185C,YAL025C,0,-1.7276329,0.0057142856530845165,0.0181818176060915,0.3163636326789856
YGL232W,YCL075W,0,-1.7295419,0.005681818351149559,0.0181818176060915,0.3181818127632141
YDR447C,YOR326W,0,-1.7296504,0.005649717524647713,0.0181818176060915,0.3199999928474426
YPR156C,YLR221C,0,-1.731135,0.00561797758564353,0.0181818176060915,0.32181817293167114
YDR362C,YNL339C,0,-1.7412176,0.005586592014878988,0.0181818176060915,0.32363635301589966
YDR107C,YOR396W,0,-1.7445592,0.0055555556900799274,0.0181818176060915,0.3254545331001282
YPL226W,YHR167W,0,-1.7541275,0.005524862091988325,0.0181818176060915,0.3272727131843567
YMR130W,YPL153C,0,-1.7593586,0.005494505632668734,0.0181818176060915,0.3290909230709076
YGR159C,YDR334W,0,-1.7648737,0.005464480724185705,0.0181818176060915,0.3309091031551361
YKL218C,YJR016C,0,-1.7915258,0.005434782709926367,0.0181818176060915,0.3327272832393646
YFR032C-A,YGL090W,0,-1.8108162,0.0054054055362939835,0.0181818176060915,0.33454546332359314
YNL293W,YOR096W,0,-1.8276587,0.005376344081014395,0.0181818176060915,0.33636364340782166
YHR143W,YDR299W,0,-1.8312768,0.005347593687474728,0.0181818176060915,0.33818182349205017
YPL220W,YDR003W,0,-1.8313967,0.005319148767739534,0.0181818176060915,0.3400000035762787
YNR001C,YER153C,0,-1.8385464,0.005291005130857229,0.0181818176060915,0.3418181836605072
YDR425W,YLR287C-A,0,-1.8520645,0.005263158120214939,0.0181818176060915,0.3436363637447357
YML070W,YMR224C,0,-1.8602663,0.005235602147877216,0.0181818176060915,0.34545454382896423
YHR147C,YNL191W,0,-1.864427,0.0052083334885537624,0.0181818176060915,0.34727272391319275
YMR171C,YBR160W,0,-1.8713421,0.005181347019970417,0.0181818176060915,0.34909090399742126
YML070W,YDL082W,0,-1.8732437,0.005154639016836882,0.0181818176060915,0.3509090840816498
YKR061W,YBL082C,1,-1.8747934,0.010256410576403141,0.036363635212183,0.3509090840816498
YPL177C,YLR139C,0,-1.8757535,0.010204081423580647,0.036363635212183,0.3527272641658783
YDR402C,YOR127W,0,-1.8788272,0.010152284055948257,0.036363635212183,0.3545454442501068
YIL171W,YDR115W,0,-1.8857923,0.010101010091602802,0.036363635212183,0.3563636243343353
YLR074C,YJR155W,0,-1.8943584,0.01005025114864111,0.036363635212183,0.35818180441856384
YJR010C-A,YOR369C,0,-1.9017261,0.009999999776482582,0.036363635212183,0.36000001430511475
YLR090W,YJR015W,0,-1.9048566,0.009950248524546623,0.036363635212183,0.36181819438934326
YOR037W,YOR131C,0,-1.9117724,0.009900989942252636,0.036363635212183,0.3636363744735718
YBL106C,YLR014C,0,-1.9125952,0.009852216579020023,0.036363635212183,0.3654545545578003
YMR086W,YPL202C,0,-1.916684,0.009803921915590763,0.036363635212183,0.3672727346420288
YMR070W,YGL039W,0,-1.9173322,0.009756097570061684,0.036363635212183,0.3690909147262573
YCR020C,YOL005C,0,-1.9233371,0.009708737954497337,0.036363635212183,0.37090909481048584
YER029C,YDR402C,0,-1.9354717,0.009661835618317127,0.036363635212183,0.37272727489471436
YHR027C,YGR026W,0,-1.9523839,0.009615384973585606,0.036363635212183,0.37454545497894287
YOR096W,YJL133W,0,-1.9566263,0.009569377638399601,0.036363635212183,0.3763636350631714
YAL041W,YKL011C,0,-1.9570982,0.009523809887468815,0.036363635212183,0.3781818151473999
YOR391C,YIR037W,0,-1.960233,0.009478673338890076,0.036363635212183,0.3799999952316284
YOL007C,YDR368W,0,-1.9637841,0.009433962404727936,0.036363635212183,0.38181817531585693
YLR106C,YOL117W,0,-1.9768103,0.009389671497046947,0.036363635212183,0.38363635540008545
YBL103C,YNR043W,0,-1.9846914,0.009345794096589088,0.036363635212183,0.38545453548431396
YPR098C,YCR081W,0,-1.994466,0.009302325546741486,0.036363635212183,0.3872727155685425
YCR020C,YPL204W,0,-1.998186,0.009259259328246117,0.036363635212183,0.389090895652771
YBR105C,YCR053W,0,-1.9989883,0.009216589853167534,0.036363635212183,0.3909091055393219
YCL061C,YDR120C,0,-1.9992607,0.00917431153357029,0.036363635212183,0.3927272856235504
YDR479C,YLR038C,0,-1.9995021,0.00913241971284151,0.036363635212183,0.39454546570777893
YBR156C,YDR313C,0,-2.0041764,0.00909090880304575,0.036363635212183,0.39636364579200745
YMR022W,YLR276C,0,-2.025349,0.009049774147570133,0.036363635212183,0.39818182587623596
YGR002C,YDR055W,0,-2.0393355,0.009009009227156639,0.036363635212183,0.4000000059604645
YNR043W,YEL061C,0,-2.046845,0.008968610316514969,0.036363635212183,0.401818186044693
YEL059C-A,YER053C,0,-2.0509658,0.008928571827709675,0.036363635212183,0.4036363661289215
YCR096C,YNR070W,0,-2.0612836,0.008888889104127884,0.036363635212183,0.40545454621315
YGL009C,YDR393W,0,-2.0805469,0.008849557489156723,0.036363635212183,0.40727272629737854
YDL067C,YNL151C,0,-2.0845644,0.008810572326183319,0.036363635212183,0.40909090638160706
YDR495C,YNL289W,0,-2.0889728,0.008771929889917374,0.036363635212183,0.41090908646583557
YBL061C,YHL004W,0,-2.091063,0.008733624592423439,0.036363635212183,0.4127272665500641
YOL100W,YKL056C,0,-2.0923638,0.008695651777088642,0.036363635212183,0.4145454466342926
YCR040W,YDR510W,0,-2.0947313,0.008658008649945259,0.036363635212183,0.4163636267185211
YJL106W,YHL016C,0,-2.106827,0.008620689623057842,0.036363635212183,0.41818180680274963
YGL119W,YEL059C-A,0,-2.1135929,0.008583690971136093,0.036363635212183,0.41999998688697815
YMR070W,YGL253W,0,-2.1169662,0.008547008968889713,0.036363635212183,0.42181816697120667
YOR036W,YML042W,0,-2.1266744,0.008510638028383255,0.036363635212183,0.42363637685775757
YLR106C,YIL009C-A,0,-2.1303442,0.008474576286971569,0.036363635212183,0.4254545569419861
YAL043C,YJL080C,0,-2.1306767,0.008438818156719208,0.036363635212183,0.4272727370262146
YGL120C,YKR097W,0,-2.1345642,0.008403361774981022,0.036363635212183,0.4290909171104431
YHL044W,YFR041C,0,-2.1405356,0.008368200622498989,0.036363635212183,0.43090909719467163
YAR019C,YPL186C,0,-2.1491811,0.008333333767950535,0.036363635212183,0.43272727727890015
YML043C,YDR177W,0,-2.150453,0.008298755623400211,0.036363635212183,0.43454545736312866
YGL128C,YML124C,0,-2.1529856,0.00826446246355772,0.036363635212183,0.4363636374473572
YOR347C,YJL106W,0,-2.157235,0.008230452425777912,0.036363635212183,0.4381818175315857
YNL331C,YER089C,0,-2.160327,0.008196720853447914,0.036363635212183,0.4399999976158142
YLR403W,YKL024C,0,-2.1663103,0.008163264952600002,0.036363635212183,0.4418181777000427
YHR171W,YER053C,0,-2.1900938,0.008130080997943878,0.036363635212183,0.44363635778427124
YAL023C,YKR061W,1,-2.1925738,0.012145749293267727,0.05454545468091965,0.44363635778427124
YKR061W,YDL095W,1,-2.1962903,0.016129031777381897,0.072727270424366,0.44363635778427124
YNR070W,YOR039W,0,-2.1968448,0.01606425642967224,0.072727270424366,0.44545453786849976
YOR047C,YOR244W,0,-2.1993444,0.01600000075995922,0.072727270424366,0.44727271795272827
YDR265W,YIR012W,0,-2.2039788,0.01593625545501709,0.072727270424366,0.4490908980369568
YJR134C,YPR122W,0,-2.2069688,0.01587301678955555,0.072727270424366,0.4509090781211853
YMR298W,YKL173W,0,-2.2152684,0.015810277312994003,0.072727270424366,0.4527272582054138
YOR047C,YGR234W,0,-2.2211237,0.015748031437397003,0.072727270424366,0.4545454680919647
YJL097W,YGL251C,0,-2.2248468,0.01568627543747425,0.072727270424366,0.45636364817619324
YEL065W,YDR420W,0,-2.2253907,0.015625,0.072727270424366,0.45818182826042175
YDL099W,YBR030W,0,-2.2274776,0.015564202331006527,0.072727270424366,0.46000000834465027
YDR465C,YDR158W,0,-2.227943,0.01550387591123581,0.072727270424366,0.4618181884288788
YJR126C,YJR135W-A,0,-2.2299466,0.0154440151527524,0.072727270424366,0.4636363685131073
YJL041W,YLR318W,0,-2.244698,0.015384615398943424,0.072727270424366,0.4654545485973358
YNL206C,YGR061C,0,-2.257725,0.015325670130550861,0.072727270424366,0.46727272868156433
YJR135C,YBR009C,0,-2.2623646,0.015267175622284412,0.072727270424366,0.46909090876579285
YLR318W,YNL101W,0,-2.2634401,0.015209125354886055,0.072727270424366,0.47090908885002136
YKL011C,YJR158W,0,-2.2667289,0.01515151560306549,0.072727270424366,0.4727272689342499
YGL135W,YJR013W,0,-2.27042,0.015094339847564697,0.072727270424366,0.4745454490184784
YFL004W,YFR003C,0,-2.2788072,0.015037594363093376,0.072727270424366,0.4763636291027069
YLR096W,YBR160W,0,-2.2914984,0.01498127356171608,0.072727270424366,0.4781818091869354
YLR170C,YJL148W,0,-2.3073585,0.014925372786819935,0.072727270424366,0.47999998927116394
YGR106C,YHR160C,0,-2.3079934,0.014869888313114643,0.072727270424366,0.48181816935539246
YPL157W,YER113C,0,-2.311844,0.014814814552664757,0.072727270424366,0.48363634943962097
YCL063W,YDL200C,0,-2.3212302,0.014760147780179977,0.072727270424366,0.4854545593261719
YLR214W,YOR244W,0,-2.3225842,0.014705882407724857,0.072727270424366,0.4872727394104004
YDR326C,YPR073C,0,-2.325805,0.014652014710009098,0.072727270424366,0.4890909194946289
YBR198C,YHR099W,0,-2.3368165,0.014598540030419827,0.072727270424366,0.4909090995788574
YDR253C,YMR152W,0,-2.347215,0.014545454643666744,0.072727270424366,0.49272727966308594
YJR001W,YIL111W,0,-2.3520417,0.014492753893136978,0.072727270424366,0.49454545974731445
YOL152W,YOR347C,0,-2.3559623,0.014440433122217655,0.072727270424366,0.49636363983154297
YGL135W,YJL033W,0,-2.368396,0.014388489536941051,0.072727270424366,0.4981818199157715
YGL253W,YML009C,0,-2.3750226,0.01433691754937172,0.072727270424366,0.5
YBL022C,YPL033C,0,-2.384721,0.014285714365541935,0.072727270424366,0.5018181800842285
YGR162W,YFL037W,0,-2.4017344,0.014234875328838825,0.072727270424366,0.503636360168457
YDR341C,YJL164C,0,-2.404507,0.014184396713972092,0.072727270424366,0.5054545402526855
YIL160C,YDL008W,0,-2.404831,0.01413427572697401,0.072727270424366,0.5072727203369141
YKL011C,YCL031C,0,-2.406251,0.014084506779909134,0.072727270424366,0.5090909004211426
YLR371W,YOR242C,0,-2.4093337,0.014035088010132313,0.072727270424366,0.5109090805053711
YPL160W,YLR265C,0,-2.4104593,0.0139860138297081,0.072727270424366,0.5127272605895996
YHR025W,YOR244W,0,-2.4290454,0.013937282375991344,0.072727270424366,0.5145454406738281
YOR265W,YHR036W,0,-2.4365003,0.013888888992369175,0.072727270424366,0.5163636207580566
YMR070W,YJL153C,0,-2.4367669,0.013840830884873867,0.072727270424366,0.5181818008422852
YNL077W,YLR154C,0,-2.44753,0.013793103396892548,0.072727270424366,0.5199999809265137
YGR047C,YOR224C,0,-2.4496672,0.013745704665780067,0.072727270424366,0.5218181610107422
YIL150C,YDR047W,0,-2.4564953,0.013698630034923553,0.072727270424366,0.5236363410949707
YNL218W,YHR013C,0,-2.4622965,0.013651876710355282,0.072727270424366,0.5254545211791992
YJR022W,YGL040C,0,-2.463826,0.013605441898107529,0.072727270424366,0.5272727012634277
YKR105C,YOR211C,0,-2.4677742,0.013559321872889996,0.072727270424366,0.5290908813476562
YJL090C,YFL039C,0,-2.4689424,0.013513513840734959,0.072727270424366,0.5309090614318848
YPL206C,YPL121C,0,-2.479121,0.013468013145029545,0.072727270424366,0.5327273011207581
YLR154C,YHR011W,0,-2.4812274,0.01342281885445118,0.072727270424366,0.5345454812049866
YHR031C,YJR065C,0,-2.4859335,0.01337792631238699,0.072727270424366,0.5363636612892151
YKL173W,YLR139C,0,-2.497866,0.013333333656191826,0.072727270424366,0.5381818413734436
YDR107C,YCR077C,0,-2.502744,0.013289036229252815,0.072727270424366,0.5400000214576721
YGR162W,YOL056W,0,-2.507417,0.013245033100247383,0.072727270424366,0.5418182015419006
YMR128W,YPL157W,0,-2.5092528,0.013201320543885231,0.072727270424366,0.5436363816261292
YOL127W,YLR357W,0,-2.5108073,0.01315789483487606,0.072727270424366,0.5454545617103577
YIL039W,YBL061C,0,-2.5188367,0.013114754110574722,0.072727270424366,0.5472727417945862
YDR253C,YMR223W,0,-2.5206885,0.013071895577013493,0.072727270424366,0.5490909218788147
YMR281W,YGR189C,0,-2.5230553,0.013029315508902073,0.072727270424366,0.5509091019630432
YDR219C,YKL212W,0,-2.5264328,0.012987012974917889,0.072727270424366,0.5527272820472717
YDR046C,YIR037W,0,-2.5307577,0.012944984249770641,0.072727270424366,0.5545454621315002
YOR046C,YGL178W,0,-2.5372827,0.012903225608170033,0.072727270424366,0.5563636422157288
YJR121W,YDL033C,0,-2.537596,0.012861736118793488,0.072727270424366,0.5581818222999573
YLR214W,YOR037W,0,-2.545398,0.012820512987673283,0.072727270424366,0.5600000023841858
YNR027W,YDR247W,0,-2.546157,0.01277955248951912,0.072727270424366,0.5618181824684143
YML125C,YDR128W,0,-2.551306,0.012738853693008423,0.072727270424366,0.5636363625526428
YBR087W,YDL115C,0,-2.5532339,0.012698412872850895,0.072727270424366,0.5654545426368713
YKR061W,YBR205W,1,-2.5543768,0.01582278497517109,0.09090909361839294,0.5654545426368713
YBL074C,YGL095C,0,-2.5653496,0.015772869810461998,0.09090909361839294,0.5672727227210999
YIL109C,YDR086C,0,-2.565673,0.015723271295428276,0.09090909361839294,0.5690909028053284
YGL253W,YJL062W,0,-2.5665684,0.015673981979489326,0.09090909361839294,0.5709090828895569
YNL212W,YDR326C,0,-2.5692334,0.015625,0.09090909361839294,0.5727272629737854
YAR018C,YHR099W,0,-2.5695257,0.015576324425637722,0.09090909361839294,0.5745454430580139
YDR503C,YNL289W,0,-2.5828006,0.01552795059978962,0.09090909361839294,0.5763636231422424
YLL009C,YNL162W,0,-2.6134315,0.015479875728487968,0.09090909361839294,0.578181803226471
YNL291C,YNL119W,0,-2.6198819,0.015432098880410194,0.09090909361839294,0.5799999833106995
YKR062W,YNR070W,0,-2.620818,0.015384615398943424,0.09090909361839294,0.581818163394928
YHR011W,YNL135C,0,-2.6228037,0.015337423421442509,0.09090909361839294,0.5836363434791565
YPL026C,YBL023C,0,-2.6435776,0.015290520153939724,0.09090909361839294,0.585454523563385
YBL103C,YLR430W,0,-2.6443655,0.015243902802467346,0.09090909361839294,0.5872727036476135
YBR156C,YMR287C,0,-2.6479702,0.015197568573057652,0.09090909361839294,0.589090883731842
YOL117W,YGR135W,0,-2.6560576,0.01515151560306549,0.09090909361839294,0.5909090638160706
YDR126W,YER153C,0,-2.680003,0.015105740167200565,0.09090909361839294,0.5927272439002991
YJL170C,YPR186C,0,-2.6873145,0.0150602413341403,0.09090909361839294,0.5945454835891724
YKR061W,YBL020W,1,-2.6900527,0.018018018454313278,0.1090909093618393,0.5945454835891724
YNL119W,YDR393W,0,-2.690279,0.01796407252550125,0.1090909093618393,0.5963636636734009
YDL192W,YGL229C,0,-2.6966145,0.017910446971654892,0.1090909093618393,0.5981818437576294
YGL206C,YNL158W,0,-2.698373,0.01785714365541935,0.1090909093618393,0.6000000238418579
YBR175W,YLR109W,0,-2.6993482,0.017804155126214027,0.1090909093618393,0.6018182039260864
YEL038W,YOR346W,0,-2.7066612,0.017751479521393776,0.1090909093618393,0.6036363840103149
YOR076C,YLR237W,0,-2.7082617,0.017699114978313446,0.1090909093618393,0.6054545640945435
YNL308C,YPL017C,0,-2.7226665,0.01764705963432789,0.1090909093618393,0.607272744178772
YDR265W,YGL090W,0,-2.7372844,0.017595307901501656,0.1090909093618393,0.6090909242630005
YKL218C,YLR403W,0,-2.7376456,0.017543859779834747,0.1090909093618393,0.610909104347229
YIL150C,YKL195W,0,-2.742551,0.017492711544036865,0.1090909093618393,0.6127272844314575
YDR322W,YMR204C,0,-2.7460907,0.01744186133146286,0.1090909093618393,0.614545464515686
YJL041W,YOR337W,0,-2.7501135,0.017391303554177284,0.1090909093618393,0.6163636445999146
YER029C,YDL141W,0,-2.7503846,0.017341040074825287,0.1090909093618393,0.6181818246841431
YMR247C,YER147C,0,-2.7599533,0.01729106716811657,0.1090909093618393,0.6200000047683716
YOR179C,YIL051C,0,-2.7615635,0.017241379246115685,0.1090909093618393,0.6218181848526001
YLR098C,YMR022W,0,-2.7689445,0.017191976308822632,0.1090909093618393,0.6236363649368286
YDR050C,YGR184C,0,-2.7806118,0.017142856493592262,0.1090909093618393,0.6254545450210571
YPR168W,YHR064C,0,-2.791474,0.017094017937779427,0.1090909093618393,0.6272727251052856
YDR107C,YBR058C-A,0,-2.8149564,0.017045455053448677,0.1090909093618393,0.6290909051895142
YKR061W,YOR067C,1,-2.8166716,0.01983002759516239,0.12727272510528564,0.6290909051895142
YDL231C,YGR274C,0,-2.8194387,0.01977401040494442,0.12727272510528564,0.6309090852737427
YGR154C,YIL126W,0,-2.8321023,0.019718309864401817,0.12727272510528564,0.6327272653579712
YOR057W,YAR018C,0,-2.8473186,0.019662922248244286,0.12727272510528564,0.6345454454421997
YNL291C,YOR155C,0,-2.8492048,0.019607843831181526,0.12727272510528564,0.6363636255264282
YDR121W,YHR117W,0,-2.8648884,0.01955307275056839,0.12727272510528564,0.6381818056106567
YIL093C,YLR265C,0,-2.868594,0.019498607143759727,0.12727272510528564,0.6399999856948853
YMR297W,YMR211W,0,-2.8702385,0.01944444514811039,0.12727272510528564,0.6418181657791138
YGL232W,YGR101W,0,-2.8738024,0.01939058117568493,0.12727272510528564,0.6436363458633423
YOR127W,YKL024C,0,-2.8807962,0.019337017089128494,0.12727272510528564,0.6454545259475708
YER029C,YBR033W,0,-2.8858552,0.019283747300505638,0.12727272510528564,0.6472727060317993
YMR043W,YCR075C,0,-2.8894374,0.01923076994717121,0.12727272510528564,0.6490908861160278
YOL067C,YOR384W,0,-2.889804,0.019178081303834915,0.12727272510528564,0.6509090662002563
YKR061W,YEL002C,1,-2.8929603,0.02185792289674282,0.145454540848732,0.6509090662002563
YMR235C,YGR189C,0,-2.89459,0.02179836481809616,0.145454540848732,0.6527272462844849
YDL067C,YFR005C,0,-2.9112108,0.021739130839705467,0.145454540848732,0.6545454263687134
YNL206C,YNL244C,0,-2.9188707,0.02168021723628044,0.145454540848732,0.6563636660575867
YDR478W,YJR033C,0,-2.9237366,0.021621622145175934,0.145454540848732,0.6581818461418152
YOR373W,YPL195W,0,-2.9263875,0.021563341841101646,0.145454540848732,0.6600000262260437
YPL144W,YLL050C,0,-2.9364762,0.02150537632405758,0.145454540848732,0.6618182063102722
YNL136W,YGR006W,0,-2.936598,0.021447721868753433,0.145454540848732,0.6636363863945007
YNR050C,YER030W,0,-2.9374666,0.02139037474989891,0.145454540848732,0.6654545664787292
YLR427W,YMR152W,0,-2.9377487,0.02133333310484886,0.145454540848732,0.6672727465629578
YCR037C,YLR265C,0,-2.9379814,0.021276595070958138,0.145454540848732,0.6690909266471863
YER061C,YPL174C,0,-2.9413383,0.02122015878558159,0.145454540848732,0.6709091067314148
YOL064C,YKL108W,0,-2.9413807,0.021164020523428917,0.145454540848732,0.6727272868156433
YPR054W,YPL202C,0,-2.9451563,0.021108180284500122,0.145454540848732,0.6745454668998718
YDR117C,YDR524C,0,-2.9575417,0.021052632480859756,0.145454540848732,0.6763636469841003
YCL055W,YCR077C,0,-2.9742742,0.02099737524986267,0.145454540848732,0.6781818270683289
YGL003C,YNR001C,0,-2.975181,0.020942408591508865,0.145454540848732,0.6800000071525574
YBR289W,YMR256C,0,-2.9842415,0.02088772878050804,0.145454540848732,0.6818181872367859
YOR224C,YML085C,0,-2.987483,0.02083333395421505,0.145454540848732,0.6836363673210144
YNL098C,YOR043W,0,-2.9931996,0.020779220387339592,0.145454540848732,0.6854545474052429
YHL004W,YML081C-A,0,-2.9936836,0.020725388079881668,0.145454540848732,0.6872727274894714
YDL164C,YDR096W,0,-3.0028327,0.02067183516919613,0.145454540848732,0.6890909075737
YNL331C,YMR311C,0,-3.0056343,0.020618556067347527,0.145454540848732,0.6909090876579285
YHR023W,YDR169C,0,-3.00628,0.02056555263698101,0.145454540848732,0.692727267742157
YLR045C,YBL055C,0,-3.01142,0.020512821152806282,0.145454540848732,0.6945454478263855
YJL041W,YGR162W,0,-3.0195525,0.020460357889533043,0.145454540848732,0.696363627910614
YKR050W,YNL268W,0,-3.0210693,0.020408162847161293,0.145454540848732,0.6981818079948425
YFR032C-A,YER148W,0,-3.0224655,0.020356234163045883,0.145454540848732,0.699999988079071
YGL161C,YPL060W,0,-3.0415359,0.020304568111896515,0.145454540848732,0.7018181681632996
YDL056W,YKL212W,0,-3.0422215,0.020253164693713188,0.145454540848732,0.7036363482475281
YJL190C,YGR162W,0,-3.0509975,0.020202020183205605,0.145454540848732,0.7054545283317566
YBR050C,YOL018C,0,-3.0583816,0.020151132717728615,0.145454540848732,0.7072727084159851
YJR139C,YLR438C-A,0,-3.0681267,0.02010050229728222,0.145454540848732,0.7090908885002136
YLR100W,YDR130C,0,-3.069247,0.02005012519657612,0.145454540848732,0.7109090685844421
YDR481C,YFL036W,0,-3.0716264,0.019999999552965164,0.145454540848732,0.7127272486686707
YBL078C,YGR002C,0,-3.0760748,0.019950125366449356,0.145454540848732,0.7145454287528992
YPR048W,YER025W,0,-3.0762506,0.019900497049093246,0.145454540848732,0.7163636088371277
YDL120W,YNR041C,0,-3.0845976,0.019851116463541985,0.145454540848732,0.7181817889213562
YGR047C,YIL074C,0,-3.0890157,0.019801979884505272,0.145454540848732,0.7200000286102295
YIL078W,YHR117W,0,-3.094192,0.01975308731198311,0.145454540848732,0.721818208694458
YGL229C,YEL058W,0,-3.0942483,0.019704433158040047,0.145454540848732,0.7236363887786865
YMR306W,YBR289W,0,-3.0959642,0.019656019285321236,0.145454540848732,0.725454568862915
YDR077W,YIR023W,0,-3.0991135,0.019607843831181526,0.145454540848732,0.7272727489471436
YDR224C,YIL112W,0,-3.1033928,0.01955990307033062,0.145454540848732,0.7290909290313721
YOR257W,YBL069W,0,-3.1114047,0.019512195140123367,0.145454540848732,0.7309091091156006
YJR097W,YJL090C,0,-3.1119773,0.01946472004055977,0.145454540848732,0.7327272891998291
YOR151C,YPL143W,0,-3.122524,0.019417475908994675,0.145454540848732,0.7345454692840576
YNL330C,YBL074C,0,-3.1239483,0.019370460882782936,0.145454540848732,0.7363636493682861
YBR040W,YPR054W,0,-3.1345398,0.019323671236634254,0.145454540848732,0.7381818294525146
YBR283C,YIL026C,0,-3.1469848,0.01927710883319378,0.145454540848732,0.7400000095367432
YKR061W,YDR483W,1,-3.1677878,0.02163461595773697,0.16363635659217834,0.7400000095367432
YMR142C,YIL109C,0,-3.172659,0.02158273383975029,0.16363635659217834,0.7418181896209717
YDR481C,YPL092W,0,-3.1789162,0.021531101316213608,0.16363635659217834,0.7436363697052002
YMR298W,YIR023W,0,-3.1811888,0.021479712799191475,0.16363635659217834,0.7454545497894287
YOR057W,YER164W,0,-3.1873033,0.02142857201397419,0.16363635659217834,0.7472727298736572
YNL206C,YOL064C,0,-3.1967757,0.021377671509981155,0.16363635659217834,0.7490909099578857
YAL013W,YNL227C,0,-3.1981823,0.02132701501250267,0.16363635659217834,0.7509090900421143
YGR058W,YLR318W,0,-3.1996086,0.021276595070958138,0.16363635659217834,0.7527272701263428
YNL158W,YHR117W,0,-3.2028565,0.021226415410637856,0.16363635659217834,0.7545454502105713
YIL126W,YKL024C,0,-3.2285302,0.021176470443606377,0.16363635659217834,0.7563636302947998
YML034W,YER164W,0,-3.2343657,0.0211267601698637,0.16363635659217834,0.7581818103790283
YDR121W,YEL021W,0,-3.2367842,0.02107728272676468,0.16363635659217834,0.7599999904632568
YCR077C,YOR092W,0,-3.2486084,0.02102803811430931,0.16363635659217834,0.7618181705474854
YMR128W,YCR028C,0,-3.2560308,0.02097902074456215,0.16363635659217834,0.7636363506317139
YDL075W,YLR038C,0,-3.2571833,0.020930232480168343,0.16363635659217834,0.7654545307159424
YGR191W,YMR012W,0,-3.2582555,0.020881671458482742,0.16363635659217834,0.7672727108001709
YJR065C,YER147C,0,-3.2706351,0.02083333395421505,0.16363635659217834,0.7690908908843994
YNL091W,YLR306W,0,-3.2762525,0.020785219967365265,0.16363635659217834,0.7709090709686279
YHL024W,YKL059C,0,-3.2765129,0.02073732763528824,0.16363635659217834,0.7727272510528564
YLR204W,YNL128W,0,-3.2869227,0.02068965509533882,0.16363635659217834,0.774545431137085
YNL077W,YIL072W,0,-3.2873623,0.020642202347517014,0.16363635659217834,0.7763636112213135
YAL023C,YBL020W,1,-3.2893188,0.022883296012878418,0.1818181872367859,0.7763636112213135
YEL013W,YNL012W,0,-3.2954075,0.02283105067908764,0.1818181872367859,0.778181791305542
YDL033C,YDR356W,0,-3.3025935,0.02277904376387596,0.1818181872367859,0.7799999713897705
YGR220C,YDR158W,0,-3.3119068,0.022727273404598236,0.1818181872367859,0.7818182110786438
YGL168W,YPL038W,0,-3.3121283,0.022675737738609314,0.1818181872367859,0.7836363911628723
YBR123C,YBL069W,0,-3.3138075,0.022624434903264046,0.1818181872367859,0.7854545712471008
YMR070W,YNR043W,0,-3.3154697,0.022573363035917282,0.1818181872367859,0.7872727513313293
YHR046C,YOR257W,0,-3.3163545,0.022522522136569023,0.1818181872367859,0.7890909314155579
YIL109C,YBR198C,0,-3.3169315,0.02247191034257412,0.1818181872367859,0.7909091114997864
YML077W,YFR005C,0,-3.3200076,0.022421523928642273,0.1818181872367859,0.7927272915840149
YMR256C,YBL037W,0,-3.3254735,0.022371364757418633,0.1818181872367859,0.7945454716682434
YGL120C,YLR106C,0,-3.3308256,0.0223214291036129,0.1818181872367859,0.7963636517524719
YHR076W,YOR044W,0,-3.3500483,0.022271715104579926,0.1818181872367859,0.7981818318367004
YOR288C,YOR076C,0,-3.352305,0.02222222276031971,0.1818181872367859,0.800000011920929
YKR061W,YML115C,1,-3.3780375,0.024390242993831635,0.20000000298023224,0.800000011920929
YLR032W,YDR197W,0,-3.3783429,0.024336284026503563,0.20000000298023224,0.8018181920051575
YER020W,YGL059W,0,-3.4200664,0.024282561615109444,0.20000000298023224,0.803636372089386
YPL074W,YER153C,0,-3.422508,0.024229075759649277,0.20000000298023224,0.8054545521736145
YER114C,YLR032W,0,-3.431226,0.024175824597477913,0.20000000298023224,0.807272732257843
YOL133W,YPL101W,0,-3.434812,0.024122806265950203,0.20000000298023224,0.8090909123420715
YDR440W,YDL030W,0,-3.437396,0.024070022627711296,0.20000000298023224,0.8109090924263
YOR061W,YBR175W,0,-3.4400804,0.024017468094825745,0.20000000298023224,0.8127272725105286
YIL150C,YBR185C,0,-3.4586818,0.0239651408046484,0.20000000298023224,0.8145454525947571
YIL093C,YOL065C,0,-3.4648578,0.02391304261982441,0.20000000298023224,0.8163636326789856
YOL003C,YMR152W,0,-3.4674566,0.023861171677708626,0.20000000298023224,0.8181818127632141
YEL064C,YJR126C,0,-3.4724708,0.02380952425301075,0.20000000298023224,0.8199999928474426
YER110C,YJR068W,0,-3.4743135,0.023758098483085632,0.20000000298023224,0.8218181729316711
YML125C,YLL050C,0,-3.4783475,0.023706896230578423,0.20000000298023224,0.8236363530158997
YLR381W,YKL116C,0,-3.480119,0.023655913770198822,0.20000000298023224,0.8254545331001282
YDR536W,YML034W,0,-3.4845526,0.02360515110194683,0.20000000298023224,0.8272727131843567
YBL103C,YPL269W,0,-3.4904733,0.02355460450053215,0.20000000298023224,0.8290908932685852
YOR347C,YER020W,0,-3.4928155,0.02350427396595478,0.20000000298023224,0.8309090733528137
YGL213C,YOR373W,0,-3.5166342,0.023454157635569572,0.20000000298023224,0.8327272534370422
YDR242W,YHR067W,0,-3.5208495,0.023404255509376526,0.20000000298023224,0.8345454335212708
YER148W,YEL017C-A,0,-3.5229309,0.023354563862085342,0.20000000298023224,0.8363636136054993
YKL034W,YMR023C,0,-3.5505223,0.02330508455634117,0.20000000298023224,0.8381817936897278
YDL127W,YDR054C,0,-3.5543349,0.023255813866853714,0.20000000298023224,0.8399999737739563
YPL060W,YJR065C,0,-3.556504,0.02320675179362297,0.20000000298023224,0.8418181538581848
YNL001W,YDL190C,0,-3.5656087,0.023157894611358643,0.20000000298023224,0.8436363339424133
YDR313C,YOL149W,0,-3.584349,0.02310924418270588,0.20000000298023224,0.8454545736312866
YHR147C,YJL189W,0,-3.5945516,0.023060796782374382,0.20000000298023224,0.8472727537155151
YDL069C,YBR123C,0,-3.5995014,0.02301255241036415,0.20000000298023224,0.8490909337997437
YNR027W,YMR306W,0,-3.600145,0.022964509204030037,0.20000000298023224,0.8509091138839722
YDR283C,YOR044W,0,-3.6161983,0.02291666716337204,0.20000000298023224,0.8527272939682007
YGL222C,YMR071C,0,-3.6248717,0.02286902256309986,0.20000000298023224,0.8545454740524292
YHR027C,YMR224C,0,-3.627509,0.02282157726585865,0.20000000298023224,0.8563636541366577
YNL291C,YDR330W,0,-3.639383,0.02277432754635811,0.20000000298023224,0.8581818342208862
YML012W,YJR094W-A,0,-3.656103,0.022727273404598236,0.20000000298023224,0.8600000143051147
YDR251W,YOR043W,0,-3.6688712,0.022680412977933884,0.20000000298023224,0.8618181943893433
YJL143W,YOR043W,0,-3.6780303,0.022633744403719902,0.20000000298023224,0.8636363744735718
YOL018C,YJR059W,0,-3.6928627,0.02258726954460144,0.20000000298023224,0.8654545545578003
YML125C,YJL156C,0,-3.6961672,0.02254098281264305,0.20000000298023224,0.8672727346420288
YBL064C,YKR058W,0,-3.7054143,0.022494887933135033,0.20000000298023224,0.8690909147262573
YOL065C,YMR056C,0,-3.7239835,0.022448979318141937,0.20000000298023224,0.8709090948104858
YMR036C,YOR127W,0,-3.760855,0.022403258830308914,0.20000000298023224,0.8727272748947144
YFL036W,YLL022C,0,-3.7622573,0.022357722744345665,0.20000000298023224,0.8745454549789429
YMR297W,YNL149C,0,-3.7635643,0.02231237292289734,0.20000000298023224,0.8763636350631714
YBR082C,YDL185W,0,-3.763881,0.022267205640673637,0.20000000298023224,0.8781818151473999
YFR037C,YPL206C,0,-3.7716978,0.02222222276031971,0.20000000298023224,0.8799999952316284
YBR123C,YJL062W,0,-3.7828596,0.02217741869390011,0.20000000298023224,0.8818181753158569
YLR032W,YPR070W,0,-3.7884715,0.02213279716670513,0.20000000298023224,0.8836363554000854
YPL031C,YNL310C,0,-3.7937295,0.02208835259079933,0.20000000298023224,0.885454535484314
YGL211W,YLR192C,0,-3.797196,0.022044088691473007,0.20000000298023224,0.8872727155685425
YDR520C,YIR009W,0,-3.8001418,0.02199999988079071,0.20000000298023224,0.889090895652771
YIL093C,YGL106W,0,-3.8341637,0.02195608802139759,0.20000000298023224,0.8909090757369995
YDR420W,YLL022C,0,-3.834777,0.0219123512506485,0.20000000298023224,0.892727255821228
YOR076C,YNL310C,0,-3.8433406,0.021868787705898285,0.20000000298023224,0.8945454359054565
YOL149W,YOL109W,0,-3.847646,0.02182539738714695,0.20000000298023224,0.8963636159896851
YGR104C,YNL039W,0,-3.857125,0.021782178431749344,0.20000000298023224,0.8981817960739136
YDR096W,YGR037C,0,-3.880722,0.021739130839705467,0.20000000298023224,0.8999999761581421
YDR347W,YGR075C,0,-3.8906713,0.02169625274837017,0.20000000298023224,0.9018181562423706
YBL017C,YLL022C,0,-3.8917146,0.021653544157743454,0.20000000298023224,0.9036363363265991
YLR439W,YMR004W,0,-3.8935468,0.02161100134253502,0.20000000298023224,0.9054545164108276
YJL165C,YPR186C,0,-3.902892,0.021568628028035164,0.20000000298023224,0.9072727560997009
YHR101C,YLR100W,0,-3.9193332,0.02152641862630844,0.20000000298023224,0.9090909361839294
YAL020C,YDR298C,0,-3.9212258,0.021484375,0.20000000298023224,0.910909116268158
YJR143C,YBL020W,1,-3.9312742,0.023391813039779663,0.2181818187236786,0.910909116268158
YBL082C,YDR483W,1,-3.9354637,0.02529182843863964,0.23636363446712494,0.910909116268158
YAL035W,YPR019W,0,-3.9461257,0.025242717936635017,0.23636363446712494,0.9127272963523865
YNL306W,YIL009C-A,0,-3.970784,0.025193799287080765,0.23636363446712494,0.914545476436615
YOR067C,YBL082C,1,-4.001231,0.027079302817583084,0.2545454502105713,0.914545476436615
YER007W,YER030W,0,-4.015644,0.027027027681469917,0.2545454502105713,0.9163636565208435
YNL293W,YBR082C,0,-4.015805,0.026974951848387718,0.2545454502105713,0.918181836605072
YPL214C,YCR075C,0,-4.0212283,0.026923077180981636,0.2545454502105713,0.9200000166893005
YOL031C,YDL164C,0,-4.0293956,0.02687140181660652,0.2545454502105713,0.921818196773529
YNL227C,YKL021C,0,-4.0426044,0.026819923892617226,0.2545454502105713,0.9236363768577576
YBR205W,YBL082C,1,-4.0814385,0.02868068777024746,0.27272728085517883,0.9236363768577576
YER114C,YDR279W,0,-4.0820107,0.028625953942537308,0.27272728085517883,0.9254545569419861
YJR143C,YBL082C,1,-4.0853424,0.030476190149784088,0.290909081697464,0.9254545569419861
YBL020W,YBL082C,1,-4.1014547,0.03231939300894737,0.30909091234207153,0.9254545569419861
YKL059C,YOR080W,0,-4.1149945,0.032258063554763794,0.30909091234207153,0.9272727370262146
YML115C,YDL095W,1,-4.1272483,0.034090910106897354,0.3272727131843567,0.9272727370262146
YBR082C,YDR169C,0,-4.1280837,0.03402646631002426,0.3272727131843567,0.9290909171104431
YMR070W,YNL158W,0,-4.137243,0.03396226465702057,0.3272727131843567,0.9309090971946716
YML115C,YBL082C,1,-4.1395326,0.03578154370188713,0.34545454382896423,0.9309090971946716
YDR379W,YMR022W,0,-4.1451225,0.0357142873108387,0.34545454382896423,0.9327272772789001
YML012W,YJL136C,0,-4.1604047,0.035647280514240265,0.34545454382896423,0.9345454573631287
YMR201C,YDR322W,0,-4.1726513,0.03558052331209183,0.34545454382896423,0.9363636374473572
YOR174W,YOL147C,0,-4.2024035,0.035514019429683685,0.34545454382896423,0.9381818175315857
YNL091W,YDR298C,0,-4.2118683,0.03544776141643524,0.34545454382896423,0.9399999976158142
YPL101W,YDR390C,0,-4.212718,0.0353817492723465,0.34545454382896423,0.9418181777000427
YJR143C,YDR483W,1,-4.232464,0.03717472031712532,0.3636363744735718,0.9418181777000427
YDR279W,YOL125W,0,-4.2386765,0.0371057502925396,0.3636363744735718,0.9436363577842712
YOR037W,YDR036C,0,-4.2404814,0.03703703731298447,0.3636363744735718,0.9454545378684998
YGL213C,YPL060W,0,-4.2419558,0.03696857765316963,0.3636363744735718,0.9472727179527283
YKL140W,YOR386W,0,-4.25847,0.036900367587804794,0.3636363744735718,0.9490908980369568
YJR143C,YEL002C,1,-4.282667,0.03867403417825699,0.38181817531585693,0.9490908980369568
YDL095W,YBL082C,1,-4.3113475,0.040441177785396576,0.4000000059604645,0.9490908980369568
YBR205W,YJR143C,1,-4.3213735,0.04220183566212654,0.41818180680274963,0.9490908980369568
YIR036C,YDR436W,0,-4.3311195,0.04212454333901405,0.41818180680274963,0.9509090781211853
YGR047C,YDL164C,0,-4.331237,0.04204753041267395,0.41818180680274963,0.9527272582054138
YKR037C,YBL090W,0,-4.3654094,0.04197080433368683,0.41818180680274963,0.9545454382896423
YJR143C,YDL095W,1,-4.366254,0.04371584579348564,0.4363636374473572,0.9545454382896423
YDR532C,YJL065C,0,-4.37594,0.04363636299967766,0.4363636374473572,0.9563636183738708
YKL198C,YIR023W,0,-4.4151425,0.043557167053222656,0.4363636374473572,0.9581817984580994
YER083C,YLR371W,0,-4.4267473,0.043478261679410934,0.4363636374473572,0.9599999785423279
YLR373C,YLR396C,0,-4.442863,0.043399639427661896,0.4363636374473572,0.9618181586265564
YJR143C,YML115C,1,-4.448356,0.045126352459192276,0.4545454680919647,0.9618181586265564
YEL002C,YBL082C,1,-4.478438,0.04684684798121452,0.4727272689342499,0.9618181586265564
YJR143C,YOR067C,1,-4.5848355,0.04856115207076073,0.4909090995788574,0.9618181586265564
YAL023C,YBL082C,1,-4.59604,0.05026929825544357,0.5090909004211426,0.9618181586265564
YAL023C,YJR143C,1,-4.634159,0.051971327513456345,0.5272727012634277,0.9618181586265564
YDR315C,YKR062W,0,-4.6354575,0.05187835544347763,0.5272727012634277,0.9636363387107849
YBL020W,YDR483W,1,-4.6465187,0.0535714291036129,0.5454545617103577,0.9636363387107849
YDR425W,YDR358W,0,-4.6534595,0.05347593501210213,0.5454545617103577,0.9654545187950134
YOL138C,YLR396C,0,-4.6829906,0.05338078364729881,0.5454545617103577,0.9672726988792419
YOR067C,YDL095W,1,-4.684047,0.05506216734647751,0.5636363625526428,0.9672726988792419
YBL020W,YDL095W,1,-4.6856036,0.05673758685588837,0.581818163394928,0.9672726988792419
YBR205W,YBL020W,1,-4.6910214,0.05840707942843437,0.6000000238418579,0.9672726988792419
YNL049C,YOR270C,0,-4.704418,0.05830388516187668,0.6000000238418579,0.9690909385681152
YBR205W,YML115C,1,-4.7217517,0.059964727610349655,0.6181818246841431,0.9690909385681152
YAL023C,YDL095W,1,-4.75359,0.06161971762776375,0.6363636255264282,0.9690909385681152
YDR511W,YER173W,0,-4.789791,0.06151142343878746,0.6363636255264282,0.9709091186523438
YAL023C,YBR205W,1,-4.8143063,0.06315789371728897,0.6545454263687134,0.9709091186523438
YJR104C,YER012W,0,-4.819474,0.06304728239774704,0.6545454263687134,0.9727272987365723
YAL023C,YOR067C,1,-4.827171,0.06468531489372253,0.6727272868156433,0.9727272987365723
YAL023C,YEL002C,1,-4.8579497,0.06631762534379959,0.6909090876579285,0.9727272987365723
YLR396C,YJL156C,0,-4.870034,0.0662020891904831,0.6909090876579285,0.9745454788208008
YBL020W,YML115C,1,-4.8711567,0.06782608479261398,0.7090908885002136,0.9745454788208008
YOR046C,YER126C,0,-4.87451,0.0677083358168602,0.7090908885002136,0.9763636589050293
YMR302C,YGR002C,0,-4.9008164,0.06759098917245865,0.7090908885002136,0.9781818389892578
YMR098C,YHR067W,0,-4.949686,0.06747404485940933,0.7090908885002136,0.9800000190734863
YAL023C,YML115C,1,-4.961098,0.06908462941646576,0.7272727489471436,0.9800000190734863
YBL020W,YEL002C,1,-4.9717474,0.07068965584039688,0.7454545497894287,0.9800000190734863
YMR100W,YBL093C,0,-4.973802,0.07056798785924911,0.7454545497894287,0.9818181991577148
YAL023C,YDR483W,1,-5.0179734,0.07216494530439377,0.7636363506317139,0.9818181991577148
YBR205W,YDR483W,1,-5.0687346,0.07375643402338028,0.7818182110786438,0.9818181991577148
YJL019W,YDL067C,0,-5.0848823,0.07363013923168182,0.7818182110786438,0.9836363792419434
YML115C,YDR483W,1,-5.1293206,0.07521367818117142,0.800000011920929,0.9836363792419434
YDL095W,YDR483W,1,-5.1616864,0.07679180800914764,0.8181818127632141,0.9836363792419434
YKR014C,YPL204W,0,-5.162763,0.07666099071502686,0.8181818127632141,0.9854545593261719
YEL002C,YML115C,1,-5.3255973,0.07823128998279572,0.8363636136054993,0.9854545593261719
YBR205W,YOR067C,1,-5.340327,0.07979626208543777,0.8545454740524292,0.9854545593261719
YBL020W,YOR067C,1,-5.3832855,0.08135592937469482,0.8727272748947144,0.9854545593261719
YBR205W,YDL095W,1,-5.449306,0.08291032165288925,0.8909090757369995,0.9854545593261719
YBR055C,YNL244C,0,-5.508701,0.08277027308940887,0.8909090757369995,0.9872727394104004
YEL002C,YDL095W,1,-5.5530615,0.08431702852249146,0.9090909361839294,0.9872727394104004
YKL034W,YDR251W,0,-5.567167,0.08417508751153946,0.9090909361839294,0.9890909194946289
YBR205W,YEL002C,1,-5.6209273,0.08571428805589676,0.9272727370262146,0.9890909194946289
YOR067C,YDR483W,1,-5.6663857,0.08724832534790039,0.9454545378684998,0.9890909194946289
YGL173C,YOL103W,0,-5.7110105,0.08710217475891113,0.9454545378684998,0.9909090995788574
YPR108W,YER012W,0,-5.866798,0.08695652335882187,0.9454545378684998,0.9927272796630859
YML129C,YBR185C,0,-6.026426,0.08681134879589081,0.9454545378684998,0.9945454597473145
YOR067C,YEL002C,1,-6.0638905,0.08833333104848862,0.9636363387107849,0.9945454597473145
YEL002C,YDR483W,1,-6.1840563,0.08985024690628052,0.9818181991577148,0.9945454597473145
YFR041C,YJR058C,0,-6.541406,0.08970099687576294,0.9818181991577148,0.996363639831543
YOR067C,YML115C,1,-6.5656695,0.09121061116456985,1.0,0.996363639831543
YJL136C,YHR010W,0,-7.7466354,0.0910596027970314,1.0,0.9981818199157715
YJL136C,YDR447C,0,-7.786734,0.09090909361839294,1.0,1.0
