Gene A,Gene B,Label,Score,Precision,Recall,False Positive Rate
YER119C,YOR094W,0,,0.0,0.0,0.00011074197391280904
YML123C,YIL157C,0,,0.0,0.0,0.0002214839478256181
YGL224C,YIR003W,0,,0.0,0.0,0.0003322258999105543
YOL110W,YPR066W,0,,0.0,0.0,0.0004429678956512362
YAR050W,YLR128W,0,,0.0,0.0,0.0005537098622880876
YOL013C,YJL210W,0,,0.0,0.0,0.0006644517998211086
YMR030W,YNL099C,0,,0.0,0.0,0.0007751937955617905
YJR017C,YIL114C,0,,0.0,0.0,0.0008859357913024724
YCL033C,YMR323W,0,,0.0,0.0,0.0009966777870431542
YIL049W,YBR008C,0,,0.0,0.0,0.0011074197245761752
YMR104C,YGR231C,0,,0.0,0.0,0.0012181616621091962
YIL091C,YPL212C,0,,0.0,0.0,0.0013289035996422172
YDR538W,YKR024C,0,,0.0,0.0,0.00143964565359056
YKL091C,YDR314C,0,,0.0,0.0,0.001550387591123581
YGR278W,YBL100W-A,0,,0.0,0.0,0.001661129528656602
YPR145W,YLR057W,0,,0.0,0.0,0.0017718715826049447
YHR079C-A,YGR192C,0,,0.0,0.0,0.0018826135201379657
YDR034C-D,YKL055C,0,,0.0,0.0,0.0019933555740863085
YGL055W,YHR128W,0,,0.0,0.0,0.0021040975116193295
YEL034W,YOR208W,0,,0.0,0.0,0.0022148394491523504
YJL177W,YLL010C,0,,0.0,0.0,0.0023255813866853714
YDR182W,YLR453C,0,,0.0,0.0,0.0024363233242183924
YKL008C,YLL028W,0,,0.0,0.0,0.0025470652617514133
YJL099W,YPL270W,0,,0.0,0.0,0.0026578071992844343
YIL162W,YOL119C,0,,0.0,0.0,0.002768549369648099
YGL029W,YIR010W,0,,0.0,0.0,0.00287929130718112
YOL033W,YGL179C,0,,0.0,0.0,0.002990033244714141
YHR134W,YDR354W,0,,0.0,0.0,0.003100775182247162
YHR216W,YKL049C,0,,0.0,0.0,0.003211517119780183
YLR233C,YPL241C,0,,0.0,0.0,0.003322259057313204
YKL222C,YIL065C,0,,0.0,0.0,0.003433000994846225
YCR017C,YAR071W,0,,0.0,0.0,0.0035437431652098894
YGR091W,YBR106W,0,,0.0,0.0,0.0036544851027429104
YGL210W-A,YFR044C,0,,0.0,0.0,0.0037652270402759314
YGR049W,YNR075W,0,,0.0,0.0,0.0038759689778089523
YHR007C,YLR449W,0,,0.0,0.0,0.003986711148172617
YBR132C,YDR291W,0,,0.0,0.0,0.004097452852874994
YLR013W,YBL027W,0,,0.0,0.0,0.004208195023238659
YGL011C,YDL236W,0,,0.0,0.0,0.004318936727941036
YOL041C,YGR206W,0,,0.0,0.0,0.004429678898304701
YGR257C,YMR119W,0,,0.0,0.0,0.004540420603007078
YJR002W,YEL071W,0,,0.0,0.0,0.004651162773370743
YER016W,YPR112C,0,,0.0,0.0,0.004761904943734407
YGR277C,YLR424W,0,,0.0,0.0,0.004872646648436785
YOR095C,YLR274W,0,,0.0,0.0,0.004983388818800449
YDL126C,YDL191W,0,,0.0,0.0,0.005094130523502827
YGR152C,YML024W,0,,0.0,0.0,0.005204872693866491
YDL132W,YGL245W,0,,0.0,0.0,0.005315614398568869
YLR071C,YNL047C,0,,0.0,0.0,0.005426356568932533
YBL042C,YNR075W,0,,0.0,0.0,0.005537098739296198
YBR098W,YML025C,0,,0.0,0.0,0.005647840443998575
YKR099C-A,YGR027W-A,0,,0.0,0.0,0.00575858261436224
YNL148C,YDR206W,0,,0.0,0.0,0.005869324319064617
YAR003W,YGR172C,0,,0.0,0.0,0.005980066489428282
YER048C,YCR023C,0,,0.0,0.0,0.006090808194130659
YIL127C,YER166W,0,,0.0,0.0,0.006201550364494324
YOL027C,YCL020W,0,,0.0,0.0,0.006312292534857988
YJL014W,YDL058W,0,,0.0,0.0,0.006423034239560366
YMR011W,YDR488C,0,,0.0,0.0,0.00653377640992403
YGR048W,YAR071W,0,,0.0,0.0,0.006644518114626408
YAR071W,YDR394W,0,,0.0,0.0,0.006755260284990072
YDR348C,YAR014C,0,,0.0,0.0,0.00686600198969245
YJR090C,YDR194C,0,,0.0,0.0,0.006976744160056114
YLR144C,YOL006C,0,,0.0,0.0,0.007087486330419779
YDR408C,YBR039W,0,,0.0,0.0,0.007198228035122156
YOL088C,YMR024W,0,,0.0,0.0,0.007308970205485821
YJR007W,YHR143W-A,0,,0.0,0.0,0.007419711910188198
YMR119W,YFR028C,0,,0.0,0.0,0.007530454080551863
YGR033C,YML065W,0,,0.0,0.0,0.00764119578525424
YIR035C,YOL089C,0,,0.0,0.0,0.007751937955617905
YIR033W,YLR119W,0,,0.0,0.0,0.007862679660320282
YHR083W,YHR203C,0,,0.0,0.0,0.007973422296345234
YNL254C,YBL003C,0,,0.0,0.0,0.008084164001047611
YMR047C,YBR068C,0,,0.0,0.0,0.008194905705749989
YNL021W,YNL005C,0,,0.0,0.0,0.008305647410452366
YOR229W,YBR204C,0,,0.0,0.0,0.008416390046477318
YPL211W,YHR042W,0,,0.0,0.0,0.008527131751179695
YLR388W,YNL275W,0,,0.0,0.0,0.008637873455882072
YJR086W,YER170W,0,,0.0,0.0,0.008748616091907024
YBR280C,YNL083W,0,,0.0,0.0,0.008859357796609402
YGR049W,YML065W,0,,0.0,0.0,0.008970099501311779
YCR028C-A,YHR018C,0,,0.0,0.0,0.009080841206014156
YHR063C,YBL004W,0,,0.0,0.0,0.009191583842039108
YBR235W,YOR022C,0,,0.0,0.0,0.009302325546741486
YGL254W,YDL214C,0,,0.0,0.0,0.009413067251443863
YGR278W,YNL152W,0,,0.0,0.0,0.009523809887468815
YNL053W,YDR488C,0,,0.0,0.0,0.009634551592171192
YJL091C,YKL157W,0,,0.0,0.0,0.00974529329687357
YIL131C,YCR008W,0,,0.0,0.0,0.009856035001575947
YPR075C,YPL108W,0,,0.0,0.0,0.009966777637600899
YPR164W,YGL207W,0,,0.0,0.0,0.010077519342303276
YBR102C,YGR140W,0,,0.0,0.0,0.010188261047005653
YNL002C,YOR010C,0,,0.0,0.0,0.010299003683030605
YGL044C,YGR231C,0,,0.0,0.0,0.010409745387732983
YOR007C,YDL058W,0,,0.0,0.0,0.01052048709243536
YJL122W,YNL279W,0,,0.0,0.0,0.010631228797137737
YER011W,YFL003C,0,,0.0,0.0,0.01074197143316269
YKL025C,YKL209C,0,,0.0,0.0,0.010852713137865067
YOR328W,YJL203W,0,,0.0,0.0,0.010963454842567444
YOR141C,YJL020C,0,,0.0,0.0,0.011074197478592396
YBR088C,YDR255C,0,,0.0,0.0,0.011184939183294773
YMR106C,YOL041C,0,,0.0,0.0,0.01129568088799715
YGR209C,YBL105C,0,,0.0,0.0,0.011406422592699528
YPR082C,YKR086W,0,,0.0,0.0,0.01151716522872448
YLR144C,YJR099W,0,,0.0,0.0,0.011627906933426857
YHL007C,YLR051C,0,,0.0,0.0,0.011738648638129234
YHL020C,YJR077C,0,,0.0,0.0,0.011849391274154186
YML131W,YJL020C,0,,0.0,0.0,0.011960132978856564
YCL033C,YFL055W,0,,0.0,0.0,0.012070874683558941
YLR205C,YJL115W,0,,0.0,0.0,0.012181616388261318
YBL016W,YFL009W,0,,0.0,0.0,0.01229235902428627
YGR087C,YJL099W,0,,0.0,0.0,0.012403100728988647
YDR519W,YHR032W,0,,0.0,0.0,0.012513842433691025
YDR085C,YER004W,0,,0.0,0.0,0.012624585069715977
YIL066C,YNL177C,0,,0.0,0.0,0.012735326774418354
YNL106C,YLR319C,0,,0.0,0.0,0.012846068479120731
YDL226C,YLR226W,0,,0.0,0.0,0.012956810183823109
YHR112C,YOR255W,0,,0.0,0.0,0.01306755281984806
YML093W,YDR156W,0,,0.0,0.0,0.013178294524550438
YBL002W,YJL115W,0,,0.0,0.0,0.013289036229252815
YOL049W,YMR162C,0,,0.0,0.0,0.013399778865277767
YPR201W,YIL065C,0,,0.0,0.0,0.013510520569980145
YDR519W,YOR196C,0,,0.0,0.0,0.013621262274682522
YJR014W,YML072C,0,,0.0,0.0,0.0137320039793849
YNL312W,YJL118W,0,,0.0,0.0,0.013842746615409851
YLR081W,YJL160C,0,,0.0,0.0,0.013953488320112228
YKL127W,YMR121C,0,,0.0,0.0,0.014064230024814606
YNL071W,YKL160W,0,,0.0,0.0,0.014174972660839558
YDR524C-B,YNL254C,0,,0.0,0.0,0.014285714365541935
YBL067C,YGL008C,0,,0.0,0.0,0.014396456070244312
YJL047C,YJR017C,0,,0.0,0.0,0.01450719777494669
YHR187W,YMR170C,0,,0.0,0.0,0.014617940410971642
YPL118W,YBR135W,0,,0.0,0.0,0.014728682115674019
YIR010W,YOR343C-B,0,,0.0,0.0,0.014839423820376396
YIL127C,YJR091C,0,,0.0,0.0,0.014950166456401348
YKL025C,YNL093W,0,,0.0,0.0,0.015060908161103725
YER019W,YDL004W,0,,0.0,0.0,0.015171649865806103
YPL009C,YMR024W,0,,0.0,0.0,0.01528239157050848
YPR020W,YPL057C,0,,0.0,0.0,0.015393134206533432
YMR119W,YPL003W,0,,0.0,0.0,0.01550387591123581
YHR039C,YER122C,0,,0.0,0.0,0.015614617615938187
YMR058W,YGL029W,0,,0.0,0.0,0.015725359320640564
YML062C,YDR210W-A,0,,0.0,0.0,0.01583610102534294
YKL092C,YBL019W,0,,0.0,0.0,0.015946844592690468
YLR022C,YER074W-A,0,,0.0,0.0,0.016057586297392845
YMR170C,YPR124W,0,,0.0,0.0,0.016168328002095222
YMR293C,YER094C,0,,0.0,0.0,0.0162790697067976
YOL041C,YJR002W,0,,0.0,0.0,0.016389811411499977
YIL162W,YML022W,0,,0.0,0.0,0.016500553116202354
YNL075W,YAR071W,0,,0.0,0.0,0.016611294820904732
YHR063C,YNL002C,0,,0.0,0.0,0.01672203838825226
YML029W,YDR354W,0,,0.0,0.0,0.016832780092954636
YCL010C,YGR284C,0,,0.0,0.0,0.016943521797657013
YGL254W,YJL115W,0,,0.0,0.0,0.01705426350235939
YLR166C,YMR244C-A,0,,0.0,0.0,0.017165005207061768
YJR086W,YNR039C,0,,0.0,0.0,0.017275746911764145
YLR297W,YJR105W,0,,0.0,0.0,0.017386488616466522
YHR134W,YLL028W,0,,0.0,0.0,0.01749723218381405
YJL050W,YCR089W,0,,0.0,0.0,0.017607973888516426
YBL102W,YOR171C,0,,0.0,0.0,0.017718715593218803
YDL025C,YBL002W,0,,0.0,0.0,0.01782945729792118
YIL110W,YOR030W,0,,0.0,0.0,0.017940199002623558
YNL071W,YGR038W,0,,0.0,0.0,0.018050940707325935
YML130C,YPL192C,0,,0.0,0.0,0.018161682412028313
YLR242C,YJL160C,0,,0.0,0.0,0.01827242597937584
YNL030W,YPL266W,0,,0.0,0.0,0.018383167684078217
YFL031W,YML022W,0,,0.0,0.0,0.018493909388780594
YER183C,YLR449W,0,,0.0,0.0,0.01860465109348297
YOR255W,YLR319C,0,,0.0,0.0,0.01871539279818535
YJL177W,YCR024C-A,0,,0.0,0.0,0.018826134502887726
YHR141C,YMR216C,0,,0.0,0.0,0.018936876207590103
YBR298C,YHR003C,0,,0.0,0.0,0.01904761977493763
YNR073C,YLR157C-A,0,,0.0,0.0,0.019158361479640007
YGR284C,YLR399C,0,,0.0,0.0,0.019269103184342384
YKL071W,YIL082W-A,0,,0.0,0.0,0.01937984488904476
YNL257C,YJL160C,0,,0.0,0.0,0.01949058659374714
YIL099W,YIL017C,0,,0.0,0.0,0.019601328298449516
YAL032C,YPL072W,0,,0.0,0.0,0.019712070003151894
YPL032C,YLR308W,0,,0.0,0.0,0.01982281357049942
YDR210W-D,YNL125C,0,,0.0,0.0,0.019933555275201797
YDR506C,YPR181C,0,,0.0,0.0,0.020044296979904175
YCR070W,YDR258C,0,,0.0,0.0,0.020155038684606552
YGR215W,YEL071W,0,,0.0,0.0,0.02026578038930893
YLR410W,YPL023C,0,,0.0,0.0,0.020376522094011307
YNL222W,YBR044C,0,,0.0,0.0,0.020487263798713684
YDL010W,YBR106W,0,,0.0,0.0,0.02059800736606121
YOR022C,YOR073W,0,,0.0,0.0,0.020708749070763588
YBR288C,YNL030W,0,,0.0,0.0,0.020819490775465965
YDR043C,YNL083W,0,,0.0,0.0,0.020930232480168343
YPR082C,YJR014W,0,,0.0,0.0,0.02104097418487072
YGR257C,YGL100W,0,,0.0,0.0,0.021151715889573097
YNR069C,YCL027C-A,0,,0.0,0.0,0.021262457594275475
YOL001W,YML001W,0,,0.0,0.0,0.021373201161623
YML131W,YHR107C,0,,0.0,0.0,0.02148394286632538
YGR068C,YPL236C,0,,0.0,0.0,0.021594684571027756
YPR103W,YKL221W,0,,0.0,0.0,0.021705426275730133
YLR372W,YGR098C,0,,0.0,0.0,0.02181616798043251
YIL085C,YOR375C,0,,0.0,0.0,0.021926909685134888
YPL132W,YKL216W,0,,0.0,0.0,0.022037651389837265
YMR068W,YDR198C,0,,0.0,0.0,0.02214839495718479
YLR272C,YOR214C,0,,0.0,0.0,0.02225913666188717
YGR041W,YBL100W-A,0,,0.0,0.0,0.022369878366589546
YDL049C,YML121W,0,,0.0,0.0,0.022480620071291924
YOR125C,YLR035C,0,,0.0,0.0,0.0225913617759943
YFL018C,YPR004C,0,,0.0,0.0,0.022702103480696678
YEL020C,YFR044C,0,,0.0,0.0,0.022812845185399055
YPR094W,YAL061W,0,,0.0,0.0,0.022923588752746582
YMR202W,YPR058W,0,,0.0,0.0,0.02303433045744896
YOR197W,YOL058W,0,,0.0,0.0,0.023145072162151337
YLR369W,YDR538W,0,,0.0,0.0,0.023255813866853714
YJL139C,YBR039W,0,,0.0,0.0,0.02336655557155609
YDR348C,YGL254W,0,,0.0,0.0,0.02347729727625847
YIR007W,YOR368W,0,,0.0,0.0,0.023588038980960846
YJL116C,YNL002C,0,,0.0,0.0,0.023698782548308372
YGL250W,YNL229C,0,,0.0,0.0,0.02380952425301075
YGL125W,YHR062C,0,,0.0,0.0,0.023920265957713127
YFL009W,YGR183C,0,,0.0,0.0,0.024031007662415504
YPL236C,YOR295W,0,,0.0,0.0,0.024141749367117882
YDL212W,YFL031W,0,,0.0,0.0,0.02425249107182026
YDR394W,YPL158C,0,,0.0,0.0,0.024363232776522636
YJL151C,YHR123W,0,,0.0,0.0,0.024473976343870163
YNL053W,YJL207C,0,,0.0,0.0,0.02458471804857254
YLR034C,YOR144C,0,,0.0,0.0,0.024695459753274918
YMR011W,YKL152C,0,,0.0,0.0,0.024806201457977295
YDL005C,YIL099W,0,,0.0,0.0,0.024916943162679672
YLR240W,YMR044W,0,,0.0,0.0,0.02502768486738205
YML114C,YIR035C,0,,0.0,0.0,0.025138426572084427
YLR421C,YIR008C,0,,0.0,0.0,0.025249170139431953
YOR328W,YKL018W,0,,0.0,0.0,0.02535991184413433
YDR016C,YFR051C,0,,0.0,0.0,0.025470653548836708
YEL063C,YFL031W,0,,0.0,0.0,0.025581395253539085
YOR178C,YOR375C,0,,0.0,0.0,0.025692136958241463
YNL090W,YMR047C,0,,0.0,0.0,0.02580287866294384
YGL130W,YMR278W,0,,0.0,0.0,0.025913620367646217
YJR086W,YJR019C,0,,0.0,0.0,0.026024363934993744
YDL168W,YNL035C,0,,0.0,0.0,0.02613510563969612
YEL063C,YNL323W,0,,0.0,0.0,0.0262458473443985
YMR216C,YEL003W,0,,0.0,0.0,0.026356589049100876
YJL042W,YNL106C,0,,0.0,0.0,0.026467330753803253
YLR398C,YBL100W-A,0,,0.0,0.0,0.02657807245850563
YHR072W,YBL005W-A,0,,0.0,0.0,0.026688814163208008
YNL300W,YDR119W,0,,0.0,0.0,0.026799557730555534
YML110C,YPL266W,0,,0.0,0.0,0.02691029943525791
YGR059W,YOR073W,0,,0.0,0.0,0.02702104113996029
YLR066W,YOR197W,0,,0.0,0.0,0.027131782844662666
YNL299W,YGL145W,0,,0.0,0.0,0.027242524549365044
YDR171W,YDL014W,0,,0.0,0.0,0.02735326625406742
YIL085C,YJL159W,0,,0.0,0.0,0.0274640079587698
YMR104C,YEL009C,0,,0.0,0.0,0.027574751526117325
YDR194C,YLR393W,0,,0.0,0.0,0.027685493230819702
YBL016W,YBR057C,0,,0.0,0.0,0.02779623493552208
YPR151C,YHR084W,0,,0.0,0.0,0.027906976640224457
YNR056C,YER166W,0,,0.0,0.0,0.028017718344926834
YOR056C,YJL122W,0,,0.0,0.0,0.02812846004962921
YNL257C,YLR155C,0,,0.0,0.0,0.02823920175433159
YOR022C,YFL002C,0,,0.0,0.0,0.028349945321679115
YKL148C,YPL270W,0,,0.0,0.0,0.028460687026381493
YNL035C,YIL110W,0,,0.0,0.0,0.02857142873108387
YHR183W,YOR188W,0,,0.0,0.0,0.028682170435786247
YHR062C,YJL122W,0,,0.0,0.0,0.028792912140488625
YPR151C,YLR069C,0,,0.0,0.0,0.028903653845191002
YBR217W,YJR088C,0,,0.0,0.0,0.02901439554989338
YLL036C,YER166W,0,,0.0,0.0,0.029125139117240906
YLR166C,YBR253W,0,,0.0,0.0,0.029235880821943283
YML114C,YKR060W,0,,0.0,0.0,0.02934662252664566
YGL145W,YPL003W,0,,0.0,0.0,0.029457364231348038
YBR302C,YDR206W,0,,0.0,0.0,0.029568105936050415
YHR216W,YBR073W,0,,0.0,0.0,0.029678847640752792
YML038C,YER075C,0,,0.0,0.0,0.02978958934545517
YPL237W,YPR009W,0,,0.0,0.0,0.029900332912802696
YBR302C,YPL192C,0,,0.0,0.0,0.030011074617505074
YDR113C,YHR045W,0,,0.0,0.0,0.03012181632220745
YDR519W,YKL137W,0,,0.0,0.0,0.030232558026909828
YHR216W,YJR095W,0,,0.0,0.0,0.030343299731612206
YLR205C,YBR204C,0,,0.0,0.0,0.030454041436314583
YPL268W,YAR003W,0,,0.0,0.0,0.03056478314101696
YLR205C,YGR183C,0,,0.0,0.0,0.030675526708364487
YIL082W-A,YBR288C,0,,0.0,0.0,0.030786268413066864
YMR014W,YGL210W-A,0,,0.0,0.0,0.03089701011776924
YDL181W,YCL045C,0,,0.0,0.0,0.03100775182247162
YJL074C,YKL012W,0,,0.0,0.0,0.031118493527173996
YIR028W,YBR056W,0,,0.0,0.0,0.031229235231876373
YNR054C,YDR450W,0,,0.0,0.0,0.03133997693657875
YPL152W,YNL113W,0,,0.0,0.0,0.03145071864128113
YJR137C,YJR161C,0,,0.0,0.0,0.031561460345983505
YLL039C,YGR038C-B,0,,0.0,0.0,0.03167220205068588
YCR024C-A,YML111W,0,,0.0,0.0,0.03178294748067856
YLR157C-A,YBR084C-A,0,,0.0,0.0,0.031893689185380936
YHR188C,YIL067C,0,,0.0,0.0,0.03200443089008331
YBR133C,YDR266C,0,,0.0,0.0,0.03211517259478569
YNL124W,YNL134C,0,,0.0,0.0,0.03222591429948807
YMR278W,YNL009W,0,,0.0,0.0,0.032336656004190445
YNL265C,YKL012W,0,,0.0,0.0,0.03244739770889282
YER035W,YOR231W,0,,0.0,0.0,0.0325581394135952
YDR171W,YIL065C,0,,0.0,0.0,0.03266888111829758
YLR205C,YER065C,0,,0.0,0.0,0.032779622822999954
YOR017W,YHR188C,0,,0.0,0.0,0.03289036452770233
YOL128C,YGR215W,0,,0.0,0.0,0.03300110623240471
YKL025C,YLR310C,0,,0.0,0.0,0.033111847937107086
YHR187W,YNL323W,0,,0.0,0.0,0.033222589641809464
YBR229C,YNL254C,0,,0.0,0.0,0.03333333507180214
YOR229W,YBR004C,0,,0.0,0.0,0.03344407677650452
YPL055C,YHR084W,0,,0.0,0.0,0.033554818481206894
YJR014W,YPL162C,0,,0.0,0.0,0.03366556018590927
YNR046W,YDR037W,0,,0.0,0.0,0.03377630189061165
YDR097C,YHR121W,0,,0.0,0.0,0.033887043595314026
YDR348C,YNL321W,0,,0.0,0.0,0.0339977853000164
YFL062W,YDR153C,0,,0.0,0.0,0.03410852700471878
YDR210W-D,YHR102W,0,,0.0,0.0,0.03421926870942116
YOR256C,YIL129C,0,,0.0,0.0,0.034330010414123535
YBR126C,YIL122W,0,,0.0,0.0,0.03444075211882591
YIL099W,YML007W,0,,0.0,0.0,0.03455149382352829
YBL084C,YFL003C,0,,0.0,0.0,0.03466223552823067
YPL055C,YJL036W,0,,0.0,0.0,0.034772977232933044
YMR116C,YIR028W,0,,0.0,0.0,0.03488372266292572
YLR233C,YHR196W,0,,0.0,0.0,0.0349944643676281
YNL245C,YPL128C,0,,0.0,0.0,0.035105206072330475
YCR027C,YGL257C,0,,0.0,0.0,0.03521594777703285
YGR125W,YLR274W,0,,0.0,0.0,0.03532668948173523
YBR201W,YCR003W,0,,0.0,0.0,0.03543743118643761
YHR104W,YJL111W,0,,0.0,0.0,0.035548172891139984
YHR196W,YGR091W,0,,0.0,0.0,0.03565891459584236
YER157W,YKR065C,0,,0.0,0.0,0.03576965630054474
YOL077W-A,YPL079W,0,,0.0,0.0,0.035880398005247116
YOR149C,YDL239C,0,,0.0,0.0,0.03599113970994949
YML062C,YER001W,0,,0.0,0.0,0.03610188141465187
YHL001W,YCR083W,0,,0.0,0.0,0.03621262311935425
YDR034C-D,YPR103W,0,,0.0,0.0,0.036323364824056625
YOR339C,YAL009W,0,,0.0,0.0,0.0364341102540493
YIL040W,YPL108W,0,,0.0,0.0,0.03654485195875168
YPL170W,YER169W,0,,0.0,0.0,0.036655593663454056
YDL239C,YIR008C,0,,0.0,0.0,0.03676633536815643
YHR121W,YMR305C,0,,0.0,0.0,0.03687707707285881
YOR094W,YOR303W,0,,0.0,0.0,0.03698781877756119
YBL042C,YPR103W,0,,0.0,0.0,0.037098560482263565
YOR094W,YBR083W,0,,0.0,0.0,0.03720930218696594
YIL041W,YLR308W,0,,0.0,0.0,0.03732004389166832
YDR314C,YKL222C,0,,0.0,0.0,0.0374307855963707
YLR225C,YPL283C,0,,0.0,0.0,0.037541527301073074
YOR361C,YDR484W,0,,0.0,0.0,0.03765226900577545
YCR020W-B,YFL003C,0,,0.0,0.0,0.03776301071047783
YBR171W,YFR055W,0,,0.0,0.0,0.037873752415180206
YPR181C,YOR360C,0,,0.0,0.0,0.03798449784517288
YHR019C,YJR161C,0,,0.0,0.0,0.03809523954987526
YLR423C,YER169W,0,,0.0,0.0,0.03820598125457764
YKL035W,YDR043C,0,,0.0,0.0,0.038316722959280014
YLR262C,YOL130W,0,,0.0,0.0,0.03842746466398239
YDL181W,YPR065W,0,,0.0,0.0,0.03853820636868477
YGR049W,YGL257C,0,,0.0,0.0,0.038648948073387146
YFL009W,YEL026W,0,,0.0,0.0,0.03875968977808952
YDR104C,YER058W,0,,0.0,0.0,0.0388704314827919
YPL016W,YNL220W,0,,0.0,0.0,0.03898117318749428
YNL082W,YBR139W,0,,0.0,0.0,0.039091914892196655
YLR225C,YGL038C,0,,0.0,0.0,0.03920265659689903
YKL208W,YOR360C,0,,0.0,0.0,0.03931339830160141
YLR089C,YPL079W,0,,0.0,0.0,0.03942414000630379
YBL045C,YLR216C,0,,0.0,0.0,0.03953488543629646
YDL005C,YMR283C,0,,0.0,0.0,0.03964562714099884
YPR183W,YMR014W,0,,0.0,0.0,0.03975636884570122
YLR070C,YMR044W,0,,0.0,0.0,0.039867110550403595
YOL017W,YKL120W,0,,0.0,0.0,0.03997785225510597
YFR009W,YDL213C,0,,0.0,0.0,0.04008859395980835
YOL148C,YGL179C,0,,0.0,0.0,0.04019933566451073
YLR205C,YAL047C,0,,0.0,0.0,0.040310077369213104
YKL091C,YGR278W,0,,0.0,0.0,0.04042081907391548
YNR032W,YKR025W,0,,0.0,0.0,0.04053156077861786
YDR141C,YDL092W,0,,0.0,0.0,0.040642302483320236
YGR038C-A,YER016W,0,,0.0,0.0,0.040753044188022614
YLR144C,YCR024C-A,0,,0.0,0.0,0.04086378589272499
YGR157W,YNL275W,0,,0.0,0.0,0.04097452759742737
YNL088W,YDL092W,0,,0.0,0.0,0.041085273027420044
YLR406C,YDR147W,0,,0.0,0.0,0.04119601473212242
YOR128C,YGR109C,0,,0.0,0.0,0.0413067564368248
YDR506C,YIL158W,0,,0.0,0.0,0.041417498141527176
YKL008C,YBR018C,0,,0.0,0.0,0.04152823984622955
YHR063C,YMR236W,0,,0.0,0.0,0.04163898155093193
YDL188C,YDR293C,0,,0.0,0.0,0.04174972325563431
YCL033C,YBR057C,0,,0.0,0.0,0.041860464960336685
YKL120W,YLR319C,0,,0.0,0.0,0.04197120666503906
YHL007C,YCR020W-B,0,,0.0,0.0,0.04208194836974144
YGL255W,YER035W,0,,0.0,0.0,0.04219269007444382
YDR394W,YOR360C,0,,0.0,0.0,0.042303431779146194
YLR262C,YGR163W,0,,0.0,0.0,0.04241417348384857
YKL025C,YIL044C,0,,0.0,0.0,0.04252491518855095
YBR084C-A,YPL084W,0,,0.0,0.0,0.042635660618543625
YLR174W,YJR093C,0,,0.0,0.0,0.042746402323246
YJL063C,YOL113W,0,,0.0,0.0,0.04285714402794838
YLR132C,YER118C,0,,0.0,0.0,0.04296788573265076
YNL024C-A,YBR186W,0,,0.0,0.0,0.043078627437353134
YHR107C,YLR398C,0,,0.0,0.0,0.04318936914205551
YPL237W,YCR079W,0,,0.0,0.0,0.04330011084675789
YNL005C,YPL015C,0,,0.0,0.0,0.043410852551460266
YJL051W,YNL169C,0,,0.0,0.0,0.04352159425616264
YDR294C,YFL016C,0,,0.0,0.0,0.04363233596086502
YIL162W,YBR221C,0,,0.0,0.0,0.0437430776655674
YKR013W,YJL177W,0,,0.0,0.0,0.043853819370269775
YPR018W,YOL001W,0,,0.0,0.0,0.04396456107497215
YLR205C,YOR100C,0,,0.0,0.0,0.04407530277967453
YBR133C,YKL176C,0,,0.0,0.0,0.044186048209667206
YOL119C,YEL042W,0,,0.0,0.0,0.04429678991436958
YJR077C,YGR206W,0,,0.0,0.0,0.04440753161907196
YJL160C,YLR355C,0,,0.0,0.0,0.04451827332377434
YDR058C,YPR022C,0,,0.0,0.0,0.044629015028476715
YGR087C,YBR152W,0,,0.0,0.0,0.04473975673317909
YIL023C,YNL099C,0,,0.0,0.0,0.04485049843788147
YBR057C,YLR256W,0,,0.0,0.0,0.04496124014258385
YDR210W-D,YMR014W,0,,0.0,0.0,0.045071981847286224
YJL010C,YML008C,0,,0.0,0.0,0.0451827235519886
YGL166W,YBR204C,0,,0.0,0.0,0.04529346525669098
YPR004C,YDR037W,0,,0.0,0.0,0.045404206961393356
YIR028W,YNL003C,0,,0.0,0.0,0.045514948666095734
YPL227C,YOR329C,0,,0.0,0.0,0.04562569037079811
YHL022C,YER065C,0,,0.0,0.0,0.04573643580079079
YBR239C,YNL014W,0,,0.0,0.0,0.045847177505493164
YPR058W,YBR179C,0,,0.0,0.0,0.04595791921019554
YDL132W,YJL115W,0,,0.0,0.0,0.04606866091489792
YLR166C,YBR216C,0,,0.0,0.0,0.046179402619600296
YBR216C,YBL066C,0,,0.0,0.0,0.04629014432430267
YLR132C,YPR183W,0,,0.0,0.0,0.04640088602900505
YLR423C,YLR070C,0,,0.0,0.0,0.04651162773370743
YOL146W,YOR202W,0,,0.0,0.0,0.046622369438409805
YNL072W,YGL131C,0,,0.0,0.0,0.04673311114311218
YIL085C,YGR166W,0,,0.0,0.0,0.04684385284781456
YER157W,YIL157C,0,,0.0,0.0,0.04695459455251694
YPL190C,YJL160C,0,,0.0,0.0,0.047065336257219315
YPR022C,YIR008C,0,,0.0,0.0,0.04717607796192169
YLR144C,YBR077C,0,,0.0,0.0,0.04728682339191437
YLR057W,YPL030W,0,,0.0,0.0,0.047397565096616745
YOL039W,YIL010W,0,,0.0,0.0,0.04750830680131912
YJL091C,YMR113W,0,,0.0,0.0,0.0476190485060215
YIL105C,YOL021C,0,,0.0,0.0,0.04772979021072388
YDR348C,YHR034C,0,,0.0,0.0,0.047840531915426254
YHR104W,YFR028C,0,,0.0,0.0,0.04795127362012863
YDR261C-C,YGR284C,0,,0.0,0.0,0.04806201532483101
YFL052W,YMR251W-A,0,,0.0,0.0,0.048172757029533386
YGR074W,YPR009W,0,,0.0,0.0,0.048283498734235764
YHL013C,YAL055W,0,,0.0,0.0,0.04839424043893814
YPL009C,YML064C,0,,0.0,0.0,0.04850498214364052
YOL013C,YPR140W,0,,0.0,0.0,0.048615723848342896
YOR094W,YMR305C,0,,0.0,0.0,0.04872646555304527
YNR056C,YLR393W,0,,0.0,0.0,0.04883721098303795
YLR310C,YHR098C,0,,0.0,0.0,0.048947952687740326
YKR045C,YOR007C,0,,0.0,0.0,0.0490586943924427
YJL209W,YGL086W,0,,0.0,0.0,0.04916943609714508
YLR035C,YBL071W-A,0,,0.0,0.0,0.04928017780184746
YLR393W,YPL057C,0,,0.0,0.0,0.049390919506549835
YNL035C,YPL008W,0,,0.0,0.0,0.04950166121125221
YNL209W,YER157W,0,,0.0,0.0,0.04961240291595459
YLR128W,YCR083W,0,,0.0,0.0,0.04972314462065697
YDR184C,YOL060C,0,,0.0,0.0,0.049833886325359344
YPL016W,YDR225W,0,,0.0,0.0,0.04994462803006172
YLR119W,YML121W,0,,0.0,0.0,0.0500553697347641
YBR073W,YBL045C,0,,0.0,0.0,0.050166111439466476
YOR344C,YDR208W,0,,0.0,0.0,0.050276853144168854
YDR202C,YPL005W,0,,0.0,0.0,0.05038759857416153
YNL321W,YKL211C,0,,0.0,0.0,0.05049834027886391
YGR198W,YGR206W,0,,0.0,0.0,0.050609081983566284
YGL047W,YOR133W,0,,0.0,0.0,0.05071982368826866
YMR021C,YBL005W-A,0,,0.0,0.0,0.05083056539297104
YJL042W,YOR030W,0,,0.0,0.0,0.050941307097673416
YIL023C,YNL021W,0,,0.0,0.0,0.05105204880237579
YJL151C,YKL211C,0,,0.0,0.0,0.05116279050707817
YPR009W,YML111W,0,,0.0,0.0,0.05127353221178055
YNL323W,YCR071C,0,,0.0,0.0,0.051384273916482925
YGR163W,YNR075W,0,,0.0,0.0,0.0514950156211853
YHR063C,YOR231W,0,,0.0,0.0,0.05160575732588768
YPR018W,YLR340W,0,,0.0,0.0,0.05171649903059006
YGR033C,YJL036W,0,,0.0,0.0,0.051827240735292435
YMR268C,YMR067C,0,,0.0,0.0,0.05193798616528511
YPL246C,YGR028W,0,,0.0,0.0,0.05204872786998749
YHR084W,YNL270C,0,,0.0,0.0,0.052159469574689865
YGR074W,YOL113W,0,,0.0,0.0,0.05227021127939224
YML062C,YDL156W,0,,0.0,0.0,0.05238095298409462
YKL027W,YLR424W,0,,0.0,0.0,0.052491694688797
YJR056C,YNL299W,0,,0.0,0.0,0.052602436393499374
YKR065C,YNL270C,0,,0.0,0.0,0.05271317809820175
YDL042C,YML010W,0,,0.0,0.0,0.05282391980290413
YGR287C,YIL122W,0,,0.0,0.0,0.052934661507606506
YBL004W,YLR308W,0,,0.0,0.0,0.053045403212308884
YMR263W,YDR225W,0,,0.0,0.0,0.05315614491701126
YPL088W,YGL079W,0,,0.0,0.0,0.05326688662171364
YDR522C,YPL003W,0,,0.0,0.0,0.053377628326416016
YDR446W,YOL008W,0,,0.0,0.0,0.05348837375640869
YPL237W,YDR258C,0,,0.0,0.0,0.05359911546111107
YCL011C,YMR216C,0,,0.0,0.0,0.053709857165813446
YGR284C,YBL101C,0,,0.0,0.0,0.05382059887051582
YKR010C,YML131W,0,,0.0,0.0,0.0539313405752182
YJR047C,YER074W-A,0,,0.0,0.0,0.05404208227992058
YBL008W-A,YMR170C,0,,0.0,0.0,0.054152823984622955
YOR210W,YBL105C,0,,0.0,0.0,0.05426356568932533
YLR077W,YCR023C,0,,0.0,0.0,0.05437430739402771
YGL224C,YLR308W,0,,0.0,0.0,0.05448504909873009
YMR106C,YKR003W,0,,0.0,0.0,0.054595790803432465
YOR095C,YLR069C,0,,0.0,0.0,0.05470653250813484
YOL021C,YPR004C,0,,0.0,0.0,0.05481727421283722
YBL036C,YJR091C,0,,0.0,0.0,0.0549280159175396
YMR047C,YFR009W,0,,0.0,0.0,0.05503876134753227
YJL116C,YKR001C,0,,0.0,0.0,0.05514950305223465
YLR013W,YGR041W,0,,0.0,0.0,0.05526024475693703
YGL043W,YHL001W,0,,0.0,0.0,0.055370986461639404
YOR128C,YDR363W,0,,0.0,0.0,0.05548172816634178
YJR095W,YJL210W,0,,0.0,0.0,0.05559246987104416
YNL090W,YBL003C,0,,0.0,0.0,0.055703211575746536
YGR152C,YGR172C,0,,0.0,0.0,0.055813953280448914
YER035W,YOR022C,0,,0.0,0.0,0.05592469498515129
YNL099C,YPL228W,0,,0.0,0.0,0.05603543668985367
YGL043W,YBR288C,0,,0.0,0.0,0.056146178394556046
YBR280C,YBL004W,0,,0.0,0.0,0.05625692009925842
YNL315C,YGR033C,0,,0.0,0.0,0.0563676618039608
YLR398C,YJR088C,0,,0.0,0.0,0.05647840350866318
YDR191W,YPL029W,0,,0.0,0.0,0.05658914893865585
YOR095C,YIL082W-A,0,,0.0,0.0,0.05669989064335823
YMR323W,YGR132C,0,,0.0,0.0,0.05681063234806061
YIL010W,YNL099C,0,,0.0,0.0,0.056921374052762985
YEL034W,YNL245C,0,,0.0,0.0,0.05703211575746536
YJR090C,YNL241C,0,,0.0,0.0,0.05714285746216774
YER118C,YML025C,0,,0.0,0.0,0.05725359916687012
YIR034C,YDR097C,0,,0.0,0.0,0.057364340871572495
YIL117C,YPL236C,0,,0.0,0.0,0.05747508257627487
YBR083W,YLR319C,0,,0.0,0.0,0.05758582428097725
YNR012W,YLR133W,0,,0.0,0.0,0.057696565985679626
YML066C,YGR183C,0,,0.0,0.0,0.057807307690382004
YDR202C,YNR049C,0,,0.0,0.0,0.05791804939508438
YML066C,YEL055C,0,,0.0,0.0,0.05802879109978676
YKR080W,YIL158W,0,,0.0,0.0,0.058139536529779434
YLR148W,YDR354W,0,,0.0,0.0,0.05825027823448181
YLR155C,YBL071W-A,0,,0.0,0.0,0.05836101993918419
YGL134W,YFR044C,0,,0.0,0.0,0.058471761643886566
YDL239C,YIL168W,0,,0.0,0.0,0.058582503348588943
YKL163W,YGR277C,0,,0.0,0.0,0.05869324505329132
YGR096W,YER157W,0,,0.0,0.0,0.0588039867579937
YNR056C,YNL245C,0,,0.0,0.0,0.058914728462696075
YPL108W,YMR271C,0,,0.0,0.0,0.05902547016739845
YBL102W,YFR044C,0,,0.0,0.0,0.05913621187210083
YGR152C,YOR083W,0,,0.0,0.0,0.05924695357680321
YNL002C,YER069W,0,,0.0,0.0,0.059357695281505585
YOR328W,YGL131C,0,,0.0,0.0,0.05946843698620796
YBR265W,YPL015C,0,,0.0,0.0,0.05957917869091034
YGR059W,YDR043C,0,,0.0,0.0,0.059689924120903015
YDR349C,YDL165W,0,,0.0,0.0,0.05980066582560539
YML131W,YCR088W,0,,0.0,0.0,0.05991140753030777
YDL168W,YER011W,0,,0.0,0.0,0.06002214923501015
YPR061C,YJL203W,0,,0.0,0.0,0.060132890939712524
YML008C,YPR185W,0,,0.0,0.0,0.0602436326444149
YOL088C,YDR225W,0,,0.0,0.0,0.06035437434911728
YHR083W,YDL165W,0,,0.0,0.0,0.060465116053819656
YLR069C,YBR014C,0,,0.0,0.0,0.060575857758522034
YKR081C,YHR141C,0,,0.0,0.0,0.06068659946322441
YIL041W,YDL122W,0,,0.0,0.0,0.06079734116792679
YKL101W,YLR319C,0,,0.0,0.0,0.060908082872629166
YBR106W,YMR083W,0,,0.0,0.0,0.06101882457733154
YML064C,YIL103W,0,,0.0,0.0,0.06112956628203392
YDR349C,YNL312W,0,,0.0,0.0,0.061240311712026596
YMR266W,YNL220W,0,,0.0,0.0,0.06135105341672897
YNL134C,YGR172C,0,,0.0,0.0,0.06146179512143135
YLR262C,YHR123W,0,,0.0,0.0,0.06157253682613373
YPL266W,YNR046W,0,,0.0,0.0,0.061683278530836105
YKL046C,YIL063C,0,,0.0,0.0,0.06179402023553848
YGR161C-C,YDR162C,0,,0.0,0.0,0.06190476194024086
YFL062W,YGR289C,0,,0.0,0.0,0.06201550364494324
YDL212W,YOL068C,0,,0.0,0.0,0.062126245349645615
YKL137W,YBL019W,0,,0.0,0.0,0.06223698705434799
YOR284W,YFL003C,0,,0.0,0.0,0.06234772875905037
YFL055W,YAL061W,0,,0.0,0.0,0.06245847046375275
YPL217C,YPR164W,0,,0.0,0.0,0.06256921589374542
YHL001W,YDR324C,0,,0.0,0.0,0.0626799538731575
YFR028C,YPL081W,0,,0.0,0.0,0.06279069930315018
YOL017W,YBL009W,0,,0.0,0.0,0.06290143728256226
YJL091C,YKR018C,0,,0.0,0.0,0.06301218271255493
YCL038C,YOR017W,0,,0.0,0.0,0.06312292069196701
YJL184W,YNL336W,0,,0.0,0.0,0.06323366612195969
YIL157C,YDR382W,0,,0.0,0.0,0.06334440410137177
YGL224C,YGR033C,0,,0.0,0.0,0.06345514953136444
YBR103W,YFL003C,0,,0.0,0.0,0.06356589496135712
YOR210W,YGL150C,0,,0.0,0.0,0.0636766329407692
YMR119W,YOR094W,0,,0.0,0.0,0.06378737837076187
YLR157C-A,YHR124W,0,,0.0,0.0,0.06389811635017395
YDR163W,YJR125C,0,,0.0,0.0,0.06400886178016663
YIL091C,YEL047C,0,,0.0,0.0,0.0641195997595787
YCR017C,YGL086W,0,,0.0,0.0,0.06423034518957138
YKR010C,YOR360C,0,,0.0,0.0,0.06434108316898346
YGR192C,YLR308W,0,,0.0,0.0,0.06445182859897614
YJL018W,YOR367W,0,,0.0,0.0,0.06456256657838821
YHL001W,YDR522C,0,,0.0,0.0,0.06467331200838089
YGR092W,YIL017C,0,,0.0,0.0,0.06478404998779297
YER026C,YJR014W,0,,0.0,0.0,0.06489479541778564
YLR405W,YKL221W,0,,0.0,0.0,0.06500553339719772
YOR171C,YNL265C,0,,0.0,0.0,0.0651162788271904
YHR039C,YFL002C,0,,0.0,0.0,0.06522702425718307
YMR164C,YMR305C,0,,0.0,0.0,0.06533776223659515
YLR340W,YBR106W,0,,0.0,0.0,0.06544850766658783
YCR024C-A,YBL027W,0,,0.0,0.0,0.06555924564599991
YHR065C,YJR161C,0,,0.0,0.0,0.06566999107599258
YOR371C,YOR130C,0,,0.0,0.0,0.06578072905540466
YPR058W,YJR144W,0,,0.0,0.0,0.06589147448539734
YDR163W,YFL002C,0,,0.0,0.0,0.06600221246480942
YJR086W,YOR210W,0,,0.0,0.0,0.0661129578948021
YJR064W,YML010W,0,,0.0,0.0,0.06622369587421417
YDL193W,YGL184C,0,,0.0,0.0,0.06633444130420685
YGL013C,YPR025C,0,,0.0,0.0,0.06644517928361893
YKL120W,YBR201W,0,,0.0,0.0,0.0665559247136116
YNL264C,YDR155C,0,,0.0,0.0,0.06666667014360428
YBR302C,YKR042W,0,,0.0,0.0,0.06677740812301636
YGR203W,YNL225C,0,,0.0,0.0,0.06688815355300903
YOR354C,YDR225W,0,,0.0,0.0,0.06699889153242111
YLR424W,YPL008W,0,,0.0,0.0,0.06710963696241379
YDL150W,YBR135W,0,,0.0,0.0,0.06722037494182587
YKR029C,YBR014C,0,,0.0,0.0,0.06733112037181854
YGL255W,YGR166W,0,,0.0,0.0,0.06744185835123062
YHR072W-A,YBR106W,0,,0.0,0.0,0.0675526037812233
YGR157W,YPL228W,0,,0.0,0.0,0.06766334176063538
YBR171W,YJL036W,0,,0.0,0.0,0.06777408719062805
YER016W,YDR143C,0,,0.0,0.0,0.06788482517004013
YDL212W,YER119C,0,,0.0,0.0,0.0679955706000328
YMR263W,YMR288W,0,,0.0,0.0,0.06810630857944489
YCR097W,YEL009C,0,,0.0,0.0,0.06821705400943756
YDR261C-C,YPL228W,0,,0.0,0.0,0.06832779943943024
YJR047C,YGL065C,0,,0.0,0.0,0.06843853741884232
YLR388W,YGL210W-A,0,,0.0,0.0,0.06854928284883499
YKR067W,YAL014C,0,,0.0,0.0,0.06866002082824707
YGR038W,YPL118W,0,,0.0,0.0,0.06877076625823975
YMR309C,YML111W,0,,0.0,0.0,0.06888150423765182
YCL030C,YDR363W,0,,0.0,0.0,0.0689922496676445
YBR133C,YIR010W,0,,0.0,0.0,0.06910298764705658
YJL028W,YML019W,0,,0.0,0.0,0.06921373307704926
YKL137W,YBR154C,0,,0.0,0.0,0.06932447105646133
YIL157C,YGR256W,0,,0.0,0.0,0.06943521648645401
YDR314C,YJR064W,0,,0.0,0.0,0.06954595446586609
YIL091C,YPR094W,0,,0.0,0.0,0.06965669989585876
YJL210W,YGL187C,0,,0.0,0.0,0.06976744532585144
YNL177C,YNL336W,0,,0.0,0.0,0.06987818330526352
YER001W,YOR122C,0,,0.0,0.0,0.0699889287352562
YBR126C,YPL270W,0,,0.0,0.0,0.07009966671466827
YAR014C,YDR237W,0,,0.0,0.0,0.07021041214466095
YOR095C,YDR202C,0,,0.0,0.0,0.07032115012407303
YER039C,YPR066W,0,,0.0,0.0,0.0704318955540657
YDL052C,YLR027C,0,,0.0,0.0,0.07054263353347778
YPR094W,YBR106W,0,,0.0,0.0,0.07065337896347046
YLR298C,YLR229C,0,,0.0,0.0,0.07076411694288254
YDR237W,YOR122C,0,,0.0,0.0,0.07087486237287521
YJL099W,YGL166W,0,,0.0,0.0,0.07098560035228729
YML110C,YML033W,0,,0.0,0.0,0.07109634578227997
YKR029C,YIR010W,0,,0.0,0.0,0.07120708376169205
YKR060W,YBR014C,0,,0.0,0.0,0.07131782919168472
YBR217W,YCL030C,0,,0.0,0.0,0.0714285746216774
YER078C,YGR198W,0,,0.0,0.0,0.07153931260108948
YLR070C,YOR295W,0,,0.0,0.0,0.07165005803108215
YKR092C,YGL029W,0,,0.0,0.0,0.07176079601049423
YDR202C,YMR231W,0,,0.0,0.0,0.07187154144048691
YNL124W,YGR013W,0,,0.0,0.0,0.07198227941989899
YPR151C,YLR398C,0,,0.0,0.0,0.07209302484989166
YML126C,YHR050W,0,,0.0,0.0,0.07220376282930374
YHL002W,YHR128W,0,,0.0,0.0,0.07231450825929642
YGL023C,YOR295W,0,,0.0,0.0,0.0724252462387085
YFR028C,YEL055C,0,,0.0,0.0,0.07253599166870117
YER078C,YPL084W,0,,0.0,0.0,0.07264672964811325
YBR133C,YLL023C,0,,0.0,0.0,0.07275747507810593
YFL034C-A,YMR199W,0,,0.0,0.0,0.0728682205080986
YDR462W,YKL211C,0,,0.0,0.0,0.07297895848751068
YLR138W,YBR014C,0,,0.0,0.0,0.07308970391750336
YPL283C,YLR362W,0,,0.0,0.0,0.07320044189691544
YNL300W,YIL049W,0,,0.0,0.0,0.07331118732690811
YJR067C,YNL326C,0,,0.0,0.0,0.07342192530632019
YDR155C,YGR277C,0,,0.0,0.0,0.07353267073631287
YJR161C,YPL108W,0,,0.0,0.0,0.07364340871572495
YPL012W,YDR001C,0,,0.0,0.0,0.07375415414571762
YHR141C,YHL001W,0,,0.0,0.0,0.0738648921251297
YNL069C,YMR161W,0,,0.0,0.0,0.07397563755512238
YBR068C,YDL014W,0,,0.0,0.0,0.07408637553453445
YCL040W,YKL157W,0,,0.0,0.0,0.07419712096452713
YJL122W,YLR110C,0,,0.0,0.0,0.0743078663945198
YNR073C,YGR183C,0,,0.0,0.0,0.07441860437393188
YER042W,YDR352W,0,,0.0,0.0,0.07452934980392456
YOR371C,YOR028C,0,,0.0,0.0,0.07464008778333664
YGR275W,YEL042W,0,,0.0,0.0,0.07475083321332932
YEL071W,YLL010C,0,,0.0,0.0,0.0748615711927414
YOL119C,YDR477W,0,,0.0,0.0,0.07497231662273407
YPR104C,YHR104W,0,,0.0,0.0,0.07508305460214615
YGL043W,YPR103W,0,,0.0,0.0,0.07519380003213882
YML130C,YHR203C,0,,0.0,0.0,0.0753045380115509
YJL210W,YBR019C,0,,0.0,0.0,0.07541528344154358
YPR185W,YBL003C,0,,0.0,0.0,0.07552602142095566
YDR153C,YNR063W,0,,0.0,0.0,0.07563676685094833
YMR277W,YNL220W,0,,0.0,0.0,0.07574750483036041
YNL069C,YGR132C,0,,0.0,0.0,0.07585825026035309
YDL159W,YOR284W,0,,0.0,0.0,0.07596899569034576
YKL127W,YOR028C,0,,0.0,0.0,0.07607973366975784
YDR506C,YBR110W,0,,0.0,0.0,0.07619047909975052
YIR028W,YMR030W,0,,0.0,0.0,0.0763012170791626
YBR021W,YLR421C,0,,0.0,0.0,0.07641196250915527
YCR066W,YBR104W,0,,0.0,0.0,0.07652270048856735
YPL241C,YNL035C,0,,0.0,0.0,0.07663344591856003
YOL146W,YJL138C,0,,0.0,0.0,0.0767441838979721
YAL047C,YKL216W,0,,0.0,0.0,0.07685492932796478
YNL134C,YNL272C,0,,0.0,0.0,0.07696566730737686
YMR263W,YKL049C,0,,0.0,0.0,0.07707641273736954
YMR014W,YCR008W,0,,0.0,0.0,0.07718715071678162
YOL008W,YAL042W,0,,0.0,0.0,0.07729789614677429
YBR039W,YDL150W,0,,0.0,0.0,0.07740864157676697
YHR104W,YIL010W,0,,0.0,0.0,0.07751937955617905
YLL039C,YCR024C-A,0,,0.0,0.0,0.07763012498617172
YNL245C,YGL032C,0,,0.0,0.0,0.0777408629655838
YDR171W,YPR023C,0,,0.0,0.0,0.07785160839557648
YGL001C,YNR051C,0,,0.0,0.0,0.07796234637498856
YOR125C,YFL008W,0,,0.0,0.0,0.07807309180498123
YJL042W,YOL113W,0,,0.0,0.0,0.07818382978439331
YIL067C,YPL079W,0,,0.0,0.0,0.07829457521438599
YBR127C,YOR035C,0,,0.0,0.0,0.07840531319379807
YGL029W,YNL220W,0,,0.0,0.0,0.07851605862379074
YKR010C,YKL046C,0,,0.0,0.0,0.07862679660320282
YDL020C,YPR022C,0,,0.0,0.0,0.0787375420331955
YPR018W,YNL323W,0,,0.0,0.0,0.07884828001260757
YGL255W,YPL045W,0,,0.0,0.0,0.07895902544260025
YDR006C,YKL125W,0,,0.0,0.0,0.07906977087259293
YHR141C,YAR014C,0,,0.0,0.0,0.079180508852005
YDR311W,YDL014W,0,,0.0,0.0,0.07929125428199768
YDR522C,YLR341W,0,,0.0,0.0,0.07940199226140976
YDR480W,YMR251W-A,0,,0.0,0.0,0.07951273769140244
YJL018W,YGR289C,0,,0.0,0.0,0.07962347567081451
YHR018C,YGR098C,0,,0.0,0.0,0.07973422110080719
YBR228W,YGL201C,0,,0.0,0.0,0.07984495908021927
YBR258C,YJR144W,0,,0.0,0.0,0.07995570451021194
YKL188C,YNL148C,0,,0.0,0.0,0.08006644248962402
YGL125W,YHR050W,0,,0.0,0.0,0.0801771879196167
YHR112C,YPL242C,0,,0.0,0.0,0.08028792589902878
YDR084C,YPR165W,0,,0.0,0.0,0.08039867132902145
YGL207W,YJR125C,0,,0.0,0.0,0.08050941675901413
YDR349C,YLR449W,0,,0.0,0.0,0.08062015473842621
YMR197C,YGL207W,0,,0.0,0.0,0.08073090016841888
YFL062W,YIL067C,0,,0.0,0.0,0.08084163814783096
YBR216C,YMR293C,0,,0.0,0.0,0.08095238357782364
YNL075W,YER141W,0,,0.0,0.0,0.08106312155723572
YML126C,YOL075C,0,,0.0,0.0,0.0811738669872284
YIL131C,YGL166W,0,,0.0,0.0,0.08128460496664047
YGL079W,YJR067C,0,,0.0,0.0,0.08139535039663315
YBL002W,YGR206W,0,,0.0,0.0,0.08150608837604523
YLR071C,YMR277W,0,,0.0,0.0,0.0816168338060379
YOR328W,YFL050C,0,,0.0,0.0,0.08172757178544998
YDL064W,YAL014C,0,,0.0,0.0,0.08183831721544266
YJR090C,YDR480W,0,,0.0,0.0,0.08194905519485474
YPL232W,YOL130W,0,,0.0,0.0,0.08205980062484741
YJL139C,YPR103W,0,,0.0,0.0,0.08217054605484009
YDR194C,YOR007C,0,,0.0,0.0,0.08228128403425217
YDL064W,YCR034W,0,,0.0,0.0,0.08239202946424484
YDR143C,YPL012W,0,,0.0,0.0,0.08250276744365692
YHR187W,YPR075C,0,,0.0,0.0,0.0826135128736496
YDL002C,YIL031W,0,,0.0,0.0,0.08272425085306168
YNL321W,YLL005C,0,,0.0,0.0,0.08283499628305435
YHL009C,YML121W,0,,0.0,0.0,0.08294573426246643
YGL207W,YKR065C,0,,0.0,0.0,0.0830564796924591
YGL234W,YBR004C,0,,0.0,0.0,0.08316721767187119
YPL152W,YGR140W,0,,0.0,0.0,0.08327796310186386
YMR263W,YER035W,0,,0.0,0.0,0.08338870108127594
YIL131C,YLR431C,0,,0.0,0.0,0.08349944651126862
YGL255W,YCR097W,0,,0.0,0.0,0.08361019194126129
YBR018C,YGR278W,0,,0.0,0.0,0.08372092992067337
YDR051C,YIL010W,0,,0.0,0.0,0.08383167535066605
YAL001C,YLR119W,0,,0.0,0.0,0.08394241333007812
YBR132C,YBR154C,0,,0.0,0.0,0.0840531587600708
YNL053W,YPR004C,0,,0.0,0.0,0.08416389673948288
YIL023C,YLR319C,0,,0.0,0.0,0.08427464216947556
YKL112W,YDR194C,0,,0.0,0.0,0.08438538014888763
YDL049C,YLR081W,0,,0.0,0.0,0.08449612557888031
YJL042W,YDL042C,0,,0.0,0.0,0.08460686355829239
YDL155W,YLR336C,0,,0.0,0.0,0.08471760898828506
YOL033W,YHR091C,0,,0.0,0.0,0.08482834696769714
YOR017W,YJL002C,0,,0.0,0.0,0.08493909239768982
YKL188C,YJR056C,0,,0.0,0.0,0.0850498303771019
YOR329C,YJR088C,0,,0.0,0.0,0.08516057580709457
YKL125W,YKL211C,0,,0.0,0.0,0.08527132123708725
YFL062W,YDL239C,0,,0.0,0.0,0.08538205921649933
YGL048C,YPR101W,0,,0.0,0.0,0.085492804646492
YMR293C,YKL208W,0,,0.0,0.0,0.08560354262590408
YGL124C,YDR352W,0,,0.0,0.0,0.08571428805589676
YJL051W,YJL050W,0,,0.0,0.0,0.08582502603530884
YJL145W,YLR057W,0,,0.0,0.0,0.08593577146530151
YGL033W,YMR199W,0,,0.0,0.0,0.08604650944471359
YLR166C,YBL071W-A,0,,0.0,0.0,0.08615725487470627
YLR070C,YDL064W,0,,0.0,0.0,0.08626799285411835
YML038C,YML046W,0,,0.0,0.0,0.08637873828411102
YPR029C,YPL053C,0,,0.0,0.0,0.0864894762635231
YJL028W,YOR133W,0,,0.0,0.0,0.08660022169351578
YLR307W,YNL134C,0,,0.0,0.0,0.08671096712350845
YGL160W,YNL241C,0,,0.0,0.0,0.08682170510292053
YBR133C,YER035W,0,,0.0,0.0,0.08693245053291321
YDR162C,YLR081W,0,,0.0,0.0,0.08704318851232529
YDR408C,YNL336W,0,,0.0,0.0,0.08715393394231796
YDR210W,YDL150W,0,,0.0,0.0,0.08726467192173004
YNL037C,YJL159W,0,,0.0,0.0,0.08737541735172272
YLR410W,YPL037C,0,,0.0,0.0,0.0874861553311348
YGL131C,YNR049C,0,,0.0,0.0,0.08759690076112747
YOR198C,YPL187W,0,,0.0,0.0,0.08770763874053955
YCL040W,YPL230W,0,,0.0,0.0,0.08781838417053223
YLR166C,YER006W,0,,0.0,0.0,0.0879291221499443
YDR462W,YBL097W,0,,0.0,0.0,0.08803986757993698
YMR291W,YDR488C,0,,0.0,0.0,0.08815060555934906
YGR049W,YGL245W,0,,0.0,0.0,0.08826135098934174
YGR195W,YHR166C,0,,0.0,0.0,0.08837209641933441
YLR216C,YGL097W,0,,0.0,0.0,0.08848283439874649
YOR214C,YDR264C,0,,0.0,0.0,0.08859357982873917
YOR100C,YJL093C,0,,0.0,0.0,0.08870431780815125
YGL234W,YDL161W,0,,0.0,0.0,0.08881506323814392
YLR340W,YMR068W,0,,0.0,0.0,0.088925801217556
YGR033C,YKL120W,0,,0.0,0.0,0.08903654664754868
YOR284W,YLL015W,0,,0.0,0.0,0.08914728462696075
YGR157W,YGR038C-B,0,,0.0,0.0,0.08925803005695343
YLR274W,YFL031W,0,,0.0,0.0,0.08936876803636551
YDL020C,YJL184W,0,,0.0,0.0,0.08947951346635818
YBR210W,YPL069C,0,,0.0,0.0,0.08959025144577026
YBR068C,YGR038C-B,0,,0.0,0.0,0.08970099687576294
YNL257C,YGR038W,0,,0.0,0.0,0.08981174230575562
YDR016C,YBR019C,0,,0.0,0.0,0.0899224802851677
YJL207C,YML026C,0,,0.0,0.0,0.09003322571516037
YHR019C,YOR064C,0,,0.0,0.0,0.09014396369457245
YIL066C,YOR245C,0,,0.0,0.0,0.09025470912456512
YDR216W,YPR181C,0,,0.0,0.0,0.0903654471039772
YGL208W,YLL028W,0,,0.0,0.0,0.09047619253396988
YPL152W,YLR332W,0,,0.0,0.0,0.09058693051338196
YOR284W,YEL026W,0,,0.0,0.0,0.09069767594337463
YIR013C,YGL032C,0,,0.0,0.0,0.09080841392278671
YKL008C,YBR135W,0,,0.0,0.0,0.09091915935277939
YLR157C-B,YGL257C,0,,0.0,0.0,0.09102989733219147
YDR184C,YDR314C,0,,0.0,0.0,0.09114064276218414
YGR287C,YNL279W,0,,0.0,0.0,0.09125138074159622
YGL001C,YLR133W,0,,0.0,0.0,0.0913621261715889
YDL232W,YJL002C,0,,0.0,0.0,0.09147287160158157
YAR071W,YDL150W,0,,0.0,0.0,0.09158360958099365
YLL005C,YAL047C,0,,0.0,0.0,0.09169435501098633
YML114C,YLR233C,0,,0.0,0.0,0.09180509299039841
YJL160C,YPL181W,0,,0.0,0.0,0.09191583842039108
YBR234C,YBL101C,0,,0.0,0.0,0.09202657639980316
YMR079W,YHR102W,0,,0.0,0.0,0.09213732182979584
YJL018W,YKL025C,0,,0.0,0.0,0.09224805980920792
YCR079W,YHL020C,0,,0.0,0.0,0.09235880523920059
YJR105W,YCL026C-A,0,,0.0,0.0,0.09246954321861267
YGR074W,YBR008C,0,,0.0,0.0,0.09258028864860535
YDL064W,YOL041C,0,,0.0,0.0,0.09269102662801743
YDL005C,YER065C,0,,0.0,0.0,0.0928017720580101
YGR059W,YOR339C,0,,0.0,0.0,0.09291251748800278
YGR161C-C,YDL064W,0,,0.0,0.0,0.09302325546741486
YPR158W-A,YGL013C,0,,0.0,0.0,0.09313400089740753
YBR019C,YBR288C,0,,0.0,0.0,0.09324473887681961
YFR046C,YML038C,0,,0.0,0.0,0.09335548430681229
YBR298C,YER094C,0,,0.0,0.0,0.09346622228622437
YHR187W,YOR354C,0,,0.0,0.0,0.09357696771621704
YBR132C,YGL121C,0,,0.0,0.0,0.09368770569562912
YNL126W,YFL055W,0,,0.0,0.0,0.0937984511256218
YKR022C,YER169W,0,,0.0,0.0,0.09390918910503387
YBR088C,YDL147W,0,,0.0,0.0,0.09401993453502655
YCR027C,YDL052C,0,,0.0,0.0,0.09413067251443863
YJR056C,YCR008W,0,,0.0,0.0,0.0942414179444313
YNL186W,YJR152W,0,,0.0,0.0,0.09435215592384338
YHR200W,YNL197C,0,,0.0,0.0,0.09446290135383606
YNL209W,YPR140W,0,,0.0,0.0,0.09457364678382874
YDR540C,YER075C,0,,0.0,0.0,0.09468438476324081
YPL009C,YER074W-A,0,,0.0,0.0,0.09479513019323349
YDR085C,YMR060C,0,,0.0,0.0,0.09490586817264557
YKL025C,YKL120W,0,,0.0,0.0,0.09501661360263824
YHR124W,YKL137W,0,,0.0,0.0,0.09512735158205032
YGL055W,YPR022C,0,,0.0,0.0,0.095238097012043
YOL008W,YDR314C,0,,0.0,0.0,0.09534883499145508
YOL088C,YBR136W,0,,0.0,0.0,0.09545958042144775
YGR183C,YIL065C,0,,0.0,0.0,0.09557031840085983
YIL041W,YPL015C,0,,0.0,0.0,0.09568106383085251
YER011W,YER122C,0,,0.0,0.0,0.09579180181026459
YKL055C,YMR271C,0,,0.0,0.0,0.09590254724025726
YGR059W,YPL192C,0,,0.0,0.0,0.09601329267024994
YKL027W,YFR028C,0,,0.0,0.0,0.09612403064966202
YMR011W,YLR406C,0,,0.0,0.0,0.0962347760796547
YML131W,YPL053C,0,,0.0,0.0,0.09634551405906677
YNL300W,YDL058W,0,,0.0,0.0,0.09645625948905945
YJL018W,YDR354W,0,,0.0,0.0,0.09656699746847153
YGL002W,YKL222C,0,,0.0,0.0,0.0966777428984642
YIL049W,YGL038C,0,,0.0,0.0,0.09678848087787628
YKL027W,YGL086W,0,,0.0,0.0,0.09689922630786896
YFL034C-B,YLR110C,0,,0.0,0.0,0.09700996428728104
YMR216C,YGR261C,0,,0.0,0.0,0.09712070971727371
YDR446W,YNR032W,0,,0.0,0.0,0.09723144769668579
YLR398C,YEL003W,0,,0.0,0.0,0.09734219312667847
YGR028W,YGR280C,0,,0.0,0.0,0.09745293110609055
YFR028C,YFR044C,0,,0.0,0.0,0.09756367653608322
YMR280C,YDR210W-A,0,,0.0,0.0,0.0976744219660759
YGR192C,YLL005C,0,,0.0,0.0,0.09778515994548798
YNL106C,YKR042W,0,,0.0,0.0,0.09789590537548065
YLL052C,YCR097W,0,,0.0,0.0,0.09800664335489273
YBR126C,YPR201W,0,,0.0,0.0,0.0981173887848854
YMR263W,YPL084W,0,,0.0,0.0,0.09822812676429749
YOL027C,YAL014C,0,,0.0,0.0,0.09833887219429016
YNL047C,YKR099C-A,0,,0.0,0.0,0.09844961017370224
YNL037C,YNL220W,0,,0.0,0.0,0.09856035560369492
YKR025W,YLR089C,0,,0.0,0.0,0.098671093583107
YCL033C,YLR138W,0,,0.0,0.0,0.09878183901309967
YKL025C,YGL160W,0,,0.0,0.0,0.09889257699251175
YKL107W,YDL014W,0,,0.0,0.0,0.09900332242250443
YDR446W,YER122C,0,,0.0,0.0,0.0991140678524971
YOR284W,YPL029W,0,,0.0,0.0,0.09922480583190918
YHR203C,YNR051C,0,,0.0,0.0,0.09933555126190186
YHR098C,YLR057W,0,,0.0,0.0,0.09944628924131393
YHL007C,YKL008C,0,,0.0,0.0,0.09955703467130661
YKL127W,YGL097W,0,,0.0,0.0,0.09966777265071869
YBR136W,YFL034C-A,0,,0.0,0.0,0.09977851808071136
YAL042W,YOR030W,0,,0.0,0.0,0.09988925606012344
YGL125W,YOR375C,0,,0.0,0.0,0.10000000149011612
YML038C,YDR043C,0,,0.0,0.0,0.1001107394695282
YBR203W,YJL047C,0,,0.0,0.0,0.10022148489952087
YHR063C,YLR155C,0,,0.0,0.0,0.10033222287893295
YLL032C,YBR288C,0,,0.0,0.0,0.10044296830892563
YLR027C,YDR001C,0,,0.0,0.0,0.10055370628833771
YHL033C,YOR255W,0,,0.0,0.0,0.10066445171833038
YNR023W,YJR161C,0,,0.0,0.0,0.10077519714832306
YPL170W,YLR229C,0,,0.0,0.0,0.10088593512773514
YMR170C,YOR197W,0,,0.0,0.0,0.10099668055772781
YLR070C,YNL083W,0,,0.0,0.0,0.10110741853713989
YDR322C-A,YDL161W,0,,0.0,0.0,0.10121816396713257
YDL178W,YLR274W,0,,0.0,0.0,0.10132890194654465
YER019W,YJR043C,0,,0.0,0.0,0.10143964737653732
YOR295W,YBR008C,0,,0.0,0.0,0.1015503853559494
YDR354W,YGR128C,0,,0.0,0.0,0.10166113078594208
YIL023C,YJR044C,0,,0.0,0.0,0.10177186876535416
YDR182W,YLL036C,0,,0.0,0.0,0.10188261419534683
YPR020W,YDR171W,0,,0.0,0.0,0.10199335217475891
YOR312C,YGL245W,0,,0.0,0.0,0.10210409760475159
YNL037C,YOL034W,0,,0.0,0.0,0.10221484303474426
YKL137W,YCR033W,0,,0.0,0.0,0.10232558101415634
YDR485C,YJR002W,0,,0.0,0.0,0.10243632644414902
YDR194C,YDL161W,0,,0.0,0.0,0.1025470644235611
YNL275W,YHR019C,0,,0.0,0.0,0.10265780985355377
YJL138C,YJL020C,0,,0.0,0.0,0.10276854783296585
YFL009W,YLR369W,0,,0.0,0.0,0.10287929326295853
YPL024W,YNL327W,0,,0.0,0.0,0.1029900312423706
YER141W,YPL086C,0,,0.0,0.0,0.10310077667236328
YOR149C,YDR450W,0,,0.0,0.0,0.10321151465177536
YDL207W,YPR158W-A,0,,0.0,0.0,0.10332226008176804
YER011W,YPR066W,0,,0.0,0.0,0.10343299806118011
YBR133C,YPL270W,0,,0.0,0.0,0.10354374349117279
YBR019C,YIL131C,0,,0.0,0.0,0.10365448147058487
YPR058W,YHR143W-A,0,,0.0,0.0,0.10376522690057755
YOR368W,YNL265C,0,,0.0,0.0,0.10387597233057022
YPR104C,YHR026W,0,,0.0,0.0,0.1039867103099823
YDR104C,YIL168W,0,,0.0,0.0,0.10409745573997498
YGR209C,YAL061W,0,,0.0,0.0,0.10420819371938705
YML022W,YOR188W,0,,0.0,0.0,0.10431893914937973
YCR027C,YGR203W,0,,0.0,0.0,0.10442967712879181
YDL044C,YDR354W,0,,0.0,0.0,0.10454042255878448
YMR119W,YKL208W,0,,0.0,0.0,0.10465116053819656
YPR103W,YLL054C,0,,0.0,0.0,0.10476190596818924
YJL076W,YLL042C,0,,0.0,0.0,0.10487264394760132
YBR186W,YDR037W,0,,0.0,0.0,0.104983389377594
YML033W,YGR172C,0,,0.0,0.0,0.10509412735700607
YGR023W,YEL060C,0,,0.0,0.0,0.10520487278699875
YNL326C,YBL009W,0,,0.0,0.0,0.10531561821699142
YDL181W,YBR204C,0,,0.0,0.0,0.1054263561964035
YGL022W,YEL071W,0,,0.0,0.0,0.10553710162639618
YER183C,YML025C,0,,0.0,0.0,0.10564783960580826
YDL188C,YCL038C,0,,0.0,0.0,0.10575858503580093
YKL086W,YDR043C,0,,0.0,0.0,0.10586932301521301
YPL020C,YFL052W,0,,0.0,0.0,0.10598006844520569
YOL091W,YIL017C,0,,0.0,0.0,0.10609080642461777
YGR028W,YKL216W,0,,0.0,0.0,0.10620155185461044
YER042W,YDR141C,0,,0.0,0.0,0.10631228983402252
YPR018W,YBL027W,0,,0.0,0.0,0.1064230352640152
YEL026W,YPL249C,0,,0.0,0.0,0.10653377324342728
YDR034C-D,YLR148W,0,,0.0,0.0,0.10664451867341995
YPL164C,YGL100W,0,,0.0,0.0,0.10675525665283203
YJL139C,YNL326C,0,,0.0,0.0,0.10686600208282471
YMR119W,YLR205C,0,,0.0,0.0,0.10697674751281738
YDL150W,YOR153W,0,,0.0,0.0,0.10708748549222946
YKR081C,YHL018W,0,,0.0,0.0,0.10719823092222214
YHR062C,YLR081W,0,,0.0,0.0,0.10730896890163422
YLR408C,YAL001C,0,,0.0,0.0,0.10741971433162689
YNL186W,YLR398C,0,,0.0,0.0,0.10753045231103897
YDR302W,YGR249W,0,,0.0,0.0,0.10764119774103165
YPL217C,YLR229C,0,,0.0,0.0,0.10775193572044373
YBR021W,YPL158C,0,,0.0,0.0,0.1078626811504364
YOL128C,YLR205C,0,,0.0,0.0,0.10797341912984848
YBL084C,YOR010C,0,,0.0,0.0,0.10808416455984116
YGR275W,YOL008W,0,,0.0,0.0,0.10819490253925323
YPR145W,YNR056C,0,,0.0,0.0,0.10830564796924591
YOL148C,YNL220W,0,,0.0,0.0,0.10841639339923859
YGR108W,YLR341W,0,,0.0,0.0,0.10852713137865067
YMR190C,YFR044C,0,,0.0,0.0,0.10863787680864334
YJL050W,YLR133W,0,,0.0,0.0,0.10874861478805542
YDL194W,YDR489W,0,,0.0,0.0,0.1088593602180481
YPL012W,YML072C,0,,0.0,0.0,0.10897009819746017
YIR007W,YGR163W,0,,0.0,0.0,0.10908084362745285
YPL227C,YGL234W,0,,0.0,0.0,0.10919158160686493
YBL101C,YBL071W-A,0,,0.0,0.0,0.1093023270368576
YHR016C,YIL031W,0,,0.0,0.0,0.10941306501626968
YKL096W,YOR256C,0,,0.0,0.0,0.10952381044626236
YDR079C-A,YMR199W,0,,0.0,0.0,0.10963454842567444
YOL115W,YLR222C,0,,0.0,0.0,0.10974529385566711
YMR135C,YBR021W,0,,0.0,0.0,0.1098560318350792
YNL030W,YBL071W-A,0,,0.0,0.0,0.10996677726507187
YOR328W,YMR116C,0,,0.0,0.0,0.11007752269506454
YHL009C,YDR180W,0,,0.0,0.0,0.11018826067447662
YJR014W,YBR139W,0,,0.0,0.0,0.1102990061044693
YMR263W,YDR352W,0,,0.0,0.0,0.11040974408388138
YNL072W,YMR323W,0,,0.0,0.0,0.11052048951387405
YKL025C,YBR084C-A,0,,0.0,0.0,0.11063122749328613
YPL084W,YNL134C,0,,0.0,0.0,0.11074197292327881
YAR014C,YOR083W,0,,0.0,0.0,0.11085271090269089
YHR123W,YNL009W,0,,0.0,0.0,0.11096345633268356
YNL323W,YMR268C,0,,0.0,0.0,0.11107419431209564
YPL005W,YKL157W,0,,0.0,0.0,0.11118493974208832
YDR322C-A,YJL154C,0,,0.0,0.0,0.1112956777215004
YKR092C,YHL018W,0,,0.0,0.0,0.11140642315149307
YLR138W,YJL093C,0,,0.0,0.0,0.11151716858148575
YLR376C,YNR026C,0,,0.0,0.0,0.11162790656089783
YFL062W,YPR094W,0,,0.0,0.0,0.1117386519908905
YLR166C,YNR049C,0,,0.0,0.0,0.11184938997030258
YIL066C,YLR138W,0,,0.0,0.0,0.11196013540029526
YLR453C,YNL113W,0,,0.0,0.0,0.11207087337970734
YBR236C,YOR312C,0,,0.0,0.0,0.11218161880970001
YKL184W,YHR200W,0,,0.0,0.0,0.11229235678911209
YKL163W,YDR541C,0,,0.0,0.0,0.11240310221910477
YGL124C,YNL087W,0,,0.0,0.0,0.11251384019851685
YJL145W,YDL066W,0,,0.0,0.0,0.11262458562850952
YLR240W,YML121W,0,,0.0,0.0,0.1127353236079216
YPL255W,YLL028W,0,,0.0,0.0,0.11284606903791428
YPL045W,YOL091W,0,,0.0,0.0,0.11295680701732635
YNL186W,YIL158W,0,,0.0,0.0,0.11306755244731903
YDR541C,YPL003W,0,,0.0,0.0,0.1131782978773117
YGL055W,YGL153W,0,,0.0,0.0,0.11328903585672379
YMR014W,YJL050W,0,,0.0,0.0,0.11339978128671646
YKL209C,YMR067C,0,,0.0,0.0,0.11351051926612854
YDL103C,YOR100C,0,,0.0,0.0,0.11362126469612122
YLR069C,YFL050C,0,,0.0,0.0,0.1137320026755333
YDL159W,YBR244W,0,,0.0,0.0,0.11384274810552597
YKL160W,YBR201W,0,,0.0,0.0,0.11395348608493805
YLR362W,YLR178C,0,,0.0,0.0,0.11406423151493073
YNL024C-A,YPL118W,0,,0.0,0.0,0.1141749694943428
YNR069C,YHR032W,0,,0.0,0.0,0.11428571492433548
YER006W,YPL230W,0,,0.0,0.0,0.11439645290374756
YBR057C,YBR154C,0,,0.0,0.0,0.11450719833374023
YER157W,YBR229C,0,,0.0,0.0,0.11461794376373291
YGL250W,YGR109C,0,,0.0,0.0,0.11472868174314499
YPR104C,YBL045C,0,,0.0,0.0,0.11483942717313766
YMR202W,YCR024C-A,0,,0.0,0.0,0.11495016515254974
YOR056C,YJL047C,0,,0.0,0.0,0.11506091058254242
YDR348C,YKR039W,0,,0.0,0.0,0.1151716485619545
YNR073C,YDR097C,0,,0.0,0.0,0.11528239399194717
YMR190C,YOR125C,0,,0.0,0.0,0.11539313197135925
YBR290W,YIL105C,0,,0.0,0.0,0.11550387740135193
YMR291W,YLR421C,0,,0.0,0.0,0.11561461538076401
YGR275W,YIL131C,0,,0.0,0.0,0.11572536081075668
YGL125W,YNL270C,0,,0.0,0.0,0.11583609879016876
YHL022C,YBR098W,0,,0.0,0.0,0.11594684422016144
YGL086W,YKR042W,0,,0.0,0.0,0.11605758219957352
YJL139C,YER054C,0,,0.0,0.0,0.11616832762956619
YPR164W,YDR354W,0,,0.0,0.0,0.11627907305955887
YKL018W,YGR067C,0,,0.0,0.0,0.11638981103897095
YPL227C,YDR409W,0,,0.0,0.0,0.11650055646896362
YDR346C,YML130C,0,,0.0,0.0,0.1166112944483757
YER146W,YGL133W,0,,0.0,0.0,0.11672203987836838
YPR065W,YOR171C,0,,0.0,0.0,0.11683277785778046
YBR302C,YMR047C,0,,0.0,0.0,0.11694352328777313
YCR066W,YMR134W,0,,0.0,0.0,0.11705426126718521
YIL015W,YOR367W,0,,0.0,0.0,0.11716500669717789
YOL097C,YOR344C,0,,0.0,0.0,0.11727574467658997
YGL124C,YFR028C,0,,0.0,0.0,0.11738649010658264
YEL034W,YNL003C,0,,0.0,0.0,0.11749722808599472
YDR385W,YGR271C-A,0,,0.0,0.0,0.1176079735159874
YGL156W,YER166W,0,,0.0,0.0,0.11771871894598007
YIR007W,YEL011W,0,,0.0,0.0,0.11782945692539215
YNL002C,YFL022C,0,,0.0,0.0,0.11794020235538483
YGL250W,YDL226C,0,,0.0,0.0,0.1180509403347969
YOR303W,YIL129C,0,,0.0,0.0,0.11816168576478958
YPL246C,YKL211C,0,,0.0,0.0,0.11827242374420166
YOR329C,YPL072W,0,,0.0,0.0,0.11838316917419434
YIL016W,YMR190C,0,,0.0,0.0,0.11849390715360641
YCL038C,YLR275W,0,,0.0,0.0,0.11860465258359909
YLR342W,YNL152W,0,,0.0,0.0,0.11871539056301117
YJR047C,YMR044W,0,,0.0,0.0,0.11882613599300385
YJL111W,YJL093C,0,,0.0,0.0,0.11893687397241592
YKL025C,YKL157W,0,,0.0,0.0,0.1190476194024086
YIL099W,YBR057C,0,,0.0,0.0,0.11915835738182068
YPL232W,YBR227C,0,,0.0,0.0,0.11926910281181335
YJL209W,YDR339C,0,,0.0,0.0,0.11937984824180603
YCL045C,YDL159W,0,,0.0,0.0,0.11949058622121811
YBL050W,YPR018W,0,,0.0,0.0,0.11960133165121078
YNL071W,YDL156W,0,,0.0,0.0,0.11971206963062286
YOL013C,YLR399C,0,,0.0,0.0,0.11982281506061554
YLR369W,YBR288C,0,,0.0,0.0,0.11993355304002762
YCR003W,YMR083W,0,,0.0,0.0,0.1200442984700203
YER073W,YOL148C,0,,0.0,0.0,0.12015503644943237
YPL072W,YLR319C,0,,0.0,0.0,0.12026578187942505
YIL158W,YML093W,0,,0.0,0.0,0.12037651985883713
YML062C,YIL103W,0,,0.0,0.0,0.1204872652888298
YFL008W,YPL228W,0,,0.0,0.0,0.12059800326824188
YIL131C,YOR022C,0,,0.0,0.0,0.12070874869823456
YCR020W-B,YOR030W,0,,0.0,0.0,0.12081949412822723
YGL022W,YDL104C,0,,0.0,0.0,0.12093023210763931
YHR091C,YGR065C,0,,0.0,0.0,0.12104097753763199
YPL012W,YHR128W,0,,0.0,0.0,0.12115171551704407
YMR291W,YLL054C,0,,0.0,0.0,0.12126246094703674
YGL023C,YKL027W,0,,0.0,0.0,0.12137319892644882
YGL210W-A,YOR245C,0,,0.0,0.0,0.1214839443564415
YJL116C,YML072C,0,,0.0,0.0,0.12159468233585358
YPL108W,YCL027C-A,0,,0.0,0.0,0.12170542776584625
YJL111W,YGR041W,0,,0.0,0.0,0.12181616574525833
YER119C,YGL131C,0,,0.0,0.0,0.12192691117525101
YNL082W,YPR165W,0,,0.0,0.0,0.12203764915466309
YMR119W,YOL017W,0,,0.0,0.0,0.12214839458465576
YGR275W,YER042W,0,,0.0,0.0,0.12225913256406784
YFL024C,YCR042C,0,,0.0,0.0,0.12236987799406052
YGL043W,YJL113W,0,,0.0,0.0,0.12248062342405319
YOR140W,YDR267C,0,,0.0,0.0,0.12259136140346527
YER119C,YEL020C,0,,0.0,0.0,0.12270210683345795
YBR021W,YOR178C,0,,0.0,0.0,0.12281284481287003
YHR079C-A,YKL193C,0,,0.0,0.0,0.1229235902428627
YDR027C,YOL016C,0,,0.0,0.0,0.12303432822227478
YBR186W,YER001W,0,,0.0,0.0,0.12314507365226746
YNL067W,YJL099W,0,,0.0,0.0,0.12325581163167953
YBR068C,YPL124W,0,,0.0,0.0,0.12336655706167221
YGR278W,YJR017C,0,,0.0,0.0,0.12347729504108429
YOR360C,YOR303W,0,,0.0,0.0,0.12358804047107697
YJL184W,YGR163W,0,,0.0,0.0,0.12369877845048904
YGR227W,YPR101W,0,,0.0,0.0,0.12380952388048172
YPL237W,YKR039W,0,,0.0,0.0,0.1239202693104744
YCR024C-A,YDR264C,0,,0.0,0.0,0.12403100728988647
YDL020C,YOR336W,0,,0.0,0.0,0.12414175271987915
YDR541C,YML008C,0,,0.0,0.0,0.12425249069929123
YBR126C,YNL272C,0,,0.0,0.0,0.1243632361292839
YGR195W,YMR058W,0,,0.0,0.0,0.12447397410869598
YMR266W,YDR171W,0,,0.0,0.0,0.12458471953868866
YMR283C,YJL207C,0,,0.0,0.0,0.12469545751810074
YNL300W,YGR271C-A,0,,0.0,0.0,0.12480620294809341
YHR112C,YDL201W,0,,0.0,0.0,0.1249169409275055
YCR097W,YDR208W,0,,0.0,0.0,0.12502768635749817
YIR003W,YDR180W,0,,0.0,0.0,0.12513843178749084
YOR128C,YGR068C,0,,0.0,0.0,0.12524916231632233
YDR142C,YKL018W,0,,0.0,0.0,0.125359907746315
YIL040W,YPR025C,0,,0.0,0.0,0.12547065317630768
YBL099W,YNL299W,0,,0.0,0.0,0.12558139860630035
YDR079C-A,YPL066W,0,,0.0,0.0,0.12569214403629303
YNL315C,YBL105C,0,,0.0,0.0,0.1258028745651245
YKL049C,YJR077C,0,,0.0,0.0,0.1259136199951172
YJL210W,YDR001C,0,,0.0,0.0,0.12602436542510986
YMR116C,YGR172C,0,,0.0,0.0,0.12613511085510254
YLR272C,YJL104W,0,,0.0,0.0,0.12624584138393402
YOL044W,YNL326C,0,,0.0,0.0,0.1263565868139267
YJL051W,YGR249W,0,,0.0,0.0,0.12646733224391937
YCL033C,YDR051C,0,,0.0,0.0,0.12657807767391205
YMR190C,YHR188C,0,,0.0,0.0,0.12668880820274353
YLR138W,YPR023C,0,,0.0,0.0,0.1267995536327362
YLR240W,YJR086W,0,,0.0,0.0,0.12691029906272888
YDR163W,YML033W,0,,0.0,0.0,0.12702104449272156
YGR038W,YPL108W,0,,0.0,0.0,0.12713178992271423
YNL264C,YIR034C,0,,0.0,0.0,0.12724252045154572
YEL020C,YPR004C,0,,0.0,0.0,0.1273532658815384
YGR090W,YNL035C,0,,0.0,0.0,0.12746401131153107
YNL209W,YPL212C,0,,0.0,0.0,0.12757475674152374
YCR070W,YDL161W,0,,0.0,0.0,0.12768548727035522
YJL209W,YBR161W,0,,0.0,0.0,0.1277962327003479
YPL016W,YJL104W,0,,0.0,0.0,0.12790697813034058
YGL100W,YHR124W,0,,0.0,0.0,0.12801772356033325
YOR328W,YER026C,0,,0.0,0.0,0.12812845408916473
YBR253W,YGR207C,0,,0.0,0.0,0.1282391995191574
YNL154C,YOL119C,0,,0.0,0.0,0.12834994494915009
YKL096W,YHR102W,0,,0.0,0.0,0.12846069037914276
YKL139W,YMR067C,0,,0.0,0.0,0.12857143580913544
YOR343C-B,YLR229C,0,,0.0,0.0,0.12868216633796692
YDL042C,YMR067C,0,,0.0,0.0,0.1287929117679596
YOL058W,YDR198C,0,,0.0,0.0,0.12890365719795227
YPL086C,YLR089C,0,,0.0,0.0,0.12901440262794495
YFL053W,YEL046C,0,,0.0,0.0,0.12912513315677643
YNL186W,YLR071C,0,,0.0,0.0,0.1292358785867691
YGR038C-A,YGL121C,0,,0.0,0.0,0.12934662401676178
YER118C,YIR035C,0,,0.0,0.0,0.12945736944675446
YNL003C,YGL150C,0,,0.0,0.0,0.12956809997558594
YDL103C,YBR056W,0,,0.0,0.0,0.1296788454055786
YIR022W,YJL203W,0,,0.0,0.0,0.1297895908355713
YBR132C,YHR191C,0,,0.0,0.0,0.12990033626556396
YDR349C,YCR089W,0,,0.0,0.0,0.13001106679439545
YLR406C,YBR161W,0,,0.0,0.0,0.13012181222438812
YBR079C,YLL015W,0,,0.0,0.0,0.1302325576543808
YOL075C,YOR344C,0,,0.0,0.0,0.13034330308437347
YGL038C,YJR017C,0,,0.0,0.0,0.13045404851436615
YLR410W,YDL104C,0,,0.0,0.0,0.13056477904319763
YGL255W,YHR196W,0,,0.0,0.0,0.1306755244731903
YLR262C,YFR051C,0,,0.0,0.0,0.13078626990318298
YPL268W,YKL222C,0,,0.0,0.0,0.13089701533317566
YLR132C,YPR058W,0,,0.0,0.0,0.13100774586200714
YLR132C,YPL232W,0,,0.0,0.0,0.13111849129199982
YKR060W,YKL073W,0,,0.0,0.0,0.1312292367219925
YLL023C,YER122C,0,,0.0,0.0,0.13133998215198517
YKL184W,YNL097C,0,,0.0,0.0,0.13145071268081665
YLR274W,YJR002W,0,,0.0,0.0,0.13156145811080933
YIR033W,YOR202W,0,,0.0,0.0,0.131672203540802
YOL068C,YJL020C,0,,0.0,0.0,0.13178294897079468
YPL237W,YMR134W,0,,0.0,0.0,0.13189369440078735
YLR034C,YJL118W,0,,0.0,0.0,0.13200442492961884
YAL047C,YOL058W,0,,0.0,0.0,0.1321151703596115
YDR485C,YPR023C,0,,0.0,0.0,0.1322259157896042
YML001W,YDL092W,0,,0.0,0.0,0.13233666121959686
YNL186W,YGR028W,0,,0.0,0.0,0.13244739174842834
YLR272C,YOR073W,0,,0.0,0.0,0.13255813717842102
YDL212W,YLR399C,0,,0.0,0.0,0.1326688826084137
YGR148C,YGR090W,0,,0.0,0.0,0.13277962803840637
YPL132W,YEL077C,0,,0.0,0.0,0.13289035856723785
YMR030W,YNL229C,0,,0.0,0.0,0.13300110399723053
YOR056C,YBR057C,0,,0.0,0.0,0.1331118494272232
YOR255W,YNL224C,0,,0.0,0.0,0.13322259485721588
YFR051C,YBL009W,0,,0.0,0.0,0.13333334028720856
YGL125W,YDR450W,0,,0.0,0.0,0.13344407081604004
YPL152W,YAL009W,0,,0.0,0.0,0.13355481624603271
YDR097C,YHR143W-A,0,,0.0,0.0,0.1336655616760254
YMR263W,YPL005W,0,,0.0,0.0,0.13377630710601807
YGR209C,YLR081W,0,,0.0,0.0,0.13388703763484955
YLR002C,YBL097W,0,,0.0,0.0,0.13399778306484222
YBL004W,YLL052C,0,,0.0,0.0,0.1341085284948349
YCR034W,YGR261C,0,,0.0,0.0,0.13421927392482758
YDL212W,YKL084W,0,,0.0,0.0,0.13433000445365906
YNL264C,YPL088W,0,,0.0,0.0,0.13444074988365173
YCL040W,YDR352W,0,,0.0,0.0,0.1345514953136444
YLL036C,YAL061W,0,,0.0,0.0,0.13466224074363708
YMR277W,YAL055W,0,,0.0,0.0,0.13477298617362976
YGR186W,YFL008W,0,,0.0,0.0,0.13488371670246124
YOL001W,YOR245C,0,,0.0,0.0,0.13499446213245392
YNR039C,YGL054C,0,,0.0,0.0,0.1351052075624466
YPL020C,YBR088C,0,,0.0,0.0,0.13521595299243927
YIL158W,YMR067C,0,,0.0,0.0,0.13532668352127075
YDR182W,YLR310C,0,,0.0,0.0,0.13543742895126343
YLR034C,YER004W,0,,0.0,0.0,0.1355481743812561
YPL053C,YDR221W,0,,0.0,0.0,0.13565891981124878
YDR261C-C,YIR013C,0,,0.0,0.0,0.13576965034008026
YPL275W,YJL002C,0,,0.0,0.0,0.13588039577007294
YPL023C,YDR291W,0,,0.0,0.0,0.1359911412000656
YMR288W,YNL241C,0,,0.0,0.0,0.1361018866300583
YOR125C,YML046W,0,,0.0,0.0,0.13621261715888977
YML029W,YPR164W,0,,0.0,0.0,0.13632336258888245
YDR142C,YIL103W,0,,0.0,0.0,0.13643410801887512
YFR042W,YJL100W,0,,0.0,0.0,0.1365448534488678
YML111W,YGR280C,0,,0.0,0.0,0.13665559887886047
YGL134W,YGR065C,0,,0.0,0.0,0.13676632940769196
YOR328W,YER004W,0,,0.0,0.0,0.13687707483768463
YHR123W,YPL108W,0,,0.0,0.0,0.1369878202676773
YBR077C,YIL015W,0,,0.0,0.0,0.13709856569766998
YBR204C,YCR043C,0,,0.0,0.0,0.13720929622650146
YJR056C,YOR344C,0,,0.0,0.0,0.13732004165649414
YKR013W,YOR371C,0,,0.0,0.0,0.13743078708648682
YBR302C,YDL044C,0,,0.0,0.0,0.1375415325164795
YDR452W,YPL128C,0,,0.0,0.0,0.13765226304531097
YLL052C,YDL161W,0,,0.0,0.0,0.13776300847530365
YIR034C,YGR183C,0,,0.0,0.0,0.13787375390529633
YOL001W,YJL002C,0,,0.0,0.0,0.137984499335289
YML118W,YDR237W,0,,0.0,0.0,0.13809524476528168
YKR003W,YDR489W,0,,0.0,0.0,0.13820597529411316
YJL051W,YOR140W,0,,0.0,0.0,0.13831672072410583
YBL046W,YGR195W,0,,0.0,0.0,0.1384274661540985
YHR079C-A,YGR152C,0,,0.0,0.0,0.1385382115840912
YOL091W,YGR163W,0,,0.0,0.0,0.13864894211292267
YHR016C,YBR088C,0,,0.0,0.0,0.13875968754291534
YCR042C,YML025C,0,,0.0,0.0,0.13887043297290802
YJR007W,YKL137W,0,,0.0,0.0,0.1389811784029007
YGR172C,YAL061W,0,,0.0,0.0,0.13909190893173218
YMR161W,YPL079W,0,,0.0,0.0,0.13920265436172485
YPL152W,YOR298C-A,0,,0.0,0.0,0.13931339979171753
YOR361C,YPL066W,0,,0.0,0.0,0.1394241452217102
YIR022W,YJL036W,0,,0.0,0.0,0.13953489065170288
YJR093C,YDR266C,0,,0.0,0.0,0.13964562118053436
YJL018W,YML093W,0,,0.0,0.0,0.13975636661052704
YDL153C,YLR210W,0,,0.0,0.0,0.13986711204051971
YPL023C,YOR088W,0,,0.0,0.0,0.1399778574705124
YCR066W,YBR088C,0,,0.0,0.0,0.14008858799934387
YPL045W,YBL045C,0,,0.0,0.0,0.14019933342933655
YKL071W,YGL043W,0,,0.0,0.0,0.14031007885932922
YCR024C-A,YPR009W,0,,0.0,0.0,0.1404208242893219
YDR156W,YJR125C,0,,0.0,0.0,0.14053155481815338
YJL091C,YKL184W,0,,0.0,0.0,0.14064230024814606
YPR185W,YGL097W,0,,0.0,0.0,0.14075304567813873
YBL102W,YBR139W,0,,0.0,0.0,0.1408637911081314
YER146W,YBL101C,0,,0.0,0.0,0.14097453653812408
YGL184C,YIR013C,0,,0.0,0.0,0.14108526706695557
YBR133C,YIL067C,0,,0.0,0.0,0.14119601249694824
YEL011W,YER183C,0,,0.0,0.0,0.14130675792694092
YLR431C,YPL037C,0,,0.0,0.0,0.1414175033569336
YDR339C,YOR343C-B,0,,0.0,0.0,0.14152823388576508
YBR258C,YKR081C,0,,0.0,0.0,0.14163897931575775
YCR079W,YIL017C,0,,0.0,0.0,0.14174972474575043
YNL037C,YGR278W,0,,0.0,0.0,0.1418604701757431
YCR102C,YPR094W,0,,0.0,0.0,0.14197120070457458
YOL110W,YPL023C,0,,0.0,0.0,0.14208194613456726
YKL025C,YNL275W,0,,0.0,0.0,0.14219269156455994
YLR393W,YPL088W,0,,0.0,0.0,0.1423034369945526
YIL016W,YGL125W,0,,0.0,0.0,0.1424141675233841
YOR153W,YDL147W,0,,0.0,0.0,0.14252491295337677
YPL005W,YGR091W,0,,0.0,0.0,0.14263565838336945
YNR056C,YCL038C,0,,0.0,0.0,0.14274640381336212
YOL016C,YDL014W,0,,0.0,0.0,0.1428571492433548
YPL211W,YKL008C,0,,0.0,0.0,0.14296787977218628
YOL088C,YGR172C,0,,0.0,0.0,0.14307862520217896
YOR033C,YDR119W,0,,0.0,0.0,0.14318937063217163
YPR058W,YBR239C,0,,0.0,0.0,0.1433001160621643
YDR314C,YDR382W,0,,0.0,0.0,0.1434108465909958
YAR050W,YLR319C,0,,0.0,0.0,0.14352159202098846
YNL088W,YJL137C,0,,0.0,0.0,0.14363233745098114
YLR368W,YOR198C,0,,0.0,0.0,0.14374308288097382
YHL018W,YFL008W,0,,0.0,0.0,0.1438538134098053
YHL018W,YOR140W,0,,0.0,0.0,0.14396455883979797
YKL086W,YMR309C,0,,0.0,0.0,0.14407530426979065
YLR372W,YCR083W,0,,0.0,0.0,0.14418604969978333
YPL032C,YBL002W,0,,0.0,0.0,0.144296795129776
YCR028C-A,YNL225C,0,,0.0,0.0,0.14440752565860748
YDR016C,YPL228W,0,,0.0,0.0,0.14451827108860016
YMR266W,YMR170C,0,,0.0,0.0,0.14462901651859283
YML111W,YDR001C,0,,0.0,0.0,0.1447397619485855
YGL020C,YNL312W,0,,0.0,0.0,0.144850492477417
YDR382W,YLR133W,0,,0.0,0.0,0.14496123790740967
YGL224C,YHR152W,0,,0.0,0.0,0.14507198333740234
YOR368W,YPR066W,0,,0.0,0.0,0.14518272876739502
YDL232W,YNL087W,0,,0.0,0.0,0.1452934592962265
YLR424W,YBL100W-A,0,,0.0,0.0,0.14540420472621918
YHR123W,YDR143C,0,,0.0,0.0,0.14551495015621185
YKL163W,YPL081W,0,,0.0,0.0,0.14562569558620453
YNL323W,YGR249W,0,,0.0,0.0,0.1457364410161972
YNL037C,YLR027C,0,,0.0,0.0,0.1458471715450287
YOR321W,YGR038W,0,,0.0,0.0,0.14595791697502136
YML064C,YKR086W,0,,0.0,0.0,0.14606866240501404
YEL077C,YPL181W,0,,0.0,0.0,0.1461794078350067
YGL013C,YPL128C,0,,0.0,0.0,0.1462901383638382
YDL103C,YNL106C,0,,0.0,0.0,0.14640088379383087
YFL034C-A,YLR449W,0,,0.0,0.0,0.14651162922382355
YLL032C,YML121W,0,,0.0,0.0,0.14662237465381622
YJL209W,YJR007W,0,,0.0,0.0,0.1467331051826477
YDR027C,YJR088C,0,,0.0,0.0,0.14684385061264038
YKL018W,YBR044C,0,,0.0,0.0,0.14695459604263306
YMR236W,YPL249C,0,,0.0,0.0,0.14706534147262573
YJL010C,YGR038W,0,,0.0,0.0,0.1471760869026184
YMR288W,YDL178W,0,,0.0,0.0,0.1472868174314499
YNR036C,YCL026C-A,0,,0.0,0.0,0.14739756286144257
YFR042W,YDR293C,0,,0.0,0.0,0.14750830829143524
YLR077W,YEL003W,0,,0.0,0.0,0.14761905372142792
YMR079W,YPL266W,0,,0.0,0.0,0.1477297842502594
YPR004C,YDL236W,0,,0.0,0.0,0.14784052968025208
YDR346C,YLR423C,0,,0.0,0.0,0.14795127511024475
YGL250W,YGR207C,0,,0.0,0.0,0.14806202054023743
YLR369W,YER118C,0,,0.0,0.0,0.1481727510690689
YLR226W,YJL184W,0,,0.0,0.0,0.14828349649906158
YJL177W,YER004W,0,,0.0,0.0,0.14839424192905426
YNL126W,YKL084W,0,,0.0,0.0,0.14850498735904694
YFR051C,YBL071W-A,0,,0.0,0.0,0.1486157327890396
YBR073W,YOR083W,0,,0.0,0.0,0.1487264633178711
YGL210W-A,YNR049C,0,,0.0,0.0,0.14883720874786377
YOR208W,YLR298C,0,,0.0,0.0,0.14894795417785645
YFR046C,YKL137W,0,,0.0,0.0,0.14905869960784912
YJR137C,YOR035C,0,,0.0,0.0,0.1491694301366806
YDR163W,YIR008C,0,,0.0,0.0,0.14928017556667328
YHR107C,YOR298C-A,0,,0.0,0.0,0.14939092099666595
YOR064C,YAL009W,0,,0.0,0.0,0.14950166642665863
YEL004W,YDR409W,0,,0.0,0.0,0.1496123969554901
YJR047C,YPL232W,0,,0.0,0.0,0.1497231423854828
YLR051C,YGR098C,0,,0.0,0.0,0.14983388781547546
YNL134C,YIL067C,0,,0.0,0.0,0.14994463324546814
YDR261C-C,YLR229C,0,,0.0,0.0,0.15005536377429962
YJL028W,YIL016W,0,,0.0,0.0,0.1501661092042923
YKR010C,YMR067C,0,,0.0,0.0,0.15027685463428497
YNR036C,YCR033W,0,,0.0,0.0,0.15038760006427765
YPR183W,YGR090W,0,,0.0,0.0,0.15049834549427032
YDR147W,YHR050W,0,,0.0,0.0,0.1506090760231018
YJL151C,YGL175C,0,,0.0,0.0,0.15071982145309448
YKL188C,YMR278W,0,,0.0,0.0,0.15083056688308716
YJL151C,YNL106C,0,,0.0,0.0,0.15094131231307983
YCR017C,YGL008C,0,,0.0,0.0,0.15105204284191132
YKR067W,YOR360C,0,,0.0,0.0,0.151162788271904
YGR152C,YDR477W,0,,0.0,0.0,0.15127353370189667
YOL013C,YCR023C,0,,0.0,0.0,0.15138427913188934
YKL071W,YPL255W,0,,0.0,0.0,0.15149500966072083
YBR234C,YPR079W,0,,0.0,0.0,0.1516057550907135
YPL275W,YJR064W,0,,0.0,0.0,0.15171650052070618
YJL207C,YFR009W,0,,0.0,0.0,0.15182724595069885
YBR215W,YDL161W,0,,0.0,0.0,0.15193799138069153
YFL053W,YGL065C,0,,0.0,0.0,0.152048721909523
YBR302C,YPL003W,0,,0.0,0.0,0.15215946733951569
YNL014W,YBR004C,0,,0.0,0.0,0.15227021276950836
YHR084W,YJL093C,0,,0.0,0.0,0.15238095819950104
YOR144C,YOR375C,0,,0.0,0.0,0.15249168872833252
YKR067W,YLR077W,0,,0.0,0.0,0.1526024341583252
YCL026C-A,YLR081W,0,,0.0,0.0,0.15271317958831787
YGL023C,YOL001W,0,,0.0,0.0,0.15282392501831055
YOR144C,YLR355C,0,,0.0,0.0,0.15293465554714203
YCR067C,YMR199W,0,,0.0,0.0,0.1530454009771347
YHR003C,YDR477W,0,,0.0,0.0,0.15315614640712738
YEL055C,YLR216C,0,,0.0,0.0,0.15326689183712006
YER065C,YFL031W,0,,0.0,0.0,0.15337763726711273
YOR017W,YJL076W,0,,0.0,0.0,0.1534883677959442
YFR009W,YGL181W,0,,0.0,0.0,0.1535991132259369
YDR153C,YER018C,0,,0.0,0.0,0.15370985865592957
YCL019W,YMR134W,0,,0.0,0.0,0.15382060408592224
YHR063C,YKR045C,0,,0.0,0.0,0.15393133461475372
YNL021W,YJR017C,0,,0.0,0.0,0.1540420800447464
YPL047W,YLR135W,0,,0.0,0.0,0.15415282547473907
YBR098W,YJR064W,0,,0.0,0.0,0.15426357090473175
YKL213C,YDR194C,0,,0.0,0.0,0.15437430143356323
YBR234C,YCR071C,0,,0.0,0.0,0.1544850468635559
YLR174W,YOR255W,0,,0.0,0.0,0.15459579229354858
YDL005C,YJL122W,0,,0.0,0.0,0.15470653772354126
YLR423C,YJL076W,0,,0.0,0.0,0.15481728315353394
YNL124W,YHR094C,0,,0.0,0.0,0.15492801368236542
YLR116W,YLR453C,0,,0.0,0.0,0.1550387591123581
YDL025C,YNL125C,0,,0.0,0.0,0.15514950454235077
YKL152C,YOR005C,0,,0.0,0.0,0.15526024997234344
YBL018C,YOL148C,0,,0.0,0.0,0.15537098050117493
YIL049W,YDR365W-B,0,,0.0,0.0,0.1554817259311676
YOL008W,YPL072W,0,,0.0,0.0,0.15559247136116028
YER065C,YJR091C,0,,0.0,0.0,0.15570321679115295
YJL151C,YBL009W,0,,0.0,0.0,0.15581394731998444
YNL256W,YPL249C,0,,0.0,0.0,0.1559246927499771
YGL131C,YOL113W,0,,0.0,0.0,0.1560354381799698
YEL020C,YNR069C,0,,0.0,0.0,0.15614618360996246
YEL026W,YER074W-A,0,,0.0,0.0,0.15625691413879395
YBL042C,YHR007C,0,,0.0,0.0,0.15636765956878662
YIL127C,YHL033C,0,,0.0,0.0,0.1564784049987793
YOL033W,YDR255C,0,,0.0,0.0,0.15658915042877197
YDL214C,YEL003W,0,,0.0,0.0,0.15669989585876465
YER019W,YCR048W,0,,0.0,0.0,0.15681062638759613
YBR215W,YHR083W,0,,0.0,0.0,0.1569213718175888
YAL005C,YHR042W,0,,0.0,0.0,0.15703211724758148
YIL110W,YNR039C,0,,0.0,0.0,0.15714286267757416
YML069W,YPL057C,0,,0.0,0.0,0.15725359320640564
YLR225C,YOR028C,0,,0.0,0.0,0.15736433863639832
YLL039C,YMR121C,0,,0.0,0.0,0.157475084066391
YBL002W,YER018C,0,,0.0,0.0,0.15758582949638367
YPR145W,YER075C,0,,0.0,0.0,0.15769656002521515
YGR041W,YLR133W,0,,0.0,0.0,0.15780730545520782
YHR176W,YBR244W,0,,0.0,0.0,0.1579180508852005
YJL074C,YGR065C,0,,0.0,0.0,0.15802879631519318
YDL188C,YKR086W,0,,0.0,0.0,0.15813954174518585
YGL011C,YOR141C,0,,0.0,0.0,0.15825027227401733
YBR217W,YDL066W,0,,0.0,0.0,0.15836101770401
YNL245C,YML118W,0,,0.0,0.0,0.15847176313400269
YFR028C,YJR017C,0,,0.0,0.0,0.15858250856399536
YLR064W,YIR021W,0,,0.0,0.0,0.15869323909282684
YKL137W,YGL097W,0,,0.0,0.0,0.15880398452281952
YFL034C-B,YKL160W,0,,0.0,0.0,0.1589147299528122
YBR084C-A,YLR256W,0,,0.0,0.0,0.15902547538280487
YOR284W,YGR280C,0,,0.0,0.0,0.15913620591163635
YOR173W,YER160C,0,,0.0,0.0,0.15924695134162903
YPL053C,YHL033C,0,,0.0,0.0,0.1593576967716217
YFL053W,YMR058W,0,,0.0,0.0,0.15946844220161438
YKL071W,YML069W,0,,0.0,0.0,0.15957918763160706
YPL152W,YKL157W,0,,0.0,0.0,0.15968991816043854
YDR261C-C,YAL032C,0,,0.0,0.0,0.1598006635904312
YPR181C,YKL184W,0,,0.0,0.0,0.1599114090204239
YJR144W,YPR004C,0,,0.0,0.0,0.16002215445041656
YER157W,YJR088C,0,,0.0,0.0,0.16013288497924805
YHR063C,YHR123W,0,,0.0,0.0,0.16024363040924072
YJL020C,YDR264C,0,,0.0,0.0,0.1603543758392334
YCR069W,YPL086C,0,,0.0,0.0,0.16046512126922607
YGL255W,YBR298C,0,,0.0,0.0,0.16057585179805756
YDR006C,YHR042W,0,,0.0,0.0,0.16068659722805023
YGL048C,YBR004C,0,,0.0,0.0,0.1607973426580429
YDL213C,YBR244W,0,,0.0,0.0,0.16090808808803558
YJL184W,YNL279W,0,,0.0,0.0,0.16101883351802826
YHR107C,YNL030W,0,,0.0,0.0,0.16112956404685974
YGL086W,YDL042C,0,,0.0,0.0,0.16124030947685242
YKL137W,YBR014C,0,,0.0,0.0,0.1613510549068451
YLR362W,YNL220W,0,,0.0,0.0,0.16146180033683777
YGR038C-A,YOR205C,0,,0.0,0.0,0.16157253086566925
YOR149C,YDR331W,0,,0.0,0.0,0.16168327629566193
YBR203W,YPR061C,0,,0.0,0.0,0.1617940217256546
YKL086W,YBR014C,0,,0.0,0.0,0.16190476715564728
YNR069C,YOR064C,0,,0.0,0.0,0.16201549768447876
YLR166C,YIR034C,0,,0.0,0.0,0.16212624311447144
YHL009C,YFR046C,0,,0.0,0.0,0.1622369885444641
YOR339C,YNL336W,0,,0.0,0.0,0.1623477339744568
YMR199W,YIL129C,0,,0.0,0.0,0.16245846450328827
YMR014W,YGL181W,0,,0.0,0.0,0.16256920993328094
YKL101W,YOR058C,0,,0.0,0.0,0.16267995536327362
YCL010C,YDR210W-A,0,,0.0,0.0,0.1627907007932663
YDR034C-D,YGL134W,0,,0.0,0.0,0.16290144622325897
YNL316C,YMR167W,0,,0.0,0.0,0.16301217675209045
YBL008W-A,YBR215W,0,,0.0,0.0,0.16312292218208313
YGR186W,YCL062W,0,,0.0,0.0,0.1632336676120758
YLR034C,YML069W,0,,0.0,0.0,0.16334441304206848
YNL024C-A,YCL010C,0,,0.0,0.0,0.16345514357089996
YBL016W,YLR210W,0,,0.0,0.0,0.16356588900089264
YGL160W,YNR049C,0,,0.0,0.0,0.16367663443088531
YHR018C,YPR022C,0,,0.0,0.0,0.163787379860878
YFR042W,YCR102C,0,,0.0,0.0,0.16389811038970947
YCR028C-A,YNL321W,0,,0.0,0.0,0.16400885581970215
YOR128C,YLL023C,0,,0.0,0.0,0.16411960124969482
YHR079C-A,YLR226W,0,,0.0,0.0,0.1642303466796875
YHL002W,YGL002W,0,,0.0,0.0,0.16434109210968018
YBR152W,YMR216C,0,,0.0,0.0,0.16445182263851166
YML001W,YGL097W,0,,0.0,0.0,0.16456256806850433
YFR042W,YBL050W,0,,0.0,0.0,0.164673313498497
YBR018C,YDL214C,0,,0.0,0.0,0.16478405892848969
YDL052C,YGL055W,0,,0.0,0.0,0.16489478945732117
YNL225C,YBL100W-A,0,,0.0,0.0,0.16500553488731384
YDR394W,YGL153W,0,,0.0,0.0,0.16511628031730652
YMR047C,YBL005W-A,0,,0.0,0.0,0.1652270257472992
YDL020C,YEL055C,0,,0.0,0.0,0.16533775627613068
YDR311W,YHR032W,0,,0.0,0.0,0.16544850170612335
YGL184C,YHR128W,0,,0.0,0.0,0.16555924713611603
YMR244C-A,YOR188W,0,,0.0,0.0,0.1656699925661087
YER183C,YOL060C,0,,0.0,0.0,0.16578073799610138
YKL163W,YDR452W,0,,0.0,0.0,0.16589146852493286
YBL042C,YBL050W,0,,0.0,0.0,0.16600221395492554
YOR214C,YLR155C,0,,0.0,0.0,0.1661129593849182
YPR183W,YDR394W,0,,0.0,0.0,0.1662237048149109
YFL050C,YGR209C,0,,0.0,0.0,0.16633443534374237
YMR135C,YDR113C,0,,0.0,0.0,0.16644518077373505
YGR284C,YOR028C,0,,0.0,0.0,0.16655592620372772
YGL048C,YKR022C,0,,0.0,0.0,0.1666666716337204
YGR038W,YER094C,0,,0.0,0.0,0.16677740216255188
YOL146W,YIL049W,0,,0.0,0.0,0.16688814759254456
YPL016W,YDR051C,0,,0.0,0.0,0.16699889302253723
YGL017W,YDR143C,0,,0.0,0.0,0.1671096384525299
YCR089W,YGR013W,0,,0.0,0.0,0.16722038388252258
YBR293W,YJR064W,0,,0.0,0.0,0.16733111441135406
YGR186W,YJR019C,0,,0.0,0.0,0.16744185984134674
YDR522C,YPL012W,0,,0.0,0.0,0.16755260527133942
YGL245W,YGL187C,0,,0.0,0.0,0.1676633507013321
YLR376C,YGR065C,0,,0.0,0.0,0.16777408123016357
YPL283C,YER160C,0,,0.0,0.0,0.16788482666015625
YBR136W,YPL108W,0,,0.0,0.0,0.16799557209014893
YHR050W,YMR309C,0,,0.0,0.0,0.1681063175201416
YOR118W,YDL044C,0,,0.0,0.0,0.16821704804897308
YPL217C,YML022W,0,,0.0,0.0,0.16832779347896576
YOR214C,YML001W,0,,0.0,0.0,0.16843853890895844
YGL011C,YDR266C,0,,0.0,0.0,0.1685492843389511
YOL013C,YDR394W,0,,0.0,0.0,0.1686600148677826
YGR209C,YPR056W,0,,0.0,0.0,0.16877076029777527
YCL019W,YHR143W-A,0,,0.0,0.0,0.16888150572776794
YJL139C,YER069W,0,,0.0,0.0,0.16899225115776062
YLR369W,YPR094W,0,,0.0,0.0,0.1691029965877533
YFR028C,YKL211C,0,,0.0,0.0,0.16921372711658478
YKR087C,YOL058W,0,,0.0,0.0,0.16932447254657745
YJL116C,YBL097W,0,,0.0,0.0,0.16943521797657013
YMR199W,YJL020C,0,,0.0,0.0,0.1695459634065628
YBR221C,YDR141C,0,,0.0,0.0,0.1696566939353943
YKL176C,YPL128C,0,,0.0,0.0,0.16976743936538696
YKL101W,YGL008C,0,,0.0,0.0,0.16987818479537964
YLR155C,YPL046C,0,,0.0,0.0,0.16998893022537231
YJL177W,YBL101C,0,,0.0,0.0,0.1700996607542038
YKL025C,YBL002W,0,,0.0,0.0,0.17021040618419647
YJL092W,YGR163W,0,,0.0,0.0,0.17032115161418915
YNL126W,YCR003W,0,,0.0,0.0,0.17043189704418182
YOL049W,YPL124W,0,,0.0,0.0,0.1705426424741745
YHR034C,YML065W,0,,0.0,0.0,0.17065337300300598
YIR021W,YOR056C,0,,0.0,0.0,0.17076411843299866
YJL209W,YLR002C,0,,0.0,0.0,0.17087486386299133
YPL212C,YGL234W,0,,0.0,0.0,0.170985609292984
YBR132C,YOR303W,0,,0.0,0.0,0.1710963398218155
YHR191C,YDR208W,0,,0.0,0.0,0.17120708525180817
YLR336C,YOL148C,0,,0.0,0.0,0.17131783068180084
YJL159W,YPR165W,0,,0.0,0.0,0.17142857611179352
YHR107C,YOL119C,0,,0.0,0.0,0.171539306640625
YDR017C,YBR088C,0,,0.0,0.0,0.17165005207061768
YOL148C,YLR453C,0,,0.0,0.0,0.17176079750061035
YGR125W,YPR058W,0,,0.0,0.0,0.17187154293060303
YBR215W,YIL122W,0,,0.0,0.0,0.1719822883605957
YDR311W,YDR104C,0,,0.0,0.0,0.17209301888942719
YCR069W,YDR489W,0,,0.0,0.0,0.17220376431941986
YCR024C-A,YGL156W,0,,0.0,0.0,0.17231450974941254
YBR077C,YDR352W,0,,0.0,0.0,0.1724252551794052
YBL016W,YDR432W,0,,0.0,0.0,0.1725359857082367
YMR288W,YMR197C,0,,0.0,0.0,0.17264673113822937
YOR130C,YFL003C,0,,0.0,0.0,0.17275747656822205
YNL323W,YJR067C,0,,0.0,0.0,0.17286822199821472
YDR191W,YDL066W,0,,0.0,0.0,0.1729789525270462
YML131W,YDL222C,0,,0.0,0.0,0.17308969795703888
YHL020C,YDR210W-A,0,,0.0,0.0,0.17320044338703156
YIL162W,YHR032W,0,,0.0,0.0,0.17331118881702423
YDR184C,YCL040W,0,,0.0,0.0,0.1734219342470169
YNR056C,YPR201W,0,,0.0,0.0,0.1735326647758484
YNL224C,YJR017C,0,,0.0,0.0,0.17364341020584106
YML026C,YOR295W,0,,0.0,0.0,0.17375415563583374
YLR298C,YJL002C,0,,0.0,0.0,0.17386490106582642
YPL024W,YIL122W,0,,0.0,0.0,0.1739756315946579
YCR033W,YGL097W,0,,0.0,0.0,0.17408637702465057
YHR062C,YDR291W,0,,0.0,0.0,0.17419712245464325
YBR217W,YBR139W,0,,0.0,0.0,0.17430786788463593
YHR042W,YPL108W,0,,0.0,0.0,0.1744185984134674
YHR112C,YPR158W-A,0,,0.0,0.0,0.17452934384346008
YLR336C,YKL221W,0,,0.0,0.0,0.17464008927345276
YML029W,YPL072W,0,,0.0,0.0,0.17475083470344543
YLR431C,YPL255W,0,,0.0,0.0,0.17486156523227692
YLR205C,YPL008W,0,,0.0,0.0,0.1749723106622696
YAL009W,YDR198C,0,,0.0,0.0,0.17508305609226227
YMR266W,YPL162C,0,,0.0,0.0,0.17519380152225494
YGR087C,YLR095C,0,,0.0,0.0,0.17530454695224762
YPR201W,YHR091C,0,,0.0,0.0,0.1754152774810791
YKL046C,YBR227C,0,,0.0,0.0,0.17552602291107178
YBR258C,YBR044C,0,,0.0,0.0,0.17563676834106445
YDR073W,YFR009W,0,,0.0,0.0,0.17574751377105713
YPR181C,YIL157C,0,,0.0,0.0,0.1758582442998886
YBL050W,YLR135W,0,,0.0,0.0,0.1759689897298813
YOR202W,YER170W,0,,0.0,0.0,0.17607973515987396
YHR034C,YBR154C,0,,0.0,0.0,0.17619048058986664
YGR278W,YKL065C,0,,0.0,0.0,0.17630121111869812
YBR070C,YPL118W,0,,0.0,0.0,0.1764119565486908
YPL152W,YHR141C,0,,0.0,0.0,0.17652270197868347
YBL045C,YJR067C,0,,0.0,0.0,0.17663344740867615
YOR149C,YGR038C-A,0,,0.0,0.0,0.17674419283866882
YOR329C,YMR104C,0,,0.0,0.0,0.1768549233675003
YOR017W,YDL122W,0,,0.0,0.0,0.17696566879749298
YNL069C,YDR141C,0,,0.0,0.0,0.17707641422748566
YDR191W,YDL014W,0,,0.0,0.0,0.17718715965747833
YPL246C,YOL041C,0,,0.0,0.0,0.17729789018630981
YIL117C,YGR166W,0,,0.0,0.0,0.1774086356163025
YER144C,YKR099C-A,0,,0.0,0.0,0.17751938104629517
YIL040W,YGL044C,0,,0.0,0.0,0.17763012647628784
YDR408C,YHR072W-A,0,,0.0,0.0,0.17774085700511932
YPL132W,YLR355C,0,,0.0,0.0,0.177851602435112
YJL113W,YDR488C,0,,0.0,0.0,0.17796234786510468
YDR338C,YHL018W,0,,0.0,0.0,0.17807309329509735
YDL014W,YNL099C,0,,0.0,0.0,0.17818383872509003
YDL232W,YJR014W,0,,0.0,0.0,0.1782945692539215
YCL038C,YDR450W,0,,0.0,0.0,0.17840531468391418
YHR007C,YLR256W,0,,0.0,0.0,0.17851606011390686
YFL062W,YPL187W,0,,0.0,0.0,0.17862680554389954
YKR029C,YOR077W,0,,0.0,0.0,0.17873753607273102
YIR007W,YGL022W,0,,0.0,0.0,0.1788482815027237
YJR099W,YLR408C,0,,0.0,0.0,0.17895902693271637
YHR083W,YBR201W,0,,0.0,0.0,0.17906977236270905
YER035W,YER157W,0,,0.0,0.0,0.17918050289154053
YPR018W,YMR029C,0,,0.0,0.0,0.1792912483215332
YNL323W,YER166W,0,,0.0,0.0,0.17940199375152588
YOL041C,YNL224C,0,,0.0,0.0,0.17951273918151855
YNR063W,YLR216C,0,,0.0,0.0,0.17962348461151123
YDL212W,YFL034C-A,0,,0.0,0.0,0.1797342151403427
YLR051C,YGR065C,0,,0.0,0.0,0.1798449605703354
YBR290W,YBR244W,0,,0.0,0.0,0.17995570600032806
YML033W,YLL054C,0,,0.0,0.0,0.18006645143032074
YGR161C-C,YPR009W,0,,0.0,0.0,0.18017718195915222
YPL275W,YHR203C,0,,0.0,0.0,0.1802879273891449
YKL125W,YOR141C,0,,0.0,0.0,0.18039867281913757
YDR073W,YGR038W,0,,0.0,0.0,0.18050941824913025
YPR164W,YJL118W,0,,0.0,0.0,0.18062014877796173
YHR043C,YBR167C,0,,0.0,0.0,0.1807308942079544
YER069W,YOR153W,0,,0.0,0.0,0.18084163963794708
YMR278W,YCL011C,0,,0.0,0.0,0.18095238506793976
YBR106W,YLR095C,0,,0.0,0.0,0.18106311559677124
YLR262C,YJR077C,0,,0.0,0.0,0.18117386102676392
YKL113C,YPL057C,0,,0.0,0.0,0.1812846064567566
YGR038C-B,YGL032C,0,,0.0,0.0,0.18139535188674927
YBL102W,YFL003C,0,,0.0,0.0,0.18150609731674194
YFR051C,YCR003W,0,,0.0,0.0,0.18161682784557343
YLR336C,YIL067C,0,,0.0,0.0,0.1817275732755661
YMR283C,YPR058W,0,,0.0,0.0,0.18183831870555878
YBR019C,YML093W,0,,0.0,0.0,0.18194906413555145
YKR067W,YGL254W,0,,0.0,0.0,0.18205979466438293
YLR405W,YLR155C,0,,0.0,0.0,0.1821705400943756
YLL010C,YLR089C,0,,0.0,0.0,0.1822812855243683
YAL001C,YFR044C,0,,0.0,0.0,0.18239203095436096
YJR047C,YBL046W,0,,0.0,0.0,0.18250276148319244
YKL220C,YGR038C-B,0,,0.0,0.0,0.18261350691318512
YIL066C,YHR084W,0,,0.0,0.0,0.1827242523431778
YPL055C,YOR295W,0,,0.0,0.0,0.18283499777317047
YJR129C,YLR449W,0,,0.0,0.0,0.18294574320316315
YNL125C,YGL254W,0,,0.0,0.0,0.18305647373199463
YPL128C,YOR083W,0,,0.0,0.0,0.1831672191619873
YFR046C,YMR280C,0,,0.0,0.0,0.18327796459197998
YGR287C,YLR084C,0,,0.0,0.0,0.18338871002197266
YHL001W,YBR106W,0,,0.0,0.0,0.18349944055080414
YER069W,YDR324C,0,,0.0,0.0,0.18361018598079681
YCR097W,YNL005C,0,,0.0,0.0,0.1837209314107895
YLR057W,YOR196C,0,,0.0,0.0,0.18383167684078217
YJL154C,YNL003C,0,,0.0,0.0,0.18394240736961365
YDR432W,YEL055C,0,,0.0,0.0,0.18405315279960632
YMR116C,YHR203C,0,,0.0,0.0,0.184163898229599
YGL224C,YGL099W,0,,0.0,0.0,0.18427464365959167
YMR047C,YNL058C,0,,0.0,0.0,0.18438538908958435
YDR524C-B,YBR110W,0,,0.0,0.0,0.18449611961841583
YDR540C,YAL014C,0,,0.0,0.0,0.1846068650484085
YHR062C,YPL072W,0,,0.0,0.0,0.18471761047840118
YDR485C,YGR091W,0,,0.0,0.0,0.18482835590839386
YPL029W,YMR216C,0,,0.0,0.0,0.18493908643722534
YKR092C,YGR277C,0,,0.0,0.0,0.18504983186721802
YIL117C,YPL132W,0,,0.0,0.0,0.1851605772972107
YBR104W,YLL028W,0,,0.0,0.0,0.18527132272720337
YDR104C,YLL023C,0,,0.0,0.0,0.18538205325603485
YIL099W,YPL037C,0,,0.0,0.0,0.18549279868602753
YMR079W,YGL131C,0,,0.0,0.0,0.1856035441160202
YHR102W,YFL002C,0,,0.0,0.0,0.18571428954601288
YGL033W,YML010W,0,,0.0,0.0,0.18582503497600555
YGL048C,YPL181W,0,,0.0,0.0,0.18593576550483704
YGR074W,YDR316W,0,,0.0,0.0,0.1860465109348297
YDL188C,YIL121W,0,,0.0,0.0,0.1861572563648224
YLR262C,YJR129C,0,,0.0,0.0,0.18626800179481506
YGL100W,YDR221W,0,,0.0,0.0,0.18637873232364655
YGL048C,YCL026C-A,0,,0.0,0.0,0.18648947775363922
YHR072W-A,YBL027W,0,,0.0,0.0,0.1866002231836319
YKR087C,YOR360C,0,,0.0,0.0,0.18671096861362457
YPL037C,YPR124W,0,,0.0,0.0,0.18682169914245605
YNL186W,YDR331W,0,,0.0,0.0,0.18693244457244873
YIR007W,YBR161W,0,,0.0,0.0,0.1870431900024414
YOR362C,YIL105C,0,,0.0,0.0,0.18715393543243408
YML123C,YOR284W,0,,0.0,0.0,0.18726466596126556
YHR079C-A,YDL193W,0,,0.0,0.0,0.18737541139125824
YGR121C,YOR010C,0,,0.0,0.0,0.18748615682125092
YLR405W,YLR027C,0,,0.0,0.0,0.1875969022512436
YKL101W,YGL047W,0,,0.0,0.0,0.18770764768123627
YAL042W,YBL100W-A,0,,0.0,0.0,0.18781837821006775
YDR477W,YGR206W,0,,0.0,0.0,0.18792912364006042
YIR007W,YBR079C,0,,0.0,0.0,0.1880398690700531
YKR086W,YLR362W,0,,0.0,0.0,0.18815061450004578
YPL162C,YGR172C,0,,0.0,0.0,0.18826134502887726
YNL075W,YOR205C,0,,0.0,0.0,0.18837209045886993
YKL216W,YOR367W,0,,0.0,0.0,0.1884828358888626
YDR255C,YPL008W,0,,0.0,0.0,0.18859358131885529
YMR283C,YGR195W,0,,0.0,0.0,0.18870431184768677
YLR336C,YNL030W,0,,0.0,0.0,0.18881505727767944
YKL096W,YER048C,0,,0.0,0.0,0.18892580270767212
YHR121W,YPL228W,0,,0.0,0.0,0.1890365481376648
YNL090W,YBR083W,0,,0.0,0.0,0.18914729356765747
YER048C,YDL020C,0,,0.0,0.0,0.18925802409648895
YJL177W,YGL156W,0,,0.0,0.0,0.18936876952648163
YKL027W,YJL020C,0,,0.0,0.0,0.1894795149564743
YBR203W,YAR008W,0,,0.0,0.0,0.18959026038646698
YEL060C,YNL312W,0,,0.0,0.0,0.18970099091529846
YDR210W,YMR030W,0,,0.0,0.0,0.18981173634529114
YNL037C,YEL042W,0,,0.0,0.0,0.1899224817752838
YLR034C,YGL245W,0,,0.0,0.0,0.1900332272052765
YDR027C,YLR332W,0,,0.0,0.0,0.19014395773410797
YGR038W,YNL241C,0,,0.0,0.0,0.19025470316410065
YIR021W,YDR123C,0,,0.0,0.0,0.19036544859409332
YOL097C,YMR202W,0,,0.0,0.0,0.190476194024086
YNL154C,YDR538W,0,,0.0,0.0,0.19058693945407867
YDR485C,YGL086W,0,,0.0,0.0,0.19069766998291016
YHR187W,YNL305C,0,,0.0,0.0,0.19080841541290283
YDR104C,YBL016W,0,,0.0,0.0,0.1909191608428955
YML038C,YHR098C,0,,0.0,0.0,0.19102990627288818
YDR142C,YIL131C,0,,0.0,0.0,0.19114063680171967
YGL131C,YJL076W,0,,0.0,0.0,0.19125138223171234
YDR322C-A,YOR003W,0,,0.0,0.0,0.19136212766170502
YPL009C,YJR043C,0,,0.0,0.0,0.1914728730916977
YOR231W,YDL165W,0,,0.0,0.0,0.19158360362052917
YFR004W,YKL216W,0,,0.0,0.0,0.19169434905052185
YBR133C,YDR540C,0,,0.0,0.0,0.19180509448051453
YPL057C,YPL270W,0,,0.0,0.0,0.1919158399105072
YDR210W-D,YKL120W,0,,0.0,0.0,0.19202658534049988
YOL016C,YIL082W-A,0,,0.0,0.0,0.19213731586933136
YNL064C,YDR202C,0,,0.0,0.0,0.19224806129932404
YHR062C,YDR450W,0,,0.0,0.0,0.1923588067293167
YGL130W,YCR043C,0,,0.0,0.0,0.1924695521593094
YPL081W,YNL113W,0,,0.0,0.0,0.19258028268814087
YIL049W,YNL241C,0,,0.0,0.0,0.19269102811813354
YOR003W,YLL042C,0,,0.0,0.0,0.19280177354812622
YBL040C,YER075C,0,,0.0,0.0,0.1929125189781189
YIL073C,YDL165W,0,,0.0,0.0,0.19302324950695038
YPL164C,YER183C,0,,0.0,0.0,0.19313399493694305
YOR210W,YDR324C,0,,0.0,0.0,0.19324474036693573
YJL137C,YGL160W,0,,0.0,0.0,0.1933554857969284
YPL170W,YNL005C,0,,0.0,0.0,0.1934662163257599
YHR107C,YKL208W,0,,0.0,0.0,0.19357696175575256
YPR183W,YER119C,0,,0.0,0.0,0.19368770718574524
YPL032C,YGL097W,0,,0.0,0.0,0.19379845261573792
YDR020C,YOR198C,0,,0.0,0.0,0.1939091980457306
YPR124W,YEL071W,0,,0.0,0.0,0.19401992857456207
YPR104C,YMR058W,0,,0.0,0.0,0.19413067400455475
YJL209W,YDR506C,0,,0.0,0.0,0.19424141943454742
YIL158W,YJR014W,0,,0.0,0.0,0.1943521648645401
YJL137C,YPL255W,0,,0.0,0.0,0.19446289539337158
YMR104C,YGL207W,0,,0.0,0.0,0.19457364082336426
YJR129C,YFL034C-A,0,,0.0,0.0,0.19468438625335693
YLL052C,YLR003C,0,,0.0,0.0,0.1947951316833496
YBR236C,YGR207C,0,,0.0,0.0,0.1949058622121811
YGL013C,YAR014C,0,,0.0,0.0,0.19501660764217377
YJR017C,YGR207C,0,,0.0,0.0,0.19512735307216644
YGL208W,YNL229C,0,,0.0,0.0,0.19523809850215912
YDL042C,YER016W,0,,0.0,0.0,0.1953488439321518
YIR021W,YJL020C,0,,0.0,0.0,0.19545957446098328
YMR278W,YKR045C,0,,0.0,0.0,0.19557031989097595
YAL001C,YDR099W,0,,0.0,0.0,0.19568106532096863
YKL209C,YKL120W,0,,0.0,0.0,0.1957918107509613
YDR348C,YGR215W,0,,0.0,0.0,0.19590254127979279
YPR101W,YNL245C,0,,0.0,0.0,0.19601328670978546
YGR240C,YNL030W,0,,0.0,0.0,0.19612403213977814
YEL055C,YDR085C,0,,0.0,0.0,0.1962347775697708
YBL027W,YER094C,0,,0.0,0.0,0.1963455080986023
YIL073C,YPL008W,0,,0.0,0.0,0.19645625352859497
YBR234C,YPL032C,0,,0.0,0.0,0.19656699895858765
YAR014C,YPL108W,0,,0.0,0.0,0.19667774438858032
YOR234C,YKR029C,0,,0.0,0.0,0.196788489818573
YKR022C,YGR132C,0,,0.0,0.0,0.19689922034740448
YBL004W,YMR092C,0,,0.0,0.0,0.19700996577739716
YOR312C,YOL089C,0,,0.0,0.0,0.19712071120738983
YER016W,YER157W,0,,0.0,0.0,0.1972314566373825
YLR057W,YLR084C,0,,0.0,0.0,0.197342187166214
YBL009W,YER074W-A,0,,0.0,0.0,0.19745293259620667
YPL232W,YBL027W,0,,0.0,0.0,0.19756367802619934
YJL204C,YDL214C,0,,0.0,0.0,0.19767442345619202
YHR216W,YGR247W,0,,0.0,0.0,0.1977851539850235
YER048C,YDR043C,0,,0.0,0.0,0.19789589941501617
YBR200W,YGR027W-A,0,,0.0,0.0,0.19800664484500885
YHR134W,YDR141C,0,,0.0,0.0,0.19811739027500153
YFL024C,YPL032C,0,,0.0,0.0,0.1982281357049942
YGL017W,YFR009W,0,,0.0,0.0,0.19833886623382568
YJL203W,YHR045W,0,,0.0,0.0,0.19844961166381836
YPR058W,YEL047C,0,,0.0,0.0,0.19856035709381104
YLR378C,YGR140W,0,,0.0,0.0,0.1986711025238037
YLR388W,YKL101W,0,,0.0,0.0,0.1987818330526352
YOR118W,YGL043W,0,,0.0,0.0,0.19889257848262787
YPL037C,YMR029C,0,,0.0,0.0,0.19900332391262054
YPR185W,YOR245C,0,,0.0,0.0,0.19911406934261322
YLR320W,YNR039C,0,,0.0,0.0,0.1992247998714447
YGL047W,YCL020W,0,,0.0,0.0,0.19933554530143738
YJL063C,YLR376C,0,,0.0,0.0,0.19944629073143005
YER065C,YMR231W,0,,0.0,0.0,0.19955703616142273
YBR152W,YCR033W,0,,0.0,0.0,0.1996677666902542
YPR145W,YLR138W,0,,0.0,0.0,0.1997785121202469
YGR048W,YJL093C,0,,0.0,0.0,0.19988925755023956
YNL021W,YIL050W,0,,0.0,0.0,0.20000000298023224
YOR197W,YPR004C,0,,0.0,0.0,0.20011074841022491
YDR210W,YKL211C,0,,0.0,0.0,0.2002214789390564
YFL009W,YMR278W,0,,0.0,0.0,0.20033222436904907
YBR179C,YPR052C,0,,0.0,0.0,0.20044296979904175
YBL040C,YBR084C-A,0,,0.0,0.0,0.20055371522903442
YPR061C,YMR231W,0,,0.0,0.0,0.2006644457578659
YMR121C,YML024W,0,,0.0,0.0,0.20077519118785858
YJL115W,YPL069C,0,,0.0,0.0,0.20088593661785126
YBR057C,YMR060C,0,,0.0,0.0,0.20099668204784393
YJL092W,YPL072W,0,,0.0,0.0,0.20110741257667542
YBR228W,YDL222C,0,,0.0,0.0,0.2012181580066681
YBR044C,YBR014C,0,,0.0,0.0,0.20132890343666077
YDR043C,YDR324C,0,,0.0,0.0,0.20143964886665344
YPL242C,YKR086W,0,,0.0,0.0,0.20155039429664612
YKR022C,YLR081W,0,,0.0,0.0,0.2016611248254776
YMR323W,YIL110W,0,,0.0,0.0,0.20177187025547028
YOL097C,YNR069C,0,,0.0,0.0,0.20188261568546295
YMR104C,YDL049C,0,,0.0,0.0,0.20199336111545563
YGR059W,YOR118W,0,,0.0,0.0,0.2021040916442871
YER065C,YML093W,0,,0.0,0.0,0.20221483707427979
YJL051W,YCR033W,0,,0.0,0.0,0.20232558250427246
YKL146W,YDR143C,0,,0.0,0.0,0.20243632793426514
YNL300W,YHR083W,0,,0.0,0.0,0.20254705846309662
YIL162W,YGR132C,0,,0.0,0.0,0.2026578038930893
YML064C,YIL099W,0,,0.0,0.0,0.20276854932308197
YPL237W,YOR284W,0,,0.0,0.0,0.20287929475307465
YIR003W,YIL031W,0,,0.0,0.0,0.20299004018306732
YKR029C,YIL122W,0,,0.0,0.0,0.2031007707118988
YLR034C,YHR016C,0,,0.0,0.0,0.20321151614189148
YLR275W,YHR178W,0,,0.0,0.0,0.20332226157188416
YLR320W,YBR179C,0,,0.0,0.0,0.20343300700187683
YJL018W,YGL047W,0,,0.0,0.0,0.2035437375307083
YER019W,YPL084W,0,,0.0,0.0,0.203654482960701
YNL030W,YJL118W,0,,0.0,0.0,0.20376522839069366
YMR134W,YHR026W,0,,0.0,0.0,0.20387597382068634
YGR203W,YEL003W,0,,0.0,0.0,0.20398670434951782
YLR034C,YKL167C,0,,0.0,0.0,0.2040974497795105
YOR208W,YDR141C,0,,0.0,0.0,0.20420819520950317
YDR261C-C,YJL122W,0,,0.0,0.0,0.20431894063949585
YDR097C,YML029W,0,,0.0,0.0,0.20442968606948853
YOR210W,YGR065C,0,,0.0,0.0,0.20454041659832
YGR195W,YDR267C,0,,0.0,0.0,0.20465116202831268
YPR018W,YIL129C,0,,0.0,0.0,0.20476190745830536
YDR322C-A,YMR083W,0,,0.0,0.0,0.20487265288829803
YMR189W,YOR188W,0,,0.0,0.0,0.20498338341712952
YOR214C,YML075C,0,,0.0,0.0,0.2050941288471222
YAL032C,YBL003C,0,,0.0,0.0,0.20520487427711487
YPL242C,YOL119C,0,,0.0,0.0,0.20531561970710754
YHL009C,YDR485C,0,,0.0,0.0,0.20542635023593903
YML130C,YKL184W,0,,0.0,0.0,0.2055370956659317
YGR038C-A,YML062C,0,,0.0,0.0,0.20564784109592438
YBL003C,YBR008C,0,,0.0,0.0,0.20575858652591705
YPL086C,YGR284C,0,,0.0,0.0,0.20586931705474854
YDR020C,YOR030W,0,,0.0,0.0,0.2059800624847412
YER019W,YLR064W,0,,0.0,0.0,0.2060908079147339
YPL211W,YDR171W,0,,0.0,0.0,0.20620155334472656
YLR272C,YKL139W,0,,0.0,0.0,0.20631229877471924
YOL091W,YDR198C,0,,0.0,0.0,0.20642302930355072
YLR405W,YDR316W,0,,0.0,0.0,0.2065337747335434
YER146W,YOR202W,0,,0.0,0.0,0.20664452016353607
YDL002C,YGR247W,0,,0.0,0.0,0.20675526559352875
YML093W,YOL049W,0,,0.0,0.0,0.20686599612236023
YML093W,YGR067C,0,,0.0,0.0,0.2069767415523529
YDR147W,YPL015C,0,,0.0,0.0,0.20708748698234558
YBR265W,YPR009W,0,,0.0,0.0,0.20719823241233826
YIL085C,YOR231W,0,,0.0,0.0,0.20730896294116974
YER144C,YBR200W,0,,0.0,0.0,0.20741970837116241
YDR339C,YER166W,0,,0.0,0.0,0.2075304538011551
YPL037C,YOR030W,0,,0.0,0.0,0.20764119923114777
YEL034W,YJL036W,0,,0.0,0.0,0.20775194466114044
YLR077W,YHR032W,0,,0.0,0.0,0.20786267518997192
YMR288W,YAR071W,0,,0.0,0.0,0.2079734206199646
YDR488C,YEL071W,0,,0.0,0.0,0.20808416604995728
YGR148C,YGL013C,0,,0.0,0.0,0.20819491147994995
YLR174W,YBR161W,0,,0.0,0.0,0.20830564200878143
YML126C,YDR153C,0,,0.0,0.0,0.2084163874387741
YLR332W,YDL058W,0,,0.0,0.0,0.20852713286876678
YBL042C,YMR052W,0,,0.0,0.0,0.20863787829875946
YDR294C,YML046W,0,,0.0,0.0,0.20874860882759094
YHR121W,YHR026W,0,,0.0,0.0,0.20885935425758362
YBL099W,YDR001C,0,,0.0,0.0,0.2089700996875763
YBR216C,YCR034W,0,,0.0,0.0,0.20908084511756897
YNL090W,YHR043C,0,,0.0,0.0,0.20919159054756165
YNL186W,YEL046C,0,,0.0,0.0,0.20930232107639313
YGR087C,YMR278W,0,,0.0,0.0,0.2094130665063858
YDL052C,YGR172C,0,,0.0,0.0,0.20952381193637848
YLR376C,YGR186W,0,,0.0,0.0,0.20963455736637115
YHR079C-A,YDR450W,0,,0.0,0.0,0.20974528789520264
YLL015W,YGL175C,0,,0.0,0.0,0.2098560333251953
YKL188C,YMR280C,0,,0.0,0.0,0.209966778755188
YOR336W,YPL012W,0,,0.0,0.0,0.21007752418518066
YER146W,YNL014W,0,,0.0,0.0,0.21018825471401215
YGL099W,YLR057W,0,,0.0,0.0,0.21029900014400482
YCL010C,YBR167C,0,,0.0,0.0,0.2104097455739975
YBR253W,YDR037W,0,,0.0,0.0,0.21052049100399017
YMR135C,YOR368W,0,,0.0,0.0,0.21063123643398285
YGR013W,YPL190C,0,,0.0,0.0,0.21074196696281433
YFR051C,YOL039W,0,,0.0,0.0,0.210852712392807
YMR116C,YJR067C,0,,0.0,0.0,0.21096345782279968
YKR098C,YDR524C-B,0,,0.0,0.0,0.21107420325279236
YBR127C,YPR124W,0,,0.0,0.0,0.21118493378162384
YLR138W,YPL003W,0,,0.0,0.0,0.21129567921161652
YGL033W,YPL265W,0,,0.0,0.0,0.2114064246416092
YGR257C,YBL003C,0,,0.0,0.0,0.21151717007160187
YAL001C,YJR093C,0,,0.0,0.0,0.21162790060043335
YPR107C,YBL003C,0,,0.0,0.0,0.21173864603042603
YPL270W,YIL129C,0,,0.0,0.0,0.2118493914604187
YDR264C,YLR355C,0,,0.0,0.0,0.21196013689041138
YOL075C,YDR206W,0,,0.0,0.0,0.21207086741924286
YPR066W,YBL009W,0,,0.0,0.0,0.21218161284923553
YPR020W,YCR024C-A,0,,0.0,0.0,0.2122923582792282
YCL062W,YJR144W,0,,0.0,0.0,0.2124031037092209
YOR298C-A,YNL254C,0,,0.0,0.0,0.21251384913921356
YGR049W,YDL153C,0,,0.0,0.0,0.21262457966804504
YGL255W,YGR231C,0,,0.0,0.0,0.21273532509803772
YLR081W,YPL181W,0,,0.0,0.0,0.2128460705280304
YDR519W,YNL241C,0,,0.0,0.0,0.21295681595802307
YBR265W,YGL055W,0,,0.0,0.0,0.21306754648685455
YGR048W,YNL053W,0,,0.0,0.0,0.21317829191684723
YBL042C,YOR028C,0,,0.0,0.0,0.2132890373468399
YIR007W,YOR088W,0,,0.0,0.0,0.21339978277683258
YNR056C,YGR065C,0,,0.0,0.0,0.21351051330566406
YER054C,YPR052C,0,,0.0,0.0,0.21362125873565674
YGR133W,YCR017C,0,,0.0,0.0,0.21373200416564941
YCR068W,YHR043C,0,,0.0,0.0,0.2138427495956421
YMR106C,YOR256C,0,,0.0,0.0,0.21395349502563477
YHR216W,YLR070C,0,,0.0,0.0,0.21406422555446625
YIL063C,YMR092C,0,,0.0,0.0,0.21417497098445892
YDR113C,YIL010W,0,,0.0,0.0,0.2142857164144516
YDL153C,YLR421C,0,,0.0,0.0,0.21439646184444427
YHR107C,YPL230W,0,,0.0,0.0,0.21450719237327576
YDL052C,YGL079W,0,,0.0,0.0,0.21461793780326843
YLR084C,YKL208W,0,,0.0,0.0,0.2147286832332611
YOL094C,YGR038C-B,0,,0.0,0.0,0.21483942866325378
YDL103C,YNR036C,0,,0.0,0.0,0.21495015919208527
YDR216W,YMR052W,0,,0.0,0.0,0.21506090462207794
YBR103W,YDL150W,0,,0.0,0.0,0.21517165005207062
YBR083W,YPL008W,0,,0.0,0.0,0.2152823954820633
YBR203W,YIL023C,0,,0.0,0.0,0.21539314091205597
YDR142C,YFL031W,0,,0.0,0.0,0.21550387144088745
YHL001W,YHR128W,0,,0.0,0.0,0.21561461687088013
YCR003W,YCL027C-A,0,,0.0,0.0,0.2157253623008728
YKR092C,YNL125C,0,,0.0,0.0,0.21583610773086548
YNL069C,YOR339C,0,,0.0,0.0,0.21594683825969696
YKL071W,YNL321W,0,,0.0,0.0,0.21605758368968964
YOL044W,YAL009W,0,,0.0,0.0,0.2161683291196823
YOR361C,YJL207C,0,,0.0,0.0,0.216279074549675
YPL236C,YLR117C,0,,0.0,0.0,0.21638980507850647
YML069W,YAL047C,0,,0.0,0.0,0.21650055050849915
YLR128W,YKL096W,0,,0.0,0.0,0.21661129593849182
YDR051C,YPR121W,0,,0.0,0.0,0.2167220413684845
YDR099W,YML072C,0,,0.0,0.0,0.21683278679847717
YDL042C,YNL252C,0,,0.0,0.0,0.21694351732730865
YFL034C-A,YNL326C,0,,0.0,0.0,0.21705426275730133
YIL117C,YHR091C,0,,0.0,0.0,0.217165008187294
YKR022C,YDR266C,0,,0.0,0.0,0.21727575361728668
YLR298C,YDL150W,0,,0.0,0.0,0.21738648414611816
YDR210W-D,YGL257C,0,,0.0,0.0,0.21749722957611084
YMR263W,YDR186C,0,,0.0,0.0,0.21760797500610352
YNL315C,YNL037C,0,,0.0,0.0,0.2177187204360962
YBL005W-A,YNL220W,0,,0.0,0.0,0.21782945096492767
YHR091C,YKL184W,0,,0.0,0.0,0.21794019639492035
YOR094W,YPL005W,0,,0.0,0.0,0.21805094182491302
YMR323W,YML062C,0,,0.0,0.0,0.2181616872549057
YGL166W,YDR489W,0,,0.0,0.0,0.21827243268489838
YOR056C,YJL050W,0,,0.0,0.0,0.21838316321372986
YDL020C,YBL066C,0,,0.0,0.0,0.21849390864372253
YDR266C,YBR104W,0,,0.0,0.0,0.2186046540737152
YML078W,YGL234W,0,,0.0,0.0,0.21871539950370789
YDR408C,YER039C,0,,0.0,0.0,0.21882613003253937
YGR161C-C,YDR156W,0,,0.0,0.0,0.21893687546253204
YFR042W,YLL054C,0,,0.0,0.0,0.21904762089252472
YJL018W,YGR271C-A,0,,0.0,0.0,0.2191583663225174
YCL020W,YGL245W,0,,0.0,0.0,0.21926909685134888
YNL053W,YPL066W,0,,0.0,0.0,0.21937984228134155
YDL239C,YOR303W,0,,0.0,0.0,0.21949058771133423
YKL125W,YNL037C,0,,0.0,0.0,0.2196013331413269
YOL027C,YDR331W,0,,0.0,0.0,0.2197120636701584
YBR070C,YBR110W,0,,0.0,0.0,0.21982280910015106
YKL091C,YIL073C,0,,0.0,0.0,0.21993355453014374
YBR203W,YPL266W,0,,0.0,0.0,0.2200442999601364
YKL208W,YLL005C,0,,0.0,0.0,0.2201550453901291
YDR462W,YGL097W,0,,0.0,0.0,0.22026577591896057
YPL005W,YNL093W,0,,0.0,0.0,0.22037652134895325
YBL004W,YKR042W,0,,0.0,0.0,0.22048726677894592
YGL156W,YOR375C,0,,0.0,0.0,0.2205980122089386
YLR128W,YGR090W,0,,0.0,0.0,0.22070874273777008
YOR095C,YLR376C,0,,0.0,0.0,0.22081948816776276
YDR506C,YNL124W,0,,0.0,0.0,0.22093023359775543
YKL113C,YHL022C,0,,0.0,0.0,0.2210409790277481
YLR275W,YOR344C,0,,0.0,0.0,0.2211517095565796
YJL063C,YJL160C,0,,0.0,0.0,0.22126245498657227
YDL010W,YOR133W,0,,0.0,0.0,0.22137320041656494
YLR128W,YIL082W-A,0,,0.0,0.0,0.22148394584655762
YML019W,YCL020W,0,,0.0,0.0,0.2215946912765503
YNL005C,YKR046C,0,,0.0,0.0,0.22170542180538177
YMR263W,YAL042W,0,,0.0,0.0,0.22181616723537445
YMR280C,YOR088W,0,,0.0,0.0,0.22192691266536713
YGL011C,YDL156W,0,,0.0,0.0,0.2220376580953598
YDR214W,YBR079C,0,,0.0,0.0,0.22214838862419128
YHR123W,YML014W,0,,0.0,0.0,0.22225913405418396
YHR065C,YML062C,0,,0.0,0.0,0.22236987948417664
YPL237W,YJL159W,0,,0.0,0.0,0.2224806249141693
YDR339C,YNR046W,0,,0.0,0.0,0.2225913554430008
YML110C,YNL152W,0,,0.0,0.0,0.22270210087299347
YBR039W,YER169W,0,,0.0,0.0,0.22281284630298615
YLR225C,YOL013C,0,,0.0,0.0,0.22292359173297882
YBR098W,YDL058W,0,,0.0,0.0,0.2230343371629715
YDR027C,YJL014W,0,,0.0,0.0,0.22314506769180298
YGL022W,YOL113W,0,,0.0,0.0,0.22325581312179565
YBR126C,YOR344C,0,,0.0,0.0,0.22336655855178833
YKL071W,YGL160W,0,,0.0,0.0,0.223477303981781
YPL009C,YBR077C,0,,0.0,0.0,0.2235880345106125
YER069W,YCR048W,0,,0.0,0.0,0.22369877994060516
YDR119W,YMR024W,0,,0.0,0.0,0.22380952537059784
YGL043W,YML062C,0,,0.0,0.0,0.22392027080059052
YIR034C,YMR092C,0,,0.0,0.0,0.224031001329422
YJR159W,YLR022C,0,,0.0,0.0,0.22414174675941467
YBR280C,YJL210W,0,,0.0,0.0,0.22425249218940735
YNL058C,YPR112C,0,,0.0,0.0,0.22436323761940002
YLR405W,YOR171C,0,,0.0,0.0,0.2244739830493927
YDR519W,YML014W,0,,0.0,0.0,0.22458471357822418
YPR183W,YOR064C,0,,0.0,0.0,0.22469545900821686
YOR336W,YPL190C,0,,0.0,0.0,0.22480620443820953
YJL115W,YDR267C,0,,0.0,0.0,0.2249169498682022
YDR058C,YMR199W,0,,0.0,0.0,0.2250276803970337
YGR023W,YHR143W-A,0,,0.0,0.0,0.22513842582702637
YLR027C,YBR199W,0,,0.0,0.0,0.22524917125701904
YMR288W,YDR354W,0,,0.0,0.0,0.22535991668701172
YER016W,YPL212C,0,,0.0,0.0,0.2254706472158432
YDR210W-D,YFL018C,0,,0.0,0.0,0.22558139264583588
YBR234C,YOR035C,0,,0.0,0.0,0.22569213807582855
YDL005C,YCR008W,0,,0.0,0.0,0.22580288350582123
YPL241C,YCR083W,0,,0.0,0.0,0.2259136140346527
YDR184C,YMR119W,0,,0.0,0.0,0.22602435946464539
YPL124W,YLR368W,0,,0.0,0.0,0.22613510489463806
YNL315C,YBL100W-A,0,,0.0,0.0,0.22624585032463074
YHR188C,YHR045W,0,,0.0,0.0,0.2263565957546234
YGL023C,YOR307C,0,,0.0,0.0,0.2264673262834549
YGL133W,YDR267C,0,,0.0,0.0,0.22657807171344757
YFL062W,YHL018W,0,,0.0,0.0,0.22668881714344025
YDL168W,YDR339C,0,,0.0,0.0,0.22679956257343292
YPL045W,YAL061W,0,,0.0,0.0,0.2269102931022644
YBL018C,YJR129C,0,,0.0,0.0,0.22702103853225708
YPL132W,YDR484W,0,,0.0,0.0,0.22713178396224976
YBL004W,YNL124W,0,,0.0,0.0,0.22724252939224243
YDR338C,YOR005C,0,,0.0,0.0,0.2273532599210739
YDL178W,YDL191W,0,,0.0,0.0,0.2274640053510666
YBR290W,YNL315C,0,,0.0,0.0,0.22757475078105927
YDL155W,YHR191C,0,,0.0,0.0,0.22768549621105194
YNL300W,YIR003W,0,,0.0,0.0,0.22779624164104462
YBL040C,YPL227C,0,,0.0,0.0,0.2279069721698761
YHR112C,YHR072W-A,0,,0.0,0.0,0.22801771759986877
YNL241C,YOR077W,0,,0.0,0.0,0.22812846302986145
YLR431C,YDR206W,0,,0.0,0.0,0.22823920845985413
YDL025C,YDL236W,0,,0.0,0.0,0.2283499389886856
YDR349C,YOR231W,0,,0.0,0.0,0.22846068441867828
YDR202C,YHR152W,0,,0.0,0.0,0.22857142984867096
YBR132C,YLR410W,0,,0.0,0.0,0.22868217527866364
YHL007C,YOR056C,0,,0.0,0.0,0.22879290580749512
YBR227C,YPL158C,0,,0.0,0.0,0.2289036512374878
YER118C,YPL181W,0,,0.0,0.0,0.22901439666748047
YDR119W,YNL035C,0,,0.0,0.0,0.22912514209747314
YIL010W,YML072C,0,,0.0,0.0,0.22923588752746582
YDR073W,YMR167W,0,,0.0,0.0,0.2293466180562973
YDR519W,YPL190C,0,,0.0,0.0,0.22945736348628998
YPL053C,YLL036C,0,,0.0,0.0,0.22956810891628265
YOR125C,YBL009W,0,,0.0,0.0,0.22967885434627533
YAL061W,YPR066W,0,,0.0,0.0,0.2297895848751068
YPL060C-A,YOR140W,0,,0.0,0.0,0.2299003303050995
YML110C,YLR388W,0,,0.0,0.0,0.23001107573509216
YAL032C,YKR099C-A,0,,0.0,0.0,0.23012182116508484
YGL156W,YBL100W-A,0,,0.0,0.0,0.23023255169391632
YPL084W,YHL013C,0,,0.0,0.0,0.230343297123909
YGR249W,YPL230W,0,,0.0,0.0,0.23045404255390167
YGR152C,YMR202W,0,,0.0,0.0,0.23056478798389435
YMR079W,YJL047C,0,,0.0,0.0,0.23067553341388702
YGR152C,YBR298C,0,,0.0,0.0,0.2307862639427185
YKR045C,YFR044C,0,,0.0,0.0,0.23089700937271118
YDR365W-B,YPL046C,0,,0.0,0.0,0.23100775480270386
YDL058W,YJL020C,0,,0.0,0.0,0.23111850023269653
YGR023W,YBL099W,0,,0.0,0.0,0.23122923076152802
YDL226C,YHR003C,0,,0.0,0.0,0.2313399761915207
YEL055C,YMR280C,0,,0.0,0.0,0.23145072162151337
YOR284W,YGL125W,0,,0.0,0.0,0.23156146705150604
YHL033C,YML046W,0,,0.0,0.0,0.23167219758033752
YLR166C,YCR097W,0,,0.0,0.0,0.2317829430103302
YGR277C,YML046W,0,,0.0,0.0,0.23189368844032288
YDL153C,YDR489W,0,,0.0,0.0,0.23200443387031555
YBL005W-A,YNL224C,0,,0.0,0.0,0.23211516439914703
YDR027C,YBR008C,0,,0.0,0.0,0.2322259098291397
YGR087C,YLL023C,0,,0.0,0.0,0.23233665525913239
YPL268W,YNL169C,0,,0.0,0.0,0.23244740068912506
YLR342W,YOR214C,0,,0.0,0.0,0.23255814611911774
YHR123W,YLL032C,0,,0.0,0.0,0.23266887664794922
YPR075C,YDR097C,0,,0.0,0.0,0.2327796220779419
YMR214W,YDR349C,0,,0.0,0.0,0.23289036750793457
YDR073W,YNL154C,0,,0.0,0.0,0.23300111293792725
YFL022C,YNL265C,0,,0.0,0.0,0.23311184346675873
YKR081C,YJR093C,0,,0.0,0.0,0.2332225888967514
YBR132C,YLR066W,0,,0.0,0.0,0.23333333432674408
YLR057W,YGL130W,0,,0.0,0.0,0.23344407975673676
YLR336C,YLR210W,0,,0.0,0.0,0.23355481028556824
YDL232W,YKR081C,0,,0.0,0.0,0.2336655557155609
YHL001W,YJR044C,0,,0.0,0.0,0.2337763011455536
YNL222W,YDL066W,0,,0.0,0.0,0.23388704657554626
YDR450W,YLR119W,0,,0.0,0.0,0.23399779200553894
YHR141C,YDR258C,0,,0.0,0.0,0.23410852253437042
YPL246C,YBR235W,0,,0.0,0.0,0.2342192679643631
YLL023C,YNL270C,0,,0.0,0.0,0.23433001339435577
YHR115C,YBR083W,0,,0.0,0.0,0.23444075882434845
YMR021C,YDL104C,0,,0.0,0.0,0.23455148935317993
YOL110W,YDR210W-A,0,,0.0,0.0,0.2346622347831726
YMR011W,YIL015W,0,,0.0,0.0,0.23477298021316528
YIL023C,YML118W,0,,0.0,0.0,0.23488372564315796
YBR104W,YIL122W,0,,0.0,0.0,0.23499445617198944
YBR253W,YBR265W,0,,0.0,0.0,0.23510520160198212
YNL222W,YDL239C,0,,0.0,0.0,0.2352159470319748
YML001W,YPL118W,0,,0.0,0.0,0.23532669246196747
YDR541C,YDL191W,0,,0.0,0.0,0.23543743789196014
YGR278W,YOR344C,0,,0.0,0.0,0.23554816842079163
YPL255W,YOR188W,0,,0.0,0.0,0.2356589138507843
YPR183W,YDL165W,0,,0.0,0.0,0.23576965928077698
YBR234C,YPL079W,0,,0.0,0.0,0.23588040471076965
YER018C,YML058W,0,,0.0,0.0,0.23599113523960114
YLR148W,YGR166W,0,,0.0,0.0,0.2361018806695938
YCR069W,YHL009W-A,0,,0.0,0.0,0.2362126260995865
YPL055C,YLR233C,0,,0.0,0.0,0.23632337152957916
YCR069W,YKL084W,0,,0.0,0.0,0.23643410205841064
YNL299W,YJL091C,0,,0.0,0.0,0.23654484748840332
YNL327W,YNL030W,0,,0.0,0.0,0.236655592918396
YDR477W,YGR067C,0,,0.0,0.0,0.23676633834838867
YHR183W,YER004W,0,,0.0,0.0,0.23687708377838135
YHR191C,YBR199W,0,,0.0,0.0,0.23698781430721283
YBL042C,YGL012W,0,,0.0,0.0,0.2370985597372055
YPL009C,YIR021W,0,,0.0,0.0,0.23720930516719818
YJR086W,YEL009C,0,,0.0,0.0,0.23732005059719086
YFL053W,YNL279W,0,,0.0,0.0,0.23743078112602234
YDL126C,YKL167C,0,,0.0,0.0,0.23754152655601501
YLR262C,YJL207C,0,,0.0,0.0,0.2376522719860077
YDR365W-B,YKL092C,0,,0.0,0.0,0.23776301741600037
YDR522C,YBL101C,0,,0.0,0.0,0.23787374794483185
YKL120W,YHR032W,0,,0.0,0.0,0.23798449337482452
YLR051C,YER157W,0,,0.0,0.0,0.2380952388048172
YDR051C,YDR480W,0,,0.0,0.0,0.23820598423480988
YEL055C,YDL174C,0,,0.0,0.0,0.23831671476364136
YLR157C-A,YEL011W,0,,0.0,0.0,0.23842746019363403
YBR288C,YMR167W,0,,0.0,0.0,0.2385382056236267
YLR378C,YGR256W,0,,0.0,0.0,0.23864895105361938
YHR196W,YMR154C,0,,0.0,0.0,0.23875969648361206
YLR157C-A,YLL052C,0,,0.0,0.0,0.23887042701244354
YDL153C,YLR424W,0,,0.0,0.0,0.23898117244243622
YPL158C,YGR067C,0,,0.0,0.0,0.2390919178724289
YPL241C,YBR288C,0,,0.0,0.0,0.23920266330242157
YBR293W,YLL036C,0,,0.0,0.0,0.23931339383125305
YMR162C,YER169W,0,,0.0,0.0,0.23942413926124573
YDR349C,YFR044C,0,,0.0,0.0,0.2395348846912384
YLR410W,YKL152C,0,,0.0,0.0,0.23964563012123108
YBL036C,YDR394W,0,,0.0,0.0,0.23975636065006256
YIL041W,YIR021W,0,,0.0,0.0,0.23986710608005524
YIR013C,YBR152W,0,,0.0,0.0,0.2399778515100479
YNR012W,YJL063C,0,,0.0,0.0,0.2400885969400406
YAL005C,YER018C,0,,0.0,0.0,0.24019934237003326
YNL088W,YAL009W,0,,0.0,0.0,0.24031007289886475
YJL113W,YGL133W,0,,0.0,0.0,0.24042081832885742
YKL049C,YDR206W,0,,0.0,0.0,0.2405315637588501
YJL138C,YKL211C,0,,0.0,0.0,0.24064230918884277
YGR059W,YDR206W,0,,0.0,0.0,0.24075303971767426
YLR242C,YHR034C,0,,0.0,0.0,0.24086378514766693
YKL221W,YOL044W,0,,0.0,0.0,0.2409745305776596
YGR277C,YOL060C,0,,0.0,0.0,0.24108527600765228
YDL025C,YBR179C,0,,0.0,0.0,0.24119600653648376
YLR128W,YGR048W,0,,0.0,0.0,0.24130675196647644
YNR063W,YKL148C,0,,0.0,0.0,0.24141749739646912
YGL201C,YHR200W,0,,0.0,0.0,0.2415282428264618
YHR187W,YOR214C,0,,0.0,0.0,0.24163898825645447
YGL250W,YBR253W,0,,0.0,0.0,0.24174971878528595
YBR039W,YGL160W,0,,0.0,0.0,0.24186046421527863
YML066C,YIR003W,0,,0.0,0.0,0.2419712096452713
YKL146W,YJR007W,0,,0.0,0.0,0.24208195507526398
YDR058C,YPL060C-A,0,,0.0,0.0,0.24219268560409546
YLR398C,YDR316W,0,,0.0,0.0,0.24230343103408813
YBR290W,YDR202C,0,,0.0,0.0,0.2424141764640808
YBR132C,YNL071W,0,,0.0,0.0,0.2425249218940735
YGR161C-C,YJR017C,0,,0.0,0.0,0.24263565242290497
YPL227C,YDR214W,0,,0.0,0.0,0.24274639785289764
YMR021C,YGL079W,0,,0.0,0.0,0.24285714328289032
YHR216W,YML008C,0,,0.0,0.0,0.242967888712883
YGR203W,YGL153W,0,,0.0,0.0,0.24307863414287567
YGR023W,YOR371C,0,,0.0,0.0,0.24318936467170715
YPR029C,YPR023C,0,,0.0,0.0,0.24330011010169983
YLR166C,YLR216C,0,,0.0,0.0,0.2434108555316925
YEL063C,YMR278W,0,,0.0,0.0,0.24352160096168518
YJL137C,YPR079W,0,,0.0,0.0,0.24363233149051666
YGR059W,YLL042C,0,,0.0,0.0,0.24374307692050934
YNL021W,YGL254W,0,,0.0,0.0,0.24385382235050201
YLR138W,YBR102C,0,,0.0,0.0,0.2439645677804947
YHR034C,YDR267C,0,,0.0,0.0,0.24407529830932617
YBL042C,YKL152C,0,,0.0,0.0,0.24418604373931885
YDR311W,YKR045C,0,,0.0,0.0,0.24429678916931152
YKL101W,YNR046W,0,,0.0,0.0,0.2444075345993042
YLR320W,YPL181W,0,,0.0,0.0,0.24451826512813568
YDR519W,YMR113W,0,,0.0,0.0,0.24462901055812836
YLR393W,YBR106W,0,,0.0,0.0,0.24473975598812103
YOL027C,YPL270W,0,,0.0,0.0,0.2448505014181137
YJR113C,YMR277W,0,,0.0,0.0,0.24496124684810638
YKL152C,YLR272C,0,,0.0,0.0,0.24507197737693787
YJR043C,YBR167C,0,,0.0,0.0,0.24518272280693054
YGL023C,YBR293W,0,,0.0,0.0,0.24529346823692322
YNL254C,YJL002C,0,,0.0,0.0,0.2454042136669159
YBR073W,YJL020C,0,,0.0,0.0,0.24551494419574738
YDL150W,YJL203W,0,,0.0,0.0,0.24562568962574005
YJL137C,YLR229C,0,,0.0,0.0,0.24573643505573273
YCL040W,YOL044W,0,,0.0,0.0,0.2458471804857254
YMR164C,YIL157C,0,,0.0,0.0,0.24595791101455688
YNL152W,YIL097W,0,,0.0,0.0,0.24606865644454956
YPR121W,YNL220W,0,,0.0,0.0,0.24617940187454224
YIL066C,YDR452W,0,,0.0,0.0,0.2462901473045349
YKL221W,YJL014W,0,,0.0,0.0,0.2464008927345276
YLR205C,YGR207C,0,,0.0,0.0,0.24651162326335907
YGR192C,YBL003C,0,,0.0,0.0,0.24662236869335175
YLR405W,YJL138C,0,,0.0,0.0,0.24673311412334442
YBR280C,YBL067C,0,,0.0,0.0,0.2468438595533371
YLR226W,YKL018W,0,,0.0,0.0,0.24695459008216858
YNR073C,YGL077C,0,,0.0,0.0,0.24706533551216125
YCR079W,YGL022W,0,,0.0,0.0,0.24717608094215393
YDL159W,YOL075C,0,,0.0,0.0,0.2472868263721466
YPL211W,YOL021C,0,,0.0,0.0,0.2473975569009781
YLR132C,YPL079W,0,,0.0,0.0,0.24750830233097076
YOL097C,YKR042W,0,,0.0,0.0,0.24761904776096344
YBL004W,YOR190W,0,,0.0,0.0,0.24772979319095612
YLR081W,YLL036C,0,,0.0,0.0,0.2478405386209488
YNR023W,YGR289C,0,,0.0,0.0,0.24795126914978027
YBR290W,YPL008W,0,,0.0,0.0,0.24806201457977295
YCL062W,YCL020W,0,,0.0,0.0,0.24817276000976562
YKL025C,YKR098C,0,,0.0,0.0,0.2482835054397583
YMR214W,YBR288C,0,,0.0,0.0,0.24839423596858978
YOR336W,YEL003W,0,,0.0,0.0,0.24850498139858246
YGL065C,YJL203W,0,,0.0,0.0,0.24861572682857513
YPR181C,YKR087C,0,,0.0,0.0,0.2487264722585678
YPL047W,YPL020C,0,,0.0,0.0,0.2488372027873993
YOR336W,YHR200W,0,,0.0,0.0,0.24894794821739197
YHR007C,YOL021C,0,,0.0,0.0,0.24905869364738464
YGL201C,YMR167W,0,,0.0,0.0,0.24916943907737732
YGL131C,YOL049W,0,,0.0,0.0,0.24928018450737
YNR046W,YLR133W,0,,0.0,0.0,0.24939091503620148
YPR145W,YDR027C,0,,0.0,0.0,0.24950166046619415
YOR339C,YOR028C,0,,0.0,0.0,0.24961240589618683
YER006W,YDR477W,0,,0.0,0.0,0.2497231513261795
YFR042W,YOL130W,0,,0.0,0.0,0.249833881855011
YPL128C,YEL042W,0,,0.0,0.0,0.24994462728500366
YMR244C-A,YMR060C,0,,0.0,0.0,0.25005537271499634
YDR462W,YER048C,0,,0.0,0.0,0.250166118144989
YOR329C,YHR183W,0,,0.0,0.0,0.2502768635749817
YOR234C,YOL089C,0,,0.0,0.0,0.25038760900497437
YLR210W,YJL002C,0,,0.0,0.0,0.25049832463264465
YER003C,YOR178C,0,,0.0,0.0,0.25060907006263733
YBR132C,YBR139W,0,,0.0,0.0,0.25071981549263
YPL268W,YCR067C,0,,0.0,0.0,0.2508305609226227
YIL023C,YDL201W,0,,0.0,0.0,0.25094130635261536
YGR059W,YLR399C,0,,0.0,0.0,0.25105205178260803
YDR210W,YLL023C,0,,0.0,0.0,0.2511627972126007
YOR202W,YER094C,0,,0.0,0.0,0.2512735426425934
YLR307W,YFL055W,0,,0.0,0.0,0.25138428807258606
YDL193W,YNR026C,0,,0.0,0.0,0.25149500370025635
YKR018C,YGR098C,0,,0.0,0.0,0.251605749130249
YDR085C,YHR026W,0,,0.0,0.0,0.2517164945602417
YLR071C,YDR314C,0,,0.0,0.0,0.2518272399902344
YMR189W,YBR018C,0,,0.0,0.0,0.25193798542022705
YKL018W,YNL197C,0,,0.0,0.0,0.2520487308502197
YLR388W,YCL027C-A,0,,0.0,0.0,0.2521594762802124
YHR098C,YOR339C,0,,0.0,0.0,0.2522702217102051
YDR446W,YLR034C,0,,0.0,0.0,0.25238096714019775
YGL099W,YGL055W,0,,0.0,0.0,0.25249168276786804
YDR302W,YJL014W,0,,0.0,0.0,0.2526024281978607
YLR157C-A,YFL008W,0,,0.0,0.0,0.2527131736278534
YDL207W,YNL134C,0,,0.0,0.0,0.25282391905784607
YMR214W,YKL027W,0,,0.0,0.0,0.25293466448783875
YKL046C,YPR165W,0,,0.0,0.0,0.2530454099178314
YBL084C,YCL038C,0,,0.0,0.0,0.2531561553478241
YBR084C-A,YCR079W,0,,0.0,0.0,0.2532669007778168
YIL040W,YIR035C,0,,0.0,0.0,0.25337761640548706
YNL021W,YOL060C,0,,0.0,0.0,0.25348836183547974
YDL232W,YMR278W,0,,0.0,0.0,0.2535991072654724
YBR216C,YLR210W,0,,0.0,0.0,0.2537098526954651
YGR163W,YHR176W,0,,0.0,0.0,0.25382059812545776
YIL023C,YDR450W,0,,0.0,0.0,0.25393134355545044
YPR020W,YDR017C,0,,0.0,0.0,0.2540420889854431
YOR125C,YBR167C,0,,0.0,0.0,0.2541528344154358
YIL085C,YDR291W,0,,0.0,0.0,0.25426357984542847
YDR027C,YLR423C,0,,0.0,0.0,0.25437429547309875
YPR061C,YCR083W,0,,0.0,0.0,0.25448504090309143
YPL164C,YAL001C,0,,0.0,0.0,0.2545957863330841
YDR006C,YNL064C,0,,0.0,0.0,0.2547065317630768
YJL118W,YPL046C,0,,0.0,0.0,0.25481727719306946
YOR115C,YGL033W,0,,0.0,0.0,0.25492802262306213
YPL275W,YKL220C,0,,0.0,0.0,0.2550387680530548
YIL168W,YPL079W,0,,0.0,0.0,0.2551495134830475
YER016W,YMR113W,0,,0.0,0.0,0.2552602291107178
YHR045W,YMR044W,0,,0.0,0.0,0.25537097454071045
YDL150W,YMR154C,0,,0.0,0.0,0.2554817199707031
YGR257C,YLR064W,0,,0.0,0.0,0.2555924654006958
YGL099W,YIL017C,0,,0.0,0.0,0.2557032108306885
YNL024C-A,YNL106C,0,,0.0,0.0,0.25581395626068115
YMR104C,YEL003W,0,,0.0,0.0,0.25592470169067383
YGL133W,YFL034C-A,0,,0.0,0.0,0.2560354471206665
YAR008W,YOR130C,0,,0.0,0.0,0.2561461925506592
YGL013C,YKL127W,0,,0.0,0.0,0.25625690817832947
YDR119W,YLR378C,0,,0.0,0.0,0.25636765360832214
YNL037C,YPL030W,0,,0.0,0.0,0.2564783990383148
YDR162C,YGL245W,0,,0.0,0.0,0.2565891444683075
YNL003C,YOR367W,0,,0.0,0.0,0.25669988989830017
YBR171W,YBR104W,0,,0.0,0.0,0.25681063532829285
YOR149C,YPL187W,0,,0.0,0.0,0.2569213807582855
YLL023C,YHR166C,0,,0.0,0.0,0.2570321261882782
YGL207W,YLL054C,0,,0.0,0.0,0.2571428716182709
YMR283C,YNL312W,0,,0.0,0.0,0.25725358724594116
YKL220C,YOL089C,0,,0.0,0.0,0.25736433267593384
YNL082W,YDL058W,0,,0.0,0.0,0.2574750781059265
YKL222C,YDL104C,0,,0.0,0.0,0.2575858235359192
YOR231W,YEL004W,0,,0.0,0.0,0.25769656896591187
YGL011C,YNL083W,0,,0.0,0.0,0.25780731439590454
YGR033C,YCR008W,0,,0.0,0.0,0.2579180598258972
YGR275W,YKL012W,0,,0.0,0.0,0.2580288052558899
YJL104W,YMR154C,0,,0.0,0.0,0.2581395208835602
YCR023C,YNL312W,0,,0.0,0.0,0.25825026631355286
YHR124W,YKL065C,0,,0.0,0.0,0.25836101174354553
YJR105W,YOR196C,0,,0.0,0.0,0.2584717571735382
YOL033W,YBL027W,0,,0.0,0.0,0.2585825026035309
YKL091C,YPR066W,0,,0.0,0.0,0.25869324803352356
YDR214W,YHR018C,0,,0.0,0.0,0.25880399346351624
YGR287C,YGL020C,0,,0.0,0.0,0.2589147388935089
YNL014W,YGR128C,0,,0.0,0.0,0.2590254843235016
YDR034C-D,YNL093W,0,,0.0,0.0,0.2591361999511719
YHR063C,YCR008W,0,,0.0,0.0,0.25924694538116455
YJL154C,YBR204C,0,,0.0,0.0,0.2593576908111572
YFR004W,YGR128C,0,,0.0,0.0,0.2594684362411499
YGR098C,YNL272C,0,,0.0,0.0,0.2595791816711426
YMR068W,YER018C,0,,0.0,0.0,0.25968992710113525
YCR102C,YMR116C,0,,0.0,0.0,0.25980067253112793
YDR485C,YOL077W-A,0,,0.0,0.0,0.2599114179611206
YBL008W-A,YOR058C,0,,0.0,0.0,0.2600221335887909
YOR198C,YMR305C,0,,0.0,0.0,0.26013287901878357
YOR293W,YMR291W,0,,0.0,0.0,0.26024362444877625
YMR293C,YFL034C-A,0,,0.0,0.0,0.2603543698787689
YMR293C,YDL213C,0,,0.0,0.0,0.2604651153087616
YNL087W,YKL148C,0,,0.0,0.0,0.2605758607387543
YLL039C,YMR067C,0,,0.0,0.0,0.26068660616874695
YOR118W,YKL176C,0,,0.0,0.0,0.2607973515987396
YLR242C,YKL035W,0,,0.0,0.0,0.2609080970287323
YPR164W,YDL122W,0,,0.0,0.0,0.2610188126564026
YGL184C,YHR050W,0,,0.0,0.0,0.26112955808639526
YJL028W,YMR277W,0,,0.0,0.0,0.26124030351638794
YML062C,YGL047W,0,,0.0,0.0,0.2613510489463806
YLR369W,YER094C,0,,0.0,0.0,0.2614617943763733
YGL181W,YGL055W,0,,0.0,0.0,0.26157253980636597
YGR186W,YBR056W,0,,0.0,0.0,0.26168328523635864
YHR141C,YGR096W,0,,0.0,0.0,0.2617940306663513
YGL255W,YML065W,0,,0.0,0.0,0.261904776096344
YCL033C,YML022W,0,,0.0,0.0,0.2620154917240143
YJR064W,YLR035C,0,,0.0,0.0,0.26212623715400696
YAL001C,YGL121C,0,,0.0,0.0,0.26223698258399963
YPL246C,YGR275W,0,,0.0,0.0,0.2623477280139923
YCR023C,YMR244C-A,0,,0.0,0.0,0.262458473443985
YNL148C,YDR258C,0,,0.0,0.0,0.26256921887397766
YDR202C,YNL222W,0,,0.0,0.0,0.26267996430397034
YNL225C,YPR022C,0,,0.0,0.0,0.262790709733963
YKR067W,YNL186W,0,,0.0,0.0,0.2629014253616333
YDR147W,YLR424W,0,,0.0,0.0,0.263012170791626
YHL007C,YPL079W,0,,0.0,0.0,0.26312291622161865
YPL009C,YER039C,0,,0.0,0.0,0.26323366165161133
YML038C,YCR017C,0,,0.0,0.0,0.263344407081604
YHL009C,YCL011C,0,,0.0,0.0,0.2634551525115967
YJL204C,YOL049W,0,,0.0,0.0,0.26356589794158936
YBR088C,YOL021C,0,,0.0,0.0,0.26367664337158203
YPR009W,YCR034W,0,,0.0,0.0,0.2637873888015747
YMR135C,YGR215W,0,,0.0,0.0,0.263898104429245
YOR307C,YBR004C,0,,0.0,0.0,0.26400884985923767
YNL124W,YKL211C,0,,0.0,0.0,0.26411959528923035
YIL063C,YBR102C,0,,0.0,0.0,0.264230340719223
YER119C,YGR074W,0,,0.0,0.0,0.2643410861492157
YNL300W,YPR094W,0,,0.0,0.0,0.2644518315792084
YGL048C,YLR034C,0,,0.0,0.0,0.26456257700920105
YPL217C,YGL254W,0,,0.0,0.0,0.2646733224391937
YNL064C,YEL060C,0,,0.0,0.0,0.2647840678691864
YOR094W,YMR291W,0,,0.0,0.0,0.2648947834968567
YMR263W,YML024W,0,,0.0,0.0,0.26500552892684937
YDL156W,YMR029C,0,,0.0,0.0,0.26511627435684204
YDL168W,YLR069C,0,,0.0,0.0,0.2652270197868347
YNL300W,YKL092C,0,,0.0,0.0,0.2653377652168274
YPL164C,YDR524C-B,0,,0.0,0.0,0.26544851064682007
YCR079W,YOL058W,0,,0.0,0.0,0.26555925607681274
YLR274W,YBR070C,0,,0.0,0.0,0.2656700015068054
YOL110W,YNL097C,0,,0.0,0.0,0.2657807171344757
YMR047C,YGR289C,0,,0.0,0.0,0.2658914625644684
YJL018W,YMR116C,0,,0.0,0.0,0.26600220799446106
YGR240C,YOR122C,0,,0.0,0.0,0.26611295342445374
YGL166W,YBR106W,0,,0.0,0.0,0.2662236988544464
YOL016C,YJR043C,0,,0.0,0.0,0.2663344442844391
YBR253W,YDR084C,0,,0.0,0.0,0.26644518971443176
YKR092C,YAL047C,0,,0.0,0.0,0.26655593514442444
YPL047W,YPR009W,0,,0.0,0.0,0.2666666805744171
YPL256C,YEL071W,0,,0.0,0.0,0.2667773962020874
YOR095C,YNL090W,0,,0.0,0.0,0.2668881416320801
YML033W,YJL002C,0,,0.0,0.0,0.26699888706207275
YPL023C,YGR240C,0,,0.0,0.0,0.26710963249206543
YNL323W,YJL092W,0,,0.0,0.0,0.2672203779220581
YDR339C,YIL129C,0,,0.0,0.0,0.2673311233520508
YAL032C,YDR255C,0,,0.0,0.0,0.26744186878204346
YMR283C,YJR002W,0,,0.0,0.0,0.26755261421203613
YIL110W,YJR019C,0,,0.0,0.0,0.2676633298397064
YHL002W,YER018C,0,,0.0,0.0,0.2677740752696991
YPL227C,YGR092W,0,,0.0,0.0,0.2678848206996918
YBL002W,YGL047W,0,,0.0,0.0,0.26799556612968445
YCR073C,YNL005C,0,,0.0,0.0,0.2681063115596771
YDL020C,YMR067C,0,,0.0,0.0,0.2682170569896698
YLR128W,YKL084W,0,,0.0,0.0,0.2683278024196625
YDR293C,YDR394W,0,,0.0,0.0,0.26843854784965515
YNL124W,YIL010W,0,,0.0,0.0,0.2685492932796478
YGR198W,YML014W,0,,0.0,0.0,0.2686600089073181
YER019W,YKR029C,0,,0.0,0.0,0.2687707543373108
YOL094C,YGR271C-A,0,,0.0,0.0,0.26888149976730347
YKL146W,YJL210W,0,,0.0,0.0,0.26899224519729614
YHL009C,YMR113W,0,,0.0,0.0,0.2691029906272888
YOR094W,YBR014C,0,,0.0,0.0,0.2692137360572815
YER078C,YIR008C,0,,0.0,0.0,0.26932448148727417
YGR278W,YGR215W,0,,0.0,0.0,0.26943522691726685
YPR058W,YNL116W,0,,0.0,0.0,0.2695459723472595
YAL005C,YPR082C,0,,0.0,0.0,0.2696566879749298
YHR091C,YDR409W,0,,0.0,0.0,0.2697674334049225
YHR104W,YNL005C,0,,0.0,0.0,0.26987817883491516
YLR069C,YFR055W,0,,0.0,0.0,0.26998892426490784
YJL137C,YJL111W,0,,0.0,0.0,0.2700996696949005
YLR064W,YER075C,0,,0.0,0.0,0.2702104151248932
YLR274W,YLR272C,0,,0.0,0.0,0.27032116055488586
YBR199W,YJL160C,0,,0.0,0.0,0.27043190598487854
YLR155C,YLR449W,0,,0.0,0.0,0.27054262161254883
YGL208W,YDR484W,0,,0.0,0.0,0.2706533670425415
YOR178C,YKL137W,0,,0.0,0.0,0.2707641124725342
YBR234C,YJL203W,0,,0.0,0.0,0.27087485790252686
YEL063C,YGR231C,0,,0.0,0.0,0.27098560333251953
YJL204C,YPL024W,0,,0.0,0.0,0.2710963487625122
YOL013C,YLR089C,0,,0.0,0.0,0.2712070941925049
YPL045W,YDL020C,0,,0.0,0.0,0.27131783962249756
YHR079C-A,YDR147W,0,,0.0,0.0,0.27142858505249023
YGR227W,YGL181W,0,,0.0,0.0,0.2715393006801605
YJL177W,YOR256C,0,,0.0,0.0,0.2716500461101532
YDL058W,YLR453C,0,,0.0,0.0,0.2717607915401459
YDL226C,YGL125W,0,,0.0,0.0,0.27187153697013855
YNL090W,YBR244W,0,,0.0,0.0,0.2719822824001312
YMR214W,YLR355C,0,,0.0,0.0,0.2720930278301239
YDR113C,YGL175C,0,,0.0,0.0,0.2722037732601166
YMR116C,YOL034W,0,,0.0,0.0,0.27231451869010925
YPL268W,YGL013C,0,,0.0,0.0,0.27242523431777954
YDR020C,YKL211C,0,,0.0,0.0,0.2725359797477722
YHR187W,YOR284W,0,,0.0,0.0,0.2726467251777649
YJL042W,YGR068C,0,,0.0,0.0,0.27275747060775757
YML024W,YHR045W,0,,0.0,0.0,0.27286821603775024
YLR077W,YIR008C,0,,0.0,0.0,0.2729789614677429
YGR157W,YCR073C,0,,0.0,0.0,0.2730897068977356
YNL225C,YGL153W,0,,0.0,0.0,0.27320045232772827
YNL252C,YJL160C,0,,0.0,0.0,0.27331119775772095
YDR452W,YIR035C,0,,0.0,0.0,0.27342191338539124
YML038C,YIR003W,0,,0.0,0.0,0.2735326588153839
YIL041W,YLR342W,0,,0.0,0.0,0.2736434042453766
YBR216C,YPL249C,0,,0.0,0.0,0.27375414967536926
YMR197C,YIL168W,0,,0.0,0.0,0.27386489510536194
YLL005C,YMR199W,0,,0.0,0.0,0.2739756405353546
YJL122W,YJL203W,0,,0.0,0.0,0.2740863859653473
YCR097W,YBR104W,0,,0.0,0.0,0.27419713139533997
YML078W,YGR240C,0,,0.0,0.0,0.27430787682533264
YDR363W,YLR089C,0,,0.0,0.0,0.27441859245300293
YER141W,YML075C,0,,0.0,0.0,0.2745293378829956
YLR298C,YDR186C,0,,0.0,0.0,0.2746400833129883
YKR098C,YOR343C-B,0,,0.0,0.0,0.27475082874298096
YJL115W,YAL042W,0,,0.0,0.0,0.27486157417297363
YDL232W,YBL100W-A,0,,0.0,0.0,0.2749723196029663
YOL006C,YDR206W,0,,0.0,0.0,0.275083065032959
YPR104C,YDR477W,0,,0.0,0.0,0.27519381046295166
YDL194W,YML038C,1,,0.00040225262637250125,0.0011074197245761752,0.27519381046295166
YBR298C,YGR289C,1,,0.0008041817345656455,0.0022148394491523504,0.27519381046295166
YBR298C,YDR345C,1,,0.0012057877611368895,0.003322259057313204,0.27519381046295166
YBR298C,YEL004W,1,,0.0016070711426436901,0.004429678898304701,0.27519381046295166
YBR298C,YER039C,1,,0.00200803205370903,0.005537098739296198,0.27519381046295166
YBR298C,YIL171W,1,,0.0024086711928248405,0.006644518114626408,0.27519381046295166
YBR298C,YDR343C,1,,0.002808988792821765,0.007751937955617905,0.27519381046295166
YBR298C,YFR053C,1,,0.003208985086530447,0.008859357796609402,0.27519381046295166
YDL194W,YGL209W,1,,0.0036086607724428177,0.009966777637600899,0.27519381046295166
YDL194W,YDR343C,1,,0.004008016083389521,0.011074197478592396,0.27519381046295166
YDL194W,YLR081W,1,,0.004407051485031843,0.012181616388261318,0.27519381046295166
YDL194W,YHR096C,1,,0.004805766977369785,0.013289036229252815,0.27519381046295166
YDL194W,YKR075C,1,,0.005204163491725922,0.014396456070244312,0.27519381046295166
YDL194W,YGR289C,1,,0.005602241028100252,0.01550387591123581,0.27519381046295166
YDL194W,YDR345C,1,,0.006000000052154064,0.016611294820904732,0.27519381046295166
YDL194W,YEL004W,1,,0.006397441029548645,0.017718715593218803,0.27519381046295166
YDL194W,YER039C,1,,0.006794564425945282,0.018826134502887726,0.27519381046295166
YBR298C,YKR075C,1,,0.007191370241343975,0.019933555275201797,0.27519381046295166
YBR298C,YHR096C,1,,0.007587859407067299,0.02104097418487072,0.27519381046295166
YBR298C,YLR081W,1,,0.007984031923115253,0.02214839495718479,0.27519381046295166
YBR298C,YGL209W,1,,0.008379888720810413,0.023255813866853714,0.27519381046295166
YDR343C,YEL004W,1,,0.008775428868830204,0.024363232776522636,0.27519381046295166
YDR343C,YER039C,1,,0.009170654229819775,0.025470653548836708,0.27519381046295166
YDR343C,YIL171W,1,,0.00956556387245655,0.02657807245850563,0.27519381046295166
YFR053C,YML038C,1,,0.009960159659385681,0.027685493230819702,0.27519381046295166
YFR053C,YGL209W,1,,0.010354440659284592,0.028792912140488625,0.27519381046295166
YFR053C,YLR081W,1,,0.010748407803475857,0.029900332912802696,0.27519381046295166
YFR053C,YHR096C,1,,0.011142061091959476,0.03100775182247162,0.27519381046295166
YFR053C,YKR075C,1,,0.011535401456058025,0.03211517259478569,0.27519381046295166
YFR053C,YGR289C,1,,0.011928429827094078,0.033222589641809464,0.27519381046295166
YFR053C,YDR345C,1,,0.012321144342422485,0.034330010414123535,0.27519381046295166
YFR053C,YEL004W,1,,0.012713547796010971,0.03543743118643761,0.27519381046295166
YFR053C,YER039C,1,,0.01310563925653696,0.03654485195875168,0.27519381046295166
YFR053C,YIL171W,1,,0.013497419655323029,0.03765226900577545,0.27519381046295166
YFR053C,YDR343C,1,,0.013888888992369175,0.03875968977808952,0.27519381046295166
YBR298C,YML038C,1,,0.0142800472676754,0.039867110550403595,0.27519381046295166
YDL194W,YIL171W,1,,0.014670896343886852,0.04097452759742737,0.27519381046295166
YDL194W,YFR053C,1,,0.015061434358358383,0.04208194836974144,0.27519381046295166
YDR343C,YGR289C,1,,0.015451664105057716,0.04318936914205551,0.27519381046295166
YNL318C,YBR298C,1,,0.015841584652662277,0.04429678991436958,0.27519381046295166
YNL318C,YGR289C,1,,0.016231196001172066,0.045404206961393356,0.27519381046295166
YNL318C,YDR345C,1,,0.016620498150587082,0.04651162773370743,0.27519381046295166
YNL318C,YEL004W,1,,0.017009492963552475,0.0476190485060215,0.27519381046295166
YNL318C,YER039C,1,,0.017398180440068245,0.04872646555304527,0.27519381046295166
YNL318C,YIL171W,1,,0.017786560580134392,0.049833886325359344,0.27519381046295166
YNL318C,YDR343C,1,,0.018174635246396065,0.050941307097673416,0.27519381046295166
YNL318C,YFR053C,1,,0.018562400713562965,0.05204872786998749,0.27519381046295166
YNL318C,YDL194W,1,,0.01894986256957054,0.05315614491701126,0.27519381046295166
YDL194W,YBR298C,1,,0.019337017089128494,0.05426356568932533,0.27519381046295166
YNL318C,YIL170W,1,,0.019723866134881973,0.055370986461639404,0.27519381046295166
YPL244C,YML038C,1,,0.02011040970683098,0.05647840350866318,0.27519381046295166
YPL244C,YGL209W,1,,0.02049664966762066,0.05758582428097725,0.27519381046295166
YPL244C,YLR081W,1,,0.020882584154605865,0.05869324505329132,0.27519381046295166
YPL244C,YHR096C,1,,0.021268215030431747,0.05980066582560539,0.27519381046295166
YPL244C,YKR075C,1,,0.021653544157743454,0.060908082872629166,0.27519381046295166
YPL244C,YGR289C,1,,0.022038567811250687,0.06201550364494324,0.27519381046295166
YNL318C,YKR075C,1,,0.022423287853598595,0.06312292069196701,0.27519381046295166
YNL318C,YHR096C,1,,0.022807708010077477,0.06423034518957138,0.27519381046295166
YNL318C,YLR081W,1,,0.023191824555397034,0.06533776223659515,0.27519381046295166
YNL318C,YGL209W,1,,0.023575639352202415,0.06644517928361893,0.27519381046295166
YIL170W,YML038C,1,,0.023959152400493622,0.0675526037812233,0.27519381046295166
YIL170W,YGL209W,1,,0.024342363700270653,0.06866002082824707,0.27519381046295166
YIL170W,YLR081W,1,,0.024725275114178658,0.06976744532585144,0.27519381046295166
YIL170W,YHR096C,1,,0.025107884779572487,0.07087486237287521,0.27519381046295166
YIL170W,YKR075C,1,,0.02549019642174244,0.07198227941989899,0.27519381046295166
YIL170W,YGR289C,1,,0.025872206315398216,0.07308970391750336,0.27519381046295166
YIL170W,YDR345C,1,,0.026253918185830116,0.07419712096452713,0.27519381046295166
YIL170W,YEL004W,1,,0.02663533017039299,0.0753045380115509,0.27519381046295166
YIL170W,YER039C,1,,0.027016444131731987,0.07641196250915527,0.27519381046295166
YIL170W,YIL171W,1,,0.027397260069847107,0.07751937955617905,0.27519381046295166
YIL170W,YDR343C,1,,0.02777777798473835,0.07862679660320282,0.27519381046295166
YIL170W,YFR053C,1,,0.028157997876405716,0.07973422110080719,0.27519381046295166
YIL170W,YBR298C,1,,0.028537919744849205,0.08084163814783096,0.27519381046295166
YIL170W,YDL194W,1,,0.028917545452713966,0.08194905519485474,0.27519381046295166
YNL318C,YML038C,1,,0.029296875,0.0830564796924591,0.27519381046295166
YDR343C,YDR345C,1,,0.029675908386707306,0.08416389673948288,0.27519381046295166
YDR343C,YKR075C,1,,0.030054645612835884,0.08527132123708725,0.27519381046295166
YMR011W,YDR345C,1,,0.030433086678385735,0.08637873828411102,0.27519381046295166
YGL209W,YML038C,1,,0.030811231583356857,0.0874861553311348,0.27519381046295166
YFR009W,YML058W,0,,0.030799219384789467,0.0874861553311348,0.27530452609062195
YOR064C,YGL245W,0,,0.030787218362092972,0.0874861553311348,0.2754152715206146
YDR221W,YOR073W,0,,0.030775224789977074,0.0874861553311348,0.2755260169506073
YBR171W,YEL042W,0,,0.03076324053108692,0.0874861553311348,0.2756367623806
YGR028W,YEL047C,0,,0.030751265585422516,0.0874861553311348,0.27574750781059265
YPL192C,YIL129C,0,,0.030739299952983856,0.0874861553311348,0.2758582532405853
YPR079W,YDR484W,0,,0.030727343633770943,0.0874861553311348,0.275968998670578
YLR081W,YML038C,1,,0.031104199588298798,0.08859357982873917,0.275968998670578
YGR289C,YML038C,1,,0.03148076310753822,0.08970099687576294,0.275968998670578
YLR081W,YGL209W,1,,0.03185703232884407,0.09080841392278671,0.275968998670578
YHR096C,YML038C,1,,0.03223301097750664,0.09191583842039108,0.275968998670578
YHR096C,YGL209W,1,,0.032608695328235626,0.09302325546741486,0.275968998670578
YHR096C,YLR081W,1,,0.032984089106321335,0.09413067251443863,0.275968998670578
YKR075C,YML038C,1,,0.03335919231176376,0.095238097012043,0.275968998670578
YKR075C,YGL209W,1,,0.03373400494456291,0.09634551405906677,0.275968998670578
YKR075C,YLR081W,1,,0.03410852700471878,0.09745293110609055,0.275968998670578
YDR210W-D,YIL162W,0,,0.034095313400030136,0.09745293110609055,0.2760797441005707
YDR155C,YLR119W,0,,0.03408210724592209,0.09745293110609055,0.27619048953056335
YCR028C-A,YML025C,0,,0.034068912267684937,0.09745293110609055,0.27630120515823364
YJL042W,YPL086C,0,,0.03405572846531868,0.09745293110609055,0.2764119505882263
YOR231W,YDR255C,0,,0.03404255211353302,0.09745293110609055,0.276522696018219
YLR070C,YKL209C,0,,0.034029390662908554,0.09745293110609055,0.27663344144821167
YIL010W,YMR231W,0,,0.034016236662864685,0.09745293110609055,0.27674418687820435
YFL055W,YBR139W,0,,0.03400309011340141,0.09745293110609055,0.276854932308197
YHR216W,YOR017W,0,,0.033989958465099335,0.09745293110609055,0.2769656777381897
YBL042C,YGR125W,0,,0.03397683426737785,0.09745293110609055,0.2770764231681824
YBR103W,YHR091C,0,,0.03396372124552727,0.09745293110609055,0.27718716859817505
YOR125C,YKL184W,0,,0.03395061567425728,0.09745293110609055,0.27729788422584534
YGR059W,YGR287C,0,,0.03393752500414848,0.09745293110609055,0.277408629655838
YKL092C,YOR198C,0,,0.033924441784620285,0.09745293110609055,0.2775193750858307
YGL255W,YKL146W,0,,0.03391136974096298,0.09745293110609055,0.27763012051582336
YHR091C,YMR251W-A,0,,0.033898305147886276,0.09745293110609055,0.27774086594581604
YLR128W,YDL042C,0,,0.033885251730680466,0.09745293110609055,0.2778516113758087
YIR021W,YGR091W,0,,0.03387220948934555,0.09745293110609055,0.2779623568058014
YHR003C,YOL060C,0,,0.03385917842388153,0.09745293110609055,0.27807310223579407
YKR075C,YHR096C,1,,0.03423076868057251,0.09856035560369492,0.27807310223579407
YGR289C,YGL209W,1,,0.034602075815200806,0.09966777265071869,0.27807310223579407
YDR343C,YHR096C,1,,0.03497309610247612,0.10077519714832306,0.27807310223579407
YIL171W,YHR096C,1,,0.03534383326768875,0.10188261419534683,0.27807310223579407
YER039C,YKR075C,1,,0.0357142873108387,0.1029900312423706,0.27807310223579407
YER039C,YGR289C,1,,0.036084454506635666,0.10409745573997498,0.27807310223579407
YER039C,YDR345C,1,,0.03645433485507965,0.10520487278699875,0.27807310223579407
YER039C,YEL004W,1,,0.03682393580675125,0.10631228983402252,0.27807310223579407
YIL171W,YML038C,1,,0.03719324991106987,0.10741971433162689,0.27807310223579407
YIL171W,YGL209W,1,,0.037562284618616104,0.10852713137865067,0.27807310223579407
YIL171W,YLR081W,1,,0.037931036204099655,0.10963454842567444,0.27807310223579407
YIL171W,YKR075C,1,,0.038299500942230225,0.11074197292327881,0.27807310223579407
YGR289C,YLR081W,1,,0.03866768628358841,0.11184938997030258,0.27807310223579407
YIL171W,YGR289C,1,,0.03903559222817421,0.11295680701732635,0.27807310223579407
YIL171W,YDR345C,1,,0.03940321505069733,0.11406423151493073,0.27807310223579407
YIL171W,YEL004W,1,,0.03977055475115776,0.1151716485619545,0.27807310223579407
YIL171W,YER039C,1,,0.04013761505484581,0.11627907305955887,0.27807310223579407
YDR343C,YML038C,1,,0.040504395961761475,0.11738649010658264,0.27807310223579407
YDR343C,YGL209W,1,,0.040870893746614456,0.11849390715360641,0.27807310223579407
YDR343C,YLR081W,1,,0.04123711213469505,0.11960133165121078,0.27807310223579407
YER039C,YHR096C,1,,0.041603054851293564,0.12070874869823456,0.27807310223579407
YER039C,YLR081W,1,,0.04196871444582939,0.12181616574525833,0.27807310223579407
YER039C,YGL209W,1,,0.042334094643592834,0.1229235902428627,0.27807310223579407
YER039C,YML038C,1,,0.04269919916987419,0.12403100728988647,0.27807310223579407
YGR289C,YHR096C,1,,0.04306402429938316,0.12513843178749084,0.27807310223579407
YGR289C,YKR075C,1,,0.04342857003211975,0.12624584138393402,0.27807310223579407
YDR345C,YML038C,1,,0.04379284009337425,0.1273532658815384,0.27807310223579407
YDR345C,YGL209W,1,,0.04415683448314667,0.12846069037914276,0.27807310223579407
YDR345C,YLR081W,1,,0.0445205494761467,0.12956809997558594,0.27807310223579407
YDR345C,YHR096C,1,,0.044883985072374344,0.1306755244731903,0.27807310223579407
YDR345C,YKR075C,1,,0.0452471487224102,0.13178294897079468,0.27807310223579407
YDR345C,YGR289C,1,,0.045610032975673676,0.13289035856723785,0.27807310223579407
YEL004W,YML038C,1,,0.04597264528274536,0.13399778306484222,0.27807310223579407
YEL004W,YGL209W,1,,0.04633497819304466,0.1351052075624466,0.27807310223579407
YEL004W,YLR081W,1,,0.046697039157152176,0.13621261715888977,0.27807310223579407
YEL004W,YHR096C,1,,0.0470588244497776,0.13732004165649414,0.27807310223579407
YEL004W,YKR075C,1,,0.047420334070920944,0.1384274661540985,0.27807310223579407
YEL004W,YGR289C,1,,0.0477815717458725,0.13953489065170288,0.27807310223579407
YEL004W,YDR345C,1,,0.048142533749341965,0.14064230024814606,0.27807310223579407
YPL244C,YDR345C,1,,0.048503220081329346,0.14174972474575043,0.27807310223579407
YPL244C,YEL004W,1,,0.04886363819241524,0.1428571492433548,0.27807310223579407
YPL244C,YER039C,1,,0.04922378063201904,0.14396455883979797,0.27807310223579407
YEL069C,YLR081W,1,,0.04958364740014076,0.14507198333740234,0.27807310223579407
YKL038W,YPL244C,1,,0.04994324594736099,0.1461794078350067,0.27807310223579407
YKL038W,YDL138W,1,,0.050302572548389435,0.1472868174314499,0.27807310223579407
YKL038W,YLL043W,1,,0.05066162720322609,0.14839424192905426,0.27807310223579407
YKL038W,YGL253W,1,,0.051020409911870956,0.14950166642665863,0.27807310223579407
YKL038W,YBR020W,1,,0.051378920674324036,0.1506090760231018,0.27807310223579407
YEL069C,YML038C,1,,0.05173715949058533,0.15171650052070618,0.27807310223579407
YEL069C,YGL209W,1,,0.05209513008594513,0.15282392501831055,0.27807310223579407
YEL069C,YHR096C,1,,0.052452828735113144,0.15393133461475372,0.27807310223579407
YEL069C,YBR298C,1,,0.05281025916337967,0.1550387591123581,0.27807310223579407
YEL069C,YKR075C,1,,0.053167421370744705,0.15614618360996246,0.27807310223579407
YEL069C,YGR289C,1,,0.053524311631917953,0.15725359320640564,0.27807310223579407
YEL069C,YDR345C,1,,0.05388093367218971,0.15836101770401,0.27807310223579407
YEL069C,YEL004W,1,,0.05423728749155998,0.15946844220161438,0.27807310223579407
YEL069C,YER039C,1,,0.05459337309002876,0.16057585179805756,0.27807310223579407
YEL069C,YIL171W,1,,0.054949190467596054,0.16168327629566193,0.27807310223579407
YEL069C,YDR343C,1,,0.055304739624261856,0.1627907007932663,0.27807310223579407
YKL038W,YNL318C,1,,0.05566002428531647,0.16389811038970947,0.27807310223579407
YKL038W,YIL170W,1,,0.05601503700017929,0.16500553488731384,0.27807310223579407
YKL038W,YDL194W,1,,0.05636978521943092,0.1661129593849182,0.27807310223579407
YKL038W,YBR298C,1,,0.056724268943071365,0.16722038388252258,0.27807310223579407
YBR020W,YDL138W,1,,0.05707848444581032,0.16832779347896576,0.27807310223579407
YBR020W,YLL043W,1,,0.05743243172764778,0.16943521797657013,0.27807310223579407
YBR020W,YGL253W,1,,0.057786114513874054,0.1705426424741745,0.27807310223579407
YKL038W,YML038C,1,,0.058139536529779434,0.17165005207061768,0.27807310223579407
YKL038W,YGL209W,1,,0.05849268659949303,0.17275747656822205,0.27807310223579407
YKL038W,YLR081W,1,,0.05884557589888573,0.17386490106582642,0.27807310223579407
YKL038W,YHR096C,1,,0.059198200702667236,0.1749723106622696,0.27807310223579407
YKL038W,YKR075C,1,,0.059550561010837555,0.17607973515987396,0.27807310223579407
YKL038W,YGR289C,1,,0.05990265682339668,0.17718715965747833,0.27807310223579407
YKL038W,YDR345C,1,,0.06025449186563492,0.1782945692539215,0.27807310223579407
YKL038W,YEL004W,1,,0.06060606241226196,0.17940199375152588,0.27807310223579407
YKL038W,YER039C,1,,0.06095736846327782,0.18050941824913025,0.27807310223579407
YKL038W,YIL171W,1,,0.06130841001868248,0.18161682784557343,0.27807310223579407
YKL038W,YDR343C,1,,0.06165919452905655,0.1827242523431778,0.27807310223579407
YKL038W,YFR053C,1,,0.06200971081852913,0.18383167684078217,0.27807310223579407
YEL069C,YFR053C,1,,0.062359970062971115,0.18493908643722534,0.27807310223579407
YEL069C,YDL194W,1,,0.06270996481180191,0.1860465109348297,0.27807310223579407
YPL244C,YIL171W,1,,0.06305970251560211,0.18715393543243408,0.27807310223579407
YDR342C,YGL253W,1,,0.06340917199850082,0.18826134502887726,0.27807310223579407
YDR342C,YBR298C,1,,0.06375838816165924,0.18936876952648163,0.27807310223579407
YDR342C,YDL194W,1,,0.06410734355449677,0.190476194024086,0.27807310223579407
YDR342C,YIL170W,1,,0.0644560381770134,0.19158360362052917,0.27807310223579407
YDR342C,YNL318C,1,,0.06480447202920914,0.19269102811813354,0.27807310223579407
YDR342C,YPL244C,1,,0.06515264511108398,0.19379845261573792,0.27807310223579407
YDR342C,YDL138W,1,,0.06550055742263794,0.1949058622121811,0.27807310223579407
YDR342C,YLL043W,1,,0.0658482164144516,0.19601328670978546,0.27807310223579407
YDR342C,YBR020W,1,,0.06619561463594437,0.19712071120738983,0.27807310223579407
YEL069C,YIL170W,1,,0.06654275208711624,0.1982281357049942,0.27807310223579407
YDR342C,YKL038W,1,,0.06688962876796722,0.19933554530143738,0.27807310223579407
YDR342C,YEL069C,1,,0.06723625212907791,0.20044296979904175,0.27807310223579407
YMR011W,YML038C,1,,0.0675826221704483,0.20155039429664612,0.27807310223579407
YMR011W,YGL209W,1,,0.0679287314414978,0.2026578038930893,0.27807310223579407
YMR011W,YLR081W,1,,0.06827457994222641,0.20376522839069366,0.27807310223579407
YMR011W,YHR096C,1,,0.06862017512321472,0.20487265288829803,0.27807310223579407
YMR011W,YKR075C,1,,0.06896551698446274,0.2059800624847412,0.27807310223579407
YDR342C,YFR053C,1,,0.06931059807538986,0.20708748698234558,0.27807310223579407
YDR342C,YDR343C,1,,0.06965542584657669,0.20819491147994995,0.27807310223579407
YDR342C,YIL171W,1,,0.07000000029802322,0.20930232107639313,0.27807310223579407
YDR342C,YER039C,1,,0.07034431397914886,0.2104097455739975,0.27807310223579407
YEL069C,YNL318C,1,,0.07068838179111481,0.21151717007160187,0.27807310223579407
YEL069C,YPL244C,1,,0.07103218883275986,0.21262457966804504,0.27807310223579407
YEL069C,YDL138W,1,,0.07137574255466461,0.21373200416564941,0.27807310223579407
YEL069C,YLL043W,1,,0.07171903550624847,0.21483942866325378,0.27807310223579407
YEL069C,YGL253W,1,,0.07206208258867264,0.21594683825969696,0.27807310223579407
YEL069C,YBR020W,1,,0.0724048763513565,0.21705426275730133,0.27807310223579407
YEL069C,YKL038W,1,,0.07274741679430008,0.2181616872549057,0.27807310223579407
YDR342C,YML038C,1,,0.07308970391750336,0.21926909685134888,0.27807310223579407
YDR342C,YGL209W,1,,0.07343173772096634,0.22037652134895325,0.27807310223579407
YDR342C,YLR081W,1,,0.07377351820468903,0.22148394584655762,0.27807310223579407
YDR342C,YHR096C,1,,0.07411504536867142,0.2225913554430008,0.27807310223579407
YDR342C,YKR075C,1,,0.07445631921291351,0.22369877994060516,0.27807310223579407
YDR342C,YGR289C,1,,0.07479734718799591,0.22480620443820953,0.27807310223579407
YDR342C,YDR345C,1,,0.07513812184333801,0.2259136140346527,0.27807310223579407
YDR342C,YEL004W,1,,0.07547864317893982,0.22702103853225708,0.27807310223579407
YBR020W,YPL244C,1,,0.07581891864538193,0.22812846302986145,0.27807310223579407
YBR020W,YNL318C,1,,0.07615894079208374,0.22923588752746582,0.27807310223579407
YBR020W,YIL170W,1,,0.07649870961904526,0.230343297123909,0.27807310223579407
YLL043W,YHR096C,1,,0.07683823257684708,0.23145072162151337,0.27807310223579407
YDL138W,YDL194W,1,,0.0771775096654892,0.23255814611911774,0.27807310223579407
YDL138W,YIL170W,1,,0.07751653343439102,0.2336655557155609,0.27807310223579407
YDL138W,YNL318C,1,,0.07785530388355255,0.23477298021316528,0.27807310223579407
YDL138W,YPL244C,1,,0.07819383591413498,0.23588040471076965,0.27807310223579407
YLL043W,YML038C,1,,0.07853210717439651,0.23698781430721283,0.27807310223579407
YLL043W,YGL209W,1,,0.07887014001607895,0.2380952388048172,0.27807310223579407
YLL043W,YLR081W,1,,0.07920791953802109,0.23920266330242157,0.27807310223579407
YLL043W,YKR075C,1,,0.07954545319080353,0.24031007289886475,0.27807310223579407
YBR020W,YDL194W,1,,0.07988274097442627,0.24141749739646912,0.27807310223579407
YLL043W,YGR289C,1,,0.08021978288888931,0.2425249218940735,0.27807310223579407
YLL043W,YDR345C,1,,0.08055657148361206,0.24363233149051666,0.27807310223579407
YLL043W,YEL004W,1,,0.0808931216597557,0.24473975598812103,0.27807310223579407
YLL043W,YER039C,1,,0.08122941851615906,0.2458471804857254,0.27807310223579407
YLL043W,YIL171W,1,,0.08156546950340271,0.24695459008216858,0.27807310223579407
YLL043W,YDR343C,1,,0.08190128207206726,0.24806201457977295,0.27807310223579407
YLL043W,YFR053C,1,,0.08223684132099152,0.24916943907737732,0.27807310223579407
YDL138W,YBR298C,1,,0.08257216215133667,0.2502768635749817,0.27807310223579407
YDL138W,YFR053C,1,,0.08290722966194153,0.25138428807258606,0.27807310223579407
YDL138W,YDR343C,1,,0.08324205875396729,0.25249168276786804,0.27807310223579407
YDL138W,YIL171W,1,,0.08357664197683334,0.2535991072654724,0.27807310223579407
YPL244C,YDR343C,1,,0.0839109793305397,0.2547065317630768,0.27807310223579407
YPL244C,YFR053C,1,,0.08424507826566696,0.25581395626068115,0.27807310223579407
YPL244C,YBR298C,1,,0.08457893133163452,0.2569213807582855,0.27807310223579407
YPL244C,YDL194W,1,,0.08491253852844238,0.2580288052558899,0.27807310223579407
YPL244C,YIL170W,1,,0.08524589985609055,0.2591361999511719,0.27807310223579407
YPL244C,YNL318C,1,,0.0855790227651596,0.26024362444877625,0.27807310223579407
YDL138W,YML038C,1,,0.08591190725564957,0.2613510489463806,0.27807310223579407
YDL138W,YGL209W,1,,0.08624453842639923,0.262458473443985,0.27807310223579407
YDL138W,YLR081W,1,,0.08657693862915039,0.26356589794158936,0.27807310223579407
YDL138W,YHR096C,1,,0.08690909296274185,0.2646733224391937,0.27807310223579407
YDL138W,YKR075C,1,,0.08724100142717361,0.2657807171344757,0.27807310223579407
YDL138W,YGR289C,1,,0.08757267147302628,0.2668881416320801,0.27807310223579407
YDL138W,YDR345C,1,,0.08790410310029984,0.26799556612968445,0.27807310223579407
YDL138W,YEL004W,1,,0.0882352963089943,0.2691029906272888,0.27807310223579407
YDL138W,YER039C,1,,0.08856624364852905,0.2702104151248932,0.27807310223579407
YLL043W,YBR298C,1,,0.08889695256948471,0.27131783962249756,0.27807310223579407
YLL043W,YDL194W,1,,0.08922742307186127,0.27242523431777954,0.27807310223579407
YLL043W,YIL170W,1,,0.08955764770507812,0.2735326588153839,0.27807310223579407
YGL253W,YNL318C,1,,0.08988764137029648,0.2746400833129883,0.27807310223579407
YGL253W,YDL138W,1,,0.09021738916635513,0.27574750781059265,0.27807310223579407
YGL253W,YLL043W,1,,0.09054690599441528,0.276854932308197,0.27807310223579407
YBR020W,YML038C,1,,0.09087617695331573,0.2779623568058014,0.27807310223579407
YBR020W,YGL209W,1,,0.09120520949363708,0.27906978130340576,0.27807310223579407
YBR020W,YLR081W,1,,0.09153401106595993,0.28017717599868774,0.27807310223579407
YBR020W,YHR096C,1,,0.09186256676912308,0.2812846004962921,0.27807310223579407
YBR020W,YKR075C,1,,0.09219089150428772,0.2823920249938965,0.27807310223579407
YBR020W,YGR289C,1,,0.09251897037029266,0.28349944949150085,0.27807310223579407
YBR020W,YDR345C,1,,0.0928468182682991,0.2846068739891052,0.27807310223579407
YBR020W,YEL004W,1,,0.09317442774772644,0.2857142984867096,0.27807310223579407
YBR020W,YER039C,1,,0.09350180625915527,0.2868216931819916,0.27807310223579407
YBR020W,YIL171W,1,,0.09382893890142441,0.28792911767959595,0.27807310223579407
YBR020W,YDR343C,1,,0.09415584057569504,0.2890365421772003,0.27807310223579407
YBR020W,YFR053C,1,,0.09448251128196716,0.2901439666748047,0.27807310223579407
YBR020W,YBR298C,1,,0.09480894356966019,0.29125139117240906,0.27807310223579407
YGL253W,YPL244C,1,,0.09513513743877411,0.2923588156700134,0.27807310223579407
YGL253W,YIL170W,1,,0.09546109288930893,0.2934662103652954,0.27807310223579407
YLL043W,YNL318C,1,,0.09578681737184525,0.2945736348628998,0.27807310223579407
YGL253W,YDL194W,1,,0.09611231088638306,0.29568105936050415,0.27807310223579407
YLL043W,YPL244C,1,,0.09643756598234177,0.2967884838581085,0.27807310223579407
YLL043W,YDL138W,1,,0.09676259011030197,0.2978959083557129,0.27807310223579407
YGL253W,YML038C,1,,0.09708737581968307,0.29900333285331726,0.27807310223579407
YGL253W,YGL209W,1,,0.09741193056106567,0.30011072754859924,0.27807310223579407
YGL253W,YLR081W,1,,0.09773625433444977,0.3012181520462036,0.27807310223579407
YGL253W,YHR096C,1,,0.09806034713983536,0.302325576543808,0.27807310223579407
YGL253W,YKR075C,1,,0.09838420152664185,0.30343300104141235,0.27807310223579407
YGL253W,YGR289C,1,,0.09870782494544983,0.3045404255390167,0.27807310223579407
YGL253W,YDR345C,1,,0.09903121739625931,0.3056478500366211,0.27807310223579407
YGL253W,YEL004W,1,,0.09935437887907028,0.30675527453422546,0.27807310223579407
YGL253W,YER039C,1,,0.09967730194330215,0.30786266922950745,0.27807310223579407
YGL253W,YIL171W,1,,0.10000000149011612,0.3089700937271118,0.27807310223579407
YGL253W,YDR343C,1,,0.10032246261835098,0.3100775182247162,0.27807310223579407
YGL253W,YFR053C,1,,0.10064470022916794,0.31118494272232056,0.27807310223579407
YGL253W,YBR298C,1,,0.10096669942140579,0.3122923672199249,0.27807310223579407
YCR020W-B,YCR083W,0,,0.10093056410551071,0.3122923672199249,0.27818381786346436
YGR133W,YPR183W,0,,0.10089445114135742,0.3122923672199249,0.27829456329345703
YMR011W,YKL027W,0,,0.10085836797952652,0.3122923672199249,0.2784053087234497
YGR284C,YDR477W,0,,0.10082230716943741,0.3122923672199249,0.2785160541534424
YMR162C,YLR355C,0,,0.10078627616167068,0.3122923672199249,0.27862679958343506
YPR029C,YOR005C,0,,0.10075026750564575,0.3122923672199249,0.27873754501342773
YNR036C,YPL012W,0,,0.1007142886519432,0.3122923672199249,0.2788482904434204
YBR084C-A,YKL012W,0,,0.10067833214998245,0.3122923672199249,0.2789590358734131
YLR393W,YIL040W,0,,0.10064239799976349,0.3122923672199249,0.27906978130340576
YJL111W,YHR166C,0,,0.10060649365186691,0.3122923672199249,0.27918049693107605
YPR121W,YML075C,0,,0.10057061165571213,0.3122923672199249,0.2792912423610687
YBR004C,YGR163W,0,,0.10053475946187973,0.3122923672199249,0.2794019877910614
YML078W,YDL147W,0,,0.10049892961978912,0.3122923672199249,0.2795127332210541
YFL062W,YGR206W,0,,0.1004631295800209,0.3122923672199249,0.27962347865104675
YNR073C,YPL029W,0,,0.10042735189199448,0.3122923672199249,0.27973422408103943
YER054C,YML058W,0,,0.10039159655570984,0.3122923672199249,0.2798449695110321
YHR001W,YML025C,0,,0.10035587102174759,0.3122923672199249,0.2799557149410248
YJR105W,YCR028C-A,0,,0.10032016783952713,0.3122923672199249,0.28006643056869507
YDR202C,YKL216W,0,,0.10028449445962906,0.3122923672199249,0.28017717599868774
YJL050W,YMR277W,0,,0.10024884343147278,0.3122923672199249,0.2802879214286804
YDR097C,YNL224C,0,,0.10021322220563889,0.3122923672199249,0.2803986668586731
YBR154C,YLR022C,0,,0.10017762333154678,0.3122923672199249,0.28050941228866577
YOR234C,YPL060C-A,0,,0.10014204680919647,0.3122923672199249,0.28062015771865845
YMR291W,YGR091W,0,,0.10010649263858795,0.3122923672199249,0.2807309031486511
YHR098C,YIL010W,0,,0.10007097572088242,0.3122923672199249,0.2808416485786438
YCR073C,YOR035C,0,,0.10003547370433807,0.3122923672199249,0.2809523940086365
YPL009C,YOR361C,0,,0.10000000149011612,0.3122923672199249,0.28106310963630676
YJR137C,YHR050W,0,,0.09996455162763596,0.3122923672199249,0.28117385506629944
YGL038C,YLL054C,0,,0.09992913156747818,0.3122923672199249,0.2812846004962921
YNL053W,YIL121W,0,,0.0998937264084816,0.3122923672199249,0.2813953459262848
YEL034W,YDR099W,0,,0.099858358502388,0.3122923672199249,0.28150609135627747
YOR361C,YHR196W,0,,0.0998230054974556,0.3122923672199249,0.28161683678627014
YGL048C,YHR115C,0,,0.09978768229484558,0.3122923672199249,0.2817275822162628
YHR083W,YNR032W,0,,0.09975238889455795,0.3122923672199249,0.2818383276462555
YBL006C,YNL270C,0,,0.09971711784601212,0.3122923672199249,0.28194907307624817
YGR133W,YOR328W,0,,0.09968186914920807,0.3122923672199249,0.28205978870391846
YDR123C,YLR133W,0,,0.09964664280414581,0.3122923672199249,0.28217053413391113
YKR018C,YDR141C,0,,0.09961144626140594,0.3122923672199249,0.2822812795639038
YHR141C,YPR058W,0,,0.09957627207040787,0.3122923672199249,0.2823920249938965
YFL018C,YIL103W,0,,0.09954112023115158,0.3122923672199249,0.28250277042388916
YMR288W,YOR190W,0,,0.09950599819421768,0.3122923672199249,0.28261351585388184
YAR008W,YMR271C,0,,0.09947089850902557,0.3122923672199249,0.2827242612838745
YLR405W,YBR110W,0,,0.09943582862615585,0.3122923672199249,0.2828350067138672
YJR007W,YER170W,0,,0.09940077364444733,0.3122923672199249,0.2829457223415375
YBR132C,YJL122W,0,,0.09936574846506119,0.3122923672199249,0.28305646777153015
YGR231C,YBR110W,0,,0.09933075308799744,0.3122923672199249,0.2831672132015228
YIR034C,YPR151C,0,,0.09929577261209488,0.3122923672199249,0.2832779586315155
YBR088C,YOL137W,0,,0.09926082193851471,0.3122923672199249,0.2833887040615082
YNL090W,YBR152W,0,,0.09922589361667633,0.3122923672199249,0.28349944949150085
YBR126C,YGR287C,0,,0.09919099509716034,0.3122923672199249,0.28361019492149353
YBR135W,YKR025W,0,,0.09915611892938614,0.3122923672199249,0.2837209403514862
YOR094W,YCL062W,0,,0.09912126511335373,0.3122923672199249,0.2838316857814789
YNL024C-A,YGL077C,0,,0.09908643364906311,0.3122923672199249,0.28394240140914917
YDR506C,YGR013W,0,,0.09905163198709488,0.3122923672199249,0.28405314683914185
YOL094C,YNR023W,0,,0.09901685267686844,0.3122923672199249,0.2841638922691345
YHR134W,YNL037C,0,,0.09898209571838379,0.3122923672199249,0.2842746376991272
YMR288W,YBR084C-A,0,,0.09894736856222153,0.3122923672199249,0.2843853831291199
YKR067W,YBR229C,0,,0.09891266375780106,0.3122923672199249,0.28449612855911255
YLR320W,YOL058W,0,,0.09887798130512238,0.3122923672199249,0.2846068739891052
YJR044C,YGR041W,0,,0.09884332120418549,0.3122923672199249,0.2847176194190979
YJR137C,YPL181W,0,,0.09880869090557098,0.3122923672199249,0.2848283350467682
YGR038C-A,YHR018C,0,,0.09877408295869827,0.3122923672199249,0.28493908047676086
YOL016C,YDL079C,0,,0.09873949736356735,0.3122923672199249,0.28504982590675354
YDL156W,YGL008C,0,,0.09870493412017822,0.3122923672199249,0.2851605713367462
YLR298C,YIL040W,0,,0.09867040067911148,0.3122923672199249,0.2852713167667389
YCR024C-A,YER183C,0,,0.09863588958978653,0.3122923672199249,0.28538206219673157
YGR247W,YBL071W-A,0,,0.09860140085220337,0.3122923672199249,0.28549280762672424
YHR104W,YPL283C,0,,0.098566934466362,0.3122923672199249,0.2856035530567169
YPL012W,YDR352W,0,,0.09853249788284302,0.3122923672199249,0.2857142984867096
YPL227C,YKR042W,0,,0.09849807620048523,0.3122923672199249,0.2858250141143799
YHR123W,YLR133W,0,,0.09846368432044983,0.3122923672199249,0.28593575954437256
YDR432W,YAL001C,0,,0.09842932224273682,0.3122923672199249,0.28604650497436523
YPR058W,YOL130W,0,,0.098394975066185,0.3122923672199249,0.2861572504043579
YDR365W-B,YDR191W,0,,0.09836065769195557,0.3122923672199249,0.2862679958343506
YML130C,YIL016W,0,,0.09832636266946793,0.3122923672199249,0.28637874126434326
YDR180W,YHR183W,0,,0.09829208999872208,0.3122923672199249,0.28648948669433594
YNL312W,YLR066W,0,,0.09825783967971802,0.3122923672199249,0.2866002321243286
YMR280C,YPL181W,0,,0.09822361916303635,0.3122923672199249,0.2867109775543213
YKL092C,YDR480W,0,,0.09818941354751587,0.3122923672199249,0.2868216931819916
YNL009W,YJL036W,0,,0.09815523773431778,0.3122923672199249,0.28693243861198425
YIL158W,YFR004W,0,,0.09812108427286148,0.3122923672199249,0.28704318404197693
YPL053C,YGL181W,0,,0.09808695316314697,0.3122923672199249,0.2871539294719696
YPL152W,YNL209W,0,,0.09805285185575485,0.3122923672199249,0.2872646749019623
YPL024W,YGR067C,0,,0.09801877290010452,0.3122923672199249,0.28737542033195496
YBL003C,YPL108W,0,,0.09798470884561539,0.3122923672199249,0.28748616576194763
YCL019W,YGL187C,0,,0.09795067459344864,0.3122923672199249,0.2875969111919403
YMR190C,YML062C,0,,0.09791667014360428,0.3122923672199249,0.2877076268196106
YKL027W,YGL013C,0,,0.09788268059492111,0.3122923672199249,0.28781837224960327
YCR042C,YPL170W,0,,0.09784871339797974,0.3122923672199249,0.28792911767959595
YGR192C,YLR110C,0,,0.09781477600336075,0.3122923672199249,0.2880398631095886
YBL046W,YDR037W,0,,0.09778086096048355,0.3122923672199249,0.2881506085395813
YDL004W,YOR255W,0,,0.09774696826934814,0.3122923672199249,0.288261353969574
YMR293C,YOR293W,0,,0.09771309792995453,0.3122923672199249,0.28837209939956665
YOL089C,YHR084W,0,,0.0976792499423027,0.3122923672199249,0.2884828448295593
YBR227C,YLR035C,0,,0.09764543175697327,0.3122923672199249,0.288593590259552
YBL040C,YOR022C,0,,0.09761162847280502,0.3122923672199249,0.2887043058872223
YML008C,YML001W,0,,0.09757785499095917,0.3122923672199249,0.28881505131721497
YMR011W,YGL130W,0,,0.0975441038608551,0.3122923672199249,0.28892579674720764
YGR087C,YMR060C,0,,0.09751037508249283,0.3122923672199249,0.2890365421772003
YCR024C-A,YGR132C,0,,0.09747666865587234,0.3122923672199249,0.289147287607193
YHR007C,YGR096W,0,,0.09744298458099365,0.3122923672199249,0.28925803303718567
YLR275W,YBL071W-A,0,,0.09740932285785675,0.3122923672199249,0.28936877846717834
YER018C,YKL193C,0,,0.09737569093704224,0.3122923672199249,0.289479523897171
YGR271C-A,YMR113W,0,,0.09734208136796951,0.3122923672199249,0.2895902693271637
YPR151C,YGR166W,0,,0.09730848670005798,0.3122923672199249,0.289700984954834
YJR099W,YHR183W,0,,0.09727492183446884,0.3122923672199249,0.28981173038482666
YLR393W,YLR022C,0,,0.09724137932062149,0.3122923672199249,0.28992247581481934
YBR127C,YKL160W,0,,0.09720785915851593,0.3122923672199249,0.290033221244812
YNL021W,YCL027C-A,0,,0.09717436134815216,0.3122923672199249,0.2901439666748047
YOR362C,YBR044C,0,,0.09714088588953018,0.3122923672199249,0.29025471210479736
YJL047C,YLR398C,0,,0.09710744023323059,0.3122923672199249,0.29036545753479004
YJR077C,YDR352W,0,,0.0970740094780922,0.3122923672199249,0.2904762029647827
YER144C,YOR202W,0,,0.09704060852527618,0.3122923672199249,0.290586918592453
YLR034C,YKR042W,0,,0.09700722247362137,0.3122923672199249,0.2906976640224457
YPL045W,YHR032W,0,,0.09697386622428894,0.3122923672199249,0.29080840945243835
YNL305C,YOR343C-B,0,,0.0969405323266983,0.3122923672199249,0.29091915488243103
YCL030C,YLR095C,0,,0.09690721333026886,0.3122923672199249,0.2910299003124237
YKL188C,YHL013C,0,,0.0968739241361618,0.3122923672199249,0.2911406457424164
YBL046W,YDR314C,0,,0.09684065729379654,0.3122923672199249,0.29125139117240906
YMR164C,YPL057C,0,,0.09680741280317307,0.3122923672199249,0.29136213660240173
YNL300W,YOR208W,0,,0.09677419066429138,0.3122923672199249,0.2914728820323944
YGL184C,YKL216W,0,,0.09674099832773209,0.3122923672199249,0.2915835976600647
YDL193W,YJR152W,0,,0.09670782089233398,0.3122923672199249,0.2916943430900574
YOR208W,YDR237W,0,,0.09667466580867767,0.3122923672199249,0.29180508852005005
YNL126W,YJL047C,0,,0.09664153307676315,0.3122923672199249,0.2919158339500427
YML025C,YOR010C,0,,0.09660843014717102,0.3122923672199249,0.2920265793800354
YGL145W,YLR022C,0,,0.09657534211874008,0.3122923672199249,0.2921373248100281
YDR210W-D,YDR331W,0,,0.09654227644205093,0.3122923672199249,0.29224807024002075
YER065C,YPL228W,0,,0.09650924056768417,0.3122923672199249,0.2923588156700134
YPL236C,YNL125C,0,,0.09647621959447861,0.3122923672199249,0.2924695312976837
YGR148C,YPR075C,0,,0.09644322842359543,0.3122923672199249,0.2925802767276764
YDR001C,YKL157W,0,,0.09641025960445404,0.3122923672199249,0.29269102215766907
YLR336C,YCR083W,0,,0.09637730568647385,0.3122923672199249,0.29280176758766174
YLR310C,YPL270W,0,,0.09634438157081604,0.3122923672199249,0.2929125130176544
YBR280C,YDR382W,0,,0.09631147235631943,0.3122923672199249,0.2930232584476471
YNL037C,YDR141C,0,,0.0962785929441452,0.3122923672199249,0.29313400387763977
YGR287C,YDR261C-C,0,,0.09624573588371277,0.3122923672199249,0.29324474930763245
YHR043C,YBL071W-A,0,,0.09621289372444153,0.3122923672199249,0.2933554947376251
YGR195W,YER166W,0,,0.09618008136749268,0.3122923672199249,0.2934662103652954
YLR035C,YCL020W,0,,0.09614729136228561,0.3122923672199249,0.2935769557952881
YBL042C,YGR087C,0,,0.09611451625823975,0.3122923672199249,0.29368770122528076
YGR198W,YPR112C,0,,0.09608177095651627,0.3122923672199249,0.29379844665527344
YFL003C,YNL272C,0,,0.09604904800653458,0.3122923672199249,0.2939091920852661
YGR132C,YLR399C,0,,0.09601633995771408,0.3122923672199249,0.2940199375152588
YNL067W,YDL222C,0,,0.09598366171121597,0.3122923672199249,0.29413068294525146
YJR064W,YJR067C,0,,0.09595100581645966,0.3122923672199249,0.29424142837524414
YGR227W,YBL105C,0,,0.09591836482286453,0.3122923672199249,0.2943521738052368
YIL040W,YMR162C,0,,0.0958857536315918,0.3122923672199249,0.2944628894329071
YPL032C,YGR065C,0,,0.09585316479206085,0.3122923672199249,0.2945736348628998
YDR073W,YBR152W,0,,0.0958205908536911,0.3122923672199249,0.29468438029289246
YMR058W,YDR123C,0,,0.09578804671764374,0.3122923672199249,0.29479512572288513
YBR004C,YFR055W,0,,0.09575551748275757,0.3122923672199249,0.2949058711528778
YKL139W,YPR004C,0,,0.09572301059961319,0.3122923672199249,0.2950166165828705
YOL077W-A,YNL220W,0,,0.0956905335187912,0.3122923672199249,0.29512736201286316
YER048C,YLR275W,0,,0.0956580713391304,0.3122923672199249,0.29523810744285583
YOL119C,YGL020C,0,,0.09562563896179199,0.3122923672199249,0.2953488230705261
YMR170C,YBL071W-A,0,,0.09559322148561478,0.3122923672199249,0.2954595685005188
YAL005C,YGR038C-A,0,,0.09556082636117935,0.3122923672199249,0.2955703139305115
YOR293W,YKR025W,0,,0.09552845358848572,0.3122923672199249,0.29568105936050415
YLR376C,YER006W,0,,0.09549610316753387,0.3122923672199249,0.2957918047904968
YLR148W,YMR029C,0,,0.09546377509832382,0.3122923672199249,0.2959025502204895
YPL045W,YDL058W,0,,0.09543146938085556,0.3122923672199249,0.2960132956504822
YDR462W,YER006W,0,,0.09539918601512909,0.3122923672199249,0.29612404108047485
YHL007C,YIR008C,0,,0.09536692500114441,0.3122923672199249,0.29623478651046753
YBR229C,YPL249C,0,,0.09533468633890152,0.3122923672199249,0.2963455021381378
YHR187W,YNL272C,0,,0.09530247002840042,0.3122923672199249,0.2964562475681305
YMR135C,YPL047W,0,,0.09527026861906052,0.3122923672199249,0.29656699299812317
YHR178W,YIL044C,0,,0.095238097012043,0.3122923672199249,0.29667773842811584
YGL023C,YGR109C,0,,0.09520594030618668,0.3122923672199249,0.2967884838581085
YOR245C,YNL093W,0,,0.09517381340265274,0.3122923672199249,0.2968992292881012
YHR134W,YPL046C,0,,0.09514170140028,0.3122923672199249,0.29700997471809387
YMR161W,YAR071W,0,,0.09510961174964905,0.3122923672199249,0.29712072014808655
YGR090W,YER058W,0,,0.09507754445075989,0.3122923672199249,0.2972314655780792
YLR013W,YHR043C,0,,0.09504549950361252,0.3122923672199249,0.2973421812057495
YBL016W,YIL050W,0,,0.09501347690820694,0.3122923672199249,0.2974529266357422
YBR290W,YOR171C,0,,0.09498147666454315,0.3122923672199249,0.29756367206573486
YPL152W,YCR028C-A,0,,0.09494949132204056,0.3122923672199249,0.29767441749572754
YJL154C,YBR008C,0,,0.09491753578186035,0.3122923672199249,0.2977851629257202
YGR186W,YLR136C,0,,0.09488560259342194,0.3122923672199249,0.2978959083557129
YER118C,YLL023C,0,,0.09485368430614471,0.3122923672199249,0.29800665378570557
YGL121C,YOR133W,0,,0.09482178837060928,0.3122923672199249,0.29811739921569824
YNL241C,YDR489W,0,,0.09478991478681564,0.3122923672199249,0.29822811484336853
YGL184C,YJR056C,0,,0.0947580635547638,0.3122923672199249,0.2983388602733612
YJL002C,YDR210W-A,0,,0.09472623467445374,0.3122923672199249,0.2984496057033539
YDR097C,YOR256C,0,,0.09469442814588547,0.3122923672199249,0.29856035113334656
YPL249C-A,YDR382W,0,,0.0946626365184784,0.3122923672199249,0.29867109656333923
YNL124W,YNL037C,0,,0.09463087469339371,0.3122923672199249,0.2987818419933319
YGL131C,YIL122W,0,,0.09459912776947021,0.3122923672199249,0.2988925874233246
YDL194W,YPL170W,0,,0.09456740319728851,0.3122923672199249,0.29900333285331726
YOR030W,YDR198C,0,,0.0945357009768486,0.3122923672199249,0.29911407828330994
YDR099W,YPL057C,0,,0.09450402110815048,0.3122923672199249,0.2992247939109802
YDR382W,YOL021C,0,,0.09447236359119415,0.3122923672199249,0.2993355393409729
YJL184W,YML026C,0,,0.09444072097539902,0.3122923672199249,0.2994462847709656
YGR068C,YEL026W,0,,0.09440910816192627,0.3122923672199249,0.29955703020095825
YPL283C,YLR119W,0,,0.09437751024961472,0.3122923672199249,0.2996677756309509
YLR144C,YOR284W,0,,0.09434593468904495,0.3122923672199249,0.2997785210609436
YLR138W,YFL031W,0,,0.09431438148021698,0.3122923672199249,0.2998892664909363
YHL022C,YKL065C,0,,0.0942828506231308,0.3122923672199249,0.30000001192092896
YNR063W,YGL038C,0,,0.09425133466720581,0.3122923672199249,0.30011072754859924
YKL208W,YLR002C,0,,0.09421984851360321,0.3122923672199249,0.3002214729785919
YIL121W,YDR293C,0,,0.0941883772611618,0.3122923672199249,0.3003322184085846
YHR200W,YIL010W,0,,0.09415692836046219,0.3122923672199249,0.30044296383857727
YHL002W,YOR035C,0,,0.09412550181150436,0.3122923672199249,0.30055370926856995
YKL096W,YNL093W,0,,0.09409409761428833,0.3122923672199249,0.3006644546985626
YGR038W,YLL023C,0,,0.09406270831823349,0.3122923672199249,0.3007752001285553
YPL162C,YJL118W,0,,0.09403134137392044,0.3122923672199249,0.300885945558548
YOR205C,YHR128W,0,,0.09399999678134918,0.3122923672199249,0.30099669098854065
YPL152W,YMR068W,0,,0.09396867454051971,0.3122923672199249,0.30110740661621094
YLL028W,YOR245C,0,,0.09393737465143204,0.3122923672199249,0.3012181520462036
YMR154C,YMR251W-A,0,,0.09390609711408615,0.3122923672199249,0.3013288974761963
YNL209W,YKR087C,0,,0.09387483447790146,0.3122923672199249,0.30143964290618896
YOR245C,YFR055W,0,,0.09384359419345856,0.3122923672199249,0.30155038833618164
YNL072W,YLR362W,0,,0.09381237626075745,0.3122923672199249,0.3016611337661743
YFL024C,YBR221C,0,,0.09378118067979813,0.3122923672199249,0.301771879196167
YHR200W,YPL066W,0,,0.09375,0.3122923672199249,0.30188262462615967
YNL134C,YBR167C,0,,0.09371884167194366,0.3122923672199249,0.30199337005615234
YOL013C,YJR088C,0,,0.09368770569562912,0.3122923672199249,0.30210408568382263
YGL065C,YBR014C,0,,0.09365659207105637,0.3122923672199249,0.3022148311138153
YLR051C,YGR038W,0,,0.0936255007982254,0.3122923672199249,0.302325576543808
YKR086W,YNL275W,0,,0.09359442442655563,0.3122923672199249,0.30243632197380066
YNL139C,YPL030W,0,,0.09356337040662766,0.3122923672199249,0.30254706740379333
YBR302C,YCR020W-B,0,,0.09353233873844147,0.3122923672199249,0.302657812833786
YOL115W,YOR073W,0,,0.09350132942199707,0.3122923672199249,0.3027685582637787
YBR132C,YEL020C,0,,0.09347033500671387,0.3122923672199249,0.30287930369377136
YNL067W,YPR065W,0,,0.09343936294317245,0.3122923672199249,0.30299001932144165
YKR098C,YLR453C,0,,0.09340841323137283,0.3122923672199249,0.3031007647514343
YDR294C,YMR058W,0,,0.093377485871315,0.3122923672199249,0.303211510181427
YGR192C,YMR047C,0,,0.09334657341241837,0.3122923672199249,0.3033222556114197
YKL222C,YML072C,0,,0.09331568330526352,0.3122923672199249,0.30343300104141235
YLR064W,YLL054C,0,,0.09328481554985046,0.3122923672199249,0.30354374647140503
YER118C,YFL050C,0,,0.0932539701461792,0.3122923672199249,0.3036544919013977
YNL024C-A,YKR039W,0,,0.09322313964366913,0.3122923672199249,0.3037652373313904
YLR135W,YBR265W,0,,0.09319233149290085,0.3122923672199249,0.30387598276138306
YJL074C,YDR266C,0,,0.09316154569387436,0.3122923672199249,0.30398669838905334
YER011W,YNL005C,0,,0.09313078224658966,0.3122923672199249,0.304097443819046
YGR027W-A,YEL003W,0,,0.09310003370046616,0.3122923672199249,0.3042081892490387
YGR048W,YLR308W,0,,0.09306930750608444,0.3122923672199249,0.30431893467903137
YJR090C,YOL027C,0,,0.09303860366344452,0.3122923672199249,0.30442968010902405
YIL049W,YPR201W,0,,0.09300791472196579,0.3122923672199249,0.3045404255390167
YDR142C,YPL030W,0,,0.09297724813222885,0.3122923672199249,0.3046511709690094
YGL020C,YCL020W,0,,0.0929466038942337,0.3122923672199249,0.3047619163990021
YGL201C,YPR124W,0,,0.09291598200798035,0.3122923672199249,0.30487263202667236
YJR047C,YPL124W,0,,0.09288537502288818,0.3122923672199249,0.30498337745666504
YBL045C,YBR139W,0,,0.09285479038953781,0.3122923672199249,0.3050941228866577
YMR293C,YDR210W-A,0,,0.09282422810792923,0.3122923672199249,0.3052048683166504
YDL132W,YNL021W,0,,0.09279368072748184,0.3122923672199249,0.30531561374664307
YNL139C,YNL315C,0,,0.09276315569877625,0.3122923672199249,0.30542635917663574
YML024W,YNL225C,0,,0.09273265302181244,0.3122923672199249,0.3055371046066284
YFL053W,YDL214C,0,,0.09270217269659042,0.3122923672199249,0.3056478500366211
YKR003W,YJR161C,0,,0.0926717072725296,0.3122923672199249,0.30575859546661377
YER073W,YKR029C,0,,0.09264126420021057,0.3122923672199249,0.30586931109428406
YNL090W,YNL275W,0,,0.09261083602905273,0.3122923672199249,0.30598005652427673
YDL194W,YDL044C,0,,0.09258043020963669,0.3122923672199249,0.3060908019542694
YGL245W,YLL015W,0,,0.09255004674196243,0.3122923672199249,0.3062015473842621
YNL126W,YNL265C,0,,0.09251968562602997,0.3122923672199249,0.30631229281425476
YLR376C,YEL011W,0,,0.0924893394112587,0.3122923672199249,0.30642303824424744
YGR048W,YJL074C,0,,0.09245901554822922,0.3122923672199249,0.3065337836742401
YBL006C,YBR154C,0,,0.09242871403694153,0.3122923672199249,0.3066445291042328
YJL177W,YLR274W,0,,0.09239842742681503,0.3122923672199249,0.30675527453422546
YAR071W,YGR140W,0,,0.09236816316843033,0.3122923672199249,0.30686599016189575
YBR258C,YLR319C,0,,0.09233791381120682,0.3122923672199249,0.3069767355918884
YLR226W,YGR261C,0,,0.0923076942563057,0.3122923672199249,0.3070874810218811
YJL091C,YDR043C,0,,0.09227748960256577,0.3122923672199249,0.3071982264518738
YKL193C,YLR341W,0,,0.09224729984998703,0.3122923672199249,0.30730897188186646
YER054C,YJR093C,0,,0.09221713244915009,0.3122923672199249,0.30741971731185913
YDR225W,YMR058W,0,,0.09218698740005493,0.3122923672199249,0.3075304627418518
YNL323W,YHR123W,0,,0.09215686470270157,0.3122923672199249,0.3076412081718445
YOL033W,YKR045C,0,,0.0921267569065094,0.3122923672199249,0.30775192379951477
YGR048W,YJR161C,0,,0.09209667146205902,0.3122923672199249,0.30786266922950745
YGL002W,YDL156W,0,,0.09206660091876984,0.3122923672199249,0.3079734146595001
YLR388W,YDR354W,0,,0.09203655272722244,0.3122923672199249,0.3080841600894928
YIL099W,YNL279W,0,,0.09200652688741684,0.3122923672199249,0.3081949055194855
YER119C,YCR034W,0,,0.09197651594877243,0.3122923672199249,0.30830565094947815
YPR101W,YLL028W,0,,0.09194652736186981,0.3122923672199249,0.3084163963794708
YLR070C,YJL036W,0,,0.09191656112670898,0.3122923672199249,0.3085271418094635
YML038C,YJR044C,0,,0.09188660979270935,0.3122923672199249,0.3086378872394562
YDL193W,YPR181C,0,,0.09185668081045151,0.3122923672199249,0.30874860286712646
YCR042C,YOR198C,0,,0.09182676672935486,0.3122923672199249,0.30885934829711914
YNL222W,YLR003C,0,,0.091796875,0.3122923672199249,0.3089700937271118
YKL091C,YIL010W,0,,0.09176700562238693,0.3122923672199249,0.3090808391571045
YOR094W,YDR432W,0,,0.09173715114593506,0.3122923672199249,0.30919158458709717
YDR322C-A,YOR367W,0,,0.09170731902122498,0.3122923672199249,0.30930233001708984
YCR073C,YGR068C,0,,0.09167750179767609,0.3122923672199249,0.3094130754470825
YBL102W,YKL073W,0,,0.09164770692586899,0.3122923672199249,0.3095238208770752
YJR090C,YJL091C,0,,0.09161793440580368,0.3122923672199249,0.30963456630706787
YIL063C,YOL058W,0,,0.09158817678689957,0.3122923672199249,0.30974528193473816
YDR182W,YDR210W-A,0,,0.09155844151973724,0.3122923672199249,0.30985602736473083
YJL042W,YOL039W,0,,0.09152872115373611,0.3122923672199249,0.3099667727947235
YER035W,YGR140W,0,,0.09149902313947678,0.3122923672199249,0.3100775182247162
YGL048C,YLR157C-B,0,,0.09146934747695923,0.3122923672199249,0.31018826365470886
YGL207W,YOR307C,0,,0.09143968671560287,0.3122923672199249,0.31029900908470154
YMR092C,YGL166W,0,,0.09141004830598831,0.3122923672199249,0.3104097545146942
YCR079W,YPL124W,0,,0.09138042479753494,0.3122923672199249,0.3105204999446869
YDR058C,YCR028C-A,0,,0.09135082364082336,0.3122923672199249,0.3106312155723572
YHR123W,YPL275W,0,,0.09132124483585358,0.3122923672199249,0.31074196100234985
YDR162C,YGR207C,0,,0.09129168093204498,0.3122923672199249,0.31085270643234253
YIL016W,YDR171W,0,,0.09126213937997818,0.3122923672199249,0.3109634518623352
YOR284W,YOL060C,0,,0.09123261272907257,0.3122923672199249,0.3110741972923279
YNL126W,YMR214W,0,,0.09120310842990875,0.3122923672199249,0.31118494272232056
YOR255W,YNL275W,0,,0.09117361903190613,0.3122923672199249,0.31129568815231323
YMR288W,YDR017C,0,,0.0911441519856453,0.3122923672199249,0.3114064335823059
YLR226W,YOR339C,0,,0.09111469984054565,0.3122923672199249,0.3115171790122986
YDR171W,YJR044C,0,,0.0910852700471878,0.3122923672199249,0.31162789463996887
YKR060W,YML024W,0,,0.09105586260557175,0.3122923672199249,0.31173864006996155
YML064C,YDL222C,0,,0.09102647006511688,0.3122923672199249,0.3118493854999542
YMR266W,YNL312W,0,,0.09099709242582321,0.3122923672199249,0.3119601309299469
YNL264C,YPL032C,0,,0.09096774458885193,0.3122923672199249,0.3120708763599396
YMR288W,YOR017W,0,,0.09093840420246124,0.3122923672199249,0.31218162178993225
YJL115W,YOR003W,0,,0.09090909361839294,0.3122923672199249,0.3122923672199249
YFR042W,YKR046C,0,,0.09087979048490524,0.3122923672199249,0.3124031126499176
YMR011W,YGR289C,1,,0.09117268025875092,0.3133997917175293,0.3124031126499176
YMR011W,YEL004W,1,,0.09146537631750107,0.3145071864128113,0.3124031126499176
YML110C,YBL099W,0,,0.09143593162298203,0.3145071864128113,0.3125138282775879
YJL214W,YNR072W,1,,0.09172835201025009,0.31561461091041565,0.3125138282775879
YJL214W,YDL247W,1,,0.09202059358358383,0.31672203540802,0.3125138282775879
YJL214W,YJL219W,1,,0.09231264144182205,0.3178294599056244,0.3125138282775879
YJL214W,YDR536W,1,,0.09260450303554535,0.31893688440322876,0.3125138282775879
YJL214W,YHR094C,1,,0.09289617836475372,0.32004430890083313,0.3125138282775879
YJL214W,YBL020W,1,,0.09318765997886658,0.3211517035961151,0.3125138282775879
YJL214W,YFL011W,1,,0.0934789627790451,0.3222591280937195,0.3125138282775879
YJL214W,YHR092C,1,,0.09377007186412811,0.32336655259132385,0.3125138282775879
YJL214W,YPL189W,1,,0.0940609946846962,0.3244739770889282,0.3125138282775879
YJR158W,YDR345C,1,,0.09435173124074936,0.3255814015865326,0.3125138282775879
YJL214W,YCL040W,1,,0.0946422815322876,0.32668882608413696,0.3125138282775879
YJL214W,YGL225W,1,,0.09493264555931091,0.32779622077941895,0.3125138282775879
YJR158W,YML038C,1,,0.0952228307723999,0.3289036452770233,0.3125138282775879
YJR158W,YGL209W,1,,0.09551282227039337,0.3300110697746277,0.3125138282775879
YJR158W,YLR081W,1,,0.09580262750387192,0.33111849427223206,0.3125138282775879
YJR158W,YHR096C,1,,0.09609224647283554,0.3322259187698364,0.3125138282775879
YJR158W,YKR075C,1,,0.09638168662786484,0.3333333432674408,0.3125138282775879
YJL214W,YJR160C,1,,0.09667093306779861,0.33444076776504517,0.3125138282775879
YJL214W,YMR011W,1,,0.09696000069379807,0.33554816246032715,0.3125138282775879
YJL214W,YDR342C,1,,0.09724888205528259,0.3366555869579315,0.3125138282775879
YJL214W,YEL069C,1,,0.0975375771522522,0.3377630114555359,0.3125138282775879
YJL214W,YEL004W,1,,0.09782608598470688,0.33887043595314026,0.3125138282775879
YJL214W,YER039C,1,,0.09811441600322723,0.33997786045074463,0.3125138282775879
YJL214W,YIL171W,1,,0.09840255230665207,0.341085284948349,0.3125138282775879
YJL214W,YDR343C,1,,0.09869051724672318,0.342192679643631,0.3125138282775879
YJL214W,YFR053C,1,,0.09897828847169876,0.34330010414123535,0.3125138282775879
YJL214W,YBR298C,1,,0.09926588088274002,0.3444075286388397,0.3125138282775879
YJL214W,YDL194W,1,,0.09955328702926636,0.3455149531364441,0.3125138282775879
YJL214W,YIL170W,1,,0.09984050691127777,0.34662237763404846,0.3125138282775879
YJL214W,YNL318C,1,,0.10012754797935486,0.34772980213165283,0.3125138282775879
YJL214W,YPL244C,1,,0.10041441023349762,0.3488371968269348,0.3125138282775879
YJL214W,YDL138W,1,,0.10070108622312546,0.3499446213245392,0.3125138282775879
YJL214W,YLL043W,1,,0.10098757594823837,0.35105204582214355,0.3125138282775879
YJL214W,YGL253W,1,,0.10127388685941696,0.3521594703197479,0.3125138282775879
YJL214W,YBR020W,1,,0.10156001150608063,0.3532668948173523,0.3125138282775879
YJL214W,YKL038W,1,,0.10184595733880997,0.35437431931495667,0.3125138282775879
YJR158W,YGR289C,1,,0.10213172435760498,0.35548171401023865,0.3125138282775879
YJR158W,YEL004W,1,,0.10241730511188507,0.356589138507843,0.3125138282775879
YJL214W,YGR289C,1,,0.10270269960165024,0.3576965630054474,0.3125138282775879
YJR158W,YCL040W,1,,0.10298792272806168,0.35880398750305176,0.3125138282775879
YJR158W,YDR536W,1,,0.10327295958995819,0.35991141200065613,0.3125138282775879
YJR158W,YHR094C,1,,0.10355781763792038,0.3610188364982605,0.3125138282775879
YJR158W,YBL020W,1,,0.10384248942136765,0.3621262311935425,0.3125138282775879
YJR158W,YFL011W,1,,0.10412698239088058,0.36323365569114685,0.3125138282775879
YJR158W,YHR092C,1,,0.1044112965464592,0.3643410801887512,0.3125138282775879
YJR158W,YNR072W,1,,0.10469543188810349,0.3654485046863556,0.3125138282775879
YJR158W,YPL189W,1,,0.10497938841581345,0.36655592918395996,0.3125138282775879
YJR158W,YGL225W,1,,0.10526315867900848,0.36766335368156433,0.3125138282775879
YJR158W,YER039C,1,,0.1055467501282692,0.3687707781791687,0.3125138282775879
YJR158W,YJL214W,1,,0.10583016276359558,0.3698781728744507,0.3125138282775879
YOL156W,YML038C,1,,0.10611339658498764,0.37098559737205505,0.3125138282775879
YOL156W,YGL209W,1,,0.10639645159244537,0.3720930218696594,0.3125138282775879
YOL156W,YLR081W,1,,0.10667932778596878,0.3732004463672638,0.3125138282775879
YOL156W,YHR096C,1,,0.10696202516555786,0.37430787086486816,0.3125138282775879
YOL156W,YKR075C,1,,0.10724454373121262,0.37541529536247253,0.3125138282775879
YOL156W,YGR289C,1,,0.10752688348293304,0.3765226900577545,0.3125138282775879
YJR158W,YJL219W,1,,0.10780904442071915,0.3776301145553589,0.3125138282775879
YJR158W,YDL247W,1,,0.10809102654457092,0.37873753905296326,0.3125138282775879
YJR158W,YJR160C,1,,0.10837282985448837,0.3798449635505676,0.3125138282775879
YJR158W,YMR011W,1,,0.1086544543504715,0.380952388048172,0.3125138282775879
YJR158W,YIL171W,1,,0.1089359000325203,0.38205981254577637,0.3125138282775879
YJR158W,YDR343C,1,,0.10921717435121536,0.38316720724105835,0.3125138282775879
YJR158W,YFR053C,1,,0.10949826240539551,0.3842746317386627,0.3125138282775879
YJR158W,YBR298C,1,,0.10977917909622192,0.3853820562362671,0.3125138282775879
YJR158W,YDL194W,1,,0.11005991697311401,0.38648948073387146,0.3125138282775879
YJR158W,YIL170W,1,,0.11034047603607178,0.38759690523147583,0.3125138282775879
YJR158W,YNL318C,1,,0.11062086373567581,0.3887043297290802,0.3125138282775879
YJR158W,YPL244C,1,,0.11090107262134552,0.3898117244243622,0.3125138282775879
YJR158W,YDL138W,1,,0.1111811026930809,0.39091914892196655,0.3125138282775879
YJR158W,YLL043W,1,,0.11146095395088196,0.3920265734195709,0.3125138282775879
YJR158W,YGL253W,1,,0.11174063384532928,0.3931339979171753,0.3125138282775879
YJR158W,YBR020W,1,,0.11202013492584229,0.39424142241477966,0.3125138282775879
YJR158W,YKL038W,1,,0.11229946464300156,0.39534884691238403,0.3125138282775879
YJR158W,YEL069C,1,,0.1125786155462265,0.3964562714099884,0.3125138282775879
YJR158W,YDR342C,1,,0.11285759508609772,0.3975636661052704,0.3125138282775879
YJL214W,YDR345C,1,,0.1131363958120346,0.39867109060287476,0.3125138282775879
YJL214W,YKR075C,1,,0.11341501772403717,0.3997785151004791,0.3125138282775879
YMR011W,YER039C,1,,0.113693468272686,0.4008859395980835,0.3125138282775879
YCL040W,YDL247W,1,,0.11397174000740051,0.40199336409568787,0.3125138282775879
YCL040W,YGL253W,1,,0.11424984037876129,0.40310078859329224,0.3125138282775879
YCL040W,YBR020W,1,,0.11452776938676834,0.4042081832885742,0.3125138282775879
YCL040W,YKL038W,1,,0.11480551958084106,0.4053156077861786,0.3125138282775879
YCL040W,YEL069C,1,,0.11508309841156006,0.40642303228378296,0.3125138282775879
YCL040W,YDR342C,1,,0.11536049842834473,0.40753045678138733,0.3125138282775879
YCL040W,YMR011W,1,,0.11563773453235626,0.4086378812789917,0.3125138282775879
YCL040W,YJR160C,1,,0.11591478437185287,0.40974530577659607,0.3125138282775879
YCL040W,YJL219W,1,,0.11619167029857635,0.41085270047187805,0.3125138282775879
YGL225W,YGL209W,1,,0.11646837741136551,0.4119601249694824,0.3125138282775879
YCL040W,YDR536W,1,,0.11674491316080093,0.4130675494670868,0.3125138282775879
YCL040W,YHR094C,1,,0.11702127754688263,0.41417497396469116,0.3125138282775879
YCL040W,YBL020W,1,,0.11729746311903,0.41528239846229553,0.3125138282775879
YCL040W,YFL011W,1,,0.11757348477840424,0.4163898229598999,0.3125138282775879
YCL040W,YHR092C,1,,0.11784932762384415,0.4174972176551819,0.3125138282775879
YCL040W,YNR072W,1,,0.11812499910593033,0.41860464215278625,0.3125138282775879
YCL040W,YPL189W,1,,0.11840049922466278,0.4197120666503906,0.3125138282775879
YCL040W,YLL043W,1,,0.1186758279800415,0.420819491147995,0.3125138282775879
YCL040W,YDL138W,1,,0.1189509853720665,0.42192691564559937,0.3125138282775879
YCL040W,YPL244C,1,,0.11922596395015717,0.42303434014320374,0.3125138282775879
YCL040W,YNL318C,1,,0.1195007786154747,0.4241417348384857,0.3125138282775879
YCL040W,YML038C,1,,0.11977542191743851,0.4252491593360901,0.3125138282775879
YCL040W,YGL209W,1,,0.12004989385604858,0.42635658383369446,0.3125138282775879
YCL040W,YLR081W,1,,0.12032418698072433,0.42746400833129883,0.3125138282775879
YCL040W,YHR096C,1,,0.12059831619262695,0.4285714328289032,0.3125138282775879
YCL040W,YKR075C,1,,0.12087227404117584,0.42967885732650757,0.3125138282775879
YCL040W,YGR289C,1,,0.121146060526371,0.43078628182411194,0.3125138282775879
YCL040W,YDR345C,1,,0.12141967564821243,0.4318936765193939,0.3125138282775879
YCL040W,YEL004W,1,,0.12169311940670013,0.4330011010169983,0.3125138282775879
YCL040W,YER039C,1,,0.1219663992524147,0.43410852551460266,0.3125138282775879
YCL040W,YIL171W,1,,0.12223950028419495,0.43521595001220703,0.3125138282775879
YCL040W,YDR343C,1,,0.12251243740320206,0.4363233745098114,0.3125138282775879
YCL040W,YFR053C,1,,0.12278520315885544,0.43743079900741577,0.3125138282775879
YCL040W,YBR298C,1,,0.12305779755115509,0.43853819370269775,0.3125138282775879
YCL040W,YDL194W,1,,0.12333022803068161,0.4396456182003021,0.3125138282775879
YCL040W,YIL170W,1,,0.1236024871468544,0.4407530426979065,0.3125138282775879
YGL225W,YML038C,1,,0.12387457489967346,0.44186046719551086,0.3125138282775879
YGL225W,YLR081W,1,,0.1241464912891388,0.44296789169311523,0.3125138282775879
YJL214W,YHR096C,1,,0.124418243765831,0.4440753161907196,0.3125138282775879
YGL225W,YBL020W,1,,0.12468982487916946,0.4451827108860016,0.3125138282775879
YGL225W,YDR342C,1,,0.1249612420797348,0.44629013538360596,0.3125138282775879
YGL225W,YMR011W,1,,0.1252324879169464,0.4473975598812103,0.3125138282775879
YGL225W,YJR160C,1,,0.1255035698413849,0.4485049843788147,0.3125138282775879
YGL225W,YDL247W,1,,0.12577447295188904,0.44961240887641907,0.3125138282775879
YGL225W,YJL219W,1,,0.12604521214962006,0.45071983337402344,0.3125138282775879
YGL225W,YDR536W,1,,0.12631578743457794,0.4518272280693054,0.3125138282775879
YGL225W,YHR094C,1,,0.1265861988067627,0.4529346525669098,0.3125138282775879
YGL225W,YFL011W,1,,0.12685643136501312,0.45404207706451416,0.3125138282775879
YGL225W,YHR096C,1,,0.1271265149116516,0.45514950156211853,0.3125138282775879
YGL225W,YHR092C,1,,0.12739641964435577,0.4562569260597229,0.3125138282775879
YGL225W,YNR072W,1,,0.1276661455631256,0.45736435055732727,0.3125138282775879
YGL225W,YPL189W,1,,0.1279357224702835,0.45847177505493164,0.3125138282775879
YGL225W,YCL040W,1,,0.12820513546466827,0.4595791697502136,0.3125138282775879
YJL214W,YML038C,1,,0.1284743696451187,0.460686594247818,0.3125138282775879
YJL214W,YGL209W,1,,0.12874343991279602,0.46179401874542236,0.3125138282775879
YJL214W,YLR081W,1,,0.1290123462677002,0.46290144324302673,0.3125138282775879
YGL225W,YEL069C,1,,0.12928108870983124,0.4640088677406311,0.3125138282775879
YGL225W,YKL038W,1,,0.12954966723918915,0.4651162922382355,0.3125138282775879
YGL225W,YBR020W,1,,0.12981806695461273,0.46622368693351746,0.3125138282775879
YGL225W,YGL253W,1,,0.13008631765842438,0.4673311114311218,0.3125138282775879
YGL225W,YKR075C,1,,0.1303543895483017,0.4684385359287262,0.3125138282775879
YGL225W,YGR289C,1,,0.13062229752540588,0.46954596042633057,0.3125138282775879
YGL225W,YDR345C,1,,0.13089005649089813,0.47065338492393494,0.3125138282775879
YGL225W,YEL004W,1,,0.13115763664245605,0.4717608094215393,0.3125138282775879
YGL225W,YER039C,1,,0.13142505288124084,0.4728682041168213,0.3125138282775879
YGL225W,YIL171W,1,,0.1316923052072525,0.47397562861442566,0.3125138282775879
YGL225W,YDR343C,1,,0.13195939362049103,0.47508305311203003,0.3125138282775879
YGL225W,YFR053C,1,,0.13222631812095642,0.4761904776096344,0.3125138282775879
YGL225W,YBR298C,1,,0.13249307870864868,0.47729790210723877,0.3125138282775879
YGL225W,YDL194W,1,,0.1327596753835678,0.47840532660484314,0.3125138282775879
YGL225W,YIL170W,1,,0.1330261081457138,0.4795127213001251,0.3125138282775879
YGL225W,YNL318C,1,,0.13329237699508667,0.4806201457977295,0.3125138282775879
YGL225W,YPL244C,1,,0.1335584968328476,0.48172757029533386,0.3125138282775879
YGL225W,YDL138W,1,,0.1338244378566742,0.48283499479293823,0.3125138282775879
YGL225W,YLL043W,1,,0.13409021496772766,0.4839424192905426,0.3125138282775879
YOL156W,YDR345C,1,,0.134355828166008,0.485049843788147,0.3125138282775879
YOL156W,YEL004W,1,,0.1346212774515152,0.48615726828575134,0.3125138282775879
YOL156W,YER039C,1,,0.13488657772541046,0.4872646629810333,0.3125138282775879
YGL084C,YPL189W,1,,0.1351516991853714,0.4883720874786377,0.3125138282775879
YGL084C,YJL219W,1,,0.1354166716337204,0.48947951197624207,0.3125138282775879
YGL084C,YDR536W,1,,0.13568146526813507,0.49058693647384644,0.3125138282775879
YGL084C,YHR094C,1,,0.1359461098909378,0.4916943609714508,0.3125138282775879
YGL084C,YBL020W,1,,0.1362105906009674,0.4928017854690552,0.3125138282775879
YGL084C,YFL011W,1,,0.13647490739822388,0.49390918016433716,0.3125138282775879
YGL084C,YHR092C,1,,0.13673906028270721,0.49501660466194153,0.3125138282775879
YGL084C,YNR072W,1,,0.1370030641555786,0.4961240291595459,0.3125138282775879
YGL084C,YCL040W,1,,0.13726688921451569,0.49723145365715027,0.3125138282775879
YDR387C,YHR096C,1,,0.13753056526184082,0.49833887815475464,0.3125138282775879
YGL084C,YGL225W,1,,0.13779407739639282,0.499446302652359,0.3125138282775879
YGL084C,YJL214W,1,,0.1380574256181717,0.5005537271499634,0.3125138282775879
YGL084C,YJR158W,1,,0.13832060992717743,0.5016611218452454,0.3125138282775879
YGL084C,YOL156W,1,,0.13858364522457123,0.5027685761451721,0.3125138282775879
YGL084C,YDL245C,1,,0.1388465017080307,0.5038759708404541,0.3125138282775879
YDR387C,YML038C,1,,0.13910920917987823,0.5049833655357361,0.3125138282775879
YDR387C,YGL209W,1,,0.13937175273895264,0.5060908198356628,0.3125138282775879
YGL084C,YDL247W,1,,0.1396341472864151,0.5071982145309448,0.3125138282775879
YGL084C,YJR160C,1,,0.13989637792110443,0.5083056688308716,0.3125138282775879
YGL084C,YMR011W,1,,0.14015844464302063,0.5094130635261536,0.3125138282775879
YGL084C,YDR342C,1,,0.1404203474521637,0.5105204582214355,0.3125138282775879
YGL084C,YER039C,1,,0.14068210124969482,0.5116279125213623,0.3125138282775879
YGL084C,YIL171W,1,,0.14094367623329163,0.5127353072166443,0.3125138282775879
YGL084C,YDR343C,1,,0.14120511710643768,0.513842761516571,0.3125138282775879
YGL084C,YFR053C,1,,0.14146637916564941,0.514950156211853,0.3125138282775879
YGL084C,YBR298C,1,,0.1417274922132492,0.5160576105117798,0.3125138282775879
YGL084C,YDL194W,1,,0.14198844134807587,0.5171650052070618,0.3125138282775879
YGL084C,YIL170W,1,,0.1422492414712906,0.5182723999023438,0.3125138282775879
YGL084C,YNL318C,1,,0.14250987768173218,0.5193798542022705,0.3125138282775879
YGL084C,YPL244C,1,,0.14277034997940063,0.5204872488975525,0.3125138282775879
YGL084C,YDL138W,1,,0.14303067326545715,0.5215947031974792,0.3125138282775879
YGL084C,YLL043W,1,,0.14329083263874054,0.5227020978927612,0.3125138282775879
YGL084C,YGL253W,1,,0.1435508280992508,0.523809552192688,0.3125138282775879
YGL084C,YBR020W,1,,0.1438106745481491,0.52491694688797,0.3125138282775879
YGL084C,YKL038W,1,,0.14407037198543549,0.526024341583252,0.3125138282775879
YGL084C,YEL069C,1,,0.14432989060878754,0.5271317958831787,0.3125138282775879
YDR387C,YLR081W,1,,0.14458927512168884,0.5282391905784607,0.3125138282775879
YDR387C,YKR075C,1,,0.14484848082065582,0.5293466448783875,0.3125138282775879
YOL156W,YIL171W,1,,0.14510753750801086,0.5304540395736694,0.3125138282775879
YDR387C,YHR092C,1,,0.14536644518375397,0.5315614342689514,0.3125138282775879
YDR387C,YJR160C,1,,0.14562518894672394,0.5326688885688782,0.3125138282775879
YDR387C,YDL247W,1,,0.14588378369808197,0.5337762832641602,0.3125138282775879
YDR387C,YJL219W,1,,0.14614221453666687,0.5348837375640869,0.3125138282775879
YDR387C,YDR536W,1,,0.14640048146247864,0.5359911322593689,0.3125138282775879
YDR387C,YHR094C,1,,0.14665859937667847,0.5370985865592957,0.3125138282775879
YDR387C,YBL020W,1,,0.14691656827926636,0.5382059812545776,0.3125138282775879
YDR387C,YFL011W,1,,0.14717437326908112,0.5393133759498596,0.3125138282775879
YDR387C,YNR072W,1,,0.14743202924728394,0.5404208302497864,0.3125138282775879
YDR387C,YGR289C,1,,0.14768952131271362,0.5415282249450684,0.3125138282775879
YDR387C,YPL189W,1,,0.14794686436653137,0.5426356792449951,0.3125138282775879
YDR387C,YCL040W,1,,0.148204043507576,0.5437430739402771,0.3125138282775879
YDR387C,YGL225W,1,,0.14846107363700867,0.5448504686355591,0.3125138282775879
YDR387C,YJL214W,1,,0.1487179547548294,0.5459579229354858,0.3125138282775879
YDR387C,YJR158W,1,,0.14897467195987701,0.5470653176307678,0.3125138282775879
YDR387C,YOL156W,1,,0.14923124015331268,0.5481727719306946,0.3125138282775879
YDR387C,YDL245C,1,,0.14948764443397522,0.5492801666259766,0.3125138282775879
YDR387C,YMR011W,1,,0.14974389970302582,0.5503876209259033,0.3125138282775879
YDR387C,YDR342C,1,,0.15000000596046448,0.5514950156211853,0.3125138282775879
YDR387C,YEL069C,1,,0.15025594830513,0.5526024103164673,0.3125138282775879
YDR387C,YKL038W,1,,0.1505117416381836,0.553709864616394,0.3125138282775879
YDR387C,YDR345C,1,,0.15076738595962524,0.554817259311676,0.3125138282775879
YDR387C,YEL004W,1,,0.15102286636829376,0.5559247136116028,0.3125138282775879
YDR387C,YER039C,1,,0.15127819776535034,0.5570321083068848,0.3125138282775879
YDR387C,YIL171W,1,,0.15153338015079498,0.5581395626068115,0.3125138282775879
YDR387C,YDR343C,1,,0.1517883986234665,0.5592469573020935,0.3125138282775879
YDR387C,YFR053C,1,,0.15204326808452606,0.5603543519973755,0.3125138282775879
YDR387C,YBR298C,1,,0.1522979885339737,0.5614618062973022,0.3125138282775879
YDR387C,YDL194W,1,,0.1525525599718094,0.5625692009925842,0.3125138282775879
YDR387C,YIL170W,1,,0.15280696749687195,0.563676655292511,0.3125138282775879
YDR387C,YNL318C,1,,0.15306122601032257,0.564784049987793,0.3125138282775879
YDR387C,YPL244C,1,,0.15331533551216125,0.565891444683075,0.3125138282775879
YDR387C,YDL138W,1,,0.1535692811012268,0.5669988989830017,0.3125138282775879
YDR387C,YLL043W,1,,0.1538230925798416,0.5681062936782837,0.3125138282775879
YDR387C,YGL253W,1,,0.1540767401456833,0.5692137479782104,0.3125138282775879
YDR387C,YBR020W,1,,0.15433023869991302,0.5703211426734924,0.3125138282775879
YGL084C,YEL004W,1,,0.15458358824253082,0.5714285969734192,0.3125138282775879
YGL084C,YDR345C,1,,0.1548367738723755,0.5725359916687012,0.3125138282775879
YGL084C,YGR289C,1,,0.1550898253917694,0.5736433863639832,0.3125138282775879
YOL156W,YGL225W,1,,0.1553427129983902,0.5747508406639099,0.3125138282775879
YOL156W,YHR094C,1,,0.15559545159339905,0.5758582353591919,0.3125138282775879
YOL156W,YBL020W,1,,0.15584804117679596,0.5769656896591187,0.3125138282775879
YOL156W,YFL011W,1,,0.15610048174858093,0.5780730843544006,0.3125138282775879
YOL156W,YHR092C,1,,0.15635275840759277,0.5791805386543274,0.3125138282775879
YOL156W,YNR072W,1,,0.15660490095615387,0.5802879333496094,0.3125138282775879
YOL156W,YPL189W,1,,0.15685687959194183,0.5813953280448914,0.3125138282775879
YOL156W,YCL040W,1,,0.15710872411727905,0.5825027823448181,0.3125138282775879
YOL156W,YJL214W,1,,0.15736040472984314,0.5836101770401001,0.3125138282775879
YGL084C,YKR075C,1,,0.1576119363307953,0.5847176313400269,0.3125138282775879
YOL156W,YJR158W,1,,0.1578633189201355,0.5858250260353088,0.3125138282775879
YDL245C,YML038C,1,,0.15811455249786377,0.5869324207305908,0.3125138282775879
YDL245C,YGL209W,1,,0.1583656370639801,0.5880398750305176,0.3125138282775879
YDL245C,YLR081W,1,,0.1586165726184845,0.5891472697257996,0.3125138282775879
YDL245C,YHR096C,1,,0.15886735916137695,0.5902547240257263,0.3125138282775879
YDL245C,YKR075C,1,,0.15911799669265747,0.5913621187210083,0.3125138282775879
YDL245C,YGR289C,1,,0.15936848521232605,0.5924695730209351,0.3125138282775879
YOL156W,YDR536W,1,,0.1596188247203827,0.593576967716217,0.3125138282775879
YOL156W,YJL219W,1,,0.1598690152168274,0.594684362411499,0.3125138282775879
YOL156W,YDL247W,1,,0.16011904180049896,0.5957918167114258,0.3125138282775879
YOL156W,YJR160C,1,,0.1603689342737198,0.5968992114067078,0.3125138282775879
YOL156W,YDR343C,1,,0.16061867773532867,0.5980066657066345,0.3125138282775879
YOL156W,YFR053C,1,,0.16086827218532562,0.5991140604019165,0.3125138282775879
YOL156W,YBR298C,1,,0.16111771762371063,0.6002214550971985,0.3125138282775879
YOL156W,YDL194W,1,,0.1613670140504837,0.6013289093971252,0.3125138282775879
YOL156W,YIL170W,1,,0.16161616146564484,0.6024363040924072,0.3125138282775879
YOL156W,YNL318C,1,,0.16186515986919403,0.603543758392334,0.3125138282775879
YOL156W,YPL244C,1,,0.1621140092611313,0.604651153087616,0.3125138282775879
YOL156W,YDL138W,1,,0.1623627245426178,0.6057586073875427,0.3125138282775879
YOL156W,YLL043W,1,,0.16261127591133118,0.6068660020828247,0.3125138282775879
YOL156W,YGL253W,1,,0.16285967826843262,0.6079733967781067,0.3125138282775879
YOL156W,YBR020W,1,,0.1631079465150833,0.6090808510780334,0.3125138282775879
YOL156W,YKL038W,1,,0.16335606575012207,0.6101882457733154,0.3125138282775879
YOL156W,YEL069C,1,,0.1636040359735489,0.6112957000732422,0.3125138282775879
YOL156W,YDR342C,1,,0.16385185718536377,0.6124030947685242,0.3125138282775879
YOL156W,YMR011W,1,,0.1640995293855667,0.6135105490684509,0.3125138282775879
YDL245C,YDR345C,1,,0.16434705257415771,0.6146179437637329,0.3125138282775879
YDL245C,YEL004W,1,,0.16459444165229797,0.6157253384590149,0.3125138282775879
YDL245C,YER039C,1,,0.1648416668176651,0.6168327927589417,0.3125138282775879
YDL245C,YJL219W,1,,0.16508875787258148,0.6179401874542236,0.3125138282775879
YDL245C,YHR094C,1,,0.16533569991588593,0.6190476417541504,0.3125138282775879
YDL245C,YBL020W,1,,0.16558249294757843,0.6201550364494324,0.3125138282775879
YDL245C,YFL011W,1,,0.1658291518688202,0.6212624311447144,0.3125138282775879
YDL245C,YHR092C,1,,0.16607564687728882,0.6223698854446411,0.3125138282775879
YDL245C,YNR072W,1,,0.1663220077753067,0.6234772801399231,0.3125138282775879
YDL245C,YPL189W,1,,0.16656821966171265,0.6245847344398499,0.3125138282775879
YDL245C,YCL040W,1,,0.16681428253650665,0.6256921291351318,0.3125138282775879
YDL245C,YGL225W,1,,0.16706021130084991,0.6267995834350586,0.3125138282775879
YDL245C,YJL214W,1,,0.16730599105358124,0.6279069781303406,0.3125138282775879
YDL245C,YJR158W,1,,0.16755162179470062,0.6290143728256226,0.3125138282775879
YDL245C,YOL156W,1,,0.16779710352420807,0.6301218271255493,0.3125138282775879
YGL084C,YML038C,1,,0.16804245114326477,0.6312292218208313,0.3125138282775879
YGL084C,YGL209W,1,,0.16828764975070953,0.6323366761207581,0.3125138282775879
YGL084C,YLR081W,1,,0.16853269934654236,0.63344407081604,0.3125138282775879
YGL084C,YHR096C,1,,0.16877761483192444,0.634551465511322,0.3125138282775879
YDL245C,YDR536W,1,,0.16902238130569458,0.6356589198112488,0.3125138282775879
YDL245C,YDL247W,1,,0.16926699876785278,0.6367663145065308,0.3125138282775879
YDL245C,YIL171W,1,,0.16951148211956024,0.6378737688064575,0.3125138282775879
YDL245C,YJR160C,1,,0.16975581645965576,0.6389811635017395,0.3125138282775879
YDL245C,YDR343C,1,,0.17000000178813934,0.6400886178016663,0.3125138282775879
YDL245C,YFR053C,1,,0.17024405300617218,0.6411960124969482,0.3125138282775879
YDL245C,YBR298C,1,,0.17048795521259308,0.6423034071922302,0.3125138282775879
YDL245C,YDL194W,1,,0.17073170840740204,0.643410861492157,0.3125138282775879
YDL245C,YIL170W,1,,0.17097532749176025,0.644518256187439,0.3125138282775879
YDL245C,YNL318C,1,,0.17121879756450653,0.6456257104873657,0.3125138282775879
YDL245C,YPL244C,1,,0.17146211862564087,0.6467331051826477,0.3125138282775879
YDL245C,YDL138W,1,,0.17170530557632446,0.6478405594825745,0.3125138282775879
YDL245C,YLL043W,1,,0.1719483584165573,0.6489479541778564,0.3125138282775879
YDL245C,YGL253W,1,,0.17219126224517822,0.6500553488731384,0.3125138282775879
YDL245C,YBR020W,1,,0.1724340170621872,0.6511628031730652,0.3125138282775879
YDL245C,YKL038W,1,,0.17267663776874542,0.6522701978683472,0.3125138282775879
YDL245C,YEL069C,1,,0.1729191094636917,0.6533776521682739,0.3125138282775879
YDL245C,YDR342C,1,,0.17316144704818726,0.6544850468635559,0.3125138282775879
YDL245C,YMR011W,1,,0.17340363562107086,0.6555924415588379,0.3125138282775879
YPL189W,YNR072W,1,,0.17364567518234253,0.6566998958587646,0.3125138282775879
YPL189W,YHR092C,1,,0.17388758063316345,0.6578072905540466,0.3125138282775879
YPL189W,YFL011W,1,,0.17412935197353363,0.6589147448539734,0.3125138282775879
YDR536W,YDR343C,1,,0.17437097430229187,0.6600221395492554,0.3125138282775879
YDR536W,YHR096C,1,,0.17461246252059937,0.6611295938491821,0.3125138282775879
YDR536W,YKR075C,1,,0.17485380172729492,0.6622369885444641,0.3125138282775879
YDR536W,YGR289C,1,,0.17509500682353973,0.6633443832397461,0.3125138282775879
YDR536W,YDR345C,1,,0.1753360629081726,0.6644518375396729,0.3125138282775879
YDR536W,YEL004W,1,,0.17557698488235474,0.6655592322349548,0.3125138282775879
YDR536W,YER039C,1,,0.17581775784492493,0.6666666865348816,0.3125138282775879
YDR536W,YIL171W,1,,0.17605839669704437,0.6677740812301636,0.3125138282775879
YDR536W,YFR053C,1,,0.17629888653755188,0.6688815355300903,0.3125138282775879
YDR536W,YBR020W,1,,0.17653924226760864,0.6699889302253723,0.3125138282775879
YDR536W,YBR298C,1,,0.17677946388721466,0.6710963249206543,0.3125138282775879
YDR536W,YDL194W,1,,0.17701953649520874,0.672203779220581,0.3125138282775879
YDR536W,YIL170W,1,,0.17725947499275208,0.673311173915863,0.3125138282775879
YDR536W,YNL318C,1,,0.17749926447868347,0.6744186282157898,0.3125138282775879
YDR536W,YPL244C,1,,0.17773893475532532,0.6755260229110718,0.3125138282775879
YDR536W,YDL138W,1,,0.17797844111919403,0.6766334176063538,0.3125138282775879
YDR536W,YLL043W,1,,0.1782178282737732,0.6777408719062805,0.3125138282775879
YDR536W,YLR081W,1,,0.17845706641674042,0.6788482666015625,0.3125138282775879
YDR536W,YGL209W,1,,0.1786961555480957,0.6799557209014893,0.3125138282775879
YDR536W,YML038C,1,,0.17893511056900024,0.6810631155967712,0.3125138282775879
YJL219W,YDL247W,1,,0.17917393147945404,0.682170569896698,0.3125138282775879
YJL219W,YFR053C,1,,0.1794126182794571,0.68327796459198,0.3125138282775879
YJL219W,YBR298C,1,,0.1796511560678482,0.684385359287262,0.3125138282775879
YJL219W,YDL194W,1,,0.17988955974578857,0.6854928135871887,0.3125138282775879
YJL219W,YIL170W,1,,0.1801278293132782,0.6866002082824707,0.3125138282775879
YJL219W,YNL318C,1,,0.18036596477031708,0.6877076625823975,0.3125138282775879
YJL219W,YPL244C,1,,0.18060395121574402,0.6888150572776794,0.3125138282775879
YJL219W,YDL138W,1,,0.18084180355072021,0.6899224519729614,0.3125138282775879
YJL219W,YLL043W,1,,0.18107950687408447,0.6910299062728882,0.3125138282775879
YJL219W,YGL253W,1,,0.18131709098815918,0.6921373009681702,0.3125138282775879
YJL219W,YBR020W,1,,0.18155452609062195,0.6932447552680969,0.3125138282775879
YJL219W,YKL038W,1,,0.18179182708263397,0.6943521499633789,0.3125138282775879
YJL219W,YEL069C,1,,0.18202897906303406,0.6954596042633057,0.3125138282775879
YJL219W,YDR342C,1,,0.1822660118341446,0.6965669989585876,0.3125138282775879
YJL219W,YMR011W,1,,0.1825028955936432,0.6976743936538696,0.3125138282775879
YJL219W,YJR160C,1,,0.18273964524269104,0.6987818479537964,0.3125138282775879
YDR536W,YGL253W,1,,0.18297626078128815,0.6998892426490784,0.3125138282775879
YDR536W,YKL038W,1,,0.1832127422094345,0.7009966969490051,0.3125138282775879
YBL020W,YLR081W,1,,0.18344907462596893,0.7021040916442871,0.3125138282775879
YHR094C,YKL038W,1,,0.1836852729320526,0.7032115459442139,0.3125138282775879
YHR094C,YIL170W,1,,0.18392133712768555,0.7043189406394958,0.3125138282775879
YHR094C,YNL318C,1,,0.18415726721286774,0.7054263353347778,0.3125138282775879
YHR094C,YPL244C,1,,0.18439306318759918,0.7065337896347046,0.3125138282775879
YHR094C,YDL138W,1,,0.18462872505187988,0.7076411843299866,0.3125138282775879
YHR094C,YLL043W,1,,0.18486423790454865,0.7087486386299133,0.3125138282775879
YHR094C,YGL253W,1,,0.18509963154792786,0.7098560333251953,0.3125138282775879
YHR094C,YBR020W,1,,0.18533487617969513,0.7109634280204773,0.3125138282775879
YHR094C,YEL069C,1,,0.18556998670101166,0.712070882320404,0.3125138282775879
YDR536W,YEL069C,1,,0.18580496311187744,0.713178277015686,0.3125138282775879
YHR094C,YDR342C,1,,0.18603980541229248,0.7142857313156128,0.3125138282775879
YHR094C,YMR011W,1,,0.18627451360225677,0.7153931260108948,0.3125138282775879
YHR094C,YJR160C,1,,0.18650908768177032,0.7165005803108215,0.3125138282775879
YHR094C,YDL247W,1,,0.18674351274967194,0.7176079750061035,0.3125138282775879
YHR094C,YJL219W,1,,0.186977818608284,0.7187153697013855,0.3125138282775879
YHR094C,YDR536W,1,,0.18721197545528412,0.7198228240013123,0.3125138282775879
YBL020W,YML038C,1,,0.1874460130929947,0.7209302186965942,0.3125138282775879
YHR094C,YDL194W,1,,0.18767990171909332,0.722037672996521,0.3125138282775879
YHR094C,YBR298C,1,,0.1879136711359024,0.723145067691803,0.3125138282775879
YHR094C,YFR053C,1,,0.18814729154109955,0.724252462387085,0.3125138282775879
YHR094C,YDR343C,1,,0.18838079273700714,0.7253599166870117,0.3125138282775879
YDR536W,YDR342C,1,,0.1886141449213028,0.7264673113822937,0.3125138282775879
YDR536W,YMR011W,1,,0.1888473629951477,0.7275747656822205,0.3125138282775879
YDR536W,YJR160C,1,,0.18908046185970306,0.7286821603775024,0.3125138282775879
YDR536W,YDL247W,1,,0.18931341171264648,0.7297896146774292,0.3125138282775879
YDR536W,YJL219W,1,,0.18954624235630035,0.7308970093727112,0.3125138282775879
YHR094C,YML038C,1,,0.18977892398834229,0.7320044040679932,0.3125138282775879
YHR094C,YGL209W,1,,0.19001148641109467,0.7331118583679199,0.3125138282775879
YHR094C,YLR081W,1,,0.1902438998222351,0.7342192530632019,0.3125138282775879
YHR094C,YHR096C,1,,0.190476194024086,0.7353267073631287,0.3125138282775879
YHR094C,YKR075C,1,,0.19070833921432495,0.7364341020584106,0.3125138282775879
YHR094C,YGR289C,1,,0.19094036519527435,0.7375415563583374,0.3125138282775879
YHR094C,YDR345C,1,,0.191172257065773,0.7386489510536194,0.3125138282775879
YHR094C,YEL004W,1,,0.19140401482582092,0.7397563457489014,0.3125138282775879
YHR094C,YER039C,1,,0.1916356384754181,0.7408638000488281,0.3125138282775879
YHR094C,YIL171W,1,,0.19186712801456451,0.7419711947441101,0.3125138282775879
YJL219W,YDR343C,1,,0.1920984834432602,0.7430786490440369,0.3125138282775879
YJL219W,YIL171W,1,,0.19232970476150513,0.7441860437393188,0.3125138282775879
YJL219W,YER039C,1,,0.1925608068704605,0.7452934384346008,0.3125138282775879
YJR160C,YFR053C,1,,0.19279175996780396,0.7464008927345276,0.3125138282775879
YJR160C,YKR075C,1,,0.19302259385585785,0.7475082874298096,0.3125138282775879
YJR160C,YGR289C,1,,0.193253293633461,0.7486157417297363,0.3125138282775879
YJR160C,YDR345C,1,,0.1934838593006134,0.7497231364250183,0.3125138282775879
YJR160C,YEL004W,1,,0.19371429085731506,0.7508305907249451,0.3125138282775879
YJR160C,YER039C,1,,0.19394458830356598,0.751937985420227,0.3125138282775879
YJR160C,YIL171W,1,,0.19417475163936615,0.753045380115509,0.3125138282775879
YJR160C,YDR343C,1,,0.19440479576587677,0.7541528344154358,0.3125138282775879
YJR160C,YBR298C,1,,0.19463470578193665,0.7552602291107178,0.3125138282775879
YJL219W,YEL004W,1,,0.19486448168754578,0.7563676834106445,0.3125138282775879
YJR160C,YDL194W,1,,0.19509412348270416,0.7574750781059265,0.3125138282775879
YJR160C,YIL170W,1,,0.1953236311674118,0.7585825324058533,0.3125138282775879
YJR160C,YNL318C,1,,0.1955530196428299,0.7596899271011353,0.3125138282775879
YJR160C,YPL244C,1,,0.19578227400779724,0.7607973217964172,0.3125138282775879
YJR160C,YDL138W,1,,0.19601139426231384,0.761904776096344,0.3125138282775879
YJR160C,YLL043W,1,,0.1962403804063797,0.763012170791626,0.3125138282775879
YJR160C,YGL253W,1,,0.196469247341156,0.7641196250915527,0.3125138282775879
YJR160C,YHR096C,1,,0.19669798016548157,0.7652270197868347,0.3125138282775879
YJR160C,YLR081W,1,,0.19692657887935638,0.7663344144821167,0.3125138282775879
YJR160C,YGL209W,1,,0.19715504348278046,0.7674418687820435,0.3125138282775879
YJR160C,YML038C,1,,0.19738338887691498,0.7685492634773254,0.3125138282775879
YMR011W,YIL171W,1,,0.19761160016059875,0.7696567177772522,0.3125138282775879
YMR011W,YDR343C,1,,0.1978396773338318,0.7707641124725342,0.3125138282775879
YMR011W,YFR053C,1,,0.19806763529777527,0.7718715667724609,0.3125138282775879
YMR011W,YBR298C,1,,0.198295459151268,0.7729789614677429,0.3125138282775879
YMR011W,YDL194W,1,,0.19852314889431,0.7740863561630249,0.3125138282775879
YMR011W,YIL170W,1,,0.19875070452690125,0.7751938104629517,0.3125138282775879
YMR011W,YNL318C,1,,0.19897814095020294,0.7763012051582336,0.3125138282775879
YMR011W,YPL244C,1,,0.1992054432630539,0.7774086594581604,0.3125138282775879
YMR011W,YDL138W,1,,0.1994326263666153,0.7785160541534424,0.3125138282775879
YMR011W,YLL043W,1,,0.19965967535972595,0.7796234488487244,0.3125138282775879
YMR011W,YGL253W,1,,0.19988659024238586,0.7807309031486511,0.3125138282775879
YMR011W,YBR020W,1,,0.20011338591575623,0.7818382978439331,0.3125138282775879
YMR011W,YKL038W,1,,0.20034003257751465,0.7829457521438599,0.3125138282775879
YMR011W,YEL069C,1,,0.20056657493114471,0.7840531468391418,0.3125138282775879
YMR011W,YDR342C,1,,0.20079298317432404,0.7851606011390686,0.3125138282775879
YJR160C,YBR020W,1,,0.2010192573070526,0.7862679958343506,0.3125138282775879
YJR160C,YKL038W,1,,0.20124539732933044,0.7873753905296326,0.3125138282775879
YJR160C,YEL069C,1,,0.20147141814231873,0.7884828448295593,0.3125138282775879
YDL247W,YPL244C,1,,0.20169731974601746,0.7895902395248413,0.3125138282775879
YDL247W,YLL043W,1,,0.20192307233810425,0.7906976938247681,0.3125138282775879
YDL247W,YGL253W,1,,0.20214872062206268,0.79180508852005,0.3125138282775879
YDL247W,YBR020W,1,,0.20237421989440918,0.7929125428199768,0.3125138282775879
YDL247W,YKL038W,1,,0.20259959995746613,0.7940199375152588,0.3125138282775879
YDL247W,YEL069C,1,,0.20282486081123352,0.7951273322105408,0.3125138282775879
YDL247W,YDR342C,1,,0.20304998755455017,0.7962347865104675,0.3125138282775879
YDL247W,YMR011W,1,,0.20327498018741608,0.7973421812057495,0.3125138282775879
YDL247W,YJR160C,1,,0.20349985361099243,0.7984496355056763,0.3125138282775879
YJL219W,YML038C,1,,0.20372460782527924,0.7995570302009583,0.3125138282775879
YJL219W,YGL209W,1,,0.2039492279291153,0.8006644248962402,0.3125138282775879
YJL219W,YLR081W,1,,0.2041737139225006,0.801771879196167,0.3125138282775879
YJL219W,YHR096C,1,,0.20439808070659637,0.802879273891449,0.3125138282775879
YJL219W,YKR075C,1,,0.2046223282814026,0.8039867281913757,0.3125138282775879
YJL219W,YGR289C,1,,0.20484644174575806,0.8050941228866577,0.3125138282775879
YJL219W,YDR345C,1,,0.20507042109966278,0.8062015771865845,0.3125138282775879
YDL247W,YDL138W,1,,0.20529428124427795,0.8073089718818665,0.3125138282775879
YDL247W,YNL318C,1,,0.20551802217960358,0.8084163665771484,0.3125138282775879
YJR160C,YDR342C,1,,0.20574162900447845,0.8095238208770752,0.3125138282775879
YDL247W,YIL170W,1,,0.20596511662006378,0.8106312155723572,0.3125138282775879
YJR160C,YMR011W,1,,0.20618847012519836,0.8117386698722839,0.3125138282775879
YDL247W,YML038C,1,,0.2064117044210434,0.8128460645675659,0.3125138282775879
YDL247W,YGL209W,1,,0.20663480460643768,0.8139534592628479,0.3125138282775879
YDL247W,YLR081W,1,,0.20685778558254242,0.8150609135627747,0.3125138282775879
YDL247W,YHR096C,1,,0.2070806473493576,0.8161683082580566,0.3125138282775879
YDL247W,YKR075C,1,,0.20730337500572205,0.8172757625579834,0.3125138282775879
YDL247W,YGR289C,1,,0.20752596855163574,0.8183831572532654,0.3125138282775879
YDL247W,YDR345C,1,,0.20774845778942108,0.8194906115531921,0.3125138282775879
YDL247W,YEL004W,1,,0.20797081291675568,0.8205980062484741,0.3125138282775879
YDL247W,YER039C,1,,0.20819304883480072,0.8217054009437561,0.3125138282775879
YDL247W,YIL171W,1,,0.20841515064239502,0.8228128552436829,0.3125138282775879
YDL247W,YDR343C,1,,0.20863713324069977,0.8239202499389648,0.3125138282775879
YDL247W,YFR053C,1,,0.20885898172855377,0.8250277042388916,0.3125138282775879
YDL247W,YBR298C,1,,0.20908071100711823,0.8261350989341736,0.3125138282775879
YDL247W,YDL194W,1,,0.20930232107639313,0.8272425532341003,0.3125138282775879
YBL020W,YGL209W,1,,0.20952381193637848,0.8283499479293823,0.3125138282775879
YBL020W,YHR096C,1,,0.20974516868591309,0.8294573426246643,0.3125138282775879
YPL189W,YBL020W,1,,0.20996640622615814,0.8305647969245911,0.3125138282775879
YNR072W,YNL318C,1,,0.21018752455711365,0.831672191619873,0.3125138282775879
YNR072W,YER039C,1,,0.2104085087776184,0.8327796459197998,0.3125138282775879
YNR072W,YIL171W,1,,0.21062937378883362,0.8338870406150818,0.3125138282775879
YNR072W,YDR343C,1,,0.21085010468959808,0.8349944353103638,0.3125138282775879
YNR072W,YFR053C,1,,0.2110707312822342,0.8361018896102905,0.3125138282775879
YNR072W,YBR298C,1,,0.21129122376441956,0.8372092843055725,0.3125138282775879
YNR072W,YDL194W,1,,0.21151159703731537,0.8383167386054993,0.3125138282775879
YNR072W,YIL170W,1,,0.21173183619976044,0.8394241333007812,0.3125138282775879
YNR072W,YPL244C,1,,0.21195197105407715,0.840531587600708,0.3125138282775879
YNR072W,YJR160C,1,,0.21217197179794312,0.84163898229599,0.3125138282775879
YNR072W,YDL138W,1,,0.21239185333251953,0.842746376991272,0.3125138282775879
YNR072W,YLL043W,1,,0.2126116007566452,0.8438538312911987,0.3125138282775879
YNR072W,YGL253W,1,,0.21283124387264252,0.8449612259864807,0.3125138282775879
YNR072W,YBR020W,1,,0.2130507528781891,0.8460686802864075,0.3125138282775879
YNR072W,YKL038W,1,,0.2132701426744461,0.8471760749816895,0.3125138282775879
YNR072W,YEL069C,1,,0.21348941326141357,0.8482834696769714,0.3125138282775879
YNR072W,YDR342C,1,,0.2137085497379303,0.8493909239768982,0.3125138282775879
YNR072W,YEL004W,1,,0.21392758190631866,0.8504983186721802,0.3125138282775879
YNR072W,YDR345C,1,,0.2141464799642563,0.8516057729721069,0.3125138282775879
YNR072W,YGR289C,1,,0.21436525881290436,0.8527131676673889,0.3125138282775879
YNR072W,YKR075C,1,,0.21458391845226288,0.8538206219673157,0.3125138282775879
YHR092C,YKL038W,1,,0.21480244398117065,0.8549280166625977,0.3125138282775879
YHR092C,YEL069C,1,,0.21502086520195007,0.8560354113578796,0.3125138282775879
YHR092C,YDR342C,1,,0.21523915231227875,0.8571428656578064,0.3125138282775879
YHR092C,YMR011W,1,,0.21545732021331787,0.8582502603530884,0.3125138282775879
YHR092C,YJR160C,1,,0.21567536890506744,0.8593577146530151,0.3125138282775879
YHR092C,YDL247W,1,,0.21589329838752747,0.8604651093482971,0.3125138282775879
YHR092C,YJL219W,1,,0.21611110866069794,0.8615725636482239,0.3125138282775879
YHR092C,YDR536W,1,,0.21632879972457886,0.8626799583435059,0.3125138282775879
YHR092C,YHR094C,1,,0.21654635667800903,0.8637873530387878,0.3125138282775879
YHR092C,YBL020W,1,,0.21676380932331085,0.8648948073387146,0.3125138282775879
YHR092C,YFL011W,1,,0.21698112785816193,0.8660022020339966,0.3125138282775879
YNR072W,YML038C,1,,0.21719834208488464,0.8671096563339233,0.3125138282775879
YNR072W,YGL209W,1,,0.21741542220115662,0.8682170510292053,0.3125138282775879
YNR072W,YLR081W,1,,0.21763238310813904,0.8693244457244873,0.3125138282775879
YNR072W,YHR096C,1,,0.2178492248058319,0.8704319000244141,0.3125138282775879
YNR072W,YMR011W,1,,0.21806594729423523,0.871539294719696,0.3125138282775879
YNR072W,YDL247W,1,,0.218282550573349,0.8726467490196228,0.3125138282775879
YBL020W,YKR075C,1,,0.21849903464317322,0.8737541437149048,0.3125138282775879
YPL189W,YKL038W,1,,0.21871539950370789,0.8748615980148315,0.3125138282775879
YPL189W,YIL170W,1,,0.2189316302537918,0.8759689927101135,0.3125138282775879
YPL189W,YNL318C,1,,0.21914775669574738,0.8770763874053955,0.3125138282775879
YPL189W,YPL244C,1,,0.2193637639284134,0.8781838417053223,0.3125138282775879
YPL189W,YDL138W,1,,0.21957965195178986,0.8792912364006042,0.3125138282775879
YPL189W,YLL043W,1,,0.21979540586471558,0.880398690700531,0.3125138282775879
YPL189W,YGL253W,1,,0.22001105546951294,0.881506085395813,0.3125138282775879
YPL189W,YBR020W,1,,0.22022658586502075,0.8826135396957397,0.3125138282775879
YPL189W,YEL069C,1,,0.22044198215007782,0.8837209343910217,0.3125138282775879
YNR072W,YJL219W,1,,0.22065727412700653,0.8848283290863037,0.3125138282775879
YPL189W,YDR342C,1,,0.2208724468946457,0.8859357833862305,0.3125138282775879
YPL189W,YMR011W,1,,0.2210875004529953,0.8870431780815125,0.3125138282775879
YPL189W,YJR160C,1,,0.22130243480205536,0.8881506323814392,0.3125138282775879
YPL189W,YDL247W,1,,0.22151723504066467,0.8892580270767212,0.3125138282775879
YPL189W,YJL219W,1,,0.22173193097114563,0.8903654217720032,0.3125138282775879
YPL189W,YDR536W,1,,0.22194650769233704,0.8914728760719299,0.3125138282775879
YPL189W,YHR094C,1,,0.2221609652042389,0.8925802707672119,0.3125138282775879
YPL189W,YDL194W,1,,0.2223753035068512,0.8936877250671387,0.3125138282775879
YPL189W,YBR298C,1,,0.22258953750133514,0.8947951197624207,0.3125138282775879
YPL189W,YFR053C,1,,0.22280363738536835,0.8959025740623474,0.3125138282775879
YPL189W,YDR343C,1,,0.223017618060112,0.8970099687576294,0.3125138282775879
YNR072W,YDR536W,1,,0.2232314944267273,0.8981173634529114,0.3125138282775879
YNR072W,YHR094C,1,,0.22344523668289185,0.8992248177528381,0.3125138282775879
YNR072W,YBL020W,1,,0.22365887463092804,0.9003322124481201,0.3125138282775879
YNR072W,YFL011W,1,,0.22387239336967468,0.9014396667480469,0.3125138282775879
YNR072W,YHR092C,1,,0.22408577799797058,0.9025470614433289,0.3125138282775879
YPL189W,YML038C,1,,0.22429905831813812,0.9036544561386108,0.3125138282775879
YPL189W,YGL209W,1,,0.2245122343301773,0.9047619104385376,0.3125138282775879
YPL189W,YLR081W,1,,0.22472527623176575,0.9058693051338196,0.3125138282775879
YPL189W,YHR096C,1,,0.22493819892406464,0.9069767594337463,0.3125138282775879
YPL189W,YKR075C,1,,0.22515101730823517,0.9080841541290283,0.3125138282775879
YPL189W,YGR289C,1,,0.22536371648311615,0.9091916084289551,0.3125138282775879
YPL189W,YDR345C,1,,0.22557629644870758,0.9102990031242371,0.3125138282775879
YPL189W,YEL004W,1,,0.22578875720500946,0.911406397819519,0.3125138282775879
YPL189W,YER039C,1,,0.2260010987520218,0.9125138521194458,0.3125138282775879
YPL189W,YIL171W,1,,0.22621332108974457,0.9136212468147278,0.3125138282775879
YHR092C,YBR020W,1,,0.226425439119339,0.9147287011146545,0.3125138282775879
YHR092C,YGL253W,1,,0.22663743793964386,0.9158360958099365,0.3125138282775879
YHR092C,YLL043W,1,,0.22684931755065918,0.9169435501098633,0.3125138282775879
YFL011W,YGL209W,1,,0.22706107795238495,0.9180509448051453,0.3125138282775879
YBL020W,YMR011W,1,,0.22727273404598236,0.9191583395004272,0.3125138282775879
YBL020W,YJR160C,1,,0.22748425602912903,0.920265793800354,0.3125138282775879
YBL020W,YDL247W,1,,0.22769567370414734,0.921373188495636,0.3125138282775879
YBL020W,YJL219W,1,,0.2279069721698761,0.9224806427955627,0.3125138282775879
YBL020W,YDR536W,1,,0.2281181663274765,0.9235880374908447,0.3125138282775879
YBL020W,YHR094C,1,,0.22832922637462616,0.9246954321861267,0.3125138282775879
YFL011W,YML038C,1,,0.22854018211364746,0.9258028864860535,0.3125138282775879
YFL011W,YLR081W,1,,0.2287510186433792,0.9269102811813354,0.3125138282775879
YHR092C,YDL138W,1,,0.2289617508649826,0.9280177354812622,0.3125138282775879
YFL011W,YHR096C,1,,0.22917236387729645,0.9291251301765442,0.3125138282775879
YFL011W,YKR075C,1,,0.22938285768032074,0.930232584476471,0.3125138282775879
YFL011W,YGR289C,1,,0.22959323227405548,0.9313399791717529,0.3125138282775879
YFL011W,YDR345C,1,,0.22980348765850067,0.9324473738670349,0.3125138282775879
YFL011W,YEL004W,1,,0.2300136387348175,0.9335548281669617,0.3125138282775879
YFL011W,YER039C,1,,0.2302236706018448,0.9346622228622437,0.3125138282775879
YFL011W,YIL171W,1,,0.2304335981607437,0.9357696771621704,0.3125138282775879
YBL020W,YDR342C,1,,0.2306434065103531,0.9368770718574524,0.3125138282775879
YBL020W,YEL069C,1,,0.2308530956506729,0.9379844665527344,0.3125138282775879
YBL020W,YKL038W,1,,0.23106266558170319,0.9390919208526611,0.3125138282775879
YBL020W,YBR020W,1,,0.2312721312046051,0.9401993155479431,0.3125138282775879
YBL020W,YGR289C,1,,0.23148147761821747,0.9413067698478699,0.3125138282775879
YBL020W,YDR345C,1,,0.23169071972370148,0.9424141645431519,0.3125138282775879
YBL020W,YEL004W,1,,0.23189984261989594,0.9435216188430786,0.3125138282775879
YBL020W,YER039C,1,,0.23210884630680084,0.9446290135383606,0.3125138282775879
YBL020W,YIL171W,1,,0.2323177307844162,0.9457364082336426,0.3125138282775879
YBL020W,YDR343C,1,,0.2325265109539032,0.9468438625335693,0.3125138282775879
YBL020W,YFR053C,1,,0.23273518681526184,0.9479512572288513,0.3125138282775879
YBL020W,YBR298C,1,,0.23294372856616974,0.9490587115287781,0.3125138282775879
YBL020W,YDL194W,1,,0.23315218091011047,0.9501661062240601,0.3125138282775879
YBL020W,YIL170W,1,,0.23336049914360046,0.9512735605239868,0.3125138282775879
YBL020W,YNL318C,1,,0.2335687130689621,0.9523809552192688,0.3125138282775879
YBL020W,YPL244C,1,,0.23377680778503418,0.9534883499145508,0.3125138282775879
YBL020W,YDL138W,1,,0.2339847981929779,0.9545958042144775,0.3125138282775879
YBL020W,YLL043W,1,,0.23419266939163208,0.9557031989097595,0.3125138282775879
YBL020W,YGL253W,1,,0.2344004362821579,0.9568106532096863,0.3125138282775879
YFL011W,YDR343C,1,,0.23460808396339417,0.9579180479049683,0.3125138282775879
YFL011W,YFR053C,1,,0.23481561243534088,0.9590254426002502,0.3125138282775879
YFL011W,YBR298C,1,,0.23502303659915924,0.960132896900177,0.3125138282775879
YHR092C,YML038C,1,,0.23523035645484924,0.961240291595459,0.3125138282775879
YHR092C,YLR081W,1,,0.2354375571012497,0.9623477458953857,0.3125138282775879
YHR092C,YHR096C,1,,0.2356446385383606,0.9634551405906677,0.3125138282775879
YHR092C,YKR075C,1,,0.23585161566734314,0.9645625948905945,0.3125138282775879
YHR092C,YGR289C,1,,0.23605847358703613,0.9656699895858765,0.3125138282775879
YHR092C,YDR345C,1,,0.23626522719860077,0.9667773842811584,0.3125138282775879
YHR092C,YEL004W,1,,0.23647186160087585,0.9678848385810852,0.3125138282775879
YHR092C,YER039C,1,,0.23667839169502258,0.9689922332763672,0.3125138282775879
YHR092C,YIL171W,1,,0.23688480257987976,0.970099687576294,0.3125138282775879
YHR092C,YDR343C,1,,0.23709110915660858,0.9712070822715759,0.3125138282775879
YHR092C,YFR053C,1,,0.23729729652404785,0.9723145365715027,0.3125138282775879
YHR092C,YBR298C,1,,0.23750337958335876,0.9734219312667847,0.3125138282775879
YHR092C,YDL194W,1,,0.23770934343338013,0.9745293259620667,0.3125138282775879
YHR092C,YIL170W,1,,0.23791520297527313,0.9756367802619934,0.3125138282775879
YHR092C,YNL318C,1,,0.2381209433078766,0.9767441749572754,0.3125138282775879
YHR092C,YPL244C,1,,0.23832657933235168,0.9778516292572021,0.3125138282775879
YHR092C,YGL209W,1,,0.23853211104869843,0.9789590239524841,0.3125138282775879
YFL011W,YBL020W,1,,0.23873752355575562,0.9800664186477661,0.3125138282775879
YFL011W,YDL194W,1,,0.23894283175468445,0.9811738729476929,0.3125138282775879
YFL011W,YHR094C,1,,0.23914802074432373,0.9822812676429749,0.3125138282775879
YFL011W,YIL170W,1,,0.23935310542583466,0.9833887219429016,0.3125138282775879
YFL011W,YNL318C,1,,0.23955807089805603,0.9844961166381836,0.3125138282775879
YFL011W,YPL244C,1,,0.23976293206214905,0.9856035709381104,0.3125138282775879
YFL011W,YDL138W,1,,0.23996767401695251,0.9867109656333923,0.3125138282775879
YFL011W,YLL043W,1,,0.24017232656478882,0.9878183603286743,0.3125138282775879
YFL011W,YGL253W,1,,0.24037684500217438,0.9889258146286011,0.3125138282775879
YFL011W,YBR020W,1,,0.24058127403259277,0.9900332093238831,0.3125138282775879
YFL011W,YKL038W,1,,0.24078558385372162,0.9911406636238098,0.3125138282775879
YFL011W,YEL069C,1,,0.2409897744655609,0.9922480583190918,0.3125138282775879
YFL011W,YDR342C,1,,0.24119387567043304,0.9933554530143738,0.3125138282775879
YFL011W,YMR011W,1,,0.24139784276485443,0.9944629073143005,0.3125138282775879
YFL011W,YJR160C,1,,0.24160172045230865,0.9955703020095825,0.3125138282775879
YFL011W,YDL247W,1,,0.24180547893047333,0.9966777563095093,0.3125138282775879
YFL011W,YJL219W,1,,0.24200913310050964,0.9977851510047913,0.3125138282775879
YFL011W,YDR536W,1,,0.2422126680612564,0.998892605304718,0.3125138282775879
YGR074W,YGR209C,0,,0.24214765429496765,0.998892605304718,0.31262457370758057
YDR043C,YJR019C,0,,0.2420826554298401,0.998892605304718,0.31273531913757324
YDL212W,YPL266W,0,,0.2420177012681961,0.998892605304718,0.3128460645675659
YPR104C,YOL049W,0,,0.2419527918100357,0.998892605304718,0.3129568099975586
YMR106C,YMR309C,0,,0.2418879121541977,0.998892605304718,0.31306755542755127
YOR329C,YDR316W,0,,0.24182306230068207,0.998892605304718,0.31317830085754395
YJL028W,YNR036C,0,,0.24175824224948883,0.998892605304718,0.3132890462875366
YML130C,YOR307C,0,,0.24169346690177917,0.998892605304718,0.3133997917175293
YDL025C,YGL097W,0,,0.2416287213563919,0.998892605304718,0.3135105073451996
YER042W,YPR052C,0,,0.24156400561332703,0.998892605304718,0.31362125277519226
YLR174W,YBR039W,0,,0.24149933457374573,0.998892605304718,0.31373199820518494
YKL193C,YER160C,0,,0.24143469333648682,0.998892605304718,0.3138427436351776
YPL164C,YPR058W,0,,0.2413700819015503,0.998892605304718,0.3139534890651703
YHR216W,YJL047C,0,,0.24130551517009735,0.998892605304718,0.31406423449516296
YDR020C,YER004W,0,,0.2412409782409668,0.998892605304718,0.31417497992515564
YIR035C,YDL214C,0,,0.24117647111415863,0.998892605304718,0.3142857253551483
YKL163W,YGR098C,0,,0.24111200869083405,0.998892605304718,0.314396470785141
YOR321W,YKL148C,0,,0.24104756116867065,0.998892605304718,0.3145071864128113
YDR017C,YNL272C,0,,0.24098317325115204,0.998892605304718,0.31461793184280396
YPL246C,YLR157C-B,0,,0.24091880023479462,0.998892605304718,0.31472867727279663
YLR298C,YPL187W,0,,0.24085447192192078,0.998892605304718,0.3148394227027893
YNL053W,YOR255W,0,,0.24079017341136932,0.998892605304718,0.314950168132782
YGR038C-A,YLR155C,0,,0.24072591960430145,0.998892605304718,0.31506091356277466
YGR048W,YLR081W,0,,0.24066168069839478,0.998892605304718,0.31517165899276733
YGL013C,YPL249C,0,,0.24059748649597168,0.998892605304718,0.31528240442276
YLR431C,YBR229C,0,,0.24053333699703217,0.998892605304718,0.3153931200504303
YPL236C,YER054C,0,,0.24046920239925385,0.998892605304718,0.315503865480423
YMR162C,YFR055W,0,,0.2404051125049591,0.998892605304718,0.31561461091041565
YBR068C,YLR216C,0,,0.24034106731414795,0.998892605304718,0.3157253563404083
YEL026W,YIL017C,0,,0.24027703702449799,0.998892605304718,0.315836101770401
YML064C,YOR005C,0,,0.2402130514383316,0.998892605304718,0.3159468472003937
YPL212C,YBL027W,0,,0.2401490956544876,0.998892605304718,0.31605759263038635
YER065C,YBR139W,0,,0.240085169672966,0.998892605304718,0.31616833806037903
YCL062W,YGL179C,0,,0.24002128839492798,0.998892605304718,0.3162790834903717
YLR431C,YNL329C,0,,0.23995743691921234,0.998892605304718,0.316389799118042
YOL089C,YKL216W,0,,0.2398936152458191,0.998892605304718,0.31650054454803467
YPR066W,YLR117C,0,,0.23982983827590942,0.998892605304718,0.31661128997802734
YBR217W,YCR088W,0,,0.23976607620716095,0.998892605304718,0.31672203540802
YML046W,YNR051C,0,,0.23970235884189606,0.998892605304718,0.3168327808380127
YLR027C,YJL100W,0,,0.23963868618011475,0.998892605304718,0.31694352626800537
YPR121W,YGR207C,0,,0.23957502841949463,0.998892605304718,0.31705427169799805
YGR059W,YMR135C,0,,0.2395114153623581,0.998892605304718,0.3171650171279907
YIL016W,YOR017W,0,,0.23944783210754395,0.998892605304718,0.317275732755661
YKR080W,YER160C,0,,0.23938429355621338,0.998892605304718,0.3173864781856537
YML078W,YOL089C,0,,0.239320769906044,0.998892605304718,0.31749722361564636
YDL188C,YLR453C,0,,0.23925729095935822,0.998892605304718,0.31760796904563904
YOL088C,YML062C,0,,0.2391938418149948,0.998892605304718,0.3177187144756317
YLR157C-A,YEL020C,0,,0.239130437374115,0.998892605304718,0.3178294599056244
YJR056C,YBL018C,0,,0.23906706273555756,0.998892605304718,0.31794020533561707
YOR094W,YJL122W,0,,0.23900370299816132,0.998892605304718,0.31805095076560974
YOR140W,YNL272C,0,,0.23894040286540985,0.998892605304718,0.3181616961956024
YPL088W,YPL212C,0,,0.23887711763381958,0.998892605304718,0.3182724118232727
YGR023W,YFL062W,0,,0.2388138771057129,0.998892605304718,0.3183831572532654
YNL305C,YJR161C,0,,0.2387506663799286,0.998892605304718,0.31849390268325806
YCR017C,YEL047C,0,,0.23868748545646667,0.998892605304718,0.31860464811325073
YLR174W,YJL137C,0,,0.23862433433532715,0.998892605304718,0.3187153935432434
YBR216C,YLR421C,0,,0.2385612279176712,0.998892605304718,0.3188261389732361
YOR056C,YPL066W,0,,0.23849815130233765,0.998892605304718,0.31893688440322876
YPL086C,YJR093C,0,,0.23843510448932648,0.998892605304718,0.31904762983322144
YDL058W,YKR065C,0,,0.2383720874786377,0.998892605304718,0.3191583752632141
YDR446W,YDR155C,0,,0.2383091151714325,0.998892605304718,0.3192690908908844
YOL016C,YKR039W,0,,0.23824617266654968,0.998892605304718,0.3193798363208771
YPL081W,YOL113W,0,,0.23818325996398926,0.998892605304718,0.31949058175086975
YKL091C,YHR063C,0,,0.23812037706375122,0.998892605304718,0.3196013271808624
YDR210W-D,YOL137W,0,,0.23805753886699677,0.998892605304718,0.3197120726108551
YNL299W,YHR128W,0,,0.2379947155714035,0.998892605304718,0.3198228180408478
YPL242C,YCR034W,0,,0.23793193697929382,0.998892605304718,0.31993356347084045
YLR320W,YGL179C,0,,0.23786920309066772,0.998892605304718,0.32004430890083313
YOR083W,YIL097W,0,,0.23780648410320282,0.998892605304718,0.3201550245285034
YJR090C,YOR202W,0,,0.2377438098192215,0.998892605304718,0.3202657699584961
YDR058C,YNL321W,0,,0.23768116533756256,0.998892605304718,0.32037651538848877
YMR197C,YDL174C,0,,0.237618550658226,0.998892605304718,0.32048726081848145
YBR210W,YDL049C,0,,0.23755596578121185,0.998892605304718,0.3205980062484741
YPL246C,YGR209C,0,,0.23749341070652008,0.998892605304718,0.3207087516784668
YBL006C,YNL177C,0,,0.2374309003353119,0.998892605304718,0.3208194971084595
YHR141C,YOR171C,0,,0.2373684197664261,0.998892605304718,0.32093024253845215
YOL128C,YDR506C,0,,0.23730596899986267,0.998892605304718,0.3210409879684448
YGR161C-C,YBR021W,0,,0.23724356293678284,0.998892605304718,0.3211517035961151
YCR068W,YOR231W,0,,0.2371811717748642,0.998892605304718,0.3212624490261078
YJR099W,YOR375C,0,,0.23711882531642914,0.998892605304718,0.32137319445610046
YBR103W,YBR154C,0,,0.23705650866031647,0.998892605304718,0.32148393988609314
YDR034C-D,YNL264C,0,,0.23699422180652618,0.998892605304718,0.3215946853160858
YOR190W,YHL020C,0,,0.2369319647550583,0.998892605304718,0.3217054307460785
YBR204C,YNL279W,0,,0.23686975240707397,0.998892605304718,0.32181617617607117
YCL020W,YOL044W,0,,0.23680755496025085,0.998892605304718,0.32192692160606384
YML114C,YBR056W,0,,0.23674540221691132,0.998892605304718,0.3220376670360565
YIL016W,YOR088W,0,,0.23668327927589417,0.998892605304718,0.3221483826637268
YCL011C,YMR030W,0,,0.2366212010383606,0.998892605304718,0.3222591280937195
YHR019C,YLR222C,0,,0.23655913770198822,0.998892605304718,0.32236987352371216
YNL082W,YOR005C,0,,0.23649711906909943,0.998892605304718,0.32248061895370483
YKL071W,YIR003W,0,,0.23643513023853302,0.998892605304718,0.3225913643836975
YLR226W,YNL169C,0,,0.236373171210289,0.998892605304718,0.3227021098136902
YGL224C,YAL061W,0,,0.23631124198436737,0.998892605304718,0.32281285524368286
YEL046C,YNL005C,0,,0.23624934256076813,0.998892605304718,0.32292360067367554
YLR070C,YBL097W,0,,0.23618748784065247,0.998892605304718,0.3230343163013458
YGR074W,YGL234W,0,,0.236125648021698,0.998892605304718,0.3231450617313385
YGL121C,YPR004C,0,,0.2360638529062271,0.998892605304718,0.3232558071613312
YLR298C,YKR087C,0,,0.2360020875930786,0.998892605304718,0.32336655259132385
YOR056C,YGL047W,0,,0.2359403669834137,0.998892605304718,0.32347729802131653
YDR182W,YPL118W,0,,0.23587866127490997,0.998892605304718,0.3235880434513092
YNL323W,YPL081W,0,,0.23581700026988983,0.998892605304718,0.3236987888813019
YGL043W,YBR152W,0,,0.23575535416603088,0.998892605304718,0.32380953431129456
YLR393W,YHR091C,0,,0.23569375276565552,0.998892605304718,0.32392027974128723
YDL178W,YEL003W,0,,0.23563218116760254,0.998892605304718,0.3240309953689575
YOR255W,YOR064C,0,,0.23557063937187195,0.998892605304718,0.3241417407989502
YBR152W,YLR421C,0,,0.23550914227962494,0.998892605304718,0.32425248622894287
YDL044C,YKR046C,0,,0.23544766008853912,0.998892605304718,0.32436323165893555
YDL155W,YPR025C,0,,0.2353862226009369,0.998892605304718,0.3244739770889282
YJR095W,YJR105W,0,,0.23532481491565704,0.998892605304718,0.3245847225189209
YHR063C,YMR154C,0,,0.23526343703269958,0.998892605304718,0.3246954679489136
YCR069W,YKL216W,0,,0.23520208895206451,0.998892605304718,0.32480621337890625
YCL011C,YJL160C,0,,0.23514077067375183,0.998892605304718,0.32491692900657654
YCL026C-A,YBR139W,0,,0.23507948219776154,0.998892605304718,0.3250276744365692
YGR227W,YKR039W,0,,0.23501823842525482,0.998892605304718,0.3251384198665619
YIL127C,YGL131C,0,,0.2349570244550705,0.998892605304718,0.32524916529655457
YML029W,YNL327W,0,,0.23489584028720856,0.998892605304718,0.32535991072654724
YCL030C,YKL222C,0,,0.2348346710205078,0.998892605304718,0.3254706561565399
YML038C,YNL305C,0,,0.23477356135845184,0.998892605304718,0.3255814015865326
YBR073W,YNL299W,0,,0.23471246659755707,0.998892605304718,0.32569214701652527
YGR240C,YER094C,0,,0.23465140163898468,0.998892605304718,0.32580289244651794
YNL252C,YDR266C,0,,0.23459038138389587,0.998892605304718,0.32591360807418823
YGL020C,YGL065C,0,,0.23452937602996826,0.998892605304718,0.3260243535041809
YPL088W,YGR067C,0,,0.23446841537952423,0.998892605304718,0.3261350989341736
YCR066W,YKR025W,0,,0.2344074845314026,0.998892605304718,0.32624584436416626
YNL002C,YPL217C,0,,0.23434658348560333,0.998892605304718,0.32635658979415894
YDR385W,YKR065C,0,,0.23428571224212646,0.998892605304718,0.3264673352241516
YMR079W,YOR343C-B,0,,0.23422487080097198,0.998892605304718,0.3265780806541443
YOL027C,YLL032C,0,,0.2341640740633011,0.998892605304718,0.32668882608413696
YGL234W,YMR067C,0,,0.23410329222679138,0.998892605304718,0.32679957151412964
YLR320W,YHR094C,0,,0.23404255509376526,0.998892605304718,0.3269102871417999
YBR133C,YMR202W,0,,0.23398184776306152,0.998892605304718,0.3270210325717926
YPL012W,YLR449W,0,,0.23392115533351898,0.998892605304718,0.3271317780017853
YPL132W,YOR118W,0,,0.23386050760746002,0.998892605304718,0.32724252343177795
YDR258C,YOR245C,0,,0.23379988968372345,0.998892605304718,0.32735326886177063
YPL283C,YKL220C,0,,0.23373931646347046,0.998892605304718,0.3274640142917633
YHL002W,YNR075W,0,,0.23367875814437866,0.998892605304718,0.327574759721756
YJR014W,YBL097W,0,,0.23361822962760925,0.998892605304718,0.32768550515174866
YMR260C,YGR172C,0,,0.23355774581432343,0.998892605304718,0.32779622077941895
YJR007W,YMR260C,0,,0.2334972769021988,0.998892605304718,0.3279069662094116
YBR127C,YNL035C,0,,0.23343685269355774,0.998892605304718,0.3280177116394043
YGR192C,YGL234W,0,,0.23337645828723907,0.998892605304718,0.328128457069397
YDR182W,YDR307W,0,,0.2333160936832428,0.998892605304718,0.32823920249938965
YAR008W,YOL027C,0,,0.2332557588815689,0.998892605304718,0.3283499479293823
YDR462W,YLR178C,0,,0.2331954538822174,0.998892605304718,0.328460693359375
YDR446W,YJR129C,0,,0.2331351786851883,0.998892605304718,0.3285714387893677
YBR293W,YDL213C,0,,0.23307493329048157,0.998892605304718,0.32868218421936035
YPL230W,YER122C,0,,0.23301471769809723,0.998892605304718,0.32879289984703064
YBR200W,YDL042C,0,,0.23295454680919647,0.998892605304718,0.3289036452770233
YER069W,YBR018C,0,,0.2328943908214569,0.998892605304718,0.329014390707016
YHR042W,YOR205C,0,,0.23283427953720093,0.998892605304718,0.32912513613700867
YOR007C,YLL054C,0,,0.23277419805526733,0.998892605304718,0.32923588156700134
YPR151C,YDL103C,0,,0.23271413147449493,0.998892605304718,0.329346626996994
YLR274W,YPR181C,0,,0.23265410959720612,0.998892605304718,0.3294573724269867
YGR109C,YBL067C,0,,0.23259411752223969,0.998892605304718,0.32956811785697937
YCL038C,YNL220W,0,,0.23253415524959564,0.998892605304718,0.32967883348464966
YJL123C,YOR367W,0,,0.232474222779274,0.998892605304718,0.32978957891464233
YER054C,YOR312C,0,,0.23241432011127472,0.998892605304718,0.329900324344635
YDL178W,YPL265W,0,,0.23235446214675903,0.998892605304718,0.3300110697746277
YNL186W,YLR133W,0,,0.23229461908340454,0.998892605304718,0.33012181520462036
YCL026C-A,YIR008C,0,,0.23223480582237244,0.998892605304718,0.33023256063461304
YOL008W,YDR540C,0,,0.2321750372648239,0.998892605304718,0.3303433060646057
YDR385W,YKR039W,0,,0.23211528360843658,0.998892605304718,0.3304540514945984
YKL107W,YJR077C,0,,0.23205557465553284,0.998892605304718,0.33056479692459106
YIL073C,YHR128W,0,,0.23199588060379028,0.998892605304718,0.33067551255226135
YLR233C,YGL133W,0,,0.2319362312555313,0.998892605304718,0.33078625798225403
YER003C,YGR033C,0,,0.23187661170959473,0.998892605304718,0.3308970034122467
YKR080W,YOR198C,0,,0.23181700706481934,0.998892605304718,0.3310077488422394
YML008C,YMR060C,0,,0.23175744712352753,0.998892605304718,0.33111849427223206
YMR170C,YBR044C,0,,0.2316979169845581,0.998892605304718,0.33122923970222473
YLL005C,YJL100W,0,,0.23163841664791107,0.998892605304718,0.3313399851322174
YGR133W,YHL033C,0,,0.23157894611358643,0.998892605304718,0.3314507305622101
YOR017W,YCL026C-A,0,,0.23151950538158417,0.998892605304718,0.33156147599220276
YPL084W,YJR044C,0,,0.2314600944519043,0.998892605304718,0.33167219161987305
YLR406C,YOL075C,0,,0.23140071332454681,0.998892605304718,0.3317829370498657
YGL048C,YAL001C,0,,0.2313413769006729,0.998892605304718,0.3318936824798584
YML007W,YLR178C,0,,0.2312820553779602,0.998892605304718,0.3320044279098511
YBR136W,YNL197C,0,,0.23122276365756989,0.998892605304718,0.33211517333984375
YNL264C,YER035W,0,,0.23116350173950195,0.998892605304718,0.3322259187698364
YLR135W,YKR042W,0,,0.2311042845249176,0.998892605304718,0.3323366641998291
YOR173W,YDR156W,0,,0.23104508221149445,0.998892605304718,0.3324474096298218
YBR004C,YBL105C,0,,0.23098590970039368,0.998892605304718,0.33255812525749207
YOR210W,YER035W,0,,0.2309267818927765,0.998892605304718,0.33266887068748474
YBR203W,YNR032W,0,,0.2308676689863205,0.998892605304718,0.3327796161174774
YBR216C,YOR214C,0,,0.23080860078334808,0.998892605304718,0.3328903615474701
YKL113C,YDR450W,0,,0.23074954748153687,0.998892605304718,0.33300110697746277
YLR307W,YMR058W,0,,0.23069053888320923,0.998892605304718,0.33311185240745544
YOL039W,YLL054C,0,,0.23063154518604279,0.998892605304718,0.3332225978374481
YLR136C,YOR198C,0,,0.23057259619235992,0.998892605304718,0.3333333432674408
YAL005C,YLR362W,0,,0.23051367700099945,0.998892605304718,0.33344408869743347
YDR147W,YBR288C,0,,0.23045477271080017,0.998892605304718,0.33355480432510376
YGR247W,YLR095C,0,,0.23039591312408447,0.998892605304718,0.33366554975509644
YNL075W,YNL327W,0,,0.23033708333969116,0.998892605304718,0.3337762951850891
YHR062C,YPL181W,0,,0.23027826845645905,0.998892605304718,0.3338870406150818
YGR157W,YGR098C,0,,0.2302194982767105,0.998892605304718,0.33399778604507446
YCR003W,YNL270C,0,,0.23016075789928436,0.998892605304718,0.33410853147506714
YGL184C,YLR378C,0,,0.2301020473241806,0.998892605304718,0.3342192769050598
YNL069C,YER021W,0,,0.23004335165023804,0.998892605304718,0.3343300223350525
YNL003C,YJR077C,0,,0.22998470067977905,0.998892605304718,0.33444076776504517
YOR197W,YGL150C,0,,0.22992607951164246,0.998892605304718,0.33455148339271545
YGR186W,YNL229C,0,,0.22986748814582825,0.998892605304718,0.33466222882270813
YBR290W,YFL055W,0,,0.22980891168117523,0.998892605304718,0.3347729742527008
YHL018W,YNL035C,0,,0.2297503799200058,0.998892605304718,0.3348837196826935
YBR102C,YMR268C,0,,0.22969187796115875,0.998892605304718,0.33499446511268616
YDL181W,YDL002C,0,,0.2296334058046341,0.998892605304718,0.33510521054267883
YLR388W,YGL130W,0,,0.22957494854927063,0.998892605304718,0.3352159559726715
YMR167W,YDL239C,0,,0.22951653599739075,0.998892605304718,0.3353267014026642
YKL086W,YOR153W,0,,0.22945815324783325,0.998892605304718,0.3354374170303345
YOR368W,YCR024C-A,0,,0.22939980030059814,0.998892605304718,0.33554816246032715
YLR307W,YIL122W,0,,0.22934146225452423,0.998892605304718,0.3356589078903198
YNL124W,YKR099C-A,0,,0.2292831689119339,0.998892605304718,0.3357696533203125
YLR320W,YLR077W,0,,0.22922490537166595,0.998892605304718,0.3358803987503052
YDR382W,YPR052C,0,,0.2291666716337204,0.998892605304718,0.33599114418029785
YLR226W,YJL122W,0,,0.22910845279693604,0.998892605304718,0.3361018896102905
YIL049W,YKL160W,0,,0.22905027866363525,0.998892605304718,0.3362126350402832
YDR147W,YBR106W,0,,0.22899213433265686,0.998892605304718,0.3363233804702759
YIL016W,YLR035C,0,,0.22893400490283966,0.998892605304718,0.33643409609794617
YGL125W,YKR046C,0,,0.22887592017650604,0.998892605304718,0.33654484152793884
YBR088C,YNL003C,0,,0.2288178652524948,0.998892605304718,0.3366555869579315
YIL041W,YNR056C,0,,0.22875982522964478,0.998892605304718,0.3367663323879242
YOL013C,YKL018W,0,,0.22870182991027832,0.998892605304718,0.33687707781791687
YGL201C,YJL036W,0,,0.22864384949207306,0.998892605304718,0.33698782324790955
YDR324C,YKL216W,0,,0.22858591377735138,0.998892605304718,0.3370985686779022
YNL072W,YER006W,0,,0.2285279929637909,0.998892605304718,0.3372093141078949
YDR186C,YKR039W,0,,0.228470116853714,0.998892605304718,0.3373200297355652
YMR263W,YGL020C,0,,0.22841225564479828,0.998892605304718,0.33743077516555786
YOR328W,YGR198W,0,,0.22835442423820496,0.998892605304718,0.33754152059555054
YDR349C,YMR060C,0,,0.22829663753509521,0.998892605304718,0.3376522660255432
YLR081W,YML014W,0,,0.22823886573314667,0.998892605304718,0.3377630114555359
YGR249W,YGL175C,0,,0.2281811237335205,0.998892605304718,0.33787375688552856
YLR226W,YBL003C,0,,0.22812342643737793,0.998892605304718,0.33798450231552124
YGL023C,YPL170W,0,,0.22806574404239655,0.998892605304718,0.3380952477455139
YIL131C,YPL118W,0,,0.22800809144973755,0.998892605304718,0.3382059931755066
YPL047W,YGL208W,0,,0.22795046865940094,0.998892605304718,0.3383167088031769
YPL283C,YOL021C,0,,0.22789287567138672,0.998892605304718,0.33842745423316956
YOL128C,YGR090W,0,,0.22783531248569489,0.998892605304718,0.33853819966316223
YMR079W,YHR084W,0,,0.22777777910232544,0.998892605304718,0.3386489450931549
YKL046C,YDR194C,0,,0.22772027552127838,0.998892605304718,0.3387596905231476
YKL049C,YLR320W,0,,0.2276628017425537,0.998892605304718,0.33887043595314026
YDR338C,YGR098C,0,,0.22760534286499023,0.998892605304718,0.33898118138313293
YLR034C,YBL027W,0,,0.22754792869091034,0.998892605304718,0.3390919268131256
YKL213C,YHR203C,0,,0.22749054431915283,0.998892605304718,0.3392026722431183
YDL156W,YLR308W,0,,0.22743317484855652,0.998892605304718,0.3393133878707886
YDR541C,YDR258C,0,,0.2273758500814438,0.998892605304718,0.33942413330078125
YHR200W,YMR167W,0,,0.22731855511665344,0.998892605304718,0.3395348787307739
YJL123C,YDR291W,0,,0.2272612750530243,0.998892605304718,0.3396456241607666
YIL040W,YHR072W-A,0,,0.22720402479171753,0.998892605304718,0.3397563695907593
YEL055C,YDR079C-A,0,,0.22714681923389435,0.998892605304718,0.33986711502075195
YJL204C,YDR264C,0,,0.22708962857723236,0.998892605304718,0.33997786045074463
YML093W,YLR095C,0,,0.22703246772289276,0.998892605304718,0.3400886058807373
YER157W,YBR008C,0,,0.22697533667087555,0.998892605304718,0.3401993215084076
YLR406C,YDR477W,0,,0.22691823542118073,0.998892605304718,0.34031006693840027
YDR119W,YDR316W,0,,0.2268611639738083,0.998892605304718,0.34042081236839294
YAL055W,YIL097W,0,,0.22680412232875824,0.998892605304718,0.3405315577983856
YPR025C,YDL214C,0,,0.22674711048603058,0.998892605304718,0.3406423032283783
YDR540C,YLL032C,0,,0.2266901284456253,0.998892605304718,0.34075304865837097
YDL132W,YMR216C,0,,0.22663316130638123,0.998892605304718,0.34086379408836365
YLR166C,YGR209C,0,,0.22657623887062073,0.998892605304718,0.3409745395183563
YJL139C,YML029W,0,,0.22651933133602142,0.998892605304718,0.341085284948349
YDL155W,YGL055W,0,,0.2264624685049057,0.998892605304718,0.3411960005760193
YMR052W,YML093W,0,,0.22640562057495117,0.998892605304718,0.34130674600601196
YMR214W,YPL187W,0,,0.22634880244731903,0.998892605304718,0.34141749143600464
YEL063C,YLR132C,0,,0.22629202902317047,0.998892605304718,0.3415282368659973
YMR135C,YNR054C,0,,0.2262352705001831,0.998892605304718,0.34163898229599
YIL117C,YPL246C,0,,0.22617854177951813,0.998892605304718,0.34174972772598267
YLR399C,YIL129C,0,,0.22612182796001434,0.998892605304718,0.34186047315597534
YKR018C,YPL249C,0,,0.22606515884399414,0.998892605304718,0.341971218585968
YLR406C,YOR367W,0,,0.22600851953029633,0.998892605304718,0.3420819342136383
YJL010C,YNL090W,0,,0.2259519100189209,0.998892605304718,0.342192679643631
YDR307W,YBL101C,0,,0.22589531540870667,0.998892605304718,0.34230342507362366
YER183C,YBR204C,0,,0.225838765501976,0.998892605304718,0.34241417050361633
YJL010C,YGR023W,0,,0.22578223049640656,0.998892605304718,0.342524915933609
YDL159W,YEL055C,0,,0.22572572529315948,0.998892605304718,0.3426356613636017
YFL024C,YPR107C,0,,0.2256692498922348,0.998892605304718,0.34274640679359436
YOR229W,YLR233C,0,,0.2256128042936325,0.998892605304718,0.34285715222358704
YGL184C,YPR004C,0,,0.2255563884973526,0.998892605304718,0.3429678976535797
YPL268W,YIL091C,0,,0.22550000250339508,0.998892605304718,0.34307861328125
YLR421C,YNL005C,0,,0.22544364631175995,0.998892605304718,0.3431893587112427
YOL091W,YKL073W,0,,0.225387305021286,0.998892605304718,0.34330010414123535
YJL028W,YNL327W,0,,0.22533100843429565,0.998892605304718,0.343410849571228
YOR196C,YLR089C,0,,0.2252747267484665,0.998892605304718,0.3435215950012207
YHL022C,YBL005W-A,0,,0.22521847486495972,0.998892605304718,0.3436323404312134
YCR071C,YDR037W,0,,0.22516225278377533,0.998892605304718,0.34374308586120605
YNL315C,YOR153W,0,,0.22510606050491333,0.998892605304718,0.34385383129119873
YGR157W,YDR104C,0,,0.22504989802837372,0.998892605304718,0.3439645767211914
YBR217W,YLL042C,0,,0.2249937653541565,0.998892605304718,0.3440752923488617
YBR132C,YBR070C,0,,0.22493766248226166,0.998892605304718,0.34418603777885437
YEL063C,YNL305C,0,,0.22488157451152802,0.998892605304718,0.34429678320884705
YPL060C-A,YNL222W,0,,0.22482551634311676,0.998892605304718,0.3444075286388397
YOL034W,YNL327W,0,,0.2247695028781891,0.998892605304718,0.3445182740688324
YMR214W,YAL047C,0,,0.2247135043144226,0.998892605304718,0.3446290194988251
YBR227C,YNL265C,0,,0.22465753555297852,0.998892605304718,0.34473976492881775
YKR045C,YER094C,0,,0.2246015965938568,0.998892605304718,0.3448505103588104
YIL157C,YKR001C,0,,0.2245456874370575,0.998892605304718,0.3449612259864807
YNL300W,YNL003C,0,,0.22448979318141937,0.998892605304718,0.3450719714164734
YOL094C,YDR198C,0,,0.22443394362926483,0.998892605304718,0.34518271684646606
YER144C,YPL066W,0,,0.22437810897827148,0.998892605304718,0.34529346227645874
YDR147W,YGL254W,0,,0.22432230412960052,0.998892605304718,0.3454042077064514
YNL169C,YJL118W,0,,0.22426652908325195,0.998892605304718,0.3455149531364441
YNL126W,YBL067C,0,,0.22421078383922577,0.998892605304718,0.34562569856643677
YLR393W,YLR089C,0,,0.22415506839752197,0.998892605304718,0.34573644399642944
YNR012W,YGR128C,0,,0.22409938275814056,0.998892605304718,0.3458471894264221
YNR012W,YJL050W,0,,0.22404371201992035,0.998892605304718,0.3459579050540924
YBR083W,YMR067C,0,,0.22398808598518372,0.998892605304718,0.3460686504840851
YNL106C,YGL187C,0,,0.22393247485160828,0.998892605304718,0.34617939591407776
YJL028W,YMR231W,0,,0.22387689352035522,0.998892605304718,0.34629014134407043
YOR344C,YEL003W,0,,0.22382134199142456,0.998892605304718,0.3464008867740631
YIR021W,YLR319C,0,,0.22376582026481628,0.998892605304718,0.3465116322040558
YBR039W,YGL038C,0,,0.2237103134393692,0.998892605304718,0.34662237763404846
YOL115W,YLR089C,0,,0.2236548513174057,0.998892605304718,0.34673312306404114
YDR462W,YAL001C,0,,0.2235994040966034,0.998892605304718,0.3468438684940338
YGR203W,YLL054C,0,,0.22354398667812347,0.998892605304718,0.3469545841217041
YML123C,YOR064C,0,,0.22348859906196594,0.998892605304718,0.3470653295516968
YHR062C,YIL031W,0,,0.2234332412481308,0.998892605304718,0.34717607498168945
YPL249C-A,YER004W,0,,0.22337791323661804,0.998892605304718,0.34728682041168213
YIL162W,YHL020C,0,,0.22332260012626648,0.998892605304718,0.3473975658416748
YDR225W,YBR179C,0,,0.2232673317193985,0.998892605304718,0.3475083112716675
YHR007C,YNL088W,0,,0.2232120782136917,0.998892605304718,0.34761905670166016
YDR210W,YDR291W,0,,0.2231568545103073,0.998892605304718,0.34772980213165283
YOL110W,YBL050W,0,,0.2231016606092453,0.998892605304718,0.3478405177593231
YDR162C,YGR128C,0,,0.22304648160934448,0.998892605304718,0.3479512631893158
YPR183W,YFR009W,0,,0.22299134731292725,0.998892605304718,0.34806200861930847
YPR079W,YGL156W,0,,0.2229362279176712,0.998892605304718,0.34817275404930115
YNL154C,YHR072W,0,,0.22288115322589874,0.998892605304718,0.3482834994792938
YGL156W,YOL113W,0,,0.22282609343528748,0.998892605304718,0.3483942449092865
YKR087C,YNL113W,0,,0.2227710485458374,0.998892605304718,0.3485049903392792
YMR014W,YBR293W,0,,0.2227160483598709,0.998892605304718,0.34861573576927185
YNL087W,YLL010C,0,,0.2226610779762268,0.998892605304718,0.3487264811992645
YAR008W,YBR161W,0,,0.2226061224937439,0.998892605304718,0.3488371968269348
YOL006C,YNL093W,0,,0.22255119681358337,0.998892605304718,0.3489479422569275
YJL138C,YGL032C,0,,0.22249630093574524,0.998892605304718,0.34905868768692017
YMR011W,YER124C,0,,0.2224414348602295,0.998892605304718,0.34916943311691284
YGL131C,YJR014W,0,,0.22238658368587494,0.998892605304718,0.3492801785469055
YGR133W,YLR372W,0,,0.22233177721500397,0.998892605304718,0.3493909239768982
YNL024C-A,YGR092W,0,,0.2222769856452942,0.998892605304718,0.34950166940689087
YCR066W,YML010W,0,,0.2222222238779068,0.998892605304718,0.34961241483688354
YHL033C,YER094C,0,,0.2221674919128418,0.998892605304718,0.34972313046455383
YJL184W,YPL003W,0,,0.222112774848938,0.998892605304718,0.3498338758945465
YOR307C,YNL005C,0,,0.22205810248851776,0.998892605304718,0.3499446213245392
YNL075W,YOR202W,0,,0.22200344502925873,0.998892605304718,0.35005536675453186
YDR432W,YHR196W,0,,0.22194881737232208,0.998892605304718,0.35016611218452454
YIL067C,YDL165W,0,,0.22189421951770782,0.998892605304718,0.3502768576145172
YDR147W,YOR171C,0,,0.22183965146541595,0.998892605304718,0.3503876030445099
YBR234C,YLR225C,0,,0.22178509831428528,0.998892605304718,0.35049834847450256
YOR125C,YIL097W,0,,0.221730574965477,0.998892605304718,0.35060909390449524
YPL132W,YBR133C,0,,0.2216760814189911,0.998892605304718,0.3507198095321655
YDR191W,YML062C,0,,0.22162161767482758,0.998892605304718,0.3508305549621582
YOR173W,YLR242C,0,,0.22156718373298645,0.998892605304718,0.3509413003921509
YFR004W,YIL044C,0,,0.22151276469230652,0.998892605304718,0.35105204582214355
YGL079W,YKL211C,0,,0.22145839035511017,0.998892605304718,0.35116279125213623
YMR030W,YJL074C,0,,0.221404030919075,0.998892605304718,0.3512735366821289
YDR171W,YMR251W-A,0,,0.22134968638420105,0.998892605304718,0.3513842821121216
YAL005C,YNR026C,0,,0.22129538655281067,0.998892605304718,0.35149502754211426
YER078C,YER122C,0,,0.22124110162258148,0.998892605304718,0.35160577297210693
YLR369W,YKL101W,0,,0.22118686139583588,0.998892605304718,0.3517164885997772
YDR541C,YMR024W,0,,0.22113263607025146,0.998892605304718,0.3518272340297699
YOR208W,YOR056C,0,,0.22107842564582825,0.998892605304718,0.3519379794597626
YLR077W,YBL097W,0,,0.2210242599248886,0.998892605304718,0.35204872488975525
YGR215W,YHR083W,0,,0.22097010910511017,0.998892605304718,0.3521594703197479
YIL023C,YPL283C,0,,0.2209159880876541,0.998892605304718,0.3522702157497406
YIR034C,YDL079C,0,,0.22086189687252045,0.998892605304718,0.3523809611797333
YDR538W,YNL312W,0,,0.22080783545970917,0.998892605304718,0.35249170660972595
YGL086W,YBL101C,0,,0.22075378894805908,0.998892605304718,0.35260242223739624
YKL208W,YOR303W,0,,0.22069978713989258,0.998892605304718,0.3527131676673889
YGL210W-A,YKR065C,0,,0.22064578533172607,0.998892605304718,0.3528239130973816
YMR068W,YIL010W,0,,0.22059182822704315,0.998892605304718,0.35293465852737427
YKL127W,YDR123C,0,,0.22053790092468262,0.998892605304718,0.35304540395736694
YDR432W,YDL153C,0,,0.22048398852348328,0.998892605304718,0.3531561493873596
YER001W,YDR331W,0,,0.22043010592460632,0.998892605304718,0.3532668948173523
YNL186W,YGR128C,0,,0.22037625312805176,0.998892605304718,0.35337764024734497
YMR283C,YKL012W,0,,0.22032243013381958,0.998892605304718,0.35348838567733765
YMR231W,YKL012W,0,,0.2202686220407486,0.998892605304718,0.35359910130500793
YGR261C,YIL129C,0,,0.22021484375,0.998892605304718,0.3537098467350006
YEL060C,YKL148C,0,,0.2201610952615738,0.998892605304718,0.3538205921649933
YLR310C,YKR045C,0,,0.22010737657546997,0.998892605304718,0.35393133759498596
YBL008W-A,YOR056C,0,,0.22005367279052734,0.998892605304718,0.35404208302497864
YFR042W,YIL085C,0,,0.2199999988079071,0.998892605304718,0.3541528284549713
YCL038C,YHL013C,0,,0.21994635462760925,0.998892605304718,0.354263573884964
YNL256W,YOR028C,0,,0.2198927402496338,0.998892605304718,0.35437431931495667
YIL040W,YKL184W,0,,0.21983914077281952,0.998892605304718,0.35448503494262695
YNL257C,YOR295W,0,,0.21978557109832764,0.998892605304718,0.35459578037261963
YLR274W,YNL256W,0,,0.21973203122615814,0.998892605304718,0.3547065258026123
YDR385W,YNL005C,0,,0.21967852115631104,0.998892605304718,0.354817271232605
YML123C,YOL130W,0,,0.21962502598762512,0.998892605304718,0.35492801666259766
YPL181W,YPR112C,0,,0.2195715606212616,0.998892605304718,0.35503876209259033
YGR133W,YMR291W,0,,0.21951812505722046,0.998892605304718,0.355149507522583
YFL018C,YBL019W,0,,0.2194647192955017,0.998892605304718,0.3552602529525757
YCR102C,YIL099W,0,,0.21941132843494415,0.998892605304718,0.35537099838256836
YDL159W,YKL055C,0,,0.21935798227787018,0.998892605304718,0.35548171401023865
YDR432W,YPL108W,0,,0.2193046510219574,0.998892605304718,0.3555924594402313
YML064C,YNL035C,0,,0.2192513346672058,0.998892605304718,0.355703204870224
YBR103W,YPR061C,0,,0.2191980630159378,0.998892605304718,0.3558139503002167
YIR013C,YDL239C,0,,0.219144806265831,0.998892605304718,0.35592469573020935
YLR138W,YOR125C,0,,0.21909156441688538,0.998892605304718,0.356035441160202
YHR183W,YCR034W,0,,0.21903836727142334,0.998892605304718,0.3561461865901947
YBL067C,YJL159W,0,,0.2189851850271225,0.998892605304718,0.3562569320201874
YDR365W-B,YCR020W-B,0,,0.21893203258514404,0.998892605304718,0.35636767745018005
YAR050W,YDR446W,0,,0.21887890994548798,0.998892605304718,0.35647839307785034
YEL011W,YNL124W,0,,0.2188258171081543,0.998892605304718,0.356589138507843
YBR204C,YOR088W,0,,0.2187727391719818,0.998892605304718,0.3566998839378357
YDR446W,YNL134C,0,,0.2187196910381317,0.998892605304718,0.35681062936782837
YFR044C,YNL099C,0,,0.218666672706604,0.998892605304718,0.35692137479782104
YGL250W,YIL114C,0,,0.2186136692762375,0.998892605304718,0.3570321202278137
YIR035C,YIL017C,0,,0.21856069564819336,0.998892605304718,0.3571428656578064
YLR453C,YPL079W,0,,0.21850775182247162,0.998892605304718,0.3572536110877991
YGL255W,YPR082C,0,,0.21845483779907227,0.998892605304718,0.35736432671546936
YER141W,YNL241C,0,,0.2184019386768341,0.998892605304718,0.35747507214546204
YOL115W,YIL121W,0,,0.21834906935691833,0.998892605304718,0.3575858175754547
YMR266W,YFL052W,0,,0.21829622983932495,0.998892605304718,0.3576965630054474
YPL164C,YMR113W,0,,0.21824340522289276,0.998892605304718,0.35780730843544006
YKR087C,YFR044C,0,,0.21819061040878296,0.998892605304718,0.35791805386543274
YNR069C,YPL046C,0,,0.21813784539699554,0.998892605304718,0.3580287992954254
YKR060W,YGL086W,0,,0.21808511018753052,0.998892605304718,0.3581395447254181
YFL052W,YOR035C,0,,0.21803238987922668,0.998892605304718,0.35825029015541077
YOR128C,YPL190C,0,,0.21797969937324524,0.998892605304718,0.35836100578308105
YGR090W,YBL002W,0,,0.21792703866958618,0.998892605304718,0.35847175121307373
YNL148C,YDL122W,0,,0.21787439286708832,0.998892605304718,0.3585824966430664
YDR338C,YGR128C,0,,0.21782177686691284,0.998892605304718,0.3586932420730591
YKL188C,YBR014C,0,,0.21776919066905975,0.998892605304718,0.35880398750305176
YOR115C,YJL076W,0,,0.21771663427352905,0.998892605304718,0.35891473293304443
YLR205C,YGL257C,0,,0.21766409277915955,0.998892605304718,0.3590254783630371
YLR077W,YKL127W,0,,0.21761158108711243,0.998892605304718,0.3591362237930298
YKL065C,YKL148C,0,,0.2175590991973877,0.998892605304718,0.35924696922302246
YHR063C,YGR041W,0,,0.21750663220882416,0.998892605304718,0.35935768485069275
YLR336C,YBR179C,0,,0.217454195022583,0.998892605304718,0.3594684302806854
YPL241C,YKR065C,0,,0.21740178763866425,0.998892605304718,0.3595791757106781
YER124C,YBR154C,0,,0.21734939515590668,0.998892605304718,0.3596899211406708
YDR191W,YNL220W,0,,0.2172970324754715,0.998892605304718,0.35980066657066345
YER054C,YGL234W,0,,0.2172446995973587,0.998892605304718,0.35991141200065613
YGL065C,YDR264C,0,,0.2171923965215683,0.998892605304718,0.3600221574306488
YOL128C,YBR018C,0,,0.2171401083469391,0.998892605304718,0.3601329028606415
YPL069C,YIL044C,0,,0.21708784997463226,0.998892605304718,0.36024361848831177
YGL250W,YMR047C,0,,0.21703560650348663,0.998892605304718,0.36035436391830444
YDR194C,YPR058W,0,,0.21698340773582458,0.998892605304718,0.3604651093482971
YDL126C,YBR083W,0,,0.21693122386932373,0.998892605304718,0.3605758547782898
YGL048C,YHR016C,0,,0.21687905490398407,0.998892605304718,0.36068660020828247
YKL071W,YGR195W,0,,0.2168269157409668,0.998892605304718,0.36079734563827515
YDR001C,YOR077W,0,,0.2167748063802719,0.998892605304718,0.3609080910682678
YDL025C,YMR280C,0,,0.21672272682189941,0.998892605304718,0.3610188364982605
YEL034W,YLL032C,0,,0.2166706770658493,0.998892605304718,0.3611295819282532
YJR129C,YHR176W,0,,0.2166186422109604,0.998892605304718,0.36124029755592346
YDR338C,YBL036C,0,,0.21656662225723267,0.998892605304718,0.36135104298591614
YOR115C,YIL063C,0,,0.21651464700698853,0.998892605304718,0.3614617884159088
YBR186W,YDL020C,0,,0.21646268665790558,0.998892605304718,0.3615725338459015
YIL015W,YDR186C,0,,0.21641074120998383,0.998892605304718,0.36168327927589417
YLR226W,YKL221W,0,,0.21635884046554565,0.998892605304718,0.36179402470588684
YER141W,YFR044C,0,,0.21630695462226868,0.998892605304718,0.3619047701358795
YJR093C,YNL305C,0,,0.2162550985813141,0.998892605304718,0.3620155155658722
YMR278W,YBR070C,0,,0.2162032574415207,0.998892605304718,0.3621262311935425
YLR340W,YNL058C,0,,0.21615144610404968,0.998892605304718,0.36223697662353516
YGR152C,YGR215W,0,,0.21609966456890106,0.998892605304718,0.36234772205352783
YBR056W,YIL067C,0,,0.21604789793491364,0.998892605304718,0.3624584674835205
YLR148W,YBR179C,0,,0.2159961760044098,0.998892605304718,0.3625692129135132
YPR103W,YLR362W,0,,0.21594445407390594,0.998892605304718,0.36267995834350586
YBR132C,YMR134W,0,,0.21589277684688568,0.998892605304718,0.36279070377349854
YJR043C,YPL066W,0,,0.2158411145210266,0.998892605304718,0.3629014492034912
YBR235W,YKR098C,0,,0.21578946709632874,0.998892605304718,0.3630121946334839
YPR101W,YOR312C,0,,0.21573786437511444,0.998892605304718,0.3631229102611542
YNL300W,YIL016W,0,,0.21568627655506134,0.998892605304718,0.36323365569114685
YPL227C,YGR215W,0,,0.21563471853733063,0.998892605304718,0.3633444011211395
YJL207C,YMR060C,0,,0.2155831754207611,0.998892605304718,0.3634551465511322
YGL145W,YOR083W,0,,0.21553166210651398,0.998892605304718,0.3635658919811249
YJL115W,YNL279W,0,,0.21548017859458923,0.998892605304718,0.36367663741111755
YOL146W,YCL026C-A,0,,0.21542870998382568,0.998892605304718,0.36378738284111023
YPR066W,YNL220W,0,,0.21537727117538452,0.998892605304718,0.3638981282711029
YPR075C,YMR197C,0,,0.21532584726810455,0.998892605304718,0.3640088737010956
YHR115C,YER006W,0,,0.21527446806430817,0.998892605304718,0.36411958932876587
YDL002C,YDR446W,0,,0.21522310376167297,0.998892605304718,0.36423033475875854
YDR034C-D,YDL174C,0,,0.21517175436019897,0.998892605304718,0.3643410801887512
YPL256C,YBR244W,0,,0.21512043476104736,0.998892605304718,0.3644518256187439
YDR210W-D,YBR070C,0,,0.21506914496421814,0.998892605304718,0.3645625710487366
YGR152C,YOR214C,0,,0.2150178849697113,0.998892605304718,0.36467331647872925
YBR102C,YPR124W,0,,0.21496663987636566,0.998892605304718,0.3647840619087219
YHR063C,YDL079C,0,,0.2149154096841812,0.998892605304718,0.3648948073387146
YNR023W,YKL120W,0,,0.21486422419548035,0.998892605304718,0.3650055229663849
YJR047C,YKL012W,0,,0.21481305360794067,0.998892605304718,0.36511626839637756
YAR003W,YHR045W,0,,0.2147618979215622,0.998892605304718,0.36522701382637024
YNL075W,YBR229C,0,,0.2147107869386673,0.998892605304718,0.3653377592563629
YOR100C,YCR020W-B,0,,0.2146596908569336,0.998892605304718,0.3654485046863556
YDL042C,YDR085C,0,,0.21460860967636108,0.998892605304718,0.36555925011634827
YNL169C,YPL192C,0,,0.21455755829811096,0.998892605304718,0.36566999554634094
YER021W,YFL003C,0,,0.21450653672218323,0.998892605304718,0.3657807409763336
YJL091C,YML075C,0,,0.21445554494857788,0.998892605304718,0.3658914864063263
YCR028C-A,YBR215W,0,,0.21440456807613373,0.998892605304718,0.3660022020339966
YGR257C,YPR094W,0,,0.21435360610485077,0.998892605304718,0.36611294746398926
YJL123C,YNR023W,0,,0.2143026888370514,0.998892605304718,0.36622369289398193
YKL086W,YHR062C,0,,0.2142517864704132,0.998892605304718,0.3663344383239746
YJR056C,YJL002C,0,,0.21420089900493622,0.998892605304718,0.3664451837539673
YML078W,YDR394W,0,,0.21415004134178162,0.998892605304718,0.36655592918395996
YIL031W,YLR341W,0,,0.2140992134809494,0.998892605304718,0.36666667461395264
YJL177W,YDL058W,0,,0.21404841542243958,0.998892605304718,0.3667774200439453
YGR121C,YOR056C,0,,0.21399763226509094,0.998892605304718,0.366888165473938
YBR203W,YNL088W,0,,0.2139468640089035,0.998892605304718,0.3669988811016083
YFL009W,YDR266C,0,,0.21389614045619965,0.998892605304718,0.36710962653160095
YCR073C,YLL032C,0,,0.21384543180465698,0.998892605304718,0.36722037196159363
YLR410W,YJL111W,0,,0.2137947380542755,0.998892605304718,0.3673311173915863
YGR023W,YDL153C,0,,0.21374407410621643,0.998892605304718,0.367441862821579
YFL053W,YMR024W,0,,0.21369343996047974,0.998892605304718,0.36755260825157166
YHR112C,YLR341W,0,,0.21364282071590424,0.998892605304718,0.36766335368156433
YOR130C,YOR367W,0,,0.21359223127365112,0.998892605304718,0.367774099111557
YBR133C,YOR197W,0,,0.2135416716337204,0.998892605304718,0.3678848147392273
YDR079C-A,YML121W,0,,0.21349112689495087,0.998892605304718,0.36799556016921997
YJL051W,YJL093C,0,,0.21344061195850372,0.998892605304718,0.36810630559921265
YLR298C,YGR067C,0,,0.21339011192321777,0.998892605304718,0.3682170510292053
YGL255W,YDL239C,0,,0.2133396416902542,0.998892605304718,0.368327796459198
YJL010C,YER004W,0,,0.21328918635845184,0.998892605304718,0.3684385418891907
YGL121C,YBR288C,0,,0.21323877573013306,0.998892605304718,0.36854928731918335
YKL091C,YIL015W,0,,0.21318836510181427,0.998892605304718,0.368660032749176
YDR311W,YOR234C,0,,0.21313799917697906,0.998892605304718,0.3687707781791687
YLR272C,YDL044C,0,,0.21308764815330505,0.998892605304718,0.368881493806839
YOR058C,YML121W,0,,0.21303731203079224,0.998892605304718,0.36899223923683167
YLR342W,YCR033W,0,,0.2129870057106018,0.998892605304718,0.36910298466682434
YGR198W,YNL014W,0,,0.21293672919273376,0.998892605304718,0.369213730096817
YJR113C,YGL029W,0,,0.2128864824771881,0.998892605304718,0.3693244755268097
YLL005C,YMR167W,0,,0.21283625066280365,0.998892605304718,0.36943522095680237
YNL067W,YJR014W,0,,0.21278603374958038,0.998892605304718,0.36954596638679504
YDL181W,YPL030W,0,,0.2127358466386795,0.998892605304718,0.3696567118167877
YJL050W,YPL192C,0,,0.212685689330101,0.998892605304718,0.369767427444458
YDR314C,YDR541C,0,,0.21263554692268372,0.998892605304718,0.3698781728744507
YOR017W,YGR256W,0,,0.2125854343175888,0.998892605304718,0.36998891830444336
YCL038C,YGR091W,0,,0.2125353366136551,0.998892605304718,0.37009966373443604
YML126C,YIL097W,0,,0.21248528361320496,0.998892605304718,0.3702104091644287
YPL283C,YHL018W,0,,0.21243523061275482,0.998892605304718,0.3703211545944214
YER019W,YFL016C,0,,0.21238520741462708,0.998892605304718,0.37043190002441406
YNL257C,YBL066C,0,,0.21233521401882172,0.998892605304718,0.37054264545440674
YBL008W-A,YGR068C,0,,0.21228525042533875,0.998892605304718,0.3706533908843994
YJL139C,YJL104W,0,,0.21223528683185577,0.998892605304718,0.3707641065120697
YDR293C,YDL058W,0,,0.21218536794185638,0.998892605304718,0.3708748519420624
YFR046C,YMR309C,0,,0.2121354639530182,0.998892605304718,0.37098559737205505
YLR242C,YDR293C,0,,0.21208558976650238,0.998892605304718,0.37109634280204773
YNL126W,YCR008W,0,,0.21203573048114777,0.998892605304718,0.3712070882320404
YKL139W,YKR039W,0,,0.21198590099811554,0.998892605304718,0.3713178336620331
YDR180W,YPL003W,0,,0.2119360864162445,0.998892605304718,0.37142857909202576
YOR361C,YLR013W,0,,0.21188630163669586,0.998892605304718,0.37153932452201843
YHL009C,YGL002W,0,,0.2118365466594696,0.998892605304718,0.3716500699520111
YJL028W,YEL060C,0,,0.21178680658340454,0.998892605304718,0.3717607855796814
YKR092C,YLL005C,0,,0.21173709630966187,0.998892605304718,0.3718715310096741
YML130C,YDR339C,0,,0.21168740093708038,0.998892605304718,0.37198227643966675
YNL069C,YHR016C,0,,0.2116377353668213,0.998892605304718,0.3720930218696594
YER065C,YIL129C,0,,0.2115880846977234,0.998892605304718,0.3722037672996521
YNL021W,YLR089C,0,,0.21153846383094788,0.998892605304718,0.3723145127296448
YDR182W,YHL033C,0,,0.21148885786533356,0.998892605304718,0.37242525815963745
YGR278W,YNL047C,0,,0.21143928170204163,0.998892605304718,0.3725360035896301
YJR007W,YBR136W,0,,0.21138973534107208,0.998892605304718,0.3726467192173004
YDR237W,YDR210W-A,0,,0.21134020388126373,0.998892605304718,0.3727574646472931
YHR152W,YNL093W,0,,0.21129070222377777,0.998892605304718,0.37286821007728577
YCR079W,YJR014W,0,,0.211241215467453,0.998892605304718,0.37297895550727844
YDL052C,YDR119W,0,,0.21119175851345062,0.998892605304718,0.3730897009372711
YKL071W,YGR068C,0,,0.21114231646060944,0.998892605304718,0.3732004463672638
YML029W,YOR140W,0,,0.21109290421009064,0.998892605304718,0.37331119179725647
YDL005C,YLR341W,0,,0.21104352176189423,0.998892605304718,0.37342193722724915
YMR283C,YFL003C,0,,0.210994154214859,0.998892605304718,0.3735326826572418
YDL002C,YLR342W,0,,0.21094480156898499,0.998892605304718,0.3736433982849121
YPR145W,YGL175C,0,,0.21089549362659454,0.998892605304718,0.3737541437149048
YFR004W,YFL003C,0,,0.2108461856842041,0.998892605304718,0.37386488914489746
YHR124W,YPL023C,0,,0.21079692244529724,0.998892605304718,0.37397563457489014
YPL246C,YAL014C,0,,0.21074765920639038,0.998892605304718,0.3740863800048828
YAR003W,YGR027W-A,0,,0.2106984406709671,0.998892605304718,0.3741971254348755
YNL021W,YKL012W,0,,0.21064922213554382,0.998892605304718,0.37430787086486816
YPL268W,YGL187C,0,,0.21060004830360413,0.998892605304718,0.37441861629486084
YNL312W,YJR077C,0,,0.21055088937282562,0.998892605304718,0.37452933192253113
YLR405W,YNL197C,0,,0.2105017453432083,0.998892605304718,0.3746400773525238
YBR235W,YJL074C,0,,0.2104526311159134,0.998892605304718,0.3747508227825165
YML130C,YGL131C,0,,0.21040354669094086,0.998892605304718,0.37486156821250916
YLR275W,YIR035C,0,,0.21035447716712952,0.998892605304718,0.37497231364250183
YNL139C,YJL138C,0,,0.21030543744564056,0.998892605304718,0.3750830590724945
YIL023C,YHR019C,0,,0.2102564126253128,0.998892605304718,0.3751938045024872
YLR205C,YPR022C,0,,0.21020741760730743,0.998892605304718,0.37530454993247986
YLL039C,YPL266W,0,,0.21015843749046326,0.998892605304718,0.37541529536247253
YDL178W,YCR043C,0,,0.21010948717594147,0.998892605304718,0.3755260109901428
YBR127C,YER141W,0,,0.21006055176258087,0.998892605304718,0.3756367564201355
YLR002C,YDR156W,0,,0.21001164615154266,0.998892605304718,0.3757475018501282
YPR107C,YDR264C,0,,0.20996275544166565,0.998892605304718,0.37585824728012085
YOR231W,YJL122W,0,,0.20991389453411102,0.998892605304718,0.3759689927101135
YOL088C,YDR210W,0,,0.2098650485277176,0.998892605304718,0.3760797381401062
YBR057C,YIL097W,0,,0.20981623232364655,0.998892605304718,0.3761904835700989
YOR003W,YBR106W,0,,0.2097674459218979,0.998892605304718,0.37630122900009155
YGL001C,YOR022C,0,,0.20971867442131042,0.998892605304718,0.37641197443008423
YIL117C,YER035W,0,,0.20966991782188416,0.998892605304718,0.3765226900577545
YKR003W,YOR088W,0,,0.20962119102478027,0.998892605304718,0.3766334354877472
YNL154C,YDR180W,0,,0.20957249402999878,0.998892605304718,0.37674418091773987
YDR016C,YPL181W,0,,0.20952381193637848,0.998892605304718,0.37685492634773254
YDR162C,YER011W,0,,0.20947514474391937,0.998892605304718,0.3769656717777252
YJR159W,YLR136C,0,,0.20942652225494385,0.998892605304718,0.3770764172077179
YKL213C,YBR239C,0,,0.20937789976596832,0.998892605304718,0.37718716263771057
YBR290W,YEL011W,0,,0.20932930707931519,0.998892605304718,0.37729790806770325
YMR291W,YDR264C,0,,0.20928074419498444,0.998892605304718,0.37740862369537354
YJL145W,YEL071W,0,,0.20923219621181488,0.998892605304718,0.3775193691253662
YCR033W,YDL044C,0,,0.2091836780309677,0.998892605304718,0.3776301145553589
YDR034C-D,YGR195W,0,,0.20913517475128174,0.998892605304718,0.37774085998535156
YPR165W,YGL008C,0,,0.20908670127391815,0.998892605304718,0.37785160541534424
YBR018C,YKR087C,0,,0.20903824269771576,0.998892605304718,0.3779623508453369
YNL125C,YKL018W,0,,0.20898979902267456,0.998892605304718,0.3780730962753296
YCR067C,YNL220W,0,,0.20894140005111694,0.998892605304718,0.37818384170532227
YHR034C,YER004W,0,,0.20889300107955933,0.998892605304718,0.37829458713531494
YIR022W,YOR073W,0,,0.2088446468114853,0.998892605304718,0.37840530276298523
YER042W,YDR198C,0,,0.20879629254341125,0.998892605304718,0.3785160481929779
YGL013C,YDR210W-A,0,,0.2087479680776596,0.998892605304718,0.3786267936229706
YGR207C,YIL129C,0,,0.20869967341423035,0.998892605304718,0.37873753905296326
YMR170C,YDR051C,0,,0.20865139365196228,0.998892605304718,0.37884828448295593
YDL025C,YPR052C,0,,0.2086031436920166,0.998892605304718,0.3789590299129486
YNL082W,YGL175C,0,,0.20855490863323212,0.998892605304718,0.3790697753429413
YLR297W,YDR316W,0,,0.20850670337677002,0.998892605304718,0.37918052077293396
YKR081C,YOR190W,0,,0.20845851302146912,0.998892605304718,0.37929126620292664
YLR233C,YGR284C,0,,0.2084103524684906,0.998892605304718,0.3794019818305969
YPR104C,YJL091C,0,,0.20836220681667328,0.998892605304718,0.3795127272605896
YOR140W,YGL245W,0,,0.20831409096717834,0.998892605304718,0.3796234726905823
YDR073W,YPR103W,0,,0.2082659900188446,0.998892605304718,0.37973421812057495
YDR365W-B,YDR394W,0,,0.20821791887283325,0.998892605304718,0.3798449635505676
YLR027C,YOL089C,0,,0.2081698626279831,0.998892605304718,0.3799557089805603
YKL101W,YDR079C-A,0,,0.20812182128429413,0.998892605304718,0.380066454410553
YGR096W,YHR001W,0,,0.20807382464408875,0.998892605304718,0.38017719984054565
YCL033C,YBR229C,0,,0.20802582800388336,0.998892605304718,0.38028791546821594
YGL160W,YOR088W,0,,0.20797786116600037,0.998892605304718,0.3803986608982086
YDL132W,YHR121W,0,,0.20792992413043976,0.998892605304718,0.3805094063282013
YMR202W,YHR019C,0,,0.20788200199604034,0.998892605304718,0.38062015175819397
YGL210W-A,YPL128C,0,,0.20783409476280212,0.998892605304718,0.38073089718818665
YOL008W,YMR030W,0,,0.2077862173318863,0.998892605304718,0.3808416426181793
YML046W,YPR056W,0,,0.20773836970329285,0.998892605304718,0.380952388048172
YGR198W,YBR239C,0,,0.2076905369758606,0.998892605304718,0.3810631334781647
YDR027C,YLR077W,0,,0.20764271914958954,0.998892605304718,0.38117387890815735
YDR339C,YPL024W,0,,0.20759493112564087,0.998892605304718,0.38128459453582764
YHR178W,YBL105C,0,,0.2075471729040146,0.998892605304718,0.3813953399658203
YKR086W,YNL058C,0,,0.2074994295835495,0.998892605304718,0.381506085395813
YGR186W,YDR001C,0,,0.2074517011642456,0.998892605304718,0.38161683082580566
YDL178W,YIL129C,0,,0.2074040025472641,0.998892605304718,0.38172757625579834
YGR038W,YBR201W,0,,0.2073563188314438,0.998892605304718,0.381838321685791
YKR024C,YNL270C,0,,0.20730866491794586,0.998892605304718,0.3819490671157837
YIR021W,YMR309C,0,,0.20726102590560913,0.998892605304718,0.38205981254577637
YCL019W,YMR271C,0,,0.2072134166955948,0.998892605304718,0.38217052817344666
YGL048C,YDR489W,0,,0.20716582238674164,0.998892605304718,0.38228127360343933
YOL128C,YJR067C,0,,0.20711825788021088,0.998892605304718,0.382392019033432
YKR098C,YHR091C,0,,0.2070707082748413,0.998892605304718,0.3825027644634247
YDL168W,YNL326C,0,,0.20702318847179413,0.998892605304718,0.38261350989341736
YBR217W,YNL229C,0,,0.20697568356990814,0.998892605304718,0.38272425532341003
YOR362C,YKL127W,0,,0.20692819356918335,0.998892605304718,0.3828350007534027
YNL323W,YGR013W,0,,0.20688073337078094,0.998892605304718,0.3829457461833954
YNL315C,YNL005C,0,,0.20683328807353973,0.998892605304718,0.38305649161338806
YGL208W,YDR079C-A,0,,0.2067858725786209,0.998892605304718,0.38316720724105835
YGR038C-A,YNL009W,0,,0.20673848688602448,0.998892605304718,0.383277952671051
YBR073W,YDR484W,0,,0.20669111609458923,0.998892605304718,0.3833886981010437
YDR485C,YLR051C,0,,0.20664376020431519,0.998892605304718,0.3834994435310364
YBL008W-A,YBL009W,0,,0.20659643411636353,0.998892605304718,0.38361018896102905
YPR022C,YMR167W,0,,0.20654912292957306,0.998892605304718,0.38372093439102173
YBR234C,YCL010C,0,,0.2065018266439438,0.998892605304718,0.3838316798210144
YMR293C,YNL097C,0,,0.2064545601606369,0.998892605304718,0.3839424252510071
YLR210W,YHL009W-A,0,,0.2064073234796524,0.998892605304718,0.38405317068099976
YNL053W,YNL270C,0,,0.2063601016998291,0.998892605304718,0.38416388630867004
YKL127W,YLR089C,0,,0.206312894821167,0.998892605304718,0.3842746317386627
YDR156W,YDL165W,0,,0.20626571774482727,0.998892605304718,0.3843853771686554
YIR007W,YDL049C,0,,0.20621857047080994,0.998892605304718,0.38449612259864807
YFR046C,YPL079W,0,,0.2061714231967926,0.998892605304718,0.38460686802864075
YGL201C,YLR135W,0,,0.20612432062625885,0.998892605304718,0.3847176134586334
YMR014W,YKL163W,0,,0.2060772180557251,0.998892605304718,0.3848283588886261
YGR028W,YIL073C,0,,0.20603014528751373,0.998892605304718,0.3849391043186188
YIL023C,YMR305C,0,,0.20598310232162476,0.998892605304718,0.38504981994628906
YJR161C,YNR046W,0,,0.20593607425689697,0.998892605304718,0.38516056537628174
YPL256C,YGL125W,0,,0.20588906109333038,0.998892605304718,0.3852713108062744
YLR298C,YML121W,0,,0.20584207773208618,0.998892605304718,0.3853820562362671
YDL002C,YDL044C,0,,0.20579512417316437,0.998892605304718,0.38549280166625977
YPR025C,YCL026C-A,0,,0.20574817061424255,0.998892605304718,0.38560354709625244
YER006W,YCR008W,0,,0.20570124685764313,0.998892605304718,0.3857142925262451
YBR079C,YBR106W,0,,0.2056543529033661,0.998892605304718,0.3858250379562378
YLR298C,YML118W,0,,0.20560747385025024,0.998892605304718,0.38593578338623047
YER169W,YOR083W,0,,0.2055606245994568,0.998892605304718,0.38604649901390076
YBR201W,YDR206W,0,,0.20551379024982452,0.998892605304718,0.38615724444389343
YFL009W,YIL114C,0,,0.20546697080135345,0.998892605304718,0.3862679898738861
YPR029C,YDR163W,0,,0.20542018115520477,0.998892605304718,0.3863787353038788
YGL160W,YHR166C,0,,0.20537340641021729,0.998892605304718,0.38648948073387146
YCL020W,YMR060C,0,,0.20532666146755219,0.998892605304718,0.38660022616386414
YOL110W,YNR051C,0,,0.20527993142604828,0.998892605304718,0.3867109715938568
YBL002W,YJL076W,0,,0.20523321628570557,0.998892605304718,0.3868217170238495
YNL336W,YKR039W,0,,0.20518653094768524,0.998892605304718,0.3869324326515198
YKL152C,YBL009W,0,,0.2051398754119873,0.998892605304718,0.38704317808151245
YCL019W,YER074W-A,0,,0.20509321987628937,0.998892605304718,0.3871539235115051
YER157W,YNL241C,0,,0.20504659414291382,0.998892605304718,0.3872646689414978
YDR214W,YOR058C,0,,0.20499999821186066,0.998892605304718,0.3873754143714905
YBR186W,YHR050W,0,,0.2049534171819687,0.998892605304718,0.38748615980148315
YMR079W,YJR161C,0,,0.2049068659543991,0.998892605304718,0.38759690523147583
YOL006C,YER183C,0,,0.20486032962799072,0.998892605304718,0.3877076506614685
YER065C,YJL020C,0,,0.20481380820274353,0.998892605304718,0.3878183960914612
YDR538W,YDR363W,0,,0.20476731657981873,0.998892605304718,0.38792911171913147
YER021W,YPL030W,0,,0.20472083985805511,0.998892605304718,0.38803985714912415
YFL009W,YPL124W,0,,0.2046743780374527,0.998892605304718,0.3881506025791168
YNL069C,YOR197W,0,,0.20462794601917267,0.998892605304718,0.3882613480091095
YBR102C,YJL154C,0,,0.20458154380321503,0.998892605304718,0.3883720934391022
YBR133C,YIR003W,0,,0.20453514158725739,0.998892605304718,0.38848283886909485
YHL009C,YPL020C,0,,0.20448878407478333,0.998892605304718,0.3885935842990875
YLR369W,YJR144W,0,,0.20444242656230927,0.998892605304718,0.3887043297290802
YHR091C,YLR431C,0,,0.2043960988521576,0.998892605304718,0.3888150751590729
YCR079W,YDR208W,0,,0.2043498009443283,0.998892605304718,0.38892579078674316
YOL094C,YIL110W,0,,0.20430351793766022,0.998892605304718,0.38903653621673584
YPL256C,YHR200W,0,,0.20425724983215332,0.998892605304718,0.3891472816467285
YDR339C,YLR226W,0,,0.20421099662780762,0.998892605304718,0.3892580270767212
YMR030W,YPL158C,0,,0.2041647732257843,0.998892605304718,0.38936877250671387
YNL075W,YLR378C,0,,0.20411857962608337,0.998892605304718,0.38947951793670654
YHR203C,YEL009C,0,,0.20407240092754364,0.998892605304718,0.3895902633666992
YLR034C,YBR204C,0,,0.2040262371301651,0.998892605304718,0.3897010087966919
YNL003C,YLR341W,0,,0.20398010313510895,0.998892605304718,0.3898117244243622
YLR166C,YCR068W,0,,0.203933984041214,0.998892605304718,0.38992246985435486
YHR187W,YCR070W,0,,0.20388787984848022,0.998892605304718,0.39003321528434753
YGR059W,YDL165W,0,,0.20384180545806885,0.998892605304718,0.3901439607143402
YNR073C,YOR130C,0,,0.20379574596881866,0.998892605304718,0.3902547061443329
YLR071C,YPL086C,0,,0.20374971628189087,0.998892605304718,0.39036545157432556
YHR003C,YCR048W,0,,0.20370370149612427,0.998892605304718,0.39047619700431824
YDL181W,YDR338C,0,,0.20365771651268005,0.998892605304718,0.3905869424343109
YIL085C,YJL014W,0,,0.20361173152923584,0.998892605304718,0.3906976878643036
YEL063C,YGR132C,0,,0.2035657912492752,0.998892605304718,0.3908084034919739
YMR236W,YBL027W,0,,0.20351985096931458,0.998892605304718,0.39091914892196655
YGR049W,YPR104C,0,,0.20347394049167633,0.998892605304718,0.39102989435195923
YML123C,YNR051C,0,,0.20342805981636047,0.998892605304718,0.3911406397819519
YGL002W,YLR368W,0,,0.2033821940422058,0.998892605304718,0.3912513852119446
YOL115W,YML121W,0,,0.20333634316921234,0.998892605304718,0.39136213064193726
YBR167C,YBR014C,0,,0.20329050719738007,0.998892605304718,0.39147287607192993
YNL152W,YOR153W,0,,0.20324470102787018,0.998892605304718,0.3915836215019226
YLR376C,YBR221C,0,,0.20319892466068268,0.998892605304718,0.3916943669319153
YHR141C,YBR102C,0,,0.20315314829349518,0.998892605304718,0.39180508255958557
YIR008C,YEL003W,0,,0.20310740172863007,0.998892605304718,0.39191582798957825
YDL178W,YOR196C,0,,0.20306168496608734,0.998892605304718,0.3920265734195709
YHL033C,YHR062C,0,,0.2030159831047058,0.998892605304718,0.3921373188495636
YIL050W,YOR375C,0,,0.20297029614448547,0.998892605304718,0.3922480642795563
YIR033W,YJR144W,0,,0.20292463898658752,0.998892605304718,0.39235880970954895
YKL213C,YGR028W,0,,0.20287899672985077,0.998892605304718,0.3924695551395416
YGR240C,YGR207C,0,,0.2028333693742752,0.998892605304718,0.3925803005695343
YLR144C,YBL018C,0,,0.20278777182102203,0.998892605304718,0.3926910161972046
YDR346C,YPR104C,0,,0.20274218916893005,0.998892605304718,0.39280176162719727
YER019W,YNL177C,0,,0.20269663631916046,0.998892605304718,0.39291250705718994
YGL224C,YLR449W,0,,0.20265108346939087,0.998892605304718,0.3930232524871826
YBR234C,YJR017C,0,,0.20260557532310486,0.998892605304718,0.3931339979171753
YDR408C,YPR165W,0,,0.20256006717681885,0.998892605304718,0.39324474334716797
YJR113C,YJL020C,0,,0.20251458883285522,0.998892605304718,0.39335548877716064
YJR088C,YPR066W,0,,0.202469140291214,0.998892605304718,0.3934662342071533
YMR214W,YNL323W,0,,0.20242369174957275,0.998892605304718,0.393576979637146
YLR084C,YOR100C,0,,0.2023782879114151,0.998892605304718,0.3936876952648163
YJR088C,YGR206W,0,,0.20233288407325745,0.998892605304718,0.39379844069480896
YDL168W,YPL020C,0,,0.20228751003742218,0.998892605304718,0.39390918612480164
YPR082C,YGR109C,0,,0.2022421509027481,0.998892605304718,0.3940199315547943
YAR008W,YGR240C,0,,0.20219682157039642,0.998892605304718,0.394130676984787
YJR064W,YBL019W,0,,0.20215150713920593,0.998892605304718,0.39424142241477966
YDL002C,YML078W,0,,0.20210620760917664,0.998892605304718,0.39435216784477234
YHR121W,YNL058C,0,,0.20206093788146973,0.998892605304718,0.394462913274765
YGL079W,YJL118W,0,,0.202015683054924,0.998892605304718,0.3945736289024353
YBR103W,YER021W,0,,0.2019704431295395,0.998892605304718,0.394684374332428
YDR541C,YNL037C,0,,0.20192523300647736,0.998892605304718,0.39479511976242065
YIR022W,YJR017C,0,,0.20188003778457642,0.998892605304718,0.39490586519241333
YJL123C,YIL066C,0,,0.20183485746383667,0.998892605304718,0.395016610622406
YKL018W,YPL270W,0,,0.2017897069454193,0.998892605304718,0.3951273560523987
YDR294C,YGL022W,0,,0.20174457132816315,0.998892605304718,0.39523810148239136
YDR338C,YNL316C,0,,0.20169946551322937,0.998892605304718,0.39534884691238403
YML078W,YMR052W,0,,0.2016543745994568,0.998892605304718,0.3954595923423767
YCR069W,YOR056C,0,,0.2016092985868454,0.998892605304718,0.395570307970047
YLR205C,YJL099W,0,,0.2015642523765564,0.998892605304718,0.3956810534000397
YNL321W,YHR043C,0,,0.2015192061662674,0.998892605304718,0.39579179883003235
YHR001W,YPL066W,0,,0.20147420465946198,0.998892605304718,0.395902544260025
YMR263W,YGL133W,0,,0.20142920315265656,0.998892605304718,0.3960132896900177
YHR176W,YPR140W,0,,0.20138423144817352,0.998892605304718,0.3961240351200104
YMR116C,YBR227C,0,,0.20133928954601288,0.998892605304718,0.39623478055000305
YLR378C,YHR128W,0,,0.20129434764385223,0.998892605304718,0.3963455259799957
YBR204C,YER075C,0,,0.20124943554401398,0.998892605304718,0.3964562714099884
YOR003W,YGR091W,0,,0.2012045532464981,0.998892605304718,0.3965669870376587
YKR065C,YHR128W,0,,0.20115968585014343,0.998892605304718,0.39667773246765137
YDR156W,YPL118W,0,,0.20111483335494995,0.998892605304718,0.39678847789764404
YKL049C,YHL001W,0,,0.20106999576091766,0.998892605304718,0.3968992233276367
YPL023C,YBR152W,0,,0.20102518796920776,0.998892605304718,0.3970099687576294
YDR365W-B,YER166W,0,,0.20098039507865906,0.998892605304718,0.39712071418762207
YOR095C,YNL186W,0,,0.20093561708927155,0.998892605304718,0.39723145961761475
YCR069W,YOR141C,0,,0.20089086890220642,0.998892605304718,0.3973422050476074
YGL023C,YOR149C,0,,0.2008461356163025,0.998892605304718,0.3974529206752777
YGR109C,YGR261C,0,,0.20080143213272095,0.998892605304718,0.3975636661052704
YER144C,YMR216C,0,,0.2007567286491394,0.998892605304718,0.39767441153526306
YPL023C,YDR186C,0,,0.20071205496788025,0.998892605304718,0.39778515696525574
YPL060C-A,YNL305C,0,,0.20066741108894348,0.998892605304718,0.3978959023952484
YBL042C,YJL050W,0,,0.2006227821111679,0.998892605304718,0.3980066478252411
YEL034W,YOL060C,0,,0.20057816803455353,0.998892605304718,0.39811739325523376
YDR485C,YIL162W,0,,0.20053356885910034,0.998892605304718,0.39822813868522644
YBL046W,YLR216C,0,,0.20048899948596954,0.998892605304718,0.3983388841152191
YHR102W,YIL129C,0,,0.20044444501399994,0.998892605304718,0.3984495997428894
YLL052C,YCR003W,0,,0.20039990544319153,0.998892605304718,0.3985603451728821
YDL193W,YBR068C,0,,0.2003553956747055,0.998892605304718,0.39867109060287476
YDL064W,YBR057C,0,,0.20031090080738068,0.998892605304718,0.39878183603286743
YDR446W,YOL033W,0,,0.20026643574237823,0.998892605304718,0.3988925814628601
YIL023C,YER169W,0,,0.2002219706773758,0.998892605304718,0.3990033268928528
YLR084C,YHR166C,0,,0.20017753541469574,0.998892605304718,0.39911407232284546
YOL088C,YMR231W,0,,0.20013312995433807,0.998892605304718,0.39922481775283813
YJL063C,YOR141C,0,,0.2000887244939804,0.998892605304718,0.3993355333805084
YMR161W,YDL174C,0,,0.20004434883594513,0.998892605304718,0.3994462788105011
YOL091W,YIL158W,0,,0.20000000298023224,0.998892605304718,0.3995570242404938
YPL032C,YEL046C,0,,0.19995565712451935,0.998892605304718,0.39966776967048645
YKL101W,YDL104C,0,,0.19991134107112885,0.998892605304718,0.3997785151004791
YLR233C,YGR231C,0,,0.19986705482006073,0.998892605304718,0.3998892605304718
YDL002C,YJR099W,0,,0.19982276856899261,0.998892605304718,0.4000000059604645
YDR027C,YGR033C,0,,0.1997785121202469,0.998892605304718,0.40011075139045715
YNL069C,YBR199W,0,,0.19973428547382355,0.998892605304718,0.40022149682044983
YIL016W,YBL019W,0,,0.1996900588274002,0.998892605304718,0.4003322124481201
YDR255C,YLR022C,0,,0.19964586198329926,0.998892605304718,0.4004429578781128
YDL079C,YPR079W,0,,0.1996016800403595,0.998892605304718,0.40055370330810547
YNL152W,YCR003W,0,,0.19955752789974213,0.998892605304718,0.40066444873809814
YMR021C,YER006W,0,,0.19951337575912476,0.998892605304718,0.4007751941680908
YDL052C,YLR421C,0,,0.19946926832199097,0.998892605304718,0.4008859395980835
YLR064W,YML093W,0,,0.19942516088485718,0.998892605304718,0.40099668502807617
YGL234W,YGR256W,0,,0.19938108325004578,0.998892605304718,0.40110743045806885
YPL009C,YIL097W,0,,0.19933702051639557,0.998892605304718,0.4012181758880615
YGL184C,YHR102W,0,,0.19929297268390656,0.998892605304718,0.4013288915157318
YIL127C,YJL210W,0,,0.19924895465373993,0.998892605304718,0.4014396369457245
YHR043C,YLR089C,0,,0.1992049515247345,0.998892605304718,0.40155038237571716
YDR113C,YDR519W,0,,0.19916096329689026,0.998892605304718,0.40166112780570984
YBR133C,YDL020C,0,,0.1991170048713684,0.998892605304718,0.4017718732357025
YDR446W,YDR264C,0,,0.19907304644584656,0.998892605304718,0.4018826186656952
YLR408C,YLR393W,0,,0.1990291327238083,0.998892605304718,0.40199336409568787
YLR084C,YER058W,0,,0.19898521900177002,0.998892605304718,0.40210410952568054
YNL229C,YOL089C,0,,0.19894133508205414,0.998892605304718,0.40221482515335083
YDR522C,YIL103W,0,,0.19889746606349945,0.998892605304718,0.4023255705833435
YDR182W,YJL115W,0,,0.19885361194610596,0.998892605304718,0.4024363160133362
YLR262C,YJR056C,0,,0.19880978763103485,0.998892605304718,0.40254706144332886
YGR275W,YNL316C,0,,0.19876597821712494,0.998892605304718,0.40265780687332153
YIL040W,YDL161W,0,,0.19872218370437622,0.998892605304718,0.4027685523033142
YIR021W,YIL031W,0,,0.1986784189939499,0.998892605304718,0.4028792977333069
YLL036C,YLR035C,0,,0.19863466918468475,0.998892605304718,0.40299004316329956
YGL121C,YER001W,0,,0.1985909342765808,0.998892605304718,0.40310078859329224
YOR229W,YBR133C,0,,0.19854721426963806,0.998892605304718,0.4032115042209625
YLR233C,YOR362C,0,,0.1985035240650177,0.998892605304718,0.4033222496509552
YIL063C,YKR087C,0,,0.19845984876155853,0.998892605304718,0.4034329950809479
YHR001W,YOR214C,0,,0.19841618835926056,0.998892605304718,0.40354374051094055
YDR027C,YBL027W,0,,0.19837255775928497,0.998892605304718,0.4036544859409332
YFR028C,YPL005W,0,,0.19832894206047058,0.998892605304718,0.4037652313709259
YML038C,YMR236W,0,,0.19828534126281738,0.998892605304718,0.4038759768009186
YIL066C,YNL321W,0,,0.19824175536632538,0.998892605304718,0.40398672223091125
YJL145W,YER018C,0,,0.19819819927215576,0.998892605304718,0.40409746766090393
YHR091C,YNL245C,0,,0.19815465807914734,0.998892605304718,0.4042081832885742
YKR010C,YJL122W,0,,0.1981111317873001,0.998892605304718,0.4043189287185669
YNL064C,YGL166W,0,,0.19806763529777527,0.998892605304718,0.40442967414855957
YLR342W,YPR140W,0,,0.19802415370941162,0.998892605304718,0.40454041957855225
YHR065C,YHL018W,0,,0.19798068702220917,0.998892605304718,0.4046511650085449
YJR144W,YOR343C-B,0,,0.1979372352361679,0.998892605304718,0.4047619104385376
YIL085C,YOL130W,0,,0.19789381325244904,0.998892605304718,0.4048726558685303
YMR044W,YGR027W-A,0,,0.19785040616989136,0.998892605304718,0.40498340129852295
YOR328W,YER160C,0,,0.19780701398849487,0.998892605304718,0.40509411692619324
YPL212C,YLR449W,0,,0.19776365160942078,0.998892605304718,0.4052048623561859
YJL177W,YHR196W,0,,0.19772030413150787,0.998892605304718,0.4053156077861786
YBL102W,YPR075C,0,,0.19767697155475616,0.998892605304718,0.40542635321617126
YKR013W,YOL088C,0,,0.19763365387916565,0.998892605304718,0.40553709864616394
YJL137C,YCR097W,0,,0.19759036600589752,0.998892605304718,0.4056478440761566
YMR268C,YNR046W,0,,0.1975470930337906,0.998892605304718,0.4057585895061493
YFL050C,YOL075C,0,,0.19750383496284485,0.998892605304718,0.40586933493614197
YIL049W,YBL008W-A,0,,0.1974605917930603,0.998892605304718,0.40598008036613464
YGL017W,YER004W,0,,0.19741737842559814,0.998892605304718,0.40609079599380493
YBR102C,YOL130W,0,,0.19737417995929718,0.998892605304718,0.4062015414237976
YNL134C,YGL150C,0,,0.1973309963941574,0.998892605304718,0.4063122868537903
YHL033C,YGR209C,0,,0.19728784263134003,0.998892605304718,0.40642303228378296
YBR236C,YHR178W,0,,0.19724470376968384,0.998892605304718,0.40653377771377563
YPL055C,YOR245C,0,,0.19720157980918884,0.998892605304718,0.4066445231437683
YGL245W,YGL153W,0,,0.19715847074985504,0.998892605304718,0.406755268573761
YDL066W,YBR204C,0,,0.19711539149284363,0.998892605304718,0.40686601400375366
YKL096W,YLR003C,0,,0.19707231223583221,0.998892605304718,0.40697672963142395
YOR362C,YDR522C,0,,0.19702927768230438,0.998892605304718,0.4070874750614166
YKL146W,YBR110W,0,,0.19698624312877655,0.998892605304718,0.4071982204914093
YBR106W,YBL101C,0,,0.1969432383775711,0.998892605304718,0.407308965921402
YJR152W,YPL228W,0,,0.19690023362636566,0.998892605304718,0.40741971135139465
YJR002W,YFL003C,0,,0.1968572735786438,0.998892605304718,0.40753045678138733
YDL092W,YMR060C,0,,0.19681431353092194,0.998892605304718,0.40764120221138
YPL060C-A,YPR058W,0,,0.19677138328552246,0.998892605304718,0.4077519476413727
YPL242C,YGL013C,0,,0.19672846794128418,0.998892605304718,0.40786269307136536
YBR056W,YKL127W,0,,0.1966855674982071,0.998892605304718,0.40797340869903564
YOR198C,YOR303W,0,,0.1966426819562912,0.998892605304718,0.4080841541290283
YKL025C,YBR293W,0,,0.1965998262166977,0.998892605304718,0.408194899559021
YNL305C,YGR065C,0,,0.19655698537826538,0.998892605304718,0.40830564498901367
YDR365W-B,YOR178C,0,,0.19651415944099426,0.998892605304718,0.40841639041900635
YIR013C,YBL009W,0,,0.19647136330604553,0.998892605304718,0.408527135848999
YLR408C,YGL153W,0,,0.1964285671710968,0.998892605304718,0.4086378812789917
YCR067C,YOR339C,0,,0.19638580083847046,0.998892605304718,0.4087486267089844
YLR157C-B,YBR068C,0,,0.1963430494070053,0.998892605304718,0.40885937213897705
YDR058C,YNL134C,0,,0.19630032777786255,0.998892605304718,0.40897008776664734
YPL128C,YDR210W-A,0,,0.19625762104988098,0.998892605304718,0.40908083319664
YBR126C,YCR089W,0,,0.1962149292230606,0.998892605304718,0.4091915786266327
YEL063C,YDL168W,0,,0.19617225229740143,0.998892605304718,0.40930232405662537
YCL038C,YPL270W,0,,0.19612959027290344,0.998892605304718,0.40941306948661804
YKR042W,YML010W,0,,0.19608695805072784,0.998892605304718,0.4095238149166107
YGR277C,YPL128C,0,,0.19604434072971344,0.998892605304718,0.4096345603466034
YNL222W,YMR134W,0,,0.19600173830986023,0.998892605304718,0.40974530577659607
YKR024C,YGR065C,0,,0.1959591507911682,0.998892605304718,0.40985602140426636
YEL046C,YIR028W,0,,0.19591659307479858,0.998892605304718,0.40996676683425903
YJL177W,YDR143C,0,,0.19587405025959015,0.998892605304718,0.4100775122642517
YBR234C,YOL113W,0,,0.1958315223455429,0.998892605304718,0.4101882576942444
YHR050W,YKR042W,0,,0.19578900933265686,0.998892605304718,0.41029900312423706
YPL032C,YMR231W,0,,0.1957465261220932,0.998892605304718,0.41040974855422974
YGL124C,YBL003C,0,,0.19570405781269073,0.998892605304718,0.4105204939842224
YBR132C,YLR256W,0,,0.19566160440444946,0.998892605304718,0.4106312394142151
YLR077W,YER122C,0,,0.19561916589736938,0.998892605304718,0.41074198484420776
YDR261C-C,YHR019C,0,,0.1955767571926117,0.998892605304718,0.41085270047187805
YDL181W,YPL181W,0,,0.1955343633890152,0.998892605304718,0.4109634459018707
YGL134W,YDL092W,0,,0.1954919844865799,0.998892605304718,0.4110741913318634
YHL002W,YDL132W,0,,0.1954496204853058,0.998892605304718,0.4111849367618561
YOL097C,YDR338C,0,,0.19540728628635406,0.998892605304718,0.41129568219184875
YLR308W,YBL019W,0,,0.19536495208740234,0.998892605304718,0.41140642762184143
YLR035C,YPL266W,0,,0.195322647690773,0.998892605304718,0.4115171730518341
YGR287C,YMR047C,0,,0.19528035819530487,0.998892605304718,0.4116279184818268
YFR042W,YHR166C,0,,0.19523809850215912,0.998892605304718,0.41173863410949707
YDR214W,YCR027C,0,,0.19519583880901337,0.998892605304718,0.41184937953948975
YGL099W,YDL020C,0,,0.19515360891819,0.998892605304718,0.4119601249694824
YAR050W,YER011W,0,,0.19511139392852783,0.998892605304718,0.4120708703994751
YLR035C,YJR017C,0,,0.19506920874118805,0.998892605304718,0.4121816158294678
YNL299W,YLR319C,0,,0.19502702355384827,0.998892605304718,0.41229236125946045
YLR136C,YMR167W,0,,0.19498486816883087,0.998892605304718,0.4124031066894531
YMR236W,YCR023C,0,,0.19494272768497467,0.998892605304718,0.4125138521194458
YCR067C,YHR143W-A,0,,0.19490060210227966,0.998892605304718,0.4126245975494385
YNL090W,YMR280C,0,,0.19485850632190704,0.998892605304718,0.41273531317710876
YCL038C,YDR522C,0,,0.19481641054153442,0.998892605304718,0.41284605860710144
YJL209W,YDR541C,0,,0.1947743445634842,0.998892605304718,0.4129568040370941
YKL113C,YBL105C,0,,0.19473229348659515,0.998892605304718,0.4130675494670868
YDR163W,YIL065C,0,,0.1946902722120285,0.998892605304718,0.41317829489707947
YPL152W,YLL052C,0,,0.19464825093746185,0.998892605304718,0.41328904032707214
YPR121W,YLR089C,0,,0.1946062594652176,0.998892605304718,0.4133997857570648
YLR205C,YGL086W,0,,0.19456428289413452,0.998892605304718,0.4135105311870575
YGR166W,YDR186C,0,,0.19452232122421265,0.998892605304718,0.41362127661705017
YBR098W,YBL009W,0,,0.19448037445545197,0.998892605304718,0.41373199224472046
YPL047W,YOR149C,0,,0.19443845748901367,0.998892605304718,0.41384273767471313
YJL063C,YPL086C,0,,0.19439655542373657,0.998892605304718,0.4139534831047058
YHR107C,YJL203W,0,,0.19435466825962067,0.998892605304718,0.4140642285346985
YGR059W,YNR036C,0,,0.19431279599666595,0.998892605304718,0.41417497396469116
YLR132C,YDL049C,0,,0.19427093863487244,0.998892605304718,0.41428571939468384
YLR205C,YPL015C,0,,0.1942291110754013,0.998892605304718,0.4143964648246765
YER021W,YGR289C,0,,0.19418729841709137,0.998892605304718,0.4145072102546692
YLR034C,YHR072W-A,0,,0.19414550065994263,0.998892605304718,0.4146179258823395
YJL091C,YIL114C,0,,0.19410371780395508,0.998892605304718,0.41472867131233215
YLR332W,YDR302W,0,,0.19406196475028992,0.998892605304718,0.41483941674232483
YLR372W,YPR079W,0,,0.19402022659778595,0.998892605304718,0.4149501621723175
YMR030W,YOR130C,0,,0.19397848844528198,0.998892605304718,0.4150609076023102
YDR184C,YLL052C,0,,0.1939367949962616,0.998892605304718,0.41517165303230286
YGL121C,YKL148C,0,,0.1938951015472412,0.998892605304718,0.41528239846229553
YNR054C,YOR360C,0,,0.19385342299938202,0.998892605304718,0.4153931438922882
YLR262C,YCR089W,0,,0.19381177425384521,0.998892605304718,0.4155038893222809
YKL137W,YGR140W,0,,0.1937701404094696,0.998892605304718,0.41561460494995117
YKL049C,YPL190C,0,,0.1937285214662552,0.998892605304718,0.41572535037994385
YDL002C,YPL275W,0,,0.19368691742420197,0.998892605304718,0.4158360958099365
YOR149C,YDR446W,0,,0.19364534318447113,0.998892605304718,0.4159468412399292
YGL250W,YDR480W,0,,0.1936037838459015,0.998892605304718,0.4160575866699219
YIR022W,YHR045W,0,,0.19356222450733185,0.998892605304718,0.41616833209991455
YGR198W,YOR298C-A,0,,0.1935207098722458,0.998892605304718,0.4162790775299072
YKL163W,YLR275W,0,,0.19347919523715973,0.998892605304718,0.4163898229598999
YDR261C-C,YDL155W,0,,0.19343769550323486,0.998892605304718,0.4165005683898926
YMR190C,YDR266C,0,,0.19339622557163239,0.998892605304718,0.41661128401756287
YGL208W,YGL160W,0,,0.1933547705411911,0.998892605304718,0.41672202944755554
YPL217C,YEL009C,0,,0.193313330411911,0.998892605304718,0.4168327748775482
YDR153C,YEL042W,0,,0.19327190518379211,0.998892605304718,0.4169435203075409
YLR225C,YML126C,0,,0.1932305097579956,0.998892605304718,0.41705426573753357
YGR059W,YOR362C,0,,0.1931891143321991,0.998892605304718,0.41716501116752625
YOR030W,YML065W,0,,0.19314774870872498,0.998892605304718,0.4172757565975189
YLR013W,YMR170C,0,,0.19310639798641205,0.998892605304718,0.4173865020275116
YHR062C,YDR480W,0,,0.19306506216526031,0.998892605304718,0.4174972176551819
YIL010W,YPL008W,0,,0.19302375614643097,0.998892605304718,0.41760796308517456
YJL151C,YML110C,0,,0.19298245012760162,0.998892605304718,0.41771870851516724
YHR178W,YGR013W,0,,0.19294117391109467,0.998892605304718,0.4178294539451599
YLR157C-B,YGL011C,0,,0.1928999125957489,0.998892605304718,0.4179401993751526
YDR346C,YBL105C,0,,0.19285866618156433,0.998892605304718,0.41805094480514526
YOL044W,YGR027W-A,0,,0.19281744956970215,0.998892605304718,0.41816169023513794
YGL224C,YBR298C,0,,0.19277623295783997,0.998892605304718,0.4182724356651306
YHR188C,YMR030W,0,,0.19273504614830017,0.998892605304718,0.4183831810951233
YDL052C,YGL210W-A,0,,0.19269387423992157,0.998892605304718,0.4184938967227936
YPR151C,YMR161W,0,,0.19265271723270416,0.998892605304718,0.41860464215278625
YMR068W,YBR044C,0,,0.19261157512664795,0.998892605304718,0.41871538758277893
YPL012W,YMR271C,0,,0.19257044792175293,0.998892605304718,0.4188261330127716
YBL036C,YGL038C,0,,0.1925293505191803,0.998892605304718,0.4189368784427643
YBR235W,YGR109C,0,,0.19248826801776886,0.998892605304718,0.41904762387275696
YFL008W,YPR004C,0,,0.19244720041751862,0.998892605304718,0.41915836930274963
YOR118W,YNL265C,0,,0.19240614771842957,0.998892605304718,0.4192691147327423
YKL113C,YER048C,0,,0.1923651099205017,0.998892605304718,0.4193798303604126
YHR079C-A,YBR239C,0,,0.19232408702373505,0.998892605304718,0.4194905757904053
YOR017W,YOR077W,0,,0.19228309392929077,0.998892605304718,0.41960132122039795
YDR338C,YLR399C,0,,0.1922421157360077,0.998892605304718,0.4197120666503906
YLR368W,YLL052C,0,,0.1922011524438858,0.998892605304718,0.4198228120803833
YHR191C,YPL086C,0,,0.1921602040529251,0.998892605304718,0.419933557510376
YGR148C,YBL018C,0,,0.1921192705631256,0.998892605304718,0.42004430294036865
YKL027W,YNL299W,0,,0.1920783668756485,0.998892605304718,0.42015504837036133
YOR128C,YAR071W,0,,0.19203747808933258,0.998892605304718,0.420265793800354
YGR028W,YDR258C,0,,0.19199658930301666,0.998892605304718,0.4203765094280243
YIL131C,YOR245C,0,,0.19195573031902313,0.998892605304718,0.42048725485801697
YKL137W,YER172C,0,,0.1919148862361908,0.998892605304718,0.42059800028800964
YML038C,YHR032W,0,,0.19187407195568085,0.998892605304718,0.4207087457180023
YGR284C,YOL077W-A,0,,0.1918332576751709,0.998892605304718,0.420819491147995
YNR026C,YER054C,0,,0.19179247319698334,0.998892605304718,0.42093023657798767
YJL050W,YOR298C-A,0,,0.19175170361995697,0.998892605304718,0.42104098200798035
YBL036C,YBR139W,0,,0.1917109489440918,0.998892605304718,0.421151727437973
YKL091C,YJL010C,0,,0.19167020916938782,0.998892605304718,0.4212624728679657
YCL045C,YBR044C,0,,0.19162948429584503,0.998892605304718,0.421373188495636
YOR190W,YDL010W,0,,0.19158878922462463,0.998892605304718,0.42148393392562866
YNL257C,YPR082C,0,,0.19154809415340424,0.998892605304718,0.42159467935562134
YBR171W,YIL122W,0,,0.19150742888450623,0.998892605304718,0.421705424785614
YCL040W,YNL014W,0,,0.1914667785167694,0.998892605304718,0.4218161702156067
YGL086W,YJR007W,0,,0.1914261430501938,0.998892605304718,0.42192691564559937
YNL312W,YPL265W,0,,0.19138552248477936,0.998892605304718,0.42203766107559204
YGR027W-A,YOR073W,0,,0.19134493172168732,0.998892605304718,0.4221484065055847
YLR272C,YDR258C,0,,0.19130434095859528,0.998892605304718,0.422259122133255
YPR101W,YOR307C,0,,0.19126377999782562,0.998892605304718,0.4223698675632477
YPL266W,YLR308W,0,,0.19122323393821716,0.998892605304718,0.42248061299324036
YAL005C,YJL111W,0,,0.1911827027797699,0.998892605304718,0.42259135842323303
YLR272C,YJR044C,0,,0.19114218652248383,0.998892605304718,0.4227021038532257
YLL052C,YGR206W,0,,0.19110170006752014,0.998892605304718,0.4228128492832184
YOR362C,YEL026W,0,,0.19106121361255646,0.998892605304718,0.42292359471321106
YNR023W,YDR143C,0,,0.19102075695991516,0.998892605304718,0.42303434014320374
YBR152W,YBR139W,0,,0.19098031520843506,0.998892605304718,0.4231450855731964
YBR102C,YLR229C,0,,0.19093988835811615,0.998892605304718,0.4232558012008667
YML123C,YER160C,0,,0.19089947640895844,0.998892605304718,0.4233665466308594
YJL018W,YKL035W,0,,0.19085907936096191,0.998892605304718,0.42347729206085205
YHR123W,YPL012W,0,,0.1908186972141266,0.998892605304718,0.4235880374908447
YPL164C,YMR167W,0,,0.19077834486961365,0.998892605304718,0.4236987829208374
YFL053W,YOR197W,0,,0.1907379925251007,0.998892605304718,0.4238095283508301
YDR214W,YLR013W,0,,0.19069766998291016,0.998892605304718,0.42392027378082275
YDL178W,YIR010W,0,,0.1906573623418808,0.998892605304718,0.42403101921081543
YGL131C,YPL270W,0,,0.19061706960201263,0.998892605304718,0.4241417348384857
YNL315C,YLR336C,0,,0.19057680666446686,0.998892605304718,0.4242524802684784
YKR080W,YMR121C,0,,0.19053654372692108,0.998892605304718,0.42436322569847107
YJL151C,YKR042W,0,,0.1904963105916977,0.998892605304718,0.42447397112846375
YMR029C,YOR171C,0,,0.1904560774564743,0.998892605304718,0.4245847165584564
YJR002W,YBR104W,0,,0.1904158741235733,0.998892605304718,0.4246954619884491
YDR214W,YFL034C-A,0,,0.1903756856918335,0.998892605304718,0.4248062074184418
YDR097C,YNR069C,0,,0.19033551216125488,0.998892605304718,0.42491695284843445
YJL042W,YPL045W,0,,0.19029535353183746,0.998892605304718,0.4250276982784271
YOR321W,YNL014W,0,,0.19025522470474243,0.998892605304718,0.4251384139060974
YJR099W,YPR181C,0,,0.1902150958776474,0.998892605304718,0.4252491593360901
YDL153C,YJR152W,0,,0.19017499685287476,0.998892605304718,0.42535990476608276
YHR019C,YIL065C,0,,0.1901349127292633,0.998892605304718,0.42547065019607544
YGL145W,YGR289C,0,,0.19009484350681305,0.998892605304718,0.4255813956260681
YKR029C,YBR008C,0,,0.190054789185524,0.998892605304718,0.4256921410560608
YHR083W,YKL148C,0,,0.19001474976539612,0.998892605304718,0.42580288648605347
YNL124W,YOR214C,0,,0.18997472524642944,0.998892605304718,0.42591363191604614
YCR066W,YHL018W,0,,0.18993473052978516,0.998892605304718,0.4260243773460388
YBR161W,YMR268C,0,,0.18989473581314087,0.998892605304718,0.4261350929737091
YBL002W,YER170W,0,,0.18985477089881897,0.998892605304718,0.4262458384037018
YKL046C,YLR110C,0,,0.18981482088565826,0.998892605304718,0.42635658383369446
YHR091C,YNR039C,0,,0.18977488577365875,0.998892605304718,0.42646732926368713
YPL023C,YMR052W,0,,0.18973496556282043,0.998892605304718,0.4265780746936798
YGL023C,YML069W,0,,0.1896950602531433,0.998892605304718,0.4266888201236725
YNL002C,YDR519W,0,,0.18965516984462738,0.998892605304718,0.42679956555366516
YDL232W,YDL239C,0,,0.18961530923843384,0.998892605304718,0.42691031098365784
YDL155W,YKR045C,0,,0.1895754486322403,0.998892605304718,0.4270210266113281
YHR003C,YJL076W,0,,0.18953561782836914,0.998892605304718,0.4271317720413208
YGR038W,YHR042W,0,,0.18949580192565918,0.998892605304718,0.4272425174713135
YNL222W,YGL179C,0,,0.1894560009241104,0.998892605304718,0.42735326290130615
YML126C,YDR363W,0,,0.18941621482372284,0.998892605304718,0.42746400833129883
YER001W,YLL010C,0,,0.18937644362449646,0.998892605304718,0.4275747537612915
YIL067C,YLR341W,0,,0.18933668732643127,0.998892605304718,0.4276854991912842
YNL088W,YBR293W,0,,0.18929696083068848,0.998892605304718,0.42779624462127686
YKL221W,YDL161W,0,,0.18925723433494568,0.998892605304718,0.42790699005126953
YHR079C-A,YNL241C,0,,0.18921753764152527,0.998892605304718,0.4280177056789398
YDR142C,YDR538W,0,,0.18917785584926605,0.998892605304718,0.4281284511089325
YCR034W,YDL239C,0,,0.18913818895816803,0.998892605304718,0.42823919653892517
YOR130C,YNL265C,0,,0.1890985369682312,0.998892605304718,0.42834994196891785
YCR073C,YPR033C,0,,0.18905889987945557,0.998892605304718,0.4284606873989105
YJL209W,YPR065W,0,,0.18901927769184113,0.998892605304718,0.4285714328289032
YDL214C,YHR043C,0,,0.18897967040538788,0.998892605304718,0.4286821782588959
YDL194W,YKL073W,0,,0.18894009292125702,0.998892605304718,0.42879292368888855
YML022W,YPL046C,0,,0.18890053033828735,0.998892605304718,0.4289036691188812
YKL127W,YNL225C,0,,0.1888609677553177,0.998892605304718,0.4290143847465515
YOR190W,YBR110W,0,,0.1888214349746704,0.998892605304718,0.4291251301765442
YPR101W,YBR106W,0,,0.18878191709518433,0.998892605304718,0.42923587560653687
YGL131C,YHR062C,0,,0.18874241411685944,0.998892605304718,0.42934662103652954
YJR007W,YDR331W,0,,0.18870292603969574,0.998892605304718,0.4294573664665222
YJR161C,YER170W,0,,0.18866345286369324,0.998892605304718,0.4295681118965149
YER146W,YJR137C,0,,0.18862400949001312,0.998892605304718,0.42967885732650757
YKL146W,YPL020C,0,,0.188584566116333,0.998892605304718,0.42978960275650024
YPL008W,YPL066W,0,,0.18854515254497528,0.998892605304718,0.42990031838417053
YHR072W,YLR155C,0,,0.18850575387477875,0.998892605304718,0.4300110638141632
YNL069C,YNL169C,0,,0.18846635520458221,0.998892605304718,0.4301218092441559
YHR123W,YDR267C,0,,0.18842698633670807,0.998892605304718,0.43023255467414856
YNL071W,YDL159W,0,,0.18838763236999512,0.998892605304718,0.43034330010414124
YDL049C,YLR399C,0,,0.18834829330444336,0.998892605304718,0.4304540455341339
YER069W,YKL107W,0,,0.188308984041214,0.998892605304718,0.4305647909641266
YJR090C,YER160C,0,,0.18826967477798462,0.998892605304718,0.43067553639411926
YHR112C,YOR073W,0,,0.18823038041591644,0.998892605304718,0.43078628182411194
YLR242C,YDR432W,0,,0.18819111585617065,0.998892605304718,0.4308969974517822
YMR135C,YNL075W,0,,0.18815185129642487,0.998892605304718,0.4310077428817749
YPR075C,YEL020C,0,,0.18811261653900146,0.998892605304718,0.4311184883117676
YCR068W,YLR095C,0,,0.18807339668273926,0.998892605304718,0.43122923374176025
YDL079C,YOR022C,0,,0.18803419172763824,0.998892605304718,0.43133997917175293
YNL209W,YJR014W,0,,0.18799500167369843,0.998892605304718,0.4314507246017456
YAL032C,YOR198C,0,,0.1879558265209198,0.998892605304718,0.4315614700317383
YOR115C,YNL336W,0,,0.18791666626930237,0.998892605304718,0.43167221546173096
YIR033W,YKR042W,0,,0.18787752091884613,0.998892605304718,0.43178293108940125
YOL110W,YHR016C,0,,0.18783840537071228,0.998892605304718,0.4318936765193939
YPL045W,YJR017C,0,,0.18779928982257843,0.998892605304718,0.4320044219493866
YLR410W,YPL162C,0,,0.18776020407676697,0.998892605304718,0.4321151673793793
YDR519W,YJR067C,0,,0.1877211183309555,0.998892605304718,0.43222591280937195
YGR049W,YKL221W,0,,0.18768206238746643,0.998892605304718,0.4323366582393646
YHR112C,YGR278W,0,,0.18764302134513855,0.998892605304718,0.4324474036693573
YML111W,YLR119W,0,,0.18760399520397186,0.998892605304718,0.43255814909935
YBR265W,YLR308W,0,,0.18756498396396637,0.998892605304718,0.43266889452934265
YDR016C,YLR393W,0,,0.18752598762512207,0.998892605304718,0.43277961015701294
YPL023C,YBL101C,0,,0.18748700618743896,0.998892605304718,0.4328903555870056
YHL018W,YIL040W,0,,0.18744803965091705,0.998892605304718,0.4330011010169983
YHR104W,YKL018W,0,,0.18740910291671753,0.998892605304718,0.43311184644699097
YDR191W,YOR245C,0,,0.187370166182518,0.998892605304718,0.43322259187698364
YHR091C,YBL071W-A,0,,0.18733125925064087,0.998892605304718,0.4333333373069763
YFL009W,YHR016C,0,,0.18729235231876373,0.998892605304718,0.433444082736969
YNL229C,YER001W,0,,0.18725347518920898,0.998892605304718,0.43355482816696167
YML029W,YLR424W,0,,0.18721461296081543,0.998892605304718,0.43366557359695435
YDL232W,YBL066C,0,,0.18717576563358307,0.998892605304718,0.43377628922462463
YOR140W,YDR206W,0,,0.1871369332075119,0.998892605304718,0.4338870346546173
YDR163W,YNL047C,0,,0.18709811568260193,0.998892605304718,0.43399778008461
YEL055C,YKL012W,0,,0.18705931305885315,0.998892605304718,0.43410852551460266
YIR021W,YBR083W,0,,0.18702052533626556,0.998892605304718,0.43421927094459534
YBL067C,YPL249C,0,,0.18698175251483917,0.998892605304718,0.434330016374588
YGR125W,YGL032C,0,,0.18694300949573517,0.998892605304718,0.4344407618045807
YDR432W,YKL120W,0,,0.18690426647663116,0.998892605304718,0.43455150723457336
YNL090W,YEL047C,0,,0.18686555325984955,0.998892605304718,0.43466222286224365
YPR151C,YLR275W,0,,0.18682684004306793,0.998892605304718,0.43477296829223633
YPR151C,YDL239C,0,,0.1867881566286087,0.998892605304718,0.434883713722229
YHR121W,YHR062C,0,,0.18674948811531067,0.998892605304718,0.4349944591522217
YJR105W,YDL066W,0,,0.18671081960201263,0.998892605304718,0.43510520458221436
YDR216W,YPL066W,0,,0.186672180891037,0.998892605304718,0.43521595001220703
YML130C,YOL060C,0,,0.18663355708122253,0.998892605304718,0.4353266954421997
YNL124W,YJL100W,0,,0.18659494817256927,0.998892605304718,0.4354374408721924
YML066C,YDR216W,0,,0.1865563541650772,0.998892605304718,0.43554818630218506
YJR047C,YDR143C,0,,0.18651778995990753,0.998892605304718,0.43565890192985535
YCR024C-A,YPL108W,0,,0.18647922575473785,0.998892605304718,0.435769647359848
YKL046C,YOR035C,0,,0.18644067645072937,0.998892605304718,0.4358803927898407
YGL121C,YER075C,0,,0.18640214204788208,0.998892605304718,0.4359911382198334
YHR019C,YDR258C,0,,0.18636363744735718,0.998892605304718,0.43610188364982605
YLR222C,YDR079C-A,0,,0.18632513284683228,0.998892605304718,0.4362126290798187
YER065C,YKL092C,0,,0.18628665804862976,0.998892605304718,0.4363233745098114
YGL166W,YNL224C,0,,0.18624819815158844,0.998892605304718,0.4364341199398041
YKR067W,YPL108W,0,,0.18620973825454712,0.998892605304718,0.43654486536979675
YBR200W,YHR045W,0,,0.18617130815982819,0.998892605304718,0.43665558099746704
YML019W,YLR178C,0,,0.18613289296627045,0.998892605304718,0.4367663264274597
YGR157W,YKL216W,0,,0.1860944926738739,0.998892605304718,0.4368770718574524
YHR039C,YPL181W,0,,0.18605610728263855,0.998892605304718,0.43698781728744507
YIR022W,YDR043C,0,,0.1860177367925644,0.998892605304718,0.43709856271743774
YKL176C,YDR266C,0,,0.18597938120365143,0.998892605304718,0.4372093081474304
YBL002W,YDR293C,0,,0.18594104051589966,0.998892605304718,0.4373200535774231
YMR263W,YJR067C,0,,0.18590271472930908,0.998892605304718,0.43743079900741577
YLR070C,YER122C,0,,0.1858644187450409,0.998892605304718,0.43754151463508606
YBR253W,YBL045C,0,,0.1858261227607727,0.998892605304718,0.43765226006507874
YIL063C,YBR136W,0,,0.1857878416776657,0.998892605304718,0.4377630054950714
YJL002C,YGR280C,0,,0.1857495903968811,0.998892605304718,0.4378737509250641
YBR186W,YPL230W,0,,0.1857113391160965,0.998892605304718,0.43798449635505676
YDR462W,YML093W,0,,0.18567311763763428,0.998892605304718,0.43809524178504944
YBR084C-A,YEL046C,0,,0.18563491106033325,0.998892605304718,0.4382059872150421
YNL148C,YKR042W,0,,0.18559670448303223,0.998892605304718,0.4383167326450348
YDR225W,YNR049C,0,,0.1855585277080536,0.998892605304718,0.43842747807502747
YJL209W,YBL099W,0,,0.18552036583423615,0.998892605304718,0.43853819370269775
YDR261C-C,YLR003C,0,,0.1854822188615799,0.998892605304718,0.43864893913269043
YPR052C,YCR097W,0,,0.18544407188892365,0.998892605304718,0.4387596845626831
YNL053W,YKL216W,0,,0.18540595471858978,0.998892605304718,0.4388704299926758
YBR201W,YPL008W,0,,0.18536785244941711,0.998892605304718,0.43898117542266846
YPL212C,YBL097W,0,,0.18532976508140564,0.998892605304718,0.43909192085266113
YPR082C,YLR148W,0,,0.18529170751571655,0.998892605304718,0.4392026662826538
YNL312W,YFL034C-A,0,,0.18525364995002747,0.998892605304718,0.4393134117126465
YML038C,YGR140W,0,,0.18521560728549957,0.998892605304718,0.4394241273403168
YDR216W,YPR065W,0,,0.18517757952213287,0.998892605304718,0.43953487277030945
YIR022W,YOL068C,0,,0.18513956665992737,0.998892605304718,0.4396456182003021
YLR240W,YHR123W,0,,0.18510158360004425,0.998892605304718,0.4397563636302948
YGL134W,YBR215W,0,,0.18506360054016113,0.998892605304718,0.4398671090602875
YDR314C,YOR312C,0,,0.1850256472826004,0.998892605304718,0.43997785449028015
YDL004W,YDL161W,0,,0.18498769402503967,0.998892605304718,0.4400885999202728
YOR196C,YOR198C,0,,0.18494977056980133,0.998892605304718,0.4401993453502655
YNL148C,YBL009W,0,,0.184911847114563,0.998892605304718,0.4403100907802582
YBR057C,YGR207C,0,,0.18487395346164703,0.998892605304718,0.44042080640792847
YGL224C,YOR343C-B,0,,0.18483605980873108,0.998892605304718,0.44053155183792114
YCL019W,YNL270C,0,,0.1847981959581375,0.998892605304718,0.4406422972679138
YIR028W,YNL113W,0,,0.18476034700870514,0.998892605304718,0.4407530426979065
YCL019W,YPR052C,0,,0.18472251296043396,0.998892605304718,0.44086378812789917
YNL336W,YBR044C,0,,0.18468467891216278,0.998892605304718,0.44097453355789185
YLR071C,YER073W,0,,0.184646874666214,0.998892605304718,0.4410852789878845
YLR262C,YBR216C,0,,0.1846090853214264,0.998892605304718,0.4411960244178772
YDL232W,YBR203W,0,,0.1845713108778,0.998892605304718,0.4413067698478699
YDR058C,YPL005W,0,,0.18453355133533478,0.998892605304718,0.44141748547554016
YBR253W,YCL011C,0,,0.18449580669403076,0.998892605304718,0.44152823090553284
YEL026W,YGL012W,0,,0.18445807695388794,0.998892605304718,0.4416389763355255
YIR007W,YML058W,0,,0.1844203621149063,0.998892605304718,0.4417497217655182
YDR084C,YFL022C,0,,0.18438266217708588,0.998892605304718,0.44186046719551086
YKL086W,YLR342W,0,,0.18434497714042664,0.998892605304718,0.44197121262550354
YBR235W,YDR198C,0,,0.18430732190608978,0.998892605304718,0.4420819580554962
YOR362C,YGL145W,0,,0.18426966667175293,0.998892605304718,0.4421927034854889
YJR159W,YEL026W,0,,0.18423202633857727,0.998892605304718,0.4423034191131592
YMR164C,YOR307C,0,,0.1841944009065628,0.998892605304718,0.44241416454315186
YPR151C,YDR267C,0,,0.18415680527687073,0.998892605304718,0.44252490997314453
YDR339C,YJL076W,0,,0.18411920964717865,0.998892605304718,0.4426356554031372
YDL020C,YJR093C,0,,0.18408162891864777,0.998892605304718,0.4427464008331299
YAR071W,YER094C,0,,0.18404407799243927,0.998892605304718,0.44285714626312256
YER118C,YNL014W,0,,0.18400652706623077,0.998892605304718,0.44296789169311523
YNL005C,YOR343C-B,0,,0.18396900594234467,0.998892605304718,0.4430786371231079
YFL055W,YOR088W,0,,0.18393148481845856,0.998892605304718,0.4431893825531006
YMR293C,YCR068W,0,,0.18389397859573364,0.998892605304718,0.4433000981807709
YJR047C,YGL179C,0,,0.18385650217533112,0.998892605304718,0.44341084361076355
YBR217W,YLR077W,0,,0.18381904065608978,0.998892605304718,0.4435215890407562
YDR156W,YOR003W,0,,0.18378157913684845,0.998892605304718,0.4436323344707489
YER021W,YKR001C,0,,0.1837441474199295,0.998892605304718,0.4437430799007416
YHR107C,YJR007W,0,,0.18370671570301056,0.998892605304718,0.44385382533073425
YDL155W,YGR198W,0,,0.183669313788414,0.998892605304718,0.44396457076072693
YDR084C,YBR236C,0,,0.18363192677497864,0.998892605304718,0.4440753161907196
YDR354W,YDL236W,0,,0.18359453976154327,0.998892605304718,0.4441860318183899
YPL032C,YOR256C,0,,0.1835571825504303,0.998892605304718,0.44429677724838257
YMR021C,YLR242C,0,,0.18351984024047852,0.998892605304718,0.44440752267837524
YFL050C,YFR004W,0,,0.18348251283168793,0.998892605304718,0.4445182681083679
YDR210W-D,YGL012W,0,,0.18344518542289734,0.998892605304718,0.4446290135383606
YDR524C-B,YAL047C,0,,0.18340788781642914,0.998892605304718,0.44473975896835327
YMR119W,YPR009W,0,,0.18337060511112213,0.998892605304718,0.44485050439834595
YDL079C,YDR208W,0,,0.18333333730697632,0.998892605304718,0.4449612498283386
YER003C,YFL034C-B,0,,0.1832960844039917,0.998892605304718,0.4450719952583313
YDR408C,YPR124W,0,,0.18325883150100708,0.998892605304718,0.4451827108860016
YNL002C,YLR205C,0,,0.18322160840034485,0.998892605304718,0.44529345631599426
YLR027C,YML111W,0,,0.1831844002008438,0.998892605304718,0.44540420174598694
YJL111W,YIL067C,0,,0.18314720690250397,0.998892605304718,0.4455149471759796
YCR008W,YER075C,0,,0.18311002850532532,0.998892605304718,0.4456256926059723
YPL236C,YCL030C,0,,0.18307286500930786,0.998892605304718,0.44573643803596497
YDL178W,YDR258C,0,,0.1830357164144516,0.998892605304718,0.44584718346595764
YDR016C,YLR133W,0,,0.18299858272075653,0.998892605304718,0.4459579288959503
YNR063W,YLR399C,0,,0.18296146392822266,0.998892605304718,0.446068674325943
YDL194W,YKL184W,0,,0.18292436003684998,0.998892605304718,0.4461793899536133
YOR094W,YHR166C,0,,0.1828872710466385,0.998892605304718,0.44629013538360596
YNL252C,YOR073W,0,,0.1828501969575882,0.998892605304718,0.44640088081359863
YHR112C,YIL023C,0,,0.1828131377696991,0.998892605304718,0.4465116262435913
YOR094W,YDR210W,0,,0.1827760934829712,0.998892605304718,0.446622371673584
YMR011W,YOR173W,0,,0.18273906409740448,0.998892605304718,0.44673311710357666
YCL040W,YBR056W,0,,0.18270204961299896,0.998892605304718,0.44684386253356934
YLR242C,YNL047C,0,,0.18266505002975464,0.998892605304718,0.446954607963562
YDR162C,YHR042W,0,,0.1826280653476715,0.998892605304718,0.4470653235912323
YPL256C,YHR121W,0,,0.18259109556674957,0.998892605304718,0.447176069021225
YOR190W,YGR277C,0,,0.18255414068698883,0.998892605304718,0.44728681445121765
YGR183C,YIL168W,0,,0.18251720070838928,0.998892605304718,0.4473975598812103
YPL047W,YIL010W,0,,0.18248027563095093,0.998892605304718,0.447508305311203
YFL018C,YLR256W,0,,0.18244336545467377,0.998892605304718,0.4476190507411957
YIL065C,YBL009W,0,,0.1824064701795578,0.998892605304718,0.44772979617118835
YDR394W,YPL249C,0,,0.18236958980560303,0.998892605304718,0.44784054160118103
YER166W,YGR206W,0,,0.18233272433280945,0.998892605304718,0.4479512870311737
YGR108W,YGL055W,0,,0.18229587376117706,0.998892605304718,0.448062002658844
YBL006C,YGL020C,0,,0.18225903809070587,0.998892605304718,0.44817274808883667
YJR129C,YOR077W,0,,0.18222221732139587,0.998892605304718,0.44828349351882935
YPL246C,YGL207W,0,,0.18218541145324707,0.998892605304718,0.448394238948822
YBL036C,YBR154C,0,,0.18214862048625946,0.998892605304718,0.4485049843788147
YOL097C,YML038C,0,,0.18211184442043304,0.998892605304718,0.4486157298088074
YBL006C,YJL203W,0,,0.18207509815692902,0.998892605304718,0.44872647523880005
YIL105C,YDR484W,0,,0.182038351893425,0.998892605304718,0.4488372206687927
YJL113W,YGL012W,0,,0.18200162053108215,0.998892605304718,0.4489479660987854
YGR038C-A,YOL041C,0,,0.1819649040699005,0.998892605304718,0.4490586817264557
YGR074W,YNL220W,0,,0.18192820250988007,0.998892605304718,0.44916942715644836
YJL042W,YDR307W,0,,0.1818915158510208,0.998892605304718,0.44928017258644104
YAR003W,YOR336W,0,,0.18185484409332275,0.998892605304718,0.4493909180164337
YIL157C,YML072C,0,,0.1818181872367859,0.998892605304718,0.4495016634464264
YOR229W,YBL018C,0,,0.18178154528141022,0.998892605304718,0.44961240887641907
YKL092C,YOR343C-B,0,,0.18174491822719574,0.998892605304718,0.44972315430641174
YPL217C,YFL018C,0,,0.18170830607414246,0.998892605304718,0.4498338997364044
YDL178W,YDL066W,0,,0.18167170882225037,0.998892605304718,0.4499446153640747
YER118C,YML007W,0,,0.18163511157035828,0.998892605304718,0.4500553607940674
YCL019W,YKR018C,0,,0.18159854412078857,0.998892605304718,0.45016610622406006
YMR236W,YIL067C,0,,0.18156199157238007,0.998892605304718,0.45027685165405273
YHR104W,YPR052C,0,,0.18152545392513275,0.998892605304718,0.4503875970840454
YDL002C,YML069W,0,,0.18148893117904663,0.998892605304718,0.4504983425140381
YKL071W,YGL020C,0,,0.1814524233341217,0.998892605304718,0.45060908794403076
YLR410W,YLL039C,0,,0.18141593039035797,0.998892605304718,0.45071983337402344
YKR010C,YNL067W,0,,0.18137945234775543,0.998892605304718,0.4508305788040161
YDR489W,YPL046C,0,,0.1813429892063141,0.998892605304718,0.4509412944316864
YNL209W,YLR022C,0,,0.18130652606487274,0.998892605304718,0.4510520398616791
YPL069C,YFL002C,0,,0.18127009272575378,0.998892605304718,0.45116278529167175
YPL241C,YMR024W,0,,0.18123367428779602,0.998892605304718,0.45127353072166443
YDR311W,YKR039W,0,,0.18119727075099945,0.998892605304718,0.4513842761516571
YJL042W,YEL055C,0,,0.18116088211536407,0.998892605304718,0.4514950215816498
YLR132C,YPL029W,0,,0.1811244934797287,0.998892605304718,0.45160576701164246
YPR121W,YJL076W,0,,0.1810881346464157,0.998892605304718,0.45171651244163513
YPL212C,YHR026W,0,,0.18105179071426392,0.998892605304718,0.4518272280693054
YBR186W,YPL088W,0,,0.18101544678211212,0.998892605304718,0.4519379734992981
YBL097W,YLR003C,0,,0.18097913265228271,0.998892605304718,0.45204871892929077
YDR221W,YJL014W,0,,0.1809428334236145,0.998892605304718,0.45215946435928345
YNR023W,YHR104W,0,,0.1809065341949463,0.998892605304718,0.4522702097892761
YKL096W,YOR303W,0,,0.18087026476860046,0.998892605304718,0.4523809552192688
YPR151C,YCL020W,0,,0.18083399534225464,0.998892605304718,0.4524917006492615
YCR033W,YER074W-A,0,,0.1807977557182312,0.998892605304718,0.45260244607925415
YNL024C-A,YIL065C,0,,0.18076151609420776,0.998892605304718,0.4527131915092468
YNL154C,YNR069C,0,,0.1807253062725067,0.998892605304718,0.4528239071369171
YOR328W,YER058W,0,,0.18068909645080566,0.998892605304718,0.4529346525669098
YDR184C,YGR125W,0,,0.180652916431427,0.998892605304718,0.45304539799690247
YDR210W,YNR069C,0,,0.18061673641204834,0.998892605304718,0.45315614342689514
YBR132C,YNL222W,0,,0.18058058619499207,0.998892605304718,0.4532668888568878
YHR104W,YEL060C,0,,0.1805444359779358,0.998892605304718,0.4533776342868805
YNL126W,YLR308W,0,,0.1805083006620407,0.998892605304718,0.45348837971687317
YNL209W,YJL137C,0,,0.18047219514846802,0.998892605304718,0.45359912514686584
YPR165W,YOR064C,0,,0.18043608963489532,0.998892605304718,0.4537098705768585
YHR115C,YGR186W,0,,0.18039999902248383,0.998892605304718,0.4538205862045288
YGL124C,YHL001W,0,,0.18036392331123352,0.998892605304718,0.4539313316345215
YDL004W,YPL015C,0,,0.1803278625011444,0.998892605304718,0.45404207706451416
YOL008W,YOR017W,0,,0.18029183149337769,0.998892605304718,0.45415282249450684
YJL091C,YJR067C,0,,0.18025580048561096,0.998892605304718,0.4542635679244995
YER016W,YER094C,0,,0.18021978437900543,0.998892605304718,0.4543743133544922
YFR051C,YAR071W,0,,0.1801837831735611,0.998892605304718,0.45448505878448486
YDL214C,YLR256W,0,,0.18014779686927795,0.998892605304718,0.45459580421447754
YFR004W,YIL065C,0,,0.180111825466156,0.998892605304718,0.4547065198421478
YER019W,YGR133W,0,,0.18007586896419525,0.998892605304718,0.4548172652721405
YDR099W,YPL192C,0,,0.1800399273633957,0.998892605304718,0.4549280107021332
YCL020W,YER075C,0,,0.18000398576259613,0.998892605304718,0.45503875613212585
YER026C,YML121W,0,,0.17996807396411896,0.998892605304718,0.45514950156211853
YLR240W,YHR176W,0,,0.17993217706680298,0.998892605304718,0.4552602469921112
YOR231W,YDR394W,0,,0.1798962950706482,0.998892605304718,0.4553709924221039
YGR148C,YOR007C,0,,0.1798604130744934,0.998892605304718,0.45548173785209656
YPL268W,YDR162C,0,,0.179824560880661,0.998892605304718,0.45559248328208923
YKL160W,YHR034C,0,,0.1797887235879898,0.998892605304718,0.4557031989097595
YDR180W,YML065W,0,,0.1797528862953186,0.998892605304718,0.4558139443397522
YJL010C,YLR242C,0,,0.1797170788049698,0.998892605304718,0.4559246897697449
YNR063W,YOR064C,0,,0.17968127131462097,0.998892605304718,0.45603543519973755
YCL020W,YGL153W,0,,0.17964549362659454,0.998892605304718,0.4561461806297302
YOL128C,YER011W,0,,0.17960971593856812,0.998892605304718,0.4562569260597229
YHR084W,YGL077C,0,,0.17957395315170288,0.998892605304718,0.4563676714897156
YNL256W,YDR450W,0,,0.17953822016716003,0.998892605304718,0.45647841691970825
YBR126C,YGR203W,0,,0.1795024871826172,0.998892605304718,0.45658913254737854
YKL091C,YIL114C,0,,0.17946676909923553,0.998892605304718,0.4566998779773712
YNL058C,YMR167W,0,,0.17943106591701508,0.998892605304718,0.4568106234073639
YLL015W,YNL005C,0,,0.179395392537117,0.998892605304718,0.45692136883735657
YDR043C,YER157W,0,,0.17935971915721893,0.998892605304718,0.45703211426734924
YIL162W,YMR029C,0,,0.17932406067848206,0.998892605304718,0.4571428596973419
YER016W,YNL224C,0,,0.17928841710090637,0.998892605304718,0.4572536051273346
YBR079C,YDL161W,0,,0.17925278842449188,0.998892605304718,0.45736435055732727
YDL181W,YIL162W,0,,0.1792171597480774,0.998892605304718,0.45747509598731995
YJR043C,YKR086W,0,,0.1791815608739853,0.998892605304718,0.45758581161499023
YGR198W,YAL042W,0,,0.17914597690105438,0.998892605304718,0.4576965570449829
YMR135C,YDL168W,0,,0.17911040782928467,0.998892605304718,0.4578073024749756
YML078W,YIL157C,0,,0.17907483875751495,0.998892605304718,0.45791804790496826
YLR210W,YML072C,0,,0.17903929948806763,0.998892605304718,0.45802879333496094
YOR293W,YOR088W,0,,0.1790037751197815,0.998892605304718,0.4581395387649536
YPR164W,YBL005W-A,0,,0.17896825075149536,0.998892605304718,0.4582502841949463
YML064C,YBL008W-A,0,,0.17893275618553162,0.998892605304718,0.45836102962493896
YPR158W-A,YOR064C,0,,0.17889726161956787,0.998892605304718,0.45847177505493164
YAR014C,YNL003C,0,,0.17886178195476532,0.998892605304718,0.45858249068260193
YIL015W,YHL009W-A,0,,0.17882633209228516,0.998892605304718,0.4586932361125946
YCR073C,YJR064W,0,,0.178790882229805,0.998892605304718,0.4588039815425873
YNL021W,YLR027C,0,,0.17875544726848602,0.998892605304718,0.45891472697257996
YMR092C,YGL032C,0,,0.17872002720832825,0.998892605304718,0.45902547240257263
YBL084C,YJL115W,0,,0.17868462204933167,0.998892605304718,0.4591362178325653
YIR028W,YCR023C,0,,0.17864923179149628,0.998892605304718,0.459246963262558
YGL254W,YLR178C,0,,0.17861385643482208,0.998892605304718,0.45935770869255066
YJR086W,YKR039W,0,,0.17857849597930908,0.998892605304718,0.45946842432022095
YGR121C,YNL152W,0,,0.17854315042495728,0.998892605304718,0.4595791697502136
YKR013W,YMR280C,0,,0.17850781977176666,0.998892605304718,0.4596899151802063
YOR328W,YBR084C-A,0,,0.17847250401973724,0.998892605304718,0.459800660610199
YJR095W,YHR072W-A,0,,0.17843718826770782,0.998892605304718,0.45991140604019165
YDR210W-D,YGR207C,0,,0.1784019023180008,0.998892605304718,0.4600221514701843
YLR216C,YBL003C,0,,0.17836661636829376,0.998892605304718,0.460132896900177
YER078C,YOR153W,0,,0.17833136022090912,0.998892605304718,0.4602436423301697
YLR320W,YNL134C,0,,0.17829610407352448,0.998892605304718,0.46035438776016235
YJL209W,YDR394W,0,,0.17826086282730103,0.998892605304718,0.46046510338783264
YDR519W,YGR195W,0,,0.17822565138339996,0.998892605304718,0.4605758488178253
YIR022W,YEL046C,0,,0.1781904399394989,0.998892605304718,0.460686594247818
YBR199W,YBL009W,0,,0.17815524339675903,0.998892605304718,0.46079733967781067
YOR354C,YDR446W,0,,0.17812006175518036,0.998892605304718,0.46090808510780334
YLR013W,YBR044C,0,,0.17808489501476288,0.998892605304718,0.461018830537796
YHL009W-A,YOL001W,0,,0.1780497431755066,0.998892605304718,0.4611295759677887
YBR210W,YOR245C,0,,0.1780146062374115,0.998892605304718,0.46124032139778137
YER065C,YGR166W,0,,0.1779794842004776,0.998892605304718,0.46135106682777405
YML114C,YJL010C,0,,0.1779443621635437,0.998892605304718,0.46146178245544434
YGR048W,YDR506C,0,,0.1779092699289322,0.998892605304718,0.461572527885437
YBR217W,YGL166W,0,,0.17787419259548187,0.998892605304718,0.4616832733154297
YLR069C,YIR003W,0,,0.17783911526203156,0.998892605304718,0.46179401874542236
YOR173W,YKL213C,0,,0.17780406773090363,0.998892605304718,0.46190476417541504
YDL168W,YJL138C,0,,0.1777690201997757,0.998892605304718,0.4620155096054077
YDR034C-D,YJL050W,0,,0.17773398756980896,0.998892605304718,0.4621262550354004
YER026C,YML118W,0,,0.17769896984100342,0.998892605304718,0.46223700046539307
YBR103W,YDR142C,0,,0.17766398191452026,0.998892605304718,0.46234771609306335
YBR258C,YBR217W,0,,0.1776289939880371,0.998892605304718,0.46245846152305603
YER144C,YDR198C,0,,0.17759402096271515,0.998892605304718,0.4625692069530487
YNL316C,YNL047C,0,,0.1775590479373932,0.998892605304718,0.4626799523830414
YJL139C,YKL193C,0,,0.17752410471439362,0.998892605304718,0.46279069781303406
YDR322C-A,YNL252C,0,,0.17748917639255524,0.998892605304718,0.46290144324302673
YDR017C,YMR167W,0,,0.17745426297187805,0.998892605304718,0.4630121886730194
YCR027C,YBR104W,0,,0.17741934955120087,0.998892605304718,0.4631229341030121
YCL019W,YOL039W,0,,0.17738446593284607,0.998892605304718,0.46323367953300476
YBR127C,YMR134W,0,,0.17734958231449127,0.998892605304718,0.46334439516067505
YHR104W,YER048C,0,,0.17731472849845886,0.998892605304718,0.4634551405906677
YPR025C,YPL124W,0,,0.17727987468242645,0.998892605304718,0.4635658860206604
YKL139W,YHR128W,0,,0.17724503576755524,0.998892605304718,0.4636766314506531
YML130C,YMR199W,0,,0.17721021175384521,0.998892605304718,0.46378737688064575
YPL088W,YLL010C,0,,0.1771754026412964,0.998892605304718,0.4638981223106384
YLR157C-B,YFL034C-B,0,,0.17714060842990875,0.998892605304718,0.4640088677406311
YBR302C,YFL003C,0,,0.1771058291196823,0.998892605304718,0.4641196131706238
YFR046C,YCR042C,0,,0.17707106471061707,0.998892605304718,0.46423032879829407
YKR042W,YOR245C,0,,0.177036315202713,0.998892605304718,0.46434107422828674
YJR067C,YAL009W,0,,0.17700156569480896,0.998892605304718,0.4644518196582794
YBR070C,YLR133W,0,,0.1769668459892273,0.998892605304718,0.4645625650882721
YBL084C,YKL120W,0,,0.17693212628364563,0.998892605304718,0.46467331051826477
YDR058C,YAL042W,0,,0.17689743638038635,0.998892605304718,0.46478405594825745
YOL049W,YOR367W,0,,0.17686274647712708,0.998892605304718,0.4648948013782501
YIL127C,YNL229C,0,,0.176828071475029,0.998892605304718,0.4650055468082428
YGR247W,YGL065C,0,,0.1767934113740921,0.998892605304718,0.4651162922382355
YDR255C,YPL015C,0,,0.1767587661743164,0.998892605304718,0.46522700786590576
YOR202W,YLR136C,0,,0.1767241358757019,0.998892605304718,0.46533775329589844
YDR084C,YCR008W,0,,0.1766895204782486,0.998892605304718,0.4654484987258911
YLR157C-A,YDR214W,0,,0.17665491998195648,0.998892605304718,0.4655592441558838
YOL016C,YMR293C,0,,0.17662031948566437,0.998892605304718,0.46566998958587646
YGR161C-C,YIL044C,0,,0.17658574879169464,0.998892605304718,0.46578073501586914
YAL061W,YPR140W,0,,0.17655117809772491,0.998892605304718,0.4658914804458618
YDR225W,YML007W,0,,0.17651663720607758,0.998892605304718,0.4660022258758545
YDR210W-A,YOR295W,0,,0.17648209631443024,0.998892605304718,0.46611297130584717
YDR184C,YDR017C,0,,0.1764475703239441,0.998892605304718,0.46622368693351746
YDR017C,YAL014C,0,,0.17641305923461914,0.998892605304718,0.46633443236351013
YJL028W,YPL246C,0,,0.17637856304645538,0.998892605304718,0.4664451777935028
YML007W,YNL270C,0,,0.17634408175945282,0.998892605304718,0.4665559232234955
YGL201C,YLR089C,0,,0.17630961537361145,0.998892605304718,0.46666666865348816
YIL040W,YKL222C,0,,0.17627516388893127,0.998892605304718,0.46677741408348083
YOL110W,YNL270C,0,,0.1762407124042511,0.998892605304718,0.4668881595134735
YKL125W,YFL016C,0,,0.1762062907218933,0.998892605304718,0.4669989049434662
YER048C,YDL147W,0,,0.17617186903953552,0.998892605304718,0.4671096205711365
YER021W,YMR231W,0,,0.17613747715950012,0.998892605304718,0.46722036600112915
YAR014C,YML001W,0,,0.17610308527946472,0.998892605304718,0.4673311114311218
YDR541C,YIR010W,0,,0.17606870830059052,0.998892605304718,0.4674418568611145
YOL146W,YNL209W,0,,0.1760343462228775,0.998892605304718,0.4675526022911072
YLR117C,YIL017C,0,,0.17599999904632568,0.998892605304718,0.46766334772109985
YNL225C,YNL197C,0,,0.17596566677093506,0.998892605304718,0.46777409315109253
YDL126C,YDL155W,0,,0.17593134939670563,0.998892605304718,0.4678848385810852
YKL107W,YKL222C,0,,0.1758970320224762,0.998892605304718,0.4679955840110779
YAR066W,YHL009W-A,0,,0.17586274445056915,0.998892605304718,0.46810629963874817
YBL018C,YDR237W,0,,0.1758284568786621,0.998892605304718,0.46821704506874084
YNL067W,YOR360C,0,,0.17579419910907745,0.998892605304718,0.4683277904987335
YDL226C,YDL064W,0,,0.1757599413394928,0.998892605304718,0.4684385359287262
YDR266C,YNR049C,0,,0.17572569847106934,0.998892605304718,0.46854928135871887
YBR104W,YML072C,0,,0.17569147050380707,0.998892605304718,0.46866002678871155
YOR321W,YDR162C,0,,0.175657257437706,0.998892605304718,0.4687707722187042
YFR042W,YGL020C,0,,0.1756230592727661,0.998892605304718,0.4688815176486969
YMR266W,YGR038C-B,0,,0.17558886110782623,0.998892605304718,0.4689922332763672
YLR225C,YGL234W,0,,0.17555469274520874,0.998892605304718,0.46910297870635986
YJL099W,YDR489W,0,,0.17552052438259125,0.998892605304718,0.46921372413635254
YFL050C,YNL177C,0,,0.17548638582229614,0.998892605304718,0.4693244695663452
YFL018C,YOR375C,0,,0.17545224726200104,0.998892605304718,0.4694352149963379
YKL220C,YLR449W,0,,0.17541812360286713,0.998892605304718,0.46954596042633057
YGR192C,YOR367W,0,,0.1753840148448944,0.998892605304718,0.46965670585632324
YMR263W,YLR319C,0,,0.17534992098808289,0.998892605304718,0.4697674512863159
YOR094W,YDL058W,0,,0.17531584203243256,0.998892605304718,0.4698781967163086
YLR342W,YLR110C,0,,0.17528177797794342,0.998892605304718,0.4699889123439789
YDR488C,YPL124W,0,,0.17524771392345428,0.998892605304718,0.47009965777397156
YPL211W,YHR152W,0,,0.17521367967128754,0.998892605304718,0.47021040320396423
YBR200W,YNL327W,0,,0.1751796454191208,0.998892605304718,0.4703211486339569
YJL074C,YOR030W,0,,0.17514562606811523,0.998892605304718,0.4704318940639496
YEL063C,YKL008C,0,,0.17511162161827087,0.998892605304718,0.47054263949394226
YGR038C-A,YHR065C,0,,0.1750776469707489,0.998892605304718,0.47065338492393494
YIL105C,YIL031W,0,,0.17504365742206573,0.998892605304718,0.4707641303539276
YML093W,YLR424W,0,,0.17500969767570496,0.998892605304718,0.4708748757839203
YLR342W,YNL252C,0,,0.17497575283050537,0.998892605304718,0.4709855914115906
YCR068W,YJL203W,0,,0.1749418079853058,0.998892605304718,0.47109633684158325
YJR144W,YKR065C,0,,0.1749078929424286,0.998892605304718,0.4712070822715759
YBL006C,YHR107C,0,,0.1748739778995514,0.998892605304718,0.4713178277015686
YJL047C,YPL158C,0,,0.17484009265899658,0.998892605304718,0.4714285731315613
YGR059W,YLR405W,0,,0.17480620741844177,0.998892605304718,0.47153931856155396
YKL163W,YKR025W,0,,0.17477233707904816,0.998892605304718,0.47165006399154663
YOR328W,YBR227C,0,,0.17473846673965454,0.998892605304718,0.4717608094215393
YJL204C,YER065C,0,,0.1747046262025833,0.998892605304718,0.4718715250492096
YLR307W,YOR303W,0,,0.17467080056667328,0.998892605304718,0.47198227047920227
YCR068W,YBR004C,0,,0.17463697493076324,0.998892605304718,0.47209301590919495
YPL009C,YER048C,0,,0.1746031790971756,0.998892605304718,0.4722037613391876
YJL042W,YBR136W,0,,0.17456938326358795,0.998892605304718,0.4723145067691803
YIR022W,YCR097W,0,,0.1745356023311615,0.998892605304718,0.472425252199173
YER003C,YLR362W,0,,0.17450183629989624,0.998892605304718,0.47253599762916565
YDR216W,YPL249C-A,0,,0.17446808516979218,0.998892605304718,0.4726467430591583
YOR149C,YLR057W,0,,0.1744343489408493,0.998892605304718,0.472757488489151
YBR298C,YER042W,0,,0.17440061271190643,0.998892605304718,0.4728682041168213
YLR069C,YHR102W,0,,0.17436690628528595,0.998892605304718,0.47297894954681396
YML066C,YNL106C,0,,0.17433319985866547,0.998892605304718,0.47308969497680664
YLR013W,YGL054C,0,,0.17429952323436737,0.998892605304718,0.4732004404067993
YNR054C,YKR099C-A,0,,0.17426584661006927,0.998892605304718,0.473311185836792
YBR103W,YGL245W,0,,0.17423218488693237,0.998892605304718,0.47342193126678467
YER011W,YER016W,0,,0.17419853806495667,0.998892605304718,0.47353267669677734
YOR329C,YPR022C,0,,0.17416489124298096,0.998892605304718,0.47364342212677
YER016W,YCR088W,0,,0.17413127422332764,0.998892605304718,0.4737541675567627
YLR240W,YLR332W,0,,0.17409765720367432,0.998892605304718,0.473864883184433
YNL264C,YCR071C,0,,0.17406406998634338,0.998892605304718,0.47397562861442566
YJL145W,YGR198W,0,,0.17403048276901245,0.998892605304718,0.47408637404441833
YKL092C,YDL165W,0,,0.1739969104528427,0.998892605304718,0.474197119474411
YKL008C,YLR341W,0,,0.17396335303783417,0.998892605304718,0.4743078649044037
YDR519W,YER124C,0,,0.17392981052398682,0.998892605304718,0.47441861033439636
YDR311W,YDL191W,0,,0.17389628291130066,0.998892605304718,0.47452935576438904
YGL099W,YDR363W,0,,0.1738627552986145,0.998892605304718,0.4746401011943817
YAL001C,YLR229C,0,,0.17382925748825073,0.998892605304718,0.474750816822052
YFR028C,YKR087C,0,,0.17379575967788696,0.998892605304718,0.4748615622520447
YHL009C,YLR229C,0,,0.1737622767686844,0.998892605304718,0.47497230768203735
YOR214C,YDL122W,0,,0.173728808760643,0.998892605304718,0.47508305311203003
YDL049C,YPL158C,0,,0.17369535565376282,0.998892605304718,0.4751937985420227
YER021W,YHR203C,0,,0.17366191744804382,0.998892605304718,0.4753045439720154
YAL005C,YLR408C,0,,0.17362849414348602,0.998892605304718,0.47541528940200806
YKL222C,YLR003C,0,,0.17359507083892822,0.998892605304718,0.47552603483200073
YNL209W,YGL234W,0,,0.1735616773366928,0.998892605304718,0.4756367802619934
YLR178C,YOR088W,0,,0.1735282838344574,0.998892605304718,0.4757474958896637
YKL176C,YDR237W,0,,0.17349490523338318,0.998892605304718,0.47585824131965637
YIR007W,YDR480W,0,,0.17346154153347015,0.998892605304718,0.47596898674964905
YJL145W,YGR207C,0,,0.17342819273471832,0.998892605304718,0.4760797321796417
YHR018C,YNL003C,0,,0.1733948439359665,0.998892605304718,0.4761904776096344
YBR106W,YNR049C,0,,0.17336152493953705,0.998892605304718,0.4763012230396271
YDR225W,YHR042W,0,,0.1733282059431076,0.998892605304718,0.47641196846961975
YIL040W,YCR003W,0,,0.17329490184783936,0.998892605304718,0.4765227138996124
YPL020C,YFL050C,0,,0.1732616275548935,0.998892605304718,0.4766334295272827
YDR540C,YOR122C,0,,0.17322835326194763,0.998892605304718,0.4767441749572754
YLR166C,YGR148C,0,,0.17319507896900177,0.998892605304718,0.47685492038726807
YIR003W,YIR010W,0,,0.1731618344783783,0.998892605304718,0.47696566581726074
YPL045W,YPR052C,0,,0.17312860488891602,0.998892605304718,0.4770764112472534
YNL154C,YMR231W,0,,0.17309537529945374,0.998892605304718,0.4771871566772461
YOL013C,YIR003W,0,,0.17306216061115265,0.998892605304718,0.47729790210723877
YDR113C,YBR098W,0,,0.17302896082401276,0.998892605304718,0.47740864753723145
YNL090W,YDL147W,0,,0.17299577593803406,0.998892605304718,0.4775193929672241
YDR485C,YAR014C,0,,0.17296260595321655,0.998892605304718,0.4776301085948944
YIL121W,YGL044C,0,,0.17292945086956024,0.998892605304718,0.4777408540248871
YLR051C,YNL014W,0,,0.17289629578590393,0.998892605304718,0.47785159945487976
YLR405W,YMR134W,0,,0.17286317050457,0.998892605304718,0.47796234488487244
YBR229C,YBL100W-A,0,,0.17283004522323608,0.998892605304718,0.4780730903148651
YOR336W,YMR199W,0,,0.17279693484306335,0.998892605304718,0.4781838357448578
YPR023C,YPL181W,0,,0.17276383936405182,0.998892605304718,0.47829458117485046
YOR144C,YOR190W,0,,0.17273075878620148,0.998892605304718,0.47840532660484314
YCL011C,YKL208W,0,,0.17269767820835114,0.998892605304718,0.4785160720348358
YIL162W,YBR110W,0,,0.17266462743282318,0.998892605304718,0.4786267876625061
YKL112W,YKL209C,0,,0.17263157665729523,0.998892605304718,0.4787375330924988
YOL146W,YPL053C,0,,0.17259854078292847,0.998892605304718,0.47884827852249146
YOR190W,YBL003C,0,,0.1725655198097229,0.998892605304718,0.47895902395248413
YGL250W,YBR179C,0,,0.17253251373767853,0.998892605304718,0.4790697693824768
YOL077W-A,YHR084W,0,,0.17249952256679535,0.998892605304718,0.4791805148124695
YDR338C,YJL093C,0,,0.17246654629707336,0.998892605304718,0.47929126024246216
YDL004W,YAR071W,0,,0.17243357002735138,0.998892605304718,0.47940200567245483
YLR340W,YOL130W,0,,0.1724006086587906,0.998892605304718,0.4795127213001251
YOR153W,YOR375C,0,,0.172367662191391,0.998892605304718,0.4796234667301178
YPR151C,YPL046C,0,,0.1723347306251526,0.998892605304718,0.4797342121601105
YBR200W,YOR058C,0,,0.17230181396007538,0.998892605304718,0.47984495759010315
YPR121W,YLR362W,0,,0.17226891219615936,0.998892605304718,0.4799557030200958
YJL050W,YNL093W,0,,0.17223601043224335,0.998892605304718,0.4800664484500885
YFR044C,YDR484W,0,,0.17220312356948853,0.998892605304718,0.4801771938800812
YPR103W,YMR291W,0,,0.1721702665090561,0.998892605304718,0.48028793931007385
YHR107C,YNR051C,0,,0.17213740944862366,0.998892605304718,0.48039868474006653
YPL053C,YGR065C,0,,0.17210456728935242,0.998892605304718,0.4805094003677368
YOL110W,YPR061C,0,,0.17207172513008118,0.998892605304718,0.4806201457977295
YGL166W,YBR135W,0,,0.17203891277313232,0.998892605304718,0.48073089122772217
YLR388W,YPL069C,0,,0.17200610041618347,0.998892605304718,0.48084163665771484
YNL088W,YCR034W,0,,0.1719733029603958,0.998892605304718,0.4809523820877075
YPL217C,YER122C,0,,0.17194052040576935,0.998892605304718,0.4810631275177002
YDR153C,YPL046C,0,,0.17190775275230408,0.998892605304718,0.48117387294769287
YFR009W,YLR424W,0,,0.171875,0.998892605304718,0.48128461837768555
YDR348C,YMR309C,0,,0.17184226214885712,0.998892605304718,0.48139533400535583
YER035W,YEL003W,0,,0.17180952429771423,0.998892605304718,0.4815060794353485
YIR021W,YNL116W,0,,0.17177680134773254,0.998892605304718,0.4816168248653412
YDR302W,YMR260C,0,,0.17174409329891205,0.998892605304718,0.48172757029533386
YHR134W,YMR083W,0,,0.17171140015125275,0.998892605304718,0.48183831572532654
YHR191C,YLR136C,0,,0.17167872190475464,0.998892605304718,0.4819490611553192
YDL064W,YLR398C,0,,0.17164605855941772,0.998892605304718,0.4820598065853119
YDR408C,YKL125W,0,,0.1716133952140808,0.998892605304718,0.48217055201530457
YDR194C,YIR028W,0,,0.1715807467699051,0.998892605304718,0.48228129744529724
YIL121W,YGL153W,0,,0.17154811322689056,0.998892605304718,0.48239201307296753
YDR214W,YPL241C,0,,0.17151549458503723,0.998892605304718,0.4825027585029602
YHR141C,YCL011C,0,,0.1714828908443451,0.998892605304718,0.4826135039329529
YAL032C,YFL018C,0,,0.17145030200481415,0.998892605304718,0.48272424936294556
YJR159W,YDR266C,0,,0.1714177131652832,0.998892605304718,0.48283499479293823
YBL006C,YLR138W,0,,0.17138513922691345,0.998892605304718,0.4829457402229309
YOR321W,YDL214C,0,,0.1713525801897049,0.998892605304718,0.4830564856529236
YOR362C,YNL152W,0,,0.17132003605365753,0.998892605304718,0.48316723108291626
YKL160W,YJR161C,0,,0.17128750681877136,0.998892605304718,0.48327797651290894
YDL168W,YKL209C,0,,0.1712549775838852,0.998892605304718,0.4833886921405792
YDL213C,YOR088W,0,,0.1712224781513214,0.998892605304718,0.4834994375705719
YGR227W,YML008C,0,,0.17118997871875763,0.998892605304718,0.4836101830005646
YPR103W,YEL026W,0,,0.17115749418735504,0.998892605304718,0.48372092843055725
YDR432W,YHR166C,0,,0.17112502455711365,0.998892605304718,0.4838316738605499
YJR007W,YDR255C,0,,0.17109256982803345,0.998892605304718,0.4839424192905426
YDL207W,YKL208W,0,,0.17106011509895325,0.998892605304718,0.4840531647205353
YKL027W,YGR067C,0,,0.17102769017219543,0.998892605304718,0.48416391015052795
YNL064C,YMR134W,0,,0.17099526524543762,0.998892605304718,0.48427462577819824
YJR056C,YHR003C,0,,0.170962855219841,0.998892605304718,0.4843853712081909
YDL232W,YKL211C,0,,0.17093046009540558,0.998892605304718,0.4844961166381836
YPR058W,YMR121C,0,,0.17089806497097015,0.998892605304718,0.48460686206817627
YHL018W,YDR266C,0,,0.17086569964885712,0.998892605304718,0.48471760749816895
YHR107C,YBR068C,0,,0.17083333432674408,0.998892605304718,0.4848283529281616
YEL003W,YJL036W,0,,0.17080098390579224,0.998892605304718,0.4849390983581543
YMR244C-A,YBR104W,0,,0.1707686483860016,0.998892605304718,0.485049843788147
YBL102W,YLR089C,0,,0.17073632776737213,0.998892605304718,0.48516058921813965
YDL005C,YCR069W,0,,0.17070400714874268,0.998892605304718,0.48527130484580994
YBR098W,YDR382W,0,,0.1706717163324356,0.998892605304718,0.4853820502758026
YER042W,YBR044C,0,,0.17063942551612854,0.998892605304718,0.4854927957057953
YJL160C,YNL005C,0,,0.17060714960098267,0.998892605304718,0.48560354113578796
YJL116C,YCL027C-A,0,,0.17057488858699799,0.998892605304718,0.48571428656578064
YPL236C,YOR022C,0,,0.1705426424741745,0.998892605304718,0.4858250319957733
YJR056C,YOR362C,0,,0.170510396361351,0.998892605304718,0.485935777425766
YML025C,YJR044C,0,,0.17047816514968872,0.998892605304718,0.48604652285575867
YPR025C,YDR156W,0,,0.17044594883918762,0.998892605304718,0.48615726828575134
YJL113W,YLL005C,0,,0.17041374742984772,0.998892605304718,0.48626798391342163
YIR034C,YML025C,0,,0.170381560921669,0.998892605304718,0.4863787293434143
YBL018C,YJR002W,0,,0.1703493893146515,0.998892605304718,0.486489474773407
YDR462W,YOR328W,0,,0.17031721770763397,0.998892605304718,0.48660022020339966
YLR205C,YKL055C,0,,0.17028506100177765,0.998892605304718,0.48671096563339233
YDL025C,YDR099W,0,,0.17025291919708252,0.998892605304718,0.486821711063385
YPR185W,YDR409W,0,,0.17022079229354858,0.998892605304718,0.4869324564933777
YKR010C,YNL047C,0,,0.17018868029117584,0.998892605304718,0.48704320192337036
YPL164C,YMR104C,0,,0.1701565682888031,0.998892605304718,0.48715391755104065
YOR100C,YGL179C,0,,0.17012448608875275,0.998892605304718,0.4872646629810333
YJR047C,YCR043C,0,,0.1700924038887024,0.998892605304718,0.487375408411026
YNR054C,YAL014C,0,,0.17006033658981323,0.998892605304718,0.4874861538410187
YLR362W,YBR110W,0,,0.17002826929092407,0.998892605304718,0.48759689927101135
YOR095C,YGR038C-A,0,,0.1699962317943573,0.998892605304718,0.48770764470100403
YGL255W,YPR022C,0,,0.16996419429779053,0.998892605304718,0.4878183901309967
YPL236C,YFL053W,0,,0.16993217170238495,0.998892605304718,0.4879291355609894
YJL145W,YIR003W,0,,0.16990016400814056,0.998892605304718,0.48803988099098206
YOR128C,YLR453C,0,,0.16986817121505737,0.998892605304718,0.48815059661865234
YKR010C,YML022W,0,,0.16983619332313538,0.998892605304718,0.488261342048645
YNL024C-A,YOR307C,0,,0.16980421543121338,0.998892605304718,0.4883720874786377
YLR275W,YPL128C,0,,0.16977225244045258,0.998892605304718,0.48848283290863037
YLR216C,YDR198C,0,,0.16974030435085297,0.998892605304718,0.48859357833862305
YNL047C,YHR026W,0,,0.16970837116241455,0.998892605304718,0.4887043237686157
YJR064W,YPL270W,0,,0.16967645287513733,0.998892605304718,0.4888150691986084
YKL188C,YMR236W,0,,0.1696445345878601,0.998892605304718,0.4889258146286011
YIL091C,YKR080W,0,,0.16961263120174408,0.998892605304718,0.48903653025627136
YJR095W,YHR104W,0,,0.16958074271678925,0.998892605304718,0.48914727568626404
YBR073W,YBR229C,0,,0.1695488691329956,0.998892605304718,0.4892580211162567
YOR058C,YDL174C,0,,0.16951701045036316,0.998892605304718,0.4893687665462494
YGL100W,YBR019C,0,,0.1694851517677307,0.998892605304718,0.48947951197624207
YDR385W,YKL193C,0,,0.16945332288742065,0.998892605304718,0.48959025740623474
YDR016C,YOR010C,0,,0.1694214940071106,0.998892605304718,0.4897010028362274
YJL204C,YMR260C,0,,0.16938966512680054,0.998892605304718,0.4898117482662201
YIL063C,YMR047C,0,,0.16935786604881287,0.998892605304718,0.48992249369621277
YBR084C-A,YGL022W,0,,0.1693260818719864,0.998892605304718,0.49003320932388306
YAR066W,YMR068W,0,,0.1692942976951599,0.998892605304718,0.49014395475387573
YMR266W,YBL105C,0,,0.16926252841949463,0.998892605304718,0.4902547001838684
YER026C,YBR018C,0,,0.16923077404499054,0.998892605304718,0.4903654456138611
YCL033C,YBL008W-A,0,,0.16919901967048645,0.998892605304718,0.49047619104385376
YJR091C,YIL158W,0,,0.16916729509830475,0.998892605304718,0.49058693647384644
YKL221W,YGL054C,0,,0.16913557052612305,0.998892605304718,0.4906976819038391
YDR538W,YIL050W,0,,0.16910386085510254,0.998892605304718,0.4908084273338318
YMR202W,YNR036C,0,,0.16907216608524323,0.998892605304718,0.49091917276382446
YCR028C-A,YGR091W,0,,0.1690404862165451,0.998892605304718,0.49102988839149475
YLR262C,YDL064W,0,,0.16900880634784698,0.998892605304718,0.4911406338214874
YFR046C,YBR014C,0,,0.16897714138031006,0.998892605304718,0.4912513792514801
YLR135W,YDR163W,0,,0.16894549131393433,0.998892605304718,0.4913621246814728
YMR202W,YLR013W,0,,0.1689138561487198,0.998892605304718,0.49147287011146545
YJL210W,YHR176W,0,,0.16888223588466644,0.998892605304718,0.49158361554145813
YNL090W,YNL005C,0,,0.1688506156206131,0.998892605304718,0.4916943609714508
YDL194W,YOR028C,0,,0.16881901025772095,0.998892605304718,0.4918051064014435
YHR063C,YPR101W,0,,0.16878741979599,0.998892605304718,0.49191582202911377
YMR052W,YBL005W-A,0,,0.16875584423542023,0.998892605304718,0.49202656745910645
YML065W,YDR352W,0,,0.16872428357601166,0.998892605304718,0.4921373128890991
YDL042C,YLR133W,0,,0.1686927229166031,0.998892605304718,0.4922480583190918
YMR162C,YER172C,0,,0.1686611771583557,0.998892605304718,0.4923588037490845
YDR171W,YPR112C,0,,0.16862964630126953,0.998892605304718,0.49246954917907715
YNL037C,YBR044C,0,,0.16859813034534454,0.998892605304718,0.4925802946090698
YPL164C,YAR071W,0,,0.16856662929058075,0.998892605304718,0.4926910400390625
YPL118W,YOR197W,0,,0.16853512823581696,0.998892605304718,0.4928017854690552
YMR291W,YOR360C,0,,0.16850364208221436,0.998892605304718,0.49291250109672546
YNR012W,YGR198W,0,,0.16847217082977295,0.998892605304718,0.49302324652671814
YKR010C,YJR056C,0,,0.16844071447849274,0.998892605304718,0.4931339919567108
YBL004W,YAL001C,0,,0.16840925812721252,0.998892605304718,0.4932447373867035
YLR320W,YCR088W,0,,0.1683778166770935,0.998892605304718,0.49335548281669617
YGR091W,YGR163W,0,,0.16834640502929688,0.998892605304718,0.49346622824668884
YNL024C-A,YDL201W,0,,0.16831497848033905,0.998892605304718,0.4935769736766815
YLR376C,YCR024C-A,0,,0.1682835817337036,0.998892605304718,0.4936877191066742
YML114C,YML019W,0,,0.16825218498706818,0.998892605304718,0.4937984347343445
YGL134W,YKR003W,0,,0.16822081804275513,0.998892605304718,0.49390918016433716
YLR084C,YKL084W,0,,0.16818945109844208,0.998892605304718,0.49401992559432983
YOR231W,YOR198C,0,,0.16815808415412903,0.998892605304718,0.4941306710243225
YEL046C,YBR139W,0,,0.16812674701213837,0.998892605304718,0.4942414164543152
YDL212W,YMR014W,0,,0.1680954098701477,0.998892605304718,0.49435216188430786
YBR258C,YMR283C,0,,0.16806410253047943,0.998892605304718,0.49446290731430054
YIR034C,YNL093W,0,,0.16803278028964996,0.998892605304718,0.4945736527442932
YPL053C,YER172C,0,,0.16800148785114288,0.998892605304718,0.4946843981742859
YJL154C,YGL153W,0,,0.167970210313797,0.998892605304718,0.4947951138019562
YBL046W,YDL147W,0,,0.1679389327764511,0.998892605304718,0.49490585923194885
YBR258C,YOR245C,0,,0.16790767014026642,0.998892605304718,0.49501660466194153
YLR225C,YDL236W,0,,0.16787642240524292,0.998892605304718,0.4951273500919342
YDR349C,YGR240C,0,,0.16784517467021942,0.998892605304718,0.4952380955219269
YMR164C,YGR215W,0,,0.1678139567375183,0.998892605304718,0.49534884095191956
YLR226W,YDR409W,0,,0.1677827388048172,0.998892605304718,0.49545958638191223
YGL254W,YLR210W,0,,0.16775153577327728,0.998892605304718,0.4955703318119049
YGL210W-A,YHR084W,0,,0.16772034764289856,0.998892605304718,0.4956810772418976
YGR090W,YHR123W,0,,0.16768915951251984,0.998892605304718,0.49579179286956787
YOL110W,YGR128C,0,,0.1676579862833023,0.998892605304718,0.49590253829956055
YJL209W,YOR196C,0,,0.16762682795524597,0.998892605304718,0.4960132837295532
YOL068C,YDL222C,0,,0.16759568452835083,0.998892605304718,0.4961240291595459
YNL186W,YJL137C,0,,0.16756455600261688,0.998892605304718,0.4962347745895386
YOL119C,YGL097W,0,,0.16753342747688293,0.998892605304718,0.49634552001953125
YKL113C,YFR009W,0,,0.16750231385231018,0.998892605304718,0.4964562654495239
YGR271C-A,YKR039W,0,,0.16747121512889862,0.998892605304718,0.4965670108795166
YBR139W,YPL069C,0,,0.16744013130664825,0.998892605304718,0.4966777265071869
YPL055C,YOR303W,0,,0.16740906238555908,0.998892605304718,0.49678847193717957
YGL131C,YBR139W,0,,0.1673779934644699,0.998892605304718,0.49689921736717224
YGL013C,YCR088W,0,,0.16734693944454193,0.998892605304718,0.4970099627971649
YML019W,YOL021C,0,,0.16731590032577515,0.998892605304718,0.4971207082271576
YER078C,YIL050W,0,,0.16728486120700836,0.998892605304718,0.49723145365715027
YOL130W,YLL032C,0,,0.16725385189056396,0.998892605304718,0.49734219908714294
YKL073W,YKR024C,0,,0.16722284257411957,0.998892605304718,0.4974529445171356
YOR368W,YNR046W,0,,0.16719184815883636,0.998892605304718,0.4975636899471283
YOR095C,YPR101W,0,,0.16716085374355316,0.998892605304718,0.4976744055747986
YAR050W,YPL009C,0,,0.16712988913059235,0.998892605304718,0.49778515100479126
YKR086W,YDR324C,0,,0.16709892451763153,0.998892605304718,0.49789589643478394
YPL232W,YIL015W,0,,0.1670679748058319,0.998892605304718,0.4980066418647766
YDR006C,YLR449W,0,,0.16703703999519348,0.998892605304718,0.4981173872947693
YBR229C,YPL118W,0,,0.16700610518455505,0.998892605304718,0.49822813272476196
YMR079W,YNL082W,0,,0.166975200176239,0.998892605304718,0.49833887815475464
YKL055C,YPR056W,0,,0.16694429516792297,0.998892605304718,0.4984496235847473
YGR121C,YGR132C,0,,0.16691339015960693,0.998892605304718,0.49856036901474
YMR216C,YBL101C,0,,0.16688251495361328,0.998892605304718,0.4986710846424103
YBR280C,YFR055W,0,,0.16685163974761963,0.998892605304718,0.49878183007240295
YGR278W,YKL208W,0,,0.16682079434394836,0.998892605304718,0.49889257550239563
YOR128C,YER069W,0,,0.1667899340391159,0.998892605304718,0.4990033209323883
YBR073W,YDR191W,0,,0.16675910353660583,0.998892605304718,0.499114066362381
YKL222C,YML024W,0,,0.16672828793525696,0.998892605304718,0.49922481179237366
YPL009C,YGR098C,0,,0.16669747233390808,0.998892605304718,0.49933555722236633
YNR023W,YNR046W,0,,0.1666666716337204,0.998892605304718,0.499446302652359
YGL099W,YLL010C,0,,0.16663587093353271,0.998892605304718,0.4995570182800293
YGR277C,YEL020C,0,,0.16660510003566742,0.998892605304718,0.499667763710022
YDL212W,YLL010C,0,,0.16657432913780212,0.998892605304718,0.49977850914001465
YPL227C,YPL030W,0,,0.16654357314109802,0.998892605304718,0.4998892545700073
YBR126C,YNL030W,0,,0.16651283204555511,0.998892605304718,0.5
YMR202W,YML010W,0,,0.1664820909500122,0.998892605304718,0.5001107454299927
YCL040W,YGL013C,0,,0.1664513796567917,0.998892605304718,0.5002214908599854
YCR067C,YHR115C,0,,0.16642066836357117,0.998892605304718,0.500332236289978
YNR073C,YBR084C-A,0,,0.16638997197151184,0.998892605304718,0.5004429817199707
YPL212C,YJL104W,0,,0.16635927557945251,0.998892605304718,0.5005537271499634
YJL093C,YDR409W,0,,0.16632859408855438,0.998892605304718,0.500664472579956
YJL151C,YHR143W-A,0,,0.16629794239997864,0.998892605304718,0.5007752180099487
YGR157W,YDR264C,0,,0.1662672758102417,0.998892605304718,0.5008859634399414
YLR132C,YNL088W,0,,0.16623663902282715,0.998892605304718,0.5009966492652893
YIR021W,YLR210W,0,,0.1662060022354126,0.998892605304718,0.501107394695282
YJL159W,YDL191W,0,,0.16617538034915924,0.998892605304718,0.5012181401252747
YJR099W,YGR231C,0,,0.16614477336406708,0.998892605304718,0.5013288855552673
YJR105W,YJR067C,0,,0.1661141812801361,0.998892605304718,0.50143963098526
YMR011W,YDR346C,0,,0.16608358919620514,0.998892605304718,0.5015503764152527
YOR149C,YGR028W,0,,0.16605301201343536,0.998892605304718,0.5016611218452454
YLR274W,YNL272C,0,,0.16602244973182678,0.998892605304718,0.501771867275238
YOL110W,YPL046C,0,,0.1659919023513794,0.998892605304718,0.5018826127052307
YHR102W,YDR001C,0,,0.165961354970932,0.998892605304718,0.5019933581352234
YBR293W,YGR172C,0,,0.165930837392807,0.998892605304718,0.5021041035652161
YDR462W,YPL057C,0,,0.165900319814682,0.998892605304718,0.5022148489952087
YAR014C,YPL255W,0,,0.165869802236557,0.998892605304718,0.5023255944252014
YDR051C,YLR405W,0,,0.1658393144607544,0.998892605304718,0.5024363398551941
YHR039C,YHR203C,0,,0.16580882668495178,0.998892605304718,0.5025470852851868
YBR217W,YBR084C-A,0,,0.16577835381031036,0.998892605304718,0.5026578307151794
YNL064C,YDL014W,0,,0.16574788093566895,0.998892605304718,0.5027685761451721
YKL071W,YDR477W,0,,0.16571743786334991,0.998892605304718,0.50287926197052
YPL053C,YPL232W,0,,0.16568699479103088,0.998892605304718,0.5029900074005127
YHR203C,YML010W,0,,0.16565656661987305,0.998892605304718,0.5031007528305054
YBR136W,YJL074C,0,,0.1656261533498764,0.998892605304718,0.503211498260498
YER035W,YER004W,0,,0.16559574007987976,0.998892605304718,0.5033222436904907
YDR324C,YKL018W,0,,0.1655653417110443,0.998892605304718,0.5034329891204834
YDL191W,YOR198C,0,,0.16553495824337006,0.998892605304718,0.5035437345504761
YDL232W,YOL148C,0,,0.165504589676857,0.998892605304718,0.5036544799804688
YGR227W,YDR184C,0,,0.16547422111034393,0.998892605304718,0.5037652254104614
YGR091W,YKR029C,0,,0.16544386744499207,0.998892605304718,0.5038759708404541
YPR033C,YGL187C,0,,0.1654135286808014,0.998892605304718,0.5039867162704468
YLR064W,YDR354W,0,,0.1653832048177719,0.998892605304718,0.5040974617004395
YJR088C,YMR231W,0,,0.16535288095474243,0.998892605304718,0.5042082071304321
YHL033C,YER169W,0,,0.16532258689403534,0.998892605304718,0.5043189525604248
YFR046C,YFL022C,0,,0.16529227793216705,0.998892605304718,0.5044296979904175
YHL002W,YGR140W,0,,0.16526199877262115,0.998892605304718,0.5045404434204102
YJL184W,YKL092C,0,,0.16523173451423645,0.998892605304718,0.5046511888504028
YNL071W,YIR003W,0,,0.16520147025585175,0.998892605304718,0.5047619342803955
YCR066W,YNR049C,0,,0.16517122089862823,0.998892605304718,0.5048726201057434
YCL011C,YML022W,0,,0.16514097154140472,0.998892605304718,0.5049833655357361
YMR121C,YCR003W,0,,0.1651107519865036,0.998892605304718,0.5050941109657288
YGL029W,YLR022C,0,,0.16508053243160248,0.998892605304718,0.5052048563957214
YDR155C,YIL103W,0,,0.16505031287670135,0.998892605304718,0.5053156018257141
YMR119W,YGL065C,0,,0.16502012312412262,0.998892605304718,0.5054263472557068
YJL207C,YNL327W,0,,0.16498993337154388,0.998892605304718,0.5055370926856995
YOL148C,YOR245C,0,,0.16495975852012634,0.998892605304718,0.5056478381156921
YKL046C,YLR057W,0,,0.16492959856987,0.998892605304718,0.5057585835456848
YNL209W,YHL018W,0,,0.16489945352077484,0.998892605304718,0.5058693289756775
YBR293W,YIL010W,0,,0.1648693084716797,0.998892605304718,0.5059800744056702
YNR032W,YDL058W,0,,0.16483917832374573,0.998892605304718,0.5060908198356628
YPL016W,YOR058C,0,,0.16480906307697296,0.998892605304718,0.5062015652656555
YDL212W,YCR003W,0,,0.1647789478302002,0.998892605304718,0.5063123106956482
YIL082W-A,YKR046C,0,,0.16474886238574982,0.998892605304718,0.5064230561256409
YPR082C,YPR033C,0,,0.16471877694129944,0.998892605304718,0.5065338015556335
YJL204C,YNL003C,0,,0.16468869149684906,0.998892605304718,0.5066445469856262
YGL044C,YOR303W,0,,0.16465863585472107,0.998892605304718,0.5067552328109741
YOR100C,YNL197C,0,,0.16462858021259308,0.998892605304718,0.5068659782409668
YPR020W,YMR058W,0,,0.16459853947162628,0.998892605304718,0.5069767236709595
YMR014W,YOR028C,0,,0.16456851363182068,0.998892605304718,0.5070874691009521
YFL016C,YFL008W,0,,0.16453848779201508,0.998892605304718,0.5071982145309448
YER018C,YER075C,0,,0.16450847685337067,0.998892605304718,0.5073089599609375
YKL049C,YPR107C,0,,0.16447848081588745,0.998892605304718,0.5074197053909302
YGR203W,YFL002C,0,,0.16444849967956543,0.998892605304718,0.5075304508209229
YLR378C,YNR075W,0,,0.1644185185432434,0.998892605304718,0.5076411962509155
YMR047C,YPL023C,0,,0.16438855230808258,0.998892605304718,0.5077519416809082
YBL046W,YDR538W,0,,0.16435860097408295,0.998892605304718,0.5078626871109009
YOL013C,YPL128C,0,,0.1643286645412445,0.998892605304718,0.5079734325408936
YOR336W,YDR186C,0,,0.16429872810840607,0.998892605304718,0.5080841779708862
YDL064W,YGL156W,0,,0.16426880657672882,0.998892605304718,0.5081949234008789
YPR103W,YGL079W,0,,0.16423889994621277,0.998892605304718,0.5083056688308716
YLR135W,YJL115W,0,,0.16420899331569672,0.998892605304718,0.5084164142608643
YGR172C,YLR133W,0,,0.16417910158634186,0.998892605304718,0.5085271596908569
YPL012W,YOR375C,0,,0.1641492247581482,0.998892605304718,0.5086378455162048
YFL031W,YCR070W,0,,0.16411936283111572,0.998892605304718,0.5087485909461975
YKL008C,YOR005C,0,,0.16408950090408325,0.998892605304718,0.5088593363761902
YER118C,YGL097W,0,,0.16405965387821198,0.998892605304718,0.5089700818061829
YLR233C,YGR183C,0,,0.1640298217535019,0.998892605304718,0.5090808272361755
YPL228W,YML075C,0,,0.164000004529953,0.998892605304718,0.5091915726661682
YJR067C,YML001W,0,,0.1639701873064041,0.998892605304718,0.5093023180961609
YDR338C,YFR051C,0,,0.16394038498401642,0.998892605304718,0.5094130635261536
YGR257C,YBL102W,0,,0.16391059756278992,0.998892605304718,0.5095238089561462
YPR103W,YNL083W,0,,0.16388081014156342,0.998892605304718,0.5096345543861389
YNL315C,YKL193C,0,,0.1638510376214981,0.998892605304718,0.5097452998161316
YNL305C,YNL336W,0,,0.163821280002594,0.998892605304718,0.5098560452461243
YLR128W,YER039C,0,,0.16379153728485107,0.998892605304718,0.5099667906761169
YKL120W,YDR409W,0,,0.16376179456710815,0.998892605304718,0.5100775361061096
YBR132C,YHR072W-A,0,,0.16373208165168762,0.998892605304718,0.5101882815361023
YLR070C,YOR255W,0,,0.1637023538351059,0.998892605304718,0.510299026966095
YHL018W,YCR043C,0,,0.16367265582084656,0.998892605304718,0.5104097723960876
YER078C,YIL085C,0,,0.16364295780658722,0.998892605304718,0.5105204582214355
YKL073W,YIL114C,0,,0.16361327469348907,0.998892605304718,0.5106312036514282
YBR204C,YJR077C,0,,0.16358360648155212,0.998892605304718,0.5107419490814209
YDR408C,YCL045C,0,,0.16355393826961517,0.998892605304718,0.5108526945114136
YNL264C,YOL013C,0,,0.1635242998600006,0.998892605304718,0.5109634399414062
YNL090W,YJL014W,0,,0.16349464654922485,0.998892605304718,0.5110741853713989
YOR321W,YKR003W,0,,0.16346502304077148,0.998892605304718,0.5111849308013916
YOR095C,YJL104W,0,,0.16343539953231812,0.998892605304718,0.5112956762313843
YDR104C,YPR065W,0,,0.16340579092502594,0.998892605304718,0.511406421661377
YOR368W,YHR042W,0,,0.16337619721889496,0.998892605304718,0.5115171670913696
YDR099W,YKL184W,0,,0.16334661841392517,0.998892605304718,0.5116279125213623
YNR036C,YMR291W,0,,0.16331703960895538,0.998892605304718,0.511738657951355
YOR196C,YDR477W,0,,0.1632874757051468,0.998892605304718,0.5118494033813477
YER124C,YOR205C,0,,0.1632579118013382,0.998892605304718,0.5119601488113403
YGL208W,YGR215W,0,,0.163228377699852,0.998892605304718,0.512070894241333
YCR033W,YBR014C,0,,0.16319884359836578,0.998892605304718,0.5121816396713257
YPR009W,YFL003C,0,,0.16316932439804077,0.998892605304718,0.5122923851013184
YAR008W,YDR079C-A,0,,0.16313980519771576,0.998892605304718,0.512403130531311
YNL064C,YHR124W,0,,0.16311030089855194,0.998892605304718,0.5125138163566589
YDR156W,YGL187C,0,,0.16308081150054932,0.998892605304718,0.5126245617866516
YDR349C,YBL105C,0,,0.16305133700370789,0.998892605304718,0.5127353072166443
YPR151C,YML121W,0,,0.16302186250686646,0.998892605304718,0.512846052646637
YBR068C,YOR073W,0,,0.1629924178123474,0.998892605304718,0.5129567980766296
YKL120W,YKR039W,0,,0.16296295821666718,0.998892605304718,0.5130675435066223
YDL212W,YML130C,0,,0.16293352842330933,0.998892605304718,0.513178288936615
YNR012W,YLR405W,0,,0.16290409862995148,0.998892605304718,0.5132890343666077
YPL190C,YDR037W,0,,0.16287468373775482,0.998892605304718,0.5133997797966003
YIL016W,YKR042W,0,,0.16284528374671936,0.998892605304718,0.513510525226593
YJL028W,YLR393W,0,,0.1628158837556839,0.998892605304718,0.5136212706565857
YGL017W,YIL091C,0,,0.16278649866580963,0.998892605304718,0.5137320160865784
YDR171W,YNL312W,0,,0.16275712847709656,0.998892605304718,0.513842761516571
YER078C,YOR329C,0,,0.16272775828838348,0.998892605304718,0.5139535069465637
YDR338C,YBL071W-A,0,,0.1626984179019928,0.998892605304718,0.5140642523765564
YER001W,YLR256W,0,,0.1626690775156021,0.998892605304718,0.5141749978065491
YAL032C,YPL084W,0,,0.16263973712921143,0.998892605304718,0.5142857432365417
YLR057W,YPR025C,0,,0.16261042654514313,0.998892605304718,0.5143964290618896
YDL025C,YPR103W,0,,0.16258111596107483,0.998892605304718,0.5145071744918823
YLR378C,YCR008W,0,,0.16255180537700653,0.998892605304718,0.514617919921875
YGL208W,YCL026C-A,0,,0.16252252459526062,0.998892605304718,0.5147286653518677
YPL032C,YJL118W,0,,0.1624932438135147,0.998892605304718,0.5148394107818604
YBR136W,YOR030W,0,,0.16246397793293,0.998892605304718,0.514950156211853
YER118C,YFL052W,0,,0.16243472695350647,0.998892605304718,0.5150609016418457
YNL088W,YML029W,0,,0.16240547597408295,0.998892605304718,0.5151716470718384
YPL084W,YKR065C,0,,0.16237623989582062,0.998892605304718,0.515282392501831
YPR181C,YCR043C,0,,0.16234701871871948,0.998892605304718,0.5153931379318237
YPR124W,YGL077C,0,,0.16231779754161835,0.998892605304718,0.5155038833618164
YBR167C,YNR075W,0,,0.1622885912656784,0.998892605304718,0.5156146287918091
YJL116C,YDL004W,0,,0.16225939989089966,0.998892605304718,0.5157253742218018
YGR038W,YDR051C,0,,0.1622302085161209,0.998892605304718,0.5158361196517944
YHR196W,YKL157W,0,,0.16220104694366455,0.998892605304718,0.5159468650817871
YNR012W,YDR324C,0,,0.1621718853712082,0.998892605304718,0.5160576105117798
YJR152W,YHR042W,0,,0.16214272379875183,0.998892605304718,0.5161683559417725
YGL055W,YLR222C,0,,0.16211359202861786,0.998892605304718,0.5162790417671204
YGL134W,YER016W,0,,0.1620844602584839,0.998892605304718,0.516389787197113
YMR309C,YNL336W,0,,0.1620553433895111,0.998892605304718,0.5165005326271057
YLR051C,YAR008W,0,,0.16202622652053833,0.998892605304718,0.5166112780570984
YIR008C,YNL087W,0,,0.16199712455272675,0.998892605304718,0.5167220234870911
YKL035W,YPL060C-A,0,,0.16196803748607635,0.998892605304718,0.5168327689170837
YBL045C,YOR205C,0,,0.16193896532058716,0.998892605304718,0.5169435143470764
YLR423C,YGR249W,0,,0.16190989315509796,0.998892605304718,0.5170542597770691
YKR081C,YGL150C,0,,0.16188083589076996,0.998892605304718,0.5171650052070618
YEL063C,YBL008W-A,0,,0.16185177862644196,0.998892605304718,0.5172757506370544
YDR462W,YGL181W,0,,0.16182275116443634,0.998892605304718,0.5173864960670471
YHL033C,YHL013C,0,,0.16179372370243073,0.998892605304718,0.5174972414970398
YNL316C,YCR043C,0,,0.1617647111415863,0.998892605304718,0.5176079869270325
YHR121W,YLL032C,0,,0.16173569858074188,0.998892605304718,0.5177187323570251
YIR021W,YER122C,0,,0.16170670092105865,0.998892605304718,0.5178294777870178
YKR060W,YER026C,0,,0.16167771816253662,0.998892605304718,0.5179402232170105
YNL134C,YGL029W,0,,0.16164875030517578,0.998892605304718,0.5180509686470032
YPR140W,YOR133W,0,,0.16161978244781494,0.998892605304718,0.5181616544723511
YLR275W,YHR026W,0,,0.1615908294916153,0.998892605304718,0.5182723999023438
YGL002W,YDR506C,0,,0.16156189143657684,0.998892605304718,0.5183831453323364
YAL005C,YBL005W-A,0,,0.1615329533815384,0.998892605304718,0.5184938907623291
YNR036C,YGL008C,0,,0.16150403022766113,0.998892605304718,0.5186046361923218
YPL212C,YBR004C,0,,0.16147512197494507,0.998892605304718,0.5187153816223145
YHR079C-A,YDR294C,0,,0.161446213722229,0.998892605304718,0.5188261270523071
YGL055W,YML065W,0,,0.16141732037067413,0.998892605304718,0.5189368724822998
YDL153C,YMR309C,0,,0.16138844192028046,0.998892605304718,0.5190476179122925
YDR153C,YCL030C,0,,0.16135956346988678,0.998892605304718,0.5191583633422852
YNL329C,YLR133W,0,,0.1613307148218155,0.998892605304718,0.5192691087722778
YLR116W,YLL028W,0,,0.1613018661737442,0.998892605304718,0.5193798542022705
YHR072W-A,YHR128W,0,,0.1612730175256729,0.998892605304718,0.5194905996322632
YJR129C,YDL236W,0,,0.16124418377876282,0.998892605304718,0.5196013450622559
YFL008W,YOR073W,0,,0.16121536493301392,0.998892605304718,0.5197120904922485
YOR149C,YKL220C,0,,0.1611865609884262,0.998892605304718,0.5198228359222412
YIR021W,YGR271C-A,0,,0.1611577570438385,0.998892605304718,0.5199335813522339
YHL007C,YOR368W,0,,0.161128968000412,0.998892605304718,0.5200442671775818
YDR506C,YMR092C,0,,0.16110019385814667,0.998892605304718,0.5201550126075745
YOL039W,YGR013W,0,,0.16107143461704254,0.998892605304718,0.5202657580375671
YER003C,YGR240C,0,,0.16104267537593842,0.998892605304718,0.5203765034675598
YDL132W,YGR207C,0,,0.16101393103599548,0.998892605304718,0.5204872488975525
YDR085C,YHR042W,0,,0.16098518669605255,0.998892605304718,0.5205979943275452
YEL026W,YGR172C,0,,0.1609564572572708,0.998892605304718,0.5207087397575378
YNR073C,YDR446W,0,,0.16092774271965027,0.998892605304718,0.5208194851875305
YOL128C,YDL020C,0,,0.16089904308319092,0.998892605304718,0.5209302306175232
YOL008W,YKR018C,0,,0.16087034344673157,0.998892605304718,0.5210409760475159
YPL020C,YJL203W,0,,0.1608416587114334,0.998892605304718,0.5211517214775085
YML093W,YPL270W,0,,0.16081297397613525,0.998892605304718,0.5212624669075012
YDR346C,YOL058W,0,,0.16078431904315948,0.998892605304718,0.5213732123374939
YDL178W,YOR303W,0,,0.16075566411018372,0.998892605304718,0.5214839577674866
YJL010C,YKR022C,0,,0.16072700917720795,0.998892605304718,0.5215947031974792
YHR032W,YCR097W,0,,0.16069838404655457,0.998892605304718,0.5217054486274719
YGR152C,YOL088C,0,,0.16066975891590118,0.998892605304718,0.5218161940574646
YDR485C,YDR085C,0,,0.1606411337852478,0.998892605304718,0.5219269394874573
YPL241C,YDL014W,0,,0.1606125384569168,0.998892605304718,0.5220376253128052
YKL209C,YJL014W,0,,0.16058394312858582,0.998892605304718,0.5221483707427979
YGL086W,YLR133W,0,,0.16055536270141602,0.998892605304718,0.5222591161727905
YLR423C,YMR068W,0,,0.16052678227424622,0.998892605304718,0.5223698616027832
YNL154C,YDL079C,0,,0.1604982167482376,0.998892605304718,0.5224806070327759
YDR489W,YNR051C,0,,0.1604696661233902,0.998892605304718,0.5225913524627686
YGL130W,YMR309C,0,,0.16044113039970398,0.998892605304718,0.5227020978927612
YDR522C,YLR405W,0,,0.16041259467601776,0.998892605304718,0.5228128433227539
YOR003W,YIL129C,0,,0.16038407385349274,0.998892605304718,0.5229235887527466
YJL113W,YMR244C-A,0,,0.1603555530309677,0.998892605304718,0.5230343341827393
YLR144C,YPR164W,0,,0.16032704710960388,0.998892605304718,0.5231450796127319
YIL010W,YPL270W,0,,0.16029855608940125,0.998892605304718,0.5232558250427246
YGR215W,YEL009C,0,,0.1602700799703598,0.998892605304718,0.5233665704727173
YDR147W,YBR221C,0,,0.16024160385131836,0.998892605304718,0.52347731590271
YDL066W,YJL160C,0,,0.1602131426334381,0.998892605304718,0.5235880613327026
YER078C,YOR343C-B,0,,0.16018469631671906,0.998892605304718,0.5236988067626953
YIL016W,YCR071C,0,,0.16015625,0.998892605304718,0.523809552192688
YMR190C,YCR097W,0,,0.16012781858444214,0.998892605304718,0.5239202380180359
YOR010C,YDL122W,0,,0.16009940207004547,0.998892605304718,0.5240309834480286
YDL025C,YGL038C,0,,0.1600709855556488,0.998892605304718,0.5241417288780212
YJR043C,YDR037W,0,,0.16004258394241333,0.998892605304718,0.5242524743080139
YKR081C,YLR071C,0,,0.16001419723033905,0.998892605304718,0.5243632197380066
YCR089W,YNL047C,0,,0.15998581051826477,0.998892605304718,0.5244739651679993
YOR361C,YJL138C,0,,0.15995743870735168,0.998892605304718,0.5245847105979919
YMR283C,YEL046C,0,,0.1599290817975998,0.998892605304718,0.5246954560279846
YAL001C,YMR052W,0,,0.1599007248878479,0.998892605304718,0.5248062014579773
YGL207W,YGR163W,0,,0.1598723828792572,0.998892605304718,0.52491694688797
YBR290W,YLR368W,0,,0.1598440557718277,0.998892605304718,0.5250276923179626
YHL002W,YGL077C,0,,0.1598157286643982,0.998892605304718,0.5251384377479553
YJL092W,YNL197C,0,,0.15978741645812988,0.998892605304718,0.525249183177948
YML078W,YML058W,0,,0.15975911915302277,0.998892605304718,0.5253599286079407
YMR278W,YBR179C,0,,0.15973083674907684,0.998892605304718,0.5254706740379333
YEL011W,YOL027C,0,,0.15970255434513092,0.998892605304718,0.525581419467926
YPL069C,YOR010C,0,,0.159674271941185,0.998892605304718,0.5256921648979187
YBR127C,YKL157W,0,,0.15964601933956146,0.998892605304718,0.5258028507232666
YGL038C,YGL245W,0,,0.15961776673793793,0.998892605304718,0.5259135961532593
YPR107C,YKL193C,0,,0.15958952903747559,0.998892605304718,0.526024341583252
YHR007C,YJL154C,0,,0.15956129133701324,0.998892605304718,0.5261350870132446
YHR187W,YLR362W,0,,0.1595330685377121,0.998892605304718,0.5262458324432373
YLR135W,YLR308W,0,,0.15950486063957214,0.998892605304718,0.52635657787323
YEL034W,YLR081W,0,,0.15947666764259338,0.998892605304718,0.5264673233032227
YLR071C,YMR251W-A,0,,0.15944847464561462,0.998892605304718,0.5265780687332153
YNL321W,YKL084W,0,,0.15942029654979706,0.998892605304718,0.526688814163208
YEL077C,YPL066W,0,,0.1593921184539795,0.998892605304718,0.5267995595932007
YJR043C,YFL031W,0,,0.15936395525932312,0.998892605304718,0.5269103050231934
YFL034C-B,YER172C,0,,0.15933580696582794,0.998892605304718,0.527021050453186
YBR235W,YPR181C,0,,0.15930765867233276,0.998892605304718,0.5271317958831787
YBR298C,YBR098W,0,,0.15927954018115997,0.998892605304718,0.5272425413131714
YER039C,YOR354C,0,,0.159251406788826,0.998892605304718,0.5273532867431641
YDR058C,YJL138C,0,,0.1592233031988144,0.998892605304718,0.5274640321731567
YBL050W,YLR398C,0,,0.1591951996088028,0.998892605304718,0.5275747776031494
YNR023W,YBR200W,0,,0.1591671109199524,0.998892605304718,0.5276854634284973
YOL060C,YMR231W,0,,0.159139022231102,0.998892605304718,0.52779620885849
YLR376C,YPL079W,0,,0.15911094844341278,0.998892605304718,0.5279069542884827
YJL092W,YLR256W,0,,0.15908288955688477,0.998892605304718,0.5280176997184753
YCR024C-A,YPR052C,0,,0.15905484557151794,0.998892605304718,0.528128445148468
YIL066C,YML062C,0,,0.15902680158615112,0.998892605304718,0.5282391905784607
YIL121W,YPL212C,0,,0.1589987725019455,0.998892605304718,0.5283499360084534
YPL009C,YGL012W,0,,0.15897074341773987,0.998892605304718,0.528460681438446
YPL268W,YNL075W,0,,0.15894272923469543,0.998892605304718,0.5285714268684387
YLR240W,YDL191W,0,,0.1589147299528122,0.998892605304718,0.5286821722984314
YOR284W,YNL148C,0,,0.15888673067092896,0.998892605304718,0.5287929177284241
YPL047W,YDR293C,0,,0.1588587462902069,0.998892605304718,0.5289036631584167
YBR106W,YDR291W,0,,0.15883077681064606,0.998892605304718,0.5290144085884094
YAR050W,YDR198C,0,,0.1588028222322464,0.998892605304718,0.5291251540184021
YDL193W,YDR382W,0,,0.15877486765384674,0.998892605304718,0.5292358994483948
YDL005C,YNL279W,0,,0.15874691307544708,0.998892605304718,0.5293466448783875
YIL066C,YPL118W,0,,0.1587189882993698,0.998892605304718,0.5294573903083801
YGR090W,YMR202W,0,,0.15869106352329254,0.998892605304718,0.5295681357383728
YER054C,YER042W,0,,0.15866315364837646,0.998892605304718,0.5296788215637207
YOR100C,YBR167C,0,,0.1586352437734604,0.998892605304718,0.5297895669937134
YEL003W,YNL279W,0,,0.1586073487997055,0.998892605304718,0.529900312423706
YMR268C,YHR026W,0,,0.15857946872711182,0.998892605304718,0.5300110578536987
YOR033C,YDR382W,0,,0.15855158865451813,0.998892605304718,0.5301218032836914
YKR080W,YNL148C,0,,0.15852372348308563,0.998892605304718,0.5302325487136841
YHR124W,YDR051C,0,,0.15849587321281433,0.998892605304718,0.5303432941436768
YMR231W,YCL027C-A,0,,0.15846802294254303,0.998892605304718,0.5304540395736694
YDR006C,YML111W,0,,0.15844018757343292,0.998892605304718,0.5305647850036621
YDR261C-C,YOR088W,0,,0.158412367105484,0.998892605304718,0.5306755304336548
YAL001C,YBL019W,0,,0.1583845466375351,0.998892605304718,0.5307862758636475
YNL067W,YBL101C,0,,0.15835674107074738,0.998892605304718,0.5308970212936401
YJR044C,YJL159W,0,,0.15832895040512085,0.998892605304718,0.5310077667236328
YDR293C,YHR019C,0,,0.15830115973949432,0.998892605304718,0.5311185121536255
YDL232W,YCR070W,0,,0.158273383975029,0.998892605304718,0.5312292575836182
YDL132W,YOR284W,0,,0.15824560821056366,0.998892605304718,0.5313400030136108
YER035W,YER021W,0,,0.15821786224842072,0.998892605304718,0.5314507484436035
YDR153C,YOL148C,0,,0.15819010138511658,0.998892605304718,0.5315614342689514
YER078C,YDR079C-A,0,,0.15816237032413483,0.998892605304718,0.5316721796989441
YGL023C,YOR361C,0,,0.15813463926315308,0.998892605304718,0.5317829251289368
YBL040C,YIR007W,0,,0.15810692310333252,0.998892605304718,0.5318936705589294
YDR043C,YGL175C,0,,0.15807922184467316,0.998892605304718,0.5320044159889221
YOR362C,YHL018W,0,,0.1580515205860138,0.998892605304718,0.5321151614189148
YLR369W,YDL207W,0,,0.15802381932735443,0.998892605304718,0.5322259068489075
YMR236W,YBR179C,0,,0.15799614787101746,0.998892605304718,0.5323366522789001
YCR083W,YHR084W,0,,0.15796847641468048,0.998892605304718,0.5324473977088928
YJR044C,YLR095C,0,,0.1579408198595047,0.998892605304718,0.5325581431388855
YER141W,YGL079W,0,,0.15791316330432892,0.998892605304718,0.5326688885688782
YBR088C,YCR023C,0,,0.15788552165031433,0.998892605304718,0.5327796339988708
YAR066W,YJR144W,0,,0.15785789489746094,0.998892605304718,0.5328903794288635
YKL091C,YNL245C,0,,0.15783026814460754,0.998892605304718,0.5330011248588562
YBL046W,YMR044W,0,,0.15780265629291534,0.998892605304718,0.5331118702888489
YCL033C,YHR026W,0,,0.15777505934238434,0.998892605304718,0.5332226157188416
YNR026C,YIL158W,0,,0.15774746239185333,0.998892605304718,0.5333333611488342
YCL033C,YOR171C,0,,0.15771988034248352,0.998892605304718,0.5334440469741821
YDR302W,YDR079C-A,0,,0.1576923131942749,0.998892605304718,0.5335547924041748
YOL130W,YAL047C,0,,0.15766474604606628,0.998892605304718,0.5336655378341675
YLR116W,YOL089C,0,,0.15763719379901886,0.998892605304718,0.5337762832641602
YML110C,YNL299W,0,,0.15760964155197144,0.998892605304718,0.5338870286941528
YPR124W,YDR258C,0,,0.1575821042060852,0.998892605304718,0.5339977741241455
YOR188W,YNL097C,0,,0.15755458176136017,0.998892605304718,0.5341085195541382
YBL004W,YML069W,0,,0.15752707421779633,0.998892605304718,0.5342192649841309
YOL013C,YOR198C,0,,0.15749956667423248,0.998892605304718,0.5343300104141235
YDL212W,YKL157W,0,,0.15747207403182983,0.998892605304718,0.5344407558441162
YKL184W,YJL100W,0,,0.15744458138942719,0.998892605304718,0.5345515012741089
YML066C,YIL158W,0,,0.15741710364818573,0.998892605304718,0.5346622467041016
YER183C,YPL008W,0,,0.15738964080810547,0.998892605304718,0.5347729921340942
YBR103W,YGR240C,0,,0.1573621779680252,0.998892605304718,0.5348837375640869
YCR102C,YBR018C,0,,0.15733473002910614,0.998892605304718,0.5349944829940796
YER006W,YEL003W,0,,0.15730729699134827,0.998892605304718,0.5351052284240723
YBR235W,YIR008C,0,,0.1572798639535904,0.998892605304718,0.5352159738540649
YDR221W,YJR086W,0,,0.1572524458169937,0.998892605304718,0.5353266596794128
YBL105C,YLR095C,0,,0.15722502768039703,0.998892605304718,0.5354374051094055
YBL066C,YJR137C,0,,0.15719762444496155,0.998892605304718,0.5355481505393982
YGL065C,YLR216C,0,,0.15717023611068726,0.998892605304718,0.5356588959693909
YIR028W,YLR178C,0,,0.15714286267757416,0.998892605304718,0.5357696413993835
YBR186W,YBR135W,0,,0.15711548924446106,0.998892605304718,0.5358803868293762
YML069W,YOL027C,0,,0.15708811581134796,0.998892605304718,0.5359911322593689
YLR225C,YNR063W,0,,0.15706077218055725,0.998892605304718,0.5361018776893616
YAL001C,YDL201W,0,,0.15703342854976654,0.998892605304718,0.5362126231193542
YLR298C,YOL089C,0,,0.15700608491897583,0.998892605304718,0.5363233685493469
YBR077C,YDR147W,0,,0.1569787710905075,0.998892605304718,0.5364341139793396
YPR103W,YPL266W,0,,0.15695145726203918,0.998892605304718,0.5365448594093323
YMR268C,YDL213C,0,,0.15692414343357086,0.998892605304718,0.536655604839325
YFL008W,YDR198C,0,,0.15689684450626373,0.998892605304718,0.5367663502693176
YAL055W,YFR004W,0,,0.1568695604801178,0.998892605304718,0.5368770956993103
YGR023W,YGL029W,0,,0.15684229135513306,0.998892605304718,0.536987841129303
YDR017C,YNL197C,0,,0.15681502223014832,0.998892605304718,0.5370985865592957
YCR088W,YJL118W,0,,0.15678776800632477,0.998892605304718,0.5372093319892883
YAL014C,YER004W,0,,0.15676051378250122,0.998892605304718,0.5373200178146362
YCR066W,YPL158C,0,,0.15673327445983887,0.998892605304718,0.5374307632446289
YDL052C,YGL121C,0,,0.1567060500383377,0.998892605304718,0.5375415086746216
YLR320W,YLL015W,0,,0.15667882561683655,0.998892605304718,0.5376522541046143
YKL086W,YBR216C,0,,0.15665161609649658,0.998892605304718,0.5377629995346069
YML126C,YDL222C,0,,0.15662440657615662,0.998892605304718,0.5378737449645996
YMR283C,YOR005C,0,,0.15659722685813904,0.998892605304718,0.5379844903945923
YNL024C-A,YGR121C,0,,0.15657004714012146,0.998892605304718,0.538095235824585
YNR056C,YMR067C,0,,0.15654286742210388,0.998892605304718,0.5382059812545776
YCL030C,YKL193C,0,,0.1565157026052475,0.998892605304718,0.5383167266845703
YML064C,YPR104C,0,,0.1564885526895523,0.998892605304718,0.538427472114563
YLR423C,YML010W,0,,0.15646140277385712,0.998892605304718,0.5385382175445557
YNL225C,YDL214C,0,,0.15643426775932312,0.998892605304718,0.5386489629745483
YCR079W,YIL114C,0,,0.15640714764595032,0.998892605304718,0.538759708404541
YML069W,YDR524C-B,0,,0.15638002753257751,0.998892605304718,0.5388704538345337
YMR164C,YGL047W,0,,0.1563529223203659,0.998892605304718,0.5389811992645264
YPL242C,YNL003C,0,,0.1563258171081543,0.998892605304718,0.539091944694519
YKR022C,YMR052W,0,,0.15629874169826508,0.998892605304718,0.5392026305198669
YOR368W,YOL130W,0,,0.15627165138721466,0.998892605304718,0.5393133759498596
YHL002W,YML066C,0,,0.15624459087848663,0.998892605304718,0.5394241213798523
YDR214W,YKL184W,0,,0.1562175303697586,0.998892605304718,0.539534866809845
YDL212W,YDL014W,0,,0.15619046986103058,0.998892605304718,0.5396456122398376
YPL086C,YKL073W,0,,0.15616343915462494,0.998892605304718,0.5397563576698303
YCR071C,YML121W,0,,0.1561364084482193,0.998892605304718,0.539867103099823
YPL246C,YAR014C,0,,0.15610937774181366,0.998892605304718,0.5399778485298157
YMR135C,YOL148C,0,,0.1560823619365692,0.998892605304718,0.5400885939598083
YNL323W,YOR125C,0,,0.15605536103248596,0.998892605304718,0.540199339389801
YKL188C,YGL255W,0,,0.1560283750295639,0.998892605304718,0.5403100848197937
YHR188C,YDR186C,0,,0.15600138902664185,0.998892605304718,0.5404208302497864
YLR342W,YDR339C,0,,0.1559744030237198,0.998892605304718,0.540531575679779
YBL099W,YNR063W,0,,0.15594744682312012,0.998892605304718,0.5406423211097717
YPL217C,YNL299W,0,,0.15592049062252045,0.998892605304718,0.5407530665397644
YDR480W,YJL100W,0,,0.15589353442192078,0.998892605304718,0.5408638119697571
YOR128C,YDR180W,0,,0.1558665931224823,0.998892605304718,0.5409745573997498
YHR039C,YOL041C,0,,0.15583966672420502,0.998892605304718,0.5410852432250977
YOR234C,YGL130W,0,,0.15581275522708893,0.998892605304718,0.5411959886550903
YLR064W,YKR024C,0,,0.15578584372997284,0.998892605304718,0.541306734085083
YDR237W,YJL076W,0,,0.15575893223285675,0.998892605304718,0.5414174795150757
YFL018C,YER166W,0,,0.15573205053806305,0.998892605304718,0.5415282249450684
YDR073W,YDR261C-C,0,,0.15570516884326935,0.998892605304718,0.541638970375061
YGL121C,YPR022C,0,,0.15567828714847565,0.998892605304718,0.5417497158050537
YPL012W,YKR099C-A,0,,0.15565142035484314,0.998892605304718,0.5418604612350464
YOR130C,YHR166C,0,,0.15562456846237183,0.998892605304718,0.5419712066650391
YKL208W,YJL020C,0,,0.1555977165699005,0.998892605304718,0.5420819520950317
YDR153C,YDR163W,0,,0.1555708795785904,0.998892605304718,0.5421926975250244
YHR083W,YGR284C,0,,0.15554405748844147,0.998892605304718,0.5423034429550171
YNR073C,YPL030W,0,,0.15551723539829254,0.998892605304718,0.5424141883850098
YER006W,YPL187W,0,,0.1554904282093048,0.998892605304718,0.5425249338150024
YDR307W,YNL256W,0,,0.15546363592147827,0.998892605304718,0.5426356792449951
YGL134W,YML029W,0,,0.15543684363365173,0.998892605304718,0.5427464246749878
YKR013W,YGL001C,0,,0.1554100662469864,0.998892605304718,0.5428571701049805
YGR278W,YDL214C,0,,0.15538328886032104,0.998892605304718,0.5429678559303284
YIL157C,YKL092C,0,,0.1553565263748169,0.998892605304718,0.543078601360321
YFR051C,YLR027C,0,,0.15532977879047394,0.998892605304718,0.5431893467903137
YJL063C,YAR066W,0,,0.15530303120613098,0.998892605304718,0.5433000922203064
YOL097C,YIL091C,0,,0.15527629852294922,0.998892605304718,0.5434108376502991
YPL237W,YLR119W,0,,0.15524956583976746,0.998892605304718,0.5435215830802917
YDR541C,YOR028C,0,,0.1552228480577469,0.998892605304718,0.5436323285102844
YDL181W,YCL027C-A,0,,0.1551961451768875,0.998892605304718,0.5437430739402771
YMR135C,YNL058C,0,,0.15516944229602814,0.998892605304718,0.5438538193702698
YHR091C,YMR113W,0,,0.15514275431632996,0.998892605304718,0.5439645648002625
YPL020C,YPR201W,0,,0.15511608123779297,0.998892605304718,0.5440753102302551
YDL002C,YJR014W,0,,0.15508940815925598,0.998892605304718,0.5441860556602478
YLR307W,YGR271C-A,0,,0.1550627499818802,0.998892605304718,0.5442968010902405
YDR348C,YPR058W,0,,0.1550360918045044,0.998892605304718,0.5444075465202332
YLR332W,YLR308W,0,,0.1550094485282898,0.998892605304718,0.5445182919502258
YOL013C,YDR522C,0,,0.1549828201532364,0.998892605304718,0.5446290373802185
YLR057W,YCR034W,0,,0.15495619177818298,0.998892605304718,0.5447397828102112
YLR013W,YDR264C,0,,0.15492957830429077,0.998892605304718,0.5448504686355591
YHR112C,YOR058C,0,,0.15490296483039856,0.998892605304718,0.5449612140655518
YCR027C,YBL066C,0,,0.15487636625766754,0.998892605304718,0.5450719594955444
YKR081C,YHR032W,0,,0.15484978258609772,0.998892605304718,0.5451827049255371
YGR157W,YNL148C,0,,0.1548231989145279,0.998892605304718,0.5452934503555298
YLR174W,YGR277C,0,,0.15479663014411926,0.998892605304718,0.5454041957855225
YKL092C,YOR153W,0,,0.15477007627487183,0.998892605304718,0.5455149412155151
YDR180W,YLR272C,0,,0.1547435224056244,0.998892605304718,0.5456256866455078
YGR275W,YGR121C,0,,0.15471698343753815,0.998892605304718,0.5457364320755005
YJL184W,YOR198C,0,,0.1546904444694519,0.998892605304718,0.5458471775054932
YPL275W,YJL203W,0,,0.15466392040252686,0.998892605304718,0.5459579229354858
YMR011W,YKL160W,0,,0.154637411236763,0.998892605304718,0.5460686683654785
YER011W,YOR375C,0,,0.15461090207099915,0.998892605304718,0.5461794137954712
YMR161W,YDL236W,0,,0.15458440780639648,0.998892605304718,0.5462901592254639
YPR023C,YML033W,0,,0.15455791354179382,0.998892605304718,0.5464009046554565
YPL266W,YCR097W,0,,0.15453143417835236,0.998892605304718,0.5465116500854492
YDR522C,YNL326C,0,,0.15450496971607208,0.998892605304718,0.5466223955154419
YBR203W,YIL103W,0,,0.1544785052537918,0.998892605304718,0.5467331409454346
YHR003C,YGR261C,0,,0.15445205569267273,0.998892605304718,0.5468438267707825
YOR149C,YBL067C,0,,0.15442560613155365,0.998892605304718,0.5469545722007751
YKL065C,YOR303W,0,,0.15439917147159576,0.998892605304718,0.5470653176307678
YLR216C,YNL336W,0,,0.15437275171279907,0.998892605304718,0.5471760630607605
YPR075C,YNL224C,0,,0.15434633195400238,0.998892605304718,0.5472868084907532
YDL212W,YIL105C,0,,0.15431992709636688,0.998892605304718,0.5473975539207458
YDR163W,YBL019W,0,,0.15429353713989258,0.998892605304718,0.5475082993507385
YDL194W,YIR010W,0,,0.15426714718341827,0.998892605304718,0.5476190447807312
YMR067C,YMR251W-A,0,,0.15424077212810516,0.998892605304718,0.5477297902107239
YOR361C,YOR245C,0,,0.15421439707279205,0.998892605304718,0.5478405356407166
YBR290W,YMR199W,0,,0.15418803691864014,0.998892605304718,0.5479512810707092
YNL005C,YPR065W,0,,0.15416167676448822,0.998892605304718,0.5480620265007019
YJR047C,YNR069C,0,,0.1541353315114975,0.998892605304718,0.5481727719306946
YML008C,YGR041W,0,,0.15410900115966797,0.998892605304718,0.5482835173606873
YML066C,YIR035C,0,,0.15408268570899963,0.998892605304718,0.5483942627906799
YJL151C,YDL153C,0,,0.1540563553571701,0.998892605304718,0.5485050082206726
YPL227C,YDL014W,0,,0.15403005480766296,0.998892605304718,0.5486157536506653
YDR104C,YGL131C,0,,0.15400375425815582,0.998892605304718,0.5487264394760132
YNR063W,YLL023C,0,,0.15397746860980988,0.998892605304718,0.5488371849060059
YMR104C,YGR013W,0,,0.15395118296146393,0.998892605304718,0.5489479303359985
YLR128W,YER170W,0,,0.15392491221427917,0.998892605304718,0.5490586757659912
YDR365W-B,YKL222C,0,,0.15389865636825562,0.998892605304718,0.5491694211959839
YJL074C,YPL008W,0,,0.15387240052223206,0.998892605304718,0.5492801666259766
YDL226C,YDR538W,0,,0.1538461595773697,0.998892605304718,0.5493909120559692
YOR336W,YNR039C,0,,0.15381991863250732,0.998892605304718,0.5495016574859619
YDR123C,YHR128W,0,,0.15379369258880615,0.998892605304718,0.5496124029159546
YNL315C,YDR210W-A,0,,0.15376746654510498,0.998892605304718,0.5497231483459473
YOR128C,YKL193C,0,,0.1537412703037262,0.998892605304718,0.5498338937759399
YDR506C,YIL063C,0,,0.15371505916118622,0.998892605304718,0.5499446392059326
YJL159W,YPR033C,0,,0.15368887782096863,0.998892605304718,0.5500553846359253
YPR104C,YOR231W,0,,0.15366269648075104,0.998892605304718,0.550166130065918
YGL017W,YGR132C,0,,0.15363651514053345,0.998892605304718,0.5502768754959106
YIR035C,YHR176W,0,,0.15361034870147705,0.998892605304718,0.5503876209259033
YMR236W,YDL044C,0,,0.15358419716358185,0.998892605304718,0.550498366355896
YIL015W,YCR097W,0,,0.15355804562568665,0.998892605304718,0.5506090521812439
YGL125W,YHR016C,0,,0.15353190898895264,0.998892605304718,0.5507197976112366
YNR054C,YMR268C,0,,0.15350578725337982,0.998892605304718,0.5508305430412292
YPL227C,YGR033C,0,,0.153479665517807,0.998892605304718,0.5509412884712219
YOL033W,YIL110W,0,,0.15345355868339539,0.998892605304718,0.5510520339012146
YKR013W,YHR141C,0,,0.15342745184898376,0.998892605304718,0.5511627793312073
YGR109C,YBL005W-A,0,,0.15340135991573334,0.998892605304718,0.5512735247612
YNL134C,YLR119W,0,,0.1533752828836441,0.998892605304718,0.5513842701911926
YHR098C,YDR452W,0,,0.15334920585155487,0.998892605304718,0.5514950156211853
YKR013W,YOR208W,0,,0.15332312881946564,0.998892605304718,0.551605761051178
YIL158W,YPR025C,0,,0.1532970815896988,0.998892605304718,0.5517165064811707
YLR342W,YOR234C,0,,0.15327103435993195,0.998892605304718,0.5518272519111633
YNL069C,YLL010C,0,,0.1532449871301651,0.998892605304718,0.551937997341156
YLR174W,YDR141C,0,,0.15321895480155945,0.998892605304718,0.5520487427711487
YLR157C-B,YNL272C,0,,0.153192937374115,0.998892605304718,0.5521594882011414
YOR375C,YDL174C,0,,0.15316691994667053,0.998892605304718,0.552270233631134
YIR007W,YER035W,0,,0.15314091742038727,0.998892605304718,0.5523809790611267
YOR234C,YKR099C-A,0,,0.153114914894104,0.998892605304718,0.5524916648864746
YGR096W,YLR372W,0,,0.15308892726898193,0.998892605304718,0.5526024103164673
YCR068W,YMR106C,0,,0.15306295454502106,0.998892605304718,0.55271315574646
YGR157W,YML130C,0,,0.15303698182106018,0.998892605304718,0.5528239011764526
YDR084C,YKL220C,0,,0.1530110239982605,0.998892605304718,0.5529346466064453
YHR065C,YGL121C,0,,0.152985081076622,0.998892605304718,0.553045392036438
YGR125W,YOR293W,0,,0.15295913815498352,0.998892605304718,0.5531561374664307
YKR092C,YGR240C,0,,0.15293319523334503,0.998892605304718,0.5532668828964233
YOR125C,YPL187W,0,,0.15290726721286774,0.998892605304718,0.553377628326416
YCR066W,YER001W,0,,0.15288135409355164,0.998892605304718,0.5534883737564087
YDL214C,YDL201W,0,,0.15285544097423553,0.998892605304718,0.5535991191864014
YKR018C,YPL015C,0,,0.15282954275608063,0.998892605304718,0.553709864616394
YBR253W,YNL245C,0,,0.15280365943908691,0.998892605304718,0.5538206100463867
YDL150W,YDR450W,0,,0.1527777761220932,0.998892605304718,0.5539313554763794
YER075C,YLR453C,0,,0.15275190770626068,0.998892605304718,0.5540421009063721
YML026C,YPL015C,0,,0.15272603929042816,0.998892605304718,0.5541528463363647
YBL102W,YJR064W,0,,0.15270018577575684,0.998892605304718,0.5542635917663574
YIL122W,YKR039W,0,,0.1526743471622467,0.998892605304718,0.5543743371963501
YDR085C,YPL024W,0,,0.15264850854873657,0.998892605304718,0.554485023021698
YDR210W,YKR092C,0,,0.15262266993522644,0.998892605304718,0.5545957684516907
YHR045W,YOR010C,0,,0.1525968462228775,0.998892605304718,0.5547065138816833
YLR157C-B,YBR135W,0,,0.15257103741168976,0.998892605304718,0.554817259311676
YGL100W,YNL152W,0,,0.1525452435016632,0.998892605304718,0.5549280047416687
YCR027C,YDR522C,0,,0.15251944959163666,0.998892605304718,0.5550387501716614
YBR019C,YHL009W-A,0,,0.1524936556816101,0.998892605304718,0.555149495601654
YCL020W,YDR258C,0,,0.15246787667274475,0.998892605304718,0.5552602410316467
YDR541C,YIR013C,0,,0.1524421125650406,0.998892605304718,0.5553709864616394
YBL018C,YNL009W,0,,0.15241636335849762,0.998892605304718,0.5554817318916321
YGR033C,YJR105W,0,,0.15239059925079346,0.998892605304718,0.5555924773216248
YDR123C,YNL097C,0,,0.15236486494541168,0.998892605304718,0.5557032227516174
YDR216W,YDR163W,0,,0.1523391306400299,0.998892605304718,0.5558139681816101
YLR119W,YDL222C,0,,0.15231341123580933,0.998892605304718,0.5559247136116028
YOL091W,YGL011C,0,,0.15228769183158875,0.998892605304718,0.5560354590415955
YDR058C,YGL133W,0,,0.15226198732852936,0.998892605304718,0.5561462044715881
YBL016W,YHR107C,0,,0.15223628282546997,0.998892605304718,0.5562569499015808
YKL073W,YHR018C,0,,0.15221059322357178,0.998892605304718,0.5563676357269287
YDR261C-C,YDR522C,0,,0.15218491852283478,0.998892605304718,0.5564783811569214
YIL049W,YIL097W,0,,0.15215924382209778,0.998892605304718,0.5565891265869141
YGL208W,YNR069C,0,,0.15213358402252197,0.998892605304718,0.5566998720169067
YPL227C,YNL270C,0,,0.15210792422294617,0.998892605304718,0.5568106174468994
YDL005C,YIR022W,0,,0.15208227932453156,0.998892605304718,0.5569213628768921
YPR061C,YMR216C,0,,0.15205664932727814,0.998892605304718,0.5570321083068848
YOR361C,YHR001W,0,,0.15203101933002472,0.998892605304718,0.5571428537368774
YGL255W,YMR154C,0,,0.1520053893327713,0.998892605304718,0.5572535991668701
YKR029C,YER094C,0,,0.15197977423667908,0.998892605304718,0.5573643445968628
YBR133C,YER026C,0,,0.15195417404174805,0.998892605304718,0.5574750900268555
YPL029W,YOR133W,0,,0.1519285887479782,0.998892605304718,0.5575858354568481
YER042W,YNL093W,0,,0.15190300345420837,0.998892605304718,0.5576965808868408
YNL064C,YDL147W,0,,0.15187741816043854,0.998892605304718,0.5578073263168335
YDR541C,YGR261C,0,,0.1518518477678299,0.998892605304718,0.5579180717468262
YNL090W,YCR023C,0,,0.15182629227638245,0.998892605304718,0.5580288171768188
YOR128C,YGR033C,0,,0.151800736784935,0.998892605304718,0.5581395626068115
YOR255W,YNR049C,0,,0.15177519619464874,0.998892605304718,0.5582502484321594
YLR166C,YER166W,0,,0.15174967050552368,0.998892605304718,0.5583609938621521
YPL009C,YML118W,0,,0.15172414481639862,0.998892605304718,0.5584717392921448
YHR107C,YGR140W,0,,0.15169861912727356,0.998892605304718,0.5585824847221375
YMR266W,YKL065C,0,,0.1516731083393097,0.998892605304718,0.5586932301521301
YKR098C,YGL156W,0,,0.15164761245250702,0.998892605304718,0.5588039755821228
YFL062W,YLR308W,0,,0.15162211656570435,0.998892605304718,0.5589147210121155
YCR102C,YCR023C,0,,0.15159663558006287,0.998892605304718,0.5590254664421082
YLR166C,YAL001C,0,,0.15157116949558258,0.998892605304718,0.5591362118721008
YPL256C,YCR003W,0,,0.1515457034111023,0.998892605304718,0.5592469573020935
YIL091C,YKR087C,0,,0.151520237326622,0.998892605304718,0.5593577027320862
YFR046C,YEL020C,0,,0.15149478614330292,0.998892605304718,0.5594684481620789
YFR051C,YAL061W,0,,0.15146934986114502,0.998892605304718,0.5595791935920715
YHR121W,YCR088W,0,,0.15144392848014832,0.998892605304718,0.5596899390220642
YLR320W,YDR210W-A,0,,0.15141849219799042,0.998892605304718,0.5598006844520569
YJL076W,YJL002C,0,,0.1513930857181549,0.998892605304718,0.5599114298820496
YOR229W,YKR025W,0,,0.1513676792383194,0.998892605304718,0.5600221753120422
YDR006C,YLR003C,0,,0.15134228765964508,0.998892605304718,0.5601328611373901
YPL158C,YJL100W,0,,0.15131689608097076,0.998892605304718,0.5602436065673828
YBR210W,YMR268C,0,,0.15129151940345764,0.998892605304718,0.5603543519973755
YGL134W,YPL128C,0,,0.15126614272594452,0.998892605304718,0.5604650974273682
YGR098C,YIL097W,0,,0.1512407809495926,0.998892605304718,0.5605758428573608
YML123C,YDR155C,0,,0.15121541917324066,0.998892605304718,0.5606865882873535
YMR162C,YER075C,0,,0.15119007229804993,0.998892605304718,0.5607973337173462
YLR240W,YDR099W,0,,0.15116474032402039,0.998892605304718,0.5609080791473389
YIL162W,YLR398C,0,,0.15113940834999084,0.998892605304718,0.5610188245773315
YKR013W,YBR265W,0,,0.1511140912771225,0.998892605304718,0.5611295700073242
YLR205C,YLR155C,0,,0.15108877420425415,0.998892605304718,0.5612403154373169
YKR087C,YNL097C,0,,0.151063472032547,0.998892605304718,0.5613510608673096
YDR163W,YMR044W,0,,0.15103818476200104,0.998892605304718,0.5614618062973022
YHR072W,YOL148C,0,,0.15101289749145508,0.998892605304718,0.5615725517272949
YMR263W,YIR010W,0,,0.15098761022090912,0.998892605304718,0.5616832971572876
YFR044C,YGL008C,0,,0.15096233785152435,0.998892605304718,0.5617940425872803
YJL123C,YJR014W,0,,0.15093708038330078,0.998892605304718,0.561904788017273
YPL009C,YDR538W,0,,0.1509118229150772,0.998892605304718,0.5620155334472656
YNL024C-A,YLR406C,0,,0.15088658034801483,0.998892605304718,0.5621262192726135
YLL039C,YPL187W,0,,0.15086135268211365,0.998892605304718,0.5622369647026062
YLR388W,YIL114C,0,,0.15083612501621246,0.998892605304718,0.5623477101325989
YCR083W,YNL336W,0,,0.15081089735031128,0.998892605304718,0.5624584555625916
YJR086W,YDL150W,0,,0.1507856845855713,0.998892605304718,0.5625692009925842
YOR295W,YML065W,0,,0.1507604867219925,0.998892605304718,0.5626799464225769
YKL127W,YJL154C,0,,0.1507352888584137,0.998892605304718,0.5627906918525696
YJL154C,YPL124W,0,,0.1507101058959961,0.998892605304718,0.5629014372825623
YGR152C,YFL053W,0,,0.15068493783473969,0.998892605304718,0.5630121827125549
YJR047C,YMR116C,0,,0.15065976977348328,0.998892605304718,0.5631229281425476
YBR244W,YDR264C,0,,0.15063460171222687,0.998892605304718,0.5632336735725403
YDR221W,YCL030C,0,,0.15060944855213165,0.998892605304718,0.563344419002533
YLR298C,YBL066C,0,,0.15058431029319763,0.998892605304718,0.5634551644325256
YHR094C,YPL046C,0,,0.1505591720342636,0.998892605304718,0.5635659098625183
YPR151C,YMR047C,0,,0.15053404867649078,0.998892605304718,0.563676655292511
YER021W,YBR167C,0,,0.15050892531871796,0.998892605304718,0.5637874007225037
YPL237W,YGR207C,0,,0.15048381686210632,0.998892605304718,0.5638981461524963
YOR214C,YLR424W,0,,0.1504587084054947,0.998892605304718,0.5640088319778442
YGL013C,YOR130C,0,,0.15043362975120544,0.998892605304718,0.5641195774078369
YDR311W,YGL153W,0,,0.150408536195755,0.998892605304718,0.5642303228378296
YDL002C,YBL066C,0,,0.15038345754146576,0.998892605304718,0.5643410682678223
YOR130C,YLR110C,0,,0.1503583937883377,0.998892605304718,0.5644518136978149
YKL008C,YPL032C,0,,0.15033333003520966,0.998892605304718,0.5645625591278076
YPR103W,YMR060C,0,,0.1503082811832428,0.998892605304718,0.5646733045578003
YGR166W,YJL115W,0,,0.15028323233127594,0.998892605304718,0.564784049987793
YOR128C,YKR045C,0,,0.15025819838047028,0.998892605304718,0.5648947954177856
YML033W,YLR216C,0,,0.1502331793308258,0.998892605304718,0.5650055408477783
YDR311W,YGL250W,0,,0.15020816028118134,0.998892605304718,0.565116286277771
YDR314C,YBL005W-A,0,,0.15018315613269806,0.998892605304718,0.5652270317077637
YHR141C,YPL032C,0,,0.15015815198421478,0.998892605304718,0.5653377771377563
YOR141C,YDR394W,0,,0.1501331627368927,0.998892605304718,0.565448522567749
YKL127W,YHR200W,0,,0.15010817348957062,0.998892605304718,0.5655592679977417
YJR144W,YGL008C,0,,0.15008319914340973,0.998892605304718,0.5656700134277344
YLR225C,YDR113C,0,,0.15005822479724884,0.998892605304718,0.565780758857727
YGL210W-A,YNL058C,0,,0.15003326535224915,0.998892605304718,0.565891444683075
YEL020C,YAL042W,0,,0.15000832080841064,0.998892605304718,0.5660021901130676
YIL041W,YER016W,0,,0.14998337626457214,0.998892605304718,0.5661129355430603
YHR187W,YIL114C,0,,0.14995843172073364,0.998892605304718,0.566223680973053
YNL126W,YOL091W,0,,0.14993351697921753,0.998892605304718,0.5663344264030457
YLR342W,YJR067C,0,,0.14990858733654022,0.998892605304718,0.5664451718330383
YDR524C-B,YKL167C,0,,0.1498836874961853,0.998892605304718,0.566555917263031
YIR007W,YDL239C,0,,0.14985878765583038,0.998892605304718,0.5666666626930237
YOL013C,YBR088C,0,,0.14983388781547546,0.998892605304718,0.5667774081230164
YPL012W,YMR251W-A,0,,0.14980900287628174,0.998892605304718,0.566888153553009
YLR084C,YDR293C,0,,0.149784117937088,0.998892605304718,0.5669988989830017
YLR320W,YER074W-A,0,,0.14975926280021667,0.998892605304718,0.5671096444129944
YNR012W,YDR155C,0,,0.14973439276218414,0.998892605304718,0.5672203898429871
YOR095C,YKR092C,0,,0.1497095376253128,0.998892605304718,0.5673311352729797
YFL016C,YKL208W,0,,0.14968469738960266,0.998892605304718,0.5674418807029724
YBL102W,YML026C,0,,0.14965985715389252,0.998892605304718,0.5675526261329651
YIR013C,YPL190C,0,,0.14963503181934357,0.998892605304718,0.5676633715629578
YDL020C,YCR083W,0,,0.1496102213859558,0.998892605304718,0.5677740573883057
YHR124W,YDR324C,0,,0.14958541095256805,0.998892605304718,0.5678848028182983
YLR240W,YJR014W,0,,0.1495606005191803,0.998892605304718,0.567995548248291
YLR262C,YBL067C,0,,0.14953580498695374,0.998892605304718,0.5681062936782837
YML022W,YMR030W,0,,0.14951102435588837,0.998892605304718,0.5682170391082764
YLR057W,YMR167W,0,,0.149486243724823,0.998892605304718,0.568327784538269
YDR485C,YJR095W,0,,0.14946147799491882,0.998892605304718,0.5684385299682617
YGL038C,YNR075W,0,,0.14943671226501465,0.998892605304718,0.5685492753982544
YLR240W,YPL032C,0,,0.14941196143627167,0.998892605304718,0.5686600208282471
YOL077W-A,YML046W,0,,0.1493872106075287,0.998892605304718,0.5687707662582397
YLR034C,YFL022C,0,,0.1493624746799469,0.998892605304718,0.5688815116882324
YDR339C,YDR225W,0,,0.1493377536535263,0.998892605304718,0.5689922571182251
YBR133C,YDL159W,0,,0.1493130326271057,0.998892605304718,0.5691030025482178
YDR394W,YGR207C,0,,0.14928831160068512,0.998892605304718,0.5692137479782104
YPL009C,YNL037C,0,,0.14926360547542572,0.998892605304718,0.5693244934082031
YPL009C,YGL125W,0,,0.14923891425132751,0.998892605304718,0.5694352388381958
YGL022W,YJL036W,0,,0.1492142230272293,0.998892605304718,0.5695459842681885
YLR410W,YOR255W,0,,0.1491895467042923,0.998892605304718,0.5696566700935364
YMR154C,YGR098C,0,,0.14916487038135529,0.998892605304718,0.569767415523529
YMR119W,YGL134W,0,,0.14914020895957947,0.998892605304718,0.5698781609535217
YHL007C,YPR185W,0,,0.14911556243896484,0.998892605304718,0.5699889063835144
YLL052C,YGL008C,0,,0.14909091591835022,0.998892605304718,0.5700996518135071
YPR164W,YDL165W,0,,0.1490662693977356,0.998892605304718,0.5702103972434998
YGL099W,YHR018C,0,,0.14904163777828217,0.998892605304718,0.5703211426734924
YGL134W,YGL145W,0,,0.14901702105998993,0.998892605304718,0.5704318881034851
YIL097W,YLR117C,0,,0.1489924043416977,0.998892605304718,0.5705426335334778
YDR058C,YGR096W,0,,0.14896780252456665,0.998892605304718,0.5706533789634705
YOL128C,YDL104C,0,,0.1489432007074356,0.998892605304718,0.5707641243934631
YGL133W,YML014W,0,,0.14891861379146576,0.998892605304718,0.5708748698234558
YDL155W,YBR004C,0,,0.1488940268754959,0.998892605304718,0.5709856152534485
YMR014W,YLL042C,0,,0.14886945486068726,0.998892605304718,0.5710963606834412
YOR094W,YGL038C,0,,0.1488448828458786,0.998892605304718,0.5712071061134338
YER021W,YPR140W,0,,0.14882032573223114,0.998892605304718,0.5713178515434265
YJR159W,YHR200W,0,,0.14879578351974487,0.998892605304718,0.5714285969734192
YMR135C,YGL181W,0,,0.1487712413072586,0.998892605304718,0.5715393424034119
YHR072W-A,YKL167C,0,,0.14874669909477234,0.998892605304718,0.5716500282287598
YML010W,YPL270W,0,,0.14872217178344727,0.998892605304718,0.5717607736587524
YHR200W,YER073W,0,,0.1486976593732834,0.998892605304718,0.5718715190887451
YGR048W,YKL211C,0,,0.1486731469631195,0.998892605304718,0.5719822645187378
YDR182W,YDL236W,0,,0.14864864945411682,0.998892605304718,0.5720930099487305
YJL159W,YNL220W,0,,0.14862415194511414,0.998892605304718,0.5722037553787231
YGL099W,YBR239C,0,,0.14859966933727264,0.998892605304718,0.5723145008087158
YCL038C,YNL014W,0,,0.14857518672943115,0.998892605304718,0.5724252462387085
YCR083W,YBR167C,0,,0.14855071902275085,0.998892605304718,0.5725359916687012
YDL025C,YMR134W,0,,0.14852626621723175,0.998892605304718,0.5726467370986938
YMR068W,YPR165W,0,,0.14850181341171265,0.998892605304718,0.5727574825286865
YJR044C,YBR044C,0,,0.14847736060619354,0.998892605304718,0.5728682279586792
YLR157C-A,YLR089C,0,,0.14845292270183563,0.998892605304718,0.5729789733886719
YGL086W,YNL275W,0,,0.14842849969863892,0.998892605304718,0.5730897188186646
YBR056W,YDR316W,0,,0.1484040766954422,0.998892605304718,0.5732004642486572
YNL169C,YHR128W,0,,0.14837966859340668,0.998892605304718,0.5733112096786499
YNL002C,YHL022C,0,,0.14835526049137115,0.998892605304718,0.5734219551086426
YJL145W,YDR142C,0,,0.14833086729049683,0.998892605304718,0.5735326409339905
YBR088C,YGL032C,0,,0.1483064740896225,0.998892605304718,0.5736433863639832
YBL008W-A,YOL113W,0,,0.14828209578990936,0.998892605304718,0.5737541317939758
YOR141C,YKL137W,0,,0.14825773239135742,0.998892605304718,0.5738648772239685
YGL145W,YMR231W,0,,0.1482333540916443,0.998892605304718,0.5739756226539612
YGR059W,YLR089C,0,,0.14820900559425354,0.998892605304718,0.5740863680839539
YPL072W,YLR421C,0,,0.1481846570968628,0.998892605304718,0.5741971135139465
YOL119C,YDR155C,0,,0.14816030859947205,0.998892605304718,0.5743078589439392
YER141W,YOR298C-A,0,,0.1481359899044037,0.998892605304718,0.5744186043739319
YLR051C,YIL063C,0,,0.14811165630817413,0.998892605304718,0.5745293498039246
YNL113W,YOR171C,0,,0.14808733761310577,0.998892605304718,0.5746400952339172
YMR092C,YOR035C,0,,0.1480630338191986,0.998892605304718,0.5747508406639099
YBL046W,YML065W,0,,0.14803873002529144,0.998892605304718,0.5748615860939026
YML131W,YMR266W,0,,0.14801444113254547,0.998892605304718,0.5749723315238953
YGL055W,YPL192C,0,,0.1479901522397995,0.998892605304718,0.5750830769538879
YJR090C,YOR017W,0,,0.14796587824821472,0.998892605304718,0.5751938223838806
YPL217C,YDR450W,0,,0.14794160425662994,0.998892605304718,0.5753045678138733
YJR125C,YER166W,0,,0.14791734516620636,0.998892605304718,0.5754152536392212
YBR186W,YGR087C,0,,0.14789310097694397,0.998892605304718,0.5755259990692139
YJR014W,YLR424W,0,,0.14786885678768158,0.998892605304718,0.5756367444992065
YER048C,YCR024C-A,0,,0.1478446125984192,0.998892605304718,0.5757474899291992
YHL002W,YDR354W,0,,0.147820383310318,0.998892605304718,0.5758582353591919
YJL050W,YDR079C-A,0,,0.147796168923378,0.998892605304718,0.5759689807891846
YBL099W,YDL165W,0,,0.147771954536438,0.998892605304718,0.5760797262191772
YNL090W,YOR234C,0,,0.14774775505065918,0.998892605304718,0.5761904716491699
YPR018W,YJL160C,0,,0.14772355556488037,0.998892605304718,0.5763012170791626
YDR237W,YDL239C,0,,0.14769935607910156,0.998892605304718,0.5764119625091553
YOL115W,YLR148W,0,,0.14767518639564514,0.998892605304718,0.576522707939148
YER054C,YBR106W,0,,0.14765100181102753,0.998892605304718,0.5766334533691406
YCR023C,YLR319C,0,,0.1476268470287323,0.998892605304718,0.5767441987991333
YKL188C,YLR084C,0,,0.14760267734527588,0.998892605304718,0.576854944229126
YNL053W,YGR231C,0,,0.14757853746414185,0.998892605304718,0.5769656896591187
YHR072W,YKL193C,0,,0.1475543975830078,0.998892605304718,0.5770764350891113
YPL249C-A,YDL201W,0,,0.14753025770187378,0.998892605304718,0.577187180519104
YBR216C,YJL099W,0,,0.14750613272190094,0.998892605304718,0.5772978663444519
YOR354C,YPR107C,0,,0.1474820077419281,0.998892605304718,0.5774086117744446
YOR094W,YIL050W,0,,0.14745789766311646,0.998892605304718,0.5775193572044373
YER069W,YNR051C,0,,0.147433802485466,0.998892605304718,0.5776301026344299
YOL017W,YPR066W,0,,0.14740970730781555,0.998892605304718,0.5777408480644226
YDR182W,YLR233C,0,,0.1473856270313263,0.998892605304718,0.5778515934944153
YMR104C,YML001W,0,,0.14736154675483704,0.998892605304718,0.577962338924408
YDR085C,YCR083W,0,,0.14733746647834778,0.998892605304718,0.5780730843544006
YBR088C,YPL081W,0,,0.14731340110301971,0.998892605304718,0.5781838297843933
YGR140W,YLR003C,0,,0.14728935062885284,0.998892605304718,0.578294575214386
YJL145W,YGL038C,0,,0.14726530015468597,0.998892605304718,0.5784053206443787
YFL009W,YIL050W,0,,0.1472412645816803,0.998892605304718,0.5785160660743713
YOR229W,YMR079W,0,,0.14721722900867462,0.998892605304718,0.578626811504364
YHR016C,YLR035C,0,,0.14719320833683014,0.998892605304718,0.5787375569343567
YLR064W,YBL027W,0,,0.14716920256614685,0.998892605304718,0.5788483023643494
YBR234C,YIR035C,0,,0.14714518189430237,0.998892605304718,0.578959047794342
YJR064W,YNR046W,0,,0.14712119102478027,0.998892605304718,0.5790697932243347
YMR202W,YGL208W,0,,0.14709720015525818,0.998892605304718,0.5791805386543274
YHL002W,YPL170W,0,,0.14707320928573608,0.998892605304718,0.5792912244796753
YKL096W,YGL077C,0,,0.14704923331737518,0.998892605304718,0.579401969909668
YER146W,YER004W,0,,0.14702527225017548,0.998892605304718,0.5795127153396606
YBR293W,YHR203C,0,,0.14700131118297577,0.998892605304718,0.5796234607696533
YPL237W,YOR058C,0,,0.14697735011577606,0.998892605304718,0.579734206199646
YBR083W,YIL044C,0,,0.14695340394973755,0.998892605304718,0.5798449516296387
YJR095W,YOR328W,0,,0.14692947268486023,0.998892605304718,0.5799556970596313
YGR013W,YBL009W,0,,0.1469055414199829,0.998892605304718,0.580066442489624
YHR115C,YHR091C,0,,0.1468816101551056,0.998892605304718,0.5801771879196167
YNR069C,YPL057C,0,,0.14685769379138947,0.998892605304718,0.5802879333496094
YLR406C,YIL073C,0,,0.14683379232883453,0.998892605304718,0.580398678779602
YDR191W,YCR071C,0,,0.1468098908662796,0.998892605304718,0.5805094242095947
YOR095C,YPL190C,0,,0.14678600430488586,0.998892605304718,0.5806201696395874
YNR051C,YNL272C,0,,0.14676211774349213,0.998892605304718,0.5807309150695801
YLR013W,YER122C,0,,0.14673824608325958,0.998892605304718,0.5808416604995728
YMR162C,YNL097C,0,,0.14671437442302704,0.998892605304718,0.5809524059295654
YNL087W,YKR039W,0,,0.1466905176639557,0.998892605304718,0.5810631513595581
YAR014C,YDL239C,0,,0.14666666090488434,0.998892605304718,0.581173837184906
YCR024C-A,YJL036W,0,,0.14664281904697418,0.998892605304718,0.5812845826148987
YDR163W,YGL008C,0,,0.14661899209022522,0.998892605304718,0.5813953280448914
YJL209W,YGR125W,0,,0.14659515023231506,0.998892605304718,0.581506073474884
YJL050W,YBR171W,0,,0.1465713381767273,0.998892605304718,0.5816168189048767
YHR112C,YJR091C,0,,0.14654752612113953,0.998892605304718,0.5817275643348694
YDR255C,YNL326C,0,,0.14652371406555176,0.998892605304718,0.5818383097648621
YKL163W,YJL160C,0,,0.14649991691112518,0.998892605304718,0.5819490551948547
YHR188C,YJR014W,0,,0.1464761346578598,0.998892605304718,0.5820598006248474
YML123C,YOR293W,0,,0.14645235240459442,0.998892605304718,0.5821705460548401
YBR070C,YKL184W,0,,0.14642857015132904,0.998892605304718,0.5822812914848328
YKR001C,YMR271C,0,,0.14640480279922485,0.998892605304718,0.5823920369148254
YNL064C,YML026C,0,,0.14638105034828186,0.998892605304718,0.5825027823448181
YNL209W,YCL011C,0,,0.14635729789733887,0.998892605304718,0.5826135277748108
YER119C,YBR008C,0,,0.14633354544639587,0.998892605304718,0.5827242732048035
YPL084W,YIL097W,0,,0.14630980789661407,0.998892605304718,0.5828350186347961
YDR194C,YDL104C,0,,0.14628608524799347,0.998892605304718,0.5829457640647888
YDL042C,YJL099W,0,,0.14626236259937286,0.998892605304718,0.5830564498901367
YBR298C,YDR051C,0,,0.14623865485191345,0.998892605304718,0.5831671953201294
YDL002C,YJL093C,0,,0.14621494710445404,0.998892605304718,0.5832779407501221
YGL224C,YCL027C-A,0,,0.14619125425815582,0.998892605304718,0.5833886861801147
YDR162C,YNL336W,0,,0.1461675614118576,0.998892605304718,0.5834994316101074
YKL146W,YOL013C,0,,0.1461438685655594,0.998892605304718,0.5836101770401001
YLR013W,YHR107C,0,,0.14612020552158356,0.998892605304718,0.5837209224700928
YJR047C,YOR198C,0,,0.14609652757644653,0.998892605304718,0.5838316679000854
YOR056C,YLR222C,0,,0.1460728794336319,0.998892605304718,0.5839424133300781
YGL079W,YBL003C,0,,0.14604921638965607,0.998892605304718,0.5840531587600708
YDR346C,YGL145W,0,,0.14602558314800262,0.998892605304718,0.5841639041900635
YPR107C,YAL009W,0,,0.146001935005188,0.998892605304718,0.5842746496200562
YGR121C,YJL020C,0,,0.14597831666469574,0.998892605304718,0.5843853950500488
YHL002W,YDR017C,0,,0.1459546983242035,0.998892605304718,0.5844961404800415
YCR068W,YOR125C,0,,0.14593107998371124,0.998892605304718,0.5846068859100342
YJL051W,YER021W,0,,0.1459074765443802,0.998892605304718,0.5847176313400269
YKL046C,YNR046W,0,,0.14588387310504913,0.998892605304718,0.5848283767700195
YJR090C,YNR063W,0,,0.14586028456687927,0.998892605304718,0.5849390625953674
YGL020C,YKL167C,0,,0.1458366960287094,0.998892605304718,0.5850498080253601
YLR116W,YDR338C,0,,0.14581312239170074,0.998892605304718,0.5851605534553528
YBL050W,YLR242C,0,,0.14578956365585327,0.998892605304718,0.5852712988853455
YDL159W,YIL063C,0,,0.1457660049200058,0.998892605304718,0.5853820443153381
YER039C,YFL002C,0,,0.14574244618415833,0.998892605304718,0.5854927897453308
YKL092C,YPL190C,0,,0.14571890234947205,0.998892605304718,0.5856035351753235
YDR180W,YOL044W,0,,0.14569535851478577,0.998892605304718,0.5857142806053162
YML131W,YKL216W,0,,0.14567182958126068,0.998892605304718,0.5858250260353088
YKL127W,YML065W,0,,0.1456483155488968,0.998892605304718,0.5859357714653015
YGR183C,YIL157C,0,,0.1456248015165329,0.998892605304718,0.5860465168952942
YDL213C,YDL147W,0,,0.145601287484169,0.998892605304718,0.5861572623252869
YLR336C,YGL055W,0,,0.1455777883529663,0.998892605304718,0.5862680077552795
YPR101W,YJL111W,0,,0.1455543041229248,0.998892605304718,0.5863787531852722
YPL246C,YGL145W,0,,0.1455308198928833,0.998892605304718,0.5864894986152649
YDR186C,YJL104W,0,,0.1455073356628418,0.998892605304718,0.5866002440452576
YDL025C,YBL027W,0,,0.1454838663339615,0.998892605304718,0.5867109894752502
YJL204C,YPL158C,0,,0.14546041190624237,0.998892605304718,0.5868217349052429
YML026C,YNL279W,0,,0.14543695747852325,0.998892605304718,0.5869324207305908
YBR073W,YLR376C,0,,0.14541350305080414,0.998892605304718,0.5870431661605835
YNL106C,YJL020C,0,,0.14539006352424622,0.998892605304718,0.5871539115905762
YPL086C,YHR072W-A,0,,0.1453666388988495,0.998892605304718,0.5872646570205688
YIL131C,YJR161C,0,,0.14534321427345276,0.998892605304718,0.5873754024505615
YDR348C,YMR283C,0,,0.14531980454921722,0.998892605304718,0.5874861478805542
YHR123W,YNL099C,0,,0.1452963948249817,0.998892605304718,0.5875968933105469
YLL054C,YGL187C,0,,0.14527298510074615,0.998892605304718,0.5877076387405396
YHL007C,YAL042W,0,,0.14524959027767181,0.998892605304718,0.5878183841705322
YOR095C,YLR336C,0,,0.14522621035575867,0.998892605304718,0.5879291296005249
YKL101W,YPL228W,0,,0.14520283043384552,0.998892605304718,0.5880398750305176
YDR485C,YBR084C-A,0,,0.14517946541309357,0.998892605304718,0.5881506204605103
YCL038C,YPL088W,0,,0.1451561003923416,0.998892605304718,0.5882613658905029
YKL125W,YLR226W,0,,0.14513275027275085,0.998892605304718,0.5883721113204956
YBR186W,YBL105C,0,,0.1451094001531601,0.998892605304718,0.5884828567504883
YPR104C,YDR294C,0,,0.14508605003356934,0.998892605304718,0.588593602180481
YPL053C,YMR278W,0,,0.14506271481513977,0.998892605304718,0.5887043476104736
YJR091C,YPL249C-A,0,,0.1450393944978714,0.998892605304718,0.5888150334358215
YGL079W,YNL058C,0,,0.14501607418060303,0.998892605304718,0.5889257788658142
YJL139C,YPL015C,0,,0.14499276876449585,0.998892605304718,0.5890365242958069
YPL217C,YMR104C,0,,0.14496946334838867,0.998892605304718,0.5891472697257996
YKL209C,YDL014W,0,,0.1449461728334427,0.998892605304718,0.5892580151557922
YHR183W,YOR005C,0,,0.1449228823184967,0.998892605304718,0.5893687605857849
YLL052C,YNL116W,0,,0.14489959180355072,0.998892605304718,0.5894795060157776
YNL152W,YOR375C,0,,0.14487633109092712,0.998892605304718,0.5895902514457703
YER011W,YER074W-A,0,,0.14485305547714233,0.998892605304718,0.5897009968757629
YJL047C,YCR071C,0,,0.14482979476451874,0.998892605304718,0.5898117423057556
YNR036C,YDR156W,0,,0.14480654895305634,0.998892605304718,0.5899224877357483
YDR216W,YNR039C,0,,0.14478330314159393,0.998892605304718,0.590033233165741
YHL013C,YLL028W,0,,0.14476007223129272,0.998892605304718,0.5901439785957336
YKR013W,YIR007W,0,,0.14473684132099152,0.998892605304718,0.5902547240257263
YDR314C,YMR060C,0,,0.1447136253118515,0.998892605304718,0.590365469455719
YOL088C,YGL125W,0,,0.1446904093027115,0.998892605304718,0.5904762148857117
YHL009C,YJR086W,0,,0.14466720819473267,0.998892605304718,0.5905869603157043
YHR098C,YGL100W,0,,0.14464400708675385,0.998892605304718,0.5906976461410522
YPR082C,YOR033C,0,,0.14462080597877502,0.998892605304718,0.5908083915710449
YKL163W,YJL074C,0,,0.1445976346731186,0.998892605304718,0.5909191370010376
YCR071C,YPL023C,0,,0.14457444846630096,0.998892605304718,0.5910298824310303
YHR124W,YLR424W,0,,0.14455127716064453,0.998892605304718,0.591140627861023
YMR068W,YCL027C-A,0,,0.1445281207561493,0.998892605304718,0.5912513732910156
YGR038C-A,YMR280C,0,,0.14450496435165405,0.998892605304718,0.5913621187210083
YDR311W,YMR044W,0,,0.14448182284832,0.998892605304718,0.591472864151001
YDL226C,YJR099W,0,,0.14445868134498596,0.998892605304718,0.5915836095809937
YPL053C,YGL210W-A,0,,0.1444355547428131,0.998892605304718,0.5916943550109863
YDR324C,YDL191W,0,,0.14441242814064026,0.998892605304718,0.591805100440979
YDR162C,YIR013C,0,,0.1443893015384674,0.998892605304718,0.5919158458709717
YOR190W,YDR354W,0,,0.14436618983745575,0.998892605304718,0.5920265913009644
YNR032W,YPR022C,0,,0.14434309303760529,0.998892605304718,0.592137336730957
YKL049C,YPR183W,0,,0.14431999623775482,0.998892605304718,0.5922480821609497
YJR047C,YML121W,0,,0.14429691433906555,0.998892605304718,0.5923588275909424
YBR070C,YMR305C,0,,0.14427383244037628,0.998892605304718,0.5924695730209351
YNL002C,YLR310C,0,,0.1442507654428482,0.998892605304718,0.592580258846283
YHR094C,YPL249C,0,,0.14422769844532013,0.998892605304718,0.5926910042762756
YFL003C,YER160C,0,,0.14420463144779205,0.998892605304718,0.5928017497062683
YGR161C-C,YPL192C,0,,0.14418157935142517,0.998892605304718,0.592912495136261
YGR257C,YGL207W,0,,0.14415854215621948,0.998892605304718,0.5930232405662537
YML019W,YJL093C,0,,0.1441355049610138,0.998892605304718,0.5931339859962463
YPR164W,YGL011C,0,,0.1441124826669693,0.998892605304718,0.593244731426239
YCL011C,YHR026W,0,,0.1440894603729248,0.998892605304718,0.5933554768562317
YKR080W,YJR014W,0,,0.1440664380788803,0.998892605304718,0.5934662222862244
YLR262C,YHR045W,0,,0.144043430685997,0.998892605304718,0.593576967716217
YLR410W,YNL152W,0,,0.1440204381942749,0.998892605304718,0.5936877131462097
YDR452W,YDR538W,0,,0.1439974457025528,0.998892605304718,0.5937984585762024
YDR349C,YBR171W,0,,0.14397446811199188,0.998892605304718,0.5939092040061951
YNL264C,YOR202W,0,,0.14395149052143097,0.998892605304718,0.5940199494361877
YGR074W,YBR171W,0,,0.14392851293087006,0.998892605304718,0.5941306948661804
YPR029C,YJR125C,0,,0.14390555024147034,0.998892605304718,0.5942414402961731
YDR522C,YIL114C,0,,0.1438826024532318,0.998892605304718,0.5943521857261658
YGL029W,YOR010C,0,,0.1438596546649933,0.998892605304718,0.5944629311561584
YDL194W,YBR102C,0,,0.14383670687675476,0.998892605304718,0.5945736169815063
YKL120W,YIL031W,0,,0.14381377398967743,0.998892605304718,0.594684362411499
YDL052C,YIL157C,0,,0.1437908560037613,0.998892605304718,0.5947951078414917
YPL211W,YPR140W,0,,0.14376793801784515,0.998892605304718,0.5949058532714844
YDL155W,YPL187W,0,,0.14374502003192902,0.998892605304718,0.595016598701477
YLR320W,YDR191W,0,,0.14372211694717407,0.998892605304718,0.5951273441314697
YJR088C,YBR104W,0,,0.14369921386241913,0.998892605304718,0.5952380895614624
YCR028C-A,YIL157C,0,,0.14367632567882538,0.998892605304718,0.5953488349914551
YGR038C-A,YNR069C,0,,0.14365345239639282,0.998892605304718,0.5954595804214478
YPR025C,YJR002W,0,,0.14363057911396027,0.998892605304718,0.5955703258514404
YLR002C,YPL030W,0,,0.1436077058315277,0.998892605304718,0.5956810712814331
YDL194W,YAR014C,0,,0.14358484745025635,0.998892605304718,0.5957918167114258
YHR188C,YBR088C,0,,0.14356198906898499,0.998892605304718,0.5959025621414185
YOL006C,YLR275W,0,,0.14353914558887482,0.998892605304718,0.5960133075714111
YLR013W,YDR324C,0,,0.14351630210876465,0.998892605304718,0.5961240530014038
YHR007C,YDL168W,0,,0.14349347352981567,0.998892605304718,0.5962347984313965
YNL069C,YOL044W,0,,0.1434706598520279,0.998892605304718,0.5963455438613892
YBR079C,YBR104W,0,,0.14344783127307892,0.998892605304718,0.5964562296867371
YLR225C,YJL137C,0,,0.14342503249645233,0.998892605304718,0.5965669751167297
YMR135C,YML069W,0,,0.14340221881866455,0.998892605304718,0.5966777205467224
YHR216W,YOR128C,0,,0.14337943494319916,0.998892605304718,0.5967884659767151
YER119C,YER170W,0,,0.14335663616657257,0.998892605304718,0.5968992114067078
YJR007W,YEL020C,0,,0.14333386719226837,0.998892605304718,0.5970099568367004
YOR118W,YLR057W,0,,0.14331108331680298,0.998892605304718,0.5971207022666931
YPL118W,YPL057C,0,,0.14328832924365997,0.998892605304718,0.5972314476966858
YBL005W-A,YOL021C,0,,0.14326556026935577,0.998892605304718,0.5973421931266785
YDR221W,YGR277C,0,,0.14324282109737396,0.998892605304718,0.5974529385566711
YOR229W,YDL014W,0,,0.14322006702423096,0.998892605304718,0.5975636839866638
YKL112W,YEL011W,0,,0.14319732785224915,0.998892605304718,0.5976744294166565
YNL069C,YBL050W,0,,0.14317460358142853,0.998892605304718,0.5977851748466492
YOR118W,YLL052C,0,,0.1431518793106079,0.998892605304718,0.5978959202766418
YBR079C,YLR133W,0,,0.1431291699409485,0.998892605304718,0.5980066657066345
YPL170W,YBR106W,0,,0.14310646057128906,0.998892605304718,0.5981174111366272
YOR339C,YHR072W-A,0,,0.14308375120162964,0.998892605304718,0.5982281565666199
YPL072W,YDR450W,0,,0.1430610567331314,0.998892605304718,0.5983388423919678
YLR034C,YML126C,0,,0.14303837716579437,0.998892605304718,0.5984495878219604
YGR257C,YEL003W,0,,0.14301569759845734,0.998892605304718,0.5985603332519531
YMR244C-A,YPL057C,0,,0.1429930180311203,0.998892605304718,0.5986710786819458
YDL212W,YNL264C,0,,0.14297035336494446,0.998892605304718,0.5987818241119385
YDR006C,YLR310C,0,,0.1429477035999298,0.998892605304718,0.5988925695419312
YEL063C,YIL044C,0,,0.14292505383491516,0.998892605304718,0.5990033149719238
YFL053W,YML111W,0,,0.1429024040699005,0.998892605304718,0.5991140604019165
YDR162C,YDR316W,0,,0.14287976920604706,0.998892605304718,0.5992248058319092
YGR157W,YIR021W,0,,0.1428571492433548,0.998892605304718,0.5993355512619019
YJR105W,YLR081W,0,,0.14283451437950134,0.998892605304718,0.5994462966918945
YNL083W,YOR073W,0,,0.14281190931797028,0.998892605304718,0.5995570421218872
YPL020C,YDR153C,0,,0.1427893042564392,0.998892605304718,0.5996677875518799
YKL213C,YPR009W,0,,0.14276669919490814,0.998892605304718,0.5997785329818726
YPL152W,YLR051C,0,,0.14274410903453827,0.998892605304718,0.5998892784118652
YBR253W,YBR210W,0,,0.1427215188741684,0.998892605304718,0.6000000238418579
YEL046C,YGR013W,0,,0.14269894361495972,0.998892605304718,0.6001107692718506
YMR161W,YOR198C,0,,0.14267636835575104,0.998892605304718,0.6002214550971985
YGR121C,YMR271C,0,,0.14265380799770355,0.998892605304718,0.6003322005271912
YPL069C,YJL203W,0,,0.14263124763965607,0.998892605304718,0.6004429459571838
YPR145W,YAL061W,0,,0.14260870218276978,0.998892605304718,0.6005536913871765
YGR067C,YIL017C,0,,0.14258615672588348,0.998892605304718,0.6006644368171692
YHR019C,YOL041C,0,,0.1425636112689972,0.998892605304718,0.6007751822471619
YDL155W,YJL203W,0,,0.1425410807132721,0.998892605304718,0.6008859276771545
YBR098W,YHR178W,0,,0.1425185650587082,0.998892605304718,0.6009966731071472
YNL315C,YPL170W,0,,0.1424960494041443,0.998892605304718,0.6011074185371399
YBR083W,YGR289C,0,,0.14247354865074158,0.998892605304718,0.6012181639671326
YDR462W,YBR204C,0,,0.14245104789733887,0.998892605304718,0.6013289093971252
YMR164C,YJL184W,0,,0.14242854714393616,0.998892605304718,0.6014396548271179
YAL042W,YBR201W,0,,0.14240606129169464,0.998892605304718,0.6015504002571106
YKL046C,YCR020W-B,0,,0.14238359034061432,0.998892605304718,0.6016611456871033
YBR088C,YHR200W,0,,0.1423611044883728,0.998892605304718,0.601771891117096
YOL013C,YOR033C,0,,0.14233864843845367,0.998892605304718,0.6018826365470886
YMR288W,YPL084W,0,,0.14231619238853455,0.998892605304718,0.6019933819770813
YDR216W,YCR017C,0,,0.14229373633861542,0.998892605304718,0.6021040678024292
YGR247W,YPL228W,0,,0.14227129518985748,0.998892605304718,0.6022148132324219
YKR081C,YMR271C,0,,0.14224885404109955,0.998892605304718,0.6023255586624146
YKR003W,YHR043C,0,,0.1422264277935028,0.998892605304718,0.6024363040924072
YLR205C,YAR071W,0,,0.14220400154590607,0.998892605304718,0.6025470495223999
YPR104C,YOR005C,0,,0.14218159019947052,0.998892605304718,0.6026577949523926
YBR103W,YLR421C,0,,0.14215917885303497,0.998892605304718,0.6027685403823853
YPR107C,YNR075W,0,,0.14213678240776062,0.998892605304718,0.6028792858123779
YMR280C,YFL003C,0,,0.14211438596248627,0.998892605304718,0.6029900312423706
YML114C,YGR256W,0,,0.1420920044183731,0.998892605304718,0.6031007766723633
YCR079W,YGL065C,0,,0.14206962287425995,0.998892605304718,0.603211522102356
YOR130C,YLR421C,0,,0.1420472413301468,0.998892605304718,0.6033222675323486
YNL126W,YPR075C,0,,0.14202487468719482,0.998892605304718,0.6034330129623413
YDR202C,YLR064W,0,,0.14200252294540405,0.998892605304718,0.603543758392334
YHR112C,YER065C,0,,0.14198017120361328,0.998892605304718,0.6036545038223267
YDR348C,YDR037W,0,,0.1419578194618225,0.998892605304718,0.6037652492523193
YBR136W,YNL305C,0,,0.14193548262119293,0.998892605304718,0.603875994682312
YPL037C,YML007W,0,,0.14191314578056335,0.998892605304718,0.6039867401123047
YFL009W,YDL159W,0,,0.14189082384109497,0.998892605304718,0.6040974259376526
YFR042W,YOR312C,0,,0.14186851680278778,0.998892605304718,0.6042081713676453
YDR147W,YNR039C,0,,0.1418461948633194,0.998892605304718,0.6043189167976379
YJL204C,YKL101W,0,,0.1418239027261734,0.998892605304718,0.6044296622276306
YMR104C,YMR216C,0,,0.1418016105890274,0.998892605304718,0.6045404076576233
YMR278W,YOR312C,0,,0.1417793184518814,0.998892605304718,0.604651153087616
YDR346C,YDR208W,0,,0.1417570263147354,0.998892605304718,0.6047618985176086
YOR125C,YDL014W,0,,0.1417347639799118,0.998892605304718,0.6048726439476013
YDR519W,YHR091C,0,,0.141712486743927,0.998892605304718,0.604983389377594
YNL030W,YDL191W,0,,0.1416902244091034,0.998892605304718,0.6050941348075867
YOR354C,YLL032C,0,,0.14166797697544098,0.998892605304718,0.6052048802375793
YGL250W,YFL034C-A,0,,0.14164572954177856,0.998892605304718,0.605315625667572
YBL101C,YLR229C,0,,0.14162348210811615,0.998892605304718,0.6054263710975647
YOR307C,YPL086C,0,,0.14160124957561493,0.998892605304718,0.6055371165275574
YPL227C,YHR001W,0,,0.1415790319442749,0.998892605304718,0.60564786195755
YBL045C,YOR303W,0,,0.14155681431293488,0.998892605304718,0.6057586073875427
YGR215W,YPL003W,0,,0.14153459668159485,0.998892605304718,0.6058693528175354
YGR203W,YGR271C-A,0,,0.14151239395141602,0.998892605304718,0.6059800386428833
YGL250W,YNL099C,0,,0.14149019122123718,0.998892605304718,0.606090784072876
YHL013C,YGR140W,0,,0.14146800339221954,0.998892605304718,0.6062015295028687
YHR134W,YEL020C,0,,0.1414458155632019,0.998892605304718,0.6063122749328613
YOR344C,YML046W,0,,0.14142364263534546,0.998892605304718,0.606423020362854
YDR446W,YKR022C,0,,0.141401469707489,0.998892605304718,0.6065337657928467
YDR293C,YGR091W,0,,0.14137931168079376,0.998892605304718,0.6066445112228394
YLR070C,YDR123C,0,,0.1413571536540985,0.998892605304718,0.606755256652832
YCL011C,YPL158C,0,,0.14133501052856445,0.998892605304718,0.6068660020828247
YHR124W,YPR201W,0,,0.1413128674030304,0.998892605304718,0.6069767475128174
YNL186W,YDR294C,0,,0.14129072427749634,0.998892605304718,0.6070874929428101
YNL009W,YPL270W,0,,0.14126859605312347,0.998892605304718,0.6071982383728027
YCL062W,YHR102W,0,,0.1412464827299118,0.998892605304718,0.6073089838027954
YPL086C,YHR062C,0,,0.14122436940670013,0.998892605304718,0.6074197292327881
YLR135W,YNR075W,0,,0.14120225608348846,0.998892605304718,0.6075304746627808
YHR019C,YNL256W,0,,0.141180157661438,0.998892605304718,0.6076412200927734
YLR431C,YBR070C,0,,0.1411580592393875,0.998892605304718,0.6077519655227661
YKL208W,YOL058W,0,,0.14113597571849823,0.998892605304718,0.607862651348114
YOL097C,YBR070C,0,,0.14111389219760895,0.998892605304718,0.6079733967781067
YBR039W,YGL179C,0,,0.14109182357788086,0.998892605304718,0.6080841422080994
YPL228W,YPL249C,0,,0.14106975495815277,0.998892605304718,0.608194887638092
YFL031W,YKL018W,0,,0.14104768633842468,0.998892605304718,0.6083056330680847
YBR203W,YDR194C,0,,0.14102564752101898,0.998892605304718,0.6084163784980774
YLR157C-B,YBR201W,0,,0.1410035938024521,0.998892605304718,0.6085271239280701
YFL062W,YDL188C,0,,0.1409815549850464,0.998892605304718,0.6086378693580627
YBR136W,YDR180W,0,,0.14095953106880188,0.998892605304718,0.6087486147880554
YPR082C,YDL156W,0,,0.14093750715255737,0.998892605304718,0.6088593602180481
YDR058C,YOL077W-A,0,,0.14091548323631287,0.998892605304718,0.6089701056480408
YKL071W,YPR025C,0,,0.14089347422122955,0.998892605304718,0.6090808510780334
YPL211W,YMR104C,0,,0.14087146520614624,0.998892605304718,0.6091915965080261
YAL055W,YAL061W,0,,0.14084947109222412,0.998892605304718,0.6093023419380188
YFL016C,YPR066W,0,,0.140827476978302,0.998892605304718,0.6094130873680115
YJL010C,YOL013C,0,,0.14080549776554108,0.998892605304718,0.6095238327980042
YFL018C,YPR052C,0,,0.14078351855278015,0.998892605304718,0.6096345782279968
YBR235W,YBL004W,0,,0.14076155424118042,0.998892605304718,0.6097452640533447
YDL132W,YMR236W,0,,0.1407395899295807,0.998892605304718,0.6098560094833374
YKL213C,YDR450W,0,,0.14071762561798096,0.998892605304718,0.6099667549133301
YHR007C,YDR446W,0,,0.14069567620754242,0.998892605304718,0.6100775003433228
YJR152W,YLL052C,0,,0.14067374169826508,0.998892605304718,0.6101882457733154
YPR094W,YML121W,0,,0.14065180718898773,0.998892605304718,0.6102989912033081
YNR023W,YBR098W,0,,0.1406298726797104,0.998892605304718,0.6104097366333008
YLR205C,YLR013W,0,,0.14060795307159424,0.998892605304718,0.6105204820632935
YDL020C,YBL097W,0,,0.1405860334634781,0.998892605304718,0.6106312274932861
YCR024C-A,YNR069C,0,,0.14056412875652313,0.998892605304718,0.6107419729232788
YDR446W,YBR014C,0,,0.14054222404956818,0.998892605304718,0.6108527183532715
YCR073C,YOR100C,0,,0.14052033424377441,0.998892605304718,0.6109634637832642
YBR217W,YDR266C,0,,0.14049844443798065,0.998892605304718,0.6110742092132568
YMR202W,YGR038W,0,,0.1404765546321869,0.998892605304718,0.6111849546432495
YJL138C,YDR267C,0,,0.14045467972755432,0.998892605304718,0.6112957000732422
YJL028W,YLR119W,0,,0.14043281972408295,0.998892605304718,0.6114064455032349
YMR092C,YDR291W,0,,0.14041095972061157,0.998892605304718,0.6115171909332275
YML093W,YAR014C,0,,0.1403890997171402,0.998892605304718,0.6116279363632202
YDR119W,YDR489W,0,,0.14036725461483002,0.998892605304718,0.6117386221885681
YNL075W,YPL088W,0,,0.14034542441368103,0.998892605304718,0.6118493676185608
YER144C,YDR354W,0,,0.14032357931137085,0.998892605304718,0.6119601130485535
YCR089W,YDR394W,0,,0.14030176401138306,0.998892605304718,0.6120708584785461
YER006W,YOL034W,0,,0.14027993381023407,0.998892605304718,0.6121816039085388
YFR009W,YPR124W,0,,0.14025811851024628,0.998892605304718,0.6122923493385315
YDR155C,YNR039C,0,,0.14023631811141968,0.998892605304718,0.6124030947685242
YLR138W,YOL058W,0,,0.14021451771259308,0.998892605304718,0.6125138401985168
YNL224C,YML014W,0,,0.14019273221492767,0.998892605304718,0.6126245856285095
YBL016W,YNL336W,0,,0.14017094671726227,0.998892605304718,0.6127353310585022
YJL151C,YDL155W,0,,0.14014916121959686,0.998892605304718,0.6128460764884949
YJR064W,YGL187C,0,,0.14012739062309265,0.998892605304718,0.6129568219184875
YKR081C,YBR084C-A,0,,0.14010562002658844,0.998892605304718,0.6130675673484802
YLR332W,YPL241C,0,,0.14008386433124542,0.998892605304718,0.6131783127784729
YHR001W,YBR204C,0,,0.1400621086359024,0.998892605304718,0.6132890582084656
YBR098W,YKL220C,0,,0.14004036784172058,0.998892605304718,0.6133998036384583
YDL064W,YBR288C,0,,0.14001862704753876,0.998892605304718,0.6135105490684509
YER183C,YLR378C,0,,0.13999690115451813,0.998892605304718,0.6136212348937988
YNL321W,YMR216C,0,,0.1399751752614975,0.998892605304718,0.6137319803237915
YOR128C,YDR540C,0,,0.13995344936847687,0.998892605304718,0.6138427257537842
YIR034C,YGR203W,0,,0.13993173837661743,0.998892605304718,0.6139534711837769
YBR239C,YPL003W,0,,0.1399100422859192,0.998892605304718,0.6140642166137695
YNR012W,YNL113W,0,,0.13988833129405975,0.998892605304718,0.6141749620437622
YGR275W,YOR361C,0,,0.1398666501045227,0.998892605304718,0.6142857074737549
YDR408C,YLL028W,0,,0.13984495401382446,0.998892605304718,0.6143964529037476
YOR196C,YIL122W,0,,0.1398232877254486,0.998892605304718,0.6145071983337402
YPL055C,YIL023C,0,,0.13980160653591156,0.998892605304718,0.6146179437637329
YGR227W,YDL174C,0,,0.1397799402475357,0.998892605304718,0.6147286891937256
YKL092C,YPR022C,0,,0.13975828886032104,0.998892605304718,0.6148394346237183
YOR094W,YLR372W,0,,0.13973663747310638,0.998892605304718,0.6149501800537109
YPR183W,YDR348C,0,,0.13971500098705292,0.998892605304718,0.6150609254837036
YOR336W,YPL003W,0,,0.13969334959983826,0.998892605304718,0.6151716709136963
YEL071W,YIL044C,0,,0.13967172801494598,0.998892605304718,0.615282416343689
YPR052C,YLR178C,0,,0.1396501064300537,0.998892605304718,0.6153931617736816
YBL006C,YGL234W,0,,0.13962848484516144,0.998892605304718,0.6155038475990295
YOL044W,YLR341W,0,,0.13960687816143036,0.998892605304718,0.6156145930290222
YLR155C,YLL032C,0,,0.13958527147769928,0.998892605304718,0.6157253384590149
YOR210W,YOL075C,0,,0.1395636647939682,0.998892605304718,0.6158360838890076
YER021W,YOR360C,0,,0.13954207301139832,0.998892605304718,0.6159468293190002
YBR280C,YLR372W,0,,0.13952049612998962,0.998892605304718,0.6160575747489929
YMR135C,YMR154C,0,,0.13949891924858093,0.998892605304718,0.6161683201789856
YHR072W,YPL057C,0,,0.13947734236717224,0.998892605304718,0.6162790656089783
YMR154C,YLR178C,0,,0.13945578038692474,0.998892605304718,0.616389811038971
YPL211W,YOR329C,0,,0.13943421840667725,0.998892605304718,0.6165005564689636
YPR124W,YOR198C,0,,0.13941267132759094,0.998892605304718,0.6166113018989563
YJR095W,YDR210W-A,0,,0.13939112424850464,0.998892605304718,0.616722047328949
YDL155W,YOR198C,0,,0.13936959207057953,0.998892605304718,0.6168327927589417
YGL002W,YFL034C-B,0,,0.13934805989265442,0.998892605304718,0.6169435381889343
YNL316C,YCR020W-B,0,,0.1393265426158905,0.998892605304718,0.617054283618927
YDR194C,YGR209C,0,,0.1393050253391266,0.998892605304718,0.6171650290489197
YGL224C,YDL213C,0,,0.13928350806236267,0.998892605304718,0.6172757744789124
YGR278W,YGL029W,0,,0.13926200568675995,0.998892605304718,0.6173864603042603
YAR071W,YML014W,0,,0.13924050331115723,0.998892605304718,0.6174972057342529
YJL209W,YLR051C,0,,0.1392190158367157,0.998892605304718,0.6176079511642456
YGR152C,YJR056C,0,,0.13919752836227417,0.998892605304718,0.6177186965942383
YCR017C,YNL229C,0,,0.13917605578899384,0.998892605304718,0.617829442024231
YNL064C,YOR094W,0,,0.1391545832157135,0.998892605304718,0.6179401874542236
YDL079C,YGR087C,0,,0.13913311064243317,0.998892605304718,0.6180509328842163
YEL046C,YPR165W,0,,0.13911165297031403,0.998892605304718,0.618161678314209
YLR378C,YNL279W,0,,0.13909021019935608,0.998892605304718,0.6182724237442017
YHL002W,YIL040W,0,,0.13906876742839813,0.998892605304718,0.6183831691741943
YGR059W,YPL164C,0,,0.13904732465744019,0.998892605304718,0.618493914604187
YLR084C,YDL014W,0,,0.13902589678764343,0.998892605304718,0.6186046600341797
YBL042C,YHR043C,0,,0.13900446891784668,0.998892605304718,0.6187154054641724
YOR083W,YPR065W,0,,0.13898305594921112,0.998892605304718,0.618826150894165
YBL002W,YFL002C,0,,0.13896164298057556,0.998892605304718,0.6189368963241577
YHL007C,YIL091C,0,,0.13894023001194,0.998892605304718,0.6190476417541504
YBL050W,YER042W,0,,0.13891883194446564,0.998892605304718,0.6191583871841431
YMR202W,YIL063C,0,,0.13889744877815247,0.998892605304718,0.6192691326141357
YJL123C,YLR376C,0,,0.1388760656118393,0.998892605304718,0.6193798184394836
YDR311W,YER146W,0,,0.13885468244552612,0.998892605304718,0.6194905638694763
YML029W,YBR135W,0,,0.13883331418037415,0.998892605304718,0.619601309299469
YDR255C,YIL050W,0,,0.13881194591522217,0.998892605304718,0.6197120547294617
YHR072W,YAL001C,0,,0.1387905776500702,0.998892605304718,0.6198228001594543
YNL064C,YBL101C,0,,0.1387692242860794,0.998892605304718,0.619933545589447
YOR095C,YDR485C,0,,0.13874788582324982,0.998892605304718,0.6200442910194397
YKL107W,YDL161W,0,,0.13872654736042023,0.998892605304718,0.6201550364494324
YIL015W,YER074W-A,0,,0.13870520889759064,0.998892605304718,0.620265781879425
YJL122W,YBR167C,0,,0.13868388533592224,0.998892605304718,0.6203765273094177
YEL077C,YMR121C,0,,0.13866256177425385,0.998892605304718,0.6204872727394104
YKR022C,YPR124W,0,,0.13864125311374664,0.998892605304718,0.6205980181694031
YLR148W,YPR004C,0,,0.13861994445323944,0.998892605304718,0.6207087635993958
YNL069C,YPL088W,0,,0.13859865069389343,0.998892605304718,0.6208195090293884
YFL034C-B,YML010W,0,,0.13857735693454742,0.998892605304718,0.6209302544593811
YKL146W,YDL147W,0,,0.13855606317520142,0.998892605304718,0.6210409998893738
YMR021C,YGL011C,0,,0.1385347843170166,0.998892605304718,0.6211517453193665
YHR196W,YLR424W,0,,0.13851352035999298,0.998892605304718,0.6212624311447144
YMR134W,YML026C,0,,0.13849224150180817,0.998892605304718,0.621373176574707
YGR257C,YFL055W,0,,0.13847099244594574,0.998892605304718,0.6214839220046997
YBR234C,YNL113W,0,,0.13844972848892212,0.998892605304718,0.6215946674346924
YJR007W,YML022W,0,,0.1384284794330597,0.998892605304718,0.6217054128646851
YCR008W,YER172C,0,,0.13840724527835846,0.998892605304718,0.6218161582946777
YCR023C,YDR186C,0,,0.13838601112365723,0.998892605304718,0.6219269037246704
YNL134C,YDR264C,0,,0.138364776968956,0.998892605304718,0.6220376491546631
YGL255W,YPL060C-A,0,,0.13834355771541595,0.998892605304718,0.6221483945846558
YOR118W,YMR190C,0,,0.13832233846187592,0.998892605304718,0.6222591400146484
YBR079C,YPR121W,0,,0.13830113410949707,0.998892605304718,0.6223698854446411
YKR013W,YKL120W,0,,0.13827992975711823,0.998892605304718,0.6224806308746338
YML093W,YDL150W,0,,0.13825874030590057,0.998892605304718,0.6225913763046265
YPL084W,YIR035C,0,,0.13823755085468292,0.998892605304718,0.6227021217346191
YJR044C,YNL099C,0,,0.13821636140346527,0.998892605304718,0.6228128671646118
YMR104C,YDR488C,0,,0.1381951868534088,0.998892605304718,0.6229236125946045
YLR233C,YGR108W,0,,0.13817401230335236,0.998892605304718,0.6230343580245972
YHR141C,YGL245W,0,,0.1381528526544571,0.998892605304718,0.6231450438499451
YGL121C,YDL191W,0,,0.13813169300556183,0.998892605304718,0.6232557892799377
YLR081W,YER018C,0,,0.13811054825782776,0.998892605304718,0.6233665347099304
YBL005W-A,YKL084W,0,,0.1380894035100937,0.998892605304718,0.6234772801399231
YML022W,YGL065C,0,,0.1380682736635208,0.998892605304718,0.6235880255699158
YGL125W,YOL113W,0,,0.13804714381694794,0.998892605304718,0.6236987709999084
YDR225W,YBR221C,0,,0.13802601397037506,0.998892605304718,0.6238095164299011
YNL321W,YGL008C,0,,0.13800489902496338,0.998892605304718,0.6239202618598938
YGR166W,YLR027C,0,,0.1379837840795517,0.998892605304718,0.6240310072898865
YKL125W,YBL046W,0,,0.1379626840353012,0.998892605304718,0.6241417527198792
YBR199W,YKR065C,0,,0.13794158399105072,0.998892605304718,0.6242524981498718
YLR393W,YPL030W,0,,0.13792048394680023,0.998892605304718,0.6243632435798645
YKL086W,YCR023C,0,,0.13789939880371094,0.998892605304718,0.6244739890098572
YPL275W,YPR065W,0,,0.13787832856178284,0.998892605304718,0.6245847344398499
YGR109C,YLL052C,0,,0.13785725831985474,0.998892605304718,0.6246954798698425
YGL033W,YOR073W,0,,0.13783618807792664,0.998892605304718,0.6248062252998352
YOR321W,YOR133W,0,,0.13781513273715973,0.998892605304718,0.6249169707298279
YLR077W,YPL029W,0,,0.13779407739639282,0.998892605304718,0.6250276565551758
YJL111W,YLR022C,0,,0.13777302205562592,0.998892605304718,0.6251384019851685
YGR209C,YDL161W,0,,0.1377519816160202,0.998892605304718,0.6252491474151611
YDL126C,YMR164C,0,,0.13773095607757568,0.998892605304718,0.6253598928451538
YKL101W,YDL150W,0,,0.13770993053913116,0.998892605304718,0.6254706382751465
YCL045C,YOL039W,0,,0.13768890500068665,0.998892605304718,0.6255813837051392
YDR214W,YBR154C,0,,0.13766789436340332,0.998892605304718,0.6256921291351318
YNR054C,YPL020C,0,,0.13764688372612,0.998892605304718,0.6258028745651245
YOR118W,YNL316C,0,,0.13762587308883667,0.998892605304718,0.6259136199951172
YGR128C,YCR003W,0,,0.13760487735271454,0.998892605304718,0.6260243654251099
YBR239C,YOR083W,0,,0.1375838965177536,0.998892605304718,0.6261351108551025
YKL101W,YEL009C,0,,0.13756291568279266,0.998892605304718,0.6262458562850952
YKR010C,YDR180W,0,,0.13754193484783173,0.998892605304718,0.6263566017150879
YGL020C,YER075C,0,,0.13752096891403198,0.998892605304718,0.6264673471450806
YPR104C,YIL040W,0,,0.13750000298023224,0.998892605304718,0.6265780925750732
YPR004C,YPR112C,0,,0.1374790370464325,0.998892605304718,0.6266888380050659
YPL256C,YGR240C,0,,0.13745808601379395,0.998892605304718,0.6267995834350586
YER039C,YPL046C,0,,0.1374371498823166,0.998892605304718,0.6269102692604065
YLR310C,YLL028W,0,,0.13741621375083923,0.998892605304718,0.6270210146903992
YGR038C-B,YDR079C-A,0,,0.13739527761936188,0.998892605304718,0.6271317601203918
YDL005C,YBR210W,0,,0.13737435638904572,0.998892605304718,0.6272425055503845
YCL019W,YDR016C,0,,0.13735343515872955,0.998892605304718,0.6273532509803772
YBL042C,YPL236C,0,,0.1373325139284134,0.998892605304718,0.6274639964103699
YKL146W,YER141W,0,,0.13731162250041962,0.998892605304718,0.6275747418403625
YDR180W,YML058W,0,,0.13729071617126465,0.998892605304718,0.6276854872703552
YDR311W,YNL124W,0,,0.13726982474327087,0.998892605304718,0.6277962327003479
YOL006C,YPL003W,0,,0.1372489333152771,0.998892605304718,0.6279069781303406
YGL210W-A,YCR048W,0,,0.13722805678844452,0.998892605304718,0.6280177235603333
YBR215W,YLR368W,0,,0.13720718026161194,0.998892605304718,0.6281284689903259
YKL101W,YHR102W,0,,0.13718631863594055,0.998892605304718,0.6282392144203186
YPR151C,YGL131C,0,,0.13716545701026917,0.998892605304718,0.6283499598503113
YOR178C,YBR201W,0,,0.13714459538459778,0.998892605304718,0.628460705280304
YOR100C,YER157W,0,,0.13712374866008759,0.998892605304718,0.6285714507102966
YOR293W,YER157W,0,,0.1371029019355774,0.998892605304718,0.6286821961402893
YJL092W,YDR198C,0,,0.1370820701122284,0.998892605304718,0.628792941570282
YPR151C,YLR013W,0,,0.1370612382888794,0.998892605304718,0.6289036273956299
YHL001W,YPR121W,0,,0.1370404064655304,0.998892605304718,0.6290143728256226
YKL213C,YMR067C,0,,0.1370195895433426,0.998892605304718,0.6291251182556152
YGL201C,YJL092W,0,,0.13699878752231598,0.998892605304718,0.6292358636856079
YMR309C,YBR288C,0,,0.13697798550128937,0.998892605304718,0.6293466091156006
YLR064W,YAR003W,0,,0.13695718348026276,0.998892605304718,0.6294573545455933
YOL097C,YHR178W,0,,0.13693639636039734,0.998892605304718,0.6295680999755859
YOR115C,YPL187W,0,,0.13691560924053192,0.998892605304718,0.6296788454055786
YDR311W,YLR240W,0,,0.1368948221206665,0.998892605304718,0.6297895908355713
YNL186W,YPL088W,0,,0.13687404990196228,0.998892605304718,0.629900336265564
YOR328W,YPL015C,0,,0.13685327768325806,0.998892605304718,0.6300110816955566
YCL033C,YEL020C,0,,0.13683252036571503,0.998892605304718,0.6301218271255493
YFL034C-A,YIL110W,0,,0.136811763048172,0.998892605304718,0.630232572555542
YMR121C,YKL084W,0,,0.13679102063179016,0.998892605304718,0.6303433179855347
YJR095W,YKL157W,0,,0.13677027821540833,0.998892605304718,0.6304540634155273
YHR065C,YDL191W,0,,0.13674955070018768,0.998892605304718,0.63056480884552
YNR023W,YML066C,0,,0.13672882318496704,0.998892605304718,0.6306755542755127
YBL045C,YPL003W,0,,0.1367080956697464,0.998892605304718,0.6307862401008606
YKL107W,YDR540C,0,,0.13668738305568695,0.998892605304718,0.6308969855308533
YJL018W,YPL124W,0,,0.1366666704416275,0.998892605304718,0.631007730960846
YDL193W,YCR066W,0,,0.13664595782756805,0.998892605304718,0.6311184763908386
YLR070C,YLR341W,0,,0.1366252601146698,0.998892605304718,0.6312292218208313
YPL162C,YJL160C,0,,0.13660457730293274,0.998892605304718,0.631339967250824
YDR294C,YKL221W,0,,0.13658389449119568,0.998892605304718,0.6314507126808167
YGR152C,YIL085C,0,,0.13656321167945862,0.998892605304718,0.6315614581108093
YGL048C,YJR095W,0,,0.13654254376888275,0.998892605304718,0.631672203540802
YGL254W,YDR266C,0,,0.13652187585830688,0.998892605304718,0.6317829489707947
YGL184C,YBR083W,0,,0.13650120794773102,0.998892605304718,0.6318936944007874
YBR235W,YHR102W,0,,0.13648055493831635,0.998892605304718,0.63200443983078
YML131W,YNL279W,0,,0.13645990192890167,0.998892605304718,0.6321151852607727
YJL092W,YDR206W,0,,0.1364392638206482,0.998892605304718,0.6322259306907654
YLR388W,YDL236W,0,,0.13641862571239471,0.998892605304718,0.6323366761207581
YGL250W,YNL257C,0,,0.13639800250530243,0.998892605304718,0.6324474215507507
YOR095C,YML130C,0,,0.13637737929821014,0.998892605304718,0.6325581669807434
YOL034W,YNL047C,0,,0.13635677099227905,0.998892605304718,0.6326688528060913
YDL126C,YMR199W,0,,0.13633614778518677,0.998892605304718,0.632779598236084
YGR287C,YDR084C,0,,0.13631555438041687,0.998892605304718,0.6328903436660767
YOR017W,YPR112C,0,,0.13629494607448578,0.998892605304718,0.6330010890960693
YGL099W,YCR033W,0,,0.13627436757087708,0.998892605304718,0.633111834526062
YOR144C,YNL224C,0,,0.13625377416610718,0.998892605304718,0.6332225799560547
YOR005C,YNR049C,0,,0.13623319566249847,0.998892605304718,0.6333333253860474
YGL156W,YLR022C,0,,0.13621261715888977,0.998892605304718,0.63344407081604
YPL003W,YOL130W,0,,0.13619205355644226,0.998892605304718,0.6335548162460327
YLL005C,YHR042W,0,,0.13617150485515594,0.998892605304718,0.6336655616760254
YNL090W,YML069W,0,,0.13615094125270844,0.998892605304718,0.6337763071060181
YJL122W,YBR199W,0,,0.13613039255142212,0.998892605304718,0.6338870525360107
YDR142C,YPR025C,0,,0.136109858751297,0.998892605304718,0.6339977979660034
YOR173W,YLR336C,0,,0.13608932495117188,0.998892605304718,0.6341085433959961
YEL063C,YEL020C,0,,0.13606879115104675,0.998892605304718,0.6342192888259888
YHL001W,YMR170C,0,,0.13604827225208282,0.998892605304718,0.6343300342559814
YNL177C,YCR048W,0,,0.1360277533531189,0.998892605304718,0.6344407796859741
YLR332W,YDL165W,0,,0.13600723445415497,0.998892605304718,0.634551465511322
YOL146W,YJL074C,0,,0.13598673045635223,0.998892605304718,0.6346622109413147
YER146W,YKR003W,0,,0.1359662413597107,0.998892605304718,0.6347729563713074
YNL009W,YGR249W,0,,0.13594573736190796,0.998892605304718,0.6348837018013
YOR115C,YJL207C,0,,0.1359252631664276,0.998892605304718,0.6349944472312927
YHR123W,YJR129C,0,,0.13590477406978607,0.998892605304718,0.6351051926612854
YML093W,YBR229C,0,,0.13588429987430573,0.998892605304718,0.6352159380912781
YOR361C,YMR058W,0,,0.13586384057998657,0.998892605304718,0.6353266835212708
YHR141C,YGR166W,0,,0.13584336638450623,0.998892605304718,0.6354374289512634
YGR038W,YCL040W,0,,0.13582292199134827,0.998892605304718,0.6355481743812561
YJL010C,YFR044C,0,,0.1358024626970291,0.998892605304718,0.6356589198112488
YOL001W,YDR266C,0,,0.13578203320503235,0.998892605304718,0.6357696652412415
YLR225C,YER035W,0,,0.1357615888118744,0.998892605304718,0.6358804106712341
YMR263W,YLR157C-B,0,,0.13574115931987762,0.998892605304718,0.6359911561012268
YMR079W,YDR210W,0,,0.13572072982788086,0.998892605304718,0.6361019015312195
YOR210W,YIL131C,0,,0.1357003152370453,0.998892605304718,0.6362126469612122
YBR070C,YER058W,0,,0.13567990064620972,0.998892605304718,0.6363233923912048
YML123C,YHR196W,0,,0.13565950095653534,0.998892605304718,0.6364341378211975
YDR184C,YDR016C,0,,0.13563910126686096,0.998892605304718,0.6365448236465454
YOR141C,YPL270W,0,,0.13561870157718658,0.998892605304718,0.6366555690765381
YGL134W,YOL113W,0,,0.1355983167886734,0.998892605304718,0.6367663145065308
YPR201W,YLR372W,0,,0.13557793200016022,0.998892605304718,0.6368770599365234
YLR342W,YEL071W,0,,0.13555756211280823,0.998892605304718,0.6369878053665161
YBR077C,YKR018C,0,,0.13553719222545624,0.998892605304718,0.6370985507965088
YKL071W,YNL099C,0,,0.13551682233810425,0.998892605304718,0.6372092962265015
YDR394W,YDL174C,0,,0.13549646735191345,0.998892605304718,0.6373200416564941
YDL010W,YLR308W,0,,0.13547611236572266,0.998892605304718,0.6374307870864868
YHL013C,YOR088W,0,,0.13545577228069305,0.998892605304718,0.6375415325164795
YHR134W,YBR136W,0,,0.13543543219566345,0.998892605304718,0.6376522779464722
YOL110W,YML062C,0,,0.13541510701179504,0.998892605304718,0.6377630233764648
YPL005W,YJR144W,0,,0.13539478182792664,0.998892605304718,0.6378737688064575
YIL157C,YOL034W,0,,0.13537445664405823,0.998892605304718,0.6379845142364502
YOR141C,YGR067C,0,,0.135354146361351,0.998892605304718,0.6380952596664429
YLR135W,YFR044C,0,,0.1353338360786438,0.998892605304718,0.6382060050964355
YLR233C,YJR099W,0,,0.13531352579593658,0.998892605304718,0.6383167505264282
YDL079C,YGL179C,0,,0.13529323041439056,0.998892605304718,0.6384274363517761
YBR253W,YDR352W,0,,0.13527294993400574,0.998892605304718,0.6385381817817688
YKR045C,YBL071W-A,0,,0.13525265455245972,0.998892605304718,0.6386489272117615
YDL181W,YJL118W,0,,0.13523238897323608,0.998892605304718,0.6387596726417542
YGR148C,YAL005C,0,,0.13521210849285126,0.998892605304718,0.6388704180717468
YHR016C,YOL044W,0,,0.13519184291362762,0.998892605304718,0.6389811635017395
YPR101W,YGL029W,0,,0.13517159223556519,0.998892605304718,0.6390919089317322
YJL209W,YOL044W,0,,0.13515132665634155,0.998892605304718,0.6392026543617249
YOR361C,YOR003W,0,,0.1351310908794403,0.998892605304718,0.6393133997917175
YLR405W,YCR003W,0,,0.13511084020137787,0.998892605304718,0.6394241452217102
YBR083W,YIL097W,0,,0.13509060442447662,0.998892605304718,0.6395348906517029
YER006W,YCR043C,0,,0.13507038354873657,0.998892605304718,0.6396456360816956
YGR152C,YKL113C,0,,0.13505016267299652,0.998892605304718,0.6397563815116882
YHR183W,YJR044C,0,,0.13502994179725647,0.998892605304718,0.6398671269416809
YKL091C,YJL111W,0,,0.1350097358226776,0.998892605304718,0.6399778723716736
YMR323W,YDR540C,0,,0.13498952984809875,0.998892605304718,0.6400886178016663
YMR119W,YLR336C,0,,0.1349693238735199,0.998892605304718,0.6401993632316589
YJR007W,YPL046C,0,,0.13494913280010223,0.998892605304718,0.6403100490570068
YGR157W,YLR027C,0,,0.13492894172668457,0.998892605304718,0.6404207944869995
YDR147W,YOL113W,0,,0.1349087655544281,0.998892605304718,0.6405315399169922
YIL063C,YHR003C,0,,0.13488858938217163,0.998892605304718,0.6406422853469849
YLR226W,YJR064W,0,,0.13486842811107635,0.998892605304718,0.6407530307769775
YDR225W,YOR028C,0,,0.13484825193881989,0.998892605304718,0.6408637762069702
YER078C,YNL002C,0,,0.1348281055688858,0.998892605304718,0.6409745216369629
YOL088C,YGL207W,0,,0.13480794429779053,0.998892605304718,0.6410852670669556
YPL242C,YDR484W,0,,0.13478781282901764,0.998892605304718,0.6411960124969482
YBR235W,YHR166C,0,,0.13476766645908356,0.998892605304718,0.6413067579269409
YER078C,YOR196C,0,,0.13474753499031067,0.998892605304718,0.6414175033569336
YGR128C,YGR280C,0,,0.13472740352153778,0.998892605304718,0.6415282487869263
YNL071W,YOR336W,0,,0.1347072869539261,0.998892605304718,0.641638994216919
YDR339C,YOR030W,0,,0.1346871703863144,0.998892605304718,0.6417497396469116
YKL008C,YFL022C,0,,0.1346670687198639,0.998892605304718,0.6418604850769043
YNR026C,YJR086W,0,,0.1346469670534134,0.998892605304718,0.641971230506897
YGR215W,YJR088C,0,,0.1346268653869629,0.998892605304718,0.6420819759368896
YCR023C,YDR156W,0,,0.13460677862167358,0.998892605304718,0.6421926617622375
YOR095C,YCR020W-B,0,,0.13458669185638428,0.998892605304718,0.6423034071922302
YDR266C,YOR367W,0,,0.13456660509109497,0.998892605304718,0.6424141526222229
YER003C,YJR007W,0,,0.13454653322696686,0.998892605304718,0.6425248980522156
YLR157C-A,YJR125C,0,,0.13452647626399994,0.998892605304718,0.6426356434822083
YKR067W,YDR123C,0,,0.13450641930103302,0.998892605304718,0.6427463889122009
YJL115W,YKL222C,0,,0.1344863623380661,0.998892605304718,0.6428571343421936
YBL016W,YKR099C-A,0,,0.13446630537509918,0.998892605304718,0.6429678797721863
YMR167W,YLR341W,0,,0.13444626331329346,0.998892605304718,0.643078625202179
YMR266W,YOR030W,0,,0.13442623615264893,0.998892605304718,0.6431893706321716
YCL062W,YNL152W,0,,0.1344061940908432,0.998892605304718,0.6433001160621643
YCL062W,YDL201W,0,,0.13438616693019867,0.998892605304718,0.643410861492157
YJR086W,YOR284W,0,,0.13436615467071533,0.998892605304718,0.6435216069221497
YNL275W,YMR260C,0,,0.134346142411232,0.998892605304718,0.6436323523521423
YIL066C,YKL096W,0,,0.13432613015174866,0.998892605304718,0.643743097782135
YDR206W,YGL077C,0,,0.1343061327934265,0.998892605304718,0.6438538432121277
YAL032C,YDR363W,0,,0.13428613543510437,0.998892605304718,0.6439645886421204
YLR262C,YBR018C,0,,0.13426615297794342,0.998892605304718,0.644075334072113
YER006W,YDL236W,0,,0.13424617052078247,0.998892605304718,0.6441860198974609
YJR002W,YDL161W,0,,0.13422618806362152,0.998892605304718,0.6442967653274536
YER016W,YPR185W,0,,0.13420622050762177,0.998892605304718,0.6444075107574463
YNL327W,YNL058C,0,,0.134186252951622,0.998892605304718,0.644518256187439
YHR016C,YBR135W,0,,0.13416630029678345,0.998892605304718,0.6446290016174316
YGL166W,YNR075W,0,,0.13414634764194489,0.998892605304718,0.6447397470474243
YNL257C,YLL052C,0,,0.13412639498710632,0.998892605304718,0.644850492477417
YML025C,YJR014W,0,,0.13410645723342896,0.998892605304718,0.6449612379074097
YOR196C,YMR083W,0,,0.1340865194797516,0.998892605304718,0.6450719833374023
YOL097C,YNL075W,0,,0.13406658172607422,0.998892605304718,0.645182728767395
YMR162C,YNL326C,0,,0.13404665887355804,0.998892605304718,0.6452934741973877
YJL123C,YJL209W,0,,0.13402675092220306,0.998892605304718,0.6454042196273804
YBL050W,YDL092W,0,,0.1340068280696869,0.998892605304718,0.645514965057373
YJL010C,YGR249W,0,,0.1339869350194931,0.998892605304718,0.6456257104873657
YJL210W,YDL044C,0,,0.13396702706813812,0.998892605304718,0.6457364559173584
YER078C,YHR191C,0,,0.13394713401794434,0.998892605304718,0.6458472013473511
YDR143C,YHR050W,0,,0.13392724096775055,0.998892605304718,0.6459579467773438
YKL092C,YPR066W,0,,0.13390736281871796,0.998892605304718,0.6460686326026917
YML022W,YLR378C,0,,0.13388748466968536,0.998892605304718,0.6461793780326843
YDR184C,YBR044C,0,,0.13386762142181396,0.998892605304718,0.646290123462677
YDR210W,YJL203W,0,,0.13384775817394257,0.998892605304718,0.6464008688926697
YBR258C,YAL014C,0,,0.13382789492607117,0.998892605304718,0.6465116143226624
YGL250W,YMR058W,0,,0.13380804657936096,0.998892605304718,0.646622359752655
YJR099W,YOL119C,0,,0.13378819823265076,0.998892605304718,0.6467331051826477
YKR045C,YPR079W,0,,0.13376834988594055,0.998892605304718,0.6468438506126404
YNL014W,YNL003C,0,,0.13374851644039154,0.998892605304718,0.6469545960426331
YNL257C,YNL067W,0,,0.13372868299484253,0.998892605304718,0.6470653414726257
YLR069C,YDR291W,0,,0.1337088644504547,0.998892605304718,0.6471760869026184
YKR029C,YPL057C,0,,0.1336890459060669,0.998892605304718,0.6472868323326111
YOL041C,YBL003C,0,,0.13366924226284027,0.998892605304718,0.6473975777626038
YOL146W,YJL207C,0,,0.13364942371845245,0.998892605304718,0.6475083231925964
YPR145W,YPL249C-A,0,,0.13362963497638702,0.998892605304718,0.6476190686225891
YNL064C,YNL024C-A,0,,0.1336098313331604,0.998892605304718,0.6477298140525818
YDL052C,YNL058C,0,,0.13359004259109497,0.998892605304718,0.6478405594825745
YNL305C,YCR083W,0,,0.13357026875019073,0.998892605304718,0.6479512453079224
YBR161W,YGL044C,0,,0.1335504949092865,0.998892605304718,0.648061990737915
YDR489W,YLR133W,0,,0.13353072106838226,0.998892605304718,0.6481727361679077
YGL048C,YBL027W,0,,0.13351094722747803,0.998892605304718,0.6482834815979004
YGL055W,YJR125C,0,,0.13349118828773499,0.998892605304718,0.6483942270278931
YER026C,YHR176W,0,,0.13347144424915314,0.998892605304718,0.6485049724578857
YBR127C,YJR014W,0,,0.1334517002105713,0.998892605304718,0.6486157178878784
YIR034C,YNL106C,0,,0.13343195617198944,0.998892605304718,0.6487264633178711
YNL336W,YLR066W,0,,0.1334122121334076,0.998892605304718,0.6488372087478638
YGL250W,YMR164C,0,,0.13339248299598694,0.998892605304718,0.6489479541778564
YIL063C,YML046W,0,,0.13337276875972748,0.998892605304718,0.6490586996078491
YEL060C,YJL111W,0,,0.13335303962230682,0.998892605304718,0.6491694450378418
YOR298C-A,YGL156W,0,,0.13333334028720856,0.998892605304718,0.6492801904678345
YNL030W,YDL122W,0,,0.1333136260509491,0.998892605304718,0.6493909358978271
YLR166C,YDL104C,0,,0.13329392671585083,0.998892605304718,0.6495016813278198
YBR253W,YPR185W,0,,0.13327422738075256,0.998892605304718,0.6496124267578125
YDR365W-B,YDR363W,0,,0.1332545429468155,0.998892605304718,0.6497231721878052
YJL207C,YDR291W,0,,0.13323485851287842,0.998892605304718,0.6498338580131531
YHL020C,YNL058C,0,,0.13321518898010254,0.998892605304718,0.6499446034431458
YMR236W,YNL124W,0,,0.13319550454616547,0.998892605304718,0.6500553488731384
YLR166C,YOR118W,0,,0.13317584991455078,0.998892605304718,0.6501660943031311
YDR182W,YJR088C,0,,0.1331561803817749,0.998892605304718,0.6502768397331238
YOR214C,YPL118W,0,,0.13313652575016022,0.998892605304718,0.6503875851631165
YGR013W,YOL137W,0,,0.13311688601970673,0.998892605304718,0.6504983305931091
YOR255W,YHR178W,0,,0.13309724628925323,0.998892605304718,0.6506090760231018
YOL034W,YPR009W,0,,0.13307760655879974,0.998892605304718,0.6507198214530945
YER141W,YPL057C,0,,0.13305796682834625,0.998892605304718,0.6508305668830872
YNL252C,YLR308W,0,,0.13303834199905396,0.998892605304718,0.6509413123130798
YML078W,YOL013C,0,,0.13301873207092285,0.998892605304718,0.6510520577430725
YJL209W,YIL158W,0,,0.13299912214279175,0.998892605304718,0.6511628031730652
YNL090W,YGR067C,0,,0.13297951221466064,0.998892605304718,0.6512735486030579
YDL126C,YKR042W,0,,0.13295990228652954,0.998892605304718,0.6513842940330505
YJL116C,YGR163W,0,,0.13294030725955963,0.998892605304718,0.6514950394630432
YDL178W,YGL020C,0,,0.13292071223258972,0.998892605304718,0.6516057848930359
YPL255W,YOR295W,0,,0.132901132106781,0.998892605304718,0.6517165303230286
YDR191W,YOR360C,0,,0.1328815519809723,0.998892605304718,0.6518272161483765
YKR092C,YER094C,0,,0.13286198675632477,0.998892605304718,0.6519379615783691
YJL076W,YBR244W,0,,0.13284242153167725,0.998892605304718,0.6520487070083618
YDR385W,YPL086C,0,,0.13282285630702972,0.998892605304718,0.6521594524383545
YOL044W,YPL108W,0,,0.1328032910823822,0.998892605304718,0.6522701978683472
YFR046C,YLR069C,0,,0.13278374075889587,0.998892605304718,0.6523809432983398
YOL033W,YLR368W,0,,0.13276420533657074,0.998892605304718,0.6524916887283325
YNL323W,YKL008C,0,,0.1327446699142456,0.998892605304718,0.6526024341583252
YGR041W,YDL213C,0,,0.13272513449192047,0.998892605304718,0.6527131795883179
YBL102W,YMR121C,0,,0.13270559906959534,0.998892605304718,0.6528239250183105
YGR231C,YML072C,0,,0.1326860785484314,0.998892605304718,0.6529346704483032
YJR007W,YEL077C,0,,0.13266657292842865,0.998892605304718,0.6530454158782959
YBL006C,YJL042W,0,,0.1326470524072647,0.998892605304718,0.6531561613082886
YDR216W,YHR200W,0,,0.13262756168842316,0.998892605304718,0.6532669067382812
YMR202W,YPR079W,0,,0.1326080560684204,0.998892605304718,0.6533776521682739
YDR339C,YER026C,0,,0.13258856534957886,0.998892605304718,0.6534883975982666
YLR336C,YOR033C,0,,0.1325690746307373,0.998892605304718,0.6535991430282593
YOR115C,YMR291W,0,,0.13254959881305695,0.998892605304718,0.6537098288536072
YMR197C,YOL049W,0,,0.1325301229953766,0.998892605304718,0.6538205742835999
YKL073W,YAL061W,0,,0.13251064717769623,0.998892605304718,0.6539313197135925
YMR266W,YJL160C,0,,0.13249118626117706,0.998892605304718,0.6540420651435852
YHR016C,YDL049C,0,,0.1324717253446579,0.998892605304718,0.6541528105735779
YPR181C,YPR056W,0,,0.13245227932929993,0.998892605304718,0.6542635560035706
YPL249C-A,YKR003W,0,,0.13243283331394196,0.998892605304718,0.6543743014335632
YHR065C,YOR171C,0,,0.13241338729858398,0.998892605304718,0.6544850468635559
YPR029C,YPL124W,0,,0.1323939561843872,0.998892605304718,0.6545957922935486
YOL075C,YLR222C,0,,0.13237452507019043,0.998892605304718,0.6547065377235413
YBR126C,YGL100W,0,,0.13235509395599365,0.998892605304718,0.6548172831535339
YOR196C,YBL002W,0,,0.13233567774295807,0.998892605304718,0.6549280285835266
YOR173W,YER035W,0,,0.13231626152992249,0.998892605304718,0.6550387740135193
YNL072W,YLR133W,0,,0.1322968602180481,0.998892605304718,0.655149519443512
YLR388W,YMR283C,0,,0.1322774589061737,0.998892605304718,0.6552602648735046
YHR203C,YLL010C,0,,0.13225805759429932,0.998892605304718,0.6553710103034973
YML064C,YGR215W,0,,0.13223867118358612,0.998892605304718,0.65548175573349
YBR136W,YLL052C,0,,0.13221928477287292,0.998892605304718,0.6555924415588379
YHR050W,YOR375C,0,,0.13219991326332092,0.998892605304718,0.6557031869888306
YPL211W,YCR024C-A,0,,0.13218054175376892,0.998892605304718,0.6558139324188232
YER065C,YMR309C,0,,0.13216117024421692,0.998892605304718,0.6559246778488159
YKL096W,YJR161C,0,,0.1321418136358261,0.998892605304718,0.6560354232788086
YLR368W,YER058W,0,,0.1321224570274353,0.998892605304718,0.6561461687088013
YLR369W,YGL130W,0,,0.1321031004190445,0.998892605304718,0.656256914138794
YIL066C,YHR050W,0,,0.13208375871181488,0.998892605304718,0.6563676595687866
YJL159W,YNL265C,0,,0.13206441700458527,0.998892605304718,0.6564784049987793
YGR125W,YIL044C,0,,0.13204509019851685,0.998892605304718,0.656589150428772
YGL033W,YKR080W,0,,0.13202576339244843,0.998892605304718,0.6566998958587646
YJL063C,YPL217C,0,,0.13200643658638,0.998892605304718,0.6568106412887573
YOR033C,YJR088C,0,,0.13198712468147278,0.998892605304718,0.65692138671875
YDL193W,YGL017W,0,,0.13196781277656555,0.998892605304718,0.6570321321487427
YNL321W,YBR265W,0,,0.13194850087165833,0.998892605304718,0.6571428775787354
YPL152W,YKL152C,0,,0.1319292038679123,0.998892605304718,0.657253623008728
YML066C,YMR323W,0,,0.13190992176532745,0.998892605304718,0.6573643684387207
YBR203W,YML110C,0,,0.13189062476158142,0.998892605304718,0.6574750542640686
YDR519W,YNR051C,0,,0.13187134265899658,0.998892605304718,0.6575857996940613
YLR307W,YPR056W,0,,0.13185207545757294,0.998892605304718,0.657696545124054
YHR050W,YML075C,0,,0.1318327933549881,0.998892605304718,0.6578072905540466
YPL164C,YLR222C,0,,0.13181352615356445,0.998892605304718,0.6579180359840393
YOR214C,YLR319C,0,,0.131794273853302,0.998892605304718,0.658028781414032
YJL014W,YJL036W,0,,0.13177502155303955,0.998892605304718,0.6581395268440247
YNR036C,YIL129C,0,,0.1317557692527771,0.998892605304718,0.6582502722740173
YJR067C,YIR010W,0,,0.13173653185367584,0.998892605304718,0.65836101770401
YOR173W,YHR152W,0,,0.13171729445457458,0.998892605304718,0.6584717631340027
YIL041W,YML126C,0,,0.13169805705547333,0.998892605304718,0.6585825085639954
YGL048C,YBR019C,0,,0.13167883455753326,0.998892605304718,0.658693253993988
YJR093C,YIL157C,0,,0.1316596120595932,0.998892605304718,0.6588039994239807
YMR030W,YHR072W-A,0,,0.13164038956165314,0.998892605304718,0.6589147448539734
YIL049W,YGL043W,0,,0.13162118196487427,0.998892605304718,0.6590254902839661
YKR010C,YKL012W,0,,0.1316019892692566,0.998892605304718,0.6591362357139587
YOR354C,YDR365W-B,0,,0.13158278167247772,0.998892605304718,0.6592469811439514
YBL097W,YKL148C,0,,0.13156358897686005,0.998892605304718,0.6593576669692993
YCR079W,YDL010W,0,,0.13154441118240356,0.998892605304718,0.659468412399292
YPL249C-A,YDR043C,0,,0.13152523338794708,0.998892605304718,0.6595791578292847
YCL033C,YMR083W,0,,0.1315060555934906,0.998892605304718,0.6596899032592773
YKL160W,YHR176W,0,,0.13148687779903412,0.998892605304718,0.65980064868927
YPL020C,YOR190W,0,,0.13146771490573883,0.998892605304718,0.6599113941192627
YMR244C-A,YNL099C,0,,0.13144855201244354,0.998892605304718,0.6600221395492554
YBR135W,YHR102W,0,,0.13142940402030945,0.998892605304718,0.660132884979248
YPL047W,YKL220C,0,,0.13141025602817535,0.998892605304718,0.6602436304092407
YKL146W,YPL060C-A,0,,0.13139110803604126,0.998892605304718,0.6603543758392334
YBL036C,YIL082W-A,0,,0.13137197494506836,0.998892605304718,0.6604651212692261
YCR070W,YIL129C,0,,0.13135284185409546,0.998892605304718,0.6605758666992188
YML033W,YKR065C,0,,0.13133372366428375,0.998892605304718,0.6606866121292114
YBR228W,YPL003W,0,,0.13131460547447205,0.998892605304718,0.6607973575592041
YPL086C,YMR058W,0,,0.13129548728466034,0.998892605304718,0.6609081029891968
YPR164W,YKL084W,0,,0.13127638399600983,0.998892605304718,0.6610188484191895
YGL250W,YFL052W,0,,0.13125728070735931,0.998892605304718,0.6611295938491821
YML114C,YOL128C,0,,0.1312381774187088,0.998892605304718,0.6612403392791748
YNL014W,YER157W,0,,0.13121908903121948,0.998892605304718,0.6613510251045227
YJL050W,YNL003C,0,,0.13120000064373016,0.998892605304718,0.6614617705345154
YLR210W,YBR221C,0,,0.13118091225624084,0.998892605304718,0.6615725159645081
YPL268W,YNR063W,0,,0.13116183876991272,0.998892605304718,0.6616832613945007
YOR141C,YDL222C,0,,0.1311427801847458,0.998892605304718,0.6617940068244934
YDR258C,YEL003W,0,,0.13112370669841766,0.998892605304718,0.6619047522544861
YBR039W,YOR344C,0,,0.13110464811325073,0.998892605304718,0.6620154976844788
YGR128C,YER001W,0,,0.131085604429245,0.998892605304718,0.6621262431144714
YER119C,YEL055C,0,,0.13106654584407806,0.998892605304718,0.6622369885444641
YDR001C,YML075C,0,,0.13104750216007233,0.998892605304718,0.6623477339744568
YIL015W,YBR057C,0,,0.13102847337722778,0.998892605304718,0.6624584794044495
YDR084C,YNL220W,0,,0.13100944459438324,0.998892605304718,0.6625692248344421
YGL245W,YNL005C,0,,0.1309904158115387,0.998892605304718,0.6626799702644348
YHL009C,YER074W-A,0,,0.13097140192985535,0.998892605304718,0.6627907156944275
YLR372W,YOR088W,0,,0.130952388048172,0.998892605304718,0.6629014611244202
YDL178W,YIL110W,0,,0.13093337416648865,0.998892605304718,0.6630122065544128
YGL023C,YDR266C,0,,0.1309143751859665,0.998892605304718,0.6631229519844055
YMR119W,YGL201C,0,,0.13089537620544434,0.998892605304718,0.6632336378097534
YDL188C,YMR058W,0,,0.13087637722492218,0.998892605304718,0.6633443832397461
YLR272C,YDL049C,0,,0.13085739314556122,0.998892605304718,0.6634551286697388
YDR194C,YOR214C,0,,0.13083840906620026,0.998892605304718,0.6635658740997314
YEL026W,YFL031W,0,,0.1308194398880005,0.998892605304718,0.6636766195297241
YHR124W,YGL187C,0,,0.13080047070980072,0.998892605304718,0.6637873649597168
YJL051W,YER169W,0,,0.13078150153160095,0.998892605304718,0.6638981103897095
YNL209W,YIL122W,0,,0.13076254725456238,0.998892605304718,0.6640088558197021
YGR209C,YNL265C,0,,0.1307435929775238,0.998892605304718,0.6641196012496948
YOL137W,YDR331W,0,,0.13072463870048523,0.998892605304718,0.6642303466796875
YBR258C,YOR214C,0,,0.13070569932460785,0.998892605304718,0.6643410921096802
YNL053W,YIL103W,0,,0.13068675994873047,0.998892605304718,0.6644518375396729
YJL139C,YDR142C,0,,0.1306678205728531,0.998892605304718,0.6645625829696655
YEL071W,YDL236W,0,,0.1306488960981369,0.998892605304718,0.6646733283996582
YBR133C,YDR186C,0,,0.13062997162342072,0.998892605304718,0.6647840738296509
YOL039W,YGR207C,0,,0.13061106204986572,0.998892605304718,0.6648948192596436
YGL224C,YNL083W,0,,0.13059215247631073,0.998892605304718,0.6650055646896362
YDR113C,YGR209C,0,,0.13057324290275574,0.998892605304718,0.6651162505149841
YDR210W,YGL153W,0,,0.13055434823036194,0.998892605304718,0.6652269959449768
YDR180W,YIL103W,0,,0.13053545355796814,0.998892605304718,0.6653377413749695
YCR068W,YML008C,0,,0.13051657378673553,0.998892605304718,0.6654484868049622
YMR030W,YNL254C,0,,0.13049767911434174,0.998892605304718,0.6655592322349548
YHL009C,YDR408C,0,,0.13047881424427032,0.998892605304718,0.6656699776649475
YPR009W,YAL055W,0,,0.13045993447303772,0.998892605304718,0.6657807230949402
YKR045C,YBR154C,0,,0.1304410696029663,0.998892605304718,0.6658914685249329
YPL249C,YER074W-A,0,,0.1304222047328949,0.998892605304718,0.6660022139549255
YGR068C,YCR048W,0,,0.13040335476398468,0.998892605304718,0.6661129593849182
YDR237W,YER160C,0,,0.13038450479507446,0.998892605304718,0.6662237048149109
YIL117C,YLR332W,0,,0.13036565482616425,0.998892605304718,0.6663344502449036
YPL241C,YMR291W,0,,0.13034681975841522,0.998892605304718,0.6664451956748962
YBR298C,YLR424W,0,,0.1303279846906662,0.998892605304718,0.6665559411048889
YOR284W,YGR278W,0,,0.13030916452407837,0.998892605304718,0.6666666865348816
YNL053W,YNL152W,0,,0.13029032945632935,0.998892605304718,0.6667774319648743
YKR087C,YJL036W,0,,0.1302715241909027,0.998892605304718,0.6668881773948669
YHR091C,YGR284C,0,,0.13025270402431488,0.998892605304718,0.6669988632202148
YHL013C,YKL208W,0,,0.13023389875888824,0.998892605304718,0.6671096086502075
YPL055C,YDR339C,0,,0.1302150934934616,0.998892605304718,0.6672203540802002
YBR084C-A,YOR360C,0,,0.13019630312919617,0.998892605304718,0.6673310995101929
YNL064C,YJL074C,0,,0.13017751276493073,0.998892605304718,0.6674418449401855
YDR147W,YDR409W,0,,0.13015873730182648,0.998892605304718,0.6675525903701782
YPR185W,YHR102W,0,,0.13013994693756104,0.998892605304718,0.6676633358001709
YBR221C,YLL015W,0,,0.1301211714744568,0.998892605304718,0.6677740812301636
YLR342W,YBR127C,0,,0.13010241091251373,0.998892605304718,0.6678848266601562
YML038C,YOL017W,0,,0.13008365035057068,0.998892605304718,0.6679955720901489
YBL008W-A,YKL184W,0,,0.13006488978862762,0.998892605304718,0.6681063175201416
YDR034C-D,YIL082W-A,0,,0.13004612922668457,0.998892605304718,0.6682170629501343
YJL028W,YJL116C,0,,0.1300273835659027,0.998892605304718,0.668327808380127
YKL125W,YCL010C,0,,0.13000865280628204,0.998892605304718,0.6684385538101196
YDR261C-C,YBL105C,0,,0.12998990714550018,0.998892605304718,0.6685492992401123
YNL316C,YOL075C,0,,0.12997117638587952,0.998892605304718,0.668660044670105
YPR107C,YBR088C,0,,0.12995246052742004,0.998892605304718,0.6687707901000977
YHR134W,YKR001C,0,,0.12993372976779938,0.998892605304718,0.6688815355300903
YBL040C,YDR113C,0,,0.1299150288105011,0.998892605304718,0.6689922213554382
YBL042C,YJR007W,0,,0.12989631295204163,0.998892605304718,0.6691029667854309
YCR079W,YLR226W,0,,0.12987761199474335,0.998892605304718,0.6692137122154236
YOR362C,YLR449W,0,,0.12985891103744507,0.998892605304718,0.6693244576454163
YDL178W,YGL022W,0,,0.12984022498130798,0.998892605304718,0.6694352030754089
YKR080W,YBR229C,0,,0.1298215240240097,0.998892605304718,0.6695459485054016
YGL181W,YHR084W,0,,0.1298028528690338,0.998892605304718,0.6696566939353943
YOL128C,YPR020W,0,,0.12978416681289673,0.998892605304718,0.669767439365387
YKL071W,YJL076W,0,,0.12976549565792084,0.998892605304718,0.6698781847953796
YPL046C,YPL079W,0,,0.12974683940410614,0.998892605304718,0.6699889302253723
YMR011W,YER118C,0,,0.12972816824913025,0.998892605304718,0.670099675655365
YPR020W,YGR195W,0,,0.12970952689647675,0.998892605304718,0.6702104210853577
YGR108W,YKL221W,0,,0.12969087064266205,0.998892605304718,0.6703211665153503
YJL177W,YLR222C,0,,0.12967222929000854,0.998892605304718,0.670431911945343
YDR210W-D,YGR068C,0,,0.12965358793735504,0.998892605304718,0.6705426573753357
YLR298C,YBL099W,0,,0.12963494658470154,0.998892605304718,0.6706534028053284
YHL033C,YBR068C,0,,0.12961632013320923,0.998892605304718,0.670764148235321
YNL009W,YGL179C,0,,0.1295977085828781,0.998892605304718,0.670874834060669
YIL049W,YNL125C,0,,0.1295790821313858,0.998892605304718,0.6709855794906616
YJL145W,YOL016C,0,,0.1295604705810547,0.998892605304718,0.6710963249206543
YMR288W,YNL035C,0,,0.12954185903072357,0.998892605304718,0.671207070350647
YBR073W,YBR244W,0,,0.12952326238155365,0.998892605304718,0.6713178157806396
YCR008W,YML065W,0,,0.12950466573238373,0.998892605304718,0.6714285612106323
YJL137C,YMR067C,0,,0.1294860690832138,0.998892605304718,0.671539306640625
YOR256C,YPR121W,0,,0.12946748733520508,0.998892605304718,0.6716500520706177
YER006W,YHR143W-A,0,,0.12944890558719635,0.998892605304718,0.6717607975006104
YNL071W,YDR079C-A,0,,0.12943033874034882,0.998892605304718,0.671871542930603
YPL029W,YPR009W,0,,0.12941177189350128,0.998892605304718,0.6719822883605957
YKR080W,YOL060C,0,,0.12939320504665375,0.998892605304718,0.6720930337905884
YPL023C,YBL019W,0,,0.1293746381998062,0.998892605304718,0.672203779220581
YDL002C,YNR054C,0,,0.12935608625411987,0.998892605304718,0.6723145246505737
YOR095C,YGR163W,0,,0.12933753430843353,0.998892605304718,0.6724252700805664
YGR140W,YFL003C,0,,0.1293189972639084,0.998892605304718,0.6725360155105591
YBR210W,YDR037W,0,,0.12930046021938324,0.998892605304718,0.6726467609405518
YDR385W,YKR046C,0,,0.1292819231748581,0.998892605304718,0.6727574467658997
YKL096W,YGL257C,0,,0.12926340103149414,0.998892605304718,0.6728681921958923
YLR262C,YHR034C,0,,0.1292448788881302,0.998892605304718,0.672978937625885
YKL221W,YML046W,0,,0.12922635674476624,0.998892605304718,0.6730896830558777
YLR057W,YMR277W,0,,0.12920784950256348,0.998892605304718,0.6732004284858704
YNL113W,YFL002C,0,,0.12918934226036072,0.998892605304718,0.673311173915863
YGL145W,YNL177C,0,,0.12917084991931915,0.998892605304718,0.6734219193458557
YBL050W,YPR020W,0,,0.1291523426771164,0.998892605304718,0.6735326647758484
YKL188C,YOR234C,0,,0.12913386523723602,0.998892605304718,0.6736434102058411
YDR346C,YMR280C,0,,0.12911537289619446,0.998892605304718,0.6737541556358337
YKL101W,YPR052C,0,,0.1290968954563141,0.998892605304718,0.6738649010658264
YBL042C,YBR070C,0,,0.12907841801643372,0.998892605304718,0.6739756464958191
YOR190W,YKL184W,0,,0.12905995547771454,0.998892605304718,0.6740863919258118
YNL058C,YKR039W,0,,0.12904149293899536,0.998892605304718,0.6741971373558044
YDR338C,YMR083W,0,,0.12902303040027618,0.998892605304718,0.6743078827857971
YJR090C,YCR070W,0,,0.1290045827627182,0.998892605304718,0.6744186282157898
YGR198W,YOR295W,0,,0.12898613512516022,0.998892605304718,0.6745293736457825
YGR203W,YJL076W,0,,0.12896768748760223,0.998892605304718,0.6746400594711304
YOR336W,YOL068C,0,,0.12894925475120544,0.998892605304718,0.674750804901123
YCR069W,YJL113W,0,,0.12893082201480865,0.998892605304718,0.6748615503311157
YML123C,YDR488C,0,,0.12891238927841187,0.998892605304718,0.6749722957611084
YML069W,YIL082W-A,0,,0.12889397144317627,0.998892605304718,0.6750830411911011
YHR043C,YOR205C,0,,0.12887555360794067,0.998892605304718,0.6751937866210938
YIR028W,YMR280C,0,,0.12885713577270508,0.998892605304718,0.6753045320510864
YNR054C,YEL004W,0,,0.12883873283863068,0.998892605304718,0.6754152774810791
YPR145W,YMR202W,0,,0.12882032990455627,0.998892605304718,0.6755260229110718
YCR073C,YDR198C,0,,0.12880194187164307,0.998892605304718,0.6756367683410645
YDR034C-D,YDL159W,0,,0.12878355383872986,0.998892605304718,0.6757475137710571
YAL005C,YBR098W,0,,0.12876516580581665,0.998892605304718,0.6758582592010498
YLR378C,YDR258C,0,,0.12874679267406464,0.998892605304718,0.6759690046310425
YLR262C,YHR183W,0,,0.12872841954231262,0.998892605304718,0.6760797500610352
YPL132W,YDR488C,0,,0.1287100464105606,0.998892605304718,0.6761904954910278
YNL053W,YJR067C,0,,0.1286916881799698,0.998892605304718,0.6763012409210205
YGL079W,YNR069C,0,,0.12867332994937897,0.998892605304718,0.6764119863510132
YJL028W,YKL065C,0,,0.12865497171878815,0.998892605304718,0.6765227317810059
YML110C,YCL020W,0,,0.12863662838935852,0.998892605304718,0.6766334176063538
YBL045C,YGL245W,0,,0.1286182850599289,0.998892605304718,0.6767441630363464
YKR013W,YOR118W,0,,0.12859994173049927,0.998892605304718,0.6768549084663391
YML078W,YPR052C,0,,0.12858161330223083,0.998892605304718,0.6769656538963318
YNL152W,YLR319C,0,,0.1285632848739624,0.998892605304718,0.6770763993263245
YML022W,YAL009W,0,,0.12854495644569397,0.998892605304718,0.6771871447563171
YKL086W,YER122C,0,,0.12852664291858673,0.998892605304718,0.6772978901863098
YPL084W,YOR371C,0,,0.1285083293914795,0.998892605304718,0.6774086356163025
YOR010C,YBR199W,0,,0.12849003076553345,0.998892605304718,0.6775193810462952
YGL153W,YFL002C,0,,0.1284717321395874,0.998892605304718,0.6776301264762878
YGR277C,YHR178W,0,,0.12845343351364136,0.998892605304718,0.6777408719062805
YHR102W,YNR046W,0,,0.1284351348876953,0.998892605304718,0.6778516173362732
YIL103W,YPR033C,0,,0.12841685116291046,0.998892605304718,0.6779623627662659
YFL024C,YOR197W,0,,0.1283985823392868,0.998892605304718,0.6780731081962585
YCL019W,YBR136W,0,,0.12838029861450195,0.998892605304718,0.6781838536262512
YDR210W-D,YHR079C-A,0,,0.1283620297908783,0.998892605304718,0.6782945990562439
YOL034W,YOL077W-A,0,,0.12834376096725464,0.998892605304718,0.6784053444862366
YPL170W,YDR079C-A,0,,0.12832550704479218,0.998892605304718,0.6785160303115845
YPR023C,YGR240C,0,,0.1283072531223297,0.998892605304718,0.6786267757415771
YMR079W,YDR322C-A,0,,0.12828899919986725,0.998892605304718,0.6787375211715698
YLR242C,YJR007W,0,,0.12827076017856598,0.998892605304718,0.6788482666015625
YJL047C,YHL013C,0,,0.1282525211572647,0.998892605304718,0.6789590120315552
YPR029C,YNL125C,0,,0.12823429703712463,0.998892605304718,0.6790697574615479
YLR226W,YMR190C,0,,0.12821605801582336,0.998892605304718,0.6791805028915405
YDL207W,YCR017C,0,,0.1281978338956833,0.998892605304718,0.6792912483215332
YKL113C,YGR074W,0,,0.1281796246767044,0.998892605304718,0.6794019937515259
YMR119W,YBR161W,0,,0.12816141545772552,0.998892605304718,0.6795127391815186
YMR011W,YPL020C,0,,0.12814320623874664,0.998892605304718,0.6796234846115112
YNL002C,YMR116C,0,,0.12812499701976776,0.998892605304718,0.6797342300415039
YNL209W,YCL038C,0,,0.12810680270195007,0.998892605304718,0.6798449754714966
YLR128W,YGL012W,0,,0.12808860838413239,0.998892605304718,0.6799557209014893
YLR393W,YGR215W,0,,0.1280704289674759,0.998892605304718,0.6800664663314819
YER166W,YDR264C,0,,0.1280522495508194,0.998892605304718,0.6801772117614746
YKR081C,YOR367W,0,,0.1280340701341629,0.998892605304718,0.6802879571914673
YGL125W,YNL272C,0,,0.1280158907175064,0.998892605304718,0.6803986430168152
YBL084C,YGR186W,0,,0.1279977262020111,0.998892605304718,0.6805093884468079
YHR196W,YLR308W,0,,0.1279795616865158,0.998892605304718,0.6806201338768005
YIR021W,YFL022C,0,,0.1279614120721817,0.998892605304718,0.6807308793067932
YBR258C,YPR020W,0,,0.1279432624578476,0.998892605304718,0.6808416247367859
YJL002C,YMR067C,0,,0.1279251128435135,0.998892605304718,0.6809523701667786
YNR056C,YDR202C,0,,0.12790697813034058,0.998892605304718,0.6810631155967712
YNL083W,YKR065C,0,,0.12788884341716766,0.998892605304718,0.6811738610267639
YKL113C,YDL207W,0,,0.12787070870399475,0.998892605304718,0.6812846064567566
YDL044C,YHR084W,0,,0.12785258889198303,0.998892605304718,0.6813953518867493
YBR073W,YGR275W,0,,0.1278344690799713,0.998892605304718,0.6815060973167419
YDR385W,YPR082C,0,,0.1278163492679596,0.998892605304718,0.6816168427467346
YFL022C,YLR229C,0,,0.12779824435710907,0.998892605304718,0.6817275881767273
YDR261C-C,YML121W,0,,0.12778013944625854,0.998892605304718,0.68183833360672
YBR200W,YDL004W,0,,0.12776203453540802,0.998892605304718,0.6819490790367126
YML025C,YLR136C,0,,0.1277439445257187,0.998892605304718,0.6820598244667053
YJL092W,YCR070W,0,,0.12772585451602936,0.998892605304718,0.682170569896698
YHL022C,YIL121W,0,,0.12770777940750122,0.998892605304718,0.6822812557220459
YOL115W,YFL002C,0,,0.1276896893978119,0.998892605304718,0.6823920011520386
YGR287C,YGR041W,0,,0.12767161428928375,0.998892605304718,0.6825027465820312
YJL018W,YCR069W,0,,0.1276535540819168,0.998892605304718,0.6826134920120239
YGR059W,YDL122W,0,,0.12763549387454987,0.998892605304718,0.6827242374420166
YDR051C,YDL014W,0,,0.12761743366718292,0.998892605304718,0.6828349828720093
YKL137W,YER122C,0,,0.12759937345981598,0.998892605304718,0.682945728302002
YLR081W,YNL327W,0,,0.12758132815361023,0.998892605304718,0.6830564737319946
YOR178C,YOL049W,0,,0.12756328284740448,0.998892605304718,0.6831672191619873
YKL084W,YDL201W,0,,0.12754525244235992,0.998892605304718,0.68327796459198
YOR208W,YBR104W,0,,0.12752722203731537,0.998892605304718,0.6833887100219727
YDR489W,YGL153W,0,,0.1275091916322708,0.998892605304718,0.6834994554519653
YBR258C,YDR293C,0,,0.12749116122722626,0.998892605304718,0.683610200881958
YDL212W,YKL092C,0,,0.1274731457233429,0.998892605304718,0.6837209463119507
YHR065C,YOR022C,0,,0.12745513021945953,0.998892605304718,0.6838316917419434
YPL024W,YOL089C,0,,0.12743712961673737,0.998892605304718,0.683942437171936
YIR028W,YJR088C,0,,0.1274191290140152,0.998892605304718,0.6840531826019287
YCR034W,YIL168W,0,,0.12740112841129303,0.998892605304718,0.6841638684272766
YOR328W,YPL029W,0,,0.12738314270973206,0.998892605304718,0.6842746138572693
YDR394W,YPL230W,0,,0.12736515700817108,0.998892605304718,0.684385359287262
YBL102W,YGR023W,0,,0.1273471713066101,0.998892605304718,0.6844961047172546
YOR371C,YPL255W,0,,0.12732918560504913,0.998892605304718,0.6846068501472473
YLR002C,YER073W,0,,0.12731121480464935,0.998892605304718,0.68471759557724
YMR135C,YOR017W,0,,0.12729325890541077,0.998892605304718,0.6848283410072327
YNR056C,YLL039C,0,,0.127275288105011,0.998892605304718,0.6849390864372253
YGR186W,YMR189W,0,,0.1272573322057724,0.998892605304718,0.685049831867218
YHL020C,YOL130W,0,,0.127239391207695,0.998892605304718,0.6851605772972107
YPR094W,YIL082W-A,0,,0.12722143530845642,0.998892605304718,0.6852713227272034
YOR284W,YDL010W,0,,0.12720349431037903,0.998892605304718,0.685382068157196
YDR311W,YPR112C,0,,0.12718556821346283,0.998892605304718,0.6854928135871887
YDR034C-D,YGR068C,0,,0.12716762721538544,0.998892605304718,0.6856035590171814
YER119C,YMR021C,0,,0.12714970111846924,0.998892605304718,0.6857143044471741
YNL323W,YPL084W,0,,0.12713178992271423,0.998892605304718,0.6858250498771667
YGL099W,YPR065W,0,,0.12711386382579803,0.998892605304718,0.6859357953071594
YIL162W,YLR057W,0,,0.12709595263004303,0.998892605304718,0.6860465407371521
YPR009W,YOR198C,0,,0.12707805633544922,0.998892605304718,0.6861572265625
YNR012W,YDR113C,0,,0.1270601451396942,0.998892605304718,0.6862679719924927
YOR361C,YDR293C,0,,0.1270422488451004,0.998892605304718,0.6863787174224854
YCR089W,YDR293C,0,,0.12702436745166779,0.998892605304718,0.686489462852478
YPL003W,YEL071W,0,,0.12700647115707397,0.998892605304718,0.6866002082824707
YHR188C,YNR069C,0,,0.12698858976364136,0.998892605304718,0.6867109537124634
YML114C,YIL017C,0,,0.12697072327136993,0.998892605304718,0.686821699142456
YJL204C,YGL097W,0,,0.1269528567790985,0.998892605304718,0.6869324445724487
YBL084C,YGR109C,0,,0.1269349902868271,0.998892605304718,0.6870431900024414
YNL082W,YCR069W,0,,0.12691712379455566,0.998892605304718,0.6871539354324341
YER157W,YPL162C,0,,0.12689927220344543,0.998892605304718,0.6872646808624268
YDL002C,YBR110W,0,,0.1268814206123352,0.998892605304718,0.6873754262924194
YDL126C,YDR409W,0,,0.12686356902122498,0.998892605304718,0.6874861717224121
YDR322C-A,YIL122W,0,,0.12684573233127594,0.998892605304718,0.6875969171524048
YLL005C,YPL108W,0,,0.1268278956413269,0.998892605304718,0.6877076625823975
YBR239C,YKL120W,0,,0.12681005895137787,0.998892605304718,0.6878184080123901
YNL075W,YIL010W,0,,0.12679223716259003,0.998892605304718,0.6879291534423828
YBR079C,YDL174C,0,,0.12677441537380219,0.998892605304718,0.6880398392677307
YHR043C,YDL014W,0,,0.12675660848617554,0.998892605304718,0.6881505846977234
YLR205C,YCR023C,0,,0.1267388015985489,0.998892605304718,0.6882613301277161
YDR180W,YML007W,0,,0.12672099471092224,0.998892605304718,0.6883720755577087
YJL028W,YOL148C,0,,0.1267031878232956,0.998892605304718,0.6884828209877014
YPL009C,YPL162C,0,,0.12668539583683014,0.998892605304718,0.6885935664176941
YJL050W,YPL069C,0,,0.12666760385036469,0.998892605304718,0.6887043118476868
YDR394W,YDL214C,0,,0.12664981186389923,0.998892605304718,0.6888150572776794
YHL013C,YBL066C,0,,0.12663203477859497,0.998892605304718,0.6889258027076721
YAL061W,YMR029C,0,,0.1266142576932907,0.998892605304718,0.6890365481376648
YJL074C,YNL327W,0,,0.12659649550914764,0.998892605304718,0.6891472935676575
YDR034C-D,YBR084C-A,0,,0.12657871842384338,0.998892605304718,0.6892580389976501
YDL004W,YJR159W,0,,0.1265609711408615,0.998892605304718,0.6893687844276428
YCL038C,YGL179C,0,,0.12654320895671844,0.998892605304718,0.6894795298576355
YJR099W,YNL087W,0,,0.12652546167373657,0.998892605304718,0.6895902752876282
YKL146W,YOR210W,0,,0.1265077143907547,0.998892605304718,0.6897010207176208
YGR247W,YER166W,0,,0.12648996710777283,0.998892605304718,0.6898117661476135
YNL024C-A,YNL035C,0,,0.12647223472595215,0.998892605304718,0.6899224519729614
YBR004C,YHR018C,0,,0.12645450234413147,0.998892605304718,0.6900331974029541
YDR147W,YMR044W,0,,0.12643678486347198,0.998892605304718,0.6901439428329468
YHR124W,YGR038C-B,0,,0.1264190673828125,0.998892605304718,0.6902546882629395
YKR067W,YMR283C,0,,0.12640134990215302,0.998892605304718,0.6903654336929321
YML069W,YJR161C,0,,0.12638363242149353,0.998892605304718,0.6904761791229248
YNL154C,YDL156W,0,,0.12636592984199524,0.998892605304718,0.6905869245529175
YGR192C,YJL093C,0,,0.12634822726249695,0.998892605304718,0.6906976699829102
YKR067W,YGL121C,0,,0.12633053958415985,0.998892605304718,0.6908084154129028
YLR262C,YDR462W,0,,0.12631283700466156,0.998892605304718,0.6909191608428955
YBR217W,YDR477W,0,,0.12629514932632446,0.998892605304718,0.6910299062728882
YIL016W,YGL038C,0,,0.12627747654914856,0.998892605304718,0.6911406517028809
YPL060C-A,YKL065C,0,,0.12625980377197266,0.998892605304718,0.6912513971328735
YMR116C,YDR484W,0,,0.12624213099479675,0.998892605304718,0.6913621425628662
YKL096W,YKL167C,0,,0.12622445821762085,0.998892605304718,0.6914728879928589
YPL211W,YBL036C,0,,0.12620680034160614,0.998892605304718,0.6915836334228516
YOR033C,YER006W,0,,0.12618914246559143,0.998892605304718,0.6916943788528442
YER118C,YIL131C,0,,0.12617149949073792,0.998892605304718,0.6918050646781921
YBR098W,YPR112C,0,,0.1261538416147232,0.998892605304718,0.6919158101081848
YDR322C-A,YJL091C,0,,0.1261361986398697,0.998892605304718,0.6920265555381775
YIL085C,YPL255W,0,,0.12611857056617737,0.998892605304718,0.6921373009681702
YMR116C,YJL115W,0,,0.12610094249248505,0.998892605304718,0.6922480463981628
YAL005C,YDL014W,0,,0.12608331441879272,0.998892605304718,0.6923587918281555
YKR013W,YNL186W,0,,0.1260656863451004,0.998892605304718,0.6924695372581482
YDR541C,YER141W,0,,0.12604807317256927,0.998892605304718,0.6925802826881409
YDR182W,YOR178C,0,,0.12603046000003815,0.998892605304718,0.6926910281181335
YGR172C,YPL187W,0,,0.12601284682750702,0.998892605304718,0.6928017735481262
YOL060C,YOR245C,0,,0.12599524855613708,0.998892605304718,0.6929125189781189
YGL099W,YDR394W,0,,0.12597765028476715,0.998892605304718,0.6930232644081116
YBR302C,YGR289C,0,,0.1259600669145584,0.998892605304718,0.6931340098381042
YPL132W,YGR065C,0,,0.12594246864318848,0.998892605304718,0.6932447552680969
YOR362C,YBR104W,0,,0.12592488527297974,0.998892605304718,0.6933555006980896
YPL227C,YDR477W,0,,0.1259073168039322,0.998892605304718,0.6934662461280823
YHR216W,YHR094C,0,,0.12588974833488464,0.998892605304718,0.693576991558075
YKL107W,YPL088W,0,,0.1258721798658371,0.998892605304718,0.6936877369880676
YLR262C,YNL083W,0,,0.12585461139678955,0.998892605304718,0.6937984228134155
YJL184W,YPL190C,0,,0.1258370578289032,0.998892605304718,0.6939091682434082
YNL252C,YOR030W,0,,0.12581950426101685,0.998892605304718,0.6940199136734009
YHR107C,YPL266W,0,,0.1258019506931305,0.998892605304718,0.6941306591033936
YDR311W,YKL222C,0,,0.12578441202640533,0.998892605304718,0.6942414045333862
YJL137C,YGL179C,0,,0.12576687335968018,0.998892605304718,0.6943521499633789
YGL023C,YBR161W,0,,0.12574933469295502,0.998892605304718,0.6944628953933716
YGR087C,YLR210W,0,,0.12573181092739105,0.998892605304718,0.6945736408233643
YEL060C,YKL208W,0,,0.1257142871618271,0.998892605304718,0.6946843862533569
YPR029C,YJL074C,0,,0.12569676339626312,0.998892605304718,0.6947951316833496
YDL168W,YDR452W,0,,0.12567925453186035,0.998892605304718,0.6949058771133423
YJL051W,YBR229C,0,,0.12566174566745758,0.998892605304718,0.695016622543335
YIL031W,YDR477W,0,,0.1256442368030548,0.998892605304718,0.6951273679733276
YOR360C,YDR352W,0,,0.12562674283981323,0.998892605304718,0.6952381134033203
YGL048C,YPR151C,0,,0.12560924887657166,0.998892605304718,0.695348858833313
YDR123C,YDR363W,0,,0.12559175491333008,0.998892605304718,0.6954596042633057
YMR202W,YHR104W,0,,0.1255742758512497,0.998892605304718,0.6955703496932983
YGL048C,YDR485C,0,,0.1255567967891693,0.998892605304718,0.6956810355186462
YOL027C,YGR038C-B,0,,0.12553931772708893,0.998892605304718,0.6957917809486389
YPL020C,YJL115W,0,,0.12552185356616974,0.998892605304718,0.6959025263786316
YKL046C,YER157W,0,,0.12550438940525055,0.998892605304718,0.6960132718086243
YOL017W,YBR244W,0,,0.12548692524433136,0.998892605304718,0.6961240172386169
YGL023C,YIL091C,0,,0.12546946108341217,0.998892605304718,0.6962347626686096
YHR115C,YOR153W,0,,0.12545201182365417,0.998892605304718,0.6963455080986023
YPL164C,YOR073W,0,,0.12543457746505737,0.998892605304718,0.696456253528595
YDR210W-D,YLR222C,0,,0.12541712820529938,0.998892605304718,0.6965669989585876
YNL003C,YEL003W,0,,0.12539969384670258,0.998892605304718,0.6966777443885803
YMR189W,YOR133W,0,,0.12538225948810577,0.998892605304718,0.696788489818573
YFR009W,YLR341W,0,,0.12536484003067017,0.998892605304718,0.6968992352485657
YKL046C,YAR008W,0,,0.12534742057323456,0.998892605304718,0.6970099806785583
YOR088W,YLR453C,0,,0.12533000111579895,0.998892605304718,0.697120726108551
YPL283C,YBR098W,0,,0.12531258165836334,0.998892605304718,0.6972314715385437
YEL034W,YJR064W,0,,0.12529517710208893,0.998892605304718,0.6973422169685364
YMR024W,YDL122W,0,,0.12527777254581451,0.998892605304718,0.697452962398529
YHR062C,YPL187W,0,,0.1252603828907013,0.998892605304718,0.697563648223877
YGL100W,YIL158W,0,,0.12524299323558807,0.998892605304718,0.6976743936538696
YAR014C,YNL272C,0,,0.12522560358047485,0.998892605304718,0.6977851390838623
YJR113C,YPR112C,0,,0.12520821392536163,0.998892605304718,0.697895884513855
YDR162C,YOR298C-A,0,,0.1251908391714096,0.998892605304718,0.6980066299438477
YOL075C,YMR271C,0,,0.12517346441745758,0.998892605304718,0.6981173753738403
YBR070C,YBR004C,0,,0.12515610456466675,0.998892605304718,0.698228120803833
YCL011C,YBL005W-A,0,,0.12513872981071472,0.998892605304718,0.6983388662338257
YIL041W,YOR198C,0,,0.1251213699579239,0.998892605304718,0.6984496116638184
YDR394W,YBR106W,0,,0.12510402500629425,0.998892605304718,0.698560357093811
YGR166W,YIL105C,0,,0.1250866800546646,0.998892605304718,0.6986711025238037
YGL017W,YDR352W,0,,0.12506933510303497,0.998892605304718,0.6987818479537964
YCR079W,YNL197C,0,,0.12505199015140533,0.998892605304718,0.6988925933837891
YER124C,YNL030W,0,,0.1250346601009369,0.998892605304718,0.6990033388137817
YDL212W,YPL128C,0,,0.12501733005046844,0.998892605304718,0.6991140842437744
YGL160W,YBR201W,0,,0.125,0.998892605304718,0.6992248296737671
YNR032W,YLR449W,0,,0.12498267740011215,0.998892605304718,0.6993355751037598
YIR013C,YFR044C,0,,0.1249653622508049,0.998892605304718,0.6994462609291077
YBR186W,YOR028C,0,,0.12494805455207825,0.998892605304718,0.6995570063591003
YMR079W,YHL020C,0,,0.12493074685335159,0.998892605304718,0.699667751789093
YBL018C,YLR148W,0,,0.12491344660520554,0.998892605304718,0.6997784972190857
YLR155C,YFL022C,0,,0.12489615380764008,0.998892605304718,0.6998892426490784
YBL050W,YDR314C,0,,0.12487886101007462,0.998892605304718,0.699999988079071
YOL115W,YER021W,0,,0.12486157566308975,0.998892605304718,0.7001107335090637
YIL063C,YEL020C,0,,0.12484429031610489,0.998892605304718,0.7002214789390564
YKL008C,YNL152W,0,,0.12482701241970062,0.998892605304718,0.7003322243690491
YIL162W,YDR153C,0,,0.12480974197387695,0.998892605304718,0.7004429697990417
YMR197C,YOR007C,0,,0.12479247152805328,0.998892605304718,0.7005537152290344
YPR151C,YGR161C-C,0,,0.12477520853281021,0.998892605304718,0.7006644606590271
YJR099W,YJR129C,0,,0.12475795298814774,0.998892605304718,0.7007752060890198
YPL170W,YMR231W,0,,0.12474069744348526,0.998892605304718,0.7008859515190125
YMR190C,YDR489W,0,,0.12472344934940338,0.998892605304718,0.7009966969490051
YOL049W,YLR119W,0,,0.1247062087059021,0.998892605304718,0.7011074423789978
YOR293W,YPL046C,0,,0.12468896806240082,0.998892605304718,0.7012181878089905
YGL048C,YMR167W,0,,0.12467173486948013,0.998892605304718,0.7013289332389832
YLR132C,YCL033C,0,,0.12465450167655945,0.998892605304718,0.701439619064331
YMR161W,YKL176C,0,,0.12463728338479996,0.998892605304718,0.7015503644943237
YLR307W,YHR176W,0,,0.12462005764245987,0.998892605304718,0.7016611099243164
YMR047C,YHR019C,0,,0.12460284680128098,0.998892605304718,0.7017718553543091
YOR141C,YOL044W,0,,0.12458563596010208,0.998892605304718,0.7018826007843018
YDL168W,YNL316C,0,,0.12456843256950378,0.998892605304718,0.7019933462142944
YGL100W,YML033W,0,,0.12455122917890549,0.998892605304718,0.7021040916442871
YBR056W,YPL270W,0,,0.12453403323888779,0.998892605304718,0.7022148370742798
YLR210W,YGR065C,0,,0.12451684474945068,0.998892605304718,0.7023255825042725
YNL315C,YOR336W,0,,0.12449965626001358,0.998892605304718,0.7024363279342651
YBR258C,YLR229C,0,,0.12448247522115707,0.998892605304718,0.7025470733642578
YER144C,YFL003C,0,,0.12446529418230057,0.998892605304718,0.7026578187942505
YGR108W,YMR047C,0,,0.12444812059402466,0.998892605304718,0.7027685642242432
YPL046C,YOR343C-B,0,,0.12443095445632935,0.998892605304718,0.7028793096542358
YKL049C,YOR003W,0,,0.12441379576921463,0.998892605304718,0.7029900550842285
YGR227W,YDL150W,0,,0.12439663708209991,0.998892605304718,0.7031008005142212
YEL034W,YBL050W,0,,0.1243794783949852,0.998892605304718,0.7032115459442139
YPL170W,YOR178C,0,,0.12436233460903168,0.998892605304718,0.7033222317695618
YPL005W,YOR153W,0,,0.12434519082307816,0.998892605304718,0.7034329771995544
YMR161W,YKL211C,0,,0.12432804703712463,0.998892605304718,0.7035437226295471
YHL007C,YOL041C,0,,0.1243109181523323,0.998892605304718,0.7036544680595398
YPR151C,YER018C,0,,0.12429378181695938,0.998892605304718,0.7037652134895325
YKL208W,YGL234W,0,,0.12427666038274765,0.998892605304718,0.7038759589195251
YLR226W,YLR378C,0,,0.12425953894853592,0.998892605304718,0.7039867043495178
YMR268C,YPL069C,0,,0.12424242496490479,0.998892605304718,0.7040974497795105
YLR034C,YJR091C,0,,0.12422531098127365,0.998892605304718,0.7042081952095032
YFL024C,YIR003W,0,,0.12420820444822311,0.998892605304718,0.7043189406394958
YLR077W,YER054C,0,,0.12419110536575317,0.998892605304718,0.7044296860694885
YBR073W,YBR133C,0,,0.12417400628328323,0.998892605304718,0.7045404314994812
YER026C,YAR071W,0,,0.12415691465139389,0.998892605304718,0.7046511769294739
YDL064W,YML075C,0,,0.12413983047008514,0.998892605304718,0.7047619223594666
YDR027C,YER157W,0,,0.1241227462887764,0.998892605304718,0.7048726677894592
YLR157C-A,YML025C,0,,0.12410566955804825,0.998892605304718,0.7049834132194519
YDL150W,YAL055W,0,,0.1240885928273201,0.998892605304718,0.7050941586494446
YNL321W,YLL036C,0,,0.12407152354717255,0.998892605304718,0.7052048444747925
YHR115C,YPR164W,0,,0.12405446171760559,0.998892605304718,0.7053155899047852
YDL079C,YHR026W,0,,0.12403740733861923,0.998892605304718,0.7054263353347778
YGR033C,YJL207C,0,,0.12402035295963287,0.998892605304718,0.7055370807647705
YHR007C,YLR095C,0,,0.12400329858064651,0.998892605304718,0.7056478261947632
YIL099W,YNR075W,0,,0.12398625165224075,0.998892605304718,0.7057585716247559
YNL064C,YDR143C,0,,0.12396921217441559,0.998892605304718,0.7058693170547485
YIL049W,YPL108W,0,,0.12395218014717102,0.998892605304718,0.7059800624847412
YNR012W,YKL216W,0,,0.12393514811992645,0.998892605304718,0.7060908079147339
YDR051C,YOR295W,0,,0.12391812354326248,0.998892605304718,0.7062015533447266
YHL033C,YDR084C,0,,0.12390109896659851,0.998892605304718,0.7063122987747192
YOR307C,YPL030W,0,,0.12388408184051514,0.998892605304718,0.7064230442047119
YHR134W,YIR008C,0,,0.12386707216501236,0.998892605304718,0.7065337896347046
YOR202W,YDR538W,0,,0.12385006248950958,0.998892605304718,0.7066445350646973
YGL184C,YGL022W,0,,0.1238330602645874,0.998892605304718,0.7067552804946899
YPL249C-A,YMR170C,0,,0.12381605803966522,0.998892605304718,0.7068660259246826
YIR021W,YDR307W,0,,0.12379906326532364,0.998892605304718,0.7069767713546753
YDL168W,YIL031W,0,,0.12378207594156265,0.998892605304718,0.7070874571800232
YAR008W,YGR284C,0,,0.12376509606838226,0.998892605304718,0.7071982026100159
YOR035C,YLL010C,0,,0.12374811619520187,0.998892605304718,0.7073089480400085
YIL127C,YCR102C,0,,0.12373113632202148,0.998892605304718,0.7074196934700012
YNR063W,YDR163W,0,,0.12371417135000229,0.998892605304718,0.7075304388999939
YBR152W,YOR022C,0,,0.1236971989274025,0.998892605304718,0.7076411843299866
YCR017C,YNL275W,0,,0.1236802414059639,0.998892605304718,0.7077519297599792
YCL038C,YOR178C,0,,0.1236632838845253,0.998892605304718,0.7078626751899719
YDR394W,YIL110W,0,,0.1236463338136673,0.998892605304718,0.7079734206199646
YBR161W,YDL161W,0,,0.1236293837428093,0.998892605304718,0.7080841660499573
YJR093C,YML001W,0,,0.12361244112253189,0.998892605304718,0.70819491147995
YDR450W,YIL097W,0,,0.12359550595283508,0.998892605304718,0.7083056569099426
YER006W,YOR133W,0,,0.12357857078313828,0.998892605304718,0.7084164023399353
YMR021C,YLR310C,0,,0.12356164306402206,0.998892605304718,0.708527147769928
YJL042W,YGL086W,0,,0.12354472279548645,0.998892605304718,0.7086378931999207
YHR050W,YHR128W,0,,0.12352780252695084,0.998892605304718,0.7087486386299133
YGL224C,YLR089C,0,,0.12351088225841522,0.998892605304718,0.708859384059906
YLR376C,YPR056W,0,,0.1234939768910408,0.998892605304718,0.7089700698852539
YDL232W,YER021W,0,,0.12347707152366638,0.998892605304718,0.7090808153152466
YNL037C,YPL230W,0,,0.12346016615629196,0.998892605304718,0.7091915607452393
YJL151C,YLR034C,0,,0.12344327569007874,0.998892605304718,0.7093023061752319
YFL016C,YOL027C,0,,0.12342638522386551,0.998892605304718,0.7094130516052246
YLR342W,YMR052W,0,,0.12340949475765228,0.998892605304718,0.7095237970352173
YMR119W,YKL209C,0,,0.12339261174201965,0.998892605304718,0.70963454246521
YGR109C,YHL018W,0,,0.12337573617696762,0.998892605304718,0.7097452878952026
YOR030W,YBR110W,0,,0.12335886061191559,0.998892605304718,0.7098560333251953
YFR051C,YBR280C,0,,0.12334199249744415,0.998892605304718,0.709966778755188
YBR201W,YOR197W,0,,0.12332513183355331,0.998892605304718,0.7100775241851807
YGR133W,YNL169C,0,,0.12330827116966248,0.998892605304718,0.7101882696151733
YDL064W,YGL065C,0,,0.12329141795635223,0.998892605304718,0.710299015045166
YIL091C,YGR027W-A,0,,0.12327456474304199,0.998892605304718,0.7104097604751587
YNL014W,YFR004W,0,,0.12325771898031235,0.998892605304718,0.7105205059051514
YLR310C,YCR097W,0,,0.1232408806681633,0.998892605304718,0.710631251335144
YHR072W,YLR081W,0,,0.12322404235601425,0.998892605304718,0.7107419967651367
YGR074W,YHR178W,0,,0.1232072114944458,0.998892605304718,0.7108527421951294
YBR217W,YML014W,0,,0.12319038808345795,0.998892605304718,0.7109634280204773
YPL217C,YER048C,0,,0.12317356467247009,0.998892605304718,0.71107417345047
YMR134W,YGR207C,0,,0.12315674126148224,0.998892605304718,0.7111849188804626
YLR077W,YOR033C,0,,0.12313993275165558,0.998892605304718,0.7112956643104553
YGR247W,YNL169C,0,,0.12312312424182892,0.998892605304718,0.711406409740448
YGL255W,YDR540C,0,,0.12310631573200226,0.998892605304718,0.7115171551704407
YDL226C,YOR205C,0,,0.12308952212333679,0.998892605304718,0.7116279006004333
YKL213C,YBL097W,0,,0.12307272851467133,0.998892605304718,0.711738646030426
YML008C,YOR010C,0,,0.12305593490600586,0.998892605304718,0.7118493914604187
YHR128W,YHR166C,0,,0.12303914874792099,0.998892605304718,0.7119601368904114
YOR140W,YLL042C,0,,0.12302237004041672,0.998892605304718,0.712070882320404
YCR028C-A,YKR022C,0,,0.12300559133291245,0.998892605304718,0.7121816277503967
YNL069C,YFL003C,0,,0.12298882007598877,0.998892605304718,0.7122923731803894
YKL211C,YER169W,0,,0.1229720488190651,0.998892605304718,0.7124031186103821
YKR060W,YLR069C,0,,0.12295529246330261,0.998892605304718,0.7125138640403748
YMR121C,YDL150W,0,,0.12293852865695953,0.998892605304718,0.7126246094703674
YDR214W,YPR052C,0,,0.12292177975177765,0.998892605304718,0.7127353549003601
YPL032C,YDL010W,0,,0.12290503084659576,0.998892605304718,0.712846040725708
YIR013C,YLR372W,0,,0.12288828194141388,0.998892605304718,0.7129567861557007
YJL002C,YJR144W,0,,0.12287154048681259,0.998892605304718,0.7130675315856934
YDL194W,YJL115W,0,,0.1228548064827919,0.998892605304718,0.713178277015686
YBR216C,YLR320W,0,,0.1228380799293518,0.998892605304718,0.7132890224456787
YBR302C,YPL023C,0,,0.12282135337591171,0.998892605304718,0.7133997678756714
YGR132C,YDR291W,0,,0.12280462682247162,0.998892605304718,0.7135105133056641
YML114C,YPL236C,0,,0.12278791517019272,0.998892605304718,0.7136212587356567
YBR234C,YML066C,0,,0.12277119606733322,0.998892605304718,0.7137320041656494
YAL005C,YGL145W,0,,0.12275449186563492,0.998892605304718,0.7138427495956421
YOR128C,YBL036C,0,,0.12273778766393661,0.998892605304718,0.7139534950256348
YHR115C,YGR125W,0,,0.12272109091281891,0.998892605304718,0.7140642404556274
YNL037C,YLR002C,0,,0.1227043941617012,0.998892605304718,0.7141749858856201
YHL007C,YNL069C,0,,0.12268770486116409,0.998892605304718,0.7142857313156128
YNR023W,YPL037C,0,,0.12267101556062698,0.998892605304718,0.7143964767456055
YHL002W,YLR272C,0,,0.12265434116125107,0.998892605304718,0.7145072221755981
YLR242C,YLL042C,0,,0.12263765931129456,0.998892605304718,0.7146179676055908
YLR116W,YIL158W,0,,0.12262099236249924,0.998892605304718,0.7147286534309387
YMR011W,YNL254C,0,,0.12260432541370392,0.998892605304718,0.7148393988609314
YJR113C,YER157W,0,,0.1225876584649086,0.998892605304718,0.7149501442909241
YLR132C,YLR233C,0,,0.12257099896669388,0.998892605304718,0.7150608897209167
YGL208W,YIR003W,0,,0.12255434691905975,0.998892605304718,0.7151716351509094
YGR215W,YJL203W,0,,0.12253770232200623,0.998892605304718,0.7152823805809021
YBR280C,YDR113C,0,,0.1225210577249527,0.998892605304718,0.7153931260108948
YCL026C-A,YKL221W,0,,0.12250441312789917,0.998892605304718,0.7155038714408875
YDL181W,YGL156W,0,,0.12248777598142624,0.998892605304718,0.7156146168708801
YBR200W,YNR036C,0,,0.1224711462855339,0.998892605304718,0.7157253623008728
YDL188C,YOL027C,0,,0.12245452404022217,0.998892605304718,0.7158361077308655
YGR028W,YLR368W,0,,0.12243790179491043,0.998892605304718,0.7159468531608582
YMR024W,YPR065W,0,,0.1224212795495987,0.998892605304718,0.7160575985908508
YKL025C,YDR099W,0,,0.12240466475486755,0.998892605304718,0.7161683440208435
YLR423C,YFL002C,0,,0.12238805741071701,0.998892605304718,0.7162790894508362
YMR278W,YMR047C,0,,0.12237145751714706,0.998892605304718,0.7163898348808289
YHR121W,YNL014W,0,,0.12235485762357712,0.998892605304718,0.7165005803108215
YGR192C,YKL148C,0,,0.12233825773000717,0.998892605304718,0.7166112661361694
YKL046C,YDR119W,0,,0.12232167273759842,0.998892605304718,0.7167220115661621
YNL300W,YBR135W,0,,0.12230508774518967,0.998892605304718,0.7168327569961548
YDR142C,YCR043C,0,,0.12228850275278091,0.998892605304718,0.7169435024261475
YDR202C,YGR065C,0,,0.12227192521095276,0.998892605304718,0.7170542478561401
YLR157C-A,YLR222C,0,,0.1222553551197052,0.998892605304718,0.7171649932861328
YAR008W,YLR022C,0,,0.12223878502845764,0.998892605304718,0.7172757387161255
YMR190C,YGL160W,0,,0.12222222238779068,0.998892605304718,0.7173864841461182
YBL042C,YLR424W,0,,0.12220565974712372,0.998892605304718,0.7174972295761108
YPL268W,YBL045C,0,,0.12218911200761795,0.998892605304718,0.7176079750061035
YJR113C,YDR354W,0,,0.12217255681753159,0.998892605304718,0.7177187204360962
YNR023W,YLR077W,0,,0.12215601652860641,0.998892605304718,0.7178294658660889
YPL241C,YOR088W,0,,0.12213946878910065,0.998892605304718,0.7179402112960815
YPL236C,YPL060C-A,0,,0.12212293595075607,0.998892605304718,0.7180509567260742
YML118W,YGR172C,0,,0.1221064031124115,0.998892605304718,0.7181617021560669
YML069W,YJR088C,0,,0.12208987772464752,0.998892605304718,0.7182724475860596
YPL217C,YML093W,0,,0.12207335233688354,0.998892605304718,0.7183831930160522
YKR045C,YHR123W,0,,0.12205683439970016,0.998892605304718,0.7184939384460449
YNL327W,YKR039W,0,,0.12204031646251678,0.998892605304718,0.7186046242713928
YBR133C,YMR309C,0,,0.122023805975914,0.998892605304718,0.7187153697013855
YDR540C,YEL003W,0,,0.12200730293989182,0.998892605304718,0.7188261151313782
YHR112C,YOL044W,0,,0.12199079990386963,0.998892605304718,0.7189368605613708
YMR189W,YOR303W,0,,0.12197430431842804,0.998892605304718,0.7190476059913635
YKL049C,YML114C,0,,0.12195781618356705,0.998892605304718,0.7191583514213562
YGR028W,YBR280C,0,,0.12194132804870605,0.998892605304718,0.7192690968513489
YNL323W,YDR113C,0,,0.12192484736442566,0.998892605304718,0.7193798422813416
YKL193C,YIL050W,0,,0.12190836668014526,0.998892605304718,0.7194905877113342
YMR104C,YKL167C,0,,0.12189189344644547,0.998892605304718,0.7196013331413269
YBR302C,YNL116W,0,,0.12187542021274567,0.998892605304718,0.7197120785713196
YML130C,YKL018W,0,,0.12185895442962646,0.998892605304718,0.7198228240013123
YAR066W,YGL029W,0,,0.12184249609708786,0.998892605304718,0.7199335694313049
YLR393W,YGR231C,0,,0.12182603776454926,0.998892605304718,0.7200443148612976
YMR135C,YOR007C,0,,0.12180958688259125,0.998892605304718,0.7201550602912903
YBL045C,YHR019C,0,,0.12179314345121384,0.998892605304718,0.720265805721283
YKL091C,YBR135W,0,,0.12177670001983643,0.998892605304718,0.7203765511512756
YNR073C,YLR057W,0,,0.12176025658845901,0.998892605304718,0.7204872369766235
YMR244C-A,YOL068C,0,,0.1217438280582428,0.998892605304718,0.7205979824066162
YDR349C,YDR001C,0,,0.12172739207744598,0.998892605304718,0.7207087278366089
YPL132W,YJR047C,0,,0.12171097099781036,0.998892605304718,0.7208194732666016
YIL040W,YPL181W,0,,0.12169454991817474,0.998892605304718,0.7209302186965942
YCR017C,YGL055W,0,,0.12167813628911972,0.998892605304718,0.7210409641265869
YAR050W,YEL055C,0,,0.1216617226600647,0.998892605304718,0.7211517095565796
YBR127C,YPL158C,0,,0.12164531648159027,0.998892605304718,0.7212624549865723
YPL164C,YMR047C,0,,0.12162891030311584,0.998892605304718,0.7213732004165649
YJR105W,YKL167C,0,,0.12161251157522202,0.998892605304718,0.7214839458465576
YGR038W,YOR022C,0,,0.12159612029790878,0.998892605304718,0.7215946912765503
YNL024C-A,YGL055W,0,,0.12157972902059555,0.998892605304718,0.721705436706543
YHR043C,YOR375C,0,,0.12156334519386292,0.998892605304718,0.7218161821365356
YDR408C,YOR205C,0,,0.12154696136713028,0.998892605304718,0.7219269275665283
YLR216C,YOL148C,0,,0.12153058499097824,0.998892605304718,0.722037672996521
YDL193W,YGR192C,0,,0.1215142160654068,0.998892605304718,0.7221484184265137
YER042W,YGR092W,0,,0.12149784713983536,0.998892605304718,0.7222591638565063
YDR462W,YHR034C,0,,0.12148147821426392,0.998892605304718,0.7223698496818542
YFR051C,YPR201W,0,,0.12146512418985367,0.998892605304718,0.7224805951118469
YOR173W,YDR027C,0,,0.12144877016544342,0.998892605304718,0.7225913405418396
YHR083W,YKL222C,0,,0.12143241614103317,0.998892605304718,0.7227020859718323
YKL160W,YGL008C,0,,0.12141606956720352,0.998892605304718,0.722812831401825
YMR161W,YDL020C,0,,0.12139973044395447,0.998892605304718,0.7229235768318176
YDR225W,YGR195W,0,,0.12138339132070541,0.998892605304718,0.7230343222618103
YKL071W,YFL008W,0,,0.12136705964803696,0.998892605304718,0.723145067691803
YEL034W,YKL176C,0,,0.1213507354259491,0.998892605304718,0.7232558131217957
YGR195W,YDR198C,0,,0.12133441120386124,0.998892605304718,0.7233665585517883
YMR030W,YDL214C,0,,0.12131808698177338,0.998892605304718,0.723477303981781
YOR307C,YML014W,0,,0.12130177766084671,0.998892605304718,0.7235880494117737
YKR024C,YPL181W,0,,0.12128546088933945,0.998892605304718,0.7236987948417664
YDL020C,YDL156W,0,,0.12126915901899338,0.998892605304718,0.723809540271759
YPL132W,YKL176C,0,,0.12125285714864731,0.998892605304718,0.7239202857017517
YDR027C,YGL254W,0,,0.12123656272888184,0.998892605304718,0.7240310311317444
YCR073C,YBR070C,0,,0.12122026830911636,0.998892605304718,0.7241417765617371
YMR092C,YNL152W,0,,0.12120397388935089,0.998892605304718,0.724252462387085
YEL011W,YBL067C,0,,0.12118769437074661,0.998892605304718,0.7243632078170776
YBR217W,YOL041C,0,,0.12117141485214233,0.998892605304718,0.7244739532470703
YPL236C,YGR038W,0,,0.12115513533353806,0.998892605304718,0.724584698677063
YCL062W,YDL044C,0,,0.12113886326551437,0.998892605304718,0.7246954441070557
YBL008W-A,YDR352W,0,,0.12112259864807129,0.998892605304718,0.7248061895370483
YBL050W,YBR098W,0,,0.1211063340306282,0.998892605304718,0.724916934967041
YOR214C,YLL032C,0,,0.12109007686376572,0.998892605304718,0.7250276803970337
YGL055W,YLR003C,0,,0.12107382714748383,0.998892605304718,0.7251384258270264
YGL234W,YLL032C,0,,0.12105757743120193,0.998892605304718,0.725249171257019
YML022W,YNL099C,0,,0.12104132771492004,0.998892605304718,0.7253599166870117
YJL184W,YHL009W-A,0,,0.12102509289979935,0.998892605304718,0.7254706621170044
YGL099W,YMR047C,0,,0.12100885063409805,0.998892605304718,0.7255814075469971
YER124C,YNL326C,0,,0.12099262326955795,0.998892605304718,0.7256921529769897
YGL257C,YDL147W,0,,0.12097639590501785,0.998892605304718,0.7258028984069824
YGR041W,YBR199W,0,,0.12096016854047775,0.998892605304718,0.7259136438369751
YNR063W,YDR210W-A,0,,0.12094395607709885,0.998892605304718,0.7260243892669678
YLR138W,YGL065C,0,,0.12092773616313934,0.998892605304718,0.7261351346969604
YML110C,YDR480W,0,,0.12091153115034103,0.998892605304718,0.7262458205223083
YNL047C,YBL019W,0,,0.12089531868696213,0.998892605304718,0.726356565952301
YKR018C,YCR048W,0,,0.12087912112474442,0.998892605304718,0.7264673113822937
YDR034C-D,YNR069C,0,,0.1208629235625267,0.998892605304718,0.7265780568122864
YBL018C,YLR275W,0,,0.12084673345088959,0.998892605304718,0.726688802242279
YBR200W,YGL099W,0,,0.12083054333925247,0.998892605304718,0.7267995476722717
YPL242C,YML062C,0,,0.12081436067819595,0.998892605304718,0.7269102931022644
YDL103C,YKR024C,0,,0.12079817801713943,0.998892605304718,0.7270210385322571
YJR095W,YKL073W,0,,0.12078200280666351,0.998892605304718,0.7271317839622498
YOR144C,YNR039C,0,,0.12076583504676819,0.998892605304718,0.7272425293922424
YCR024C-A,YNL229C,0,,0.12074966728687286,0.998892605304718,0.7273532748222351
YML066C,YOL058W,0,,0.12073349952697754,0.998892605304718,0.7274640202522278
YDR182W,YNL090W,0,,0.12071734666824341,0.998892605304718,0.7275747656822205
YOR321W,YHR178W,0,,0.12070119380950928,0.998892605304718,0.7276855111122131
YML001W,YDR258C,0,,0.12068504095077515,0.998892605304718,0.7277962565422058
YHR007C,YGL201C,0,,0.12066889554262161,0.998892605304718,0.7279070019721985
YNR023W,YJR129C,0,,0.12065275758504868,0.998892605304718,0.7280177474021912
YLR174W,YPL128C,0,,0.12063661962747574,0.998892605304718,0.7281284332275391
YML078W,YJL111W,0,,0.1206204891204834,0.998892605304718,0.7282391786575317
YNL069C,YNL071W,0,,0.12060435861349106,0.998892605304718,0.7283499240875244
YMR260C,YPR022C,0,,0.12058823555707932,0.998892605304718,0.7284606695175171
YNL126W,YPL255W,0,,0.12057211250066757,0.998892605304718,0.7285714149475098
YML025C,YIL097W,0,,0.12055600434541702,0.998892605304718,0.7286821603775024
YCR079W,YPL265W,0,,0.12053988873958588,0.998892605304718,0.7287929058074951
YIL114C,YLR178C,0,,0.12052378058433533,0.998892605304718,0.7289036512374878
YML022W,YBR236C,0,,0.12050767987966537,0.998892605304718,0.7290143966674805
YFL009W,YKL084W,0,,0.12049158662557602,0.998892605304718,0.7291251420974731
YOR321W,YOR375C,0,,0.12047549337148666,0.998892605304718,0.7292358875274658
YFL009W,YIL073C,0,,0.12045940011739731,0.998892605304718,0.7293466329574585
YHR032W,YDR001C,0,,0.12044331431388855,0.998892605304718,0.7294573783874512
YPR145W,YMR216C,0,,0.12042723596096039,0.998892605304718,0.7295681238174438
YDR363W,YPL066W,0,,0.12041115760803223,0.998892605304718,0.7296788692474365
YDR266C,YJL118W,0,,0.12039508670568466,0.998892605304718,0.7297896146774292
YNL069C,YPL066W,0,,0.1203790232539177,0.998892605304718,0.7299003601074219
YML026C,YLR022C,0,,0.12036295980215073,0.998892605304718,0.7300110459327698
YNL024C-A,YPL275W,0,,0.12034689635038376,0.998892605304718,0.7301217913627625
YNR069C,YIL114C,0,,0.12033084034919739,0.998892605304718,0.7302325367927551
YKL084W,YPR004C,0,,0.12031479179859161,0.998892605304718,0.7303432822227478
YGR087C,YIL121W,0,,0.12029874324798584,0.998892605304718,0.7304540276527405
YDR314C,YKR022C,0,,0.12028270214796066,0.998892605304718,0.7305647730827332
YDR322C-A,YML001W,0,,0.12026666849851608,0.998892605304718,0.7306755185127258
YGR027W-A,YIL017C,0,,0.1202506348490715,0.998892605304718,0.7307862639427185
YDR182W,YDL156W,0,,0.12023460119962692,0.998892605304718,0.7308970093727112
YOL039W,YER157W,0,,0.12021858245134354,0.998892605304718,0.7310077548027039
YPL283C,YLR035C,0,,0.12020255625247955,0.998892605304718,0.7311185002326965
YJR095W,YDR225W,0,,0.12018654495477676,0.998892605304718,0.7312292456626892
YGR087C,YPL081W,0,,0.12017053365707397,0.998892605304718,0.7313399910926819
YOR115C,YKL167C,0,,0.12015452235937119,0.998892605304718,0.7314507365226746
YMR067C,YKR042W,0,,0.12013851851224899,0.998892605304718,0.7315614819526672
YGL134W,YGR215W,0,,0.1201225221157074,0.998892605304718,0.7316722273826599
YKL211C,YLL042C,0,,0.1201065257191658,0.998892605304718,0.7317829728126526
YDL010W,YOR312C,0,,0.1200905367732048,0.998892605304718,0.7318936586380005
YIR034C,YPL032C,0,,0.1200745478272438,0.998892605304718,0.7320044040679932
YGR256W,YCR043C,0,,0.1200585663318634,0.998892605304718,0.7321151494979858
YJR047C,YJL091C,0,,0.120042584836483,0.998892605304718,0.7322258949279785
YBR239C,YPL192C,0,,0.1200266107916832,0.998892605304718,0.7323366403579712
YLR406C,YLR408C,0,,0.12001064419746399,0.998892605304718,0.7324473857879639
YGR148C,YJL100W,0,,0.11999467760324478,0.998892605304718,0.7325581312179565
YPR020W,YNR063W,0,,0.11997871845960617,0.998892605304718,0.7326688766479492
YHR124W,YGR027W-A,0,,0.11996275931596756,0.998892605304718,0.7327796220779419
YDL178W,YDR267C,0,,0.11994680762290955,0.998892605304718,0.7328903675079346
YKR080W,YNL035C,0,,0.11993086338043213,0.998892605304718,0.7330011129379272
YNL186W,YHR183W,0,,0.11991491913795471,0.998892605304718,0.7331118583679199
YFL052W,YFL002C,0,,0.1198989748954773,0.998892605304718,0.7332226037979126
YOL115W,YNL014W,0,,0.11988303810358047,0.998892605304718,0.7333333492279053
YML118W,YJR064W,0,,0.11986710876226425,0.998892605304718,0.733444094657898
YPL164C,YPR020W,0,,0.11985117942094803,0.998892605304718,0.7335548400878906
YPL060C-A,YPL037C,0,,0.1198352575302124,0.998892605304718,0.7336655855178833
YEL020C,YPR009W,0,,0.11981934309005737,0.998892605304718,0.733776330947876
YNR039C,YIL050W,0,,0.11980342864990234,0.998892605304718,0.7338870167732239
YKL176C,YER026C,0,,0.11978751420974731,0.998892605304718,0.7339977622032166
YKL073W,YPR065W,0,,0.11977160722017288,0.998892605304718,0.7341085076332092
YPR145W,YNR026C,0,,0.11975570768117905,0.998892605304718,0.7342192530632019
YPL128C,YLL010C,0,,0.11973980814218521,0.998892605304718,0.7343299984931946
YHL002W,YHL007C,0,,0.11972391605377197,0.998892605304718,0.7344407439231873
YHR121W,YDR541C,0,,0.11970803141593933,0.998892605304718,0.7345514893531799
YDR524C-B,YKL065C,0,,0.11969214677810669,0.998892605304718,0.7346622347831726
YGL086W,YGL012W,0,,0.11967626214027405,0.998892605304718,0.7347729802131653
YDR210W-A,YDR198C,0,,0.119660384953022,0.998892605304718,0.734883725643158
YLR084C,YEL071W,0,,0.11964451521635056,0.998892605304718,0.7349944710731506
YGR068C,YDL191W,0,,0.11962864547967911,0.998892605304718,0.7351052165031433
YGR121C,YPR023C,0,,0.11961278319358826,0.998892605304718,0.735215961933136
YBL066C,YHR034C,0,,0.1195969209074974,0.998892605304718,0.7353267073631287
YDR027C,YOR130C,0,,0.11958106607198715,0.998892605304718,0.7354374527931213
YPL047W,YMR068W,0,,0.1195652186870575,0.998892605304718,0.735548198223114
YNL305C,YGL029W,0,,0.11954937130212784,0.998892605304718,0.7356589436531067
YBR288C,YPL192C,0,,0.11953353136777878,0.998892605304718,0.7357696294784546
YBL002W,YML024W,0,,0.11951769143342972,0.998892605304718,0.7358803749084473
YDL020C,YPR052C,0,,0.11950185149908066,0.998892605304718,0.7359911203384399
YEL034W,YNL275W,0,,0.11948602646589279,0.998892605304718,0.7361018657684326
YAL061W,YGR206W,0,,0.11947020143270493,0.998892605304718,0.7362126111984253
YLR155C,YNL005C,0,,0.11945437639951706,0.998892605304718,0.736323356628418
YGL013C,YKR086W,0,,0.11943855881690979,0.998892605304718,0.7364341020584106
YDR294C,YDL191W,0,,0.11942274868488312,0.998892605304718,0.7365448474884033
YJR091C,YOR130C,0,,0.11940693855285645,0.998892605304718,0.736655592918396
YOL130W,YMR083W,0,,0.11939112842082977,0.998892605304718,0.7367663383483887
YAL061W,YOR133W,0,,0.1193753331899643,0.998892605304718,0.7368770837783813
YDR446W,YKL221W,0,,0.11935953050851822,0.998892605304718,0.736987829208374
YHL009C,YOR033C,0,,0.11934374272823334,0.998892605304718,0.7370985746383667
YIL085C,YNR026C,0,,0.11932795494794846,0.998892605304718,0.7372093200683594
YNR073C,YDL049C,0,,0.11931216716766357,0.998892605304718,0.737320065498352
YOL115W,YPL088W,0,,0.11929638683795929,0.998892605304718,0.7374308109283447
YKR065C,YKR025W,0,,0.1192806139588356,0.998892605304718,0.7375415563583374
YLR423C,YJL002C,0,,0.11926484107971191,0.998892605304718,0.7376522421836853
YJL139C,YNL256W,0,,0.11924907565116882,0.998892605304718,0.737762987613678
YGL208W,YLR027C,0,,0.11923331022262573,0.998892605304718,0.7378737330436707
YKL120W,YBR004C,0,,0.11921755224466324,0.998892605304718,0.7379844784736633
YGR157W,YJR086W,0,,0.11920179426670074,0.998892605304718,0.738095223903656
YFR042W,YHR128W,0,,0.11918604373931885,0.998892605304718,0.7382059693336487
YDR302W,YEL003W,0,,0.11917030066251755,0.998892605304718,0.7383167147636414
YBL084C,YNL106C,0,,0.11915455758571625,0.998892605304718,0.738427460193634
YOR095C,YKL137W,0,,0.11913882195949554,0.998892605304718,0.7385382056236267
YJL042W,YLR013W,0,,0.11912308633327484,0.998892605304718,0.7386489510536194
YBL009W,YMR083W,0,,0.11910735815763474,0.998892605304718,0.7387596964836121
YGL184C,YIR021W,0,,0.11909162998199463,0.998892605304718,0.7388704419136047
YCL011C,YOL041C,0,,0.11907590925693512,0.998892605304718,0.7389811873435974
YDR143C,YDR291W,0,,0.11906018853187561,0.998892605304718,0.7390919327735901
YIL066C,YJL113W,0,,0.1190444752573967,0.998892605304718,0.7392026782035828
YDR034C-D,YJL047C,0,,0.11902876943349838,0.998892605304718,0.7393134236335754
YKL160W,YKL221W,0,,0.11901306360960007,0.998892605304718,0.7394241690635681
YDR017C,YER016W,0,,0.11899735778570175,0.998892605304718,0.739534854888916
YOR128C,YGR206W,0,,0.11898166686296463,0.998892605304718,0.7396456003189087
YBL042C,YDL212W,0,,0.11896596848964691,0.998892605304718,0.7397563457489014
YDR314C,YOR293W,0,,0.11895028501749039,0.998892605304718,0.739867091178894
YGR183C,YLL054C,0,,0.11893460154533386,0.998892605304718,0.7399778366088867
YJL209W,YJL099W,0,,0.11891891807317734,0.998892605304718,0.7400885820388794
YDR180W,YKR099C-A,0,,0.11890324205160141,0.998892605304718,0.7401993274688721
YLR393W,YMR047C,0,,0.11888757348060608,0.998892605304718,0.7403100728988647
YGL002W,YDR043C,0,,0.11887190490961075,0.998892605304718,0.7404208183288574
YCR088W,YJR017C,0,,0.11885623633861542,0.998892605304718,0.7405315637588501
YAL042W,YPL192C,0,,0.11884058266878128,0.998892605304718,0.7406423091888428
YMR164C,YGR284C,0,,0.11882492154836655,0.998892605304718,0.7407530546188354
YKL157W,YMR305C,0,,0.118809275329113,0.998892605304718,0.7408638000488281
YBL008W-A,YNL125C,0,,0.11879362910985947,0.998892605304718,0.7409745454788208
YOR329C,YGR087C,0,,0.11877798289060593,0.998892605304718,0.7410852909088135
YOR173W,YDR294C,0,,0.11876234412193298,0.998892605304718,0.7411960363388062
YGL023C,YGL011C,0,,0.11874670535326004,0.998892605304718,0.7413067817687988
YDR184C,YFR009W,0,,0.11873108148574829,0.998892605304718,0.7414174675941467
YPR009W,YHR102W,0,,0.11871545016765594,0.998892605304718,0.7415282130241394
YHR098C,YJL138C,0,,0.1186998263001442,0.998892605304718,0.7416389584541321
YDL222C,YNL093W,0,,0.11868420988321304,0.998892605304718,0.7417497038841248
YOR125C,YJR077C,0,,0.11866859346628189,0.998892605304718,0.7418604493141174
YJR047C,YOL016C,0,,0.11865298449993134,0.998892605304718,0.7419711947441101
YPL009C,YGL208W,0,,0.11863738298416138,0.998892605304718,0.7420819401741028
YIR022W,YHR083W,0,,0.11862178146839142,0.998892605304718,0.7421926856040955
YKR067W,YPL066W,0,,0.11860617995262146,0.998892605304718,0.7423034310340881
YKL101W,YCL010C,0,,0.1185905858874321,0.998892605304718,0.7424141764640808
YLR336C,YPL192C,0,,0.11857499927282333,0.998892605304718,0.7425249218940735
YKL071W,YDR432W,0,,0.11855941265821457,0.998892605304718,0.7426356673240662
YDR171W,YPL192C,0,,0.1185438260436058,0.998892605304718,0.7427464127540588
YIL016W,YJR067C,0,,0.11852825433015823,0.998892605304718,0.7428571581840515
YBR136W,YKR065C,0,,0.11851268261671066,0.998892605304718,0.7429679036140442
YJR047C,YKL112W,0,,0.11849711090326309,0.998892605304718,0.7430786490440369
YHR039C,YCL011C,0,,0.11848154664039612,0.998892605304718,0.7431893944740295
YMR052W,YDL213C,0,,0.11846598237752914,0.998892605304718,0.7433001399040222
YIL103W,YBR014C,0,,0.11845042556524277,0.998892605304718,0.7434108257293701
YLR066W,YNL220W,0,,0.11843487620353699,0.998892605304718,0.7435215711593628
YIR003W,YOR307C,0,,0.11841932684183121,0.998892605304718,0.7436323165893555
YJL210W,YNL148C,0,,0.11840377748012543,0.998892605304718,0.7437430620193481
YHR003C,YAL001C,0,,0.11838824301958084,0.998892605304718,0.7438538074493408
YOR321W,YOR077W,0,,0.11837270110845566,0.998892605304718,0.7439645528793335
YPR101W,YBR152W,0,,0.11835717409849167,0.998892605304718,0.7440752983093262
YPL020C,YOR003W,0,,0.11834163963794708,0.998892605304718,0.7441860437393188
YGR059W,YOR115C,0,,0.11832612007856369,0.998892605304718,0.7442967891693115
YMR092C,YKR025W,0,,0.1183106005191803,0.998892605304718,0.7444075345993042
YKL125W,YPR052C,0,,0.1182950809597969,0.998892605304718,0.7445182800292969
YPR183W,YBR070C,0,,0.11827956885099411,0.998892605304718,0.7446290254592896
YLR262C,YPR124W,0,,0.11826406419277191,0.998892605304718,0.7447397708892822
YBR103W,YDR097C,0,,0.11824855953454971,0.998892605304718,0.7448505163192749
YGL054C,YPL079W,0,,0.11823305487632751,0.998892605304718,0.7449612617492676
YKR081C,YNL265C,0,,0.11821756511926651,0.998892605304718,0.7450720071792603
YMR119W,YLR298C,0,,0.11820206791162491,0.998892605304718,0.7451827526092529
YOR321W,YDR452W,0,,0.1181865856051445,0.998892605304718,0.7452934384346008
YBL004W,YGL012W,0,,0.1181710958480835,0.998892605304718,0.7454041838645935
YBR186W,YDR208W,0,,0.11815562099218369,0.998892605304718,0.7455149292945862
YHR188C,YER166W,0,,0.11814014613628387,0.998892605304718,0.7456256747245789
YCR067C,YGL134W,0,,0.11812467128038406,0.998892605304718,0.7457364201545715
YJL184W,YDL165W,0,,0.11810920387506485,0.998892605304718,0.7458471655845642
YDL226C,YOR083W,0,,0.11809374392032623,0.998892605304718,0.7459579110145569
YOR095C,YJL036W,0,,0.11807828396558762,0.998892605304718,0.7460686564445496
YLR405W,YNL224C,0,,0.118062824010849,0.998892605304718,0.7461794018745422
YLL052C,YLR362W,0,,0.11804737895727158,0.998892605304718,0.7462901473045349
YPL047W,YLR399C,0,,0.11803192645311356,0.998892605304718,0.7464008927345276
YNL090W,YMR113W,0,,0.11801648885011673,0.998892605304718,0.7465116381645203
YGL017W,YDL079C,0,,0.1180010437965393,0.998892605304718,0.7466223835945129
YNL125C,YIR008C,0,,0.11798561364412308,0.998892605304718,0.7467331290245056
YPR101W,YHR016C,0,,0.11797018349170685,0.998892605304718,0.7468438744544983
YEL060C,YBR106W,0,,0.11795475333929062,0.998892605304718,0.746954619884491
YDR307W,YDL239C,0,,0.11793933063745499,0.998892605304718,0.7470653653144836
YCL038C,YCR033W,0,,0.11792390793561935,0.998892605304718,0.7471760511398315
YOL115W,YMR067C,0,,0.11790850013494492,0.998892605304718,0.7472867965698242
YCR069W,YDL214C,0,,0.11789308488368988,0.998892605304718,0.7473975419998169
YDR104C,YOR178C,0,,0.11787767708301544,0.998892605304718,0.7475082874298096
YOR115C,YNL002C,0,,0.1178622767329216,0.998892605304718,0.7476190328598022
YDL014W,YFL034C-A,0,,0.11784687638282776,0.998892605304718,0.7477297782897949
YML126C,YOR295W,0,,0.11783148348331451,0.998892605304718,0.7478405237197876
YLR013W,YBR004C,0,,0.11781609058380127,0.998892605304718,0.7479512691497803
YKR098C,YOR056C,0,,0.11780070513486862,0.998892605304718,0.748062014579773
YDL092W,YGR289C,0,,0.11778531968593597,0.998892605304718,0.7481727600097656
YBL042C,YIL085C,0,,0.11776994168758392,0.998892605304718,0.7482835054397583
YKL160W,YKR029C,0,,0.11775457113981247,0.998892605304718,0.748394250869751
YLR341W,YDR480W,0,,0.11773920059204102,0.998892605304718,0.7485049962997437
YOR190W,YDR394W,0,,0.11772383004426956,0.998892605304718,0.7486157417297363
YHR121W,YDL191W,0,,0.1177084669470787,0.998892605304718,0.748726487159729
YBR210W,YMR029C,0,,0.11769311130046844,0.998892605304718,0.7488372325897217
YJR043C,YMR106C,0,,0.11767775565385818,0.998892605304718,0.7489479780197144
YLL036C,YCR083W,0,,0.11766240745782852,0.998892605304718,0.7490586638450623
YPR145W,YBR079C,0,,0.11764705926179886,0.998892605304718,0.7491694092750549
YCR042C,YOR343C-B,0,,0.11763171851634979,0.998892605304718,0.7492801547050476
YBR215W,YIL050W,0,,0.11761637777090073,0.998892605304718,0.7493909001350403
YDR394W,YML046W,0,,0.11760104447603226,0.998892605304718,0.749501645565033
YLR340W,YNL134C,0,,0.11758571118116379,0.998892605304718,0.7496123909950256
YMR011W,YBL102W,0,,0.11757038533687592,0.998892605304718,0.7497231364250183
YML038C,YBR236C,0,,0.11755505949258804,0.998892605304718,0.749833881855011
YPL268W,YOR171C,0,,0.11753974109888077,0.998892605304718,0.7499446272850037
YBL066C,YOR141C,0,,0.11752443015575409,0.998892605304718,0.7500553727149963
YBR288C,YIL097W,0,,0.11750911921262741,0.998892605304718,0.750166118144989
YDR084C,YBR110W,0,,0.11749381572008133,0.998892605304718,0.7502768635749817
YDR051C,YML111W,0,,0.11747851222753525,0.998892605304718,0.7503876090049744
YMR116C,YDR001C,0,,0.11746320873498917,0.998892605304718,0.750498354434967
YNL186W,YHR043C,0,,0.11744792014360428,0.998892605304718,0.7506090998649597
YDR349C,YNL099C,0,,0.1174326241016388,0.998892605304718,0.7507198452949524
YNR054C,YBR079C,0,,0.1174173355102539,0.998892605304718,0.7508305907249451
YGR152C,YML078W,0,,0.11740205436944962,0.998892605304718,0.7509413361549377
YDL052C,YGR038C-B,0,,0.11738678067922592,0.998892605304718,0.7510520219802856
YOL137W,YOR077W,0,,0.11737149953842163,0.998892605304718,0.7511627674102783
YGL255W,YPR165W,0,,0.11735623329877853,0.998892605304718,0.751273512840271
YNR026C,YGR098C,0,,0.11734096705913544,0.998892605304718,0.7513842582702637
YPR061C,YGL125W,0,,0.11732570081949234,0.998892605304718,0.7514950037002563
YDL212W,YLR178C,0,,0.11731044203042984,0.998892605304718,0.751605749130249
YKL055C,YLL032C,0,,0.11729519069194794,0.998892605304718,0.7517164945602417
YPL012W,YGL245W,0,,0.11727993935346603,0.998892605304718,0.7518272399902344
YFR042W,YLR423C,0,,0.11726468801498413,0.998892605304718,0.751937985420227
YBR179C,YER172C,0,,0.11724944412708282,0.998892605304718,0.7520487308502197
YGR257C,YLR155C,0,,0.11723420768976212,0.998892605304718,0.7521594762802124
YLR393W,YMR278W,0,,0.1172189712524414,0.998892605304718,0.7522702217102051
YFL062W,YMR162C,0,,0.1172037422657013,0.998892605304718,0.7523809671401978
YOR118W,YOR361C,0,,0.11718851327896118,0.998892605304718,0.7524917125701904
YDR155C,YBR171W,0,,0.11717329174280167,0.998892605304718,0.7526024580001831
YHR079C-A,YDR051C,0,,0.11715807020664215,0.998892605304718,0.7527132034301758
YDR020C,YGR125W,0,,0.11714285612106323,0.998892605304718,0.7528239488601685
YCR102C,YOR208W,0,,0.11712764203548431,0.998892605304718,0.7529346346855164
YKL152C,YPL066W,0,,0.11711243540048599,0.998892605304718,0.753045380115509
YBR298C,YDL213C,0,,0.11709723621606827,0.998892605304718,0.7531561255455017
YGL001C,YIL103W,0,,0.11708203703165054,0.998892605304718,0.7532668709754944
YNR046W,YDL058W,0,,0.11706683784723282,0.998892605304718,0.7533776164054871
YPR066W,YPL158C,0,,0.11705164611339569,0.998892605304718,0.7534883618354797
YDR346C,YEL055C,0,,0.11703646183013916,0.998892605304718,0.7535991072654724
YLR089C,YMR271C,0,,0.11702127754688263,0.998892605304718,0.7537098526954651
YPL016W,YKL146W,0,,0.1170060932636261,0.998892605304718,0.7538205981254578
YCR069W,YOL044W,0,,0.11699092388153076,0.998892605304718,0.7539313435554504
YCR102C,YBR228W,0,,0.11697574704885483,0.998892605304718,0.7540420889854431
YDL226C,YDR210W-A,0,,0.11696057766675949,0.998892605304718,0.7541528344154358
YNL072W,YNL148C,0,,0.11694541573524475,0.998892605304718,0.7542635798454285
YHR003C,YGL065C,0,,0.11693025380373001,0.998892605304718,0.7543743252754211
YBL036C,YJL091C,0,,0.11691509932279587,0.998892605304718,0.7544850707054138
YNL148C,YNR075W,0,,0.11689994484186172,0.998892605304718,0.7545958161354065
YGR090W,YBR229C,0,,0.11688479781150818,0.998892605304718,0.7547065615653992
YOL119C,YBR110W,0,,0.11686965823173523,0.998892605304718,0.7548172473907471
YHR007C,YPR164W,0,,0.11685451120138168,0.998892605304718,0.7549279928207397
YBR154C,YMR271C,0,,0.11683937907218933,0.998892605304718,0.7550387382507324
YOL027C,YOR339C,0,,0.11682424694299698,0.998892605304718,0.7551494836807251
YDL226C,YKL176C,0,,0.11680911481380463,0.998892605304718,0.7552602291107178
YGL160W,YLL032C,0,,0.11679399013519287,0.998892605304718,0.7553709745407104
YDL064W,YDR352W,0,,0.11677887290716171,0.998892605304718,0.7554817199707031
YGL100W,YHL009W-A,0,,0.11676375567913055,0.998892605304718,0.7555924654006958
YPR181C,YBR008C,0,,0.1167486384510994,0.998892605304718,0.7557032108306885
YDL104C,YMR154C,0,,0.11673352867364883,0.998892605304718,0.7558139562606812
YPR104C,YLL015W,0,,0.11671842634677887,0.998892605304718,0.7559247016906738
YAR071W,YCR033W,0,,0.1167033240199089,0.998892605304718,0.7560354471206665
YGL124C,YKL184W,0,,0.11668822914361954,0.998892605304718,0.7561461925506592
YDR210W,YGL020C,0,,0.11667313426733017,0.998892605304718,0.7562569379806519
YPL030W,YNL097C,0,,0.1166580468416214,0.998892605304718,0.7563676834106445
YMR024W,YJR144W,0,,0.11664295941591263,0.998892605304718,0.7564784288406372
YKL160W,YIL050W,0,,0.11662787944078445,0.998892605304718,0.7565891742706299
YPL232W,YNL005C,0,,0.11661279946565628,0.998892605304718,0.7566998600959778
YLR336C,YKR018C,0,,0.1165977269411087,0.998892605304718,0.7568106055259705
YPR158W-A,YLL010C,0,,0.11658265441656113,0.998892605304718,0.7569213509559631
YNL071W,YOR307C,0,,0.11656758934259415,0.998892605304718,0.7570320963859558
YKL137W,YBR044C,0,,0.11655252426862717,0.998892605304718,0.7571428418159485
YNL125C,YNL093W,0,,0.11653746664524078,0.998892605304718,0.7572535872459412
YLR376C,YLR069C,0,,0.116522416472435,0.998892605304718,0.7573643326759338
YPR121W,YPR165W,0,,0.11650735884904861,0.998892605304718,0.7574750781059265
YOR094W,YNL220W,0,,0.11649231612682343,0.998892605304718,0.7575858235359192
YDL025C,YHR178W,0,,0.11647727340459824,0.998892605304718,0.7576965689659119
YGR074W,YER160C,0,,0.11646223068237305,0.998892605304718,0.7578073143959045
YOL017W,YNL005C,0,,0.11644719541072845,0.998892605304718,0.7579180598258972
YHR072W,YCL020W,0,,0.11643216758966446,0.998892605304718,0.7580288052558899
YGR074W,YPR185W,0,,0.11641713976860046,0.998892605304718,0.7581395506858826
YML078W,YGR198W,0,,0.11640211939811707,0.998892605304718,0.7582502961158752
YIL162W,YBR098W,0,,0.11638709902763367,0.998892605304718,0.7583610415458679
YMR104C,YNL037C,0,,0.11637207865715027,0.998892605304718,0.7584717869758606
YJL151C,YCR097W,0,,0.11635706573724747,0.998892605304718,0.7585825324058533
YDL168W,YER124C,0,,0.11634206026792526,0.998892605304718,0.7586932182312012
YPL211W,YGL100W,0,,0.11632705479860306,0.998892605304718,0.7588039636611938
YER073W,YFL034C-A,0,,0.11631205677986145,0.998892605304718,0.7589147090911865
YDL181W,YJR105W,0,,0.11629705876111984,0.998892605304718,0.7590254545211792
YJL063C,YDL159W,0,,0.11628206819295883,0.998892605304718,0.7591361999511719
YKL221W,YNL327W,0,,0.11626707762479782,0.998892605304718,0.7592469453811646
YGR172C,YOR030W,0,,0.11625209450721741,0.998892605304718,0.7593576908111572
YKR060W,YDR043C,0,,0.116237111389637,0.998892605304718,0.7594684362411499
YPR183W,YLR178C,0,,0.11622213572263718,0.998892605304718,0.7595791816711426
YLR398C,YBR229C,0,,0.11620716005563736,0.998892605304718,0.7596899271011353
YDL052C,YLL010C,0,,0.11619219183921814,0.998892605304718,0.7598006725311279
YHR094C,YDL174C,0,,0.11617723107337952,0.998892605304718,0.7599114179611206
YCR083W,YML026C,0,,0.1161622628569603,0.998892605304718,0.7600221633911133
YPR158W-A,YGR092W,0,,0.11614730954170227,0.998892605304718,0.760132908821106
YPL249C-A,YOR188W,0,,0.11613235622644424,0.998892605304718,0.7602436542510986
YBL067C,YKR025W,0,,0.11611740291118622,0.998892605304718,0.7603543996810913
YBR234C,YDR153C,0,,0.11610245704650879,0.998892605304718,0.760465145111084
YNR026C,YDR037W,0,,0.11608751863241196,0.998892605304718,0.7605758309364319
YML007W,YNR032W,0,,0.11607258021831512,0.998892605304718,0.7606865763664246
YPL016W,YBR070C,0,,0.11605764180421829,0.998892605304718,0.7607973217964172
YLR332W,YBR070C,0,,0.11604271084070206,0.998892605304718,0.7609080672264099
YGL017W,YOR005C,0,,0.11602778732776642,0.998892605304718,0.7610188126564026
YBR302C,YLR372W,0,,0.11601286381483078,0.998892605304718,0.7611295580863953
YDR522C,YOR141C,0,,0.11599794030189514,0.998892605304718,0.7612403035163879
YGR049W,YGR148C,0,,0.1159830242395401,0.998892605304718,0.7613510489463806
YLR174W,YOR284W,0,,0.11596811562776566,0.998892605304718,0.7614617943763733
YKL163W,YDR331W,0,,0.11595320701599121,0.998892605304718,0.761572539806366
YLR138W,YGR121C,0,,0.11593830585479736,0.998892605304718,0.7616832852363586
YGL201C,YPL023C,0,,0.11592340469360352,0.998892605304718,0.7617940306663513
YBR084C-A,YGR256W,0,,0.11590850353240967,0.998892605304718,0.761904776096344
YNL177C,YGL055W,0,,0.11589361727237701,0.998892605304718,0.7620155215263367
YMR291W,YLR362W,0,,0.11587872356176376,0.998892605304718,0.7621262669563293
YDR346C,YMR029C,0,,0.11586383730173111,0.998892605304718,0.762237012386322
YLR166C,YLR002C,0,,0.11584895849227905,0.998892605304718,0.7623477578163147
YDR349C,YGR249W,0,,0.115834079682827,0.998892605304718,0.7624584436416626
YLR222C,YKR029C,0,,0.11581920832395554,0.998892605304718,0.7625691890716553
YDL025C,YLL036C,0,,0.11580433696508408,0.998892605304718,0.762679934501648
YDR104C,YCR008W,0,,0.11578947305679321,0.998892605304718,0.7627906799316406
YLR378C,YKR046C,0,,0.11577460914850235,0.998892605304718,0.7629014253616333
YDR210W,YLR155C,0,,0.11575975269079208,0.998892605304718,0.763012170791626
YGR108W,YMR106C,0,,0.11574489623308182,0.998892605304718,0.7631229162216187
YJL047C,YML014W,0,,0.11573004722595215,0.998892605304718,0.7632336616516113
YOR033C,YOR368W,0,,0.11571520566940308,0.998892605304718,0.763344407081604
YOL017W,YJL036W,0,,0.11570035666227341,0.998892605304718,0.7634551525115967
YGR049W,YNR063W,0,,0.11568552255630493,0.998892605304718,0.7635658979415894
YHR063C,YBR200W,0,,0.11567068845033646,0.998892605304718,0.763676643371582
YNL002C,YEL004W,0,,0.11565585434436798,0.998892605304718,0.7637873888015747
YJR056C,YGR240C,0,,0.1156410276889801,0.998892605304718,0.7638981342315674
YOR229W,YCR071C,0,,0.11562620103359222,0.998892605304718,0.7640088796615601
YKL025C,YDL079C,0,,0.11561138182878494,0.998892605304718,0.7641196250915527
YLR372W,YIL010W,0,,0.11559656262397766,0.998892605304718,0.7642303705215454
YMR323W,YML075C,0,,0.11558175086975098,0.998892605304718,0.7643410563468933
YPL152W,YCR083W,0,,0.11556694656610489,0.998892605304718,0.764451801776886
YCR071C,YPL265W,0,,0.1155521422624588,0.998892605304718,0.7645625472068787
YLR376C,YGR013W,0,,0.11553733795881271,0.998892605304718,0.7646732926368713
YDR191W,YOL075C,0,,0.11552254110574722,0.998892605304718,0.764784038066864
YOL091W,YKR025W,0,,0.11550774425268173,0.998892605304718,0.7648947834968567
YIL041W,YOR022C,0,,0.11549295485019684,0.998892605304718,0.7650055289268494
YOR094W,YNL075W,0,,0.11547817289829254,0.998892605304718,0.765116274356842
YHL033C,YER026C,0,,0.11546339094638824,0.998892605304718,0.7652270197868347
YHR191C,YPL005W,0,,0.11544860899448395,0.998892605304718,0.7653377652168274
YOR141C,YDR291W,0,,0.11543383449316025,0.998892605304718,0.7654485106468201
YFL034C-B,YJR014W,0,,0.11541906744241714,0.998892605304718,0.7655592560768127
YBR102C,YLR035C,0,,0.11540430039167404,0.998892605304718,0.7656700015068054
YKL125W,YBR236C,0,,0.11538953334093094,0.998892605304718,0.7657807469367981
YNL134C,YML001W,0,,0.11537477374076843,0.998892605304718,0.7658914923667908
YGL255W,YMR283C,0,,0.11536002159118652,0.998892605304718,0.7660022377967834
YDR302W,YJL203W,0,,0.11534526944160461,0.998892605304718,0.7661129832267761
YOR094W,YLL036C,0,,0.1153305172920227,0.998892605304718,0.766223669052124
YOR354C,YPR020W,0,,0.11531577259302139,0.998892605304718,0.7663344144821167
YLR077W,YMR014W,0,,0.11530103534460068,0.998892605304718,0.7664451599121094
YGR041W,YER122C,0,,0.11528629809617996,0.998892605304718,0.766555905342102
YPL152W,YJR113C,0,,0.11527156829833984,0.998892605304718,0.7666666507720947
YDR349C,YGR096W,0,,0.11525683850049973,0.998892605304718,0.7667773962020874
YNL252C,YHR043C,0,,0.1152421087026596,0.998892605304718,0.7668881416320801
YOL006C,YBR136W,0,,0.11522738635540009,0.998892605304718,0.7669988870620728
YPL211W,YOL113W,0,,0.11521267145872116,0.998892605304718,0.7671096324920654
YLR174W,YNL099C,0,,0.11519795656204224,0.998892605304718,0.7672203779220581
YGL255W,YER118C,0,,0.11518324911594391,0.998892605304718,0.7673311233520508
YDR382W,YDR363W,0,,0.11516854166984558,0.998892605304718,0.7674418687820435
YMR170C,YKL216W,0,,0.11515383422374725,0.998892605304718,0.7675526142120361
YJR090C,YKL209C,0,,0.11513913422822952,0.998892605304718,0.7676633596420288
YFR009W,YFR004W,0,,0.11512444168329239,0.998892605304718,0.7677741050720215
YOR214C,YNL005C,0,,0.11510974913835526,0.998892605304718,0.7678848505020142
YKL046C,YIR008C,0,,0.11509506404399872,0.998892605304718,0.7679955959320068
YOL021C,YML075C,0,,0.11508037894964218,0.998892605304718,0.7681063413619995
YCR008W,YGR041W,0,,0.11506569385528564,0.998892605304718,0.7682170271873474
YDR034C-D,YPR201W,0,,0.1150510236620903,0.998892605304718,0.7683277726173401
YPL268W,YER166W,0,,0.11503634601831436,0.998892605304718,0.7684385180473328
YIL085C,YER026C,0,,0.11502167582511902,0.998892605304718,0.7685492634773254
YDL194W,YDR163W,0,,0.11500701308250427,0.998892605304718,0.7686600089073181
YLR077W,YPR165W,0,,0.11499235033988953,0.998892605304718,0.7687707543373108
YIR022W,YML121W,0,,0.11497769504785538,0.998892605304718,0.7688814997673035
YOR354C,YMR216C,0,,0.11496303975582123,0.998892605304718,0.7689922451972961
YIL041W,YHR143W-A,0,,0.11494838446378708,0.998892605304718,0.7691029906272888
YIR021W,YDR293C,0,,0.11493374407291412,0.998892605304718,0.7692137360572815
YBR084C-A,YPL069C,0,,0.11491909623146057,0.998892605304718,0.7693244814872742
YLR405W,YLR119W,0,,0.11490445584058762,0.998892605304718,0.7694352269172668
YBR215W,YOR005C,0,,0.11488982290029526,0.998892605304718,0.7695459723472595
YPL086C,YML007W,0,,0.1148751899600029,0.998892605304718,0.7696567177772522
YMR214W,YKL216W,0,,0.11486056447029114,0.998892605304718,0.7697674632072449
YMR189W,YMR060C,0,,0.11484593898057938,0.998892605304718,0.7698782086372375
YBR126C,YBR265W,0,,0.11483132094144821,0.998892605304718,0.7699889540672302
YPL217C,YHR107C,0,,0.11481670290231705,0.998892605304718,0.7700996398925781
YPL236C,YDL132W,0,,0.11480208486318588,0.998892605304718,0.7702103853225708
YGR121C,YPL072W,0,,0.11478747427463531,0.998892605304718,0.7703211307525635
YIR003W,YHR003C,0,,0.11477287113666534,0.998892605304718,0.7704318761825562
YHR216W,YJL115W,0,,0.11475826799869537,0.998892605304718,0.7705426216125488
YPL020C,YOL049W,0,,0.114743672311306,0.998892605304718,0.7706533670425415
YBL040C,YBL045C,0,,0.11472907662391663,0.998892605304718,0.7707641124725342
YLR398C,YKL208W,0,,0.11471448838710785,0.998892605304718,0.7708748579025269
YDR210W-D,YNL005C,0,,0.11469990015029907,0.998892605304718,0.7709856033325195
YDL066W,YBR004C,0,,0.1146853119134903,0.998892605304718,0.7710963487625122
YPL032C,YDR119W,0,,0.11467073112726212,0.998892605304718,0.7712070941925049
YLR034C,YEL026W,0,,0.11465615779161453,0.998892605304718,0.7713178396224976
YGL017W,YDR258C,0,,0.11464158445596695,0.998892605304718,0.7714285850524902
YKL113C,YHR072W,0,,0.11462701857089996,0.998892605304718,0.7715393304824829
YNL072W,YML019W,0,,0.11461245268583298,0.998892605304718,0.7716500759124756
YOR130C,YGL055W,0,,0.11459789425134659,0.998892605304718,0.7717608213424683
YDL181W,YKL167C,0,,0.1145833358168602,0.998892605304718,0.7718715667724609
YPL132W,YKL027W,0,,0.11456877738237381,0.998892605304718,0.7719822525978088
YBL084C,YOR100C,0,,0.11455422639846802,0.998892605304718,0.7720929980278015
YML078W,YLR003C,0,,0.11453968286514282,0.998892605304718,0.7722037434577942
YBR280C,YJL115W,0,,0.11452513933181763,0.998892605304718,0.7723144888877869
YGR172C,YOR083W,0,,0.11451060324907303,0.998892605304718,0.7724252343177795
YHR072W,YJL014W,0,,0.11449606716632843,0.998892605304718,0.7725359797477722
YPL055C,YLR144C,0,,0.11448153108358383,0.998892605304718,0.7726467251777649
YGL023C,YNL305C,0,,0.11446700245141983,0.998892605304718,0.7727574706077576
YPL012W,YLL015W,0,,0.11445248126983643,0.998892605304718,0.7728682160377502
YBR098W,YHR018C,0,,0.11443796008825302,0.998892605304718,0.7729789614677429
YDR266C,YNL116W,0,,0.11442344635725021,0.998892605304718,0.7730897068977356
YLR297W,YBR228W,0,,0.1144089326262474,0.998892605304718,0.7732004523277283
YOL041C,YPL181W,0,,0.1143944188952446,0.998892605304718,0.773311197757721
YFL055W,YDL066W,0,,0.11437991261482239,0.998892605304718,0.7734219431877136
YDR255C,YLR117C,0,,0.11436541378498077,0.998892605304718,0.7735326886177063
YOR005C,YLR341W,0,,0.11435091495513916,0.998892605304718,0.773643434047699
YLL036C,YLR319C,0,,0.11433641612529755,0.998892605304718,0.7737541794776917
YJL074C,YJR019C,0,,0.11432192474603653,0.998892605304718,0.7738648653030396
YNL124W,YDL092W,0,,0.11430744081735611,0.998892605304718,0.7739756107330322
YNL124W,YPR121W,0,,0.11429295688867569,0.998892605304718,0.7740863561630249
YMR214W,YPR004C,0,,0.11427847295999527,0.998892605304718,0.7741971015930176
YGR192C,YGL065C,0,,0.11426399648189545,0.998892605304718,0.7743078470230103
YAL005C,YOR144C,0,,0.11424952745437622,0.998892605304718,0.7744185924530029
YPR183W,YKL221W,0,,0.114235058426857,0.998892605304718,0.7745293378829956
YLR174W,YJR099W,0,,0.11422058939933777,0.998892605304718,0.7746400833129883
YGR068C,YOL148C,0,,0.11420612782239914,0.998892605304718,0.774750828742981
YFL053W,YOR140W,0,,0.11419166624546051,0.998892605304718,0.7748615741729736
YNL222W,YGR091W,0,,0.11417721211910248,0.998892605304718,0.7749723196029663
YML064C,YJL115W,0,,0.11416276544332504,0.998892605304718,0.775083065032959
YIL085C,YBR179C,0,,0.11414831876754761,0.998892605304718,0.7751938104629517
YER054C,YNR069C,0,,0.11413387209177017,0.998892605304718,0.7753045558929443
YAR071W,YHR102W,0,,0.11411943286657333,0.998892605304718,0.775415301322937
YBL006C,YMR106C,0,,0.1141049936413765,0.998892605304718,0.7755260467529297
YER172C,YDR354W,0,,0.11409056186676025,0.998892605304718,0.7756367921829224
YHR112C,YGR206W,0,,0.11407613754272461,0.998892605304718,0.775747537612915
YNR012W,YMR083W,0,,0.11406171321868896,0.998892605304718,0.7758582234382629
YHR032W,YLR133W,0,,0.11404728889465332,0.998892605304718,0.7759689688682556
YDR142C,YDR191W,0,,0.11403287202119827,0.998892605304718,0.7760797142982483
YLR034C,YFL034C-B,0,,0.11401845514774323,0.998892605304718,0.776190459728241
YBR228W,YML014W,0,,0.11400404572486877,0.998892605304718,0.7763012051582336
YOL027C,YPL181W,0,,0.11398963630199432,0.998892605304718,0.7764119505882263
YER048C,YDL239C,0,,0.11397523432970047,0.998892605304718,0.776522696018219
YBR235W,YGL020C,0,,0.11396083235740662,0.998892605304718,0.7766334414482117
YNR023W,YBR236C,0,,0.11394643783569336,0.998892605304718,0.7767441868782043
YGR074W,YNL326C,0,,0.1139320433139801,0.998892605304718,0.776854932308197
YOR178C,YDR237W,0,,0.11391765624284744,0.998892605304718,0.7769656777381897
YMR119W,YPL255W,0,,0.11390326917171478,0.998892605304718,0.7770764231681824
YJL209W,YOR368W,0,,0.11388888955116272,0.998892605304718,0.777187168598175
YJL092W,YHR026W,0,,0.11387450993061066,0.998892605304718,0.7772979140281677
YDL014W,YMR271C,0,,0.11386013776063919,0.998892605304718,0.7774086594581604
YOR007C,YOL060C,0,,0.11384576559066772,0.998892605304718,0.7775194048881531
YPR145W,YPL081W,0,,0.11383140087127686,0.998892605304718,0.7776301503181458
YNL300W,YDR266C,0,,0.11381703615188599,0.998892605304718,0.7777408361434937
YKR013W,YPR183W,0,,0.11380267143249512,0.998892605304718,0.7778515815734863
YEL034W,YGR087C,0,,0.11378832161426544,0.998892605304718,0.777962327003479
YMR021C,YDL004W,0,,0.11377396434545517,0.998892605304718,0.7780730724334717
YFL062W,YGL175C,0,,0.1137596145272255,0.998892605304718,0.7781838178634644
YMR119W,YKR065C,0,,0.11374527215957642,0.998892605304718,0.778294563293457
YDR316W,YKR025W,0,,0.11373092979192734,0.998892605304718,0.7784053087234497
YEL063C,YPL236C,0,,0.11371658742427826,0.998892605304718,0.7785160541534424
YDR261C-C,YBL045C,0,,0.11370225995779037,0.998892605304718,0.7786267995834351
YGR227W,YPR023C,0,,0.1136879250407219,0.998892605304718,0.7787375450134277
YER078C,YOR361C,0,,0.11367359757423401,0.998892605304718,0.7788482904434204
YGR090W,YML014W,0,,0.11365927755832672,0.998892605304718,0.7789590358734131
YPL170W,YHR043C,0,,0.11364495754241943,0.998892605304718,0.7790697813034058
YPL170W,YDR119W,0,,0.11363063752651215,0.998892605304718,0.7791805267333984
YCR083W,YJL036W,0,,0.11361632496118546,0.998892605304718,0.7792912721633911
YDR541C,YBR236C,0,,0.11360201239585876,0.998892605304718,0.7794020175933838
YOL097C,YPL023C,0,,0.11358770728111267,0.998892605304718,0.7795127630233765
YGL048C,YDR225W,0,,0.11357340961694717,0.998892605304718,0.7796234488487244
YJL116C,YKL209C,0,,0.11355911195278168,0.998892605304718,0.779734194278717
YLR081W,YNL003C,0,,0.11354481428861618,0.998892605304718,0.7798449397087097
YGL208W,YLR002C,0,,0.11353052407503128,0.998892605304718,0.7799556851387024
YPR018W,YGL130W,0,,0.11351623386144638,0.998892605304718,0.7800664305686951
YEL026W,YKR046C,0,,0.11350195109844208,0.998892605304718,0.7801771759986877
YGR227W,YPR022C,0,,0.11348766833543777,0.998892605304718,0.7802879214286804
YNR051C,YPR004C,0,,0.11347339302301407,0.998892605304718,0.7803986668586731
YNR054C,YNL299W,0,,0.11345911771059036,0.998892605304718,0.7805094122886658
YDR311W,YOL097C,0,,0.11344484984874725,0.998892605304718,0.7806201577186584
YJL076W,YLR368W,0,,0.11343058198690414,0.998892605304718,0.7807309031486511
YHR042W,YOR010C,0,,0.11341632157564163,0.998892605304718,0.7808416485786438
YGR183C,YNL326C,0,,0.11340206116437912,0.998892605304718,0.7809523940086365
YDL193W,YCL020W,0,,0.1133878082036972,0.998892605304718,0.7810631394386292
YKL209C,YOR344C,0,,0.11337355524301529,0.998892605304718,0.7811738848686218
YOL060C,YCR008W,0,,0.11335930973291397,0.998892605304718,0.7812846302986145
YKL211C,YMR060C,0,,0.11334506422281265,0.998892605304718,0.7813953757286072
YER118C,YPR124W,0,,0.11333081871271133,0.998892605304718,0.7815060615539551
YBR199W,YLR022C,0,,0.11331658065319061,0.998892605304718,0.7816168069839478
YGR275W,YDR020C,0,,0.11330235004425049,0.998892605304718,0.7817275524139404
YBL050W,YDR043C,0,,0.11328811943531036,0.998892605304718,0.7818382978439331
YOR005C,YOR360C,0,,0.11327388882637024,0.998892605304718,0.7819490432739258
YER021W,YIL015W,0,,0.11325966566801071,0.998892605304718,0.7820597887039185
YKL027W,YJL100W,0,,0.11324544996023178,0.998892605304718,0.7821705341339111
YOL021C,YDR352W,0,,0.11323123425245285,0.998892605304718,0.7822812795639038
YJR086W,YOR298C-A,0,,0.11321701854467392,0.998892605304718,0.7823920249938965
YEL077C,YLR148W,0,,0.11320281028747559,0.998892605304718,0.7825027704238892
YLR013W,YDL052C,0,,0.11318860948085785,0.998892605304718,0.7826135158538818
YPR020W,YER075C,0,,0.11317440122365952,0.998892605304718,0.7827242612838745
YOR307C,YMR068W,0,,0.11316020786762238,0.998892605304718,0.7828350067138672
YJR113C,YLR178C,0,,0.11314601451158524,0.998892605304718,0.7829457521438599
YJL209W,YBR298C,0,,0.1131318211555481,0.998892605304718,0.7830564975738525
YLR369W,YHR183W,0,,0.11311763525009155,0.998892605304718,0.7831672430038452
YGR027W-A,YIL122W,0,,0.11310344934463501,0.998892605304718,0.7832779884338379
YHR107C,YPR033C,0,,0.11308927088975906,0.998892605304718,0.7833887338638306
YMR011W,YJR064W,0,,0.11307509243488312,0.998892605304718,0.7834994196891785
YOR128C,YHR104W,0,,0.11306091398000717,0.998892605304718,0.7836101651191711
YBR136W,YGL175C,0,,0.11304675042629242,0.998892605304718,0.7837209105491638
YHR183W,YLR089C,0,,0.11303257942199707,0.998892605304718,0.7838316559791565
YBR215W,YLR035C,0,,0.11301841586828232,0.998892605304718,0.7839424014091492
YGL208W,YHR003C,0,,0.11300425976514816,0.998892605304718,0.7840531468391418
YGR287C,YKR042W,0,,0.11299010366201401,0.998892605304718,0.7841638922691345
YGL047W,YDL165W,0,,0.11297595500946045,0.998892605304718,0.7842746376991272
YOR173W,YIR035C,0,,0.11296180635690689,0.998892605304718,0.7843853831291199
YHR072W,YPL192C,0,,0.11294765770435333,0.998892605304718,0.7844961285591125
YJR044C,YER018C,0,,0.11293351650238037,0.998892605304718,0.7846068739891052
YKL188C,YOR202W,0,,0.112919382750988,0.998892605304718,0.7847176194190979
YGR195W,YFL002C,0,,0.11290524154901505,0.998892605304718,0.7848283648490906
YIL099W,YDR119W,0,,0.11289111524820328,0.998892605304718,0.7849391102790833
YDR261C-C,YDL174C,0,,0.11287698894739151,0.998892605304718,0.7850498557090759
YJL123C,YKR046C,0,,0.11286286264657974,0.998892605304718,0.7851606011390686
YMR278W,YHR019C,0,,0.11284874379634857,0.998892605304718,0.7852713465690613
YJL116C,YDR349C,0,,0.1128346249461174,0.998892605304718,0.7853820323944092
YBR280C,YDR293C,0,,0.11282051354646683,0.998892605304718,0.7854927778244019
YER016W,YOL077W-A,0,,0.11280640214681625,0.998892605304718,0.7856035232543945
YDL155W,YER042W,0,,0.11279229819774628,0.998892605304718,0.7857142686843872
YDR485C,YAL032C,0,,0.1127781942486763,0.998892605304718,0.7858250141143799
YHR178W,YNL093W,0,,0.11276409775018692,0.998892605304718,0.7859357595443726
YBR102C,YNL116W,0,,0.11275000125169754,0.998892605304718,0.7860465049743652
YGR096W,YPL032C,0,,0.11273590475320816,0.998892605304718,0.7861572504043579
YGL133W,YNL099C,0,,0.11272182315587997,0.998892605304718,0.7862679958343506
YMR197C,YDR524C-B,0,,0.11270773410797119,0.998892605304718,0.7863787412643433
YHR050W,YBL003C,0,,0.112693652510643,0.998892605304718,0.7864894866943359
YMR309C,YKL139W,0,,0.11267957836389542,0.998892605304718,0.7866002321243286
YGL099W,YOR245C,0,,0.11266550421714783,0.998892605304718,0.7867109775543213
YBR236C,YJR044C,0,,0.11265143007040024,0.998892605304718,0.786821722984314
YOR328W,YML126C,0,,0.11263736337423325,0.998892605304718,0.7869324684143066
YIL049W,YKL193C,0,,0.11262329667806625,0.998892605304718,0.7870432138442993
YNL316C,YNR069C,0,,0.11260923743247986,0.998892605304718,0.787153959274292
YJR067C,YGR065C,0,,0.11259517818689346,0.998892605304718,0.7872646450996399
YGR038C-A,YOR017W,0,,0.11258112639188766,0.998892605304718,0.7873753905296326
YBL046W,YGL047W,0,,0.11256708204746246,0.998892605304718,0.7874861359596252
YHR104W,YDR194C,0,,0.11255303025245667,0.998892605304718,0.7875968813896179
YLR310C,YNR049C,0,,0.11253898590803146,0.998892605304718,0.7877076268196106
YBR133C,YDR113C,0,,0.11252494901418686,0.998892605304718,0.7878183722496033
YGR087C,YHR166C,0,,0.11251091212034225,0.998892605304718,0.787929117679596
YMR197C,YBR057C,0,,0.11249688267707825,0.998892605304718,0.7880398631095886
YDR382W,YLR035C,0,,0.11248285323381424,0.998892605304718,0.7881506085395813
YPL256C,YFL024C,0,,0.11246883124113083,0.998892605304718,0.788261353969574
YGR096W,YJR137C,0,,0.11245480924844742,0.998892605304718,0.7883720993995667
YCR073C,YER141W,0,,0.11244078725576401,0.998892605304718,0.7884828448295593
YPL132W,YKL127W,0,,0.1124267727136612,0.998892605304718,0.788593590259552
YIL041W,YEL047C,0,,0.11241275817155838,0.998892605304718,0.7887043356895447
YPL045W,YGR206W,0,,0.11239875108003616,0.998892605304718,0.7888150811195374
YMR291W,YGR163W,0,,0.11238475143909454,0.998892605304718,0.78892582654953
YHR034C,YJL104W,0,,0.11237075179815292,0.998892605304718,0.7890365719795227
YLR070C,YGR278W,0,,0.1123567521572113,0.998892605304718,0.7891472578048706
YDR363W,YLR119W,0,,0.11234275996685028,0.998892605304718,0.7892580032348633
YAR071W,YKL167C,0,,0.11232876777648926,0.998892605304718,0.789368748664856
YPL084W,YJL160C,0,,0.11231478303670883,0.998892605304718,0.7894794940948486
YHR072W,YPR079W,0,,0.1123007982969284,0.998892605304718,0.7895902395248413
YMR202W,YKL221W,0,,0.11228681355714798,0.998892605304718,0.789700984954834
YER042W,YPL255W,0,,0.11227284371852875,0.998892605304718,0.7898117303848267
YMR135C,YDR034C-D,0,,0.11225886642932892,0.998892605304718,0.7899224758148193
YJR056C,YBR236C,0,,0.11224489659070969,0.998892605304718,0.790033221244812
YFR051C,YCR066W,0,,0.11223093420267105,0.998892605304718,0.7901439666748047
YDR385W,YDR488C,0,,0.11221697181463242,0.998892605304718,0.7902547121047974
YBR217W,YGR128C,0,,0.11220300942659378,0.998892605304718,0.79036545753479
YGR247W,YGL055W,0,,0.11218905448913574,0.998892605304718,0.7904762029647827
YCR071C,YEL009C,0,,0.1121750995516777,0.998892605304718,0.7905869483947754
YGL175C,YNL270C,0,,0.11216115206480026,0.998892605304718,0.7906976938247681
YHR042W,YPL270W,0,,0.11214721202850342,0.998892605304718,0.7908084392547607
YDR314C,YDR291W,0,,0.11213326454162598,0.998892605304718,0.7909191846847534
YHR094C,YDR524C-B,0,,0.11211933195590973,0.998892605304718,0.7910299301147461
YDL025C,YML058W,0,,0.11210539191961288,0.998892605304718,0.791140615940094
YAR071W,YKR029C,0,,0.11209145933389664,0.998892605304718,0.7912513613700867
YDR180W,YKL127W,0,,0.11207753419876099,0.998892605304718,0.7913621068000793
YHR065C,YIR008C,0,,0.11206360906362534,0.998892605304718,0.791472852230072
YIL041W,YDR352W,0,,0.11204969137907028,0.998892605304718,0.7915835976600647
YOR196C,YER018C,0,,0.11203577369451523,0.998892605304718,0.7916943430900574
YNL315C,YER170W,0,,0.11202185600996017,0.998892605304718,0.79180508852005
YEL034W,YHR062C,0,,0.11200794577598572,0.998892605304718,0.7919158339500427
YMR121C,YBR139W,0,,0.11199404299259186,0.998892605304718,0.7920265793800354
YGL055W,YDL058W,0,,0.111980140209198,0.998892605304718,0.7921373248100281
YKL084W,YGR280C,0,,0.11196623742580414,0.998892605304718,0.7922480702400208
YDR180W,YDR099W,0,,0.11195234209299088,0.998892605304718,0.7923588156700134
YMR197C,YCR048W,0,,0.11193844676017761,0.998892605304718,0.7924695611000061
YJL111W,YNL329C,0,,0.11192455887794495,0.998892605304718,0.7925803065299988
YNL134C,YPL187W,0,,0.11191067099571228,0.998892605304718,0.7926910519599915
YGL130W,YOR202W,0,,0.11189679056406021,0.998892605304718,0.7928017973899841
YOR328W,YPL069C,0,,0.11188291013240814,0.998892605304718,0.7929125428199768
YDR365W-B,YOR367W,0,,0.11186902970075607,0.998892605304718,0.7930232286453247
YLR013W,YDL239C,0,,0.1118551567196846,0.998892605304718,0.7931339740753174
YKL127W,YPR056W,0,,0.11184129118919373,0.998892605304718,0.7932447195053101
YBR217W,YBL046W,0,,0.11182742565870285,0.998892605304718,0.7933554649353027
YFL053W,YIL105C,0,,0.11181356012821198,0.998892605304718,0.7934662103652954
YHR102W,YIR008C,0,,0.1117997020483017,0.998892605304718,0.7935769557952881
YIL162W,YER183C,0,,0.11178584396839142,0.998892605304718,0.7936877012252808
YML024W,YLR399C,0,,0.11177199333906174,0.998892605304718,0.7937984466552734
YKR092C,YPR164W,0,,0.11175815016031265,0.998892605304718,0.7939091920852661
YIR007W,YML130C,0,,0.11174429953098297,0.998892605304718,0.7940199375152588
YIL067C,YKR042W,0,,0.11173045635223389,0.998892605304718,0.7941306829452515
YPL237W,YBR127C,0,,0.1117166206240654,0.998892605304718,0.7942414283752441
YMR323W,YNL241C,0,,0.11170278489589691,0.998892605304718,0.7943521738052368
YOR144C,YHL033C,0,,0.11168895661830902,0.998892605304718,0.7944629192352295
YIR010W,YGL187C,0,,0.11167512834072113,0.998892605304718,0.7945736646652222
YOL068C,YML010W,0,,0.11166130006313324,0.998892605304718,0.7946844100952148
YOL094C,YDL049C,0,,0.11164747923612595,0.998892605304718,0.7947951555252075
YPL032C,YJR161C,0,,0.11163366585969925,0.998892605304718,0.7949058413505554
YIR007W,YPL241C,0,,0.11161985248327255,0.998892605304718,0.7950165867805481
YOR245C,YNL113W,0,,0.11160603910684586,0.998892605304718,0.7951273322105408
YHR091C,YKL012W,0,,0.11159223318099976,0.998892605304718,0.7952380776405334
YMR190C,YPR056W,0,,0.11157842725515366,0.998892605304718,0.7953488230705261
YOL094C,YCR097W,0,,0.11156462877988815,0.998892605304718,0.7954595685005188
YDL126C,YOR083W,0,,0.11155083030462265,0.998892605304718,0.7955703139305115
YNL126W,YDR237W,0,,0.11153703182935715,0.998892605304718,0.7956810593605042
YOL013C,YOR368W,0,,0.11152324080467224,0.998892605304718,0.7957918047904968
YNL069C,YOR141C,0,,0.11150945723056793,0.998892605304718,0.7959025502204895
YPR023C,YPL265W,0,,0.11149567365646362,0.998892605304718,0.7960132956504822
YDR302W,YGR091W,0,,0.11148189008235931,0.998892605304718,0.7961240410804749
YOR003W,YJR161C,0,,0.1114681139588356,0.998892605304718,0.7962347865104675
YPL047W,YNL003C,0,,0.11145434528589249,0.998892605304718,0.7963455319404602
YLL005C,YPL265W,0,,0.11144057661294937,0.998892605304718,0.7964562773704529
YKL139W,YDL213C,0,,0.11142680794000626,0.998892605304718,0.7965670228004456
YBL004W,YHR045W,0,,0.11141304671764374,0.998892605304718,0.7966777682304382
YJR113C,YPL265W,0,,0.11139928549528122,0.998892605304718,0.7967884540557861
YAL055W,YLR178C,0,,0.1113855242729187,0.998892605304718,0.7968991994857788
YER006W,YBR201W,0,,0.11137177795171738,0.998892605304718,0.7970099449157715
YOR354C,YDR261C-C,0,,0.11135802417993546,0.998892605304718,0.7971206903457642
YKL176C,YAR003W,0,,0.11134427785873413,0.998892605304718,0.7972314357757568
YML131W,YER073W,0,,0.1113305389881134,0.998892605304718,0.7973421812057495
YDR339C,YOL089C,0,,0.11131679266691208,0.998892605304718,0.7974529266357422
YDR293C,YML121W,0,,0.11130306124687195,0.998892605304718,0.7975636720657349
YKL101W,YOR133W,0,,0.11128932982683182,0.998892605304718,0.7976744174957275
YGL133W,YPL181W,0,,0.11127559840679169,0.998892605304718,0.7977851629257202
YPL217C,YMR278W,0,,0.11126187443733215,0.998892605304718,0.7978959083557129
YMR119W,YER006W,0,,0.11124815046787262,0.998892605304718,0.7980066537857056
YPL242C,YDL236W,0,,0.11123443394899368,0.998892605304718,0.7981173992156982
YHR063C,YGR038C-A,0,,0.11122071743011475,0.998892605304718,0.7982281446456909
YBL040C,YKR086W,0,,0.11120700091123581,0.998892605304718,0.7983388900756836
YOR208W,YPL170W,0,,0.11119329184293747,0.998892605304718,0.7984496355056763
YJL122W,YLR341W,0,,0.11117959022521973,0.998892605304718,0.798560380935669
YDR488C,YBR008C,0,,0.11116588860750198,0.998892605304718,0.7986710667610168
YGL184C,YDR237W,0,,0.11115218698978424,0.998892605304718,0.7987818121910095
YHL009W-A,YCR033W,0,,0.1111384928226471,0.998892605304718,0.7988925576210022
YJL014W,YBR154C,0,,0.11112479865550995,0.998892605304718,0.7990033030509949
YJL177W,YKL137W,0,,0.1111111119389534,0.998892605304718,0.7991140484809875
YDL004W,YBL097W,0,,0.11109742522239685,0.998892605304718,0.7992247939109802
YCR068W,YNL087W,0,,0.1110837459564209,0.998892605304718,0.7993355393409729
YIL066C,YNL323W,0,,0.11107006669044495,0.998892605304718,0.7994462847709656
YPL236C,YGL065C,0,,0.111056387424469,0.998892605304718,0.7995570302009583
YML066C,YOR312C,0,,0.11104271560907364,0.998892605304718,0.7996677756309509
YDL178W,YLR081W,0,,0.11102905124425888,0.998892605304718,0.7997785210609436
YCL040W,YJR144W,0,,0.11101538687944412,0.998892605304718,0.7998892664909363
YOR362C,YDR180W,0,,0.11100172251462936,0.998892605304718,0.800000011920929
YGR157W,YPL249C,0,,0.1109880656003952,0.998892605304718,0.8001107573509216
YLR298C,YGR161C-C,0,,0.11097440868616104,0.998892605304718,0.8002215027809143
YJL203W,YIL114C,0,,0.11096075922250748,0.998892605304718,0.800332248210907
YKL073W,YJL154C,0,,0.11094710975885391,0.998892605304718,0.8004429936408997
YFL024C,YDL191W,0,,0.11093346774578094,0.998892605304718,0.8005537390708923
YPL266W,YEL071W,0,,0.11091982573270798,0.998892605304718,0.8006644248962402
YHL018W,YCR048W,0,,0.11090618371963501,0.998892605304718,0.8007751703262329
YMR170C,YPL192C,0,,0.11089254915714264,0.998892605304718,0.8008859157562256
YJL099W,YBL066C,0,,0.11087891459465027,0.998892605304718,0.8009966611862183
YEL063C,YBL004W,0,,0.1108652874827385,0.998892605304718,0.8011074066162109
YER026C,YDR331W,0,,0.11085166782140732,0.998892605304718,0.8012181520462036
YLR342W,YGR108W,0,,0.11083804070949554,0.998892605304718,0.8013288974761963
YPL227C,YHR124W,0,,0.11082442849874496,0.998892605304718,0.801439642906189
YNL321W,YKL209C,0,,0.11081080883741379,0.998892605304718,0.8015503883361816
YLR275W,YML033W,0,,0.11079719662666321,0.998892605304718,0.8016611337661743
YJL018W,YPR075C,0,,0.11078359186649323,0.998892605304718,0.801771879196167
YCR067C,YJR067C,0,,0.11076998710632324,0.998892605304718,0.8018826246261597
YDR016C,YML008C,0,,0.11075638234615326,0.998892605304718,0.8019933700561523
YCR079W,YMR244C-A,0,,0.11074278503656387,0.998892605304718,0.802104115486145
YLR405W,YDR538W,0,,0.11072919517755508,0.998892605304718,0.8022148609161377
YBL004W,YPL012W,0,,0.1107155978679657,0.998892605304718,0.8023256063461304
YCR079W,YHR018C,0,,0.1107020154595375,0.998892605304718,0.802436351776123
YGL207W,YOR367W,0,,0.11068842560052872,0.998892605304718,0.802547037601471
YHR178W,YLR216C,0,,0.11067484319210052,0.998892605304718,0.8026577830314636
YJL051W,YGL201C,0,,0.11066126823425293,0.998892605304718,0.8027685284614563
YLR057W,YGL254W,0,,0.11064769327640533,0.998892605304718,0.802879273891449
YLR071C,YFL002C,0,,0.11063412576913834,0.998892605304718,0.8029900193214417
YOR328W,YDR541C,0,,0.11062055081129074,0.998892605304718,0.8031007647514343
YBR288C,YPL108W,0,,0.11060699075460434,0.998892605304718,0.803211510181427
YOL033W,YCR089W,0,,0.11059343069791794,0.998892605304718,0.8033222556114197
YMR280C,YKR001C,0,,0.11057987064123154,0.998892605304718,0.8034330010414124
YDL232W,YKL084W,0,,0.11056631803512573,0.998892605304718,0.803543746471405
YIR013C,YIL129C,0,,0.11055276542901993,0.998892605304718,0.8036544919013977
YLR393W,YBR102C,0,,0.11053921282291412,0.998892605304718,0.8037652373313904
YIR008C,YHR026W,0,,0.11052566766738892,0.998892605304718,0.8038759827613831
YNL257C,YLR424W,0,,0.1105121299624443,0.998892605304718,0.8039867281913757
YLL039C,YBR171W,0,,0.1104985922574997,0.998892605304718,0.8040974736213684
YLR157C-A,YIL121W,0,,0.11048505455255508,0.998892605304718,0.8042082190513611
YNL124W,YLR272C,0,,0.11047152429819107,0.998892605304718,0.8043189644813538
YHR001W,YGL077C,0,,0.11045799404382706,0.998892605304718,0.8044296503067017
YPL227C,YJL137C,0,,0.11044447124004364,0.998892605304718,0.8045403957366943
YDR302W,YOR130C,0,,0.11043094843626022,0.998892605304718,0.804651141166687
YDR519W,YNL329C,0,,0.1104174330830574,0.998892605304718,0.8047618865966797
YNL125C,YER157W,0,,0.11040391772985458,0.998892605304718,0.8048726320266724
YOL091W,YLL039C,0,,0.11039040237665176,0.998892605304718,0.804983377456665
YMR104C,YDL207W,0,,0.11037689447402954,0.998892605304718,0.8050941228866577
YKL084W,YOR030W,0,,0.11036339402198792,0.998892605304718,0.8052048683166504
YLR027C,YIL015W,0,,0.11034989356994629,0.998892605304718,0.8053156137466431
YDR216W,YJR152W,0,,0.11033639311790466,0.998892605304718,0.8054263591766357
YMR044W,YCR097W,0,,0.11032289266586304,0.998892605304718,0.8055371046066284
YJL051W,YDR191W,0,,0.1103094071149826,0.998892605304718,0.8056478500366211
YGL184C,YGL153W,0,,0.11029591411352158,0.998892605304718,0.8057585954666138
YKR098C,YNL087W,0,,0.11028242856264114,0.998892605304718,0.8058693408966064
YPR009W,YNL113W,0,,0.11026895046234131,0.998892605304718,0.8059800863265991
YFL052W,YEL060C,0,,0.11025547236204147,0.998892605304718,0.8060908317565918
YHR152W,YDR210W-A,0,,0.11024199426174164,0.998892605304718,0.8062015771865845
YBR018C,YGL013C,0,,0.1102285236120224,0.998892605304718,0.8063122630119324
YJL207C,YJL036W,0,,0.11021505296230316,0.998892605304718,0.806423008441925
YJR067C,YLL028W,0,,0.11020158976316452,0.998892605304718,0.8065337538719177
YPL045W,YPR058W,0,,0.11018812656402588,0.998892605304718,0.8066444993019104
YPR029C,YGL012W,0,,0.11017467081546783,0.998892605304718,0.8067552447319031
YLR132C,YNL336W,0,,0.11016121506690979,0.998892605304718,0.8068659901618958
YGL234W,YPL124W,0,,0.11014775931835175,0.998892605304718,0.8069767355918884
YAL005C,YJR144W,0,,0.1101343110203743,0.998892605304718,0.8070874810218811
YGL001C,YLR423C,0,,0.11012086272239685,0.998892605304718,0.8071982264518738
YBL045C,YPL037C,0,,0.110107421875,0.998892605304718,0.8073089718818665
YEL046C,YFR004W,0,,0.11009398102760315,0.998892605304718,0.8074197173118591
YLR144C,YBL036C,0,,0.1100805476307869,0.998892605304718,0.8075304627418518
YMR135C,YBR135W,0,,0.11006711423397064,0.998892605304718,0.8076412081718445
YML114C,YER146W,0,,0.11005368828773499,0.998892605304718,0.8077519536018372
YGR209C,YCR048W,0,,0.11004026234149933,0.998892605304718,0.8078626990318298
YLR398C,YIL103W,0,,0.11002683639526367,0.998892605304718,0.8079734444618225
YNL088W,YDR258C,0,,0.11001341789960861,0.998892605304718,0.8080841898918152
YNL300W,YGR074W,0,,0.10999999940395355,0.998892605304718,0.8081949353218079
YDR408C,YLR336C,0,,0.10998658835887909,0.998892605304718,0.8083056211471558
YIL085C,YCL026C-A,0,,0.10997317731380463,0.998892605304718,0.8084163665771484
YMR162C,YLL054C,0,,0.10995977371931076,0.998892605304718,0.8085271120071411
YEL026W,YGR261C,0,,0.1099463701248169,0.998892605304718,0.8086378574371338
YLR233C,YJR161C,0,,0.10993296653032303,0.998892605304718,0.8087486028671265
YBR083W,YMR305C,0,,0.10991957038640976,0.998892605304718,0.8088593482971191
YIL016W,YOR100C,0,,0.10990617424249649,0.998892605304718,0.8089700937271118
YGR132C,YCR097W,0,,0.10989278554916382,0.998892605304718,0.8090808391571045
YPR183W,YMR323W,0,,0.10987940430641174,0.998892605304718,0.8091915845870972
YNL323W,YMR251W-A,0,,0.10986601561307907,0.998892605304718,0.8093023300170898
YPL170W,YPL270W,0,,0.109852634370327,0.998892605304718,0.8094130754470825
YIL031W,YMR060C,0,,0.10983926057815552,0.998892605304718,0.8095238208770752
YOR035C,YML014W,0,,0.10982588678598404,0.998892605304718,0.8096345663070679
YNL275W,YDR264C,0,,0.10981251299381256,0.998892605304718,0.8097453117370605
YHR124W,YNR049C,0,,0.10979914665222168,0.998892605304718,0.8098560571670532
YLR406C,YBL050W,0,,0.1097857803106308,0.998892605304718,0.8099668025970459
YMR119W,YMR190C,0,,0.10977242141962051,0.998892605304718,0.8100775480270386
YOL033W,YDR206W,0,,0.10975906252861023,0.998892605304718,0.8101882338523865
YBL084C,YGL255W,0,,0.10974571108818054,0.998892605304718,0.8102989792823792
YER160C,YBL019W,0,,0.10973235964775085,0.998892605304718,0.8104097247123718
YNL090W,YOL058W,0,,0.10971901565790176,0.998892605304718,0.8105204701423645
YGR277C,YDL191W,0,,0.10970566421747208,0.998892605304718,0.8106312155723572
YGL134W,YBL097W,0,,0.10969232767820358,0.998892605304718,0.8107419610023499
YCR027C,YPR112C,0,,0.10967899113893509,0.998892605304718,0.8108527064323425
YBL005W-A,YKR065C,0,,0.1096656545996666,0.998892605304718,0.8109634518623352
YPR058W,YDR210W-A,0,,0.1096523255109787,0.998892605304718,0.8110741972923279
YGL099W,YKR039W,0,,0.1096389964222908,0.998892605304718,0.8111849427223206
YIR007W,YLL042C,0,,0.1096256673336029,0.998892605304718,0.8112956881523132
YLR398C,YDR538W,0,,0.1096123456954956,0.998892605304718,0.8114064335823059
YPR185W,YNL197C,0,,0.1095990315079689,0.998892605304718,0.8115171790122986
YDR034C-D,YIL023C,0,,0.1095857098698616,0.998892605304718,0.8116279244422913
YDL159W,YOR321W,0,,0.1095724031329155,0.998892605304718,0.8117386698722839
YML123C,YOR028C,0,,0.1095590889453888,0.998892605304718,0.8118494153022766
YMR189W,YGL044C,0,,0.10954578220844269,0.998892605304718,0.8119601607322693
YIL023C,YDR480W,0,,0.10953248292207718,0.998892605304718,0.8120708465576172
YCL045C,YGR108W,0,,0.10951918363571167,0.998892605304718,0.8121815919876099
YNL024C-A,YHR123W,0,,0.10950588434934616,0.998892605304718,0.8122923374176025
YFL016C,YDR452W,0,,0.10949259251356125,0.998892605304718,0.8124030828475952
YDL207W,YAL055W,0,,0.10947930812835693,0.998892605304718,0.8125138282775879
YBL004W,YLR210W,0,,0.10946601629257202,0.998892605304718,0.8126245737075806
YNL252C,YOR367W,0,,0.1094527393579483,0.998892605304718,0.8127353191375732
YER018C,YOR367W,0,,0.10943945497274399,0.998892605304718,0.8128460645675659
YBR290W,YIL168W,0,,0.10942617803812027,0.998892605304718,0.8129568099975586
YPL275W,YLR095C,0,,0.10941290855407715,0.998892605304718,0.8130675554275513
YPR181C,YBR221C,0,,0.10939963907003403,0.998892605304718,0.813178300857544
YAR050W,YFR004W,0,,0.1093863695859909,0.998892605304718,0.8132890462875366
YMR119W,YOL119C,0,,0.10937310755252838,0.998892605304718,0.8133997917175293
YLR148W,YPL275W,0,,0.10935984551906586,0.998892605304718,0.813510537147522
YDR324C,YGR261C,0,,0.10934659093618393,0.998892605304718,0.8136212825775146
YAR003W,YKL157W,0,,0.109333336353302,0.998892605304718,0.8137320280075073
YHL009C,YPL066W,0,,0.10932008177042007,0.998892605304718,0.8138427734375
YPL242C,YBR039W,0,,0.10930683463811874,0.998892605304718,0.8139534592628479
YPL164C,YLR388W,0,,0.10929358750581741,0.998892605304718,0.8140642046928406
YJL010C,YJR105W,0,,0.10928034782409668,0.998892605304718,0.8141749501228333
YDL064W,YFL002C,0,,0.10926710814237595,0.998892605304718,0.8142856955528259
YBR298C,YLL036C,0,,0.10925387591123581,0.998892605304718,0.8143964409828186
YOR367W,YOR133W,0,,0.10924064368009567,0.998892605304718,0.8145071864128113
YPR103W,YGL054C,0,,0.10922741889953613,0.998892605304718,0.814617931842804
YKL086W,YDR017C,0,,0.10921419411897659,0.998892605304718,0.8147286772727966
YDR147W,YJL093C,0,,0.10920096933841705,0.998892605304718,0.8148394227027893
YHR104W,YGL033W,0,,0.10918775200843811,0.998892605304718,0.814950168132782
YCL062W,YLR319C,0,,0.10917453467845917,0.998892605304718,0.8150609135627747
YBL036C,YPL124W,0,,0.10916132479906082,0.998892605304718,0.8151716589927673
YBR126C,YLR077W,0,,0.10914811491966248,0.998892605304718,0.81528240442276
YNL197C,YNR046W,0,,0.10913490504026413,0.998892605304718,0.8153931498527527
YKL146W,YKL137W,0,,0.10912170261144638,0.998892605304718,0.8155038952827454
YDR311W,YJL116C,0,,0.10910850018262863,0.998892605304718,0.815614640712738
YJL123C,YER039C,0,,0.10909530520439148,0.998892605304718,0.8157253861427307
YFR046C,YPL230W,0,,0.10908211022615433,0.998892605304718,0.8158361315727234
YLR205C,YNL326C,0,,0.10906892269849777,0.998892605304718,0.8159468173980713
YHR107C,YLR275W,0,,0.10905573517084122,0.998892605304718,0.816057562828064
YIL158W,YEL042W,0,,0.10904255509376526,0.998892605304718,0.8161683082580566
YPL046C,YDL222C,0,,0.1090293750166893,0.998892605304718,0.8162790536880493
YJL151C,YEL077C,0,,0.10901619493961334,0.998892605304718,0.816389799118042
YFR046C,YLR027C,0,,0.10900302231311798,0.998892605304718,0.8165005445480347
YBL046W,YER004W,0,,0.10898984968662262,0.998892605304718,0.8166112899780273
YMR278W,YKL157W,0,,0.10897668451070786,0.998892605304718,0.81672203540802
YFL050C,YML062C,0,,0.10896351933479309,0.998892605304718,0.8168327808380127
YNL067W,YBL009W,0,,0.10895035415887833,0.998892605304718,0.8169435262680054
YDL042C,YLL032C,0,,0.10893719643354416,0.998892605304718,0.817054271697998
YHL009W-A,YER004W,0,,0.10892404615879059,0.998892605304718,0.8171650171279907
YPL032C,YGL008C,0,,0.10891088843345642,0.998892605304718,0.8172757625579834
YNL275W,YMR167W,0,,0.10889774560928345,0.998892605304718,0.8173865079879761
YJR095W,YML029W,0,,0.10888459533452988,0.998892605304718,0.8174972534179688
YBR132C,YJL091C,0,,0.1088714525103569,0.998892605304718,0.8176079988479614
YLR298C,YMR083W,0,,0.10885831713676453,0.998892605304718,0.8177187442779541
YNL323W,YDR210W-A,0,,0.10884518176317215,0.998892605304718,0.817829430103302
YKL163W,YNL275W,0,,0.10883204638957977,0.998892605304718,0.8179401755332947
YLR332W,YPR094W,0,,0.108818918466568,0.998892605304718,0.8180509209632874
YGL124C,YNR039C,0,,0.10880579054355621,0.998892605304718,0.81816166639328
YHR134W,YML118W,0,,0.10879267007112503,0.998892605304718,0.8182724118232727
YMR021C,YLR398C,0,,0.10877954959869385,0.998892605304718,0.8183831572532654
YER004W,YPL008W,0,,0.10876642912626266,0.998892605304718,0.8184939026832581
YJR152W,YBL003C,0,,0.10875331610441208,0.998892605304718,0.8186046481132507
YJR161C,YIL114C,0,,0.10874020308256149,0.998892605304718,0.8187153935432434
YNR073C,YBR008C,0,,0.1087270975112915,0.998892605304718,0.8188261389732361
YIL066C,YMR113W,0,,0.10871399194002151,0.998892605304718,0.8189368844032288
YDL212W,YFL024C,0,,0.10870089381933212,0.998892605304718,0.8190476298332214
YLR144C,YLR368W,0,,0.10868779569864273,0.998892605304718,0.8191583752632141
YLR157C-A,YPR165W,0,,0.10867469757795334,0.998892605304718,0.8192691206932068
YJL139C,YMR170C,0,,0.10866160690784454,0.998892605304718,0.8193798661231995
YOL089C,YOR077W,0,,0.10864851623773575,0.998892605304718,0.8194906115531921
YML123C,YHR045W,0,,0.10863543301820755,0.998892605304718,0.8196013569831848
YKL071W,YMR030W,0,,0.10862234979867935,0.998892605304718,0.8197120428085327
YHR141C,YHR203C,0,,0.10860927402973175,0.998892605304718,0.8198227882385254
YKR080W,YDL150W,0,,0.10859619826078415,0.998892605304718,0.8199335336685181
YGL055W,YOR140W,0,,0.10858312249183655,0.998892605304718,0.8200442790985107
YOL097C,YLR378C,0,,0.10857005417346954,0.998892605304718,0.8201550245285034
YDR307W,YJR067C,0,,0.10855698585510254,0.998892605304718,0.8202657699584961
YHR045W,YLR308W,0,,0.10854392498731613,0.998892605304718,0.8203765153884888
YGL043W,YDR258C,0,,0.10853086411952972,0.998892605304718,0.8204872608184814
YLL039C,YOL041C,0,,0.10851780325174332,0.998892605304718,0.8205980062484741
YDR016C,YBR236C,0,,0.1085047498345375,0.998892605304718,0.8207087516784668
YIR003W,YBL066C,0,,0.10849170386791229,0.998892605304718,0.8208194971084595
YNL152W,YOR030W,0,,0.10847865045070648,0.998892605304718,0.8209302425384521
YDL194W,YJL137C,0,,0.10846561193466187,0.998892605304718,0.8210409879684448
YDR001C,YNL093W,0,,0.10845256596803665,0.998892605304718,0.8211517333984375
YCR088W,YGR140W,0,,0.10843952745199203,0.998892605304718,0.8212624788284302
YNL222W,YMR244C-A,0,,0.10842649638652802,0.998892605304718,0.8213732242584229
YBL066C,YDR484W,0,,0.1084134578704834,0.998892605304718,0.8214839696884155
YOR190W,YBL002W,0,,0.10840043425559998,0.998892605304718,0.8215946555137634
YBR126C,YLR298C,0,,0.10838740319013596,0.998892605304718,0.8217054009437561
YDR348C,YBR167C,0,,0.10837438702583313,0.998892605304718,0.8218161463737488
YER018C,YHL009W-A,0,,0.10836136341094971,0.998892605304718,0.8219268918037415
YHR183W,YML007W,0,,0.10834834724664688,0.998892605304718,0.8220376372337341
YBR179C,YOR022C,0,,0.10833533853292465,0.998892605304718,0.8221483826637268
YKL112W,YKL216W,0,,0.10832232236862183,0.998892605304718,0.8222591280937195
YMR116C,YJR044C,0,,0.1083093211054802,0.998892605304718,0.8223698735237122
YER019W,YDL178W,0,,0.10829631239175797,0.998892605304718,0.8224806189537048
YGR033C,YKR092C,0,,0.10828331112861633,0.998892605304718,0.8225913643836975
YJL184W,YMR162C,0,,0.1082703173160553,0.998892605304718,0.8227021098136902
YMR104C,YBR167C,0,,0.10825732350349426,0.998892605304718,0.8228128552436829
YGL156W,YER074W-A,0,,0.10824432969093323,0.998892605304718,0.8229236006736755
YJL145W,YPL069C,0,,0.10823134332895279,0.998892605304718,0.8230343461036682
YDR214W,YER004W,0,,0.10821835696697235,0.998892605304718,0.8231450915336609
YJL184W,YDL214C,0,,0.10820537060499191,0.998892605304718,0.8232558369636536
YKL096W,YPR056W,0,,0.10819239169359207,0.998892605304718,0.8233665823936462
YGR257C,YLR310C,0,,0.10817942023277283,0.998892605304718,0.8234772682189941
YJL123C,YJR056C,0,,0.10816644877195358,0.998892605304718,0.8235880136489868
YOR064C,YBL101C,0,,0.10815347731113434,0.998892605304718,0.8236987590789795
YBR084C-A,YBL101C,0,,0.10814051330089569,0.998892605304718,0.8238095045089722
YHR115C,YEL046C,0,,0.10812754929065704,0.998892605304718,0.8239202499389648
YMR291W,YOR298C-A,0,,0.1081145852804184,0.998892605304718,0.8240309953689575
YNL169C,YDL058W,0,,0.10810162872076035,0.998892605304718,0.8241417407989502
YFR009W,YGR284C,0,,0.1080886721611023,0.998892605304718,0.8242524862289429
YDR027C,YPL020C,0,,0.10807572305202484,0.998892605304718,0.8243632316589355
YHR039C,YPL084W,0,,0.10806277394294739,0.998892605304718,0.8244739770889282
YJL207C,YNL305C,0,,0.10804983228445053,0.998892605304718,0.8245847225189209
YIR021W,YPL108W,0,,0.10803689062595367,0.998892605304718,0.8246954679489136
YPL211W,YHR018C,0,,0.10802394896745682,0.998892605304718,0.8248062133789062
YMR116C,YAL014C,0,,0.10801101475954056,0.998892605304718,0.8249169588088989
YNL126W,YJL042W,0,,0.1079980880022049,0.998892605304718,0.8250277042388916
YNR026C,YDL104C,0,,0.10798515379428864,0.998892605304718,0.8251384496688843
YBL040C,YGL175C,0,,0.10797222703695297,0.998892605304718,0.825249195098877
YLR110C,YPL192C,0,,0.1079593077301979,0.998892605304718,0.8253599405288696
YDR155C,YNL225C,0,,0.10794638842344284,0.998892605304718,0.8254706263542175
YBR265W,YOR295W,0,,0.10793346911668777,0.998892605304718,0.8255813717842102
YDR488C,YML014W,0,,0.1079205572605133,0.998892605304718,0.8256921172142029
YJL010C,YGR161C-C,0,,0.10790764540433884,0.998892605304718,0.8258028626441956
YLR178C,YLL054C,0,,0.10789473354816437,0.998892605304718,0.8259136080741882
YDL103C,YJL115W,0,,0.1078818291425705,0.998892605304718,0.8260243535041809
YHR079C-A,YLR406C,0,,0.10786893218755722,0.998892605304718,0.8261350989341736
YKL096W,YPR103W,0,,0.10785603523254395,0.998892605304718,0.8262458443641663
YDR477W,YDR255C,0,,0.10784313827753067,0.998892605304718,0.8263565897941589
YML114C,YKL139W,0,,0.10783024877309799,0.998892605304718,0.8264673352241516
YOL130W,YOL077W-A,0,,0.10781735926866531,0.998892605304718,0.8265780806541443
YOL091W,YPR140W,0,,0.10780446976423264,0.998892605304718,0.826688826084137
YBR079C,YDR352W,0,,0.10779158771038055,0.998892605304718,0.8267995715141296
YGL002W,YDL014W,0,,0.10777870565652847,0.998892605304718,0.8269103169441223
YHR072W,YGR231C,0,,0.10776583105325699,0.998892605304718,0.827021062374115
YEL063C,YOR328W,0,,0.1077529564499855,0.998892605304718,0.8271318078041077
YMR214W,YDL188C,0,,0.10774008929729462,0.998892605304718,0.8272425532341003
YLR262C,YJL139C,0,,0.10772722214460373,0.998892605304718,0.8273532390594482
YLR225C,YBL005W-A,0,,0.10771435499191284,0.998892605304718,0.8274639844894409
YBR077C,YLR449W,0,,0.10770149528980255,0.998892605304718,0.8275747299194336
YGL124C,YIL073C,0,,0.10768863558769226,0.998892605304718,0.8276854753494263
YMR288W,YBL009W,0,,0.10767577588558197,0.998892605304718,0.827796220779419
YDR294C,YOL068C,0,,0.10766292363405228,0.998892605304718,0.8279069662094116
YIL158W,YFL034C-A,0,,0.10765007883310318,0.998892605304718,0.8280177116394043
YOR115C,YCR042C,0,,0.10763723403215408,0.998892605304718,0.828128457069397
YPR020W,YOL089C,0,,0.10762438923120499,0.998892605304718,0.8282392024993896
YJR090C,YER183C,0,,0.10761155188083649,0.998892605304718,0.8283499479293823
YNL300W,YGL134W,0,,0.10759871453046799,0.998892605304718,0.828460693359375
YMR106C,YGR027W-A,0,,0.10758587718009949,0.998892605304718,0.8285714387893677
YDR346C,YPR058W,0,,0.10757304728031158,0.998892605304718,0.8286821842193604
YCR069W,YIL050W,0,,0.10756021738052368,0.998892605304718,0.828792929649353
YPL212C,YOR293W,0,,0.10754739493131638,0.998892605304718,0.8289036750793457
YGR028W,YKR039W,0,,0.10753457248210907,0.998892605304718,0.8290144205093384
YLR398C,YOR083W,0,,0.10752175748348236,0.998892605304718,0.829125165939331
YKR060W,YMR162C,0,,0.10750894248485565,0.998892605304718,0.829235851764679
YHL002W,YBR044C,0,,0.10749612748622894,0.998892605304718,0.8293465971946716
YKL213C,YMR305C,0,,0.10748331993818283,0.998892605304718,0.8294573426246643
YLR051C,YDR156W,0,,0.10747051239013672,0.998892605304718,0.829568088054657
YPL081W,YGL156W,0,,0.1074577048420906,0.998892605304718,0.8296788334846497
YPR151C,YLR095C,0,,0.10744490474462509,0.998892605304718,0.8297895789146423
YKR092C,YMR058W,0,,0.10743211209774017,0.998892605304718,0.829900324344635
YNL225C,YER160C,0,,0.10741931945085526,0.998892605304718,0.8300110697746277
YIL010W,YER075C,0,,0.10740652680397034,0.998892605304718,0.8301218152046204
YDR237W,YLR449W,0,,0.10739373415708542,0.998892605304718,0.830232560634613
YMR079W,YPL187W,0,,0.1073809489607811,0.998892605304718,0.8303433060646057
YOR362C,YOR064C,0,,0.10736817121505737,0.998892605304718,0.8304540514945984
YKL035W,YGR041W,0,,0.10735539346933365,0.998892605304718,0.8305647969245911
YMR202W,YPL249C,0,,0.10734261572360992,0.998892605304718,0.8306755423545837
YBL097W,YBR199W,0,,0.1073298454284668,0.998892605304718,0.8307862877845764
YKL120W,YOR375C,0,,0.10731707513332367,0.998892605304718,0.8308970332145691
YKL163W,YBR239C,0,,0.10730430483818054,0.998892605304718,0.8310077786445618
YDR484W,YOR122C,0,,0.10729154199361801,0.998892605304718,0.8311184644699097
YBR073W,YLR341W,0,,0.10727877914905548,0.998892605304718,0.8312292098999023
YFL024C,YML072C,0,,0.10726602375507355,0.998892605304718,0.831339955329895
YDR225W,YJL207C,0,,0.10725326836109161,0.998892605304718,0.8314507007598877
YBL050W,YPL023C,0,,0.10724052041769028,0.998892605304718,0.8315614461898804
YJL159W,YMR067C,0,,0.10722777247428894,0.998892605304718,0.831672191619873
YML126C,YGL008C,0,,0.1072150245308876,0.998892605304718,0.8317829370498657
YDR294C,YHR032W,0,,0.10720228403806686,0.998892605304718,0.8318936824798584
YLR423C,YDR001C,0,,0.10718954354524612,0.998892605304718,0.8320044279098511
YDL155W,YPL241C,0,,0.10717680305242538,0.998892605304718,0.8321151733398438
YNL075W,YJL160C,0,,0.10716407001018524,0.998892605304718,0.8322259187698364
YNL148C,YCR003W,0,,0.1071513444185257,0.998892605304718,0.8323366641998291
YLR272C,YOR198C,0,,0.10713861137628555,0.998892605304718,0.8324474096298218
YDR408C,YKR003W,0,,0.1071258932352066,0.998892605304718,0.8325581550598145
YMR106C,YLR133W,0,,0.10711316764354706,0.998892605304718,0.8326689004898071
YNL209W,YGL043W,0,,0.10710044950246811,0.998892605304718,0.8327796459197998
YKL163W,YOR122C,0,,0.10708773881196976,0.998892605304718,0.8328903913497925
YNL064C,YIL091C,0,,0.10707502067089081,0.998892605304718,0.8330011367797852
YGL145W,YIL114C,0,,0.10706231743097305,0.998892605304718,0.8331118226051331
YDR104C,YGR098C,0,,0.1070496067404747,0.998892605304718,0.8332225680351257
YGR166W,YLR308W,0,,0.10703690350055695,0.998892605304718,0.8333333134651184
YFL053W,YDR540C,0,,0.10702420771121979,0.998892605304718,0.8334440588951111
YIL067C,YGL008C,0,,0.10701150447130203,0.998892605304718,0.8335548043251038
YDL194W,YDR541C,0,,0.10699881613254547,0.998892605304718,0.8336655497550964
YLR240W,YGL032C,0,,0.10698612034320831,0.998892605304718,0.8337762951850891
YDR180W,YNL106C,0,,0.10697343200445175,0.998892605304718,0.8338870406150818
YMR121C,YDL014W,0,,0.10696075111627579,0.998892605304718,0.8339977860450745
YKL101W,YML093W,0,,0.10694807022809982,0.998892605304718,0.8341085314750671
YOR298C-A,YHR176W,0,,0.10693538933992386,0.998892605304718,0.8342192769050598
YPL003W,YML072C,0,,0.10692271590232849,0.998892605304718,0.8343300223350525
YJL047C,YKL211C,0,,0.10691004246473312,0.998892605304718,0.8344407677650452
YER019W,YJR113C,0,,0.10689736902713776,0.998892605304718,0.8345515131950378
YBR021W,YDL092W,0,,0.10688470304012299,0.998892605304718,0.8346622586250305
YFR046C,YPL066W,0,,0.10687203705310822,0.998892605304718,0.8347730040550232
YML014W,YLR022C,0,,0.10685937851667404,0.998892605304718,0.8348837494850159
YOR321W,YIL114C,0,,0.10684671998023987,0.998892605304718,0.8349944353103638
YBL046W,YHR003C,0,,0.1068340614438057,0.998892605304718,0.8351051807403564
YPL012W,YDR480W,0,,0.10682141035795212,0.998892605304718,0.8352159261703491
YNL323W,YNL097C,0,,0.10680875927209854,0.998892605304718,0.8353266716003418
YHR083W,YAL042W,0,,0.10679611563682556,0.998892605304718,0.8354374170303345
YML078W,YML007W,0,,0.10678347200155258,0.998892605304718,0.8355481624603271
YBR133C,YJL036W,0,,0.1067708358168602,0.998892605304718,0.8356589078903198
YLR262C,YML110C,0,,0.10675819963216782,0.998892605304718,0.8357696533203125
YIL041W,YBR014C,0,,0.10674556344747543,0.998892605304718,0.8358803987503052
YBR021W,YJR014W,0,,0.10673293471336365,0.998892605304718,0.8359911441802979
YBR235W,YGL254W,0,,0.10672030597925186,0.998892605304718,0.8361018896102905
YGR172C,YPR033C,0,,0.10670767724514008,0.998892605304718,0.8362126350402832
YIL121W,YER172C,0,,0.10669505596160889,0.998892605304718,0.8363233804702759
YCR028C-A,YLR449W,0,,0.1066824346780777,0.998892605304718,0.8364341259002686
YGL131C,YLR119W,0,,0.1066698208451271,0.998892605304718,0.8365448713302612
YDL064W,YOL044W,0,,0.10665720701217651,0.998892605304718,0.8366556167602539
YPR151C,YNL037C,0,,0.10664459317922592,0.998892605304718,0.8367663621902466
YDR322C-A,YBL067C,0,,0.10663198679685593,0.998892605304718,0.8368770480155945
YPR151C,YHR098C,0,,0.10661938786506653,0.998892605304718,0.8369877934455872
YML126C,YDL165W,0,,0.10660678148269653,0.998892605304718,0.8370985388755798
YPR029C,YJR099W,0,,0.10659418255090714,0.998892605304718,0.8372092843055725
YHR216W,YML078W,0,,0.10658159106969833,0.998892605304718,0.8373200297355652
YDL193W,YKL096W,0,,0.10656899958848953,0.998892605304718,0.8374307751655579
YNL014W,YOL058W,0,,0.10655640810728073,0.998892605304718,0.8375415205955505
YPR145W,YGL013C,0,,0.10654382407665253,0.998892605304718,0.8376522660255432
YLR342W,YJR086W,0,,0.10653124004602432,0.998892605304718,0.8377630114555359
YDL132W,YFL002C,0,,0.10651865601539612,0.998892605304718,0.8378737568855286
YER042W,YOR010C,0,,0.10650607943534851,0.998892605304718,0.8379845023155212
YPR151C,YOR298C-A,0,,0.1064935028553009,0.998892605304718,0.8380952477455139
YGR280C,YPL249C,0,,0.10648093372583389,0.998892605304718,0.8382059931755066
YLR240W,YGL002W,0,,0.10646836459636688,0.998892605304718,0.8383167386054993
YGR257C,YMR260C,0,,0.10645580291748047,0.998892605304718,0.8384274840354919
YDR446W,YML123C,0,,0.10644324123859406,0.998892605304718,0.8385382294654846
YCR067C,YNL090W,0,,0.10643067955970764,0.998892605304718,0.8386489748954773
YGR027W-A,YLL028W,0,,0.10641812533140182,0.998892605304718,0.8387596607208252
YIL073C,YNR075W,0,,0.10640557110309601,0.998892605304718,0.8388704061508179
YOR173W,YGL160W,0,,0.10639301687479019,0.998892605304718,0.8389811515808105
YPL268W,YJL137C,0,,0.10638047009706497,0.998892605304718,0.8390918970108032
YPL190C,YGL133W,0,,0.10636792331933975,0.998892605304718,0.8392026424407959
YGL001C,YNL148C,0,,0.10635538399219513,0.998892605304718,0.8393133878707886
YBL066C,YGL044C,0,,0.1063428446650505,0.998892605304718,0.8394241333007812
YGR257C,YDL194W,0,,0.10633030533790588,0.998892605304718,0.8395348787307739
YHR191C,YOR339C,0,,0.10631777346134186,0.998892605304718,0.8396456241607666
YLR376C,YBL045C,0,,0.10630524158477783,0.998892605304718,0.8397563695907593
YIL049W,YMR067C,0,,0.1062927171587944,0.998892605304718,0.839867115020752
YJR137C,YNL256W,0,,0.10628019273281097,0.998892605304718,0.8399778604507446
YGL145W,YAL047C,0,,0.10626766830682755,0.998892605304718,0.8400886058807373
YMR189W,YKL208W,0,,0.10625515133142471,0.998892605304718,0.84019935131073
YDL155W,YER160C,0,,0.10624264180660248,0.998892605304718,0.8403100967407227
YLR233C,YGR125W,0,,0.10623012483119965,0.998892605304718,0.8404208421707153
YGL124C,YMR244C-A,0,,0.10621761530637741,0.998892605304718,0.840531587600708
YML007W,YDL201W,0,,0.10620511323213577,0.998892605304718,0.8406423330307007
YDR171W,YOR083W,0,,0.10619260370731354,0.998892605304718,0.8407530188560486
YLR423C,YOR202W,0,,0.1061801090836525,0.998892605304718,0.8408637642860413
YPR103W,YNL058C,0,,0.10616760700941086,0.998892605304718,0.8409745097160339
YDL025C,YDL064W,0,,0.10615511238574982,0.998892605304718,0.8410852551460266
YNL064C,YGR041W,0,,0.10614262521266937,0.998892605304718,0.8411960005760193
YBR217W,YOL130W,0,,0.10613013058900833,0.998892605304718,0.841306746006012
YMR170C,YBL100W-A,0,,0.10611764341592789,0.998892605304718,0.8414174914360046
YIL040W,YER170W,0,,0.10610516369342804,0.998892605304718,0.8415282368659973
YDR162C,YIL031W,0,,0.10609268397092819,0.998892605304718,0.84163898229599
YDL132W,YGR128C,0,,0.10608020424842834,0.998892605304718,0.8417497277259827
YPL230W,YKL012W,0,,0.1060677319765091,0.998892605304718,0.8418604731559753
YML010W,YPL181W,0,,0.10605525970458984,0.998892605304718,0.841971218585968
YOL088C,YMR278W,0,,0.10604279488325119,0.998892605304718,0.8420819640159607
YDR147W,YBR227C,0,,0.10603033006191254,0.998892605304718,0.8421927094459534
YML111W,YMR154C,0,,0.10601786524057388,0.998892605304718,0.842303454875946
YCR068W,YPR052C,0,,0.10600540786981583,0.998892605304718,0.8424142003059387
YOR173W,YOR344C,0,,0.10599295049905777,0.998892605304718,0.8425249457359314
YOL094C,YJL159W,0,,0.10598049312829971,0.998892605304718,0.8426356315612793
YGR278W,YDR363W,0,,0.10596804320812225,0.998892605304718,0.842746376991272
YPL086C,YPL079W,0,,0.10595560073852539,0.998892605304718,0.8428571224212646
YOR210W,YKL120W,0,,0.10594315081834793,0.998892605304718,0.8429678678512573
YMR164C,YHR003C,0,,0.10593070834875107,0.998892605304718,0.84307861328125
YNR056C,YBR288C,0,,0.1059182733297348,0.998892605304718,0.8431893587112427
YIL082W-A,YKL055C,0,,0.10590583831071854,0.998892605304718,0.8433001041412354
YKL049C,YBL002W,0,,0.10589340329170227,0.998892605304718,0.843410849571228
YJL145W,YHR043C,0,,0.105880968272686,0.998892605304718,0.8435215950012207
YDR034C-D,YJR125C,0,,0.10586854815483093,0.998892605304718,0.8436323404312134
YPR061C,YEL046C,0,,0.10585612058639526,0.998892605304718,0.843743085861206
YBR290W,YDL150W,0,,0.10584370046854019,0.998892605304718,0.8438538312911987
YGL124C,YGR038W,0,,0.10583128035068512,0.998892605304718,0.8439645767211914
YKL101W,YOR339C,0,,0.10581886768341064,0.998892605304718,0.8440753221511841
YMR236W,YKL152C,0,,0.10580645501613617,0.998892605304718,0.8441860675811768
YCR102C,YHR123W,0,,0.1057940423488617,0.998892605304718,0.8442968130111694
YBR179C,YNL047C,0,,0.10578163713216782,0.998892605304718,0.8444075584411621
YNL252C,YER122C,0,,0.10576923191547394,0.998892605304718,0.84451824426651
YIL117C,YMR266W,0,,0.10575682669878006,0.998892605304718,0.8446289896965027
YOR321W,YOR256C,0,,0.10574442893266678,0.998892605304718,0.8447397351264954
YIL091C,YJL014W,0,,0.1057320386171341,0.998892605304718,0.844850480556488
YBL006C,YBL019W,0,,0.10571964085102081,0.998892605304718,0.8449612259864807
YMR116C,YAL061W,0,,0.10570725053548813,0.998892605304718,0.8450719714164734
YCL019W,YDL126C,0,,0.10569486767053604,0.998892605304718,0.8451827168464661
YER144C,YBR161W,0,,0.10568248480558395,0.998892605304718,0.8452934622764587
YDR446W,YNL058C,0,,0.10567010194063187,0.998892605304718,0.8454042077064514
YML008C,YLL023C,0,,0.10565772652626038,0.998892605304718,0.8455149531364441
YDR408C,YBR186W,0,,0.10564535111188889,0.998892605304718,0.8456256985664368
YLR406C,YNL005C,0,,0.1056329756975174,0.998892605304718,0.8457364439964294
YHR123W,YLR027C,0,,0.1056206077337265,0.998892605304718,0.8458471894264221
YLR051C,YGL077C,0,,0.10560823976993561,0.998892605304718,0.8459579348564148
YBR021W,YCR088W,0,,0.10559587925672531,0.998892605304718,0.8460686802864075
YMR214W,YPR094W,0,,0.10558351874351501,0.998892605304718,0.8461794257164001
YOL013C,YJL076W,0,,0.10557115823030472,0.998892605304718,0.8462901711463928
YPL232W,YCR043C,0,,0.10555880516767502,0.998892605304718,0.8464008569717407
YCR079W,YDL049C,0,,0.10554645210504532,0.998892605304718,0.8465116024017334
YJL210W,YAL047C,0,,0.10553410649299622,0.998892605304718,0.8466223478317261
YGR183C,YLL036C,0,,0.10552176088094711,0.998892605304718,0.8467330932617188
YJL209W,YOR073W,0,,0.10550941526889801,0.998892605304718,0.8468438386917114
YJL145W,YMR106C,0,,0.1054970771074295,0.998892605304718,0.8469545841217041
YPL211W,YJR002W,0,,0.105484738945961,0.998892605304718,0.8470653295516968
YJL010C,YBR056W,0,,0.10547240078449249,0.998892605304718,0.8471760749816895
YML062C,YHL009W-A,0,,0.10546007007360458,0.998892605304718,0.8472868204116821
YNR073C,YOR028C,0,,0.10544774681329727,0.998892605304718,0.8473975658416748
YOR128C,YPR185W,0,,0.10543541610240936,0.998892605304718,0.8475083112716675
YLR298C,YIL044C,0,,0.10542309284210205,0.998892605304718,0.8476190567016602
YBL042C,YGL245W,0,,0.10541077703237534,0.998892605304718,0.8477298021316528
YBR106W,YLR110C,0,,0.10539846122264862,0.998892605304718,0.8478405475616455
YOR256C,YER160C,0,,0.1053861454129219,0.998892605304718,0.8479512929916382
YJL138C,YPL181W,0,,0.10537382960319519,0.998892605304718,0.8480620384216309
YDR432W,YDR291W,0,,0.10536152124404907,0.998892605304718,0.8481727838516235
YCL020W,YNL256W,0,,0.10534922033548355,0.998892605304718,0.8482834696769714
YGR096W,YGR098C,0,,0.10533691197633743,0.998892605304718,0.8483942151069641
YDR142C,YNL299W,0,,0.10532461106777191,0.998892605304718,0.8485049605369568
YOL033W,YOR256C,0,,0.10531231760978699,0.998892605304718,0.8486157059669495
YDL058W,YOL058W,0,,0.10530002415180206,0.998892605304718,0.8487264513969421
YDR446W,YNL037C,0,,0.10528773069381714,0.998892605304718,0.8488371968269348
YNL186W,YOR017W,0,,0.10527544468641281,0.998892605304718,0.8489479422569275
YOR028C,YLR022C,0,,0.10526315867900848,0.998892605304718,0.8490586876869202
YDL193W,YLR298C,0,,0.10525087267160416,0.998892605304718,0.8491694331169128
YPL060C-A,YDR293C,0,,0.10523859411478043,0.998892605304718,0.8492801785469055
YMR278W,YBR008C,0,,0.1052263155579567,0.998892605304718,0.8493909239768982
YHR191C,YMR231W,0,,0.10521404445171356,0.998892605304718,0.8495016694068909
YGR195W,YDR484W,0,,0.10520177334547043,0.998892605304718,0.8496124148368835
YDR338C,YGR231C,0,,0.1051895022392273,0.998892605304718,0.8497231602668762
YFR028C,YNL030W,0,,0.10517723858356476,0.998892605304718,0.8498339056968689
YBR229C,YGL150C,0,,0.10516497492790222,0.998892605304718,0.8499446511268616
YBR019C,YPL118W,0,,0.10515271872282028,0.998892605304718,0.8500553965568542
YMR288W,YBR200W,0,,0.10514046251773834,0.998892605304718,0.8501661419868469
YJR095W,YNL075W,0,,0.1051282063126564,0.998892605304718,0.8502768278121948
YIL067C,YJL093C,0,,0.10511595755815506,0.998892605304718,0.8503875732421875
YOL033W,YBR088C,0,,0.10510370880365372,0.998892605304718,0.8504983186721802
YNL323W,YBL067C,0,,0.10509146004915237,0.998892605304718,0.8506090641021729
YGR240C,YIL015W,0,,0.10507921874523163,0.998892605304718,0.8507198095321655
YOR284W,YBR293W,0,,0.10506697744131088,0.998892605304718,0.8508305549621582
YPL060C-A,YMR291W,0,,0.10505474358797073,0.998892605304718,0.8509413003921509
YOL006C,YIL131C,0,,0.10504250973463058,0.998892605304718,0.8510520458221436
YMR190C,YKL120W,0,,0.10503027588129044,0.998892605304718,0.8511627912521362
YKL091C,YPR023C,0,,0.10501804947853088,0.998892605304718,0.8512735366821289
YDL168W,YHR062C,0,,0.10500582307577133,0.998892605304718,0.8513842821121216
YKR086W,YLL032C,0,,0.10499359667301178,0.998892605304718,0.8514950275421143
YLR144C,YGR195W,0,,0.10498137772083282,0.998892605304718,0.8516057729721069
YJR093C,YOL049W,0,,0.10496915876865387,0.998892605304718,0.8517165184020996
YDL232W,YGL133W,0,,0.10495694726705551,0.998892605304718,0.8518272638320923
YKL113C,YGR240C,0,,0.10494473576545715,0.998892605304718,0.851938009262085
YKL101W,YNL125C,0,,0.1049325242638588,0.998892605304718,0.8520487546920776
YDR293C,YJL014W,0,,0.10492032021284103,0.998892605304718,0.8521594405174255
YIL066C,YDR051C,0,,0.10490811616182327,0.998892605304718,0.8522701859474182
YPL023C,YBL100W-A,0,,0.10489591956138611,0.998892605304718,0.8523809313774109
YDR354W,YDR291W,0,,0.10488372296094894,0.998892605304718,0.8524916768074036
YBR132C,YHR196W,0,,0.10487152636051178,0.998892605304718,0.8526024222373962
YBR258C,YML033W,0,,0.10485933721065521,0.998892605304718,0.8527131676673889
YJR067C,YPR066W,0,,0.10484714806079865,0.998892605304718,0.8528239130973816
YPL212C,YER074W-A,0,,0.10483495891094208,0.998892605304718,0.8529346585273743
YER183C,YNL327W,0,,0.10482277721166611,0.998892605304718,0.8530454039573669
YPR124W,YKL193C,0,,0.10481059551239014,0.998892605304718,0.8531561493873596
YGL250W,YML069W,0,,0.10479842126369476,0.998892605304718,0.8532668948173523
YPR094W,YJL203W,0,,0.10478624701499939,0.998892605304718,0.853377640247345
YBL018C,YNL197C,0,,0.10477407276630402,0.998892605304718,0.8534883856773376
YGL011C,YEL071W,0,,0.10476190596818924,0.998892605304718,0.8535991311073303
YDL010W,YHR143W-A,0,,0.10474973917007446,0.998892605304718,0.853709876537323
YDR385W,YGL013C,0,,0.10473757237195969,0.998892605304718,0.8538206219673157
YOR094W,YJL203W,0,,0.1047254130244255,0.998892605304718,0.8539313673973083
YMR106C,YMR083W,0,,0.10471326112747192,0.998892605304718,0.8540420532226562
YPR145W,YLR119W,0,,0.10470110177993774,0.998892605304718,0.8541527986526489
YBL016W,YGL181W,0,,0.10468894988298416,0.998892605304718,0.8542635440826416
YOR056C,YER073W,0,,0.10467679798603058,0.998892605304718,0.8543742895126343
YOL039W,YNL087W,0,,0.10466465353965759,0.998892605304718,0.854485034942627
YNL072W,YDL014W,0,,0.1046525090932846,0.998892605304718,0.8545957803726196
YER069W,YCR070W,0,,0.10464037209749222,0.998892605304718,0.8547065258026123
YFL055W,YFL031W,0,,0.10462823510169983,0.998892605304718,0.854817271232605
YPL045W,YJR105W,0,,0.10461609810590744,0.998892605304718,0.8549280166625977
YLR240W,YGR215W,0,,0.10460396856069565,0.998892605304718,0.8550387620925903
YBL004W,YKL167C,0,,0.10459183901548386,0.998892605304718,0.855149507522583
YIL016W,YBR110W,0,,0.10457970947027206,0.998892605304718,0.8552602529525757
YIL158W,YIL031W,0,,0.10456758737564087,0.998892605304718,0.8553709983825684
YPR075C,YLR135W,0,,0.10455546528100967,0.998892605304718,0.855481743812561
YPL008W,YOR171C,0,,0.10454335063695908,0.998892605304718,0.8555924892425537
YHR043C,YER166W,0,,0.10453122854232788,0.998892605304718,0.8557032346725464
YOR144C,YHR084W,0,,0.10451912134885788,0.998892605304718,0.8558139801025391
YDR156W,YBL100W-A,0,,0.10450700670480728,0.998892605304718,0.855924665927887
YFR051C,YKR024C,0,,0.10449489951133728,0.998892605304718,0.8560354113578796
YGL055W,YLR453C,0,,0.10448279976844788,0.998892605304718,0.8561461567878723
YDR058C,YMR052W,0,,0.10447070002555847,0.998892605304718,0.856256902217865
YHR191C,YNR039C,0,,0.10445860028266907,0.998892605304718,0.8563676476478577
YPL241C,YOR017W,0,,0.10444650053977966,0.998892605304718,0.8564783930778503
YNL224C,YDR141C,0,,0.10443440824747086,0.998892605304718,0.856589138507843
YBR290W,YNL071W,0,,0.10442232340574265,0.998892605304718,0.8566998839378357
YBR019C,YCR034W,0,,0.10441023111343384,0.998892605304718,0.8568106293678284
YEL011W,YJR002W,0,,0.10439814627170563,0.998892605304718,0.856921374797821
YMR011W,YPR112C,0,,0.10438606888055801,0.998892605304718,0.8570321202278137
YOL027C,YDR316W,0,,0.1043739840388298,0.998892605304718,0.8571428656578064
YLR307W,YLR205C,0,,0.10436191409826279,0.998892605304718,0.8572536110877991
YDL004W,YGL125W,0,,0.10434983670711517,0.998892605304718,0.8573643565177917
YPL255W,YOL113W,0,,0.10433776676654816,0.998892605304718,0.8574751019477844
YMR170C,YDR524C-B,0,,0.10432569682598114,0.998892605304718,0.8575858473777771
YKL221W,YHR018C,0,,0.10431363433599472,0.998892605304718,0.8576965928077698
YOL016C,YPL190C,0,,0.1043015718460083,0.998892605304718,0.8578073382377625
YJL092W,YKR092C,0,,0.10428951680660248,0.998892605304718,0.8579180240631104
YBL036C,YAL014C,0,,0.10427745431661606,0.998892605304718,0.858028769493103
YPL053C,YAL047C,0,,0.10426539927721024,0.998892605304718,0.8581395149230957
YOR141C,YLR229C,0,,0.10425335168838501,0.998892605304718,0.8582502603530884
YOL077W-A,YKR065C,0,,0.10424130409955978,0.998892605304718,0.858361005783081
YOR234C,YHR018C,0,,0.10422925651073456,0.998892605304718,0.8584717512130737
YGL208W,YMR170C,0,,0.10421721637248993,0.998892605304718,0.8585824966430664
YKL213C,YBR135W,0,,0.1042051762342453,0.998892605304718,0.8586932420730591
YNL186W,YMR030W,0,,0.10419313609600067,0.998892605304718,0.8588039875030518
YNR023W,YOR178C,0,,0.10418110340833664,0.998892605304718,0.8589147329330444
YEL026W,YBR199W,0,,0.10416907072067261,0.998892605304718,0.8590254783630371
YGR049W,YNL241C,0,,0.10415704548358917,0.998892605304718,0.8591362237930298
YPL227C,YBR298C,0,,0.10414502024650574,0.998892605304718,0.8592469692230225
YIL162W,YOR153W,0,,0.1041329950094223,0.998892605304718,0.8593577146530151
YFL052W,YHR026W,0,,0.10412097722291946,0.998892605304718,0.8594684600830078
YJL074C,YLR002C,0,,0.10410895943641663,0.998892605304718,0.8595792055130005
YJL154C,YFR055W,0,,0.10409694164991379,0.998892605304718,0.8596899509429932
YDR408C,YPL228W,0,,0.10408493131399155,0.998892605304718,0.8598006367683411
YPR145W,YPL192C,0,,0.1040729209780693,0.998892605304718,0.8599113821983337
YGL022W,YOR022C,0,,0.10406091064214706,0.998892605304718,0.8600221276283264
YGL131C,YHR032W,0,,0.10404890775680542,0.998892605304718,0.8601328730583191
YPR075C,YNL088W,0,,0.10403691232204437,0.998892605304718,0.8602436184883118
YDR180W,YGR140W,0,,0.10402490943670273,0.998892605304718,0.8603543639183044
YJR047C,YPL020C,0,,0.10401291400194168,0.998892605304718,0.8604651093482971
YKL209C,YHR102W,0,,0.10400092601776123,0.998892605304718,0.8605758547782898
YGR121C,YGL038C,0,,0.10398893058300018,0.998892605304718,0.8606866002082825
YDL042C,YFL034C-A,0,,0.10397694259881973,0.998892605304718,0.8607973456382751
YDR058C,YOL088C,0,,0.10396496206521988,0.998892605304718,0.8609080910682678
YPR183W,YOR344C,0,,0.10395298153162003,0.998892605304718,0.8610188364982605
YKL107W,YIL065C,0,,0.10394100099802017,0.998892605304718,0.8611295819282532
YIR022W,YLL036C,0,,0.10392902046442032,0.998892605304718,0.8612403273582458
YKR013W,YIR033W,0,,0.10391704738140106,0.998892605304718,0.8613510727882385
YGL254W,YBR161W,0,,0.1039050817489624,0.998892605304718,0.8614618182182312
YFL062W,YNR069C,0,,0.10389310866594315,0.998892605304718,0.8615725636482239
YDR385W,YPL162C,0,,0.10388115048408508,0.998892605304718,0.8616832494735718
YOR229W,YFR028C,0,,0.10386918485164642,0.998892605304718,0.8617939949035645
YLR174W,YHR034C,0,,0.10385722666978836,0.998892605304718,0.8619047403335571
YLR340W,YMR244C-A,0,,0.1038452684879303,0.998892605304718,0.8620154857635498
YIL049W,YMR121C,0,,0.10383331775665283,0.998892605304718,0.8621262311935425
YGL208W,YKL073W,0,,0.10382135957479477,0.998892605304718,0.8622369766235352
YGR033C,YBR127C,0,,0.1038094162940979,0.998892605304718,0.8623477220535278
YPL236C,YPR066W,0,,0.10379746556282043,0.998892605304718,0.8624584674835205
YPR020W,YCR042C,0,,0.10378552228212357,0.998892605304718,0.8625692129135132
YML069W,YGL065C,0,,0.1037735864520073,0.998892605304718,0.8626799583435059
YLR307W,YBL066C,0,,0.10376165062189102,0.998892605304718,0.8627907037734985
YLR242C,YBR056W,0,,0.10374971479177475,0.998892605304718,0.8629014492034912
YOL001W,YDL156W,0,,0.10373777896165848,0.998892605304718,0.8630121946334839
YNL126W,YDL194W,0,,0.1037258505821228,0.998892605304718,0.8631229400634766
YNL323W,YPL255W,0,,0.10371392220258713,0.998892605304718,0.8632336854934692
YPR004C,YNL265C,0,,0.10370200127363205,0.998892605304718,0.8633444309234619
YBR077C,YCR043C,0,,0.10369008034467697,0.998892605304718,0.8634551763534546
YDR225W,YLL010C,0,,0.1036781594157219,0.998892605304718,0.8635658621788025
YJL123C,YGL254W,0,,0.10366624593734741,0.998892605304718,0.8636766076087952
YBR290W,YLR342W,0,,0.10365433245897293,0.998892605304718,0.8637873530387878
YOR153W,YBR167C,0,,0.10364241898059845,0.998892605304718,0.8638980984687805
YKR013W,YGR038C-B,0,,0.10363051295280457,0.998892605304718,0.8640088438987732
YOL006C,YBR004C,0,,0.10361860692501068,0.998892605304718,0.8641195893287659
YPL232W,YHR019C,0,,0.1036067083477974,0.998892605304718,0.8642303347587585
YNL069C,YGL133W,0,,0.1035948097705841,0.998892605304718,0.8643410801887512
YAL009W,YMR305C,0,,0.10358291119337082,0.998892605304718,0.8644518256187439
YER011W,YDR210W-A,0,,0.10357102006673813,0.998892605304718,0.8645625710487366
YCR071C,YOL089C,0,,0.10355912894010544,0.998892605304718,0.8646733164787292
YIR033W,YAL055W,0,,0.10354723781347275,0.998892605304718,0.8647840619087219
YDR408C,YDR261C-C,0,,0.10353535413742065,0.998892605304718,0.8648948073387146
YIL066C,YNL305C,0,,0.10352347046136856,0.998892605304718,0.8650055527687073
YHL013C,YPL265W,0,,0.10351159423589706,0.998892605304718,0.8651162981987
YJR159W,YOR303W,0,,0.10349971055984497,0.998892605304718,0.8652270436286926
YBL016W,YBR298C,0,,0.10348784178495407,0.998892605304718,0.8653377890586853
YJL099W,YOR188W,0,,0.10347596555948257,0.998892605304718,0.865448534488678
YER119C,YOR295W,0,,0.10346409678459167,0.998892605304718,0.8655592203140259
YOL128C,YNL321W,0,,0.10345222800970078,0.998892605304718,0.8656699657440186
YIL041W,YER141W,0,,0.10344036668539047,0.998892605304718,0.8657807111740112
YKL146W,YNL229C,0,,0.10342850536108017,0.998892605304718,0.8658914566040039
YPR029C,YPL275W,0,,0.10341664403676987,0.998892605304718,0.8660022020339966
YDL025C,YJL115W,0,,0.10340479016304016,0.998892605304718,0.8661129474639893
YOR361C,YIL031W,0,,0.10339293628931046,0.998892605304718,0.8662236928939819
YAL005C,YOR122C,0,,0.10338108986616135,0.998892605304718,0.8663344383239746
YOL119C,YKL012W,0,,0.10336924344301224,0.998892605304718,0.8664451837539673
YLR155C,YOR339C,0,,0.10335739701986313,0.998892605304718,0.86655592918396
YBL016W,YMR236W,0,,0.10334555804729462,0.998892605304718,0.8666666746139526
YPL268W,YGL131C,0,,0.10333371162414551,0.998892605304718,0.8667774200439453
YIL085C,YDR180W,0,,0.10332188010215759,0.998892605304718,0.866888165473938
YBR070C,YMR058W,0,,0.10331004112958908,0.998892605304718,0.8669989109039307
YDR210W-D,YBR135W,0,,0.10329821705818176,0.998892605304718,0.8671096563339233
YOR362C,YOR198C,0,,0.10328638553619385,0.998892605304718,0.867220401763916
YLR138W,YCL040W,0,,0.10327456146478653,0.998892605304718,0.8673311471939087
YDL025C,YNL134C,0,,0.10326273739337921,0.998892605304718,0.8674418330192566
YOL034W,YIL110W,0,,0.1032509133219719,0.998892605304718,0.8675525784492493
YIL127C,YOR153W,0,,0.10323909670114517,0.998892605304718,0.8676633238792419
YJR129C,YBR199W,0,,0.10322728008031845,0.998892605304718,0.8677740693092346
YDL150W,YEL071W,0,,0.10321547091007233,0.998892605304718,0.8678848147392273
YJL209W,YMR162C,0,,0.1032036617398262,0.998892605304718,0.86799556016922
YGL224C,YPL084W,0,,0.10319185256958008,0.998892605304718,0.8681063055992126
YNR063W,YBR288C,0,,0.10318005084991455,0.998892605304718,0.8682170510292053
YDR141C,YFR044C,0,,0.10316824913024902,0.998892605304718,0.868327796459198
YPR103W,YML065W,0,,0.1031564474105835,0.998892605304718,0.8684385418891907
YML131W,YJR159W,0,,0.10314465314149857,0.998892605304718,0.8685492873191833
YGR125W,YNL222W,0,,0.10313285887241364,0.998892605304718,0.868660032749176
YGL099W,YNL272C,0,,0.1031210720539093,0.998892605304718,0.8687707781791687
YJR161C,YKL012W,0,,0.10310928523540497,0.998892605304718,0.8688815236091614
YJR086W,YFL002C,0,,0.10309749841690063,0.998892605304718,0.868992269039154
YCL045C,YNL264C,0,,0.1030857115983963,0.998892605304718,0.8691030144691467
YDL025C,YMR024W,0,,0.10307393223047256,0.998892605304718,0.8692137598991394
YJL042W,YNR032W,0,,0.10306216031312943,0.998892605304718,0.8693244457244873
YOR298C-A,YLL032C,0,,0.10305038094520569,0.998892605304718,0.86943519115448
YER078C,YPL046C,0,,0.10303860902786255,0.998892605304718,0.8695459365844727
YDR311W,YJR137C,0,,0.1030268445611,0.998892605304718,0.8696566820144653
YIR007W,YOL039W,0,,0.10301507264375687,0.998892605304718,0.869767427444458
YEL034W,YLR229C,0,,0.10300330817699432,0.998892605304718,0.8698781728744507
YGR128C,YKR099C-A,0,,0.10299155116081238,0.998892605304718,0.8699889183044434
YKR022C,YGL179C,0,,0.10297979414463043,0.998892605304718,0.870099663734436
YDR016C,YGL224C,0,,0.10296803712844849,0.998892605304718,0.8702104091644287
YHR091C,YDR099W,0,,0.10295628011226654,0.998892605304718,0.8703211545944214
YHR050W,YGL257C,0,,0.10294453054666519,0.998892605304718,0.8704319000244141
YOR153W,YGL008C,0,,0.10293278843164444,0.998892605304718,0.8705426454544067
YKL018W,YLR424W,0,,0.10292103886604309,0.998892605304718,0.8706533908843994
YGL055W,YBR154C,0,,0.10290929675102234,0.998892605304718,0.8707641363143921
YGL234W,YDR266C,0,,0.10289756208658218,0.998892605304718,0.8708748817443848
YMR021C,YJR044C,0,,0.10288581997156143,0.998892605304718,0.8709856271743774
YBR073W,YIR008C,0,,0.10287408530712128,0.998892605304718,0.8710963726043701
YDL188C,YFR004W,0,,0.10286235809326172,0.998892605304718,0.871207058429718
YLR157C-A,YAR071W,0,,0.10285062342882156,0.998892605304718,0.8713178038597107
YMR121C,YOR205C,0,,0.1028389036655426,0.998892605304718,0.8714285492897034
YLR336C,YNL256W,0,,0.10282717645168304,0.998892605304718,0.871539294719696
YNL245C,YPR181C,0,,0.10281545668840408,0.998892605304718,0.8716500401496887
YBL036C,YER074W-A,0,,0.10280373692512512,0.998892605304718,0.8717607855796814
YNL139C,YGR048W,0,,0.10279202461242676,0.998892605304718,0.8718715310096741
YBR139W,YOR188W,0,,0.1027803122997284,0.998892605304718,0.8719822764396667
YDR314C,YNL326C,0,,0.10276859998703003,0.998892605304718,0.8720930218696594
YDL079C,YGR240C,0,,0.10275689512491226,0.998892605304718,0.8722037672996521
YJL018W,YBL018C,0,,0.1027451902627945,0.998892605304718,0.8723145127296448
YPL232W,YGL032C,0,,0.10273348540067673,0.998892605304718,0.8724252581596375
YHR187W,YJL139C,0,,0.10272178798913956,0.998892605304718,0.8725360035896301
YOL027C,YGL257C,0,,0.10271009057760239,0.998892605304718,0.8726467490196228
YPL162C,YIL114C,0,,0.10269839316606522,0.998892605304718,0.8727574944496155
YLR128W,YOR005C,0,,0.10268670320510864,0.998892605304718,0.8728682398796082
YNL090W,YGL054C,0,,0.10267501324415207,0.998892605304718,0.8729789853096008
YPR023C,YJR007W,0,,0.10266333073377609,0.998892605304718,0.8730897307395935
YKL091C,YLR298C,0,,0.10265164077281952,0.998892605304718,0.8732004165649414
YHR062C,YNL005C,0,,0.10263996571302414,0.998892605304718,0.8733111619949341
YBL018C,YBL105C,0,,0.10262828320264816,0.998892605304718,0.8734219074249268
YBR216C,YOR033C,0,,0.10261660814285278,0.998892605304718,0.8735326528549194
YKL096W,YOL113W,0,,0.102604940533638,0.998892605304718,0.8736433982849121
YGR257C,YML025C,0,,0.10259326547384262,0.998892605304718,0.8737541437149048
YJL210W,YHR200W,0,,0.10258159786462784,0.998892605304718,0.8738648891448975
YNL152W,YMR271C,0,,0.10256993770599365,0.998892605304718,0.8739756345748901
YGL130W,YGL020C,0,,0.10255827009677887,0.998892605304718,0.8740863800048828
YOR256C,YOR198C,0,,0.10254660993814468,0.998892605304718,0.8741971254348755
YIL097W,YPL270W,0,,0.1025349572300911,0.998892605304718,0.8743078708648682
YGR074W,YCR043C,0,,0.10252329707145691,0.998892605304718,0.8744186162948608
YGR275W,YML033W,0,,0.10251165181398392,0.998892605304718,0.8745293617248535
YCL019W,YPR112C,0,,0.10249999910593033,0.998892605304718,0.8746401071548462
YFL016C,YNL148C,0,,0.10248835384845734,0.998892605304718,0.8747508525848389
YNL002C,YPL072W,0,,0.10247670859098434,0.998892605304718,0.8748615980148315
YMR190C,YGL044C,0,,0.10246507078409195,0.998892605304718,0.8749723434448242
YGR198W,YOR028C,0,,0.10245343297719955,0.998892605304718,0.8750830292701721
YJL028W,YLR089C,0,,0.10244179517030716,0.998892605304718,0.8751937747001648
YMR202W,YLR003C,0,,0.10243016481399536,0.998892605304718,0.8753045201301575
YNL275W,YGR206W,0,,0.10241852700710297,0.998892605304718,0.8754152655601501
YHR107C,YER074W-A,0,,0.10240690410137177,0.998892605304718,0.8755260109901428
YIL082W-A,YPR065W,0,,0.10239528119564056,0.998892605304718,0.8756367564201355
YEL011W,YHR166C,0,,0.10238365828990936,0.998892605304718,0.8757475018501282
YKL049C,YJL203W,0,,0.10237203538417816,0.998892605304718,0.8758582472801208
YKL071W,YDL122W,0,,0.10236041992902756,0.998892605304718,0.8759689927101135
YMR278W,YCR020W-B,0,,0.10234880447387695,0.998892605304718,0.8760797381401062
YNL083W,YNL047C,0,,0.10233718901872635,0.998892605304718,0.8761904835700989
YKL112W,YFL024C,0,,0.10232558101415634,0.998892605304718,0.8763012290000916
YEL047C,YBL071W-A,0,,0.10231397300958633,0.998892605304718,0.8764119744300842
YOL017W,YOR284W,0,,0.10230237245559692,0.998892605304718,0.8765227198600769
YNL053W,YBR102C,0,,0.10229077190160751,0.998892605304718,0.8766334652900696
YDR294C,YIR008C,0,,0.1022791713476181,0.998892605304718,0.8767442107200623
YBR161W,YJL076W,0,,0.10226757079362869,0.998892605304718,0.8768549561500549
YOL094C,YLR332W,0,,0.10225597769021988,0.998892605304718,0.8769656419754028
YIL049W,YBR244W,0,,0.10224439203739166,0.998892605304718,0.8770763874053955
YHL009C,YBR126C,0,,0.10223279893398285,0.998892605304718,0.8771871328353882
YGR161C-C,YPL069C,0,,0.10222121328115463,0.998892605304718,0.8772978782653809
YPR121W,YMR067C,0,,0.10220963507890701,0.998892605304718,0.8774086236953735
YNL139C,YLL023C,0,,0.1021980494260788,0.998892605304718,0.8775193691253662
YBR234C,YJL138C,0,,0.10218647122383118,0.998892605304718,0.8776301145553589
YER003C,YML029W,0,,0.10217490047216415,0.998892605304718,0.8777408599853516
YPR075C,YOR362C,0,,0.10216332226991653,0.998892605304718,0.8778516054153442
YGR013W,YPL046C,0,,0.10215175896883011,0.998892605304718,0.8779623508453369
YHL018W,YML058W,0,,0.10214018821716309,0.998892605304718,0.8780730962753296
YKL213C,YJR113C,0,,0.10212862491607666,0.998892605304718,0.8781838417053223
YKL055C,YLR178C,0,,0.10211706161499023,0.998892605304718,0.8782945871353149
YGR090W,YGL065C,0,,0.10210549831390381,0.998892605304718,0.8784053325653076
YGR257C,YDR123C,0,,0.10209394246339798,0.998892605304718,0.8785160779953003
YGR198W,YDR363W,0,,0.10208238661289215,0.998892605304718,0.878626823425293
YIL049W,YGR067C,0,,0.10207083821296692,0.998892605304718,0.8787375688552856
YJL093C,YLR119W,0,,0.10205928981304169,0.998892605304718,0.8788482546806335
YIL066C,YGR203W,0,,0.10204774141311646,0.998892605304718,0.8789590001106262
YNL305C,YER166W,0,,0.10203620046377182,0.998892605304718,0.8790697455406189
YCL062W,YER011W,0,,0.10202465951442719,0.998892605304718,0.8791804909706116
YDR191W,YDL092W,0,,0.10201311856508255,0.998892605304718,0.8792912364006042
YBR290W,YNL272C,0,,0.10200158506631851,0.998892605304718,0.8794019818305969
YGR163W,YIL114C,0,,0.10199005156755447,0.998892605304718,0.8795127272605896
YLR388W,YPR101W,0,,0.10197851806879044,0.998892605304718,0.8796234726905823
YER039C,YLR362W,0,,0.101966992020607,0.998892605304718,0.879734218120575
YGR128C,YKL065C,0,,0.10195546597242355,0.998892605304718,0.8798449635505676
YDR216W,YNL090W,0,,0.10194393992424011,0.998892605304718,0.8799557089805603
YML131W,YGR087C,0,,0.10193242132663727,0.998892605304718,0.880066454410553
YDL020C,YER042W,0,,0.10192090272903442,0.998892605304718,0.8801771998405457
YHR112C,YIL122W,0,,0.10190939158201218,0.998892605304718,0.8802879452705383
YLR307W,YNL106C,0,,0.10189787298440933,0.998892605304718,0.880398690700531
YNL126W,YBR136W,0,,0.10188636928796768,0.998892605304718,0.8805094361305237
YDR123C,YCR097W,0,,0.10187485814094543,0.998892605304718,0.8806201815605164
YHR039C,YFL031W,0,,0.10186335444450378,0.998892605304718,0.8807308673858643
YHR107C,YML029W,0,,0.10185185074806213,0.998892605304718,0.8808416128158569
YGR215W,YHR084W,0,,0.10184035450220108,0.998892605304718,0.8809523582458496
YLR431C,YOR198C,0,,0.10182885825634003,0.998892605304718,0.8810631036758423
YML069W,YCR089W,0,,0.10181736201047897,0.998892605304718,0.881173849105835
YLR393W,YGR209C,0,,0.10180586576461792,0.998892605304718,0.8812845945358276
YDR191W,YCL027C-A,0,,0.10179437696933746,0.998892605304718,0.8813953399658203
YPR023C,YHR050W,0,,0.1017828956246376,0.998892605304718,0.881506085395813
YML007W,YIR008C,0,,0.10177140682935715,0.998892605304718,0.8816168308258057
YMR189W,YKL211C,0,,0.10175992548465729,0.998892605304718,0.8817275762557983
YDR182W,YBR106W,0,,0.10174845159053802,0.998892605304718,0.881838321685791
YHR018C,YEL009C,0,,0.10173697024583817,0.998892605304718,0.8819490671157837
YDR311W,YKL113C,0,,0.1017254963517189,0.998892605304718,0.8820598125457764
YEL055C,YOL113W,0,,0.10171402990818024,0.998892605304718,0.882170557975769
YER069W,YMR199W,0,,0.10170255601406097,0.998892605304718,0.8822813034057617
YLR070C,YGL012W,0,,0.1016910970211029,0.998892605304718,0.8823920488357544
YDR522C,YER016W,0,,0.10167963057756424,0.998892605304718,0.8825027942657471
YML029W,YDR307W,0,,0.10166817158460617,0.998892605304718,0.8826135396957397
YMR266W,YGL234W,0,,0.1016567125916481,0.998892605304718,0.8827242255210876
YJL210W,YHR203C,0,,0.10164525359869003,0.998892605304718,0.8828349709510803
YPL029W,YKL127W,0,,0.10163380205631256,0.998892605304718,0.882945716381073
YDR085C,YBR227C,0,,0.10162235051393509,0.998892605304718,0.8830564618110657
YMR052W,YNL197C,0,,0.10161090642213821,0.998892605304718,0.8831672072410583
YLR298C,YGL210W-A,0,,0.10159946233034134,0.998892605304718,0.883277952671051
YHR007C,YIL073C,0,,0.10158801823854446,0.998892605304718,0.8833886981010437
YIR013C,YLR362W,0,,0.10157657414674759,0.998892605304718,0.8834994435310364
YNL125C,YER001W,0,,0.10156513750553131,0.998892605304718,0.883610188961029
YPR018W,YOL089C,0,,0.10155370086431503,0.998892605304718,0.8837209343910217
YML111W,YPL079W,0,,0.10154227167367935,0.998892605304718,0.8838316798210144
YER039C,YDR237W,0,,0.10153084248304367,0.998892605304718,0.8839424252510071
YBL004W,YDL064W,0,,0.10151941329240799,0.998892605304718,0.8840531706809998
YDR191W,YJL050W,0,,0.1015079915523529,0.998892605304718,0.8841639161109924
YJR099W,YJL091C,0,,0.10149656981229782,0.998892605304718,0.8842746615409851
YOR171C,YIL017C,0,,0.10148514807224274,0.998892605304718,0.8843854069709778
YHR141C,YPR101W,0,,0.10147373378276825,0.998892605304718,0.8844961524009705
YLR138W,YOR073W,0,,0.10146231949329376,0.998892605304718,0.8846068382263184
YJL018W,YGL134W,0,,0.10145090520381927,0.998892605304718,0.884717583656311
YDR097C,YPL008W,0,,0.10143949836492538,0.998892605304718,0.8848283290863037
YOL094C,YNL326C,0,,0.1014280915260315,0.998892605304718,0.8849390745162964
YDR034C-D,YDR322C-A,0,,0.1014166846871376,0.998892605304718,0.8850498199462891
YMR214W,YIL158W,0,,0.10140528529882431,0.998892605304718,0.8851605653762817
YOL033W,YOR130C,0,,0.10139388591051102,0.998892605304718,0.8852713108062744
YJL145W,YHR141C,0,,0.10138248652219772,0.998892605304718,0.8853820562362671
YPL084W,YBL066C,0,,0.10137109458446503,0.998892605304718,0.8854928016662598
YLR205C,YDR540C,0,,0.10135970264673233,0.998892605304718,0.8856035470962524
YPL088W,YDL066W,0,,0.10134831815958023,0.998892605304718,0.8857142925262451
YKR060W,YDR113C,0,,0.10133692622184753,0.998892605304718,0.8858250379562378
YLR136C,YPL015C,0,,0.10132554173469543,0.998892605304718,0.8859357833862305
YLR262C,YLR256W,0,,0.10131416469812393,0.998892605304718,0.8860465288162231
YJL111W,YPL249C,0,,0.10130278766155243,0.998892605304718,0.8861572742462158
YJL204C,YBR154C,0,,0.10129141062498093,0.998892605304718,0.8862680196762085
YKR029C,YMR067C,0,,0.10128003358840942,0.998892605304718,0.8863787651062012
YBL006C,YOL130W,0,,0.10126866400241852,0.998892605304718,0.8864894509315491
YCL011C,YKR018C,0,,0.10125729441642761,0.998892605304718,0.8866001963615417
YJL099W,YDR316W,0,,0.1012459322810173,0.998892605304718,0.8867109417915344
YLR027C,YJL036W,0,,0.101234570145607,0.998892605304718,0.8868216872215271
YNL186W,YGL133W,0,,0.10122320801019669,0.998892605304718,0.8869324326515198
YPL283C,YFR044C,0,,0.10121184587478638,0.998892605304718,0.8870431780815125
YDR462W,YGR240C,0,,0.10120049118995667,0.998892605304718,0.8871539235115051
YIL157C,YJL100W,0,,0.10118914395570755,0.998892605304718,0.8872646689414978
YDL010W,YOR256C,0,,0.10117778927087784,0.998892605304718,0.8873754143714905
YMR288W,YOR115C,0,,0.10116644203662872,0.998892605304718,0.8874861598014832
YLR342W,YPL012W,0,,0.10115509480237961,0.998892605304718,0.8875969052314758
YIL117C,YOR354C,0,,0.10114375501871109,0.998892605304718,0.8877076506614685
YOR128C,YDR488C,0,,0.10113241523504257,0.998892605304718,0.8878183960914612
YPL212C,YPL066W,0,,0.10112107545137405,0.998892605304718,0.8879291415214539
YNL252C,YDL147W,0,,0.10110974311828613,0.998892605304718,0.8880398869514465
YGR157W,YPR009W,0,,0.10109841078519821,0.998892605304718,0.8881506323814392
YPR018W,YOL113W,0,,0.10108707845211029,0.998892605304718,0.8882613778114319
YMR288W,YML029W,0,,0.10107575356960297,0.998892605304718,0.8883720636367798
YPL232W,YER160C,0,,0.10106442868709564,0.998892605304718,0.8884828090667725
YIR013C,YOR303W,0,,0.10105310380458832,0.998892605304718,0.8885935544967651
YKL101W,YIL157C,0,,0.10104178637266159,0.998892605304718,0.8887042999267578
YMR236W,YIR003W,0,,0.10103046894073486,0.998892605304718,0.8888150453567505
YGR271C-A,YPR056W,0,,0.10101915150880814,0.998892605304718,0.8889257907867432
YDL079C,YML062C,0,,0.101007841527462,0.998892605304718,0.8890365362167358
YNL009W,YDL222C,0,,0.10099653154611588,0.998892605304718,0.8891472816467285
YPL242C,YKL137W,0,,0.10098522156476974,0.998892605304718,0.8892580270767212
YGL011C,YPL162C,0,,0.10097391903400421,0.998892605304718,0.8893687725067139
YLR148W,YJR077C,0,,0.10096261650323868,0.998892605304718,0.8894795179367065
YNL169C,YJR144W,0,,0.10095131397247314,0.998892605304718,0.8895902633666992
YNL186W,YNL116W,0,,0.10094001889228821,0.998892605304718,0.8897010087966919
YOR173W,YBR084C-A,0,,0.10092872381210327,0.998892605304718,0.8898117542266846
YHR112C,YEL020C,0,,0.10091742873191833,0.998892605304718,0.8899224996566772
YDL155W,YGL153W,0,,0.100906141102314,0.998892605304718,0.8900332450866699
YBR288C,YNR075W,0,,0.10089485347270966,0.998892605304718,0.8901439905166626
YOL041C,YLR222C,0,,0.10088357329368591,0.998892605304718,0.8902547359466553
YKR067W,YJL091C,0,,0.10087228566408157,0.998892605304718,0.8903654217720032
YKR022C,YCR083W,0,,0.10086100548505783,0.998892605304718,0.8904761672019958
YGL134W,YKL216W,0,,0.10084973275661469,0.998892605304718,0.8905869126319885
YDR346C,YLR336C,0,,0.10083846002817154,0.998892605304718,0.8906976580619812
YLR071C,YDL207W,0,,0.1008271872997284,0.998892605304718,0.8908084034919739
YOR202W,YDR264C,0,,0.10081591457128525,0.998892605304718,0.8909191489219666
YNL264C,YNL093W,0,,0.1008046492934227,0.998892605304718,0.8910298943519592
YOL110W,YPL108W,0,,0.10079338401556015,0.998892605304718,0.8911406397819519
YLR275W,YOR077W,0,,0.1007821261882782,0.998892605304718,0.8912513852119446
YJR017C,YMR044W,0,,0.10077086091041565,0.998892605304718,0.8913621306419373
YHR039C,YDL236W,0,,0.1007596030831337,0.998892605304718,0.8914728760719299
YIL063C,YLL023C,0,,0.10074835270643234,0.998892605304718,0.8915836215019226
YKL027W,YCR008W,0,,0.10073710232973099,0.998892605304718,0.8916943669319153
YBR186W,YIR010W,0,,0.10072585195302963,0.998892605304718,0.891805112361908
YLR128W,YCR102C,0,,0.10071460157632828,0.998892605304718,0.8919158577919006
YOR100C,YBL101C,0,,0.10070335865020752,0.998892605304718,0.8920266032218933
YNL257C,YGR096W,0,,0.10069211572408676,0.998892605304718,0.892137348651886
YGL184C,YFL031W,0,,0.1006808802485466,0.998892605304718,0.8922480344772339
YGL029W,YPL008W,0,,0.10066964477300644,0.998892605304718,0.8923587799072266
YBR217W,YBL045C,0,,0.10065840929746628,0.998892605304718,0.8924695253372192
YFL050C,YJR019C,0,,0.10064717382192612,0.998892605304718,0.8925802707672119
YFR051C,YLR308W,0,,0.10063594579696655,0.998892605304718,0.8926910161972046
YPL256C,YGR098C,0,,0.10062471777200699,0.998892605304718,0.8928017616271973
YLR242C,YJR064W,0,,0.10061349719762802,0.998892605304718,0.8929125070571899
YOL146W,YKL112W,0,,0.10060227662324905,0.998892605304718,0.8930232524871826
YPL008W,YBL071W-A,0,,0.10059105604887009,0.998892605304718,0.8931339979171753
YBR210W,YEL020C,0,,0.10057984292507172,0.998892605304718,0.893244743347168
YHL018W,YDR524C-B,0,,0.10056862235069275,0.998892605304718,0.8933554887771606
YHR188C,YOR003W,0,,0.10055741667747498,0.998892605304718,0.8934662342071533
YLR128W,YBL003C,0,,0.1005462035536766,0.998892605304718,0.893576979637146
YDR155C,YGR172C,0,,0.10053499788045883,0.998892605304718,0.8936877250671387
YIL023C,YIL065C,0,,0.10052379220724106,0.998892605304718,0.8937984704971313
YER018C,YBR201W,0,,0.10051259398460388,0.998892605304718,0.893909215927124
YOL146W,YLL042C,0,,0.1005013957619667,0.998892605304718,0.8940199613571167
YBR039W,YBL003C,0,,0.10049019753932953,0.998892605304718,0.8941306471824646
YDR311W,YOL060C,0,,0.10047899931669235,0.998892605304718,0.8942413926124573
YER039C,YNL113W,0,,0.10046780854463577,0.998892605304718,0.89435213804245
YPL024W,YJL115W,0,,0.1004566177725792,0.998892605304718,0.8944628834724426
YPL009C,YML093W,0,,0.10044543445110321,0.998892605304718,0.8945736289024353
YEL034W,YDR237W,0,,0.10043425112962723,0.998892605304718,0.894684374332428
YPL024W,YPR124W,0,,0.10042306780815125,0.998892605304718,0.8947951197624207
YNL021W,YOL113W,0,,0.10041189193725586,0.998892605304718,0.8949058651924133
YIL040W,YDR208W,0,,0.10040071606636047,0.998892605304718,0.895016610622406
YGR203W,YMR092C,0,,0.10038954019546509,0.998892605304718,0.8951273560523987
YDL153C,YGL022W,0,,0.1003783643245697,0.998892605304718,0.8952381014823914
YBR019C,YKR003W,0,,0.10036719590425491,0.998892605304718,0.895348846912384
YPL268W,YDR171W,0,,0.10035602748394012,0.998892605304718,0.8954595923423767
YHL007C,YMR260C,0,,0.10034486651420593,0.998892605304718,0.8955703377723694
YPR181C,YMR106C,0,,0.10033370554447174,0.998892605304718,0.8956810832023621
YJR064W,YFL003C,0,,0.10032254457473755,0.998892605304718,0.8957918286323547
YCL038C,YEL071W,0,,0.10031139105558395,0.998892605304718,0.8959025740623474
YNL037C,YOR073W,0,,0.10030023008584976,0.998892605304718,0.8960132598876953
YDR210W,YDR489W,0,,0.10028908401727676,0.998892605304718,0.896124005317688
YLR116W,YNR012W,0,,0.10027793049812317,0.998892605304718,0.8962347507476807
YOL091W,YLL015W,0,,0.10026678442955017,0.998892605304718,0.8963454961776733
YNL209W,YGL038C,0,,0.10025563836097717,0.998892605304718,0.896456241607666
YDL103C,YDL010W,0,,0.10024449974298477,0.998892605304718,0.8965669870376587
YPL066W,YJL100W,0,,0.10023336112499237,0.998892605304718,0.8966777324676514
YNL134C,YGR065C,0,,0.10022222250699997,0.998892605304718,0.896788477897644
YDR307W,YAL042W,0,,0.10021109133958817,0.998892605304718,0.8968992233276367
YPL009C,YLR133W,0,,0.10019995272159576,0.998892605304718,0.8970099687576294
YLR242C,YDR001C,0,,0.10018882900476456,0.998892605304718,0.8971207141876221
YNL088W,YLR002C,0,,0.10017769783735275,0.998892605304718,0.8972314596176147
YKL222C,YOR003W,0,,0.10016657412052155,0.998892605304718,0.8973422050476074
YDR051C,YNL116W,0,,0.10015545040369034,0.998892605304718,0.8974529504776001
YJL116C,YJL036W,0,,0.10014433413743973,0.998892605304718,0.8975636959075928
YLR431C,YNR039C,0,,0.10013321787118912,0.998892605304718,0.8976744413375854
YOR229W,YDL226C,0,,0.10012210160493851,0.998892605304718,0.8977851867675781
YJL028W,YOR336W,0,,0.1001109853386879,0.998892605304718,0.8978959321975708
YPL242C,YHR128W,0,,0.10009987652301788,0.998892605304718,0.8980066180229187
YLR336C,YLL028W,0,,0.10008876770734787,0.998892605304718,0.8981173634529114
YPL190C,YHL009W-A,0,,0.10007766634225845,0.998892605304718,0.898228108882904
YPL211W,YER160C,0,,0.10006656497716904,0.998892605304718,0.8983388543128967
YBR039W,YDR143C,0,,0.10005546361207962,0.998892605304718,0.8984495997428894
YKR081C,YDR261C-C,0,,0.1000443622469902,0.998892605304718,0.8985603451728821
YDR210W-D,YBR280C,0,,0.10003326833248138,0.998892605304718,0.8986710906028748
YIL157C,YHR176W,0,,0.10002217441797256,0.998892605304718,0.8987818360328674
YOR255W,YDR237W,0,,0.10001108795404434,0.998892605304718,0.8988925814628601
YOL094C,YHR107C,0,,0.10000000149011612,0.998892605304718,0.8990033268928528
YLR240W,YGR098C,0,,0.0999889150261879,0.998892605304718,0.8991140723228455
YJR007W,YHR062C,0,,0.09997782856225967,0.998892605304718,0.8992248177528381
YDR153C,YOR058C,0,,0.09996674954891205,0.998892605304718,0.8993355631828308
YOR058C,YKR099C-A,0,,0.09995567053556442,0.998892605304718,0.8994463086128235
YLR064W,YPL069C,0,,0.0999445989727974,0.998892605304718,0.8995570540428162
YKL049C,YGR065C,0,,0.09993352741003036,0.998892605304718,0.8996677994728088
YHR141C,YMR029C,0,,0.09992245584726334,0.998892605304718,0.8997785449028015
YDR485C,YOR343C-B,0,,0.09991138428449631,0.998892605304718,0.8998892307281494
YFL016C,YDR099W,0,,0.09990032017230988,0.998892605304718,0.8999999761581421
YPL088W,YOR336W,0,,0.09988925606012344,0.998892605304718,0.9001107215881348
YHR143W-A,YPR165W,0,,0.09987819939851761,0.998892605304718,0.9002214670181274
YJL051W,YHL018W,0,,0.09986714273691177,0.998892605304718,0.9003322124481201
YGL133W,YGL187C,0,,0.09985608607530594,0.998892605304718,0.9004429578781128
YJR091C,YIL131C,0,,0.0998450294137001,0.998892605304718,0.9005537033081055
YDR202C,YGR038C-A,0,,0.09983398020267487,0.998892605304718,0.9006644487380981
YOR130C,YMR060C,0,,0.09982293099164963,0.998892605304718,0.9007751941680908
YHR115C,YGL033W,0,,0.09981188178062439,0.998892605304718,0.9008859395980835
YGR257C,YJL093C,0,,0.09980084002017975,0.998892605304718,0.9009966850280762
YHR098C,YMR106C,0,,0.09978979825973511,0.998892605304718,0.9011074304580688
YGR227W,YNL197C,0,,0.09977876394987106,0.998892605304718,0.9012181758880615
YLR095C,YPL265W,0,,0.09976772218942642,0.998892605304718,0.9013289213180542
YHR034C,YJR161C,0,,0.09975668787956238,0.998892605304718,0.9014396667480469
YBR073W,YGL032C,0,,0.09974566102027893,0.998892605304718,0.9015504121780396
YNL252C,YKL157W,0,,0.09973463416099548,0.998892605304718,0.9016611576080322
YPR181C,YFR004W,0,,0.09972360730171204,0.998892605304718,0.9017718434333801
YIL157C,YIL129C,0,,0.09971258044242859,0.998892605304718,0.9018825888633728
YHR072W-A,YPL118W,0,,0.09970156103372574,0.998892605304718,0.9019933342933655
YKL073W,YOR028C,0,,0.09969054162502289,0.998892605304718,0.9021040797233582
YER039C,YCR042C,0,,0.09967952221632004,0.998892605304718,0.9022148251533508
YPL023C,YBR199W,0,,0.09966851025819778,0.998892605304718,0.9023255705833435
YLR051C,YOR321W,0,,0.09965749830007553,0.998892605304718,0.9024363160133362
YFL009W,YHR107C,0,,0.09964648634195328,0.998892605304718,0.9025470614433289
YBR102C,YNL134C,0,,0.09963548183441162,0.998892605304718,0.9026578068733215
YFR028C,YDL150W,0,,0.09962447732686996,0.998892605304718,0.9027685523033142
YMR216C,YHR176W,0,,0.09961347281932831,0.998892605304718,0.9028792977333069
YJL210W,YEL046C,0,,0.09960247576236725,0.998892605304718,0.9029900431632996
YML110C,YKR080W,0,,0.09959147870540619,0.998892605304718,0.9031007885932922
YJL154C,YGR027W-A,0,,0.09958048164844513,0.998892605304718,0.9032115340232849
YKR013W,YML024W,0,,0.09956949204206467,0.998892605304718,0.9033222794532776
YDR143C,YOR028C,0,,0.0995585024356842,0.998892605304718,0.9034330248832703
YLR272C,YPL012W,0,,0.09954751282930374,0.998892605304718,0.9035437703132629
YMR197C,YAL042W,0,,0.09953652322292328,0.998892605304718,0.9036544561386108
YDL207W,YJL050W,0,,0.09952554106712341,0.998892605304718,0.9037652015686035
YIL031W,YMR199W,0,,0.09951456636190414,0.998892605304718,0.9038759469985962
YPL008W,YDL165W,0,,0.09950358420610428,0.998892605304718,0.9039866924285889
YNL082W,YFL062W,0,,0.09949260950088501,0.998892605304718,0.9040974378585815
YLR297W,YIL131C,0,,0.09948163479566574,0.998892605304718,0.9042081832885742
YKL055C,YIL067C,0,,0.09947066754102707,0.998892605304718,0.9043189287185669
YCR008W,YLR133W,0,,0.0994597002863884,0.998892605304718,0.9044296741485596
YBR077C,YLR229C,0,,0.09944873303174973,0.998892605304718,0.9045404195785522
YHR001W,YDR163W,0,,0.09943776577711105,0.998892605304718,0.9046511650085449
YJL010C,YGL012W,0,,0.09942680597305298,0.998892605304718,0.9047619104385376
YDR097C,YMR060C,0,,0.0994158461689949,0.998892605304718,0.9048726558685303
YBL102W,YCR097W,0,,0.09940489381551743,0.998892605304718,0.904983401298523
YBR103W,YHR050W,0,,0.09939394146203995,0.998892605304718,0.9050941467285156
YJL076W,YHR043C,0,,0.09938298910856247,0.998892605304718,0.9052048921585083
YBR103W,YPL008W,0,,0.09937203675508499,0.998892605304718,0.905315637588501
YOR122C,YIL129C,0,,0.09936109185218811,0.998892605304718,0.9054263830184937
YIL023C,YCR020W-B,0,,0.09935014694929123,0.998892605304718,0.9055370688438416
YNL014W,YAL009W,0,,0.09933920949697495,0.998892605304718,0.9056478142738342
YDR097C,YLR133W,0,,0.09932826459407806,0.998892605304718,0.9057585597038269
YCR073C,YNR049C,0,,0.09931733459234238,0.998892605304718,0.9058693051338196
YBL040C,YPR029C,0,,0.09930639714002609,0.998892605304718,0.9059800505638123
YJL137C,YMR106C,0,,0.0992954671382904,0.998892605304718,0.9060907959938049
YLR132C,YNL139C,0,,0.09928453713655472,0.998892605304718,0.9062015414237976
YOR198C,YDL236W,0,,0.09927360713481903,0.998892605304718,0.9063122868537903
YPL246C,YBR139W,0,,0.09926268458366394,0.998892605304718,0.906423032283783
YPL246C,YIL023C,0,,0.09925176203250885,0.998892605304718,0.9065337777137756
YLR297W,YPR079W,0,,0.09924083948135376,0.998892605304718,0.9066445231437683
YNL035C,YOR122C,0,,0.09922992438077927,0.998892605304718,0.906755268573761
YKR029C,YNL093W,0,,0.09921900928020477,0.998892605304718,0.9068660140037537
YCL020W,YHR042W,0,,0.09920809417963028,0.998892605304718,0.9069767594337463
YJL123C,YOR073W,0,,0.09919718652963638,0.998892605304718,0.907087504863739
YIL040W,YML007W,0,,0.09918627887964249,0.998892605304718,0.9071982502937317
YDR034C-D,YNL186W,0,,0.09917537122964859,0.998892605304718,0.9073089957237244
YGR033C,YDR489W,0,,0.09916447103023529,0.998892605304718,0.907419741153717
YKL184W,YPL008W,0,,0.09915357083082199,0.998892605304718,0.9075304269790649
YDL178W,YLR368W,0,,0.09914267063140869,0.998892605304718,0.9076411724090576
YCR017C,YHL013C,0,,0.09913177043199539,0.998892605304718,0.9077519178390503
YER011W,YKL167C,0,,0.09912087768316269,0.998892605304718,0.907862663269043
YAL001C,YEL060C,0,,0.09910998493432999,0.998892605304718,0.9079734086990356
YBL045C,YNL116W,0,,0.09909909963607788,0.998892605304718,0.9080841541290283
YNL072W,YBL018C,0,,0.09908821433782578,0.998892605304718,0.908194899559021
YNR063W,YMR068W,0,,0.09907732903957367,0.998892605304718,0.9083056449890137
YER016W,YFR004W,0,,0.09906644374132156,0.998892605304718,0.9084163904190063
YBR171W,YJR017C,0,,0.09905556589365005,0.998892605304718,0.908527135848999
YJL051W,YKR042W,0,,0.09904468804597855,0.998892605304718,0.9086378812789917
YLR051C,YOR375C,0,,0.09903381764888763,0.998892605304718,0.9087486267089844
YDR202C,YOR005C,0,,0.09902294725179672,0.998892605304718,0.908859372138977
YMR263W,YOR205C,0,,0.09901207685470581,0.998892605304718,0.9089701175689697
YDR099W,YML001W,0,,0.0990012064576149,0.998892605304718,0.9090808629989624
YGR161C-C,YEL055C,0,,0.09899034351110458,0.998892605304718,0.9091916084289551
YDR119W,YPL072W,0,,0.09897948056459427,0.998892605304718,0.9093023538589478
YKR013W,YLR388W,0,,0.09896861761808395,0.998892605304718,0.9094130396842957
YDR485C,YGL160W,0,,0.09895776212215424,0.998892605304718,0.9095237851142883
YPR104C,YBR056W,0,,0.09894690662622452,0.998892605304718,0.909634530544281
YOR033C,YOR188W,0,,0.0989360511302948,0.998892605304718,0.9097452759742737
YNL154C,YDL153C,0,,0.09892520308494568,0.998892605304718,0.9098560214042664
YGR059W,YDR225W,0,,0.09891435503959656,0.998892605304718,0.909966766834259
YHL001W,YLR372W,0,,0.09890350699424744,0.998892605304718,0.9100775122642517
YPL132W,YNL329C,0,,0.09889266639947891,0.998892605304718,0.9101882576942444
YBR234C,YBR167C,0,,0.09888182580471039,0.998892605304718,0.9102990031242371
YIL085C,YDR171W,0,,0.09887098520994186,0.998892605304718,0.9104097485542297
YKL137W,YPL270W,0,,0.09886015206575394,0.998892605304718,0.9105204939842224
YNR026C,YDR210W-A,0,,0.09884931147098541,0.998892605304718,0.9106312394142151
YDR261C-C,YKL184W,0,,0.09883848577737808,0.998892605304718,0.9107419848442078
YNL257C,YPR185W,0,,0.09882765263319016,0.998892605304718,0.9108527302742004
YNL154C,YJL092W,0,,0.09881682693958282,0.998892605304718,0.9109634757041931
YOR362C,YDR017C,0,,0.0988060012459755,0.998892605304718,0.9110742211341858
YPR094W,YNL220W,0,,0.09879518300294876,0.998892605304718,0.9111849665641785
YJR047C,YLR336C,0,,0.09878435730934143,0.998892605304718,0.9112956523895264
YIL015W,YIL168W,0,,0.0987735465168953,0.998892605304718,0.911406397819519
YLR064W,YDR409W,0,,0.09876272827386856,0.998892605304718,0.9115171432495117
YGL048C,YGR277C,0,,0.09875191748142242,0.998892605304718,0.9116278886795044
YBR280C,YKL084W,0,,0.09874110668897629,0.998892605304718,0.9117386341094971
YDR191W,YNL229C,0,,0.09873029589653015,0.998892605304718,0.9118493795394897
YOR362C,YLR424W,0,,0.09871949255466461,0.998892605304718,0.9119601249694824
YBL046W,YNL058C,0,,0.09870868921279907,0.998892605304718,0.9120708703994751
YPL217C,YOR153W,0,,0.09869788587093353,0.998892605304718,0.9121816158294678
YBR019C,YBR199W,0,,0.09868708997964859,0.998892605304718,0.9122923612594604
YDR519W,YMR260C,0,,0.09867629408836365,0.998892605304718,0.9124031066894531
YOR141C,YLL036C,0,,0.0986654981970787,0.998892605304718,0.9125138521194458
YOR303W,YBR014C,0,,0.09865470975637436,0.998892605304718,0.9126245975494385
YKL049C,YGL002W,0,,0.09864392131567001,0.998892605304718,0.9127353429794312
YOR095C,YDR519W,0,,0.09863313287496567,0.998892605304718,0.9128460884094238
YEL042W,YDR208W,0,,0.09862235188484192,0.998892605304718,0.9129568338394165
YPR079W,YJL104W,0,,0.09861156344413757,0.998892605304718,0.9130675792694092
YJL047C,YDR484W,0,,0.09860078990459442,0.998892605304718,0.9131782650947571
YPR018W,YFL024C,0,,0.09859000891447067,0.998892605304718,0.9132890105247498
YOR128C,YDR084C,0,,0.09857923537492752,0.998892605304718,0.9133997559547424
YLR369W,YGL032C,0,,0.09856846183538437,0.998892605304718,0.9135105013847351
YMR268C,YDR480W,0,,0.09855769574642181,0.998892605304718,0.9136212468147278
YPL023C,YOR010C,0,,0.09854692220687866,0.998892605304718,0.9137319922447205
YCR073C,YPR140W,0,,0.09853615611791611,0.998892605304718,0.9138427376747131
YDR147W,YFL050C,0,,0.09852539747953415,0.998892605304718,0.9139534831047058
YJR099W,YJL122W,0,,0.09851463884115219,0.998892605304718,0.9140642285346985
YMR104C,YBL046W,0,,0.09850388020277023,0.998892605304718,0.9141749739646912
YML062C,YKL222C,0,,0.09849312156438828,0.998892605304718,0.9142857193946838
YIL016W,YDL020C,0,,0.09848237037658691,0.998892605304718,0.9143964648246765
YJR067C,YBL097W,0,,0.09847161918878555,0.998892605304718,0.9145072102546692
YNL064C,YML126C,0,,0.09846086800098419,0.998892605304718,0.9146179556846619
YDR162C,YPL072W,0,,0.09845011681318283,0.998892605304718,0.9147287011146545
YKL096W,YBL005W-A,0,,0.09843937307596207,0.998892605304718,0.9148394465446472
YIR022W,YAL014C,0,,0.0984286367893219,0.998892605304718,0.9149501919746399
YNL197C,YOR303W,0,,0.09841789305210114,0.998892605304718,0.9150609374046326
YDR156W,YLL042C,0,,0.09840715676546097,0.998892605304718,0.9151716232299805
YBR132C,YCR024C-A,0,,0.0983964204788208,0.998892605304718,0.9152823686599731
YGR192C,YOL016C,0,,0.09838569164276123,0.998892605304718,0.9153931140899658
YBR073W,YPL275W,0,,0.09837496280670166,0.998892605304718,0.9155038595199585
YGR227W,YLR372W,0,,0.09836423397064209,0.998892605304718,0.9156146049499512
YBR217W,YBR079C,0,,0.09835350513458252,0.998892605304718,0.9157253503799438
YBR154C,YLR308W,0,,0.09834278374910355,0.998892605304718,0.9158360958099365
YJL209W,YHR065C,0,,0.09833206236362457,0.998892605304718,0.9159468412399292
YML114C,YMR161W,0,,0.0983213409781456,0.998892605304718,0.9160575866699219
YML066C,YGR023W,0,,0.09831062704324722,0.998892605304718,0.9161683320999146
YIR007W,YPR075C,0,,0.09829991310834885,0.998892605304718,0.9162790775299072
YDL005C,YCR088W,0,,0.09828919917345047,0.998892605304718,0.9163898229598999
YFR028C,YOL089C,0,,0.09827849268913269,0.998892605304718,0.9165005683898926
YIL065C,YLR341W,0,,0.09826778620481491,0.998892605304718,0.9166113138198853
YNL169C,YPL008W,0,,0.09825707972049713,0.998892605304718,0.9167220592498779
YLR116W,YLR148W,0,,0.09824638068675995,0.998892605304718,0.9168328046798706
YLR225C,YGL150C,0,,0.09823568165302277,0.998892605304718,0.9169435501098633
YDL181W,YDR001C,0,,0.09822498261928558,0.998892605304718,0.9170542359352112
YML093W,YDR324C,0,,0.0982142835855484,0.998892605304718,0.9171649813652039
YPR061C,YDR123C,0,,0.09820359200239182,0.998892605304718,0.9172757267951965
YKR060W,YBR056W,0,,0.09819290041923523,0.998892605304718,0.9173864722251892
YCR088W,YLL028W,0,,0.09818221628665924,0.998892605304718,0.9174972176551819
YCL040W,YKL018W,0,,0.09817152470350266,0.998892605304718,0.9176079630851746
YBR302C,YNL270C,0,,0.09816084802150726,0.998892605304718,0.9177187085151672
YBR083W,YLL052C,0,,0.09815016388893127,0.998892605304718,0.9178294539451599
YLR242C,YJR137C,0,,0.09813948720693588,0.998892605304718,0.9179401993751526
YGR028W,YJL159W,0,,0.09812881052494049,0.998892605304718,0.9180509448051453
YHR072W,YGR209C,0,,0.0981181338429451,0.998892605304718,0.9181616902351379
YDR210W-D,YDR394W,0,,0.0981074646115303,0.998892605304718,0.9182724356651306
YIL016W,YBR021W,0,,0.09809679538011551,0.998892605304718,0.9183831810951233
YOL013C,YIR010W,0,,0.09808612614870071,0.998892605304718,0.918493926525116
YBR253W,YOL013C,0,,0.09807545691728592,0.998892605304718,0.9186046719551086
YKL018W,YPL266W,0,,0.09806479513645172,0.998892605304718,0.9187154173851013
YBL067C,YBR236C,0,,0.09805413335561752,0.998892605304718,0.918826162815094
YOR208W,YGL065C,0,,0.09804347902536392,0.998892605304718,0.9189368486404419
YBR228W,YMR044W,0,,0.09803282469511032,0.998892605304718,0.9190475940704346
YDR348C,YER065C,0,,0.09802217036485672,0.998892605304718,0.9191583395004272
YLR233C,YML033W,0,,0.09801151603460312,0.998892605304718,0.9192690849304199
YKL027W,YLR405W,0,,0.09800086915493011,0.998892605304718,0.9193798303604126
YLR342W,YDR324C,0,,0.09799022227525711,0.998892605304718,0.9194905757904053
YKL071W,YPL275W,0,,0.0979795753955841,0.998892605304718,0.919601321220398
YER183C,YBR201W,0,,0.0979689359664917,0.998892605304718,0.9197120666503906
YJR095W,YLR210W,0,,0.09795829653739929,0.998892605304718,0.9198228120803833
YDR349C,YPR066W,0,,0.09794765710830688,0.998892605304718,0.919933557510376
YCL033C,YDR338C,0,,0.09793702512979507,0.998892605304718,0.9200443029403687
YPL047W,YPL241C,0,,0.09792639315128326,0.998892605304718,0.9201550483703613
YBR126C,YDR099W,0,,0.09791576117277145,0.998892605304718,0.920265793800354
YJL018W,YNL035C,0,,0.09790513664484024,0.998892605304718,0.9203765392303467
YOR058C,YOR010C,0,,0.09789450466632843,0.998892605304718,0.9204872846603394
YPL088W,YHR072W-A,0,,0.09788388758897781,0.998892605304718,0.920598030090332
YNL300W,YNL222W,0,,0.0978732630610466,0.998892605304718,0.9207087755203247
YIL099W,YOR371C,0,,0.09786264598369598,0.998892605304718,0.9208194613456726
YGL001C,YOR375C,0,,0.09785202890634537,0.998892605304718,0.9209302067756653
YHR079C-A,YGR067C,0,,0.09784141182899475,0.998892605304718,0.921040952205658
YIR033W,YER011W,0,,0.09783080220222473,0.998892605304718,0.9211516976356506
YNL067W,YHR200W,0,,0.09782019257545471,0.998892605304718,0.9212624430656433
YBR216C,YLR216C,0,,0.09780958294868469,0.998892605304718,0.921373188495636
YPL009C,YIR034C,0,,0.09779898077249527,0.998892605304718,0.9214839339256287
YOL044W,YOR312C,0,,0.09778837859630585,0.998892605304718,0.9215946793556213
YDR194C,YGL097W,0,,0.09777777642011642,0.998892605304718,0.921705424785614
YIL041W,YDR225W,0,,0.0977671816945076,0.998892605304718,0.9218161702156067
YHR112C,YKR029C,0,,0.09775658696889877,0.998892605304718,0.9219269156455994
YJL177W,YNR046W,0,,0.09774599224328995,0.998892605304718,0.922037661075592
YCR033W,YIL010W,0,,0.09773539751768112,0.998892605304718,0.9221484065055847
YJL145W,YOL033W,0,,0.0977248102426529,0.998892605304718,0.9222591519355774
YGL017W,YGL160W,0,,0.09771422296762466,0.998892605304718,0.9223698973655701
YGL038C,YDR208W,0,,0.09770364314317703,0.998892605304718,0.9224806427955627
YDR156W,YNL003C,0,,0.0976930558681488,0.998892605304718,0.9225913882255554
YDR519W,YNL224C,0,,0.09768247604370117,0.998892605304718,0.9227021336555481
YJL042W,YLR355C,0,,0.09767190366983414,0.998892605304718,0.922812819480896
YOR122C,YKL012W,0,,0.0976613238453865,0.998892605304718,0.9229235649108887
YML123C,YOL060C,0,,0.09765075147151947,0.998892605304718,0.9230343103408813
YBR216C,YGL201C,0,,0.09764017909765244,0.998892605304718,0.923145055770874
YKL125W,YGL224C,0,,0.097629614174366,0.998892605304718,0.9232558012008667
YPR020W,YBL071W-A,0,,0.09761904925107956,0.998892605304718,0.9233665466308594
YDR155C,YJL014W,0,,0.09760848432779312,0.998892605304718,0.923477292060852
YIL023C,YKR065C,0,,0.09759791940450668,0.998892605304718,0.9235880374908447
YDR006C,YDR084C,0,,0.09758736193180084,0.998892605304718,0.9236987829208374
YKL125W,YBR171W,0,,0.097576804459095,0.998892605304718,0.9238095283508301
YGR133W,YMR190C,0,,0.09756625443696976,0.998892605304718,0.9239202737808228
YLR240W,YGL208W,0,,0.09755569696426392,0.998892605304718,0.9240310192108154
YLR027C,YDR354W,0,,0.09754514694213867,0.998892605304718,0.9241417646408081
YBR221C,YJR019C,0,,0.09753460437059402,0.998892605304718,0.9242525100708008
YCR043C,YOR171C,0,,0.09752405434846878,0.998892605304718,0.9243632555007935
YMR309C,YGL055W,0,,0.09751351177692413,0.998892605304718,0.9244740009307861
YDL004W,YIL103W,0,,0.09750296920537949,0.998892605304718,0.9245847463607788
YIL066C,YMR161W,0,,0.09749243408441544,0.998892605304718,0.9246954321861267
YJR144W,YOR303W,0,,0.09748189896345139,0.998892605304718,0.9248061776161194
YCR069W,YOL077W-A,0,,0.09747136384248734,0.998892605304718,0.9249169230461121
YPL029W,YCR088W,0,,0.09746082872152328,0.998892605304718,0.9250276684761047
YNL186W,YFR028C,0,,0.09745030105113983,0.998892605304718,0.9251384139060974
YPR094W,YDL236W,0,,0.09743977338075638,0.998892605304718,0.9252491593360901
YCL045C,YPR075C,0,,0.09742925316095352,0.998892605304718,0.9253599047660828
YNL299W,YDL222C,0,,0.09741872549057007,0.998892605304718,0.9254706501960754
YGR087C,YPL158C,0,,0.09740820527076721,0.998892605304718,0.9255813956260681
YJL207C,YNL148C,0,,0.09739769250154495,0.998892605304718,0.9256921410560608
YEL063C,YJR007W,0,,0.0973871722817421,0.998892605304718,0.9258028864860535
YPL241C,YNR051C,0,,0.09737665951251984,0.998892605304718,0.9259136319160461
YLR362W,YDL174C,0,,0.09736614674329758,0.998892605304718,0.9260243773460388
YGR090W,YJR019C,0,,0.09735564142465591,0.998892605304718,0.9261351227760315
YPL232W,YPL066W,0,,0.09734513610601425,0.998892605304718,0.9262458682060242
YIR003W,YNL224C,0,,0.09733463078737259,0.998892605304718,0.9263566136360168
YKR086W,YLL054C,0,,0.09732412546873093,0.998892605304718,0.9264673590660095
YOL017W,YCR034W,0,,0.09731362760066986,0.998892605304718,0.9265780448913574
YKL049C,YKL184W,0,,0.0973031297326088,0.998892605304718,0.9266887903213501
YBR161W,YOL058W,0,,0.09729263186454773,0.998892605304718,0.9267995357513428
YJL204C,YOR030W,0,,0.09728214144706726,0.998892605304718,0.9269102811813354
YOL088C,YGR183C,0,,0.09727165102958679,0.998892605304718,0.9270210266113281
YHR091C,YDR141C,0,,0.09726116061210632,0.998892605304718,0.9271317720413208
YMR092C,YMR251W-A,0,,0.09725067019462585,0.998892605304718,0.9272425174713135
YKR045C,YJL100W,0,,0.09724018722772598,0.998892605304718,0.9273532629013062
YER160C,YLR256W,0,,0.09722970426082611,0.998892605304718,0.9274640083312988
YBR088C,YDL066W,0,,0.09721922874450684,0.998892605304718,0.9275747537612915
YBL099W,YPR058W,0,,0.09720875322818756,0.998892605304718,0.9276854991912842
YHL001W,YBL003C,0,,0.09719827771186829,0.998892605304718,0.9277962446212769
YKL065C,YDL201W,0,,0.09718780219554901,0.998892605304718,0.9279069900512695
YER019W,YKR018C,0,,0.09717733412981033,0.998892605304718,0.9280177354812622
YDL181W,YLR307W,0,,0.09716686606407166,0.998892605304718,0.9281284809112549
YOR058C,YGR256W,0,,0.09715639799833298,0.998892605304718,0.9282392263412476
YLR157C-A,YGL124C,0,,0.0971459373831749,0.998892605304718,0.9283499717712402
YDR225W,YBR199W,0,,0.09713546931743622,0.998892605304718,0.9284606575965881
YKR067W,YGL184C,0,,0.09712501615285873,0.998892605304718,0.9285714030265808
YPL227C,YPR151C,0,,0.09711455553770065,0.998892605304718,0.9286821484565735
YPR094W,YMR083W,0,,0.09710410237312317,0.998892605304718,0.9287928938865662
YDL153C,YIL063C,0,,0.09709364920854568,0.998892605304718,0.9289036393165588
YLR262C,YMR288W,0,,0.0970831960439682,0.998892605304718,0.9290143847465515
YBL018C,YIL044C,0,,0.09707275032997131,0.998892605304718,0.9291251301765442
YKR010C,YCR069W,0,,0.09706230461597443,0.998892605304718,0.9292358756065369
YBR019C,YGR289C,0,,0.09705185890197754,0.998892605304718,0.9293466210365295
YIL023C,YKL216W,0,,0.09704142063856125,0.998892605304718,0.9294573664665222
YOR118W,YHR045W,0,,0.09703098237514496,0.998892605304718,0.9295681118965149
YIL066C,YGR092W,0,,0.09702054411172867,0.998892605304718,0.9296788573265076
YDR097C,YKL221W,0,,0.09701011329889297,0.998892605304718,0.9297896027565002
YJL014W,YER004W,0,,0.09699967503547668,0.998892605304718,0.9299003481864929
YKL113C,YPL069C,0,,0.09698924422264099,0.998892605304718,0.9300110936164856
YOR017W,YFL008W,0,,0.0969788208603859,0.998892605304718,0.9301218390464783
YBR127C,YCL040W,0,,0.0969683974981308,0.998892605304718,0.930232584476471
YOL033W,YJL076W,0,,0.0969579741358757,0.998892605304718,0.9303433299064636
YBR056W,YER035W,0,,0.0969475507736206,0.998892605304718,0.9304540157318115
YDL232W,YCR027C,0,,0.09693712741136551,0.998892605304718,0.9305647611618042
YCL020W,YEL009C,0,,0.09692671149969101,0.998892605304718,0.9306755065917969
YPR018W,YJL092W,0,,0.0969163030385971,0.998892605304718,0.9307862520217896
YML064C,YMR216C,0,,0.09690588712692261,0.998892605304718,0.9308969974517822
YGL017W,YHR032W,0,,0.0968954786658287,0.998892605304718,0.9310077428817749
YDR214W,YIL050W,0,,0.0968850702047348,0.998892605304718,0.9311184883117676
YLR262C,YKL027W,0,,0.0968746617436409,0.998892605304718,0.9312292337417603
YOR173W,YOR198C,0,,0.0968642607331276,0.998892605304718,0.9313399791717529
YOL033W,YNL099C,0,,0.09685385972261429,0.998892605304718,0.9314507246017456
YFR055W,YDL201W,0,,0.09684345871210098,0.998892605304718,0.9315614700317383
YOR336W,YCR048W,0,,0.09683306515216827,0.998892605304718,0.931672215461731
YOR329C,YPL270W,0,,0.09682267159223557,0.998892605304718,0.9317829608917236
YPL211W,YML026C,0,,0.09681227803230286,0.998892605304718,0.9318937063217163
YPL088W,YPL029W,0,,0.09680189192295074,0.998892605304718,0.932004451751709
YLR225C,YJR095W,0,,0.09679149836301804,0.998892605304718,0.9321151971817017
YNL222W,YDR237W,0,,0.09678111225366592,0.998892605304718,0.9322259426116943
YOL094C,YLR449W,0,,0.09677073359489441,0.998892605304718,0.9323366284370422
YPL053C,YLR319C,0,,0.0967603549361229,0.998892605304718,0.9324473738670349
YNL323W,YDR119W,0,,0.09674997627735138,0.998892605304718,0.9325581192970276
YGR186W,YER006W,0,,0.09673959761857986,0.998892605304718,0.9326688647270203
YNL009W,YLR155C,0,,0.09672921895980835,0.998892605304718,0.9327796101570129
YMR236W,YLR035C,0,,0.09671884775161743,0.998892605304718,0.9328903555870056
YDL201W,YLR229C,0,,0.09670848399400711,0.998892605304718,0.9330011010169983
YGL133W,YDR480W,0,,0.09669811278581619,0.998892605304718,0.933111846446991
YGL012W,YDR208W,0,,0.09668774902820587,0.998892605304718,0.9332225918769836
YDR324C,YDL236W,0,,0.09667738527059555,0.998892605304718,0.9333333373069763
YLR034C,YDR302W,0,,0.09666702151298523,0.998892605304718,0.933444082736969
YLR372W,YMR068W,0,,0.0966566652059555,0.998892605304718,0.9335548281669617
YJR161C,YNR049C,0,,0.09664630889892578,0.998892605304718,0.9336655735969543
YHR183W,YBL100W-A,0,,0.09663595259189606,0.998892605304718,0.933776319026947
YPR029C,YDR484W,0,,0.09662560373544693,0.998892605304718,0.9338870644569397
YPL072W,YLR449W,0,,0.0966152548789978,0.998892605304718,0.9339978098869324
YGL099W,YEL003W,0,,0.09660490602254868,0.998892605304718,0.934108555316925
YDL212W,YGL038C,0,,0.09659455716609955,0.998892605304718,0.934219241142273
YHR152W,YBL071W-A,0,,0.09658421576023102,0.998892605304718,0.9343299865722656
YGR203W,YGL055W,0,,0.09657387435436249,0.998892605304718,0.9344407320022583
YPR023C,YMR231W,0,,0.09656354039907455,0.998892605304718,0.934551477432251
YML118W,YLR319C,0,,0.09655319899320602,0.998892605304718,0.9346622228622437
YKL113C,YBR293W,0,,0.09654286503791809,0.998892605304718,0.9347729682922363
YBR253W,YOR005C,0,,0.09653253108263016,0.998892605304718,0.934883713722229
YKR092C,YER004W,0,,0.09652220457792282,0.998892605304718,0.9349944591522217
YKL046C,YOR030W,0,,0.09651187807321548,0.998892605304718,0.9351052045822144
YDR171W,YOR295W,0,,0.09650155156850815,0.998892605304718,0.935215950012207
YPL162C,YLR035C,0,,0.09649122506380081,0.998892605304718,0.9353266954421997
YCR028C-A,YER058W,0,,0.09648090600967407,0.998892605304718,0.9354374408721924
YGL181W,YGR261C,0,,0.09647058695554733,0.998892605304718,0.9355481863021851
YHR098C,YGL121C,0,,0.09646027535200119,0.998892605304718,0.9356589317321777
YLR233C,YNL222W,0,,0.09644995629787445,0.998892605304718,0.9357696771621704
YJR064W,YDL066W,0,,0.09643964469432831,0.998892605304718,0.9358804225921631
YLR307W,YNL245C,0,,0.09642933309078217,0.998892605304718,0.9359911680221558
YNL090W,YGR132C,0,,0.09641902893781662,0.998892605304718,0.9361018538475037
YGR108W,YHR128W,0,,0.09640872478485107,0.998892605304718,0.9362125992774963
YBR004C,YIR008C,0,,0.09639842063188553,0.998892605304718,0.936323344707489
YGR240C,YLL015W,0,,0.09638811647891998,0.998892605304718,0.9364340901374817
YMR104C,YFL018C,0,,0.09637781977653503,0.998892605304718,0.9365448355674744
YPR107C,YNR026C,0,,0.09636752307415009,0.998892605304718,0.936655580997467
YGL201C,YBR201W,0,,0.09635722637176514,0.998892605304718,0.9367663264274597
YPL152W,YER166W,0,,0.09634693711996078,0.998892605304718,0.9368770718574524
YDL155W,YBL005W-A,0,,0.09633664786815643,0.998892605304718,0.9369878172874451
YLL028W,YMR029C,0,,0.09632635861635208,0.998892605304718,0.9370985627174377
YER157W,YLR089C,0,,0.09631606936454773,0.998892605304718,0.9372093081474304
YBR127C,YDL104C,0,,0.09630578756332397,0.998892605304718,0.9373200535774231
YGR128C,YMR067C,0,,0.09629550576210022,0.998892605304718,0.9374307990074158
YHR123W,YEL009C,0,,0.09628522396087646,0.998892605304718,0.9375415444374084
YGR049W,YNL177C,0,,0.0962749496102333,0.998892605304718,0.9376522898674011
YNL323W,YOR256C,0,,0.09626467525959015,0.998892605304718,0.9377630352973938
YIL157C,YMR162C,0,,0.09625440090894699,0.998892605304718,0.9378737807273865
YJR137C,YDR394W,0,,0.09624413400888443,0.998892605304718,0.9379844665527344
YOL008W,YMR278W,0,,0.09623385965824127,0.998892605304718,0.938095211982727
YIL049W,YLR355C,0,,0.09622360020875931,0.998892605304718,0.9382059574127197
YNL125C,YML072C,0,,0.09621333330869675,0.998892605304718,0.9383167028427124
YGR096W,YOR360C,0,,0.09620307385921478,0.998892605304718,0.9384274482727051
YDR147W,YHR065C,0,,0.09619281440973282,0.998892605304718,0.9385381937026978
YOL017W,YMR058W,0,,0.09618255496025085,0.998892605304718,0.9386489391326904
YOR329C,YNL152W,0,,0.09617230296134949,0.998892605304718,0.9387596845626831
YKL167C,YLR095C,0,,0.09616204351186752,0.998892605304718,0.9388704299926758
YBR290W,YJL063C,0,,0.09615179896354675,0.998892605304718,0.9389811754226685
YGR067C,YLR022C,0,,0.09614154696464539,0.998892605304718,0.9390919208526611
YMR104C,YKR065C,0,,0.09613130241632462,0.998892605304718,0.9392026662826538
YLR084C,YPL190C,0,,0.09612105786800385,0.998892605304718,0.9393134117126465
YBR106W,YPR065W,0,,0.09611081331968307,0.998892605304718,0.9394241571426392
YOL097C,YCR003W,0,,0.0961005762219429,0.998892605304718,0.9395349025726318
YJL184W,YBR104W,0,,0.09609033912420273,0.998892605304718,0.9396456480026245
YGR038C-A,YDR264C,0,,0.09608010202646255,0.998892605304718,0.9397563934326172
YAR050W,YEL034W,0,,0.09606987237930298,0.998892605304718,0.9398671388626099
YLR148W,YPL030W,0,,0.0960596352815628,0.998892605304718,0.9399778246879578
YOR017W,YDR307W,0,,0.09604940563440323,0.998892605304718,0.9400885701179504
YLR155C,YNL097C,0,,0.09603918343782425,0.998892605304718,0.9401993155479431
YBR106W,YDL191W,0,,0.09602896124124527,0.998892605304718,0.9403100609779358
YLR013W,YLR308W,0,,0.09601873904466629,0.998892605304718,0.9404208064079285
YDL212W,YML093W,0,,0.09600851684808731,0.998892605304718,0.9405315518379211
YMR251W-A,YLR256W,0,,0.09599829465150833,0.998892605304718,0.9406422972679138
YOR234C,YBR179C,0,,0.09598807990550995,0.998892605304718,0.9407530426979065
YKR010C,YAL001C,0,,0.09597786515951157,0.998892605304718,0.9408637881278992
YBL004W,YOR035C,0,,0.09596765786409378,0.998892605304718,0.9409745335578918
YCR066W,YPL088W,0,,0.0959574431180954,0.998892605304718,0.9410852789878845
YFL055W,YHR001W,0,,0.09594724327325821,0.998892605304718,0.9411960244178772
YKR092C,YIL065C,0,,0.09593703597784042,0.998892605304718,0.9413067698478699
YKL049C,YOR205C,0,,0.09592682868242264,0.998892605304718,0.9414175152778625
YMR113W,YIL044C,0,,0.09591662883758545,0.998892605304718,0.9415282607078552
YDR255C,YMR305C,0,,0.09590643644332886,0.998892605304718,0.9416390061378479
YER048C,YOR202W,0,,0.09589623659849167,0.998892605304718,0.9417497515678406
YGL166W,YGR128C,0,,0.09588604420423508,0.998892605304718,0.9418604373931885
YBL102W,YKR081C,0,,0.09587585180997849,0.998892605304718,0.9419711828231812
YMR058W,YML010W,0,,0.0958656594157219,0.998892605304718,0.9420819282531738
YGR278W,YGL160W,0,,0.0958554744720459,0.998892605304718,0.9421926736831665
YPL088W,YFL031W,0,,0.0958452895283699,0.998892605304718,0.9423034191131592
YCR034W,YER169W,0,,0.09583510458469391,0.998892605304718,0.9424141645431519
YDR394W,YOL058W,0,,0.09582491964101791,0.998892605304718,0.9425249099731445
YOR017W,YNL312W,0,,0.09581474214792252,0.998892605304718,0.9426356554031372
YCR089W,YDR489W,0,,0.09580456465482712,0.998892605304718,0.9427464008331299
YBL006C,YLR240W,0,,0.09579439461231232,0.998892605304718,0.9428571462631226
YHL007C,YHR065C,0,,0.09578421711921692,0.998892605304718,0.9429678916931152
YHR034C,YBR139W,0,,0.09577404707670212,0.998892605304718,0.9430786371231079
YNR012W,YML062C,0,,0.09576388448476791,0.998892605304718,0.9431893825531006
YIL063C,YDR302W,0,,0.09575371444225311,0.998892605304718,0.9433001279830933
YBR201W,YPR004C,0,,0.09574355185031891,0.998892605304718,0.9434108734130859
YBR073W,YGL043W,0,,0.0957333892583847,0.998892605304718,0.9435216188430786
YDL188C,YDL049C,0,,0.0957232341170311,0.998892605304718,0.9436323642730713
YKL146W,YMR236W,0,,0.0957130715250969,0.998892605304718,0.9437430500984192
YJL123C,YGL125W,0,,0.09570291638374329,0.998892605304718,0.9438537955284119
YHR072W,YHR050W,0,,0.09569276124238968,0.998892605304718,0.9439645409584045
YKL209C,YMR154C,0,,0.09568261355161667,0.998892605304718,0.9440752863883972
YJR056C,YDR043C,0,,0.09567246586084366,0.998892605304718,0.9441860318183899
YJL210W,YCL040W,0,,0.09566231817007065,0.998892605304718,0.9442967772483826
YJR088C,YCL027C-A,0,,0.09565217047929764,0.998892605304718,0.9444075226783752
YDL239C,YPR140W,0,,0.09564203023910522,0.998892605304718,0.9445182681083679
YPR158W-A,YNL270C,0,,0.09563188999891281,0.998892605304718,0.9446290135383606
YKL152C,YER004W,0,,0.0956217497587204,0.998892605304718,0.9447397589683533
YBR200W,YGL210W-A,0,,0.09561161696910858,0.998892605304718,0.944850504398346
YKR092C,YDL044C,0,,0.09560148417949677,0.998892605304718,0.9449612498283386
YPR058W,YIL157C,0,,0.09559135138988495,0.998892605304718,0.9450719952583313
YCR048W,YBL071W-A,0,,0.09558122605085373,0.998892605304718,0.945182740688324
YHR042W,YLR355C,0,,0.09557109326124191,0.998892605304718,0.9452934861183167
YML131W,YNL047C,0,,0.0955609679222107,0.998892605304718,0.9454042315483093
YIL015W,YER122C,0,,0.09555085003376007,0.998892605304718,0.945514976978302
YNL126W,YGL181W,0,,0.09554072469472885,0.998892605304718,0.9456256628036499
YIL085C,YDR538W,0,,0.09553060680627823,0.998892605304718,0.9457364082336426
YPL003W,YPL030W,0,,0.0955204889178276,0.998892605304718,0.9458471536636353
YBR106W,YDL147W,0,,0.09551037847995758,0.998892605304718,0.9459578990936279
YNL315C,YDR147W,0,,0.09550026804208755,0.998892605304718,0.9460686445236206
YDR119W,YIR035C,0,,0.09549015760421753,0.998892605304718,0.9461793899536133
YNL241C,YML065W,0,,0.0954800471663475,0.998892605304718,0.946290135383606
YHR094C,YGR231C,0,,0.09546994417905807,0.998892605304718,0.9464008808135986
YNL064C,YEL034W,0,,0.09545983374118805,0.998892605304718,0.9465116262435913
YML069W,YHR050W,0,,0.09544973820447922,0.998892605304718,0.946622371673584
YMR011W,YHR026W,0,,0.09543963521718979,0.998892605304718,0.9467331171035767
YCL038C,YGL153W,0,,0.09542953968048096,0.998892605304718,0.9468438625335693
YBL042C,YOL041C,0,,0.09541944414377213,0.998892605304718,0.946954607963562
YIL041W,YNL241C,0,,0.0954093486070633,0.998892605304718,0.9470653533935547
YAR050W,YHR102W,0,,0.09539926052093506,0.998892605304718,0.9471760988235474
YFR004W,YDL014W,0,,0.09538917243480682,0.998892605304718,0.94728684425354
YLR410W,YDL191W,0,,0.09537908434867859,0.998892605304718,0.9473975896835327
YGL100W,YIL082W-A,0,,0.09536899626255035,0.998892605304718,0.9475083351135254
YLR070C,YMR167W,0,,0.09535891562700272,0.998892605304718,0.9476190209388733
YBR126C,YDR085C,0,,0.09534883499145508,0.998892605304718,0.947729766368866
YDR225W,YOL060C,0,,0.09533876180648804,0.998892605304718,0.9478405117988586
YKR010C,YHR094C,0,,0.0953286811709404,0.998892605304718,0.9479512572288513
YKL027W,YDR141C,0,,0.09531860798597336,0.998892605304718,0.948062002658844
YIL158W,YPL012W,0,,0.09530853480100632,0.998892605304718,0.9481727480888367
YOL016C,YNL082W,0,,0.09529846906661987,0.998892605304718,0.9482834935188293
YNL300W,YNL002C,0,,0.09528840333223343,0.998892605304718,0.948394238948822
YIL040W,YJR088C,0,,0.09527833759784698,0.998892605304718,0.9485049843788147
YDR027C,YOR298C-A,0,,0.09526827186346054,0.998892605304718,0.9486157298088074
YMR161W,YMR067C,0,,0.0952582135796547,0.998892605304718,0.9487264752388
YLL039C,YNL177C,0,,0.09524815529584885,0.998892605304718,0.9488372206687927
YHR141C,YDR316W,0,,0.095238097012043,0.998892605304718,0.9489479660987854
YLR262C,YIL040W,0,,0.09522803872823715,0.998892605304718,0.9490587115287781
YOR056C,YPL020C,0,,0.0952179878950119,0.998892605304718,0.9491694569587708
YHL007C,YOL044W,0,,0.09520793706178665,0.998892605304718,0.9492802023887634
YJL018W,YIL044C,0,,0.0951978862285614,0.998892605304718,0.9493909478187561
YGR109C,YGL153W,0,,0.09518784284591675,0.998892605304718,0.949501633644104
YCR042C,YLR022C,0,,0.0951777994632721,0.998892605304718,0.9496123790740967
YPL045W,YMR104C,0,,0.09516775608062744,0.998892605304718,0.9497231245040894
YDR034C-D,YEL071W,0,,0.09515772014856339,0.998892605304718,0.949833869934082
YLR336C,YKR092C,0,,0.09514767676591873,0.998892605304718,0.9499446153640747
YAL014C,YGR284C,0,,0.09513764083385468,0.998892605304718,0.9500553607940674
YLR128W,YML072C,0,,0.09512761235237122,0.998892605304718,0.9501661062240601
YOL027C,YCL026C-A,0,,0.09511757642030716,0.998892605304718,0.9502768516540527
YMR283C,YGL207W,0,,0.0951075479388237,0.998892605304718,0.9503875970840454
YDL153C,YNR063W,0,,0.09509751945734024,0.998892605304718,0.9504983425140381
YOR128C,YOR214C,0,,0.09508749842643738,0.998892605304718,0.9506090879440308
YLR071C,YOR022C,0,,0.09507747739553452,0.998892605304718,0.9507198333740234
YLR406C,YBL046W,0,,0.09506745636463165,0.998892605304718,0.9508305788040161
YKL193C,YJR144W,0,,0.09505743533372879,0.998892605304718,0.9509413242340088
YKL096W,YGR289C,0,,0.09504742175340652,0.998892605304718,0.9510520696640015
YJR014W,YLR229C,0,,0.09503740072250366,0.998892605304718,0.9511628150939941
YIL158W,YGL245W,0,,0.095027394592762,0.998892605304718,0.9512735605239868
YGR038C-B,YDR354W,0,,0.09501738101243973,0.998892605304718,0.9513842463493347
YJL042W,YMR021C,0,,0.09500737488269806,0.998892605304718,0.9514949917793274
YHL009C,YPL024W,0,,0.09499736875295639,0.998892605304718,0.9516057372093201
YDR027C,YHR065C,0,,0.09498736262321472,0.998892605304718,0.9517164826393127
YEL009C,YKL139W,0,,0.09497736394405365,0.998892605304718,0.9518272280693054
YML066C,YOR234C,0,,0.09496736526489258,0.998892605304718,0.9519379734992981
YPL118W,YBR154C,0,,0.0949573665857315,0.998892605304718,0.9520487189292908
YOL008W,YPR104C,0,,0.09494736790657043,0.998892605304718,0.9521594643592834
YPR018W,YPR107C,0,,0.09493737667798996,0.998892605304718,0.9522702097892761
YPR145W,YDL064W,0,,0.09492738544940948,0.998892605304718,0.9523809552192688
YNR063W,YFL022C,0,,0.09491739422082901,0.998892605304718,0.9524917006492615
YLR431C,YKL221W,0,,0.09490741044282913,0.998892605304718,0.9526024460792542
YGR148C,YNL002C,0,,0.09489741921424866,0.998892605304718,0.9527131915092468
YGR161C-C,YIL065C,0,,0.09488744288682938,0.998892605304718,0.9528239369392395
YPL030W,YLR424W,0,,0.0948774591088295,0.998892605304718,0.9529346823692322
YER039C,YER011W,0,,0.09486748278141022,0.998892605304718,0.9530454277992249
YOR173W,YJL138C,0,,0.09485750645399094,0.998892605304718,0.9531561732292175
YKL096W,YBR136W,0,,0.09484753012657166,0.998892605304718,0.9532668590545654
YDR123C,YNL241C,0,,0.09483755379915237,0.998892605304718,0.9533776044845581
YDL025C,YPR020W,0,,0.09482758492231369,0.998892605304718,0.9534883499145508
YPL228W,YLR319C,0,,0.094817616045475,0.998892605304718,0.9535990953445435
YOR149C,YCR083W,0,,0.09480765461921692,0.998892605304718,0.9537098407745361
YOL017W,YDR266C,0,,0.09479768574237823,0.998892605304718,0.9538205862045288
YPL237W,YGR033C,0,,0.09478772431612015,0.998892605304718,0.9539313316345215
YNL241C,YOR083W,0,,0.09477776288986206,0.998892605304718,0.9540420770645142
YGL160W,YOR058C,0,,0.09476780891418457,0.998892605304718,0.9541528224945068
YMR309C,YGL008C,0,,0.09475785493850708,0.998892605304718,0.9542635679244995
YDR261C-C,YMR104C,0,,0.09474790096282959,0.998892605304718,0.9543743133544922
YPL255W,YGR231C,0,,0.0947379469871521,0.998892605304718,0.9544850587844849
YLR077W,YKL096W,0,,0.0947280004620552,0.998892605304718,0.9545958042144775
YLR342W,YHR107C,0,,0.09471805393695831,0.998892605304718,0.9547065496444702
YDR016C,YGL038C,0,,0.09470810741186142,0.998892605304718,0.9548172950744629
YGR148C,YDL188C,0,,0.09469816088676453,0.998892605304718,0.9549280405044556
YOR005C,YDL165W,0,,0.09468822181224823,0.998892605304718,0.9550387859344482
YLR002C,YHR026W,0,,0.09467828273773193,0.998892605304718,0.9551495313644409
YLR138W,YGL022W,0,,0.09466834366321564,0.998892605304718,0.9552602171897888
YHR091C,YER035W,0,,0.09465841203927994,0.998892605304718,0.9553709626197815
YKL213C,YNL005C,0,,0.09464848041534424,0.998892605304718,0.9554817080497742
YOL039W,YMR060C,0,,0.09463854879140854,0.998892605304718,0.9555924534797668
YMR104C,YHL020C,0,,0.09462861716747284,0.998892605304718,0.9557031989097595
YIL162W,YNR049C,0,,0.09461869299411774,0.998892605304718,0.9558139443397522
YBR239C,YDL156W,0,,0.09460876882076263,0.998892605304718,0.9559246897697449
YOL128C,YOR188W,0,,0.09459884464740753,0.998892605304718,0.9560354351997375
YGR028W,YDR522C,0,,0.09458892792463303,0.998892605304718,0.9561461806297302
YIR022W,YCR008W,0,,0.09457901120185852,0.998892605304718,0.9562569260597229
YDR519W,YBR019C,0,,0.09456909447908401,0.998892605304718,0.9563676714897156
YAL042W,YKL139W,0,,0.09455917775630951,0.998892605304718,0.9564784169197083
YDR073W,YIL065C,0,,0.0945492684841156,0.998892605304718,0.9565891623497009
YDR034C-D,YPR065W,0,,0.09453935921192169,0.998892605304718,0.9566999077796936
YGR148C,YER011W,0,,0.09452944993972778,0.998892605304718,0.9568106532096863
YEL063C,YPL055C,0,,0.09451954066753387,0.998892605304718,0.956921398639679
YMR106C,YGR231C,0,,0.09450963884592056,0.998892605304718,0.9570321440696716
YHR016C,YPL057C,0,,0.09449973702430725,0.998892605304718,0.9571428298950195
YLR274W,YIL121W,0,,0.09448983520269394,0.998892605304718,0.9572535753250122
YKL213C,YGR240C,0,,0.09447994083166122,0.998892605304718,0.9573643207550049
YIL065C,YBR008C,0,,0.09447004646062851,0.998892605304718,0.9574750661849976
YDR311W,YGR013W,0,,0.0944601520895958,0.998892605304718,0.9575858116149902
YHR063C,YCR068W,0,,0.09445026516914368,0.998892605304718,0.9576965570449829
YDR506C,YBR021W,0,,0.09444037079811096,0.998892605304718,0.9578073024749756
YDL188C,YER035W,0,,0.09443048387765884,0.998892605304718,0.9579180479049683
YGR028W,YHR003C,0,,0.09442060440778732,0.998892605304718,0.9580287933349609
YBL002W,YBR008C,0,,0.0944107174873352,0.998892605304718,0.9581395387649536
YNR056C,YIL015W,0,,0.09440083801746368,0.998892605304718,0.9582502841949463
YDR180W,YEL071W,0,,0.09439095854759216,0.998892605304718,0.958361029624939
YER146W,YOL027C,0,,0.09438107907772064,0.998892605304718,0.9584717750549316
YLR225C,YBR228W,0,,0.09437120705842972,0.998892605304718,0.9585825204849243
YJR129C,YJL002C,0,,0.0943613350391388,0.998892605304718,0.958693265914917
YOL146W,YLL010C,0,,0.09435146301984787,0.998892605304718,0.9588040113449097
YDR034C-D,YMR134W,0,,0.09434159845113754,0.998892605304718,0.9589147567749023
YER118C,YOL017W,0,,0.09433172643184662,0.998892605304718,0.9590254426002502
YPR107C,YPL037C,0,,0.09432186186313629,0.998892605304718,0.9591361880302429
YJL028W,YBL036C,0,,0.09431200474500656,0.998892605304718,0.9592469334602356
YNL299W,YEL071W,0,,0.09430214017629623,0.998892605304718,0.9593576788902283
YCR067C,YOL027C,0,,0.0942922830581665,0.998892605304718,0.959468424320221
YBR258C,YHR183W,0,,0.09428242594003677,0.998892605304718,0.9595791697502136
YPL164C,YOL130W,0,,0.09427257627248764,0.998892605304718,0.9596899151802063
YMR189W,YFL034C-B,0,,0.09426272660493851,0.998892605304718,0.959800660610199
YLR132C,YLR336C,0,,0.09425287693738937,0.998892605304718,0.9599114060401917
YJL115W,YGR172C,0,,0.09424302726984024,0.998892605304718,0.9600221514701843
YBR280C,YDR097C,0,,0.09423317760229111,0.998892605304718,0.960132896900177
YGR125W,YBL009W,0,,0.09422333538532257,0.998892605304718,0.9602436423301697
YJL137C,YLL032C,0,,0.09421349316835403,0.998892605304718,0.9603543877601624
YHL009W-A,YOR077W,0,,0.0942036584019661,0.998892605304718,0.960465133190155
YLR071C,YPR033C,0,,0.09419381618499756,0.998892605304718,0.9605758786201477
YML062C,YNL270C,0,,0.09418398141860962,0.998892605304718,0.9606866240501404
YPR029C,YCR033W,0,,0.09417414665222168,0.998892605304718,0.9607973694801331
YGR186W,YNR032W,0,,0.09416431933641434,0.998892605304718,0.960908055305481
YDR027C,YEL060C,0,,0.094154492020607,0.998892605304718,0.9610188007354736
YNL264C,YBL004W,0,,0.09414466470479965,0.998892605304718,0.9611295461654663
YPL053C,YFR044C,0,,0.09413483738899231,0.998892605304718,0.961240291595459
YDR058C,YLR405W,0,,0.09412501007318497,0.998892605304718,0.9613510370254517
YHR107C,YDL044C,0,,0.09411519020795822,0.998892605304718,0.9614617824554443
YGL002W,YDL058W,0,,0.09410537034273148,0.998892605304718,0.961572527885437
YDR519W,YIL103W,0,,0.09409555792808533,0.998892605304718,0.9616832733154297
YBR136W,YLR003C,0,,0.09408573806285858,0.998892605304718,0.9617940187454224
YOR056C,YHL033C,0,,0.09407592564821243,0.998892605304718,0.961904764175415
YNL002C,YHR083W,0,,0.09406612068414688,0.998892605304718,0.9620155096054077
YDR221W,YHL009W-A,0,,0.09405630826950073,0.998892605304718,0.9621262550354004
YML078W,YOL068C,0,,0.09404650330543518,0.998892605304718,0.9622370004653931
YGR038W,YOR295W,0,,0.09403669834136963,0.998892605304718,0.9623477458953857
YEL046C,YOR058C,0,,0.09402689337730408,0.998892605304718,0.9624584913253784
YER146W,YAR071W,0,,0.09401709586381912,0.998892605304718,0.9625692367553711
YLR135W,YPL030W,0,,0.09400729835033417,0.998892605304718,0.9626799821853638
YLR410W,YJR007W,0,,0.09399750083684921,0.998892605304718,0.9627906680107117
YOR190W,YNL229C,0,,0.09398770332336426,0.998892605304718,0.9629014134407043
YNL139C,YDR141C,0,,0.0939779132604599,0.998892605304718,0.963012158870697
YEL026W,YGR166W,0,,0.09396812319755554,0.998892605304718,0.9631229043006897
YNL024C-A,YOR094W,0,,0.09395833313465118,0.998892605304718,0.9632336497306824
YCR088W,YDL044C,0,,0.09394855052232742,0.998892605304718,0.963344395160675
YBR217W,YPL128C,0,,0.09393876045942307,0.998892605304718,0.9634551405906677
YMR121C,YPL015C,0,,0.0939289778470993,0.998892605304718,0.9635658860206604
YGR275W,YIL158W,0,,0.09391920268535614,0.998892605304718,0.9636766314506531
YHR091C,YML026C,0,,0.09390942007303238,0.998892605304718,0.9637873768806458
YOR371C,YPL005W,0,,0.09389964491128922,0.998892605304718,0.9638981223106384
YDR006C,YGL002W,0,,0.09388986974954605,0.998892605304718,0.9640088677406311
YJL151C,YBL002W,0,,0.09388010203838348,0.998892605304718,0.9641196131706238
YLR424W,YLR319C,0,,0.09387032687664032,0.998892605304718,0.9642303586006165
YGR121C,YPL060C-A,0,,0.09386055916547775,0.998892605304718,0.9643411040306091
YML114C,YHR043C,0,,0.09385079890489578,0.998892605304718,0.9644518494606018
YNR023W,YGR109C,0,,0.09384103119373322,0.998892605304718,0.9645625948905945
YCR083W,YOL113W,0,,0.09383127093315125,0.998892605304718,0.9646733403205872
YJL159W,YPR185W,0,,0.09382151067256927,0.998892605304718,0.9647840261459351
YCR102C,YHR019C,0,,0.0938117504119873,0.998892605304718,0.9648947715759277
YOR339C,YIL010W,0,,0.09380199760198593,0.998892605304718,0.9650055170059204
YKR060W,YKL220C,0,,0.09379224479198456,0.998892605304718,0.9651162624359131
YHR121W,YPR112C,0,,0.09378249198198318,0.998892605304718,0.9652270078659058
YPL016W,YCR089W,0,,0.09377273917198181,0.998892605304718,0.9653377532958984
YBL016W,YKR045C,0,,0.09376299381256104,0.998892605304718,0.9654484987258911
YLR225C,YBR215W,0,,0.09375324845314026,0.998892605304718,0.9655592441558838
YGL181W,YDL058W,0,,0.09374350309371948,0.998892605304718,0.9656699895858765
YOR115C,YMR154C,0,,0.0937337651848793,0.998892605304718,0.9657807350158691
YML024W,YER122C,0,,0.09372401982545853,0.998892605304718,0.9658914804458618
YOR130C,YNR049C,0,,0.09371428936719894,0.998892605304718,0.9660022258758545
YIL117C,YIR034C,0,,0.09370455145835876,0.998892605304718,0.9661129713058472
YBR234C,YJR129C,0,,0.09369481354951859,0.998892605304718,0.9662237167358398
YGR186W,YLR133W,0,,0.093685083091259,0.998892605304718,0.9663344621658325
YBR084C-A,YNL014W,0,,0.09367535263299942,0.998892605304718,0.9664452075958252
YDL156W,YGR207C,0,,0.09366562962532043,0.998892605304718,0.9665559530258179
YML022W,YBR161W,0,,0.09365589916706085,0.998892605304718,0.9666666388511658
YMR024W,YMR251W-A,0,,0.09364617615938187,0.998892605304718,0.9667773842811584
YHR007C,YIL010W,0,,0.09363646060228348,0.998892605304718,0.9668881297111511
YNR023W,YGR278W,0,,0.09362673759460449,0.998892605304718,0.9669988751411438
YKR045C,YGR280C,0,,0.0936170220375061,0.998892605304718,0.9671096205711365
YMR323W,YLR117C,0,,0.09360730648040771,0.998892605304718,0.9672203660011292
YDR307W,YPL079W,0,,0.09359759092330933,0.998892605304718,0.9673311114311218
YGL224C,YER170W,0,,0.09358788281679153,0.998892605304718,0.9674418568611145
YBR079C,YLR110C,0,,0.09357817471027374,0.998892605304718,0.9675526022911072
YEL009C,YLR362W,0,,0.09356846660375595,0.998892605304718,0.9676633477210999
YGR277C,YDL147W,0,,0.09355875849723816,0.998892605304718,0.9677740931510925
YHR063C,YJR064W,0,,0.09354905784130096,0.998892605304718,0.9678848385810852
YDR191W,YBR210W,0,,0.09353935718536377,0.998892605304718,0.9679955840110779
YGR157W,YHL022C,0,,0.09352965652942657,0.998892605304718,0.9681063294410706
YJL151C,YOL115W,0,,0.09351995587348938,0.998892605304718,0.9682170748710632
YDR385W,YGR240C,0,,0.09351026266813278,0.998892605304718,0.9683278203010559
YMR266W,YBL027W,0,,0.09350056946277618,0.998892605304718,0.9684385657310486
YCR028C-A,YMR309C,0,,0.09349087625741959,0.998892605304718,0.9685492515563965
YMR021C,YBR236C,0,,0.09348119050264359,0.998892605304718,0.9686599969863892
YDR214W,YBR077C,0,,0.09347150474786758,0.998892605304718,0.9687707424163818
YJR091C,YHR016C,0,,0.09346181899309158,0.998892605304718,0.9688814878463745
YER065C,YCL062W,0,,0.09345213323831558,0.998892605304718,0.9689922332763672
YPL268W,YLR408C,0,,0.09344245493412018,0.998892605304718,0.9691029787063599
YJL210W,YGL029W,0,,0.09343277662992477,0.998892605304718,0.9692137241363525
YDR506C,YNL224C,0,,0.09342309832572937,0.998892605304718,0.9693244695663452
YHR091C,YOR017W,0,,0.09341342002153397,0.998892605304718,0.9694352149963379
YBL036C,YJL092W,0,,0.09340374916791916,0.998892605304718,0.9695459604263306
YPR181C,YMR216C,0,,0.09339407831430435,0.998892605304718,0.9696567058563232
YDR462W,YLL023C,0,,0.09338440746068954,0.998892605304718,0.9697674512863159
YJL091C,YHR018C,0,,0.09337474405765533,0.998892605304718,0.9698781967163086
YBL018C,YNL093W,0,,0.09336507320404053,0.998892605304718,0.9699889421463013
YBL099W,YKR024C,0,,0.09335540980100632,0.998892605304718,0.970099687576294
YKL163W,YPL003W,0,,0.0933457538485527,0.998892605304718,0.9702104330062866
YGL187C,YJR077C,0,,0.0933360904455185,0.998892605304718,0.9703211784362793
YAL001C,YOL044W,0,,0.09332643449306488,0.998892605304718,0.9704318642616272
YMR052W,YJR125C,0,,0.09331677854061127,0.998892605304718,0.9705426096916199
YDL168W,YMR291W,0,,0.09330713003873825,0.998892605304718,0.9706533551216125
YDL226C,YPL242C,0,,0.09329747408628464,0.998892605304718,0.9707641005516052
YKR086W,YLR066W,0,,0.09328782558441162,0.998892605304718,0.9708748459815979
YOR360C,YFL002C,0,,0.0932781770825386,0.998892605304718,0.9709855914115906
YER169W,YLL023C,0,,0.09326853603124619,0.998892605304718,0.9710963368415833
YOR368W,YNL270C,0,,0.09325889497995377,0.998892605304718,0.9712070822715759
YGR028W,YIL016W,0,,0.09324925392866135,0.998892605304718,0.9713178277015686
YJR105W,YPL029W,0,,0.09323961287736893,0.998892605304718,0.9714285731315613
YGR166W,YML010W,0,,0.09322997182607651,0.998892605304718,0.971539318561554
YLR225C,YLR275W,0,,0.09322033822536469,0.998892605304718,0.9716500639915466
YPL211W,YHR098C,0,,0.09321070462465286,0.998892605304718,0.9717608094215393
YLR362W,YKL157W,0,,0.09320107102394104,0.998892605304718,0.971871554851532
YKL220C,YMR244C-A,0,,0.09319144487380981,0.998892605304718,0.9719823002815247
YJR002W,YAL009W,0,,0.09318181872367859,0.998892605304718,0.9720930457115173
YDR480W,YIR010W,0,,0.09317219257354736,0.998892605304718,0.97220379114151
YNL126W,YPL045W,0,,0.09316256642341614,0.998892605304718,0.9723145365715027
YCR017C,YMR060C,0,,0.09315294772386551,0.998892605304718,0.9724252223968506
YMR266W,YPL053C,0,,0.09314332902431488,0.998892605304718,0.9725359678268433
YEL034W,YDL213C,0,,0.09313371032476425,0.998892605304718,0.9726467132568359
YPL190C,YOR077W,0,,0.09312409907579422,0.998892605304718,0.9727574586868286
YKL035W,YIL065C,0,,0.09311448037624359,0.998892605304718,0.9728682041168213
YCL019W,YFL055W,0,,0.09310486912727356,0.998892605304718,0.972978949546814
YPL164C,YDL207W,0,,0.09309526532888412,0.998892605304718,0.9730896949768066
YIL041W,YER172C,0,,0.09308565407991409,0.998892605304718,0.9732004404067993
YDL168W,YDL025C,0,,0.09307605028152466,0.998892605304718,0.973311185836792
YGR186W,YLR368W,0,,0.09306644648313522,0.998892605304718,0.9734219312667847
YBR139W,YML072C,0,,0.09305684268474579,0.998892605304718,0.9735326766967773
YDR156W,YNL225C,0,,0.09304724633693695,0.998892605304718,0.97364342212677
YPR009W,YLR399C,0,,0.09303764998912811,0.998892605304718,0.9737541675567627
YEL026W,YPL086C,0,,0.09302805364131927,0.998892605304718,0.9738649129867554
YDR153C,YKR087C,0,,0.09301845729351044,0.998892605304718,0.973975658416748
YDR408C,YKR039W,0,,0.0930088683962822,0.998892605304718,0.9740864038467407
YMR167W,YDL213C,0,,0.09299927949905396,0.998892605304718,0.9741971492767334
YIR007W,YHR072W,0,,0.09298969060182571,0.998892605304718,0.9743078351020813
YML022W,YER124C,0,,0.09298010170459747,0.998892605304718,0.974418580532074
YGL013C,YBR293W,0,,0.09297052025794983,0.998892605304718,0.9745293259620667
YMR216C,YLR216C,0,,0.09296093881130219,0.998892605304718,0.9746400713920593
YGR256W,YNL005C,0,,0.09295135736465454,0.998892605304718,0.974750816822052
YPL009C,YLR336C,0,,0.0929417833685875,0.998892605304718,0.9748615622520447
YIL127C,YJL118W,0,,0.09293220937252045,0.998892605304718,0.9749723076820374
YDR051C,YML024W,0,,0.0929226353764534,0.998892605304718,0.97508305311203
YIL015W,YKR046C,0,,0.09291306138038635,0.998892605304718,0.9751937985420227
YGR038W,YDL079C,0,,0.0929034948348999,0.998892605304718,0.9753045439720154
YFR042W,YNL169C,0,,0.09289392083883286,0.998892605304718,0.9754152894020081
YKL193C,YGR261C,0,,0.0928843542933464,0.998892605304718,0.9755260348320007
YIL065C,YOL058W,0,,0.09287479519844055,0.998892605304718,0.9756367802619934
YPL227C,YDR331W,0,,0.0928652286529541,0.998892605304718,0.9757475256919861
YOR256C,YNL220W,0,,0.09285566955804825,0.998892605304718,0.9758582711219788
YNL067W,YNL252C,0,,0.09284611791372299,0.998892605304718,0.9759690165519714
YOR017W,YDR540C,0,,0.09283655881881714,0.998892605304718,0.9760797619819641
YBR077C,YIR003W,0,,0.09282700717449188,0.998892605304718,0.976190447807312
YOR255W,YBR014C,0,,0.09281745553016663,0.998892605304718,0.9763011932373047
YCR073C,YPL053C,0,,0.09280790388584137,0.998892605304718,0.9764119386672974
YFR042W,YCR024C-A,0,,0.09279835224151611,0.998892605304718,0.97652268409729
YNL336W,YMR305C,0,,0.09278880804777145,0.998892605304718,0.9766334295272827
YDR346C,YHR050W,0,,0.0927792638540268,0.998892605304718,0.9767441749572754
YGR198W,YDR084C,0,,0.09276971966028214,0.998892605304718,0.9768549203872681
YNL124W,YLR362W,0,,0.09276018291711807,0.998892605304718,0.9769656658172607
YLR157C-A,YMR190C,0,,0.09275064617395401,0.998892605304718,0.9770764112472534
YOR007C,YPL212C,0,,0.09274110943078995,0.998892605304718,0.9771871566772461
YDL010W,YKL012W,0,,0.09273157268762589,0.998892605304718,0.9772979021072388
YKR018C,YFL003C,0,,0.09272203594446182,0.998892605304718,0.9774086475372314
YGR109C,YIL114C,0,,0.09271250665187836,0.998892605304718,0.9775193929672241
YER119C,YLR133W,0,,0.09270297735929489,0.998892605304718,0.9776301383972168
YDL064W,YHR203C,0,,0.09269345551729202,0.998892605304718,0.9777408838272095
YKL107W,YGR163W,0,,0.09268392622470856,0.998892605304718,0.9778516292572021
YJL018W,YNL037C,0,,0.09267440438270569,0.998892605304718,0.9779623746871948
YBL042C,YLL042C,0,,0.09266488254070282,0.998892605304718,0.9780730605125427
YOL049W,YDL014W,0,,0.09265536814928055,0.998892605304718,0.9781838059425354
YCR027C,YGL181W,0,,0.09264585375785828,0.998892605304718,0.9782945513725281
YKL208W,YJL115W,0,,0.09263633191585541,0.998892605304718,0.9784052968025208
YKR081C,YER011W,0,,0.09262682497501373,0.998892605304718,0.9785160422325134
YGR033C,YLL039C,0,,0.09261731058359146,0.998892605304718,0.9786267876625061
YHR072W-A,YGR163W,0,,0.09260780364274979,0.998892605304718,0.9787375330924988
YGR287C,YIR008C,0,,0.09259829670190811,0.998892605304718,0.9788482785224915
YPL053C,YER048C,0,,0.09258878976106644,0.998892605304718,0.9789590239524841
YLR069C,YGR231C,0,,0.09257929027080536,0.998892605304718,0.9790697693824768
YGL133W,YGR206W,0,,0.09256978332996368,0.998892605304718,0.9791805148124695
YER019W,YGL130W,0,,0.0925602838397026,0.998892605304718,0.9792912602424622
YCR027C,YJL207C,0,,0.09255079180002213,0.998892605304718,0.9794020056724548
YBR217W,YGL224C,0,,0.09254129230976105,0.998892605304718,0.9795127511024475
YJL028W,YAL042W,0,,0.09253180027008057,0.998892605304718,0.9796234965324402
YJL002C,YIL129C,0,,0.09252230823040009,0.998892605304718,0.9797342419624329
YPL266W,YBR014C,0,,0.0925128236413002,0.998892605304718,0.9798449873924255
YOR064C,YIL044C,0,,0.09250333160161972,0.998892605304718,0.9799557328224182
YOR208W,YKL184W,0,,0.09249384701251984,0.998892605304718,0.9800664186477661
YLR242C,YMR030W,0,,0.09248436242341995,0.998892605304718,0.9801771640777588
YHR107C,YDR037W,0,,0.09247488528490067,0.998892605304718,0.9802879095077515
YMR283C,YPR112C,0,,0.09246540069580078,0.998892605304718,0.9803986549377441
YMR113W,YGR280C,0,,0.0924559235572815,0.998892605304718,0.9805094003677368
YLR166C,YNL336W,0,,0.09244644641876221,0.998892605304718,0.9806201457977295
YGL011C,YPL192C,0,,0.09243697673082352,0.998892605304718,0.9807308912277222
YML126C,YKR086W,0,,0.09242749959230423,0.998892605304718,0.9808416366577148
YDR058C,YNL021W,0,,0.09241802990436554,0.998892605304718,0.9809523820877075
YOR033C,YIR028W,0,,0.09240856766700745,0.998892605304718,0.9810631275177002
YDR180W,YOR064C,0,,0.09239909797906876,0.998892605304718,0.9811738729476929
YDR162C,YMR154C,0,,0.09238963574171066,0.998892605304718,0.9812846183776855
YCR097W,YER166W,0,,0.09238017350435257,0.998892605304718,0.9813953638076782
YDR385W,YBR056W,0,,0.09237071126699448,0.998892605304718,0.9815061092376709
YOR125C,YKL092C,0,,0.09236125648021698,0.998892605304718,0.9816168546676636
YDR182W,YOR256C,0,,0.09235179424285889,0.998892605304718,0.9817276000976562
YOR094W,YPR112C,0,,0.09234233945608139,0.998892605304718,0.9818383455276489
YNL002C,YML014W,0,,0.09233289211988449,0.998892605304718,0.9819490313529968
YOR094W,YPL270W,0,,0.092323437333107,0.998892605304718,0.9820597767829895
YOR064C,YOR375C,0,,0.0923139899969101,0.998892605304718,0.9821705222129822
YGR195W,YMR113W,0,,0.0923045426607132,0.998892605304718,0.9822812676429749
YHR019C,YHR045W,0,,0.0922950953245163,0.998892605304718,0.9823920130729675
YHR143W-A,YPL249C,0,,0.0922856554389,0.998892605304718,0.9825027585029602
YJR047C,YKL046C,0,,0.09227621555328369,0.998892605304718,0.9826135039329529
YDR198C,YNL270C,0,,0.09226677566766739,0.998892605304718,0.9827242493629456
YAL001C,YMR134W,0,,0.09225733578205109,0.998892605304718,0.9828349947929382
YJL123C,YHR001W,0,,0.09224790334701538,0.998892605304718,0.9829457402229309
YDL207W,YNL312W,0,,0.09223847091197968,0.998892605304718,0.9830564856529236
YNL082W,YNL245C,0,,0.09222903847694397,0.998892605304718,0.9831672310829163
YDR385W,YHR216W,0,,0.09221960604190826,0.998892605304718,0.9832779765129089
YNL126W,YMR278W,0,,0.09221018105745316,0.998892605304718,0.9833887219429016
YPR185W,YPR022C,0,,0.09220075607299805,0.998892605304718,0.9834994673728943
YGL121C,YDR324C,0,,0.09219133108854294,0.998892605304718,0.983610212802887
YLR205C,YOR003W,0,,0.09218191355466843,0.998892605304718,0.9837209582328796
YCR017C,YJL050W,0,,0.09217248857021332,0.998892605304718,0.9838316440582275
YBR127C,YPR004C,0,,0.0921630710363388,0.998892605304718,0.9839423894882202
YNL082W,YGL179C,0,,0.09215366095304489,0.998892605304718,0.9840531349182129
YAL005C,YEL042W,0,,0.09214424341917038,0.998892605304718,0.9841638803482056
YNR036C,YMR278W,0,,0.09213483333587646,0.998892605304718,0.9842746257781982
YLR262C,YBR152W,0,,0.09212542325258255,0.998892605304718,0.9843853712081909
YMR202W,YDR480W,0,,0.09211601316928864,0.998892605304718,0.9844961166381836
YHR001W,YKL084W,0,,0.09210660308599472,0.998892605304718,0.9846068620681763
YLR157C-A,YKR042W,0,,0.0920972004532814,0.998892605304718,0.984717607498169
YDR123C,YDR267C,0,,0.09208779782056808,0.998892605304718,0.9848283529281616
YMR170C,YLR421C,0,,0.09207840263843536,0.998892605304718,0.9849390983581543
YLR057W,YIL073C,0,,0.09206900000572205,0.998892605304718,0.985049843788147
YPL053C,YMR167W,0,,0.09205960482358932,0.998892605304718,0.9851605892181396
YIR034C,YGL254W,0,,0.0920502096414566,0.998892605304718,0.9852713346481323
YNL225C,YJR002W,0,,0.09204081445932388,0.998892605304718,0.985382080078125
YNL209W,YER065C,0,,0.09203142672777176,0.998892605304718,0.9854928255081177
YLR369W,YBL105C,0,,0.09202203899621964,0.998892605304718,0.9856035709381104
YML008C,YML075C,0,,0.09201265126466751,0.998892605304718,0.9857142567634583
YAL005C,YPL217C,0,,0.09200326353311539,0.998892605304718,0.9858250021934509
YOR130C,YLL010C,0,,0.09199388325214386,0.998892605304718,0.9859357476234436
YNL064C,YDR489W,0,,0.09198450297117233,0.998892605304718,0.9860464930534363
YKR022C,YOR367W,0,,0.0919751226902008,0.998892605304718,0.986157238483429
YGL048C,YBR088C,0,,0.09196574240922928,0.998892605304718,0.9862679839134216
YDR485C,YER094C,0,,0.09195636957883835,0.998892605304718,0.9863787293434143
YBL084C,YDR208W,0,,0.09194698929786682,0.998892605304718,0.986489474773407
YKL213C,YDL226C,0,,0.09193762391805649,0.998892605304718,0.9866002202033997
YOR153W,YDR208W,0,,0.09192825108766556,0.998892605304718,0.9867109656333923
YLR070C,YMR113W,0,,0.09191888570785522,0.998892605304718,0.986821711063385
YBR133C,YGR280C,0,,0.09190952032804489,0.998892605304718,0.9869324564933777
YLR388W,YNL035C,0,,0.09190015494823456,0.998892605304718,0.9870432019233704
YPR107C,YPL057C,0,,0.09189078956842422,0.998892605304718,0.987153947353363
YDR354W,YER122C,0,,0.09188143163919449,0.998892605304718,0.9872646927833557
YLR406C,YGR087C,0,,0.09187207370996475,0.998892605304718,0.9873754382133484
YLR138W,YNL067W,0,,0.09186271578073502,0.998892605304718,0.9874861836433411
YPL211W,YNL316C,0,,0.09185335785150528,0.998892605304718,0.987596869468689
YPL055C,YNL222W,0,,0.09184400737285614,0.998892605304718,0.9877076148986816
YPR033C,YKR065C,0,,0.091834656894207,0.998892605304718,0.9878183603286743
YMR079W,YCR097W,0,,0.09182530641555786,0.998892605304718,0.987929105758667
YGL166W,YBR110W,0,,0.09181596338748932,0.998892605304718,0.9880398511886597
YML064C,YER119C,0,,0.09180661290884018,0.998892605304718,0.9881505966186523
YBR152W,YOR205C,0,,0.09179726988077164,0.998892605304718,0.988261342048645
YKL221W,YNL152W,0,,0.09178793430328369,0.998892605304718,0.9883720874786377
YMR113W,YER004W,0,,0.09177859127521515,0.998892605304718,0.9884828329086304
YFR028C,YGL055W,0,,0.0917692556977272,0.998892605304718,0.988593578338623
YML118W,YPR056W,0,,0.09175992012023926,0.998892605304718,0.9887043237686157
YLR064W,YGL008C,0,,0.09175058454275131,0.998892605304718,0.9888150691986084
YNL329C,YPL230W,0,,0.09174125641584396,0.998892605304718,0.9889258146286011
YLR216C,YIL031W,0,,0.09173192083835602,0.998892605304718,0.9890365600585938
YBL066C,YGR038C-B,0,,0.09172259271144867,0.998892605304718,0.9891473054885864
YOL094C,YDL174C,0,,0.09171327203512192,0.998892605304718,0.9892580509185791
YGR038C-A,YGL207W,0,,0.09170394390821457,0.998892605304718,0.9893687963485718
YAL014C,YKL092C,0,,0.09169462323188782,0.998892605304718,0.9894795417785645
YDR155C,YPL190C,0,,0.09168530255556107,0.998892605304718,0.9895902276039124
YER054C,YML010W,0,,0.09167598187923431,0.998892605304718,0.989700973033905
YML066C,YGL044C,0,,0.09166666865348816,0.998892605304718,0.9898117184638977
YNL082W,YEL055C,0,,0.091657355427742,0.998892605304718,0.9899224638938904
YIL082W-A,YML046W,0,,0.09164804220199585,0.998892605304718,0.9900332093238831
YLR069C,YHR152W,0,,0.0916387289762497,0.998892605304718,0.9901439547538757
YOR149C,YLR081W,0,,0.09162941575050354,0.998892605304718,0.9902547001838684
YDR316W,YKR099C-A,0,,0.09162010997533798,0.998892605304718,0.9903654456138611
YLR431C,YHR200W,0,,0.09161080420017242,0.998892605304718,0.9904761910438538
YIL158W,YLR216C,0,,0.09160150587558746,0.998892605304718,0.9905869364738464
YJL014W,YPR066W,0,,0.0915922001004219,0.998892605304718,0.9906976819038391
YOR141C,YDR352W,0,,0.09158290177583694,0.998892605304718,0.9908084273338318
YFL009W,YPL270W,0,,0.09157360345125198,0.998892605304718,0.9909191727638245
YLR071C,YIL010W,0,,0.09156430512666702,0.998892605304718,0.9910299181938171
YGR203W,YJR113C,0,,0.09155501425266266,0.998892605304718,0.9911406636238098
YJL092W,YPR058W,0,,0.0915457233786583,0.998892605304718,0.9912514090538025
YPR201W,YKR018C,0,,0.09153643250465393,0.998892605304718,0.9913621544837952
YDR452W,YJL115W,0,,0.09152714163064957,0.998892605304718,0.9914728403091431
YJL051W,YPL032C,0,,0.0915178582072258,0.998892605304718,0.9915835857391357
YJL028W,YLR406C,0,,0.09150857478380203,0.998892605304718,0.9916943311691284
YJR105W,YJL104W,0,,0.09149929136037827,0.998892605304718,0.9918050765991211
YMR052W,YOR130C,0,,0.0914900079369545,0.998892605304718,0.9919158220291138
YDL049C,YMR121C,0,,0.09148073196411133,0.998892605304718,0.9920265674591064
YHR003C,YOL058W,0,,0.09147145599126816,0.998892605304718,0.9921373128890991
YGR108W,YPL023C,0,,0.09146218001842499,0.998892605304718,0.9922480583190918
YBR171W,YGL166W,0,,0.09145290404558182,0.998892605304718,0.9923588037490845
YOR354C,YKL027W,0,,0.09144363552331924,0.998892605304718,0.9924695491790771
YER048C,YGR074W,0,,0.09143436700105667,0.998892605304718,0.9925802946090698
YFR042W,YCL030C,0,,0.0914250984787941,0.998892605304718,0.9926910400390625
YOL119C,YBR070C,0,,0.09141582995653152,0.998892605304718,0.9928017854690552
YJR043C,YLR013W,0,,0.09140656888484955,0.998892605304718,0.9929125308990479
YDL207W,YJL111W,0,,0.09139730781316757,0.998892605304718,0.9930232763290405
YGL207W,YCL026C-A,0,,0.0913880467414856,0.998892605304718,0.9931340217590332
YGL038C,YGR140W,0,,0.09137878566980362,0.998892605304718,0.9932447671890259
YLR057W,YGL044C,0,,0.09136953204870224,0.998892605304718,0.9933554530143738
YPR181C,YNL152W,0,,0.09136027842760086,0.998892605304718,0.9934661984443665
YLR342W,YNL229C,0,,0.09135102480649948,0.998892605304718,0.9935769438743591
YOR307C,YNL047C,0,,0.0913417711853981,0.998892605304718,0.9936876893043518
YOR022C,YJR017C,0,,0.09133252501487732,0.998892605304718,0.9937984347343445
YNL134C,YKL148C,0,,0.09132327884435654,0.998892605304718,0.9939091801643372
YHR141C,YEL003W,0,,0.09131403267383575,0.998892605304718,0.9940199255943298
YJL104W,YPR004C,0,,0.09130478650331497,0.998892605304718,0.9941306710243225
YLR174W,YDR322C-A,0,,0.09129554778337479,0.998892605304718,0.9942414164543152
YBR210W,YHR191C,0,,0.0912863090634346,0.998892605304718,0.9943521618843079
YEL034W,YDR264C,0,,0.09127707034349442,0.998892605304718,0.9944629073143005
YBL046W,YCR020W-B,0,,0.09126783162355423,0.998892605304718,0.9945736527442932
YIL085C,YDR210W-A,0,,0.09125860035419464,0.998892605304718,0.9946843981742859
YMR011W,YBR302C,0,,0.09124936908483505,0.998892605304718,0.9947951436042786
YDR202C,YKR046C,0,,0.09124013781547546,0.998892605304718,0.9949058890342712
YPR020W,YAL032C,0,,0.09123090654611588,0.998892605304718,0.9950166344642639
YBR302C,YIL099W,0,,0.09122168272733688,0.998892605304718,0.9951273798942566
YDL066W,YOR198C,0,,0.09121245890855789,0.998892605304718,0.9952380657196045
YML114C,YNL030W,0,,0.0912032350897789,0.998892605304718,0.9953488111495972
YML038C,YPR158W-A,0,,0.09119401127099991,0.998892605304718,0.9954595565795898
YJL063C,YCL020W,0,,0.09118479490280151,0.998892605304718,0.9955703020095825
YPR029C,YBR139W,0,,0.09117557853460312,0.998892605304718,0.9956810474395752
YPL047W,YEL042W,0,,0.09116636216640472,0.998892605304718,0.9957917928695679
YNL106C,YGR065C,0,,0.09115715324878693,0.998892605304718,0.9959025382995605
YBR098W,YOL001W,0,,0.09114793688058853,0.998892605304718,0.9960132837295532
YOR128C,YHL018W,0,,0.09113872796297073,0.998892605304718,0.9961240291595459
YBR088C,YML019W,0,,0.09112951904535294,0.998892605304718,0.9962347745895386
YBR070C,YHR166C,0,,0.09112031757831573,0.998892605304718,0.9963455200195312
YOR115C,YGL047W,0,,0.09111110866069794,0.998892605304718,0.9964562654495239
YAL014C,YBL101C,0,,0.09110190719366074,0.998892605304718,0.9965670108795166
YKR018C,YFR044C,0,,0.09109270572662354,0.998892605304718,0.9966777563095093
YML046W,YMR305C,0,,0.09108351171016693,0.998892605304718,0.996788501739502
YKL092C,YNL197C,0,,0.09107431024312973,0.998892605304718,0.9968992471694946
YHR121W,YML062C,0,,0.09106511622667313,0.998892605304718,0.9970099925994873
YNL186W,YKL222C,0,,0.09105592221021652,0.998892605304718,0.99712073802948
YOL115W,YNL134C,0,,0.09104673564434052,0.998892605304718,0.9972314238548279
YMR119W,YHR134W,0,,0.09103754907846451,0.998892605304718,0.9973421692848206
YJL050W,YJL074C,0,,0.0910283550620079,0.998892605304718,0.9974529147148132
YJR047C,YHR034C,0,,0.0910191759467125,0.998892605304718,0.9975636601448059
YIR022W,YOL039W,0,,0.09100998938083649,0.998892605304718,0.9976744055747986
YPR101W,YCR070W,0,,0.09100081026554108,0.998892605304718,0.9977851510047913
YKR045C,YMR068W,0,,0.09099162369966507,0.998892605304718,0.9978958964347839
YML078W,YEL071W,0,,0.09098245203495026,0.998892605304718,0.9980066418647766
YHR115C,YOR362C,0,,0.09097327291965485,0.998892605304718,0.9981173872947693
YML110C,YOR214C,0,,0.09096410125494003,0.998892605304718,0.998228132724762
YHR072W,YGR067C,0,,0.09095492959022522,0.998892605304718,0.9983388781547546
YGR133W,YGL043W,0,,0.0909457579255104,0.998892605304718,0.9984496235847473
YOR362C,YOR202W,0,,0.0909365862607956,0.998892605304718,0.99856036901474
YOL094C,YLR406C,0,,0.09092742204666138,0.998892605304718,0.9986711144447327
YLR116W,YPR023C,0,,0.09091825783252716,0.998892605304718,0.9987818598747253
YBR210W,YJR129C,0,,0.09090909361839294,0.998892605304718,0.998892605304718
YNL186W,YJL076W,0,,0.09089992940425873,0.998892605304718,0.9990033507347107
YDR488C,YIL129C,0,,0.09089077264070511,0.998892605304718,0.9991140365600586
YGR277C,YKL221W,0,,0.09088160842657089,0.998892605304718,0.9992247819900513
YCR068W,YPR181C,0,,0.09087245911359787,0.998892605304718,0.999335527420044
YDR363W,YJR088C,0,,0.09086330235004425,0.998892605304718,0.9994462728500366
YDR462W,YLL010C,0,,0.09085415303707123,0.998892605304718,0.9995570182800293
YNL075W,YDL042C,0,,0.09084499627351761,0.998892605304718,0.999667763710022
YGR192C,YDR488C,0,,0.09083585441112518,0.998892605304718,0.9997785091400146
YPR183W,YOR035C,0,,0.09082670509815216,0.998892605304718,0.9998892545700073
YGR028W,YGR247W,0,,0.09081755578517914,0.998892605304718,1.0
YDR387C,YGL084C,1,,0.09090909361839294,1.0,1.0
