Gene A,Gene B,Label,Score,Precision,Recall,False Positive Rate
YKL008C,YAL042W,1,-1.1681083,1.0,0.0010000000474974513,0.0
YBR205W,YOL062C,0,-1.1727388,0.5,0.0010000000474974513,9.999999747378752e-05
YDR518W,YDL072C,1,-1.2348062,0.6666666865348816,0.0020000000949949026,9.999999747378752e-05
YLR058C,YPR181C,0,-1.2484291,0.5,0.0020000000949949026,0.00019999999494757503
YGL200C,YOR149C,1,-1.2672173,0.6000000238418579,0.003000000026077032,0.00019999999494757503
YLR466W,YIL094C,0,-1.2857139,0.5,0.003000000026077032,0.0003000000142492354
YNL052W,YIL156W,0,-1.2918917,0.4285714328289032,0.003000000026077032,0.00039999998989515007
YGL068W,YDR105C,0,-1.3413445,0.375,0.003000000026077032,0.0005000000237487257
YGL076C,YER001W,0,-1.3651654,0.3333333432674408,0.003000000026077032,0.0006000000284984708
YJL029C,YCR077C,0,-1.3833708,0.30000001192092896,0.003000000026077032,0.000699999975040555
YML048W,YDR434W,1,-1.3900666,0.3636363744735718,0.004000000189989805,0.000699999975040555
YBR234C,YAR002C-A,0,-1.4062389,0.3333333432674408,0.004000000189989805,0.0007999999797903001
YDR147W,YGR106C,0,-1.4246179,0.3076923191547394,0.004000000189989805,0.0008999999845400453
YPL175W,YBR283C,1,-1.4301298,0.3571428656578064,0.004999999888241291,0.0008999999845400453
YIL040W,YJR117W,1,-1.4425367,0.4000000059604645,0.006000000052154064,0.0008999999845400453
YDR147W,YNL231C,0,-1.4432386,0.375,0.006000000052154064,0.0010000000474974513
YGR216C,YDR304C,1,-1.4546893,0.4117647111415863,0.007000000216066837,0.0010000000474974513
YNR052C,YOR079C,0,-1.4551035,0.3888888955116272,0.007000000216066837,0.0010999999940395355
YGL076C,YCR084C,0,-1.4551617,0.3684210479259491,0.007000000216066837,0.0012000000569969416
YML085C,YOR133W,0,-1.4583114,0.3499999940395355,0.007000000216066837,0.0013000000035390258
YGR119C,YML077W,0,-1.4672129,0.3333333432674408,0.007000000216066837,0.00139999995008111
YNL130C,YMR202W,1,-1.4888723,0.3636363744735718,0.00800000037997961,0.00139999995008111
YDL108W,YMR319C,0,-1.4949023,0.3478260934352875,0.00800000037997961,0.001500000013038516
YJR123W,YPR131C,0,-1.4987111,0.3333333432674408,0.00800000037997961,0.0015999999595806003
YKL006W,YGL067W,0,-1.5025862,0.3199999928474426,0.00800000037997961,0.0017000000225380063
YGR105W,YGL051W,1,-1.5050777,0.3461538553237915,0.008999999612569809,0.0017000000225380063
YGR010W,YMR266W,0,-1.5115818,0.3333333432674408,0.008999999612569809,0.0017999999690800905
YGR082W,YGL224C,0,-1.5138158,0.3214285671710968,0.008999999612569809,0.0019000000320374966
YHR072W,YNL263C,1,-1.5142354,0.3448275923728943,0.009999999776482582,0.0019000000320374966
YGL027C,YBR229C,1,-1.5171622,0.36666667461395264,0.010999999940395355,0.0019000000320374966
YJR109C,YBR118W,0,-1.5208806,0.35483869910240173,0.010999999940395355,0.0020000000949949026
YDL128W,YNL248C,0,-1.5216156,0.34375,0.010999999940395355,0.002099999925121665
YJR131W,YMR297W,1,-1.5230938,0.3636363744735718,0.012000000104308128,0.002099999925121665
YDR400W,YOL019W,0,-1.523418,0.3529411852359772,0.012000000104308128,0.002199999988079071
YAR002C-A,YLR265C,0,-1.525083,0.34285715222358704,0.012000000104308128,0.002300000051036477
YHR183W,YLR398C,0,-1.5267963,0.3333333432674408,0.012000000104308128,0.002400000113993883
YER036C,YNR044W,0,-1.5284982,0.3243243098258972,0.012000000104308128,0.0024999999441206455
YJR123W,YDR345C,0,-1.5288371,0.31578946113586426,0.012000000104308128,0.0026000000070780516
YGR097W,YNL311C,0,-1.5294883,0.3076923191547394,0.012000000104308128,0.0027000000700354576
YMR190C,YLR026C,0,-1.5364672,0.30000001192092896,0.012000000104308128,0.00279999990016222
YPR200C,YDR512C,0,-1.5450844,0.2926829159259796,0.012000000104308128,0.002899999963119626
YGR157W,YKL165C,1,-1.5498632,0.3095238208770752,0.013000000268220901,0.002899999963119626
YPL218W,YEL056W,0,-1.5668769,0.302325576543808,0.013000000268220901,0.003000000026077032
YGL100W,YLR040C,0,-1.5684509,0.2954545319080353,0.013000000268220901,0.003100000089034438
YJL134W,YHR142W,1,-1.5688668,0.31111112236976624,0.014000000432133675,0.003100000089034438
YPR173C,YJL097W,1,-1.570704,0.32608696818351746,0.014999999664723873,0.003100000089034438
YJR002W,YLR410W,0,-1.5725485,0.3191489279270172,0.014999999664723873,0.0031999999191612005
YGR199W,YLL031C,1,-1.5748993,0.3333333432674408,0.01600000075995922,0.0031999999191612005
YGR044C,YBR296C,0,-1.5893284,0.3265306055545807,0.01600000075995922,0.0032999999821186066
YJR143C,YBR229C,1,-1.5937772,0.3400000035762787,0.017000000923871994,0.0032999999821186066
YJL004C,YIL018W,0,-1.596638,0.3333333432674408,0.017000000923871994,0.0034000000450760126
YLL050C,YDR382W,0,-1.5983597,0.32692307233810425,0.017000000923871994,0.0035000001080334187
YGR199W,YEL001C,1,-1.6009473,0.3396226465702057,0.017999999225139618,0.0035000001080334187
YJL045W,YGR062C,0,-1.6019818,0.3333333432674408,0.017999999225139618,0.003599999938160181
YDR091C,YFL009W,0,-1.6030313,0.3272727131843567,0.017999999225139618,0.003700000001117587
YMR049C,YJL024C,0,-1.6054449,0.3214285671710968,0.017999999225139618,0.003800000064074993
YDR489W,YMR260C,0,-1.6055688,0.31578946113586426,0.017999999225139618,0.0038999998942017555
YDL029W,YLR429W,0,-1.6133713,0.3103448152542114,0.017999999225139618,0.004000000189989805
YGR279C,YDR212W,0,-1.6138306,0.3050847351551056,0.017999999225139618,0.004100000020116568
YLR268W,YHR039C,1,-1.6162572,0.3166666626930237,0.01899999938905239,0.004100000020116568
YFR025C,YKL040C,0,-1.6191192,0.31147539615631104,0.01899999938905239,0.00419999985024333
YPL220W,YKL018W,0,-1.6214637,0.30645161867141724,0.01899999938905239,0.00430000014603138
YOR187W,YJR135W-A,0,-1.6270444,0.30158731341362,0.01899999938905239,0.004399999976158142
YPL010W,YDR170C,0,-1.6287919,0.296875,0.01899999938905239,0.0044999998062849045
YBR265W,YDR434W,1,-1.6296979,0.3076923191547394,0.019999999552965164,0.0044999998062849045
YMR223W,YOR168W,0,-1.6304778,0.3030303120613098,0.019999999552965164,0.004600000102072954
YMR014W,YDR392W,0,-1.6306053,0.2985074520111084,0.019999999552965164,0.004699999932199717
YDL100C,YER074W-A,1,-1.6361628,0.30882352590560913,0.020999999716877937,0.004699999932199717
YMR204C,YIL048W,0,-1.6397351,0.30434781312942505,0.020999999716877937,0.004800000227987766
YKL154W,YLR050C,1,-1.6416599,0.3142857253551483,0.02199999988079071,0.004800000227987766
YPL283C,YDL056W,0,-1.6432996,0.30985915660858154,0.02199999988079071,0.004900000058114529
YAL022C,YIL128W,0,-1.6462194,0.3055555522441864,0.02199999988079071,0.004999999888241291
YHR039C,YML019W,1,-1.6462648,0.31506848335266113,0.023000000044703484,0.004999999888241291
YER145C,YER048W-A,0,-1.6514184,0.31081080436706543,0.023000000044703484,0.005100000184029341
YLR259C,YDR379W,0,-1.6530552,0.30666667222976685,0.023000000044703484,0.005200000014156103
YDR108W,YIL137C,0,-1.6595392,0.30263158679008484,0.023000000044703484,0.0052999998442828655
YNL160W,YHL004W,0,-1.6595575,0.29870128631591797,0.023000000044703484,0.005400000140070915
YAL068C,YKL016C,0,-1.6616442,0.29487180709838867,0.023000000044703484,0.005499999970197678
YER032W,YNL137C,0,-1.6652082,0.29113924503326416,0.023000000044703484,0.00559999980032444
YOL043C,YLR191W,0,-1.6675267,0.2874999940395355,0.023000000044703484,0.00570000009611249
YPR166C,YOL164W,0,-1.6690084,0.2839506268501282,0.023000000044703484,0.005799999926239252
YMR274C,YEL001C,1,-1.6697663,0.2926829159259796,0.024000000208616257,0.005799999926239252
YHR190W,YNL280C,1,-1.670137,0.3012048304080963,0.02500000037252903,0.005799999926239252
YFR046C,YBL045C,0,-1.6709272,0.2976190447807312,0.02500000037252903,0.005900000222027302
YJR117W,YER026C,1,-1.672159,0.30588236451148987,0.026000000536441803,0.005900000222027302
YIL076W,YAL010C,0,-1.6730018,0.302325576543808,0.026000000536441803,0.006000000052154064
YBR067C,YJL044C,0,-1.677945,0.29885056614875793,0.026000000536441803,0.006099999882280827
YDR489W,YER011W,0,-1.6803752,0.2954545319080353,0.026000000536441803,0.006200000178068876
YGL068W,YGR246C,0,-1.6804434,0.2921348214149475,0.026000000536441803,0.006300000008195639
YOL103W,YDR253C,0,-1.6810364,0.2888889014720917,0.026000000536441803,0.006399999838322401
YHR039C,YJR013W,1,-1.6824665,0.2967033088207245,0.027000000700354576,0.006399999838322401
YGL125W,YPR175W,0,-1.6835537,0.29347825050354004,0.027000000700354576,0.006500000134110451
YJR065C,YHR160C,0,-1.6842109,0.29032257199287415,0.027000000700354576,0.006599999964237213
YDR033W,YNL126W,0,-1.684513,0.28723403811454773,0.027000000700354576,0.0066999997943639755
YIL142W,YNL253W,0,-1.6845826,0.28421053290367126,0.027000000700354576,0.006800000090152025
YHR039C,YER120W,1,-1.6850342,0.2916666567325592,0.02800000086426735,0.006800000090152025
YBR229C,YEL064C,1,-1.6872193,0.2989690601825714,0.028999999165534973,0.006800000090152025
YLR103C,YOL030W,0,-1.6888013,0.29591837525367737,0.028999999165534973,0.006899999920278788
YPL010W,YDR162C,0,-1.6897575,0.2929292917251587,0.028999999165534973,0.007000000216066837
YOL088C,YGR105W,1,-1.6900612,0.30000001192092896,0.029999999329447746,0.007000000216066837
YPR194C,YOR304W,0,-1.6900886,0.2970297038555145,0.029999999329447746,0.0071000000461936
YMR272C,YPL076W,1,-1.6928974,0.30392158031463623,0.03099999949336052,0.0071000000461936
YNL159C,YDL029W,0,-1.6950059,0.3009708821773529,0.03099999949336052,0.007199999876320362
YKL214C,YBL018C,0,-1.6951216,0.29807692766189575,0.03099999949336052,0.007300000172108412
YMR088C,YLR347C,0,-1.6957873,0.29523810744285583,0.03099999949336052,0.007400000002235174
YHR008C,YOR298C-A,0,-1.6961946,0.2924528419971466,0.03099999949336052,0.007499999832361937
YPR113W,YNR075W,1,-1.6982752,0.29906541109085083,0.03200000151991844,0.007499999832361937
YIL051C,YLR040C,0,-1.6995517,0.29629629850387573,0.03200000151991844,0.007600000128149986
YGR010W,YMR125W,0,-1.6997105,0.29357796907424927,0.03200000151991844,0.007699999958276749
YBL087C,YMR221C,0,-1.7029563,0.290909081697464,0.03200000151991844,0.007799999788403511
YHR135C,YMR015C,1,-1.7030255,0.29729729890823364,0.032999999821186066,0.007799999788403511
YGR157W,YLR050C,1,-1.7037836,0.3035714328289032,0.03400000184774399,0.007799999788403511
YIL040W,YDR233C,1,-1.7042284,0.3097345232963562,0.03500000014901161,0.007799999788403511
YDR056C,YML029W,1,-1.707166,0.31578946113586426,0.035999998450279236,0.007799999788403511
YPR198W,YHR179W,0,-1.7087262,0.313043475151062,0.035999998450279236,0.007899999618530273
YPR204W,YGL244W,0,-1.7101237,0.3103448152542114,0.035999998450279236,0.00800000037997961
YML018C,YMR070W,0,-1.7101637,0.3076923191547394,0.035999998450279236,0.008100000210106373
YPL246C,YLR024C,0,-1.7109771,0.3050847351551056,0.035999998450279236,0.008200000040233135
YJL158C,YKL008C,1,-1.7117723,0.31092438101768494,0.03700000047683716,0.008200000040233135
YLR373C,YPL043W,0,-1.7152978,0.3083333373069763,0.03700000047683716,0.008299999870359898
YOR198C,YER177W,0,-1.716204,0.3057851195335388,0.03700000047683716,0.00839999970048666
YDR138W,YDR490C,0,-1.7178137,0.30327868461608887,0.03700000047683716,0.008500000461935997
YGR240C,YGL201C,0,-1.719,0.3008130192756653,0.03700000047683716,0.00860000029206276
YMR274C,YOR149C,1,-1.7190179,0.30645161867141724,0.03799999877810478,0.00860000029206276
YDL100C,YLR066W,1,-1.7197481,0.31200000643730164,0.039000000804662704,0.00860000029206276
YIL005W,YKL165C,1,-1.7231762,0.3174603283405304,0.03999999910593033,0.00860000029206276
YDR190C,YLR007W,0,-1.7240264,0.31496062874794006,0.03999999910593033,0.008700000122189522
YBR181C,YGL005C,0,-1.7257725,0.3125,0.03999999910593033,0.008799999952316284
YLR191W,YPR070W,0,-1.7272768,0.3100775182247162,0.03999999910593033,0.008899999782443047
YFL002W-A,YBR067C,0,-1.7281384,0.3076923191547394,0.03999999910593033,0.008999999612569809
YDR264C,YLL008W,0,-1.7321512,0.30534350872039795,0.03999999910593033,0.009100000374019146
YNR004W,YER183C,0,-1.7335839,0.3030303120613098,0.03999999910593033,0.009200000204145908
YDL184C,YHR079C-A,0,-1.7366129,0.30075186491012573,0.03999999910593033,0.00930000003427267
YKR042W,YGL201C,0,-1.7369632,0.2985074520111084,0.03999999910593033,0.009399999864399433
YER155C,YCL030C,0,-1.7380468,0.29629629850387573,0.03999999910593033,0.009499999694526196
YDR261C,YHR086W,0,-1.7382295,0.29411765933036804,0.03999999910593033,0.009600000455975533
YER014W,YDR153C,0,-1.738712,0.29197078943252563,0.03999999910593033,0.009700000286102295
YGL023C,YDR028C,0,-1.7388397,0.28985506296157837,0.03999999910593033,0.009800000116229057
YMR205C,YER113C,0,-1.7400318,0.28776979446411133,0.03999999910593033,0.00989999994635582
YHR026W,YKL175W,0,-1.7412189,0.2857142984867096,0.03999999910593033,0.009999999776482582
YDL217C,YBR084C-A,0,-1.7413095,0.283687949180603,0.03999999910593033,0.010099999606609344
YJR131W,YNL130C,1,-1.7427772,0.2887323796749115,0.04100000113248825,0.010099999606609344
YDR545W,YGL039W,0,-1.7431179,0.28671327233314514,0.04100000113248825,0.010200000368058681
YOR209C,YOL019W,0,-1.7440239,0.2847222089767456,0.04100000113248825,0.010300000198185444
YJR013W,YGR177C,1,-1.7441487,0.2896551787853241,0.041999999433755875,0.010300000198185444
YOR122C,YNL047C,0,-1.7466284,0.2876712381839752,0.041999999433755875,0.010400000028312206
YMR242C,YGL021W,0,-1.7490178,0.2857142984867096,0.041999999433755875,0.010499999858438969
YJR143C,YER074W-A,1,-1.7509791,0.29054054617881775,0.0430000014603138,0.010499999858438969
YER014W,YER149C,0,-1.7511562,0.28859061002731323,0.0430000014603138,0.010599999688565731
YLL018C,YOR304C-A,0,-1.7512307,0.2866666615009308,0.0430000014603138,0.010700000450015068
YAL068C,YJL003W,0,-1.7529033,0.2847682237625122,0.0430000014603138,0.01080000028014183
YJL204C,YNL209W,0,-1.7534224,0.28289473056793213,0.0430000014603138,0.010900000110268593
YIR010W,YOR101W,0,-1.7534707,0.2810457646846771,0.0430000014603138,0.010999999940395355
YPL094C,YGL084C,1,-1.7554924,0.2857142984867096,0.04399999976158142,0.010999999940395355
YNL305C,YDR323C,0,-1.7565678,0.28387096524238586,0.04399999976158142,0.011099999770522118
YAL038W,YOR101W,0,-1.7566274,0.28205129504203796,0.04399999976158142,0.01119999960064888
YGL192W,YMR166C,0,-1.7569207,0.2802547812461853,0.04399999976158142,0.011300000362098217
YFR019W,YBR212W,0,-1.7571566,0.27848100662231445,0.04399999976158142,0.01140000019222498
YCR094W,YFL062W,0,-1.7579958,0.276729553937912,0.04399999976158142,0.011500000022351742
YDR422C,YKL209C,0,-1.7580991,0.2750000059604645,0.04399999976158142,0.011599999852478504
YJL178C,YDL045W-A,0,-1.7583627,0.2732919156551361,0.04399999976158142,0.011699999682605267
YGL068W,YMR273C,0,-1.7585212,0.2716049253940582,0.04399999976158142,0.011800000444054604
YGL054C,YGR157W,1,-1.759163,0.2760736048221588,0.04500000178813934,0.011800000444054604
YNL175C,YDR345C,0,-1.7600944,0.27439025044441223,0.04500000178813934,0.011900000274181366
YPL179W,YBL009W,0,-1.7602068,0.27272728085517883,0.04500000178813934,0.012000000104308128
YHR128W,YJL065C,0,-1.7616154,0.27108433842658997,0.04500000178813934,0.01209999993443489
YOR033C,YMR226C,0,-1.7616975,0.269461065530777,0.04500000178813934,0.012199999764561653
YML014W,YGL067W,0,-1.7623293,0.2678571343421936,0.04500000178813934,0.012299999594688416
YKR088C,YLR027C,0,-1.7641486,0.2662721872329712,0.04500000178813934,0.012400000356137753
YDR056C,YML019W,1,-1.7642617,0.2705882489681244,0.04600000008940697,0.012400000356137753
YIL049W,YGR037C,0,-1.76462,0.26900583505630493,0.04600000008940697,0.012500000186264515
YGR199W,YHR027C,1,-1.7646301,0.2732558250427246,0.04699999839067459,0.012500000186264515
YMR242C,YMR168C,0,-1.765392,0.27167630195617676,0.04699999839067459,0.012600000016391277
YHR128W,YNL264C,0,-1.7670101,0.270114928483963,0.04699999839067459,0.01269999984651804
YJL028W,YOR267C,0,-1.7673539,0.2685714364051819,0.04699999839067459,0.012799999676644802
YER083C,YHL003C,1,-1.7673904,0.27272728085517883,0.04800000041723251,0.012799999676644802
YHR138C,YAL043C,0,-1.768222,0.2711864411830902,0.04800000041723251,0.012900000438094139
YDL145C,YNL220W,0,-1.7691847,0.26966291666030884,0.04800000041723251,0.013000000268220901
YGR135W,YIL120W,0,-1.7693377,0.2681564390659332,0.04800000041723251,0.013100000098347664
YGL009C,YPR159W,0,-1.7702051,0.2666666805744171,0.04800000041723251,0.013199999928474426
YGL213C,YLR442C,0,-1.7705724,0.265193372964859,0.04800000041723251,0.013299999758601189
YNL313C,YGR077C,0,-1.7706121,0.2637362778186798,0.04800000041723251,0.013399999588727951
YPL273W,YML077W,0,-1.7718261,0.26229506731033325,0.04800000041723251,0.013500000350177288
YMR272C,YOR085W,1,-1.7723414,0.2663043439388275,0.04899999871850014,0.013500000350177288
YGR286C,YLR376C,0,-1.7725786,0.26486486196517944,0.04899999871850014,0.01360000018030405
YBR302C,YBR188C,0,-1.7728808,0.2634408473968506,0.04899999871850014,0.013700000010430813
YBR227C,YDR212W,0,-1.7728986,0.26203209161758423,0.04899999871850014,0.013799999840557575
YGL095C,YOR143C,0,-1.773067,0.2606382966041565,0.04899999871850014,0.013899999670684338
YDL225W,YEL009C,0,-1.7731637,0.25925925374031067,0.04899999871850014,0.014000000432133675
YER111C,YML085C,0,-1.7740387,0.25789472460746765,0.04899999871850014,0.014100000262260437
YOL088C,YJL062W,1,-1.774765,0.26178011298179626,0.05000000074505806,0.014100000262260437
YML048W,YOL013C,1,-1.7753075,0.265625,0.050999999046325684,0.014100000262260437
YDR538W,YDR447C,0,-1.775418,0.26424869894981384,0.050999999046325684,0.0142000000923872
YPR176C,YBL060W,0,-1.7762728,0.26288658380508423,0.050999999046325684,0.014299999922513962
YDR072C,YHL006C,0,-1.7773824,0.26153847575187683,0.050999999046325684,0.014399999752640724
YGR040W,YFL002W-A,0,-1.778267,0.2602040767669678,0.050999999046325684,0.014499999582767487
YJL134W,YOR307C,1,-1.7787064,0.2639593780040741,0.052000001072883606,0.014499999582767487
YOR002W,YNR026C,1,-1.7797614,0.26767677068710327,0.05299999937415123,0.014499999582767487
YNL336W,YBR035C,0,-1.7818646,0.26633167266845703,0.05299999937415123,0.014600000344216824
YDR304C,YEL001C,1,-1.7825298,0.27000001072883606,0.05400000140070915,0.014600000344216824
YOR321W,YMR264W,1,-1.7834758,0.27363184094429016,0.054999999701976776,0.014600000344216824
YCR012W,YER031C,0,-1.7851617,0.27227723598480225,0.054999999701976776,0.014700000174343586
YDR541C,YNL074C,0,-1.7852262,0.27093595266342163,0.054999999701976776,0.014800000004470348
YCR107W,YGR204W,0,-1.786275,0.2696078419685364,0.054999999701976776,0.01489999983459711
YPL053C,YOR130C,0,-1.7878839,0.26829269528388977,0.054999999701976776,0.014999999664723873
YIL173W,YDR202C,0,-1.7900902,0.2669903039932251,0.054999999701976776,0.01510000042617321
YJL097W,YEL064C,1,-1.7901901,0.27053138613700867,0.0560000017285347,0.01510000042617321
YHL015W,YDR146C,0,-1.7910386,0.26923078298568726,0.0560000017285347,0.015200000256299973
YGR263C,YNL263C,1,-1.792057,0.27272728085517883,0.05700000002980232,0.015200000256299973
YPR204W,YIL126W,0,-1.7935069,0.27142858505249023,0.05700000002980232,0.015300000086426735
YDR170W-A,YPR017C,0,-1.7937907,0.27014216780662537,0.05700000002980232,0.015399999916553497
YJR133W,YBR042C,0,-1.7945383,0.2688679099082947,0.05700000002980232,0.01549999974668026
YOR341W,YBR233W-A,0,-1.7953246,0.26760563254356384,0.05700000002980232,0.015599999576807022
YPR011C,YPR169W,0,-1.7953709,0.26635512709617615,0.05700000002980232,0.015699999406933784
YML019W,YER044C,1,-1.7976191,0.2697674334049225,0.057999998331069946,0.015699999406933784
YPL170W,YOR148C,0,-1.7994131,0.26851850748062134,0.057999998331069946,0.015799999237060547
YBR288C,YPR036W,0,-1.7996103,0.26728111505508423,0.057999998331069946,0.01590000092983246
YDR541C,YLR044C,0,-1.7997209,0.26605504751205444,0.057999998331069946,0.01600000075995922
YBR058C-A,YDR017C,0,-1.7998374,0.26484018564224243,0.057999998331069946,0.016100000590085983
YGL053W,YER074W-A,1,-1.8001157,0.26818183064460754,0.05900000035762787,0.016100000590085983
YKL168C,YKL049C,0,-1.8010167,0.26696833968162537,0.05900000035762787,0.016200000420212746
YGL031C,YML047C,0,-1.8016548,0.2657657563686371,0.05900000035762787,0.016300000250339508
YGL009C,YOR014W,0,-1.8017464,0.26457399129867554,0.05900000035762787,0.01640000008046627
YBR247C,YLR410W,0,-1.8029925,0.2633928656578064,0.05900000035762787,0.016499999910593033
YLR234W,YHR139C,0,-1.8032533,0.2622222304344177,0.05900000035762787,0.016599999740719795
YKL126W,YPR141C,0,-1.8034264,0.2610619366168976,0.05900000035762787,0.016699999570846558
YOR061W,YGL048C,0,-1.8042301,0.2599118947982788,0.05900000035762787,0.01679999940097332
YPR055W,YGR092W,0,-1.8045233,0.2587719261646271,0.05900000035762787,0.016899999231100082
YGR006W,YGL185C,0,-1.8046008,0.25764191150665283,0.05900000035762787,0.017000000923871994
YCR079W,YBR069C,0,-1.8049827,0.25652173161506653,0.05900000035762787,0.017100000753998756
YLR308W,YER012W,0,-1.8054268,0.2554112672805786,0.05900000035762787,0.01720000058412552
YDR177W,YGR122W,0,-1.8055209,0.25431033968925476,0.05900000035762787,0.01730000041425228
YJL034W,YER026C,1,-1.8067752,0.2575107216835022,0.05999999865889549,0.01730000041425228
YOR009W,YBR233W-A,0,-1.8070393,0.25641027092933655,0.05999999865889549,0.017400000244379044
YJR086W,YLR287C-A,0,-1.8077835,0.25531914830207825,0.05999999865889549,0.017500000074505806
YMR306W,YDL020C,0,-1.8082503,0.2542372941970825,0.05999999865889549,0.01759999990463257
YLR429W,YHR016C,0,-1.8083274,0.2531645596027374,0.05999999865889549,0.01769999973475933
YLR190W,YGR143W,0,-1.8084543,0.2521008551120758,0.05999999865889549,0.017799999564886093
YLR390W-A,YPL006W,0,-1.8089312,0.2510460317134857,0.05999999865889549,0.017899999395012856
YNL181W,YML019W,1,-1.8106507,0.2541666626930237,0.061000000685453415,0.017899999395012856
YDR081C,YGR287C,0,-1.811097,0.2531120479106903,0.061000000685453415,0.017999999225139618
YIL078W,YOR047C,0,-1.8113165,0.25206610560417175,0.061000000685453415,0.01810000091791153
YJL062W,YER087C-B,1,-1.8114012,0.25514402985572815,0.06199999898672104,0.01810000091791153
YIL014W,YPL154C,0,-1.8114225,0.2540983557701111,0.06199999898672104,0.018200000748038292
YDR224C,YIL129C,0,-1.8114587,0.2530612349510193,0.06199999898672104,0.018300000578165054
YPL170W,YIL150C,0,-1.8121346,0.2520325183868408,0.06199999898672104,0.018400000408291817
YOR091W,YKR035W-A,0,-1.812445,0.2510121464729309,0.06199999898672104,0.01850000023841858
YDR167W,YAL021C,0,-1.8130523,0.25,0.06199999898672104,0.01860000006854534
YNL134C,YGL048C,0,-1.8133658,0.24899598956108093,0.06199999898672104,0.018699999898672104
YCR048W,YER087C-A,1,-1.8149046,0.25200000405311584,0.06300000101327896,0.018699999898672104
YIL105C,YOR020C,0,-1.8166392,0.25099602341651917,0.06300000101327896,0.018799999728798866
YML128C,YLR301W,1,-1.8174518,0.2539682686328888,0.06400000303983688,0.018799999728798866
YJR118C,YDL232W,1,-1.8179609,0.25691699981689453,0.06499999761581421,0.018799999728798866
YNL263C,YKL119C,1,-1.81848,0.25984251499176025,0.06599999964237213,0.018799999728798866
YNR052C,YGR254W,0,-1.8188864,0.25882354378700256,0.06599999964237213,0.01889999955892563
YNL046W,YBR110W,1,-1.8191515,0.26171875,0.06700000166893005,0.01889999955892563
YCL066W,YHL024W,0,-1.8193786,0.26070037484169006,0.06700000166893005,0.01899999938905239
YHR086W,YLR307W,0,-1.8194321,0.25968992710113525,0.06700000166893005,0.019099999219179153
YDR508C,YDR400W,0,-1.8194717,0.25868725776672363,0.06700000166893005,0.019200000911951065
YPL059W,YNL087W,0,-1.8200446,0.2576923072338104,0.06700000166893005,0.019300000742077827
YJL041W,YDL138W,0,-1.8214376,0.25670498609542847,0.06700000166893005,0.01940000057220459
YMR049C,YLR045C,0,-1.8222042,0.2557252049446106,0.06700000166893005,0.019500000402331352
YDR307W,YFL038C,1,-1.822704,0.258555144071579,0.06800000369548798,0.019500000402331352
YKL034W,YML086C,0,-1.8227056,0.25757575035095215,0.06800000369548798,0.019600000232458115
YER094C,YLR227C,0,-1.8230014,0.25660377740859985,0.06800000369548798,0.019700000062584877
YNL178W,YMR088C,0,-1.8243922,0.25563910603523254,0.06800000369548798,0.01979999989271164
YJL134W,YGL139W,1,-1.824972,0.2584269642829895,0.0689999982714653,0.01979999989271164
YJR006W,YNL082W,0,-1.8260359,0.25746268033981323,0.0689999982714653,0.019899999722838402
YDL030W,YOR253W,0,-1.8269535,0.2565055787563324,0.0689999982714653,0.019999999552965164
YLR208W,YPR181C,0,-1.8273301,0.25555557012557983,0.0689999982714653,0.020099999383091927
YDR303C,YPL036W,0,-1.829091,0.254612535238266,0.0689999982714653,0.02019999921321869
YMR305C,YER100W,1,-1.8292792,0.25735294818878174,0.07000000029802322,0.02019999921321869
YLL043W,YER018C,0,-1.8304484,0.25641027092933655,0.07000000029802322,0.0203000009059906
YEL002C,YMR022W,1,-1.8304981,0.25912410020828247,0.07100000232458115,0.0203000009059906
YMR019W,YML133C,0,-1.8306385,0.2581818103790283,0.07100000232458115,0.020400000736117363
YDR189W,YFL038C,1,-1.8306836,0.260869562625885,0.07199999690055847,0.020400000736117363
YBR267W,YDR545W,0,-1.8308237,0.25992780923843384,0.07199999690055847,0.020500000566244125
YDR296W,YBL018C,0,-1.8327652,0.2589927911758423,0.07199999690055847,0.020600000396370888
YMR274C,YNL194C,1,-1.832881,0.2616487443447113,0.0729999989271164,0.020600000396370888
YCL019W,YKL096W,0,-1.833007,0.2607142925262451,0.0729999989271164,0.02070000022649765
YJR118C,YCL045C,1,-1.8339691,0.2633451819419861,0.07400000095367432,0.02070000022649765
YGR177C,YHR123W,1,-1.8366004,0.26595744490623474,0.07500000298023224,0.02070000022649765
YML082W,YIL140W,0,-1.8366654,0.26501765847206116,0.07500000298023224,0.020800000056624413
YOR285W,YOR067C,1,-1.8368148,0.26760563254356384,0.07599999755620956,0.020800000056624413
YJL134W,YLR064W,1,-1.8373183,0.27017542719841003,0.07699999958276749,0.020800000056624413
YJL078C,YBL023C,0,-1.837668,0.26923078298568726,0.07699999958276749,0.020899999886751175
YBL017C,YNL094W,0,-1.8382602,0.26829269528388977,0.07699999958276749,0.020999999716877937
YPL220W,YKL046C,0,-1.83839,0.2673611044883728,0.07699999958276749,0.0210999995470047
YDR189W,YGL051W,1,-1.8384472,0.26989617943763733,0.07800000160932541,0.0210999995470047
YIR021W,YGR193C,0,-1.8385026,0.2689655125141144,0.07800000160932541,0.021199999377131462
YKR014C,YGL167C,0,-1.840156,0.2680412232875824,0.07800000160932541,0.021299999207258224
YNL119W,YHL050C,0,-1.8404049,0.267123281955719,0.07800000160932541,0.021400000900030136
YDL100C,YDR062W,1,-1.8424249,0.2696245610713959,0.07900000363588333,0.021400000900030136
YER025W,YPL242C,0,-1.842591,0.2687074840068817,0.07900000363588333,0.0215000007301569
YMR272C,YKL165C,1,-1.842759,0.2711864411830902,0.07999999821186066,0.0215000007301569
YJL029C,YNR053C,0,-1.8428816,0.2702702581882477,0.07999999821186066,0.02160000056028366
YPL053C,YLR192C,0,-1.8434626,0.2693602740764618,0.07999999821186066,0.021700000390410423
YKR096W,YLR084C,0,-1.843628,0.268456369638443,0.07999999821186066,0.021800000220537186
YBR086C,YJR101W,0,-1.8439432,0.2675585150718689,0.07999999821186066,0.021900000050663948
YJL003W,YOR117W,0,-1.8440913,0.2666666805744171,0.07999999821186066,0.02199999988079071
YOR002W,YHR142W,1,-1.8442429,0.2691029906272888,0.08100000023841858,0.02199999988079071
YOR381W,YJL146W,0,-1.8442447,0.2682119309902191,0.08100000023841858,0.022099999710917473
YIL153W,YNL176C,0,-1.844822,0.2673267424106598,0.08100000023841858,0.022199999541044235
YDL064W,YIL063C,0,-1.8450333,0.26644736528396606,0.08100000023841858,0.022299999371170998
YAR033W,YOR175C,1,-1.8461503,0.26885247230529785,0.0820000022649765,0.022299999371170998
YNL261W,YML113W,0,-1.8462404,0.2679738700389862,0.0820000022649765,0.02239999920129776
YPL075W,YJR055W,0,-1.8475622,0.267100989818573,0.0820000022649765,0.02250000089406967
YMR292W,YDR044W,0,-1.8478116,0.26623377203941345,0.0820000022649765,0.022600000724196434
YPL283C,YER171W,0,-1.8483106,0.2653721570968628,0.0820000022649765,0.022700000554323196
YDL147W,YER041W,0,-1.8491622,0.26451611518859863,0.0820000022649765,0.02280000038444996
YIL027C,YPL094C,1,-1.8495463,0.2668810188770294,0.08299999684095383,0.02280000038444996
YGL092W,YGL198W,0,-1.8496802,0.2660256326198578,0.08299999684095383,0.02290000021457672
YNL218W,YCL019W,0,-1.8503829,0.2651757299900055,0.08299999684095383,0.023000000044703484
YBR023C,YGL043W,0,-1.853331,0.26433122158050537,0.08299999684095383,0.023099999874830246
YJR139C,YHR117W,0,-1.8533927,0.26349207758903503,0.08299999684095383,0.02319999970495701
YJR001W,YBR233W-A,0,-1.8536558,0.2626582384109497,0.08299999684095383,0.02329999953508377
YDR212W,YCR077C,0,-1.8541397,0.2618296444416046,0.08299999684095383,0.023399999365210533
YJR027W,YKL034W,0,-1.8543999,0.26100629568099976,0.08299999684095383,0.023499999195337296
YMR295C,YOR217W,0,-1.8545427,0.2601880729198456,0.08299999684095383,0.023600000888109207
YMR274C,YPL094C,1,-1.8554963,0.26249998807907104,0.08399999886751175,0.023600000888109207
YPL043W,YPR148C,0,-1.8559449,0.2616822421550751,0.08399999886751175,0.02370000071823597
YLR115W,YGL172W,0,-1.8561338,0.260869562625885,0.08399999886751175,0.023800000548362732
YLR092W,YOR338W,0,-1.8562485,0.26006191968917847,0.08399999886751175,0.023900000378489494
YGR054W,YEL062W,0,-1.8568292,0.25925925374031067,0.08399999886751175,0.024000000208616257
YMR045C,YGL115W,0,-1.8573929,0.25846153497695923,0.08399999886751175,0.02410000003874302
YMR016C,YGR166W,0,-1.857629,0.25766870379447937,0.08399999886751175,0.02419999986886978
YDR251W,YPR174C,0,-1.8579773,0.2568807303905487,0.08399999886751175,0.024299999698996544
YDR476C,YHL003C,1,-1.8581516,0.2591463327407837,0.08500000089406967,0.024299999698996544
YGR116W,YGL019W,0,-1.8583239,0.2583586573600769,0.08500000089406967,0.024399999529123306
YKL145W,YIL091C,0,-1.8588451,0.25757575035095215,0.08500000089406967,0.02449999935925007
YMR205C,YHR085W,0,-1.8599342,0.25679758191108704,0.08500000089406967,0.02459999918937683
YGL076C,YMR221C,0,-1.860079,0.2560240924358368,0.08500000089406967,0.024700000882148743
YMR274C,YJR143C,1,-1.8602353,0.25825825333595276,0.0860000029206276,0.024700000882148743
YBR286W,YKR090W,0,-1.8603418,0.257485032081604,0.0860000029206276,0.024800000712275505
YBR302C,YPR024W,0,-1.8616867,0.25671643018722534,0.0860000029206276,0.024900000542402267
YDL036C,YDR167W,0,-1.8620418,0.255952388048172,0.0860000029206276,0.02500000037252903
YBR036C,YCL045C,1,-1.8627737,0.25816023349761963,0.08699999749660492,0.02500000037252903
YFL049W,YJR064W,0,-1.8628339,0.2573964595794678,0.08699999749660492,0.025100000202655792
YBR105C,YGL026C,0,-1.863292,0.2566371560096741,0.08699999749660492,0.025200000032782555
YLR144C,YNL272C,0,-1.8647798,0.2558823525905609,0.08699999749660492,0.025299999862909317
YDL093W,YBR171W,1,-1.8662142,0.25806450843811035,0.08799999952316284,0.025299999862909317
YNL308C,YPR148C,0,-1.8665352,0.2573099434375763,0.08799999952316284,0.02539999969303608
YPR160W,YOR250C,0,-1.8666655,0.2565597593784332,0.08799999952316284,0.025499999523162842
YKR057W,YDL211C,0,-1.8671485,0.25581395626068115,0.08799999952316284,0.025599999353289604
YJL099W,YGR122W,0,-1.867732,0.2550724744796753,0.08799999952316284,0.025699999183416367
YKR027W,YIL127C,0,-1.8677946,0.2543352544307709,0.08799999952316284,0.025800000876188278
YDR178W,YCR017C,0,-1.8678035,0.2536022961139679,0.08799999952316284,0.02590000070631504
YOR002W,YAL042W,1,-1.8683424,0.25574713945388794,0.08900000154972076,0.02590000070631504
YGR246C,YBR160W,0,-1.8686337,0.2550143301486969,0.08900000154972076,0.026000000536441803
YLR192C,YML133C,0,-1.869437,0.2542857229709625,0.08900000154972076,0.026100000366568565
YPL010W,YOL123W,0,-1.8694825,0.25356125831604004,0.08900000154972076,0.026200000196695328
YDR306C,YNL178W,0,-1.8699552,0.25284090638160706,0.08900000154972076,0.02630000002682209
YHR027C,YML019W,1,-1.8704258,0.25495749711990356,0.09000000357627869,0.02630000002682209
YJL041W,YNR047W,0,-1.8705643,0.2542372941970825,0.09000000357627869,0.026399999856948853
YGL167C,YHR074W,0,-1.8714713,0.2535211145877838,0.09000000357627869,0.026499999687075615
YDL072C,YER074W-A,1,-1.8728496,0.25561797618865967,0.09099999815225601,0.026499999687075615
YGL084C,YJR088C,1,-1.873108,0.25770309567451477,0.09200000017881393,0.026499999687075615
YOR207C,YEL077C,0,-1.8731765,0.2569832503795624,0.09200000017881393,0.026599999517202377
YGL027C,YHR039C,1,-1.8734123,0.25905293226242065,0.09300000220537186,0.026599999517202377
YFL035C-B,YOL053C-A,0,-1.8737997,0.25833332538604736,0.09300000220537186,0.02669999934732914
YMR274C,YBR029C,1,-1.8739482,0.2603878080844879,0.09399999678134918,0.02669999934732914
YER177W,YNR055C,0,-1.8744029,0.2596684992313385,0.09399999678134918,0.026799999177455902
YER133W,YMR180C,0,-1.8753253,0.25895315408706665,0.09399999678134918,0.026900000870227814
YGR144W,YIL150C,0,-1.8755136,0.25824177265167236,0.09399999678134918,0.027000000700354576
YKL116C,YOR046C,0,-1.875955,0.2575342357158661,0.09399999678134918,0.02710000053048134
YHL032C,YFL060C,0,-1.8763466,0.2568306028842926,0.09399999678134918,0.0272000003606081
YMR013C,YFR041C,1,-1.8775691,0.25885558128356934,0.0949999988079071,0.0272000003606081
YCR026C,YMR054W,0,-1.8777598,0.25815218687057495,0.0949999988079071,0.027300000190734863
YNR032C-A,YDR214W,0,-1.8779804,0.2574525773525238,0.0949999988079071,0.027400000020861626
YIL030C,YDR302W,1,-1.8780036,0.2594594657421112,0.09600000083446503,0.027400000020861626
YMR079W,YBR040W,0,-1.8780684,0.25876009464263916,0.09600000083446503,0.027499999850988388
YMR303C,YGL011C,0,-1.878547,0.25806450843811035,0.09600000083446503,0.02759999968111515
YLR151C,YBL100W-A,0,-1.8785679,0.25737264752388,0.09600000083446503,0.027699999511241913
YDR427W,YOR113W,0,-1.8786007,0.25668448209762573,0.09600000083446503,0.027799999341368675
YDR498C,YDR056C,1,-1.8791242,0.25866666436195374,0.09700000286102295,0.027799999341368675
YHR133C,YFR041C,1,-1.8794553,0.2606382966041565,0.09799999743700027,0.027799999341368675
YKL214C,YML016C,0,-1.8796962,0.25994694232940674,0.09799999743700027,0.027899999171495438
YER098W,YPR052C,0,-1.8799236,0.25925925374031067,0.09799999743700027,0.02800000086426735
YDR052C,YJR001W,0,-1.8799686,0.2585752010345459,0.09799999743700027,0.02810000069439411
YNL194C,YDR349C,1,-1.8800424,0.2605263292789459,0.0989999994635582,0.02810000069439411
YHR147C,YDR178W,0,-1.8824881,0.25984251499176025,0.0989999994635582,0.028200000524520874
YJR133W,YJR095W,0,-1.8827235,0.2591623067855835,0.0989999994635582,0.028300000354647636
YMR050C,YGL222C,0,-1.8831303,0.2584856450557709,0.0989999994635582,0.0284000001847744
YPL048W,YPL179W,0,-1.8839909,0.2578125,0.0989999994635582,0.02850000001490116
YGR041W,YMR212C,0,-1.8847669,0.2571428716182709,0.0989999994635582,0.028599999845027924
YNL078W,YDR541C,0,-1.8862329,0.25647667050361633,0.0989999994635582,0.028699999675154686
YCL017C,YNL092W,0,-1.8863137,0.25581395626068115,0.0989999994635582,0.02879999950528145
YPR149W,YER026C,1,-1.8869144,0.25773194432258606,0.10000000149011612,0.02879999950528145
YER180C-A,YLR314C,0,-1.8873055,0.2570694088935852,0.10000000149011612,0.02889999933540821
YOR356W,YCR018C,0,-1.8878362,0.25641027092933655,0.10000000149011612,0.028999999165534973
YDR239C,YLR287C-A,0,-1.8880274,0.2557544708251953,0.10000000149011612,0.029100000858306885
YOR285W,YAR042W,1,-1.8883053,0.25765305757522583,0.10100000351667404,0.029100000858306885
YBR162W-A,YDR056C,1,-1.888524,0.25954198837280273,0.10199999809265137,0.029100000858306885
YJL003W,YPL013C,0,-1.8886753,0.2588832378387451,0.10199999809265137,0.029200000688433647
YMR242C,YDL141W,0,-1.8891472,0.2582278549671173,0.10199999809265137,0.02930000051856041
YNL301C,YFL048C,0,-1.889501,0.25757575035095215,0.10199999809265137,0.029400000348687172
YCR086W,YNR028W,0,-1.8904088,0.256926953792572,0.10199999809265137,0.029500000178813934
YLR386W,YNL325C,0,-1.8911272,0.25628140568733215,0.10199999809265137,0.029600000008940697
YHR023W,YLR150W,0,-1.8912357,0.25563910603523254,0.10199999809265137,0.02969999983906746
YER147C,YHR075C,0,-1.8917457,0.2549999952316284,0.10199999809265137,0.02979999966919422
YBR294W,YKL138C,0,-1.8921056,0.25436410307884216,0.10199999809265137,0.029899999499320984
YJL225C,YPR009W,0,-1.892573,0.2537313401699066,0.10199999809265137,0.029999999329447746
YCR037C,YLR455W,0,-1.8928764,0.25310173630714417,0.10199999809265137,0.03009999915957451
YNL262W,YKL006C-A,0,-1.8930116,0.2524752616882324,0.10199999809265137,0.03020000085234642
YGR283C,YOR178C,0,-1.8932573,0.2518518567085266,0.10199999809265137,0.030300000682473183
YPR200C,YLR075W,0,-1.8937901,0.25123152136802673,0.10199999809265137,0.030400000512599945
YJL173C,YHR149C,0,-1.8943111,0.2506142556667328,0.10199999809265137,0.030500000342726707
YGL053W,YGR105W,1,-1.8948182,0.25245097279548645,0.10300000011920929,0.030500000342726707
YBR058C-A,YML094W,0,-1.8953085,0.2518337368965149,0.10300000011920929,0.03060000017285347
YKL051W,YOR207C,0,-1.8958675,0.2512195110321045,0.10300000011920929,0.030700000002980232
YNL325C,YMR069W,0,-1.8967292,0.25060826539993286,0.10300000011920929,0.030799999833106995
YAL026C,YPL244C,0,-1.8977284,0.25,0.10300000011920929,0.030899999663233757
YML101C,YJR088C,1,-1.8981953,0.2518159747123718,0.10400000214576721,0.030899999663233757
YGR217W,YDR454C,0,-1.8982573,0.25120773911476135,0.10400000214576721,0.03099999949336052
YOR187W,YML018C,0,-1.8984619,0.2506024241447449,0.10400000214576721,0.031099999323487282
YFR015C,YAL026C,0,-1.8991092,0.25,0.10400000214576721,0.031199999153614044
YPL087W,YAR031W,1,-1.899464,0.2517985701560974,0.10499999672174454,0.031199999153614044
YEL066W,YKL038W,0,-1.9000084,0.2511961758136749,0.10499999672174454,0.031300000846385956
YKL204W,YBR160W,0,-1.9000804,0.25059667229652405,0.10499999672174454,0.03139999881386757
YLR032W,YMR304W,0,-1.9004414,0.25,0.10499999672174454,0.03150000050663948
YKR098C,YOR007C,0,-1.9014286,0.24940617382526398,0.10499999672174454,0.031599998474121094
YDR261C,YHR216W,0,-1.9018372,0.2488151639699936,0.10499999672174454,0.031700000166893005
YGL061C,YNL030W,0,-1.9024311,0.24822695553302765,0.10499999672174454,0.03180000185966492
YGL253W,YNL233W,0,-1.9029939,0.24764150381088257,0.10499999672174454,0.03189999982714653
YMR161W,YBR287W,1,-1.9031936,0.24941176176071167,0.10599999874830246,0.03189999982714653
YNR031C,YDR218C,0,-1.9034495,0.2488262951374054,0.10599999874830246,0.03200000151991844
YPR091C,YLR023C,1,-1.9038807,0.2505854666233063,0.10700000077486038,0.03200000151991844
YJR058C,YOR252W,0,-1.903943,0.25,0.10700000077486038,0.032099999487400055
YJR042W,YER022W,0,-1.9051744,0.249417245388031,0.10700000077486038,0.03220000118017197
YHR172W,YCR073W-A,0,-1.9057864,0.2488372027873993,0.10700000077486038,0.03229999914765358
YBL032W,YKL185W,0,-1.9064351,0.24825985729694366,0.10700000077486038,0.03240000084042549
YJR150C,YLR455W,0,-1.9064866,0.24768517911434174,0.10700000077486038,0.032499998807907104
YPR171W,YNL325C,0,-1.9069557,0.2471131682395935,0.10700000077486038,0.032600000500679016
YOL093W,YCR020W-B,0,-1.9069637,0.2465437799692154,0.10700000077486038,0.03269999846816063
YGR254W,YEL029C,0,-1.9076836,0.2459770143032074,0.10700000077486038,0.03280000016093254
YLR075W,YNL135C,0,-1.9077941,0.24541284143924713,0.10700000077486038,0.03290000185370445
YMR049C,YCR024C-A,0,-1.9080474,0.2448512613773346,0.10700000077486038,0.032999999821186066
YPL115C,YBR286W,0,-1.9080974,0.2442922443151474,0.10700000077486038,0.03310000151395798
YNL162W,YMR299C,0,-1.908385,0.24373576045036316,0.10700000077486038,0.03319999948143959
YBR299W,YOR305W,0,-1.90937,0.24318182468414307,0.10700000077486038,0.0333000011742115
YAL020C,YDR225W,0,-1.9102879,0.24263039231300354,0.10700000077486038,0.033399999141693115
YGR060W,YBL082C,1,-1.9104086,0.24434389173984528,0.1080000028014183,0.033399999141693115
YMR001C,YLR288C,0,-1.910844,0.243792325258255,0.1080000028014183,0.03350000083446503
YCR105W,YKR096W,0,-1.9109818,0.2432432472705841,0.1080000028014183,0.03359999880194664
YOR008C,YPR155C,0,-1.9110212,0.2426966279745102,0.1080000028014183,0.03370000049471855
YHR064C,YKL060C,0,-1.9110706,0.24215246737003326,0.1080000028014183,0.033799998462200165
YJL028W,YFL004W,0,-1.9117919,0.24161073565483093,0.1080000028014183,0.033900000154972076
YPL075W,YGL043W,0,-1.9124918,0.2410714328289032,0.1080000028014183,0.03400000184774399
YOR089C,YOL145C,0,-1.9126167,0.24053451418876648,0.1080000028014183,0.0340999998152256
YGL227W,YNL332W,0,-1.9128011,0.23999999463558197,0.1080000028014183,0.03420000150799751
YDL093W,YCL043C,1,-1.9128157,0.24168513715267181,0.10899999737739563,0.03420000150799751
YHR039C,YER074W-A,1,-1.9133333,0.24336282908916473,0.10999999940395355,0.03420000150799751
YHR133C,YPL175W,1,-1.9144399,0.2450331151485443,0.11100000143051147,0.03420000150799751
YHR084W,YPL204W,0,-1.9149839,0.24449339509010315,0.11100000143051147,0.034299999475479126
YPR204W,YDL132W,0,-1.9154283,0.2439560443162918,0.11100000143051147,0.03440000116825104
YOR070C,YNL177C,0,-1.9167165,0.2434210479259491,0.11100000143051147,0.03449999913573265
YOR221C,YBR067C,0,-1.9168159,0.242888405919075,0.11100000143051147,0.03460000082850456
YIL119C,YJL114W,0,-1.9180831,0.24235807359218597,0.11100000143051147,0.034699998795986176
YBR171W,YGR177C,1,-1.9185933,0.24400871992111206,0.1120000034570694,0.034699998795986176
YNL210W,YHL027W,0,-1.9186074,0.24347825348377228,0.1120000034570694,0.03480000048875809
YBR227C,YBR181C,0,-1.9189807,0.24295011162757874,0.1120000034570694,0.0348999984562397
YGR217W,YOR014W,0,-1.9191233,0.24242424964904785,0.1120000034570694,0.03500000014901161
YMR223W,YDR400W,0,-1.9192244,0.24190065264701843,0.1120000034570694,0.035100001841783524
YER073W,YPR148C,0,-1.9202689,0.24137930572032928,0.1120000034570694,0.03519999980926514
YDR459C,YKL081W,0,-1.9203191,0.2408602088689804,0.1120000034570694,0.03530000150203705
YPL010W,YHR031C,0,-1.9203368,0.2403433471918106,0.1120000034570694,0.03539999946951866
YDR307W,YDR519W,1,-1.9207526,0.2419700175523758,0.11299999803304672,0.03539999946951866
YHR133C,YHR142W,1,-1.92186,0.24358974397182465,0.11400000005960464,0.03539999946951866
YKL092C,YNL329C,0,-1.9223897,0.24307036399841309,0.11400000005960464,0.03550000116229057
YAL023C,YMR022W,1,-1.923127,0.24468085169792175,0.11500000208616257,0.03550000116229057
YOR359W,YEL047C,0,-1.9238559,0.24416135251522064,0.11500000208616257,0.035599999129772186
YGR296W,YMR136W,0,-1.9243616,0.24364407360553741,0.11500000208616257,0.0357000008225441
YOR090C,YCL075W,0,-1.9245627,0.2431289702653885,0.11500000208616257,0.03579999879002571
YKL140W,YDL120W,0,-1.9249545,0.24261602759361267,0.11500000208616257,0.03590000048279762
YNL046W,YAL042W,1,-1.9249555,0.24421052634716034,0.11599999666213989,0.03590000048279762
YJR004C,YLR190W,0,-1.9250692,0.24369747936725616,0.11599999666213989,0.035999998450279236
YJR086W,YNL190W,0,-1.9252514,0.2431865781545639,0.11599999666213989,0.03610000014305115
YBR188C,YPR159W,0,-1.9254721,0.24267782270908356,0.11599999666213989,0.03620000183582306
YAL013W,YCL005W-A,0,-1.9255176,0.24217118322849274,0.11599999666213989,0.03629999980330467
YLR442C,YPL190C,0,-1.926023,0.24166665971279144,0.11599999666213989,0.036400001496076584
YPL094C,YBR287W,1,-1.9263788,0.2432432472705841,0.11699999868869781,0.036400001496076584
YKR030W,YER070W,0,-1.9273747,0.24273858964443207,0.11699999868869781,0.0364999994635582
YHL017W,YCL014W,0,-1.9274911,0.24223601818084717,0.11699999868869781,0.03660000115633011
YHR073W,YBR012W-B,0,-1.9280083,0.2417355328798294,0.11699999868869781,0.03669999912381172
YGR216C,YGL084C,1,-1.9285867,0.2432989627122879,0.11800000071525574,0.03669999912381172
YDR410C,YLR450W,1,-1.9289013,0.24485597014427185,0.11900000274181366,0.03669999912381172
YGR157W,YDR434W,1,-1.929636,0.24640657007694244,0.11999999731779099,0.03669999912381172
YJR118C,YBR265W,1,-1.9296612,0.24795082211494446,0.12099999934434891,0.03669999912381172
YNR036C,YLR047C,0,-1.9301707,0.2474437654018402,0.12099999934434891,0.03680000081658363
YDR205W,YDR411C,1,-1.9306608,0.2489795982837677,0.12200000137090683,0.03680000081658363
YPL015C,YMR056C,0,-1.9313725,0.24847251176834106,0.12200000137090683,0.03689999878406525
YNL263C,YGR105W,1,-1.9317411,0.25,0.12300000339746475,0.03689999878406525
YIL009C-A,YMR240C,0,-1.9321438,0.24949289858341217,0.12300000339746475,0.03700000047683716
YCR044C,YPL175W,1,-1.9321582,0.2510121464729309,0.12399999797344208,0.03700000047683716
YLR391W-A,YDR394W,0,-1.9330145,0.2505050599575043,0.12399999797344208,0.03709999844431877
YOL112W,YBR069C,0,-1.9353683,0.25,0.12399999797344208,0.03720000013709068
YKL165C,YPR063C,1,-1.9355603,0.25150904059410095,0.125,0.03720000013709068
YMR120C,YCR040W,0,-1.9356328,0.25100401043891907,0.125,0.037300001829862595
YNL020C,YGR169C,0,-1.9360089,0.25050100684165955,0.125,0.03739999979734421
YIL035C,YHR018C,0,-1.9363233,0.25,0.125,0.03750000149011612
YJR117W,YEL043W,1,-1.9364383,0.2514970004558563,0.12600000202655792,0.03750000149011612
YLR467W,YMR314W,0,-1.9386824,0.25099602341651917,0.12600000202655792,0.03759999945759773
YDR056C,YEL001C,1,-1.9389083,0.25248509645462036,0.12700000405311584,0.03759999945759773
YNL263C,YLR064W,1,-1.9389474,0.2539682686328888,0.12800000607967377,0.03759999945759773
YBR170C,YMR122W-A,1,-1.9392501,0.25544553995132446,0.1289999932050705,0.03759999945759773
YGL210W,YLL017W,0,-1.9403301,0.2549407184123993,0.1289999932050705,0.037700001150369644
YOR396W,YDL224C,0,-1.9404055,0.2544378638267517,0.1289999932050705,0.03779999911785126
YDR508C,YKL132C,0,-1.9406947,0.2539370059967041,0.1289999932050705,0.03790000081062317
YHR114W,YMR314W,0,-1.9407755,0.2534381151199341,0.1289999932050705,0.03799999877810478
YJL056C,YOR081C,0,-1.9408973,0.25294119119644165,0.1289999932050705,0.038100000470876694
YER173W,YHR117W,0,-1.941088,0.25244617462158203,0.1289999932050705,0.03819999843835831
YMR246W,YER172C,0,-1.9411744,0.251953125,0.1289999932050705,0.03830000013113022
YNL246W,YIL029C,0,-1.9413334,0.2514619827270508,0.1289999932050705,0.03840000182390213
YLR440C,YJL062W,1,-1.9414018,0.2529182732105255,0.12999999523162842,0.03840000182390213
YNL219C,YHR142W,1,-1.9414109,0.25436893105506897,0.13099999725818634,0.03840000182390213
YOL112W,YHR051W,0,-1.9414971,0.2538759708404541,0.13099999725818634,0.03849999979138374
YLL009C,YJL074C,0,-1.9419831,0.25338491797447205,0.13099999725818634,0.038600001484155655
YPR029C,YFR037C,0,-1.9421965,0.2528957426548004,0.13099999725818634,0.03869999945163727
YGL139W,YHR188C,1,-1.9423233,0.2543352544307709,0.13199999928474426,0.03869999945163727
YCR107W,YDR171W,0,-1.9425148,0.2538461685180664,0.13199999928474426,0.03880000114440918
YPL208W,YGL185C,0,-1.9427475,0.25335893034935,0.13199999928474426,0.03889999911189079
YCR048W,YLR268W,1,-1.9431874,0.254789263010025,0.13300000131130219,0.03889999911189079
YAR018C,YLR391W-A,0,-1.9432125,0.25430211424827576,0.13300000131130219,0.039000000804662704
YPL118W,YML037C,0,-1.943914,0.25381678342819214,0.13300000131130219,0.03909999877214432
YER180C-A,YKL018W,0,-1.9439633,0.25333333015441895,0.13300000131130219,0.03920000046491623
YML126C,YGL065C,1,-1.9442816,0.25475284457206726,0.1340000033378601,0.03920000046491623
YJR129C,YGL013C,0,-1.9443063,0.25426945090293884,0.1340000033378601,0.03929999843239784
YML058W,YJL006C,0,-1.945059,0.2537878751754761,0.1340000033378601,0.039400000125169754
YJL065C,YOL165C,0,-1.946487,0.25330811738967896,0.1340000033378601,0.039500001817941666
YNR055C,YMR193W,0,-1.94686,0.2528301775455475,0.1340000033378601,0.03959999978542328
YJL117W,YER087C-B,1,-1.9470451,0.2542372941970825,0.13500000536441803,0.03959999978542328
YBL005W-A,YER053C,0,-1.9471737,0.25375938415527344,0.13500000536441803,0.03970000147819519
YCR079W,YGR106C,0,-1.9473091,0.25328329205513,0.13500000536441803,0.039799999445676804
YJL210W,YFL045C,0,-1.947847,0.25280898809432983,0.13500000536441803,0.039900001138448715
YER011W,YKL099C,0,-1.9480337,0.25233644247055054,0.13500000536441803,0.03999999910593033
YBR171W,YMR264W,1,-1.9482335,0.2537313401699066,0.13600000739097595,0.03999999910593033
YNL219C,YDR292C,1,-1.9482932,0.25512105226516724,0.13699999451637268,0.03999999910593033
YHL031C,YPL271W,0,-1.9485306,0.25464683771133423,0.13699999451637268,0.04010000079870224
YDR368W,YKL206C,0,-1.948616,0.2541744112968445,0.13699999451637268,0.04019999876618385
YNL251C,YKL171W,0,-1.9486887,0.2537037134170532,0.13699999451637268,0.040300000458955765
YIL052C,YGL021W,0,-1.9490622,0.25323474407196045,0.13699999451637268,0.04039999842643738
YGR263C,YFR041C,1,-1.9491516,0.254612535238266,0.1379999965429306,0.04039999842643738
YMR212C,YGL023C,0,-1.9492265,0.2541436553001404,0.1379999965429306,0.04050000011920929
YNL088W,YJR025C,0,-1.9496421,0.25367647409439087,0.1379999965429306,0.0406000018119812
YMR205C,YBR276C,0,-1.9500786,0.25321102142333984,0.1379999965429306,0.040699999779462814
YPR105C,YJR001W,0,-1.9500986,0.2527472674846649,0.1379999965429306,0.040800001472234726
YJL006C,YMR072W,0,-1.9507622,0.2522851824760437,0.1379999965429306,0.04089999943971634
YNL079C,YHR183W,0,-1.9508541,0.25182482600212097,0.1379999965429306,0.04100000113248825
YJL112W,YDR402C,0,-1.9519857,0.25136610865592957,0.1379999965429306,0.041099999099969864
YGL051W,YHL003C,1,-1.9521747,0.2527272701263428,0.13899999856948853,0.041099999099969864
YIL119C,YFR040W,0,-1.9527178,0.25226861238479614,0.13899999856948853,0.041200000792741776
YOR046C,YGL201C,0,-1.952794,0.25181159377098083,0.13899999856948853,0.04129999876022339
YDR178W,YGL090W,0,-1.952885,0.25135624408721924,0.13899999856948853,0.0414000004529953
YKL070W,YPL181W,0,-1.9529457,0.25090253353118896,0.13899999856948853,0.04149999842047691
YFR013W,YLR287C-A,0,-1.953381,0.25045046210289,0.13899999856948853,0.041600000113248825
YMR287C,YPR119W,0,-1.9534713,0.25,0.13899999856948853,0.04170000180602074
YLR348C,YJL005W,0,-1.9538469,0.24955116212368011,0.13899999856948853,0.04179999977350235
YDL031W,YER014C-A,0,-1.9539756,0.24910394847393036,0.13899999856948853,0.04190000146627426
YML048W,YER019W,1,-1.9541641,0.25044721364974976,0.14000000059604645,0.04190000146627426
YKL165C,YER004W,1,-1.9543179,0.2517857253551483,0.14100000262260437,0.04190000146627426
YGL048C,YOR128C,0,-1.9544735,0.2513369023799896,0.14100000262260437,0.041999999433755875
YJL189W,YLR055C,0,-1.9546337,0.25088968873023987,0.14100000262260437,0.042100001126527786
YDR367W,YGL129C,0,-1.9550294,0.25044405460357666,0.14100000262260437,0.0421999990940094
YIL077C,YCL020W,0,-1.955118,0.25,0.14100000262260437,0.04230000078678131
YBL088C,YGR292W,0,-1.955147,0.2495575249195099,0.14100000262260437,0.042399998754262924
YNL290W,YEL047C,0,-1.9559146,0.24911661446094513,0.14100000262260437,0.042500000447034836
YKL054C,YGR222W,0,-1.9559304,0.24867725372314453,0.14100000262260437,0.04259999841451645
YCR026C,YJR036C,0,-1.9559616,0.2482394427061081,0.14100000262260437,0.04270000010728836
YMR040W,YJR104C,0,-1.9561602,0.24780316650867462,0.14100000262260437,0.04280000180006027
YGR032W,YDR225W,0,-1.9562762,0.24736842513084412,0.14100000262260437,0.042899999767541885
YNR023W,YBR160W,0,-1.9564428,0.24693520367145538,0.14100000262260437,0.0430000014603138
YOL052C,YIL034C,0,-1.9564615,0.24650350213050842,0.14100000262260437,0.04309999942779541
YPL040C,YHR051W,0,-1.9566606,0.24607330560684204,0.14100000262260437,0.04320000112056732
YML046W,YAL029C,0,-1.9567057,0.24564459919929504,0.14100000262260437,0.043299999088048935
YJL225C,YCL033C,0,-1.9569527,0.24521739780902863,0.14100000262260437,0.04340000078082085
YDR216W,YER014C-A,0,-1.9576603,0.2447916716337204,0.14100000262260437,0.04349999874830246
YGL112C,YOL143C,0,-1.9579242,0.24436742067337036,0.14100000262260437,0.04360000044107437
YKL051W,YGL232W,0,-1.9585289,0.24394463002681732,0.14100000262260437,0.043699998408555984
YKL003C,YDR016C,0,-1.9585395,0.24352331459522247,0.14100000262260437,0.043800000101327896
YML064C,YBR088C,0,-1.9593834,0.24310344457626343,0.14100000262260437,0.04390000179409981
YLR155C,YFR041C,1,-1.9594102,0.24440619349479675,0.1420000046491623,0.04390000179409981
YMR221C,YIR012W,0,-1.9594771,0.24398624897003174,0.1420000046491623,0.04399999976158142
YHR188C,YER074W-A,1,-1.9596221,0.24528302252292633,0.14300000667572021,0.04399999976158142
YDL198C,YGL119W,0,-1.9602691,0.24486301839351654,0.14300000667572021,0.04410000145435333
YGR251W,YGL229C,0,-1.9603707,0.24444444477558136,0.14300000667572021,0.044199999421834946
YPR094W,YOR252W,0,-1.9604402,0.2440273016691208,0.14300000667572021,0.04430000111460686
YNR074C,YML077W,0,-1.96106,0.24361158907413483,0.14300000667572021,0.04439999908208847
YDR076W,YHL031C,0,-1.9615573,0.2431972771883011,0.14300000667572021,0.04450000077486038
YMR164C,YLR429W,0,-1.96163,0.24278438091278076,0.14300000667572021,0.044599998742341995
YPL042C,YOR109W,0,-1.9619409,0.24237288534641266,0.14300000667572021,0.04470000043511391
YAL003W,YPR181C,0,-1.9621474,0.24196277558803558,0.14300000667572021,0.04479999840259552
YGL195W,YCL075W,0,-1.9621488,0.24155405163764954,0.14300000667572021,0.04490000009536743
YKR052C,YPR171W,0,-1.9627571,0.24114671349525452,0.14300000667572021,0.04500000178813934
YJL078C,YCR097WB,0,-1.963074,0.24074074625968933,0.14300000667572021,0.045099999755620956
YNL282W,YBR017C,0,-1.9631134,0.24033613502979279,0.14300000667572021,0.04520000144839287
YDL108W,YJR027W,0,-1.9631406,0.23993287980556488,0.14300000667572021,0.04529999941587448
YMR190C,YGR084C,0,-1.9633975,0.2395309954881668,0.14300000667572021,0.04540000110864639
YER008C,YGL083W,0,-1.9637545,0.239130437374115,0.14300000667572021,0.045499999076128006
YJR004C,YOL123W,0,-1.9637896,0.23873122036457062,0.14300000667572021,0.04560000076889992
YPL283C,YIL074C,0,-1.9645195,0.2383333295583725,0.14300000667572021,0.04569999873638153
YOL094C,YLR170C,0,-1.9646263,0.23793676495552063,0.14300000667572021,0.04580000042915344
YOL020W,YLL050C,0,-1.9646999,0.23754152655601501,0.14300000667572021,0.045899998396635056
YMR205C,YGL123W,0,-1.9649268,0.23714759945869446,0.14300000667572021,0.04600000008940697
YNL078W,YIL119C,0,-1.9650482,0.23675496876239777,0.14300000667572021,0.04610000178217888
YBR048W,YKL211C,0,-1.9651175,0.23636363446712494,0.14300000667572021,0.04619999974966049
YKR030W,YFR002W,0,-1.9661099,0.23597359657287598,0.14300000667572021,0.046300001442432404
YJL003W,YHR026W,0,-1.9666461,0.23558484017848969,0.14300000667572021,0.04639999940991402
YOR125C,YBR233W-A,0,-1.9669067,0.23519736528396606,0.14300000667572021,0.04650000110268593
YHR018C,YOR298C-A,0,-1.9673547,0.23481117188930511,0.14300000667572021,0.04659999907016754
YJL145W,YER012W,0,-1.9674929,0.23442623019218445,0.14300000667572021,0.04670000076293945
YDL225W,YDL155W,0,-1.9675844,0.23404255509376526,0.14300000667572021,0.046799998730421066
YDL029W,YDR400W,0,-1.9679524,0.23366013169288635,0.14300000667572021,0.04690000042319298
YNL032W,YMR086W,0,-1.968038,0.23327895998954773,0.14300000667572021,0.04699999839067459
YCR048W,YKL008C,1,-1.9685924,0.23452769219875336,0.14399999380111694,0.04699999839067459
YBR164C,YMR075W,0,-1.9686385,0.2341463416814804,0.14399999380111694,0.0471000000834465
YLR275W,YJR112W,0,-1.9687318,0.23376622796058655,0.14399999380111694,0.047200001776218414
YCR008W,YDL083C,0,-1.968856,0.23338735103607178,0.14399999380111694,0.04729999974370003
YGR059W,YLR248W,0,-1.9688765,0.2330097109079361,0.14399999380111694,0.04740000143647194
YJL012C-A,YOR362C,0,-1.9696168,0.23263327777385712,0.14399999380111694,0.04749999940395355
YMR274C,YOL031C,1,-1.9696258,0.2338709682226181,0.14499999582767487,0.04749999940395355
YNL119W,YLR426W,0,-1.9696809,0.233494371175766,0.14499999582767487,0.047600001096725464
YPL031C,YDL134C,0,-1.9701535,0.2331189662218094,0.14499999582767487,0.04769999906420708
YML105C,YLR272C,0,-1.9709586,0.23274478316307068,0.14499999582767487,0.04780000075697899
YCL005W-A,YLR035C,0,-1.9709921,0.23237179219722748,0.14499999582767487,0.0478999987244606
YGR082W,YOL019W,0,-1.9712496,0.23199999332427979,0.14499999582767487,0.04800000041723251
YJL028W,YMR041C,0,-1.9713151,0.2316293865442276,0.14499999582767487,0.04809999838471413
YBL047C,YCL025C,0,-1.9726951,0.23125997185707092,0.14499999582767487,0.04820000007748604
YGR216C,YBR029C,1,-1.9727948,0.23248407244682312,0.1459999978542328,0.04820000007748604
YDR489W,YGR007W,0,-1.9734007,0.23211446404457092,0.1459999978542328,0.04830000177025795
YML029W,YOR149C,1,-1.973556,0.23333333432674408,0.1469999998807907,0.04830000177025795
YJL034W,YDL072C,1,-1.9736439,0.23454833030700684,0.14800000190734863,0.04830000177025795
YBR017C,YLL019C,0,-1.9738096,0.23417721688747406,0.14800000190734863,0.04839999973773956
YCR024C,YPR135W,0,-1.9744412,0.2338072657585144,0.14800000190734863,0.048500001430511475
YNL316C,YDL120W,0,-1.9745162,0.23343849182128906,0.14800000190734863,0.04859999939799309
YER082C,YBR236C,0,-1.9748442,0.23307086527347565,0.14800000190734863,0.048700001090765
YML058W,YDR177W,0,-1.9750029,0.23270440101623535,0.14800000190734863,0.04879999905824661
YKL054C,YGL067W,0,-1.9754907,0.23233908414840698,0.14800000190734863,0.048900000751018524
YCR048W,YLR023C,1,-1.975497,0.2335423231124878,0.14900000393390656,0.048900000751018524
YCL045C,YFL038C,1,-1.9756508,0.23474177718162537,0.15000000596046448,0.048900000751018524
YKL214C,YER030W,0,-1.9758221,0.234375,0.15000000596046448,0.04899999871850014
YDL164C,YGR111W,0,-1.976456,0.23400935530662537,0.15000000596046448,0.04910000041127205
YDL160C,YBR106W,0,-1.9770799,0.23364485800266266,0.15000000596046448,0.04919999837875366
YDR518W,YNR026C,1,-1.9773284,0.23483669757843018,0.1509999930858612,0.04919999837875366
YDL036C,YOR088W,0,-1.9773579,0.23447205126285553,0.1509999930858612,0.049300000071525574
YDR518W,YLR350W,1,-1.977477,0.2356589138507843,0.15199999511241913,0.049300000071525574
YIL133C,YOR194C,0,-1.9791859,0.23529411852359772,0.15199999511241913,0.049400001764297485
YLR411W,YKL088W,0,-1.9792819,0.23493044078350067,0.15199999511241913,0.0494999997317791
YJR118C,YOL088C,1,-1.9794348,0.2361111044883728,0.15299999713897705,0.0494999997317791
YNR026C,YIL124W,1,-1.9794588,0.23728813230991364,0.15399999916553497,0.0494999997317791
YNL286W,YEL011W,0,-1.9801496,0.23692308366298676,0.15399999916553497,0.04960000142455101
YHR039C-A,YFL047W,0,-1.9804472,0.23655913770198822,0.15399999916553497,0.04969999939203262
YGR287C,YNL271C,0,-1.980493,0.23619632422924042,0.15399999916553497,0.049800001084804535
YDR056C,YNL012W,1,-1.9805363,0.23736600577831268,0.1550000011920929,0.049800001084804535
YPL167C,YGR037C,0,-1.9808408,0.23700305819511414,0.1550000011920929,0.04989999905228615
YGR122W,YBR208C,0,-1.9808561,0.23664122819900513,0.1550000011920929,0.05000000074505806
YLR055C,YJR135W-A,0,-1.9817963,0.23628048598766327,0.1550000011920929,0.05009999871253967
YPR042C,YGR082W,0,-1.9819499,0.23592084646224976,0.1550000011920929,0.050200000405311584
YDR055W,YOR355W,0,-1.9831961,0.2355623096227646,0.1550000011920929,0.0502999983727932
YDR246W,YDL134C,0,-1.9833403,0.23520486056804657,0.1550000011920929,0.05040000006556511
YOL070C,YNL330C,0,-1.9833742,0.2348484843969345,0.1550000011920929,0.05050000175833702
YJR113C,YBL018C,0,-1.9834987,0.2344931960105896,0.1550000011920929,0.050599999725818634
YOR125C,YKR096W,0,-1.9838449,0.23413896560668945,0.1550000011920929,0.050700001418590546
YLL043W,YBR097W,0,-1.9838462,0.23378582298755646,0.1550000011920929,0.05079999938607216
YLR187W,YMR284W,0,-1.9850575,0.23343373835086823,0.1550000011920929,0.05090000107884407
YHR064C,YLL032C,0,-1.9851218,0.23308271169662476,0.1550000011920929,0.050999999046325684
YHR169W,YER022W,0,-1.9851605,0.23273272812366486,0.1550000011920929,0.051100000739097595
YPL096C-A,YDR200C,1,-1.9859794,0.2338830530643463,0.15600000321865082,0.051100000739097595
YOR060C,YER074W-A,1,-1.986322,0.235029935836792,0.15700000524520874,0.051100000739097595
YOL013C,YDR302W,1,-1.9863706,0.23617339134216309,0.15800000727176666,0.051100000739097595
YDL212W,YER026C,1,-1.9863884,0.2373134344816208,0.1589999943971634,0.051100000739097595
YDR507C,YIL149C,0,-1.9867842,0.23695975542068481,0.1589999943971634,0.05119999870657921
YER035W,YER106W,0,-1.9868283,0.2366071492433548,0.1589999943971634,0.05130000039935112
YNL115C,YHR079C-A,0,-1.9868635,0.23625557124614716,0.1589999943971634,0.05139999836683273
YNL213C,YKL171W,0,-1.986984,0.23590505123138428,0.1589999943971634,0.051500000059604645
YKL214C,YLR320W,0,-1.9872519,0.23555555939674377,0.1589999943971634,0.051600001752376556
YNL278W,YBL033C,0,-1.987266,0.23520709574222565,0.1589999943971634,0.05169999971985817
YGL054C,YDR349C,1,-1.987311,0.23633678257465363,0.1599999964237213,0.05169999971985817
YDR201W,YDR436W,0,-1.987342,0.23598819971084595,0.1599999964237213,0.05180000141263008
YER081W,YPR194C,0,-1.9874254,0.23564064502716064,0.1599999964237213,0.051899999380111694
YOR054C,YPR164W,0,-1.9874884,0.23529411852359772,0.1599999964237213,0.052000001072883606
YPL157W,YGR003W,0,-1.987574,0.23494860529899597,0.1599999964237213,0.05209999904036522
YOR187W,YOR035C,0,-1.9876151,0.2346041053533554,0.1599999964237213,0.05220000073313713
YPL088W,YDR192C,0,-1.9878904,0.23426061868667603,0.1599999964237213,0.052299998700618744
YER008C,YJL145W,0,-1.9880413,0.23391813039779663,0.1599999964237213,0.052400000393390656
YPR036W,YHR149C,0,-1.9883891,0.23357664048671722,0.1599999964237213,0.05249999836087227
YNL194C,YLR301W,1,-1.9886085,0.23469388484954834,0.16099999845027924,0.05249999836087227
YDR478W,YLR040C,0,-1.9889616,0.2343522608280182,0.16099999845027924,0.05260000005364418
YGR272C,YDL022W,0,-1.9904429,0.23401163518428802,0.16099999845027924,0.05270000174641609
YGR216C,YLR286C,1,-1.9905516,0.23512336611747742,0.16200000047683716,0.05270000174641609
YLR047C,YKL185W,0,-1.9907274,0.2347826063632965,0.16200000047683716,0.052799999713897705
YMR133W,YDR487C,0,-1.9907275,0.2344428300857544,0.16200000047683716,0.05290000140666962
YPR204W,YCL059C,0,-1.9908813,0.23410405218601227,0.16200000047683716,0.05299999937415123
YGR267C,YIL111W,0,-1.990978,0.23376622796058655,0.16200000047683716,0.05310000106692314
YBR098W,YLL009C,0,-1.9909998,0.23342940211296082,0.16200000047683716,0.053199999034404755
YFL002W-A,YGL112C,0,-1.99117,0.2330935299396515,0.16200000047683716,0.053300000727176666
YGR229C,YLR466W,0,-1.9914812,0.23275862634181976,0.16200000047683716,0.05339999869465828
YNL129W,YOR074C,0,-1.9920036,0.23242467641830444,0.16200000047683716,0.05350000038743019
YOR088W,YLR348C,0,-1.9920365,0.23209169507026672,0.16200000047683716,0.053599998354911804
YNR034W,YJR135W-A,0,-1.9921652,0.23175965249538422,0.16200000047683716,0.053700000047683716
YDL138W,YGR086C,0,-1.9923645,0.2314285784959793,0.16200000047683716,0.05380000174045563
YGL063W,YNL030W,0,-1.992369,0.23109842836856842,0.16200000047683716,0.05389999970793724
YNL032W,YBR257W,0,-1.9925077,0.23076923191547394,0.16200000047683716,0.05400000140070915
YOL104C,YFL044C,0,-1.993002,0.23044097423553467,0.16200000047683716,0.054099999368190765
YDR109C,YJL028W,0,-1.9930495,0.23011364042758942,0.16200000047683716,0.05420000106096268
YMR055C,YHL050C,0,-1.9932812,0.22978723049163818,0.16200000047683716,0.05429999902844429
YEL031W,YOR285W,1,-1.9933277,0.23087818920612335,0.16300000250339508,0.05429999902844429
YBR121C,YJL021C,0,-1.9933728,0.23055163025856018,0.16300000250339508,0.0544000007212162
YGR175C,YBR159W,1,-1.9934102,0.23163841664791107,0.164000004529953,0.0544000007212162
YOR144C,YHL012W,0,-1.9934777,0.23131170868873596,0.164000004529953,0.054499998688697815
YOR175C,YDR189W,1,-1.9939399,0.23239436745643616,0.16500000655651093,0.054499998688697815
YPL066W,YER131W,0,-1.9943999,0.2320675104856491,0.16500000655651093,0.05460000038146973
YFR051C,YMR235C,0,-1.9945389,0.23174157738685608,0.16500000655651093,0.05469999834895134
YIL041W,YPL262W,0,-1.9945532,0.23141655325889587,0.16500000655651093,0.05480000004172325
YGL206C,YJR044C,0,-1.995024,0.2310924381017685,0.16500000655651093,0.05490000173449516
YOR159C,YIL063C,0,-1.9951738,0.23076923191547394,0.16500000655651093,0.054999999701976776
YCL003W,YGL195W,0,-1.9956862,0.2304469347000122,0.16500000655651093,0.05510000139474869
YDL236W,YPR189W,0,-1.9957882,0.2301255166530609,0.16500000655651093,0.0551999993622303
YLR102C,YKL149C,0,-1.9958092,0.22980500757694244,0.16500000655651093,0.05530000105500221
YNL186W,YPR011C,0,-1.9959226,0.2294853925704956,0.16500000655651093,0.055399999022483826
YOR181W,YNR032W,0,-1.9959968,0.2291666716337204,0.16500000655651093,0.05550000071525574
YFR028C,YOL107W,0,-1.9963523,0.22884881496429443,0.16500000655651093,0.05559999868273735
YBR294W,YCR017C,0,-1.9969379,0.2285318523645401,0.16500000655651093,0.05570000037550926
YOR245C,YGL039W,0,-1.9969791,0.2282157689332962,0.16500000655651093,0.055799998342990875
YLR050C,YBR110W,1,-1.9972309,0.22928176820278168,0.16599999368190765,0.055799998342990875
YOL120C,YBR237W,0,-1.9972434,0.22896552085876465,0.16599999368190765,0.05590000003576279
YNL197C,YNL182C,0,-1.9973706,0.22865013778209686,0.16599999368190765,0.0560000017285347
YGL010W,YDR411C,1,-1.9975898,0.2297111451625824,0.16699999570846558,0.0560000017285347
YDR285W,YJR113C,0,-1.9977084,0.22939559817314148,0.16699999570846558,0.05609999969601631
YDR129C,YOR109W,0,-1.9977323,0.229080930352211,0.16699999570846558,0.05620000138878822
YER041W,YGL151W,0,-1.9985785,0.22876712679862976,0.16699999570846558,0.056299999356269836
YFL011W-A,YIL158W,0,-1.9990865,0.22845417261123657,0.16699999570846558,0.05640000104904175
YHR211W,YKL027W,0,-1.9991795,0.22814208269119263,0.16699999570846558,0.05649999901652336
YLR164W,YLR344W,0,-1.9999149,0.22783082723617554,0.16699999570846558,0.05660000070929527
YFL011W-A,YKL206C,0,-1.9999317,0.2275204360485077,0.16699999570846558,0.056699998676776886
YDR076W,YJR129C,0,-2.000224,0.2272108793258667,0.16699999570846558,0.0568000003695488
YPR174C,YDR343C,0,-2.0006328,0.22690217196941376,0.16699999570846558,0.05689999833703041
YIL041W,YNL217W,0,-2.0010068,0.22659429907798767,0.16699999570846558,0.05700000002980232
YJR129C,YNL239W,0,-2.0015829,0.22628726065158844,0.16699999570846558,0.057100001722574234
YFR016C,YCR077C,0,-2.0018902,0.22598105669021606,0.16699999570846558,0.05719999969005585
YDR235W,YPR011C,0,-2.0018966,0.22567567229270935,0.16699999570846558,0.05730000138282776
YDR450W,YBR092C,0,-2.0021803,0.2253711223602295,0.16699999570846558,0.05739999935030937
YNL078W,YIL082W-A,0,-2.0023227,0.2250673919916153,0.16699999570846558,0.057500001043081284
YDR256C,YHR005C,0,-2.0023232,0.22476446628570557,0.16699999570846558,0.0575999990105629
YER091C,YML040W,0,-2.0023599,0.2244623601436615,0.16699999570846558,0.05770000070333481
YPR125W,YBR115C,0,-2.0023897,0.2241610735654831,0.16699999570846558,0.05779999867081642
YER044C,YAL042W,1,-2.0026934,0.2252010703086853,0.1679999977350235,0.05779999867081642
YOL013C,YEL043W,1,-2.0038111,0.22623828053474426,0.16899999976158142,0.05779999867081642
YNL323W,YBL082C,1,-2.0038111,0.22727273404598236,0.17000000178813934,0.05779999867081642
YER190W,YBL060W,0,-2.0040667,0.22696928679943085,0.17000000178813934,0.05790000036358833
YOR319W,YNL305C,0,-2.004191,0.2266666740179062,0.17000000178813934,0.057999998331069946
YER138C,YFL034C-B,0,-2.004558,0.2263648509979248,0.17000000178813934,0.05810000002384186
YBR215W,YMR220W,0,-2.0046186,0.2260638326406479,0.17000000178813934,0.05820000171661377
YJL123C,YDR268W,0,-2.0046296,0.22576361894607544,0.17000000178813934,0.05829999968409538
YBR161W,YBR006W,0,-2.004702,0.22546419501304626,0.17000000178813934,0.058400001376867294
YKL070W,YJL191W,0,-2.0048873,0.22516556084156036,0.17000000178813934,0.05849999934434891
YGR076C,YBL015W,0,-2.004916,0.22486773133277893,0.17000000178813934,0.05860000103712082
YPR184W,YLR024C,0,-2.0050688,0.22457067668437958,0.17000000178813934,0.05869999900460243
YGL161C,YHR018C,0,-2.0051377,0.2242744117975235,0.17000000178813934,0.058800000697374344
YHL027W,YLR303W,0,-2.0055227,0.2239789217710495,0.17000000178813934,0.05889999866485596
YOR332W,YMR220W,0,-2.005528,0.22368420660495758,0.17000000178813934,0.05900000035762787
YJR129C,YMR087W,0,-2.0056682,0.22339028120040894,0.17000000178813934,0.05909999832510948
YKR035W-A,YDL002C,0,-2.005674,0.22309711575508118,0.17000000178813934,0.05920000001788139
YBR162W-A,YER087C-B,1,-2.0061681,0.22411532700061798,0.17100000381469727,0.05920000001788139
YLR155C,YNL080C,1,-2.0063252,0.22513088583946228,0.1720000058412552,0.05920000001788139
YOR219C,YHR023W,0,-2.0063512,0.22483660280704498,0.1720000058412552,0.059300001710653305
YIL044C,YGL129C,0,-2.0064082,0.22454307973384857,0.1720000058412552,0.05939999967813492
YLR155C,YAR042W,1,-2.0066965,0.22555410861968994,0.17299999296665192,0.05939999967813492
YIL074C,YDR162C,0,-2.0067458,0.2252604216337204,0.17299999296665192,0.05950000137090683
YDL008W,YPL037C,0,-2.0067983,0.22496749460697174,0.17299999296665192,0.05959999933838844
YDR174W,YJR044C,0,-2.0070734,0.22467532753944397,0.17299999296665192,0.059700001031160355
YPR004C,YNL217W,0,-2.0078528,0.22438392043113708,0.17299999296665192,0.05979999899864197
YPR078C,YDL085W,0,-2.007975,0.2240932583808899,0.17299999296665192,0.05990000069141388
YGL047W,YER087C-B,1,-2.0080805,0.22509703040122986,0.17399999499320984,0.05990000069141388
YDR427W,YDR254W,0,-2.008154,0.22480620443820953,0.17399999499320984,0.05999999865889549
YCL005W-A,YDR335W,0,-2.0083873,0.2245161235332489,0.17399999499320984,0.060100000351667404
YPL096C-A,YNR039C,1,-2.008843,0.2255154699087143,0.17499999701976776,0.060100000351667404
YGL054C,YDL204W,1,-2.0089092,0.22651222348213196,0.17599999904632568,0.060100000351667404
YER029C,YDR432W,0,-2.0091257,0.22622108459472656,0.17599999904632568,0.06019999831914902
YGL200C,YER044C,1,-2.0094695,0.22721438109874725,0.1770000010728836,0.06019999831914902
YKL201C,YHR214C-B,0,-2.009547,0.22692307829856873,0.1770000010728836,0.06030000001192093
YMR192W,YJL090C,0,-2.0099452,0.2266325205564499,0.1770000010728836,0.06040000170469284
YER011W,YPR036W,0,-2.0100913,0.22634270787239075,0.1770000010728836,0.060499999672174454
YFL062W,YJR075W,0,-2.010164,0.2260536402463913,0.1770000010728836,0.060600001364946365
YOL059W,YML085C,0,-2.010251,0.22576530277729034,0.1770000010728836,0.06069999933242798
YGL200C,YGR172C,1,-2.0102558,0.22675159573554993,0.17800000309944153,0.06069999933242798
YCL033C,YJR134C,0,-2.0103278,0.22646310925483704,0.17800000309944153,0.06080000102519989
YBR022W,YGL201C,0,-2.0103285,0.22617535293102264,0.17800000309944153,0.0608999989926815
YDR541C,YAL061W,0,-2.0107582,0.22588832676410675,0.17800000309944153,0.061000000685453415
YOR323C,YLR363C,0,-2.0108225,0.22560203075408936,0.17800000309944153,0.06109999865293503
YPR173C,YNL149C,1,-2.0108778,0.22658227384090424,0.17900000512599945,0.06109999865293503
YNL213C,YGL125W,0,-2.0125759,0.2262958288192749,0.17900000512599945,0.06120000034570694
YJL104W,YGR122W,0,-2.0129242,0.22601009905338287,0.17900000512599945,0.06129999831318855
YCL025C,YER180C-A,0,-2.0129738,0.22572509944438934,0.17900000512599945,0.061400000005960464
YOR227W,YKL055C,0,-2.0129838,0.22544080018997192,0.17900000512599945,0.061500001698732376
YGL054C,YJL192C,1,-2.0131013,0.22641509771347046,0.18000000715255737,0.061500001698732376
YPL096C-A,YOR171C,1,-2.013251,0.227386936545372,0.1809999942779541,0.061500001698732376
YLR075W,YER068W,0,-2.0132627,0.2271016240119934,0.1809999942779541,0.06159999966621399
YKR030W,YDR508C,0,-2.013421,0.2268170416355133,0.1809999942779541,0.0617000013589859
YBR274W,YDL033C,0,-2.0138724,0.22653315961360931,0.1809999942779541,0.061799999326467514
YOR079C,YNL268W,0,-2.0140324,0.22624999284744263,0.1809999942779541,0.061900001019239426
YPL060W,YDR343C,0,-2.014336,0.22596754133701324,0.1809999942779541,0.06199999898672104
YKL154W,YEL064C,1,-2.0144014,0.22693267464637756,0.18199999630451202,0.06199999898672104
YLR270W,YHL050C,0,-2.0144982,0.22665005922317505,0.18199999630451202,0.06210000067949295
YGL144C,YMR050C,0,-2.0148563,0.22636815905570984,0.18199999630451202,0.062199998646974564
YGR044C,YMR054W,0,-2.0149379,0.22608695924282074,0.18199999630451202,0.062300000339746475
YLR390W-A,YDL235C,0,-2.0149715,0.22580644488334656,0.18199999630451202,0.06239999830722809
YDR483W,YGR277C,0,-2.0150375,0.22552664577960968,0.18199999630451202,0.0625
YER126C,YPL192C,0,-2.0154045,0.22524753212928772,0.18199999630451202,0.06260000169277191
YGL038C,YMR237W,0,-2.015931,0.22496910393238068,0.18199999630451202,0.06270000338554382
YDR517W,YBR233W-A,0,-2.0160248,0.22469136118888855,0.18199999630451202,0.06279999762773514
YKL164C,YCL005W-A,0,-2.016251,0.22441430389881134,0.18199999630451202,0.06289999932050705
YBL034C,YGR092W,0,-2.0166144,0.22413793206214905,0.18199999630451202,0.06300000101327896
YGR257C,YOR316C,0,-2.0167851,0.22386224567890167,0.18199999630451202,0.06310000270605087
YLR191W,YBR164C,0,-2.0168784,0.22358722984790802,0.18199999630451202,0.06319999694824219
YER153C,YOL084W,0,-2.0169823,0.2233128845691681,0.18199999630451202,0.0632999986410141
YOR047C,YGR004W,0,-2.0174382,0.22303920984268188,0.18199999630451202,0.06340000033378601
YGR116W,YPR078C,0,-2.0174866,0.2227662205696106,0.18199999630451202,0.06350000202655792
YNL131W,YDL014W,0,-2.0174935,0.22249388694763184,0.18199999630451202,0.06360000371932983
YDR313C,YCL020W,0,-2.0177581,0.2222222238779068,0.18199999630451202,0.06369999796152115
YDR213W,YJR026W,0,-2.0180907,0.2219512164592743,0.18199999630451202,0.06379999965429306
YER112W,YBR022W,0,-2.01821,0.2216808795928955,0.18199999630451202,0.06390000134706497
YIL005W,YOR285W,1,-2.0182412,0.22262774407863617,0.18299999833106995,0.06390000134706497
YPR063C,YHR142W,1,-2.0189815,0.22357229888439178,0.18400000035762787,0.06390000134706497
YFL011W-A,YDL111C,0,-2.0194566,0.223300963640213,0.18400000035762787,0.06400000303983688
YMR309C,YDR354W,0,-2.01954,0.22303029894828796,0.18400000035762787,0.0640999972820282
YBR191W,YOR355W,0,-2.0195942,0.22276028990745544,0.18400000035762787,0.06419999897480011
YBR191W,YGR251W,0,-2.0197814,0.22249093651771545,0.18400000035762787,0.06430000066757202
YPR113W,YHR133C,1,-2.0198472,0.22342994809150696,0.1850000023841858,0.06430000066757202
YNL134C,YPL267W,0,-2.0202312,0.22316043078899384,0.1850000023841858,0.06440000236034393
YDR283C,YNL092W,0,-2.0202725,0.22289156913757324,0.1850000023841858,0.06449999660253525
YBR297W,YOL122C,0,-2.0206387,0.22262334823608398,0.1850000023841858,0.06459999829530716
YPL090C,YKR068C,0,-2.0206525,0.22235576808452606,0.1850000023841858,0.06469999998807907
YIL148W,YJR009C,0,-2.0216317,0.22208882868289948,0.1850000023841858,0.06480000168085098
YLR119W,YMR072W,0,-2.0217376,0.22182254493236542,0.1850000023841858,0.0649000033736229
YKL174C,YGL105W,0,-2.0219014,0.2215568870306015,0.1850000023841858,0.06499999761581421
YLR442C,YDL197C,0,-2.0220115,0.22129186987876892,0.1850000023841858,0.06509999930858612
YDR109C,YDL035C,0,-2.0220797,0.22102747857570648,0.1850000023841858,0.06520000100135803
YGR271W,YGL103W,0,-2.0221395,0.22076372802257538,0.1850000023841858,0.06530000269412994
YHR047C,YPL042C,0,-2.0223022,0.22050060331821442,0.1850000023841858,0.06539999693632126
YBR105C,YJR027W,0,-2.022537,0.2202380895614624,0.1850000023841858,0.06549999862909317
YDL015C,YCR034W,1,-2.0226777,0.22116528451442719,0.1860000044107437,0.06549999862909317
YER177W,YBR123C,0,-2.0233097,0.22090260684490204,0.1860000044107437,0.06560000032186508
YPR118W,YBR192W,0,-2.0239599,0.22064056992530823,0.1860000044107437,0.065700002014637
YHR017W,YOR099W,0,-2.024273,0.22037914395332336,0.1860000044107437,0.0658000037074089
YCL061C,YFR009W,0,-2.0242999,0.22011834383010864,0.1860000044107437,0.06589999794960022
YLR259C,YLR132C,0,-2.0243256,0.21985815465450287,0.1860000044107437,0.06599999964237213
YGL185C,YDL159W,0,-2.0245435,0.21959857642650604,0.1860000044107437,0.06610000133514404
YER190W,YAL015C,0,-2.0246077,0.21933962404727936,0.1860000044107437,0.06620000302791595
YIL082W-A,YGR123C,0,-2.0247726,0.21908126771450043,0.1860000044107437,0.06629999727010727
YDR056C,YLR450W,1,-2.0248525,0.2199999988079071,0.18700000643730164,0.06629999727010727
YPL088W,YJL044C,0,-2.024871,0.21974147856235504,0.18700000643730164,0.06639999896287918
YBR114W,YKR099C-A,0,-2.0254035,0.21948356926441193,0.18700000643730164,0.06650000065565109
YLR350W,YMR202W,1,-2.0254762,0.22039858996868134,0.18799999356269836,0.06650000065565109
YKL070W,YDL174C,0,-2.025497,0.2201405167579651,0.18799999356269836,0.066600002348423
YDR476C,YGR105W,1,-2.025631,0.2210526317358017,0.1889999955892563,0.066600002348423
YBR296C,YER014C-A,0,-2.0256493,0.22079439461231232,0.1889999955892563,0.06669999659061432
YML039W,YPL006W,0,-2.0262377,0.2205367535352707,0.1889999955892563,0.06679999828338623
YBL091C,YMR088C,0,-2.026274,0.220279723405838,0.1889999955892563,0.06689999997615814
YDR130C,YJL114W,0,-2.0266643,0.2200232893228531,0.1889999955892563,0.06700000166893005
YDR038C,YMR218C,0,-2.027216,0.21976743638515472,0.1889999955892563,0.06710000336170197
YBR130C,YCR094W,0,-2.0277452,0.2195121943950653,0.1889999955892563,0.06719999760389328
YKL086W,YML028W,0,-2.0279388,0.21925753355026245,0.1889999955892563,0.06729999929666519
YDL232W,YHR188C,1,-2.0280838,0.22016222774982452,0.1899999976158142,0.06729999929666519
YKL145W,YER180C-A,0,-2.0286803,0.21990740299224854,0.1899999976158142,0.0674000009894371
YKL164C,YJR144W,0,-2.0288389,0.2196531742811203,0.1899999976158142,0.06750000268220901
YMR163C,YKL158W,0,-2.029299,0.21939954161643982,0.1899999976158142,0.06759999692440033
YPL249C-A,YOR396W,0,-2.0299587,0.2191464751958847,0.1899999976158142,0.06769999861717224
YJL097W,YHR142W,1,-2.0300815,0.22004608809947968,0.19099999964237213,0.06769999861717224
YPR165W,YPL065W,0,-2.0301394,0.21979287266731262,0.19099999964237213,0.06780000030994415
YHR114W,YGL019W,0,-2.030424,0.21954022347927094,0.19099999964237213,0.06790000200271606
YOR140W,YLR126C,0,-2.0304484,0.219288170337677,0.19099999964237213,0.06800000369548798
YBL055C,YNL145W,0,-2.0306041,0.21903669834136963,0.19099999964237213,0.06809999793767929
YHL004W,YAR009C,0,-2.0306501,0.21878579258918762,0.19099999964237213,0.0681999996304512
YNL316C,YMR166C,0,-2.0308359,0.21853546798229218,0.19099999964237213,0.06830000132322311
YPL066W,YHR019C,0,-2.030946,0.2182857096195221,0.19099999964237213,0.06840000301599503
YLR093C,YER016W,0,-2.0310302,0.21803653240203857,0.19099999964237213,0.06849999725818634
YER155C,YBL026W,0,-2.0312245,0.21778790652751923,0.19099999964237213,0.06859999895095825
YAR033W,YML019W,1,-2.0314674,0.218678817152977,0.19200000166893005,0.06859999895095825
YGR272C,YNL084C,0,-2.031657,0.2184300273656845,0.19200000166893005,0.06870000064373016
YOR329C,YAL022C,0,-2.03197,0.2181818187236786,0.19200000166893005,0.06880000233650208
YML034W,YJL044C,0,-2.0319915,0.21793416142463684,0.19200000166893005,0.06889999657869339
YNL252C,YDR134C,0,-2.0324209,0.21768707036972046,0.19200000166893005,0.0689999982714653
YJR144W,YCL012W,0,-2.0328991,0.21744054555892944,0.19200000166893005,0.06909999996423721
YJL012C-A,YOR117W,0,-2.0329096,0.2171945720911026,0.19200000166893005,0.06920000165700912
YPL096C-A,YJR118C,1,-2.0329452,0.2180790901184082,0.19300000369548798,0.06920000165700912
YPL096C-A,YKL020C,1,-2.033451,0.21896162629127502,0.1940000057220459,0.06920000165700912
YNL024C,YPR188C,0,-2.033699,0.21871477365493774,0.1940000057220459,0.06930000334978104
YOR007C,YOR088W,0,-2.033716,0.21846847236156464,0.1940000057220459,0.06939999759197235
YAR035W,YOR304C-A,0,-2.0338008,0.2182227224111557,0.1940000057220459,0.06949999928474426
YPR191W,YER117W,0,-2.03396,0.21797752380371094,0.1940000057220459,0.06960000097751617
YJR028W,YMR104C,0,-2.0341446,0.21773289144039154,0.1940000057220459,0.06970000267028809
YMR297W,YNL080C,1,-2.034393,0.21860986948013306,0.19499999284744263,0.06970000267028809
YPL110C,YDR301W,0,-2.034492,0.21836505830287933,0.19499999284744263,0.0697999969124794
YJR119C,YLL042C,0,-2.0345457,0.21812079846858978,0.19499999284744263,0.06989999860525131
YHR079C,YPR091C,1,-2.0351298,0.2189944088459015,0.19599999487400055,0.06989999860525131
YGL027C,YEL001C,1,-2.0352767,0.2198660671710968,0.19699999690055847,0.06989999860525131
YOR281C,YEL040W,0,-2.035344,0.2196209579706192,0.19699999690055847,0.07000000029802322
YJL192C,YDR057W,1,-2.0356436,0.2204899787902832,0.1979999989271164,0.07000000029802322
YNL291C,YOR092W,1,-2.035872,0.221357062458992,0.19900000095367432,0.07000000029802322
YMR137C,YCL075W,0,-2.0361738,0.22111110389232635,0.19900000095367432,0.07010000199079514
YPR165W,YKL002W,0,-2.0362945,0.22086571156978607,0.19900000095367432,0.07020000368356705
YGR148C,YDL220C,0,-2.037174,0.22062084078788757,0.19900000095367432,0.07029999792575836
YKL006W,YLR321C,0,-2.0372021,0.22037652134895325,0.19900000095367432,0.07039999961853027
YKR001C,YBR271W,0,-2.0378323,0.2201327383518219,0.19900000095367432,0.07050000131130219
YDR071C,YGL245W,0,-2.0382276,0.21988950669765472,0.19900000095367432,0.0706000030040741
YGR257C,YEL017C-A,0,-2.0383503,0.21964679658412933,0.19900000095367432,0.07069999724626541
YBR193C,YOL148C,0,-2.0385163,0.21940463781356812,0.19900000095367432,0.07079999893903732
YCL062W,YMR237W,0,-2.038735,0.21916300058364868,0.19900000095367432,0.07090000063180923
YOR213C,YLR040C,0,-2.0390837,0.21892188489437103,0.19900000095367432,0.07100000232458115
YIL064W,YDR079C-A,0,-2.0392404,0.21868132054805756,0.19900000095367432,0.07109999656677246
YKR087C,YNL126W,0,-2.0395155,0.21844127774238586,0.19900000095367432,0.07119999825954437
YPL057C,YBR223C,0,-2.0405052,0.21820175647735596,0.19900000095367432,0.07129999995231628
YDR456W,YAL024C,0,-2.040806,0.21796275675296783,0.19900000095367432,0.0714000016450882
YJL029C,YEL036C,0,-2.0412314,0.2177242934703827,0.19900000095367432,0.07150000333786011
YDR362C,YNL058C,0,-2.0415015,0.21748633682727814,0.19900000095367432,0.07159999758005142
YBL017C,YIL077C,0,-2.0417163,0.21724890172481537,0.19900000095367432,0.07169999927282333
YCL005W-A,YJR055W,0,-2.041785,0.21701200306415558,0.19900000095367432,0.07180000096559525
YPR200C,YLR325C,0,-2.042327,0.21677559614181519,0.19900000095367432,0.07190000265836716
YJR044C,YDR050C,0,-2.0424435,0.21653971076011658,0.19900000095367432,0.07199999690055847
YPL066W,YBR121C,0,-2.0425138,0.21630434691905975,0.19900000095367432,0.07209999859333038
YNL178W,YDR379W,0,-2.0425375,0.21606948971748352,0.19900000095367432,0.0722000002861023
YKL112W,YPR133C,0,-2.0427303,0.21583513915538788,0.19900000095367432,0.0723000019788742
YNL287W,YBR042C,0,-2.042935,0.21560129523277283,0.19900000095367432,0.07240000367164612
YLR467W,YPR179C,0,-2.0430164,0.21536795794963837,0.19900000095367432,0.07249999791383743
YDR304C,YNL012W,1,-2.043019,0.21621622145175934,0.20000000298023224,0.07249999791383743
YBR229C,YNL258C,1,-2.0432327,0.21706263720989227,0.20100000500679016,0.07249999791383743
YHR111W,YCL012W,0,-2.0432374,0.21682848036289215,0.20100000500679016,0.07259999960660934
YMR260C,YCL027C-A,0,-2.043407,0.21659483015537262,0.20100000500679016,0.07270000129938126
YDR416W,YBR158W,0,-2.0434744,0.21636168658733368,0.20100000500679016,0.07280000299215317
YNL221C,YKR035W-A,0,-2.044808,0.21612903475761414,0.20100000500679016,0.07289999723434448
YJR090C,YHR089C,0,-2.0448895,0.21589688956737518,0.20100000500679016,0.0729999989271164
YBR234C,YDR174W,0,-2.0449567,0.21566523611545563,0.20100000500679016,0.0731000006198883
YAR033W,YDL232W,1,-2.0450237,0.21650590002536774,0.20200000703334808,0.0731000006198883
YOR307C,YFR041C,1,-2.045187,0.2173447608947754,0.2029999941587448,0.0731000006198883
YLR126C,YDR246W,0,-2.0455122,0.21711230278015137,0.2029999941587448,0.07320000231266022
YJR120W,YHL020C,0,-2.0456376,0.21688033640384674,0.2029999941587448,0.07329999655485153
YBL100W-A,YKL043W,0,-2.0457015,0.2166488766670227,0.2029999941587448,0.07339999824762344
YER112W,YDR328C,0,-2.0460277,0.21641790866851807,0.2029999941587448,0.07349999994039536
YMR264W,YGR172C,1,-2.0461686,0.21725240349769592,0.20399999618530273,0.07349999994039536
YML016C,YER048W-A,0,-2.0463126,0.21702127158641815,0.20399999618530273,0.07360000163316727
YCR026C,YER138C,0,-2.0465014,0.21679064631462097,0.20399999618530273,0.07370000332593918
YGL032C,YLL050C,0,-2.0466805,0.2165605127811432,0.20399999618530273,0.0737999975681305
YKL096W-A,YCL026C-B,0,-2.046694,0.2163308560848236,0.20399999618530273,0.0738999992609024
YLR361C,YCR097WB,0,-2.0469568,0.21610169112682343,0.20399999618530273,0.07400000095367432
YPR169W,YBR233W-A,0,-2.0471685,0.21587301790714264,0.20399999618530273,0.07410000264644623
YPR171W,YFL026W,0,-2.047297,0.21564482152462006,0.20399999618530273,0.07419999688863754
YIL082W-A,YDL209C,0,-2.0473273,0.21541710197925568,0.20399999618530273,0.07429999858140945
YDL097C,YLR396C,0,-2.0474262,0.2151898741722107,0.20399999618530273,0.07440000027418137
YCR029C-A,YNL054W,0,-2.0477245,0.2149631232023239,0.20399999618530273,0.07450000196695328
YFR041C,YGR175C,1,-2.047768,0.21578946709632874,0.20499999821186066,0.07450000196695328
YGR156W,YLR132C,0,-2.0478368,0.21556256711483002,0.20499999821186066,0.07460000365972519
YOR043W,YBL072C,0,-2.0479894,0.2153361290693283,0.20499999821186066,0.0746999979019165
YPR185W,YAL044C,0,-2.0481234,0.215110182762146,0.20499999821186066,0.07479999959468842
YCL026C-B,YKL205W,0,-2.0484557,0.2148846983909607,0.20499999821186066,0.07490000128746033
YKL112W,YGL238W,0,-2.0485287,0.2146596908569336,0.20499999821186066,0.07500000298023224
YDR056C,YHR060W,1,-2.0490913,0.21548117697238922,0.20600000023841858,0.07500000298023224
YDR367W,YGR144W,0,-2.049561,0.215256005525589,0.20600000023841858,0.07509999722242355
YNL167C,YHR163W,0,-2.049629,0.21503131091594696,0.20600000023841858,0.07519999891519547
YDR055W,YCR037C,0,-2.049729,0.21480709314346313,0.20600000023841858,0.07530000060796738
YFL035C-B,YML064C,0,-2.0503917,0.21458333730697632,0.20600000023841858,0.07540000230073929
YPL244C,YPL265W,0,-2.0507872,0.2143600434064865,0.20600000023841858,0.0754999965429306
YPR032W,YPL116W,0,-2.0511363,0.2141372114419937,0.20600000023841858,0.07559999823570251
YDL097C,YGR086C,0,-2.0512304,0.21391485631465912,0.20600000023841858,0.07569999992847443
YGR042W,YCR037C,0,-2.0512972,0.21369294822216034,0.20600000023841858,0.07580000162124634
YHR001W,YNL167C,0,-2.0513046,0.21347150206565857,0.20600000023841858,0.07590000331401825
YEL077C,YJR156C,0,-2.051617,0.2132505178451538,0.20600000023841858,0.07599999755620956
YOR002W,YDR189W,1,-2.0517576,0.2140641212463379,0.2070000022649765,0.07599999755620956
YIL005W,YBR287W,1,-2.0517864,0.21487602591514587,0.20800000429153442,0.07599999755620956
YNR033W,YOR396W,0,-2.05197,0.21465428173542023,0.20800000429153442,0.07609999924898148
YPL187W,YDR268W,0,-2.0520072,0.2144329845905304,0.20800000429153442,0.07620000094175339
YBR171W,YER120W,1,-2.052295,0.21524201333522797,0.20900000631809235,0.07620000094175339
YLR195C,YLR134W,0,-2.053071,0.2150205820798874,0.20900000631809235,0.0763000026345253
YBR256C,YHR193C,0,-2.053769,0.21479958295822144,0.20900000631809235,0.07639999687671661
YGR054W,YHR011W,0,-2.0537722,0.21457906067371368,0.20900000631809235,0.07649999856948853
YFL011W-A,YBR223C,0,-2.053792,0.21435897052288055,0.20900000631809235,0.07660000026226044
YOL107W,YNL062C,0,-2.0541232,0.21413934230804443,0.20900000631809235,0.07670000195503235
YOR343W-B,YDL052C,0,-2.0542257,0.21392016112804413,0.20900000631809235,0.07680000364780426
YLR350W,YJR117W,1,-2.0543733,0.21472392976284027,0.20999999344348907,0.07680000364780426
YGL020C,YPR091C,1,-2.0545006,0.2155260443687439,0.210999995470047,0.07680000364780426
YJL122W,YFL002W-B,0,-2.054739,0.2153061181306839,0.210999995470047,0.07689999788999557
YBR205W,YML129C,0,-2.0547638,0.21508663892745972,0.210999995470047,0.07699999958276749
YGL039W,YLR353W,0,-2.0548315,0.21486762166023254,0.210999995470047,0.0771000012755394
YML004C,YKL040C,0,-2.0549102,0.21464903652668,0.210999995470047,0.07720000296831131
YLR337W,YJL096W,0,-2.0551565,0.21443089842796326,0.210999995470047,0.07729999721050262
YML036W,YKR024C,0,-2.0551968,0.21421319246292114,0.210999995470047,0.07739999890327454
YLR096W,YML037C,0,-2.0552292,0.21399594843387604,0.210999995470047,0.07750000059604645
YMR303C,YOL027C,0,-2.0552487,0.21377912163734436,0.210999995470047,0.07760000228881836
YLR390W-A,YOR096W,0,-2.055452,0.2135627567768097,0.210999995470047,0.07769999653100967
YDR450W,YPR158C-D,0,-2.0558102,0.21334680914878845,0.210999995470047,0.07779999822378159
YKL074C,YCL027C-A,0,-2.0558853,0.21313130855560303,0.210999995470047,0.0778999999165535
YHR018C,YDR394W,0,-2.056041,0.21291624009609222,0.210999995470047,0.07800000160932541
YPL211W,YNL231C,0,-2.0563388,0.21270161867141724,0.210999995470047,0.07810000330209732
YBR002C,YLR066W,1,-2.0563838,0.2134944647550583,0.21199999749660492,0.07810000330209732
YLR127C,YOR088W,0,-2.0566368,0.21327967941761017,0.21199999749660492,0.07819999754428864
YBR040W,YCR097W,0,-2.056708,0.21306532621383667,0.21199999749660492,0.07829999923706055
YLR390W-A,YMR195W,0,-2.0569034,0.2128514051437378,0.21199999749660492,0.07840000092983246
YMR309C,YNL268W,0,-2.0569453,0.21263791620731354,0.21199999749660492,0.07850000262260437
YOR142W-B,YOL121C,0,-2.0570862,0.2124248445034027,0.21199999749660492,0.07859999686479568
YNL280C,YER026C,1,-2.0575354,0.2132132202386856,0.21299999952316284,0.07859999686479568
YFL018C,YPR031W,0,-2.0578609,0.21299999952316284,0.21299999952316284,0.0786999985575676
YJR153W,YKR035W-A,0,-2.0580647,0.2127872109413147,0.21299999952316284,0.07880000025033951
YLR228C,YDR263C,0,-2.0582683,0.21257485449314117,0.21299999952316284,0.07890000194311142
YLR187W,YLR189C,0,-2.0582957,0.21236291527748108,0.21299999952316284,0.07900000363588333
YGL113W,YBL018C,0,-2.058502,0.2121513932943344,0.21299999952316284,0.07909999787807465
YPR137C-A,YBR200W,0,-2.0585234,0.21194030344486237,0.21299999952316284,0.07919999957084656
YFL011W-A,YBL084C,0,-2.0586157,0.21172961592674255,0.21299999952316284,0.07930000126361847
YEL057C,YOR312C,0,-2.0586298,0.21151936054229736,0.21299999952316284,0.07940000295639038
YNL083W,YBR233W-A,0,-2.0586693,0.2113095223903656,0.21299999952316284,0.0794999971985817
YKL054C,YOL021C,0,-2.0588233,0.21110010147094727,0.21299999952316284,0.07959999889135361
YJR048W,YPR168W,0,-2.058889,0.21089108288288116,0.21299999952316284,0.07970000058412552
YMR166C,YOR210W,0,-2.0592556,0.21068249642848969,0.21299999952316284,0.07980000227689743
YAL026C,YDR453C,0,-2.059467,0.21047431230545044,0.21299999952316284,0.07989999651908875
YDL045W-A,YDL211C,0,-2.059501,0.21026653051376343,0.21299999952316284,0.07999999821186066
YLR426W,YCL026C-B,0,-2.0595725,0.21005916595458984,0.21299999952316284,0.08009999990463257
YNL329C,YGR128C,0,-2.0596566,0.2098522186279297,0.21299999952316284,0.08020000159740448
YEL077C,YNL132W,0,-2.059768,0.20964567363262177,0.21299999952316284,0.08030000329017639
YGR296W,YPL160W,0,-2.0598164,0.20943953096866608,0.21299999952316284,0.0803999975323677
YKL217W,YFL035C-A,0,-2.0598857,0.20923379063606262,0.21299999952316284,0.08049999922513962
YER087W,YBL014C,0,-2.0601368,0.2090284526348114,0.21299999952316284,0.08060000091791153
YEL037C,YFL035C-B,0,-2.0601504,0.2088235318660736,0.21299999952316284,0.08070000261068344
YJR060W,YLL032C,0,-2.0602484,0.20861899852752686,0.21299999952316284,0.08079999685287476
YPR156C,YBR257W,0,-2.0607023,0.20841486752033234,0.21299999952316284,0.08089999854564667
YAL023C,YEL064C,1,-2.060988,0.20918865501880646,0.21400000154972076,0.08089999854564667
YHR042W,YIL014W,0,-2.0610783,0.208984375,0.21400000154972076,0.08100000023841858
YBR247C,YMR166C,0,-2.0611744,0.20878048241138458,0.21400000154972076,0.08110000193119049
YPR159W,YAR007C,0,-2.061294,0.2085769921541214,0.21400000154972076,0.0812000036239624
YMR170C,YGR161W-A,0,-2.061415,0.20837390422821045,0.21400000154972076,0.08129999786615372
YJL127C,YOL053C-A,0,-2.0616238,0.20817120373249054,0.21400000154972076,0.08139999955892563
YNL307C,YKL084W,0,-2.0616267,0.20796890556812286,0.21400000154972076,0.08150000125169754
YKL070W,YML127W,0,-2.0617883,0.20776699483394623,0.21400000154972076,0.08160000294446945
YBR059C,YGL092W,0,-2.0618124,0.20756547152996063,0.21400000154972076,0.08169999718666077
YDL148C,YPL257W-A,0,-2.0619054,0.20736433565616608,0.21400000154972076,0.08179999887943268
YPL096C-A,YKL119C,1,-2.0619974,0.20813165605068207,0.2150000035762787,0.08179999887943268
YER016W,YDL211C,0,-2.0623765,0.20793037116527557,0.2150000035762787,0.08190000057220459
YDR210C-D,YAL020C,0,-2.062431,0.20772947371006012,0.2150000035762787,0.0820000022649765
YEL064C,YER074W-A,1,-2.0625215,0.20849420130252838,0.2160000056028366,0.0820000022649765
YOL142W,YGR038C-B,0,-2.062589,0.208293154835701,0.2160000056028366,0.08209999650716782
YLR337W,YPR107C,0,-2.062696,0.20809248089790344,0.2160000056028366,0.08219999819993973
YPL066W,YJL090C,0,-2.062864,0.20789220929145813,0.2160000056028366,0.08229999989271164
YNL218W,YOR113W,0,-2.0631123,0.20769231021404266,0.2160000056028366,0.08240000158548355
YGR003W,YER145C,0,-2.0633063,0.20749279856681824,0.2160000056028366,0.08250000327825546
YIR037W,YMR106C,0,-2.0633335,0.20729365944862366,0.2160000056028366,0.08259999752044678
YOL094C,YFL048C,0,-2.0635853,0.2070949226617813,0.2160000056028366,0.08269999921321869
YPR183W,YIL040W,1,-2.0635858,0.20785440504550934,0.21699999272823334,0.08269999921321869
YKR088C,YBR035C,0,-2.0638404,0.20765550434589386,0.21699999272823334,0.0828000009059906
YHR158C,YML109W,0,-2.0638514,0.20745697617530823,0.21699999272823334,0.08290000259876251
YEL069C,YGL143C,0,-2.0638795,0.20725883543491364,0.21699999272823334,0.08299999684095383
YMR297W,YPR173C,1,-2.0639517,0.20801526308059692,0.21799999475479126,0.08299999684095383
YCL017C,YDR261W-B,0,-2.0641365,0.2078169733285904,0.21799999475479126,0.08309999853372574
YFL035C-A,YLL041C,0,-2.0641499,0.20761904120445251,0.21799999475479126,0.08320000022649765
YCR081W,YOL103W-A,0,-2.064248,0.20742149651050568,0.21799999475479126,0.08330000191926956
YJL062W,YER004W,1,-2.0642643,0.2081748992204666,0.21899999678134918,0.08330000191926956
YDR476C,YIL040W,1,-2.0643506,0.20892687141895294,0.2199999988079071,0.08330000191926956
YHL028W,YNL280C,1,-2.0644572,0.20967741310596466,0.22100000083446503,0.08330000191926956
YBR087W,YCL012W,0,-2.06446,0.20947867631912231,0.22100000083446503,0.08340000361204147
YDR301W,YHR143W,0,-2.0644896,0.20928029716014862,0.22100000083446503,0.08349999785423279
YEL036C,YHR108W,0,-2.0646403,0.20908230543136597,0.22100000083446503,0.0835999995470047
YLR105C,YLR429W,0,-2.0649712,0.20888468623161316,0.22100000083446503,0.08370000123977661
YML048W,YMR297W,1,-2.0649974,0.20963172614574432,0.22200000286102295,0.08370000123977661
YNL298W,YLR040C,0,-2.0650198,0.20943395793437958,0.22200000286102295,0.08380000293254852
YOL003C,YML040W,0,-2.0651197,0.20923656225204468,0.22200000286102295,0.08389999717473984
YHL017W,YJL190C,0,-2.0651295,0.20903955399990082,0.22200000286102295,0.08399999886751175
YMR025W,YDR343C,0,-2.0653253,0.2088429033756256,0.22200000286102295,0.08410000056028366
YHR045W,YNL130C,1,-2.065357,0.2095864713191986,0.22300000488758087,0.08410000056028366
YLR191W,YLR348C,0,-2.0654342,0.20938967168331146,0.22300000488758087,0.08420000225305557
YML103C,YDR261C,0,-2.0655959,0.20919324457645416,0.22300000488758087,0.08429999649524689
YDR316W-A,YKL099C,0,-2.065859,0.2089971899986267,0.22300000488758087,0.0843999981880188
YDL046W,YDR261W-B,0,-2.065875,0.2088014930486679,0.22300000488758087,0.08449999988079071
YER081W,YLR098C,0,-2.0658996,0.20860616862773895,0.22300000488758087,0.08460000157356262
YGL213C,YLR227W-B,0,-2.0660505,0.20841121673583984,0.22300000488758087,0.08470000326633453
YPL211W,YHL050C,0,-2.0663984,0.2082166224718094,0.22300000488758087,0.08479999750852585
YEL013W,YMR220W,0,-2.0665677,0.20802238583564758,0.22300000488758087,0.08489999920129776
YLR342W,YBL063W,0,-2.0668302,0.20782852172851562,0.22300000488758087,0.08500000089406967
YNL024C,YDL245C,0,-2.0669034,0.20763501524925232,0.22300000488758087,0.08510000258684158
YIL016W,YBR201W,1,-2.0669398,0.2083720862865448,0.2240000069141388,0.08510000258684158
YGL105W,YBR012W-B,0,-2.067228,0.20817844569683075,0.2240000069141388,0.0851999968290329
YPR158W-A,YAL044C,0,-2.0672467,0.20798514783382416,0.2240000069141388,0.08529999852180481
YPR199C,YOL120C,0,-2.0672708,0.20779220759868622,0.2240000069141388,0.08540000021457672
YPR158W-A,YBR256C,0,-2.0672786,0.20759962499141693,0.2240000069141388,0.08550000190734863
YGL083W,YPL045W,0,-2.0673878,0.2074074000120163,0.2240000069141388,0.08560000360012054
YKR060W,YNL284C-B,0,-2.067454,0.2072155475616455,0.2240000069141388,0.08569999784231186
YOR065W,YHR214C-C,0,-2.06747,0.20702402293682098,0.2240000069141388,0.08579999953508377
YNR033W,YOR142W-B,0,-2.06747,0.2068328708410263,0.2240000069141388,0.08590000122785568
YGR179C,YBR085W,0,-2.0675654,0.2066420614719391,0.2240000069141388,0.0860000029206276
YHR084W,YBR253W,0,-2.067598,0.20645160973072052,0.2240000069141388,0.08609999716281891
YLR227W-B,YBR143C,0,-2.0676935,0.2062615156173706,0.2240000069141388,0.08619999885559082
YOR136W,YLR410W-B,0,-2.0679646,0.20607176423072815,0.2240000069141388,0.08630000054836273
YKL022C,YER108C,0,-2.0679784,0.20588235557079315,0.2240000069141388,0.08640000224113464
YFL002W-B,YFL041W,0,-2.0686824,0.2056932896375656,0.2240000069141388,0.08649999648332596
YNL284C,YHL034C,0,-2.0688093,0.20550458133220673,0.2240000069141388,0.08659999817609787
YJL056C,YKL108W,0,-2.0688338,0.2053162306547165,0.2240000069141388,0.08669999986886978
YPR036W,YER030W,0,-2.0690954,0.20512820780277252,0.2240000069141388,0.0868000015616417
YJR129C,YPL128C,0,-2.069135,0.204940527677536,0.2240000069141388,0.0869000032544136
YFL002W-B,YNL279W,0,-2.069177,0.20475320518016815,0.2240000069141388,0.08699999749660492
YDR422C,YOL103W-B,0,-2.0693204,0.20456621050834656,0.2240000069141388,0.08709999918937683
YDR368W,YEL066W,0,-2.0694225,0.20437955856323242,0.2240000069141388,0.08720000088214874
YIL145C,YIR028W,0,-2.0694346,0.20419324934482574,0.2240000069141388,0.08730000257492065
YHR214C-C,YHR113W,0,-2.069703,0.20400728285312653,0.2240000069141388,0.08739999681711197
YFL041W,YEL006W,0,-2.070017,0.20382165908813477,0.2240000069141388,0.08749999850988388
YDR304C,YOL013C,1,-2.0702798,0.20454545319080353,0.22499999403953552,0.08749999850988388
YHR092C,YBR067C,0,-2.07059,0.20435968041419983,0.22499999403953552,0.08760000020265579
YIR006C,YJR001W,0,-2.0707474,0.2041742354631424,0.22499999403953552,0.0877000018954277
YHR183W,YGR220C,0,-2.070882,0.20398911833763123,0.22499999403953552,0.08780000358819962
YGR109C,YEL056W,0,-2.0709867,0.20380434393882751,0.22499999403953552,0.08789999783039093
YGR119C,YIR005W,0,-2.0711179,0.20361991226673126,0.22499999403953552,0.08799999952316284
YLR019W,YMR215W,0,-2.0711195,0.20343580842018127,0.22499999403953552,0.08810000121593475
YPL050C,YMR054W,0,-2.071196,0.20325203239917755,0.22499999403953552,0.08820000290870667
YPL016W,YPR145W,0,-2.0712762,0.2030685991048813,0.22499999403953552,0.08829999715089798
YAR033W,YHR123W,1,-2.0712852,0.2037871927022934,0.22599999606609344,0.08829999715089798
YDL056W,YDR261C-D,0,-2.071346,0.2036036103963852,0.22599999606609344,0.08839999884366989
YGR161W-B,YOR305W,0,-2.0714257,0.20342034101486206,0.22599999606609344,0.0885000005364418
YBR234C,YDR192C,0,-2.0716329,0.2032374143600464,0.22599999606609344,0.08860000222921371
YDR386W,YER108C,0,-2.0716746,0.20305480062961578,0.22599999606609344,0.08869999647140503
YLR157C-B,YNR043W,0,-2.071681,0.20287252962589264,0.22599999606609344,0.08879999816417694
YGR120C,YDR261C-D,0,-2.0717928,0.20269058644771576,0.22599999606609344,0.08889999985694885
YIL145C,YPR158C-D,0,-2.0717928,0.20250895619392395,0.22599999606609344,0.08900000154972076
YDL080C,YBL069W,0,-2.071891,0.2023276686668396,0.22599999606609344,0.08910000324249268
YDL067C,YLR013W,0,-2.0720334,0.20214669406414032,0.22599999606609344,0.08919999748468399
YKR008W,YNR032C-A,0,-2.0723226,0.2019660472869873,0.22599999606609344,0.0892999991774559
YER036C,YCL003W,0,-2.0723648,0.20178571343421936,0.22599999606609344,0.08940000087022781
YBR069C,YCL039W,0,-2.0725648,0.20160570740699768,0.22599999606609344,0.08950000256299973
YML091C,YGR161W-A,0,-2.07259,0.20142602920532227,0.22599999606609344,0.08959999680519104
YNL245C,YEL047C,0,-2.0725923,0.20124666392803192,0.22599999606609344,0.08969999849796295
YJL219W,YPL204W,0,-2.0726583,0.20106761157512665,0.22599999606609344,0.08980000019073486
YFL011W-A,YNL306W,0,-2.0726628,0.20088888704776764,0.22599999606609344,0.08990000188350677
YKL110C,YJR161C,0,-2.0728223,0.2007104754447937,0.22599999606609344,0.09000000357627869
YLR203C,YGR038C-B,0,-2.0728295,0.20053239166736603,0.22599999606609344,0.09009999781847
YER108C,YKL045W,0,-2.0728686,0.20035460591316223,0.22599999606609344,0.09019999951124191
YCR048W,YNL046W,1,-2.0730293,0.2010628879070282,0.22699999809265137,0.09019999951124191
YDR147W,YJL012C-A,0,-2.0731988,0.20088495314121246,0.22699999809265137,0.09030000120401382
YKL222C,YKL025C,0,-2.0732472,0.2007073312997818,0.22699999809265137,0.09040000289678574
YIL073C,YPR158W-A,0,-2.0734835,0.2005300372838974,0.22699999809265137,0.09049999713897705
YCL019W,YHL036W,0,-2.0735338,0.20035304129123688,0.22699999809265137,0.09059999883174896
YDR210C-D,YOR316C,0,-2.073675,0.20017637312412262,0.22699999809265137,0.09070000052452087
YKL110C,YPR158C-C,0,-2.0737386,0.20000000298023224,0.22699999809265137,0.09080000221729279
YBL082C,YGR105W,1,-2.0738683,0.20070423185825348,0.2280000001192093,0.09080000221729279
YJL111W,YCR097WB,0,-2.074018,0.20052769780158997,0.2280000001192093,0.0908999964594841
YJL074C,YLR190W,0,-2.0740213,0.20035149157047272,0.2280000001192093,0.09099999815225601
YHR214C-C,YNR049C,0,-2.0740736,0.20017559826374054,0.2280000001192093,0.09109999984502792
YNL284C-B,YKL009W,0,-2.0743446,0.20000000298023224,0.2280000001192093,0.09120000153779984
YDR365W-B,YML028W,0,-2.0744405,0.199824720621109,0.2280000001192093,0.09130000323057175
YOR002W,YPL221W,1,-2.07446,0.20052538812160492,0.2290000021457672,0.09130000323057175
YPL195W,YPR060C,0,-2.074558,0.20034995675086975,0.2290000021457672,0.09139999747276306
YOR281C,YOR110W,0,-2.0747457,0.20017482340335846,0.2290000021457672,0.09149999916553497
YBR097W,YNL070W,0,-2.0747862,0.20000000298023224,0.2290000021457672,0.09160000085830688
YAL035W,YFL026W,0,-2.0749056,0.1998254805803299,0.2290000021457672,0.0917000025510788
YDR402C,YER002W,0,-2.075033,0.19965127110481262,0.2290000021457672,0.09179999679327011
YLR466W,YPL074W,0,-2.075071,0.19947734475135803,0.2290000021457672,0.09189999848604202
YDR109C,YGR090W,0,-2.0751202,0.1993037462234497,0.2290000021457672,0.09200000017881393
YDR303C,YGL030W,0,-2.0751476,0.19913043081760406,0.2290000021457672,0.09210000187158585
YER081W,YGR109W-B,0,-2.075174,0.1989574283361435,0.2290000021457672,0.09220000356435776
YPR091C,YAR042W,1,-2.075472,0.1996527761220932,0.23000000417232513,0.09220000356435776
YMR261C,YOL152W,0,-2.0757337,0.1994796246290207,0.23000000417232513,0.09229999780654907
YBL098W,YMR092C,0,-2.075796,0.19930675625801086,0.23000000417232513,0.09239999949932098
YML067C,YNL280C,1,-2.0760615,0.20000000298023224,0.23100000619888306,0.09239999949932098
YDR350C,YDR127W,0,-2.07607,0.19982698559761047,0.23100000619888306,0.0925000011920929
YPR158C-D,YBL034C,0,-2.076211,0.19965428113937378,0.23100000619888306,0.09260000288486481
YER142C,YCL060C,0,-2.0767002,0.19948185980319977,0.23100000619888306,0.09269999712705612
YLR265C,YDL014W,0,-2.0767097,0.19930975139141083,0.23100000619888306,0.09279999881982803
YNL306W,YGR038C-B,0,-2.0769765,0.19913792610168457,0.23100000619888306,0.09290000051259995
YGR255C,YGL201C,0,-2.0770044,0.19896641373634338,0.23100000619888306,0.09300000220537186
YOR346W,YGR292W,0,-2.0770204,0.19879518449306488,0.23100000619888306,0.09309999644756317
YHR147C,YJL003W,0,-2.0770557,0.19862425327301025,0.23100000619888306,0.09319999814033508
YDR076W,YOL103W-A,0,-2.077104,0.1984536051750183,0.23100000619888306,0.093299999833107
YPL095C,YDR034C-C,0,-2.07712,0.19828325510025024,0.23100000619888306,0.0934000015258789
YPL218W,YNL128W,0,-2.0772202,0.19811320304870605,0.23100000619888306,0.09350000321865082
YDR034C-C,YPL088W,0,-2.077232,0.19794344902038574,0.23100000619888306,0.09359999746084213
YDR402C,YAL026C,0,-2.0772684,0.1977739781141281,0.23100000619888306,0.09369999915361404
YNL051W,YDR394W,0,-2.0774224,0.19760479032993317,0.23100000619888306,0.09380000084638596
YBR080C,YHL004W,0,-2.0774815,0.1974359005689621,0.23100000619888306,0.09390000253915787
YOL158C,YDR532C,0,-2.0777323,0.1972672939300537,0.23100000619888306,0.09399999678134918
YLR259C,YIL082W-A,0,-2.0778043,0.197098970413208,0.23100000619888306,0.0940999984741211
YPL283C,YGR112W,0,-2.0778742,0.19693094491958618,0.23100000619888306,0.094200000166893
YHR113W,YPL060C-A,0,-2.0778856,0.19676320254802704,0.23100000619888306,0.09430000185966492
YER087W,YCL012W,0,-2.0783854,0.19659574329853058,0.23100000619888306,0.09440000355243683
YPL163C,YGL039W,0,-2.0784223,0.1964285671710968,0.23100000619888306,0.09449999779462814
YLR410W-B,YOR122C,0,-2.078468,0.1962616890668869,0.23100000619888306,0.09459999948740005
YCL003W,YOR030W,0,-2.0785148,0.1960950791835785,0.23100000619888306,0.09470000118017197
YPL194W,YER108C,0,-2.078541,0.19592875242233276,0.23100000619888306,0.09480000287294388
YOR065W,YPR158W-A,0,-2.0785637,0.19576270878314972,0.23100000619888306,0.09489999711513519
YGL054C,YER120W,1,-2.078757,0.19644369184970856,0.23199999332427979,0.09489999711513519
YML018C,YKL167C,0,-2.0789852,0.19627749919891357,0.23199999332427979,0.0949999988079071
YFL048C,YGR037C,0,-2.0791368,0.19611157476902008,0.23199999332427979,0.09510000050067902
YNR032C-A,YGR109W-B,0,-2.0791698,0.19594594836235046,0.23199999332427979,0.09520000219345093
YKR053C,YLR064W,1,-2.0791712,0.19662447273731232,0.2329999953508377,0.09520000219345093
YCR105W,YCL005W-A,0,-2.0792139,0.19645868241786957,0.2329999953508377,0.09529999643564224
YGR244C,YMR072W,0,-2.0792222,0.1962931752204895,0.2329999953508377,0.09539999812841415
YLR410W-B,YDL166C,0,-2.0792892,0.19612795114517212,0.2329999953508377,0.09549999982118607
YIL017W,YBL069W,0,-2.079294,0.19596299529075623,0.2329999953508377,0.09560000151395798
YGR120C,YER090W,0,-2.0793195,0.19579832255840302,0.2329999953508377,0.09570000320672989
YOR357C,YLR312C-B,0,-2.0793808,0.1956339180469513,0.2329999953508377,0.0957999974489212
YKL056C,YKL135C,0,-2.0794551,0.19546979665756226,0.2329999953508377,0.09589999914169312
YBL098W,YFR005C,0,-2.0794663,0.1953059583902359,0.2329999953508377,0.09600000083446503
YGR165W,YJL100W,0,-2.0797286,0.19514237344264984,0.2329999953508377,0.09610000252723694
YER167W,YBR042C,0,-2.0798776,0.19497908651828766,0.2329999953508377,0.09619999676942825
YDR034C-C,YDL102W,0,-2.0799353,0.19481605291366577,0.2329999953508377,0.09629999846220016
YDR411C,YEL001C,1,-2.0800667,0.19548872113227844,0.23399999737739563,0.09629999846220016
YGR199W,YNL291C,1,-2.0800924,0.19616027176380157,0.23499999940395355,0.09629999846220016
YPL129W,YAL010C,0,-2.0801964,0.19599665701389313,0.23499999940395355,0.09640000015497208
YDR034C-C,YCR061W,0,-2.0802143,0.19583334028720856,0.23499999940395355,0.09650000184774399
YCL062W,YDR495C,0,-2.0803955,0.19567027688026428,0.23499999940395355,0.0966000035405159
YHR039C-B,YML109W,0,-2.0805757,0.1955074816942215,0.23499999940395355,0.09669999778270721
YGR013W,YEL069C,0,-2.0807602,0.1953449696302414,0.23499999940395355,0.09679999947547913
YKL164C,YPL029W,0,-2.0808034,0.19518272578716278,0.23499999940395355,0.09690000116825104
YBR123C,YLR303W,0,-2.0809886,0.19502075016498566,0.23499999940395355,0.09700000286102295
YKR058W,YOR343W-B,0,-2.081028,0.19485904276371002,0.23499999940395355,0.09709999710321426
YDR261C,YDL012C,0,-2.081032,0.19469760358333588,0.23499999940395355,0.09719999879598618
YDL121C,YER087C-B,1,-2.0810595,0.19536423683166504,0.23600000143051147,0.09719999879598618
YDR316W-A,YJL125C,0,-2.0811555,0.19520264863967896,0.23600000143051147,0.09730000048875809
YLR142W,YOR192C-A,0,-2.081331,0.19504132866859436,0.23600000143051147,0.09740000218153
YDR261W-A,YLR193C,0,-2.081347,0.19488026201725006,0.23600000143051147,0.09749999642372131
YHR214C-C,YKR014C,0,-2.0814028,0.19471947848796844,0.23600000143051147,0.09759999811649323
YBL023C,YER108C,0,-2.0814633,0.19455894827842712,0.23600000143051147,0.09769999980926514
YDR057W,YDL232W,1,-2.0814683,0.195222407579422,0.2370000034570694,0.09769999980926514
YJL179W,YER129W,0,-2.0814817,0.19506172835826874,0.2370000034570694,0.09780000150203705
YGR159C,YDR210W-A,0,-2.0817297,0.19490131735801697,0.2370000034570694,0.09790000319480896
YPL060C-A,YJL082W,0,-2.0817776,0.1947411596775055,0.2370000034570694,0.09799999743700027
YGR161C-D,YDR298C,0,-2.0818334,0.1945812851190567,0.2370000034570694,0.09809999912977219
YLR050C,YHR007C,1,-2.0818799,0.1952420026063919,0.23800000548362732,0.09809999912977219
YOL103W-B,YMR193W,0,-2.0819929,0.19508196413516998,0.23800000548362732,0.0982000008225441
YEL017C-A,YPR004C,0,-2.0820541,0.19492219388484955,0.23800000548362732,0.09830000251531601
YGL054C,YOR149C,1,-2.0820632,0.19558101892471313,0.23899999260902405,0.09830000251531601
YBL098W,YHL006C,0,-2.0823834,0.19542109966278076,0.23899999260902405,0.09839999675750732
YLR439W,YGR038C-B,0,-2.0823917,0.19526143372058868,0.23899999260902405,0.09849999845027924
YDR316W-A,YOL103W-A,0,-2.0824394,0.1951020359992981,0.23899999260902405,0.09860000014305115
YAL003W,YDR473C,0,-2.082449,0.194942906498909,0.23899999260902405,0.09870000183582306
YHR072W,YPL096C-A,1,-2.0824673,0.1955990195274353,0.23999999463558197,0.09870000183582306
YGL115W,YGR222W,0,-2.0827374,0.19543974101543427,0.23999999463558197,0.09880000352859497
YIR025W,YPL060C-A,0,-2.0827506,0.19528071582317352,0.23999999463558197,0.09889999777078629
YOR142W-A,YDR342C,0,-2.0828464,0.19512194395065308,0.23999999463558197,0.0989999994635582
YLR138W,YGR109W-B,0,-2.082894,0.19496344029903412,0.23999999463558197,0.09910000115633011
YGL211W,YLR227C,0,-2.08296,0.19480518996715546,0.23999999463558197,0.09920000284910202
YDR210C-C,YJR048W,0,-2.0831811,0.19464720785617828,0.23999999463558197,0.09929999709129333
YGR288W,YMR026C,0,-2.0833619,0.1944894641637802,0.23999999463558197,0.09939999878406525
YOR231W,YIL127C,0,-2.0838666,0.19433198869228363,0.23999999463558197,0.09950000047683716
YJL127C,YKR099C-A,0,-2.0838957,0.19417475163936615,0.23999999463558197,0.09960000216960907
YNL284C,YDR098C-B,0,-2.0840425,0.19401778280735016,0.23999999463558197,0.09969999641180038
YMR045C,YIL109C,0,-2.0841064,0.19386106729507446,0.23999999463558197,0.0997999981045723
YML060W,YDR098C-B,0,-2.0841303,0.19370460510253906,0.23999999463558197,0.09989999979734421
YPL153C,YPR158C-C,0,-2.0843217,0.19354838132858276,0.23999999463558197,0.10000000149011612
YKL119C,YPL076W,1,-2.0843868,0.19419822096824646,0.2409999966621399,0.10000000149011612
YPL218W,YLL048C,0,-2.0847917,0.19404186308383942,0.2409999966621399,0.10010000318288803
YMR292W,YER016W,0,-2.084916,0.19388575851917267,0.2409999966621399,0.10019999742507935
YJR159W,YPR036W,0,-2.0849285,0.19372990727424622,0.2409999966621399,0.10029999911785126
YFL002W-B,YGL245W,0,-2.0849836,0.19357429444789886,0.2409999966621399,0.10040000081062317
YDR098C-A,YGL232W,0,-2.0850873,0.1934189349412918,0.2409999966621399,0.10050000250339508
YER052C,YLR227W-B,0,-2.0851192,0.19326382875442505,0.2409999966621399,0.1005999967455864
YGR216C,YDL122W,1,-2.0851603,0.19391025602817535,0.24199999868869781,0.1005999967455864
YMR142C,YDR034C-D,0,-2.0853744,0.19375500082969666,0.24199999868869781,0.1006999984383583
YJR133W,YPL236C,0,-2.085378,0.19359999895095825,0.24199999868869781,0.10080000013113022
YOL044W,YCR014C,0,-2.0854678,0.19344525039196014,0.24199999868869781,0.10090000182390213
YHR039C-B,YDR497C,0,-2.0854704,0.19329074025154114,0.24199999868869781,0.10100000351667404
YDR468C,YDL038C,0,-2.0855143,0.19313646852970123,0.24199999868869781,0.10109999775886536
YBL030C,YGL150C,0,-2.0855505,0.19298245012760162,0.24199999868869781,0.10119999945163727
YMR134W,YHR060W,1,-2.0856442,0.19362549483776093,0.24300000071525574,0.10119999945163727
YER073W,YGR252W,0,-2.0856574,0.19347134232521057,0.24300000071525574,0.10130000114440918
YER021W,YGR109W-A,0,-2.0857174,0.19331742823123932,0.24300000071525574,0.10140000283718109
YOL017W,YMR072W,0,-2.0858288,0.19316375255584717,0.24300000071525574,0.1014999970793724
YMR272C,YNL080C,1,-2.0859098,0.19380460679531097,0.24400000274181366,0.1014999970793724
YOR381W,YDR138W,0,-2.085962,0.19365079700946808,0.24400000274181366,0.10159999877214432
YLR227W-B,YPR036W,0,-2.0859966,0.19349722564220428,0.24400000274181366,0.10170000046491623
YHR119W,YCR020W-B,0,-2.085997,0.1933438926935196,0.24400000274181366,0.10180000215768814
YDR235W,YJR026W,0,-2.0862014,0.1931908130645752,0.24400000274181366,0.10189999639987946
YOR247W,YPL061W,0,-2.086224,0.1930379718542099,0.24400000274181366,0.10199999809265137
YDR210C-C,YCR052W,0,-2.0862396,0.1928853690624237,0.24400000274181366,0.10209999978542328
YGR038C-A,YML124C,0,-2.0865548,0.1927330195903778,0.24400000274181366,0.10220000147819519
YJL145W,YDL106C,0,-2.086584,0.19258089363574982,0.24400000274181366,0.1023000031709671
YLR227W-B,YKL021C,0,-2.086842,0.19242902100086212,0.24400000274181366,0.10239999741315842
YPL281C,YIL080W,0,-2.086863,0.19227738678455353,0.24400000274181366,0.10249999910593033
YCR071C,YLR410W-A,0,-2.0869455,0.19212599098682404,0.24400000274181366,0.10260000079870224
YNL268W,YGL095C,0,-2.087001,0.19197481870651245,0.24400000274181366,0.10270000249147415
YDR151C,YGR198W,0,-2.0871289,0.19182389974594116,0.24400000274181366,0.10279999673366547
YDR239C,YNL188W,0,-2.0873108,0.19167321920394897,0.24400000274181366,0.10289999842643738
YPL033C,YLR192C,0,-2.0874267,0.1915227621793747,0.24400000274181366,0.10300000011920929
YDR365W-A,YDL211C,0,-2.087448,0.19137254357337952,0.24400000274181366,0.1031000018119812
YDL232W,YGL098W,1,-2.0875363,0.19200627505779266,0.24500000476837158,0.1031000018119812
YML048W,YBR110W,1,-2.0875914,0.19263899326324463,0.2460000067949295,0.1031000018119812
YOR079C,YKL175W,0,-2.0876663,0.19248826801776886,0.2460000067949295,0.10320000350475311
YDL082W,YGR109W-A,0,-2.0877907,0.192337766289711,0.2460000067949295,0.10329999774694443
YBR015C,YJL171C,0,-2.0878198,0.19218750298023224,0.2460000067949295,0.10339999943971634
YMR274C,YBR201W,1,-2.0878246,0.19281810522079468,0.24699999392032623,0.10339999943971634
YLR256W-A,YGR193C,0,-2.087839,0.19266770780086517,0.24699999392032623,0.10350000113248825
YOR056C,YDR365W-A,0,-2.0879984,0.19251753389835358,0.24699999392032623,0.10360000282526016
YJR123W,YFL035C-B,0,-2.0880058,0.19236759841442108,0.24699999392032623,0.10369999706745148
YPR204W,YLL042C,0,-2.088099,0.1922179013490677,0.24699999392032623,0.10379999876022339
YLR157C-B,YMR261C,0,-2.088126,0.1920684278011322,0.24699999392032623,0.1039000004529953
YDR522C,YAR009C,0,-2.0883749,0.19191919267177582,0.24699999392032623,0.10400000214576721
YML060W,YGR038C-B,0,-2.0884008,0.19177018105983734,0.24699999392032623,0.10409999638795853
YDR076W,YDR283C,0,-2.0884686,0.19162140786647797,0.24699999392032623,0.10419999808073044
YDR210C-C,YMR203W,0,-2.0886483,0.1914728730916977,0.24699999392032623,0.10429999977350235
YOR142W-A,YOL063C,0,-2.088708,0.19132456183433533,0.24699999392032623,0.10440000146627426
YKL051W,YLR256W-A,0,-2.0887399,0.19117647409439087,0.24699999392032623,0.10450000315904617
YLR203C,YFL002W-B,0,-2.0889275,0.19102860987186432,0.24699999392032623,0.10459999740123749
YDR210C-C,YBR257W,0,-2.089067,0.19088098406791687,0.24699999392032623,0.1046999990940094
YPR188C,YPL060C-A,0,-2.0890827,0.19073359668254852,0.24699999392032623,0.10480000078678131
YLL050C,YLR314C,0,-2.0890992,0.1905864179134369,0.24699999392032623,0.10490000247955322
YDR307W,YDR349C,1,-2.089121,0.19121047854423523,0.24799999594688416,0.10490000247955322
YDL090C,YGR038C-B,0,-2.0891426,0.19106318056583405,0.24799999594688416,0.10499999672174454
YDL217C,YPR158C-C,0,-2.0892065,0.19091609120368958,0.24799999594688416,0.10509999841451645
YPL258C,YLR227W-A,0,-2.0892143,0.190769225358963,0.24799999594688416,0.10520000010728836
YCR098C,YGR161W-B,0,-2.0892622,0.19062259793281555,0.24799999594688416,0.10530000180006027
YDR034C-D,YNL064C,0,-2.0892982,0.190476194024086,0.24799999594688416,0.10540000349283218
YOR126C,YDR210C-D,0,-2.0893779,0.19033001363277435,0.24799999594688416,0.1054999977350235
YEL050C,YMR054W,0,-2.089495,0.19018404185771942,0.24799999594688416,0.10559999942779541
YPR137C-A,YEL006W,0,-2.0895615,0.1900383085012436,0.24799999594688416,0.10570000112056732
YPR026W,YDR098C-B,0,-2.0899203,0.18989279866218567,0.24799999594688416,0.10580000281333923
YPL060C-A,YJL140W,0,-2.089936,0.18974751234054565,0.24799999594688416,0.10589999705553055
YGL206C,YLR195C,0,-2.0900037,0.18960244953632355,0.24799999594688416,0.10599999874830246
YDR268W,YBR090C-A,0,-2.090283,0.18945759534835815,0.24799999594688416,0.10610000044107437
YGR027W-A,YCL063W,0,-2.090313,0.18931297957897186,0.24799999594688416,0.10620000213384628
YCL045C,YLR023C,1,-2.0907376,0.18993134796619415,0.24899999797344208,0.10620000213384628
YPR096C,YDR495C,0,-2.0908477,0.18978658318519592,0.24899999797344208,0.1062999963760376
YJL210W,YGR038C-B,0,-2.0908554,0.1896420419216156,0.24899999797344208,0.10639999806880951
YPR175W,YOR128C,0,-2.0908585,0.18949772417545319,0.24899999797344208,0.10649999976158142
YML120C,YOL103W-B,0,-2.0908892,0.18935361504554749,0.24899999797344208,0.10660000145435333
YPR186C,YPL060C-A,0,-2.0909152,0.1892097294330597,0.24899999797344208,0.10670000314712524
YOR343W-B,YFR013W,0,-2.0909212,0.1890660524368286,0.24899999797344208,0.10679999738931656
YEL042W,YJR045C,0,-2.09094,0.18892261385917664,0.24899999797344208,0.10689999908208847
YCR003W,YDR098C-A,0,-2.0910528,0.18877938389778137,0.24899999797344208,0.10700000077486038
YOR148C,YNR035C,0,-2.0910838,0.18863636255264282,0.24899999797344208,0.1071000024676323
YLR256W-A,YER177W,0,-2.0912142,0.18849356472492218,0.24899999797344208,0.10719999670982361
YLR027C,YKL018W,0,-2.0912251,0.18835099041461945,0.24899999797344208,0.10729999840259552
YHL012W,YMR054W,0,-2.0912592,0.18820860981941223,0.24899999797344208,0.10740000009536743
YDR034C-D,YOR106W,0,-2.091264,0.18806646764278412,0.24899999797344208,0.10750000178813934
YIL011W,YMR054W,0,-2.091286,0.18792453408241272,0.24899999797344208,0.10760000348091125
YLL022C,YGL185C,0,-2.0913866,0.18778280913829803,0.24899999797344208,0.10769999772310257
YDR365W-B,YIL017C,0,-2.0914474,0.18764129281044006,0.24899999797344208,0.10779999941587448
YOR176W,YNL172W,0,-2.0915322,0.1875,0.24899999797344208,0.10790000110864639
YJL030W,YER183C,0,-2.0916226,0.18735891580581665,0.24899999797344208,0.1080000028014183
YHL034C,YIL072W,0,-2.0916758,0.18721804022789001,0.24899999797344208,0.10809999704360962
YBR026C,YHL040C,0,-2.0920682,0.1870773881673813,0.24899999797344208,0.10819999873638153
YHR065C,YGR218W,0,-2.0921211,0.18693692982196808,0.24899999797344208,0.10830000042915344
YLR115W,YML052W,0,-2.0921624,0.18679669499397278,0.24899999797344208,0.10840000212192535
YLR337W,YNL068C,0,-2.0923269,0.1866566687822342,0.24899999797344208,0.10849999636411667
YGR230W,YIR017C,0,-2.092426,0.18651685118675232,0.24899999797344208,0.10859999805688858
YKL206C,YGL112C,0,-2.0924559,0.18637724220752716,0.24899999797344208,0.10869999974966049
YHL032C,YLR203C,0,-2.0925047,0.18623784184455872,0.24899999797344208,0.1088000014424324
YDR304C,YKL065C,1,-2.0925333,0.1868460327386856,0.25,0.1088000014424324
YGR038C-B,YJR017C,0,-2.0928242,0.18670649826526642,0.25,0.10890000313520432
YGL095C,YFR045W,0,-2.0928912,0.18656715750694275,0.25,0.10899999737739563
YGR246C,YJL118W,0,-2.0929532,0.186428040266037,0.25,0.10909999907016754
YJR002W,YDL138W,0,-2.09306,0.18628911674022675,0.25,0.10920000076293945
YLR410W-B,YCR018C,0,-2.0932314,0.1861504167318344,0.25,0.10930000245571136
YOR316C,YDR210W-A,0,-2.0932975,0.1860119104385376,0.25,0.10939999669790268
YNR032W,YKR099C-A,0,-2.0933704,0.1858736127614975,0.25,0.10949999839067459
YNL229C,YMR240C,0,-2.0934763,0.18573550879955292,0.25,0.1096000000834465
YOL152W,YPL257W-A,0,-2.0936916,0.18559762835502625,0.25,0.10970000177621841
YGR161C-D,YPR094W,0,-2.0937822,0.1854599416255951,0.25,0.10980000346899033
YLR256W-A,YCR031C,0,-2.0939622,0.18532246351242065,0.25,0.10989999771118164
YMR173W,YER111C,0,-2.0939763,0.18518517911434174,0.25,0.10999999940395355
YMR318C,YGR240C,0,-2.0940118,0.18504811823368073,0.25,0.11010000109672546
YCR029C-A,YJL028W,0,-2.0940275,0.18491123616695404,0.25,0.11020000278949738
YER053C-A,YIL016W,1,-2.0940275,0.1855136752128601,0.25099998712539673,0.11020000278949738
YER058W,YHL009W-A,0,-2.0940275,0.18537665903568268,0.25099998712539673,0.11029999703168869
YDR210W-D,YDR448W,0,-2.0940275,0.18523985147476196,0.25099998712539673,0.1103999987244606
YPR036W-A,YMR269W,0,-2.0940275,0.18510323762893677,0.25099998712539673,0.11050000041723251
YBL101W-B,YGR166W,0,-2.0940275,0.1849668323993683,0.25099998712539673,0.11060000211000443
YHL009W-A,YIL017W,0,-2.0940275,0.18483063578605652,0.25099998712539673,0.11069999635219574
YPR204W,YCL003W,0,-2.0940275,0.18469463288784027,0.25099998712539673,0.11079999804496765
YOR144C,YLR157C-A,0,-2.0940275,0.18455882370471954,0.25099998712539673,0.11089999973773956
YJR109C,YDR014W-A,0,-2.0940275,0.18442322313785553,0.25099998712539673,0.11100000143051147
YBR286W,YLR157C-A,0,-2.0940275,0.18428781628608704,0.25099998712539673,0.11110000312328339
YBL101W-A,YPL240C,0,-2.0940275,0.18415260314941406,0.25099998712539673,0.1111999973654747
YDR210W-D,YJR129C,0,-2.0940275,0.1840175986289978,0.25099998712539673,0.11129999905824661
YPR158W-B,YLR320W,0,-2.0940275,0.18388278782367706,0.25099998712539673,0.11140000075101852
YOR343C-A,YGL106W,0,-2.0940275,0.18374817073345184,0.25099998712539673,0.11150000244379044
YHL009W-A,YDR180W,0,-2.0940275,0.18361374735832214,0.25099998712539673,0.11159999668598175
YML045W-A,YJR092W,0,-2.0940275,0.18347953259944916,0.25099998712539673,0.11169999837875366
YML045W-A,YPR131C,0,-2.0940275,0.1833455115556717,0.25099998712539673,0.11180000007152557
YHL012W,YKL158W,0,-2.0940275,0.18321168422698975,0.25099998712539673,0.11190000176429749
YHL009W-A,YER054C,0,-2.0940275,0.18307805061340332,0.25099998712539673,0.1120000034570694
YOR343C-A,YKR093W,0,-2.0940275,0.18294461071491241,0.25099998712539673,0.11209999769926071
YER053C-A,YMR122W-A,1,-2.0940275,0.18353968858718872,0.25200000405311584,0.11209999769926071
YHL009W-A,YKL052C,0,-2.0940275,0.18340611457824707,0.25200000405311584,0.11219999939203262
YML045W-A,YLR455W,0,-2.0940275,0.18327273428440094,0.25200000405311584,0.11230000108480453
YPL075W,YDR014W-A,0,-2.0940275,0.18313953280448914,0.25200000405311584,0.11240000277757645
YCR029C-A,YDR034C-D,0,-2.0940275,0.18300653994083405,0.25200000405311584,0.11249999701976776
YDR181C,YBL101W-A,0,-2.0940275,0.18287372589111328,0.25200000405311584,0.11259999871253967
YDR079C-A,YMR221C,0,-2.0940275,0.18274112045764923,0.25200000405311584,0.11270000040531158
YGL136C,YDR210W-D,0,-2.0940275,0.1826086938381195,0.25200000405311584,0.1128000020980835
YNL284C-A,YJL063C,0,-2.0940275,0.1824764609336853,0.25200000405311584,0.11289999634027481
YGR262C,YML045W-A,0,-2.0940275,0.18234442174434662,0.25200000405311584,0.11299999803304672
YER027C,YLR157C-A,0,-2.0940275,0.18221257627010345,0.25200000405311584,0.11309999972581863
YCR029C-A,YOR142W-A,0,-2.0940275,0.1820809245109558,0.25200000405311584,0.11320000141859055
YOR343C-A,YKL054C,0,-2.0940275,0.1819494515657425,0.25200000405311584,0.11330000311136246
YML045W-A,YDR082W,0,-2.0940275,0.1818181872367859,0.25200000405311584,0.11339999735355377
YOR343W-A,YBR022W,0,-2.0940275,0.1816871017217636,0.25200000405311584,0.11349999904632568
YNL284C-A,YJR113C,0,-2.0940275,0.18155619502067566,0.25200000405311584,0.1136000007390976
YDR210W-D,YFR050C,0,-2.0940275,0.18142548203468323,0.25200000405311584,0.1137000024318695
YOR343W-B,YDR381C-A,0,-2.0940275,0.18129496276378632,0.25200000405311584,0.11379999667406082
YNL284C-A,YLL043W,0,-2.0940275,0.18116463720798492,0.25200000405311584,0.11389999836683273
YDR109C,YOL053C-A,0,-2.0940275,0.18103447556495667,0.25200000405311584,0.11400000005960464
YOL053C-A,YJL118W,0,-2.0940275,0.18090452253818512,0.25200000405311584,0.11410000175237656
YHL009W-A,YLR228C,0,-2.0940275,0.1807747483253479,0.25200000405311584,0.11420000344514847
YHR214C-C,YBR097W,0,-2.0940275,0.1806451678276062,0.25200000405311584,0.11429999768733978
YOR056C,YLR157C-A,0,-2.0940275,0.18051576614379883,0.25200000405311584,0.1143999993801117
YNR055C,YLR157C-A,0,-2.0940275,0.18038654327392578,0.25200000405311584,0.1145000010728836
YLR297W,YLR391W,0,-2.0940275,0.18025751411914825,0.25200000405311584,0.11460000276565552
YPL096C-A,YEL043W,1,-2.0940275,0.18084345757961273,0.2529999911785126,0.11460000276565552
YOR007C,YHL009W-A,0,-2.0940275,0.18071427941322327,0.2529999911785126,0.11469999700784683
YNL284C-A,YOR147W,0,-2.0940275,0.18058529496192932,0.2529999911785126,0.11479999870061874
YLR337W,YMR045C,0,-2.0940275,0.1804564893245697,0.2529999911785126,0.11490000039339066
YNL284C-B,YDR421W,0,-2.0940275,0.1803278625011444,0.2529999911785126,0.11500000208616257
YLR266C,YDR014W-A,0,-2.0940275,0.18019942939281464,0.2529999911785126,0.11509999632835388
YNL284C-A,YGR001C,0,-2.0940275,0.1800711750984192,0.2529999911785126,0.1151999980211258
YNL054W-A,YFL035C-B,0,-2.0940275,0.17994309961795807,0.2529999911785126,0.1152999997138977
YOR343C-A,YDR108W,0,-2.0940275,0.17981520295143127,0.2529999911785126,0.11540000140666962
YCL005W-A,YML045W-A,0,-2.0940275,0.1796875,0.2529999911785126,0.11550000309944153
YOR396W,YBR012W-B,0,-2.0940275,0.17955997586250305,0.2529999911785126,0.11559999734163284
YHL009W-A,YNR001C,0,-2.0940275,0.17943263053894043,0.2529999911785126,0.11569999903440475
YGR266W,YJL021C,0,-2.0940275,0.17930546402931213,0.2529999911785126,0.11580000072717667
YAL013W,YBL101W-B,0,-2.0940275,0.17917847633361816,0.2529999911785126,0.11590000241994858
YDR381C-A,YOL149W,0,-2.0940275,0.17905166745185852,0.2529999911785126,0.11599999666213989
YBL101W-A,YJL035C,0,-2.0940275,0.1789250373840332,0.2529999911785126,0.1160999983549118
YLR342W,YLR157C-A,0,-2.0940275,0.1787985861301422,0.2529999911785126,0.11620000004768372
YOL103W-A,YBR090C-A,0,-2.0940275,0.17867231369018555,0.2529999911785126,0.11630000174045563
YBL101W-A,YER109C,0,-2.0940275,0.1785462200641632,0.2529999911785126,0.11640000343322754
YBL101W-A,YEL056W,0,-2.0940275,0.1784203052520752,0.2529999911785126,0.11649999767541885
YDR210W-D,YLR059C,0,-2.0940275,0.1782945692539215,0.2529999911785126,0.11659999936819077
YOR040W,YDR014W-A,0,-2.0940275,0.17816901206970215,0.2529999911785126,0.11670000106096268
YER053C-A,YIL027C,1,-2.0940275,0.17874735593795776,0.2540000081062317,0.11670000106096268
YER053C-A,YHR142W,1,-2.0940275,0.1793248951435089,0.2549999952316284,0.11670000106096268
YJL176C,YPR036W-A,0,-2.0940275,0.17919887602329254,0.2549999952316284,0.11680000275373459
YFL058W,YML045W-A,0,-2.0940275,0.1790730357170105,0.2549999952316284,0.1168999969959259
YNL054W-A,YHR064C,0,-2.0940275,0.17894737422466278,0.2549999952316284,0.11699999868869781
YAL056W,YBL101W-B,0,-2.0940275,0.1788218766450882,0.2549999952316284,0.11710000038146973
YBL101W-B,YIL103W,0,-2.0940275,0.17869657278060913,0.2549999952316284,0.11720000207424164
YDL038C,YDR134C,0,-2.0940275,0.1785714328289032,0.2549999952316284,0.11729999631643295
YNL284C-A,YGR188C,0,-2.0940275,0.1784464716911316,0.2549999952316284,0.11739999800920486
YOL053C-A,YCL075W,0,-2.0940275,0.17832167446613312,0.2549999952316284,0.11749999970197678
YCR097WB,YDR210W-A,0,-2.0940275,0.17819707095623016,0.2549999952316284,0.11760000139474869
YHL009W-A,YGL023C,0,-2.0940275,0.17807263135910034,0.2549999952316284,0.1177000030875206
YNL284C-A,YOR172W,0,-2.0940275,0.17794835567474365,0.2549999952316284,0.11779999732971191
YER012W,YDR014W-A,0,-2.0940275,0.17782427370548248,0.2549999952316284,0.11789999902248383
YCR055C,YMR087W,0,-2.0940275,0.17770035564899445,0.2549999952316284,0.11800000071525574
YDR210W-D,YGL210W-A,0,-2.0940275,0.17757660150527954,0.2549999952316284,0.11810000240802765
YOR343C-A,YCL012W,0,-2.0940275,0.17745302617549896,0.2549999952316284,0.11819999665021896
YLR410W-B,YEL032W,0,-2.0940275,0.1773296296596527,0.2549999952316284,0.11829999834299088
YOR396W,YCR087C-A,0,-2.0940275,0.1772063970565796,0.2549999952316284,0.11840000003576279
YDR416W,YDR210W-D,0,-2.0940275,0.1770833283662796,0.2549999952316284,0.1185000017285347
YML045W-A,YOL001W,0,-2.0940275,0.17696043848991394,0.2549999952316284,0.11860000342130661
YDR079C-A,YCR016W,0,-2.0940275,0.1768377274274826,0.2549999952316284,0.11869999766349792
YBL101W-A,YFR050C,0,-2.0940275,0.1767151802778244,0.2549999952316284,0.11879999935626984
YOR343C-A,YGL244W,0,-2.0940275,0.17659279704093933,0.2549999952316284,0.11890000104904175
YDR316W-A,YDR381C-A,0,-2.0940275,0.1764705926179886,0.2549999952316284,0.11900000274181366
YHL009W-A,YCR020W-B,0,-2.0940275,0.17634855210781097,0.2549999952316284,0.11909999698400497
YEL017C-A,YLR157C-A,0,-2.0940275,0.1762266755104065,0.2549999952316284,0.11919999867677689
YPR036W-A,YDR283C,0,-2.0940275,0.17610497772693634,0.2549999952316284,0.1193000003695488
YPR158W-A,YGL018C,0,-2.0940354,0.17598344385623932,0.2549999952316284,0.11940000206232071
YER116C,YLR410W-A,0,-2.0940466,0.17586207389831543,0.2549999952316284,0.11949999630451202
YLR256W-A,YGL143C,0,-2.094137,0.17574086785316467,0.2549999952316284,0.11959999799728394
YDL211C,YPR186C,0,-2.094151,0.17561984062194824,0.2549999952316284,0.11969999969005585
YDL109C,YIL117C,0,-2.0943158,0.17549896240234375,0.2549999952316284,0.11980000138282776
YFL059W,YGR161W-B,0,-2.0943868,0.17537826299667358,0.2549999952316284,0.11990000307559967
YCR024C-A,YCL012W,0,-2.0947704,0.17525772750377655,0.2549999952316284,0.11999999731779099
YOL103W-A,YPL086C,0,-2.0949905,0.17513735592365265,0.2549999952316284,0.1200999990105629
YJL186W,YLL062C,0,-2.0950098,0.17501716315746307,0.2549999952316284,0.12020000070333481
YER061C,YDR316W-A,0,-2.0951352,0.17489711940288544,0.2549999952316284,0.12030000239610672
YBR215W,YCL003W,0,-2.0951777,0.17477723956108093,0.2549999952316284,0.12039999663829803
YDR365W-B,YPL049C,0,-2.095447,0.17465753853321075,0.2549999952316284,0.12049999833106995
YKL056C,YDR398W,0,-2.0954595,0.17453798651695251,0.2549999952316284,0.12060000002384186
YNL251C,YDR138W,0,-2.095534,0.1744185984134674,0.2549999952316284,0.12070000171661377
YPL010W,YGR156W,0,-2.095554,0.17429938912391663,0.2549999952316284,0.12080000340938568
YML121W,YCL012W,0,-2.0956616,0.17418032884597778,0.2549999952316284,0.120899997651577
YLR148W,YDR316W-A,0,-2.0956745,0.17406143248081207,0.2549999952316284,0.12099999934434891
YNL054W-A,YDL136W,0,-2.0957592,0.1739427000284195,0.2549999952316284,0.12110000103712082
YDL181W,YDR316W-A,0,-2.0960453,0.17382413148880005,0.2549999952316284,0.12120000272989273
YDL128W,YNL068C,0,-2.0960598,0.17370572686195374,0.2549999952316284,0.12129999697208405
YLR190W,YJR025C,0,-2.0961144,0.17358747124671936,0.2549999952316284,0.12139999866485596
YPR188C,YDR261C-D,0,-2.096119,0.1734693944454193,0.2549999952316284,0.12150000035762787
YPR097W,YBR112C,0,-2.0961282,0.1733514666557312,0.2549999952316284,0.12160000205039978
YKR080W,YMR221C,0,-2.0962057,0.17323370277881622,0.2549999952316284,0.1216999962925911
YOR109W,YDR379W,0,-2.0963209,0.17311608791351318,0.2549999952316284,0.121799997985363
YCR044C,YDL122W,1,-2.0964556,0.17367707192897797,0.25600001215934753,0.121799997985363
YBR176W,YMR207C,0,-2.0966015,0.17355932295322418,0.25600001215934753,0.12189999967813492
YGR161W-B,YKL046C,0,-2.0967531,0.17344173789024353,0.25600001215934753,0.12200000137090683
YDL081C,YAR002W,0,-2.0968385,0.17332430183887482,0.25600001215934753,0.12210000306367874
YDR365W-B,YOR304C-A,0,-2.0969124,0.17320702970027924,0.25600001215934753,0.12219999730587006
YGR287C,YMR226C,0,-2.0969923,0.1730899214744568,0.25600001215934753,0.12229999899864197
YPR200C,YDR517W,0,-2.0970383,0.17297297716140747,0.25600001215934753,0.12240000069141388
YNL250W,YKL002W,0,-2.0971181,0.1728561818599701,0.25600001215934753,0.12250000238418579
YJR004C,YCL012W,0,-2.0971518,0.17273953557014465,0.25600001215934753,0.1225999966263771
YKL165C,YDR056C,1,-2.0972354,0.17329737544059753,0.25699999928474426,0.1225999966263771
YGR270W,YDR365W-A,0,-2.0972633,0.17318059504032135,0.25699999928474426,0.12269999831914902
YDR469W,YML085C,0,-2.0972803,0.1730639785528183,0.25699999928474426,0.12280000001192093
YPR111W,YGR109W-A,0,-2.097381,0.17294751107692719,0.25699999928474426,0.12290000170469284
YGR038C-A,YNL177C,0,-2.097391,0.1728312075138092,0.25699999928474426,0.12300000339746475
YDR322C-A,YOL105C,0,-2.097396,0.17271505296230316,0.25699999928474426,0.12309999763965607
YGR161C-D,YDL059C,0,-2.097702,0.17259906232357025,0.25699999928474426,0.12319999933242798
YJL078C,YNL268W,0,-2.0977817,0.17248322069644928,0.25699999928474426,0.12330000102519989
YPR137C-A,YDR462W,0,-2.0979373,0.17236754298210144,0.25699999928474426,0.1234000027179718
YNL088W,YDR098C-A,0,-2.0979772,0.17225201427936554,0.25699999928474426,0.12349999696016312
YNL197C,YDR210W-A,0,-2.098075,0.17213663458824158,0.25699999928474426,0.12359999865293503
YKL059C,YDR261W-B,0,-2.098282,0.17202141880989075,0.25699999928474426,0.12370000034570694
YMR161W,YLR064W,1,-2.0984542,0.17257525026798248,0.257999986410141,0.12370000034570694
YNL190W,YOR305W,0,-2.0984926,0.1724599003791809,0.257999986410141,0.12380000203847885
YLR410W-B,YMR113W,0,-2.0986013,0.17234468460083008,0.257999986410141,0.12389999628067017
YHR206W,YDR261W-B,0,-2.098693,0.17222963273525238,0.257999986410141,0.12399999797344208
YBL047C,YPR024W,0,-2.0988166,0.17211474478244781,0.257999986410141,0.12409999966621399
YGR027W-A,YKL063C,0,-2.0991118,0.1720000058412552,0.257999986410141,0.1242000013589859
YDR034C-C,YKL085W,0,-2.0991516,0.1718854159116745,0.257999986410141,0.12430000305175781
YOR133W,YDR210W-A,0,-2.0992353,0.17177097499370575,0.257999986410141,0.12439999729394913
YPL125W,YPL257W-A,0,-2.0992594,0.17165668308734894,0.257999986410141,0.12449999898672104
YNL116W,YLR410W-A,0,-2.099291,0.17154255509376526,0.257999986410141,0.12460000067949295
YHL002W,YHR020W,0,-2.0993457,0.17142857611179352,0.257999986410141,0.12470000237226486
YMR274C,YOR085W,1,-2.0994453,0.17197875678539276,0.2590000033378601,0.12470000237226486
YKL020C,YNL146W,1,-2.0995095,0.1725282073020935,0.25999999046325684,0.12470000237226486
YNL330C,YBR084C-A,0,-2.0995543,0.17241379618644714,0.25999999046325684,0.12479999661445618
YNL046W,YDR233C,1,-2.0996284,0.1729622334241867,0.26100000739097595,0.12479999661445618
YKL145W,YOR343W-B,0,-2.100041,0.1728476881980896,0.26100000739097595,0.12489999830722809
YBL088C,YMR311C,0,-2.1001031,0.17273329198360443,0.26100000739097595,0.125
YJL123C,YPL257W-A,0,-2.1001165,0.1726190447807312,0.26100000739097595,0.1251000016927719
YJL207C,YPL198W,0,-2.1002235,0.1725049614906311,0.26100000739097595,0.12520000338554382
YKL158W,YKL160W,0,-2.100268,0.17239101231098175,0.26100000739097595,0.12530000507831573
YBR286W,YLL032C,0,-2.100337,0.17227722704410553,0.26100000739097595,0.12540000677108765
YBR087W,YGR109W-A,0,-2.10034,0.17216359078884125,0.26100000739097595,0.12549999356269836
YLR227W-B,YML023C,0,-2.1003437,0.1720501035451889,0.26100000739097595,0.12559999525547028
YMR205C,YOL103W-A,0,-2.1003518,0.1719367653131485,0.26100000739097595,0.1256999969482422
YPL131W,YCL012W,0,-2.100354,0.17182356119155884,0.26100000739097595,0.1257999986410141
YHR045W,YMR015C,1,-2.1004028,0.17236842215061188,0.2619999945163727,0.1257999986410141
YBL006C,YPR158C-C,0,-2.1005352,0.17225509881973267,0.2619999945163727,0.125900000333786
YOR027W,YGR122W,0,-2.1006346,0.1721419245004654,0.2619999945163727,0.12600000202655792
YJL143W,YNL126W,0,-2.1007094,0.17202888429164886,0.2619999945163727,0.12610000371932983
YBR091C,YDR365W-A,0,-2.1008265,0.17191600799560547,0.2619999945163727,0.12620000541210175
YDR098C-A,YDR487C,0,-2.1008863,0.171803280711174,0.2619999945163727,0.12630000710487366
YPL096C-A,YHR036W,1,-2.1010206,0.17234599590301514,0.2630000114440918,0.12630000710487366
YER016W,YOL089C,0,-2.1010752,0.17223313450813293,0.2630000114440918,0.12639999389648438
YDL066W,YGR161C-D,0,-2.1010776,0.17212042212486267,0.2630000114440918,0.1264999955892563
YDR034C-D,YCL064C,0,-2.1011612,0.17200784385204315,0.2630000114440918,0.1265999972820282
YJR009C,YOR304C-A,0,-2.1016302,0.17189542949199677,0.2630000114440918,0.1266999989748001
YMR319C,YJL171C,0,-2.101767,0.17178314924240112,0.2630000114440918,0.12680000066757202
YLR380W,YDR316W-A,0,-2.1017873,0.17167101800441742,0.2630000114440918,0.12690000236034393
YKL074C,YOR142W-B,0,-2.1018434,0.17155903577804565,0.2630000114440918,0.12700000405311584
YGR272C,YBR068C,0,-2.1019142,0.17144720256328583,0.2630000114440918,0.12710000574588776
YLR227W-B,YMR046C,0,-2.1021743,0.17133550345897675,0.2630000114440918,0.12720000743865967
YNR026C,YMR122W-A,1,-2.102219,0.171875,0.2639999985694885,0.12720000743865967
YDR181C,YPR137C-A,0,-2.1022418,0.17176318168640137,0.2639999985694885,0.12729999423027039
YBR227C,YGR220C,0,-2.102274,0.17165149748325348,0.2639999985694885,0.1273999959230423
YDR227W,YGL023C,0,-2.102305,0.17153996229171753,0.2639999985694885,0.1274999976158142
YKL186C,YGL203C,0,-2.1023738,0.17142857611179352,0.2639999985694885,0.12759999930858612
YDR210C-C,YLL060C,0,-2.1023777,0.17131732404232025,0.2639999985694885,0.12770000100135803
YDL108W,YGR078C,0,-2.102442,0.17120622098445892,0.2639999985694885,0.12780000269412994
YLR386W,YFL002W-B,0,-2.1024892,0.17109526693820953,0.2639999985694885,0.12790000438690186
YGR027W-A,YMR054W,0,-2.1026328,0.17098446190357208,0.2639999985694885,0.12800000607967377
YHL002W,YGR161W-A,0,-2.1026726,0.17087379097938538,0.2639999985694885,0.12809999287128448
YNL054W-A,YPR200C,0,-2.1026886,0.17076325416564941,0.2639999985694885,0.1281999945640564
YDR109C,YPL271W,0,-2.102706,0.17065288126468658,0.2639999985694885,0.1282999962568283
YKL010C,YJR042W,0,-2.1030073,0.1705426424741745,0.2639999985694885,0.12839999794960022
YOL041C,YNR044W,0,-2.1030138,0.17043253779411316,0.2639999985694885,0.12849999964237213
YDR210C-D,YKL034W,0,-2.103151,0.17032258212566376,0.2639999985694885,0.12860000133514404
YOR110W,YDL051W,0,-2.1032329,0.1702127605676651,0.2639999985694885,0.12870000302791595
YOL133W,YDR034C-D,0,-2.1033027,0.17010308802127838,0.2639999985694885,0.12880000472068787
YNL330C,YIL053W,0,-2.1035054,0.1699935644865036,0.2639999985694885,0.12890000641345978
YER148W,YPR158C-C,0,-2.1035817,0.16988417506217957,0.2639999985694885,0.1289999932050705
YBR015C,YGR027W-A,0,-2.1036854,0.16977491974830627,0.2639999985694885,0.1290999948978424
YLR426W,YPR158W-B,0,-2.1039805,0.16966581344604492,0.2639999985694885,0.12919999659061432
YLR337W,YKL001C,0,-2.1040554,0.16955684125423431,0.2639999985694885,0.12929999828338623
YIL027C,YLR238W,1,-2.104257,0.17008985579013824,0.26499998569488525,0.12929999828338623
YOR142W-B,YIL036W,0,-2.1043794,0.1699807494878769,0.26499998569488525,0.12939999997615814
YDL066W,YPL225W,0,-2.1044588,0.16987179219722748,0.26499998569488525,0.12950000166893005
YCL061C,YLL016W,0,-2.1044881,0.1697629690170288,0.26499998569488525,0.12960000336170197
YFL035C-B,YGL157W,0,-2.1045167,0.16965429484844208,0.26499998569488525,0.12970000505447388
YOR177C,YDR098C-A,0,-2.104523,0.1695457398891449,0.26499998569488525,0.1298000067472458
YKL051W,YOR343W-B,0,-2.1045947,0.16943733394145966,0.26499998569488525,0.1298999935388565
YOR142W-A,YMR207C,0,-2.1046743,0.16932907700538635,0.26499998569488525,0.12999999523162842
YER100W,YLR350W,1,-2.1050572,0.16985951364040375,0.26600000262260437,0.12999999523162842
YGL252C,YPR137C-A,0,-2.1050572,0.1697511225938797,0.26600000262260437,0.13009999692440033
YPL228W,YKR086W,0,-2.1051805,0.1696428507566452,0.26600000262260437,0.13019999861717224
YPL031C,YPR198W,0,-2.1053686,0.16953474283218384,0.26600000262260437,0.13030000030994415
YPR072W,YPR141C,0,-2.1055484,0.16942675411701202,0.26600000262260437,0.13040000200271606
YJL192C,YGR216C,1,-2.1056259,0.16995544731616974,0.2669999897480011,0.13040000200271606
YOL103W-A,YMR304W,0,-2.1056793,0.16984732449054718,0.2669999897480011,0.13050000369548798
YAL034W-A,YDR034C-D,0,-2.105719,0.16973935067653656,0.2669999897480011,0.1306000053882599
YDL100C,YBR036C,1,-2.1059086,0.17026683688163757,0.2680000066757202,0.1306000053882599
YLR029C,YOL164W,0,-2.105969,0.1701587289571762,0.2680000066757202,0.1307000070810318
YPL031C,YOR343W-A,0,-2.106102,0.1700507551431656,0.2680000066757202,0.13079999387264252
YPR072W,YOR210W,0,-2.106103,0.1699429303407669,0.2680000066757202,0.13089999556541443
YLR201C,YDR365W-A,0,-2.1061897,0.16983523964881897,0.2680000066757202,0.13099999725818634
YBR110W,YLR286C,1,-2.1063259,0.1703609824180603,0.26899999380111694,0.13099999725818634
YLR138W,YDR365W-B,0,-2.106373,0.17025315761566162,0.26899999380111694,0.13109999895095825
YAL003W,YGR161W-A,0,-2.106485,0.17014548182487488,0.26899999380111694,0.13120000064373016
YLR382C,YDL004W,0,-2.1068838,0.17003792524337769,0.26899999380111694,0.13130000233650208
YDR316W-A,YBR193C,0,-2.1069713,0.16993051767349243,0.26899999380111694,0.131400004029274
YPL156C,YDR261C-D,0,-2.107043,0.16982322931289673,0.26899999380111694,0.1315000057220459
YDR365W-B,YBR026C,0,-2.1070828,0.16971608996391296,0.26899999380111694,0.1316000074148178
YIL056W,YCR004C,0,-2.1072109,0.16960908472537994,0.26899999380111694,0.13169999420642853
YGL229C,YGL201C,0,-2.1075375,0.16950219869613647,0.26899999380111694,0.13179999589920044
YIL082W-A,YJR033C,0,-2.1077235,0.16939546167850494,0.26899999380111694,0.13189999759197235
YOR381W,YDR210C-C,0,-2.107729,0.16928885877132416,0.26899999380111694,0.13199999928474426
YJR082C,YOR343W-A,0,-2.1077528,0.16918238997459412,0.26899999380111694,0.13210000097751617
YNL054W-A,YHL040C,0,-2.1077847,0.16907605528831482,0.26899999380111694,0.13220000267028809
YIL077C,YDR365W-A,0,-2.1078646,0.16896985471248627,0.26899999380111694,0.13230000436306
YCR081W,YBR045C,0,-2.107866,0.16886377334594727,0.26899999380111694,0.1324000060558319
YNL284C-B,YGR166W,0,-2.107984,0.1687578409910202,0.26899999380111694,0.13249999284744263
YEL062W,YOL103W-B,0,-2.1080399,0.16865204274654388,0.26899999380111694,0.13259999454021454
YNL082W,YGR241C,0,-2.1081805,0.16854636371135712,0.26899999380111694,0.13269999623298645
YPR158W-A,YIL085C,0,-2.1082313,0.1684408336877823,0.26899999380111694,0.13279999792575836
YHR171W,YHL017W,0,-2.1083837,0.168335422873497,0.26899999380111694,0.13289999961853027
YHR214C-C,YML105C,0,-2.1084068,0.16823014616966248,0.26899999380111694,0.13300000131130219
YMR319C,YDR365W-A,0,-2.1086621,0.1681250035762787,0.26899999380111694,0.1331000030040741
YKL001C,YGR047C,0,-2.1088152,0.16801998019218445,0.26899999380111694,0.133200004696846
YLR256W-A,YBR088C,0,-2.1090128,0.16791510581970215,0.26899999380111694,0.13330000638961792
YLR409C,YHR179W,0,-2.1091535,0.1678103506565094,0.26899999380111694,0.13339999318122864
YGR217W,YFR030W,0,-2.1091793,0.1677057296037674,0.26899999380111694,0.13349999487400055
YDR450W,YOR073W,0,-2.1093307,0.16760124266147614,0.26899999380111694,0.13359999656677246
YOR343W-A,YOR391C,0,-2.1095872,0.16749688982963562,0.26899999380111694,0.13369999825954437
YFL035C-A,YOL078W,0,-2.1096694,0.16739265620708466,0.26899999380111694,0.13379999995231628
YNL054W-A,YPL057C,0,-2.1098742,0.16728855669498444,0.26899999380111694,0.1339000016450882
YJR074W,YPR030W,0,-2.1099153,0.16718459129333496,0.26899999380111694,0.1340000033378601
YPR137C-A,YNL064C,0,-2.10993,0.16708074510097504,0.26899999380111694,0.13410000503063202
YDL106C,YDR098C-A,0,-2.1099699,0.16697703301906586,0.26899999380111694,0.13420000672340393
YDR034C-D,YDR477W,0,-2.1100497,0.16687345504760742,0.26899999380111694,0.13429999351501465
YOR192C-A,YLL004W,0,-2.1100736,0.16676999628543854,0.26899999380111694,0.13439999520778656
YLR382C,YLR233C,0,-2.110341,0.1666666716337204,0.26899999380111694,0.13449999690055847
YFR044C,YMR212C,0,-2.110534,0.1665634661912918,0.26899999380111694,0.13459999859333038
YHR086W,YOR384W,0,-2.110618,0.16646039485931396,0.26899999380111694,0.1347000002861023
YBR183W,YBR229C,1,-2.1108184,0.16697588562965393,0.27000001072883606,0.1347000002861023
YER089C,YPL043W,0,-2.1108222,0.16687268018722534,0.27000001072883606,0.1348000019788742
YDR337W,YDL029W,0,-2.1108506,0.1667696088552475,0.27000001072883606,0.13490000367164612
YIR019C,YML040W,0,-2.1110783,0.1666666716337204,0.27000001072883606,0.13500000536441803
YGR231C,YGR282C,0,-2.1111326,0.16656385362148285,0.27000001072883606,0.13510000705718994
YKL093W,YPL158C,0,-2.1112306,0.16646115481853485,0.27000001072883606,0.13519999384880066
YDL191W,YKL158W,0,-2.1112883,0.1663585901260376,0.27000001072883606,0.13529999554157257
YJL013C,YDR034C-D,0,-2.111296,0.1662561595439911,0.27000001072883606,0.13539999723434448
YFL018W-A,YDL028C,0,-2.1113267,0.16615384817123413,0.27000001072883606,0.1354999989271164
YLR377C,YJR144W,0,-2.1114848,0.16605165600776672,0.27000001072883606,0.1356000006198883
YFR049W,YDR210C-D,0,-2.1116803,0.16594959795475006,0.27000001072883606,0.13570000231266022
YDR405W,YML133C,0,-2.1119254,0.16584765911102295,0.27000001072883606,0.13580000400543213
YFL035C-A,YBR043C,0,-2.1120884,0.16574585437774658,0.27000001072883606,0.13590000569820404
YIL049W,YJL021C,0,-2.112126,0.16564416885375977,0.27000001072883606,0.13600000739097595
YGL167C,YHR214C-B,0,-2.1126099,0.1655426174402237,0.27000001072883606,0.13609999418258667
YER098W,YMR051C,0,-2.112707,0.16544117033481598,0.27000001072883606,0.13619999587535858
YDL059C,YFL060C,0,-2.1127298,0.1653398722410202,0.27000001072883606,0.1362999975681305
YCL045C,YGL231C,1,-2.1129205,0.1658506691455841,0.2709999978542328,0.1362999975681305
YAL001C,YMR215W,0,-2.1130106,0.16574923694133759,0.2709999978542328,0.1363999992609024
YDR256C,YDR261W-B,0,-2.113101,0.16564792394638062,0.2709999978542328,0.13650000095367432
YER129W,YER183C,0,-2.1131516,0.1655467301607132,0.2709999978542328,0.13660000264644623
YCR044C,YMR015C,1,-2.1133337,0.16605617105960846,0.2720000147819519,0.13660000264644623
YPL096C-A,YDR292C,1,-2.1135864,0.1665649712085724,0.27300000190734863,0.13660000264644623
YFR015C,YDL211C,0,-2.1137137,0.16646341979503632,0.27300000190734863,0.13670000433921814
YAR009C,YDR277C,0,-2.1137662,0.1663619726896286,0.27300000190734863,0.13680000603199005
YLR055C,YAL012W,0,-2.1140637,0.16626065969467163,0.27300000190734863,0.13689999282360077
YNL175C,YDL211C,0,-2.1140835,0.1661594659090042,0.27300000190734863,0.13699999451637268
YKL032C,YEL006W,0,-2.1141577,0.16605839133262634,0.27300000190734863,0.1370999962091446
YJL200C,YBR108W,0,-2.1144,0.16595745086669922,0.27300000190734863,0.1371999979019165
YJL063C,YOR393W,0,-2.1145,0.16585661470890045,0.27300000190734863,0.13729999959468842
YOL123W,YLR035C,0,-2.114678,0.16575591266155243,0.27300000190734863,0.13740000128746033
YCR105W,YLL066C,0,-2.1148825,0.16565534472465515,0.27300000190734863,0.13750000298023224
YOL066C,YFL062W,0,-2.1149402,0.16555488109588623,0.27300000190734863,0.13760000467300415
YNL323W,YER087C-A,1,-2.1154027,0.16606061160564423,0.27399998903274536,0.13760000467300415
YOR396W,YMR088C,0,-2.1156106,0.16596002876758575,0.27399998903274536,0.13770000636577606
YJL004C,YHR039C-B,0,-2.115633,0.16585956513881683,0.27399998903274536,0.13779999315738678
YFR044C,YLR190W,0,-2.1160846,0.16575922071933746,0.27399998903274536,0.1378999948501587
YLR070C,YDR098C-A,0,-2.1161547,0.16565901041030884,0.27399998903274536,0.1379999965429306
YNL133C,YJL114W,0,-2.1163824,0.16555891931056976,0.27399998903274536,0.13809999823570251
YOR011W,YDL141W,0,-2.1164033,0.16545893251895905,0.27399998903274536,0.13819999992847443
YHR076W,YLR144C,0,-2.1164763,0.16535907983779907,0.27399998903274536,0.13830000162124634
YER003C,YLR121C,0,-2.1165006,0.16525934636592865,0.27399998903274536,0.13840000331401825
YPR072W,YOR343W-B,0,-2.1165137,0.16515973210334778,0.27399998903274536,0.13850000500679016
YNL286W,YBR192W,0,-2.116837,0.16506023705005646,0.27399998903274536,0.13860000669956207
YAR071W,YKL074C,0,-2.116911,0.1649608612060547,0.27399998903274536,0.1386999934911728
YMR190C,YDR365W-A,0,-2.116963,0.16486161947250366,0.27399998903274536,0.1387999951839447
YDL107W,YGL251C,0,-2.1171882,0.164762482047081,0.27399998903274536,0.1388999968767166
YLR103C,YHR079C-A,0,-2.1174047,0.16466346383094788,0.27399998903274536,0.13899999856948853
YGR224W,YHR201C,0,-2.1174397,0.1645645648241043,0.27399998903274536,0.13910000026226044
YDL135C,YHR050W,0,-2.117621,0.1644657850265503,0.27399998903274536,0.13920000195503235
YLR234W,YBL033C,0,-2.1176927,0.16436712443828583,0.27399998903274536,0.13930000364780426
YJL012C-A,YHR025W,0,-2.118182,0.1642685830593109,0.27399998903274536,0.13940000534057617
YNL131W,YER108C,0,-2.118187,0.16417016088962555,0.27399998903274536,0.13950000703334808
YDL236W,YER007C-A,0,-2.1182709,0.16407185792922974,0.27399998903274536,0.1395999938249588
YPL122C,YDR365W-A,0,-2.11837,0.16397367417812347,0.27399998903274536,0.1396999955177307
YIL076W,YKL040C,0,-2.1185787,0.16387559473514557,0.27399998903274536,0.13979999721050262
YFL035C-A,YJL008C,0,-2.1187506,0.1637776494026184,0.27399998903274536,0.13989999890327454
YPR162C,YDR487C,0,-2.1189709,0.1636798083782196,0.27399998903274536,0.14000000059604645
YOR290C,YJL021C,0,-2.1190233,0.16358208656311035,0.27399998903274536,0.14010000228881836
YGR163W,YDR545W,0,-2.11907,0.16348448395729065,0.27399998903274536,0.14020000398159027
YOL112W,YKL097W-A,0,-2.119117,0.1633870005607605,0.27399998903274536,0.14030000567436218
YGL141W,YGL247W,0,-2.1192548,0.1632896363735199,0.27399998903274536,0.1404000073671341
YBR299W,YNL128W,0,-2.1193035,0.16319237649440765,0.27399998903274536,0.1404999941587448
YGR087C,YDL134C,0,-2.119511,0.16309523582458496,0.27399998903274536,0.14059999585151672
YKL143W,YJL044C,0,-2.1195335,0.16299821436405182,0.27399998903274536,0.14069999754428864
YDR378C,YJL044C,0,-2.1195607,0.16290131211280823,0.27399998903274536,0.14079999923706055
YJR086W,YCL069W,0,-2.1195982,0.162804514169693,0.27399998903274536,0.14090000092983246
YJL081C,YJL125C,0,-2.1198251,0.1627078354358673,0.27399998903274536,0.14100000262260437
YKL142W,YPL257W-A,0,-2.119837,0.16261127591133118,0.27399998903274536,0.14110000431537628
YPL208W,YCL012W,0,-2.1201177,0.1625148206949234,0.27399998903274536,0.1412000060081482
YJR074W,YJR045C,0,-2.1201718,0.16241849958896637,0.27399998903274536,0.1412999927997589
YNR058W,YAR009C,0,-2.1202126,0.1623222678899765,0.27399998903274536,0.14139999449253082
YKL217W,YBR182C,0,-2.1202736,0.16222617030143738,0.27399998903274536,0.14149999618530273
YGR257C,YGR277C,0,-2.1205568,0.1621301770210266,0.27399998903274536,0.14159999787807465
YKL134C,YER014C-A,0,-2.1209068,0.1620343029499054,0.27399998903274536,0.14169999957084656
YDR081C,YOR304W,0,-2.1211295,0.16193853318691254,0.27399998903274536,0.14180000126361847
YGL142C,YFL002W-B,0,-2.121184,0.16184288263320923,0.27399998903274536,0.14190000295639038
YGL084C,YLR064W,1,-2.1216397,0.16233766078948975,0.2750000059604645,0.14190000295639038
YOR003W,YDR210C-D,0,-2.121723,0.1622418910264969,0.2750000059604645,0.1420000046491623
YKL145W,YOR056C,0,-2.1217957,0.16214622557163239,0.2750000059604645,0.1421000063419342
YJR151C,YJL021C,0,-2.1218557,0.16205067932605743,0.2750000059604645,0.14219999313354492
YGL017W,YLR447C,0,-2.121872,0.16195523738861084,0.2750000059604645,0.14229999482631683
YDR184C,YMR001C,0,-2.1222837,0.1618599146604538,0.2750000059604645,0.14239999651908875
YLR102C,YFL062W,0,-2.1223989,0.1617647111415863,0.2750000059604645,0.14249999821186066
YGR161W-B,YKR054C,0,-2.122681,0.16166961193084717,0.2750000059604645,0.14259999990463257
YML033W,YEL046C,0,-2.1228933,0.1615746170282364,0.2750000059604645,0.14270000159740448
YBR227C,YHL027W,0,-2.123005,0.16147974133491516,0.2750000059604645,0.1428000032901764
YHL032C,YDR298C,0,-2.123256,0.1613849699497223,0.2750000059604645,0.1429000049829483
YGR251W,YPL088W,0,-2.1233978,0.16129031777381897,0.2750000059604645,0.14300000667572021
YFL008W,YOR142W-A,0,-2.1235936,0.1611957848072052,0.2750000059604645,0.14309999346733093
YBR176W,YMR286W,0,-2.1238518,0.1611013412475586,0.2750000059604645,0.14319999516010284
YLR226W,YJL114W,0,-2.1240246,0.16100703179836273,0.2750000059604645,0.14329999685287476
YDR186C,YAL044C,0,-2.1240292,0.16091281175613403,0.2750000059604645,0.14339999854564667
YGR006W,YER116C,0,-2.1240907,0.16081871092319489,0.2750000059604645,0.14350000023841858
YOR061W,YDR167W,0,-2.1240978,0.1607247292995453,0.2750000059604645,0.1436000019311905
YNR074C,YNL106C,0,-2.1241205,0.16063083708286285,0.2750000059604645,0.1437000036239624
YBR069C,YLR095C,0,-2.1248455,0.16053706407546997,0.2750000059604645,0.14380000531673431
YKR046C,YOL105C,0,-2.1248822,0.16044341027736664,0.2750000059604645,0.14390000700950623
YER031C,YNL251C,0,-2.1250246,0.16034986078739166,0.2750000059604645,0.14399999380111694
YDR170W-A,YPR105C,0,-2.1250913,0.16025641560554504,0.2750000059604645,0.14409999549388885
YOR088W,YHR001W,0,-2.1254883,0.16016307473182678,0.2750000059604645,0.14419999718666077
YER087C-B,YHR142W,1,-2.1258214,0.16065192222595215,0.2759999930858612,0.14419999718666077
YLR176C,YDL090C,0,-2.1261168,0.16055846214294434,0.2759999930858612,0.14429999887943268
YNL032W,YJR001W,0,-2.1261668,0.16046512126922607,0.2759999930858612,0.1444000005722046
YDL212W,YBR183W,1,-2.1261775,0.16095294058322906,0.2770000100135803,0.1444000005722046
YHR176W,YMR122W-A,1,-2.1262014,0.1614401787519455,0.27799999713897705,0.1444000005722046
YDR034C-C,YDL040C,0,-2.1262977,0.16134649515151978,0.27799999713897705,0.1445000022649765
YDR310C,YDR098C-B,0,-2.1263785,0.16125290095806122,0.27799999713897705,0.1446000039577484
YHR108W,YDL097C,0,-2.1264355,0.1611594259738922,0.27799999713897705,0.14470000565052032
YDR261C,YKL052C,0,-2.1265767,0.16106605529785156,0.27799999713897705,0.14480000734329224
YDR099W,YBR162C,0,-2.1266088,0.16097278892993927,0.27799999713897705,0.14489999413490295
YLR115W,YLR227W-A,0,-2.1266208,0.16087962687015533,0.27799999713897705,0.14499999582767487
YJR054W,YDL035C,0,-2.1266825,0.16078658401966095,0.27799999713897705,0.14509999752044678
YDR471W,YJL012C-A,0,-2.1267798,0.16069364547729492,0.27799999713897705,0.1451999992132187
YAL068C,YOL100W,0,-2.1269825,0.16060081124305725,0.27799999713897705,0.1453000009059906
YIL031W,YFL060C,0,-2.1270764,0.16050808131694794,0.27799999713897705,0.1454000025987625
YPR165W,YJL146W,0,-2.127422,0.16041547060012817,0.27799999713897705,0.14550000429153442
YFL035C-A,YDL190C,0,-2.1275349,0.16032294929027557,0.27799999713897705,0.14560000598430634
YCR026C,YLR001C,0,-2.1277187,0.16023054718971252,0.27799999713897705,0.14569999277591705
YKL075C,YBR301W,0,-2.1277635,0.16013824939727783,0.27799999713897705,0.14579999446868896
YHL025W,YDR261C-D,0,-2.1279383,0.1600460559129715,0.27799999713897705,0.14589999616146088
YDR189W,YBR170C,1,-2.128251,0.16052934527397156,0.27900001406669617,0.14589999616146088
YCR073W-A,YPR201W,0,-2.1283,0.16043703258037567,0.27900001406669617,0.1459999978542328
YDL135C,YHR075C,0,-2.1284506,0.16034482419490814,0.27900001406669617,0.1460999995470047
YPR078C,YKR026C,0,-2.1285706,0.16025273501873016,0.27900001406669617,0.1462000012397766
YGL139W,YBR070C,1,-2.1286612,0.16073478758335114,0.2800000011920929,0.1462000012397766
YHR190W,YNR026C,1,-2.1286674,0.16121628880500793,0.2809999883174896,0.1462000012397766
YLR051C,YLR328W,0,-2.1288989,0.1611238569021225,0.2809999883174896,0.14630000293254852
YPL159C,YLR068W,0,-2.1289928,0.16103151440620422,0.2809999883174896,0.14640000462532043
YMR078C,YKL097W-A,0,-2.1293323,0.1609392911195755,0.2809999883174896,0.14650000631809235
YMR016C,YKL004W,0,-2.129633,0.16084717214107513,0.2809999883174896,0.14659999310970306
YER108C,YML106W,0,-2.1296484,0.16075514256954193,0.2809999883174896,0.14669999480247498
YBL098W,YOR343W-B,0,-2.1296608,0.16066323220729828,0.2809999883174896,0.1467999964952469
YHL034C,YNL115C,0,-2.129696,0.16057142615318298,0.2809999883174896,0.1468999981880188
YLL031C,YDR196C,1,-2.1297648,0.16105082631111145,0.28200000524520874,0.1468999981880188
YOL053C-A,YGL129C,0,-2.1300216,0.1609589010477066,0.28200000524520874,0.1469999998807907
YJR118C,YLR292C,1,-2.130205,0.16143754124641418,0.28299999237060547,0.1469999998807907
YGR006W,YML058W-A,0,-2.130363,0.1613454967737198,0.28299999237060547,0.14710000157356262
YDR352W,YJL194W,0,-2.1304266,0.16125355660915375,0.28299999237060547,0.14720000326633453
YKL075C,YNL121C,0,-2.1306593,0.16116173565387726,0.28299999237060547,0.14730000495910645
YHR135C,YBR170C,1,-2.130821,0.16163915395736694,0.2840000092983246,0.14730000495910645
YMR240C,YGR024C,0,-2.130882,0.1615472137928009,0.2840000092983246,0.14740000665187836
YKL130C,YNL281W,0,-2.1310332,0.16145537793636322,0.2840000092983246,0.14749999344348907
YLR442C,YAL026C,0,-2.131062,0.1613636314868927,0.2840000092983246,0.147599995136261
YGR209C,YDL246C,0,-2.1310654,0.16127200424671173,0.2840000092983246,0.1476999968290329
YLL017W,YBL075C,0,-2.131193,0.16118048131465912,0.2840000092983246,0.1477999985218048
YER111C,YIL062C,0,-2.1312451,0.16108904778957367,0.2840000092983246,0.14790000021457672
YMR305C,YLR064W,1,-2.1312988,0.1615646332502365,0.2849999964237213,0.14790000021457672
YDR330W,YLR013W,0,-2.1313043,0.1614730805158615,0.2849999964237213,0.14800000190734863
YPR021C,YFL011W-A,0,-2.1315846,0.16138164699077606,0.2849999964237213,0.14810000360012054
YCL012W,YJL190C,0,-2.1316512,0.16129031777381897,0.2849999964237213,0.14820000529289246
YOR140W,YNL117W,0,-2.1317086,0.16119909286499023,0.2849999964237213,0.14830000698566437
YPR054W,YHR179W,0,-2.1317317,0.16110797226428986,0.2849999964237213,0.14839999377727509
YHR141C,YKL043W,0,-2.1318882,0.16101695597171783,0.2849999964237213,0.148499995470047
YDL008W,YOR361C,0,-2.132043,0.16092602908611298,0.2849999964237213,0.1485999971628189
YDR038C,YDR402C,0,-2.1320505,0.16083522140979767,0.2849999964237213,0.14869999885559082
YOR142W-B,YPL065W,0,-2.1320531,0.16074450314044952,0.2849999964237213,0.14880000054836273
YMR169C,YLR410W-A,0,-2.1323879,0.16065388917922974,0.2849999964237213,0.14890000224113464
YNL032W,YJL170C,0,-2.1325243,0.1605633795261383,0.2849999964237213,0.14900000393390656
YLR438C-A,YDR170C,0,-2.1327562,0.16047297418117523,0.2849999964237213,0.14910000562667847
YHR045W,YBR273C,1,-2.1327622,0.16094541549682617,0.28600001335144043,0.14910000562667847
YDR529C,YGL172W,0,-2.1327662,0.16085489094257355,0.28600001335144043,0.14920000731945038
YPR158W-B,YEL011W,0,-2.13301,0.16076447069644928,0.28600001335144043,0.1492999941110611
YOR339C,YFL018C,0,-2.1332867,0.16067415475845337,0.28600001335144043,0.149399995803833
YDR013W,YOL076W,0,-2.1336825,0.16058394312858582,0.28600001335144043,0.14949999749660492
YOL123W,YPL242C,0,-2.1337068,0.16049382090568542,0.28600001335144043,0.14959999918937683
YPL200W,YER026C,1,-2.1337216,0.16096466779708862,0.28700000047683716,0.14959999918937683
YPL007C,YPR175W,0,-2.133856,0.16087444126605988,0.28700000047683716,0.14970000088214874
YGL205W,YBR208C,0,-2.1338773,0.16078431904315948,0.28700000047683716,0.14980000257492065
YPL094C,YJR088C,1,-2.133882,0.16125419735908508,0.2879999876022339,0.14980000257492065
YDL101C,YMR067C,0,-2.1340039,0.16116395592689514,0.2879999876022339,0.14990000426769257
YHR079C,YML067C,1,-2.134116,0.16163310408592224,0.289000004529953,0.14990000426769257
YDR233C,YAL028W,1,-2.1341488,0.16210173070430756,0.28999999165534973,0.14990000426769257
YEL017C-A,YKL180W,0,-2.1342437,0.16201117634773254,0.28999999165534973,0.15000000596046448
YBL025W,YPL244C,0,-2.134324,0.1619207113981247,0.28999999165534973,0.1500999927520752
YBL106C,YPL154C,0,-2.134835,0.1618303507566452,0.28999999165534973,0.1501999944448471
YGR056W,YML058W-A,0,-2.1348863,0.16174009442329407,0.28999999165534973,0.15029999613761902
YPL050C,YPL274W,0,-2.1348913,0.1616499423980713,0.28999999165534973,0.15039999783039093
YDR330W,YOR142W-A,0,-2.1350675,0.16155989468097687,0.28999999165534973,0.15049999952316284
YMR272C,YNL146W,1,-2.1352558,0.16202673316001892,0.29100000858306885,0.15049999952316284
YMR272C,YDR056C,1,-2.1352637,0.1624930500984192,0.2919999957084656,0.15049999952316284
YJL099W,YER009W,0,-2.1354206,0.1624026745557785,0.2919999957084656,0.15060000121593475
YDR044W,YHR214C-B,0,-2.1354852,0.16231238842010498,0.2919999957084656,0.15070000290870667
YML033W,YMR072W,0,-2.13551,0.162222221493721,0.2919999957084656,0.15080000460147858
YLR380W,YOR088W,0,-2.1357794,0.1621321439743042,0.2919999957084656,0.1509000062942505
YBR181C,YMR002W,0,-2.1361146,0.16204217076301575,0.2919999957084656,0.1509999930858612
YMR284W,YCL019W,0,-2.1361363,0.16195230185985565,0.2919999957084656,0.15109999477863312
YIL101C,YDL220C,0,-2.136137,0.16186252236366272,0.2919999957084656,0.15119999647140503
YJL124C,YOL004W,0,-2.1362224,0.16177284717559814,0.2919999957084656,0.15129999816417694
YML004C,YER180C-A,0,-2.136246,0.16168327629566193,0.2919999957084656,0.15139999985694885
YFL002W-B,YDL024C,0,-2.1363592,0.16159379482269287,0.2919999957084656,0.15150000154972076
YLR324W,YPL257W-A,0,-2.1365507,0.16150441765785217,0.2919999957084656,0.15160000324249268
YHR113W,YDR352W,0,-2.1365721,0.16141514480113983,0.2919999957084656,0.1517000049352646
YLR410W-B,YHR149C,0,-2.1366463,0.16132596135139465,0.2919999957084656,0.1518000066280365
YCR031C,YOR019W,0,-2.136922,0.16123688220977783,0.2919999957084656,0.15189999341964722
YIL124W,YAL042W,1,-2.1370034,0.16169977188110352,0.2930000126361847,0.15189999341964722
YAL023C,YOL013C,1,-2.1373322,0.1621621549129486,0.2939999997615814,0.15189999341964722
YKL097W-A,YGL192W,0,-2.1375175,0.16207276284694672,0.2939999997615814,0.15199999511241913
YKL051W,YPL167C,0,-2.137647,0.16198347508907318,0.2939999997615814,0.15209999680519104
YKL140W,YBL013W,0,-2.1376884,0.1618942767381668,0.2939999997615814,0.15219999849796295
YGR161W-B,YML054C,0,-2.137699,0.1618051677942276,0.2939999997615814,0.15230000019073486
YKL199C,YCR024C-A,0,-2.138086,0.16171617805957794,0.2939999997615814,0.15240000188350677
YNL162W,YGR038C-A,0,-2.1381295,0.16162726283073425,0.2939999997615814,0.1525000035762787
YJR029W,YGR008C,0,-2.1382513,0.16153846681118011,0.2939999997615814,0.1526000052690506
YML067C,YKL008C,1,-2.1384716,0.1619988977909088,0.29499998688697815,0.1526000052690506
YBR171W,YER087C-B,1,-2.1387303,0.16245883703231812,0.29600000381469727,0.1526000052690506
YDR306C,YHR053C,0,-2.138733,0.1623697131872177,0.29600000381469727,0.1527000069618225
YPL095C,YOR250C,0,-2.1390932,0.16228070855140686,0.29600000381469727,0.15279999375343323
YCL005W-A,YOR241W,0,-2.1391306,0.16219177842140198,0.29600000381469727,0.15289999544620514
YDR235W,YER025W,0,-2.1391723,0.16210295259952545,0.29600000381469727,0.15299999713897705
YBR234C,YCL005W-A,0,-2.139271,0.16201423108577728,0.29600000381469727,0.15309999883174896
YHR135C,YGR216C,1,-2.1392713,0.1624726504087448,0.296999990940094,0.15309999883174896
YKR030W,YPL160W,0,-2.1393554,0.1623838096857071,0.296999990940094,0.15320000052452087
YJL176C,YMR164C,0,-2.139583,0.16229508817195892,0.296999990940094,0.15330000221729279
YCL019W,YOR266W,0,-2.1396108,0.16220644116401672,0.296999990940094,0.1534000039100647
YNL219C,YJL097W,1,-2.1396549,0.1626637578010559,0.2980000078678131,0.1534000039100647
YGL251C,YBR042C,0,-2.1398242,0.16257500648498535,0.2980000078678131,0.1535000056028366
YMR005W,YHR085W,0,-2.1399374,0.16248637437820435,0.2980000078678131,0.15360000729560852
YOL123W,YHR079C-A,0,-2.1401093,0.1623978167772293,0.2980000078678131,0.15369999408721924
YJL134W,YIL023C,1,-2.1403482,0.16285403072834015,0.29899999499320984,0.15369999408721924
YPL096C-A,YOR285W,1,-2.140606,0.1633097380399704,0.30000001192092896,0.15369999408721924
YOL146W,YJL063C,0,-2.140608,0.16322089731693268,0.30000001192092896,0.15379999577999115
YGR122W,YBR250W,0,-2.1407626,0.16313213109970093,0.30000001192092896,0.15389999747276306
YDR022C,YGL075C,0,-2.1413696,0.16304348409175873,0.30000001192092896,0.15399999916553497
YBL005W-A,YDR497C,0,-2.141658,0.1629549115896225,0.30000001192092896,0.15410000085830688
YAL053W,YGL065C,1,-2.1417277,0.16340933740139008,0.3009999990463257,0.15410000085830688
YER032W,YOL097C,0,-2.1418703,0.16332067549228668,0.3009999990463257,0.1542000025510788
YDR233C,YPR091C,1,-2.141942,0.16377440094947815,0.3019999861717224,0.1542000025510788
YDR261W-A,YDR101C,0,-2.142384,0.1636856347322464,0.3019999861717224,0.1543000042438507
YOL062C,YLR157C,0,-2.1425323,0.163596972823143,0.3019999861717224,0.15440000593662262
YHL003C,YDR434W,1,-2.1425357,0.16404980421066284,0.30300000309944153,0.15440000593662262
YCR020C-A,YPL113C,0,-2.1425807,0.1639610379934311,0.30300000309944153,0.15449999272823334
YIR014W,YLR024C,0,-2.142584,0.1638723611831665,0.30300000309944153,0.15459999442100525
YER003C,YJL170C,0,-2.1431844,0.16378378868103027,0.30300000309944153,0.15469999611377716
YDL081C,YPR175W,0,-2.143257,0.1636953055858612,0.30300000309944153,0.15479999780654907
YJR032W,YCL026C-B,0,-2.143492,0.1636069118976593,0.30300000309944153,0.15489999949932098
YPR144C,YOL107W,0,-2.1435425,0.16351862251758575,0.30300000309944153,0.1550000011920929
YLR157C-B,YML034W,0,-2.143698,0.16343042254447937,0.30300000309944153,0.1551000028848648
YML004C,YDR394W,0,-2.1436994,0.16334231197834015,0.30300000309944153,0.15520000457763672
YER149C,YBL018C,0,-2.1437004,0.16325430572032928,0.30300000309944153,0.15530000627040863
YNL307C,YML021C,0,-2.1439552,0.16316640377044678,0.30300000309944153,0.15539999306201935
YMR205C,YML127W,0,-2.1440117,0.16307857632637024,0.30300000309944153,0.15549999475479126
YDR117C,YPL065W,0,-2.144097,0.16299085319042206,0.30300000309944153,0.15559999644756317
YDL111C,YBR118W,0,-2.144302,0.16290321946144104,0.30300000309944153,0.15569999814033508
YOR008C,YIL105C,0,-2.1446674,0.16281569004058838,0.30300000309944153,0.155799999833107
YFR041C,YFL038C,1,-2.1449056,0.16326530277729034,0.30399999022483826,0.155799999833107
YOL103W,YMR295C,0,-2.144995,0.16317766904830933,0.30399999022483826,0.1559000015258789
YKL112W,YOR284W,0,-2.145003,0.16309012472629547,0.30399999022483826,0.15600000321865082
YGR247W,YAL026C,0,-2.1451604,0.16300268471240997,0.30399999022483826,0.15610000491142273
YGR157W,YDL122W,1,-2.1452558,0.16345123946666718,0.3050000071525574,0.15610000491142273
YDL212W,YJR117W,1,-2.1453028,0.16389930248260498,0.3059999942779541,0.15610000491142273
YHR133C,YAL042W,1,-2.145353,0.16434688866138458,0.3070000112056732,0.15610000491142273
YBR054W,YER087W,0,-2.1456497,0.1642589569091797,0.3070000112056732,0.15620000660419464
YIR041W,YER172C,0,-2.14571,0.16417112946510315,0.3070000112056732,0.15629999339580536
YNL217W,YNL101W,0,-2.1457736,0.16408337652683258,0.3070000112056732,0.15639999508857727
YLR174W,YLR307W,0,-2.1462922,0.16399572789669037,0.3070000112056732,0.15649999678134918
YBR171W,YHL028W,1,-2.146453,0.16444207727909088,0.30799999833106995,0.15649999678134918
YPL013C,YHR017W,0,-2.147051,0.1643543243408203,0.30799999833106995,0.1565999984741211
YAR014C,YFL048C,0,-2.1471136,0.1642666608095169,0.30799999833106995,0.156700000166893
YKR038C,YGL032C,0,-2.1471307,0.16417910158634186,0.30799999833106995,0.15680000185966492
YBR295W,YDR384C,0,-2.147138,0.16409163177013397,0.30799999833106995,0.15690000355243683
YGL200C,YOR085W,1,-2.1473994,0.1645367443561554,0.3089999854564667,0.15690000355243683
YDR235W,YLR014C,0,-2.1474757,0.16444917023181915,0.3089999854564667,0.15700000524520874
YGR063C,YDR065W,0,-2.1474774,0.16436170041561127,0.3089999854564667,0.15710000693798065
YHR015W,YIR009W,0,-2.1475153,0.16427432000637054,0.3089999854564667,0.15719999372959137
YLR093C,YHL004W,0,-2.1475456,0.16418702900409698,0.3089999854564667,0.15729999542236328
YAR035W,YMR273C,0,-2.1479268,0.16409984230995178,0.3089999854564667,0.1573999971151352
YJR042W,YLR134W,0,-2.1479833,0.16401274502277374,0.3089999854564667,0.1574999988079071
YDR362C,YPR036W,0,-2.1480012,0.16392572224140167,0.3089999854564667,0.15760000050067902
YNL178W,YFR045W,0,-2.148049,0.16383881866931915,0.3089999854564667,0.15770000219345093
YFL026W,YBR231C,0,-2.1482613,0.1637519896030426,0.3089999854564667,0.15780000388622284
YBR107C,YGL181W,0,-2.1488416,0.16366524994373322,0.3089999854564667,0.15790000557899475
YPR193C,YDR261C-D,0,-2.1488655,0.16357861459255219,0.3089999854564667,0.15800000727176666
YJL123C,YBR278W,0,-2.148909,0.16349206864833832,0.3089999854564667,0.15809999406337738
YGR292W,YKR087C,0,-2.1489484,0.1634056121110916,0.3089999854564667,0.1581999957561493
YNL103W,YIL172C,0,-2.1490002,0.16331924498081207,0.3089999854564667,0.1582999974489212
YOR231W,YBR090C-A,0,-2.149017,0.1632329672574997,0.3089999854564667,0.15839999914169312
YBR031W,YFR030W,0,-2.14903,0.16314677894115448,0.3089999854564667,0.15850000083446503
YBL100W-A,YER153C,0,-2.149202,0.16306068003177643,0.3089999854564667,0.15860000252723694
YOL154W,YMR143W,0,-2.1493356,0.16297468543052673,0.3089999854564667,0.15870000422000885
YPR083W,YPL088W,0,-2.1494417,0.162888765335083,0.3089999854564667,0.15880000591278076
YOL062C,YLR406C,0,-2.1496055,0.16280294954776764,0.3089999854564667,0.15889999270439148
YHR028C,YPL156C,0,-2.1498039,0.16271722316741943,0.3089999854564667,0.1589999943971634
YGL075C,YDR226W,0,-2.1500452,0.1626315861940384,0.3089999854564667,0.1590999960899353
YDR446W,YAL001C,0,-2.1501787,0.16254602372646332,0.3089999854564667,0.15919999778270721
YBR294W,YHR109W,0,-2.1503046,0.1624605655670166,0.3089999854564667,0.15929999947547913
YGL061C,YOR019W,0,-2.1503253,0.16237519681453705,0.3089999854564667,0.15940000116825104
YDL066W,YGR272C,0,-2.150806,0.16228991746902466,0.3089999854564667,0.15950000286102295
YDL056W,YIR019C,0,-2.150984,0.16220472753047943,0.3089999854564667,0.15960000455379486
YBR017C,YDR180W,0,-2.1510866,0.16211962699890137,0.3089999854564667,0.15970000624656677
YNL134C,YCL031C,0,-2.1511452,0.16203461587429047,0.3089999854564667,0.1597999930381775
YCR055C,YEL013W,0,-2.1511607,0.16194967925548553,0.3089999854564667,0.1598999947309494
YAL068C,YLR390W-A,0,-2.1511915,0.16186484694480896,0.3089999854564667,0.1599999964237213
YBR069C,YDR283C,0,-2.1512187,0.16178010404109955,0.3089999854564667,0.16009999811649323
YBR058C-A,YBR193C,0,-2.1513226,0.1616954505443573,0.3089999854564667,0.16019999980926514
YHR176W,YNL194C,1,-2.1516423,0.16213388741016388,0.3100000023841858,0.16019999980926514
YNR067C,YLR409C,0,-2.1526878,0.16204914450645447,0.3100000023841858,0.16030000150203705
YHR113W,YOR346W,0,-2.1527822,0.16196447610855103,0.3100000023841858,0.16040000319480896
YIR010W,YHR052W,0,-2.1528506,0.16187989711761475,0.3100000023841858,0.16050000488758087
YKL006C-A,YJL221C,0,-2.1529117,0.16179540753364563,0.3100000023841858,0.16060000658035278
YOR144C,YPR108W,0,-2.152961,0.16171100735664368,0.3100000023841858,0.1606999933719635
YPR173C,YOR085W,1,-2.1529858,0.16214807331562042,0.3109999895095825,0.1606999933719635
YOR178C,YLR157C-B,0,-2.1531572,0.1620635688304901,0.3109999895095825,0.1607999950647354
YJL117W,YOL031C,1,-2.1533518,0.16249999403953552,0.31200000643730164,0.1607999950647354
YML004C,YHR201C,0,-2.1535368,0.16241541504859924,0.31200000643730164,0.16089999675750732
YDR190C,YBR115C,0,-2.1536481,0.16233091056346893,0.31200000643730164,0.16099999845027924
YIL172C,YMR233W,0,-2.1537514,0.1622464954853058,0.31200000643730164,0.16110000014305115
YPR113W,YDL121C,1,-2.1539376,0.16268190741539001,0.31299999356269836,0.16110000014305115
YEL050C,YLR312C-B,0,-2.1539392,0.1625974029302597,0.31299999356269836,0.16120000183582306
YNL229C,YEL047C,0,-2.1540525,0.16251297295093536,0.31299999356269836,0.16130000352859497
YPL276W,YBR272C,0,-2.1544747,0.16242864727973938,0.31299999356269836,0.16140000522136688
YJR054W,YDR033W,0,-2.154491,0.16234439611434937,0.31299999356269836,0.1615000069141388
YDR285W,YBR182C,0,-2.154775,0.1622602343559265,0.31299999356269836,0.1615999937057495
YPR078C,YLR441C,0,-2.1552837,0.16217616200447083,0.31299999356269836,0.16169999539852142
YIL027C,YLL031C,1,-2.1558473,0.16261005401611328,0.3140000104904175,0.16169999539852142
YMR161W,YDL121C,1,-2.1559606,0.16304348409175873,0.3149999976158142,0.16169999539852142
YJL197W,YKL018W,0,-2.156245,0.16295912861824036,0.3149999976158142,0.16179999709129333
YGL023C,YOL019W,0,-2.1562512,0.16287487745285034,0.3149999976158142,0.16189999878406525
YKL209C,YPL154C,0,-2.1562812,0.1627907007932663,0.3149999976158142,0.16200000047683716
YHR046C,YIL049W,0,-2.1564312,0.16270661354064941,0.3149999976158142,0.16210000216960907
YGR165W,YPR158W-A,0,-2.156985,0.1626226156949997,0.3149999976158142,0.16220000386238098
YPR131C,YPR188C,0,-2.1570861,0.16253869235515594,0.3149999976158142,0.1623000055551529
YJR028W,YBR188C,0,-2.15742,0.16245487332344055,0.3149999976158142,0.1624000072479248
YMR260C,YOL103W-A,0,-2.1574492,0.16237112879753113,0.3149999976158142,0.16249999403953552
YBL047C,YHR079C-A,0,-2.1575887,0.16228747367858887,0.3149999976158142,0.16259999573230743
YIL078W,YDR146C,0,-2.1575913,0.16220390796661377,0.3149999976158142,0.16269999742507935
YOR204W,YGL210W-A,0,-2.1576416,0.16212043166160583,0.3149999976158142,0.16279999911785126
YJR047C,YMR073C,0,-2.1576884,0.16203702986240387,0.3149999976158142,0.16290000081062317
YPL134C,YPR141C,0,-2.157726,0.16195373237133026,0.3149999976158142,0.16300000250339508
YJL138C,YNL118C,0,-2.157896,0.16187050938606262,0.3149999976158142,0.163100004196167
YOR321W,YFR041C,1,-2.1581194,0.1623009741306305,0.3160000145435333,0.163100004196167
YMR079W,YKL126W,0,-2.1581562,0.1622176617383957,0.3160000145435333,0.1632000058889389
YDR409W,YOR330C,0,-2.1581678,0.16213442385196686,0.3160000145435333,0.16329999268054962
YOR369C,YPL274W,0,-2.1581762,0.1620512753725052,0.3160000145435333,0.16339999437332153
YDR201W,YDL040C,0,-2.158279,0.16196821630001068,0.3160000145435333,0.16349999606609344
YNL336W,YGR113W,0,-2.1583269,0.16188524663448334,0.3160000145435333,0.16359999775886536
YOR224C,YEL006W,0,-2.1583927,0.16180235147476196,0.3160000145435333,0.16369999945163727
YDR088C,YCL019W,0,-2.1584334,0.16171954572200775,0.3160000145435333,0.16380000114440918
YDR354W,YEL021W,0,-2.158444,0.1616368293762207,0.3160000145435333,0.1639000028371811
YBR019C,YMR301C,0,-2.1584663,0.16155418753623962,0.3160000145435333,0.164000004529953
YNR048W,YHL034C,0,-2.158532,0.1614716351032257,0.3160000145435333,0.16410000622272491
YOR206W,YLL050C,0,-2.1585968,0.16138917207717896,0.3160000145435333,0.16419999301433563
YPL283C,YLL056C,0,-2.1589124,0.16130678355693817,0.3160000145435333,0.16429999470710754
YBL024W,YDL052C,0,-2.1589627,0.16122448444366455,0.3160000145435333,0.16439999639987946
YHR045W,YAR031W,1,-2.1591065,0.16165222227573395,0.31700000166893005,0.16439999639987946
YOR067C,YGL051W,1,-2.1591105,0.16207951307296753,0.3179999887943268,0.16439999639987946
YDR308C,YPR006C,0,-2.1591527,0.16199694573879242,0.3179999887943268,0.16449999809265137
YDR264C,YCR029C-A,0,-2.1592252,0.16191445291042328,0.3179999887943268,0.16459999978542328
YHL035C,YJR160C,0,-2.1592586,0.1618320643901825,0.3179999887943268,0.1647000014781952
YLL004W,YIL052C,0,-2.159383,0.16174975037574768,0.3179999887943268,0.1648000031709671
YBL088C,YDL133C-A,0,-2.1594837,0.16166751086711884,0.3179999887943268,0.164900004863739
YGR188C,YHR202W,0,-2.1595855,0.16158536076545715,0.3179999887943268,0.16500000655651093
YCR036W,YJR156C,0,-2.159672,0.16150330007076263,0.3179999887943268,0.16509999334812164
YBR019C,YBR119W,0,-2.1598032,0.16142131388187408,0.3179999887943268,0.16519999504089355
YGR272C,YMR273C,0,-2.1598496,0.1613394170999527,0.3179999887943268,0.16529999673366547
YER100W,YJL097W,1,-2.1599767,0.1617647111415863,0.3190000057220459,0.16529999673366547
YHR164C,YHR057C,0,-2.1602373,0.16168271005153656,0.3190000057220459,0.16539999842643738
YHR094C,YDR016C,0,-2.1602995,0.16160081326961517,0.3190000057220459,0.1655000001192093
YDR181C,YMR184W,0,-2.1607068,0.16151899099349976,0.3190000057220459,0.1656000018119812
YNR002C,YJR048W,0,-2.1607149,0.1614372432231903,0.3190000057220459,0.1657000035047531
YOR148C,YMR117C,0,-2.1610518,0.16135558485984802,0.3190000057220459,0.16580000519752502
YOR273C,YPL178W,0,-2.1613295,0.1612740159034729,0.3190000057220459,0.16590000689029694
YKL165C,YNL219C,1,-2.161506,0.16169781982898712,0.3199999928474426,0.16590000689029694
YMR292W,YER051W,0,-2.1615722,0.16161616146564484,0.3199999928474426,0.16599999368190765
YHR045W,YGL065C,1,-2.162091,0.1620393693447113,0.32100000977516174,0.16599999368190765
YJL021C,YDR497C,0,-2.162367,0.16195762157440186,0.32100000977516174,0.16609999537467957
YOR175C,YHR123W,1,-2.1623871,0.16238023340702057,0.32199999690055847,0.16609999537467957
YBL098W,YJL059W,0,-2.1626775,0.16229838132858276,0.32199999690055847,0.16619999706745148
YBR012W-A,YBR112C,0,-2.1626813,0.16221661865711212,0.32199999690055847,0.1662999987602234
YGL076C,YGR122W,0,-2.1626976,0.16213494539260864,0.32199999690055847,0.1664000004529953
YOR188W,YHR074W,0,-2.162995,0.16205334663391113,0.32199999690055847,0.1665000021457672
YLR148W,YNR035C,0,-2.1632402,0.1619718372821808,0.32199999690055847,0.16660000383853912
YGL078C,YGL216W,0,-2.1635025,0.1618904024362564,0.32199999690055847,0.16670000553131104
YDR310C,YER109C,0,-2.1635196,0.161809042096138,0.32199999690055847,0.16680000722408295
YDR293C,YLL016W,0,-2.1635215,0.16172777116298676,0.32199999690055847,0.16689999401569366
YDL121C,YLR064W,1,-2.1635983,0.1621485948562622,0.3230000138282776,0.16689999401569366
YLR051C,YGR109W-B,0,-2.1640174,0.1620672345161438,0.3230000138282776,0.16699999570846558
YHR060W,YER087C-A,1,-2.164086,0.1624874621629715,0.3240000009536743,0.16699999570846558
YLR340W,YML112W,0,-2.1644256,0.16240601241588593,0.3240000009536743,0.1670999974012375
YLL013C,YKR099C-A,0,-2.1644883,0.16232465207576752,0.3240000009536743,0.1671999990940094
YIL168W,YIL067C,0,-2.1647642,0.16224336624145508,0.3240000009536743,0.1673000007867813
YOR377W,YOR106W,0,-2.1648705,0.1621621549129486,0.3240000009536743,0.16740000247955322
YHR001W,YER093C,0,-2.1649384,0.1620810478925705,0.3240000009536743,0.16750000417232513
YHR114W,YJR095W,0,-2.1649444,0.16200000047683716,0.3240000009536743,0.16760000586509705
YDR055W,YKL206C,0,-2.165117,0.16191904246807098,0.3240000009536743,0.16769999265670776
YBR090C-A,YMR314W,0,-2.1656663,0.16183815896511078,0.3240000009536743,0.16779999434947968
YGR283C,YBR093C,0,-2.1664126,0.16175736486911774,0.3240000009536743,0.1678999960422516
YJR042W,YFL009W,0,-2.166573,0.16167664527893066,0.3240000009536743,0.1679999977350235
YOR110W,YLR391W-A,0,-2.1670244,0.16159601509571075,0.3240000009536743,0.1680999994277954
YOR132W,YPR198W,0,-2.1675358,0.16151545941829681,0.3240000009536743,0.16820000112056732
YFR050C,YNL090W,0,-2.1676784,0.16143497824668884,0.3240000009536743,0.16830000281333923
YER083C,YDL193W,1,-2.1677892,0.16185258328914642,0.32499998807907104,0.16830000281333923
YDR402C,YNL097C,0,-2.1677997,0.16177202761173248,0.32499998807907104,0.16840000450611115
YOR065W,YDR227W,0,-2.1678755,0.1616915464401245,0.32499998807907104,0.16850000619888306
YDR174W,YML131W,0,-2.168014,0.1616111397743225,0.32499998807907104,0.16859999299049377
YLR195C,YBR253W,0,-2.1682842,0.16153082251548767,0.32499998807907104,0.16869999468326569
YNL046W,YDR519W,1,-2.1683114,0.1619473397731781,0.32600000500679016,0.16869999468326569
YPL150W,YIL064W,0,-2.16835,0.1618669331073761,0.32600000500679016,0.1687999963760376
YGR047C,YDL134C,0,-2.168376,0.16178660094738007,0.32600000500679016,0.1688999980688095
YOR357C,YLR216C,0,-2.1684911,0.16170634329319,0.32600000500679016,0.16899999976158142
YKL149C,YOL053C-A,0,-2.1685166,0.1616261750459671,0.32600000500679016,0.16910000145435333
YMR166C,YER090W,0,-2.1686137,0.16154608130455017,0.32600000500679016,0.16920000314712524
YNL194C,YPR063C,1,-2.1686249,0.1619613617658615,0.3269999921321869,0.16920000314712524
YGL009C,YPL237W,0,-2.1690342,0.1618811935186386,0.3269999921321869,0.16930000483989716
YIL017W,YIR028W,0,-2.1690753,0.16180108487606049,0.3269999921321869,0.16940000653266907
YKR088C,YLR414C,0,-2.169286,0.16172106564044952,0.3269999921321869,0.16949999332427979
YOR078W,YPL225W,0,-2.1693466,0.16164112091064453,0.3269999921321869,0.1695999950170517
YFR044C,YDR400W,0,-2.16938,0.1615612655878067,0.3269999921321869,0.1696999967098236
YPR199C,YDL226C,0,-2.1698902,0.16148148477077484,0.3269999921321869,0.16979999840259552
YKL006W,YDR109C,0,-2.1699226,0.16140177845954895,0.3269999921321869,0.16990000009536743
YNL134C,YML112W,0,-2.1700861,0.16132214665412903,0.3269999921321869,0.17000000178813934
YCR048W,YGR216C,1,-2.1707478,0.16173569858074188,0.328000009059906,0.17000000178813934
YDR211W,YGR120C,0,-2.1707509,0.161655992269516,0.328000009059906,0.17010000348091125
YDR367W,YML107C,0,-2.170768,0.16157636046409607,0.328000009059906,0.17020000517368317
YGR042W,YCL039W,0,-2.170946,0.16149680316448212,0.328000009059906,0.17030000686645508
YHR135C,YDL072C,1,-2.1711147,0.16190944612026215,0.32899999618530273,0.17030000686645508
YKL195W,YNL188W,0,-2.1713512,0.16182981431484222,0.32899999618530273,0.1703999936580658
YDR285W,YLR314C,0,-2.1717012,0.16175024211406708,0.32899999618530273,0.1704999953508377
YMR135C,YOL147C,0,-2.171816,0.1616707593202591,0.32899999618530273,0.17059999704360962
YOL142W,YPR194C,0,-2.1722767,0.16159135103225708,0.32899999618530273,0.17069999873638153
YAR035W,YML131W,0,-2.1723275,0.16151203215122223,0.32899999618530273,0.17080000042915344
YNL241C,YOR141C,0,-2.1723497,0.16143277287483215,0.32899999618530273,0.17090000212192535
YOR231W,YGR261C,0,-2.1726687,0.16135360300540924,0.32899999618530273,0.17100000381469727
YCR055C,YKL074C,0,-2.1729958,0.1612745076417923,0.32899999618530273,0.17110000550746918
YDL015C,YLR440C,1,-2.1730142,0.16168545186519623,0.33000001311302185,0.17110000550746918
YJL143W,YHR214C-B,0,-2.1730347,0.16160626709461212,0.33000001311302185,0.1712000072002411
YBL074C,YGR230W,0,-2.173178,0.16152717173099518,0.33000001311302185,0.1712999939918518
YDR322C-A,YER021W,0,-2.1731937,0.161448135972023,0.33000001311302185,0.17139999568462372
YKR001C,YBL030C,0,-2.1731944,0.161369189620018,0.33000001311302185,0.17149999737739563
YCR024C,YMR133W,0,-2.1732569,0.16129031777381897,0.33000001311302185,0.17159999907016754
YDR103W,YIL133C,0,-2.1734426,0.1612115353345871,0.33000001311302185,0.17170000076293945
YDL135C,YDR039C,0,-2.1736262,0.1611328125,0.33000001311302185,0.17180000245571136
YOR070C,YPL248C,0,-2.1741898,0.16105417907238007,0.33000001311302185,0.17190000414848328
YLR438C-A,YOL117W,0,-2.174214,0.1609756052494049,0.33000001311302185,0.1720000058412552
YOR330C,YDR545W,0,-2.1742754,0.1608971208333969,0.33000001311302185,0.1720999926328659
YMR001C,YBR115C,0,-2.1744463,0.16081871092319489,0.33000001311302185,0.17219999432563782
YMR287C,YOL019W,0,-2.1747549,0.16074037551879883,0.33000001311302185,0.17229999601840973
YER022W,YGR204W,0,-2.17537,0.16066212952136993,0.33000001311302185,0.17239999771118164
YIL119C,YCL059C,0,-2.1757317,0.16058394312858582,0.33000001311302185,0.17249999940395355
YDL015C,YBR159W,1,-2.1762025,0.16099222004413605,0.3310000002384186,0.17249999940395355
YPR004C,YNL268W,0,-2.1763577,0.16091395914554596,0.3310000002384186,0.17260000109672546
YIL041W,YIL066C,0,-2.1764305,0.16083575785160065,0.3310000002384186,0.17270000278949738
YNL231C,YOL020W,0,-2.176669,0.1607576459646225,0.3310000002384186,0.1728000044822693
YDR284C,YDL116W,0,-2.1770785,0.16067960858345032,0.3310000002384186,0.1729000061750412
YLR301W,YER004W,1,-2.1771593,0.16108685731887817,0.3319999873638153,0.1729000061750412
YNR052C,YCR097WB,0,-2.1771944,0.16100873053073883,0.3319999873638153,0.17299999296665192
YML052W,YLR447C,0,-2.1778014,0.16093067824840546,0.3319999873638153,0.17309999465942383
YNR031C,YNL054W,0,-2.177823,0.16085271537303925,0.3319999873638153,0.17319999635219574
YKR086W,YIL029C,0,-2.1778877,0.1607748121023178,0.3319999873638153,0.17329999804496765
YBR155W,YFL035C-A,0,-2.1779742,0.16069699823856354,0.3319999873638153,0.17339999973773956
YPR167C,YLR221C,0,-2.178379,0.16061925888061523,0.3319999873638153,0.17350000143051147
YAR019C,YER014C-A,0,-2.1787553,0.1605415791273117,0.3319999873638153,0.1736000031232834
YDR308C,YDR420W,0,-2.1790535,0.16046398878097534,0.3319999873638153,0.1737000048160553
YDR076W,YGL127C,0,-2.1791193,0.16038647294044495,0.3319999873638153,0.1738000065088272
YPR029C,YGR056W,0,-2.1792622,0.16030903160572052,0.3319999873638153,0.17389999330043793
YNL262W,YIL153W,0,-2.1794314,0.16023166477680206,0.3319999873638153,0.17399999499320984
YGL063W,YOL113W,0,-2.1794765,0.16015437245368958,0.3319999873638153,0.17409999668598175
YCR029C-A,YPL262W,0,-2.179643,0.16007713973522186,0.3319999873638153,0.17419999837875366
YDR186C,YAL001C,0,-2.1796954,0.1599999964237213,0.3319999873638153,0.17430000007152557
YGR157W,YBR273C,1,-2.1798406,0.16040462255477905,0.3330000042915344,0.17430000007152557
YJR092W,YDR101C,0,-2.1800385,0.16032738983631134,0.3330000042915344,0.17440000176429749
YLR435W,YLR300W,0,-2.1800513,0.1602502465248108,0.3330000042915344,0.1745000034570694
YBR234C,YDR117C,0,-2.1800911,0.16017316281795502,0.3330000042915344,0.1746000051498413
YDR037W,YGL112C,0,-2.1801782,0.1600961536169052,0.3330000042915344,0.17470000684261322
YFL062W,YOR096W,0,-2.1803758,0.16001921892166138,0.3330000042915344,0.17479999363422394
YLL031C,YEL001C,1,-2.180414,0.1604226678609848,0.33399999141693115,0.17479999363422394
YAL020C,YMR073C,0,-2.1804824,0.160345658659935,0.33399999141693115,0.17489999532699585
YBL091C,YHR021C,0,-2.1811867,0.16026870906352997,0.33399999141693115,0.17499999701976776
YMR153W,YCR105W,0,-2.181286,0.1601918488740921,0.33399999141693115,0.17509999871253967
YDR324C,YJL044C,0,-2.1814091,0.160115048289299,0.33399999141693115,0.17520000040531158
YGL113W,YPR124W,0,-2.181432,0.16003833711147308,0.33399999141693115,0.1753000020980835
YDR316W,YLR182W,0,-2.1814458,0.15996168553829193,0.33399999141693115,0.1754000037908554
YLR011W,YDR225W,0,-2.1816368,0.15988510847091675,0.33399999141693115,0.17550000548362732
YPR204W,YIL098C,0,-2.181684,0.15980860590934753,0.33399999141693115,0.17560000717639923
YCL003W,YIL117C,0,-2.181842,0.15973219275474548,0.33399999141693115,0.17569999396800995
YKL158W,YOL142W,0,-2.1818879,0.15965582430362701,0.33399999141693115,0.17579999566078186
YAL033W,YOR081C,0,-2.1820872,0.1595795452594757,0.33399999141693115,0.17589999735355377
YGR070W,YFL035C-B,0,-2.182209,0.15950334072113037,0.33399999141693115,0.17599999904632568
YIL076W,YMR226C,0,-2.182422,0.159427210688591,0.33399999141693115,0.1761000007390976
YDR040C,YDR532C,0,-2.1824687,0.1593511402606964,0.33399999141693115,0.1762000024318695
YLL017W,YPL269W,0,-2.1825001,0.15927515923976898,0.33399999141693115,0.17630000412464142
YGR254W,YKR101W,0,-2.182593,0.15919923782348633,0.33399999141693115,0.17640000581741333
YJL065C,YHL013C,0,-2.1832826,0.15912339091300964,0.33399999141693115,0.17649999260902405
YBL010C,YJR153W,0,-2.1832907,0.15904761850833893,0.33399999141693115,0.17659999430179596
YDR233C,YPL175W,1,-2.183335,0.15944787859916687,0.33500000834465027,0.17659999430179596
YMR283C,YJR029W,0,-2.1833603,0.15937203168869019,0.33500000834465027,0.17669999599456787
YLR147C,YDR076W,0,-2.1833665,0.15929624438285828,0.33500000834465027,0.17679999768733978
YNL305C,YNL039W,0,-2.1835449,0.15922053158283234,0.33500000834465027,0.1768999993801117
YDR101C,YDR082W,0,-2.1839345,0.15914489328861237,0.33500000834465027,0.1770000010728836
YJL085W,YDL003W,0,-2.184001,0.15906932950019836,0.33500000834465027,0.17710000276565552
YGR060W,YLR050C,1,-2.1840248,0.15946844220161438,0.335999995470047,0.17710000276565552
YNL162W,YDR356W,0,-2.184055,0.15939278900623322,0.335999995470047,0.17720000445842743
YOR380W,YKL097W-A,0,-2.1840744,0.15931721031665802,0.335999995470047,0.17730000615119934
YKL220C,YJL035C,0,-2.1841815,0.1592417061328888,0.335999995470047,0.17739999294281006
YGL198W,YBL036C,0,-2.1842024,0.15916627645492554,0.335999995470047,0.17749999463558197
YBR193C,YGL157W,0,-2.1843479,0.15909090638160706,0.335999995470047,0.17759999632835388
YPL010W,YDR097C,0,-2.1844285,0.15901561081409454,0.335999995470047,0.1776999980211258
YCR063W,YNL115C,0,-2.1846278,0.1589404046535492,0.335999995470047,0.1777999997138977
YPL218W,YIL135C,0,-2.184895,0.15886524319648743,0.335999995470047,0.17790000140666962
YDL212W,YMR022W,1,-2.1849082,0.1592627614736557,0.3370000123977661,0.17790000140666962
YAL038W,YKR099C-A,0,-2.1849897,0.15918752551078796,0.3370000123977661,0.17800000309944153
YBR048W,YOR087W,0,-2.1850142,0.1591123640537262,0.3370000123977661,0.17810000479221344
YCL005W-A,YGR055W,0,-2.185033,0.1590372771024704,0.3370000123977661,0.17820000648498535
YJR028W,YJL154C,0,-2.1851716,0.15896226465702057,0.3370000123977661,0.17829999327659607
YPR131C,YMR166C,0,-2.185256,0.15888731181621552,0.3370000123977661,0.17839999496936798
YDR059C,YBR012W-A,0,-2.185299,0.15881244838237762,0.3370000123977661,0.1784999966621399
YOL112W,YLR457C,0,-2.1853755,0.15873762965202332,0.3370000123977661,0.1785999983549118
YNR035C,YDR162C,0,-2.1855328,0.15866290032863617,0.3370000123977661,0.17870000004768372
YOR147W,YOL158C,0,-2.185721,0.1585882306098938,0.3370000123977661,0.17880000174045563
YIL088C,YPL244C,0,-2.1857245,0.1585136353969574,0.3370000123977661,0.17890000343322754
YER019W,YNL194C,1,-2.1859972,0.15890926122665405,0.33799999952316284,0.17890000343322754
YPL276W,YAL021C,0,-2.1860821,0.15883459150791168,0.33799999952316284,0.17900000512599945
YGL161C,YNL178W,0,-2.1861627,0.1587599813938141,0.33799999952316284,0.17910000681877136
YML033W,YPL110C,0,-2.1862042,0.15868544578552246,0.33799999952316284,0.17919999361038208
YLR080W,YGL212W,0,-2.1862543,0.1586109846830368,0.33799999952316284,0.179299995303154
YEL069C,YBR236C,0,-2.186276,0.15853658318519592,0.33799999952316284,0.1793999969959259
YPL021W,YFR049W,0,-2.186344,0.158462256193161,0.33799999952316284,0.17949999868869781
YJL114W,YLR272C,0,-2.1865654,0.15838800370693207,0.33799999952316284,0.17960000038146973
YLR183C,YGR252W,0,-2.1866117,0.1583138108253479,0.33799999952316284,0.17970000207424164
YLR068W,YLR307W,0,-2.1866362,0.1582397073507309,0.33799999952316284,0.17980000376701355
YOR144C,YLR287C-A,0,-2.1867428,0.15816564857959747,0.33799999952316284,0.17990000545978546
YGR012W,YDR312W,0,-2.1869485,0.1580916792154312,0.33799999952316284,0.18000000715255737
YOR172W,YER116C,0,-2.1871197,0.15801776945590973,0.33799999952316284,0.1800999939441681
YOL097C,YDR459C,0,-2.1871717,0.15794391930103302,0.33799999952316284,0.18019999563694
YHR211W,YPR143W,0,-2.1871862,0.15787015855312347,0.33799999952316284,0.18029999732971191
YMR302C,YIL091C,0,-2.1872048,0.1577964574098587,0.33799999952316284,0.18039999902248383
YDR285W,YBR090C-A,0,-2.1873205,0.1577228158712387,0.33799999952316284,0.18050000071525574
YDR322C-A,YLL010C,0,-2.187324,0.15764924883842468,0.33799999952316284,0.18060000240802765
YNL127W,YDR446W,0,-2.1873655,0.15757575631141663,0.33799999952316284,0.18070000410079956
YJL154C,YGR129W,0,-2.1875317,0.15750232338905334,0.33799999952316284,0.18080000579357147
YML094W,YLR455W,0,-2.187669,0.15742896497249603,0.33799999952316284,0.1808999925851822
YPR031W,YLR325C,0,-2.1879883,0.1573556810617447,0.33799999952316284,0.1809999942779541
YHR079C-A,YBR085W,0,-2.1880186,0.15728245675563812,0.33799999952316284,0.181099995970726
YDL022W,YGL203C,0,-2.188399,0.15720930695533752,0.33799999952316284,0.18119999766349792
YAL035W,YMR220W,0,-2.1884487,0.1571362167596817,0.33799999952316284,0.18129999935626984
YGR276C,YOR304W,0,-2.1885705,0.15706320106983185,0.33799999952316284,0.18140000104904175
YIL064W,YNL063W,0,-2.188915,0.15699024498462677,0.33799999952316284,0.18150000274181366
YDR306C,YEL077C,0,-2.1889439,0.15691736340522766,0.33799999952316284,0.18160000443458557
YJR044C,YDR517W,0,-2.1890028,0.15684454143047333,0.33799999952316284,0.18170000612735748
YFL038C,YNL146W,1,-2.1890953,0.15723562240600586,0.33899998664855957,0.18170000612735748
YNL175C,YMR226C,0,-2.1891198,0.15716272592544556,0.33899998664855957,0.1817999929189682
YGR070W,YGR147C,0,-2.1892922,0.15708990395069122,0.33899998664855957,0.1818999946117401
YJL098W,YDR414C,0,-2.18945,0.15701714158058167,0.33899998664855957,0.18199999630451202
YDL190C,YER020W,0,-2.18959,0.15694443881511688,0.33899998664855957,0.18209999799728394
YPL239W,YML085C,0,-2.1898181,0.15687182545661926,0.33899998664855957,0.18219999969005585
YLR155C,YBR171W,1,-2.1898506,0.15726178884506226,0.3400000035762787,0.18219999969005585
YDR135C,YER183C,0,-2.190015,0.15718908607959747,0.3400000035762787,0.18230000138282776
YER120W,YNL258C,1,-2.1901143,0.15757855772972107,0.3409999907016754,0.18230000138282776
YFR016C,YGR008C,0,-2.1901248,0.15750578045845032,0.3409999907016754,0.18240000307559967
YPL220W,YML123C,0,-2.1903846,0.15743306279182434,0.3409999907016754,0.18250000476837158
YDR227W,YPL154C,0,-2.1905477,0.15736040472984314,0.3409999907016754,0.1826000064611435
YKR001C,YDR130C,0,-2.1906564,0.1572878211736679,0.3409999907016754,0.1826999932527542
YNR026C,YPL076W,1,-2.190923,0.1576763540506363,0.34200000762939453,0.1826999932527542
YGL161C,YNL287W,0,-2.1909835,0.1576036810874939,0.34200000762939453,0.18279999494552612
YDR176W,YNL233W,0,-2.1911087,0.15753109753131866,0.34200000762939453,0.18289999663829803
YDL170W,YBL106C,0,-2.1911337,0.15745855867862701,0.34200000762939453,0.18299999833106995
YNL046W,YDR410C,1,-2.191238,0.15784630179405212,0.34299999475479126,0.18299999833106995
YHR028C,YER078C,0,-2.1914327,0.1577736884355545,0.34299999475479126,0.18310000002384186
YLR308W,YMR204C,0,-2.1914961,0.15770114958286285,0.34299999475479126,0.18320000171661377
YDR056C,YDR519W,1,-2.1919546,0.15808823704719543,0.3440000116825104,0.18320000171661377
YIL034C,YER072W,0,-2.1919718,0.15801562368869781,0.3440000116825104,0.18330000340938568
YLR170C,YCR031C,0,-2.1919882,0.15794306993484497,0.3440000116825104,0.1834000051021576
YGL030W,YKL185W,0,-2.1920066,0.1578705757856369,0.3440000116825104,0.1835000067949295
YJL065C,YCR063W,0,-2.1921008,0.157798171043396,0.3440000116825104,0.18359999358654022
YDR410C,YJR088C,1,-2.1926012,0.15818431973457336,0.3449999988079071,0.18359999358654022
YHR163W,YPR148C,0,-2.192727,0.1581118255853653,0.3449999988079071,0.18369999527931213
YMR089C,YDL101C,0,-2.192837,0.158039391040802,0.3449999988079071,0.18379999697208405
YGL017W,YOL042W,0,-2.1929348,0.15796703100204468,0.3449999988079071,0.18389999866485596
YJL189W,YPR174C,0,-2.1930995,0.15789473056793213,0.3449999988079071,0.18400000035762787
YLR119W,YPR166C,0,-2.193117,0.15782250463962555,0.3449999988079071,0.18410000205039978
YDR303C,YOR017W,0,-2.19328,0.15775033831596375,0.3449999988079071,0.1842000037431717
YBR090C-A,YCR042C,0,-2.1933582,0.1576782464981079,0.3449999988079071,0.1843000054359436
YGL084C,YLR301W,1,-2.1934621,0.15806303918361664,0.34599998593330383,0.1843000054359436
YDR041W,YMR215W,0,-2.1935909,0.15799087285995483,0.34599998593330383,0.18440000712871552
YMR190C,YMR306W,0,-2.193683,0.1579187512397766,0.34599998593330383,0.18449999392032623
YDR205W,YOL031C,1,-2.1939335,0.1583029180765152,0.34700000286102295,0.18449999392032623
YGL211W,YJL021C,0,-2.194031,0.1582307368516922,0.34700000286102295,0.18459999561309814
YJR015W,YHR101C,1,-2.1941512,0.1586143970489502,0.3479999899864197,0.18459999561309814
YMR001C,YNR013C,0,-2.194164,0.15854214131832123,0.3479999899864197,0.18469999730587006
YDR411C,YPL094C,1,-2.1942837,0.15892532467842102,0.3490000069141388,0.18469999730587006
YGL038C,YGL100W,0,-2.1943789,0.1588529795408249,0.3490000069141388,0.18479999899864197
YER091C,YLR166C,0,-2.194574,0.15878070890903473,0.3490000069141388,0.18490000069141388
YGR060W,YOR085W,1,-2.1948128,0.15916325151920319,0.3499999940395355,0.18490000069141388
YNL194C,YLR023C,1,-2.195484,0.15954545140266418,0.35100001096725464,0.18490000069141388
YMR005W,YKL158W,0,-2.1957676,0.1594729721546173,0.35100001096725464,0.1850000023841858
YDR421W,YJL012C-A,0,-2.1958725,0.15940053761005402,0.35100001096725464,0.1851000040769577
YDR402C,YGL167C,0,-2.196151,0.15932819247245789,0.35100001096725464,0.18520000576972961
YOR198C,YER003C,0,-2.1961646,0.15925589203834534,0.35100001096725464,0.18529999256134033
YEL009C,YOR117W,0,-2.196259,0.15918366611003876,0.35100001096725464,0.18539999425411224
YCR017C,YOR099W,0,-2.1964767,0.15911151468753815,0.35100001096725464,0.18549999594688416
YGL020C,YOR067C,1,-2.1966069,0.15949252247810364,0.35199999809265137,0.18549999594688416
YER111C,YKL101W,0,-2.1966426,0.15942029654979706,0.35199999809265137,0.18559999763965607
YOL070C,YAL033W,0,-2.1968,0.15934811532497406,0.35199999809265137,0.18569999933242798
YGR267C,YKL013C,0,-2.1972308,0.15927602350711823,0.35199999809265137,0.1858000010251999
YLR213C,YKR037C,0,-2.1972692,0.15920397639274597,0.35199999809265137,0.1859000027179718
YGL038C,YBL045C,0,-2.1977568,0.1591320037841797,0.35199999809265137,0.1860000044107437
YDR184C,YER029C,0,-2.1980178,0.15906010568141937,0.35199999809265137,0.18610000610351562
YBR031W,YLL056C,0,-2.198046,0.15898825228214264,0.35199999809265137,0.18619999289512634
YJL024C,YCR097W,0,-2.1982431,0.15891647338867188,0.35199999809265137,0.18629999458789825
YNL046W,YNL080C,1,-2.1982872,0.15929603576660156,0.3529999852180481,0.18629999458789825
YDL143W,YOR231W,0,-2.1983268,0.15922418236732483,0.3529999852180481,0.18639999628067017
YHR172W,YDR055W,0,-2.198345,0.15915238857269287,0.3529999852180481,0.18649999797344208
YEL057C,YPR108W,0,-2.1984224,0.15908066928386688,0.3529999852180481,0.186599999666214
YNL148C,YMR323W,0,-2.1985059,0.15900900959968567,0.3529999852180481,0.1867000013589859
YGL256W,YLR129W,0,-2.1986902,0.15893740952014923,0.3529999852180481,0.1868000030517578
YJR118C,YER019W,1,-2.1988065,0.15931592881679535,0.3540000021457672,0.1868000030517578
YOL069W,YKR094C,0,-2.19886,0.15924426913261414,0.3540000021457672,0.18690000474452972
YDR264C,YNL135C,0,-2.199046,0.1591726690530777,0.3540000021457672,0.18700000643730164
YPR106W,YDR192C,0,-2.1990538,0.15910112857818604,0.3540000021457672,0.18709999322891235
YOL146W,YKL120W,0,-2.1993983,0.15902964770793915,0.3540000021457672,0.18719999492168427
YOL052C-A,YOR384W,0,-2.1994421,0.15895824134349823,0.3540000021457672,0.18729999661445618
YMR153W,YKL199C,0,-2.199453,0.1588868945837021,0.3540000021457672,0.1873999983072281
YDR532C,YLL016W,0,-2.1994853,0.15881560742855072,0.3540000021457672,0.1875
YJR112W,YDL213C,0,-2.1995244,0.15874439477920532,0.3540000021457672,0.1876000016927719
YER106W,YKR099W,0,-2.1998217,0.1586732417345047,0.3540000021457672,0.18770000338554382
YHR072W,YJL192C,1,-2.1999214,0.15905018150806427,0.35499998927116394,0.18770000338554382
YBL088C,YOR284W,0,-2.1999352,0.15897895395755768,0.35499998927116394,0.18780000507831573
YDR284C,YOL027C,0,-2.2001402,0.15890778601169586,0.35499998927116394,0.18790000677108765
YIL072W,YDL211C,0,-2.200275,0.15883669257164001,0.35499998927116394,0.18799999356269836
YOL007C,YGL229C,0,-2.2003634,0.15876565873622894,0.35499998927116394,0.18809999525547028
YLR010C,YOR035C,0,-2.2004306,0.15869468450546265,0.35499998927116394,0.1881999969482422
YGL206C,YLL002W,0,-2.2007444,0.15862376987934113,0.35499998927116394,0.1882999986410141
YJL004C,YDR180W,0,-2.2008946,0.15855292975902557,0.35499998927116394,0.188400000333786
YPL177C,YDR446W,0,-2.2009447,0.1584821492433548,0.35499998927116394,0.18850000202655792
YNR061C,YIL047C,0,-2.200989,0.1584114283323288,0.35499998927116394,0.18860000371932983
YLR214W,YGL039W,0,-2.201004,0.15834076702594757,0.35499998927116394,0.18870000541210175
YGL033W,YKL171W,0,-2.2011554,0.15827018022537231,0.35499998927116394,0.18880000710487366
YOR288C,YLR391W,0,-2.201211,0.15819963812828064,0.35499998927116394,0.18889999389648438
YLR377C,YBR090C-A,0,-2.2014189,0.15812917053699493,0.35499998927116394,0.1889999955892563
YOR079C,YLR034C,0,-2.201497,0.1580587774515152,0.35499998927116394,0.1890999972820282
YJR118C,YDR196C,1,-2.2015169,0.1584334671497345,0.35600000619888306,0.1890999972820282
YJL214W,YOL107W,0,-2.2017143,0.1583629846572876,0.35600000619888306,0.1891999989748001
YPL066W,YOL154W,0,-2.201738,0.15829257667064667,0.35600000619888306,0.18930000066757202
YDL046W,YOR099W,0,-2.2017875,0.1582222282886505,0.35600000619888306,0.18940000236034393
YBR256C,YJR099W,0,-2.2018883,0.15815193951129913,0.35600000619888306,0.18950000405311584
YEL062W,YDR135C,0,-2.20208,0.15808171033859253,0.35600000619888306,0.18960000574588776
YJL048C,YOR083W,0,-2.2023363,0.1580115407705307,0.35600000619888306,0.18970000743865967
YKL022C,YGL172W,0,-2.2024407,0.15794143080711365,0.35600000619888306,0.18979999423027039
YIL027C,YMR202W,1,-2.2025578,0.15831485390663147,0.3569999933242798,0.18979999423027039
YKL013C,YKL043W,0,-2.2025816,0.15824468433856964,0.3569999933242798,0.1898999959230423
YJR118C,YER044C,1,-2.2028105,0.15861763060092926,0.3580000102519989,0.1898999959230423
YOR285W,YNL280C,1,-2.20284,0.1589902639389038,0.35899999737739563,0.1898999959230423
YML091C,YOR084W,0,-2.2028408,0.15891987085342407,0.35899999737739563,0.1899999976158142
YEL042W,YMR073C,0,-2.2029302,0.1588495522737503,0.35899999737739563,0.19009999930858612
YML080W,YOR180C,0,-2.2029712,0.1587793081998825,0.35899999737739563,0.19020000100135803
YCR029C-A,YOR156C,0,-2.2029765,0.1587091088294983,0.35899999737739563,0.19030000269412994
YCR029C-A,YPR094W,0,-2.2031128,0.15863896906375885,0.35899999737739563,0.19040000438690186
YLR256W,YMR301C,0,-2.2034147,0.15856890380382538,0.35899999737739563,0.19050000607967377
YOL044W,YPL170W,0,-2.2039645,0.15849889814853668,0.35899999737739563,0.19059999287128448
YGR288W,YMR042W,0,-2.2041008,0.15842895209789276,0.35899999737739563,0.1906999945640564
YER007W,YLR263W,0,-2.2042935,0.15835906565189362,0.35899999737739563,0.1907999962568283
YOR030W,YOL127W,0,-2.204497,0.15828923881053925,0.35899999737739563,0.19089999794960022
YGR080W,YLL066C,0,-2.204739,0.15821948647499084,0.35899999737739563,0.19099999964237213
YBR136W,YNL275W,0,-2.2047868,0.15814977884292603,0.35899999737739563,0.19110000133514404
YIR017C,YLR385C,0,-2.2048697,0.15808014571666718,0.35899999737739563,0.19120000302791595
YKL048C,YNR027W,0,-2.205269,0.1580105572938919,0.35899999737739563,0.19130000472068787
YDR174W,YMR163C,0,-2.2054343,0.1579410433769226,0.35899999737739563,0.19140000641345978
YHR135C,YHL003C,1,-2.205677,0.15831135213375092,0.36000001430511475,0.19140000641345978
YGL170C,YER173W,0,-2.2057467,0.15824176371097565,0.36000001430511475,0.1914999932050705
YCL005W-A,YLL036C,0,-2.206239,0.15817223489284515,0.36000001430511475,0.1915999948978424
YJR151C,YDR464W,0,-2.2065418,0.15810276567935944,0.36000001430511475,0.19169999659061432
YKL082C,YLR239C,0,-2.2065837,0.1580333560705185,0.36000001430511475,0.19179999828338623
YKL145W,YOR253W,0,-2.2068167,0.15796402096748352,0.36000001430511475,0.19189999997615814
YHR211W,YDR280W,0,-2.2068627,0.15789473056793213,0.36000001430511475,0.19200000166893005
YJL114W,YBR112C,0,-2.2068796,0.1578255146741867,0.36000001430511475,0.19210000336170197
YKR080W,YFL026W,0,-2.2069888,0.15775635838508606,0.36000001430511475,0.19220000505447388
YLR380W,YLR019W,0,-2.207307,0.157687246799469,0.36000001430511475,0.1923000067472458
YLR224W,YLR109W,0,-2.2075417,0.1576182097196579,0.36000001430511475,0.1923999935388565
YAL022C,YML010W,0,-2.207985,0.15754923224449158,0.36000001430511475,0.19249999523162842
YGL222C,YBR223C,0,-2.2080464,0.15748031437397003,0.36000001430511475,0.19259999692440033
YHR047C,YOR106W,0,-2.208183,0.15741145610809326,0.36000001430511475,0.19269999861717224
YGR034W,YDL231C,0,-2.2085555,0.15734265744686127,0.36000001430511475,0.19280000030994415
YGL252C,YOR323C,0,-2.2086403,0.15727391839027405,0.36000001430511475,0.19290000200271606
YDR272W,YML037C,0,-2.2089741,0.1572052389383316,0.36000001430511475,0.19300000369548798
YML082W,YDL067C,0,-2.208975,0.15713661909103394,0.36000001430511475,0.1931000053882599
YKR013W,YBR012W-A,0,-2.2090943,0.15706805884838104,0.36000001430511475,0.1932000070810318
YPL179W,YHR002W,0,-2.2093575,0.15699955821037292,0.36000001430511475,0.19329999387264252
YPL095C,YOR279C,0,-2.209378,0.15693113207817078,0.36000001430511475,0.19339999556541443
YIL064W,YLR114C,0,-2.2095747,0.1568627506494522,0.36000001430511475,0.19349999725818634
YOR354C,YNL313C,0,-2.209704,0.15679442882537842,0.36000001430511475,0.19359999895095825
YHR133C,YDR292C,1,-2.2097318,0.15716151893138885,0.3610000014305115,0.19359999895095825
YBR172C,YDR033W,0,-2.2097857,0.1570931226015091,0.3610000014305115,0.19370000064373016
YDR443C,YNL271C,0,-2.2098536,0.1570248007774353,0.3610000014305115,0.19380000233650208
YBR090C-A,YDL166C,0,-2.2100003,0.1569565236568451,0.3610000014305115,0.193900004029274
YGL014W,YDL225W,0,-2.2101562,0.15688830614089966,0.3610000014305115,0.1940000057220459
YLR426W,YBR114W,0,-2.2102294,0.1568201631307602,0.3610000014305115,0.1941000074148178
YDR184C,YLR314C,0,-2.210681,0.1567520648241043,0.3610000014305115,0.19419999420642853
YLR453C,YOL097C,0,-2.210728,0.1566840261220932,0.3610000014305115,0.19429999589920044
YDR163W,YDL038C,0,-2.2108622,0.15661604702472687,0.3610000014305115,0.19439999759197235
YIL033C,YDL033C,0,-2.2109013,0.1565481424331665,0.3610000014305115,0.19449999928474426
YDR323C,YJR025C,0,-2.210904,0.15648028254508972,0.3610000014305115,0.19460000097751617
YKL214C,YKR099W,0,-2.2110438,0.15641248226165771,0.3610000014305115,0.19470000267028809
YKL082C,YDR404C,0,-2.2111728,0.15634474158287048,0.3610000014305115,0.19480000436306
YPR024W,YML028W,0,-2.2111742,0.15627706050872803,0.3610000014305115,0.1949000060558319
YMR047C,YHR053C,0,-2.2112014,0.15620943903923035,0.3610000014305115,0.19499999284744263
YJR013W,YBR070C,1,-2.2114053,0.15657439827919006,0.3619999885559082,0.19499999284744263
YER074W-A,YER004W,1,-2.2115843,0.1569390445947647,0.3630000054836273,0.19499999284744263
YOL096C,YNL272C,0,-2.2117302,0.15687121450901031,0.3630000054836273,0.19509999454021454
YIR038C,YNL008C,1,-2.2119524,0.15723541378974915,0.36399999260902405,0.19509999454021454
YDR507C,YOL113W,0,-2.2121165,0.15716752409934998,0.36399999260902405,0.19519999623298645
YIL107C,YLL032C,0,-2.2127607,0.15709969401359558,0.36399999260902405,0.19529999792575836
YGR006W,YOL053C-A,0,-2.2129695,0.15703192353248596,0.36399999260902405,0.19539999961853027
YBL057C,YJL198W,0,-2.2130096,0.15696421265602112,0.36399999260902405,0.19550000131130219
YNL191W,YLR172C,0,-2.2130682,0.15689654648303986,0.36399999260902405,0.1956000030040741
YBL074C,YMR055C,0,-2.2131546,0.15682895481586456,0.36399999260902405,0.195700004696846
YKR030W,YGR084C,0,-2.2135487,0.15676140785217285,0.36399999260902405,0.19580000638961792
YIL041W,YBR118W,0,-2.213611,0.1566939353942871,0.36399999260902405,0.19589999318122864
YCR016W,YGR240C,0,-2.2141297,0.15662650763988495,0.36399999260902405,0.19599999487400055
YDL190C,YOL009C,0,-2.2145097,0.15655913949012756,0.36399999260902405,0.19609999656677246
YDR531W,YML073C,0,-2.2145152,0.15649183094501495,0.36399999260902405,0.19619999825954437
YMR053C,YBL008W,0,-2.2145293,0.15642458200454712,0.36399999260902405,0.19629999995231628
YGL162W,YDR141C,0,-2.2146327,0.15635739266872406,0.36399999260902405,0.1964000016450882
YBR031W,YIL088C,0,-2.2151957,0.15629024803638458,0.36399999260902405,0.1965000033378601
YKL165C,YML130C,1,-2.215395,0.15665236115455627,0.36500000953674316,0.1965000033378601
YHR079C,YNL146W,1,-2.2154446,0.1570141613483429,0.3659999966621399,0.1965000033378601
YDR330W,YIR014W,0,-2.2154686,0.1569468230009079,0.3659999966621399,0.19660000503063202
YOR209C,YCR040W,0,-2.2154768,0.15687955915927887,0.3659999966621399,0.19670000672340393
YGR012W,YLR133W,0,-2.215572,0.15681234002113342,0.3659999966621399,0.19679999351501465
YLL032C,YGL048C,0,-2.2156372,0.15674518048763275,0.3659999966621399,0.19689999520778656
YPL059W,YDR362C,0,-2.2157938,0.15667808055877686,0.3659999966621399,0.19699999690055847
YCR081W,YBR079C,0,-2.2161038,0.15661104023456573,0.3659999966621399,0.19709999859333038
YDR302W,YDR196C,1,-2.2163808,0.1569717675447464,0.367000013589859,0.19709999859333038
YCR087C-A,YGR225W,0,-2.2164233,0.1569046527147293,0.367000013589859,0.1972000002861023
YER082C,YMR299C,0,-2.216592,0.1568376123905182,0.367000013589859,0.1973000019788742
YML123C,YLR447C,0,-2.2168143,0.15677061676979065,0.367000013589859,0.19740000367164612
YDL093W,YLL031C,1,-2.217168,0.1571306586265564,0.36800000071525574,0.19740000367164612
YOR298W,YLR391W-A,0,-2.217216,0.1570635885000229,0.36800000071525574,0.19750000536441803
YPR145W,YBR276C,0,-2.217299,0.15699659287929535,0.36800000071525574,0.19760000705718994
YKL048C,YGR085C,0,-2.217405,0.1569296419620514,0.36800000071525574,0.19769999384880066
YMR079W,YHR146W,0,-2.2174354,0.1568627506494522,0.36800000071525574,0.19779999554157257
YDL150W,YML062C,0,-2.2175128,0.1567959040403366,0.36800000071525574,0.19789999723434448
YGL222C,YEL034W,0,-2.217633,0.15672913193702698,0.36800000071525574,0.1979999989271164
YGR202C,YCR066W,0,-2.2182248,0.15666240453720093,0.36800000071525574,0.1981000006198883
YKL213C,YGR266W,0,-2.218398,0.15659575164318085,0.36800000071525574,0.19820000231266022
YCR003W,YNL278W,0,-2.218531,0.15652914345264435,0.36800000071525574,0.19830000400543213
YDL133C-A,YDL109C,0,-2.2186778,0.15646257996559143,0.36800000071525574,0.19840000569820404
YBL009W,YDL028C,0,-2.2188737,0.15639609098434448,0.36800000071525574,0.19850000739097595
YOR145C,YCL016C,0,-2.219198,0.15632964670658112,0.36800000071525574,0.19859999418258667
YBR022W,YER089C,0,-2.2192352,0.15626327693462372,0.36800000071525574,0.19869999587535858
YHR045W,YBR287W,1,-2.2192543,0.15662139654159546,0.36899998784065247,0.19869999587535858
YPL134C,YNL032W,0,-2.219278,0.1565549373626709,0.36899998784065247,0.1987999975681305
YLR132C,YER159C,0,-2.2192883,0.1564885526895523,0.36899998784065247,0.1988999992609024
YMR013C,YGL027C,1,-2.2194953,0.15684612095355988,0.3700000047683716,0.1988999992609024
YLR320W,YAL021C,0,-2.2199023,0.15677966177463531,0.3700000047683716,0.19900000095367432
YDR409W,YJL207C,0,-2.219923,0.15671326220035553,0.3700000047683716,0.19910000264644623
YPR199C,YBL037W,0,-2.2199566,0.15664690732955933,0.3700000047683716,0.19920000433921814
YEL017C-A,YDR190C,0,-2.2200537,0.1565806120634079,0.3700000047683716,0.19930000603199005
YNL284C,YGL021W,0,-2.2201836,0.15651437640190125,0.3700000047683716,0.19939999282360077
YDL175C,YFR055W,0,-2.220361,0.15644820034503937,0.3700000047683716,0.19949999451637268
YGL103W,YDR135C,0,-2.22038,0.15638208389282227,0.3700000047683716,0.1995999962091446
YDR176W,YJR036C,0,-2.2204716,0.15631601214408875,0.3700000047683716,0.1996999979019165
YPR017C,YOL105C,0,-2.2205079,0.15625,0.3700000047683716,0.19979999959468842
YHL011C,YML005W,0,-2.2207263,0.15618404746055603,0.3700000047683716,0.19990000128746033
YGR128C,YLR263W,0,-2.2207997,0.15611813962459564,0.3700000047683716,0.20000000298023224
YDR036C,YDL078C,0,-2.2213776,0.15605229139328003,0.3700000047683716,0.20010000467300415
YAL020C,YOL092W,0,-2.221547,0.1559865027666092,0.3700000047683716,0.20020000636577606
YLR328W,YJR147W,0,-2.2216568,0.15592077374458313,0.3700000047683716,0.20029999315738678
YEL004W,YDR349C,1,-2.221925,0.15627633035182953,0.3709999918937683,0.20029999315738678
YCL016C,YPL090C,0,-2.2221255,0.1562105268239975,0.3709999918937683,0.2003999948501587
YAL003W,YLR373C,0,-2.2221644,0.15614478290081024,0.3709999918937683,0.2004999965429306
YDL178W,YGR080W,0,-2.2221768,0.15607909858226776,0.3709999918937683,0.20059999823570251
YAL043C,YIL080W,0,-2.2223704,0.15601345896720886,0.3709999918937683,0.20069999992847443
YCR079W,YPR124W,0,-2.2223961,0.15594787895679474,0.3709999918937683,0.20080000162124634
YJR109C,YNL190W,0,-2.2225733,0.1558823585510254,0.3709999918937683,0.20090000331401825
YNL036W,YCL003W,0,-2.222634,0.15581688284873962,0.3709999918937683,0.20100000500679016
YAL026C,YMR080C,0,-2.2227013,0.15575146675109863,0.3709999918937683,0.20110000669956207
YPR199C,YLR098C,0,-2.2227013,0.15568611025810242,0.3709999918937683,0.2011999934911728
YDL160C,YBL003C,0,-2.2227142,0.15562079846858978,0.3709999918937683,0.2012999951839447
YNL278W,YML133C,0,-2.2227376,0.15555556118488312,0.3709999918937683,0.2013999968767166
YPR002W,YPL156C,0,-2.2227376,0.15549035370349884,0.3709999918937683,0.20149999856948853
YOL100W,YHL004W,0,-2.2228377,0.15542522072792053,0.3709999918937683,0.20160000026226044
YOL008W,YNL134C,0,-2.2228553,0.1553601324558258,0.3709999918937683,0.20170000195503235
YGR279C,YKR028W,0,-2.2232475,0.15529510378837585,0.3709999918937683,0.20180000364780426
YML047C,YPL020C,0,-2.223608,0.15523011982440948,0.3709999918937683,0.20190000534057617
YDR322C-A,YLR233C,0,-2.223655,0.1551651954650879,0.3709999918937683,0.20200000703334808
YHR169W,YLR300W,0,-2.2238758,0.15510033071041107,0.3709999918937683,0.2020999938249588
YCR026C,YAR002W,0,-2.2239382,0.15503552556037903,0.3709999918937683,0.2021999955177307
YML132W,YML129C,0,-2.224023,0.15497076511383057,0.3709999918937683,0.20229999721050262
YPR176C,YFL011W-A,0,-2.2240293,0.15490604937076569,0.3709999918937683,0.20239999890327454
YBR002C,YCL045C,1,-2.2240458,0.15525875985622406,0.3720000088214874,0.20239999890327454
YER019W,YPR091C,1,-2.2241032,0.15561118721961975,0.37299999594688416,0.20239999890327454
YAR033W,YLR050C,1,-2.2242613,0.15596330165863037,0.37400001287460327,0.20239999890327454
YJL098W,YEL015W,0,-2.2245529,0.1558982878923416,0.37400001287460327,0.20250000059604645
YNL190W,YKL046C,0,-2.2246568,0.15583333373069763,0.37400001287460327,0.20260000228881836
YIL137C,YEL056W,0,-2.2249432,0.15576842427253723,0.37400001287460327,0.20270000398159027
YNL162W,YFR048W,0,-2.2249978,0.1557035744190216,0.37400001287460327,0.20280000567436218
YER177W,YMR160W,0,-2.225035,0.15563878417015076,0.37400001287460327,0.2029000073671341
YDL004W,YMR306W,0,-2.2254953,0.1555740386247635,0.37400001287460327,0.2029999941587448
YER091C,YDL014W,0,-2.225842,0.155509352684021,0.37400001287460327,0.20309999585151672
YMR161W,YJL097W,1,-2.225909,0.15586034953594208,0.375,0.20309999585151672
YAR014C,YOR303W,0,-2.2259402,0.15579558908939362,0.375,0.20319999754428864
YBL106C,YKL199C,0,-2.22631,0.15573090314865112,0.375,0.20329999923706055
YIR014W,YKL081W,0,-2.2263172,0.15566624701023102,0.375,0.20340000092983246
YKR096W,YPL265W,0,-2.2263424,0.15560166537761688,0.375,0.20350000262260437
YER031C,YLR126C,0,-2.2264524,0.15553712844848633,0.375,0.20360000431537628
YNL297C,YML021C,0,-2.2265902,0.15547263622283936,0.375,0.2037000060081482
YJR015W,YHR045W,1,-2.2267911,0.15582263469696045,0.37599998712539673,0.2037000060081482
YFR041C,YLR350W,1,-2.227094,0.15617233514785767,0.37700000405311584,0.2037000060081482
YDL049C,YER153C,0,-2.2271445,0.15610766410827637,0.37700000405311584,0.2037999927997589
YGR254W,YHR117W,0,-2.2277143,0.15604305267333984,0.37700000405311584,0.20389999449253082
YGL009C,YOR159C,0,-2.2277231,0.1559784859418869,0.37700000405311584,0.20399999618530273
YBL087C,YGR054W,0,-2.2277348,0.15591397881507874,0.37700000405311584,0.20409999787807465
YNR022C,YDR212W,0,-2.2279046,0.15584953129291534,0.37700000405311584,0.20419999957084656
YFR030W,YLR347C,0,-2.2279449,0.15578512847423553,0.37700000405311584,0.20430000126361847
YPL082C,YNR057C,0,-2.2279918,0.1557207703590393,0.37700000405311584,0.20440000295639038
YCR097WB,YEL060C,0,-2.2279942,0.15565648674964905,0.37700000405311584,0.2045000046491623
YOR043W,YDL217C,0,-2.228161,0.15559224784374237,0.37700000405311584,0.2046000063419342
YFR048W,YGR081C,0,-2.2283127,0.15552805364131927,0.37700000405311584,0.20469999313354492
YNR035C,YFR009W,0,-2.228456,0.15546391904354095,0.37700000405311584,0.20479999482631683
YMR146C,YNL128W,0,-2.2286546,0.15539982914924622,0.37700000405311584,0.20489999651908875
YJR004C,YGR083C,0,-2.228778,0.15533579885959625,0.37700000405311584,0.20499999821186066
YIL078W,YML076C,0,-2.228911,0.15527182817459106,0.37700000405311584,0.20509999990463257
YDL097C,YML077W,0,-2.2290585,0.15520790219306946,0.37700000405311584,0.20520000159740448
YBL006C,YGR261C,0,-2.2293267,0.15514403581619263,0.37700000405311584,0.2053000032901764
YMR277W,YDR466W,0,-2.2293966,0.15508021414279938,0.37700000405311584,0.2054000049829483
YOR281C,YJL021C,0,-2.2294376,0.1550164520740509,0.37700000405311584,0.20550000667572021
YDR473C,YLR385C,0,-2.2295268,0.154952734708786,0.37700000405311584,0.20559999346733093
YGL032C,YJR058C,0,-2.2295492,0.1548890769481659,0.37700000405311584,0.20569999516010284
YBR106W,YJL028W,0,-2.2298815,0.15482546389102936,0.37700000405311584,0.20579999685287476
YBR009C,YNL164C,0,-2.2299287,0.1547619104385376,0.37700000405311584,0.20589999854564667
YBR263W,YHL009C,0,-2.23009,0.15469840168952942,0.37700000405311584,0.20600000023841858
YDR033W,YIL127C,0,-2.2301705,0.15463495254516602,0.37700000405311584,0.2061000019311905
YJL170C,YFL062W,0,-2.2301831,0.1545715481042862,0.37700000405311584,0.2062000036239624
YBR282W,YPL210C,0,-2.2302892,0.15450820326805115,0.37700000405311584,0.20630000531673431
YIL040W,YGR038W,1,-2.2304692,0.15485456585884094,0.3779999911785126,0.20630000531673431
YJL122W,YCL075W,0,-2.2305148,0.15479116141796112,0.3779999911785126,0.20640000700950623
YPL082C,YAL043C,0,-2.230594,0.1547277867794037,0.3779999911785126,0.20649999380111694
YJR123W,YDR236C,0,-2.2305977,0.15466448664665222,0.3779999911785126,0.20659999549388885
YNL323W,YDR196C,1,-2.2306197,0.15501022338867188,0.3790000081062317,0.20659999549388885
YNL250W,YDR235W,0,-2.230849,0.15494684875011444,0.3790000081062317,0.20669999718666077
YER007C-A,YBR115C,0,-2.2309058,0.15488353371620178,0.3790000081062317,0.20679999887943268
YBL007C,YHR117W,0,-2.230928,0.1548202633857727,0.3790000081062317,0.2069000005722046
YLR051C,YDR486C,0,-2.2310603,0.1547570377588272,0.3790000081062317,0.2070000022649765
YFL049W,YNL220W,0,-2.2314632,0.1546938717365265,0.3790000081062317,0.2071000039577484
YCR048W,YNL219C,1,-2.2318254,0.1550387591123581,0.3799999952316284,0.2071000039577484
YKR088C,YGR145W,0,-2.2318292,0.1549755334854126,0.3799999952316284,0.20720000565052032
YJL136C,YDL159W,0,-2.2319152,0.15491235256195068,0.3799999952316284,0.20730000734329224
YBR015C,YEL069C,0,-2.2320344,0.15484923124313354,0.3799999952316284,0.20739999413490295
YMR240C,YLR307W,0,-2.2321112,0.1547861546278,0.3799999952316284,0.20749999582767487
YPL283C,YIL110W,0,-2.2322314,0.15472312271595,0.3799999952316284,0.20759999752044678
YKL101W,YLR439W,0,-2.2322416,0.1546601504087448,0.3799999952316284,0.2076999992132187
YKR086W,YLR172C,0,-2.23254,0.1545972377061844,0.3799999952316284,0.2078000009059906
YJL003W,YNR045W,0,-2.23257,0.15453436970710754,0.3799999952316284,0.2079000025987625
YLR268W,YER083C,1,-2.2329056,0.15487805008888245,0.38100001215934753,0.2079000025987625
YJR129C,YMR208W,0,-2.233064,0.15481512248516083,0.38100001215934753,0.20800000429153442
YGR263C,YNR026C,1,-2.233186,0.1551584005355835,0.38199999928474426,0.20800000429153442
YJL143W,YML037C,0,-2.233655,0.1550954133272171,0.38199999928474426,0.20810000598430634
YER087C-B,YJL080C,1,-2.2337189,0.15543831884860992,0.382999986410141,0.20810000598430634
YNL058C,YDR443C,0,-2.233742,0.15537525713443756,0.382999986410141,0.20819999277591705
YNL020C,YOR008C,0,-2.233769,0.15531224012374878,0.382999986410141,0.20829999446868896
YER176W,YFL045C,0,-2.2340071,0.15524929761886597,0.382999986410141,0.20839999616146088
YBR258C,YKL022C,0,-2.234019,0.15518638491630554,0.382999986410141,0.2084999978542328
YOR004W,YLR096W,0,-2.2340295,0.1551235318183899,0.382999986410141,0.2085999995470047
YDL092W,YLR014C,0,-2.234123,0.15506072342395782,0.382999986410141,0.2087000012397766
YER146W,YKL190W,0,-2.2343376,0.15499797463417053,0.382999986410141,0.20880000293254852
YNL130C,YOR067C,1,-2.2347403,0.1553398072719574,0.3840000033378601,0.20880000293254852
YNL070W,YMR173W,0,-2.2348127,0.15527699887752533,0.3840000033378601,0.20890000462532043
YDR408C,YML082W,0,-2.234833,0.15521423518657684,0.3840000033378601,0.20900000631809235
YIL040W,YPL094C,1,-2.234936,0.15555556118488312,0.38499999046325684,0.20900000631809235
YLR055C,YLR174W,0,-2.2350934,0.15549272298812866,0.38499999046325684,0.20909999310970306
YGR272C,YPL269W,0,-2.2351305,0.15542995929718018,0.38499999046325684,0.20919999480247498
YGR247W,YPR204W,0,-2.2352161,0.15536722540855408,0.38499999046325684,0.2092999964952469
YAR042W,YDL072C,1,-2.2353652,0.1557079404592514,0.38600000739097595,0.2092999964952469
YKL002W,YLR145W,0,-2.2353666,0.15564516186714172,0.38600000739097595,0.2093999981880188
YLR386W,YOR367W,0,-2.2353702,0.15558242797851562,0.38600000739097595,0.2094999998807907
YPL150W,YMR295C,0,-2.2359464,0.1555197387933731,0.38600000739097595,0.20960000157356262
YBL076C,YAL029C,0,-2.2359512,0.15545710921287537,0.38600000739097595,0.20970000326633453
YOL066C,YDR083W,0,-2.235983,0.1553945243358612,0.38600000739097595,0.20980000495910645
YJL115W,YOL129W,0,-2.2363992,0.15533199906349182,0.38600000739097595,0.20990000665187836
YPL200W,YOR075W,1,-2.2364595,0.15567176043987274,0.3869999945163727,0.20990000665187836
YGL186C,YJR112W,0,-2.2365916,0.1556091606616974,0.3869999945163727,0.20999999344348907
YOR207C,YDR245W,0,-2.2366738,0.1555466204881668,0.3869999945163727,0.210099995136261
YPR183W,YCR048W,1,-2.2368014,0.15588590502738953,0.3880000114440918,0.210099995136261
YER108C,YMR073C,0,-2.2370915,0.15582329034805298,0.3880000114440918,0.2101999968290329
YOR285W,YBR283C,1,-2.2371447,0.15616218745708466,0.3889999985694885,0.2101999968290329
YNL090W,YDR517W,0,-2.2371535,0.15609951317310333,0.3889999985694885,0.2102999985218048
YDR368W,YPL149W,0,-2.2372992,0.15603689849376678,0.3889999985694885,0.21040000021457672
YDL101C,YGR119C,0,-2.2373502,0.155974343419075,0.3889999985694885,0.21050000190734863
YIL093C,YHR202W,0,-2.2374136,0.15591181814670563,0.3889999985694885,0.21060000360012054
YPL096W,YOR253W,0,-2.2374156,0.15584935247898102,0.3889999985694885,0.21070000529289246
YFR055W,YOR278W,0,-2.2374876,0.15578694641590118,0.3889999985694885,0.21080000698566437
YIL005W,YMR022W,1,-2.2376099,0.15612490475177765,0.38999998569488525,0.21080000698566437
YIR019C,YBR263W,0,-2.237784,0.15606242418289185,0.38999998569488525,0.21089999377727509
YHL050C,YDR335W,0,-2.2378685,0.15600000321865082,0.38999998569488525,0.210999995470047
YGL064C,YDR545W,0,-2.2380464,0.15593762695789337,0.38999998569488525,0.2110999971628189
YPL283C,YLL002W,0,-2.2380702,0.1558752954006195,0.38999998569488525,0.21119999885559082
YKR095W,YBR278W,0,-2.2382987,0.15581302344799042,0.38999998569488525,0.21130000054836273
YMR291W,YPR201W,0,-2.2383525,0.1557507961988449,0.38999998569488525,0.21140000224113464
YDR472W,YAL020C,0,-2.2383928,0.15568862855434418,0.38999998569488525,0.21150000393390656
YOR009W,YKL084W,0,-2.238393,0.15562649071216583,0.38999998569488525,0.21160000562667847
YLR335W,YPL063W,0,-2.2385178,0.15556441247463226,0.38999998569488525,0.21170000731945038
YGL020C,YAR033W,1,-2.238523,0.15590111911296844,0.39100000262260437,0.21170000731945038
YGL031C,YLR001C,0,-2.23862,0.1558389812707901,0.39100000262260437,0.2117999941110611
YPR091C,YFL038C,1,-2.2387493,0.15617530047893524,0.3919999897480011,0.2117999941110611
YFL053W,YJL114W,0,-2.238816,0.15611310303211212,0.3919999897480011,0.211899995803833
YGL010W,YHL003C,1,-2.238888,0.15644904971122742,0.3930000066757202,0.211899995803833
YPL276W,YDL181W,0,-2.2390108,0.15638679265975952,0.3930000066757202,0.21199999749660492
YDL153C,YNL154C,0,-2.2390523,0.1563245803117752,0.3930000066757202,0.21209999918937683
YBR191W,YOR298C-A,0,-2.2390618,0.15626242756843567,0.3930000066757202,0.21220000088214874
YGL229C,YBR143C,0,-2.2394643,0.1562003195285797,0.3930000066757202,0.21230000257492065
YNL082W,YAL022C,0,-2.239558,0.15613825619220734,0.3930000066757202,0.21240000426769257
YLR075W,YAL055W,0,-2.239559,0.15607625246047974,0.3930000066757202,0.21250000596046448
YER087W,YGR042W,0,-2.2400723,0.15601429343223572,0.3930000066757202,0.2125999927520752
YKR058W,YMR046C,0,-2.2403266,0.15595237910747528,0.3930000066757202,0.2126999944448471
YFL049W,YKL120W,0,-2.240458,0.15589052438735962,0.3930000066757202,0.21279999613761902
YPR165W,YNL220W,0,-2.2404704,0.15582871437072754,0.3930000066757202,0.21289999783039093
YDR337W,YMR092C,0,-2.2406752,0.15576694905757904,0.3930000066757202,0.21299999952316284
YFL002C,YNL058C,0,-2.240685,0.15570522844791412,0.3930000066757202,0.21310000121593475
YNL336W,YDR255C,0,-2.2407944,0.15564356744289398,0.3930000066757202,0.21320000290870667
YOR014W,YOR046C,0,-2.240816,0.15558195114135742,0.3930000066757202,0.21330000460147858
YOR079C,YGL063W,0,-2.2412796,0.15552037954330444,0.3930000066757202,0.2134000062942505
YMR284W,YCR024C-A,0,-2.2413483,0.15545886754989624,0.3930000066757202,0.2134999930858612
YMR013C,YNL130C,1,-2.2416735,0.15579280257225037,0.39399999380111694,0.2134999930858612
YBR165W,YBR143C,0,-2.2419724,0.1557312309741974,0.39399999380111694,0.21359999477863312
YJL034W,YNL291C,1,-2.2421908,0.15606479346752167,0.39500001072883606,0.21359999477863312
YNL310C,YFR037C,0,-2.2424562,0.1560031622648239,0.39500001072883606,0.21369999647140503
YDR310C,YOR227W,0,-2.2424562,0.15594157576560974,0.39500001072883606,0.21379999816417694
YPL236C,YDR218C,0,-2.2429245,0.15588003396987915,0.39500001072883606,0.21389999985694885
YHR147C,YER001W,0,-2.2430065,0.15581853687763214,0.39500001072883606,0.21400000154972076
YJR096W,YLL048C,0,-2.2431676,0.1557570993900299,0.39500001072883606,0.21410000324249268
YGL047W,YCL045C,1,-2.2435577,0.1560898721218109,0.3959999978542328,0.21410000324249268
YGL244W,YOL045W,0,-2.2436886,0.1560283750295639,0.3959999978542328,0.2142000049352646
YCL061C,YNL154C,0,-2.2438855,0.15596692264080048,0.3959999978542328,0.2143000066280365
YOL141W,YNR044W,0,-2.244014,0.15590551495552063,0.3959999978542328,0.21439999341964722
YLR115W,YPL225W,0,-2.2440922,0.15584415197372437,0.3959999978542328,0.21449999511241913
YKL054C,YGR078C,0,-2.2440958,0.15578284859657288,0.3959999978542328,0.21459999680519104
YDR434W,YLR301W,1,-2.2441318,0.1561148315668106,0.3970000147819519,0.21459999680519104
YBR079C,YNR061C,0,-2.2441533,0.15605345368385315,0.3970000147819519,0.21469999849796295
YJL171C,YPR138C,0,-2.24422,0.15599213540554047,0.3970000147819519,0.21480000019073486
YGR147C,YBR108W,0,-2.2443798,0.15593087673187256,0.3970000147819519,0.21490000188350677
YBR189W,YLR455W,0,-2.2446356,0.15586964786052704,0.3970000147819519,0.2150000035762787
YFR034C,YPR083W,0,-2.2446578,0.1558084785938263,0.3970000147819519,0.2151000052690506
YKL006W,YER062C,0,-2.2447426,0.15574735403060913,0.3970000147819519,0.2152000069618225
YMR266W,YDR466W,0,-2.2447755,0.15568627417087555,0.3970000147819519,0.21529999375343323
YOR145C,YMR067C,0,-2.244865,0.15562523901462555,0.3970000147819519,0.21539999544620514
YIL119C,YIL132C,0,-2.2449057,0.15556426346302032,0.3970000147819519,0.21549999713897705
YHL047C,YAL063C,0,-2.2452462,0.15550333261489868,0.3970000147819519,0.21559999883174896
YBR297W,YJL122W,0,-2.2453187,0.15544244647026062,0.3970000147819519,0.21570000052452087
YGR262C,YDL077C,0,-2.2453954,0.15538160502910614,0.3970000147819519,0.21580000221729279
YJR151C,YDR316W,0,-2.2455244,0.15532080829143524,0.3970000147819519,0.2159000039100647
YFL013C,YPL218W,0,-2.2456784,0.15526007115840912,0.3970000147819519,0.2160000056028366
YMR190C,YBR017C,0,-2.2459757,0.15519937872886658,0.3970000147819519,0.21610000729560852
YKL142W,YHR214C-B,0,-2.2461457,0.15513873100280762,0.3970000147819519,0.21619999408721924
YGR220C,YDL185W,0,-2.2461517,0.15507812798023224,0.3970000147819519,0.21629999577999115
YMR134W,YOL110W,1,-2.246229,0.15540803968906403,0.39800000190734863,0.21629999577999115
YNL309W,YPR095C,0,-2.246279,0.15534739196300507,0.39800000190734863,0.21639999747276306
YDR268W,YJL225C,0,-2.2464924,0.1552867740392685,0.39800000190734863,0.21649999916553497
YOL110W,YMR274C,1,-2.2465034,0.15561622381210327,0.39899998903274536,0.21649999916553497
YIR037W,YBR282W,0,-2.2465074,0.15555556118488312,0.39899998903274536,0.21660000085830688
YOR075W,YER074W-A,1,-2.2465432,0.15588463842868805,0.4000000059604645,0.21660000085830688
YLR224W,YJR086W,0,-2.2469172,0.15582391619682312,0.4000000059604645,0.2167000025510788
YOR381W,YHR193C,0,-2.2470114,0.15576323866844177,0.4000000059604645,0.2168000042438507
YGR296W,YIL063C,0,-2.247166,0.155702605843544,0.4000000059604645,0.21690000593662262
YDL215C,YMR054W,0,-2.2471979,0.15564201772212982,0.4000000059604645,0.21699999272823334
YPL059W,YOL127W,0,-2.2474923,0.1555814892053604,0.4000000059604645,0.21709999442100525
YLR297W,YGR029W,0,-2.2475708,0.1555209904909134,0.4000000059604645,0.21719999611377716
YKL213C,YBL005W-A,0,-2.247607,0.15546055138111115,0.4000000059604645,0.21729999780654907
YCR063W,YLR297W,0,-2.2477586,0.15540015697479248,0.4000000059604645,0.21739999949932098
YER023W,YMR106C,0,-2.2477944,0.1553398072719574,0.4000000059604645,0.2175000011920929
YJR015W,YJL192C,1,-2.247959,0.15566770732402802,0.4009999930858612,0.2175000011920929
YER153C,YOR290C,0,-2.2480314,0.15560729801654816,0.4009999930858612,0.2176000028848648
YDL092W,YPR108W,0,-2.2480357,0.15554693341255188,0.4009999930858612,0.21770000457763672
YNL336W,YER023W,0,-2.2480896,0.15548662841320038,0.4009999930858612,0.21780000627040863
YPL057C,YCR003W,0,-2.2482207,0.15542635321617126,0.4009999930858612,0.21789999306201935
YIL137C,YHR179W,0,-2.2482421,0.15536613762378693,0.4009999930858612,0.21799999475479126
YCR003W,YGL043W,0,-2.2483017,0.15530596673488617,0.4009999930858612,0.21809999644756317
YER094C,YHR075C,0,-2.2484567,0.155245840549469,0.4009999930858612,0.21819999814033508
YDL015C,YDR349C,1,-2.248611,0.15557275712490082,0.4020000100135803,0.21819999814033508
YGL053W,YGR172C,1,-2.2487419,0.15589942038059235,0.40299999713897705,0.21819999814033508
YBL017C,YLR345W,0,-2.248834,0.15583913028240204,0.40299999713897705,0.218299999833107
YCR020C-A,YOL127W,0,-2.248851,0.1557788997888565,0.40299999713897705,0.2184000015258789
YDR134C,YER169W,0,-2.2494469,0.15571869909763336,0.40299999713897705,0.21850000321865082
YEL030W,YNR032C-A,0,-2.2494872,0.155658558011055,0.40299999713897705,0.21860000491142273
YDR362C,YDL083C,0,-2.2495284,0.1555984616279602,0.40299999713897705,0.21870000660419464
YLR050C,YDL019C,1,-2.2496307,0.15592435002326965,0.40400001406669617,0.21870000660419464
YGL014W,YDR454C,0,-2.249639,0.1558641940355301,0.40400001406669617,0.21879999339580536
YBR106W,YMR133W,0,-2.249693,0.1558040827512741,0.40400001406669617,0.21889999508857727
YPR097W,YLR321C,0,-2.2497509,0.1557440310716629,0.40400001406669617,0.21899999678134918
YMR025W,YHR090C,0,-2.2499065,0.15568400919437408,0.40400001406669617,0.2190999984741211
YIL115C,YLR092W,0,-2.2499564,0.15562403202056885,0.40400001406669617,0.219200000166893
YOL122C,YOL062C,0,-2.2499661,0.1555641144514084,0.40400001406669617,0.21930000185966492
YLR234W,YPL271W,0,-2.2499769,0.1555042266845703,0.40400001406669617,0.21940000355243683
YJR161C,YJR147W,0,-2.2500546,0.15544439852237701,0.40400001406669617,0.21950000524520874
YGR162W,YHR214C-B,0,-2.2501447,0.1553846150636673,0.40400001406669617,0.21960000693798065
YER112W,YPR133C,0,-2.250203,0.15532487630844116,0.40400001406669617,0.21969999372959137
YOR190W,YKL070W,0,-2.2503746,0.1552651822566986,0.40400001406669617,0.21979999542236328
YJL209W,YNL128W,0,-2.2504404,0.15520553290843964,0.40400001406669617,0.2198999971151352
YIL002C,YPR158C-D,0,-2.2507114,0.15514592826366425,0.40400001406669617,0.2199999988079071
YKR008W,YBL026W,0,-2.2508028,0.15508636832237244,0.40400001406669617,0.22010000050067902
YHR047C,YNR035C,0,-2.2508423,0.1550268679857254,0.40400001406669617,0.22020000219345093
YJR139C,YPR023C,0,-2.2509434,0.15496739745140076,0.40400001406669617,0.22030000388622284
YEL004W,YHR123W,1,-2.2509458,0.15529140830039978,0.4050000011920929,0.22030000388622284
YCR107W,YNL315C,0,-2.2509933,0.15523189306259155,0.4050000011920929,0.22040000557899475
YDR030C,YDR175C,0,-2.2512128,0.1551724076271057,0.4050000011920929,0.22050000727176666
YLL017W,YDR043C,0,-2.2520661,0.15511298179626465,0.4050000011920929,0.22059999406337738
YDR235W,YBR112C,0,-2.2521288,0.15505360066890717,0.4050000011920929,0.2206999957561493
YGR113W,YIL131C,0,-2.252186,0.15499426424503326,0.4050000011920929,0.2207999974489212
YCL061C,YBR112C,0,-2.2524464,0.15493497252464294,0.4050000011920929,0.22089999914169312
YHR158C,YHL016C,0,-2.2525382,0.154875710606575,0.4050000011920929,0.22100000083446503
YPL092W,YGR284C,0,-2.2525938,0.15481650829315186,0.4050000011920929,0.22110000252723694
YIL172C,YDR044W,0,-2.252713,0.15475735068321228,0.4050000011920929,0.22120000422000885
YJR139C,YPL270W,0,-2.2528038,0.1546982377767563,0.4050000011920929,0.22130000591278076
YDR041W,YJL028W,0,-2.2528517,0.15463916957378387,0.4050000011920929,0.22139999270439148
YNL032W,YHL027W,0,-2.2528636,0.15458014607429504,0.4050000011920929,0.2214999943971634
YMR136W,YCL005W-A,0,-2.2529533,0.154521182179451,0.4050000011920929,0.2215999960899353
YGR257C,YJR078W,0,-2.252957,0.15446224808692932,0.4050000011920929,0.22169999778270721
YKL154W,YJR117W,1,-2.252977,0.15478460490703583,0.4059999883174896,0.22169999778270721
YGR063C,YER089C,0,-2.2529838,0.15472561120986938,0.4059999883174896,0.22179999947547913
YDL215C,YJL118W,0,-2.2530522,0.15466666221618652,0.4059999883174896,0.22190000116825104
YFL024C,YNL154C,0,-2.2532547,0.15460777282714844,0.4059999883174896,0.22200000286102295
YML026C,YNL316C,0,-2.2532656,0.15454891324043274,0.4059999883174896,0.22210000455379486
YGR215W,YLR166C,0,-2.2533042,0.15449011325836182,0.4059999883174896,0.22220000624656677
YPR138C,YJR134C,0,-2.2533815,0.15443134307861328,0.4059999883174896,0.2222999930381775
YLR340W,YNL247W,0,-2.2534702,0.15437261760234833,0.4059999883174896,0.2223999947309494
YOL158C,YDL128W,0,-2.2535112,0.15431395173072815,0.4059999883174896,0.2224999964237213
YER149C,YDL141W,0,-2.2536075,0.15425531566143036,0.4059999883174896,0.22259999811649323
YKL095W,YGR246C,0,-2.2538373,0.15419673919677734,0.4059999883174896,0.22269999980926514
YLL017W,YHR202W,0,-2.2538867,0.15413819253444672,0.4059999883174896,0.22280000150203705
YGR221C,YDR165W,0,-2.2540429,0.15407969057559967,0.4059999883174896,0.22290000319480896
YFR051C,YJL090C,0,-2.2540708,0.1540212482213974,0.4059999883174896,0.22300000488758087
YKL116C,YDL045W-A,0,-2.2542536,0.15396283566951752,0.4059999883174896,0.22310000658035278
YHR176W,YML101C,1,-2.25441,0.1542835533618927,0.40700000524520874,0.22310000658035278
YGL173C,YOL158C,0,-2.2545016,0.15422508120536804,0.40700000524520874,0.2231999933719635
YGR040W,YOR211C,0,-2.2545466,0.15416666865348816,0.40700000524520874,0.2232999950647354
YFL058W,YER014C-A,0,-2.254688,0.15410828590393066,0.40700000524520874,0.22339999675750732
YOR115C,YML107C,0,-2.255049,0.15404996275901794,0.40700000524520874,0.22349999845027924
YJR022W,YPL194W,0,-2.2552927,0.1539916694164276,0.40700000524520874,0.22360000014305115
YGR271W,YNL293W,0,-2.2553585,0.15393343567848206,0.40700000524520874,0.22370000183582306
YGL205W,YDR457W,0,-2.255378,0.1538752317428589,0.40700000524520874,0.22380000352859497
YBR299W,YLR195C,0,-2.2553847,0.1538170874118805,0.40700000524520874,0.22390000522136688
YEL036C,YDL024C,0,-2.255562,0.1537589728832245,0.40700000524520874,0.2240000069141388
YKL157W,YPL271W,0,-2.2556636,0.15370090305805206,0.40700000524520874,0.2240999937057495
YCR034W,YJR073C,1,-2.255758,0.15402038395404816,0.40799999237060547,0.2240999937057495
YDR446W,YNL294C,0,-2.255903,0.15396226942539215,0.40799999237060547,0.22419999539852142
YDR251W,YPR041W,0,-2.2559822,0.15390418469905853,0.40799999237060547,0.22429999709129333
YDL108W,YFL017W-A,0,-2.2561438,0.1538461595773697,0.40799999237060547,0.22439999878406525
YBL028C,YHR179W,0,-2.256177,0.15378816425800323,0.40799999237060547,0.22450000047683716
YGL200C,YHR036W,1,-2.25658,0.154107004404068,0.4090000092983246,0.22450000047683716
YER024W,YDL174C,0,-2.2567942,0.15404896438121796,0.4090000092983246,0.22460000216960907
YNL273W,YOR328W,0,-2.2568197,0.1539909690618515,0.4090000092983246,0.22470000386238098
YGR165W,YOR330C,0,-2.257005,0.15393300354480743,0.4090000092983246,0.2248000055551529
YGL053W,YDR062W,1,-2.2572768,0.1542513221502304,0.4099999964237213,0.2248000055551529
YDR076W,YEL046C,0,-2.2573335,0.15419331192970276,0.4099999964237213,0.2249000072479248
YJR151C,YOR339C,0,-2.2575505,0.1541353315114975,0.4099999964237213,0.22499999403953552
YKL014C,YDR392W,0,-2.2575543,0.154077410697937,0.4099999964237213,0.22509999573230743
YGR267C,YJR137C,0,-2.2576675,0.1540195345878601,0.4099999964237213,0.22519999742507935
YNL286W,YBR106W,0,-2.2576997,0.15396170318126678,0.4099999964237213,0.22529999911785126
YPL170W,YLR324W,0,-2.257714,0.15390390157699585,0.4099999964237213,0.22540000081062317
YER147C,YCL057W,0,-2.2578306,0.1538461595773697,0.4099999964237213,0.22550000250339508
YLR011W,YGR099W,0,-2.2579086,0.15378844738006592,0.4099999964237213,0.225600004196167
YJL065C,YOL144W,0,-2.257981,0.15373077988624573,0.4099999964237213,0.2257000058889389
YDR056C,YIL030C,1,-2.2580247,0.15404798090457916,0.41100001335144043,0.2257000058889389
YER153C,YML009C,0,-2.2581866,0.1539902538061142,0.41100001335144043,0.22579999268054962
YER109C,YDR144C,0,-2.2583468,0.153932586312294,0.41100001335144043,0.22589999437332153
YDR307W,YKR053C,1,-2.2583473,0.15424934029579163,0.41200000047683716,0.22589999437332153
YGR042W,YNL251C,0,-2.258373,0.15419161319732666,0.41200000047683716,0.22599999606609344
YIR014W,YHR089C,0,-2.2584937,0.15413393080234528,0.41200000047683716,0.22609999775886536
YML058W,YGR040W,0,-2.25856,0.15407629311084747,0.41200000047683716,0.22619999945163727
YCR072C,YDR134C,0,-2.2586238,0.15401868522167206,0.41200000047683716,0.22630000114440918
YFL018C,YNL058C,0,-2.2587893,0.15396113693714142,0.41200000047683716,0.2264000028371811
YDL080C,YJL081C,0,-2.2588046,0.15390361845493317,0.41200000047683716,0.226500004529953
YLR239C,YIL131C,0,-2.2588532,0.1538461595773697,0.41200000047683716,0.22660000622272491
YAR008W,YCR012W,0,-2.2589076,0.1537887305021286,0.41200000047683716,0.22669999301433563
YLR450W,YHR142W,1,-2.2589319,0.15410447120666504,0.4129999876022339,0.22669999301433563
YFR028C,YLR034C,0,-2.2589667,0.15404699742794037,0.4129999876022339,0.22679999470710754
YDR405W,YGR174C,0,-2.2589939,0.15398955345153809,0.4129999876022339,0.22689999639987946
YKL022C,YPR194C,0,-2.2592177,0.15393216907978058,0.4129999876022339,0.22699999809265137
YPR176C,YOR040W,0,-2.2594664,0.15387481451034546,0.4129999876022339,0.22709999978542328
YJL065C,YKL144C,0,-2.259635,0.15381750464439392,0.4129999876022339,0.2272000014781952
YDL019C,YGL231C,1,-2.2596967,0.15413254499435425,0.414000004529953,0.2272000014781952
YGL135W,YLR215C,0,-2.2597032,0.15407517552375793,0.414000004529953,0.2273000031709671
YOR321W,YJL097W,1,-2.2598526,0.154389888048172,0.41499999165534973,0.2273000031709671
YIL082W-A,YJR045C,0,-2.2599685,0.1543324589729309,0.41499999165534973,0.227400004863739
YPL059W,YDL215C,0,-2.2601001,0.1542750895023346,0.41499999165534973,0.22750000655651093
YDR422C,YHR214C-B,0,-2.260351,0.15421776473522186,0.41499999165534973,0.22759999334812164
YEL062W,YDL185W,0,-2.2605429,0.15416046977043152,0.41499999165534973,0.22769999504089355
YDL093W,YGR199W,1,-2.2606666,0.15447455644607544,0.41600000858306885,0.22769999504089355
YJL138C,YIL135C,0,-2.2606966,0.1544172167778015,0.41600000858306885,0.22779999673366547
YOL133W,YDL201W,0,-2.2607653,0.15435992181301117,0.41600000858306885,0.22789999842643738
YDR173C,YMR208W,0,-2.2608354,0.1543026715517044,0.41600000858306885,0.2280000001192093
YGR279C,YBR288C,0,-2.2608502,0.15424545109272003,0.41600000858306885,0.2281000018119812
YIL027C,YBR229C,1,-2.2608871,0.154558926820755,0.4169999957084656,0.2281000018119812
YDL093W,YEL002C,1,-2.2609136,0.15487217903137207,0.4180000126361847,0.2281000018119812
YGR013W,YMR101C,0,-2.261007,0.15481480956077576,0.4180000126361847,0.2282000035047531
YJR123W,YGL005C,0,-2.2610977,0.15475749969482422,0.4180000126361847,0.22830000519752502
YNL297C,YML034W,0,-2.261101,0.15470021963119507,0.4180000126361847,0.22840000689029694
YGL106W,YER011W,0,-2.2611053,0.1546429842710495,0.4180000126361847,0.22849999368190765
YGR279C,YOR147W,0,-2.261132,0.1545857936143875,0.4180000126361847,0.22859999537467957
YHR169W,YER011W,0,-2.2612848,0.1545286476612091,0.4180000126361847,0.22869999706745148
YIL040W,YGL231C,1,-2.2614331,0.1548410952091217,0.4189999997615814,0.22869999706745148
YKL075C,YKL113C,0,-2.2614453,0.15478388965129852,0.4189999997615814,0.2287999987602234
YPL131W,YLR383W,0,-2.2614546,0.15472672879695892,0.4189999997615814,0.2289000004529953
YBR193C,YKL089W,0,-2.2615604,0.1546696126461029,0.4189999997615814,0.2290000021457672
YDR488C,YLL010C,0,-2.261657,0.15461254119873047,0.4189999997615814,0.22910000383853912
YNL142W,YAL043C,0,-2.2617679,0.1545555144548416,0.4189999997615814,0.22920000553131104
YDL036C,YGR013W,0,-2.2618105,0.15449853241443634,0.4189999997615814,0.22930000722408295
YLR421C,YGL167C,0,-2.2626002,0.15444158017635345,0.4189999997615814,0.22939999401569366
YJR047C,YCL030C,0,-2.2627506,0.15438467264175415,0.4189999997615814,0.22949999570846558
YJL134W,YDR411C,1,-2.262777,0.15469613671302795,0.41999998688697815,0.22949999570846558
YGR191W,YDR485C,0,-2.2628825,0.15463916957378387,0.41999998688697815,0.2295999974012375
YMR283C,YPL001W,0,-2.2629576,0.15458226203918457,0.41999998688697815,0.2296999990940094
YDL038C,YLR367W,0,-2.2629724,0.15452538430690765,0.41999998688697815,0.2298000007867813
YBL016W,YPR086W,0,-2.2629795,0.15446855127811432,0.41999998688697815,0.22990000247955322
YER176W,YPL178W,0,-2.2629836,0.15441176295280457,0.41999998688697815,0.23000000417232513
YMR257C,YOL053C-A,0,-2.2630413,0.1543550193309784,0.41999998688697815,0.23010000586509705
YPL153C,YAL038W,0,-2.263072,0.1542983055114746,0.41999998688697815,0.23019999265670776
YJR060W,YIL067C,0,-2.2633493,0.1542416512966156,0.41999998688697815,0.23029999434947968
YML105C,YIL126W,0,-2.263407,0.15418502688407898,0.41999998688697815,0.2303999960422516
YNL117W,YGL070C,0,-2.263978,0.15412844717502594,0.41999998688697815,0.2304999977350235
YDR500C,YPR186C,0,-2.2640455,0.1540718972682953,0.41999998688697815,0.2305999994277954
YLR127C,YNR045W,0,-2.264078,0.1540154069662094,0.41999998688697815,0.23070000112056732
YGR111W,YER173W,0,-2.264371,0.15395894646644592,0.41999998688697815,0.23080000281333923
YPR052C,YHR109W,0,-2.26458,0.15390253067016602,0.41999998688697815,0.23090000450611115
YGL163C,YPL063W,0,-2.264821,0.1538461595773697,0.41999998688697815,0.23100000619888306
YBL008W,YDL109C,0,-2.264827,0.15378981828689575,0.41999998688697815,0.23109999299049377
YJL117W,YOR075W,1,-2.2649066,0.15409955382347107,0.42100000381469727,0.23109999299049377
YDR163W,YPL125W,0,-2.2649815,0.15404318273067474,0.42100000381469727,0.23119999468326569
YPL048W,YIL127C,0,-2.2651098,0.1539868265390396,0.42100000381469727,0.2312999963760376
YPL210C,YER001W,0,-2.2652156,0.15393052995204926,0.42100000381469727,0.2313999980688095
YNL259C,YLL013C,0,-2.265492,0.1538742631673813,0.42100000381469727,0.23149999976158142
YIL107C,YGR129W,0,-2.2654946,0.1538180559873581,0.42100000381469727,0.23160000145435333
YOR106W,YNL137C,0,-2.2658186,0.1537618637084961,0.42100000381469727,0.23170000314712524
YDL085W,YFL060C,0,-2.2658548,0.15370573103427887,0.42100000381469727,0.23180000483989716
YDR082W,YDL213C,0,-2.2659009,0.15364962816238403,0.42100000381469727,0.23190000653266907
YGL087C,YOL096C,0,-2.2660587,0.15359358489513397,0.42100000381469727,0.23199999332427979
YMR049C,YNL045W,0,-2.2660902,0.1535375565290451,0.42100000381469727,0.2320999950170517
YDR207C,YNL115C,0,-2.2661886,0.153481587767601,0.42100000381469727,0.2321999967098236
YPL236C,YHR068W,0,-2.266239,0.1534256488084793,0.42100000381469727,0.23229999840259552
YGR255C,YLR040C,0,-2.266279,0.15336976945400238,0.42100000381469727,0.23240000009536743
YDR368W,YMR079W,0,-2.266371,0.15331390500068665,0.42100000381469727,0.23250000178813934
YCR086W,YJR099W,0,-2.2664073,0.15325810015201569,0.42100000381469727,0.23260000348091125
YJR145C,YDR079C-A,0,-2.26641,0.15320232510566711,0.42100000381469727,0.23270000517368317
YDR264C,YDL160C,0,-2.2664187,0.15314659476280212,0.42100000381469727,0.23280000686645508
YIL040W,YDR492W,1,-2.266467,0.15345454216003418,0.421999990940094,0.23280000686645508
YBL058W,YPR148C,0,-2.2664955,0.1533987671136856,0.421999990940094,0.2328999936580658
YPR118W,YHR086W,0,-2.2665055,0.15334302186965942,0.421999990940094,0.2329999953508377
YDR213W,YLR212C,0,-2.26661,0.15328732132911682,0.421999990940094,0.23309999704360962
YOR242C,YPR189W,0,-2.2666905,0.1532316654920578,0.421999990940094,0.23319999873638153
YDR359C,YPL088W,0,-2.2670338,0.15317603945732117,0.421999990940094,0.23330000042915344
YHR101C,YNL080C,1,-2.2674725,0.1534833163022995,0.4230000078678131,0.23330000042915344
YFR015C,YOL121C,0,-2.2676091,0.15342764556407928,0.4230000078678131,0.23340000212192535
YER038C,YIR012W,0,-2.2679336,0.15337200462818146,0.4230000078678131,0.23350000381469727
YML039W,YPR164W,0,-2.268273,0.1533164232969284,0.4230000078678131,0.23360000550746918
YNL288W,YPL088W,0,-2.2685454,0.15326087176799774,0.4230000078678131,0.2337000072002411
YHL035C,YKL018W,0,-2.2685928,0.15320536494255066,0.4230000078678131,0.2337999939918518
YBR234C,YCR004C,0,-2.2686527,0.15314988791942596,0.4230000078678131,0.23389999568462372
YDR211W,YPR108W,0,-2.2686853,0.15309445559978485,0.4230000078678131,0.23399999737739563
YJL128C,YMR083W,0,-2.268893,0.15303906798362732,0.4230000078678131,0.23409999907016754
YPL095C,YJL118W,0,-2.268901,0.15298372507095337,0.4230000078678131,0.23420000076293945
YKR001C,YBR126C,0,-2.2689295,0.1529284119606018,0.4230000078678131,0.23430000245571136
YCL066W,YHR111W,0,-2.2689536,0.15287314355373383,0.4230000078678131,0.23440000414848328
YPL175W,YPL076W,1,-2.268954,0.15317918360233307,0.42399999499320984,0.23440000414848328
YKL018W,YMR125W,0,-2.2692904,0.1531238704919815,0.42399999499320984,0.2345000058412552
YLR246W,YPL094C,1,-2.269297,0.15342959761619568,0.42500001192092896,0.2345000058412552
YPR113W,YBR159W,1,-2.269368,0.15373511612415314,0.4259999990463257,0.2345000058412552
YJL041W,YDR018C,0,-2.2693841,0.15367965400218964,0.4259999990463257,0.2345999926328659
YGL013C,YMR212C,0,-2.2696073,0.15362423658370972,0.4259999990463257,0.23469999432563782
YJR123W,YAL020C,0,-2.2696207,0.15356884896755219,0.4259999990463257,0.23479999601840973
YMR299C,YBR188C,0,-2.2697513,0.15351352095603943,0.4259999990463257,0.23489999771118164
YPL095C,YLR309C,0,-2.269796,0.15345820784568787,0.4259999990463257,0.23499999940395355
YER001W,YJL174W,0,-2.2698405,0.15340295433998108,0.4259999990463257,0.23510000109672546
YMR081C,YHR168W,0,-2.2698991,0.15334773063659668,0.4259999990463257,0.23520000278949738
YKR014C,YOR147W,0,-2.269955,0.15329255163669586,0.4259999990463257,0.2353000044822693
YPR179C,YNL132W,0,-2.2700076,0.15323741734027863,0.4259999990463257,0.2354000061750412
YJL078C,YHL038C,0,-2.2700095,0.15318231284618378,0.4259999990463257,0.23549999296665192
YBR171W,YDR292C,1,-2.2700346,0.1534866988658905,0.4269999861717224,0.23549999296665192
YFL058W,YDR065W,0,-2.270052,0.15343154966831207,0.4269999861717224,0.23559999465942383
YBR054W,YNL313C,0,-2.2700617,0.15337643027305603,0.4269999861717224,0.23569999635219574
YPL016W,YDR408C,0,-2.270236,0.15332137048244476,0.4269999861717224,0.23579999804496765
YDR341C,YPR169W,0,-2.2705128,0.1532663255929947,0.4269999861717224,0.23589999973773956
YEL057C,YHL012W,0,-2.2705748,0.1532113403081894,0.4269999861717224,0.23600000143051147
YHR183W,YNL098C,0,-2.2706392,0.15315638482570648,0.4269999861717224,0.2361000031232834
YPL092W,YKL075C,0,-2.2709975,0.15310147404670715,0.4269999861717224,0.2362000048160553
YPL211W,YGR254W,0,-2.2710857,0.1530465930700302,0.4269999861717224,0.2363000065088272
YBR159W,YMR251W-A,1,-2.2712307,0.15335005521774292,0.42800000309944153,0.2363000065088272
YBR096W,YER019C-A,1,-2.2713706,0.15365329384803772,0.42899999022483826,0.2363000065088272
YNL256W,YJR026W,0,-2.2717636,0.15359827876091003,0.42899999022483826,0.23639999330043793
YDL076C,YOR294W,0,-2.2717984,0.15354330837726593,0.42899999022483826,0.23649999499320984
YIL004C,YLR238W,1,-2.271931,0.1538461595773697,0.4300000071525574,0.23649999499320984
YPL057C,YDR456W,0,-2.272346,0.1537911295890808,0.4300000071525574,0.23659999668598175
YGR010W,YMR071C,0,-2.272559,0.1537361443042755,0.4300000071525574,0.23669999837875366
YDR076W,YOR020C,0,-2.2726223,0.1536812037229538,0.4300000071525574,0.23680000007152557
YEL041W,YNR061C,0,-2.2728164,0.15362629294395447,0.4300000071525574,0.23690000176429749
YKL154W,YLR064W,1,-2.2731693,0.15392857789993286,0.4309999942779541,0.23690000176429749
YHR171W,YML086C,0,-2.273245,0.15387362241744995,0.4309999942779541,0.2370000034570694
YGL173C,YDR477W,0,-2.2732537,0.15381869673728943,0.4309999942779541,0.2371000051498413
YIL137C,YPL002C,0,-2.2734578,0.15376383066177368,0.4309999942779541,0.23720000684261322
YLR372W,YOR285W,1,-2.2739055,0.15406562387943268,0.4320000112056732,0.23720000684261322
YDR151C,YNL045W,0,-2.273908,0.15401069819927216,0.4320000112056732,0.23729999363422394
YOL123W,YGR222W,0,-2.2740433,0.15395580232143402,0.4320000112056732,0.23739999532699585
YJL165C,YPL198W,0,-2.2741182,0.15390096604824066,0.4320000112056732,0.23749999701976776
YKL006C-A,YNL032W,0,-2.274434,0.1538461595773697,0.4320000112056732,0.23759999871253967
YHR099W,YBR012W-B,0,-2.274654,0.1537913829088211,0.4320000112056732,0.23770000040531158
YKL089W,YBR253W,0,-2.274678,0.1537366509437561,0.4320000112056732,0.2378000020980835
YER149C,YGL048C,0,-2.274807,0.15368196368217468,0.4320000112056732,0.2379000037908554
YGL054C,YCR044C,1,-2.2749941,0.15398293733596802,0.43299999833106995,0.2379000037908554
YJL176C,YPL041C,0,-2.2750924,0.15392819046974182,0.43299999833106995,0.23800000548362732
YPL115C,YDL004W,0,-2.2752469,0.1538734883069992,0.43299999833106995,0.23810000717639923
YDR213W,YJL024C,0,-2.275283,0.15381883084774017,0.43299999833106995,0.23819999396800995
YHR158C,YDR268W,0,-2.275425,0.15376420319080353,0.43299999833106995,0.23829999566078186
YFL026W,YJL024C,0,-2.2755532,0.15370962023735046,0.43299999833106995,0.23839999735355377
YFL011W-A,YOL158C,0,-2.275629,0.1536550670862198,0.43299999833106995,0.23849999904632568
YGL170C,YHR202W,0,-2.275743,0.1536005735397339,0.43299999833106995,0.2386000007390976
YBL006C,YDL165W,0,-2.2758324,0.15354609489440918,0.43299999833106995,0.2387000024318695
YGL144C,YGL125W,0,-2.2759402,0.15349167585372925,0.43299999833106995,0.23880000412464142
YHR018C,YKR099C-A,0,-2.275983,0.1534372717142105,0.43299999833106995,0.23890000581741333
YNL219C,YDR200C,1,-2.2763004,0.1537371575832367,0.4339999854564667,0.23890000581741333
YHR099W,YPL066W,0,-2.2764196,0.15368272364139557,0.4339999854564667,0.23899999260902405
YDR392W,YLR166C,0,-2.2765133,0.15362831950187683,0.4339999854564667,0.23909999430179596
YIL084C,YFL060C,0,-2.2765815,0.15357396006584167,0.4339999854564667,0.23919999599456787
YPL179W,YHR108W,0,-2.2767813,0.1535196304321289,0.4339999854564667,0.23929999768733978
YOL043C,YJL035C,0,-2.2769349,0.15346534550189972,0.4339999854564667,0.2393999993801117
YBR260C,YPR138C,0,-2.2772782,0.1534111052751541,0.4339999854564667,0.2395000010728836
YPR108W,YGL219C,0,-2.277305,0.1533568948507309,0.4339999854564667,0.23960000276565552
YMR202W,YGL065C,1,-2.2774103,0.15365594625473022,0.4350000023841858,0.23960000276565552
YLR228C,YHR010W,0,-2.2777297,0.15360169112682343,0.4350000023841858,0.23970000445842743
YBL006C,YJL061W,0,-2.2779384,0.1535474807024002,0.4350000023841858,0.23980000615119934
YPR097W,YDL201W,0,-2.2779818,0.15349330008029938,0.4350000023841858,0.23989999294281006
YPR029C,YFR030W,0,-2.2780423,0.15343914926052094,0.4350000023841858,0.23999999463558197
YBR155W,YIL172C,0,-2.278412,0.15338504314422607,0.4350000023841858,0.24009999632835388
YOR002W,YKL065C,1,-2.278453,0.15368346869945526,0.4359999895095825,0.24009999632835388
YJR015W,YIL030C,1,-2.2785022,0.15398167073726654,0.43700000643730164,0.24009999632835388
YNL073W,YBR084C-A,0,-2.278745,0.15392744541168213,0.43700000643730164,0.2401999980211258
YDR408C,YCL059C,0,-2.2787635,0.1538732349872589,0.43700000643730164,0.2402999997138977
YBL098W,YMR067C,0,-2.2788646,0.15381908416748047,0.43700000643730164,0.24040000140666962
YEL040W,YCR016W,0,-2.2789605,0.15376494824886322,0.43700000643730164,0.24050000309944153
YIL072W,YKL179C,0,-2.278983,0.15371087193489075,0.43700000643730164,0.24060000479221344
YNL231C,YGL163C,0,-2.2793193,0.15365682542324066,0.43700000643730164,0.24070000648498535
YDR174W,YGR266W,0,-2.2793503,0.15360280871391296,0.43700000643730164,0.24079999327659607
YER146W,YML107C,0,-2.279395,0.15354883670806885,0.43700000643730164,0.24089999496936798
YGR060W,YML101C,1,-2.2796972,0.1538461595773697,0.43799999356269836,0.24089999496936798
YIL159W,YFL053W,0,-2.2797534,0.1537921279668808,0.43799999356269836,0.2409999966621399
YDR293C,YPL192C,0,-2.2799284,0.15373815596103668,0.43799999356269836,0.2410999983549118
YJL112W,YOL005C,0,-2.2799373,0.15368421375751495,0.43799999356269836,0.24120000004768372
YPL271W,YLR457C,0,-2.2800891,0.1536303013563156,0.43799999356269836,0.24130000174045563
YJR035W,YCR091W,0,-2.280094,0.15357643365859985,0.43799999356269836,0.24140000343322754
YNL024C,YFL062W,0,-2.2804677,0.15352261066436768,0.43799999356269836,0.24150000512599945
YPL211W,YGR266W,0,-2.2805107,0.15346881747245789,0.43799999356269836,0.24160000681877136
YJR145C,YKR008W,0,-2.2805889,0.15341505408287048,0.43799999356269836,0.24169999361038208
YGR147C,YIR005W,0,-2.2806036,0.15336135029792786,0.43799999356269836,0.241799995303154
YFR013W,YPL154C,0,-2.2808862,0.15330766141414642,0.43799999356269836,0.2418999969959259
YOL103W,YJL183W,0,-2.2812557,0.15325401723384857,0.43799999356269836,0.24199999868869781
YDR030C,YPR134W,0,-2.281406,0.1532004177570343,0.43799999356269836,0.24210000038146973
YKR088C,YPR096C,0,-2.281521,0.15314684808254242,0.43799999356269836,0.24220000207424164
YAR010C,YHL016C,0,-2.2818267,0.15309332311153412,0.43799999356269836,0.24230000376701355
YOL059W,YCR020W-B,0,-2.2818651,0.1530398279428482,0.43799999356269836,0.24240000545978546
YGL200C,YBR229C,1,-2.281964,0.15333566069602966,0.4390000104904175,0.24240000545978546
YKL052C,YPR055W,0,-2.2820122,0.15328212082386017,0.4390000104904175,0.24250000715255737
YDL107W,YMR220W,0,-2.2821221,0.15322862565517426,0.4390000104904175,0.2425999939441681
YLR176C,YER049W,0,-2.2824,0.15317516028881073,0.4390000104904175,0.24269999563694
YHR108W,YDR026C,0,-2.2829819,0.1531217247247696,0.4390000104904175,0.24279999732971191
YDL061C,YHR094C,0,-2.2831647,0.15306833386421204,0.4390000104904175,0.24289999902248383
YKL173W,YHL024W,0,-2.2834115,0.15301498770713806,0.4390000104904175,0.24300000071525574
YJL196C,YMR226C,0,-2.2837107,0.15296167135238647,0.4390000104904175,0.24310000240802765
YNL059C,YHL004W,0,-2.2837484,0.15290839970111847,0.4390000104904175,0.24320000410079956
YIL077C,YMR306W,0,-2.2838979,0.15285515785217285,0.4390000104904175,0.24330000579357147
YGL244W,YNL102W,0,-2.2839336,0.15280194580554962,0.4390000104904175,0.2433999925851822
YAL003W,YIL029C,0,-2.2842877,0.15274877846240997,0.4390000104904175,0.2434999942779541
YPL110C,YOR043W,0,-2.2842934,0.1526956558227539,0.4390000104904175,0.243599995970726
YNL116W,YMR246W,0,-2.284629,0.15264256298542023,0.4390000104904175,0.24369999766349792
YDL149W,YNL081C,0,-2.2847471,0.15258949995040894,0.4390000104904175,0.24379999935626984
YCR029C-A,YCR010C,0,-2.2847512,0.15253648161888123,0.4390000104904175,0.24390000104904175
YBL074C,YGL135W,0,-2.2848504,0.1524835079908371,0.4390000104904175,0.24400000274181366
YBR201W,YER044C,1,-2.284884,0.1527777761220932,0.4399999976158142,0.24400000274181366
YDR300C,YBR278W,0,-2.285192,0.1527247428894043,0.4399999976158142,0.24410000443458557
YJR077C,YJL164C,0,-2.2851946,0.15267175436019897,0.4399999976158142,0.24420000612735748
YOL123W,YNR050C,0,-2.285351,0.15261879563331604,0.4399999976158142,0.2442999929189682
YGL169W,YNL032W,0,-2.2853887,0.1525658816099167,0.4399999976158142,0.2443999946117401
YMR234W,YDR159W,0,-2.2854097,0.15251299738883972,0.4399999976158142,0.24449999630451202
YBL074C,YGL026C,0,-2.2854483,0.15246015787124634,0.4399999976158142,0.24459999799728394
YMR172W,YDR421W,0,-2.2854526,0.15240734815597534,0.4399999976158142,0.24469999969005585
YDL194W,YDR055W,0,-2.2854624,0.15235456824302673,0.4399999976158142,0.24480000138282776
YPL163C,YDR298C,0,-2.2855785,0.1523018330335617,0.4399999976158142,0.24490000307559967
YBR136W,YBL028C,0,-2.285592,0.15224912762641907,0.4399999976158142,0.24500000476837158
YKL112W,YKL002W,0,-2.2856405,0.15219646692276,0.4399999976158142,0.2451000064611435
YLR318W,YBR248C,0,-2.2856438,0.15214385092258453,0.4399999976158142,0.2451999932527542
YDL044C,YDR459C,0,-2.28566,0.15209124982357025,0.4399999976158142,0.24529999494552612
YGR267C,YER002W,0,-2.2857797,0.15203869342803955,0.4399999976158142,0.24539999663829803
YLR011W,YAL001C,0,-2.285873,0.15198618173599243,0.4399999976158142,0.24549999833106995
YJL085W,YGL185C,0,-2.2859826,0.1519336998462677,0.4399999976158142,0.24560000002384186
YOR305W,YMR220W,0,-2.2860124,0.15188126266002655,0.4399999976158142,0.24570000171661377
YIL072W,YJL214W,0,-2.2860925,0.1518288403749466,0.4399999976158142,0.24580000340938568
YAR033W,YNR026C,1,-2.2861977,0.1521214246749878,0.4410000145435333,0.24580000340938568
YDL036C,YGR090W,0,-2.2862666,0.15206897258758545,0.4410000145435333,0.2459000051021576
YGR279C,YML001W,0,-2.2863204,0.1520165503025055,0.4410000145435333,0.2460000067949295
YBR112C,YKR007W,0,-2.2864258,0.15196415781974792,0.4410000145435333,0.24609999358654022
YEL002C,YMR202W,1,-2.2868502,0.15225628018379211,0.44200000166893005,0.24609999358654022
YKR067W,YNL258C,1,-2.28686,0.15254820883274078,0.4429999887943268,0.24609999358654022
YMR277W,YMR075W,0,-2.286902,0.15249569714069366,0.4429999887943268,0.24619999527931213
YMR266W,YGR090W,0,-2.2869213,0.15244321525096893,0.4429999887943268,0.24629999697208405
YHR183W,YFR037C,0,-2.2870326,0.15239077806472778,0.4429999887943268,0.24639999866485596
YKR053C,YNL146W,1,-2.2870343,0.15268225967884064,0.4440000057220459,0.24639999866485596
YDR195W,YNR046W,0,-2.287123,0.1526297628879547,0.4440000057220459,0.24650000035762787
YLR453C,YHR152W,0,-2.2871253,0.15257732570171356,0.4440000057220459,0.24660000205039978
YOL044W,YGL247W,0,-2.287233,0.1525249034166336,0.4440000057220459,0.2467000037431717
YEL069C,YKL057C,0,-2.2875888,0.15247252583503723,0.4440000057220459,0.2468000054359436
YOR384W,YDL033C,0,-2.2876523,0.15242017805576324,0.4440000057220459,0.24690000712871552
YFR047C,YKL041W,0,-2.2876594,0.15236787497997284,0.4440000057220459,0.24699999392032623
YNL036W,YPL228W,0,-2.2878196,0.15231560170650482,0.4440000057220459,0.24709999561309814
YGR060W,YHR027C,1,-2.2879865,0.1526063084602356,0.4449999928474426,0.24709999561309814
YKL209C,YOR362C,0,-2.288141,0.152553990483284,0.4449999928474426,0.24719999730587006
YNR052C,YDR364C,0,-2.288601,0.15250171720981598,0.4449999928474426,0.24729999899864197
YLL056C,YBL016W,0,-2.2887118,0.15244947373867035,0.4449999928474426,0.24740000069141388
YPL202C,YJL090C,0,-2.2888534,0.1523972600698471,0.4449999928474426,0.2475000023841858
YEL077C,YHR119W,0,-2.2890017,0.15234509110450745,0.4449999928474426,0.2476000040769577
YDL066W,YHR215W,0,-2.2892203,0.15229295194149017,0.4449999928474426,0.24770000576972961
YCR084C,YKL099C,0,-2.2892983,0.1522408425807953,0.4449999928474426,0.24779999256134033
YLR115W,YBR275C,0,-2.289372,0.15218877792358398,0.4449999928474426,0.24789999425411224
YHR113W,YMR240C,0,-2.2893915,0.15213675796985626,0.4449999928474426,0.24799999594688416
YOR329C,YDL128W,0,-2.2896986,0.15208475291728973,0.4449999928474426,0.24809999763965607
YDR402C,YKR007W,0,-2.2898533,0.1520327925682068,0.4449999928474426,0.24819999933242798
YPR171W,YCR024C-A,0,-2.29015,0.15198087692260742,0.4449999928474426,0.2483000010251999
YOR009W,YPR073C,0,-2.290167,0.15192899107933044,0.4449999928474426,0.2484000027179718
YKR086W,YOR332W,0,-2.2904334,0.15187713503837585,0.4449999928474426,0.2485000044107437
YJR035W,YPL051W,0,-2.290675,0.15182530879974365,0.4449999928474426,0.24860000610351562
YGR029W,YOL152W,0,-2.2910836,0.15177352726459503,0.4449999928474426,0.24869999289512634
YER087W,YJR144W,0,-2.2911637,0.15172179043293,0.4449999928474426,0.24879999458789825
YGL194C,YPL134C,0,-2.2912314,0.15167006850242615,0.4449999928474426,0.24889999628067017
YDR219C,YKL127W,0,-2.2912505,0.15161839127540588,0.4449999928474426,0.24899999797344208
YER091C,YER007W,0,-2.2917082,0.1515667587518692,0.4449999928474426,0.249099999666214
YGL252C,YJL124C,0,-2.291724,0.1515151560306549,0.4449999928474426,0.2492000013589859
YJR077C,YKR035W-A,0,-2.2920845,0.151463583111763,0.4449999928474426,0.2493000030517578
YDR038C,YBR241C,0,-2.292138,0.15141203999519348,0.4449999928474426,0.24940000474452972
YGL179C,YIL122W,0,-2.2922208,0.15136054158210754,0.4449999928474426,0.24950000643730164
YPL110C,YDL147W,0,-2.2923753,0.151309072971344,0.4449999928474426,0.24959999322891235
YKL018W,YDL002C,0,-2.2924354,0.15125764906406403,0.4449999928474426,0.24969999492168427
YIL105C,YLL067C,0,-2.2924464,0.15120625495910645,0.4449999928474426,0.24979999661445618
YJL192C,YMR305C,1,-2.2924762,0.151494562625885,0.44600000977516174,0.24979999661445618
YGR062C,YDL045C,0,-2.2925363,0.15144312381744385,0.44600000977516174,0.2498999983072281
YDL076C,YGL116W,0,-2.2927086,0.15139171481132507,0.44600000977516174,0.25
YKL171W,YFR048W,0,-2.2927341,0.15134035050868988,0.44600000977516174,0.2500999867916107
YNL330C,YJL225C,0,-2.293265,0.15128901600837708,0.44600000977516174,0.2502000033855438
YPL106C,YDR429C,0,-2.2933044,0.15123771131038666,0.44600000977516174,0.25029999017715454
YEL042W,YKR063C,0,-2.2935693,0.15118643641471863,0.44600000977516174,0.25040000677108765
YDL202W,YNL164C,0,-2.2937632,0.15113520622253418,0.44600000977516174,0.25049999356269836
YGL174W,YER146W,0,-2.2938573,0.15108400583267212,0.44600000977516174,0.25060001015663147
YOR380W,YFL044C,0,-2.2938964,0.15103285014629364,0.44600000977516174,0.2506999969482422
YJL201W,YER061C,0,-2.2940114,0.15098172426223755,0.44600000977516174,0.2508000135421753
YLR185W,YJR025C,0,-2.294125,0.15093062818050385,0.44600000977516174,0.250900000333786
YBR136W,YPL273W,0,-2.2941673,0.15087956190109253,0.44600000977516174,0.25099998712539673
YGL115W,YNL064C,0,-2.2944155,0.1508285403251648,0.44600000977516174,0.25110000371932983
YPL015C,YJL171C,0,-2.2945225,0.15077754855155945,0.44600000977516174,0.25119999051094055
YGR163W,YJR120W,0,-2.2946637,0.15072660148143768,0.44600000977516174,0.25130000710487366
YOL164W,YLR192C,0,-2.2949326,0.1506756693124771,0.44600000977516174,0.2513999938964844
YGR034W,YDR515W,0,-2.2950013,0.15062478184700012,0.44600000977516174,0.2515000104904175
YMR005W,YLR194C,0,-2.2952049,0.1505739390850067,0.44600000977516174,0.2515999972820282
YDR392W,YJR161C,0,-2.2952294,0.1505231112241745,0.44600000977516174,0.2517000138759613
YKL205W,YNL047C,0,-2.2953937,0.15047232806682587,0.44600000977516174,0.251800000667572
YGR037C,YJR141W,0,-2.2955048,0.15042158961296082,0.44600000977516174,0.25189998745918274
YHR133C,YLL031C,1,-2.2955883,0.15070801973342896,0.44699999690055847,0.25189998745918274
YML047C,YDR281C,0,-2.2956192,0.15065723657608032,0.44699999690055847,0.25200000405311584
YDL058W,YMR086W,0,-2.2956545,0.15060646831989288,0.44699999690055847,0.25209999084472656
YGR224W,YKL063C,0,-2.295751,0.15055574476718903,0.44699999690055847,0.25220000743865967
YOR002W,YAL053W,1,-2.2957914,0.15084175765514374,0.4480000138282776,0.25220000743865967
YMR114C,YHR067W,0,-2.295819,0.1507909744977951,0.4480000138282776,0.2522999942302704
YPL098C,YDR348C,0,-2.2958992,0.15074023604393005,0.4480000138282776,0.2524000108242035
YNL217W,YML098W,0,-2.2959898,0.15068954229354858,0.4480000138282776,0.2524999976158142
YAL013W,YPR019W,0,-2.2961571,0.1506388634443283,0.4480000138282776,0.2526000142097473
YCR105W,YLR163C,0,-2.2962139,0.1505882292985916,0.4480000138282776,0.25270000100135803
YGL150C,YKR027W,0,-2.296222,0.1505376398563385,0.4480000138282776,0.25279998779296875
YML093W,YGL210W-A,0,-2.2963293,0.15048706531524658,0.4480000138282776,0.25290000438690186
YJL191W,YMR226C,0,-2.296479,0.15043653547763824,0.4480000138282776,0.2529999911785126
YGL010W,YDR062W,1,-2.2965932,0.1507217139005661,0.4490000009536743,0.2529999911785126
YMR043W,YPL210C,0,-2.2967393,0.15067113935947418,0.4490000009536743,0.2531000077724457
YBL017C,YOR101W,0,-2.296759,0.15062059462070465,0.4490000009536743,0.2531999945640564
YNR028W,YIL143C,0,-2.296805,0.1505700945854187,0.4490000009536743,0.2533000111579895
YGL061C,YBR081C,0,-2.29683,0.15051960945129395,0.4490000009536743,0.2533999979496002
YGR156W,YLR058C,0,-2.2970164,0.15046916902065277,0.4490000009536743,0.2535000145435333
YFR014C,YLR347C,0,-2.2973382,0.15041875839233398,0.4490000009536743,0.25360000133514404
YDR184C,YCL030C,0,-2.297487,0.15036839246749878,0.4490000009536743,0.25369998812675476
YNR022C,YNL101W,0,-2.2975256,0.15031804144382477,0.4490000009536743,0.25380000472068787
YKR082W,YDR345C,0,-2.2975318,0.15026773512363434,0.4490000009536743,0.2538999915122986
YDL029W,YJL210W,0,-2.2975414,0.1502174586057663,0.4490000009536743,0.2540000081062317
YGR072W,YJL136C,0,-2.297674,0.15016722679138184,0.4490000009536743,0.2540999948978424
YIR006C,YML086C,0,-2.297844,0.15011702477931976,0.4490000009536743,0.2542000114917755
YHR072W,YHR142W,1,-2.2980456,0.1504010707139969,0.44999998807907104,0.2542000114917755
YKL165C,YNR075W,1,-2.2981536,0.15068493783473969,0.45100000500679016,0.2542000114917755
YLR219W,YBR284W,0,-2.2982395,0.15063460171222687,0.45100000500679016,0.25429999828338623
YNR013C,YDR044W,0,-2.2982817,0.15058431029319763,0.45100000500679016,0.25440001487731934
YGR198W,YNL041C,0,-2.2983205,0.15053404867649078,0.45100000500679016,0.25450000166893005
YEL031W,YPL200W,1,-2.2983344,0.15081748366355896,0.4519999921321869,0.25450000166893005
YNL209W,YPL096W,0,-2.2993987,0.15076717734336853,0.4519999921321869,0.25459998846054077
YKL119C,YNR008W,1,-2.2994387,0.15105034410953522,0.453000009059906,0.25459998846054077
YOR368W,YOL019W,0,-2.2995517,0.1509999930858612,0.453000009059906,0.2547000050544739
YPR036W,YNL118C,0,-2.2996218,0.15094968676567078,0.453000009059906,0.2547999918460846
YOR321W,YHR133C,1,-2.2997162,0.15123251080513,0.45399999618530273,0.2547999918460846
YNL286W,YCL010C,0,-2.3000731,0.1511821448802948,0.45399999618530273,0.2549000084400177
YOR377W,YIL022W,0,-2.3000793,0.15113182365894318,0.45399999618530273,0.2549999952316284
YDR492W,YHR045W,1,-2.300089,0.15141430497169495,0.45500001311302185,0.2549999952316284
YDR292C,YML019W,1,-2.300153,0.1516966074705124,0.4560000002384186,0.2549999952316284
YMR170C,YNL148C,0,-2.3002944,0.15164615213871002,0.4560000002384186,0.2551000118255615
YLL018C,YBR126C,0,-2.3003876,0.15159574151039124,0.4560000002384186,0.25519999861717224
YML040W,YDR058C,0,-2.3005002,0.15154536068439484,0.4560000002384186,0.25529998540878296
YOR065W,YCR086W,0,-2.3005672,0.15149500966072083,0.4560000002384186,0.25540000200271606
YJR009C,YMR075W,0,-2.3008077,0.1514447033405304,0.4560000002384186,0.2554999887943268
YBL041W,YCL048W,0,-2.300945,0.15139442682266235,0.4560000002384186,0.2556000053882599
YER153C,YBR253W,0,-2.3010223,0.1513441801071167,0.4560000002384186,0.2556999921798706
YKR098C,YNL302C,0,-2.3012297,0.15129396319389343,0.4560000002384186,0.2558000087738037
YBR105C,YKL186C,0,-2.3013191,0.15124377608299255,0.4560000002384186,0.25589999556541443
YBL084C,YBR158W,0,-2.3013964,0.15119363367557526,0.4560000002384186,0.25600001215934753
YGL194C,YEL011W,0,-2.3015099,0.15114352107048035,0.4560000002384186,0.25609999895095825
YDL225W,YIL103W,0,-2.3018858,0.15109343826770782,0.4560000002384186,0.25619998574256897
YDR040C,YGL018C,0,-2.3019974,0.1510433852672577,0.4560000002384186,0.2563000023365021
YIL036W,YLR007W,0,-2.3020198,0.15099337697029114,0.4560000002384186,0.2563999891281128
YFL047W,YDR398W,0,-2.3020487,0.15094339847564697,0.4560000002384186,0.2565000057220459
YNL103W,YLR213C,0,-2.3023002,0.1508934497833252,0.4560000002384186,0.2565999925136566
YDR239C,YML010W,0,-2.3026898,0.1508435308933258,0.4560000002384186,0.2567000091075897
YLR223C,YKL122C,0,-2.3031652,0.15079365670681,0.4560000002384186,0.25679999589920044
YHR072W,YJR131W,1,-2.303313,0.1510743796825409,0.4569999873638153,0.25679999589920044
YGR147C,YNL084C,0,-2.3034475,0.1510244607925415,0.4569999873638153,0.25690001249313354
YKL181W,YDR303C,0,-2.303521,0.1509745568037033,0.4569999873638153,0.25699999928474426
YHR066W,YER038C,0,-2.3036041,0.1509246975183487,0.4569999873638153,0.257099986076355
YLR095C,YOR133W,0,-2.3036413,0.15087488293647766,0.4569999873638153,0.2572000026702881
YDR353W,YDR022C,0,-2.3038728,0.15082508325576782,0.4569999873638153,0.2572999894618988
YML063W,YKL179C,0,-2.303889,0.15077532827854156,0.4569999873638153,0.2574000060558319
YHR070W,YCR097W,0,-2.3040087,0.1507255882024765,0.4569999873638153,0.2574999928474426
YGR251W,YBR114W,0,-2.304085,0.15067589282989502,0.4569999873638153,0.25760000944137573
YGR278W,YGL068W,0,-2.3041813,0.15062624216079712,0.4569999873638153,0.25769999623298645
YER054C,YBR160W,0,-2.304183,0.1505766063928604,0.4569999873638153,0.25780001282691956
YPL208W,YNL029C,0,-2.3042376,0.1505270153284073,0.4569999873638153,0.2578999996185303
YLR075W,YMR014W,0,-2.3042574,0.15047743916511536,0.4569999873638153,0.257999986410141
YNR032C-A,YPL086C,0,-2.304527,0.150427907705307,0.4569999873638153,0.2581000030040741
YKR038C,YHR117W,0,-2.304628,0.15037842094898224,0.4569999873638153,0.2581999897956848
YPR008W,YPL281C,0,-2.3046477,0.15032894909381866,0.4569999873638153,0.2583000063896179
YGL161C,YPR188C,0,-2.3046901,0.15027950704097748,0.4569999873638153,0.25839999318122864
YKL145W,YOL115W,0,-2.3048599,0.15023010969161987,0.4569999873638153,0.25850000977516174
YNR022C,YOR224C,0,-2.3049333,0.15018074214458466,0.4569999873638153,0.25859999656677246
YNL213C,YDR432W,0,-2.3049903,0.15013140439987183,0.4569999873638153,0.25870001316070557
YGR116W,YNL004W,0,-2.30505,0.15008209645748138,0.4569999873638153,0.2587999999523163
YIL115C,YGL119W,0,-2.3050582,0.15003283321857452,0.4569999873638153,0.258899986743927
YDR189W,YER087C-B,1,-2.3053496,0.15031178295612335,0.4580000042915344,0.258899986743927
YLR188W,YBR058C-A,0,-2.3053863,0.15026246011257172,0.4580000042915344,0.2590000033378601
YPR124W,YJL164C,0,-2.3053946,0.15021318197250366,0.4580000042915344,0.2590999901294708
YKR093W,YDR522C,0,-2.3054223,0.150163933634758,0.4580000042915344,0.25920000672340393
YKL013C,YDL012C,0,-2.3057792,0.15011471509933472,0.4580000042915344,0.25929999351501465
YOL154W,YBR108W,0,-2.3060129,0.15006552636623383,0.4580000042915344,0.25940001010894775
YDR129C,YKR013W,0,-2.3062406,0.15001638233661652,0.4580000042915344,0.25949999690055847
YPR167C,YBL004W,0,-2.306393,0.1499672532081604,0.4580000042915344,0.2596000134944916
YGL172W,YBR160W,0,-2.3064044,0.14991816878318787,0.4580000042915344,0.2597000002861023
YML082W,YJL151C,0,-2.3064861,0.14986911416053772,0.4580000042915344,0.259799987077713
YBL098W,YDR416W,0,-2.3065193,0.14982008934020996,0.4580000042915344,0.2599000036716461
YBR162W-A,YIL023C,1,-2.3066223,0.15009810030460358,0.45899999141693115,0.2599000036716461
YGR175C,YJR117W,1,-2.3066473,0.15037593245506287,0.46000000834465027,0.2599000036716461
YGR056W,YLL038C,0,-2.3068063,0.15032680332660675,0.46000000834465027,0.25999999046325684
YOL112W,YPL063W,0,-2.3068755,0.15027768909931183,0.46000000834465027,0.26010000705718994
YDR293C,YKL209C,0,-2.3069007,0.1502286046743393,0.46000000834465027,0.26019999384880066
YFR013W,YNL239W,0,-2.3070471,0.15017956495285034,0.46000000834465027,0.26030001044273376
YFL026W,YER094C,0,-2.3071423,0.15013055503368378,0.46000000834465027,0.2603999972343445
YEL031W,YMR200W,1,-2.307244,0.1504078358411789,0.460999995470047,0.2603999972343445
YDL100C,YLR372W,1,-2.307246,0.15068493783473969,0.4620000123977661,0.2603999972343445
YGR034W,YPR179C,0,-2.3073494,0.15063579380512238,0.4620000123977661,0.2605000138282776
YGL112C,YDR164C,0,-2.3076444,0.15058669447898865,0.4620000123977661,0.2606000006198883
YEL077C,YIL132C,0,-2.3076885,0.1505376398563385,0.4620000123977661,0.260699987411499
YLR325C,YHR002W,0,-2.3077474,0.15048860013484955,0.4620000123977661,0.26080000400543213
YML064C,YNL073W,0,-2.3078434,0.15043959021568298,0.4620000123977661,0.26089999079704285
YIL074C,YLR309C,0,-2.3079476,0.150390625,0.4620000123977661,0.26100000739097595
YIL049W,YPR155C,0,-2.3080456,0.1503416895866394,0.4620000123977661,0.26109999418258667
YPL152W,YMR046C,0,-2.3081512,0.1502927839756012,0.4620000123977661,0.2612000107765198
YDR529C,YPL118W,0,-2.3083808,0.15024390816688538,0.4620000123977661,0.2612999975681305
YDR138W,YNL293W,0,-2.3084013,0.15019506216049194,0.4620000123977661,0.2614000141620636
YDR330W,YIL123W,0,-2.308468,0.1501462459564209,0.4620000123977661,0.2615000009536743
YKL092C,YOL030W,0,-2.3088481,0.15009745955467224,0.4620000123977661,0.26159998774528503
YOL020W,YLR133W,0,-2.3088555,0.15004871785640717,0.4620000123977661,0.26170000433921814
YDL005C,YDL245C,0,-2.308993,0.15000000596046448,0.4620000123977661,0.26179999113082886
YJL214W,YIL136W,0,-2.3091252,0.14995130896568298,0.4620000123977661,0.26190000772476196
YER091C,YLR105C,0,-2.3092897,0.14990265667438507,0.4620000123977661,0.2619999945163727
YPR204W,YIL009C-A,0,-2.3094084,0.14985403418540955,0.4620000123977661,0.2621000111103058
YNL219C,YDR302W,1,-2.309432,0.15012970566749573,0.46299999952316284,0.2621000111103058
YNR043W,YHL004W,0,-2.3094532,0.15008103847503662,0.46299999952316284,0.2621999979019165
YDR409W,YMR257C,0,-2.3096936,0.1500324010848999,0.46299999952316284,0.2623000144958496
YKL195W,YDR517W,0,-2.3097663,0.14998380839824677,0.46299999952316284,0.2624000012874603
YLR373C,YDR392W,0,-2.309882,0.14993523061275482,0.46299999952316284,0.26249998807907104
YNR074C,YNR055C,0,-2.309897,0.14988669753074646,0.46299999952316284,0.26260000467300415
YER126C,YJL044C,0,-2.3100994,0.14983819425106049,0.46299999952316284,0.26269999146461487
YKL063C,YEL034W,0,-2.3102434,0.1497897058725357,0.46299999952316284,0.262800008058548
YLR097C,YDR192C,0,-2.310349,0.1497412621974945,0.46299999952316284,0.2628999948501587
YHR072W,YGL065C,1,-2.3106458,0.1500161588191986,0.46399998664855957,0.2628999948501587
YPR108W,YPL084W,0,-2.310661,0.14996768534183502,0.46399998664855957,0.2630000114440918
YJL006C,YLR208W,0,-2.3107946,0.14991922676563263,0.46399998664855957,0.2630999982357025
YOL043C,YER038C,0,-2.3108861,0.14987079799175262,0.46399998664855957,0.2632000148296356
YIR021W,YHR057C,0,-2.3109448,0.1498224139213562,0.46399998664855957,0.26330000162124634
YLR068W,YDR146C,0,-2.3110132,0.14977404475212097,0.46399998664855957,0.26339998841285706
YDR041W,YCL035C,0,-2.3114684,0.14972572028636932,0.46399998664855957,0.26350000500679016
YJR139C,YNL220W,0,-2.3115273,0.14967742562294006,0.46399998664855957,0.2635999917984009
YDL133C-A,YOR327C,0,-2.3115523,0.149629145860672,0.46399998664855957,0.263700008392334
YGL047W,YLR440C,1,-2.311643,0.1499032825231552,0.4650000035762787,0.263700008392334
YIL120W,YKL077W,0,-2.3116863,0.14985497295856476,0.4650000035762787,0.2637999951839447
YMR192W,YJR129C,0,-2.311713,0.14980670809745789,0.4650000035762787,0.2639000117778778
YKL054C,YMR287C,0,-2.311721,0.1497584581375122,0.4650000035762787,0.2639999985694885
YMR266W,YAR019C,0,-2.3118742,0.14971023797988892,0.4650000035762787,0.26409998536109924
YDL020C,YOL145C,0,-2.3121183,0.149662047624588,0.4650000035762787,0.26420000195503235
YKL114C,YJR068W,0,-2.3122818,0.1496139019727707,0.4650000035762787,0.26429998874664307
YOL108C,YER126C,0,-2.3125894,0.14956577122211456,0.4650000035762787,0.26440000534057617
YOR377W,YCR097W,0,-2.3125937,0.14951768517494202,0.4650000035762787,0.2644999921321869
YMR283C,YGR272C,0,-2.312627,0.14946962893009186,0.4650000035762787,0.26460000872612
YHL025W,YER093C,0,-2.3126667,0.1494215875864029,0.4650000035762787,0.2646999955177307
YKL172W,YHR117W,0,-2.3128512,0.1493735909461975,0.4650000035762787,0.2648000121116638
YMR264W,YGL051W,1,-2.3128564,0.14964675903320312,0.4659999907016754,0.2648000121116638
YLR335W,YLR325C,0,-2.3129642,0.14959871768951416,0.4659999907016754,0.26489999890327454
YDL064W,YOR133W,0,-2.3132696,0.14955070614814758,0.4659999907016754,0.26499998569488525
YLR138W,YOR386W,0,-2.3133066,0.1495027244091034,0.4659999907016754,0.26510000228881836
YAL015C,YGR193C,0,-2.3133385,0.1494547724723816,0.4659999907016754,0.2651999890804291
YNL153C,YOR391C,0,-2.313413,0.14940686523914337,0.4659999907016754,0.2653000056743622
YCR010C,YJL127C,0,-2.313418,0.14935897290706635,0.4659999907016754,0.2653999924659729
YOR269W,YCR028C,0,-2.313431,0.1493111252784729,0.4659999907016754,0.265500009059906
YKL012W,YBR107C,0,-2.3135335,0.14926329255104065,0.4659999907016754,0.2655999958515167
YAL055W,YIL080W,0,-2.3136623,0.14921550452709198,0.4659999907016754,0.26570001244544983
YFR044C,YPL117C,0,-2.3138077,0.1491677314043045,0.4659999907016754,0.26579999923706055
YDR464W,YDR180W,0,-2.313982,0.1491200029850006,0.4659999907016754,0.26589998602867126
YJR060W,YNL190W,0,-2.3140068,0.1490722894668579,0.4659999907016754,0.26600000262260437
YLR453C,YKL018W,0,-2.3141177,0.1490246206521988,0.4659999907016754,0.2660999894142151
YDL211C,YLR034C,0,-2.3141527,0.14897698163986206,0.4659999907016754,0.2662000060081482
YCR026C,YHR017W,0,-2.314425,0.14892937242984772,0.4659999907016754,0.2662999927997589
YJL117W,YFR041C,1,-2.314493,0.14920127391815186,0.46700000762939453,0.2662999927997589
YOR348C,YOR328W,0,-2.3145452,0.14915362000465393,0.46700000762939453,0.266400009393692
YDR206W,YGR054W,0,-2.3146055,0.1491059958934784,0.46700000762939453,0.26649999618530273
YER073W,YOL143C,0,-2.3147428,0.14905841648578644,0.46700000762939453,0.26660001277923584
YOR222W,YPR018W,0,-2.3147714,0.14901085197925568,0.46700000762939453,0.26669999957084656
YPR193C,YIL129C,0,-2.3148174,0.1489633172750473,0.46700000762939453,0.2667999863624573
YMR071C,YFL048C,0,-2.3148406,0.14891581237316132,0.46700000762939453,0.2669000029563904
YGL233W,YBR234C,0,-2.314852,0.1488683521747589,0.46700000762939453,0.2669999897480011
YJL201W,YJL090C,0,-2.314925,0.1488209068775177,0.46700000762939453,0.2671000063419342
YGL167C,YFL002C,0,-2.3149266,0.14877349138259888,0.46700000762939453,0.2671999931335449
YPL010W,YHR005C,0,-2.315153,0.14872612059116364,0.46700000762939453,0.267300009727478
YGL233W,YLR414C,0,-2.31557,0.1486787647008896,0.46700000762939453,0.26739999651908875
YBL058W,YGR165W,0,-2.3155792,0.14863143861293793,0.46700000762939453,0.26750001311302185
YHL022C,YKR099C-A,0,-2.3155794,0.14858415722846985,0.46700000762939453,0.26759999990463257
YIL082W-A,YDR244W,0,-2.3157327,0.14853689074516296,0.46700000762939453,0.2676999866962433
YHR132C,YNL306W,0,-2.315826,0.14848966896533966,0.46700000762939453,0.2678000032901764
YPL256C,YDR522C,0,-2.3158276,0.14844246208667755,0.46700000762939453,0.2678999900817871
YNL330C,YDL185W,0,-2.3158817,0.14839529991149902,0.46700000762939453,0.2680000066757202
YAR018C,YPL244C,0,-2.3159113,0.1483481526374817,0.46700000762939453,0.26809999346733093
YGL014W,YLR033W,0,-2.3159323,0.14830105006694794,0.46700000762939453,0.26820001006126404
YBL028C,YEL006W,0,-2.3160284,0.14825396239757538,0.46700000762939453,0.26829999685287476
YMR195W,YLR381W,0,-2.3160362,0.1482069194316864,0.46700000762939453,0.26840001344680786
YOL052C,YBR084C-A,0,-2.3161528,0.14815989136695862,0.46700000762939453,0.2685000002384186
YDL080C,YDR247W,0,-2.316385,0.14811290800571442,0.46700000762939453,0.2685999870300293
YBR171W,YDL100C,1,-2.3165052,0.1483830064535141,0.46799999475479126,0.2685999870300293
YDR304C,YNL149C,1,-2.3165622,0.14865292608737946,0.4690000116825104,0.2685999870300293
YPL239W,YHR193C,0,-2.3166685,0.1486058235168457,0.4690000116825104,0.2687000036239624
YMR048W,YJR058C,0,-2.3168242,0.14855876564979553,0.4690000116825104,0.2687999904155731
YOL116W,YML023C,0,-2.3169549,0.14851172268390656,0.4690000116825104,0.2689000070095062
YFL049W,YDL101C,0,-2.3169906,0.14846470952033997,0.4690000116825104,0.26899999380111694
YDR188W,YBR093C,0,-2.3169951,0.14841772615909576,0.4690000116825104,0.26910001039505005
YLR335W,YIL029C,0,-2.3170333,0.14837077260017395,0.4690000116825104,0.26919999718666077
YPL074W,YDR144C,0,-2.317229,0.14832384884357452,0.4690000116825104,0.26930001378059387
YJL045W,YIL127C,0,-2.3172586,0.14827695488929749,0.4690000116825104,0.2694000005722046
YIL137C,YLR095C,0,-2.317261,0.14823009073734283,0.4690000116825104,0.2694999873638153
YOR130C,YLL056C,0,-2.3176095,0.14818325638771057,0.4690000116825104,0.2696000039577484
YPL095C,YCR029C-A,0,-2.3177311,0.1481364518404007,0.4690000116825104,0.26969999074935913
YKL174C,YMR055C,0,-2.317823,0.1480896770954132,0.4690000116825104,0.26980000734329224
YKR088C,YFL060C,0,-2.317995,0.1480429321527481,0.4690000116825104,0.26989999413490295
YEL017C-A,YPL117C,0,-2.3180783,0.1479962170124054,0.4690000116825104,0.27000001072883606
YOR201C,YHR020W,0,-2.318145,0.14794953167438507,0.4690000116825104,0.2700999975204468
YOR382W,YJR127C,0,-2.3183126,0.14790287613868713,0.4690000116825104,0.2702000141143799
YPR016C,YDL134C,0,-2.3187745,0.1478562355041504,0.4690000116825104,0.2703000009059906
YHR092C,YOR143C,0,-2.3188164,0.14780963957309723,0.4690000116825104,0.2703999876976013
YGR163W,YAR018C,0,-2.3190765,0.14776307344436646,0.4690000116825104,0.2705000042915344
YER024W,YCR073W-A,0,-2.3192828,0.14771653711795807,0.4690000116825104,0.27059999108314514
YOL105C,YJL140W,0,-2.319342,0.14767003059387207,0.4690000116825104,0.27070000767707825
YBR215W,YHL017W,0,-2.3193629,0.14762353897094727,0.4690000116825104,0.27079999446868896
YCR012W,YDR389W,0,-2.3193762,0.14757709205150604,0.4690000116825104,0.27090001106262207
YFL018W-A,YKL101W,0,-2.3194072,0.1475306749343872,0.4690000116825104,0.2709999978542328
YMR284W,YLR153C,0,-2.3197057,0.14748427271842957,0.4690000116825104,0.2711000144481659
YCR066W,YER183C,0,-2.319846,0.1474379152059555,0.4690000116825104,0.2712000012397766
YER108C,YGL198W,0,-2.3199723,0.14739157259464264,0.4690000116825104,0.27129998803138733
YML085C,YKL185W,0,-2.3199852,0.14734527468681335,0.4690000116825104,0.27140000462532043
YKL063C,YHR011W,0,-2.320061,0.14729899168014526,0.4690000116825104,0.27149999141693115
YIL131C,YNR004W,0,-2.3201816,0.14725275337696075,0.4690000116825104,0.27160000801086426
YOR304W,YNL315C,0,-2.3202207,0.14720652997493744,0.4690000116825104,0.271699994802475
YIL005W,YDR056C,1,-2.3203642,0.14747411012649536,0.4699999988079071,0.271699994802475
YPR019W,YBR043C,0,-2.3205013,0.14742785692214966,0.4699999988079071,0.2718000113964081
YDR176W,YNL306W,0,-2.3207245,0.14738161861896515,0.4699999988079071,0.2718999981880188
YMR160W,YER164W,0,-2.3207414,0.14733542501926422,0.4699999988079071,0.2720000147819519
YNL299W,YDR386W,0,-2.3211205,0.1472892463207245,0.4699999988079071,0.2721000015735626
YOR194C,YKL186C,0,-2.3212585,0.14724311232566833,0.4699999988079071,0.27219998836517334
YPR183W,YML126C,1,-2.3213892,0.14751018583774567,0.47099998593330383,0.27219998836517334
YMR275C,YEL050C,0,-2.3215215,0.14746399223804474,0.47099998593330383,0.27230000495910645
YNL284C,YKR086W,0,-2.3215768,0.1474178433418274,0.47099998593330383,0.27239999175071716
YDL025C,YHR043C,0,-2.3216414,0.14737170934677124,0.47099998593330383,0.27250000834465027
YGR211W,YDL211C,0,-2.3217432,0.14732562005519867,0.47099998593330383,0.272599995136261
YER073W,YDR459C,0,-2.3222113,0.1472795456647873,0.47099998593330383,0.2727000117301941
YKL065C,YPL094C,1,-2.3222508,0.14754611253738403,0.47200000286102295,0.2727000117301941
YCR055C,YLR391W,0,-2.3223934,0.14749999344348907,0.47200000286102295,0.2727999985218048
YDL149W,YBL063W,0,-2.322571,0.1474539190530777,0.47200000286102295,0.2728999853134155
YML039W,YHR085W,0,-2.3226259,0.1474078744649887,0.47200000286102295,0.27300000190734863
YGR272C,YJL081C,0,-2.322883,0.1473618447780609,0.47200000286102295,0.27309998869895935
YKR058W,YEL077C,0,-2.32292,0.1473158597946167,0.47200000286102295,0.27320000529289246
YHR073W,YDR343C,0,-2.323012,0.14726988971233368,0.47200000286102295,0.2732999920845032
YDL145C,YER051W,0,-2.3230975,0.14722394943237305,0.47200000286102295,0.2734000086784363
YKL051W,YGL172W,0,-2.3233354,0.147178053855896,0.47200000286102295,0.273499995470047
YMR233W,YDL220C,0,-2.3234081,0.14713217318058014,0.47200000286102295,0.2736000120639801
YLR410W,YPL192C,0,-2.3234751,0.14708632230758667,0.47200000286102295,0.2736999988555908
YKL213C,YLR126C,0,-2.3236272,0.1470405012369156,0.47200000286102295,0.27379998564720154
YKR088C,YAR007C,0,-2.3236973,0.1469947099685669,0.47200000286102295,0.27390000224113464
YMR242C,YMR160W,0,-2.3240244,0.1469489485025406,0.47200000286102295,0.27399998903274536
YLR190W,YPR138C,0,-2.3241372,0.14690320193767548,0.47200000286102295,0.27410000562667847
YER112W,YBR196C,0,-2.324379,0.14685750007629395,0.47200000286102295,0.2741999924182892
YBR130C,YLR170C,0,-2.324557,0.1468118131160736,0.47200000286102295,0.2743000090122223
YDR476C,YPR063C,1,-2.324623,0.14707711338996887,0.4729999899864197,0.2743000090122223
YIL072W,YLR233C,0,-2.3247893,0.14703139662742615,0.4729999899864197,0.274399995803833
YDR461W,YOR308C,0,-2.3248124,0.1469857096672058,0.4729999899864197,0.2745000123977661
YER073W,YPL089C,0,-2.3248856,0.14694003760814667,0.4729999899864197,0.27459999918937683
YBL009W,YIL052C,0,-2.3249087,0.1468944102525711,0.4729999899864197,0.27469998598098755
YML004C,YKL126W,0,-2.3249712,0.14684879779815674,0.4729999899864197,0.27480000257492065
YFR016C,YGL153W,0,-2.3250682,0.14680323004722595,0.4729999899864197,0.27489998936653137
YOR384W,YJL171C,0,-2.3250852,0.14675767719745636,0.4729999899864197,0.2750000059604645
YNL131W,YPL015C,0,-2.3255193,0.14671215415000916,0.4729999899864197,0.2750999927520752
YJL008C,YPL204W,0,-2.325526,0.14666666090488434,0.4729999899864197,0.2752000093460083
YNL262W,YNL229C,0,-2.3255422,0.1466211974620819,0.4729999899864197,0.275299996137619
YBR058C-A,YNR053C,0,-2.3256142,0.14657576382160187,0.4729999899864197,0.2754000127315521
YKL114C,YIR005W,0,-2.3256547,0.1465303599834442,0.4729999899864197,0.27549999952316284
YOL084W,YLR347C,0,-2.3257093,0.14648498594760895,0.4729999899864197,0.27559998631477356
YGL194C,YGR209C,0,-2.325994,0.14643962681293488,0.4729999899864197,0.27570000290870667
YGL167C,YLR406C,0,-2.3260982,0.14639431238174438,0.4729999899864197,0.2757999897003174
YMR275C,YDR195W,0,-2.3264344,0.1463490128517151,0.4729999899864197,0.2759000062942505
YJR113C,YGR277C,0,-2.3265324,0.14630374312400818,0.4729999899864197,0.2759999930858612
YPL214C,YLL062C,0,-2.3266013,0.14625850319862366,0.4729999899864197,0.2761000096797943
YGR129W,YOR099W,0,-2.3268542,0.14621329307556152,0.4729999899864197,0.27619999647140503
YDR056C,YOR075W,1,-2.3269029,0.1464771330356598,0.4740000069141388,0.27619999647140503
YDR093W,YLR353W,0,-2.3269541,0.14643187820911407,0.4740000069141388,0.27630001306533813
YLL041C,YER078C,0,-2.327057,0.14638665318489075,0.4740000069141388,0.27639999985694885
YBR096W,YER026C,1,-2.3271906,0.14665019512176514,0.4749999940395355,0.27639999985694885
YJL173C,YOL143C,0,-2.3272922,0.14660494029521942,0.4749999940395355,0.27649998664855957
YJL104W,YER127W,0,-2.3275802,0.1465597003698349,0.4749999940395355,0.2766000032424927
YGR277C,YMR061W,0,-2.3276088,0.14651449024677277,0.4749999940395355,0.2766999900341034
YDR284C,YDR342C,0,-2.3276968,0.1464693248271942,0.4749999940395355,0.2768000066280365
YCR034W,YPL076W,1,-2.3278263,0.14673243463039398,0.47600001096725464,0.2768000066280365
YBR126C,YNL281W,0,-2.3281205,0.14668720960617065,0.47600001096725464,0.2768999934196472
YOL018C,YDR376W,0,-2.3281724,0.14664201438426971,0.47600001096725464,0.2770000100135803
YDR285W,YDL166C,0,-2.3284783,0.14659686386585236,0.47600001096725464,0.27709999680519104
YEL016C,YJL081C,0,-2.3285053,0.1465517282485962,0.47600001096725464,0.27720001339912415
YIL129C,YOL004W,0,-2.3286703,0.14650662243366241,0.47600001096725464,0.27730000019073486
YGL090W,YEL069C,0,-2.3287485,0.14646153151988983,0.47600001096725464,0.2773999869823456
YEL046C,YDL216C,0,-2.3288033,0.14641648530960083,0.47600001096725464,0.2775000035762787
YHR196W,YLL002W,0,-2.3289516,0.14637146890163422,0.47600001096725464,0.2775999903678894
YDR408C,YHR026W,0,-2.3290067,0.1463264673948288,0.47600001096725464,0.2777000069618225
YCR071C,YNL241C,0,-2.329074,0.14628149569034576,0.47600001096725464,0.2777999937534332
YAL068C,YPL090C,0,-2.3291986,0.14623655378818512,0.47600001096725464,0.27790001034736633
YEL064C,YNL008C,1,-2.329431,0.14649876952171326,0.47699999809265137,0.27790001034736633
YLR147C,YCL025C,0,-2.329755,0.14645379781723022,0.47699999809265137,0.27799999713897705
YOR265W,YDR446W,0,-2.3300273,0.1464088410139084,0.47699999809265137,0.27810001373291016
YHR191C,YDL075W,0,-2.3301785,0.14636391401290894,0.47699999809265137,0.2782000005245209
YMR303C,YIL088C,0,-2.3302443,0.14631901681423187,0.47699999809265137,0.2782999873161316
YLR277C,YLR455W,0,-2.330525,0.1462741494178772,0.47699999809265137,0.2784000039100647
YLL017W,YIL034C,0,-2.3305824,0.1462293118238449,0.47699999809265137,0.2784999907016754
YDL247W,YFR004W,0,-2.3306704,0.14618448913097382,0.47699999809265137,0.2786000072956085
YLR440C,YNL080C,1,-2.3307,0.1464460790157318,0.4779999852180481,0.2786000072956085
YKL110C,YPR174C,0,-2.331312,0.14640122652053833,0.4779999852180481,0.27869999408721924
YPR042C,YHR043C,0,-2.3313515,0.14635640382766724,0.4779999852180481,0.27880001068115234
YER008C,YIL096C,0,-2.3314316,0.14631159603595734,0.4779999852180481,0.27889999747276306
YPR156C,YAR002W,0,-2.3317764,0.14626683294773102,0.4779999852180481,0.27900001406669617
YHR051W,YDR159W,0,-2.3318808,0.1462220847606659,0.4779999852180481,0.2791000008583069
YPR145W,YBL026W,0,-2.3319027,0.14617736637592316,0.4779999852180481,0.2791999876499176
YBR058C-A,YNR064C,0,-2.3319519,0.1461326777935028,0.4779999852180481,0.2793000042438507
YHR027C,YAL053W,1,-2.332013,0.14639364182949066,0.4790000021457672,0.2793000042438507
YMR016C,YIL109C,0,-2.332219,0.14634890854358673,0.4790000021457672,0.2793999910354614
YAR071W,YJR028W,0,-2.3322248,0.14630421996116638,0.4790000021457672,0.27950000762939453
YCR067C,YOR092W,1,-2.332252,0.14656488597393036,0.47999998927116394,0.27950000762939453
YPL037C,YJR045C,0,-2.3323095,0.14652015268802643,0.47999998927116394,0.27959999442100525
YNL130C,YMR015C,1,-2.332508,0.1467805951833725,0.48100000619888306,0.27959999442100525
YLR051C,YGL135W,0,-2.332599,0.14673581719398499,0.48100000619888306,0.27970001101493835
YDL064W,YIL022W,0,-2.332814,0.14669106900691986,0.48100000619888306,0.2797999978065491
YCR081W,YPL259C,0,-2.332905,0.14664633572101593,0.48100000619888306,0.2799000144004822
YDL138W,YNL188W,0,-2.3332953,0.14660164713859558,0.48100000619888306,0.2800000011920929
YAR035W,YJR121W,0,-2.3335402,0.14655697345733643,0.48100000619888306,0.2800999879837036
YJR118C,YDR057W,1,-2.333679,0.1468169391155243,0.4819999933242798,0.2800999879837036
YDL116W,YMR054W,0,-2.3337004,0.14677223563194275,0.4819999933242798,0.2802000045776367
YPL158C,YML040W,0,-2.3337505,0.1467275470495224,0.4819999933242798,0.28029999136924744
YEL002C,YMR264W,1,-2.3337524,0.1469872146844864,0.4830000102519989,0.28029999136924744
YMR014W,YCL012W,0,-2.3338678,0.14694249629974365,0.4830000102519989,0.28040000796318054
YIL036W,YKL041W,0,-2.3339236,0.1468978077173233,0.4830000102519989,0.28049999475479126
YCL051W,YMR070W,0,-2.3339546,0.14685314893722534,0.4830000102519989,0.28060001134872437
YCR098C,YMR036C,0,-2.334123,0.14680850505828857,0.4830000102519989,0.2806999981403351
YBR096W,YHR036W,1,-2.3342068,0.14706775546073914,0.48399999737739563,0.2806999981403351
YNL004W,YDR214W,0,-2.3342462,0.14702308177947998,0.48399999737739563,0.2808000147342682
YDR190C,YNL137C,0,-2.3344028,0.1469784379005432,0.48399999737739563,0.2809000015258789
YIL049W,YKL203C,0,-2.3345606,0.14693382382392883,0.48399999737739563,0.2809999883174896
YHR132C,YDL090C,0,-2.334581,0.14688922464847565,0.48399999737739563,0.28110000491142273
YDL015C,YFR041C,1,-2.3347178,0.14714805781841278,0.48500001430511475,0.28110000491142273
YBL082C,YIL016W,1,-2.3349028,0.14740672707557678,0.4860000014305115,0.28110000491142273
YGL070C,YDR140W,0,-2.3349137,0.14736203849315643,0.4860000014305115,0.28119999170303345
YJR027W,YMR269W,0,-2.3349686,0.14731736481189728,0.4860000014305115,0.28130000829696655
YDR500C,YER051W,0,-2.3350294,0.1472727209329605,0.4860000014305115,0.28139999508857727
YGR157W,YLR066W,1,-2.335106,0.14753104746341705,0.4869999885559082,0.28139999508857727
YJR119C,YBL009W,0,-2.3351116,0.1474863737821579,0.4869999885559082,0.2815000116825104
YOL112W,YLR067C,0,-2.3352058,0.14744171500205994,0.4869999885559082,0.2815999984741211
YDR266C,YNL129W,0,-2.335351,0.14739710092544556,0.4869999885559082,0.2816999852657318
YBR301W,YDR486C,0,-2.335799,0.14735250174999237,0.4869999885559082,0.2818000018596649
YPR156C,YNL133C,0,-2.33588,0.14730793237686157,0.4869999885559082,0.28189998865127563
YPL013C,YDL040C,0,-2.3360794,0.14726337790489197,0.4869999885559082,0.28200000524520874
YMR142C,YBL046W,0,-2.3361943,0.14721886813640594,0.4869999885559082,0.28209999203681946
YNL232W,YGL222C,0,-2.3362145,0.14717437326908112,0.4869999885559082,0.28220000863075256
YLR426W,YIL143C,0,-2.3362377,0.14712990820407867,0.4869999885559082,0.2822999954223633
YGL210W,YKL201C,0,-2.3363822,0.14708547294139862,0.4869999885559082,0.2824000120162964
YLR385C,YHR216W,0,-2.3363945,0.14704106748104095,0.4869999885559082,0.2824999988079071
YDL143W,YOR073W,0,-2.3365324,0.14699667692184448,0.4869999885559082,0.2825999855995178
YML115C,YGL048C,0,-2.3365393,0.1469523161649704,0.4869999885559082,0.2827000021934509
YBR299W,YPR054W,0,-2.3367245,0.1469080001115799,0.4869999885559082,0.28279998898506165
YOL100W,YNR032C-A,0,-2.3369048,0.1468636840581894,0.4869999885559082,0.28290000557899475
YAR033W,YCL043C,1,-2.3371875,0.1471208930015564,0.4880000054836273,0.28290000557899475
YNR052C,YDL007W,0,-2.3372068,0.1470765471458435,0.4880000054836273,0.28299999237060547
YGR040W,YGL131C,0,-2.337254,0.1470322459936142,0.4880000054836273,0.2831000089645386
YJL065C,YPL178W,0,-2.3373055,0.1469879448413849,0.4880000054836273,0.2831999957561493
YPR189W,YJL042W,0,-2.3374288,0.14694368839263916,0.4880000054836273,0.2833000123500824
YLR377C,YCR037C,0,-2.337517,0.14689946174621582,0.4880000054836273,0.2833999991416931
YER052C,YOL107W,0,-2.3376758,0.14685525000095367,0.4880000054836273,0.28349998593330383
YGL094C,YDR216W,0,-2.337736,0.14681106805801392,0.4880000054836273,0.28360000252723694
YOR201C,YGR087C,0,-2.3379104,0.14676691591739655,0.4880000054836273,0.28369998931884766
YBR196C,YHR196W,0,-2.3381402,0.14672279357910156,0.4880000054836273,0.28380000591278076
YEL057C,YDR280W,0,-2.3386326,0.14667868614196777,0.4880000054836273,0.2838999927043915
YOR247W,YDR027C,0,-2.3387823,0.14663460850715637,0.4880000054836273,0.2840000092983246
YAR014C,YMR092C,0,-2.3388581,0.14659056067466736,0.4880000054836273,0.2840999960899353
YOR222W,YPR169W,0,-2.3390152,0.14654654264450073,0.4880000054836273,0.2842000126838684
YBL100W-A,YLL050C,0,-2.3390393,0.1465025544166565,0.4880000054836273,0.2842999994754791
YDR483W,YHR011W,0,-2.339152,0.14645858108997345,0.4880000054836273,0.28439998626708984
YLR406C,YML069W,0,-2.3391683,0.1464146375656128,0.4880000054836273,0.28450000286102295
YLR310C,YNL106C,0,-2.339631,0.14637072384357452,0.4880000054836273,0.28459998965263367
YLR014C,YOL059W,0,-2.3397264,0.14632683992385864,0.4880000054836273,0.2847000062465668
YKL165C,YDR200C,1,-2.3398488,0.1465827375650406,0.48899999260902405,0.2847000062465668
YOR227W,YML085C,0,-2.3398857,0.14653880894184113,0.48899999260902405,0.2847999930381775
YHR128W,YEL077C,0,-2.339894,0.14649491012096405,0.48899999260902405,0.2849000096321106
YMR077C,YJR132W,0,-2.339896,0.14645102620124817,0.48899999260902405,0.2849999964237213
YMR223W,YPL144W,0,-2.3399937,0.14640718698501587,0.48899999260902405,0.2851000130176544
YJR076C,YFL034C-A,0,-2.340185,0.14636336266994476,0.48899999260902405,0.28519999980926514
YPR187W,YGR169C,0,-2.3402107,0.14631956815719604,0.48899999260902405,0.28529998660087585
YLR406C,YHR026W,0,-2.340556,0.14627580344676971,0.48899999260902405,0.28540000319480896
YJR091C,YDL207W,0,-2.340772,0.14623205363750458,0.48899999260902405,0.2854999899864197
YER112W,YMR088C,0,-2.3408659,0.14618833363056183,0.48899999260902405,0.2856000065803528
YDL065C,YDR488C,0,-2.3409946,0.14614464342594147,0.48899999260902405,0.2856999933719635
YOR002W,YER083C,1,-2.3410785,0.14639976620674133,0.49000000953674316,0.2856999933719635
YPL150W,YLR409C,0,-2.3411615,0.1463560312986374,0.49000000953674316,0.2858000099658966
YKL138C,YBR108W,0,-2.3411877,0.14631232619285583,0.49000000953674316,0.2858999967575073
YOL103W,YKL096W,0,-2.3412678,0.14626865088939667,0.49000000953674316,0.28600001335144043
YJL151C,YPL047W,0,-2.3412933,0.1462250053882599,0.49000000953674316,0.28610000014305115
YER138C,YKL026C,0,-2.3413007,0.1461813896894455,0.49000000953674316,0.28619998693466187
YJL013C,YDL141W,0,-2.34136,0.1461377888917923,0.49000000953674316,0.28630000352859497
YJL056C,YMR143W,0,-2.3413978,0.1460942178964615,0.49000000953674316,0.2863999903202057
YPL208W,YJL170C,0,-2.341427,0.14605067670345306,0.49000000953674316,0.2865000069141388
YDL153C,YAR014C,0,-2.3414762,0.14600715041160583,0.49000000953674316,0.2865999937057495
YMR051C,YPR166C,0,-2.3415742,0.145963653922081,0.49000000953674316,0.2867000102996826
YMR045C,YLR193C,0,-2.341667,0.14592018723487854,0.49000000953674316,0.28679999709129333
YNL117W,YPL061W,0,-2.3416922,0.14587675034999847,0.49000000953674316,0.28690001368522644
YBR002C,YHR190W,1,-2.341699,0.14613094925880432,0.4909999966621399,0.28690001368522644
YGR165W,YGR256W,0,-2.3417563,0.14608746767044067,0.4909999966621399,0.28700000047683716
YPR100W,YDR348C,0,-2.3418276,0.14604401588439941,0.4909999966621399,0.2870999872684479
YDR083W,YER090W,0,-2.34222,0.14600059390068054,0.4909999966621399,0.287200003862381
YML121W,YLR239C,0,-2.342312,0.14595718681812286,0.4909999966621399,0.2872999906539917
YER007W,YKR028W,0,-2.3423355,0.14591382443904877,0.4909999966621399,0.2874000072479248
YMR129W,YGR111W,0,-2.342355,0.14587046205997467,0.4909999966621399,0.2874999940395355
YAR010C,YDL046W,0,-2.342693,0.14582714438438416,0.4909999966621399,0.28760001063346863
YDL191W,YER031C,0,-2.3429275,0.14578384160995483,0.4909999966621399,0.28769999742507935
YKL027W,YLR193C,0,-2.343074,0.1457405686378479,0.4909999966621399,0.28780001401901245
YDR030C,YBR129C,0,-2.3431659,0.14569732546806335,0.4909999966621399,0.28790000081062317
YPR133C,YCR071C,0,-2.3432057,0.1456541121006012,0.4909999966621399,0.2879999876022339
YPL122C,YJL173C,0,-2.3432062,0.14561091363430023,0.4909999966621399,0.288100004196167
YGL256W,YBL013W,0,-2.3434184,0.14556774497032166,0.4909999966621399,0.2881999909877777
YDR071C,YML005W,0,-2.3434188,0.14552460610866547,0.4909999966621399,0.2883000075817108
YER100W,YNL219C,1,-2.3435528,0.14577777683734894,0.492000013589859,0.2883000075817108
YDR312W,YDL040C,0,-2.3438017,0.14573459327220917,0.492000013589859,0.28839999437332153
YPL194W,YKL135C,0,-2.3438993,0.14569143950939178,0.492000013589859,0.28850001096725464
YOR044W,YNL146W,1,-2.3439753,0.14594434201717377,0.49300000071525574,0.28850001096725464
YMR055C,YPL126W,0,-2.3440912,0.145901158452034,0.49300000071525574,0.28859999775886536
YGL047W,YLR292C,1,-2.344114,0.14615385234355927,0.49399998784065247,0.28859999775886536
YFR055W,YPR201W,0,-2.3441503,0.1461106240749359,0.49399998784065247,0.28870001435279846
YHL022C,YJR025C,0,-2.3442152,0.14606741070747375,0.49399998784065247,0.2888000011444092
YAR007C,YAL029C,0,-2.3442504,0.14602424204349518,0.49399998784065247,0.2888999879360199
YNL267W,YER016W,0,-2.3444018,0.1459810882806778,0.49399998784065247,0.289000004529953
YBR161W,YNL281W,0,-2.3444083,0.1459379643201828,0.49399998784065247,0.2890999913215637
YDR076W,YOR396W,0,-2.3445048,0.145894855260849,0.49399998784065247,0.2892000079154968
YLR466W,YPL055C,0,-2.3445609,0.14585179090499878,0.49399998784065247,0.28929999470710754
YDL147W,YPL043W,0,-2.3446465,0.14580874145030975,0.49399998784065247,0.28940001130104065
YPL041C,YPL060W,0,-2.3448188,0.14576570689678192,0.49399998784065247,0.28949999809265137
YKR088C,YHR201C,0,-2.3449504,0.14572271704673767,0.49399998784065247,0.2896000146865845
YPL128C,YMR301C,0,-2.345223,0.14567974209785461,0.49399998784065247,0.2897000014781952
YKL034W,YKL108W,0,-2.345381,0.14563679695129395,0.49399998784065247,0.2897999882698059
YJL078C,YDL214C,0,-2.34561,0.14559386670589447,0.49399998784065247,0.289900004863739
YNL310C,YLR182W,0,-2.3456776,0.14555096626281738,0.49399998784065247,0.28999999165534973
YHR186C,YBL005W-A,0,-2.3462663,0.14550809562206268,0.49399998784065247,0.29010000824928284
YLR132C,YGR223C,0,-2.3463676,0.14546525478363037,0.49399998784065247,0.29019999504089355
YKL001C,YDR386W,0,-2.3464115,0.14542242884635925,0.49399998784065247,0.29030001163482666
YOL043C,YGL037C,0,-2.3466065,0.14537963271141052,0.49399998784065247,0.2903999984264374
YDL092W,YCL019W,0,-2.3468726,0.14533686637878418,0.49399998784065247,0.2904999852180481
YGR076C,YNL009W,0,-2.346896,0.14529411494731903,0.49399998784065247,0.2906000018119812
YLR138W,YGR217W,0,-2.3469284,0.14525139331817627,0.49399998784065247,0.2906999886035919
YGR198W,YLR347C,0,-2.3472316,0.1452087014913559,0.49399998784065247,0.290800005197525
YLR115W,YPR060C,0,-2.3474267,0.14516602456569672,0.49399998784065247,0.29089999198913574
YER075C,YDR517W,0,-2.3474607,0.14512337744235992,0.49399998784065247,0.29100000858306885
YEL062W,YNR055C,0,-2.347572,0.14508076012134552,0.49399998784065247,0.29109999537467957
YNL046W,YCL043C,1,-2.347585,0.14533177018165588,0.4950000047683716,0.29109999537467957
YDL093W,YMR161W,1,-2.3478265,0.1455826312303543,0.4959999918937683,0.29109999537467957
YJL219W,YMR046C,0,-2.3478343,0.14553990960121155,0.4959999918937683,0.29120001196861267
YJR074W,YOR143C,0,-2.347901,0.14549721777439117,0.4959999918937683,0.2912999987602234
YHR113W,YDL174C,0,-2.3480031,0.145454540848732,0.4959999918937683,0.2913999855518341
YDL081C,YOR279C,0,-2.3480127,0.1454119086265564,0.4959999918937683,0.2915000021457672
YDR211W,YLR418C,0,-2.3480215,0.145369291305542,0.4959999918937683,0.29159998893737793
YGL136C,YGR111W,0,-2.3481617,0.14532668888568878,0.4959999918937683,0.29170000553131104
YCL005W-A,YMR180C,0,-2.3482149,0.14528413116931915,0.4959999918937683,0.29179999232292175
YPL094C,YGR038W,1,-2.3488314,0.14553441107273102,0.4970000088214874,0.29179999232292175
YDR280W,YLR288C,0,-2.3489797,0.1454918086528778,0.4970000088214874,0.29190000891685486
YGR284C,YER116C,0,-2.3492024,0.1454492211341858,0.4970000088214874,0.2919999957084656
YPR183W,YLR450W,1,-2.3493354,0.14569923281669617,0.49799999594688416,0.2919999957084656
YBL099W,YGR221C,0,-2.3494978,0.14565663039684296,0.49799999594688416,0.2921000123023987
YOL104C,YCR040W,0,-2.3495226,0.14561402797698975,0.49799999594688416,0.2921999990940094
YHL002W,YPL096W,0,-2.349791,0.14557147026062012,0.49799999594688416,0.2922999858856201
YKR088C,YNR053C,0,-2.3499157,0.14552892744541168,0.49799999594688416,0.2924000024795532
YNL263C,YML130C,1,-2.3503191,0.14577855169773102,0.49900001287460327,0.2924000024795532
YEL036C,YJR139C,0,-2.350398,0.1457359790802002,0.49900001287460327,0.29249998927116394
YER061C,YEL034W,0,-2.3504305,0.14569343626499176,0.49900001287460327,0.29260000586509705
YML076C,YKR020W,0,-2.3505676,0.14565090835094452,0.49900001287460327,0.29269999265670776
YJR120W,YOR133W,0,-2.350568,0.14560841023921967,0.49900001287460327,0.29280000925064087
YLR075W,YLL061W,0,-2.350668,0.145565927028656,0.49900001287460327,0.2928999960422516
YJL103C,YPR185W,0,-2.350835,0.14552347362041473,0.49900001287460327,0.2930000126361847
YGL068W,YHR051W,0,-2.351095,0.14548105001449585,0.49900001287460327,0.2930999994277954
YGR278W,YBR158W,0,-2.351251,0.14543864130973816,0.49900001287460327,0.29319998621940613
YNL102W,YDL247W,0,-2.3513286,0.14539627730846405,0.49900001287460327,0.29330000281333923
YPL121C,YDL109C,0,-2.351436,0.14535391330718994,0.49900001287460327,0.29339998960494995
YBR296C,YBR035C,0,-2.351465,0.14531159400939941,0.49900001287460327,0.29350000619888306
YNL070W,YAL043C,0,-2.3516438,0.14526928961277008,0.49900001287460327,0.2935999929904938
YMR166C,YAL001C,0,-2.3517392,0.14522701501846313,0.49900001287460327,0.2937000095844269
YGL141W,YOL137W,0,-2.3517585,0.14518475532531738,0.49900001287460327,0.2937999963760376
YOL165C,YLR455W,0,-2.3518236,0.14514252543449402,0.49900001287460327,0.2939000129699707
YMR266W,YDL033C,0,-2.3518963,0.14510032534599304,0.49900001287460327,0.2939999997615814
YHR160C,YDR447C,0,-2.351961,0.14505814015865326,0.49900001287460327,0.29409998655319214
YPL149W,YNL315C,0,-2.352141,0.14501598477363586,0.49900001287460327,0.29420000314712524
YOL091W,YMR009W,0,-2.3521938,0.14497385919094086,0.49900001287460327,0.29429998993873596
YLR097C,YAL021C,0,-2.3522556,0.14493174850940704,0.49900001287460327,0.29440000653266907
YPL040C,YBL041W,0,-2.35231,0.14488966763019562,0.49900001287460327,0.2944999933242798
YMR048W,YFL047W,0,-2.3524644,0.14484760165214539,0.49900001287460327,0.2946000099182129
YJL094C,YKL004W,0,-2.3525794,0.14480556547641754,0.49900001287460327,0.2946999967098236
YER021W,YGR254W,0,-2.3525898,0.14476355910301208,0.49900001287460327,0.2948000133037567
YOR136W,YIL017W,0,-2.3526633,0.14472158253192902,0.49900001287460327,0.29490000009536743
YOR380W,YNL279W,0,-2.352721,0.14467962086200714,0.49900001287460327,0.29499998688697815
YCR017C,YPL069C,0,-2.3528106,0.14463767409324646,0.49900001287460327,0.29510000348091125
YJL143W,YKR090W,0,-2.3528306,0.14459577202796936,0.49900001287460327,0.295199990272522
YDR393W,YDR044W,0,-2.353013,0.14455388486385345,0.49900001287460327,0.2953000068664551
YJL128C,YOR168W,0,-2.3530133,0.14451201260089874,0.49900001287460327,0.2953999936580658
YAL034W-A,YOR087W,0,-2.3531454,0.1444701850414276,0.49900001287460327,0.2955000102519989
YKL190W,YMR088C,0,-2.3531911,0.14442835748195648,0.49900001287460327,0.2955999970436096
YDR224C,YCR052W,0,-2.3534021,0.14438657462596893,0.49900001287460327,0.2957000136375427
YGR266W,YOR393W,0,-2.353475,0.14434480667114258,0.49900001287460327,0.29580000042915344
YPR171W,YOR354C,0,-2.3534892,0.1443030685186386,0.49900001287460327,0.29589998722076416
YOR329C,YGR087C,0,-2.3537397,0.14426134526729584,0.49900001287460327,0.29600000381469727
YNL045W,YEL029C,0,-2.353853,0.14421965181827545,0.49900001287460327,0.296099990606308
YPL213W,YOR115C,0,-2.35407,0.14417798817157745,0.49900001287460327,0.2962000072002411
YDL190C,YPL055C,0,-2.354149,0.14413633942604065,0.49900001287460327,0.2962999939918518
YDR239C,YGL112C,0,-2.354196,0.14409472048282623,0.49900001287460327,0.2964000105857849
YJL115W,YML131W,0,-2.3542006,0.144053116440773,0.49900001287460327,0.29649999737739563
YDL092W,YGL243W,0,-2.3543015,0.14401154220104218,0.49900001287460327,0.29660001397132874
YML056C,YLL002W,0,-2.3543422,0.14396999776363373,0.49900001287460327,0.29670000076293945
YOR201C,YLR410W,0,-2.3544505,0.14392846822738647,0.49900001287460327,0.29679998755455017
YGR215W,YHL024W,0,-2.3545043,0.1438869684934616,0.49900001287460327,0.2969000041484833
YOL042W,YBR107C,0,-2.3546703,0.14384548366069794,0.49900001287460327,0.296999990940094
YPR036W,YKR087C,0,-2.3548079,0.14380402863025665,0.49900001287460327,0.2971000075340271
YMR101C,YEL077C,0,-2.3550775,0.14376260340213776,0.49900001287460327,0.2971999943256378
YNL191W,YJL114W,0,-2.355091,0.14372119307518005,0.49900001287460327,0.2973000109195709
YBL072C,YGR087C,0,-2.3553302,0.14367981255054474,0.49900001287460327,0.29739999771118164
YBR069C,YBL015W,0,-2.3553448,0.1436384618282318,0.49900001287460327,0.29750001430511475
YDL029W,YNL261W,0,-2.355373,0.14359712600708008,0.49900001287460327,0.29760000109672546
YNR019W,YDL121C,1,-2.3554711,0.14384350180625916,0.5,0.29760000109672546
YOL042W,YNL152W,0,-2.3556,0.14380212128162384,0.5,0.2976999878883362
YBL100W-A,YDR422C,0,-2.3556323,0.1437607854604721,0.5,0.2978000044822693
YHR079C-A,YLR193C,0,-2.3558948,0.14371946454048157,0.5,0.29789999127388
YOR241W,YIR008C,0,-2.3559625,0.14367815852165222,0.5,0.2980000078678131
YIL077C,YOL120C,0,-2.3560789,0.14363688230514526,0.5,0.29809999465942383
YJR145C,YPR194C,0,-2.3561785,0.1435956358909607,0.5,0.29820001125335693
YML063W,YNL063W,0,-2.3562143,0.14355440437793732,0.5,0.29829999804496765
YNL186W,YDL143W,0,-2.3562727,0.14351320266723633,0.5,0.29840001463890076
YGR144W,YLR013W,0,-2.356301,0.14347201585769653,0.5,0.2985000014305115
YBL010C,YHR005C,0,-2.3563013,0.14343087375164032,0.5,0.2985999882221222
YLR079W,YIL067C,0,-2.3564677,0.1433897316455841,0.5,0.2987000048160553
YJR102C,YLR045C,0,-2.3566895,0.14334861934185028,0.5,0.298799991607666
YPR122W,YGR166W,0,-2.356775,0.14330753684043884,0.5,0.2989000082015991
YBL058W,YDR457W,0,-2.35694,0.1432664692401886,0.5,0.29899999499320984
YOR028C,YCL048W,0,-2.356974,0.14322543144226074,0.5,0.29910001158714294
YDL108W,YFR025C,0,-2.3573446,0.14318442344665527,0.5,0.29919999837875366
YHR215W,YNL093W,0,-2.3574069,0.143143430352211,0.5,0.2992999851703644
YMR138W,YDR179C,0,-2.357415,0.1431024670600891,0.5,0.2994000017642975
YER133W,YJR156C,0,-2.3574612,0.14306151866912842,0.5,0.2994999885559082
YBR200W,YHR002W,0,-2.3574655,0.1430206000804901,0.5,0.2996000051498413
YIL002C,YEL066W,0,-2.3577845,0.142979696393013,0.5,0.299699991941452
YBL004W,YPR101W,0,-2.3579648,0.14293882250785828,0.5,0.29980000853538513
YLR148W,YMR067C,0,-2.3581073,0.14289796352386475,0.5,0.29989999532699585
YIL082W-A,YFR049W,0,-2.3581178,0.1428571492433548,0.5,0.30000001192092896
YJR131W,YGL027C,1,-2.3582175,0.14310197532176971,0.5009999871253967,0.30000001192092896
YJL006C,YGR037C,0,-2.358435,0.143061101436615,0.5009999871253967,0.3000999987125397
YAL062W,YPR121W,0,-2.3584394,0.14302027225494385,0.5009999871253967,0.3001999855041504
YOL007C,YML046W,0,-2.3587391,0.1429794579744339,0.5009999871253967,0.3003000020980835
YGL038C,YBL036C,0,-2.3587701,0.14293865859508514,0.5009999871253967,0.3003999888896942
YOR117W,YPR119W,0,-2.3589752,0.14289788901805878,0.5009999871253967,0.3005000054836273
YJL026W,YOL109W,0,-2.3591037,0.1428571492433548,0.5009999871253967,0.30059999227523804
YOL058W,YOR305W,0,-2.3592353,0.142816424369812,0.5009999871253967,0.30070000886917114
YGR076C,YKR009C,0,-2.3593748,0.14277571439743042,0.5009999871253967,0.30079999566078186
YLR001C,YOL005C,0,-2.3594017,0.1427350491285324,0.5009999871253967,0.30090001225471497
YDR498C,YOL088C,1,-2.3595684,0.1429792046546936,0.5019999742507935,0.30090001225471497
YMR025W,YOL078W,0,-2.3598115,0.142938494682312,0.5019999742507935,0.3009999990463257
YKL008C,YER087C-A,1,-2.3599062,0.14318247139453888,0.503000020980835,0.3009999990463257
YCR047C,YBR065C,0,-2.3599846,0.1431417167186737,0.503000020980835,0.3010999858379364
YDR454C,YPL169C,0,-2.3600228,0.14310099184513092,0.503000020980835,0.3012000024318695
YNL075W,YIL084C,0,-2.3610592,0.14306029677391052,0.503000020980835,0.3012999892234802
YKL013C,YPL262W,0,-2.3611825,0.14301961660385132,0.503000020980835,0.30140000581741333
YKL135C,YDL083C,0,-2.361224,0.1429789662361145,0.503000020980835,0.30149999260902405
YOR202W,YCR094W,0,-2.3616183,0.14293833076953888,0.503000020980835,0.30160000920295715
YOR245C,YML078W,0,-2.3618984,0.14289772510528564,0.503000020980835,0.30169999599456787
YNL020C,YBR084W,0,-2.3622139,0.1428571492433548,0.503000020980835,0.301800012588501
YJR153W,YHR089C,0,-2.3624446,0.14281658828258514,0.503000020980835,0.3018999993801117
YMR036C,YNL220W,0,-2.3625762,0.14277604222297668,0.503000020980835,0.3019999861717224
YHR015W,YJL096W,0,-2.3626592,0.1427355259656906,0.503000020980835,0.3021000027656555
YML081C-A,YML094W,0,-2.3626633,0.14269503951072693,0.503000020980835,0.30219998955726624
YNR039C,YOR085W,1,-2.3627956,0.14293816685676575,0.5040000081062317,0.30219998955726624
YLL031C,YDR434W,1,-2.3636434,0.14318117499351501,0.5049999952316284,0.30219998955726624
YPL010W,YBR081C,0,-2.363695,0.14314058423042297,0.5049999952316284,0.30230000615119934
YOL112W,YGR041W,0,-2.3639255,0.14310002326965332,0.5049999952316284,0.30239999294281006
YNL093W,YDR325W,0,-2.3641362,0.14305949211120605,0.5049999952316284,0.30250000953674316
YGL125W,YLR385C,0,-2.364204,0.14301897585391998,0.5049999952316284,0.3025999963283539
YOL122C,YDR040C,0,-2.364213,0.1429784893989563,0.5049999952316284,0.302700012922287
YIR008C,YGR158C,0,-2.364331,0.1429380178451538,0.5049999952316284,0.3027999997138977
YPL012W,YOL089C,0,-2.3645084,0.1428975611925125,0.5049999952316284,0.3028999865055084
YNL301C,YCL008C,0,-2.3645132,0.1428571492433548,0.5049999952316284,0.30300000309944153
YOR026W,YCR027C,0,-2.3646076,0.14281673729419708,0.5049999952316284,0.30309998989105225
YNL154C,YLR320W,0,-2.3646336,0.14277637004852295,0.5049999952316284,0.30320000648498535
YDR081C,YDL143W,0,-2.3646677,0.14273600280284882,0.5049999952316284,0.30329999327659607
YDR376W,YFR002W,0,-2.364672,0.14269568026065826,0.5049999952316284,0.3034000098705292
YER014W,YOR211C,0,-2.364688,0.1426553726196289,0.5049999952316284,0.3034999966621399
YKL158W,YHL006C,0,-2.3649826,0.14261507987976074,0.5049999952316284,0.303600013256073
YBL017C,YIL008W,0,-2.3650596,0.14257481694221497,0.5049999952316284,0.3037000000476837
YGR156W,YNL063W,0,-2.3651192,0.14253456890583038,0.5049999952316284,0.30379998683929443
YFR019W,YKL220C,0,-2.3651662,0.1424943506717682,0.5049999952316284,0.30390000343322754
YEL050C,YGR134W,0,-2.365238,0.14245416224002838,0.5049999952316284,0.30399999022483826
YDR078C,YCR014C,0,-2.3653307,0.14241398870944977,0.5049999952316284,0.30410000681877136
YNL302C,YAL015C,0,-2.365367,0.14237383008003235,0.5049999952316284,0.3041999936103821
YOL103W,YLR074C,0,-2.3653874,0.1423337161540985,0.5049999952316284,0.3043000102043152
YJR068W,YOR332W,0,-2.3656442,0.14229360222816467,0.5049999952316284,0.3043999969959259
YPL087W,YDR196C,1,-2.3656642,0.14253520965576172,0.5059999823570251,0.3043999969959259
YML018C,YGL203C,0,-2.365715,0.1424950659275055,0.5059999823570251,0.304500013589859
YOR144C,YHR004C,0,-2.365957,0.14245495200157166,0.5059999823570251,0.3046000003814697
YEL064C,YGL065C,1,-2.3659673,0.1426963061094284,0.5070000290870667,0.3046000003814697
YNL063W,YPR188C,0,-2.3664489,0.14265616238117218,0.5070000290870667,0.30469998717308044
YKL062W,YMR246W,0,-2.3665407,0.14261603355407715,0.5070000290870667,0.30480000376701355
YBL017C,YGR148C,0,-2.3666399,0.1425759345293045,0.5070000290870667,0.30489999055862427
YPL239W,YMR238W,0,-2.3666766,0.14253585040569305,0.5070000290870667,0.3050000071525574
YBL025W,YGL179C,0,-2.366713,0.1424957811832428,0.5070000290870667,0.3050999939441681
YHR171W,YJL021C,0,-2.3667738,0.14245574176311493,0.5070000290870667,0.3052000105381012
YGR179C,YPR119W,0,-2.3672206,0.14241573214530945,0.5070000290870667,0.3052999973297119
YBR171W,YBR183W,1,-2.3673496,0.14265654981136322,0.5080000162124634,0.3052999973297119
YNL268W,YKL062W,0,-2.3674104,0.14261651039123535,0.5080000162124634,0.305400013923645
YCL061C,YBR294W,0,-2.3674266,0.14257648587226868,0.5080000162124634,0.30550000071525574
YNL191W,YPL118W,0,-2.3674347,0.1425364762544632,0.5080000162124634,0.30559998750686646
YBR207W,YPL063W,0,-2.3675292,0.1424964964389801,0.5080000162124634,0.30570000410079956
YFL033C,YMR273C,0,-2.368107,0.1424565315246582,0.5080000162124634,0.3057999908924103
YCL030C,YER093C,0,-2.3681867,0.1424165964126587,0.5080000162124634,0.3059000074863434
YPL200W,YKR022C,1,-2.368243,0.14265695214271545,0.5090000033378601,0.3059000074863434
YOR076C,YCL026C-B,0,-2.3684523,0.14261697232723236,0.5090000033378601,0.3059999942779541
YMR054W,YLR438C-A,0,-2.3684638,0.14257703721523285,0.5090000033378601,0.3061000108718872
YJL117W,YBR004C,1,-2.36856,0.14281713962554932,0.5099999904632568,0.3061000108718872
YIL033C,YMR087W,0,-2.3685648,0.14277715981006622,0.5099999904632568,0.3061999976634979
YML058W,YFL059W,0,-2.3687115,0.14273719489574432,0.5099999904632568,0.30630001425743103
YKR058W,YMR165C,0,-2.3687608,0.1426972597837448,0.5099999904632568,0.30640000104904175
YBR136W,YDR451C,0,-2.368907,0.1426573395729065,0.5099999904632568,0.30649998784065247
YPR108W,YDR037W,0,-2.3689668,0.14261744916439056,0.5099999904632568,0.30660000443458557
YNL281W,YER030W,0,-2.3690145,0.14257757365703583,0.5099999904632568,0.3066999912261963
YHR079C,YJR073C,1,-2.3690312,0.14281721413135529,0.5109999775886536,0.3066999912261963
YBR096W,YGR199W,1,-2.3691564,0.143056720495224,0.5120000243186951,0.3066999912261963
YNL259C,YML012W,0,-2.3693812,0.1430167555809021,0.5120000243186951,0.3068000078201294
YDR477W,YDL085W,0,-2.3696551,0.1429768204689026,0.5120000243186951,0.3068999946117401
YKR093W,YPL198W,0,-2.3696957,0.14293690025806427,0.5120000243186951,0.3070000112056732
YBR096W,YMR013C,1,-2.369863,0.1431761085987091,0.5130000114440918,0.3070000112056732
YGR263C,YPR091C,1,-2.3699064,0.1434151828289032,0.5139999985694885,0.3070000112056732
YJL050W,YLR098C,0,-2.3699734,0.14337517321109772,0.5139999985694885,0.30709999799728394
YPL084W,YPR055W,0,-2.3699753,0.14333519339561462,0.5139999985694885,0.30720001459121704
YDR055W,YJL221C,0,-2.3699799,0.14329522848129272,0.5139999985694885,0.30730000138282776
YMR264W,YBR265W,1,-2.3701608,0.14353400468826294,0.5149999856948853,0.30730000138282776
YMR089C,YAL062W,0,-2.3701959,0.14349400997161865,0.5149999856948853,0.3073999881744385
YLR426W,YDR177W,0,-2.3701966,0.14345404505729675,0.5149999856948853,0.3075000047683716
YBR231C,YGR086C,0,-2.370221,0.14341409504413605,0.5149999856948853,0.3075999915599823
YGR109W-B,YGR085C,0,-2.370311,0.14337415993213654,0.5149999856948853,0.3077000081539154
YOR383C,YDR216W,0,-2.3703635,0.1433342546224594,0.5149999856948853,0.3077999949455261
YNL135C,YBR213W,0,-2.3704805,0.14329437911510468,0.5149999856948853,0.30790001153945923
YDR001C,YLR308W,0,-2.3706465,0.14325451850891113,0.5149999856948853,0.30799999833106995
YER190W,YML032C,0,-2.370765,0.14321468770503998,0.5149999856948853,0.30809998512268066
YMR019W,YLR109W,0,-2.3709033,0.14317487180233002,0.5149999856948853,0.30820000171661377
YDL006W,YNL217W,0,-2.370922,0.14313507080078125,0.5149999856948853,0.3082999885082245
YNL210W,YHR074W,0,-2.3710313,0.14309529960155487,0.5149999856948853,0.3084000051021576
YNL008C,YLR064W,1,-2.3714974,0.1433333307504654,0.515999972820282,0.3084000051021576
YDR005C,YLR442C,0,-2.3715055,0.14329352974891663,0.515999972820282,0.3084999918937683
YNL068C,YEL056W,0,-2.3716645,0.14325374364852905,0.515999972820282,0.3086000084877014
YDR074W,YOR141C,0,-2.3725402,0.14321398735046387,0.515999972820282,0.30869999527931213
YNL290W,YPL180W,0,-2.3728247,0.14317424595355988,0.515999972820282,0.30880001187324524
YIL020C,YHR014W,0,-2.3730812,0.14313453435897827,0.515999972820282,0.30889999866485596
YEL002C,YNR019W,1,-2.3731027,0.14337216317653656,0.5170000195503235,0.30889999866485596
YNR035C,YPR188C,0,-2.373279,0.14333240687847137,0.5170000195503235,0.3089999854564667
YEL017C-A,YOL005C,0,-2.3732836,0.14329268038272858,0.5170000195503235,0.3091000020503998
YER082C,YMR203W,0,-2.3733184,0.14325298368930817,0.5170000195503235,0.3091999888420105
YJR006W,YBR166C,0,-2.3733318,0.14321330189704895,0.5170000195503235,0.3093000054359436
YDR276C,YMR048W,0,-2.3734398,0.14317363500595093,0.5170000195503235,0.3093999922275543
YBL010C,YDR464W,0,-2.3735096,0.1431339979171753,0.5170000195503235,0.3095000088214874
YJL173C,YJL183W,0,-2.3737466,0.14309437572956085,0.5170000195503235,0.30959999561309814
YOL043C,YBR189W,0,-2.3739688,0.1430547833442688,0.5170000195503235,0.30970001220703125
YLR174W,YIL126W,0,-2.3739698,0.14301522076129913,0.5170000195503235,0.30979999899864197
YER006W,YEL029C,0,-2.374072,0.14297565817832947,0.5170000195503235,0.3098999857902527
YOL112W,YML012W,0,-2.3741472,0.14293614029884338,0.5170000195503235,0.3100000023841858
YPL066W,YBR237W,0,-2.3741815,0.1428966224193573,0.5170000195503235,0.3100999891757965
YDR466W,YBR233W-A,0,-2.3743916,0.1428571492433548,0.5170000195503235,0.3102000057697296
YCR004C,YPL063W,0,-2.3744297,0.1428176760673523,0.5170000195503235,0.31029999256134033
YIL004C,YER044C,1,-2.3744435,0.14305441081523895,0.5180000066757202,0.31029999256134033
YKL122C,YER078C,0,-2.3749497,0.14301490783691406,0.5180000066757202,0.31040000915527344
YKL148C,YDR517W,0,-2.3749635,0.14297543466091156,0.5180000066757202,0.31049999594688416
YDR389W,YLR172C,0,-2.3750083,0.14293597638607025,0.5180000066757202,0.31060001254081726
YDR503C,YDL004W,0,-2.375019,0.14289654791355133,0.5180000066757202,0.310699999332428
YDR322C-A,YBR091C,0,-2.375141,0.1428571492433548,0.5180000066757202,0.3107999861240387
YDR328C,YGL135W,0,-2.3755708,0.14281775057315826,0.5180000066757202,0.3109000027179718
YDR377W,YOR304C-A,0,-2.3757906,0.1427783966064453,0.5180000066757202,0.3109999895095825
YER014W,YAL025C,0,-2.3758488,0.14273904263973236,0.5180000066757202,0.3111000061035156
YHR020W,YAR009C,0,-2.3758516,0.1426997184753418,0.5180000066757202,0.31119999289512634
YDR227W,YNL129W,0,-2.3759742,0.14266042411327362,0.5180000066757202,0.31130000948905945
YBR289W,YHR111W,0,-2.3760028,0.14262114465236664,0.5180000066757202,0.31139999628067017
YNL176C,YNL217W,0,-2.3760922,0.14258189499378204,0.5180000066757202,0.31150001287460327
YEL057C,YJR151C,0,-2.3761542,0.14254264533519745,0.5180000066757202,0.311599999666214
YIL095W,YDL077C,0,-2.3763056,0.14250344038009644,0.5180000066757202,0.3116999864578247
YBL017C,YOR257W,0,-2.3763692,0.14246425032615662,0.5180000066757202,0.3118000030517578
YGL169W,YOR128C,0,-2.3767986,0.142425075173378,0.5180000066757202,0.31189998984336853
YEL015W,YDR050C,0,-2.3769143,0.14238592982292175,0.5180000066757202,0.31200000643730164
YIL128W,YBR160W,0,-2.3770387,0.1423467993736267,0.5180000066757202,0.31209999322891235
YHR056C,YDR376W,0,-2.3770711,0.14230769872665405,0.5180000066757202,0.31220000982284546
YKL197C,YPL041C,0,-2.3775673,0.1422686129808426,0.5180000066757202,0.3122999966144562
YNL118C,YDR011W,0,-2.377652,0.14222954213619232,0.5180000066757202,0.3124000132083893
YKR088C,YLR425W,0,-2.3777654,0.14219050109386444,0.5180000066757202,0.3125
YDR306C,YBR059C,0,-2.3778126,0.14215147495269775,0.5180000066757202,0.3125999867916107
YNL046W,YDL072C,1,-2.377989,0.14238682389259338,0.5189999938011169,0.3125999867916107
YPL131W,YDR378C,0,-2.3780406,0.1423477828502655,0.5189999938011169,0.3127000033855438
YJL128C,YNL247W,0,-2.378112,0.14230874180793762,0.5189999938011169,0.31279999017715454
YDR422C,YOR117W,0,-2.378144,0.14226973056793213,0.5189999938011169,0.31290000677108765
YER031C,YOR250C,0,-2.3783123,0.14223074913024902,0.5189999938011169,0.31299999356269836
YPR187W,YDR093W,0,-2.3787358,0.1421917825937271,0.5189999938011169,0.31310001015663147
YDR205W,YDR307W,1,-2.3788168,0.1424267292022705,0.5199999809265137,0.31310001015663147
YER161C,YLR403W,0,-2.379194,0.1423877328634262,0.5199999809265137,0.3131999969482422
YDR040C,YKR072C,0,-2.3793678,0.1423487514257431,0.5199999809265137,0.3133000135421753
YJL192C,YPR063C,1,-2.3793766,0.1425834745168686,0.5210000276565552,0.3133000135421753
YBL010C,YLR300W,0,-2.3793943,0.1425444632768631,0.5210000276565552,0.313400000333786
YBR093C,YGL245W,0,-2.3795676,0.1425054669380188,0.5210000276565552,0.31349998712539673
YML007W,YKL092C,0,-2.3797255,0.1424665004014969,0.5210000276565552,0.31360000371932983
YLR388W,YDL225W,0,-2.379836,0.14242754876613617,0.5210000276565552,0.31369999051094055
YDL025C,YLR262C,0,-2.3801522,0.14238862693309784,0.5210000276565552,0.31380000710487366
YMR172W,YLL042C,0,-2.3801742,0.1423497200012207,0.5210000276565552,0.3138999938964844
YER061C,YLR431C,0,-2.3802054,0.14231084287166595,0.5210000276565552,0.3140000104904175
YNL131W,YBL036C,0,-2.380212,0.1422719806432724,0.5210000276565552,0.3140999972820282
YDR078C,YOL121C,0,-2.3803098,0.14223314821720123,0.5210000276565552,0.3142000138759613
YGR211W,YER073W,0,-2.380607,0.14219431579113007,0.5210000276565552,0.314300000667572
YGR270W,YNL176C,0,-2.3806071,0.14215552806854248,0.5210000276565552,0.31439998745918274
YOR157C,YOR272W,0,-2.3806813,0.1421167552471161,0.5210000276565552,0.31450000405311584
YIL080W,YLR398C,0,-2.3807304,0.1420779973268509,0.5210000276565552,0.31459999084472656
YDR507C,YOR194C,0,-2.380848,0.1420392543077469,0.5210000276565552,0.31470000743865967
YHR008C,YIL070C,0,-2.380884,0.14200054109096527,0.5210000276565552,0.3147999942302704
YBL010C,YNR006W,0,-2.381008,0.14196185767650604,0.5210000276565552,0.3149000108242035
YOR076C,YFR051C,0,-2.3810093,0.14192317426204681,0.5210000276565552,0.3149999976158142
YKL213C,YDL077C,0,-2.3810804,0.14188453555107117,0.5210000276565552,0.3151000142097473
YLR032W,YDR219C,0,-2.3810818,0.14184589684009552,0.5210000276565552,0.31520000100135803
YPL220W,YDL220C,0,-2.3811185,0.14180728793144226,0.5210000276565552,0.31529998779296875
YBR136W,YOR113W,0,-2.3812072,0.1417687088251114,0.5210000276565552,0.31540000438690186
YDR339C,YGL151W,0,-2.3813074,0.1417301446199417,0.5210000276565552,0.3154999911785126
YOR176W,YLL035W,0,-2.3813524,0.14169159531593323,0.5210000276565552,0.3156000077724457
YLR148W,YPR105C,0,-2.3815424,0.14165307581424713,0.5210000276565552,0.3156999945640564
YOL061W,YBR093C,0,-2.3815453,0.14161457121372223,0.5210000276565552,0.3158000111579895
YML039W,YNR047W,0,-2.3815944,0.14157608151435852,0.5210000276565552,0.3158999979496002
YER143W,YKL002W,0,-2.3816564,0.1415376216173172,0.5210000276565552,0.3160000145435333
YJR133W,YPR052C,0,-2.3817828,0.14149919152259827,0.5210000276565552,0.31610000133514404
YBR049C,YNL262W,0,-2.3817942,0.14146076142787933,0.5210000276565552,0.31619998812675476
YGL095C,YGR047C,0,-2.3817976,0.1414223611354828,0.5210000276565552,0.31630000472068787
YPR186C,YBR143C,0,-2.382013,0.14138399064540863,0.5210000276565552,0.3163999915122986
YJL127C,YLL067C,0,-2.3821738,0.14134563505649567,0.5210000276565552,0.3165000081062317
YHR172W,YIL072W,0,-2.3823407,0.1413072943687439,0.5210000276565552,0.3165999948978424
YEL002C,YPL200W,1,-2.3823793,0.14154012501239777,0.5220000147819519,0.3165999948978424
YLR144C,YPL160W,0,-2.382426,0.1415017694234848,0.5220000147819519,0.3167000114917755
YBR105C,YDR101C,0,-2.3827612,0.14146341383457184,0.5220000147819519,0.31679999828338623
YMR270C,YKL011C,0,-2.3828843,0.14142508804798126,0.5220000147819519,0.31690001487731934
YKL034W,YDR164C,0,-2.3829582,0.14138677716255188,0.5220000147819519,0.31700000166893005
YDR287W,YKL171W,0,-2.3829758,0.14134849607944489,0.5220000147819519,0.31709998846054077
YGL161C,YDR345C,0,-2.3831868,0.14131022989749908,0.5220000147819519,0.3172000050544739
YOR033C,YGL030W,0,-2.383373,0.14127199351787567,0.5220000147819519,0.3172999918460846
YDR420W,YLR300W,0,-2.3833811,0.14123377203941345,0.5220000147819519,0.3174000084400177
YDL020C,YHR112C,0,-2.3834438,0.14119556546211243,0.5220000147819519,0.3174999952316284
YHR019C,YKL108W,0,-2.3834915,0.1411573886871338,0.5220000147819519,0.3176000118255615
YNL300W,YJL053W,0,-2.3835704,0.14111922681331635,0.5220000147819519,0.31769999861717224
YMR297W,YHR060W,1,-2.3836534,0.1413513571023941,0.5230000019073486,0.31769999861717224
YBR048W,YMR291W,0,-2.383787,0.14131316542625427,0.5230000019073486,0.31779998540878296
YBR207W,YIL139C,0,-2.383839,0.14127498865127563,0.5230000019073486,0.31790000200271606
YIL085C,YDR082W,0,-2.3839157,0.14123684167861938,0.5230000019073486,0.3179999887943268
YBR004C,YOR067C,1,-2.384254,0.14146868884563446,0.5239999890327454,0.3179999887943268
YCL010C,YIR041W,0,-2.3846123,0.14143049716949463,0.5239999890327454,0.3181000053882599
YDR386W,YAR009C,0,-2.3848238,0.14139233529567719,0.5239999890327454,0.3181999921798706
YML007W,YKL057C,0,-2.3848476,0.14135418832302094,0.5239999890327454,0.3183000087738037
YDL076C,YGR169C,0,-2.3852458,0.14131607115268707,0.5239999890327454,0.31839999556541443
YIL142W,YOR204W,0,-2.3852997,0.1412779688835144,0.5239999890327454,0.31850001215934753
YLR068W,YBR081C,0,-2.38532,0.14123989641666412,0.5239999890327454,0.31859999895095825
YOR109W,YML086C,0,-2.3853219,0.14120183885097504,0.5239999890327454,0.31869998574256897
YDR518W,YHR039C,1,-2.3853486,0.14143319427967072,0.5249999761581421,0.31869998574256897
YOR038C,YHR039C-A,0,-2.3856773,0.14139509201049805,0.5249999761581421,0.3188000023365021
YAL010C,YOR297C,0,-2.386083,0.14135703444480896,0.5249999761581421,0.3188999891281128
YDR405W,YDR283C,0,-2.3864896,0.14131897687911987,0.5249999761581421,0.3190000057220459
YOR381W,YOL069W,0,-2.3868072,0.14128094911575317,0.5249999761581421,0.3190999925136566
YMR274C,YER026C,1,-2.3870847,0.1415119767189026,0.5260000228881836,0.3190999925136566
YHR026W,YBR123C,0,-2.387156,0.1414739042520523,0.5260000228881836,0.3192000091075897
YGR059W,YER014C-A,0,-2.3871665,0.1414358764886856,0.5260000228881836,0.31929999589920044
YJR135W-A,YPL106C,0,-2.3871934,0.1413978487253189,0.5260000228881836,0.31940001249313354
YKL014C,YHR030C,0,-2.3875697,0.1413598507642746,0.5260000228881836,0.31949999928474426
YJL059W,YMR231W,0,-2.3876789,0.14132186770439148,0.5260000228881836,0.319599986076355
YBR171W,YJR117W,1,-2.3877685,0.14155250787734985,0.5270000100135803,0.319599986076355
YPL121C,YLR095C,0,-2.3878696,0.14151449501514435,0.5270000100135803,0.3197000026702881
YLR298C,YLR150W,0,-2.387934,0.14147651195526123,0.5270000100135803,0.3197999894618988
YOL043C,YER016W,0,-2.3880816,0.1414385437965393,0.5270000100135803,0.3199000060558319
YNR015W,YPR201W,0,-2.3880851,0.14140059053897858,0.5270000100135803,0.3199999928474426
YIL119C,YDR350C,0,-2.3880887,0.14136266708374023,0.5270000100135803,0.32010000944137573
YPL195W,YGR063C,0,-2.3882558,0.14132475852966309,0.5270000100135803,0.32019999623298645
YML073C,YPR055W,0,-2.3882906,0.14128686487674713,0.5270000100135803,0.32030001282691956
YMR230W,YLR453C,0,-2.3884742,0.14124900102615356,0.5270000100135803,0.3203999996185303
YFL031W,YGR141W,0,-2.3885305,0.1412111520767212,0.5270000100135803,0.320499986410141
YPL013C,YDL014W,0,-2.388681,0.14117331802845,0.5270000100135803,0.3206000030040741
YPR060C,YBL106C,0,-2.3889904,0.14113551378250122,0.5270000100135803,0.3206999897956848
YKL173W,YPL192C,0,-2.3890774,0.14109772443771362,0.5270000100135803,0.3208000063896179
YGR251W,YOR288C,0,-2.389085,0.14105994999408722,0.5270000100135803,0.32089999318122864
YGL163C,YKL205W,0,-2.3892019,0.1410222053527832,0.5270000100135803,0.32100000977516174
YLR382C,YOR261C,0,-2.3893158,0.14098449051380157,0.5270000100135803,0.32109999656677246
YDL067C,YDR487C,0,-2.3895586,0.14094677567481995,0.5270000100135803,0.32120001316070557
YOL094C,YGR106C,0,-2.3895743,0.1409090906381607,0.5270000100135803,0.3212999999523163
YER011W,YGL157W,0,-2.3896828,0.14087142050266266,0.5270000100135803,0.321399986743927
YMR134W,YOR171C,1,-2.389785,0.14110101759433746,0.527999997138977,0.321399986743927
YMR212C,YPR186C,0,-2.3898094,0.14106331765651703,0.527999997138977,0.3215000033378601
YMR179W,YJR101W,0,-2.389871,0.14102564752101898,0.527999997138977,0.3215999901294708
YKL089W,YHR202W,0,-2.389938,0.14098797738552094,0.527999997138977,0.32170000672340393
YDR368W,YJL179W,0,-2.3899693,0.14095035195350647,0.527999997138977,0.32179999351501465
YKL014C,YIL049W,0,-2.3899739,0.140912726521492,0.527999997138977,0.32190001010894775
YFL038C,YMR122W-A,1,-2.390066,0.14114193618297577,0.5289999842643738,0.32190001010894775
YGL243W,YLR055C,0,-2.3904946,0.1411042958498001,0.5289999842643738,0.32199999690055847
YCR094W,YGR081C,0,-2.3906157,0.14106667041778564,0.5289999842643738,0.3221000134944916
YDR354W,YBR275C,0,-2.3909245,0.14102905988693237,0.5289999842643738,0.3222000002861023
YLR372W,YGR105W,1,-2.3910468,0.14125800132751465,0.5299999713897705,0.3222000002861023
YMR014W,YGL008C,0,-2.3912075,0.141220360994339,0.5299999713897705,0.322299987077713
YHR014W,YCR082W,0,-2.3912337,0.14118273556232452,0.5299999713897705,0.3224000036716461
YDR464W,YOR315W,0,-2.3914802,0.14114513993263245,0.5299999713897705,0.32249999046325684
YER075C,YNL054W,0,-2.3915892,0.14110755920410156,0.5299999713897705,0.32260000705718994
YJL059W,YLR447C,0,-2.3919232,0.14107000827789307,0.5299999713897705,0.32269999384880066
YDR389W,YML009C,0,-2.392062,0.14103245735168457,0.5299999713897705,0.32280001044273376
YDR264C,YGL203C,0,-2.3923204,0.14099495112895966,0.5299999713897705,0.3228999972343445
YBR217W,YDR485C,0,-2.3923368,0.14095744490623474,0.5299999713897705,0.3230000138282776
YMR221C,YML021C,0,-2.3924153,0.14091996848583221,0.5299999713897705,0.3231000006198883
YNL041C,YPR073C,0,-2.392652,0.14088250696659088,0.5299999713897705,0.323199987411499
YHR190W,YPR149W,1,-2.3928845,0.14111082255840302,0.531000018119812,0.323199987411499
YLR348C,YBR123C,0,-2.3929226,0.1410733312368393,0.531000018119812,0.32330000400543213
YHL025W,YJR135C,0,-2.393196,0.14103585481643677,0.531000018119812,0.32339999079704285
YBR297W,YKL075C,0,-2.3932846,0.14099840819835663,0.531000018119812,0.32350000739097595
YHR215W,YBR123C,0,-2.393288,0.14096097648143768,0.531000018119812,0.32359999418258667
YKR052C,YNL283C,0,-2.3933616,0.14092355966567993,0.531000018119812,0.3237000107765198
YJL124C,YJL044C,0,-2.3934855,0.14088617265224457,0.531000018119812,0.3237999975681305
YNL229C,YJR144W,0,-2.3935602,0.1408488005399704,0.531000018119812,0.3239000141620636
YBR275C,YOR117W,0,-2.393893,0.14081145823001862,0.531000018119812,0.3240000009536743
YKL157W,YJR001W,0,-2.393956,0.14077413082122803,0.531000018119812,0.32409998774528503
YAL023C,YJL097W,1,-2.3941019,0.1410018503665924,0.5320000052452087,0.32409998774528503
YDL030W,YOR081C,0,-2.3941658,0.14096449315547943,0.5320000052452087,0.32420000433921814
YCL062W,YDL155W,0,-2.3941822,0.14092715084552765,0.5320000052452087,0.32429999113082886
YPL239W,YOR393W,0,-2.394319,0.14088982343673706,0.5320000052452087,0.32440000772476196
YCL001W,YBR081C,0,-2.3943946,0.14085252583026886,0.5320000052452087,0.3244999945163727
YJR015W,YHL003C,1,-2.3944137,0.14107993245124817,0.5329999923706055,0.3244999945163727
YPL159C,YLR442C,0,-2.3948774,0.14104260504245758,0.5329999923706055,0.3246000111103058
YLR148W,YMR020W,0,-2.3950062,0.14100529253482819,0.5329999923706055,0.3246999979019165
YFR041C,YHR027C,1,-2.3950431,0.1412324756383896,0.5339999794960022,0.3246999979019165
YBR145W,YNL186W,0,-2.3950536,0.1411951333284378,0.5339999794960022,0.3248000144958496
YHR142W,YPL076W,1,-2.3951323,0.14142215251922607,0.5350000262260437,0.3248000144958496
YMR127C,YML133C,0,-2.3954232,0.1413847804069519,0.5350000262260437,0.3249000012874603
YBR096W,YOR067C,1,-2.3955576,0.14161162078380585,0.5360000133514404,0.3249000012874603
YNL312W,YDR229W,0,-2.3955903,0.1415742188692093,0.5360000133514404,0.32499998807907104
YNL054W,YCL020W,0,-2.3961082,0.14153683185577393,0.5360000133514404,0.32510000467300415
YMR004W,YLR115W,0,-2.396183,0.14149947464466095,0.5360000133514404,0.32519999146461487
YNR047W,YML040W,0,-2.3961892,0.14146213233470917,0.5360000133514404,0.325300008058548
YGL161C,YOL017W,0,-2.3968685,0.14142480492591858,0.5360000133514404,0.3253999948501587
YJR153W,YIL096C,0,-2.3969111,0.14138749241828918,0.5360000133514404,0.3255000114440918
YGR010W,YFR048W,0,-2.3969977,0.14135020971298218,0.5360000133514404,0.3255999982357025
YJL006C,YDR117C,0,-2.3971279,0.14131294190883636,0.5360000133514404,0.3257000148296356
YGR055W,YLR134W,0,-2.3972824,0.14127570390701294,0.5360000133514404,0.32580000162124634
YCR067C,YDR410C,1,-2.3973386,0.14150197803974152,0.5370000004768372,0.32580000162124634
YLR195C,YBR208C,0,-2.3974078,0.1414646953344345,0.5370000004768372,0.32589998841285706
YFR034C,YMR215W,0,-2.3975163,0.1414274424314499,0.5370000004768372,0.32600000500679016
YGR013W,YER020W,0,-2.3975859,0.14139020442962646,0.5370000004768372,0.3260999917984009
YDR117C,YOR362C,0,-2.39764,0.14135298132896423,0.5370000004768372,0.326200008392334
YMR287C,YDR402C,0,-2.3978727,0.1413157880306244,0.5370000004768372,0.3262999951839447
YHR072W,YGR199W,1,-2.3979251,0.14154170453548431,0.5379999876022339,0.3262999951839447
YLR066W,YNL146W,1,-2.3979833,0.1417674869298935,0.5389999747276306,0.3262999951839447
YJL004C,YNL082W,0,-2.3980017,0.14173021912574768,0.5389999747276306,0.3264000117778778
YKL165C,YNL008C,1,-2.3981965,0.14195583760738373,0.5400000214576721,0.3264000117778778
YDL093W,YGL139W,1,-2.3982217,0.14218133687973022,0.5410000085830688,0.3264000117778778
YAL041W,YGL181W,0,-2.398225,0.14214397966861725,0.5410000085830688,0.3264999985694885
YDR147W,YKL027W,0,-2.3982542,0.14210665225982666,0.5410000085830688,0.32659998536109924
YAR071W,YJR068W,0,-2.3984542,0.14206932485103607,0.5410000085830688,0.32670000195503235
YDR195W,YKL208W,0,-2.3988082,0.14203202724456787,0.5410000085830688,0.32679998874664307
YKL092C,YLL061W,0,-2.3989499,0.14199474453926086,0.5410000085830688,0.32690000534057617
YMR190C,YOR305W,0,-2.3990893,0.14195749163627625,0.5410000085830688,0.3269999921321869
YKL129C,YDL184C,0,-2.3992126,0.14192025363445282,0.5410000085830688,0.32710000872612
YPL213W,YDR280W,0,-2.3993618,0.1418830305337906,0.5410000085830688,0.3271999955177307
YKL213C,YCR012W,0,-2.3993654,0.14184583723545074,0.5410000085830688,0.3273000121116638
YDR498C,YGR060W,1,-2.399626,0.14207077026367188,0.5419999957084656,0.3273000121116638
YCR040W,YBR143C,0,-2.3997817,0.14203354716300964,0.5419999957084656,0.32739999890327454
YDL174C,YML112W,0,-2.3999035,0.1419963389635086,0.5419999957084656,0.32749998569488525
YDR195W,YLL009C,0,-2.400044,0.14195914566516876,0.5419999957084656,0.32760000228881836
YAL053W,YER120W,1,-2.4001048,0.1421838104724884,0.5429999828338623,0.32760000228881836
YPL158C,YOR132W,0,-2.4002454,0.14214660227298737,0.5429999828338623,0.3276999890804291
YGR054W,YHR077C,0,-2.4005134,0.14210939407348633,0.5429999828338623,0.3278000056743622
YKL114C,YMR046C,0,-2.4005644,0.14207221567630768,0.5429999828338623,0.3278999924659729
YGR179C,YOR391C,0,-2.4008913,0.14203505218029022,0.5429999828338623,0.328000009059906
YNL094W,YJR152W,0,-2.401092,0.14199790358543396,0.5429999828338623,0.3280999958515167
YHR147C,YOR257W,0,-2.4012246,0.14196078479290009,0.5429999828338623,0.32820001244544983
YMR043W,YBR080C,0,-2.4012272,0.1419236809015274,0.5429999828338623,0.32829999923706055
YLR095C,YCR040W,0,-2.4013155,0.14188659191131592,0.5429999828338623,0.32839998602867126
YDR303C,YJL127C,0,-2.401388,0.14184953272342682,0.5429999828338623,0.32850000262260437
YDR081C,YDL211C,0,-2.4021766,0.1418124884366989,0.5429999828338623,0.3285999894142151
YBR185C,YPL096W,0,-2.4022803,0.1417754590511322,0.5429999828338623,0.3287000060081482
YGR244C,YIL036W,0,-2.4023955,0.14173844456672668,0.5429999828338623,0.3287999927997589
YOR075W,YGR172C,1,-2.4026034,0.1419624239206314,0.5440000295639038,0.3287999927997589
YPR029C,YDR150W,0,-2.4027956,0.1419253796339035,0.5440000295639038,0.328900009393692
YJR151C,YMR037C,0,-2.4028242,0.14188836514949799,0.5440000295639038,0.32899999618530273
YIR009W,YCR060W,0,-2.4031534,0.14185136556625366,0.5440000295639038,0.32910001277923584
YBR130C,YDR409W,0,-2.4031627,0.14181439578533173,0.5440000295639038,0.32919999957084656
YLR386W,YHR165C,0,-2.4034274,0.1417774260044098,0.5440000295639038,0.3292999863624573
YKL074C,YDR400W,0,-2.4038098,0.14174048602581024,0.5440000295639038,0.3294000029563904
YDR392W,YOR090C,0,-2.403958,0.14170357584953308,0.5440000295639038,0.3294999897480011
YIL093C,YEL012W,0,-2.4041176,0.14166666567325592,0.5440000295639038,0.3296000063419342
YNL329C,YJL140W,0,-2.404154,0.14162978529930115,0.5440000295639038,0.3296999931335449
YOR076C,YER014C-A,0,-2.4041808,0.14159291982650757,0.5440000295639038,0.329800009727478
YNL273W,YDR486C,0,-2.4043124,0.14155606925487518,0.5440000295639038,0.32989999651908875
YKR052C,YCR105W,0,-2.4043348,0.14151924848556519,0.5440000295639038,0.33000001311302185
YPR156C,YBR186W,0,-2.4045599,0.14148244261741638,0.5440000295639038,0.33009999990463257
YDL212W,YLR286C,1,-2.4050634,0.14170566201210022,0.5450000166893005,0.33009999990463257
YBL032W,YMR255W,0,-2.405073,0.14166882634162903,0.5450000166893005,0.3301999866962433
YLR373C,YBL037W,0,-2.4050808,0.14163202047348022,0.5450000166893005,0.3303000032901764
YEL012W,YOR362C,0,-2.4051921,0.14159521460533142,0.5450000166893005,0.3303999900817871
YHR076W,YNR013C,0,-2.405258,0.141558438539505,0.5450000166893005,0.3305000066757202
YDR226W,YGL004C,0,-2.4053397,0.14152167737483978,0.5450000166893005,0.33059999346733093
YNL218W,YCR024C-A,0,-2.4056664,0.14148494601249695,0.5450000166893005,0.33070001006126404
YGR001C,YOR158W,0,-2.4056861,0.1414482295513153,0.5450000166893005,0.33079999685287476
YPL174C,YDR497C,0,-2.4057086,0.14141151309013367,0.5450000166893005,0.33090001344680786
YLR037C,YIL158W,0,-2.4057589,0.1413748413324356,0.5450000166893005,0.3310000002384186
YDL122W,YNL194C,1,-2.405908,0.14159750938415527,0.5460000038146973,0.3310000002384186
YPR036W,YPR017C,0,-2.4059274,0.14156079292297363,0.5460000038146973,0.3310999870300293
YNL329C,YKL017C,0,-2.4063535,0.14152410626411438,0.5460000038146973,0.3312000036239624
YBR283C,YCL043C,1,-2.4064064,0.14174656569957733,0.546999990940094,0.3312000036239624
YNL191W,YEL018W,0,-2.4066842,0.1417098492383957,0.546999990940094,0.3312999904155731
YBR108W,YNL279W,0,-2.4066906,0.14167314767837524,0.546999990940094,0.3314000070095062
YLR333C,YKR086W,0,-2.4067514,0.141636461019516,0.546999990940094,0.33149999380111694
YBR110W,YDR302W,1,-2.4068391,0.14185865223407745,0.5479999780654907,0.33149999380111694
YNL191W,YJL200C,0,-2.4075322,0.141821950674057,0.5479999780654907,0.33160001039505005
YOR224C,YLR303W,0,-2.407613,0.14178524911403656,0.5479999780654907,0.33169999718666077
YJL194W,YML069W,0,-2.4077477,0.1417485773563385,0.5479999780654907,0.33180001378059387
YML101C,YOR044W,1,-2.4078546,0.14197051525115967,0.5490000247955322,0.33180001378059387
YGL139W,YOR171C,1,-2.4079506,0.14219234883785248,0.550000011920929,0.33180001378059387
YDR181C,YDR018C,0,-2.4081743,0.14215560257434845,0.550000011920929,0.3319000005722046
YBR267W,YER144C,0,-2.4082224,0.14211885631084442,0.550000011920929,0.3319999873638153
YHR108W,YBR088C,0,-2.4082844,0.14208215475082397,0.550000011920929,0.3321000039577484
YGL065C,YML019W,1,-2.4083326,0.1423037201166153,0.5509999990463257,0.3321000039577484
YKL060C,YMR220W,0,-2.4083517,0.14226697385311127,0.5509999990463257,0.33219999074935913
YBR108W,YMR273C,0,-2.4083908,0.14223025739192963,0.5509999990463257,0.33230000734329224
YDR040C,YPL167C,0,-2.4085286,0.14219355583190918,0.5509999990463257,0.33239999413490295
YGR281W,YNL029C,0,-2.408648,0.14215686917304993,0.5509999990463257,0.33250001072883606
YPR011C,YDL222C,0,-2.4090984,0.14212019741535187,0.5509999990463257,0.3325999975204468
YJR120W,YGL086W,0,-2.4091394,0.1420835554599762,0.5509999990463257,0.3327000141143799
YNL087W,YNL084C,0,-2.4091456,0.14204691350460052,0.5509999990463257,0.3328000009059906
YER094C,YLR439W,0,-2.409176,0.14201031625270844,0.5509999990463257,0.3328999876976013
YJL104W,YJR075W,0,-2.4092517,0.14197371900081635,0.5509999990463257,0.3330000042915344
YGL064C,YLR411W,0,-2.4095125,0.14193715155124664,0.5509999990463257,0.33309999108314514
YOR249C,YHR196W,0,-2.4096613,0.14190059900283813,0.5509999990463257,0.33320000767707825
YFL053W,YML093W,0,-2.4099817,0.14186406135559082,0.5509999990463257,0.33329999446868896
YDL064W,YOL021C,0,-2.4100893,0.1418275386095047,0.5509999990463257,0.33340001106262207
YER148W,YGR280C,0,-2.4102118,0.14179104566574097,0.5509999990463257,0.3334999978542328
YKR063C,YNL281W,0,-2.4107666,0.14175456762313843,0.5509999990463257,0.3336000144481659
YCR044C,YER087C-A,1,-2.4110048,0.1419753134250641,0.5519999861717224,0.3336000144481659
YKL025C,YOL097C,0,-2.4111383,0.14193880558013916,0.5519999861717224,0.3337000012397766
YOL052C,YNL175C,0,-2.4111476,0.14190231263637543,0.5519999861717224,0.33379998803138733
YDR354W,YOR128C,0,-2.4112382,0.14186584949493408,0.5519999861717224,0.33390000462532043
YBR107C,YPR094W,0,-2.4113207,0.14182938635349274,0.5519999861717224,0.33399999141693115
YKL213C,YIL145C,0,-2.411389,0.14179296791553497,0.5519999861717224,0.33410000801086426
YHL047C,YMR042W,0,-2.4114358,0.1417565494775772,0.5519999861717224,0.334199994802475
YER050C,YNL166C,0,-2.4116838,0.14172016084194183,0.5519999861717224,0.3343000113964081
YBL057C,YGL021W,0,-2.4117696,0.14168377220630646,0.5519999861717224,0.3343999981880188
YER052C,YLR381W,0,-2.4117756,0.14164742827415466,0.5519999861717224,0.3345000147819519
YCR014C,YLR079W,0,-2.4117844,0.14161108434200287,0.5519999861717224,0.3346000015735626
YNL131W,YMR203W,0,-2.411806,0.14157475531101227,0.5519999861717224,0.33469998836517334
YGL113W,YEL065W,0,-2.4118607,0.14153845608234406,0.5519999861717224,0.33480000495910645
YER087W,YDR184C,0,-2.4119787,0.14150217175483704,0.5519999861717224,0.33489999175071716
YLR246W,YDR434W,1,-2.4120328,0.1417221873998642,0.5529999732971191,0.33489999175071716
YOR217W,YCR027C,0,-2.412052,0.14168588817119598,0.5529999732971191,0.33500000834465027
YGL210W,YMR172W,0,-2.41216,0.14164958894252777,0.5529999732971191,0.335099995136261
YGR216C,YAR031W,1,-2.4121866,0.14186939597129822,0.5540000200271606,0.335099995136261
YIL149C,YML091C,0,-2.412192,0.1418330818414688,0.5540000200271606,0.3352000117301941
YNL310C,YEL015W,0,-2.4122052,0.1417967677116394,0.5540000200271606,0.3352999985218048
YOR070C,YGL026C,0,-2.4122741,0.14176049828529358,0.5540000200271606,0.3353999853134155
YIL061C,YCR024C-A,0,-2.4123647,0.14172422885894775,0.5540000200271606,0.33550000190734863
YAL010C,YPR030W,0,-2.412394,0.14168797433376312,0.5540000200271606,0.33559998869895935
YOR073W,YPR168W,0,-2.4125054,0.14165174961090088,0.5540000200271606,0.33570000529289246
YBR008C,YOL120C,0,-2.4126537,0.14161553978919983,0.5540000200271606,0.3357999920845032
YMR307W,YDR159W,0,-2.412882,0.14157934486865997,0.5540000200271606,0.3359000086784363
YDR176W,YJR096W,0,-2.4130013,0.1415431797504425,0.5540000200271606,0.335999995470047
YKL048C,YDR146C,0,-2.4131548,0.14150702953338623,0.5540000200271606,0.3361000120639801
YOR265W,YOR362C,0,-2.413285,0.14147089421749115,0.5540000200271606,0.3361999988555908
YDR486C,YHR052W,0,-2.4133513,0.14143477380275726,0.5540000200271606,0.33629998564720154
YIL172C,YGL249W,0,-2.4133985,0.14139866828918457,0.5540000200271606,0.33640000224113464
YKL070W,YDR272W,0,-2.4134562,0.14136259257793427,0.5540000200271606,0.33649998903274536
YNL145W,YMR088C,0,-2.4135005,0.14132653176784515,0.5540000200271606,0.33660000562667847
YGL232W,YPL180W,0,-2.4135554,0.14129048585891724,0.5540000200271606,0.3366999924182892
YPR120C,YDR026C,0,-2.413587,0.1412544548511505,0.5540000200271606,0.3368000090122223
YGL113W,YEL012W,0,-2.4136803,0.14121845364570618,0.5540000200271606,0.336899995803833
YDL080C,YER023W,0,-2.413736,0.14118246734142303,0.5540000200271606,0.3370000123977661
YJL078C,YPL055C,0,-2.41383,0.1411464959383011,0.5540000200271606,0.33709999918937683
YAL068C,YDR146C,0,-2.4138596,0.14111053943634033,0.5540000200271606,0.33719998598098755
YNL308C,YPL074W,0,-2.413987,0.14107461273670197,0.5540000200271606,0.33730000257492065
YBR012W-A,YKR101W,0,-2.4141328,0.1410387009382248,0.5540000200271606,0.33739998936653137
YKL167C,YLR325C,0,-2.4141862,0.1410028040409088,0.5540000200271606,0.3375000059604645
YLR467W,YLR363C,0,-2.4142172,0.14096692204475403,0.5540000200271606,0.3375999927520752
YOR092W,YDR519W,1,-2.4143903,0.1411854475736618,0.5550000071525574,0.3375999927520752
YGR003W,YBR009C,0,-2.4144983,0.14114953577518463,0.5550000071525574,0.3377000093460083
YKL222C,YLR015W,0,-2.4145467,0.14111365377902985,0.5550000071525574,0.337799996137619
YDL015C,YDL232W,1,-2.414603,0.1413319706916809,0.5559999942779541,0.337799996137619
YGL141W,YPL274W,0,-2.41461,0.14129605889320374,0.5559999942779541,0.3379000127315521
YKR001C,YNL312W,0,-2.4146628,0.14126016199588776,0.5559999942779541,0.33799999952316284
YMR078C,YGR223C,0,-2.4146965,0.14122427999973297,0.5559999942779541,0.33809998631477356
YFL058W,YHR112C,0,-2.4147565,0.14118842780590057,0.5559999942779541,0.33820000290870667
YDR312W,YFR037C,0,-2.4147863,0.14115257561206818,0.5559999942779541,0.3382999897003174
YDL122W,YML019W,1,-2.4149442,0.14137056469917297,0.5569999814033508,0.3382999897003174
YPL221W,YHR101C,1,-2.415356,0.14158843457698822,0.5580000281333923,0.3382999897003174
YNL323W,YBR004C,1,-2.4155266,0.14180618524551392,0.5590000152587891,0.3382999897003174
YOR340C,YER169W,0,-2.4157672,0.14177022874355316,0.5590000152587891,0.3384000062942505
YML007W,YFL002C,0,-2.4158423,0.1417342871427536,0.5590000152587891,0.3384999930858612
YMR043W,YGL043W,0,-2.4159577,0.14169834554195404,0.5590000152587891,0.3386000096797943
YCL008C,YLR013W,0,-2.4160523,0.14166244864463806,0.5590000152587891,0.33869999647140503
YML058W,YDR266C,0,-2.4160762,0.14162655174732208,0.5590000152587891,0.33880001306533813
YDR522C,YOL001W,0,-2.4160886,0.1415906846523285,0.5590000152587891,0.33889999985694885
YPL115C,YDL038C,0,-2.4161005,0.1415548175573349,0.5590000152587891,0.33899998664855957
YNL259C,YIR028W,0,-2.4163222,0.1415189802646637,0.5590000152587891,0.3391000032424927
YER007C-A,YNL126W,0,-2.4163659,0.14148317277431488,0.5590000152587891,0.3391999900341034
YNL252C,YHL031C,0,-2.416368,0.14144736528396606,0.5590000152587891,0.3393000066280365
YJL145W,YLR417W,0,-2.4165955,0.14141158759593964,0.5590000152587891,0.3393999934196472
YDL007W,YNR055C,0,-2.4170642,0.1413758248090744,0.5590000152587891,0.3395000100135803
YDR476C,YMR134W,1,-2.4172113,0.14159291982650757,0.5600000023841858,0.3395000100135803
YGR224W,YLR019W,0,-2.4174044,0.14155712723731995,0.5600000023841858,0.33959999680519104
YPR072W,YPL178W,0,-2.4175694,0.14152134954929352,0.5600000023841858,0.33970001339912415
YCR030C,YFL048C,0,-2.417689,0.14148560166358948,0.5600000023841858,0.33980000019073486
YMR015C,YIL030C,1,-2.4177105,0.14170244336128235,0.5609999895095825,0.33980000019073486
YIL168W,YDR522C,0,-2.4177444,0.14166666567325592,0.5609999895095825,0.3398999869823456
YGL054C,YHL028W,1,-2.4177668,0.14188335835933685,0.5619999766349792,0.3398999869823456
YGR247W,YGR251W,0,-2.4180048,0.14184755086898804,0.5619999766349792,0.3400000035762787
YBR265W,YPL076W,1,-2.4180315,0.14206409454345703,0.5630000233650208,0.3400000035762787
YJL128C,YGR004W,0,-2.4181511,0.14202825725078583,0.5630000233650208,0.3400999903678894
YNL333W,YGR223C,0,-2.4183967,0.14199243485927582,0.5630000233650208,0.3402000069618225
YNL233W,YOR370C,0,-2.418405,0.141956627368927,0.5630000233650208,0.3402999937534332
YLR150W,YCL075W,0,-2.4184496,0.14192084968090057,0.5630000233650208,0.34040001034736633
YCR107W,YDL220C,0,-2.4185617,0.14188508689403534,0.5630000233650208,0.34049999713897705
YLR328W,YHR025W,0,-2.4188547,0.1418493390083313,0.5630000233650208,0.34060001373291016
YJL179W,YCL027C-A,0,-2.4189322,0.14181360602378845,0.5630000233650208,0.3407000005245209
YIL016W,YDL072C,1,-2.4190202,0.14202971756458282,0.5640000104904175,0.3407000005245209
YDL178W,YHR112C,0,-2.4190423,0.1419939547777176,0.5640000104904175,0.3407999873161316
YGR216C,YDR196C,1,-2.4193385,0.14220991730690002,0.5649999976158142,0.3407999873161316
YMR270C,YKL063C,0,-2.4194272,0.1421741247177124,0.5649999976158142,0.3409000039100647
YER164W,YGL123W,0,-2.4194505,0.14213836193084717,0.5649999976158142,0.3409999907016754
YBR091C,YAR009C,0,-2.4194722,0.14210261404514313,0.5649999976158142,0.3411000072956085
YGL043W,YKR060W,0,-2.4195223,0.14206688106060028,0.5649999976158142,0.34119999408721924
YEL071W,YDR016C,0,-2.4195437,0.14203117787837982,0.5649999976158142,0.34130001068115234
YMR071C,YIL084C,0,-2.4197462,0.14199547469615936,0.5649999976158142,0.34139999747276306
YGR014W,YFL021W,0,-2.4201276,0.1419598013162613,0.5649999976158142,0.34150001406669617
YGL234W,YJR025C,0,-2.4201412,0.14192414283752441,0.5649999976158142,0.3416000008583069
YPL084W,YML112W,0,-2.4203045,0.14188849925994873,0.5649999976158142,0.3416999876499176
YGR113W,YPL170W,0,-2.4204848,0.14185287058353424,0.5649999976158142,0.3418000042438507
YHR047C,YPL144W,0,-2.4206839,0.14181727170944214,0.5649999976158142,0.3418999910354614
YGR191W,YLL043W,0,-2.4208972,0.14178168773651123,0.5649999976158142,0.34200000762939453
YJL059W,YBL080C,0,-2.420928,0.14174611866474152,0.5649999976158142,0.34209999442100525
YPR111W,YMR071C,0,-2.4209821,0.141710564494133,0.5649999976158142,0.34220001101493835
YGL111W,YNL220W,0,-2.421161,0.14167502522468567,0.5649999976158142,0.3422999978065491
YJL136C,YDR268W,0,-2.4211743,0.14163951575756073,0.5649999976158142,0.3424000144004822
YLR145W,YHR202W,0,-2.42148,0.1416040062904358,0.5649999976158142,0.3425000011920929
YIL119C,YPL265W,0,-2.4215055,0.14156852662563324,0.5649999976158142,0.3425999879837036
YDL007W,YPL125W,0,-2.4216654,0.14153306186199188,0.5649999976158142,0.3427000045776367
YNL336W,YMR304W,0,-2.4217205,0.1414976269006729,0.5649999976158142,0.34279999136924744
YNL094W,YML040W,0,-2.4219391,0.14146219193935394,0.5649999976158142,0.34290000796318054
YDR354W,YLR048W,0,-2.4222357,0.14142678678035736,0.5649999976158142,0.34299999475479126
YDR411C,YDL019C,1,-2.422341,0.14164164662361145,0.5659999847412109,0.34299999475479126
YEL057C,YIL098C,0,-2.4224355,0.14160621166229248,0.5659999847412109,0.34310001134872437
YOL070C,YOL137W,0,-2.4231164,0.1415707916021347,0.5659999847412109,0.3431999981403351
YFL009W,YML078W,0,-2.4233384,0.14153538644313812,0.5659999847412109,0.3433000147342682
YNR034W,YAL013W,0,-2.423484,0.14149999618530273,0.5659999847412109,0.3434000015258789
YIL020C,YMR314W,0,-2.423535,0.14146463572978973,0.5659999847412109,0.3434999883174896
YJL087C,YDR019C,0,-2.4238374,0.14142929017543793,0.5659999847412109,0.34360000491142273
YHR135C,YMR013C,1,-2.424255,0.14164376258850098,0.5669999718666077,0.34360000491142273
YBR126C,YPL013C,0,-2.4243333,0.14160838723182678,0.5669999718666077,0.34369999170303345
YML126C,YGL231C,1,-2.4246137,0.1418227255344391,0.5680000185966492,0.34369999170303345
YHR021C,YOL004W,0,-2.4246728,0.1417873203754425,0.5680000185966492,0.34380000829696655
YMR086W,YLR226W,0,-2.424771,0.14175193011760712,0.5680000185966492,0.34389999508857727
YAR009C,YOR308C,0,-2.4250863,0.14171656966209412,0.5680000185966492,0.3440000116825104
YFR019W,YIL132C,0,-2.4251497,0.1416812241077423,0.5680000185966492,0.3440999984741211
YMR319C,YPR019W,0,-2.425417,0.1416458785533905,0.5680000185966492,0.3441999852657318
YGR120C,YOR269W,0,-2.4254467,0.14161057770252228,0.5680000185966492,0.3443000018596649
YDL007W,YHR008C,0,-2.4255145,0.14157527685165405,0.5680000185966492,0.34439998865127563
YER052C,YML106W,0,-2.4256318,0.14153999090194702,0.5680000185966492,0.34450000524520874
YDL225W,YCL027C-A,0,-2.4256332,0.14150473475456238,0.5680000185966492,0.34459999203681946
YMR055C,YMR072W,0,-2.425689,0.14146949350833893,0.5680000185966492,0.34470000863075256
YBR145W,YKL101W,0,-2.4257839,0.14143426716327667,0.5680000185966492,0.3447999954223633
YJR013W,YJR073C,1,-2.4258883,0.14164799451828003,0.5690000057220459,0.3447999954223633
YNR031C,YOR279C,0,-2.4259312,0.14161273837089539,0.5690000057220459,0.3449000120162964
YGR072W,YOR115C,0,-2.426007,0.14157751202583313,0.5690000057220459,0.3449999988079071
YMR136W,YPL132W,0,-2.426059,0.14154228568077087,0.5690000057220459,0.3450999855995178
YNL323W,YMR305C,1,-2.426098,0.14175578951835632,0.5699999928474426,0.3450999855995178
YGL252C,YNL101W,0,-2.426227,0.14172053337097168,0.5699999928474426,0.3452000021934509
YJR135W-A,YDR379W,0,-2.4262295,0.14168530702590942,0.5699999928474426,0.34529998898506165
YMR288W,YER007W,0,-2.426328,0.14165009558200836,0.5699999928474426,0.34540000557899475
YGL169W,YDR263C,0,-2.426368,0.1416149139404297,0.5699999928474426,0.34549999237060547
YJL123C,YLL008W,0,-2.4264448,0.141579732298851,0.5699999928474426,0.3456000089645386
YHR039C-A,YBR080C,0,-2.4266276,0.14154458045959473,0.5699999928474426,0.3456999957561493
YOL039W,YEL063C,0,-2.4267485,0.14150942862033844,0.5699999928474426,0.3458000123500824
YIL049W,YOR298C-A,0,-2.4268663,0.14147430658340454,0.5699999928474426,0.3458999991416931
YDR427W,YOR011W,0,-2.426883,0.14143919944763184,0.5699999928474426,0.34599998593330383
YIL126W,YGR055W,0,-2.4268966,0.14140412211418152,0.5699999928474426,0.34610000252723694
YJL177W,YKR090W,0,-2.4269426,0.1413690447807312,0.5699999928474426,0.34619998931884766
YLR105C,YER109C,0,-2.4269621,0.14133399724960327,0.5699999928474426,0.34630000591278076
YGL170C,YLL004W,0,-2.4270215,0.14129896461963654,0.5699999928474426,0.3463999927043915
YHR065C,YOL146W,0,-2.427039,0.141263946890831,0.5699999928474426,0.3465000092983246
YCR084C,YJR109C,0,-2.4270542,0.14122894406318665,0.5699999928474426,0.3465999960899353
YPR199C,YNL084C,0,-2.4271035,0.1411939561367035,0.5699999928474426,0.3467000126838684
YHR096C,YDL059C,0,-2.4271615,0.14115898311138153,0.5699999928474426,0.3467999994754791
YNL323W,YOL031C,1,-2.4272664,0.14137162268161774,0.5709999799728394,0.3467999994754791
YDR099W,YNL047C,0,-2.4274046,0.14133663475513458,0.5709999799728394,0.34689998626708984
YBR201W,YPL076W,1,-2.4274578,0.14154912531375885,0.5720000267028809,0.34689998626708984
YLR453C,YPL218W,0,-2.4278219,0.1415141075849533,0.5720000267028809,0.34700000286102295
YML032C,YGR144W,0,-2.4280376,0.14147910475730896,0.5720000267028809,0.34709998965263367
YHL050C,YBL080C,0,-2.4280775,0.1414441168308258,0.5720000267028809,0.3472000062465668
YCR087C-A,YJR144W,0,-2.4282744,0.14140914380550385,0.5720000267028809,0.3472999930381775
YGR034W,YNL330C,0,-2.4283652,0.14137420058250427,0.5720000267028809,0.3474000096321106
YNR034W,YDR488C,0,-2.428527,0.1413392573595047,0.5720000267028809,0.3474999964237213
YFL031W,YJL186W,0,-2.4285843,0.14130434393882751,0.5720000267028809,0.3476000130176544
YCL035C,YNR064C,0,-2.4286978,0.14126944541931152,0.5720000267028809,0.34769999980926514
YLL035W,YPL220W,0,-2.4287715,0.14123456180095673,0.5720000267028809,0.34779998660087585
YMR053C,YPR141C,0,-2.4288514,0.14119970798492432,0.5720000267028809,0.34790000319480896
YOR094W,YDR480W,0,-2.4290078,0.1411648541688919,0.5720000267028809,0.3479999899864197
YPL043W,YJR049C,0,-2.4290478,0.14113003015518188,0.5720000267028809,0.3481000065803528
YNL262W,YOR101W,0,-2.4291203,0.14109522104263306,0.5720000267028809,0.3481999933719635
YMR047C,YDR330W,0,-2.429235,0.14106041193008423,0.5720000267028809,0.3483000099658966
YDR463W,YHR053C,0,-2.42933,0.14102564752101898,0.5720000267028809,0.3483999967575073
YHR082C,YMR295C,0,-2.4294474,0.14099088311195374,0.5720000267028809,0.34850001335144043
YNL032W,YMR067C,0,-2.4294963,0.14095613360404968,0.5720000267028809,0.34860000014305115
YOR157C,YML023C,0,-2.4295578,0.14092141389846802,0.5720000267028809,0.34869998693466187
YGL241W,YER146W,0,-2.4295683,0.14088669419288635,0.5720000267028809,0.34880000352859497
YCR029C-A,YER103W,0,-2.4297006,0.14085200428962708,0.5720000267028809,0.3488999903202057
YBL092W,YER116C,0,-2.429735,0.140817329287529,0.5720000267028809,0.3490000069141388
YBR110W,YER019C-A,1,-2.429839,0.14102879166603088,0.5730000138282776,0.3490000069141388
YPR156C,YGR268C,0,-2.4298506,0.1409941017627716,0.5730000138282776,0.3490999937057495
YOR132W,YBR278W,0,-2.42987,0.14095941185951233,0.5730000138282776,0.3492000102996826
YDR503C,YNL092W,0,-2.429902,0.14092473685741425,0.5730000138282776,0.34929999709129333
YML036W,YER032W,0,-2.4302905,0.14089009165763855,0.5730000138282776,0.34940001368522644
YOL016C,YDL097C,0,-2.4303591,0.14085546135902405,0.5730000138282776,0.34950000047683716
YBR215W,YDL236W,0,-2.4305065,0.14082084596157074,0.5730000138282776,0.3495999872684479
YOR002W,YDR307W,1,-2.4305775,0.14103193581104279,0.5740000009536743,0.3495999872684479
YBR159W,YBR287W,1,-2.4307196,0.14124293625354767,0.574999988079071,0.3495999872684479
YMR311C,YBR043C,0,-2.4308085,0.1412082463502884,0.574999988079071,0.349700003862381
YMR051C,YMR093W,0,-2.4308128,0.1411735862493515,0.574999988079071,0.3497999906539917
YGR238C,YGR012W,0,-2.4308798,0.1411389261484146,0.574999988079071,0.3499000072479248
YBR240C,YGL144C,0,-2.4311233,0.1411042958498001,0.574999988079071,0.3499999940395355
YGL139W,YOR149C,1,-2.4311812,0.1413150131702423,0.5759999752044678,0.3499999940395355
YNL162W,YOL009C,0,-2.4312234,0.14128035306930542,0.5759999752044678,0.35010001063346863
YCR071C,YML069W,0,-2.4312994,0.14124570786952972,0.5759999752044678,0.35019999742507935
YDL225W,YER073W,0,-2.431421,0.14121107757091522,0.5759999752044678,0.35030001401901245
YER176W,YEL026W,0,-2.4314425,0.1411764770746231,0.5759999752044678,0.35040000081062317
YNL134C,YDR400W,0,-2.4317243,0.141141876578331,0.5759999752044678,0.3504999876022339
YIL150C,YBR067C,0,-2.4318054,0.14110730588436127,0.5759999752044678,0.350600004196167
YDL045W-A,YJL087C,0,-2.4319026,0.14107273519039154,0.5759999752044678,0.3506999909877777
YJR035W,YPL202C,0,-2.4320157,0.1410381942987442,0.5759999752044678,0.3508000075817108
YOR157C,YER093C,0,-2.4320877,0.14100366830825806,0.5759999752044678,0.35089999437332153
YDR264C,YOL121C,0,-2.4321797,0.1409691572189331,0.5759999752044678,0.35100001096725464
YPL283C,YHR193C,0,-2.4322486,0.14093467593193054,0.5759999752044678,0.35109999775886536
YPR155C,YNR045W,0,-2.4323318,0.14090019464492798,0.5759999752044678,0.35120001435279846
YGR257C,YDR447C,0,-2.4324684,0.1408657431602478,0.5759999752044678,0.3513000011444092
YDR022C,YMR101C,0,-2.4325204,0.14083129167556763,0.5759999752044678,0.3513999879360199
YPL281C,YKL075C,0,-2.4328387,0.14079686999320984,0.5759999752044678,0.351500004529953
YHL025W,YBL022C,0,-2.4329216,0.14076246321201324,0.5759999752044678,0.3515999913215637
YBR289W,YKL185W,0,-2.4332445,0.14072807133197784,0.5759999752044678,0.3517000079154968
YOL058W,YPR190C,0,-2.4335854,0.14069369435310364,0.5759999752044678,0.35179999470710754
YNL286W,YKL190W,0,-2.433662,0.14065934717655182,0.5759999752044678,0.35190001130104065
YBR213W,YJR160C,0,-2.4337604,0.140625,0.5759999752044678,0.35199999809265137
YGL033W,YDL148C,0,-2.4338262,0.14059068262577057,0.5759999752044678,0.3521000146865845
YGL238W,YKL110C,0,-2.4340732,0.14055636525154114,0.5759999752044678,0.3522000014781952
YFR041C,YNR008W,1,-2.4342206,0.14076603949069977,0.5770000219345093,0.3522000014781952
YFR021W,YNL330C,0,-2.434233,0.14073170721530914,0.5770000219345093,0.3522999882698059
YMR251W-A,YEL043W,1,-2.4342418,0.14094123244285583,0.578000009059906,0.3522999882698059
YGL019W,YML056C,0,-2.4342544,0.14090687036514282,0.578000009059906,0.352400004863739
YBR302C,YMR100W,0,-2.4349287,0.1408725380897522,0.578000009059906,0.35249999165534973
YDL093W,YBR029C,1,-2.4349651,0.14108186960220337,0.5789999961853027,0.35249999165534973
YFL026W,YOR380W,0,-2.43498,0.14104750752449036,0.5789999961853027,0.35260000824928284
YJL151C,YBR165W,0,-2.4350035,0.14101314544677734,0.5789999961853027,0.35269999504089355
YLR066W,YBR273C,1,-2.4350471,0.1412222981452942,0.5799999833106995,0.35269999504089355
YOL135C,YDL049C,0,-2.4352312,0.14118792116641998,0.5799999833106995,0.35280001163482666
YIL150C,YLL050C,0,-2.435512,0.14115355908870697,0.5799999833106995,0.3528999984264374
YKL213C,YDR016C,0,-2.4355524,0.14111922681331635,0.5799999833106995,0.3529999852180481
YJL177W,YNL190W,0,-2.4357634,0.14108489453792572,0.5799999833106995,0.3531000018119812
YDR353W,YOL019W,0,-2.4357808,0.1410505771636963,0.5799999833106995,0.3531999886035919
YPR165W,YEL066W,0,-2.436127,0.14101628959178925,0.5799999833106995,0.353300005197525
YBR006W,YBR186W,0,-2.4362073,0.1409820169210434,0.5799999833106995,0.35339999198913574
YDR071C,YDR246W,0,-2.43632,0.14094775915145874,0.5799999833106995,0.35350000858306885
YHL035C,YLR353W,0,-2.4364455,0.14091350138187408,0.5799999833106995,0.35359999537467957
YCL026C-B,YGL232W,0,-2.4371397,0.140879288315773,0.5799999833106995,0.35370001196861267
YBL003C,YHR011W,0,-2.4373465,0.14084507524967194,0.5799999833106995,0.3537999987602234
YMR122W-A,YJR073C,1,-2.4375951,0.14105364680290222,0.5809999704360962,0.3537999987602234
YNL309W,YGR085C,0,-2.4376957,0.14101941883563995,0.5809999704360962,0.3538999855518341
YLR145W,YPR036W,0,-2.4377549,0.14098519086837769,0.5809999704360962,0.3540000021457672
YNL310C,YLL060C,0,-2.437896,0.1409509927034378,0.5809999704360962,0.35409998893737793
YNR033W,YJR077C,0,-2.4379158,0.14091680943965912,0.5809999704360962,0.35420000553131104
YJL210W,YER179W,0,-2.4380872,0.14088264107704163,0.5809999704360962,0.35429999232292175
YDR529C,YDR225W,0,-2.4381204,0.14084848761558533,0.5809999704360962,0.35440000891685486
YDR236C,YPR041W,0,-2.4381776,0.14081434905529022,0.5809999704360962,0.3544999957084656
YER091C,YOR213C,0,-2.438178,0.1407802253961563,0.5809999704360962,0.3546000123023987
YJR139C,YDR313C,0,-2.4384203,0.1407461166381836,0.5809999704360962,0.3546999990940094
YKL145W,YMR093W,0,-2.4387014,0.14071203768253326,0.5809999704360962,0.3547999858856201
YBR112C,YMR131C,0,-2.4387863,0.14067795872688293,0.5809999704360962,0.3549000024795532
YBR114W,YER028C,0,-2.4388998,0.140643909573555,0.5809999704360962,0.35499998927116394
YOR094W,YAL035W,0,-2.4389157,0.14060987532138824,0.5809999704360962,0.35510000586509705
YHR018C,YPL169C,0,-2.4390824,0.1405758559703827,0.5809999704360962,0.35519999265670776
YLR276C,YAL001C,0,-2.4390972,0.14054185152053833,0.5809999704360962,0.35530000925064087
YPL096W,YFR045W,0,-2.4391105,0.14050786197185516,0.5809999704360962,0.3553999960422516
YOL053C-A,YGR087C,0,-2.4391427,0.1404738873243332,0.5809999704360962,0.3555000126361847
YJR046W,YAL038W,0,-2.4394145,0.1404399275779724,0.5809999704360962,0.3555999994277954
YJL134W,YNR026C,1,-2.4394283,0.14064764976501465,0.5820000171661377,0.3555999994277954
YLR287C-A,YJR104C,0,-2.4394665,0.14061367511749268,0.5820000171661377,0.35569998621940613
YKL213C,YBR008C,0,-2.439532,0.1405797153711319,0.5820000171661377,0.35580000281333923
YBL091C,YDL147W,0,-2.4395444,0.14054575562477112,0.5820000171661377,0.35589998960494995
YBL025W,YDR446W,0,-2.4396152,0.14051182568073273,0.5820000171661377,0.35600000619888306
YLR327C,YMR058W,0,-2.439644,0.14047791063785553,0.5820000171661377,0.3560999929904938
YGR284C,YPL089C,0,-2.4396718,0.14044401049613953,0.5820000171661377,0.3562000095844269
YGR266W,YJL005W,0,-2.439692,0.14041012525558472,0.5820000171661377,0.3562999963760376
YBL074C,YNL299W,0,-2.439772,0.1403762698173523,0.5820000171661377,0.3564000129699707
YOR284W,YML078W,0,-2.439921,0.14034241437911987,0.5820000171661377,0.3564999997615814
YOL007C,YGL167C,0,-2.4402163,0.14030858874320984,0.5820000171661377,0.35659998655319214
YDL058W,YKL011C,0,-2.4402606,0.1402747631072998,0.5820000171661377,0.35670000314712524
YGR271W,YGL208W,0,-2.440335,0.14024096727371216,0.5820000171661377,0.35679998993873596
YLR453C,YPL088W,0,-2.4405406,0.1402071863412857,0.5820000171661377,0.35690000653266907
YNL079C,YJL026W,0,-2.440621,0.14017340540885925,0.5820000171661377,0.3569999933242798
YMR013C,YKR022C,1,-2.4409294,0.14038044214248657,0.5830000042915344,0.3569999933242798
YGL078C,YGL185C,0,-2.441066,0.14034666121006012,0.5830000042915344,0.3571000099182129
YDR362C,YML105C,0,-2.4413354,0.14031288027763367,0.5830000042915344,0.3571999967098236
YNR052C,YLR383W,0,-2.4414365,0.1402791142463684,0.5830000042915344,0.3573000133037567
YER029C,YLR427W,0,-2.4414382,0.14024536311626434,0.5830000042915344,0.35740000009536743
YGL017W,YMR135C,0,-2.4414852,0.14021164178848267,0.5830000042915344,0.35749998688697815
YHR086W,YBR250W,0,-2.4414968,0.140177920460701,0.5830000042915344,0.35760000348091125
YMR175W,YBR035C,0,-2.4416332,0.1401442289352417,0.5830000042915344,0.357699990272522
YFL018C,YLR193C,0,-2.441635,0.1401105523109436,0.5830000042915344,0.3578000068664551
YKL141W,YCL017C,0,-2.4417956,0.1400768905878067,0.5830000042915344,0.3578999936580658
YPL169C,YLL032C,0,-2.4419627,0.140043243765831,0.5830000042915344,0.3580000102519989
YBR207W,YJL082W,0,-2.4420476,0.14000961184501648,0.5830000042915344,0.3580999970436096
YNL135C,YLR244C,0,-2.4425423,0.13997599482536316,0.5830000042915344,0.3582000136375427
YKL003C,YDL191W,0,-2.44273,0.13994239270687103,0.5830000042915344,0.35830000042915344
YIL132C,YPR107C,0,-2.44277,0.1399088054895401,0.5830000042915344,0.35839998722076416
YLL018C,YAR071W,0,-2.4428155,0.13987523317337036,0.5830000042915344,0.35850000381469727
YJL225C,YLR098C,0,-2.4431164,0.139841690659523,0.5830000042915344,0.358599990606308
YLR442C,YOR287C,0,-2.4432,0.13980814814567566,0.5830000042915344,0.3587000072002411
YKL165C,YJR013W,1,-2.4432626,0.1400143802165985,0.5839999914169312,0.3587000072002411
YDL133C-A,YGR084C,0,-2.4432924,0.13998082280158997,0.5839999914169312,0.3587999939918518
YLL057C,YGR174C,0,-2.4438295,0.13994728028774261,0.5839999914169312,0.3589000105857849
YNL077W,YBL097W,0,-2.4438329,0.13991375267505646,0.5839999914169312,0.35899999737739563
YOR369C,YDR018C,0,-2.4441233,0.1398802399635315,0.5839999914169312,0.35910001397132874
YPL236C,YNL178W,0,-2.4442227,0.13984674215316772,0.5839999914169312,0.35920000076293945
YOL027C,YPL029W,0,-2.4443805,0.13981325924396515,0.5839999914169312,0.35929998755455017
YMR168C,YJL011C,0,-2.4444935,0.13977980613708496,0.5839999914169312,0.3594000041484833
YIL027C,YJL097W,1,-2.444629,0.13998563587665558,0.5849999785423279,0.3594000041484833
YGL142C,YHR163W,0,-2.4447181,0.139952152967453,0.5849999785423279,0.359499990940094
YHL034C,YAL001C,0,-2.444855,0.13991868495941162,0.5849999785423279,0.3596000075340271
YPL134C,YBR271W,0,-2.4448748,0.13988521695137024,0.5849999785423279,0.3596999943256378
YLL054C,YMR140W,0,-2.4449637,0.13985177874565125,0.5849999785423279,0.3598000109195709
YBR251W,YKR101W,0,-2.4449728,0.13981835544109344,0.5849999785423279,0.35989999771118164
YDR339C,YOR279C,0,-2.4449813,0.13978494703769684,0.5849999785423279,0.36000001430511475
YKL208W,YJR025C,0,-2.4451582,0.13975155353546143,0.5849999785423279,0.36010000109672546
YOL013C,YGL065C,1,-2.4451885,0.1399570107460022,0.5860000252723694,0.36010000109672546
YGR009C,YDR339C,0,-2.445224,0.1399235874414444,0.5860000252723694,0.3601999878883362
YDR346C,YPR199C,0,-2.4452388,0.13989019393920898,0.5860000252723694,0.3603000044822693
YDR496C,YGL011C,0,-2.4454992,0.13985680043697357,0.5860000252723694,0.36039999127388
YDR233C,YML101C,1,-2.4455097,0.14006203413009644,0.5870000123977661,0.36039999127388
YKL119C,YLR286C,1,-2.4456248,0.14026717841625214,0.5879999995231628,0.36039999127388
YGL173C,YAR002C-A,0,-2.4456487,0.14023372530937195,0.5879999995231628,0.3605000078678131
YOR160W,YGR111W,0,-2.4457116,0.14020028710365295,0.5879999995231628,0.36059999465942383
YIR014W,YOR087W,0,-2.4457173,0.14016686379909515,0.5879999995231628,0.36070001125335693
YLR132C,YBL014C,0,-2.4457583,0.14013345539569855,0.5879999995231628,0.36079999804496765
YKR080W,YER148W,0,-2.4458206,0.14010007679462433,0.5879999995231628,0.36090001463890076
YLR313C,YJL214W,0,-2.445871,0.1400666981935501,0.5879999995231628,0.3610000014305115
YNL293W,YOL091W,0,-2.446032,0.14003333449363708,0.5879999995231628,0.3610999882221222
YGL014W,YGL203C,0,-2.44619,0.14000000059604645,0.5879999995231628,0.3612000048160553
YBR096W,YDR200C,1,-2.4463372,0.14020471274852753,0.5889999866485596,0.3612000048160553
YNL318C,YML098W,0,-2.4463792,0.1401713490486145,0.5889999866485596,0.361299991607666
YHR060W,YPL076W,1,-2.4464319,0.14037592709064484,0.5899999737739563,0.361299991607666
YGR076C,YEL012W,0,-2.4469326,0.14034253358840942,0.5899999737739563,0.3614000082015991
YLR126C,YCR028C,0,-2.4470284,0.1403091549873352,0.5899999737739563,0.36149999499320984
YLR074C,YNL281W,0,-2.447065,0.14027579128742218,0.5899999737739563,0.36160001158714294
YOR357C,YIL103W,0,-2.4470875,0.14024245738983154,0.5899999737739563,0.36169999837875366
YBR170C,YDR434W,1,-2.4470985,0.1404467672109604,0.5910000205039978,0.36169999837875366
YDR184C,YOR043W,0,-2.4472146,0.14041340351104736,0.5910000205039978,0.3617999851703644
YOR160W,YJR042W,0,-2.4472172,0.14038005471229553,0.5910000205039978,0.3619000017642975
YDL212W,YEL002C,1,-2.4472475,0.14058418571949005,0.5920000076293945,0.3619000017642975
YBR145W,YMR295C,0,-2.4475627,0.14055080711841583,0.5920000076293945,0.3619999885559082
YIL098C,YOL026C,0,-2.4476163,0.1405174434185028,0.5920000076293945,0.3621000051498413
YJR032W,YPL194W,0,-2.447636,0.14048409461975098,0.5920000076293945,0.362199991941452
YLR058C,YDL040C,0,-2.4476495,0.14045077562332153,0.5920000076293945,0.36230000853538513
YMR135C,YCL048W,0,-2.4476907,0.1404174566268921,0.5920000076293945,0.36239999532699585
YMR223W,YHR057C,0,-2.4476988,0.14038415253162384,0.5920000076293945,0.36250001192092896
YML063W,YGL048C,0,-2.4477036,0.14035087823867798,0.5920000076293945,0.3625999987125397
YLR386W,YLR336C,0,-2.4480457,0.14031760394573212,0.5920000076293945,0.3626999855041504
YPR199C,YFR034C,0,-2.4481385,0.14028435945510864,0.5920000076293945,0.3628000020980835
YHR091C,YOR290C,0,-2.448191,0.14025112986564636,0.5920000076293945,0.3628999888896942
YPL121C,YJR026W,0,-2.4483082,0.14021790027618408,0.5920000076293945,0.3630000054836273
YPL221W,YIL124W,1,-2.448447,0.14042149484157562,0.5929999947547913,0.3630000054836273
YML118W,YDR342C,0,-2.4487517,0.14038825035095215,0.5929999947547913,0.36309999227523804
YKR087C,YJL053W,0,-2.4488451,0.14035503566265106,0.5929999947547913,0.36320000886917114
YHR113W,YML005W,0,-2.449012,0.14032182097434998,0.5929999947547913,0.36329999566078186
YOR246C,YGL111W,0,-2.449033,0.14028862118721008,0.5929999947547913,0.36340001225471497
YHR099W,YDR080W,0,-2.4492686,0.14025543630123138,0.5929999947547913,0.3634999990463257
YNR002C,YJR044C,0,-2.4492745,0.14022228121757507,0.5929999947547913,0.3635999858379364
YHR187W,YOR073W,0,-2.4495018,0.14018912613391876,0.5929999947547913,0.3637000024318695
YOR130C,YFR050C,0,-2.4495318,0.14015598595142365,0.5929999947547913,0.3637999892234802
YOR070C,YOL026C,0,-2.449593,0.14012287557125092,0.5929999947547913,0.36390000581741333
YPL041C,YOR083W,0,-2.4497068,0.14008976519107819,0.5929999947547913,0.36399999260902405
YDR420W,YOR113W,0,-2.449794,0.14005668461322784,0.5929999947547913,0.36410000920295715
YFL002C,YCL075W,0,-2.4498992,0.1400236189365387,0.5929999947547913,0.36419999599456787
YDL133C-A,YDL005C,0,-2.4500492,0.13999055325984955,0.5929999947547913,0.364300012588501
YLR219W,YHR018C,0,-2.4500864,0.1399575173854828,0.5929999947547913,0.3643999993801117
YNL273W,YOL120C,0,-2.4500883,0.13992449641227722,0.5929999947547913,0.3644999861717224
YER058W,YMR091C,0,-2.4501987,0.13989149034023285,0.5929999947547913,0.3646000027656555
YNL261W,YPL259C,0,-2.45025,0.13985848426818848,0.5929999947547913,0.36469998955726624
YIL063C,YER116C,0,-2.450404,0.1398255079984665,0.5929999947547913,0.36480000615119934
YBL017C,YPL075W,0,-2.450435,0.1397925466299057,0.5929999947547913,0.36489999294281006
YDR237W,YKL206C,0,-2.4505188,0.1397596001625061,0.5929999947547913,0.36500000953674316
YIR006C,YJR006W,0,-2.4505565,0.1397266685962677,0.5929999947547913,0.3650999963283539
YNL073W,YER172C,0,-2.4505894,0.1396937519311905,0.5929999947547913,0.365200012922287
YLR176C,YPR198W,0,-2.4506285,0.13966085016727448,0.5929999947547913,0.3652999997138977
YOR168W,YOR386W,0,-2.4508064,0.13962797820568085,0.5929999947547913,0.3653999865055084
YGR162W,YNL058C,0,-2.4508796,0.13959510624408722,0.5929999947547913,0.36550000309944153
YOR122C,YBR213W,0,-2.4509556,0.13956224918365479,0.5929999947547913,0.36559998989105225
YNL330C,YOR112W,0,-2.4511082,0.13952940702438354,0.5929999947547913,0.36570000648498535
YBR176W,YIL105C,0,-2.4514925,0.1394965946674347,0.5929999947547913,0.36579999327659607
YGL206C,YPR200C,0,-2.451528,0.13946378231048584,0.5929999947547913,0.3659000098705292
YLR426W,YPL069C,0,-2.45158,0.13943098485469818,0.5929999947547913,0.3659999966621399
YLR308W,YOR099W,0,-2.4516613,0.1393982172012329,0.5929999947547913,0.366100013256073
YLR467W,YKL195W,0,-2.4519482,0.13936544954776764,0.5929999947547913,0.3662000000476837
YJL026W,YDR343C,0,-2.452039,0.13933271169662476,0.5929999947547913,0.36629998683929443
YGR292W,YNR007C,0,-2.4523308,0.13929997384548187,0.5929999947547913,0.36640000343322754
YGR112W,YJL174W,0,-2.452368,0.13926726579666138,0.5929999947547913,0.36649999022483826
YPR179C,YOR099W,0,-2.4524314,0.13923455774784088,0.5929999947547913,0.36660000681877136
YOR076C,YPL248C,0,-2.452576,0.13920187950134277,0.5929999947547913,0.3666999936103821
YGR270W,YGR171C,0,-2.4527445,0.13916921615600586,0.5929999947547913,0.3668000102043152
YGL020C,YMR123W,1,-2.4527905,0.13937118649482727,0.593999981880188,0.3668000102043152
YOL042W,YBR143C,0,-2.4531198,0.13933849334716797,0.593999981880188,0.3668999969959259
YNL181W,YGR216C,1,-2.4531221,0.13954034447669983,0.5950000286102295,0.3668999969959259
YNL218W,YNR055C,0,-2.4533255,0.13950762152671814,0.5950000286102295,0.367000013589859
YPR194C,YER049W,0,-2.4534152,0.13947491347789764,0.5950000286102295,0.3671000003814697
YJR145C,YGR193C,0,-2.4534683,0.13944223523139954,0.5950000286102295,0.36719998717308044
YKR098C,YNL083W,0,-2.4534802,0.13940955698490143,0.5950000286102295,0.36730000376701355
YNR060W,YKL049C,0,-2.4535282,0.1393769085407257,0.5950000286102295,0.36739999055862427
YDR308C,YGL125W,0,-2.453844,0.13934426009655,0.5950000286102295,0.3675000071525574
YJL112W,YKR029C,0,-2.453992,0.13931164145469666,0.5950000286102295,0.3675999939441681
YPL031C,YBR205W,0,-2.4542377,0.13927902281284332,0.5950000286102295,0.3677000105381012
YDL166C,YNR044W,0,-2.454445,0.13924643397331238,0.5950000286102295,0.3677999973297119
YCR024C-A,YOR370C,0,-2.454525,0.13921384513378143,0.5950000286102295,0.367900013923645
YLR234W,YDR168W,0,-2.454608,0.13918128609657288,0.5950000286102295,0.36800000071525574
YBR188C,YDL024C,0,-2.4546907,0.1391487419605255,0.5950000286102295,0.36809998750686646
YDR108W,YER022W,0,-2.4549758,0.13911619782447815,0.5950000286102295,0.36820000410079956
YML046W,YLR318W,0,-2.4552326,0.13908368349075317,0.5950000286102295,0.3682999908924103
YKR086W,YJL044C,0,-2.455417,0.1390511840581894,0.5950000286102295,0.3684000074863434
YJR123W,YGR047C,0,-2.4557068,0.1390186846256256,0.5950000286102295,0.3684999942779541
YPR016C,YFR016C,0,-2.4560387,0.13898621499538422,0.5950000286102295,0.3686000108718872
YNR023W,YBR196C,0,-2.4560945,0.13895376026630402,0.5950000286102295,0.3686999976634979
YDL082W,YBL079W,0,-2.456106,0.138921320438385,0.5950000286102295,0.36880001425743103
YDL149W,YLR014C,0,-2.4561288,0.1388888955116272,0.5950000286102295,0.36890000104904175
YPL213W,YNR033W,0,-2.4562733,0.13885647058486938,0.5950000286102295,0.36899998784065247
YFL059W,YDR420W,0,-2.4563565,0.13882407546043396,0.5950000286102295,0.36910000443458557
YGL064C,YEL065W,0,-2.4564383,0.13879169523715973,0.5950000286102295,0.3691999912261963
YER100W,YHR036W,1,-2.4566448,0.1389925330877304,0.5960000157356262,0.3691999912261963
YHR147C,YNL330C,0,-2.456735,0.13896013796329498,0.5960000157356262,0.3693000078201294
YFR025C,YKL077W,0,-2.4569314,0.13892774283885956,0.5960000157356262,0.3693999946117401
YKR083C,YGL023C,0,-2.4570818,0.13889536261558533,0.5960000157356262,0.3695000112056732
YJL158C,YDR196C,1,-2.4571388,0.1390959918498993,0.597000002861023,0.3695000112056732
YJL122W,YMR168C,0,-2.4572005,0.13906359672546387,0.597000002861023,0.36959999799728394
YDL132W,YBR012W-A,0,-2.4572456,0.13903120160102844,0.597000002861023,0.36970001459121704
YLR328W,YKL017C,0,-2.4573362,0.1389988362789154,0.597000002861023,0.36980000138282776
YBR215W,YMR212C,0,-2.4578416,0.13896648585796356,0.597000002861023,0.3698999881744385
YOR176W,YDR354W,0,-2.4578497,0.13893413543701172,0.597000002861023,0.3700000047683716
YMR013C,YIL023C,1,-2.457918,0.139134481549263,0.5979999899864197,0.3700000047683716
YOR260W,YPL267W,0,-2.4579241,0.13910211622714996,0.5979999899864197,0.3700999915599823
YDL101C,YOR269W,0,-2.4580104,0.13906976580619812,0.5979999899864197,0.3702000081539154
YCL016C,YGL201C,0,-2.458163,0.13903743028640747,0.5979999899864197,0.3702999949455261
YDR117C,YML040W,0,-2.4583619,0.13900510966777802,0.5979999899864197,0.37040001153945923
YMR051C,YBR080C,0,-2.4584694,0.13897280395030975,0.5979999899864197,0.37049999833106995
YOR003W,YOR304C-A,0,-2.4586508,0.13894051313400269,0.5979999899864197,0.37059998512268066
YAL060W,YGL090W,0,-2.458662,0.138908252120018,0.5979999899864197,0.37070000171661377
YKL140W,YBR193C,0,-2.4586775,0.13887599110603333,0.5979999899864197,0.3707999885082245
YDL113C,YGR282C,0,-2.458738,0.13884374499320984,0.5979999899864197,0.3709000051021576
YBR097W,YGR268C,0,-2.4590454,0.13881151378154755,0.5979999899864197,0.3709999918937683
YHR160C,YIL051C,0,-2.4590678,0.13877929747104645,0.5979999899864197,0.3711000084877014
YHR135C,YDR200C,1,-2.4591258,0.13897912204265594,0.5989999771118164,0.3711000084877014
YKR053C,YDR200C,1,-2.4591386,0.13917884230613708,0.6000000238418579,0.3711000084877014
YGR220C,YCL033C,0,-2.459237,0.1391465663909912,0.6000000238418579,0.37119999527931213
YMR154C,YFR013W,0,-2.4592578,0.13911430537700653,0.6000000238418579,0.37130001187324524
YJL008C,YKL175W,0,-2.4592683,0.13908205926418304,0.6000000238418579,0.37139999866485596
YBR040W,YJL081C,0,-2.4593246,0.13904982805252075,0.6000000238418579,0.3714999854564667
YEL037C,YDR420W,0,-2.45941,0.13901761174201965,0.6000000238418579,0.3716000020503998
YJL204C,YPR024W,0,-2.4594462,0.13898541033267975,0.6000000238418579,0.3716999888420105
YER190W,YFR046C,0,-2.4595573,0.13895322382450104,0.6000000238418579,0.3718000054359436
YMR049C,YDR126W,0,-2.4595835,0.13892105221748352,0.6000000238418579,0.3718999922275543
YFR040W,YOL041C,0,-2.4601421,0.1388888955116272,0.6000000238418579,0.3720000088214874
YOL104C,YLR325C,0,-2.460211,0.13885673880577087,0.6000000238418579,0.37209999561309814
YMR204C,YML041C,0,-2.4603798,0.13882461190223694,0.6000000238418579,0.37220001220703125
YHR191C,YJL118W,0,-2.4604535,0.1387924998998642,0.6000000238418579,0.37229999899864197
YBR101C,YDR031W,0,-2.460458,0.13876040279865265,0.6000000238418579,0.3723999857902527
YGL211W,YER133W,0,-2.4604661,0.1387283205986023,0.6000000238418579,0.3725000023841858
YBR012W-A,YJR141W,0,-2.4606378,0.13869625329971313,0.6000000238418579,0.3725999891757965
YDR033W,YCR106W,0,-2.4606662,0.13866420090198517,0.6000000238418579,0.3727000057697296
YHR079C,YGL231C,1,-2.4606948,0.1388632208108902,0.6010000109672546,0.3727000057697296
YOR160W,YJR074W,0,-2.460702,0.13883113861083984,0.6010000109672546,0.37279999256134033
YGL234W,YLR239C,0,-2.4607902,0.13879907131195068,0.6010000109672546,0.37290000915527344
YNL073W,YLR058C,0,-2.4608216,0.1387670338153839,0.6010000109672546,0.37299999594688416
YGR263C,YJL080C,1,-2.4608927,0.13896583020687103,0.6019999980926514,0.37299999594688416
YGR001C,YDR121W,0,-2.4609916,0.13893376290798187,0.6019999980926514,0.37310001254081726
YPL256C,YBL106C,0,-2.4610054,0.1389017105102539,0.6019999980926514,0.373199999332428
YCR034W,YDR519W,1,-2.461583,0.1391003429889679,0.6029999852180481,0.373199999332428
YMR322C,YJL221C,0,-2.4617748,0.13906826078891754,0.6029999852180481,0.3732999861240387
YER190W,YPL115C,0,-2.4618392,0.13903619349002838,0.6029999852180481,0.3734000027179718
YIL021W,YFR040W,0,-2.4619393,0.1390041559934616,0.6029999852180481,0.3734999895095825
YPL187W,YGR029W,0,-2.462043,0.13897211849689484,0.6029999852180481,0.3736000061035156
YJR120W,YHR143W,0,-2.4620945,0.13894009590148926,0.6029999852180481,0.37369999289512634
YNL127W,YBR118W,0,-2.4621074,0.13890808820724487,0.6029999852180481,0.37380000948905945
YIL136W,YDL033C,0,-2.462259,0.13887609541416168,0.6029999852180481,0.37389999628067017
YHR091C,YML097C,0,-2.4623091,0.13884411752223969,0.6029999852180481,0.37400001287460327
YDL225W,YDL102W,0,-2.4623616,0.13881215453147888,0.6029999852180481,0.374099999666214
YBL099W,YHR164C,0,-2.4623744,0.13878020644187927,0.6029999852180481,0.3741999864578247
YNL315C,YHL007C,0,-2.4626586,0.13874827325344086,0.6029999852180481,0.3743000030517578
YCR005C,YKL017C,0,-2.4628556,0.13871635496616364,0.6029999852180481,0.37439998984336853
YPR083W,YBR035C,0,-2.462941,0.1386844515800476,0.6029999852180481,0.37450000643730164
YOL052C,YDR212W,0,-2.4632533,0.13865256309509277,0.6029999852180481,0.37459999322891235
YPL150W,YMR091C,0,-2.4636207,0.13862068951129913,0.6029999852180481,0.37470000982284546
YAL033W,YNL131W,0,-2.4638817,0.1385888308286667,0.6029999852180481,0.3747999966144562
YNL132W,YCR097W,0,-2.4640985,0.13855698704719543,0.6029999852180481,0.3749000132083893
YOR122C,YBR090C-A,0,-2.4641216,0.13852515816688538,0.6029999852180481,0.375
YJL065C,YHR091C,0,-2.4641733,0.1384933441877365,0.6029999852180481,0.3750999867916107
YBR002C,YHR045W,1,-2.4643526,0.13869115710258484,0.6039999723434448,0.3750999867916107
YLR411W,YIL036W,0,-2.4644625,0.1386593133211136,0.6039999723434448,0.3752000033855438
YNR052C,YHL013C,0,-2.4645407,0.13862749934196472,0.6039999723434448,0.37529999017715454
YLL036C,YJR099W,0,-2.4645507,0.13859568536281586,0.6039999723434448,0.37540000677108765
YLR381W,YHL006C,0,-2.4647949,0.13856388628482819,0.6039999723434448,0.37549999356269836
YKL059C,YDR283C,0,-2.464832,0.1385321170091629,0.6039999723434448,0.37560001015663147
YER173W,YPL265W,0,-2.4649951,0.13850034773349762,0.6039999723434448,0.3756999969482422
YDL093W,YLR292C,1,-2.46524,0.13869784772396088,0.6050000190734863,0.3756999969482422
YFR019W,YLR385C,0,-2.4652653,0.1386660486459732,0.6050000190734863,0.3758000135421753
YOR065W,YAL060W,0,-2.465315,0.13863427937030792,0.6050000190734863,0.375900000333786
YDL132W,YDR144C,0,-2.4653296,0.13860252499580383,0.6050000190734863,0.37599998712539673
YNL142W,YOR246C,0,-2.4653645,0.13857077062129974,0.6050000190734863,0.37610000371932983
YPR159W,YDR515W,0,-2.4653947,0.13853904604911804,0.6050000190734863,0.37619999051094055
YGL135W,YIL158W,0,-2.4655542,0.13850732147693634,0.6050000190734863,0.37630000710487366
YGL135W,YIR005W,0,-2.4657815,0.13847562670707703,0.6050000190734863,0.3763999938964844
YLR148W,YOR120W,0,-2.4658258,0.1384439319372177,0.6050000190734863,0.3765000104904175
YGL116W,YNL233W,0,-2.465912,0.1384122669696808,0.6050000190734863,0.3765999972820282
YPR118W,YKL185W,0,-2.4661267,0.13838060200214386,0.6050000190734863,0.3767000138759613
YDR026C,YGL021W,0,-2.4661682,0.13834896683692932,0.6050000190734863,0.376800000667572
YML124C,YGR166W,0,-2.466173,0.13831733167171478,0.6050000190734863,0.37689998745918274
YGR224W,YMR048W,0,-2.4663432,0.13828571140766144,0.6050000190734863,0.37700000405311584
YOR382W,YHR053C,0,-2.466529,0.1382541060447693,0.6050000190734863,0.37709999084472656
YHR091C,YLL021W,0,-2.4667175,0.13822253048419952,0.6050000190734863,0.37720000743865967
YJR013W,YDR200C,1,-2.4667342,0.13841937482357025,0.6060000061988831,0.37720000743865967
YJL165C,YDR174W,0,-2.4670541,0.1383877545595169,0.6060000061988831,0.3772999942302704
YOR206W,YOR279C,0,-2.4670818,0.13835616409778595,0.6060000061988831,0.3774000108242035
YKL016C,YNL042W,0,-2.467136,0.1383245885372162,0.6060000061988831,0.3774999976158142
YJL154C,YOR194C,0,-2.4671566,0.13829301297664642,0.6060000061988831,0.3776000142097473
YMR025W,YOL164W,0,-2.467172,0.13826146721839905,0.6060000061988831,0.37770000100135803
YBR176W,YKL132C,0,-2.4671888,0.13822992146015167,0.6060000061988831,0.37779998779296875
YJL056C,YNR037C,0,-2.4673054,0.13819840550422668,0.6060000061988831,0.37790000438690186
YMR163C,YDR151C,0,-2.4675953,0.1381668895483017,0.6060000061988831,0.3779999911785126
YNL148C,YMR117C,0,-2.467756,0.1381354033946991,0.6060000061988831,0.3781000077724457
YPL248C,YBR040W,0,-2.4678805,0.1381039172410965,0.6060000061988831,0.3781999945640564
YGR014W,YGL067W,0,-2.4679153,0.13807246088981628,0.6060000061988831,0.3783000111579895
YDR038C,YOR043W,0,-2.4680345,0.13804100453853607,0.6060000061988831,0.3783999979496002
YPR082C,YFL049W,0,-2.468054,0.13800956308841705,0.6060000061988831,0.3785000145435333
YPR118W,YOL129W,0,-2.468063,0.13797813653945923,0.6060000061988831,0.37860000133514404
YOR068C,YJR102C,0,-2.4680953,0.1379467397928238,0.6060000061988831,0.37869998812675476
YGR044C,YDR108W,0,-2.4683783,0.13791534304618835,0.6060000061988831,0.37880000472068787
YCL003W,YKL198C,0,-2.4684157,0.1378839612007141,0.6060000061988831,0.3788999915122986
YGR001C,YPL218W,0,-2.4684463,0.13785259425640106,0.6060000061988831,0.3790000081062317
YJL127C,YPL262W,0,-2.4685152,0.1378212422132492,0.6060000061988831,0.3790999948978424
YBR162W-A,YHL028W,1,-2.4685166,0.13801728188991547,0.6069999933242798,0.3790999948978424
YJL179W,YKR087C,0,-2.4686759,0.13798590004444122,0.6069999933242798,0.3792000114917755
YIL036W,YJR064W,0,-2.468764,0.13795454800128937,0.6069999933242798,0.37929999828338623
YGL256W,YLR421C,0,-2.4688056,0.1379231959581375,0.6069999933242798,0.37940001487731934
YMR233W,YNL064C,0,-2.4688714,0.13789187371730804,0.6069999933242798,0.37950000166893005
YOR377W,YBL023C,0,-2.4688895,0.13786055147647858,0.6069999933242798,0.37959998846054077
YOR035C,YBR233W-A,0,-2.4691372,0.1378292441368103,0.6069999933242798,0.3797000050544739
YNL309W,YDR164C,0,-2.4692645,0.13779795169830322,0.6069999933242798,0.3797999918460846
YFL062W,YFR004W,0,-2.4694238,0.13776668906211853,0.6069999933242798,0.3799000084400177
YMR013C,YKL065C,1,-2.4695315,0.13796232640743256,0.6079999804496765,0.3799000084400177
YGR247W,YJL170C,0,-2.4697666,0.13793103396892548,0.6079999804496765,0.3799999952316284
YOR092W,YDR302W,1,-2.4698856,0.13812655210494995,0.609000027179718,0.3799999952316284
YLR262C,YPR083W,0,-2.47001,0.13809524476528168,0.609000027179718,0.3801000118255615
YOL154W,YLR263W,0,-2.4700725,0.1380639374256134,0.609000027179718,0.38019999861717224
YOL034W,YPL254W,0,-2.4701421,0.13803264498710632,0.609000027179718,0.38029998540878296
YHL015W,YFL062W,0,-2.470299,0.13800135254859924,0.609000027179718,0.38040000200271606
YDL093W,YOL110W,1,-2.47037,0.1381966471672058,0.6100000143051147,0.38040000200271606
YGL017W,YMR087W,0,-2.4705074,0.13816533982753754,0.6100000143051147,0.3804999887943268
YDR541C,YMR190C,0,-2.4705133,0.13813406229019165,0.6100000143051147,0.3806000053882599
YFL026W,YDL008W,0,-2.4708307,0.13810278475284576,0.6100000143051147,0.3806999921798706
YBR257W,YJR141W,0,-2.470848,0.13807152211666107,0.6100000143051147,0.3808000087738037
YOR076C,YKL108W,0,-2.4709375,0.13804027438163757,0.6100000143051147,0.38089999556541443
YLR183C,YJL001W,0,-2.4710453,0.13800905644893646,0.6100000143051147,0.38100001215934753
YJR026W,YOL113W,0,-2.471096,0.13797783851623535,0.6100000143051147,0.38109999895095825
YOR038C,YCR105W,0,-2.4712489,0.13794663548469543,0.6100000143051147,0.38119998574256897
YEL069C,YMR269W,0,-2.4712512,0.1379154473543167,0.6100000143051147,0.3813000023365021
YPR174C,YGL008C,0,-2.471358,0.13788427412509918,0.6100000143051147,0.3813999891281128
YNL177C,YPR175W,0,-2.4713929,0.13785310089588165,0.6100000143051147,0.3815000057220459
YJL059W,YDR284C,0,-2.4714901,0.1378219574689865,0.6100000143051147,0.3815999925136566
YNR032C-A,YHR163W,0,-2.4715273,0.13779082894325256,0.6100000143051147,0.3817000091075897
YBR155W,YOR327C,0,-2.4715588,0.1377597153186798,0.6100000143051147,0.38179999589920044
YLL022C,YMR193W,0,-2.471668,0.13772860169410706,0.6100000143051147,0.38190001249313354
YPL195W,YJR160C,0,-2.4716938,0.1376975178718567,0.6100000143051147,0.38199999928474426
YER045C,YKL057C,0,-2.4719183,0.13766643404960632,0.6100000143051147,0.382099986076355
YJL127C,YBR093C,0,-2.4719474,0.13763538002967834,0.6100000143051147,0.3822000026702881
YOL040C,YIL128W,0,-2.4720128,0.13760432600975037,0.6100000143051147,0.3822999894618988
YMR200W,YGR172C,1,-2.472171,0.13779883086681366,0.6110000014305115,0.3822999894618988
YHL012W,YNL128W,0,-2.472171,0.1377677619457245,0.6110000014305115,0.3824000060558319
YDR518W,YAR042W,1,-2.4722795,0.13796213269233704,0.6119999885559082,0.3824000060558319
YPR174C,YLR182W,0,-2.472329,0.13793103396892548,0.6119999885559082,0.3824999928474426
YDR219C,YDR135C,0,-2.472345,0.1378999501466751,0.6119999885559082,0.38260000944137573
YLR227C,YBR084C-A,0,-2.4723983,0.13786889612674713,0.6119999885559082,0.38269999623298645
YKL126W,YJL115W,0,-2.4724324,0.13783784210681915,0.6119999885559082,0.38280001282691956
YDR213W,YER030W,0,-2.4725196,0.13780680298805237,0.6119999885559082,0.3828999996185303
YLR034C,YLR418C,0,-2.472564,0.13777577877044678,0.6119999885559082,0.382999986410141
YPL281C,YGR287C,0,-2.4727604,0.13774476945400238,0.6119999885559082,0.3831000030040741
YCR105W,YGL224C,0,-2.472781,0.13771377503871918,0.6119999885559082,0.3831999897956848
YFL002C,YKL190W,0,-2.4729543,0.13768279552459717,0.6119999885559082,0.3833000063896179
YOR231W,YLR192C,0,-2.4730856,0.13765181601047516,0.6119999885559082,0.38339999318122864
YCR107W,YER007C-A,0,-2.4733193,0.13762086629867554,0.6119999885559082,0.38350000977516174
YKR067W,YDR519W,1,-2.4733212,0.1378147453069687,0.6129999756813049,0.38350000977516174
YFR016C,YIR039C,0,-2.4733894,0.13778376579284668,0.6129999756813049,0.38359999656677246
YPR072W,YPL096W,0,-2.473557,0.13775281608104706,0.6129999756813049,0.38370001316070557
YPL150W,YMR292W,0,-2.4735954,0.13772186636924744,0.6129999756813049,0.3837999999523163
YHL050C,YBL100W-A,0,-2.4736433,0.137690931558609,0.6129999756813049,0.383899986743927
YLR187W,YGL070C,0,-2.4738705,0.13766001164913177,0.6129999756813049,0.3840000033378601
YBR098W,YDL236W,0,-2.4739978,0.13762909173965454,0.6129999756813049,0.3840999901294708
YGR007W,YJL151C,0,-2.4744601,0.1375982016324997,0.6129999756813049,0.38420000672340393
YMR095C,YDR103W,0,-2.4747133,0.13756732642650604,0.6129999756813049,0.38429999351501465
YIL063C,YFR002W,0,-2.4747584,0.13753646612167358,0.6129999756813049,0.38440001010894775
YER035W,YDL030W,0,-2.4749687,0.13750560581684113,0.6129999756813049,0.38449999690055847
YKL161C,YOR266W,0,-2.4750097,0.13747477531433105,0.6129999756813049,0.3846000134944916
YOL019W,YDR479C,0,-2.4750352,0.13744394481182098,0.6129999756813049,0.3847000002861023
YPR185W,YLL040C,0,-2.4750712,0.1374131292104721,0.6129999756813049,0.384799987077713
YAR033W,YDR492W,1,-2.4751558,0.1376064568758011,0.6140000224113464,0.384799987077713
YIL144W,YIL067C,0,-2.4751997,0.13757562637329102,0.6140000224113464,0.3849000036716461
YPR036W,YJR058C,0,-2.4752228,0.13754479587078094,0.6140000224113464,0.38499999046325684
YFR055W,YMR113W,0,-2.4753888,0.13751399517059326,0.6140000224113464,0.38510000705718994
YDL051W,YER183C,0,-2.4755507,0.13748320937156677,0.6140000224113464,0.38519999384880066
YKL022C,YLR403W,0,-2.4756966,0.13745242357254028,0.6140000224113464,0.38530001044273376
YCR081W,YBR282W,0,-2.4757607,0.13742166757583618,0.6140000224113464,0.3853999972343445
YNL250W,YGL125W,0,-2.4757912,0.13739091157913208,0.6140000224113464,0.3855000138282776
YDL160C,YPL269W,0,-2.4757984,0.13736018538475037,0.6140000224113464,0.3856000006198883
YNL286W,YIL096C,0,-2.475976,0.13732945919036865,0.6140000224113464,0.385699987411499
YDR418W,YLL002W,0,-2.475998,0.13729874789714813,0.6140000224113464,0.38580000400543213
YOR367W,YOL117W,0,-2.4760783,0.1372680515050888,0.6140000224113464,0.38589999079704285
YDR211W,YEL063C,0,-2.4762192,0.13723737001419067,0.6140000224113464,0.38600000739097595
YOR175C,YGL027C,1,-2.4764864,0.13743016123771667,0.6150000095367432,0.38600000739097595
YNL318C,YIL048W,0,-2.4765654,0.13739946484565735,0.6150000095367432,0.38609999418258667
YML036W,YHR085W,0,-2.476642,0.13736876845359802,0.6150000095367432,0.3862000107765198
YDL147W,YJR065C,0,-2.476803,0.13733810186386108,0.6150000095367432,0.3862999975681305
YNL175C,YDR289C,0,-2.476868,0.13730743527412415,0.6150000095367432,0.3864000141620636
YOR266W,YLR135W,0,-2.4770167,0.1372767835855484,0.6150000095367432,0.3865000009536743
YFL017W-A,YIL127C,0,-2.4772494,0.13724614679813385,0.6150000095367432,0.38659998774528503
YGR262C,YMR120C,0,-2.4772503,0.1372155249118805,0.6150000095367432,0.38670000433921814
YIL027C,YDR233C,1,-2.4772632,0.13740798830986023,0.6159999966621399,0.38670000433921814
YKL056C,YDR473C,0,-2.477298,0.13737733662128448,0.6159999966621399,0.38679999113082886
YAR071W,YDR515W,0,-2.4773495,0.13734671473503113,0.6159999966621399,0.38690000772476196
YHL017W,YBR108W,0,-2.4776843,0.13731609284877777,0.6159999966621399,0.3869999945163727
YIL142W,YPL154C,0,-2.4777472,0.1372854858636856,0.6159999966621399,0.3871000111103058
YCR073W-A,YKL004W,0,-2.4777513,0.13725490868091583,0.6159999966621399,0.3871999979019165
YLR039C,YKR090W,0,-2.4779606,0.13722433149814606,0.6159999966621399,0.3873000144958496
YLR163C,YML078W,0,-2.4781458,0.13719376921653748,0.6159999966621399,0.3874000012874603
YGR078C,YDL102W,0,-2.4782846,0.1371632218360901,0.6159999966621399,0.38749998807907104
YDR304C,YKR053C,1,-2.4783485,0.13735529780387878,0.6169999837875366,0.38749998807907104
YLR373C,YNL221C,0,-2.4783957,0.137324720621109,0.6169999837875366,0.38760000467300415
YPL214C,YNR055C,0,-2.4784758,0.13729417324066162,0.6169999837875366,0.38769999146461487
YJL085W,YCL039W,0,-2.4786956,0.13726362586021423,0.6169999837875366,0.387800008058548
YBR040W,YMR210W,0,-2.4790177,0.13723309338092804,0.6169999837875366,0.3878999948501587
YDR268W,YDR018C,0,-2.47912,0.13720257580280304,0.6169999837875366,0.3880000114440918
YBL057C,YJR153W,0,-2.4791877,0.13717207312583923,0.6169999837875366,0.3880999982357025
YJR103W,YDR229W,0,-2.479334,0.13714158535003662,0.6169999837875366,0.3882000148296356
YNL291C,YCR034W,1,-2.4794176,0.13733333349227905,0.6179999709129333,0.3882000148296356
YBR004C,YDL193W,1,-2.4794283,0.13752499222755432,0.6190000176429749,0.3882000148296356
YLR450W,YMR065W,1,-2.4796352,0.13771657645702362,0.6200000047683716,0.3882000148296356
YDR393W,YBR009C,0,-2.4796445,0.13768598437309265,0.6200000047683716,0.38830000162124634
YOL091W,YML078W,0,-2.4796762,0.13765542209148407,0.6200000047683716,0.38839998841285706
YOR130C,YOL005C,0,-2.4797206,0.1376248598098755,0.6200000047683716,0.38850000500679016
YMR153W,YJR042W,0,-2.4798486,0.1375943124294281,0.6200000047683716,0.3885999917984009
YJL225C,YPL065W,0,-2.4799256,0.1375637948513031,0.6200000047683716,0.388700008392334
YLL018C,YLR129W,0,-2.480098,0.1375332772731781,0.6200000047683716,0.3887999951839447
YIL080W,YIL122W,0,-2.4801114,0.1375027745962143,0.6200000047683716,0.3889000117778778
YCR008W,YCL069W,0,-2.4801228,0.13747228682041168,0.6200000047683716,0.3889999985694885
YCL016C,YOL021C,0,-2.480341,0.13744181394577026,0.6200000047683716,0.38909998536109924
YMR309C,YDL225W,0,-2.4804268,0.13741134107112885,0.6200000047683716,0.38920000195503235
YAL056W,YJR091C,0,-2.4805028,0.13738089799880981,0.6200000047683716,0.38929998874664307
YOR085W,YDR519W,1,-2.4805367,0.1375720053911209,0.6209999918937683,0.38929998874664307
YDL113C,YPR201W,0,-2.4806843,0.1375415325164795,0.6209999918937683,0.38940000534057617
YBR002C,YCR067C,1,-2.4807703,0.13773250579833984,0.621999979019165,0.38940000534057617
YHL027W,YFL045C,0,-2.480839,0.13770201802253723,0.621999979019165,0.3894999921321869
YKR076W,YDR409W,0,-2.4808729,0.13767153024673462,0.621999979019165,0.38960000872612
YDL135C,YGL005C,0,-2.4812698,0.1376410722732544,0.621999979019165,0.3896999955177307
YDR312W,YGR204W,0,-2.4812977,0.13761061429977417,0.621999979019165,0.3898000121116638
YBR191W,YML058W-A,0,-2.481342,0.13758018612861633,0.621999979019165,0.38989999890327454
YCL051W,YOR312C,0,-2.4814477,0.1375497579574585,0.621999979019165,0.38999998569488525
YGL004C,YDR218C,0,-2.4815667,0.13751934468746185,0.621999979019165,0.39010000228881836
YOR040W,YNL064C,0,-2.481627,0.1374889463186264,0.621999979019165,0.3901999890804291
YJL059W,YMR009W,0,-2.4819696,0.13745856285095215,0.621999979019165,0.3903000056743622
YGR257C,YBR112C,0,-2.4822824,0.1374281942844391,0.621999979019165,0.3903999924659729
YOL064C,YGL070C,0,-2.4823074,0.13739784061908722,0.621999979019165,0.390500009059906
YJL148W,YNL137C,0,-2.4824436,0.13736748695373535,0.621999979019165,0.3905999958515167
YGR163W,YDR398W,0,-2.4824896,0.13733716309070587,0.621999979019165,0.39070001244544983
YGR262C,YKR068C,0,-2.4825342,0.1373068392276764,0.621999979019165,0.39079999923706055
YNL146W,YAL028W,1,-2.4825563,0.13749724626541138,0.6230000257492065,0.39079999923706055
YOR167C,YPL167C,0,-2.48262,0.1374669075012207,0.6230000257492065,0.39089998602867126
YJL138C,YHR023W,0,-2.4826396,0.13743658363819122,0.6230000257492065,0.39100000262260437
YKL068W,YBR043C,0,-2.4827077,0.13740625977516174,0.6230000257492065,0.3910999894142151
YGL161C,YPL156C,0,-2.4828923,0.13737596571445465,0.6230000257492065,0.3912000060081482
YIL021W,YDR018C,0,-2.4830089,0.13734567165374756,0.6230000257492065,0.3912999927997589
YNL151C,YDL207W,0,-2.48303,0.13731540739536285,0.6230000257492065,0.391400009393692
YNR052C,YJR004C,0,-2.4832501,0.13728514313697815,0.6230000257492065,0.39149999618530273
YGL252C,YDR109C,0,-2.484079,0.13725490868091583,0.6230000257492065,0.39160001277923584
YJR028W,YDL074C,0,-2.4841077,0.13722467422485352,0.6230000257492065,0.39169999957084656
YMR142C,YOR287C,0,-2.4843044,0.1371944546699524,0.6230000257492065,0.3917999863624573
YER111C,YDL013W,0,-2.4843652,0.13716425001621246,0.6230000257492065,0.3919000029563904
YJR091C,YNR064C,0,-2.484531,0.13713404536247253,0.6230000257492065,0.3919999897480011
YJR055W,YLL010C,0,-2.4845643,0.137103870511055,0.6230000257492065,0.3921000063419342
YOR242C,YGR162W,0,-2.4845822,0.13707371056079865,0.6230000257492065,0.3921999931335449
YEL003W,YMR133W,0,-2.4846122,0.1370435506105423,0.6230000257492065,0.392300009727478
YGR287C,YNR028W,0,-2.48479,0.13701342046260834,0.6230000257492065,0.39239999651908875
YIL078W,YBR097W,0,-2.4848046,0.13698329031467438,0.6230000257492065,0.39250001311302185
YPL001W,YHR025W,0,-2.4848092,0.1369531750679016,0.6230000257492065,0.39259999990463257
YOL042W,YIL103W,0,-2.4848604,0.13692307472229004,0.6230000257492065,0.3926999866962433
YML103C,YJL190C,0,-2.484914,0.13689298927783966,0.6230000257492065,0.3928000032901764
YOR068C,YGL095C,0,-2.485024,0.13686291873455048,0.6230000257492065,0.3928999900817871
YMR217W,YMR127C,0,-2.4850886,0.13683286309242249,0.6230000257492065,0.3930000066757202
YHR128W,YGR251W,0,-2.4853015,0.1368028074502945,0.6230000257492065,0.39309999346733093
YKR036C,YDR033W,0,-2.4853296,0.1367727816104889,0.6230000257492065,0.39320001006126404
YLR270W,YDL101C,0,-2.4853837,0.1367427557706833,0.6230000257492065,0.39329999685287476
YML105C,YOR109W,0,-2.4853876,0.13671274483203888,0.6230000257492065,0.39340001344680786
YNR032C-A,YLR382C,0,-2.4856524,0.13668274879455566,0.6230000257492065,0.3935000002384186
YIL126W,YPL190C,0,-2.4856944,0.13665276765823364,0.6230000257492065,0.3935999870300293
YGL247W,YHR132C,0,-2.4857213,0.13662280142307281,0.6230000257492065,0.3937000036239624
YKR038C,YDL090C,0,-2.4857502,0.13659285008907318,0.6230000257492065,0.3937999904155731
YOR174W,YJL098W,0,-2.4859984,0.13656291365623474,0.6230000257492065,0.3939000070095062
YGR052W,YDR377W,0,-2.4861543,0.1365329772233963,0.6230000257492065,0.39399999380111694
YHR135C,YER019W,1,-2.4863782,0.13672217726707458,0.6240000128746033,0.39399999380111694
YHR068W,YDR141C,0,-2.486882,0.13669222593307495,0.6240000128746033,0.39410001039505005
YHR211W,YDR361C,0,-2.4870174,0.1366622895002365,0.6240000128746033,0.39419999718666077
YIL088C,YKL005C,0,-2.4870777,0.13663236796855927,0.6240000128746033,0.39430001378059387
YER112W,YPR188C,0,-2.4870899,0.13660244643688202,0.6240000128746033,0.3944000005722046
YJL170C,YHR075C,0,-2.4871423,0.13657255470752716,0.6240000128746033,0.3944999873638153
YIL140W,YHR164C,0,-2.4872,0.1365426629781723,0.6240000128746033,0.3946000039577484
YGR112W,YJR074W,0,-2.4873092,0.13651280105113983,0.6240000128746033,0.39469999074935913
YGL047W,YDR437W,1,-2.4873784,0.13670165836811066,0.625,0.39469999074935913
YDR386W,YNR061C,0,-2.4874027,0.1366717666387558,0.625,0.39480000734329224
YMR170C,YML082W,0,-2.4877028,0.13664188981056213,0.625,0.39489999413490295
YLR213C,YGR122W,0,-2.4880116,0.13661202788352966,0.625,0.39500001072883606
YBR229C,YNR075W,1,-2.488097,0.13680070638656616,0.6259999871253967,0.39500001072883606
YJL158C,YNL291C,1,-2.4882953,0.1369892954826355,0.6269999742507935,0.39500001072883606
YIL115C,YPR144C,0,-2.4884994,0.13695937395095825,0.6269999742507935,0.3950999975204468
YPR105C,YOL026C,0,-2.4886253,0.1369294673204422,0.6269999742507935,0.3952000141143799
YNL051W,YPL180W,0,-2.4886396,0.13689956068992615,0.6269999742507935,0.3953000009059906
YJL221C,YGL198W,0,-2.4886897,0.13686968386173248,0.6269999742507935,0.3953999876976013
YOR319W,YCL025C,0,-2.4888813,0.13683980703353882,0.6269999742507935,0.3955000042915344
YGL206C,YDR050C,0,-2.4890716,0.13680994510650635,0.6269999742507935,0.39559999108314514
YDR368W,YKL043W,0,-2.4892719,0.13678009808063507,0.6269999742507935,0.39570000767707825
YBR024W,YGR169C,0,-2.4893014,0.136750265955925,0.6269999742507935,0.39579999446868896
YOR369C,YNL294C,0,-2.4895277,0.1367204487323761,0.6269999742507935,0.39590001106262207
YGL244W,YIL129C,0,-2.4896564,0.1366906464099884,0.6269999742507935,0.3959999978542328
YLR105C,YMR311C,0,-2.4897768,0.1366608589887619,0.6269999742507935,0.3961000144481659
YOR159C,YER068W,0,-2.489847,0.1366310715675354,0.6269999742507935,0.3962000012397766
YPL170W,YKL135C,0,-2.4898725,0.1366013139486313,0.6269999742507935,0.39629998803138733
YDL015C,YDR062W,1,-2.48995,0.13678936660289764,0.628000020980835,0.39629998803138733
YBR263W,YCR092C,0,-2.4899576,0.13675957918167114,0.628000020980835,0.39640000462532043
YBR301W,YLR342W,0,-2.48999,0.13672980666160583,0.628000020980835,0.39649999141693115
YML039W,YKL129C,0,-2.490032,0.13670004904270172,0.628000020980835,0.39660000801086426
YNL078W,YER129W,0,-2.4902248,0.1366702914237976,0.628000020980835,0.396699994802475
YCR093W,YBL015W,0,-2.4902847,0.13664056360721588,0.628000020980835,0.3968000113964081
YBR299W,YGL172W,0,-2.490383,0.13661083579063416,0.628000020980835,0.3968999981880188
YDR508C,YGR284C,0,-2.4906304,0.13658112287521362,0.628000020980835,0.3970000147819519
YDR057W,YCR011C,1,-2.490949,0.1367688626050949,0.6290000081062317,0.3970000147819519
YKL054C,YJL099W,0,-2.491102,0.13673913478851318,0.6290000081062317,0.3971000015735626
YPL147W,YGL092W,0,-2.4913192,0.13670940697193146,0.6290000081062317,0.39719998836517334
YGL135W,YNL047C,0,-2.4913273,0.13667970895767212,0.6290000081062317,0.39730000495910645
YBL088C,YBR059C,0,-2.4913409,0.13665001094341278,0.6290000081062317,0.39739999175071716
YLR376C,YHR038W,0,-2.491361,0.13662032783031464,0.6290000081062317,0.39750000834465027
YOL030W,YGR284C,0,-2.4913807,0.13659065961837769,0.6290000081062317,0.397599995136261
YLR414C,YJL074C,0,-2.491951,0.13656100630760193,0.6290000081062317,0.3977000117301941
YHR176W,YNL280C,1,-2.4920847,0.13674843311309814,0.6299999952316284,0.3977000117301941
YDR254W,YKL084W,0,-2.4920995,0.13671875,0.6299999952316284,0.3977999985218048
YKL070W,YDR180W,0,-2.49213,0.13668908178806305,0.6299999952316284,0.3978999853134155
YJL179W,YNR055C,0,-2.492176,0.1366594433784485,0.6299999952316284,0.39800000190734863
YNL088W,YNL290W,0,-2.492228,0.13662980496883392,0.6299999952316284,0.39809998869895935
YGR262C,YOR266W,0,-2.4922476,0.13660016655921936,0.6299999952316284,0.39820000529289246
YLL062C,YDL247W,0,-2.492283,0.13657055795192719,0.6299999952316284,0.3982999920845032
YIL160C,YLR287C-A,0,-2.492345,0.1365409642457962,0.6299999952316284,0.3984000086784363
YAL013W,YDR027C,0,-2.4923456,0.13651137053966522,0.6299999952316284,0.398499995470047
YLL050C,YCR097WB,0,-2.4923859,0.13648180663585663,0.6299999952316284,0.3986000120639801
YKL148C,YIL038C,0,-2.4926066,0.13645224273204803,0.6299999952316284,0.3986999988555908
YAR010C,YOL094C,0,-2.4927514,0.13642269372940063,0.6299999952316284,0.39879998564720154
YJL045W,YKL022C,0,-2.4928193,0.13639315962791443,0.6299999952316284,0.39890000224113464
YPR091C,YNL263C,1,-2.4929998,0.13658007979393005,0.6309999823570251,0.39890000224113464
YER142C,YHR053C,0,-2.4930265,0.13655053079128265,0.6309999823570251,0.39899998903274536
YPL088W,YCL033C,0,-2.4931288,0.13652098178863525,0.6309999823570251,0.39910000562667847
YBR288C,YNL251C,0,-2.493141,0.13649146258831024,0.6309999823570251,0.3991999924182892
YGL247W,YBR088C,0,-2.4931502,0.13646194338798523,0.6309999823570251,0.3993000090122223
YNR023W,YGL044C,0,-2.4932687,0.1364324390888214,0.6309999823570251,0.399399995803833
YNL197C,YLR069C,0,-2.49332,0.1364029347896576,0.6309999823570251,0.3995000123977661
YKL122C,YOL133W,0,-2.4933226,0.13637346029281616,0.6309999823570251,0.39959999918937683
YLR228C,YIR008C,0,-2.4933949,0.13634398579597473,0.6309999823570251,0.39969998598098755
YMR096W,YBR257W,0,-2.4934845,0.1363145411014557,0.6309999823570251,0.39980000257492065
YGL083W,YNR035C,0,-2.4936774,0.13628509640693665,0.6309999823570251,0.39989998936653137
YNR032W,YGL192W,0,-2.4937065,0.1362556666135788,0.6309999823570251,0.4000000059604645
YJL047C,YER171W,0,-2.493768,0.13622625172138214,0.6309999823570251,0.4000999927520752
YBR024W,YNL233W,0,-2.4937947,0.13619685173034668,0.6309999823570251,0.4002000093460083
YLR151C,YER133W,0,-2.4938467,0.13616745173931122,0.6309999823570251,0.400299996137619
YNL243W,YDL022W,0,-2.4939432,0.13613808155059814,0.6309999823570251,0.4004000127315521
YIL021W,YOR122C,0,-2.4939694,0.13610871136188507,0.6309999823570251,0.40049999952316284
YFR031C-A,YFR040W,0,-2.4940088,0.1360793560743332,0.6309999823570251,0.40059998631477356
YLR348C,YGR118W,0,-2.4940207,0.1360500156879425,0.6309999823570251,0.40070000290870667
YBL074C,YER173W,0,-2.4942055,0.136020690202713,0.6309999823570251,0.4007999897003174
YLR266C,YOR368W,0,-2.4942188,0.13599137961864471,0.6309999823570251,0.4009000062942505
YIL150C,YHR187W,0,-2.4943116,0.1359620839357376,0.6309999823570251,0.4009999930858612
YPR097W,YOR292C,0,-2.4944794,0.1359327882528305,0.6309999823570251,0.4011000096797943
YBR022W,YER129W,0,-2.4945965,0.1359035074710846,0.6309999823570251,0.40119999647140503
YKL054C,YBR042C,0,-2.494664,0.13587424159049988,0.6309999823570251,0.40130001306533813
YBL025W,YDL004W,0,-2.4946783,0.13584499061107635,0.6309999823570251,0.40139999985694885
YGL172W,YMR212C,0,-2.4948661,0.13581575453281403,0.6309999823570251,0.40149998664855957
YNL300W,YKL032C,0,-2.4949033,0.1357865333557129,0.6309999823570251,0.4016000032424927
YER050C,YER118C,0,-2.49495,0.13575731217861176,0.6309999823570251,0.4016999900341034
YPL024W,YOR361C,0,-2.495062,0.135728120803833,0.6309999823570251,0.4018000066280365
YGL120C,YML116W,0,-2.4950888,0.13569892942905426,0.6309999823570251,0.4018999934196472
YOR198C,YML034W,0,-2.495102,0.1356697529554367,0.6309999823570251,0.4020000100135803
YER100W,YBL020W,1,-2.4951067,0.1358555406332016,0.6320000290870667,0.4020000100135803
YDL012C,YIL038C,0,-2.49513,0.13582634925842285,0.6320000290870667,0.40209999680519104
YLR187W,YPR145W,0,-2.495443,0.1357971578836441,0.6320000290870667,0.40220001339912415
YBR002C,YML101C,1,-2.4956088,0.13598281145095825,0.6330000162124634,0.40220001339912415
YBL008W,YDR246W,0,-2.4958813,0.1359536051750183,0.6330000162124634,0.40230000019073486
YLR275W,YIL128W,0,-2.4959042,0.13592441380023956,0.6330000162124634,0.4023999869823456
YGR255C,YKL032C,0,-2.4959586,0.135895237326622,0.6330000162124634,0.4025000035762787
YKL195W,YJL028W,0,-2.496126,0.13586606085300446,0.6330000162124634,0.4025999903678894
YOR330C,YHR025W,0,-2.4962595,0.1358369141817093,0.6330000162124634,0.4027000069618225
YIR028W,YOR217W,0,-2.4964757,0.13580776751041412,0.6330000162124634,0.4027999937534332
YPR199C,YPL152W,0,-2.4965088,0.13577863574028015,0.6330000162124634,0.40290001034736633
YKL165C,YGR175C,1,-2.4968834,0.13596397638320923,0.6340000033378601,0.40290001034736633
YHR141C,YKL034W,0,-2.4969053,0.13593481481075287,0.6340000033378601,0.40299999713897705
YER167W,YLL036C,0,-2.4969518,0.1359056830406189,0.6340000033378601,0.40310001373291016
YOR087W,YGR252W,0,-2.4971216,0.13587655127048492,0.6340000033378601,0.4032000005245209
YPL015C,YEL060C,0,-2.497434,0.13584743440151215,0.6340000033378601,0.4032999873161316
YNL151C,YAR002W,0,-2.4974716,0.13581833243370056,0.6340000033378601,0.4034000039100647
YDR057W,YKL119C,1,-2.4974933,0.13600341975688934,0.6349999904632568,0.4034000039100647
YBL046W,YML058W-A,0,-2.4976323,0.13597430288791656,0.6349999904632568,0.4034999907016754
YHR158C,YAL044C,0,-2.4978023,0.13594520092010498,0.6349999904632568,0.4036000072956085
YNR047W,YOL127W,0,-2.4979491,0.1359160989522934,0.6349999904632568,0.40369999408721924
YER031C,YOR083W,0,-2.498044,0.135887011885643,0.6349999904632568,0.40380001068115234
YNL210W,YKL116C,0,-2.498246,0.1358579397201538,0.6349999904632568,0.40389999747276306
YIL046W,YMR223W,0,-2.4982908,0.1358288824558258,0.6349999904632568,0.40400001406669617
YDL040C,YKR054C,0,-2.49832,0.1357998251914978,0.6349999904632568,0.4041000008583069
YLR381W,YGR070W,0,-2.4985006,0.1357707977294922,0.6349999904632568,0.4041999876499176
YBR145W,YGL013C,0,-2.498555,0.13574177026748657,0.6349999904632568,0.4043000042438507
YOR140W,YKL016C,0,-2.4985697,0.13571275770664215,0.6349999904632568,0.4043999910354614
YGR224W,YIL051C,0,-2.4986997,0.13568376004695892,0.6349999904632568,0.40450000762939453
YOR327C,YIL097W,0,-2.4988492,0.1356547772884369,0.6349999904632568,0.40459999442100525
YOL144W,YJR025C,0,-2.4988554,0.13562579452991486,0.6349999904632568,0.40470001101493835
YPR049C,YDR490C,0,-2.4990962,0.1355968415737152,0.6349999904632568,0.4047999978065491
YMR036C,YPL037C,0,-2.4991574,0.13556788861751556,0.6349999904632568,0.4049000144004822
YDL106C,YMR217W,0,-2.4992244,0.1355389505624771,0.6349999904632568,0.4050000011920929
YAR031W,YLR023C,1,-2.4992826,0.13572342693805695,0.6359999775886536,0.4050000011920929
YBR105C,YOL142W,0,-2.4993155,0.1356944739818573,0.6359999775886536,0.4050999879837036
YDL123W,YCR040W,0,-2.4994571,0.13566553592681885,0.6359999775886536,0.4052000045776367
YKL213C,YLR321C,0,-2.4995682,0.1356365978717804,0.6359999775886536,0.40529999136924744
YDR264C,YOR210W,0,-2.4995716,0.13560767471790314,0.6359999775886536,0.40540000796318054
YOR298W,YCL048W,0,-2.4995935,0.13557876646518707,0.6359999775886536,0.40549999475479126
YHL032C,YMR172W,0,-2.499732,0.1355498731136322,0.6359999775886536,0.40560001134872437
YCR098C,YKL018W,0,-2.4998481,0.13552099466323853,0.6359999775886536,0.4056999981403351
YJL191W,YLL056C,0,-2.499955,0.13549211621284485,0.6359999775886536,0.4058000147342682
YNR034W,YJL136C,0,-2.500008,0.13546325266361237,0.6359999775886536,0.4059000015258789
YDL216C,YIL022W,0,-2.5000818,0.13543441891670227,0.6359999775886536,0.4059999883174896
YOR065W,YDR517W,0,-2.50053,0.13540558516979218,0.6359999775886536,0.40610000491142273
YJL201W,YOR261C,0,-2.5010448,0.13537675142288208,0.6359999775886536,0.40619999170303345
YOR070C,YKL175W,0,-2.5010755,0.13534794747829437,0.6359999775886536,0.40630000829696655
YLR061W,YOR202W,0,-2.5018597,0.13531914353370667,0.6359999775886536,0.40639999508857727
YMR004W,YPR159W,0,-2.5020154,0.13529036939144135,0.6359999775886536,0.4065000116825104
YGR287C,YHR016C,0,-2.5021346,0.13526159524917603,0.6359999775886536,0.4065999984741211
YCL066W,YBR126C,0,-2.5022151,0.1352328360080719,0.6359999775886536,0.4066999852657318
YML064C,YIL126W,0,-2.502234,0.13520407676696777,0.6359999775886536,0.4068000018596649
YBR196C,YMR086W,0,-2.5022676,0.13517534732818604,0.6359999775886536,0.40689998865127563
YMR264W,YLR238W,1,-2.5024426,0.13535912334918976,0.6370000243186951,0.40689998865127563
YHR171W,YMR058W,0,-2.5024884,0.13533036410808563,0.6370000243186951,0.40700000524520874
YNL191W,YNR032C-A,0,-2.5026822,0.1353016197681427,0.6370000243186951,0.40709999203681946
YLL018C,YJR086W,0,-2.50276,0.13527287542819977,0.6370000243186951,0.40720000863075256
YJL047C,YEL024W,0,-2.5027754,0.13524416089057922,0.6370000243186951,0.4072999954223633
YLR015W,YKL086W,0,-2.5029733,0.13521544635295868,0.6370000243186951,0.4074000120162964
YDR057W,YLR286C,1,-2.5031517,0.1353989839553833,0.6380000114440918,0.4074000120162964
YGR122W,YNR054C,0,-2.503227,0.13537025451660156,0.6380000114440918,0.4074999988079071
YDR512C,YGR286C,0,-2.503297,0.13534153997898102,0.6380000114440918,0.4075999855995178
YOR061W,YOL059W,0,-2.503544,0.13531282544136047,0.6380000114440918,0.4077000021934509
YDL045W-A,YDR472W,0,-2.503546,0.13528414070606232,0.6380000114440918,0.40779998898506165
YNL074C,YAR002W,0,-2.5036695,0.13525545597076416,0.6380000114440918,0.40790000557899475
YOL064C,YCR061W,0,-2.50397,0.1352267861366272,0.6380000114440918,0.40799999237060547
YIL135C,YNR044W,0,-2.5040958,0.13519813120365143,0.6380000114440918,0.4081000089645386
YKR097W,YDL226C,0,-2.5042322,0.13516949117183685,0.6380000114440918,0.4081999957561493
YPL121C,YER161C,0,-2.5044243,0.13514086604118347,0.6380000114440918,0.4083000123500824
YMR078C,YOL040C,0,-2.5045764,0.1351122409105301,0.6380000114440918,0.4083999991416931
YDR179C,YPR018W,0,-2.5045822,0.1350836306810379,0.6380000114440918,0.40849998593330383
YBL026W,YOR393W,0,-2.50476,0.1350550353527069,0.6380000114440918,0.40860000252723694
YJL191W,YBL026W,0,-2.5047772,0.1350264549255371,0.6380000114440918,0.40869998931884766
YJR006W,YGR280C,0,-2.5049417,0.1349978893995285,0.6380000114440918,0.40880000591278076
YIR019C,YLR417W,0,-2.5049512,0.1349693238735199,0.6380000114440918,0.4088999927043915
YGR231C,YDR030C,0,-2.505057,0.13494077324867249,0.6380000114440918,0.4090000092983246
YLR361C,YKL195W,0,-2.5050938,0.13491223752498627,0.6380000114440918,0.4090999960899353
YDL123W,YGR169C,0,-2.5051043,0.13488371670246124,0.6380000114440918,0.4092000126838684
YJL006C,YIL095W,0,-2.5051863,0.1348552107810974,0.6380000114440918,0.4092999994754791
YDL123W,YDR447C,0,-2.5054018,0.13482670485973358,0.6380000114440918,0.40939998626708984
YJR060W,YML063W,0,-2.5054052,0.13479822874069214,0.6380000114440918,0.40950000286102295
YOR391C,YJR078W,0,-2.5055978,0.1347697526216507,0.6380000114440918,0.40959998965263367
YKR002W,YGL095C,0,-2.5056536,0.13474129140377045,0.6380000114440918,0.4097000062465668
YFR016C,YBR040W,0,-2.5056825,0.1347128450870514,0.6380000114440918,0.4097999930381775
YBR059C,YOR393W,0,-2.5057783,0.13468439877033234,0.6380000114440918,0.4099000096321106
YOL064C,YNL217W,0,-2.5059235,0.13465596735477448,0.6380000114440918,0.4099999964237213
YOL017W,YPR096C,0,-2.5062938,0.134627565741539,0.6380000114440918,0.4101000130176544
YIL016W,YMR202W,1,-2.5063097,0.13481011986732483,0.6389999985694885,0.4101000130176544
YPL248C,YER048W-A,0,-2.5063403,0.13478168845176697,0.6389999985694885,0.41019999980926514
YNL181W,YML029W,1,-2.506455,0.13496415317058563,0.6399999856948853,0.41019999980926514
YOR070C,YFL053W,0,-2.506459,0.13493569195270538,0.6399999856948853,0.41029998660087585
YJL062W,YJR073C,1,-2.5064967,0.1351180374622345,0.640999972820282,0.41029998660087585
YLR424W,YHR112C,0,-2.5067127,0.13508956134319305,0.640999972820282,0.41040000319480896
YNL190W,YDR312W,0,-2.5067365,0.1350611001253128,0.640999972820282,0.4104999899864197
YPR176C,YPL167C,0,-2.5067656,0.13503265380859375,0.640999972820282,0.4106000065803528
YAL010C,YNL188W,0,-2.5067933,0.1350042074918747,0.640999972820282,0.4106999933719635
YLR038C,YPL051W,0,-2.5068402,0.13497579097747803,0.640999972820282,0.4108000099658966
YGR172C,YJR073C,1,-2.5068662,0.13515789806842804,0.6420000195503235,0.4108000099658966
YGR034W,YDR244W,0,-2.5070899,0.13512945175170898,0.6420000195503235,0.4108999967575073
YPR067W,YGR252W,0,-2.5071099,0.13510100543498993,0.6420000195503235,0.41100001335144043
YGL106W,YOR273C,0,-2.5071208,0.13507258892059326,0.6420000195503235,0.41110000014305115
YLR127C,YOL069W,0,-2.5072086,0.1350441724061966,0.6420000195503235,0.41119998693466187
YJL177W,YER051W,0,-2.5074859,0.13501577079296112,0.6420000195503235,0.41130000352859497
YLR421C,YJR102C,0,-2.5075681,0.13498738408088684,0.6420000195503235,0.4113999903202057
YPR121W,YOR117W,0,-2.5076048,0.13495901226997375,0.6420000195503235,0.4115000069141388
YNL225C,YDL097C,0,-2.507946,0.13493064045906067,0.6420000195503235,0.4115999937057495
YOR321W,YNL038W,1,-2.5079691,0.13511241972446442,0.6430000066757202,0.4115999937057495
YNL135C,YOL115W,0,-2.5079875,0.13508403301239014,0.6430000066757202,0.4117000102996826
YNL151C,YGR057C,0,-2.5080345,0.13505566120147705,0.6430000066757202,0.41179999709129333
YOL069W,YOR298C-A,0,-2.5080533,0.13502730429172516,0.6430000066757202,0.41190001368522644
YKR061W,YDR348C,0,-2.5080767,0.13499894738197327,0.6430000066757202,0.41200000047683716
YDL128W,YJL051W,0,-2.5082352,0.13497062027454376,0.6430000066757202,0.4120999872684479
YBL099W,YKL138C,0,-2.508415,0.13494229316711426,0.6430000066757202,0.412200003862381
YKR013W,YDR497C,0,-2.5086086,0.13491398096084595,0.6430000066757202,0.4122999906539917
YOL005C,YDR244W,0,-2.5086887,0.13488566875457764,0.6430000066757202,0.4124000072479248
YJL115W,YLR406C,0,-2.5087836,0.1348573863506317,0.6430000066757202,0.4124999940395355
YER161C,YML091C,0,-2.509002,0.1348291039466858,0.6430000066757202,0.41260001063346863
YOR357C,YFL022C,0,-2.5090044,0.13480083644390106,0.6430000066757202,0.41269999742507935
YGL179C,YHR124W,0,-2.5091462,0.13477258384227753,0.6430000066757202,0.41280001401901245
YPL125W,YDL134C,0,-2.5093577,0.13474434614181519,0.6430000066757202,0.41290000081062317
YLR103C,YOR332W,0,-2.5093827,0.13471610844135284,0.6430000066757202,0.4129999876022339
YDR492W,YLR292C,1,-2.5094087,0.1348973661661148,0.6439999938011169,0.4129999876022339
YJR133W,YBR030W,0,-2.5095248,0.13486911356449127,0.6439999938011169,0.413100004196167
YNL232W,YIL053W,0,-2.5096493,0.13484087586402893,0.6439999938011169,0.4131999909877777
YGL127C,YGL181W,0,-2.5096848,0.1348126381635666,0.6439999938011169,0.4133000075817108
YHR002W,YDR246W,0,-2.5097666,0.13478443026542664,0.6439999938011169,0.41339999437332153
YIL072W,YER014C-A,0,-2.5098784,0.13475622236728668,0.6439999938011169,0.41350001096725464
YOR159C,YDR140W,0,-2.5098884,0.13472802937030792,0.6439999938011169,0.41359999775886536
YFR002W,YBL016W,0,-2.5099976,0.13469985127449036,0.6439999938011169,0.41370001435279846
YPR075C,YKR009C,0,-2.5102062,0.13467168807983398,0.6439999938011169,0.4138000011444092
YNL231C,YML106W,0,-2.5102108,0.1346435248851776,0.6439999938011169,0.4138999879360199
YHR047C,YPR101W,0,-2.5105464,0.13461539149284363,0.6439999938011169,0.414000004529953
YHL031C,YCR037C,0,-2.51077,0.13458725810050964,0.6439999938011169,0.4140999913215637
YOL021C,YGR138C,0,-2.5109277,0.13455912470817566,0.6439999938011169,0.4142000079154968
YER094C,YBR208C,0,-2.510938,0.13453102111816406,0.6439999938011169,0.41429999470710754
YDR081C,YIL117C,0,-2.5109384,0.13450291752815247,0.6439999938011169,0.41440001130104065
YLR096W,YOL076W,0,-2.5109963,0.13447484374046326,0.6439999938011169,0.41449999809265137
YPL049C,YLR007W,0,-2.511358,0.13444676995277405,0.6439999938011169,0.4146000146865845
YOR065W,YER009W,0,-2.51141,0.13441869616508484,0.6439999938011169,0.4147000014781952
YOL147C,YLR170C,0,-2.5116427,0.13439065217971802,0.6439999938011169,0.4147999882698059
YNL264C,YKL113C,0,-2.5116851,0.1343626081943512,0.6439999938011169,0.414900004863739
YDL130W,YBR136W,0,-2.5118446,0.13433457911014557,0.6439999938011169,0.41499999165534973
YBR213W,YDL209C,0,-2.51204,0.13430656492710114,0.6439999938011169,0.41510000824928284
YKL134C,YER003C,0,-2.512211,0.1342785656452179,0.6439999938011169,0.41519999504089355
YDR022C,YOL053C-A,0,-2.5122538,0.13425056636333466,0.6439999938011169,0.41530001163482666
YOR181W,YLR385C,0,-2.5124204,0.1342225968837738,0.6439999938011169,0.4153999984264374
YDL212W,YCL043C,1,-2.51245,0.13440300524234772,0.6449999809265137,0.4153999984264374
YOL011W,YHR020W,0,-2.512561,0.13437500596046448,0.6449999809265137,0.4154999852180481
YBR049C,YPR155C,0,-2.5125773,0.13434700667858124,0.6449999809265137,0.4156000018119812
YDR323C,YCL064C,0,-2.5126028,0.13431903719902039,0.6449999809265137,0.4156999886035919
YNL088W,YER111C,0,-2.512667,0.13429106771945953,0.6449999809265137,0.415800005197525
YJR112W,YDR480W,0,-2.512695,0.13426311314105988,0.6449999809265137,0.41589999198913574
YBL020W,YAR042W,1,-2.5130188,0.1344432830810547,0.6460000276565552,0.41589999198913574
YBL088C,YGR006W,0,-2.513072,0.13441531360149384,0.6460000276565552,0.41600000858306885
YDR304C,YJR088C,1,-2.5131452,0.1345953792333603,0.6470000147819519,0.41600000858306885
YGL173C,YDL020C,0,-2.5133016,0.13456739485263824,0.6470000147819519,0.41609999537467957
YNL313C,YPL242C,0,-2.5133364,0.1345394104719162,0.6470000147819519,0.41620001196861267
YER138C,YFR004W,0,-2.5133832,0.13451144099235535,0.6470000147819519,0.4162999987602234
YKL138C,YBR192W,0,-2.5135288,0.1344834715127945,0.6470000147819519,0.4163999855518341
YCL001W,YOL137W,0,-2.5135922,0.13445553183555603,0.6470000147819519,0.4165000021457672
YLR467W,YKL009W,0,-2.5136604,0.13442759215831757,0.6470000147819519,0.41659998893737793
YDL113C,YPR124W,0,-2.5136626,0.1343996673822403,0.6470000147819519,0.41670000553131104
YOL103W,YOL148C,0,-2.513667,0.13437175750732422,0.6470000147819519,0.41679999232292175
YNL077W,YLR109W,0,-2.5137012,0.13434384763240814,0.6470000147819519,0.41690000891685486
YNL102W,YOR179C,0,-2.5137923,0.13431596755981445,0.6470000147819519,0.4169999957084656
YGR217W,YPL267W,0,-2.5139434,0.13428808748722076,0.6470000147819519,0.4171000123023987
YPR018W,YML107C,0,-2.5140865,0.13426022231578827,0.6470000147819519,0.4171999990940094
YPL053C,YPL240C,0,-2.5142539,0.13423237204551697,0.6470000147819519,0.4172999858856201
YIL156W,YIL129C,0,-2.514288,0.13420452177524567,0.6470000147819519,0.4174000024795532
YJR125C,YCR012W,0,-2.5143018,0.13417668640613556,0.6470000147819519,0.41749998927116394
YLR382C,YNL029C,0,-2.5143986,0.13414886593818665,0.6470000147819519,0.41760000586509705
YDR469W,YKL140W,0,-2.514485,0.13412106037139893,0.6470000147819519,0.41769999265670776
YNR075W,YGR175C,1,-2.514559,0.13430051505565643,0.6480000019073486,0.41769999265670776
YNL062C,YJL053W,0,-2.5145662,0.13427269458770752,0.6480000019073486,0.41780000925064087
YKL203C,YGL008C,0,-2.514674,0.1342448741197586,0.6480000019073486,0.4178999960422516
YHR160C,YPR181C,0,-2.5147069,0.1342170685529709,0.6480000019073486,0.4180000126361847
YNL219C,YLR238W,1,-2.5147612,0.13439635932445526,0.6489999890327454,0.4180000126361847
YLR187W,YHR178W,0,-2.5148227,0.13436852395534515,0.6489999890327454,0.4180999994277954
YBL026W,YCR077C,0,-2.5150263,0.13434071838855743,0.6489999890327454,0.41819998621940613
YHR101C,YGL231C,1,-2.5150766,0.13451986014842987,0.6499999761581421,0.41819998621940613
YPL202C,YEL003W,0,-2.5151992,0.13449203968048096,0.6499999761581421,0.41830000281333923
YJR102C,YNL135C,0,-2.5152624,0.13446421921253204,0.6499999761581421,0.41839998960494995
YKR036C,YGR276C,0,-2.5153453,0.13443639874458313,0.6499999761581421,0.41850000619888306
YLR390W-A,YHR139C,0,-2.5154483,0.1344086080789566,0.6499999761581421,0.4185999929904938
YGL161C,YMR138W,0,-2.5155344,0.13438081741333008,0.6499999761581421,0.4187000095844269
YJL123C,YJL100W,0,-2.5155625,0.13435304164886475,0.6499999761581421,0.4187999963760376
YJL123C,YGL018C,0,-2.515662,0.1343252807855606,0.6499999761581421,0.4189000129699707
YOR249C,YLR467W,0,-2.5157168,0.13429751992225647,0.6499999761581421,0.4189999997615814
YLL043W,YNR064C,0,-2.5160446,0.13426977396011353,0.6499999761581421,0.41909998655319214
YPL132W,YPL134C,0,-2.5160503,0.13424204289913177,0.6499999761581421,0.41920000314712524
YHL003C,YNL008C,1,-2.5160508,0.13442081212997437,0.6510000228881836,0.41920000314712524
YFL001W,YBL091C,0,-2.5161204,0.13439306616783142,0.6510000228881836,0.41929998993873596
YIL073C,YDR459C,0,-2.5162227,0.13436532020568848,0.6510000228881836,0.41940000653266907
YIL098C,YNL029C,0,-2.5162423,0.13433760404586792,0.6510000228881836,0.4194999933242798
YBR240C,YBR042C,0,-2.516281,0.13430988788604736,0.6510000228881836,0.4196000099182129
YLR191W,YOR356W,0,-2.5164402,0.1342821717262268,0.6510000228881836,0.4196999967098236
YAL003W,YOR323C,0,-2.5164487,0.13425448536872864,0.6510000228881836,0.4198000133037567
YOR014W,YNL279W,0,-2.5164795,0.13422679901123047,0.6510000228881836,0.41990000009536743
YOL064C,YDR352W,0,-2.5164845,0.1341991275548935,0.6510000228881836,0.41999998688697815
YDR264C,YPL125W,0,-2.5165422,0.1341714709997177,0.6510000228881836,0.42010000348091125
YDR339C,YML040W,0,-2.5166686,0.13414382934570312,0.6510000228881836,0.420199990272522
YNL318C,YNR060W,0,-2.5166903,0.13411618769168854,0.6510000228881836,0.4203000068664551
YKR028W,YER099C,0,-2.516775,0.13408857583999634,0.6510000228881836,0.4203999936580658
YBR002C,YGL084C,1,-2.5168636,0.13426688313484192,0.6520000100135803,0.4203999936580658
YLR368W,YGL115W,0,-2.5172353,0.13423924148082733,0.6520000100135803,0.4205000102519989
YLR373C,YPR118W,0,-2.5174637,0.13421161472797394,0.6520000100135803,0.4205999970436096
YDR268W,YNL173C,0,-2.517513,0.13418398797512054,0.6520000100135803,0.4207000136375427
YBL088C,YDR036C,0,-2.517588,0.13415637612342834,0.6520000100135803,0.42080000042915344
YHR099W,YBL004W,0,-2.5176113,0.13412877917289734,0.6520000100135803,0.42089998722076416
YPL276W,YKL197C,0,-2.51765,0.13410119712352753,0.6520000100135803,0.42100000381469727
YLR188W,YGL192W,0,-2.5176518,0.13407361507415771,0.6520000100135803,0.421099990606308
YKL144C,YDL116W,0,-2.5178704,0.1340460479259491,0.6520000100135803,0.4212000072002411
YPL132W,YDR166C,0,-2.5179484,0.13401849567890167,0.6520000100135803,0.4212999939918518
YEL041W,YOL078W,0,-2.5179927,0.13399095833301544,0.6520000100135803,0.4214000105857849
YDR386W,YLR098C,0,-2.5181088,0.1339634209871292,0.6520000100135803,0.42149999737739563
YNL148C,YDR003W,0,-2.51812,0.13393591344356537,0.6520000100135803,0.42160001397132874
YJR004C,YNL271C,0,-2.5186086,0.13390840590000153,0.6520000100135803,0.42170000076293945
YER075C,YPL153C,0,-2.5186784,0.13388089835643768,0.6520000100135803,0.42179998755455017
YDL230W,YPL011C,0,-2.5190752,0.13385342061519623,0.6520000100135803,0.4219000041484833
YJR119C,YPR198W,0,-2.519111,0.13382594287395477,0.6520000100135803,0.421999990940094
YDR224C,YEL042W,0,-2.5191884,0.1337984800338745,0.6520000100135803,0.4221000075340271
YER042W,YOR122C,0,-2.5192606,0.13377103209495544,0.6520000100135803,0.4221999943256378
YNL082W,YBR122C,0,-2.5193315,0.13374358415603638,0.6520000100135803,0.4223000109195709
YDR513W,YJL030W,0,-2.5193412,0.1337161660194397,0.6520000100135803,0.42239999771118164
YDR469W,YKL164C,0,-2.5194032,0.13368874788284302,0.6520000100135803,0.42250001430511475
YKL003C,YBR227C,0,-2.5195367,0.13366132974624634,0.6520000100135803,0.42260000109672546
YJR052W,YDR478W,0,-2.519694,0.13363394141197205,0.6520000100135803,0.4226999878883362
YOR043W,YIL074C,0,-2.519799,0.13360655307769775,0.6520000100135803,0.4228000044822693
YMR051C,YPR148C,0,-2.5199068,0.13357917964458466,0.6520000100135803,0.42289999127388
YIL153W,YMR207C,0,-2.5200262,0.13355182111263275,0.6520000100135803,0.4230000078678131
YLR201C,YJL186W,0,-2.5200608,0.13352447748184204,0.6520000100135803,0.42309999465942383
YER102W,YER129W,0,-2.5202508,0.13349713385105133,0.6520000100135803,0.42320001125335693
YIL128W,YOR370C,0,-2.5203555,0.13346980512142181,0.6520000100135803,0.42329999804496765
YPL045W,YOR217W,0,-2.520633,0.1334424912929535,0.6520000100135803,0.42340001463890076
YOR288C,YDR229W,0,-2.5206764,0.13341517746448517,0.6520000100135803,0.4235000014305115
YHR075C,YKL004W,0,-2.5208776,0.13338789343833923,0.6520000100135803,0.4235999882221222
YHR001W,YGL103W,0,-2.5209615,0.1333606094121933,0.6520000100135803,0.4237000048160553
YOL068C,YDR348C,0,-2.5210068,0.13333334028720856,0.6520000100135803,0.423799991607666
YPL010W,YMR234W,0,-2.5210724,0.13330607116222382,0.6520000100135803,0.4239000082015991
YLR153C,YKR058W,0,-2.5211933,0.13327881693840027,0.6520000100135803,0.42399999499320984
YHR015W,YHR202W,0,-2.521243,0.13325157761573792,0.6520000100135803,0.42410001158714294
YGL161C,YDR224C,0,-2.5212927,0.13322435319423676,0.6520000100135803,0.42419999837875366
YJR082C,YER035W,0,-2.5214279,0.1331971436738968,0.6520000100135803,0.4242999851703644
YNL210W,YJR127C,0,-2.5214908,0.13316993415355682,0.6520000100135803,0.4244000017642975
YPL211W,YML132W,0,-2.5216453,0.13314273953437805,0.6520000100135803,0.4244999885559082
YPR108W,YBR162C,0,-2.5216982,0.13311555981636047,0.6520000100135803,0.4246000051498413
YPR199C,YML113W,0,-2.5218105,0.1330883800983429,0.6520000100135803,0.424699991941452
YLR385C,YOL016C,0,-2.521889,0.1330612301826477,0.6520000100135803,0.42480000853538513
YAL033W,YBR034C,0,-2.5220873,0.13303408026695251,0.6520000100135803,0.42489999532699585
YOR044W,YOR075W,1,-2.522221,0.1332109272480011,0.652999997138977,0.42489999532699585
YOL089C,YOL078W,0,-2.5222304,0.13318376243114471,0.652999997138977,0.42500001192092896
YLR133W,YIL144W,0,-2.5222533,0.13315661251544952,0.652999997138977,0.4250999987125397
YHR172W,YLL019C,0,-2.5222962,0.13312946259975433,0.652999997138977,0.4251999855041504
YDR316W,YKL052C,0,-2.5224252,0.13310232758522034,0.652999997138977,0.4253000020980835
YJL085W,YBR105C,0,-2.5225,0.13307519257068634,0.652999997138977,0.4253999888896942
YMR055C,YPL086C,0,-2.5230072,0.13304808735847473,0.652999997138977,0.4255000054836273
YNR006W,YLR287C-A,0,-2.5230095,0.13302098214626312,0.652999997138977,0.42559999227523804
YBR231C,YER172C,0,-2.5230415,0.1329938918352127,0.652999997138977,0.42570000886917114
YBR153W,YEL063C,0,-2.5233767,0.1329668164253235,0.652999997138977,0.42579999566078186
YMR283C,YNL176C,0,-2.5234191,0.13293974101543427,0.652999997138977,0.42590001225471497
YFL059W,YOL091W,0,-2.5235622,0.13291268050670624,0.652999997138977,0.4259999990463257
YGR116W,YMR117C,0,-2.5235703,0.1328856348991394,0.652999997138977,0.4260999858379364
YAL023C,YPR063C,1,-2.5237591,0.13306204974651337,0.6539999842643738,0.4260999858379364
YBL013W,YNL306W,0,-2.523769,0.13303498923778534,0.6539999842643738,0.4262000024318695
YOL044W,YJR082C,0,-2.5237753,0.1330079287290573,0.6539999842643738,0.4262999892234802
YGL210W,YPL096W,0,-2.5239704,0.13298088312149048,0.6539999842643738,0.42640000581741333
YCL064C,YDL074C,0,-2.524042,0.13295385241508484,0.6539999842643738,0.42649999260902405
YAR002W,YNL166C,0,-2.5240881,0.1329268366098404,0.6539999842643738,0.42660000920295715
YEL031W,YDR437W,1,-2.524472,0.13310302793979645,0.6549999713897705,0.42660000920295715
YER082C,YHR112C,0,-2.5246117,0.13307598233222961,0.6549999713897705,0.42669999599456787
YIR014W,YLR098C,0,-2.524636,0.13304895162582397,0.6549999713897705,0.426800012588501
YDR384C,YGL184C,0,-2.5249076,0.13302193582057953,0.6549999713897705,0.4268999993801117
YDR126W,YGL208W,0,-2.5249617,0.13299492001533508,0.6549999713897705,0.4269999861717224
YDR405W,YLR381W,0,-2.525007,0.13296791911125183,0.6549999713897705,0.4271000027656555
YDL092W,YCR037C,0,-2.5253341,0.13294093310832977,0.6549999713897705,0.42719998955726624
YBR191W,YPL036W,0,-2.5253878,0.1329139620065689,0.6549999713897705,0.42730000615119934
YLR386W,YDR348C,0,-2.525409,0.13288699090480804,0.6549999713897705,0.42739999294281006
YMR237W,YLR265C,0,-2.5254982,0.13286003470420837,0.6549999713897705,0.42750000953674316
YJR044C,YJL198W,0,-2.5255094,0.1328330934047699,0.6549999713897705,0.4275999963283539
YJL201W,YDL190C,0,-2.52572,0.13280616700649261,0.6549999713897705,0.427700012922287
YMR070W,YER126C,0,-2.5259697,0.13277924060821533,0.6549999713897705,0.4277999997138977
YBL010C,YKR083C,0,-2.5259705,0.13275232911109924,0.6549999713897705,0.4278999865055084
YML041C,YIL158W,0,-2.5260553,0.13272543251514435,0.6549999713897705,0.42800000309944153
YNL220W,YIL036W,0,-2.5261092,0.13269853591918945,0.6549999713897705,0.42809998989105225
YGR070W,YDR497C,0,-2.526263,0.13267166912555695,0.6549999713897705,0.42820000648498535
YDR483W,YMR270C,0,-2.5263414,0.13264480233192444,0.6549999713897705,0.42829999327659607
YFL022C,YJR092W,0,-2.526398,0.13261793553829193,0.6549999713897705,0.4284000098705292
YDR122W,YGL092W,0,-2.526737,0.1325910985469818,0.6549999713897705,0.4284999966621399
YBL024W,YKL027W,0,-2.526765,0.1325642615556717,0.6549999713897705,0.428600013256073
YMR232W,YIL143C,0,-2.5270975,0.13253743946552277,0.6549999713897705,0.4287000000476837
YBR275C,YMR231W,0,-2.527128,0.13251061737537384,0.6549999713897705,0.42879998683929443
YKL049C,YCL059C,0,-2.5274732,0.1324838250875473,0.6549999713897705,0.42890000343322754
YJL011C,YIL144W,0,-2.527517,0.13245703279972076,0.6549999713897705,0.42899999022483826
YHR086W,YOL158C,0,-2.5275257,0.13243024051189423,0.6549999713897705,0.42910000681877136
YEL050C,YIL150C,0,-2.5276453,0.13240347802639008,0.6549999713897705,0.4291999936103821
YNR031C,YIL035C,0,-2.5276968,0.13237671554088593,0.6549999713897705,0.4293000102043152
YDR325W,YNL248C,0,-2.5277145,0.13234996795654297,0.6549999713897705,0.4293999969959259
YDR219C,YDL077C,0,-2.5277174,0.1323232352733612,0.6549999713897705,0.429500013589859
YOR079C,YBR188C,0,-2.5277379,0.13229650259017944,0.6549999713897705,0.4296000003814697
YDR342C,YBL015W,0,-2.5279796,0.13226978480815887,0.6549999713897705,0.42969998717308044
YOR034C,YDR043C,0,-2.5283213,0.1322430819272995,0.6549999713897705,0.42980000376701355
YCR026C,YBL034C,0,-2.5285408,0.13221639394760132,0.6549999713897705,0.42989999055862427
YNR035C,YPL158C,0,-2.5286171,0.13218970596790314,0.6549999713897705,0.4300000071525574
YER008C,YDR354W,0,-2.5287752,0.13216303288936615,0.6549999713897705,0.4300999939441681
YFR055W,YGR077C,0,-2.5289416,0.13213637471199036,0.6549999713897705,0.4302000105381012
YAL062W,YHR018C,0,-2.528989,0.13210971653461456,0.6549999713897705,0.4302999973297119
YGL113W,YLR333C,0,-2.5292473,0.13208308815956116,0.6549999713897705,0.430400013923645
YDR545W,YFL048C,0,-2.529258,0.13205644488334656,0.6549999713897705,0.43050000071525574
YEL001C,YLR286C,1,-2.529271,0.13223139941692352,0.656000018119812,0.43050000071525574
YAL020C,YKR028W,0,-2.5294392,0.13220475614070892,0.656000018119812,0.43059998750686646
YOR008C,YNL297C,0,-2.5296643,0.13217811286449432,0.656000018119812,0.43070000410079956
YNL302C,YJL001W,0,-2.5296757,0.13215148448944092,0.656000018119812,0.4307999908924103
YGL241W,YHR015W,0,-2.5297093,0.1321248710155487,0.656000018119812,0.4309000074863434
YGL241W,YJL090C,0,-2.5297375,0.1320982724428177,0.656000018119812,0.4309999942779541
YPL258C,YLL042C,0,-2.5297444,0.13207167387008667,0.656000018119812,0.4311000108718872
YFR036W,YIL119C,0,-2.529806,0.13204509019851685,0.656000018119812,0.4311999976634979
YDR195W,YDR021W,0,-2.529834,0.13201852142810822,0.656000018119812,0.43130001425743103
YHL028W,YLR440C,1,-2.5300012,0.1321931630373001,0.6570000052452087,0.43130001425743103
YHR101C,YER044C,1,-2.5300567,0.13236773014068604,0.6579999923706055,0.43130001425743103
YPR106W,YPR132W,0,-2.5300946,0.13234111666679382,0.6579999923706055,0.43140000104904175
YOR174W,YER142C,0,-2.5302906,0.1323145031929016,0.6579999923706055,0.43149998784065247
YBR023C,YDR093W,0,-2.5305583,0.1322878897190094,0.6579999923706055,0.43160000443458557
YPR145W,YNL058C,0,-2.5309856,0.13226130604743958,0.6579999923706055,0.4316999912261963
YDR031W,YGL005C,0,-2.5309885,0.13223472237586975,0.6579999923706055,0.4318000078201294
YPL228W,YCR024C,0,-2.5310977,0.13220815360546112,0.6579999923706055,0.4318999946117401
YKL095W,YOR246C,0,-2.5313046,0.13218159973621368,0.6579999923706055,0.4320000112056732
YBR142W,YGL232W,0,-2.531385,0.13215504586696625,0.6579999923706055,0.43209999799728394
YOL007C,YLR313C,0,-2.5314841,0.13212850689888,0.6579999923706055,0.43220001459121704
YKR013W,YJL031C,0,-2.5315795,0.13210198283195496,0.6579999923706055,0.43230000138282776
YOL121C,YML078W,0,-2.531658,0.1320754736661911,0.6579999923706055,0.4323999881744385
YML004C,YJL171C,0,-2.5317261,0.13204896450042725,0.6579999923706055,0.4325000047683716
YOR355W,YBR073W,0,-2.5318758,0.13202247023582458,0.6579999923706055,0.4325999915599823
YPL147W,YEL013W,0,-2.5319715,0.13199599087238312,0.6579999923706055,0.4327000081539154
YDL042C,YOL108C,0,-2.5319898,0.13196951150894165,0.6579999923706055,0.4327999949455261
YOR265W,YDL078C,0,-2.5323062,0.13194304704666138,0.6579999923706055,0.43290001153945923
YIL109C,YNL281W,0,-2.53241,0.1319165974855423,0.6579999923706055,0.43299999833106995
YJL139C,YHR023W,0,-2.532412,0.1318901628255844,0.6579999923706055,0.43309998512268066
YKR009C,YDR007W,0,-2.53242,0.13186372816562653,0.6579999923706055,0.43320000171661377
YBL057C,YOR040W,0,-2.5324988,0.13183730840682983,0.6579999923706055,0.4332999885082245
YLR224W,YKR024C,0,-2.5325296,0.13181090354919434,0.6579999923706055,0.4334000051021576
YMR219W,YCL064C,0,-2.5326426,0.13178449869155884,0.6579999923706055,0.4334999918937683
YPL002C,YGR148C,0,-2.5326893,0.13175810873508453,0.6579999923706055,0.4336000084877014
YLR050C,YDL122W,1,-2.5327227,0.13193193078041077,0.6589999794960022,0.4336000084877014
YDR346C,YOR267C,0,-2.5327504,0.13190552592277527,0.6589999794960022,0.43369999527931213
YPL246C,YLR141W,0,-2.532796,0.13187912106513977,0.6589999794960022,0.43380001187324524
YNL002C,YBR122C,0,-2.5328262,0.13185274600982666,0.6589999794960022,0.43389999866485596
YGL205W,YFR014C,0,-2.5328963,0.13182637095451355,0.6589999794960022,0.4339999854564667
YER086W,YFL047W,0,-2.5330837,0.13179999589920044,0.6589999794960022,0.4341000020503998
YCR047C,YLR145W,0,-2.5332785,0.13177365064620972,0.6589999794960022,0.4341999888420105
YNL258C,YOR149C,1,-2.5332968,0.13194721937179565,0.6600000262260437,0.4341999888420105
YNL332W,YER119C,0,-2.5334742,0.13192084431648254,0.6600000262260437,0.4343000054359436
YML070W,YML085C,0,-2.533591,0.13189448416233063,0.6600000262260437,0.4343999922275543
YNR022C,YLR336C,0,-2.5337484,0.1318681389093399,0.6600000262260437,0.4345000088214874
YGL179C,YBR067C,0,-2.5337899,0.13184179365634918,0.6600000262260437,0.43459999561309814
YHR060W,YLR301W,1,-2.5339124,0.1320151835680008,0.6610000133514404,0.43459999561309814
YNL261W,YLR396C,0,-2.533973,0.13198882341384888,0.6610000133514404,0.43470001220703125
YJL099W,YBL097W,0,-2.534013,0.13196246325969696,0.6610000133514404,0.43479999899864197
YPL237W,YFR044C,0,-2.534056,0.13193613290786743,0.6610000133514404,0.4348999857902527
YBR276C,YDR017C,0,-2.5342171,0.1319098025560379,0.6610000133514404,0.4350000023841858
YFR031C-A,YMR275C,0,-2.5345542,0.13188347220420837,0.6610000133514404,0.4350999891757965
YAL062W,YEL069C,0,-2.5345752,0.13185717165470123,0.6610000133514404,0.4352000057697296
YBL085W,YLR035C,0,-2.534626,0.1318308711051941,0.6610000133514404,0.43529999256134033
YBR034C,YKL175W,0,-2.534661,0.13180458545684814,0.6610000133514404,0.43540000915527344
YNR031C,YDR011W,0,-2.5346866,0.1317783147096634,0.6610000133514404,0.43549999594688416
YMR138W,YMR193W,0,-2.5347555,0.13175204396247864,0.6610000133514404,0.43560001254081726
YML118W,YPR194C,0,-2.5348556,0.13172578811645508,0.6610000133514404,0.435699999332428
YJL024C,YMR012W,0,-2.5349538,0.1316995471715927,0.6610000133514404,0.4357999861240387
YIL145C,YNL087W,0,-2.5350158,0.13167330622673035,0.6610000133514404,0.4359000027179718
YLR381W,YKL122C,0,-2.535075,0.13164708018302917,0.6610000133514404,0.4359999895095825
YPL110C,YOL148C,0,-2.535157,0.1316208690404892,0.6610000133514404,0.4361000061035156
YOR078W,YCL033C,0,-2.5351992,0.13159465789794922,0.6610000133514404,0.43619999289512634
YEL036C,YLR098C,0,-2.535263,0.13156847655773163,0.6610000133514404,0.43630000948905945
YFL009W,YCL031C,0,-2.5353796,0.13154229521751404,0.6610000133514404,0.43639999628067017
YJL219W,YHR111W,0,-2.5354264,0.13151611387729645,0.6610000133514404,0.43650001287460327
YFL047W,YDR495C,0,-2.535434,0.13148994743824005,0.6610000133514404,0.436599999666214
YDR186C,YDR313C,0,-2.5355527,0.13146379590034485,0.6610000133514404,0.4366999864578247
YPR082C,YMR221C,0,-2.5358355,0.13143765926361084,0.6610000133514404,0.4368000030517578
YNR032W,YOL068C,0,-2.5358484,0.13141153752803802,0.6610000133514404,0.43689998984336853
YNL186W,YER118C,0,-2.5359745,0.1313854157924652,0.6610000133514404,0.43700000643730164
YGR060W,YPL094C,1,-2.536039,0.13155803084373474,0.6620000004768372,0.43700000643730164
YNL274C,YKR090W,0,-2.536102,0.13153189420700073,0.6620000004768372,0.43709999322891235
YER072W,YER068W,0,-2.5362408,0.13150575757026672,0.6620000004768372,0.43720000982284546
YJR153W,YPR020W,0,-2.5362506,0.1314796358346939,0.6620000004768372,0.4372999966144562
YAL033W,YDR312W,0,-2.5364716,0.1314535290002823,0.6620000004768372,0.4374000132083893
YPL066W,YMR046C,0,-2.5365534,0.13142743706703186,0.6620000004768372,0.4375
YPL040C,YDR495C,0,-2.5365999,0.13140134513378143,0.6620000004768372,0.4375999867916107
YMR264W,YDR200C,1,-2.536739,0.13157372176647186,0.6629999876022339,0.4375999867916107
YNL098C,YIL031W,0,-2.5368063,0.13154761493206024,0.6629999876022339,0.4377000033855438
YGL010W,YLR066W,1,-2.5370884,0.1317199021577835,0.6639999747276306,0.4377000033855438
YGR029W,YKR101W,0,-2.5370991,0.1316937655210495,0.6639999747276306,0.43779999017715454
YDR266C,YLR095C,0,-2.5371385,0.13166765868663788,0.6639999747276306,0.43790000677108765
YFR040W,YJR108W,0,-2.537492,0.13164155185222626,0.6639999747276306,0.43799999356269836
YPL063W,YDR263C,0,-2.5375626,0.13161545991897583,0.6639999747276306,0.43810001015663147
YIL173W,YMR088C,0,-2.5376852,0.1315893828868866,0.6639999747276306,0.4381999969482422
YBL025W,YLR103C,0,-2.5377228,0.13156330585479736,0.6639999747276306,0.4383000135421753
YJL028W,YLL066C,0,-2.537864,0.13153724372386932,0.6639999747276306,0.438400000333786
YMR146C,YDR497C,0,-2.5379107,0.13151119649410248,0.6639999747276306,0.43849998712539673
YOR198C,YKL049C,0,-2.5379834,0.13148514926433563,0.6639999747276306,0.43860000371932983
YNL106C,YGR122W,0,-2.5379913,0.13145911693572998,0.6639999747276306,0.43869999051094055
YAR010C,YKL178C,0,-2.5380619,0.13143309950828552,0.6639999747276306,0.43880000710487366
YMR305C,YBL020W,1,-2.5380735,0.13160498440265656,0.6650000214576721,0.43880000710487366
YIR009W,YER068W,0,-2.5381157,0.1315789520740509,0.6650000214576721,0.4388999938964844
YFR008W,YNR061C,0,-2.5384128,0.13155291974544525,0.6650000214576721,0.4390000104904175
YHL028W,YGR175C,1,-2.5384345,0.13172468543052673,0.6660000085830688,0.4390000104904175
YLR039C,YDR324C,0,-2.5387082,0.1316986382007599,0.6660000085830688,0.4390999972820282
YBR153W,YCL048W,0,-2.5389166,0.13167259097099304,0.6660000085830688,0.4392000138759613
YBR170C,YNL194C,1,-2.538949,0.13184423744678497,0.6669999957084656,0.4392000138759613
YPL237W,YOR125C,0,-2.5390217,0.13181817531585693,0.6669999957084656,0.439300000667572
YPR105C,YJL187C,0,-2.5390701,0.13179214298725128,0.6669999957084656,0.43939998745918274
YML101C,YER004W,1,-2.5393112,0.13196365535259247,0.6679999828338623,0.43939998745918274
YOR046C,YDR324C,0,-2.539437,0.13193759322166443,0.6679999828338623,0.43950000405311584
YJR015W,YMR065W,1,-2.539529,0.13210900127887726,0.6690000295639038,0.43950000405311584
YBR026C,YJL174W,0,-2.5397842,0.13208292424678802,0.6690000295639038,0.43959999084472656
YMR125W,YGR166W,0,-2.5398731,0.1320568472146988,0.6690000295639038,0.43970000743865967
YMR129W,YBR288C,0,-2.5399165,0.13203078508377075,0.6690000295639038,0.4397999942302704
YGR030C,YGR218W,0,-2.5400436,0.1320047378540039,0.6690000295639038,0.4399000108242035
YKL141W,YBL026W,0,-2.5400698,0.13197869062423706,0.6690000295639038,0.4399999976158142
YMR307W,YLR321C,0,-2.5401723,0.1319526582956314,0.6690000295639038,0.4401000142097473
YDR304C,YMR202W,1,-2.5401917,0.13212384283542633,0.6700000166893005,0.4401000142097473
YBL093C,YFL049W,0,-2.5402303,0.13209779560565948,0.6700000166893005,0.44020000100135803
YML127W,YNL136W,0,-2.5402615,0.13207174837589264,0.6700000166893005,0.44029998779296875
YKL201C,YDL115C,0,-2.54029,0.132045716047287,0.6700000166893005,0.44040000438690186
YDR287W,YML123C,0,-2.540353,0.13201969861984253,0.6700000166893005,0.4404999911785126
YLR092W,YGL086W,0,-2.5403545,0.13199369609355927,0.6700000166893005,0.4406000077724457
YBR183W,YDR411C,1,-2.5404665,0.13216465711593628,0.6710000038146973,0.4406000077724457
YDR189W,YER120W,1,-2.5407622,0.13233555853366852,0.671999990940094,0.4406000077724457
YLR259C,YDR097C,0,-2.5410008,0.13230951130390167,0.671999990940094,0.4406999945640564
YJL100W,YNR045W,0,-2.5411477,0.13228346407413483,0.671999990940094,0.4408000111579895
YLR390W-A,YML036W,0,-2.5411701,0.13225743174552917,0.671999990940094,0.4408999979496002
YHR172W,YBR107C,0,-2.5415704,0.13223139941692352,0.671999990940094,0.4410000145435333
YKL016C,YHR014W,0,-2.5419133,0.13220539689064026,0.671999990940094,0.44110000133514404
YLR093C,YIR005W,0,-2.5421166,0.1321793794631958,0.671999990940094,0.44119998812675476
YMR273C,YLR172C,0,-2.5423625,0.13215339183807373,0.671999990940094,0.44130000472068787
YOL052C,YPL242C,0,-2.5423648,0.13212740421295166,0.671999990940094,0.4413999915122986
YGR030C,YKL077W,0,-2.5424767,0.13210143148899078,0.671999990940094,0.4415000081062317
YDR522C,YCL069W,0,-2.5425656,0.1320754736661911,0.671999990940094,0.4415999948978424
YMR092C,YGL004C,0,-2.542579,0.13204951584339142,0.671999990940094,0.4417000114917755
YCR087C-A,YLL067C,0,-2.5425792,0.13202357292175293,0.671999990940094,0.44179999828338623
YDR408C,YGR092W,0,-2.542611,0.13199764490127563,0.671999990940094,0.44190001487731934
YNL197C,YCR077C,0,-2.5428176,0.13197171688079834,0.671999990940094,0.44200000166893005
YJR133W,YNL052W,0,-2.542877,0.13194580376148224,0.671999990940094,0.44209998846054077
YPL218W,YCL069W,0,-2.542999,0.13191990554332733,0.671999990940094,0.4422000050544739
YGR281W,YDR480W,0,-2.5432498,0.13189400732517242,0.671999990940094,0.4422999918460846
YGL192W,YMR140W,0,-2.543324,0.1318681389093399,0.671999990940094,0.4424000084400177
YJL124C,YLR314C,0,-2.5433674,0.1318422555923462,0.671999990940094,0.4424999952316284
YOR357C,YOL149W,0,-2.5435758,0.13181640207767487,0.671999990940094,0.4426000118255615
YDR436W,YAL063C,0,-2.5437734,0.13179054856300354,0.671999990940094,0.44269999861717224
YLR092W,YDR432W,0,-2.5438366,0.1317647099494934,0.671999990940094,0.44279998540878296
YAL015C,YGR148C,0,-2.5438492,0.13173887133598328,0.671999990940094,0.44290000200271606
YJR004C,YFL004W,0,-2.5441144,0.13171304762363434,0.671999990940094,0.4429999887943268
YLR039C,YML115C,0,-2.5441382,0.1316872388124466,0.671999990940094,0.4431000053882599
YHR079C,YLL055W,1,-2.5441425,0.13185736536979675,0.6729999780654907,0.4431000053882599
YER111C,YDR050C,0,-2.5444124,0.13183154165744781,0.6729999780654907,0.4431999921798706
YGL252C,YHR084W,0,-2.5444288,0.13180571794509888,0.6729999780654907,0.4433000087738037
YJL065C,YOL034W,0,-2.5445812,0.13177990913391113,0.6729999780654907,0.44339999556541443
YLR224W,YNR046W,0,-2.544724,0.13175411522388458,0.6729999780654907,0.44350001215934753
YAR010C,YMR218C,0,-2.5447943,0.13172832131385803,0.6729999780654907,0.44359999895095825
YOR297C,YLR321C,0,-2.5449634,0.13170254230499268,0.6729999780654907,0.44369998574256897
YBL008W,YOR349W,0,-2.5450728,0.1316767781972885,0.6729999780654907,0.4438000023365021
YJL085W,YOR323C,0,-2.545566,0.13165101408958435,0.6729999780654907,0.4438999891281128
YCL008C,YLL042C,0,-2.5456347,0.13162526488304138,0.6729999780654907,0.4440000057220459
YAL035W,YHL031C,0,-2.545666,0.1315995305776596,0.6729999780654907,0.4440999925136566
YKR050W,YKL055C,0,-2.545681,0.13157379627227783,0.6729999780654907,0.4442000091075897
YFR037C,YKR029C,0,-2.5459187,0.13154809176921844,0.6729999780654907,0.44429999589920044
YJR074W,YAR007C,0,-2.54596,0.13152237236499786,0.6729999780654907,0.44440001249313354
YKL011C,YLR079W,0,-2.5460165,0.13149668276309967,0.6729999780654907,0.44449999928474426
YPL087W,YLR350W,1,-2.5461855,0.13166634738445282,0.6740000247955322,0.44449999928474426
YDL033C,YGR081C,0,-2.5462477,0.13164062798023224,0.6740000247955322,0.444599986076355
YLR308W,YJL145W,0,-2.5463645,0.13161492347717285,0.6740000247955322,0.4447000026702881
YKR053C,YIL124W,1,-2.5463932,0.13178445398807526,0.675000011920929,0.4447000026702881
YPR083W,YKL204W,0,-2.546648,0.13175873458385468,0.675000011920929,0.4447999894618988
YDL178W,YMR286W,0,-2.5468411,0.1317330151796341,0.675000011920929,0.4449000060558319
YOR128C,YER090W,0,-2.5469522,0.1317073106765747,0.675000011920929,0.4449999928474426
YER052C,YDR030C,0,-2.5470612,0.1316816210746765,0.675000011920929,0.44510000944137573
YLL054C,YEL003W,0,-2.5470998,0.13165594637393951,0.675000011920929,0.44519999623298645
YNL067W,YJL090C,0,-2.547162,0.13163027167320251,0.675000011920929,0.44530001282691956
YKR063C,YJL081C,0,-2.54729,0.13160459697246552,0.675000011920929,0.4453999996185303
YGR122W,YGL067W,0,-2.5476177,0.1315789520740509,0.675000011920929,0.445499986410141
YJR027W,YFR016C,0,-2.5476537,0.1315533071756363,0.675000011920929,0.4456000030040741
YGR010W,YPL090C,0,-2.5476909,0.13152766227722168,0.675000011920929,0.4456999897956848
YDR206W,YDL083C,0,-2.5477216,0.13150204718112946,0.675000011920929,0.4458000063896179
YDR167W,YJL221C,0,-2.5478399,0.13147643208503723,0.675000011920929,0.44589999318122864
YML091C,YLL051C,0,-2.548166,0.1314508318901062,0.675000011920929,0.44600000977516174
YJR046W,YJR139C,0,-2.5482721,0.13142523169517517,0.675000011920929,0.44609999656677246
YGR062C,YFL047W,0,-2.5483282,0.13139964640140533,0.675000011920929,0.44620001316070557
YBL082C,YGL200C,1,-2.5484626,0.13156870007514954,0.6759999990463257,0.44620001316070557
YOR367W,YDR245W,0,-2.5486999,0.1315430998802185,0.6759999990463257,0.4462999999523163
YLR396C,YGR282C,0,-2.5487378,0.13151751458644867,0.6759999990463257,0.446399986743927
YIL009W,YIL037C,0,-2.5489233,0.13149192929267883,0.6759999990463257,0.4465000033378601
YOL027C,YDR247W,0,-2.549014,0.1314663589000702,0.6759999990463257,0.4465999901294708
YBL032W,YIL066C,0,-2.5490527,0.13144078850746155,0.6759999990463257,0.44670000672340393
YHL028W,YAR042W,1,-2.5490673,0.13160964846611023,0.6769999861717224,0.44670000672340393
YDR499W,YPL154C,0,-2.549145,0.1315840631723404,0.6769999861717224,0.44679999351501465
YPL195W,YIR013C,0,-2.5491664,0.13155849277973175,0.6769999861717224,0.44690001010894775
YDR362C,YDL246C,0,-2.5491936,0.1315329372882843,0.6769999861717224,0.44699999690055847
YGR006W,YPR160W,0,-2.5494015,0.13150738179683685,0.6769999861717224,0.4471000134944916
YPL129W,YBR213W,0,-2.5494416,0.1314818412065506,0.6769999861717224,0.4472000002861023
YOR391C,YJR075W,0,-2.5495222,0.13145631551742554,0.6769999861717224,0.447299987077713
YBR080C,YDL102W,0,-2.5495543,0.13143078982830048,0.6769999861717224,0.4474000036716461
YJL137C,YPR168W,0,-2.5498872,0.1314052790403366,0.6769999861717224,0.44749999046325684
YLR033W,YHR149C,0,-2.5498974,0.13137978315353394,0.6769999861717224,0.44760000705718994
YLR385C,YKR007W,0,-2.549955,0.13135428726673126,0.6769999861717224,0.44769999384880066
YCR036W,YJL063C,0,-2.549968,0.13132880628108978,0.6769999861717224,0.44780001044273376
YLR155C,YLR064W,1,-2.5500376,0.13149727880954742,0.6779999732971191,0.44780001044273376
YGL073W,YPL167C,0,-2.5501127,0.13147178292274475,0.6779999732971191,0.4478999972343445
YKL220C,YMR087W,0,-2.5501225,0.13144630193710327,0.6779999732971191,0.4480000138282776
YHR099W,YLR188W,0,-2.550397,0.1314208209514618,0.6779999732971191,0.4481000006198883
YBR136W,YMR131C,0,-2.5504198,0.1313953548669815,0.6779999732971191,0.448199987411499
YEL036C,YOL038W,0,-2.5504322,0.13136988878250122,0.6779999732971191,0.44830000400543213
YOR007C,YMR306W,0,-2.5504363,0.13134443759918213,0.6779999732971191,0.44839999079704285
YML064C,YNL241C,0,-2.5504425,0.13131900131702423,0.6779999732971191,0.44850000739097595
YEL065W,YMR203W,0,-2.5504477,0.13129356503486633,0.6779999732971191,0.44859999418258667
YBR110W,YML130C,1,-2.5504684,0.1314617544412613,0.6790000200271606,0.44859999418258667
YHR053C,YLL051C,0,-2.550486,0.1314363181591034,0.6790000200271606,0.4487000107765198
YKL016C,YHR075C,0,-2.550708,0.1314108818769455,0.6790000200271606,0.4487999975681305
YLR119W,YOR341W,0,-2.5514662,0.1313854455947876,0.6790000200271606,0.4489000141620636
YOR287C,YGR118W,0,-2.551475,0.1313600242137909,0.6790000200271606,0.4490000009536743
YCL025C,YMR250W,0,-2.5515943,0.13133461773395538,0.6790000200271606,0.44909998774528503
YGR034W,YDR468C,0,-2.5516925,0.13130922615528107,0.6790000200271606,0.44920000433921814
YNL264C,YML065W,0,-2.5519993,0.13128383457660675,0.6790000200271606,0.44929999113082886
YER114C,YOL016C,0,-2.552085,0.13125845789909363,0.6790000200271606,0.44940000772476196
YDR088C,YMR307W,0,-2.5521028,0.1312330812215805,0.6790000200271606,0.4494999945163727
YLL067C,YER028C,0,-2.552178,0.13120773434638977,0.6790000200271606,0.4496000111103058
YOR123C,YIL029C,0,-2.55233,0.13118238747119904,0.6790000200271606,0.4496999979019165
YMR043W,YDR236C,0,-2.5524118,0.1311570405960083,0.6790000200271606,0.4498000144958496
YER052C,YKL160W,0,-2.5525517,0.13113170862197876,0.6790000200271606,0.4499000012874603
YDR017C,YMR073C,0,-2.5526311,0.1311063915491104,0.6790000200271606,0.44999998807907104
YKL141W,YNL025C,0,-2.5526764,0.13108107447624207,0.6790000200271606,0.45010000467300415
YKL088W,YNL271C,0,-2.552795,0.1310557872056961,0.6790000200271606,0.45019999146461487
YPR036W,YOR370C,0,-2.5529764,0.13103048503398895,0.6790000200271606,0.450300008058548
YHR117W,YJL024C,0,-2.5535338,0.1310052126646042,0.6790000200271606,0.4503999948501587
YGR138C,YLR398C,0,-2.5536945,0.13097994029521942,0.6790000200271606,0.4505000114440918
YNL002C,YBR115C,0,-2.5538337,0.13095468282699585,0.6790000200271606,0.4505999982357025
YKL112W,YGR042W,0,-2.5540392,0.13092942535877228,0.6790000200271606,0.4507000148296356
YGR223C,YAR002C-A,0,-2.554326,0.1309041827917099,0.6790000200271606,0.45080000162124634
YPL021W,YGR106C,0,-2.5544147,0.13087895512580872,0.6790000200271606,0.45089998841285706
YEL077C,YFR045W,0,-2.5544417,0.13085372745990753,0.6790000200271606,0.45100000500679016
YDR108W,YKL088W,0,-2.5545678,0.13082851469516754,0.6790000200271606,0.4510999917984009
YNL046W,YML130C,1,-2.5546925,0.1309959590435028,0.6800000071525574,0.4510999917984009
YJL204C,YPL065W,0,-2.5550687,0.13097073137760162,0.6800000071525574,0.451200008392334
YBR257W,YLR385C,0,-2.5550704,0.13094550371170044,0.6800000071525574,0.4512999951839447
YBR084C-A,YOR128C,0,-2.5550897,0.13092029094696045,0.6800000071525574,0.4514000117778778
YFR015C,YNL063W,0,-2.5550988,0.13089509308338165,0.6800000071525574,0.4514999985694885
YNL307C,YOR028C,0,-2.5551345,0.13086989521980286,0.6800000071525574,0.45159998536109924
YCR073W-A,YJL096W,0,-2.5551817,0.13084471225738525,0.6800000071525574,0.45170000195503235
YPL048W,YOR279C,0,-2.5554662,0.13081954419612885,0.6800000071525574,0.45179998874664307
YEL051W,YLR129W,0,-2.5556388,0.13079437613487244,0.6800000071525574,0.45190000534057617
YGR274C,YCR014C,0,-2.5557017,0.13076923787593842,0.6800000071525574,0.4519999921321869
YIL049W,YER020W,0,-2.555776,0.1307440847158432,0.6800000071525574,0.45210000872612
YDR081C,YML018C,0,-2.5559614,0.13071896135807037,0.6800000071525574,0.4521999955177307
YLR080W,YPL013C,0,-2.5559916,0.13069382309913635,0.6800000071525574,0.4523000121116638
YBR240C,YNL310C,0,-2.5560496,0.13066871464252472,0.6800000071525574,0.45239999890327454
YDR074W,YHR051W,0,-2.5561492,0.13064360618591309,0.6800000071525574,0.45249998569488525
YBR208C,YMR193W,0,-2.5563416,0.13061851263046265,0.6800000071525574,0.45260000228881836
YHR176W,YHR045W,1,-2.5564218,0.1307854801416397,0.6809999942779541,0.45260000228881836
YBR044C,YPL020C,0,-2.5564785,0.13076037168502808,0.6809999942779541,0.4526999890804291
YLR119W,YOL135C,0,-2.5565019,0.13073526322841644,0.6809999942779541,0.4528000056743622
YDR280W,YFL060C,0,-2.5565753,0.130710169672966,0.6809999942779541,0.4528999924659729
YDL066W,YPL106C,0,-2.5566542,0.13068509101867676,0.6809999942779541,0.453000009059906
YHR027C,YDR519W,1,-2.5566878,0.1308518797159195,0.6819999814033508,0.453000009059906
YIR002C,YIL123W,0,-2.5567615,0.13082678616046906,0.6819999814033508,0.4530999958515167
YOL146W,YPR133C,0,-2.5567777,0.13080169260501862,0.6819999814033508,0.45320001244544983
YGL150C,YKL155C,0,-2.5568426,0.13077659904956818,0.6819999814033508,0.45329999923706055
YMR299C,YOL148C,0,-2.556855,0.13075153529644012,0.6819999814033508,0.45339998602867126
YJL167W,YGL238W,0,-2.557093,0.13072647154331207,0.6819999814033508,0.45350000262260437
YBR295W,YBR118W,0,-2.5572624,0.13070142269134521,0.6819999814033508,0.4535999894142151
YOL009C,YDR263C,0,-2.5574536,0.13067637383937836,0.6819999814033508,0.4537000060081482
YDR261C,YLR398C,0,-2.5575762,0.1306513398885727,0.6819999814033508,0.4537999927997589
YPL132W,YPR046W,0,-2.557586,0.13062632083892822,0.6819999814033508,0.453900009393692
YDR364C,YOR083W,0,-2.5579598,0.13060130178928375,0.6819999814033508,0.45399999618530273
YGL120C,YFR040W,0,-2.5580883,0.13057629764080048,0.6819999814033508,0.45410001277923584
YHR193C,YER028C,0,-2.5581245,0.1305513083934784,0.6819999814033508,0.45419999957084656
YML005W,YGL245W,0,-2.5581644,0.1305263191461563,0.6819999814033508,0.4542999863624573
YMR308C,YGL201C,0,-2.5581877,0.13050134479999542,0.6819999814033508,0.4544000029563904
YGR217W,YHR010W,0,-2.5584095,0.13047637045383453,0.6819999814033508,0.4544999897480011
YLR132C,YFL044C,0,-2.5586622,0.13045141100883484,0.6819999814033508,0.4546000063419342
YKL172W,YIL047C,0,-2.5589788,0.13042646646499634,0.6819999814033508,0.4546999931335449
YMR106C,YGR047C,0,-2.559021,0.13040153682231903,0.6819999814033508,0.454800009727478
YJL197W,YAL055W,0,-2.5593293,0.13037660717964172,0.6819999814033508,0.45489999651908875
YKL204W,YCL034W,0,-2.5594254,0.13035167753696442,0.6819999814033508,0.45500001311302185
YKL130C,YML049C,0,-2.5595133,0.1303267776966095,0.6819999814033508,0.45509999990463257
YNL175C,YIL132C,0,-2.5597064,0.13030187785625458,0.6819999814033508,0.4551999866962433
YDR173C,YNL188W,0,-2.5598507,0.13027697801589966,0.6819999814033508,0.4553000032901764
YDR306C,YDR335W,0,-2.5598614,0.13025210797786713,0.6819999814033508,0.4553999900817871
YJL112W,YPL244C,0,-2.559952,0.1302272230386734,0.6819999814033508,0.4555000066757202
YGR216C,YOR067C,1,-2.5600188,0.13039328157901764,0.6830000281333923,0.4555000066757202
YPL092W,YNL221C,0,-2.5600498,0.1303683966398239,0.6830000281333923,0.45559999346733093
YBR031W,YAL060W,0,-2.5602264,0.1303435117006302,0.6830000281333923,0.45570001006126404
YJL056C,YJL136C,0,-2.5607574,0.13031864166259766,0.6830000281333923,0.45579999685287476
YER098W,YDR507C,0,-2.5612154,0.13029378652572632,0.6830000281333923,0.45590001344680786
YOR076C,YDR522C,0,-2.5612607,0.13026893138885498,0.6830000281333923,0.4560000002384186
YLL022C,YBR217W,0,-2.561288,0.13024409115314484,0.6830000281333923,0.4560999870300293
YCR044C,YGL098W,1,-2.5613618,0.13040991127490997,0.6840000152587891,0.4560999870300293
YHL004W,YHR016C,0,-2.5615194,0.13038505613803864,0.6840000152587891,0.4562000036239624
YBR176W,YNL220W,0,-2.5616362,0.1303602010011673,0.6840000152587891,0.4562999904155731
YER118C,YPL055C,0,-2.5617535,0.13033536076545715,0.6840000152587891,0.4564000070095062
YNL323W,YLR246W,1,-2.561817,0.13050104677677155,0.6850000023841858,0.4564000070095062
YBR126C,YNL247W,0,-2.5620024,0.1304761916399002,0.6850000023841858,0.45649999380111694
YPR176C,YOL119C,0,-2.5624998,0.13045133650302887,0.6850000023841858,0.45660001039505005
YLR032W,YFL033C,0,-2.56252,0.13042651116847992,0.6850000023841858,0.45669999718666077
YDR308C,YOR381W,0,-2.562527,0.13040167093276978,0.6850000023841858,0.45680001378059387
YMR223W,YCR028C,0,-2.5627303,0.13037686049938202,0.6850000023841858,0.4569000005722046
YGL020C,YGL065C,1,-2.5627382,0.1305423378944397,0.6859999895095825,0.4569000005722046
YIL009W,YOR128C,0,-2.5628798,0.13051749765872955,0.6859999895095825,0.4569999873638153
YOR112W,YLR190W,0,-2.5628812,0.1304926723241806,0.6859999895095825,0.4571000039577484
YGR013W,YGR193C,0,-2.5628967,0.13046786189079285,0.6859999895095825,0.45719999074935913
YIL119C,YGL185C,0,-2.5630167,0.1304430514574051,0.6859999895095825,0.45730000734329224
YJL154C,YDR192C,0,-2.5635374,0.13041825592517853,0.6859999895095825,0.45739999413490295
YJL170C,YIL096C,0,-2.5636268,0.13039346039295197,0.6859999895095825,0.45750001072883606
YIL143C,YNL283C,0,-2.563659,0.1303686797618866,0.6859999895095825,0.4575999975204468
YGR083C,YJL191W,0,-2.5636969,0.13034391403198242,0.6859999895095825,0.4577000141143799
YLR151C,YBL046W,0,-2.5638149,0.13031914830207825,0.6859999895095825,0.4578000009059906
YDR160W,YKL063C,0,-2.563848,0.13029439747333527,0.6859999895095825,0.4578999876976013
YOR382W,YLR079W,0,-2.5638492,0.13026966154575348,0.6859999895095825,0.4580000042915344
YNL273W,YML010W,0,-2.5639021,0.1302449256181717,0.6859999895095825,0.45809999108314514
YOL113W,YOR298C-A,0,-2.5641627,0.1302202045917511,0.6859999895095825,0.45820000767707825
YIL125W,YJL187C,0,-2.5643132,0.1301954835653305,0.6859999895095825,0.45829999446868896
YMR134W,YNR039C,1,-2.564369,0.13036052882671356,0.6869999766349792,0.45829999446868896
YLR310C,YIL144W,0,-2.5644484,0.13033579289913177,0.6869999766349792,0.45840001106262207
YJR151C,YDL226C,0,-2.5644782,0.13031107187271118,0.6869999766349792,0.4584999978542328
YBR301W,YDL075W,0,-2.5645115,0.13028636574745178,0.6869999766349792,0.4586000144481659
YPR171W,YCR042C,0,-2.5645196,0.13026165962219238,0.6869999766349792,0.4587000012397766
YIL120W,YKL084W,0,-2.5645697,0.13023696839809418,0.6869999766349792,0.45879998803138733
YOR201C,YNL176C,0,-2.564669,0.13021227717399597,0.6869999766349792,0.45890000462532043
YGR296W,YKL013C,0,-2.5647457,0.13018760085105896,0.6869999766349792,0.45899999141693115
YPL221W,YBR029C,1,-2.5648923,0.13035240769386292,0.6880000233650208,0.45899999141693115
YPL147W,YER073W,0,-2.5649502,0.1303277164697647,0.6880000233650208,0.45910000801086426
YGR034W,YGR270W,0,-2.5652742,0.1303030252456665,0.6880000233650208,0.459199994802475
YDR261C,YDL185W,0,-2.5653157,0.1302783489227295,0.6880000233650208,0.4593000113964081
YDL212W,YIL023C,1,-2.5653965,0.1304430067539215,0.6890000104904175,0.4593000113964081
YJL176C,YJR119C,0,-2.5654814,0.1304183155298233,0.6890000104904175,0.4593999981880188
YIL085C,YOL096C,0,-2.5658457,0.1303936392068863,0.6890000104904175,0.4595000147819519
YBL032W,YBR129C,0,-2.5658684,0.13036896288394928,0.6890000104904175,0.4596000015735626
YDR457W,YOL033W,0,-2.565932,0.13034430146217346,0.6890000104904175,0.45969998836517334
YNL148C,YPL204W,0,-2.5659893,0.13031965494155884,0.6890000104904175,0.45980000495910645
YPL134C,YDR179C,0,-2.5660286,0.1302950084209442,0.6890000104904175,0.45989999175071716
YHR028C,YLR212C,0,-2.5660524,0.13027037680149078,0.6890000104904175,0.46000000834465027
YLR019W,YDR446W,0,-2.5663526,0.13024574518203735,0.6890000104904175,0.460099995136261
YPL259C,YLL051C,0,-2.566552,0.13022112846374512,0.6890000104904175,0.4602000117301941
YJR091C,YNL068C,0,-2.5666173,0.13019652664661407,0.6890000104904175,0.4602999985218048
YNR032W,YDR141C,0,-2.5669487,0.13017192482948303,0.6890000104904175,0.4603999853134155
YNL300W,YDR119W,0,-2.5671928,0.13014733791351318,0.6890000104904175,0.46050000190734863
YMR299C,YMR243C,0,-2.5672078,0.13012275099754333,0.6890000104904175,0.46059998869895935
YPL021W,YBR188C,0,-2.567343,0.13009819388389587,0.6890000104904175,0.46070000529289246
YGL133W,YPL118W,0,-2.5674078,0.13007362186908722,0.6890000104904175,0.4607999920845032
YLR164W,YPR006C,0,-2.567845,0.13004907965660095,0.6890000104904175,0.4609000086784363
YMR314W,YGL203C,0,-2.5679045,0.13002453744411469,0.6890000104904175,0.460999995470047
YIL021W,YCL048W,0,-2.5679696,0.12999999523162842,0.6890000104904175,0.4611000120639801
YML047C,YJR068W,0,-2.5680263,0.12997548282146454,0.6890000104904175,0.4611999988555908
YKL208W,YPR141C,0,-2.5681584,0.12995095551013947,0.6890000104904175,0.46129998564720154
YDR341C,YGL071W,0,-2.5682118,0.12992645800113678,0.6890000104904175,0.46140000224113464
YER008C,YBR278W,0,-2.5682464,0.1299019604921341,0.6890000104904175,0.46149998903274536
YGR283C,YJR120W,0,-2.568268,0.1298774778842926,0.6890000104904175,0.46160000562667847
YHR091C,YOR101W,0,-2.5684135,0.1298529952764511,0.6890000104904175,0.4616999924182892
YGR238C,YPL051W,0,-2.5684407,0.1298285275697708,0.6890000104904175,0.4618000090122223
YIL011W,YFR040W,0,-2.5684872,0.1298040747642517,0.6890000104904175,0.461899995803833
YCR044C,YOL013C,1,-2.5686448,0.12996797263622284,0.6899999976158142,0.461899995803833
YDR195W,YML107C,0,-2.568648,0.12994350492954254,0.6899999976158142,0.4620000123977661
YHR201C,YNL151C,0,-2.5686862,0.12991903722286224,0.6899999976158142,0.46209999918937683
YKL010C,YNR045W,0,-2.5689042,0.12989458441734314,0.6899999976158142,0.46219998598098755
YIR037W,YOR028C,0,-2.5691354,0.12987013161182404,0.6899999976158142,0.46230000257492065
YER094C,YDL030W,0,-2.569284,0.12984569370746613,0.6899999976158142,0.46239998936653137
YGL243W,YKL055C,0,-2.5696192,0.12982125580310822,0.6899999976158142,0.4625000059604645
YGR278W,YDR140W,0,-2.5697105,0.1297968327999115,0.6899999976158142,0.4625999927520752
YOR319W,YDL201W,0,-2.5697417,0.12977242469787598,0.6899999976158142,0.4627000093460083
YLR134W,YMR106C,0,-2.5698707,0.12974803149700165,0.6899999976158142,0.462799996137619
YHR081W,YDL235C,0,-2.569958,0.12972363829612732,0.6899999976158142,0.4629000127315521
YOR117W,YIL062C,0,-2.5699632,0.129699245095253,0.6899999976158142,0.46299999952316284
YBR115C,YOR304C-A,0,-2.5703871,0.12967486679553986,0.6899999976158142,0.46309998631477356
YAL034W-A,YOR008C,0,-2.5704591,0.12965050339698792,0.6899999976158142,0.46320000290870667
YBR136W,YKL017C,0,-2.5706441,0.12962615489959717,0.6899999976158142,0.4632999897003174
YGL019W,YNL281W,0,-2.570879,0.12960180640220642,0.6899999976158142,0.4634000062942505
YPL181W,YLR193C,0,-2.5709178,0.12957745790481567,0.6899999976158142,0.4634999930858612
YLR201C,YGL067W,0,-2.5710328,0.12955313920974731,0.6899999976158142,0.4636000096797943
YGR062C,YIR005W,0,-2.5711784,0.12952882051467896,0.6899999976158142,0.46369999647140503
YGR096W,YER173W,0,-2.5712993,0.1295045018196106,0.6899999976158142,0.46380001306533813
YBR036C,YNL080C,1,-2.5714211,0.12966784834861755,0.6909999847412109,0.46380001306533813
YNL082W,YDR079W,0,-2.5716424,0.1296435296535492,0.6909999847412109,0.46389999985694885
YDR055W,YGL021W,0,-2.5716782,0.12961921095848083,0.6909999847412109,0.46399998664855957
YEL015W,YHR119W,0,-2.5717819,0.12959489226341248,0.6909999847412109,0.4641000032424927
YLR262C,YDR180W,0,-2.5717852,0.1295706033706665,0.6909999847412109,0.4641999900341034
YGR216C,YMR015C,1,-2.5719688,0.12973378598690033,0.6919999718666077,0.4641999900341034
YKR008W,YKL185W,0,-2.5720417,0.12970946729183197,0.6919999718666077,0.4643000066280365
YFR055W,YML061C,0,-2.5723412,0.1296851634979248,0.6919999718666077,0.4643999934196472
YHR073W,YPR029C,0,-2.5724533,0.12966085970401764,0.6919999718666077,0.4645000100135803
YBR229C,YLR023C,1,-2.5725105,0.12982390820980072,0.6930000185966492,0.4645000100135803
YGL053W,YLR268W,1,-2.5728357,0.12998688220977783,0.6940000057220459,0.4645000100135803
YPL043W,YIL067C,0,-2.572861,0.12996254861354828,0.6940000057220459,0.46459999680519104
YNL038W,YCL043C,1,-2.5728753,0.13012544810771942,0.6949999928474426,0.46459999680519104
YAL056W,YJL012C,0,-2.5730193,0.13010108470916748,0.6949999928474426,0.46470001339912415
YNL280C,YDL122W,1,-2.573045,0.13026389479637146,0.6959999799728394,0.46470001339912415
YDL145C,YDR216W,0,-2.5732872,0.13023951649665833,0.6959999799728394,0.46480000019073486
YJL001W,YNL332W,0,-2.5735161,0.13021515309810638,0.6959999799728394,0.4648999869823456
YDL042C,YHR201C,0,-2.5735397,0.13019078969955444,0.6959999799728394,0.4650000035762787
YDL123W,YOR298C-A,0,-2.5738795,0.1301664412021637,0.6959999799728394,0.4650999903678894
YER098W,YNL288W,0,-2.5739572,0.13014210760593414,0.6959999799728394,0.4652000069618225
YHR053C,YEL034W,0,-2.5739732,0.1301177740097046,0.6959999799728394,0.4652999937534332
YDR264C,YKL034W,0,-2.574106,0.13009345531463623,0.6959999799728394,0.46540001034736633
YPR200C,YDL160C,0,-2.5743198,0.13006915152072906,0.6959999799728394,0.46549999713897705
YFL041W,YDR459C,0,-2.574394,0.1300448477268219,0.6959999799728394,0.46560001373291016
YDL049C,YJL137C,0,-2.5744655,0.13002054393291473,0.6959999799728394,0.4657000005245209
YKL022C,YHR161C,0,-2.5745053,0.12999626994132996,0.6959999799728394,0.4657999873161316
YJL102W,YBR101C,0,-2.574557,0.12997199594974518,0.6959999799728394,0.4659000039100647
YOR292C,YPL158C,0,-2.5747652,0.1299477219581604,0.6959999799728394,0.4659999907016754
YOL044W,YPL049C,0,-2.5748274,0.12992346286773682,0.6959999799728394,0.4661000072956085
YML126C,YIL016W,1,-2.5749288,0.13008585572242737,0.6970000267028809,0.4661000072956085
YJR022W,YLR166C,0,-2.575001,0.1300615817308426,0.6970000267028809,0.46619999408721924
YNL275W,YGL026C,0,-2.575098,0.1300373077392578,0.6970000267028809,0.46630001068115234
YPR070W,YDR532C,0,-2.57534,0.13001306354999542,0.6970000267028809,0.46639999747276306
YNR055C,YGR106C,0,-2.5753767,0.12998880445957184,0.6970000267028809,0.46650001406669617
YGL241W,YPR191W,0,-2.5755765,0.12996457517147064,0.6970000267028809,0.4666000008583069
YCR021C,YLR397C,0,-2.5756571,0.12994034588336945,0.6970000267028809,0.4666999876499176
YML070W,YLR300W,0,-2.5756712,0.12991611659526825,0.6970000267028809,0.4668000042438507
YNL130C,YAR042W,1,-2.575725,0.1300782710313797,0.6980000138282776,0.4668000042438507
YDR402C,YER007W,0,-2.575769,0.1300540268421173,0.6980000138282776,0.4668999910354614
YMR013C,YDR307W,1,-2.5758595,0.1302160918712616,0.6990000009536743,0.4668999910354614
YDR226W,YBR289W,0,-2.5762777,0.1301918476819992,0.6990000009536743,0.46700000762939453
YDR454C,YPR041W,0,-2.5763338,0.13016760349273682,0.6990000009536743,0.46709999442100525
YOR339C,YGR166W,0,-2.5763419,0.13014335930347443,0.6990000009536743,0.46720001101493835
YHR060W,YAR042W,1,-2.576781,0.13030529022216797,0.699999988079071,0.46720001101493835
YDR353W,YBR030W,0,-2.5768144,0.13028103113174438,0.699999988079071,0.4672999978065491
YOL096C,YNL166C,0,-2.576871,0.130256786942482,0.699999988079071,0.4674000144004822
YML032C,YGR204W,0,-2.5768993,0.1302325576543808,0.699999988079071,0.4675000011920929
YIR014W,YPL188W,0,-2.5770078,0.1302083283662796,0.699999988079071,0.4675999879837036
YEL046C,YER073W,0,-2.5770273,0.1301841139793396,0.699999988079071,0.4677000045776367
YJL117W,YNR019W,1,-2.5770996,0.13034585118293762,0.7009999752044678,0.4677000045776367
YER153C,YER073W,0,-2.5770996,0.13032162189483643,0.7009999752044678,0.46779999136924744
YKL171W,YGR024C,0,-2.5771158,0.13029739260673523,0.7009999752044678,0.46790000796318054
YNL297C,YNL292W,0,-2.5771801,0.13027317821979523,0.7009999752044678,0.46799999475479126
YBR029C,YBR110W,1,-2.5772061,0.1304347813129425,0.7020000219345093,0.46799999475479126
YKR072C,YAR009C,0,-2.577224,0.1304105520248413,0.7020000219345093,0.46810001134872437
YAL043C,YOR312C,0,-2.577254,0.1303863227367401,0.7020000219345093,0.4681999981403351
YNL311C,YHR011W,0,-2.577262,0.1303621232509613,0.7020000219345093,0.4683000147342682
YML099C,YIL053W,0,-2.5772939,0.1303379088640213,0.7020000219345093,0.4684000015258789
YJL102W,YGR256W,0,-2.5773609,0.1303137242794037,0.7020000219345093,0.4684999883174896
YHR188C,YJR088C,1,-2.5774972,0.13047513365745544,0.703000009059906,0.4684999883174896
YPL249C,YHR020W,0,-2.5775244,0.13045091927051544,0.703000009059906,0.46860000491142273
YER070W,YPL225W,0,-2.5775535,0.13042671978473663,0.703000009059906,0.46869999170303345
YDR022C,YER131W,0,-2.5776362,0.13040252029895782,0.703000009059906,0.46880000829696655
YDL202W,YNL279W,0,-2.57781,0.1303783357143402,0.703000009059906,0.46889999508857727
YER098W,YPL033C,0,-2.5780733,0.1303541660308838,0.703000009059906,0.4690000116825104
YIL120W,YMR156C,0,-2.5780883,0.13032999634742737,0.703000009059906,0.4690999984741211
YOL003C,YDR245W,0,-2.5781078,0.13030584156513214,0.703000009059906,0.4691999852657318
YGL029W,YAL043C,0,-2.578297,0.13028168678283691,0.703000009059906,0.4693000018596649
YBR299W,YAL068C,0,-2.5783148,0.13025754690170288,0.703000009059906,0.46939998865127563
YBR159W,YGL231C,1,-2.57832,0.13041867315769196,0.7039999961853027,0.46939998865127563
YHR096C,YDL042C,0,-2.578334,0.13039451837539673,0.7039999961853027,0.46950000524520874
YBR272C,YNL209W,0,-2.578554,0.1303703635931015,0.7039999961853027,0.46959999203681946
YHR079C,YJL097W,1,-2.5785692,0.13053138554096222,0.7049999833106995,0.46959999203681946
YDR469W,YKL070W,0,-2.578647,0.1305072158575058,0.7049999833106995,0.46970000863075256
YMR146C,YGL229C,0,-2.5787115,0.13048306107521057,0.7049999833106995,0.4697999954223633
YDR439W,YDL007W,0,-2.578771,0.13045892119407654,0.7049999833106995,0.4699000120162964
YMR205C,YOL004W,0,-2.5787866,0.1304347813129425,0.7049999833106995,0.4699999988079071
YFR015C,YPL202C,0,-2.579047,0.13041065633296967,0.7049999833106995,0.4700999855995178
YML103C,YEL021W,0,-2.5791728,0.13038653135299683,0.7049999833106995,0.4702000021934509
YGL004C,YMR237W,0,-2.579188,0.13036242127418518,0.7049999833106995,0.47029998898506165
YPR030W,YLR001C,0,-2.5795162,0.13033832609653473,0.7049999833106995,0.47040000557899475
YJL137C,YCR018C,0,-2.5798328,0.13031423091888428,0.7049999833106995,0.47049999237060547
YLR055C,YIL103W,0,-2.58003,0.13029015064239502,0.7049999833106995,0.4706000089645386
YGL133W,YNL024C,0,-2.580046,0.13026607036590576,0.7049999833106995,0.4706999957561493
YBR189W,YNL220W,0,-2.5801606,0.1302420049905777,0.7049999833106995,0.4708000123500824
YFL058W,YNL075W,0,-2.5802212,0.13021795451641083,0.7049999833106995,0.4708999991416931
YMR251W-A,YOR075W,1,-2.5806026,0.1303785741329193,0.7059999704360962,0.4708999991416931
YBR240C,YLR425W,0,-2.5806153,0.13035450875759125,0.7059999704360962,0.47099998593330383
YER042W,YHL006C,0,-2.5807054,0.13033044338226318,0.7059999704360962,0.47110000252723694
YER075C,YBL003C,0,-2.580725,0.1303063929080963,0.7059999704360962,0.47119998931884766
YMR050C,YOR269W,0,-2.580817,0.13028234243392944,0.7059999704360962,0.47130000591278076
YOR112W,YDR379W,0,-2.5810282,0.13025830686092377,0.7059999704360962,0.4713999927043915
YHL025W,YHL036W,0,-2.5810864,0.1302342712879181,0.7059999704360962,0.4715000092983246
YOR381W,YOR304C-A,0,-2.581125,0.1302102506160736,0.7059999704360962,0.4715999960899353
YLR310C,YNL207W,0,-2.581329,0.13018624484539032,0.7059999704360962,0.4717000126838684
YKL052C,YNR045W,0,-2.5813959,0.13016223907470703,0.7059999704360962,0.4717999994754791
YGR231C,YKL034W,0,-2.581456,0.13013824820518494,0.7059999704360962,0.47189998626708984
YPL236C,YDL138W,0,-2.5814722,0.13011425733566284,0.7059999704360962,0.47200000286102295
YJL156C,YDR404C,0,-2.5816307,0.13009029626846313,0.7059999704360962,0.47209998965263367
YOL030W,YER012W,0,-2.5819693,0.13006632030010223,0.7059999704360962,0.4722000062465668
YBR284W,YIL132C,0,-2.5820682,0.13004235923290253,0.7059999704360962,0.4722999930381775
YGL206C,YDR545W,0,-2.5822055,0.130018413066864,0.7059999704360962,0.4724000096321106
YGL127C,YER081W,0,-2.582351,0.1299944818019867,0.7059999704360962,0.4724999964237213
YJR161C,YJL035C,0,-2.5825326,0.12997055053710938,0.7059999704360962,0.4726000130176544
YMR270C,YOR099W,0,-2.5826046,0.12994661927223206,0.7059999704360962,0.47269999980926514
YDR130C,YBL075C,0,-2.582675,0.12992270290851593,0.7059999704360962,0.47279998660087585
YKL040C,YNL163C,0,-2.582752,0.129898801445961,0.7059999704360962,0.47290000319480896
YCL055W,YOR252W,0,-2.5828447,0.12987491488456726,0.7059999704360962,0.4729999899864197
YDR477W,YEL063C,0,-2.582863,0.12985101342201233,0.7059999704360962,0.4731000065803528
YCL008C,YBL024W,0,-2.5829222,0.12982714176177979,0.7059999704360962,0.4731999933719635
YPR151C,YOL091W,0,-2.5830395,0.12980327010154724,0.7059999704360962,0.4733000099658966
YHR051W,YML116W,0,-2.5831382,0.1297794133424759,0.7059999704360962,0.4733999967575073
YGL097W,YLR194C,0,-2.5832286,0.12975555658340454,0.7059999704360962,0.47350001335144043
YJL112W,YNL329C,0,-2.5833466,0.12973171472549438,0.7059999704360962,0.47360000014305115
YOL058W,YJL099W,0,-2.5835402,0.12970788776874542,0.7059999704360962,0.47369998693466187
YDL130W,YGR122W,0,-2.583616,0.12968406081199646,0.7059999704360962,0.47380000352859497
YFL013C,YER145C,0,-2.5837443,0.1296602338552475,0.7059999704360962,0.4738999903202057
YLR224W,YBR294W,0,-2.5837772,0.12963643670082092,0.7059999704360962,0.4740000069141388
YDR227W,YLR067C,0,-2.5840695,0.12961262464523315,0.7059999704360962,0.4740999937057495
YIL156W,YMR095C,0,-2.5843756,0.12958884239196777,0.7059999704360962,0.4742000102996826
YNL128W,YMR042W,0,-2.584409,0.1295650601387024,0.7059999704360962,0.47429999709129333
YBR092C,YKL077W,0,-2.584699,0.129541277885437,0.7059999704360962,0.47440001368522644
YDR479C,YCR028C,0,-2.584997,0.12951752543449402,0.7059999704360962,0.47450000047683716
YJL056C,YOR328W,0,-2.5851192,0.12949375808238983,0.7059999704360962,0.4745999872684479
YDR181C,YMR277W,0,-2.5851336,0.12947002053260803,0.7059999704360962,0.474700003862381
YHR171W,YER106W,0,-2.5852928,0.12944628298282623,0.7059999704360962,0.4747999906539917
YDR219C,YNL312W,0,-2.5856216,0.12942254543304443,0.7059999704360962,0.4749000072479248
YGL029W,YNL003C,0,-2.5856552,0.12939882278442383,0.7059999704360962,0.4749999940395355
YMR156C,YMR106C,0,-2.5858505,0.12937511503696442,0.7059999704360962,0.47510001063346863
YEL030W,YPL178W,0,-2.5863087,0.129351407289505,0.7059999704360962,0.47519999742507935
YOR327C,YCL017C,0,-2.5867367,0.1293277144432068,0.7059999704360962,0.47530001401901245
YKR083C,YAL015C,0,-2.58686,0.12930403649806976,0.7059999704360962,0.47540000081062317
YJL008C,YKR101W,0,-2.586881,0.12928035855293274,0.7059999704360962,0.4754999876022339
YDL111C,YHR138C,0,-2.586987,0.12925668060779572,0.7059999704360962,0.475600004196167
YPR025C,YGR159C,0,-2.5872805,0.12923301756381989,0.7059999704360962,0.4756999909877777
YDL031W,YIL144W,0,-2.5875502,0.12920936942100525,0.7059999704360962,0.4758000075817108
YOR065W,YDR212W,0,-2.5876553,0.1291857212781906,0.7059999704360962,0.47589999437332153
YER081W,YGR092W,0,-2.5877361,0.12916208803653717,0.7059999704360962,0.47600001096725464
YER011W,YNL268W,0,-2.5877488,0.12913846969604492,0.7059999704360962,0.47609999775886536
YJR004C,YPR018W,0,-2.588096,0.12911485135555267,0.7059999704360962,0.47620001435279846
YNL197C,YIL096C,0,-2.5881274,0.12909124791622162,0.7059999704360962,0.4763000011444092
YPR019W,YOR179C,0,-2.5881565,0.12906764447689056,0.7059999704360962,0.4763999879360199
YMR175W,YIR005W,0,-2.5884573,0.1290440559387207,0.7059999704360962,0.476500004529953
YPL092W,YDR218C,0,-2.5885003,0.12902046740055084,0.7059999704360962,0.4765999913215637
YOR007C,YIL049W,0,-2.5885274,0.12899689376354218,0.7059999704360962,0.4767000079154968
YKL067W,YBR009C,0,-2.5886416,0.1289733350276947,0.7059999704360962,0.47679999470710754
YBL085W,YER070W,0,-2.588672,0.12894977629184723,0.7059999704360962,0.47690001130104065
YOL038W,YHR038W,0,-2.5887845,0.12892621755599976,0.7059999704360962,0.47699999809265137
YHL004W,YLR095C,0,-2.5888047,0.12890268862247467,0.7059999704360962,0.4771000146865845
YGL247W,YLR320W,0,-2.588842,0.12887915968894958,0.7059999704360962,0.4772000014781952
YJR049C,YML009C,0,-2.5888772,0.1288556307554245,0.7059999704360962,0.4772999882698059
YJR055W,YBR088C,0,-2.5889637,0.1288321167230606,0.7059999704360962,0.477400004863739
YJL156C,YDR298C,0,-2.588969,0.1288086175918579,0.7059999704360962,0.47749999165534973
YLR372W,YPL200W,1,-2.5890157,0.1289675235748291,0.7070000171661377,0.47749999165534973
YPR072W,YOL104C,0,-2.5890267,0.1289440095424652,0.7070000171661377,0.47760000824928284
YKL003C,YBR158W,0,-2.5892918,0.12892049551010132,0.7070000171661377,0.47769999504089355
YOR334W,YCL039W,0,-2.5893095,0.12889699637889862,0.7070000171661377,0.47780001163482666
YGL162W,YBL026W,0,-2.589411,0.12887349724769592,0.7070000171661377,0.4778999984264374
YKL101W,YKL049C,0,-2.5894682,0.12885001301765442,0.7070000171661377,0.4779999852180481
YLR151C,YHR076W,0,-2.5895114,0.12882652878761292,0.7070000171661377,0.4781000018119812
YPR083W,YHR143W,0,-2.5896046,0.1288030594587326,0.7070000171661377,0.4781999886035919
YHR172W,YOL104C,0,-2.5896137,0.1287796050310135,0.7070000171661377,0.478300005197525
YIL049W,YMR250W,0,-2.589669,0.12875615060329437,0.7070000171661377,0.47839999198913574
YER072W,YEL056W,0,-2.5897255,0.12873269617557526,0.7070000171661377,0.47850000858306885
YBR153W,YER068W,0,-2.589822,0.12870927155017853,0.7070000171661377,0.47859999537467957
YBR272C,YOL116W,0,-2.5904539,0.1286858320236206,0.7070000171661377,0.47870001196861267
YDR046C,YER022W,0,-2.590544,0.12866242229938507,0.7070000171661377,0.4787999987602234
YGL219C,YBR084C-A,0,-2.5907214,0.12863901257514954,0.7070000171661377,0.4788999855518341
YPR176C,YAL044C,0,-2.5911338,0.128615602850914,0.7070000171661377,0.4790000021457672
YPR171W,YLL009C,0,-2.5911832,0.12859220802783966,0.7070000171661377,0.47909998893737793
YER190W,YKR009C,0,-2.5912673,0.1285688281059265,0.7070000171661377,0.47920000553131104
YPL131W,YML131W,0,-2.591379,0.12854544818401337,0.7070000171661377,0.47929999232292175
YPL236C,YOL145C,0,-2.5914402,0.1285220831632614,0.7070000171661377,0.47940000891685486
YHR005C,YBR296C,0,-2.5914607,0.12849873304367065,0.7070000171661377,0.4794999957084656
YKL093W,YPR078C,0,-2.591523,0.1284753829240799,0.7070000171661377,0.4796000123023987
YNL233W,YLL010C,0,-2.5916412,0.12845203280448914,0.7070000171661377,0.4796999990940094
YAL053W,YOR075W,1,-2.5917895,0.12861035764217377,0.7080000042915344,0.4796999990940094
YER102W,YOR156C,0,-2.5918133,0.12858699262142181,0.7080000042915344,0.4797999858856201
YCR060W,YPR032W,0,-2.5920212,0.12856364250183105,0.7080000042915344,0.4799000024795532
YGL076C,YDL022W,0,-2.592168,0.1285403072834015,0.7080000042915344,0.47999998927116394
YMR114C,YDR005C,0,-2.5923312,0.12851697206497192,0.7080000042915344,0.48010000586509705
YHR001W,YIL096C,0,-2.5924847,0.12849365174770355,0.7080000042915344,0.48019999265670776
YDR036C,YMR237W,0,-2.592677,0.12847033143043518,0.7080000042915344,0.48030000925064087
YKL025C,YOR167C,0,-2.5931442,0.128447026014328,0.7080000042915344,0.4803999960422516
YPL203W,YKL209C,0,-2.5932276,0.12842372059822083,0.7080000042915344,0.4805000126361847
YPR041W,YML061C,0,-2.59325,0.12840043008327484,0.7080000042915344,0.4805999994277954
YJL197W,YHR068W,0,-2.5935183,0.12837715446949005,0.7080000042915344,0.48069998621940613
YKL068W,YPL244C,0,-2.5935867,0.12835387885570526,0.7080000042915344,0.48080000281333923
YDR074W,YGL172W,0,-2.5937505,0.12833061814308167,0.7080000042915344,0.48089998960494995
YJL063C,YDL074C,0,-2.593788,0.12830735743045807,0.7080000042915344,0.48100000619888306
YBR241C,YMR109W,0,-2.5940983,0.12828411161899567,0.7080000042915344,0.4810999929904938
YMR025W,YOR046C,0,-2.5941768,0.12826086580753326,0.7080000042915344,0.4812000095844269
YGR006W,YLR033W,0,-2.594316,0.12823763489723206,0.7080000042915344,0.4812999963760376
YDL201W,YJR001W,0,-2.5943673,0.12821441888809204,0.7080000042915344,0.4814000129699707
YML062C,YER048W-A,0,-2.594568,0.12819120287895203,0.7080000042915344,0.4814999997615814
YEL051W,YPL047W,0,-2.5946634,0.128167986869812,0.7080000042915344,0.48159998655319214
YDR273W,YOR087W,0,-2.5947149,0.12814480066299438,0.7080000042915344,0.48170000314712524
YHR196W,YKL088W,0,-2.5950325,0.12812159955501556,0.7080000042915344,0.48179998993873596
YMR061W,YGL229C,0,-2.595153,0.12809842824935913,0.7080000042915344,0.48190000653266907
YPL021W,YML080W,0,-2.5951831,0.1280752569437027,0.7080000042915344,0.4819999933242798
YBL076C,YGR180C,0,-2.5953128,0.12805208563804626,0.7080000042915344,0.4821000099182129
YLR397C,YPL013C,0,-2.595374,0.12802892923355103,0.7080000042915344,0.4821999967098236
YBR060C,YER155C,0,-2.5953882,0.12800578773021698,0.7080000042915344,0.4823000133037567
YLL022C,YLR227C,0,-2.5954025,0.12798264622688293,0.7080000042915344,0.48240000009536743
YOR123C,YJL061W,0,-2.5954163,0.12795951962471008,0.7080000042915344,0.48249998688697815
YFL017W-A,YBR084W,0,-2.595541,0.12793639302253723,0.7080000042915344,0.48260000348091125
YNR023W,YKL193C,0,-2.595546,0.12791328132152557,0.7080000042915344,0.482699990272522
YLR287C-A,YKL160W,0,-2.5955718,0.12789016962051392,0.7080000042915344,0.4828000068664551
YLR033W,YKL178C,0,-2.59561,0.12786707282066345,0.7080000042915344,0.4828999936580658
YOL133W,YDR316W,0,-2.5957296,0.12784399092197418,0.7080000042915344,0.4830000102519989
YMR086W,YDR135C,0,-2.595751,0.1278209090232849,0.7080000042915344,0.4830999970436096
YOL043C,YKL113C,0,-2.5958178,0.12779782712459564,0.7080000042915344,0.4832000136375427
YDL138W,YMR143W,0,-2.596021,0.12777477502822876,0.7080000042915344,0.48330000042915344
YOR087W,YMR193W,0,-2.5960677,0.12775170803070068,0.7080000042915344,0.48339998722076416
YLR333C,YLR410W,0,-2.59612,0.127728670835495,0.7080000042915344,0.48350000381469727
YJR077C,YKL084W,0,-2.5962284,0.1277056336402893,0.7080000042915344,0.483599990606308
YJR151C,YDR522C,0,-2.5963247,0.12768259644508362,0.7080000042915344,0.4837000072002411
YGR052W,YPL029W,0,-2.5966337,0.12765957415103912,0.7080000042915344,0.4837999939918518
YDL100C,YNL194C,1,-2.596732,0.127816841006279,0.7089999914169312,0.4837999939918518
YJL156C,YJL164C,0,-2.5967417,0.1277938038110733,0.7089999914169312,0.4839000105857849
YDR457W,YNL175C,0,-2.5971444,0.12777076661586761,0.7089999914169312,0.48399999737739563
YPL057C,YFL017W-A,0,-2.597159,0.12774774432182312,0.7089999914169312,0.48410001397132874
YNR039C,YCL043C,1,-2.5973456,0.12790487706661224,0.7099999785423279,0.48410001397132874
YPR200C,YDL245C,0,-2.5976517,0.12788183987140656,0.7099999785423279,0.48420000076293945
YGR296W,YNL294C,0,-2.5977378,0.12785881757736206,0.7099999785423279,0.48429998755455017
YER027C,YBR084W,0,-2.5978997,0.12783579528331757,0.7099999785423279,0.4844000041484833
YEL037C,YLR411W,0,-2.5979187,0.12781278789043427,0.7099999785423279,0.484499990940094
YDL184C,YBL069W,0,-2.5980067,0.12778978049755096,0.7099999785423279,0.4846000075340271
YLR011W,YOR117W,0,-2.5983593,0.12776678800582886,0.7099999785423279,0.4846999943256378
YGL029W,YDL226C,0,-2.598389,0.12774379551410675,0.7099999785423279,0.4848000109195709
YNL297C,YJL024C,0,-2.5985703,0.12772081792354584,0.7099999785423279,0.48489999771118164
YKR061W,YER051W,0,-2.59861,0.12769784033298492,0.7099999785423279,0.48500001430511475
YGR254W,YDR478W,0,-2.5986972,0.1276748776435852,0.7099999785423279,0.48510000109672546
YGR224W,YPR189W,0,-2.5987017,0.12765192985534668,0.7099999785423279,0.4851999878883362
YDR121W,YNL059C,0,-2.598844,0.12762898206710815,0.7099999785423279,0.4853000044822693
YJL158C,YKR053C,1,-2.5988472,0.12778577208518982,0.7110000252723694,0.4853000044822693
YKL149C,YLR067C,0,-2.599055,0.1277628093957901,0.7110000252723694,0.48539999127388
YBR193C,YPR201W,0,-2.599477,0.12773984670639038,0.7110000252723694,0.4855000078678131
YPL276W,YOR159C,0,-2.5999422,0.12771689891815186,0.7110000252723694,0.48559999465942383
YDR091C,YJL047C,0,-2.5999444,0.12769396603107452,0.7110000252723694,0.48570001125335693
YDR126W,YGR106C,0,-2.600239,0.1276710331439972,0.7110000252723694,0.48579999804496765
YDR367W,YDL201W,0,-2.6004748,0.12764811515808105,0.7110000252723694,0.48590001463890076
YLR244C,YML073C,0,-2.600555,0.12762519717216492,0.7110000252723694,0.4860000014305115
YPL195W,YJR032W,0,-2.6005752,0.12760229408740997,0.7110000252723694,0.4860999882221222
YPL281C,YIL048W,0,-2.6005805,0.12757940590381622,0.7110000252723694,0.4862000048160553
YBR212W,YNR061C,0,-2.6007023,0.12755651772022247,0.7110000252723694,0.486299991607666
YLR105C,YBR276C,0,-2.6007123,0.12753362953662872,0.7110000252723694,0.4864000082015991
YIL042C,YGL023C,0,-2.6009605,0.12751075625419617,0.7110000252723694,0.48649999499320984
YFR019W,YPR184W,0,-2.6011858,0.1274878978729248,0.7110000252723694,0.48660001158714294
YKL201C,YGR138C,0,-2.601323,0.12746503949165344,0.7110000252723694,0.48669999837875366
YJL061W,YLR051C,0,-2.601449,0.12744219601154327,0.7110000252723694,0.4867999851703644
YHR171W,YDR263C,0,-2.6015787,0.1274193525314331,0.7110000252723694,0.4869000017642975
YDL225W,YOR388C,0,-2.6018028,0.12739652395248413,0.7110000252723694,0.4869999885559082
YDR487C,YLL003W,0,-2.6019087,0.12737369537353516,0.7110000252723694,0.4871000051498413
YHR015W,YGR225W,0,-2.6019502,0.12735088169574738,0.7110000252723694,0.487199991941452
YGL162W,YGL111W,0,-2.6021936,0.1273280829191208,0.7110000252723694,0.48730000853538513
YKL087C,YOR123C,0,-2.6022236,0.1273052841424942,0.7110000252723694,0.48739999532699585
YOL158C,YPL167C,0,-2.6022468,0.12728248536586761,0.7110000252723694,0.48750001192092896
YOR070C,YEL047C,0,-2.602521,0.12725971639156342,0.7110000252723694,0.4875999987125397
YKR072C,YHL004W,0,-2.6025612,0.12723693251609802,0.7110000252723694,0.4876999855041504
YOR078W,YJL118W,0,-2.6026123,0.12721416354179382,0.7110000252723694,0.4878000020980835
YHR056C,YLR059C,0,-2.6026251,0.12719140946865082,0.7110000252723694,0.4878999888896942
YIL004C,YER019C-A,1,-2.60284,0.12734752893447876,0.7120000123977661,0.4878999888896942
YPL134C,YLR105C,0,-2.602842,0.12732474505901337,0.7120000123977661,0.4880000054836273
YJL026W,YGR218W,0,-2.6031024,0.12730199098587036,0.7120000123977661,0.48809999227523804
YGL222C,YNL137C,0,-2.6032608,0.12727922201156616,0.7120000123977661,0.48820000886917114
YPR156C,YKL144C,0,-2.6033409,0.12725648283958435,0.7120000123977661,0.48829999566078186
YDR522C,YJR046W,0,-2.6033795,0.12723374366760254,0.7120000123977661,0.48840001225471497
YJR054W,YPR009W,0,-2.6035147,0.12721100449562073,0.7120000123977661,0.4884999990463257
YMR217W,YDL035C,0,-2.6038,0.1271882802248001,0.7120000123977661,0.4885999858379364
YBL099W,YDL222C,0,-2.6039295,0.12716557085514069,0.7120000123977661,0.4887000024318695
YOL039W,YPL154C,0,-2.6040132,0.12714286148548126,0.7120000123977661,0.4887999892234802
YLR032W,YDR477W,0,-2.6040583,0.12712015211582184,0.7120000123977661,0.48890000581741333
YDL181W,YDR076W,0,-2.6043499,0.1270974725484848,0.7120000123977661,0.48899999260902405
YKL217W,YDR356W,0,-2.6044047,0.12707477807998657,0.7120000123977661,0.48910000920295715
YER008C,YMR153W,0,-2.6044512,0.12705209851264954,0.7120000123977661,0.48919999599456787
YDR306C,YMR002W,0,-2.604491,0.1270294338464737,0.7120000123977661,0.489300012588501
YKL164C,YPL001W,0,-2.6047103,0.12700678408145905,0.7120000123977661,0.4893999993801117
YHR077C,YDR466W,0,-2.6047232,0.1269841343164444,0.7120000123977661,0.4894999861717224
YJR004C,YKL089W,0,-2.604781,0.12696148455142975,0.7120000123977661,0.4896000027656555
YLR132C,YML113W,0,-2.6049058,0.1269388496875763,0.7120000123977661,0.48969998955726624
YJR013W,YAL028W,1,-2.6052153,0.12709447741508484,0.7129999995231628,0.48969998955726624
YHR091C,YIL093C,0,-2.605593,0.1270718276500702,0.7129999995231628,0.48980000615119934
YKR086W,YKL088W,0,-2.60561,0.12704917788505554,0.7129999995231628,0.48989999294281006
YPL021W,YKL057C,0,-2.605698,0.1270265430212021,0.7129999995231628,0.49000000953674316
YDL148C,YMR215W,0,-2.6057346,0.12700392305850983,0.7129999995231628,0.4900999963283539
YDR499W,YCR037C,0,-2.6057854,0.12698130309581757,0.7129999995231628,0.490200012922287
YBR156C,YML076C,0,-2.6058667,0.1269586831331253,0.7129999995231628,0.4902999997138977
YOR177C,YDR345C,0,-2.6058738,0.12693609297275543,0.7129999995231628,0.4903999865055084
YAR002C-A,YJR048W,0,-2.6059039,0.12691348791122437,0.7129999995231628,0.49050000309944153
YOR176W,YLR029C,0,-2.6061623,0.12689091265201569,0.7129999995231628,0.49059998989105225
YNL256W,YMR002W,0,-2.6064165,0.1268683224916458,0.7129999995231628,0.49070000648498535
YDR153C,YBR233W-A,0,-2.6065342,0.12684576213359833,0.7129999995231628,0.49079999327659607
YKL144C,YNL281W,0,-2.6067717,0.12682320177555084,0.7129999995231628,0.4909000098705292
YJL127C,YBR042C,0,-2.606873,0.12680064141750336,0.7129999995231628,0.4909999966621399
YNL094W,YDR404C,0,-2.6069162,0.12677809596061707,0.7129999995231628,0.491100013256073
YER027C,YGR024C,0,-2.6069272,0.12675555050373077,0.7129999995231628,0.4912000000476837
YJL197W,YOR272W,0,-2.607109,0.12673301994800568,0.7129999995231628,0.49129998683929443
YPL202C,YJL187C,0,-2.6071396,0.12671050429344177,0.7129999995231628,0.49140000343322754
YNL317W,YIL109C,0,-2.6077054,0.12668798863887787,0.7129999995231628,0.49149999022483826
YMR184W,YKL135C,0,-2.6077135,0.12666548788547516,0.7129999995231628,0.49160000681877136
YGL241W,YLR193C,0,-2.607774,0.12664298713207245,0.7129999995231628,0.4916999936103821
YHR172W,YNL197C,0,-2.607785,0.12662048637866974,0.7129999995231628,0.4918000102043152
YPR101W,YML107C,0,-2.6078193,0.12659801542758942,0.7129999995231628,0.4918999969959259
YOL154W,YPL069C,0,-2.6080549,0.1265755295753479,0.7129999995231628,0.492000013589859
YMR170C,YPL121C,0,-2.6081958,0.12655307352542877,0.7129999995231628,0.4921000003814697
YOR181W,YGR092W,0,-2.6082523,0.12653061747550964,0.7129999995231628,0.49219998717308044
YOR381W,YGL253W,0,-2.6083596,0.12650816142559052,0.7129999995231628,0.49230000376701355
YNR052C,YMR047C,0,-2.6084745,0.12648572027683258,0.7129999995231628,0.49239999055862427
YNL259C,YJR042W,0,-2.6085644,0.12646327912807465,0.7129999995231628,0.4925000071525574
YHR114W,YNL242W,0,-2.6086328,0.1264408528804779,0.7129999995231628,0.4925999939441681
YBR118W,YBR085W,0,-2.6086383,0.12641844153404236,0.7129999995231628,0.4927000105381012
YGR255C,YGR276C,0,-2.6087968,0.1263960301876068,0.7129999995231628,0.4927999973297119
YBR171W,YIL030C,1,-2.6089444,0.12655086815357208,0.7139999866485596,0.4927999973297119
YIL142W,YKL013C,0,-2.60898,0.12652844190597534,0.7139999866485596,0.492900013923645
YML097C,YLL056C,0,-2.6092432,0.1265060305595398,0.7139999866485596,0.49300000071525574
YIL011W,YPL001W,0,-2.6092994,0.12648361921310425,0.7139999866485596,0.49309998750686646
YPL050C,YDR007W,0,-2.609381,0.1264612078666687,0.7139999866485596,0.49320000410079956
YLL062C,YLR034C,0,-2.6097467,0.12643881142139435,0.7139999866485596,0.4932999908924103
YDR171W,YMR156C,0,-2.6098678,0.1264164298772812,0.7139999866485596,0.4934000074863434
YPR187W,YOR026W,0,-2.6100118,0.12639404833316803,0.7139999866485596,0.4934999942779541
YNL329C,YHR161C,0,-2.6102445,0.12637168169021606,0.7139999866485596,0.4936000108718872
YOR034C,YDR386W,0,-2.6103075,0.1263493150472641,0.7139999866485596,0.4936999976634979
YGL133W,YMR163C,0,-2.6103342,0.12632696330547333,0.7139999866485596,0.49380001425743103
YGL116W,YDR141C,0,-2.6104114,0.12630461156368256,0.7139999866485596,0.49390000104904175
YLR095C,YLR300W,0,-2.6107576,0.12628227472305298,0.7139999866485596,0.49399998784065247
YGR179C,YDR453C,0,-2.6107898,0.1262599527835846,0.7139999866485596,0.49410000443458557
YLR344W,YDR400W,0,-2.6110404,0.1262376308441162,0.7139999866485596,0.4941999912261963
YKL168C,YLR055C,0,-2.6111407,0.12621530890464783,0.7139999866485596,0.4943000078201294
YER041W,YLR015W,0,-2.611152,0.12619300186634064,0.7139999866485596,0.4943999946117401
YNL312W,YLL008W,0,-2.6112409,0.12617069482803345,0.7139999866485596,0.4945000112056732
YGR223C,YDL226C,0,-2.611267,0.12614840269088745,0.7139999866485596,0.49459999799728394
YHR206W,YML069W,0,-2.6115594,0.12612612545490265,0.7139999866485596,0.49470001459121704
YPR095C,YPL116W,0,-2.6116455,0.12610384821891785,0.7139999866485596,0.49480000138282776
YIL035C,YBR281C,0,-2.611658,0.12608158588409424,0.7139999866485596,0.4948999881744385
YMR030W,YEL034W,0,-2.6116736,0.12605932354927063,0.7139999866485596,0.4950000047683716
YNL286W,YLR027C,0,-2.6117773,0.12603707611560822,0.7139999866485596,0.4950999915599823
YPL016W,YOR357C,0,-2.6118033,0.1260148286819458,0.7139999866485596,0.4952000081539154
YKR035W-A,YIL122W,0,-2.6121798,0.1259925812482834,0.7139999866485596,0.4952999949455261
YCR105W,YBR123C,0,-2.6122167,0.12597036361694336,0.7139999866485596,0.49540001153945923
YCL025C,YEL011W,0,-2.6125343,0.12594814598560333,0.7139999866485596,0.49549999833106995
YMR160W,YGR171C,0,-2.6126251,0.1259259283542633,0.7139999866485596,0.49559998512268066
YOL070C,YOR180C,0,-2.6126292,0.12590372562408447,0.7139999866485596,0.49570000171661377
YEL062W,YJR108W,0,-2.6129472,0.12588152289390564,0.7139999866485596,0.4957999885082245
YHL047C,YBL058W,0,-2.6131818,0.125859335064888,0.7139999866485596,0.4959000051021576
YOR290C,YFR040W,0,-2.6132123,0.12583714723587036,0.7139999866485596,0.4959999918937683
YDR180W,YBR165W,0,-2.6132188,0.12581497430801392,0.7139999866485596,0.4961000084877014
YBR251W,YIL017C,0,-2.613463,0.12579281628131866,0.7139999866485596,0.49619999527931213
YPL249C,YML061C,0,-2.6134884,0.1257706582546234,0.7139999866485596,0.49630001187324524
YLR015W,YML091C,0,-2.613551,0.12574850022792816,0.7139999866485596,0.49639999866485596
YOR174W,YHR031C,0,-2.613805,0.1257263571023941,0.7139999866485596,0.4964999854564667
YBR274W,YDL083C,0,-2.613826,0.12570422887802124,0.7139999866485596,0.4966000020503998
YNL106C,YLR330W,0,-2.6142437,0.12568210065364838,0.7139999866485596,0.4966999888420105
YKR001C,YNR027W,0,-2.6144168,0.1256599724292755,0.7139999866485596,0.4968000054359436
YMR204C,YPR100W,0,-2.614854,0.12563787400722504,0.7139999866485596,0.4968999922275543
YKR014C,YBL015W,0,-2.6149366,0.12561576068401337,0.7139999866485596,0.4970000088214874
YLR353W,YGL018C,0,-2.6150162,0.1255936622619629,0.7139999866485596,0.49709999561309814
YPL095C,YHL035C,0,-2.6150324,0.1255715787410736,0.7139999866485596,0.49720001220703125
YOR094W,YNL242W,0,-2.6150863,0.12554949522018433,0.7139999866485596,0.49729999899864197
YBL006C,YLR421C,0,-2.6155531,0.12552742660045624,0.7139999866485596,0.4973999857902527
YHR211W,YPL020C,0,-2.6156967,0.12550535798072815,0.7139999866485596,0.4975000023841858
YPL057C,YJR141W,0,-2.6158,0.12548330426216125,0.7139999866485596,0.4975999891757965
YGR271W,YKR099W,0,-2.6162055,0.12546125054359436,0.7139999866485596,0.4977000057697296
YAL034W-A,YBL060W,0,-2.6162975,0.12543921172618866,0.7139999866485596,0.49779999256134033
YOR191W,YNL042W,0,-2.6163592,0.12541717290878296,0.7139999866485596,0.49790000915527344
YLL036C,YPL271W,0,-2.6166434,0.12539514899253845,0.7139999866485596,0.49799999594688416
YLR006C,YNL084C,0,-2.6166553,0.12537313997745514,0.7139999866485596,0.49810001254081726
YKL165C,YDL122W,1,-2.6169055,0.12552668154239655,0.7149999737739563,0.49810001254081726
YIR002C,YKL127W,0,-2.6170497,0.12550465762615204,0.7149999737739563,0.498199999332428
YEL003W,YIL120W,0,-2.617113,0.12548261880874634,0.7149999737739563,0.4982999861240387
YGR007W,YOR001W,0,-2.6172059,0.12546060979366302,0.7149999737739563,0.4984000027179718
YIL004C,YLR064W,1,-2.6173244,0.12561403214931488,0.7160000205039978,0.4984000027179718
YGL031C,YLR189C,0,-2.6173465,0.12559200823307037,0.7160000205039978,0.4984999895095825
YBR121C,YCR018C,0,-2.617409,0.12556996941566467,0.7160000205039978,0.4986000061035156
YPL026C,YIL120W,0,-2.6176858,0.12554796040058136,0.7160000205039978,0.49869999289512634
YJL078C,YGL232W,0,-2.6177151,0.12552595138549805,0.7160000205039978,0.49880000948905945
YNL093W,YJR147W,0,-2.6177673,0.12550394237041473,0.7160000205039978,0.49889999628067017
YGR030C,YOR383C,0,-2.6179898,0.12548194825649261,0.7160000205039978,0.49900001287460327
YPL059W,YOL109W,0,-2.6180346,0.1254599541425705,0.7160000205039978,0.499099999666214
YNR049C,YPR168W,0,-2.618039,0.12543797492980957,0.7160000205039978,0.4991999864578247
YJL145W,YDR055W,0,-2.6183345,0.12541601061820984,0.7160000205039978,0.4993000030517578
YLR155C,YER019C-A,1,-2.6183856,0.1255691796541214,0.7170000076293945,0.4993000030517578
YJL074C,YAL029C,0,-2.6183996,0.12554718554019928,0.7170000076293945,0.49939998984336853
YLL056C,YGL037C,0,-2.6187673,0.12552520632743835,0.7170000076293945,0.49950000643730164
YKL112W,YJL003W,0,-2.6188467,0.12550324201583862,0.7170000076293945,0.49959999322891235
YGR287C,YGR246C,0,-2.6190066,0.1254812777042389,0.7170000076293945,0.49970000982284546
YML091C,YLR347C,0,-2.6195254,0.12545931339263916,0.7170000076293945,0.4997999966144562
YOL066C,YLL016W,0,-2.6195595,0.12543736398220062,0.7170000076293945,0.4999000132083893
YDR414C,YGL185C,0,-2.6196249,0.12541542947292328,0.7170000076293945,0.5
YBR241C,YIL125W,0,-2.6198857,0.12539349496364594,0.7170000076293945,0.5001000165939331
YIR002C,YNL153C,0,-2.6199152,0.12537157535552979,0.7170000076293945,0.5001999735832214
YGR262C,YLR438C-A,0,-2.6202443,0.12534965574741364,0.7170000076293945,0.5002999901771545
YHR031C,YLR166C,0,-2.620383,0.12532773613929749,0.7170000076293945,0.5004000067710876
YIL101C,YLR447C,0,-2.620412,0.12530583143234253,0.7170000076293945,0.5005000233650208
YOR123C,YDR162C,0,-2.620499,0.12528394162654877,0.7170000076293945,0.5005999803543091
YER177W,YKR087C,0,-2.6206915,0.125262051820755,0.7170000076293945,0.5006999969482422
YGL070C,YHR146W,0,-2.6207788,0.12524017691612244,0.7170000076293945,0.5008000135421753
YDR389W,YOL145C,0,-2.6208863,0.12521830201148987,0.7170000076293945,0.5008999705314636
YGL116W,YKL086W,0,-2.620919,0.1251964420080185,0.7170000076293945,0.5009999871253967
YPL121C,YDL113C,0,-2.621074,0.12517458200454712,0.7170000076293945,0.5011000037193298
YPR025C,YBR093C,0,-2.621092,0.12515273690223694,0.7170000076293945,0.5012000203132629
YPR025C,YNR027W,0,-2.6211102,0.12513089179992676,0.7170000076293945,0.5012999773025513
YMR004W,YOR284W,0,-2.6211588,0.12510906159877777,0.7170000076293945,0.5013999938964844
YPL031C,YOL066C,0,-2.621511,0.12508723139762878,0.7170000076293945,0.5015000104904175
YDR130C,YCR083W,0,-2.6216083,0.125065416097641,0.7170000076293945,0.5016000270843506
YJR153W,YNR015W,0,-2.621863,0.1250436007976532,0.7170000076293945,0.5016999840736389
YOR028C,YLR347C,0,-2.6218717,0.1250218003988266,0.7170000076293945,0.501800000667572
YNL052W,YER147C,0,-2.6218913,0.125,0.7170000076293945,0.5019000172615051
YDR412W,YDR039C,0,-2.622177,0.1249782145023346,0.7170000076293945,0.5019999742507935
YBR106W,YLR244C,0,-2.6222255,0.12495642900466919,0.7170000076293945,0.5020999908447266
YER049W,YCL075W,0,-2.6222565,0.12493465840816498,0.7170000076293945,0.5022000074386597
YDR078C,YIL084C,0,-2.6224186,0.12491289526224136,0.7170000076293945,0.5023000240325928
YJL065C,YDL085W,0,-2.6225135,0.12489113211631775,0.7170000076293945,0.5023999810218811
YBL058W,YBR041W,0,-2.6225696,0.12486938387155533,0.7170000076293945,0.5024999976158142
YCR026C,YGL203C,0,-2.6226685,0.1248476430773735,0.7170000076293945,0.5026000142097473
YKR067W,YGL231C,1,-2.6226714,0.125,0.7179999947547913,0.5026000142097473
YDL012C,YDL024C,0,-2.6227791,0.12497824430465698,0.7179999947547913,0.5026999711990356
YJR156C,YJL042W,0,-2.6228683,0.12495648860931396,0.7179999947547913,0.5027999877929688
YEL017C-A,YHR161C,0,-2.622875,0.12493474781513214,0.7179999947547913,0.5029000043869019
YPL276W,YDL013W,0,-2.6229086,0.12491301447153091,0.7179999947547913,0.503000020980835
YPL074W,YDR496C,0,-2.6230047,0.12489128857851028,0.7179999947547913,0.5030999779701233
YNL310C,YCR052W,0,-2.6231477,0.12486956268548965,0.7179999947547913,0.5031999945640564
YML046W,YOR019W,0,-2.6232305,0.12484785169363022,0.7179999947547913,0.5033000111579895
YGL206C,YBR282W,0,-2.6232417,0.12482614815235138,0.7179999947547913,0.5034000277519226
YGL010W,YIL023C,1,-2.6233082,0.12497827410697937,0.718999981880188,0.5034000277519226
YMR146C,YGL094C,0,-2.623316,0.12495655566453934,0.718999981880188,0.5034999847412109
YIL070C,YNL239W,0,-2.6234274,0.1249348372220993,0.718999981880188,0.503600001335144
YBR156C,YMR212C,0,-2.6234553,0.12491313368082047,0.718999981880188,0.5037000179290771
YMR040W,YGR288W,0,-2.6235337,0.12489143759012222,0.718999981880188,0.5037999749183655
YOR094W,YGL070C,0,-2.6236067,0.12486974895000458,0.718999981880188,0.5038999915122986
YEL032W,YJR144W,0,-2.6236897,0.12484806030988693,0.718999981880188,0.5040000081062317
YNL323W,YBR070C,1,-2.6237495,0.125,0.7200000286102295,0.5040000081062317
YKR036C,YKL101W,0,-2.6237752,0.12497830390930176,0.7200000286102295,0.5041000247001648
YDR375C,YMR109W,0,-2.623792,0.12495661526918411,0.7200000286102295,0.5041999816894531
YOR357C,YDR531W,0,-2.6238632,0.12493492662906647,0.7200000286102295,0.5042999982833862
YJL013C,YPL126W,0,-2.6240995,0.12491325289011002,0.7200000286102295,0.5044000148773193
YDL056W,YLR141W,0,-2.6242738,0.12489158660173416,0.7200000286102295,0.5044999718666077
YDR410C,YER083C,1,-2.6245248,0.1250433623790741,0.7210000157356262,0.5044999718666077
YPL122C,YOL042W,0,-2.6245697,0.12502168118953705,0.7210000157356262,0.5045999884605408
YLR164W,YPR120C,0,-2.6246762,0.125,0.7210000157356262,0.5047000050544739
YBR299W,YNL101W,0,-2.6246917,0.12497833371162415,0.7210000157356262,0.504800021648407
YDR178W,YMR172W,0,-2.6248395,0.12495667487382889,0.7210000157356262,0.5048999786376953
YJR009C,YOL128C,0,-2.6250255,0.12493502348661423,0.7210000157356262,0.5049999952316284
YHR190W,YHR027C,1,-2.6251569,0.12508662045001984,0.722000002861023,0.5049999952316284
YDL214C,YDR173C,0,-2.6251824,0.12506495416164398,0.722000002861023,0.5051000118255615
YLR004C,YPR149W,1,-2.6252549,0.12521648406982422,0.7229999899864197,0.5051000118255615
YNR049C,YJL170C,0,-2.6257136,0.12519480288028717,0.7229999899864197,0.5052000284194946
YOR287C,YFL044C,0,-2.6258376,0.12517313659191132,0.7229999899864197,0.505299985408783
YDR492W,YKL119C,1,-2.6258428,0.1253245621919632,0.7239999771118164,0.505299985408783
YNL207W,YLR272C,0,-2.6259167,0.12530286610126495,0.7239999771118164,0.5054000020027161
YBL060W,YLR141W,0,-2.6259344,0.1252811849117279,0.7239999771118164,0.5055000185966492
YMR020W,YLR114C,0,-2.6260364,0.12525951862335205,0.7239999771118164,0.5055999755859375
YDL150W,YDL135C,0,-2.626169,0.1252378523349762,0.7239999771118164,0.5056999921798706
YJL029C,YOL104C,0,-2.6261885,0.12521618604660034,0.7239999771118164,0.5058000087738037
YGR006W,YDL008W,0,-2.6262484,0.12519453465938568,0.7239999771118164,0.5059000253677368
YDR439W,YLR435W,0,-2.6265256,0.12517289817333221,0.7239999771118164,0.5059999823570251
YMR047C,YJR156C,0,-2.6266315,0.12515124678611755,0.7239999771118164,0.5060999989509583
YBL025W,YJR108W,0,-2.6267433,0.12512962520122528,0.7239999771118164,0.5062000155448914
YMR274C,YNL146W,1,-2.6268818,0.12528079748153687,0.7250000238418579,0.5062000155448914
YIL047C,YDL217C,0,-2.627051,0.1252591609954834,0.7250000238418579,0.5062999725341797
YNR055C,YBR189W,0,-2.627054,0.12523752450942993,0.7250000238418579,0.5063999891281128
YLR383W,YDR532C,0,-2.6270669,0.12521588802337646,0.7250000238418579,0.5065000057220459
YHR183W,YLL048C,0,-2.6271174,0.1251942664384842,0.7250000238418579,0.506600022315979
YCR044C,YPL200W,1,-2.6275928,0.12534530460834503,0.7260000109672546,0.506600022315979
YNL047C,YIL066C,0,-2.6276896,0.12532366812229156,0.7260000109672546,0.5066999793052673
YDR171W,YBR040W,0,-2.6277635,0.1253020316362381,0.7260000109672546,0.5067999958992004
YBR272C,YPL009C,0,-2.6278229,0.12528041005134583,0.7260000109672546,0.5069000124931335
YDR201W,YLR314C,0,-2.6278803,0.12525880336761475,0.7260000109672546,0.5070000290870667
YDR211W,YMR145C,0,-2.6279495,0.12523719668388367,0.7260000109672546,0.507099986076355
YLR176C,YAL012W,0,-2.628144,0.1252155900001526,0.7260000109672546,0.5072000026702881
YML070W,YDR446W,0,-2.6281655,0.1251939982175827,0.7260000109672546,0.5073000192642212
YDR306C,YPL117C,0,-2.6282394,0.12517240643501282,0.7260000109672546,0.5073999762535095
YIR019C,YOL111C,0,-2.6282685,0.12515082955360413,0.7260000109672546,0.5074999928474426
YDR352W,YDR495C,0,-2.6283948,0.12512926757335663,0.7260000109672546,0.5076000094413757
YOR150W,YLR115W,0,-2.6283953,0.12510770559310913,0.7260000109672546,0.5077000260353088
YFR008W,YIL047C,0,-2.62841,0.12508614361286163,0.7260000109672546,0.5077999830245972
YLR424W,YBR193C,0,-2.6284575,0.12506459653377533,0.7260000109672546,0.5078999996185303
YLR409C,YGL005C,0,-2.6285388,0.12504306435585022,0.7260000109672546,0.5080000162124634
YBL078C,YJL179W,0,-2.6288762,0.1250215321779251,0.7260000109672546,0.5080999732017517
YMR019W,YPL126W,0,-2.6289046,0.125,0.7260000109672546,0.5081999897956848
YPR042C,YLR022C,0,-2.6289856,0.12497848272323608,0.7260000109672546,0.5083000063896179
YDR052C,YOR281C,0,-2.6291308,0.12495697289705276,0.7260000109672546,0.508400022983551
YNL309W,YLR298C,0,-2.6291542,0.12493547052145004,0.7260000109672546,0.5084999799728394
YMR283C,YMR131C,0,-2.6295974,0.12491396814584732,0.7260000109672546,0.5085999965667725
YPL134C,YDR522C,0,-2.6296175,0.12489248067140579,0.7260000109672546,0.5087000131607056
YHL034C,YDR277C,0,-2.6297605,0.12487100064754486,0.7260000109672546,0.5088000297546387
YNL079C,YGR082W,0,-2.62996,0.12484952807426453,0.7260000109672546,0.508899986743927
YNL142W,YDR472W,0,-2.63008,0.12482806295156479,0.7260000109672546,0.5090000033378601
YBR023C,YPR023C,0,-2.6301281,0.12480659782886505,0.7260000109672546,0.5091000199317932
YDR272W,YML021C,0,-2.630193,0.12478514760732651,0.7260000109672546,0.5091999769210815
YML105C,YMR247C,0,-2.6303527,0.12476370483636856,0.7260000109672546,0.5092999935150146
YGR024C,YBR160W,0,-2.6303706,0.12474226951599121,0.7260000109672546,0.5094000101089478
YDL002C,YJR141W,0,-2.6305923,0.12472084164619446,0.7260000109672546,0.5095000267028809
YLR107W,YPR029C,0,-2.630606,0.1246994137763977,0.7260000109672546,0.5095999836921692
YPR198W,YOR332W,0,-2.6306129,0.12467800080776215,0.7260000109672546,0.5097000002861023
YIL168W,YDL120W,0,-2.6306202,0.12465659528970718,0.7260000109672546,0.5098000168800354
YEL031W,YCR011C,1,-2.630976,0.12480686604976654,0.7269999980926514,0.5098000168800354
YHR050W,YDR225W,0,-2.6312683,0.12478544563055038,0.7269999980926514,0.5098999738693237
YOR381W,YBR237W,0,-2.6312833,0.12476403266191483,0.7269999980926514,0.5099999904632568
YMR218C,YDR144C,0,-2.631298,0.12474261969327927,0.7269999980926514,0.5101000070571899
YMR266W,YLR409C,0,-2.6314213,0.1247212216258049,0.7269999980926514,0.510200023651123
YCL010C,YPL174C,0,-2.6314278,0.12469983100891113,0.7269999980926514,0.5102999806404114
YGL123W,YBR213W,0,-2.6315756,0.12467844039201736,0.7269999980926514,0.5103999972343445
YPR134W,YIL131C,0,-2.6316667,0.12465706467628479,0.7269999980926514,0.5105000138282776
YKL110C,YHR112C,0,-2.6317096,0.12463569641113281,0.7269999980926514,0.5105999708175659
YCL045C,YGL098W,1,-2.6318867,0.12478573620319366,0.7279999852180481,0.5105999708175659
YDR076W,YHR005C,0,-2.6319327,0.1247643530368805,0.7279999852180481,0.510699987411499
YBR087W,YNL164C,0,-2.631973,0.12474297732114792,0.7279999852180481,0.5108000040054321
YDR041W,YOR084W,0,-2.6319735,0.12472160160541534,0.7279999852180481,0.5109000205993652
YCL016C,YJL030W,0,-2.6320732,0.12470024079084396,0.7279999852180481,0.5109999775886536
YHR193C,YDR050C,0,-2.632161,0.12467887997627258,0.7279999852180481,0.5110999941825867
YNL154C,YOR106W,0,-2.6321716,0.1246575340628624,0.7279999852180481,0.5112000107765198
YDL045W-A,YMR075W,0,-2.6321719,0.1246361956000328,0.7279999852180481,0.5113000273704529
YOR157C,YIL042C,0,-2.6322322,0.12461485713720322,0.7279999852180481,0.5113999843597412
YIL173W,YMR227C,0,-2.632252,0.12459353357553482,0.7279999852180481,0.5115000009536743
YAL026C,YKR038C,0,-2.6323285,0.12457221001386642,0.7279999852180481,0.5116000175476074
YHR010W,YGR047C,0,-2.6324508,0.12455090135335922,0.7279999852180481,0.5116999745368958
YDR036C,YOR308C,0,-2.6327603,0.12452959269285202,0.7279999852180481,0.5117999911308289
YNR035C,YOR083W,0,-2.6327672,0.12450829148292542,0.7279999852180481,0.511900007724762
YNR037C,YKL067W,0,-2.6328704,0.12448700517416,0.7279999852180481,0.5120000243186951
YNL088W,YJL123C,0,-2.6329224,0.12446571886539459,0.7279999852180481,0.5120999813079834
YMR052W,YMR272C,1,-2.632974,0.1246153861284256,0.7289999723434448,0.5120999813079834
YJL115W,YHR178W,0,-2.6331165,0.12459408491849899,0.7289999723434448,0.5121999979019165
YFR019W,YOR110W,0,-2.6331398,0.12457279860973358,0.7289999723434448,0.5123000144958496
YHR027C,YLR286C,1,-2.6331863,0.12472236156463623,0.7300000190734863,0.5123000144958496
YDR212W,YLR133W,0,-2.6332786,0.12470106035470963,0.7300000190734863,0.5123999714851379
YDL110C,YIL132C,0,-2.6333935,0.12467975914478302,0.7300000190734863,0.512499988079071
YLR263W,YGL021W,0,-2.6335065,0.12465847283601761,0.7300000190734863,0.5126000046730042
YHL050C,YKL116C,0,-2.633524,0.1246371865272522,0.7300000190734863,0.5127000212669373
YOR231W,YOR019W,0,-2.6335661,0.12461590766906738,0.7300000190734863,0.5127999782562256
YBR096W,YDR205W,1,-2.6336725,0.1247653216123581,0.7310000061988831,0.5127999782562256
YPL147W,YBR081C,0,-2.6337183,0.12474402785301208,0.7310000061988831,0.5128999948501587
YML007W,YDR522C,0,-2.6338317,0.12472274154424667,0.7310000061988831,0.5130000114440918
YOR043W,YJR033C,0,-2.6338418,0.12470147013664246,0.7310000061988831,0.5131000280380249
YGL211W,YDR447C,0,-2.6339512,0.12468019872903824,0.7310000061988831,0.5131999850273132
YDR461W,YOL105C,0,-2.6339643,0.12465893477201462,0.7310000061988831,0.5133000016212463
YNR006W,YER081W,0,-2.63428,0.1246376782655716,0.7310000061988831,0.5134000182151794
YLR075W,YPR190C,0,-2.6346207,0.12461643666028976,0.7310000061988831,0.5134999752044678
YGL093W,YDR439W,0,-2.6347902,0.12459519505500793,0.7310000061988831,0.5135999917984009
YNR023W,YGR288W,0,-2.6351807,0.1245739609003067,0.7310000061988831,0.513700008392334
YPR029C,YHR079C-A,0,-2.6352186,0.12455273419618607,0.7310000061988831,0.5138000249862671
YOR176W,YGL234W,0,-2.6352434,0.12453151494264603,0.7310000061988831,0.5138999819755554
YOR194C,YJL125C,0,-2.63529,0.12451030313968658,0.7310000061988831,0.5139999985694885
YDR205W,YMR022W,1,-2.635441,0.12465940415859222,0.7319999933242798,0.5139999985694885
YGL206C,YLR457C,0,-2.6355135,0.12463817745447159,0.7319999933242798,0.5141000151634216
YNR006W,YGL198W,0,-2.6355245,0.12461695820093155,0.7319999933242798,0.51419997215271
YCR026C,YLR093C,0,-2.6355534,0.1245957463979721,0.7319999933242798,0.5142999887466431
YML026C,YKL032C,0,-2.6355612,0.12457454204559326,0.7319999933242798,0.5144000053405762
YGL161C,YJR127C,0,-2.6356912,0.12455334514379501,0.7319999933242798,0.5145000219345093
YGR255C,YOR328W,0,-2.635783,0.12453215569257736,0.7319999933242798,0.5145999789237976
YLR027C,YER169W,0,-2.635803,0.12451097369194031,0.7319999933242798,0.5146999955177307
YNR001C,YCR018C,0,-2.6360028,0.12448979914188385,0.7319999933242798,0.5148000121116638
YMR303C,YNL239W,0,-2.6361308,0.12446862459182739,0.7319999933242798,0.5149000287055969
YLR142W,YGR099W,0,-2.6363223,0.12444746494293213,0.7319999933242798,0.5149999856948853
YNL088W,YEL021W,0,-2.6363442,0.12442631274461746,0.7319999933242798,0.5151000022888184
YHR183W,YLR051C,0,-2.6364467,0.12440516799688339,0.7319999933242798,0.5152000188827515
YGL194C,YOR035C,0,-2.6365466,0.12438403069972992,0.7319999933242798,0.5152999758720398
YPL256C,YKL034W,0,-2.6367075,0.12436289340257645,0.7319999933242798,0.5153999924659729
YNL142W,YMR299C,0,-2.636881,0.12434177100658417,0.7319999933242798,0.515500009059906
YLR421C,YPL188W,0,-2.6370742,0.12432064861059189,0.7319999933242798,0.5156000256538391
YNL218W,YDL107W,0,-2.6373003,0.1242995411157608,0.7319999933242798,0.5156999826431274
YJR093C,YGR222W,0,-2.6373107,0.12427844107151031,0.7319999933242798,0.5157999992370605
YNL259C,YKL113C,0,-2.6373408,0.12425734102725983,0.7319999933242798,0.5159000158309937
YER019W,YLR301W,1,-2.6374593,0.12440597265958786,0.7329999804496765,0.5159000158309937
YGL092W,YLR182W,0,-2.6375868,0.12438486516475677,0.7329999804496765,0.515999972820282
YOR201C,YAL044C,0,-2.6376886,0.12436375766992569,0.7329999804496765,0.5160999894142151
YGL068W,YGR052W,0,-2.6377158,0.1243426650762558,0.7329999804496765,0.5162000060081482
YJR133W,YEL051W,0,-2.6379304,0.12432157248258591,0.7329999804496765,0.5163000226020813
YDR181C,YPR145W,0,-2.6380115,0.12430049479007721,0.7329999804496765,0.5163999795913696
YML128C,YPL076W,1,-2.6385562,0.12444896250963211,0.734000027179718,0.5163999795913696
YNL133C,YER131W,0,-2.6388557,0.12442786991596222,0.734000027179718,0.5164999961853027
YNL078W,YNL118C,0,-2.6388655,0.12440677732229233,0.734000027179718,0.5166000127792358
YDR392W,YDR138W,0,-2.6390474,0.12438569962978363,0.734000027179718,0.516700029373169
YKR037C,YGR261C,0,-2.639136,0.12436462193727493,0.734000027179718,0.5167999863624573
YCR018C,YMR072W,0,-2.6392028,0.12434355169534683,0.734000027179718,0.5169000029563904
YPL149W,YER029C,0,-2.6393075,0.12432249635457993,0.734000027179718,0.5170000195503235
YPL016W,YCR005C,0,-2.6393478,0.12430144101381302,0.734000027179718,0.5170999765396118
YDL101C,YOR083W,0,-2.6394405,0.12428039312362671,0.734000027179718,0.5171999931335449
YJL011C,YER023W,0,-2.639444,0.124259352684021,0.734000027179718,0.517300009727478
YDL149W,YBR237W,0,-2.6395485,0.12423831969499588,0.734000027179718,0.5174000263214111
YIL094C,YML028W,0,-2.6396804,0.12421729415655136,0.734000027179718,0.5174999833106995
YGR056W,YNL164C,0,-2.639791,0.12419627606868744,0.734000027179718,0.5175999999046326
YGL063W,YGL201C,0,-2.6399124,0.12417526543140411,0.734000027179718,0.5177000164985657
YGR251W,YOR017W,0,-2.6399662,0.12415426224470139,0.734000027179718,0.517799973487854
YMR005W,YJL210W,0,-2.6399934,0.12413326650857925,0.734000027179718,0.5178999900817871
YGR199W,YKL020C,1,-2.6404674,0.1242813691496849,0.7350000143051147,0.5178999900817871
YGR280C,YBL018C,0,-2.6404746,0.12426035851240158,0.7350000143051147,0.5180000066757202
YER167W,YNR054C,0,-2.6408298,0.12423934787511826,0.7350000143051147,0.5181000232696533
YJL134W,YMR065W,1,-2.640935,0.12438736110925674,0.7360000014305115,0.5181000232696533
YBL055C,YOR362C,0,-2.6410198,0.12436634302139282,0.7360000014305115,0.5181999802589417
YFR047C,YDL111C,0,-2.6411278,0.1243453249335289,0.7360000014305115,0.5182999968528748
YNR067C,YBR200W,0,-2.641289,0.12432432174682617,0.7360000014305115,0.5184000134468079
YCR037C,YLR263W,0,-2.6414168,0.12430332601070404,0.7360000014305115,0.5184999704360962
YNL300W,YDL184C,0,-2.6416056,0.1242823377251625,0.7360000014305115,0.5185999870300293
YDR256C,YER038C,0,-2.6416256,0.12426135689020157,0.7360000014305115,0.5187000036239624
YOL066C,YJR042W,0,-2.6417987,0.12424037605524063,0.7360000014305115,0.5188000202178955
YHR143W,YLR034C,0,-2.6418705,0.12421941012144089,0.7360000014305115,0.5188999772071838
YDR450W,YJL194W,0,-2.6419146,0.12419844418764114,0.7360000014305115,0.5189999938011169
YJR160C,YPR141C,0,-2.6420114,0.1241774931550026,0.7360000014305115,0.51910001039505
YJL209W,YNL067W,0,-2.642173,0.12415654212236404,0.7360000014305115,0.5192000269889832
YAL007C,YLR417W,0,-2.6423118,0.12413560599088669,0.7360000014305115,0.5192999839782715
YMR309C,YLR417W,0,-2.6423914,0.12411466985940933,0.7360000014305115,0.5194000005722046
YMR218C,YER038C,0,-2.6424272,0.12409374117851257,0.7360000014305115,0.5195000171661377
YHR001W,YNL163C,0,-2.64266,0.12407282739877701,0.7360000014305115,0.519599974155426
YDL058W,YBR048W,0,-2.642688,0.12405191361904144,0.7360000014305115,0.5196999907493591
YBL024W,YJL171C,0,-2.6426978,0.12403100728988647,0.7360000014305115,0.5198000073432922
YJR060W,YOL093W,0,-2.642747,0.1240101084113121,0.7360000014305115,0.5199000239372253
YDR389W,YJR044C,0,-2.6430116,0.12398921698331833,0.7360000014305115,0.5199999809265137
YIL004C,YDR233C,1,-2.643216,0.12413676828145981,0.7369999885559082,0.5199999809265137
YOR144C,YLR055C,0,-2.6432996,0.12411586195230484,0.7369999885559082,0.5200999975204468
YBL106C,YJL035C,0,-2.6433058,0.12409496307373047,0.7369999885559082,0.5202000141143799
YLR368W,YCL048W,0,-2.6434596,0.1240740716457367,0.7369999885559082,0.5202999711036682
YLR092W,YPL013C,0,-2.6435492,0.12405318766832352,0.7369999885559082,0.5203999876976013
YHL024W,YGR218W,0,-2.6436317,0.12403231114149094,0.7369999885559082,0.5205000042915344
YEL057C,YOL021C,0,-2.6437304,0.12401144206523895,0.7369999885559082,0.5206000208854675
YGR001C,YBR019C,0,-2.6438107,0.12399058043956757,0.7369999885559082,0.5206999778747559
YDR146C,YDR168W,0,-2.6439164,0.12396971881389618,0.7369999885559082,0.520799994468689
YAL003W,YIL119C,0,-2.6440177,0.12394887208938599,0.7369999885559082,0.5209000110626221
YOL147C,YMR277W,0,-2.644111,0.12392803281545639,0.7369999885559082,0.5210000276565552
YJL127C,YGR166W,0,-2.6441271,0.1239071935415268,0.7369999885559082,0.5210999846458435
YDR253C,YOR019W,0,-2.6441677,0.12388636916875839,0.7369999885559082,0.5212000012397766
YDR522C,YIL096C,0,-2.6441824,0.12386554479598999,0.7369999885559082,0.5213000178337097
YHR135C,YBL082C,1,-2.6443179,0.1240127682685852,0.7379999756813049,0.5213000178337097
YLR129W,YDR141C,0,-2.644409,0.1239919364452362,0.7379999756813049,0.521399974822998
YDL080C,YHR139C,0,-2.6444323,0.12397110462188721,0.7379999756813049,0.5214999914169312
YBR260C,YPR104C,0,-2.644506,0.1239502876996994,0.7379999756813049,0.5216000080108643
YPL095C,YBR247C,0,-2.64454,0.1239294707775116,0.7379999756813049,0.5217000246047974
YLR405W,YBR253W,0,-2.644584,0.12390866130590439,0.7379999756813049,0.5217999815940857
YLR004C,YER087C-B,1,-2.644945,0.12405573576688766,0.7390000224113464,0.5217999815940857
YOR316C,YDL136W,0,-2.6456861,0.12403491139411926,0.7390000224113464,0.5218999981880188
YDR176W,YLR080W,0,-2.6457577,0.12401409447193146,0.7390000224113464,0.5220000147819519
YDR500C,YJL047C,0,-2.646314,0.12399328500032425,0.7390000224113464,0.5220999717712402
YGL194C,YCR091W,0,-2.6464572,0.12397249042987823,0.7390000224113464,0.5221999883651733
YHR018C,YBR208C,0,-2.6465638,0.12395169585943222,0.7390000224113464,0.5223000049591064
YBR069C,YPL020C,0,-2.646565,0.1239309087395668,0.7390000224113464,0.5224000215530396
YNL133C,YOL129W,0,-2.6466343,0.12391012907028198,0.7390000224113464,0.5224999785423279
YCL051W,YGR283C,0,-2.6466725,0.12388935685157776,0.7390000224113464,0.522599995136261
YBR009C,YCR024C-A,0,-2.647185,0.12386859208345413,0.7390000224113464,0.5227000117301941
YDL135C,YMR246W,0,-2.6477048,0.1238478273153305,0.7390000224113464,0.5228000283241272
YMR203W,YOR308C,0,-2.6477513,0.12382707744836807,0.7390000224113464,0.5228999853134155
YOR334W,YHR011W,0,-2.6477752,0.12380633503198624,0.7390000224113464,0.5230000019073486
YAL034W-A,YDR538W,0,-2.647979,0.1237855926156044,0.7390000224113464,0.5231000185012817
YDL202W,YKL132C,0,-2.6479821,0.12376486510038376,0.7390000224113464,0.5231999754905701
YHL035C,YBR114W,0,-2.6480892,0.12374413758516312,0.7390000224113464,0.5232999920845032
YGR156W,YOR298W,0,-2.6482065,0.12372342497110367,0.7390000224113464,0.5234000086784363
YJL059W,YOR356W,0,-2.6482687,0.12370271235704422,0.7390000224113464,0.5235000252723694
YGL174W,YDR272W,0,-2.6484466,0.12368200719356537,0.7390000224113464,0.5235999822616577
YER082C,YJL118W,0,-2.6484838,0.12366130948066711,0.7390000224113464,0.5236999988555908
YPL015C,YKR028W,0,-2.648644,0.12364061921834946,0.7390000224113464,0.5238000154495239
YIL097W,YJR017C,0,-2.6489766,0.1236199364066124,0.7390000224113464,0.5238999724388123
YIL016W,YEL043W,1,-2.6490345,0.12376651912927628,0.7400000095367432,0.5238999724388123
YER038C,YMR307W,0,-2.649102,0.12374582141637802,0.7400000095367432,0.5239999890327454
YER003C,YOR147W,0,-2.6493104,0.12372513115406036,0.7400000095367432,0.5241000056266785
YPR032W,YBR296C,0,-2.649411,0.1237044483423233,0.7400000095367432,0.5242000222206116
YGL247W,YGR251W,0,-2.649748,0.12368377298116684,0.7400000095367432,0.5242999792098999
YLR037C,YOL039W,0,-2.6498024,0.12366310507059097,0.7400000095367432,0.524399995803833
YGL139W,YBR170C,1,-2.6500902,0.12380952388048172,0.7409999966621399,0.524399995803833
YNL213C,YJL006C,0,-2.650135,0.12378884106874466,0.7409999966621399,0.5245000123977661
YFL058W,YPL097W,0,-2.650151,0.1237681657075882,0.7409999966621399,0.5246000289916992
YOR008C,YDL045W-A,0,-2.6503093,0.12374749779701233,0.7409999966621399,0.5246999859809875
YBL088C,YDR345C,0,-2.6504576,0.12372682988643646,0.7409999966621399,0.5248000025749207
YCR072C,YOL090W,0,-2.6505082,0.12370617687702179,0.7409999966621399,0.5249000191688538
YDR473C,YNR038W,0,-2.6505258,0.12368553131818771,0.7409999966621399,0.5249999761581421
YJL198W,YLR189C,0,-2.6508071,0.12366488575935364,0.7409999966621399,0.5250999927520752
YOR078W,YKL203C,0,-2.6508372,0.12364425510168076,0.7409999966621399,0.5252000093460083
YML101C,YEL064C,1,-2.6510954,0.12379045784473419,0.7419999837875366,0.5252000093460083
YMR065W,YER019C-A,1,-2.6511397,0.12393661588430405,0.7429999709129333,0.5252000093460083
YNL129W,YKL027W,0,-2.6513498,0.12391594052314758,0.7429999709129333,0.5253000259399414
YER176W,YMR153W,0,-2.6515348,0.12389528006315231,0.7429999709129333,0.5253999829292297
YPL086C,YHR163W,0,-2.651703,0.12387462705373764,0.7429999709129333,0.5254999995231628
YAR035W,YBR129C,0,-2.6517725,0.12385397404432297,0.7429999709129333,0.525600016117096
YIL126W,YNL315C,0,-2.6517913,0.12383333593606949,0.7429999709129333,0.5256999731063843
YOR278W,YNR045W,0,-2.651796,0.12381269782781601,0.7429999709129333,0.5257999897003174
YMR272C,YOL013C,1,-2.652076,0.12395867705345154,0.7440000176429749,0.5257999897003174
YDR072C,YDL185W,0,-2.6521785,0.12393803149461746,0.7440000176429749,0.5259000062942505
YGL017W,YBR034C,0,-2.652301,0.12391738593578339,0.7440000176429749,0.5260000228881836
YGR263C,YDL121C,1,-2.6523068,0.12406328320503235,0.7450000047683716,0.5260000228881836
YPL088W,YCR027C,0,-2.652426,0.12404262274503708,0.7450000047683716,0.5260999798774719
YDR159W,YJL035C,0,-2.6525347,0.124021977186203,0.7450000047683716,0.526199996471405
YPR004C,YNL325C,0,-2.6525853,0.12400133162736893,0.7450000047683716,0.5263000130653381
YOR340C,YER173W,0,-2.6527257,0.12398069351911545,0.7450000047683716,0.5264000296592712
YHR164C,YMR180C,0,-2.6527665,0.12396006286144257,0.7450000047683716,0.5264999866485596
YDR078C,YBR022W,0,-2.6529038,0.12393944710493088,0.7450000047683716,0.5266000032424927
YPL188W,YMR156C,0,-2.6530879,0.12391883134841919,0.7450000047683716,0.5267000198364258
YMR163C,YNL087W,0,-2.653248,0.1238982230424881,0.7450000047683716,0.5267999768257141
YNL298W,YDR246W,0,-2.6534007,0.1238776221871376,0.7450000047683716,0.5268999934196472
YNL312W,YDL138W,0,-2.6535976,0.12385702133178711,0.7450000047683716,0.5270000100135803
YER035W,YDR323C,0,-2.6536486,0.12383643537759781,0.7450000047683716,0.5271000266075134
YDR235W,YMR001C,0,-2.653662,0.1238158568739891,0.7450000047683716,0.5271999835968018
YFL034C-B,YML129C,0,-2.653714,0.1237952783703804,0.7450000047683716,0.5273000001907349
YMR166C,YOL026C,0,-2.6537662,0.12377471476793289,0.7450000047683716,0.527400016784668
YJR099W,YIL096C,0,-2.6538293,0.12375415116548538,0.7450000047683716,0.5274999737739563
YPL220W,YDR379W,0,-2.6539571,0.12373360246419907,0.7450000047683716,0.5275999903678894
YNL291C,YOR067C,1,-2.6540058,0.12387911230325699,0.7459999918937683,0.5275999903678894
YDR437W,YDL072C,1,-2.6540506,0.12402456998825073,0.746999979019165,0.5275999903678894
YNR036C,YMR190C,0,-2.654288,0.12400398403406143,0.746999979019165,0.5277000069618225
YBR257W,YAR018C,0,-2.6544764,0.12398340553045273,0.746999979019165,0.5278000235557556
YIL093C,YMR054W,0,-2.654504,0.12396282702684402,0.746999979019165,0.527899980545044
YPL017C,YFR028C,0,-2.6547544,0.12394226342439651,0.746999979019165,0.527999997138977
YOL044W,YKL179C,0,-2.6552198,0.123921699821949,0.746999979019165,0.5281000137329102
YPR086W,YGL143C,0,-2.6552234,0.12390114367008209,0.746999979019165,0.5281999707221985
YJR118C,YNL008C,1,-2.6553504,0.1240464374423027,0.7480000257492065,0.5281999707221985
YER177W,YAL015C,0,-2.6553683,0.1240258663892746,0.7480000257492065,0.5282999873161316
YNL178W,YHR157W,0,-2.6554258,0.12400530278682709,0.7480000257492065,0.5284000039100647
YGR072W,YJL013C,0,-2.6555188,0.12398475408554077,0.7480000257492065,0.5285000205039978
YHR147C,YBR215W,0,-2.6559145,0.12396420538425446,0.7480000257492065,0.5285999774932861
YML036W,YCR008W,0,-2.6560762,0.12394366413354874,0.7480000257492065,0.5286999940872192
YKR072C,YJL171C,0,-2.6560972,0.12392313033342361,0.7480000257492065,0.5288000106811523
YOR323C,YIL047C,0,-2.6563823,0.12390260398387909,0.7480000257492065,0.5289000272750854
YGR147C,YPL043W,0,-2.6564415,0.12388207763433456,0.7480000257492065,0.5289999842643738
YHR215W,YLR039C,0,-2.656513,0.12386156618595123,0.7480000257492065,0.5291000008583069
YNR037C,YER093C,0,-2.6565292,0.1238410621881485,0.7480000257492065,0.52920001745224
YLR153C,YNL134C,0,-2.6566741,0.12382055819034576,0.7480000257492065,0.5292999744415283
YPR078C,YOL078W,0,-2.657026,0.12380006909370422,0.7480000257492065,0.5293999910354614
YOL066C,YNL073W,0,-2.6570415,0.12377957999706268,0.7480000257492065,0.5295000076293945
YOR257W,YOR033C,0,-2.6570826,0.12375909835100174,0.7480000257492065,0.5296000242233276
YFL059W,YMR284W,0,-2.6571994,0.12373862415552139,0.7480000257492065,0.529699981212616
YAL035W,YLR121C,0,-2.6572552,0.12371815741062164,0.7480000257492065,0.5297999978065491
YIL095W,YLR045C,0,-2.6573155,0.12369769811630249,0.7480000257492065,0.5299000144004822
YCR016W,YML023C,0,-2.6575496,0.12367724627256393,0.7480000257492065,0.5299999713897705
YGL092W,YOR141C,0,-2.6576881,0.12365680187940598,0.7480000257492065,0.5300999879837036
YLR313C,YOL149W,0,-2.6577785,0.12363636493682861,0.7480000257492065,0.5302000045776367
YOR056C,YGL167C,0,-2.658026,0.12361592799425125,0.7480000257492065,0.5303000211715698
YKR083C,YHR038W,0,-2.658148,0.12359550595283508,0.7480000257492065,0.5303999781608582
YLR309C,YBR166C,0,-2.6582081,0.12357508391141891,0.7480000257492065,0.5304999947547913
YBR193C,YIR028W,0,-2.658212,0.12355467677116394,0.7480000257492065,0.5306000113487244
YGL017W,YKR009C,0,-2.6583655,0.12353426963090897,0.7480000257492065,0.5307000279426575
YPR134W,YBR067C,0,-2.6584814,0.12351386994123459,0.7480000257492065,0.5307999849319458
YHR135C,YLR238W,1,-2.658637,0.12365857511758804,0.7490000128746033,0.5307999849319458
YCR052W,YDR026C,0,-2.658659,0.12363816797733307,0.7490000128746033,0.5309000015258789
YGR257C,YMR047C,0,-2.658776,0.1236177608370781,0.7490000128746033,0.531000018119812
YJL085W,YAR014C,0,-2.6588335,0.12359736114740372,0.7490000128746033,0.5310999751091003
YHL025W,YDR246W,0,-2.6588385,0.12357696890830994,0.7490000128746033,0.5311999917030334
YGL033W,YNR064C,0,-2.658877,0.12355658411979675,0.7490000128746033,0.5313000082969666
YDL081C,YDR277C,0,-2.6589417,0.12353620678186417,0.7490000128746033,0.5314000248908997
YER094C,YML073C,0,-2.6591766,0.12351582944393158,0.7490000128746033,0.531499981880188
YDL007W,YNL182C,0,-2.6594121,0.12349546700716019,0.7490000128746033,0.5315999984741211
YDL035C,YBL036C,0,-2.659563,0.1234751045703888,0.7490000128746033,0.5317000150680542
YER007C-A,YER113C,0,-2.6596,0.1234547570347786,0.7490000128746033,0.5317999720573425
YDR364C,YDR214W,0,-2.659629,0.1234344094991684,0.7490000128746033,0.5318999886512756
YDR235W,YHL031C,0,-2.6596515,0.1234140694141388,0.7490000128746033,0.5320000052452087
YIL095W,YFR004W,0,-2.6597278,0.12339373677968979,0.7490000128746033,0.5321000218391418
YDR181C,YPL021W,0,-2.6599016,0.12337341159582138,0.7490000128746033,0.5321999788284302
YJL047C,YOR004W,0,-2.6599371,0.12335309386253357,0.7490000128746033,0.5322999954223633
YCR053W,YHR112C,0,-2.6600208,0.12333278357982635,0.7490000128746033,0.5324000120162964
YKL164C,YOR094W,0,-2.6602647,0.12331248074769974,0.7490000128746033,0.5325000286102295
YGL075C,YDL134C,0,-2.6602962,0.12329217791557312,0.7490000128746033,0.5325999855995178
YMR013C,YMR065W,1,-2.6602993,0.12343647330999374,0.75,0.5325999855995178
YBR049C,YIL041W,0,-2.6603396,0.12341615557670593,0.75,0.5327000021934509
YBR263W,YFR040W,0,-2.6604466,0.12339585274457932,0.75,0.532800018787384
YBR231C,YPR002W,0,-2.660496,0.1233755573630333,0.75,0.5328999757766724
YPL203W,YMR072W,0,-2.6606402,0.12335526198148727,0.75,0.5329999923706055
YMR097C,YER029C,0,-2.6606548,0.12333498150110245,0.75,0.5331000089645386
YNL300W,YMR077C,0,-2.6607025,0.12331470102071762,0.75,0.5332000255584717
YOR272W,YMR231W,0,-2.6607559,0.12329442799091339,0.75,0.53329998254776
YAL003W,YAL026C,0,-2.660762,0.12327416241168976,0.75,0.5333999991416931
YHL040C,YGL119W,0,-2.660808,0.12325390428304672,0.75,0.5335000157356262
YLR205C,YDR307W,1,-2.6608388,0.12339796125888824,0.7509999871253967,0.5335000157356262
YHR178W,YBL046W,0,-2.660914,0.12337768822908401,0.7509999871253967,0.5335999727249146
YCR048W,YLR450W,1,-2.6611474,0.12352168560028076,0.7519999742507935,0.5335999727249146
YNL238W,YCR082W,0,-2.6612206,0.12350139766931534,0.7519999742507935,0.5336999893188477
YPR097W,YAL021C,0,-2.6612766,0.12348111718893051,0.7519999742507935,0.5338000059127808
YMR055C,YHL009C,0,-2.6613033,0.12346084415912628,0.7519999742507935,0.5339000225067139
YER011W,YOL115W,0,-2.6616063,0.12344057857990265,0.7519999742507935,0.5339999794960022
YMR146C,YLL051C,0,-2.6616232,0.12342032045125961,0.7519999742507935,0.5340999960899353
YJR102C,YPR017C,0,-2.66166,0.12340006232261658,0.7519999742507935,0.5342000126838684
YKR082W,YDR121W,0,-2.66168,0.12337981909513474,0.7519999742507935,0.5343000292778015
YER019W,YOR085W,1,-2.6617208,0.12352362275123596,0.753000020980835,0.5343000292778015
YOR241W,YJL170C,0,-2.6617713,0.12350336462259293,0.753000020980835,0.5343999862670898
YDL198C,YIL096C,0,-2.6618397,0.12348310649394989,0.753000020980835,0.534500002861023
YGL194C,YCL030C,0,-2.661876,0.12346286326646805,0.753000020980835,0.534600019454956
YMR019W,YDR314C,0,-2.6621308,0.1234426200389862,0.753000020980835,0.5346999764442444
YLR013W,YDL235C,0,-2.6622055,0.12342239171266556,0.753000020980835,0.5347999930381775
YGL054C,YLR372W,1,-2.6623228,0.12356604635715485,0.7540000081062317,0.5347999930381775
YGR230W,YDR195W,0,-2.6623344,0.12354579567909241,0.7540000081062317,0.5349000096321106
YFR044C,YNL129W,0,-2.6623497,0.12352555990219116,0.7540000081062317,0.5350000262260437
YLR032W,YPL036W,0,-2.662451,0.12350532412528992,0.7540000081062317,0.535099983215332
YHR187W,YDR517W,0,-2.662484,0.12348509579896927,0.7540000081062317,0.5351999998092651
YER024W,YGR012W,0,-2.662544,0.12346487492322922,0.7540000081062317,0.5353000164031982
YPL024W,YDR044W,0,-2.662615,0.12344466149806976,0.7540000081062317,0.5353999733924866
YEL062W,YOL121C,0,-2.6628494,0.1234244555234909,0.7540000081062317,0.5354999899864197
YEL062W,YLR096W,0,-2.6629121,0.12340425699949265,0.7540000081062317,0.5356000065803528
YGR277C,YJL008C,0,-2.6632216,0.12338405847549438,0.7540000081062317,0.5357000231742859
YER111C,YGR052W,0,-2.6633897,0.12336387485265732,0.7540000081062317,0.5357999801635742
YIR010W,YJR017C,0,-2.6636531,0.12334369122982025,0.7540000081062317,0.5358999967575073
YML040W,YBR108W,0,-2.66384,0.12332352250814438,0.7540000081062317,0.5360000133514404
YDR174W,YNL281W,0,-2.6638567,0.1233033537864685,0.7540000081062317,0.5360999703407288
YLR386W,YLR084C,0,-2.6639163,0.12328319251537323,0.7540000081062317,0.5361999869346619
YHR108W,YLR336C,0,-2.6642878,0.12326303869485855,0.7540000081062317,0.536300003528595
YGL131C,YNL085W,0,-2.6643286,0.12324289232492447,0.7540000081062317,0.5364000201225281
YDR345C,YBL018C,0,-2.6644878,0.12322274595499039,0.7540000081062317,0.5364999771118164
YPL254W,YCR093W,0,-2.664498,0.1232026144862175,0.7540000081062317,0.5365999937057495
YPL144W,YDL101C,0,-2.6645286,0.12318248301744461,0.7540000081062317,0.5367000102996826
YDL147W,YIL122W,0,-2.6647506,0.12316236644983292,0.7540000081062317,0.5368000268936157
YHR171W,YLL061W,0,-2.6647575,0.12314224988222122,0.7540000081062317,0.536899983882904
YBR299W,YMR247C,0,-2.665366,0.12312214076519012,0.7540000081062317,0.5370000004768372
YCL064C,YPL203W,0,-2.6653712,0.12310203909873962,0.7540000081062317,0.5371000170707703
YOL008W,YOR369C,0,-2.6654255,0.12308194488286972,0.7540000081062317,0.5371999740600586
YPL181W,YPL167C,0,-2.6654847,0.12306185811758041,0.7540000081062317,0.5372999906539917
YNL301C,YCR083W,0,-2.6655576,0.1230417788028717,0.7540000081062317,0.5374000072479248
YBL084C,YNL294C,0,-2.665633,0.123021699488163,0.7540000081062317,0.5375000238418579
YBL046W,YLR120C,0,-2.6658058,0.12300162762403488,0.7540000081062317,0.5375999808311462
YPL254W,YLL010C,0,-2.6664846,0.12298157066106796,0.7540000081062317,0.5376999974250793
YDR268W,YGL212W,0,-2.6666565,0.12296151369810104,0.7540000081062317,0.5378000140190125
YDR148C,YPL274W,0,-2.6666868,0.12294146418571472,0.7540000081062317,0.5378999710083008
YPR029C,YLR263W,0,-2.6668808,0.122921422123909,0.7540000081062317,0.5379999876022339
YLR055C,YNL133C,0,-2.6669133,0.12290138751268387,0.7540000081062317,0.538100004196167
YOR094W,YHR141C,0,-2.6669724,0.12288135290145874,0.7540000081062317,0.5382000207901001
YHL028W,YDR434W,1,-2.6670837,0.12302427738904953,0.7549999952316284,0.5382000207901001
YER111C,YPR121W,0,-2.6673543,0.1230042353272438,0.7549999952316284,0.5382999777793884
YEL037C,YDR408C,0,-2.6674201,0.12298420071601868,0.7549999952316284,0.5383999943733215
YML082W,YKL040C,0,-2.6674244,0.12296416610479355,0.7549999952316284,0.5385000109672546
YMR323W,YDR150W,0,-2.6674783,0.12294414639472961,0.7549999952316284,0.5386000275611877
YCL051W,YPL069C,0,-2.667486,0.12292412668466568,0.7549999952316284,0.5386999845504761
YOR266W,YGR055W,0,-2.667539,0.12290412187576294,0.7549999952316284,0.5388000011444092
YKL093W,YBL014C,0,-2.667658,0.1228841170668602,0.7549999952316284,0.5389000177383423
YNR034W,YLR166C,0,-2.6677022,0.12286411970853806,0.7549999952316284,0.5389999747276306
YCL025C,YHR023W,0,-2.6678264,0.12284412980079651,0.7549999952316284,0.5390999913215637
YNL262W,YDR170C,0,-2.6679006,0.12282413989305496,0.7549999952316284,0.5392000079154968
YKL101W,YOR256C,0,-2.668022,0.12280416488647461,0.7549999952316284,0.5393000245094299
YLR432W,YML016C,0,-2.668357,0.12278418987989426,0.7549999952316284,0.5393999814987183
YGR263C,YFL038C,1,-2.6683862,0.12292683124542236,0.7559999823570251,0.5393999814987183
YOL103W,YGL245W,0,-2.6684124,0.12290684133768082,0.7559999823570251,0.5394999980926514
YGL213C,YOR370C,0,-2.6685307,0.12288686633110046,0.7559999823570251,0.5396000146865845
YDL040C,YJR075W,0,-2.6686985,0.12286689132452011,0.7559999823570251,0.5396999716758728
YLR212C,YPL012W,0,-2.669291,0.12284693121910095,0.7559999823570251,0.5397999882698059
YDR007W,YOL152W,0,-2.6693475,0.1228269711136818,0.7559999823570251,0.539900004863739
YLL043W,YDL174C,0,-2.669469,0.12280701845884323,0.7559999823570251,0.5400000214576721
YMR105C,YKL012W,0,-2.6695313,0.12278707325458527,0.7559999823570251,0.5400999784469604
YDR130C,YOR087W,0,-2.6695912,0.1227671355009079,0.7559999823570251,0.5401999950408936
YPR159W,YPR107C,0,-2.6699276,0.12274719774723053,0.7559999823570251,0.5403000116348267
YDR492W,YJL034W,1,-2.6699665,0.12288960814476013,0.7570000290870667,0.5403000116348267
YGL019W,YDR462W,0,-2.6701562,0.12286966294050217,0.7570000290870667,0.5404000282287598
YNL052W,YHR020W,0,-2.6701896,0.1228497251868248,0.7570000290870667,0.5404999852180481
YDR212W,YKL178C,0,-2.670456,0.12282978743314743,0.7570000290870667,0.5406000018119812
YHL028W,YOL013C,1,-2.6705744,0.12297209352254868,0.7580000162124634,0.5406000018119812
YBL009W,YJL100W,0,-2.6706753,0.12295214831829071,0.7580000162124634,0.5407000184059143
YOR087W,YHL020C,0,-2.6711857,0.12293221056461334,0.7580000162124634,0.5407999753952026
YNL067W,YML123C,0,-2.6714582,0.12291227281093597,0.7580000162124634,0.5408999919891357
YDL049C,YMR081C,0,-2.6715877,0.1228923499584198,0.7580000162124634,0.5410000085830688
YPL115C,YJR045C,0,-2.6719832,0.12287242710590363,0.7580000162124634,0.541100025177002
YMR291W,YPR185W,0,-2.6719851,0.12285251170396805,0.7580000162124634,0.5411999821662903
YAL007C,YER149C,0,-2.6720808,0.12283260375261307,0.7580000162124634,0.5412999987602234
YPL254W,YLR244C,0,-2.6723282,0.12281270325183868,0.7580000162124634,0.5414000153541565
YDL191W,YMR069W,0,-2.6724634,0.1227928102016449,0.7580000162124634,0.5414999723434448
YHR158C,YML094W,0,-2.6725886,0.12277291715145111,0.7580000162124634,0.5415999889373779
YGR162W,YBR112C,0,-2.6727967,0.12275303900241852,0.7580000162124634,0.541700005531311
YKL179C,YGR225W,0,-2.6729276,0.12273316085338593,0.7580000162124634,0.5418000221252441
YPL010W,YDL153C,0,-2.672938,0.12271329015493393,0.7580000162124634,0.5418999791145325
YDL106C,YDL247W,0,-2.6730049,0.12269342690706253,0.7580000162124634,0.5419999957084656
YBL057C,YLR079W,0,-2.6730614,0.12267357110977173,0.7580000162124634,0.5421000123023987
YEL017C-A,YPL188W,0,-2.673258,0.12265372276306152,0.7580000162124634,0.5422000288963318
YLR127C,YNL297C,0,-2.6733055,0.12263387441635132,0.7580000162124634,0.5422999858856201
YGR278W,YJR104C,0,-2.6735697,0.12261404097080231,0.7580000162124634,0.5424000024795532
YNL181W,YHR101C,1,-2.6736739,0.12275594472885132,0.7590000033378601,0.5424000024795532
YMR145C,YLR045C,0,-2.6736977,0.12273609638214111,0.7590000033378601,0.5425000190734863
YPL131W,YPL006W,0,-2.6739218,0.12271624803543091,0.7590000033378601,0.5425999760627747
YML058W-A,YNL025C,0,-2.6739476,0.1226964145898819,0.7590000033378601,0.5426999926567078
YDR285W,YKL057C,0,-2.6739862,0.12267658114433289,0.7590000033378601,0.5428000092506409
YBR054W,YPL180W,0,-2.6740854,0.12265675514936447,0.7590000033378601,0.542900025844574
YDR007W,YER127W,0,-2.674149,0.12263693660497665,0.7590000033378601,0.5429999828338623
YFL022C,YLR340W,0,-2.6741617,0.12261712551116943,0.7590000033378601,0.5430999994277954
YOL105C,YDR443C,0,-2.67446,0.12259732186794281,0.7590000033378601,0.5432000160217285
YKL095W,YFL009W,0,-2.674481,0.12257751822471619,0.7590000033378601,0.5432999730110168
YAR071W,YGR260W,0,-2.674902,0.12255772948265076,0.7590000033378601,0.54339998960495
YFL008W,YBL032W,0,-2.6751487,0.12253794074058533,0.7590000033378601,0.5435000061988831
YPL050C,YOR167C,0,-2.6756775,0.1225181594491005,0.7590000033378601,0.5436000227928162
YNL325C,YLR040C,0,-2.6758583,0.12249838560819626,0.7590000033378601,0.5436999797821045
YMR219W,YDR027C,0,-2.6759129,0.12247861921787262,0.7590000033378601,0.5437999963760376
YDR425W,YPR019W,0,-2.6759942,0.12245886027812958,0.7590000033378601,0.5439000129699707
YGL153W,YAL001C,0,-2.6762044,0.12243910133838654,0.7590000033378601,0.5440000295639038
YNL281W,YDL141W,0,-2.6766098,0.12241935729980469,0.7590000033378601,0.5440999865531921
YNL210W,YNL247W,0,-2.6767364,0.12239961326122284,0.7590000033378601,0.5442000031471252
YOL145C,YNR053C,0,-2.6769547,0.12237987667322159,0.7590000033378601,0.5443000197410583
YLR093C,YML016C,0,-2.6771183,0.12236014753580093,0.7590000033378601,0.5443999767303467
YGR010W,YLR134W,0,-2.6771295,0.12234042584896088,0.7590000033378601,0.5444999933242798
YOR140W,YCL035C,0,-2.6774514,0.12232071161270142,0.7590000033378601,0.5446000099182129
YLR345W,YNR059W,0,-2.6774666,0.12230099737644196,0.7590000033378601,0.544700026512146
YDR471W,YAL021C,0,-2.6775434,0.12228129804134369,0.7590000033378601,0.5447999835014343
YIL018W,YBR093C,0,-2.6776102,0.12226159870624542,0.7590000033378601,0.5449000000953674
YIR010W,YGL153W,0,-2.6777248,0.12224190682172775,0.7590000033378601,0.5450000166893005
YDR328C,YDR459C,0,-2.6778622,0.12222222238779068,0.7590000033378601,0.5450999736785889
YMR037C,YGR143W,0,-2.677902,0.1222025454044342,0.7590000033378601,0.545199990272522
YKL197C,YLR249W,0,-2.6779625,0.12218286842107773,0.7590000033378601,0.5453000068664551
YPR104C,YDR121W,0,-2.6780326,0.12216320633888245,0.7590000033378601,0.5454000234603882
YLL056C,YLR194C,0,-2.6780727,0.12214354425668716,0.7590000033378601,0.5454999804496765
YOL165C,YGR147C,0,-2.6781578,0.12212389707565308,0.7590000033378601,0.5455999970436096
YGR223C,YLR406C,0,-2.6783605,0.12210424989461899,0.7590000033378601,0.5457000136375427
YAR007C,YLR409C,0,-2.678478,0.1220846101641655,0.7590000033378601,0.545799970626831
YGL017W,YOL104C,0,-2.6786087,0.122064970433712,0.7590000033378601,0.5458999872207642
YFR014C,YPL180W,0,-2.6787298,0.12204534560441971,0.7590000033378601,0.5460000038146973
YDR119W,YPL174C,0,-2.6787324,0.12202572077512741,0.7590000033378601,0.5461000204086304
YKR094C,YOR132W,0,-2.6787536,0.12200611084699631,0.7590000033378601,0.5461999773979187
YMR047C,YDR171W,0,-2.6788032,0.1219865009188652,0.7590000033378601,0.5462999939918518
YBL078C,YPL249C-A,0,-2.6790037,0.1219668984413147,0.7590000033378601,0.5464000105857849
YOR217W,YJR108W,0,-2.679186,0.12194730341434479,0.7590000033378601,0.546500027179718
YDL225W,YGR119C,0,-2.6792073,0.12192770838737488,0.7590000033378601,0.5465999841690063
YDR522C,YDR293C,0,-2.6793716,0.12190812826156616,0.7590000033378601,0.5467000007629395
YDR201W,YML023C,0,-2.6793988,0.12188854813575745,0.7590000033378601,0.5468000173568726
YNL074C,YPL090C,0,-2.6795108,0.12186897546052933,0.7590000033378601,0.5468999743461609
YER024W,YJR139C,0,-2.6797156,0.1218494176864624,0.7590000033378601,0.546999990940094
YNR032W,YKL190W,0,-2.679725,0.12182985246181488,0.7590000033378601,0.5471000075340271
YDL093W,YLR004C,1,-2.679832,0.12197078764438629,0.7599999904632568,0.5471000075340271
YER157W,YHR074W,0,-2.6798804,0.12195122241973877,0.7599999904632568,0.5472000241279602
YJL189W,YPR143W,0,-2.6799517,0.12193165719509125,0.7599999904632568,0.5472999811172485
YJR028W,YDR037W,0,-2.6800947,0.12191209197044373,0.7599999904632568,0.5473999977111816
YCR083W,YGR097W,0,-2.6801066,0.1218925416469574,0.7599999904632568,0.5475000143051147
YKL014C,YPR168W,0,-2.6801794,0.12187299877405167,0.7599999904632568,0.5475999712944031
YKR001C,YML005W,0,-2.6802478,0.12185345590114594,0.7599999904632568,0.5476999878883362
YNL081C,YDR324C,0,-2.680413,0.1218339204788208,0.7599999904632568,0.5478000044822693
YDR473C,YML021C,0,-2.680464,0.12181439250707626,0.7599999904632568,0.5479000210762024
YLR438C-A,YGL061C,0,-2.6804874,0.12179487198591232,0.7599999904632568,0.5479999780654907
YPR193C,YOR180C,0,-2.6806514,0.12177535891532898,0.7599999904632568,0.5480999946594238
YPL131W,YPR031W,0,-2.6808674,0.12175584584474564,0.7599999904632568,0.5482000112533569
YER098W,YMR071C,0,-2.6808815,0.12173634767532349,0.7599999904632568,0.54830002784729
YPR111W,YJL001W,0,-2.680974,0.12171684950590134,0.7599999904632568,0.5483999848365784
YPL218W,YER029C,0,-2.6809978,0.12169735878705978,0.7599999904632568,0.5485000014305115
YKL085W,YKL041W,0,-2.6810448,0.12167787551879883,0.7599999904632568,0.5486000180244446
YCR084C,YCL048W,0,-2.6812227,0.12165839970111847,0.7599999904632568,0.5486999750137329
YFR015C,YML034W,0,-2.6814272,0.12163892388343811,0.7599999904632568,0.548799991607666
YDL160C,YGR278W,0,-2.6817486,0.12161945551633835,0.7599999904632568,0.5489000082015991
YGR169C,YKL009W,0,-2.681843,0.12160000205039978,0.7599999904632568,0.5490000247955322
YLR262C,YDL236W,0,-2.681911,0.12158054858446121,0.7599999904632568,0.5490999817848206
YJR048W,YPL055C,0,-2.6819413,0.12156110256910324,0.7599999904632568,0.5491999983787537
YKL056C,YNL121C,0,-2.6820014,0.12154165655374527,0.7599999904632568,0.5493000149726868
YDR386W,YHR149C,0,-2.6820097,0.12152222543954849,0.7599999904632568,0.5493999719619751
YOL084W,YBR068C,0,-2.682302,0.12150279432535172,0.7599999904632568,0.5494999885559082
YLL004W,YNL270C,0,-2.68248,0.12148337811231613,0.7599999904632568,0.5496000051498413
YER022W,YMR269W,0,-2.6825323,0.12146396189928055,0.7599999904632568,0.5497000217437744
YMR127C,YOR305W,0,-2.6825345,0.12144455313682556,0.7599999904632568,0.5497999787330627
YBR015C,YGR159C,0,-2.6825876,0.12142514437437057,0.7599999904632568,0.5498999953269958
YDR190C,YJR134C,0,-2.6826944,0.12140575051307678,0.7599999904632568,0.550000011920929
YFL013C,YJR058C,0,-2.6827638,0.12138635665178299,0.7599999904632568,0.5501000285148621
YBR207W,YLR079W,0,-2.6827788,0.12136697769165039,0.7599999904632568,0.5501999855041504
YER109C,YNL164C,0,-2.6828294,0.12134759873151779,0.7599999904632568,0.5503000020980835
YER040W,YLR367W,0,-2.6828687,0.12132822722196579,0.7599999904632568,0.5504000186920166
YCR033W,YIL018W,0,-2.682941,0.12130885571241379,0.7599999904632568,0.5504999756813049
YGR063C,YDR393W,0,-2.6830578,0.12128949910402298,0.7599999904632568,0.550599992275238
YLR127C,YJR004C,0,-2.6832557,0.12127014249563217,0.7599999904632568,0.5507000088691711
YGL194C,YOL141W,0,-2.6833537,0.12125080078840256,0.7599999904632568,0.5508000254631042
YKL003C,YMR227C,0,-2.6834056,0.12123145908117294,0.7599999904632568,0.5508999824523926
YKL101W,YGL023C,0,-2.683593,0.12121212482452393,0.7599999904632568,0.5509999990463257
YPR095C,YDR425W,0,-2.6836145,0.12119279056787491,0.7599999904632568,0.5511000156402588
YML040W,YBR114W,0,-2.6837046,0.12117347121238708,0.7599999904632568,0.5511999726295471
YKL154W,YGR105W,1,-2.6837428,0.12131356447935104,0.7609999775886536,0.5511999726295471
YNL046W,YBR004C,1,-2.6839828,0.12145362049341202,0.7620000243186951,0.5511999726295471
YER146W,YGL039W,0,-2.684018,0.12143426388502121,0.7620000243186951,0.5512999892234802
YIL009C-A,YGR086C,0,-2.684138,0.121414914727211,0.7620000243186951,0.5514000058174133
YMR153W,YMR172W,0,-2.6842005,0.12139557301998138,0.7620000243186951,0.5515000224113464
YLR386W,YPL149W,0,-2.6847074,0.12137623131275177,0.7620000243186951,0.5515999794006348
YGL017W,YOL149W,0,-2.6849172,0.12135690450668335,0.7620000243186951,0.5516999959945679
YBR023C,YPR112C,0,-2.6850464,0.12133757770061493,0.7620000243186951,0.551800012588501
YCR092C,YGR077C,0,-2.6851447,0.1213182583451271,0.7620000243186951,0.5519000291824341
YBL069W,YJR017C,0,-2.6853552,0.12129894644021988,0.7620000243186951,0.5519999861717224
YDR162C,YOR393W,0,-2.6854236,0.12127964198589325,0.7620000243186951,0.5521000027656555
YKR009C,YLL050C,0,-2.6855485,0.12126034498214722,0.7620000243186951,0.5522000193595886
YBR087W,YPR031W,0,-2.6856725,0.12124104797840118,0.7620000243186951,0.552299976348877
YPR200C,YCR092C,0,-2.6857147,0.12122176587581635,0.7620000243186951,0.5523999929428101
YKL141W,YER073W,0,-2.6859262,0.1212024837732315,0.7620000243186951,0.5525000095367432
YLR086W,YNR001C,0,-2.6861682,0.12118320912122726,0.7620000243186951,0.5526000261306763
YMR061W,YDL060W,0,-2.686293,0.12116393446922302,0.7620000243186951,0.5526999831199646
YCR105W,YKR089C,0,-2.6864738,0.12114467471837997,0.7620000243186951,0.5527999997138977
YBR044C,YOR089C,0,-2.6865056,0.12112541496753693,0.7620000243186951,0.5529000163078308
YBR162C,YIL091C,0,-2.6865096,0.12110617011785507,0.7620000243186951,0.5529999732971191
YKL168C,YHR216W,0,-2.686568,0.12108692526817322,0.7620000243186951,0.5530999898910522
YPR024W,YGR204W,0,-2.686721,0.12106768041849136,0.7620000243186951,0.5532000064849854
YOR321W,YEL064C,1,-2.6870735,0.12120730429887772,0.7630000114440918,0.5532000064849854
YNL282W,YCR082W,0,-2.6871068,0.12118805944919586,0.7630000114440918,0.5533000230789185
YBR030W,YLR325C,0,-2.687404,0.12116880714893341,0.7630000114440918,0.5533999800682068
YMR140W,YLR095C,0,-2.6874151,0.12114956974983215,0.7630000114440918,0.5534999966621399
YER176W,YIL017C,0,-2.6878207,0.12113033980131149,0.7630000114440918,0.553600013256073
YOR046C,YIL129C,0,-2.6881163,0.12111110985279083,0.7630000114440918,0.5536999702453613
YKL056C,YER001W,0,-2.6884336,0.12109188735485077,0.7630000114440918,0.5537999868392944
YML032C,YER041W,0,-2.688595,0.1210726723074913,0.7630000114440918,0.5539000034332275
YDR146C,YJL110C,0,-2.688626,0.12105346471071243,0.7630000114440918,0.5540000200271606
YLL055W,YBR110W,1,-2.6886823,0.12119289487600327,0.7639999985694885,0.5540000200271606
YNR022C,YDR208W,0,-2.6888769,0.1211736723780632,0.7639999985694885,0.554099977016449
YNL038W,YEL001C,1,-2.6888857,0.12131303548812866,0.7649999856948853,0.554099977016449
YCR021C,YBL013W,0,-2.6890006,0.1212937980890274,0.7649999856948853,0.5541999936103821
YER151C,YDR019C,0,-2.6893795,0.12127457559108734,0.7649999856948853,0.5543000102043152
YHR201C,YKL062W,0,-2.6897118,0.12125535309314728,0.7649999856948853,0.5544000267982483
YLR164W,YJL153C,0,-2.6897297,0.12123613059520721,0.7649999856948853,0.5544999837875366
YLR442C,YOL164W,0,-2.6898725,0.12121692299842834,0.7649999856948853,0.5546000003814697
YJR022W,YDR384C,0,-2.6899288,0.12119771540164948,0.7649999856948853,0.5547000169754028
YPL049C,YJL100W,0,-2.690183,0.1211785227060318,0.7649999856948853,0.5547999739646912
YPR042C,YJR096W,0,-2.690233,0.12115933001041412,0.7649999856948853,0.5548999905586243
YKL065C,YEL064C,1,-2.690251,0.12129849195480347,0.765999972820282,0.5548999905586243
YOR109W,YJR049C,0,-2.6902587,0.1212792918086052,0.765999972820282,0.5550000071525574
YPL040C,YCL027W,0,-2.6902955,0.12126009166240692,0.765999972820282,0.5551000237464905
YHR056C,YNL281W,0,-2.6903095,0.12124089896678925,0.765999972820282,0.5551999807357788
YOL003C,YJL125C,0,-2.690372,0.12122171372175217,0.765999972820282,0.5552999973297119
YGR112W,YMR226C,0,-2.6903894,0.12120252847671509,0.765999972820282,0.555400013923645
YOL088C,YJR117W,1,-2.6904829,0.12134155631065369,0.7670000195503235,0.555400013923645
YMR175W,YDL209C,0,-2.690551,0.12132236361503601,0.7670000195503235,0.5554999709129333
YHR001W,YJL051W,0,-2.6907775,0.12130317836999893,0.7670000195503235,0.5555999875068665
YGL004C,YCL057W,0,-2.6909084,0.12128400057554245,0.7670000195503235,0.5557000041007996
YBR241C,YER124C,0,-2.6909525,0.12126482278108597,0.7670000195503235,0.5558000206947327
YBR065C,YKL052C,0,-2.6911857,0.12124565243721008,0.7670000195503235,0.555899977684021
YDR239C,YDR065W,0,-2.6912067,0.1212264895439148,0.7670000195503235,0.5559999942779541
YMR025W,YLR340W,0,-2.6912527,0.1212073341012001,0.7670000195503235,0.5561000108718872
YDR492W,YBR183W,1,-2.6913006,0.12134618312120438,0.7680000066757202,0.5561000108718872
YNL286W,YPL135W,0,-2.6917803,0.12132701277732849,0.7680000066757202,0.5562000274658203
YML058W,YOL033W,0,-2.691827,0.1213078498840332,0.7680000066757202,0.5562999844551086
YDR204W,YKR068C,0,-2.6919272,0.12128869444131851,0.7680000066757202,0.5564000010490417
YHR060W,YHR188C,1,-2.6919706,0.12142744660377502,0.7689999938011169,0.5564000010490417
YPR145W,YHR064C,0,-2.6920452,0.12140827625989914,0.7689999938011169,0.5565000176429749
YDR189W,YDR434W,1,-2.6920803,0.12154696136713028,0.7699999809265137,0.5565000176429749
YDR229W,YNL271C,0,-2.6920931,0.1215277761220932,0.7699999809265137,0.5565999746322632
YBR172C,YDL141W,0,-2.6922894,0.12150859832763672,0.7699999809265137,0.5566999912261963
YPR105C,YML061C,0,-2.6923065,0.12148942798376083,0.7699999809265137,0.5568000078201294
YDR412W,YIL120W,0,-2.692378,0.12147026509046555,0.7699999809265137,0.5569000244140625
YKL164C,YOR079C,0,-2.6924708,0.12145110219717026,0.7699999809265137,0.5569999814033508
YOR126C,YCL031C,0,-2.692524,0.12143195420503616,0.7699999809265137,0.5570999979972839
YPL124W,YJR068W,0,-2.6926367,0.12141280621290207,0.7699999809265137,0.557200014591217
YGR163W,YDL111C,0,-2.69267,0.12139366567134857,0.7699999809265137,0.5572999715805054
YMR101C,YLR310C,0,-2.6927814,0.12137452512979507,0.7699999809265137,0.5573999881744385
YHR070W,YHR081W,0,-2.6929433,0.12135539948940277,0.7699999809265137,0.5575000047683716
YKL157W,YOL026C,0,-2.6930823,0.12133627384901047,0.7699999809265137,0.5576000213623047
YGL033W,YML073C,0,-2.6931298,0.12131715565919876,0.7699999809265137,0.557699978351593
YCR024C-A,YDR019C,0,-2.6933115,0.12129804491996765,0.7699999809265137,0.5577999949455261
YDR469W,YDR016C,0,-2.6934116,0.12127894163131714,0.7699999809265137,0.5579000115394592
YMR227C,YJR132W,0,-2.6935174,0.12125984579324722,0.7699999809265137,0.5580000281333923
YGR111W,YMR288W,0,-2.6936016,0.12124074995517731,0.7699999809265137,0.5580999851226807
YMR264W,YDL204W,1,-2.6936448,0.12137909233570099,0.7710000276565552,0.5580999851226807
YLR015W,YGL201C,0,-2.6937025,0.12135998904705048,0.7710000276565552,0.5582000017166138
YCR105W,YDR468C,0,-2.693761,0.12134088575839996,0.7710000276565552,0.5583000183105469
YHR008C,YMR273C,0,-2.6938725,0.12132179737091064,0.7710000276565552,0.5583999752998352
YPR004C,YHR209W,0,-2.6939847,0.12130270898342133,0.7710000276565552,0.5584999918937683
YDR076W,YML010W,0,-2.6940231,0.1212836280465126,0.7710000276565552,0.5586000084877014
YDR226W,YML118W,0,-2.6940486,0.12126454710960388,0.7710000276565552,0.5587000250816345
YJR113C,YGR159C,0,-2.6941926,0.12124548107385635,0.7710000276565552,0.5587999820709229
YMR195W,YOL092W,0,-2.6941993,0.12122641503810883,0.7710000276565552,0.558899998664856
YNR020C,YBL041W,0,-2.694533,0.1212073564529419,0.7710000276565552,0.5590000152587891
YMR080C,YCR092C,0,-2.694782,0.12118830531835556,0.7710000276565552,0.5590999722480774
YDR272W,YNR059W,0,-2.694891,0.12116926163434982,0.7710000276565552,0.5591999888420105
YMR261C,YMR026C,0,-2.6949427,0.12115021795034409,0.7710000276565552,0.5593000054359436
YGL255W,YDR479C,0,-2.695017,0.12113118916749954,0.7710000276565552,0.5594000220298767
YML058W,YNL221C,0,-2.695079,0.121112160384655,0.7710000276565552,0.559499979019165
YER102W,YJR147W,0,-2.695223,0.12109313905239105,0.7710000276565552,0.5595999956130981
YOR292C,YBL069W,0,-2.6952941,0.1210741177201271,0.7710000276565552,0.5597000122070312
YDL102W,YOR101W,0,-2.6953907,0.12105511128902435,0.7710000276565552,0.5598000288009644
YLR411W,YNL309W,0,-2.6956375,0.1210361048579216,0.7710000276565552,0.5598999857902527
YLR014C,YLR368W,0,-2.6957748,0.12101710587739944,0.7710000276565552,0.5600000023841858
YPL110C,YOR130C,0,-2.6957994,0.12099811434745789,0.7710000276565552,0.5601000189781189
YJR135C,YIL097W,0,-2.6958263,0.12097913026809692,0.7710000276565552,0.5601999759674072
YNL238W,YML115C,0,-2.6960065,0.12096015363931656,0.7710000276565552,0.5602999925613403
YDR189W,YCR011C,1,-2.6964219,0.12109804153442383,0.7720000147819519,0.5602999925613403
YEL071W,YBL046W,0,-2.6965084,0.12107905000448227,0.7720000147819519,0.5604000091552734
YLR414C,YKL088W,0,-2.6966329,0.12106005847454071,0.7720000147819519,0.5605000257492065
YOR207C,YPL096W,0,-2.696661,0.12104108184576035,0.7720000147819519,0.5605999827384949
YER106W,YER147C,0,-2.6969504,0.12102210521697998,0.7720000147819519,0.560699999332428
YNR067C,YFR013W,0,-2.697077,0.12100313603878021,0.7720000147819519,0.5608000159263611
YGR199W,YKR022C,1,-2.697124,0.12114088982343674,0.7730000019073486,0.5608000159263611
YKL006W,YKL113C,0,-2.6972551,0.12112190574407578,0.7730000019073486,0.5608999729156494
YHR172W,YCR063W,0,-2.6972854,0.12110292911529541,0.7730000019073486,0.5609999895095825
YLR033W,YHR030C,0,-2.6973507,0.12108395993709564,0.7730000019073486,0.5611000061035156
YFR014C,YPR100W,0,-2.6974628,0.12106499820947647,0.7730000019073486,0.5612000226974487
YKL003C,YNL261W,0,-2.6977031,0.1210460364818573,0.7730000019073486,0.5612999796867371
YPL156C,YKR095W,0,-2.6978242,0.12102708965539932,0.7730000019073486,0.5613999962806702
YNL273W,YJL219W,0,-2.697929,0.12100814282894135,0.7730000019073486,0.5615000128746033
YKL051W,YPL013C,0,-2.6981614,0.12098920345306396,0.7730000019073486,0.5616000294685364
YNL038W,YLR292C,1,-2.698451,0.12112676352262497,0.7739999890327454,0.5616000294685364
YLR070C,YLL016W,0,-2.6985047,0.1211078092455864,0.7739999890327454,0.5616999864578247
YMR160W,YBR019C,0,-2.6986635,0.12108886241912842,0.7739999890327454,0.5618000030517578
YNL325C,YBL015W,0,-2.6987731,0.12106992304325104,0.7739999890327454,0.5619000196456909
YPR095C,YFR004W,0,-2.6988833,0.12105098366737366,0.7739999890327454,0.5619999766349792
YHL040C,YPL180W,0,-2.6988862,0.12103205919265747,0.7739999890327454,0.5620999932289124
YDL160C,YLR325C,0,-2.6990345,0.12101313471794128,0.7739999890327454,0.5622000098228455
YJR028W,YBR191W,0,-2.6991324,0.1209942176938057,0.7739999890327454,0.5623000264167786
YKR061W,YML054C,0,-2.6993,0.1209753081202507,0.7739999890327454,0.5623999834060669
YJR103W,YJR058C,0,-2.6994674,0.12095639854669571,0.7739999890327454,0.5625
YDR103W,YNR028W,0,-2.6994712,0.12093749642372131,0.7739999890327454,0.5626000165939331
YDR443C,YBR143C,0,-2.6996858,0.12091860920190811,0.7739999890327454,0.5626999735832214
YPL059W,YBR030W,0,-2.6998458,0.12089972198009491,0.7739999890327454,0.5627999901771545
YNL131W,YMR232W,0,-2.6999505,0.12088083475828171,0.7739999890327454,0.5629000067710876
YOR044W,YHR060W,1,-2.7000291,0.12101811170578003,0.7749999761581421,0.5629000067710876
YDR462W,YPL244C,0,-2.7000887,0.12099921703338623,0.7749999761581421,0.5630000233650208
YOR335C,YOR180C,0,-2.700358,0.12098032981157303,0.7749999761581421,0.5630999803543091
YBL084C,YPL037C,0,-2.70037,0.12096145004034042,0.7749999761581421,0.5631999969482422
YDL029W,YBL063W,0,-2.7004373,0.12094257026910782,0.7749999761581421,0.5633000135421753
YCL016C,YAL055W,0,-2.7008674,0.12092369794845581,0.7749999761581421,0.5633999705314636
YDL212W,YJR015W,1,-2.7009513,0.12106084078550339,0.7760000228881836,0.5633999705314636
YER147C,YBR042C,0,-2.7009518,0.12104196101427078,0.7760000228881836,0.5634999871253967
YBL058W,YDR251W,0,-2.7011755,0.12102308124303818,0.7760000228881836,0.5636000037193298
YKL092C,YDL153C,0,-2.701354,0.12100420892238617,0.7760000228881836,0.5637000203132629
YOR136W,YJR104C,0,-2.7014046,0.12098534405231476,0.7760000228881836,0.5637999773025513
YNL312W,YMR306W,0,-2.7014778,0.12096648663282394,0.7760000228881836,0.5638999938964844
YML064C,YBL007C,0,-2.7014954,0.12094762921333313,0.7760000228881836,0.5640000104904175
YDL212W,YER120W,1,-2.7015135,0.12108461558818817,0.7770000100135803,0.5640000104904175
YAL053W,YOR085W,1,-2.7016037,0.12122156471014023,0.777999997138977,0.5640000104904175
YGR255C,YBR055C,0,-2.7016792,0.12120267748832703,0.777999997138977,0.5641000270843506
YJR145C,YJL178C,0,-2.7017002,0.12118379771709442,0.777999997138977,0.5641999840736389
YHR186C,YBR001C,0,-2.7018168,0.12116492539644241,0.777999997138977,0.564300000667572
YLR185W,YLR212C,0,-2.7019079,0.121146060526371,0.777999997138977,0.5644000172615051
YGL013C,YDR443C,0,-2.701955,0.12112719565629959,0.777999997138977,0.5644999742507935
YMR134W,YBR183W,1,-2.7019823,0.1212640106678009,0.7789999842643738,0.5644999742507935
YLR205C,YHL003C,1,-2.7019985,0.12140078097581863,0.7799999713897705,0.5644999742507935
YLR453C,YEL063C,0,-2.7021635,0.12138188630342484,0.7799999713897705,0.5645999908447266
YIL117C,YBL033C,0,-2.7022882,0.12136299908161163,0.7799999713897705,0.5647000074386597
YNL287W,YOR257W,0,-2.702308,0.12134411931037903,0.7799999713897705,0.5648000240325928
YPR052C,YER173W,0,-2.702459,0.12132524698972702,0.7799999713897705,0.5648999810218811
YOL148C,YPL154C,0,-2.7025635,0.12130637466907501,0.7799999713897705,0.5649999976158142
YIL018W,YKL155C,0,-2.7025664,0.1212875172495842,0.7799999713897705,0.5651000142097473
YGL194C,YDR478W,0,-2.7029228,0.12126865983009338,0.7799999713897705,0.5651999711990356
YPL124W,YPL240C,0,-2.702945,0.12124980241060257,0.7799999713897705,0.5652999877929688
YKL095W,YIL091C,0,-2.703035,0.12123095989227295,0.7799999713897705,0.5654000043869019
YHR018C,YNR028W,0,-2.7032275,0.12121212482452393,0.7799999713897705,0.565500020980835
YGR106C,YHR112C,0,-2.7034013,0.1211932897567749,0.7799999713897705,0.5655999779701233
YMR212C,YMR304W,0,-2.7034671,0.12117446213960648,0.7799999713897705,0.5656999945640564
YPL049C,YDR135C,0,-2.7035687,0.12115564197301865,0.7799999713897705,0.5658000111579895
YKL220C,YDR168W,0,-2.7036476,0.12113682180643082,0.7799999713897705,0.5659000277519226
YPR029C,YGR223C,0,-2.703688,0.12111800909042358,0.7799999713897705,0.5659999847412109
YDR293C,YML115C,0,-2.7038748,0.12109921127557755,0.7799999713897705,0.566100001335144
YBR159W,YBR070C,1,-2.7041693,0.12123563885688782,0.781000018119812,0.566100001335144
YGR244C,YNL077W,0,-2.704233,0.12121682614088058,0.781000018119812,0.5662000179290771
YGL093W,YCL044C,0,-2.704519,0.12119801342487335,0.781000018119812,0.5662999749183655
YEL002C,YBR002C,1,-2.7049417,0.12133436650037766,0.7820000052452087,0.5662999749183655
YFL002C,YBR200W,0,-2.7049558,0.12131554633378983,0.7820000052452087,0.5663999915122986
YPL002C,YDL005C,0,-2.7049887,0.121296726167202,0.7820000052452087,0.5665000081062317
YIL011W,YCR024C,0,-2.7050183,0.12127791345119476,0.7820000052452087,0.5666000247001648
YDL030W,YJL031C,0,-2.705068,0.12125910818576813,0.7820000052452087,0.5666999816894531
YKL080W,YCR082W,0,-2.705374,0.12124031037092209,0.7820000052452087,0.5667999982833862
YOL017W,YOL111C,0,-2.7054398,0.12122151255607605,0.7820000052452087,0.5669000148773193
YPL037C,YLR084C,0,-2.7058413,0.1212027296423912,0.7820000052452087,0.5669999718666077
YML127W,YFR016C,0,-2.7058935,0.12118394672870636,0.7820000052452087,0.5670999884605408
YNL263C,YDL122W,1,-2.7059288,0.12132011353969574,0.7829999923706055,0.5670999884605408
YNL310C,YPR083W,0,-2.705962,0.1213013157248497,0.7829999923706055,0.5672000050544739
YGL144C,YDR162C,0,-2.7059839,0.12128252536058426,0.7829999923706055,0.567300021648407
YGR260W,YLR276C,0,-2.7061865,0.12126374244689941,0.7829999923706055,0.5673999786376953
YIL002C,YNL137C,0,-2.7063434,0.12124496698379517,0.7829999923706055,0.5674999952316284
YDR405W,YNL128W,0,-2.7064087,0.12122619897127151,0.7829999923706055,0.5676000118255615
YKL220C,YDR145W,0,-2.7065227,0.12120743095874786,0.7829999923706055,0.5677000284194946
YJL219W,YLR333C,0,-2.7067049,0.12118867039680481,0.7829999923706055,0.567799985408783
YOR245C,YBR297W,0,-2.706894,0.12116991728544235,0.7829999923706055,0.5679000020027161
YML116W,YIR008C,0,-2.7069533,0.12115117162466049,0.7829999923706055,0.5680000185966492
YDL236W,YJL074C,0,-2.7069843,0.12113242596387863,0.7829999923706055,0.5680999755859375
YML124C,YHR112C,0,-2.7070653,0.12111368775367737,0.7829999923706055,0.5681999921798706
YGL194C,YMR037C,0,-2.707097,0.1210949569940567,0.7829999923706055,0.5683000087738037
YLR107W,YKR027W,0,-2.7071335,0.12107623368501663,0.7829999923706055,0.5684000253677368
YBR302C,YOL137W,0,-2.707435,0.12105751037597656,0.7829999923706055,0.5684999823570251
YMR272C,YER120W,1,-2.7074685,0.12119338661432266,0.7839999794960022,0.5684999823570251
YIR006C,YOL018C,0,-2.7075727,0.121174655854702,0.7839999794960022,0.5685999989509583
YLR024C,YPR107C,0,-2.7076998,0.12115592509508133,0.7839999794960022,0.5687000155448914
YML026C,YNL024C,0,-2.7077177,0.12113720923662186,0.7839999794960022,0.5687999725341797
YBR069C,YJL118W,0,-2.707778,0.12111849337816238,0.7839999794960022,0.5688999891281128
YAL023C,YJL034W,1,-2.7077916,0.12125425040721893,0.7850000262260437,0.5688999891281128
YDL003W,YNL009W,0,-2.7078094,0.12123551964759827,0.7850000262260437,0.5690000057220459
YLR213C,YNL058C,0,-2.7078204,0.1212168037891388,0.7850000262260437,0.569100022315979
YPL132W,YDL202W,0,-2.7079237,0.12119808793067932,0.7850000262260437,0.5691999793052673
YMR025W,YGL044C,0,-2.708006,0.12117937952280045,0.7850000262260437,0.5692999958992004
YLR107W,YBL003C,0,-2.7080843,0.12116067111492157,0.7850000262260437,0.5694000124931335
YJR143C,YPL200W,1,-2.7081537,0.12129629403352737,0.7860000133514404,0.5694000124931335
YOR060C,YDR062W,1,-2.708369,0.1214318796992302,0.7870000004768372,0.5694000124931335
YML127W,YML065W,0,-2.7085931,0.12141314148902893,0.7870000004768372,0.5695000290870667
YOR329C,YIR025W,0,-2.708655,0.12139441817998886,0.7870000004768372,0.569599986076355
YNL131W,YKR061W,0,-2.7088726,0.12137569487094879,0.7870000004768372,0.5697000026702881
YOL052C,YNL308C,0,-2.7089121,0.12135697901248932,0.7870000004768372,0.5698000192642212
YOL001W,YJL081C,0,-2.7089417,0.12133827060461044,0.7870000004768372,0.5698999762535095
YAL043C,YNL306W,0,-2.7090533,0.12131956219673157,0.7870000004768372,0.5699999928474426
YEL009C,YOR017W,0,-2.7090762,0.12130086123943329,0.7870000004768372,0.5701000094413757
YPL181W,YOL128C,0,-2.70934,0.1212821677327156,0.7870000004768372,0.5702000260353088
YOL109W,YLR172C,0,-2.7093523,0.12126348167657852,0.7870000004768372,0.5702999830245972
YIL040W,YDR437W,1,-2.7093837,0.12139885872602463,0.7879999876022339,0.5702999830245972
YDR389W,YLR001C,0,-2.7094185,0.12138015776872635,0.7879999876022339,0.5703999996185303
YBL057C,YDR339C,0,-2.7094429,0.12136146426200867,0.7879999876022339,0.5705000162124634
YML026C,YAL030W,0,-2.7097604,0.12134277820587158,0.7879999876022339,0.5705999732017517
YOL061W,YCR037C,0,-2.709824,0.1213240921497345,0.7879999876022339,0.5706999897956848
YER086W,YDR129C,0,-2.7098439,0.1213054209947586,0.7879999876022339,0.5708000063896179
YAR035W,YDR192C,0,-2.7098525,0.12128674983978271,0.7879999876022339,0.570900022983551
YPR187W,YJL001W,0,-2.7098773,0.12126808613538742,0.7879999876022339,0.5709999799728394
YLR080W,YGL222C,0,-2.7098815,0.12124942243099213,0.7879999876022339,0.5710999965667725
YGR288W,YMR286W,0,-2.709883,0.12123076617717743,0.7879999876022339,0.5712000131607056
YOR172W,YPL192C,0,-2.7099404,0.12121212482452393,0.7879999876022339,0.5713000297546387
YNL173C,YKL045W,0,-2.7103527,0.12119347602128983,0.7879999876022339,0.571399986743927
YJR135C,YLR013W,0,-2.7104785,0.12117484211921692,0.7879999876022339,0.5715000033378601
YDR159W,YOR206W,0,-2.710566,0.12115620821714401,0.7879999876022339,0.5716000199317932
YER045C,YHR089C,0,-2.7108424,0.1211375892162323,0.7879999876022339,0.5716999769210815
YDR126W,YLR190W,0,-2.7109988,0.12111897021532059,0.7879999876022339,0.5717999935150146
YBR272C,YNL332W,0,-2.7110684,0.12110035121440887,0.7879999876022339,0.5719000101089478
YKL068W,YDL033C,0,-2.711137,0.12108174711465836,0.7879999876022339,0.5720000267028809
YOR187W,YPR004C,0,-2.7112825,0.12106314301490784,0.7879999876022339,0.5720999836921692
YGR009C,YIL021W,0,-2.711438,0.12104454636573792,0.7879999876022339,0.5722000002861023
YMR078C,YKL101W,0,-2.7115297,0.12102595716714859,0.7879999876022339,0.5723000168800354
YOR083W,YER093C,0,-2.7115545,0.12100736796855927,0.7879999876022339,0.5723999738693237
YER062C,YPR189W,0,-2.7116575,0.12098879367113113,0.7879999876022339,0.5724999904632568
YDL175C,YGR278W,0,-2.7116606,0.120970219373703,0.7879999876022339,0.5726000070571899
YOR380W,YML021C,0,-2.7117703,0.12095165252685547,0.7879999876022339,0.572700023651123
YKL134C,YMR288W,0,-2.7118087,0.12093308568000793,0.7879999876022339,0.5727999806404114
YFL047W,YPL180W,0,-2.711903,0.1209145337343216,0.7879999876022339,0.5728999972343445
YKR069W,YFL045C,0,-2.7119846,0.12089598178863525,0.7879999876022339,0.5730000138282776
YGR270W,YNL137C,0,-2.7120025,0.12087743729352951,0.7879999876022339,0.5730999708175659
YAL013W,YML086C,0,-2.7122667,0.12085889279842377,0.7879999876022339,0.573199987411499
YDR188W,YIR021W,0,-2.7122746,0.12084036320447922,0.7879999876022339,0.5733000040054321
YCL039W,YJL170C,0,-2.7124174,0.12082183361053467,0.7879999876022339,0.5734000205993652
YOL058W,YLR427W,0,-2.7125678,0.12080331146717072,0.7879999876022339,0.5734999775886536
YBR207W,YDL223C,0,-2.7126372,0.12078479677438736,0.7879999876022339,0.5735999941825867
YBR015C,YOR030W,0,-2.7126904,0.120766282081604,0.7879999876022339,0.5737000107765198
YIL075C,YHR111W,0,-2.7127652,0.12074777483940125,0.7879999876022339,0.5738000273704529
YKL003C,YDR468C,0,-2.7127757,0.12072927504777908,0.7879999876022339,0.5738999843597412
YDL165W,YIL162W,0,-2.712911,0.12071078270673752,0.7879999876022339,0.5740000009536743
YER061C,YOL071W,0,-2.7129667,0.12069229781627655,0.7879999876022339,0.5741000175476074
YNL291C,YIL023C,1,-2.7130232,0.12082695215940475,0.7889999747276306,0.5741000175476074
YKL116C,YKL038W,0,-2.7132127,0.12080845236778259,0.7889999747276306,0.5741999745368958
YPL059W,YDR007W,0,-2.713223,0.12078996002674103,0.7889999747276306,0.5742999911308289
YNL267W,YPL089C,0,-2.7135158,0.12077146768569946,0.7889999747276306,0.574400007724762
YIR019C,YLR027C,0,-2.7138603,0.1207529827952385,0.7889999747276306,0.5745000243186951
YPR108W,YJL115W,0,-2.713906,0.12073450535535812,0.7889999747276306,0.5745999813079834
YML052W,YJR017C,0,-2.7140558,0.12071603536605835,0.7889999747276306,0.5746999979019165
YGR217W,YOL121C,0,-2.7140768,0.12069756537675858,0.7889999747276306,0.5748000144958496
YNL288W,YMR269W,0,-2.7141654,0.12067911028862,0.7889999747276306,0.5748999714851379
YFL014W,YCR106W,0,-2.7142456,0.12066065520048141,0.7889999747276306,0.574999988079071
YGR267C,YOR141C,0,-2.7143266,0.12064220011234283,0.7889999747276306,0.5751000046730042
YIL143C,YKR028W,0,-2.7143614,0.12062375992536545,0.7889999747276306,0.5752000212669373
YGL027C,YKR053C,1,-2.714382,0.12075817584991455,0.7900000214576721,0.5752000212669373
YOR206W,YPL118W,0,-2.7144969,0.12073972076177597,0.7900000214576721,0.5752999782562256
YOR156C,YDR007W,0,-2.714595,0.12072127312421799,0.7900000214576721,0.5753999948501587
YOR201C,YIL084C,0,-2.714716,0.12070282548666,0.7900000214576721,0.5755000114440918
YJL194W,YOR101W,0,-2.7147167,0.12068438529968262,0.7900000214576721,0.5756000280380249
YBL091C,YKL204W,0,-2.7148163,0.12066595256328583,0.7900000214576721,0.5756999850273132
YHR008C,YBL045C,0,-2.714887,0.12064752727746964,0.7900000214576721,0.5758000016212463
YDR253C,YER051W,0,-2.7149172,0.12062910199165344,0.7900000214576721,0.5759000182151794
YKL068W,YLR069C,0,-2.7150092,0.12061068415641785,0.7900000214576721,0.5759999752044678
YPL239W,YFL045C,0,-2.7151277,0.12059227377176285,0.7900000214576721,0.5760999917984009
YCR084C,YNR027W,0,-2.7151406,0.12057387083768845,0.7900000214576721,0.576200008392334
YLR450W,YKR067W,1,-2.7154129,0.12070807069540024,0.7910000085830688,0.576200008392334
YOL005C,YJL005W,0,-2.7157087,0.12068965286016464,0.7910000085830688,0.5763000249862671
YLR344W,YGR198W,0,-2.7157497,0.12067124247550964,0.7910000085830688,0.5763999819755554
YPL057C,YJR022W,0,-2.7157915,0.12065283954143524,0.7910000085830688,0.5764999985694885
YGR063C,YDR392W,0,-2.7158592,0.12063443660736084,0.7910000085830688,0.5766000151634216
YJR123W,YHR026W,0,-2.7161481,0.12061604112386703,0.7910000085830688,0.57669997215271
YJL196C,YPL188W,0,-2.7163982,0.12059765309095383,0.7910000085830688,0.5767999887466431
YHR099W,YCL027W,0,-2.71654,0.12057926505804062,0.7910000085830688,0.5769000053405762
YGL006W,YER124C,0,-2.7167501,0.1205608919262886,0.7910000085830688,0.5770000219345093
YLR039C,YLR449W,0,-2.7167895,0.12054251879453659,0.7910000085830688,0.5770999789237976
YHL031C,YIR025W,0,-2.7168257,0.12052415311336517,0.7910000085830688,0.5771999955177307
YLR039C,YGL008C,0,-2.7168374,0.12050578743219376,0.7910000085830688,0.5773000121116638
YHR036W,YGR177C,1,-2.7168605,0.12063975632190704,0.7919999957084656,0.5773000121116638
YPR009W,YEL047C,0,-2.7169714,0.12062138319015503,0.7919999957084656,0.5774000287055969
YKL129C,YHR202W,0,-2.7172816,0.12060301750898361,0.7919999957084656,0.5774999856948853
YJL061W,YFL033C,0,-2.7173283,0.1205846518278122,0.7919999957084656,0.5776000022888184
YFL058W,YPL174C,0,-2.7179444,0.12056629359722137,0.7919999957084656,0.5777000188827515
YIL040W,YGL065C,1,-2.718178,0.12070015072822571,0.7929999828338623,0.5777000188827515
YGL044C,YPR122W,0,-2.7184107,0.12068178504705429,0.7929999828338623,0.5777999758720398
YPL281C,YDR279W,0,-2.718434,0.12066341936588287,0.7929999828338623,0.5778999924659729
YBR031W,YFL041W,0,-2.7184513,0.12064506113529205,0.7929999828338623,0.578000009059906
YNR006W,YBR253W,0,-2.7184541,0.12062671035528183,0.7929999828338623,0.5781000256538391
YOR190W,YGR062C,0,-2.7185848,0.1206083670258522,0.7929999828338623,0.5781999826431274
YMR235C,YCL048W,0,-2.718664,0.12059002369642258,0.7929999828338623,0.5782999992370605
YKL164C,YDR420W,0,-2.7189186,0.12057168781757355,0.7929999828338623,0.5784000158309937
YGL093W,YOL092W,0,-2.7189229,0.12055335938930511,0.7929999828338623,0.578499972820282
YBR217W,YMR238W,0,-2.7190926,0.12053503841161728,0.7929999828338623,0.5785999894142151
YMR087W,YDR027C,0,-2.7191186,0.12051671743392944,0.7929999828338623,0.5787000060081482
YCL051W,YNL073W,0,-2.719212,0.1204984039068222,0.7929999828338623,0.5788000226020813
YML101C,YDR349C,1,-2.7194276,0.12063203006982803,0.7940000295639038,0.5788000226020813
YJR145C,YOL133W,0,-2.719571,0.1206137016415596,0.7940000295639038,0.5788999795913696
YML046W,YDR414C,0,-2.7196157,0.12059538066387177,0.7940000295639038,0.5789999961853027
YOL108C,YLR194C,0,-2.7196538,0.12057706713676453,0.7940000295639038,0.5791000127792358
YML124C,YDR389W,0,-2.719798,0.12055876106023788,0.7940000295639038,0.579200029373169
YLR272C,YHR067W,0,-2.7198703,0.12054045498371124,0.7940000295639038,0.5792999863624573
YIL153W,YDR283C,0,-2.7199233,0.1205221638083458,0.7940000295639038,0.5794000029563904
YJL139C,YBL008W,0,-2.7200978,0.12050387263298035,0.7940000295639038,0.5795000195503235
YDL064W,YPR083W,0,-2.720101,0.1204855814576149,0.7940000295639038,0.5795999765396118
YOR094W,YBL084C,0,-2.7202642,0.12046730518341064,0.7940000295639038,0.5796999931335449
YIR006C,YML077W,0,-2.7202737,0.12044902890920639,0.7940000295639038,0.579800009727478
YGL227W,YBL008W,0,-2.7203631,0.12043076008558273,0.7940000295639038,0.5799000263214111
YMR164C,YPR119W,0,-2.7204394,0.12041249871253967,0.7940000295639038,0.5799999833106995
YBR162C,YKR086W,0,-2.7207553,0.12039423733949661,0.7940000295639038,0.5800999999046326
YER070W,YGR138C,0,-2.720938,0.12037598341703415,0.7940000295639038,0.5802000164985657
YER019W,YBR183W,1,-2.720992,0.1205093190073967,0.7950000166893005,0.5802000164985657
YDR330W,YLR010C,0,-2.7210763,0.12049105763435364,0.7950000166893005,0.580299973487854
YGR162W,YLL004W,0,-2.7214658,0.12047279626131058,0.7950000166893005,0.5803999900817871
YDL019C,YEL001C,1,-2.7215154,0.12060605734586716,0.7960000038146973,0.5803999900817871
YOL018C,YPL009C,0,-2.7216525,0.1205877885222435,0.7960000038146973,0.5805000066757202
YKL025C,YDR361C,0,-2.7216709,0.12056952714920044,0.7960000038146973,0.5806000232696533
YDR076W,YGR103W,0,-2.721679,0.12055126577615738,0.7960000038146973,0.5806999802589417
YAL034W-A,YDR313C,0,-2.7217221,0.12053301185369492,0.7960000038146973,0.5807999968528748
YJL209W,YKR092C,0,-2.7217586,0.12051475793123245,0.7960000038146973,0.5809000134468079
YPL048W,YML113W,0,-2.7222173,0.12049651890993118,0.7960000038146973,0.5809999704360962
YKL220C,YOR301W,0,-2.722223,0.12047827988862991,0.7960000038146973,0.5810999870300293
YPL013C,YHL024W,0,-2.722233,0.12046004831790924,0.7960000038146973,0.5812000036239624
YML128C,YKL165C,1,-2.7222457,0.1205931305885315,0.796999990940094,0.5812000036239624
YKL004W,YJL053W,0,-2.7222545,0.12057488411664963,0.796999990940094,0.5813000202178955
YMR101C,YPR119W,0,-2.7222798,0.12055664509534836,0.796999990940094,0.5813999772071838
YNL078W,YBR215W,0,-2.722562,0.12053841352462769,0.796999990940094,0.5814999938011169
YLR380W,YGR287C,0,-2.722698,0.12052018940448761,0.796999990940094,0.58160001039505
YCR087C-A,YOL021C,0,-2.7227168,0.12050196528434753,0.796999990940094,0.5817000269889832
YDR289C,YKL034W,0,-2.7227256,0.12048374861478806,0.796999990940094,0.5817999839782715
YDR036C,YHL024W,0,-2.722767,0.12046553939580917,0.796999990940094,0.5819000005722046
YDL065C,YPR122W,0,-2.7230425,0.12044733017683029,0.796999990940094,0.5820000171661377
YER052C,YDL036C,0,-2.723079,0.1204291358590126,0.796999990940094,0.582099974155426
YOR061W,YCL059C,0,-2.723354,0.12041094154119492,0.796999990940094,0.5821999907493591
YDR335W,YER131W,0,-2.7233636,0.12039274722337723,0.796999990940094,0.5823000073432922
YBR060C,YNL083W,0,-2.7234757,0.12037456780672073,0.796999990940094,0.5824000239372253
YIL009C-A,YJR156C,0,-2.7236042,0.12035638839006424,0.796999990940094,0.5824999809265137
YBR107C,YPR163C,0,-2.7236295,0.12033821642398834,0.796999990940094,0.5825999975204468
YKL174C,YIL036W,0,-2.7239676,0.12032005190849304,0.796999990940094,0.5827000141143799
YLR440C,YLR056W,1,-2.724127,0.12045282870531082,0.7979999780654907,0.5827000141143799
YLR148W,YML086C,0,-2.7241662,0.12043464928865433,0.7979999780654907,0.5827999711036682
YNL243W,YER167W,0,-2.724178,0.12041647732257843,0.7979999780654907,0.5828999876976013
YBR187W,YFL034C-A,0,-2.7247117,0.12039831280708313,0.7979999780654907,0.5830000042915344
YHR183W,YKR097W,0,-2.7247334,0.12038014829158783,0.7979999780654907,0.5831000208854675
YJL192C,YNR026C,1,-2.725034,0.12051282078027725,0.7990000247955322,0.5831000208854675
YLR010C,YMR127C,0,-2.7250826,0.12049464881420135,0.7990000247955322,0.5831999778747559
YGL205W,YDR378C,0,-2.7252052,0.12047647684812546,0.7990000247955322,0.583299994468689
YOL044W,YDL046W,0,-2.725417,0.12045831233263016,0.7990000247955322,0.5834000110626221
YPR018W,YFR004W,0,-2.7254405,0.12044015526771545,0.7990000247955322,0.5835000276565552
YMR203W,YIL036W,0,-2.7254837,0.12042200565338135,0.7990000247955322,0.5835999846458435
YLR310C,YJL198W,0,-2.7256927,0.12040385603904724,0.7990000247955322,0.5837000012397766
YGR215W,YPL147W,0,-2.725733,0.12038571387529373,0.7990000247955322,0.5838000178337097
YDR308C,YKL093W,0,-2.7260365,0.12036757916212082,0.7990000247955322,0.583899974822998
YOR319W,YBL084C,0,-2.726113,0.1203494518995285,0.7990000247955322,0.5839999914169312
YIL014W,YML094W,0,-2.7262073,0.12033132463693619,0.7990000247955322,0.5841000080108643
YNL186W,YGL096W,0,-2.726292,0.12031320482492447,0.7990000247955322,0.5842000246047974
YDR456W,YIR041W,0,-2.7264373,0.12029509246349335,0.7990000247955322,0.5842999815940857
YLR183C,YGL070C,0,-2.7266,0.12027698010206223,0.7990000247955322,0.5843999981880188
YDR310C,YHR094C,0,-2.7266428,0.1202588826417923,0.7990000247955322,0.5845000147819519
YIL150C,YHL011C,0,-2.7267354,0.12024078518152237,0.7990000247955322,0.5845999717712402
YGR111W,YMR041C,0,-2.7271166,0.12022268772125244,0.7990000247955322,0.5846999883651733
YOR330C,YBR019C,0,-2.7271183,0.12020460516214371,0.7990000247955322,0.5848000049591064
YLR380W,YCL031C,0,-2.7272756,0.12018652260303497,0.7990000247955322,0.5849000215530396
YNL238W,YLL067C,0,-2.7274199,0.12016844749450684,0.7990000247955322,0.5849999785423279
YDR059C,YMR166C,0,-2.7275677,0.1201503723859787,0.7990000247955322,0.585099995136261
YDL214C,YOR035C,0,-2.7275918,0.12013231217861176,0.7990000247955322,0.5852000117301941
YOR292C,YOR156C,0,-2.7277386,0.12011425197124481,0.7990000247955322,0.5853000283241272
YML064C,YGR268C,0,-2.7277768,0.12009619921445847,0.7990000247955322,0.5853999853134155
YDR163W,YGL127C,0,-2.7279136,0.12007814645767212,0.7990000247955322,0.5855000019073486
YOR123C,YKL150W,0,-2.728025,0.12006010860204697,0.7990000247955322,0.5856000185012817
YBR288C,YER054C,0,-2.7282898,0.12004207074642181,0.7990000247955322,0.5856999754905701
YMR277W,YMR058W,0,-2.7285345,0.12002403289079666,0.7990000247955322,0.5857999920845032
YDR022C,YGL100W,0,-2.7287364,0.1200060099363327,0.7990000247955322,0.5859000086784363
YNL052W,YOL105C,0,-2.7287664,0.11998798698186874,0.7990000247955322,0.5860000252723694
YER012W,YIL070C,0,-2.7289033,0.11996997147798538,0.7990000247955322,0.5860999822616577
YBR208C,YLR196W,0,-2.7289338,0.11995195597410202,0.7990000247955322,0.5861999988555908
YGL095C,YCL063W,0,-2.7290337,0.11993395537137985,0.7990000247955322,0.5863000154495239
YOL068C,YBR068C,0,-2.7291443,0.11991595476865768,0.7990000247955322,0.5863999724388123
YGL044C,YDR028C,0,-2.7292416,0.11989796161651611,0.7990000247955322,0.5864999890327454
YMR203W,YLR409C,0,-2.7295969,0.11987996846437454,0.7990000247955322,0.5866000056266785
YOR377W,YBR208C,0,-2.7296503,0.11986198276281357,0.7990000247955322,0.5867000222206116
YKR092C,YOR298C-A,0,-2.729759,0.11984400451183319,0.7990000247955322,0.5867999792098999
YBL098W,YLR435W,0,-2.7297983,0.11982603371143341,0.7990000247955322,0.586899995803833
YJL001W,YNL136W,0,-2.729854,0.11980807036161423,0.7990000247955322,0.5870000123977661
YDL230W,YPR151C,0,-2.7300076,0.11979010701179504,0.7990000247955322,0.5871000289916992
YBR045C,YLR069C,0,-2.7300906,0.11977215111255646,0.7990000247955322,0.5871999859809875
YKL197C,YJR006W,0,-2.7302573,0.11975419521331787,0.7990000247955322,0.5873000025749207
YNL318C,YML037C,0,-2.730302,0.11973625421524048,0.7990000247955322,0.5874000191688538
YER014W,YJR049C,0,-2.7304032,0.11971831321716309,0.7990000247955322,0.5874999761581421
YKR080W,YBR156C,0,-2.730591,0.1197003722190857,0.7990000247955322,0.5875999927520752
YGL127C,YKL057C,0,-2.7306855,0.1196824461221695,0.7990000247955322,0.5877000093460083
YOR222W,YJL166W,0,-2.7308042,0.1196645200252533,0.7990000247955322,0.5878000259399414
YDR174W,YLR093C,0,-2.7308552,0.1196466013789177,0.7990000247955322,0.5878999829292297
YPL040C,YDR453C,0,-2.7308924,0.11962869018316269,0.7990000247955322,0.5879999995231628
YLR170C,YML076C,0,-2.7311606,0.11961077898740768,0.7990000247955322,0.588100016117096
YOR087W,YGR225W,0,-2.7314777,0.11959287524223328,0.7990000247955322,0.5881999731063843
YBR098W,YMR172W,0,-2.731621,0.11957497894763947,0.7990000247955322,0.5882999897003174
YOL094C,YLR239C,0,-2.731908,0.11955708265304565,0.7990000247955322,0.5884000062942505
YHL002W,YOL093W,0,-2.73193,0.11953920125961304,0.7990000247955322,0.5885000228881836
YOR160W,YGR163W,0,-2.732062,0.11952131986618042,0.7990000247955322,0.5885999798774719
YLR081W,YDR466W,0,-2.7324684,0.1195034384727478,0.7990000247955322,0.588699996471405
YDR254W,YOL059W,0,-2.732639,0.11948557198047638,0.7990000247955322,0.5888000130653381
YER029C,YEL006W,0,-2.7329648,0.11946770548820496,0.7990000247955322,0.5889000296592712
YJL069C,YDR138W,0,-2.7332845,0.11944984644651413,0.7990000247955322,0.5889999866485596
YMR221C,YPL116W,0,-2.7333918,0.1194319874048233,0.7990000247955322,0.5891000032424927
YNL328C,YDR268W,0,-2.7335103,0.11941413581371307,0.7990000247955322,0.5892000198364258
YOR123C,YLR144C,0,-2.733579,0.11939629167318344,0.7990000247955322,0.5892999768257141
YML070W,YLR265C,0,-2.7336588,0.1193784549832344,0.7990000247955322,0.5893999934196472
YNL298W,YLR414C,0,-2.7336633,0.11936061829328537,0.7990000247955322,0.5895000100135803
YPL122C,YJR147W,0,-2.733746,0.11934279650449753,0.7990000247955322,0.5896000266075134
YFR031C,YBR191W,0,-2.7339947,0.11932496726512909,0.7990000247955322,0.5896999835968018
YOR094W,YJR108W,0,-2.73403,0.11930715292692184,0.7990000247955322,0.5898000001907349
YLR367W,YNL297C,0,-2.7341635,0.1192893385887146,0.7990000247955322,0.589900016784668
YFR019W,YBL075C,0,-2.7341793,0.11927153170108795,0.7990000247955322,0.5899999737739563
YMR048W,YNL271C,0,-2.7344983,0.1192537322640419,0.7990000247955322,0.5900999903678894
YDL202W,YDR464W,0,-2.7345426,0.11923593282699585,0.7990000247955322,0.5902000069618225
YIL155C,YLR353W,0,-2.7346146,0.1192181408405304,0.7990000247955322,0.5903000235557556
YGL053W,YDL122W,1,-2.7348034,0.11934954673051834,0.800000011920929,0.5903000235557556
YNL186W,YNR028W,0,-2.734934,0.1193317398428917,0.800000011920929,0.590399980545044
YHR138C,YFL009W,0,-2.7353137,0.11931394785642624,0.800000011920929,0.590499997138977
YDR439W,YML065W,0,-2.7353435,0.11929615586996078,0.800000011920929,0.5906000137329102
YOR148C,YHR073W,0,-2.7354927,0.11927836388349533,0.800000011920929,0.5906999707221985
YER148W,YDR429C,0,-2.7355134,0.11926058679819107,0.800000011920929,0.5907999873161316
YOR339C,YLR227C,0,-2.73559,0.11924280971288681,0.800000011920929,0.5909000039100647
YOR068C,YLL051C,0,-2.7356734,0.11922504007816315,0.800000011920929,0.5910000205039978
YOR060C,YLR286C,1,-2.735714,0.11935628205537796,0.8009999990463257,0.5910000205039978
YBR041W,YHR089C,0,-2.7358024,0.1193384975194931,0.8009999990463257,0.5910999774932861
YMR040W,YOR020C,0,-2.7360566,0.11932072043418884,0.8009999990463257,0.5911999940872192
YBR031W,YNL239W,0,-2.736206,0.11930295079946518,0.8009999990463257,0.5913000106811523
YOR030W,YER131W,0,-2.7362149,0.11928518116474152,0.8009999990463257,0.5914000272750854
YDR304C,YNR019W,1,-2.7364056,0.11941631883382797,0.8019999861717224,0.5914000272750854
YBR086C,YGR162W,0,-2.7364438,0.11939854174852371,0.8019999861717224,0.5914999842643738
YOL133W,YML040W,0,-2.7367394,0.11938076466321945,0.8019999861717224,0.5916000008583069
YOL165C,YOL090W,0,-2.7370505,0.11936300247907639,0.8019999861717224,0.59170001745224
YGL075C,YOR297C,0,-2.7370598,0.11934524029493332,0.8019999861717224,0.5917999744415283
YLR032W,YDL220C,0,-2.7371967,0.11932747811079025,0.8019999861717224,0.5918999910354614
YJR125C,YPR194C,0,-2.7374735,0.11930973082780838,0.8019999861717224,0.5920000076293945
YGR271W,YNL094W,0,-2.7378223,0.11929198354482651,0.8019999861717224,0.5921000242233276
YDR256C,YNL135C,0,-2.7380087,0.11927424371242523,0.8019999861717224,0.592199981212616
YKL095W,YPL157W,0,-2.7380416,0.11925650388002396,0.8019999861717224,0.5922999978065491
YBR205W,YPL254W,0,-2.738291,0.11923877149820328,0.8019999861717224,0.5924000144004822
YLR115W,YMR058W,0,-2.7382944,0.1192210465669632,0.8019999861717224,0.5924999713897705
YBR283C,YLR286C,1,-2.7385135,0.11935196071863174,0.8029999732971191,0.5924999713897705
YMR195W,YER094C,0,-2.738571,0.11933422833681107,0.8029999732971191,0.5925999879837036
YKL003C,YIL119C,0,-2.7386148,0.11931649595499039,0.8029999732971191,0.5927000045776367
YGL092W,YGL071W,0,-2.7387428,0.11929876357316971,0.8029999732971191,0.5928000211715698
YOR067C,YDR302W,1,-2.738922,0.1194295883178711,0.8040000200271606,0.5928000211715698
YGR284C,YHR090C,0,-2.7391026,0.11941184848546982,0.8040000200271606,0.5928999781608582
YIL093C,YPR134W,0,-2.7391818,0.11939411610364914,0.8040000200271606,0.5929999947547913
YDR421W,YPL097W,0,-2.7393043,0.11937639117240906,0.8040000200271606,0.5931000113487244
YLR032W,YNL288W,0,-2.7394288,0.11935866624116898,0.8040000200271606,0.5932000279426575
YJR150C,YIL048W,0,-2.7395,0.11934095621109009,0.8040000200271606,0.5932999849319458
YLL061W,YNR011C,0,-2.7396312,0.1193232387304306,0.8040000200271606,0.5934000015258789
YNL186W,YJR017C,0,-2.739639,0.11930553615093231,0.8040000200271606,0.593500018119812
YPL024W,YHR164C,0,-2.7397318,0.11928783357143402,0.8040000200271606,0.5935999751091003
YGR116W,YLR208W,0,-2.7397501,0.11927013844251633,0.8040000200271606,0.5936999917030334
YOR057W,YOL041C,0,-2.7399235,0.11925245076417923,0.8040000200271606,0.5938000082969666
YLR386W,YHR139C,0,-2.7399423,0.11923476308584213,0.8040000200271606,0.5939000248908997
YHR108W,YER049W,0,-2.7400024,0.11921708285808563,0.8040000200271606,0.593999981880188
YHR197W,YJL118W,0,-2.740042,0.11919941008090973,0.8040000200271606,0.5940999984741211
YNR013C,YMR125W,0,-2.7401085,0.11918173730373383,0.8040000200271606,0.5942000150680542
YDL078C,YNL270C,0,-2.7401803,0.11916407197713852,0.8040000200271606,0.5942999720573425
YDR235W,YKR072C,0,-2.7402923,0.11914641410112381,0.8040000200271606,0.5943999886512756
YNL232W,YIL160C,0,-2.7403896,0.1191287562251091,0.8040000200271606,0.5945000052452087
YBR060C,YDR405W,0,-2.740435,0.11911111325025558,0.8040000200271606,0.5946000218391418
YER014W,YHL001W,0,-2.7408123,0.11909347027540207,0.8040000200271606,0.5946999788284302
YKL222C,YHR011W,0,-2.7408373,0.11907582730054855,0.8040000200271606,0.5947999954223633
YER001W,YDR165W,0,-2.7408376,0.11905819922685623,0.8040000200271606,0.5949000120162964
YGR247W,YGL206C,0,-2.7408729,0.11904057115316391,0.8040000200271606,0.5950000286102295
YIL010W,YAL044C,0,-2.7409,0.11902294307947159,0.8040000200271606,0.5950999855995178
YMR154C,YNL004W,0,-2.7412,0.11900532990694046,0.8040000200271606,0.5952000021934509
YGR199W,YHR060W,1,-2.7412038,0.11913570761680603,0.8050000071525574,0.5952000021934509
YMR208W,YKR087C,0,-2.7412355,0.11911807954311371,0.8050000071525574,0.595300018787384
YMR153W,YDR117C,0,-2.741249,0.11910045892000198,0.8050000071525574,0.5953999757766724
YJL207C,YPR163C,0,-2.7412558,0.11908283829689026,0.8050000071525574,0.5954999923706055
YBL074C,YPR106W,0,-2.741347,0.11906522512435913,0.8050000071525574,0.5956000089645386
YGL029W,YOL109W,0,-2.7414374,0.1190476194024086,0.8050000071525574,0.5957000255584717
YMR114C,YDR316W,0,-2.741861,0.11903001368045807,0.8050000071525574,0.59579998254776
YJL020C,YDR377W,0,-2.7420554,0.11901241540908813,0.8050000071525574,0.5958999991416931
YEL004W,YOR092W,1,-2.7421086,0.11914264410734177,0.8059999942779541,0.5958999991416931
YAL041W,YKR007W,0,-2.7421515,0.11912503838539124,0.8059999942779541,0.5960000157356262
YER062C,YDR283C,0,-2.7422535,0.1191074326634407,0.8059999942779541,0.5960999727249146
YMR117C,YOL026C,0,-2.742563,0.11908983439207077,0.8059999942779541,0.5961999893188477
YNR049C,YLR233C,0,-2.7426455,0.11907224357128143,0.8059999942779541,0.5963000059127808
YLL009C,YJL031C,0,-2.74265,0.1190546527504921,0.8059999942779541,0.5964000225067139
YOR370C,YJR017C,0,-2.7426984,0.11903706938028336,0.8059999942779541,0.5964999794960022
YDL225W,YDL083C,0,-2.742809,0.11901949346065521,0.8059999942779541,0.5965999960899353
YLR388W,YKL060C,0,-2.7428195,0.11900191754102707,0.8059999942779541,0.5967000126838684
YIL140W,YHR187W,0,-2.7430418,0.11898434907197952,0.8059999942779541,0.5968000292778015
YLL056C,YGL185C,0,-2.7434523,0.11896678805351257,0.8059999942779541,0.5968999862670898
YER052C,YNL166C,0,-2.743481,0.11894923448562622,0.8059999942779541,0.597000002861023
YDR450W,YNL116W,0,-2.743519,0.11893168091773987,0.8059999942779541,0.597100019454956
YOL122C,YEL066W,0,-2.7435818,0.11891413480043411,0.8059999942779541,0.5971999764442444
YKL079W,YBR068C,0,-2.7436063,0.11889659613370895,0.8059999942779541,0.5972999930381775
YBR022W,YDR229W,0,-2.7438142,0.1188790574669838,0.8059999942779541,0.5974000096321106
YBL058W,YAL026C,0,-2.7438583,0.11886152625083923,0.8059999942779541,0.5975000262260437
YLR011W,YDR247W,0,-2.7438653,0.11884400248527527,0.8059999942779541,0.597599983215332
YNL293W,YLR048W,0,-2.744099,0.1188264787197113,0.8059999942779541,0.5976999998092651
YPR008W,YDL214C,0,-2.7441123,0.11880896240472794,0.8059999942779541,0.5978000164031982
YPL092W,YKL172W,0,-2.7442238,0.11879145354032516,0.8059999942779541,0.5978999733924866
YMR311C,YIL084C,0,-2.744312,0.1187739446759224,0.8059999942779541,0.5979999899864197
YOR181W,YJL041W,0,-2.744641,0.11875644326210022,0.8059999942779541,0.5981000065803528
YOL017W,YDR472W,0,-2.7446597,0.11873894929885864,0.8059999942779541,0.5982000231742859
YIL056W,YNL009W,0,-2.7447164,0.11872146278619766,0.8059999942779541,0.5982999801635742
YOL103W,YML080W,0,-2.744756,0.11870397627353668,0.8059999942779541,0.5983999967575073
YNR022C,YOL141W,0,-2.7449794,0.1186864972114563,0.8059999942779541,0.5985000133514404
YJL096W,YDR046C,0,-2.7450755,0.11866902559995651,0.8059999942779541,0.5985999703407288
YDL246C,YBR143C,0,-2.7451255,0.11865155398845673,0.8059999942779541,0.5986999869346619
YHR006W,YDL058W,0,-2.7451828,0.11863408982753754,0.8059999942779541,0.598800003528595
YGR010W,YML109W,0,-2.745291,0.11861663311719894,0.8059999942779541,0.5989000201225281
YPL208W,YLL057C,0,-2.7453182,0.11859917640686035,0.8059999942779541,0.5989999771118164
YJL192C,YML067C,1,-2.7455297,0.11872885376214981,0.8069999814033508,0.5989999771118164
YLR213C,YOR384W,0,-2.7459736,0.11871138215065002,0.8069999814033508,0.5990999937057495
YHR077C,YDR378C,0,-2.7460515,0.11869392544031143,0.8069999814033508,0.5992000102996826
YKL079W,YDR130C,0,-2.7461004,0.11867646872997284,0.8069999814033508,0.5993000268936157
YDR103W,YGR225W,0,-2.7461145,0.11865901947021484,0.8069999814033508,0.599399983882904
YPL241C,YFL044C,0,-2.7463486,0.11864157766103745,0.8069999814033508,0.5995000004768372
YFL031W,YOR211C,0,-2.74635,0.11862413585186005,0.8069999814033508,0.5996000170707703
YNL103W,YKL052C,0,-2.746457,0.11860670149326324,0.8069999814033508,0.5996999740600586
YDR405W,YBL009W,0,-2.746577,0.11858927458524704,0.8069999814033508,0.5997999906539917
YOL018C,YGL174W,0,-2.7466004,0.11857184767723083,0.8069999814033508,0.5999000072479248
YGR247W,YHR119W,0,-2.7468278,0.11855442821979523,0.8069999814033508,0.6000000238418579
YNL274C,YLR439W,0,-2.747196,0.11853701621294022,0.8069999814033508,0.6000999808311462
YMR287C,YKL173W,0,-2.7474494,0.1185196042060852,0.8069999814033508,0.6001999974250793
YMR165C,YMR071C,0,-2.7478251,0.11850219964981079,0.8069999814033508,0.6003000140190125
YGL099W,YDR459C,0,-2.7478483,0.11848480254411697,0.8069999814033508,0.6003999710083008
YDR416W,YMR266W,0,-2.7479346,0.11846741288900375,0.8069999814033508,0.6004999876022339
YHR084W,YPR155C,0,-2.7479482,0.11845002323389053,0.8069999814033508,0.600600004196167
YLR102C,YIL105C,0,-2.7479522,0.11843264102935791,0.8069999814033508,0.6007000207901001
YMR037C,YNL312W,0,-2.7485068,0.11841525882482529,0.8069999814033508,0.6007999777793884
YGR116W,YDR117C,0,-2.7487836,0.11839788407087326,0.8069999814033508,0.6008999943733215
YCR042C,YKL081W,0,-2.7489617,0.11838051676750183,0.8069999814033508,0.6010000109672546
YGL093W,YOR188W,0,-2.7490041,0.118363156914711,0.8069999814033508,0.6011000275611877
YDL065C,YJL090C,0,-2.7490172,0.11834579706192017,0.8069999814033508,0.6011999845504761
YIR019C,YEL060C,0,-2.7490518,0.11832844465970993,0.8069999814033508,0.6013000011444092
YMR129W,YER029C,0,-2.7490761,0.11831109970808029,0.8069999814033508,0.6014000177383423
YLR350W,YNR019W,1,-2.7491066,0.11844033747911453,0.8080000281333923,0.6014000177383423
YKL149C,YBR212W,0,-2.7493584,0.1184229776263237,0.8080000281333923,0.6014999747276306
YAL051W,YPR138C,0,-2.7493722,0.11840562522411346,0.8080000281333923,0.6015999913215637
YBR069C,YMR237W,0,-2.7494364,0.11838828027248383,0.8080000281333923,0.6017000079154968
YIL097W,YLL038C,0,-2.749554,0.11837093532085419,0.8080000281333923,0.6018000245094299
YPL181W,YHR138C,0,-2.7497227,0.11835359781980515,0.8080000281333923,0.6018999814987183
YJL013C,YOR290C,0,-2.7498279,0.1183362603187561,0.8080000281333923,0.6019999980926514
YMR061W,YIL132C,0,-2.7498531,0.11831893026828766,0.8080000281333923,0.6021000146865845
YBR267W,YGL234W,0,-2.749919,0.11830160766839981,0.8080000281333923,0.6021999716758728
YML032C,YIL052C,0,-2.7503376,0.11828429251909256,0.8080000281333923,0.6022999882698059
YDR285W,YNL116W,0,-2.7503989,0.11826697736978531,0.8080000281333923,0.602400004863739
YBR060C,YNL268W,0,-2.750408,0.11824966967105865,0.8080000281333923,0.6025000214576721
YLR414C,YMR302C,0,-2.7504082,0.1182323694229126,0.8080000281333923,0.6025999784469604
YPR095C,YHR067W,0,-2.7504623,0.11821506917476654,0.8080000281333923,0.6026999950408936
YOL003C,YPL274W,0,-2.7509038,0.11819777637720108,0.8080000281333923,0.6028000116348267
YBR207W,YGL162W,0,-2.7510626,0.11818049103021622,0.8080000281333923,0.6029000282287598
YNL250W,YOR377W,0,-2.7511516,0.11816320568323135,0.8080000281333923,0.6029999852180481
YOR260W,YDL236W,0,-2.7515137,0.11814592778682709,0.8080000281333923,0.6031000018119812
YOL110W,YBR229C,1,-2.7515852,0.11827485263347626,0.8090000152587891,0.6031000018119812
YER041W,YOL104C,0,-2.751775,0.1182575672864914,0.8090000152587891,0.6032000184059143
YBR256C,YOR110W,0,-2.7517939,0.11824028193950653,0.8090000152587891,0.6032999753952026
YHR169W,YOR222W,0,-2.7518165,0.11822300404310226,0.8090000152587891,0.6033999919891357
YGL172W,YPR121W,0,-2.7520008,0.118205726146698,0.8090000152587891,0.6035000085830688
YJL191W,YDL246C,0,-2.7521632,0.11818845570087433,0.8090000152587891,0.603600025177002
YGL078C,YCR040W,0,-2.7522871,0.11817119270563126,0.8090000152587891,0.6036999821662903
YJL103C,YLR307W,0,-2.7524774,0.11815393716096878,0.8090000152587891,0.6037999987602234
YPR189W,YLR120C,0,-2.7526271,0.1181366816163063,0.8090000152587891,0.6039000153541565
YLR439W,YBR248C,0,-2.7526867,0.11811943352222443,0.8090000152587891,0.6039999723434448
YJL128C,YDR192C,0,-2.7527149,0.11810219287872314,0.8090000152587891,0.6040999889373779
YDR162C,YMR247C,0,-2.752848,0.11808495223522186,0.8090000152587891,0.604200005531311
YEL050C,YBL004W,0,-2.7528594,0.11806771904230118,0.8090000152587891,0.6043000221252441
YHR086W,YJL087C,0,-2.7528617,0.1180504858493805,0.8090000152587891,0.6043999791145325
YMR232W,YDR011W,0,-2.7528727,0.118033267557621,0.8090000152587891,0.6044999957084656
YGR042W,YOR328W,0,-2.752878,0.11801604926586151,0.8090000152587891,0.6046000123023987
YJR158W,YFR055W,0,-2.7530468,0.11799883097410202,0.8090000152587891,0.6047000288963318
YNL261W,YBR035C,0,-2.753081,0.11798162758350372,0.8090000152587891,0.6047999858856201
YIR010W,YGL179C,0,-2.7531059,0.11796442419290543,0.8090000152587891,0.6049000024795532
YKR061W,YGL105W,0,-2.753322,0.11794722080230713,0.8090000152587891,0.6050000190734863
YJL020C,YPL246C,0,-2.7534444,0.11793003231287003,0.8090000152587891,0.6050999760627747
YBR183W,YDL121C,1,-2.7534945,0.11805859208106995,0.8100000023841858,0.6050999760627747
YDL160C,YKR082W,0,-2.7534997,0.11804138869047165,0.8100000023841858,0.6051999926567078
YOR014W,YKL026C,0,-2.7535279,0.11802418529987335,0.8100000023841858,0.6053000092506409
YHR051W,YDR192C,0,-2.7537663,0.11800698935985565,0.8100000023841858,0.605400025844574
YIR010W,YOR194C,0,-2.7538302,0.11798980087041855,0.8100000023841858,0.6054999828338623
YPR055W,YCR082W,0,-2.754093,0.11797261983156204,0.8100000023841858,0.6055999994277954
YML049C,YNL239W,0,-2.7541134,0.11795543879270554,0.8100000023841858,0.6057000160217285
YBL010C,YPL007C,0,-2.7541823,0.11793826520442963,0.8100000023841858,0.6057999730110168
YER113C,YGL021W,0,-2.7542007,0.11792109161615372,0.8100000023841858,0.60589998960495
YAR018C,YDR480W,0,-2.7542017,0.117903932929039,0.8100000023841858,0.6060000061988831
YCR033W,YPL210C,0,-2.754279,0.11788676679134369,0.8100000023841858,0.6061000227928162
YAL022C,YIL101C,0,-2.7547746,0.11786961555480957,0.8100000023841858,0.6061999797821045
YOR094W,YNL293W,0,-2.7547858,0.11785246431827545,0.8100000023841858,0.6062999963760376
YJL219W,YMR215W,0,-2.7551823,0.11783532053232193,0.8100000023841858,0.6064000129699707
YIL046W,YNL064C,0,-2.7552958,0.117818184196949,0.8100000023841858,0.6065000295639038
YHR158C,YGR147C,0,-2.7553582,0.11780104786157608,0.8100000023841858,0.6065999865531921
YPL149W,YIL154C,0,-2.755376,0.11778391897678375,0.8100000023841858,0.6067000031471252
YDR306C,YDR253C,0,-2.7554219,0.11776679009199142,0.8100000023841858,0.6068000197410583
YPR201W,YHR216W,0,-2.7554958,0.11774967610836029,0.8100000023841858,0.6068999767303467
YER040W,YDR273W,0,-2.7557096,0.11773255467414856,0.8100000023841858,0.6069999933242798
YOR338W,YDR316W,0,-2.7557766,0.11771544814109802,0.8100000023841858,0.6071000099182129
YHR031C,YOL105C,0,-2.756103,0.11769834160804749,0.8100000023841858,0.607200026512146
YOL004W,YJL035C,0,-2.756636,0.11768124252557755,0.8100000023841858,0.6072999835014343
YDL133C-A,YML078W,0,-2.756652,0.1176641508936882,0.8100000023841858,0.6074000000953674
YLR244C,YNL062C,0,-2.7568834,0.11764705926179886,0.8100000023841858,0.6075000166893005
YBR024W,YPL246C,0,-2.7571514,0.11762997508049011,0.8100000023841858,0.6075999736785889
YLR147C,YEL071W,0,-2.7571743,0.11761289089918137,0.8100000023841858,0.607699990272522
YKL020C,YGR105W,1,-2.7572467,0.11774099618196487,0.8109999895095825,0.607699990272522
YNR064C,YOR020C,0,-2.7574246,0.11772390455007553,0.8109999895095825,0.6078000068664551
YOR256C,YPL128C,0,-2.7580407,0.11770682036876678,0.8109999895095825,0.6079000234603882
YOR349W,YDL031W,0,-2.7581027,0.11768974363803864,0.8109999895095825,0.6079999804496765
YBL024W,YMR133W,0,-2.7583327,0.11767266690731049,0.8109999895095825,0.6080999970436096
YFL013C,YDR486C,0,-2.758351,0.11765559017658234,0.8109999895095825,0.6082000136375427
YKL173W,YKL145W,0,-2.7584288,0.11763852834701538,0.8109999895095825,0.608299970626831
YOR369C,YML115C,0,-2.758818,0.11762146651744843,0.8109999895095825,0.6083999872207642
YOL144W,YMR273C,0,-2.759037,0.11760440468788147,0.8109999895095825,0.6085000038146973
YOR094W,YGR004W,0,-2.759124,0.11758735775947571,0.8109999895095825,0.6086000204086304
YPL163C,YOL127W,0,-2.7592003,0.11757031083106995,0.8109999895095825,0.6086999773979187
YML007W,YIR041W,0,-2.7595491,0.11755327135324478,0.8109999895095825,0.6087999939918518
YIR037W,YBL016W,0,-2.759617,0.11753623187541962,0.8109999895095825,0.6089000105857849
YOR172W,YDR188W,0,-2.759837,0.11751919984817505,0.8109999895095825,0.609000027179718
YER176W,YLR330W,0,-2.759957,0.11750217527151108,0.8109999895095825,0.6090999841690063
YOR201C,YDR258C,0,-2.7603362,0.1174851506948471,0.8109999895095825,0.6092000007629395
YLR007W,YBR143C,0,-2.7604632,0.11746813356876373,0.8109999895095825,0.6093000173568726
YBL088C,YFR048W,0,-2.7605212,0.11745112389326096,0.8109999895095825,0.6093999743461609
YIL160C,YNL094W,0,-2.7606823,0.11743411421775818,0.8109999895095825,0.609499990940094
YHR168W,YER113C,0,-2.7608147,0.117417111992836,0.8109999895095825,0.6096000075340271
YHR036W,YGL051W,1,-2.7609155,0.11754487454891205,0.8119999766349792,0.6096000075340271
YEL016C,YLL038C,0,-2.7611196,0.11752786487340927,0.8119999766349792,0.6097000241279602
YKL099C,YDR448W,0,-2.7611501,0.1175108551979065,0.8119999766349792,0.6097999811172485
YOL042W,YNL133C,0,-2.761258,0.11749385297298431,0.8119999766349792,0.6098999977111816
YBL004W,YDR443C,0,-2.761307,0.11747685074806213,0.8119999766349792,0.6100000143051147
YGR162W,YML001W,0,-2.7614272,0.11745985597372055,0.8119999766349792,0.6100999712944031
YIR025W,YLR079W,0,-2.7615926,0.11744286864995956,0.8119999766349792,0.6101999878883362
YOR073W,YCR082W,0,-2.7617784,0.11742588877677917,0.8119999766349792,0.6103000044822693
YDR211W,YML009C,0,-2.7619913,0.11740890890359879,0.8119999766349792,0.6104000210762024
YGR063C,YLL060C,0,-2.7619994,0.11739193648099899,0.8119999766349792,0.6104999780654907
YCR040W,YOR315W,0,-2.7620714,0.1173749640583992,0.8119999766349792,0.6105999946594238
YPL147W,YLL036C,0,-2.762225,0.11735799908638,0.8119999766349792,0.6107000112533569
YNL070W,YNL231C,0,-2.7624738,0.1173410415649414,0.8119999766349792,0.61080002784729
YGL029W,YGR211W,0,-2.762562,0.11732408404350281,0.8119999766349792,0.6108999848365784
YOL084W,YER179W,0,-2.7626336,0.1173071339726448,0.8119999766349792,0.6110000014305115
YPL001W,YNL133C,0,-2.7627509,0.1172901913523674,0.8119999766349792,0.6111000180244446
YPL053C,YHR152W,0,-2.7628906,0.11727324873209,0.8119999766349792,0.6111999750137329
YGR171C,YPL259C,0,-2.7632663,0.11725632101297379,0.8119999766349792,0.611299991607666
YGL098W,YDR200C,1,-2.7634459,0.11738377064466476,0.8130000233650208,0.611299991607666
YDR105C,YDR313C,0,-2.7636309,0.11736682802438736,0.8130000233650208,0.6114000082015991
YML041C,YKL113C,0,-2.763788,0.11734988540410995,0.8130000233650208,0.6115000247955322
YDR512C,YLR406C,0,-2.7638023,0.11733295023441315,0.8130000233650208,0.6115999817848206
YAL056W,YGR056W,0,-2.7640414,0.11731601506471634,0.8130000233650208,0.6116999983787537
YOR273C,YOL141W,0,-2.7642157,0.11729908734560013,0.8130000233650208,0.6118000149726868
YIR038C,YGR172C,1,-2.7643664,0.11742642521858215,0.8140000104904175,0.6118000149726868
YGL192W,YCR016W,0,-2.7647798,0.11740949004888535,0.8140000104904175,0.6118999719619751
YDR052C,YLR435W,0,-2.7649355,0.11739255487918854,0.8140000104904175,0.6119999885559082
YEL063C,YLR452C,0,-2.7652054,0.11737562716007233,0.8140000104904175,0.6121000051498413
YKL157W,YAL041W,0,-2.7653117,0.11735870689153671,0.8140000104904175,0.6122000217437744
YPL060W,YBL013W,0,-2.76533,0.1173417940735817,0.8140000104904175,0.6122999787330627
YLL043W,YDL039C,0,-2.7654865,0.11732487380504608,0.8140000104904175,0.6123999953269958
YMR306W,YHR163W,0,-2.7657046,0.11730796843767166,0.8140000104904175,0.612500011920929
YMR299C,YMR208W,0,-2.76577,0.11729106307029724,0.8140000104904175,0.6126000285148621
YGL144C,YGR283C,0,-2.7659032,0.11727416515350342,0.8140000104904175,0.6126999855041504
YNL116W,YFR016C,0,-2.765965,0.11725727468729019,0.8140000104904175,0.6128000020980835
YBR086C,YMR069W,0,-2.7661235,0.11724038422107697,0.8140000104904175,0.6129000186920166
YPL194W,YHR149C,0,-2.7662346,0.11722350120544434,0.8140000104904175,0.6129999756813049
YDR121W,YDR272W,0,-2.7662601,0.1172066256403923,0.8140000104904175,0.613099992275238
YBR260C,YHR064C,0,-2.7662632,0.11718975007534027,0.8140000104904175,0.6132000088691711
YCR036W,YNL093W,0,-2.7665179,0.11717288196086884,0.8140000104904175,0.6133000254631042
YEL016C,YCR082W,0,-2.7665832,0.1171560138463974,0.8140000104904175,0.6133999824523926
YHR186C,YMR164C,0,-2.7666082,0.11713915318250656,0.8140000104904175,0.6134999990463257
YDR460W,YIL035C,0,-2.76663,0.11712229996919632,0.8140000104904175,0.6136000156402588
YNR035C,YLR045C,0,-2.7669036,0.11710545420646667,0.8140000104904175,0.6136999726295471
YHR047C,YMR153W,0,-2.7670681,0.11708860844373703,0.8140000104904175,0.6137999892234802
YDR083W,YMR192W,0,-2.7673242,0.11707177013158798,0.8140000104904175,0.6139000058174133
YMR238W,YDR027C,0,-2.7675197,0.11705493181943893,0.8140000104904175,0.6140000224113464
YPL237W,YJL154C,0,-2.7676728,0.11703810095787048,0.8140000104904175,0.6140999794006348
YPR154W,YDR389W,0,-2.7676785,0.11702127754688263,0.8140000104904175,0.6141999959945679
YKR069W,YOL105C,0,-2.7677405,0.11700445413589478,0.8140000104904175,0.614300012588501
YKR013W,YPL188W,0,-2.7677534,0.11698763817548752,0.8140000104904175,0.6144000291824341
YOL122C,YPL106C,0,-2.7677953,0.11697082966566086,0.8140000104904175,0.6144999861717224
YKL074C,YDL045W-A,0,-2.767841,0.1169540211558342,0.8140000104904175,0.6146000027656555
YAL022C,YBR084W,0,-2.767929,0.11693722009658813,0.8140000104904175,0.6147000193595886
YDR402C,YOR101W,0,-2.7679365,0.11692042648792267,0.8140000104904175,0.614799976348877
YPL158C,YOL041C,0,-2.767955,0.1169036328792572,0.8140000104904175,0.6148999929428101
YEL003W,YJR048W,0,-2.7679749,0.11688684672117233,0.8140000104904175,0.6150000095367432
YGR278W,YJR068W,0,-2.76804,0.11687006801366806,0.8140000104904175,0.6151000261306763
YGL162W,YDL132W,0,-2.7680714,0.11685328930616379,0.8140000104904175,0.6151999831199646
YOR357C,YPR145W,0,-2.7684784,0.11683651804924011,0.8140000104904175,0.6152999997138977
YJL124C,YLR015W,0,-2.7686827,0.11681974679231644,0.8140000104904175,0.6154000163078308
YML120C,YNL116W,0,-2.7688088,0.11680298298597336,0.8140000104904175,0.6154999732971191
YNL310C,YGR234W,0,-2.7689483,0.11678622663021088,0.8140000104904175,0.6155999898910522
YGR234W,YDR159W,0,-2.7690103,0.1167694702744484,0.8140000104904175,0.6157000064849854
YOR269W,YNL315C,0,-2.7690523,0.1167527288198471,0.8140000104904175,0.6158000230789185
YHR019C,YOL165C,0,-2.7692585,0.11673597991466522,0.8140000104904175,0.6158999800682068
YNL251C,YDL030W,0,-2.7694159,0.11671924591064453,0.8140000104904175,0.6159999966621399
YDL120W,YJR045C,0,-2.769539,0.11670251190662384,0.8140000104904175,0.616100013256073
YBL037W,YLR300W,0,-2.7695665,0.11668577790260315,0.8140000104904175,0.6161999702453613
YLR004C,YMR022W,1,-2.7697532,0.11681238561868668,0.8149999976158142,0.6161999702453613
YBR058C-A,YGL208W,0,-2.769934,0.11679564416408539,0.8149999976158142,0.6162999868392944
YAL022C,YER094C,0,-2.770023,0.1167789101600647,0.8149999976158142,0.6164000034332275
YCL035C,YGR118W,0,-2.7700474,0.116762176156044,0.8149999976158142,0.6165000200271606
YDL190C,YDR423C,0,-2.770653,0.11674544960260391,0.8149999976158142,0.616599977016449
YKL003C,YLR176C,0,-2.771149,0.11672873049974442,0.8149999976158142,0.6166999936103821
YNL192W,YLR457C,0,-2.771176,0.11671201139688492,0.8149999976158142,0.6168000102043152
YOR090C,YGL071W,0,-2.7715416,0.11669530719518661,0.8149999976158142,0.6169000267982483
YBR030W,YML077W,0,-2.7717423,0.11667859554290771,0.8149999976158142,0.6169999837875366
YPR100W,YOL113W,0,-2.7718942,0.11666189879179001,0.8149999976158142,0.6171000003814697
YPL007C,YGR111W,0,-2.7720134,0.1166451945900917,0.8149999976158142,0.6172000169754028
YBR095C,YOR269W,0,-2.7720554,0.1166285052895546,0.8149999976158142,0.6172999739646912
YOR246C,YML009C,0,-2.7721462,0.11661181598901749,0.8149999976158142,0.6173999905586243
YHR186C,YNL306W,0,-2.772251,0.11659513413906097,0.8149999976158142,0.6175000071525574
YEL065W,YKL089W,0,-2.7726982,0.11657845973968506,0.8149999976158142,0.6176000237464905
YER036C,YGR096W,0,-2.7729373,0.11656178534030914,0.8149999976158142,0.6176999807357788
YDR108W,YBL022C,0,-2.7729623,0.11654511839151382,0.8149999976158142,0.6177999973297119
YMR179W,YLR325C,0,-2.7731955,0.1165284514427185,0.8149999976158142,0.617900013923645
YLR382C,YOR179C,0,-2.7733877,0.11651179194450378,0.8149999976158142,0.6179999709129333
YKL054C,YER146W,0,-2.7737885,0.11649513989686966,0.8149999976158142,0.6180999875068665
YGR109C,YDL245C,0,-2.7738407,0.11647848784923553,0.8149999976158142,0.6182000041007996
YLR308W,YKL081W,0,-2.7738435,0.116461843252182,0.8149999976158142,0.6183000206947327
YMR070W,YER009W,0,-2.7738621,0.11644520610570908,0.8149999976158142,0.618399977684021
YGL169W,YNL213C,0,-2.7741797,0.11642856895923615,0.8149999976158142,0.6184999942779541
YMR037C,YKR006C,0,-2.7744396,0.11641193926334381,0.8149999976158142,0.6186000108718872
YER143W,YDR256C,0,-2.77453,0.11639531701803207,0.8149999976158142,0.6187000274658203
YNL318C,YCR061W,0,-2.7745416,0.11637869477272034,0.8149999976158142,0.6187999844551086
YNR022C,YER006W,0,-2.7749872,0.1163620799779892,0.8149999976158142,0.6189000010490417
YDR235W,YBR257W,0,-2.7751033,0.11634546518325806,0.8149999976158142,0.6190000176429749
YIL038C,YJL031C,0,-2.7752087,0.11632885783910751,0.8149999976158142,0.6190999746322632
YNL177C,YGL026C,0,-2.7754302,0.11631225794553757,0.8149999976158142,0.6191999912261963
YML054C,YNL188W,0,-2.7754698,0.11629566550254822,0.8149999976158142,0.6193000078201294
YDR436W,YML115C,0,-2.7755988,0.11627907305955887,0.8149999976158142,0.6194000244140625
YBR045C,YMR067C,0,-2.7756217,0.11626248061656952,0.8149999976158142,0.6194999814033508
YGR096W,YOL078W,0,-2.7756505,0.11624589562416077,0.8149999976158142,0.6195999979972839
YDL236W,YOL145C,0,-2.775728,0.11622931808233261,0.8149999976158142,0.619700014591217
YIR010W,YHR086W,0,-2.776152,0.11621274799108505,0.8149999976158142,0.6197999715805054
YNL262W,YPL153C,0,-2.776346,0.1161961778998375,0.8149999976158142,0.6198999881744385
YPL267W,YJL042W,0,-2.7765846,0.11617961525917053,0.8149999976158142,0.6200000047683716
YFR008W,YML073C,0,-2.7769506,0.11616305261850357,0.8149999976158142,0.6201000213623047
YDR279W,YOL063C,0,-2.7769623,0.1161465048789978,0.8149999976158142,0.620199978351593
YBL076C,YNL175C,0,-2.777022,0.11612994968891144,0.8149999976158142,0.6202999949455261
YJL048C,YDL097C,0,-2.777136,0.11611340939998627,0.8149999976158142,0.6204000115394592
YGL131C,YPR095C,0,-2.7772305,0.1160968691110611,0.8149999976158142,0.6205000281333923
YPR198W,YJR134C,0,-2.777579,0.11608032882213593,0.8149999976158142,0.6205999851226807
YBL026W,YPR009W,0,-2.7776146,0.11606379598379135,0.8149999976158142,0.6207000017166138
YGL157W,YOR084W,0,-2.7779925,0.11604727059602737,0.8149999976158142,0.6208000183105469
YBR031W,YJR120W,0,-2.778126,0.116030752658844,0.8149999976158142,0.6208999752998352
YFR008W,YMR197C,0,-2.7781775,0.11601423472166061,0.8149999976158142,0.6209999918937683
YDR219C,YLR185W,0,-2.7782466,0.11599772423505783,0.8149999976158142,0.6211000084877014
YMR052W,YNL038W,1,-2.7783995,0.11612351983785629,0.8159999847412109,0.6211000084877014
YMR104C,YLR320W,0,-2.778403,0.11610700190067291,0.8159999847412109,0.6212000250816345
YBR215W,YOR386W,0,-2.7785118,0.11609048396348953,0.8159999847412109,0.6212999820709229
YGR054W,YJL071W,0,-2.77856,0.11607396602630615,0.8159999847412109,0.621399998664856
YGR220C,YDR140W,0,-2.7786329,0.11605746299028397,0.8159999847412109,0.6215000152587891
YMR013C,YAL028W,1,-2.7787397,0.11618316173553467,0.8169999718666077,0.6215000152587891
YGR271W,YKR019C,0,-2.778929,0.11616664379835129,0.8169999718666077,0.6215999722480774
YDR237W,YBR153W,0,-2.7789476,0.11615012586116791,0.8169999718666077,0.6216999888420105
YNR074C,YDR536W,0,-2.779065,0.11613361537456512,0.8169999718666077,0.6218000054359436
YPR018W,YMR092C,0,-2.7798145,0.11611711233854294,0.8169999718666077,0.6219000220298767
YER176W,YHR030C,0,-2.7798417,0.11610060930252075,0.8169999718666077,0.621999979019165
YNL245C,YGR194C,0,-2.7799435,0.11608411371707916,0.8169999718666077,0.6220999956130981
YKL002W,YDR160W,0,-2.7800663,0.11606762558221817,0.8169999718666077,0.6222000122070312
YLR426W,YMR304W,0,-2.7800698,0.11605113744735718,0.8169999718666077,0.6223000288009644
YOL103W,YJR152W,0,-2.7802007,0.11603465676307678,0.8169999718666077,0.6223999857902527
YDR541C,YMR306W,0,-2.780239,0.11601817607879639,0.8169999718666077,0.6225000023841858
YMR308C,YLL048C,0,-2.780336,0.11600170284509659,0.8169999718666077,0.6226000189781189
YNL032W,YER164W,0,-2.7804463,0.11598523706197739,0.8169999718666077,0.6226999759674072
YMR180C,YHR216W,0,-2.7805872,0.11596877127885818,0.8169999718666077,0.6227999925613403
YBL088C,YLR019W,0,-2.780704,0.11595231294631958,0.8169999718666077,0.6229000091552734
YNL024C,YNL272C,0,-2.7810433,0.11593586206436157,0.8169999718666077,0.6230000257492065
YBR289W,YPR018W,0,-2.781169,0.11591941118240356,0.8169999718666077,0.6230999827384949
YLR453C,YDL108W,0,-2.781355,0.11590296775102615,0.8169999718666077,0.623199999332428
YJL029C,YMR021C,0,-2.7814748,0.11588652431964874,0.8169999718666077,0.6233000159263611
YAL055W,YLR098C,0,-2.7815392,0.11587008833885193,0.8169999718666077,0.6233999729156494
YJL102W,YLR109W,0,-2.781961,0.11585365980863571,0.8169999718666077,0.6234999895095825
YDL202W,YOR303W,0,-2.7822404,0.1158372312784195,0.8169999718666077,0.6236000061035156
YGR287C,YGR103W,0,-2.782357,0.11582081019878387,0.8169999718666077,0.6237000226974487
YKL129C,YAR019C,0,-2.782567,0.11580439656972885,0.8169999718666077,0.6237999796867371
YGR087C,YGR077C,0,-2.7825725,0.11578798294067383,0.8169999718666077,0.6238999962806702
YGR221C,YIL074C,0,-2.7827578,0.1157715767621994,0.8169999718666077,0.6240000128746033
YLR121C,YDR245W,0,-2.7827976,0.11575517058372498,0.8169999718666077,0.6241000294685364
YNL253W,YOL127W,0,-2.7828844,0.11573877185583115,0.8169999718666077,0.6241999864578247
YBR024W,YMR106C,0,-2.7830312,0.11572238057851791,0.8169999718666077,0.6243000030517578
YLR324W,YPR105C,0,-2.7831037,0.11570598930120468,0.8169999718666077,0.6244000196456909
YOR386W,YKL209C,0,-2.7831213,0.11568960547447205,0.8169999718666077,0.6244999766349792
YDL044C,YGR057C,0,-2.7831929,0.11567322909832001,0.8169999718666077,0.6245999932289124
YBR142W,YMR237W,0,-2.7832372,0.11565685272216797,0.8169999718666077,0.6247000098228455
YJR137C,YGL198W,0,-2.7833617,0.11564048379659653,0.8169999718666077,0.6248000264167786
YOR346W,YOR209C,0,-2.783765,0.11562411487102509,0.8169999718666077,0.6248999834060669
YDR310C,YKL204W,0,-2.7838533,0.11560775339603424,0.8169999718666077,0.625
YGR007W,YOL021C,0,-2.7839153,0.11559139937162399,0.8169999718666077,0.6251000165939331
YBR041W,YLR327C,0,-2.7840111,0.11557504534721375,0.8169999718666077,0.6251999735832214
YBR267W,YDR495C,0,-2.784044,0.1155586987733841,0.8169999718666077,0.6252999901771545
YEL057C,YMR261C,0,-2.7842247,0.11554235965013504,0.8169999718666077,0.6254000067710876
YJR145C,YLR026C,0,-2.784236,0.11552602052688599,0.8169999718666077,0.6255000233650208
YDL147W,YEL024W,0,-2.7845094,0.11550968140363693,0.8169999718666077,0.6255999803543091
YBR088C,YIL144W,0,-2.7846065,0.11549335718154907,0.8169999718666077,0.6256999969482422
YIL073C,YDR279W,0,-2.7850592,0.11547703295946121,0.8169999718666077,0.6258000135421753
YLR431C,YBR192W,0,-2.7851017,0.11546070873737335,0.8169999718666077,0.6258999705314636
YLR203C,YER094C,0,-2.7852156,0.11544439941644669,0.8169999718666077,0.6259999871253967
YKL112W,YGL233W,0,-2.7852407,0.11542809009552002,0.8169999718666077,0.6261000037193298
YKR072C,YDR446W,0,-2.7855346,0.11541178077459335,0.8169999718666077,0.6262000203132629
YDR400W,YGL099W,0,-2.785772,0.11539547890424728,0.8169999718666077,0.6262999773025513
YOR257W,YLR455W,0,-2.785919,0.11537918448448181,0.8169999718666077,0.6263999938964844
YOL044W,YGL064C,0,-2.786199,0.11536289006471634,0.8169999718666077,0.6265000104904175
YNL330C,YGR129W,0,-2.786306,0.11534660309553146,0.8169999718666077,0.6266000270843506
YHR091C,YBL008W,0,-2.7864592,0.11533032357692719,0.8169999718666077,0.6266999840736389
YEL030W,YPL218W,0,-2.7864707,0.1153140440583229,0.8169999718666077,0.626800000667572
YML012W,YOL115W,0,-2.7864883,0.11529777199029922,0.8169999718666077,0.6269000172615051
YKR060W,YIL080W,0,-2.7866013,0.11528149992227554,0.8169999718666077,0.6269999742507935
YMR092C,YHR052W,0,-2.7866108,0.11526523530483246,0.8169999718666077,0.6270999908447266
YDL133C-A,YOL061W,0,-2.7867696,0.11524897813796997,0.8169999718666077,0.6272000074386597
YBR267W,YML063W,0,-2.786795,0.11523272097110748,0.8169999718666077,0.6273000240325928
YLR134W,YOR090C,0,-2.7871668,0.11521647125482559,0.8169999718666077,0.6273999810218811
YOR221C,YKL138C,0,-2.7871807,0.1152002289891243,0.8169999718666077,0.6274999976158142
YNL300W,YLR109W,0,-2.7874324,0.115183986723423,0.8169999718666077,0.6276000142097473
YCR053W,YKL178C,0,-2.787492,0.11516774445772171,0.8169999718666077,0.6276999711990356
YKR058W,YGR268C,0,-2.7875817,0.11515151709318161,0.8169999718666077,0.6277999877929688
YGR257C,YPR201W,0,-2.7876422,0.11513528972864151,0.8169999718666077,0.6279000043869019
YHR150W,YNR064C,0,-2.7878497,0.11511906236410141,0.8169999718666077,0.628000020980835
YOR249C,YER119C,0,-2.7880878,0.1151028424501419,0.8169999718666077,0.6280999779701233
YMR125W,YOL063C,0,-2.788424,0.115086629986763,0.8169999718666077,0.6281999945640564
YMR311C,YAL021C,0,-2.7885473,0.11507042497396469,0.8169999718666077,0.6283000111579895
YKL038W,YPR190C,0,-2.7887187,0.11505421996116638,0.8169999718666077,0.6284000277519226
YLL057C,YKR009C,0,-2.7889555,0.11503801494836807,0.8169999718666077,0.6284999847412109
YLR040C,YGR225W,0,-2.7892375,0.11502182483673096,0.8169999718666077,0.628600001335144
YIL022W,YPL038W,0,-2.7893007,0.11500562727451324,0.8169999718666077,0.6287000179290771
YDR005C,YPL160W,0,-2.7894275,0.11498944461345673,0.8169999718666077,0.6287999749183655
YGR224W,YGL243W,0,-2.7897017,0.11497326195240021,0.8169999718666077,0.6288999915122986
YNL152W,YDL075W,0,-2.789736,0.11495708674192429,0.8169999718666077,0.6290000081062317
YCL008C,YJL179W,0,-2.7897556,0.11494091153144836,0.8169999718666077,0.6291000247001648
YHR023W,YIL062C,0,-2.7898338,0.11492474377155304,0.8169999718666077,0.6291999816894531
YLR059C,YCR106W,0,-2.7898533,0.11490857601165771,0.8169999718666077,0.6292999982833862
YCR036W,YMR192W,0,-2.790213,0.11489242315292358,0.8169999718666077,0.6294000148773193
YBL041W,YDR471W,0,-2.7903097,0.11487626284360886,0.8169999718666077,0.6294999718666077
YBR162W-A,YMR305C,1,-2.790468,0.11500070244073868,0.8180000185966492,0.6294999718666077
YDL216C,YOL041C,0,-2.7906682,0.11498453468084335,0.8180000185966492,0.6295999884605408
YFR036W,YBR088C,0,-2.7908242,0.11496837437152863,0.8180000185966492,0.6297000050544739
YDR261C,YLR403W,0,-2.7908294,0.1149522215127945,0.8180000185966492,0.629800021648407
YOR198C,YDR072C,0,-2.790885,0.11493606865406036,0.8180000185966492,0.6298999786376953
YLL048C,YER126C,0,-2.7909853,0.11491992324590683,0.8180000185966492,0.6299999952316284
YHR084W,YDR466W,0,-2.7911043,0.1149037778377533,0.8180000185966492,0.6301000118255615
YDR207C,YGR082W,0,-2.7913558,0.11488763988018036,0.8180000185966492,0.6302000284194946
YMR232W,YAL026C,0,-2.7914972,0.11487150937318802,0.8180000185966492,0.630299985408783
YBL025W,YLR304C,0,-2.7915297,0.11485537886619568,0.8180000185966492,0.6304000020027161
YHR090C,YNR047W,0,-2.7918103,0.11483925580978394,0.8180000185966492,0.6305000185966492
YPL001W,YOR081C,0,-2.7919056,0.11482313275337219,0.8180000185966492,0.6305999755859375
YJL059W,YLR189C,0,-2.7919834,0.11480701714754105,0.8180000185966492,0.6306999921798706
YOR133W,YER002W,0,-2.7922783,0.1147909089922905,0.8180000185966492,0.6308000087738037
YDL149W,YLR466W,0,-2.7922888,0.11477480083703995,0.8180000185966492,0.6309000253677368
YIL035C,YKR099W,0,-2.7923806,0.11475870013237,0.8180000185966492,0.6309999823570251
YOR040W,YDL075W,0,-2.7924497,0.11474259942770004,0.8180000185966492,0.6310999989509583
YCL035C,YNL233W,0,-2.7924628,0.11472650617361069,0.8180000185966492,0.6312000155448914
YJL097W,YDL122W,1,-2.7924755,0.11485065519809723,0.8190000057220459,0.6312000155448914
YJL001W,YCR024C-A,0,-2.7926295,0.11483454704284668,0.8190000057220459,0.6312999725341797
YMR065W,YAL053W,1,-2.7928326,0.11495864391326904,0.8199999928474426,0.6312999725341797
YER106W,YOR112W,0,-2.7930596,0.1149425283074379,0.8199999928474426,0.6313999891281128
YJL197W,YGR264C,0,-2.7935085,0.11492642015218735,0.8199999928474426,0.6315000057220459
YGL162W,YDR072C,0,-2.7936594,0.1149103119969368,0.8199999928474426,0.631600022315979
YKR002W,YKL140W,0,-2.794047,0.11489421129226685,0.8199999928474426,0.6316999793052673
YBR023C,YCR038C,0,-2.7940474,0.11487811803817749,0.8199999928474426,0.6317999958992004
YDR062W,YJL080C,1,-2.7940629,0.1150021031498909,0.8209999799728394,0.6317999958992004
YDR219C,YNR011C,0,-2.794157,0.11498599499464035,0.8209999799728394,0.6319000124931335
YJL087C,YMR237W,0,-2.7942092,0.1149698942899704,0.8209999799728394,0.6320000290870667
YMR299C,YGL219C,0,-2.7942698,0.11495379358530045,0.8209999799728394,0.632099986076355
YPR151C,YPL096W,0,-2.7943168,0.11493770033121109,0.8209999799728394,0.6322000026702881
YBR048W,YOL152W,0,-2.7943459,0.11492161452770233,0.8209999799728394,0.6323000192642212
YOR172W,YBR034C,0,-2.7946002,0.11490552872419357,0.8209999799728394,0.6323999762535095
YLR425W,YOR043W,0,-2.7947097,0.11488945037126541,0.8209999799728394,0.6324999928474426
YOR094W,YNR055C,0,-2.7947376,0.11487337201833725,0.8209999799728394,0.6326000094413757
YDR186C,YML062C,0,-2.7947738,0.11485730111598969,0.8209999799728394,0.6327000260353088
YNL106C,YOL141W,0,-2.7948182,0.11484123766422272,0.8209999799728394,0.6327999830245972
YDR460W,YDL022W,0,-2.7948487,0.11482517421245575,0.8209999799728394,0.6328999996185303
YML101C,YHR036W,1,-2.7949045,0.11494895815849304,0.8220000267028809,0.6328999996185303
YMR047C,YGR096W,0,-2.7950556,0.11493288725614548,0.8220000267028809,0.6330000162124634
YDR207C,YPL214C,0,-2.795126,0.11491681635379791,0.8220000267028809,0.6330999732017517
YHR006W,YGL206C,0,-2.7952392,0.11490075290203094,0.8220000267028809,0.6331999897956848
YOR126C,YIL053W,0,-2.795443,0.11488469690084457,0.8220000267028809,0.6333000063896179
YNL219C,YNL038W,1,-2.7956343,0.1150083839893341,0.8230000138282776,0.6333000063896179
YGL027C,YKR022C,1,-2.7956736,0.11513204127550125,0.8240000009536743,0.6333000063896179
YIL076W,YIL041W,0,-2.7958868,0.11511595547199249,0.8240000009536743,0.633400022983551
YNL102W,YPL090C,0,-2.7960563,0.11509987711906433,0.8240000009536743,0.6334999799728394
YKL149C,YMR005W,0,-2.7960892,0.11508379876613617,0.8240000009536743,0.6335999965667725
YDR463W,YML109W,0,-2.7961793,0.1150677278637886,0.8240000009536743,0.6337000131607056
YDL178W,YKL013C,0,-2.7962658,0.11505166441202164,0.8240000009536743,0.6338000297546387
YGL251C,YOL078W,0,-2.796458,0.11503560096025467,0.8240000009536743,0.633899986743927
YDL128W,YGR086C,0,-2.7964947,0.1150195449590683,0.8240000009536743,0.6340000033378601
YDR251W,YGL232W,0,-2.796582,0.11500348895788193,0.8240000009536743,0.6341000199317932
YLR411W,YDR507C,0,-2.7966306,0.11498744040727615,0.8240000009536743,0.6341999769210815
YER011W,YDR212W,0,-2.7966955,0.11497139930725098,0.8240000009536743,0.6342999935150146
YJR144W,YKL113C,0,-2.7968152,0.1149553582072258,0.8240000009536743,0.6344000101089478
YPL220W,YDR245W,0,-2.7968152,0.11493932455778122,0.8240000009536743,0.6345000267028809
YER058W,YBR296C,0,-2.7968898,0.11492329090833664,0.8240000009536743,0.6345999836921692
YML058W,YEL071W,0,-2.7969828,0.11490726470947266,0.8240000009536743,0.6347000002861023
YKL063C,YJR135C,0,-2.7970228,0.11489124596118927,0.8240000009536743,0.6348000168800354
YJR060W,YOL009C,0,-2.797209,0.11487522721290588,0.8240000009536743,0.6348999738693237
YEL017C-A,YER129W,0,-2.7972481,0.1148592159152031,0.8240000009536743,0.6349999904632568
YLR107W,YIL062C,0,-2.797398,0.1148432046175003,0.8240000009536743,0.6351000070571899
YFR044C,YNR046W,0,-2.7975056,0.11482720077037811,0.8240000009536743,0.635200023651123
YER124C,YPR086W,0,-2.7975333,0.11481120437383652,0.8240000009536743,0.6352999806404114
YGR260W,YGL259W,0,-2.797747,0.11479520797729492,0.8240000009536743,0.6353999972343445
YNL252C,YLR034C,0,-2.7978046,0.11477921903133392,0.8240000009536743,0.6355000138282776
YGL033W,YKR061W,0,-2.7985861,0.11476323008537292,0.8240000009536743,0.6355999708175659
YIL033C,YPR188C,0,-2.7986143,0.11474724858999252,0.8240000009536743,0.635699987411499
YIL020C,YBR081C,0,-2.7987614,0.11473127454519272,0.8240000009536743,0.6358000040054321
YGL158W,YPL060W,0,-2.7988298,0.11471530050039291,0.8240000009536743,0.6359000205993652
YNR019W,YJR088C,1,-2.7989998,0.11483853310346603,0.824999988079071,0.6359000205993652
YGL211W,YLR048W,0,-2.7992969,0.11482254415750504,0.824999988079071,0.6359999775886536
YJR025C,YLR069C,0,-2.7994382,0.11480657011270523,0.824999988079071,0.6360999941825867
YBR272C,YCR093W,0,-2.7994585,0.11479059606790543,0.824999988079071,0.6362000107765198
YDR296W,YNL333W,0,-2.799503,0.11477462202310562,0.824999988079071,0.6363000273704529
YPL024W,YJL012C,0,-2.8000004,0.11475865542888641,0.824999988079071,0.6363999843597412
YNL268W,YLL008W,0,-2.800403,0.1147426962852478,0.824999988079071,0.6365000009536743
YGL010W,YML067C,1,-2.8005042,0.11486580222845078,0.8259999752044678,0.6365000009536743
YIL038C,YPR119W,0,-2.8006818,0.11484983563423157,0.8259999752044678,0.6366000175476074
YBR182C,YDR443C,0,-2.8007462,0.11483386904001236,0.8259999752044678,0.6366999745368958
YBL088C,YML005W,0,-2.8008034,0.11481790244579315,0.8259999752044678,0.6367999911308289
YHR028C,YMR179W,0,-2.800811,0.11480194330215454,0.8259999752044678,0.636900007724762
YGL158W,YDL031W,0,-2.8012202,0.11478599160909653,0.8259999752044678,0.6370000243186951
YOR329C,YMR247C,0,-2.8015149,0.11477003991603851,0.8259999752044678,0.6370999813079834
YOL123W,YPR189W,0,-2.8015392,0.1147540956735611,0.8259999752044678,0.6371999979019165
YEL016C,YJL011C,0,-2.8017027,0.11473815888166428,0.8259999752044678,0.6373000144958496
YPR160W,YOL039W,0,-2.8018086,0.11472222208976746,0.8259999752044678,0.6373999714851379
YNL298W,YJL196C,0,-2.8020594,0.11470629274845123,0.8259999752044678,0.637499988079071
YIL018W,YKR089C,0,-2.8021355,0.11469036340713501,0.8259999752044678,0.6376000046730042
YMR020W,YJL154C,0,-2.8021603,0.11467444151639938,0.8259999752044678,0.6377000212669373
YIL004C,YOR044W,1,-2.802181,0.11479733139276505,0.8270000219345093,0.6377000212669373
YGL035C,YAR002W,0,-2.8022978,0.11478140205144882,0.8270000219345093,0.6377999782562256
YOR078W,YML049C,0,-2.802322,0.1147654727101326,0.8270000219345093,0.6378999948501587
YOR181W,YLR095C,0,-2.8024302,0.11474955081939697,0.8270000219345093,0.6380000114440918
YGL210W,YMR287C,0,-2.8025157,0.11473362892866135,0.8270000219345093,0.6381000280380249
YFR055W,YLR135W,0,-2.8026578,0.11471771448850632,0.8270000219345093,0.6381999850273132
YDR255C,YHR209W,0,-2.8027384,0.11470180004835129,0.8270000219345093,0.6383000016212463
YML123C,YPL254W,0,-2.802862,0.11468589305877686,0.8270000219345093,0.6384000182151794
YML007W,YFL053W,0,-2.8030283,0.11466999351978302,0.8270000219345093,0.6384999752044678
YNL221C,YIR021W,0,-2.8031895,0.11465409398078918,0.8270000219345093,0.6385999917984009
YLR023C,YLR292C,1,-2.803352,0.11477681994438171,0.828000009059906,0.6385999917984009
YLR176C,YKR072C,0,-2.803374,0.11476091295480728,0.828000009059906,0.638700008392334
YDR081C,YBL072C,0,-2.803479,0.11474501341581345,0.828000009059906,0.6388000249862671
YPL040C,YLL004W,0,-2.8039424,0.11472911387681961,0.828000009059906,0.6388999819755554
YDL082W,YLL035W,0,-2.8040445,0.11471321433782578,0.828000009059906,0.6389999985694885
YLR266C,YFL034C-B,0,-2.8041587,0.11469732969999313,0.828000009059906,0.6391000151634216
YDR184C,YER109C,0,-2.804332,0.1146814376115799,0.828000009059906,0.63919997215271
YOR176W,YJL069C,0,-2.8043392,0.11466556042432785,0.828000009059906,0.6392999887466431
YNR074C,YPL024W,0,-2.8044646,0.1146496832370758,0.828000009059906,0.6394000053405762
YGR056W,YIL158W,0,-2.8044746,0.11463380604982376,0.828000009059906,0.6395000219345093
YLR178C,YHR146W,0,-2.8046317,0.11461794376373291,0.828000009059906,0.6395999789237976
YKL022C,YDR039C,0,-2.8048017,0.11460207402706146,0.828000009059906,0.6396999955177307
YMR286W,YBR261C,0,-2.8052208,0.11458621919155121,0.828000009059906,0.6398000121116638
YBL006C,YMR173W,0,-2.8052218,0.11457036435604095,0.828000009059906,0.6399000287055969
YER014W,YNL093W,0,-2.8052883,0.1145545095205307,0.828000009059906,0.6399999856948853
YFL023W,YML091C,0,-2.8054008,0.11453866213560104,0.828000009059906,0.6401000022888184
YDR176W,YLR409C,0,-2.8054452,0.11452282220125198,0.828000009059906,0.6402000188827515
YEL064C,YKR022C,1,-2.8055708,0.11464527994394302,0.8289999961853027,0.6402000188827515
YDR108W,YBR143C,0,-2.8056607,0.11462942510843277,0.8289999961853027,0.6402999758720398
YCR053W,YKL108W,0,-2.80567,0.11461357772350311,0.8289999961853027,0.6403999924659729
YNR031C,YOL021C,0,-2.805905,0.11459773033857346,0.8289999961853027,0.640500009059906
YLR313C,YOR250C,0,-2.8059626,0.1145818904042244,0.8289999961853027,0.6406000256538391
YBR213W,YLR300W,0,-2.8059962,0.11456605792045593,0.8289999961853027,0.6406999826431274
YDR386W,YGL021W,0,-2.8060162,0.11455022543668747,0.8289999961853027,0.6407999992370605
YGR229C,YOR341W,0,-2.8061028,0.1145344004034996,0.8289999961853027,0.6409000158309937
YER176W,YPL097W,0,-2.8061783,0.11451858282089233,0.8289999961853027,0.640999972820282
YDR218C,YJR049C,0,-2.806214,0.11450276523828506,0.8289999961853027,0.6410999894142151
YHR172W,YGL100W,0,-2.8063357,0.1144869476556778,0.8289999961853027,0.6412000060081482
YJL071W,YHR160C,0,-2.8067744,0.11447113752365112,0.8289999961853027,0.6413000226020813
YKL096W-A,YDR386W,0,-2.8068497,0.11445533484220505,0.8289999961853027,0.6413999795913696
YPL055C,YNL062C,0,-2.8069274,0.11443953961133957,0.8289999961853027,0.6414999961853027
YLR037C,YKL092C,0,-2.8070362,0.1144237369298935,0.8289999961853027,0.6416000127792358
YLR038C,YIL118W,0,-2.8070781,0.11440794914960861,0.8289999961853027,0.641700029373169
YHR124W,YOR362C,0,-2.80713,0.11439216136932373,0.8289999961853027,0.6417999863624573
YDR088C,YKL150W,0,-2.807521,0.11437638103961945,0.8289999961853027,0.6419000029563904
YOR145C,YGR054W,0,-2.8080773,0.11436060070991516,0.8289999961853027,0.6420000195503235
YPL057C,YER028C,0,-2.8081048,0.11434482783079147,0.8289999961853027,0.6420999765396118
YDL036C,YDR245W,0,-2.8081152,0.11432905495166779,0.8289999961853027,0.6421999931335449
YJL178C,YLR003C,0,-2.80826,0.1143132895231247,0.8289999961853027,0.642300009727478
YLR201C,YIL128W,0,-2.8086457,0.1142975315451622,0.8289999961853027,0.6424000263214111
YKL002W,YLR226W,0,-2.808692,0.11428177356719971,0.8289999961853027,0.6424999833106995
YPL001W,YLR120C,0,-2.8087647,0.11426602303981781,0.8289999961853027,0.6425999999046326
YDL035C,YKR101W,0,-2.8088605,0.11425027251243591,0.8289999961853027,0.6427000164985657
YHL038C,YER118C,0,-2.8088903,0.11423452943563461,0.8289999961853027,0.642799973487854
YKR098C,YLR432W,0,-2.8091242,0.11421879380941391,0.8289999961853027,0.6428999900817871
YJL196C,YLR455W,0,-2.8094044,0.1142030581831932,0.8289999961853027,0.6430000066757202
YFL049W,YPL060W,0,-2.8094804,0.1141873300075531,0.8289999961853027,0.6431000232696533
YFR025C,YLL021W,0,-2.8098462,0.114171601831913,0.8289999961853027,0.6431999802589417
YER112W,YDL036C,0,-2.809877,0.11415588110685349,0.8289999961853027,0.6432999968528748
YDR469W,YHR148W,0,-2.8099227,0.11414016038179398,0.8289999961853027,0.6434000134468079
YPL237W,YPR100W,0,-2.8099298,0.11412444710731506,0.8289999961853027,0.6434999704360962
YLR467W,YNL286W,0,-2.8099525,0.11410874128341675,0.8289999961853027,0.6435999870300293
YAR014C,YLR192C,0,-2.8099973,0.11409303545951843,0.8289999961853027,0.6437000036239624
YER089C,YDL217C,0,-2.8100772,0.11407733708620071,0.8289999961853027,0.6438000202178955
YGR244C,YJR042W,0,-2.8100908,0.114061638712883,0.8289999961853027,0.6438999772071838
YLR383W,YGR077C,0,-2.8101294,0.11404594779014587,0.8289999961853027,0.6439999938011169
YGL161C,YKL190W,0,-2.810144,0.11403026431798935,0.8289999961853027,0.64410001039505
YPR082C,YKR029C,0,-2.810157,0.11401458084583282,0.8289999961853027,0.6442000269889832
YOR383C,YOL117W,0,-2.8101695,0.1139988973736763,0.8289999961853027,0.6442999839782715
YOL026C,YDL213C,0,-2.8102021,0.11398322880268097,0.8289999961853027,0.6444000005722046
YPL024W,YHL007C,0,-2.810315,0.11396755278110504,0.8289999961853027,0.6445000171661377
YLR212C,YDR192C,0,-2.810324,0.11395189166069031,0.8289999961853027,0.644599974155426
YOL034W,YPL194W,0,-2.8103938,0.11393623054027557,0.8289999961853027,0.6446999907493591
YDR208W,YOR001W,0,-2.8104422,0.11392056941986084,0.8289999961853027,0.6448000073432922
YLR380W,YNL001W,0,-2.8105996,0.1139049157500267,0.8289999961853027,0.6449000239372253
YMR053C,YBL093C,0,-2.8107064,0.11388926953077316,0.8289999961853027,0.6449999809265137
YLR405W,YMR021C,0,-2.811148,0.11387362331151962,0.8289999961853027,0.6450999975204468
YNL070W,YFL060C,0,-2.8112535,0.11385798454284668,0.8289999961853027,0.6452000141143799
YKL052C,YPR023C,0,-2.8112776,0.11384235322475433,0.8289999961853027,0.6452999711036682
YKL092C,YGR155W,0,-2.8115494,0.11382672190666199,0.8289999961853027,0.6453999876976013
YFR021W,YHR075C,0,-2.8116212,0.11381109058856964,0.8289999961853027,0.6455000042915344
YMR025W,YOL030W,0,-2.8117259,0.11379546672105789,0.8289999961853027,0.6456000208854675
YKL060C,YDR443C,0,-2.8117795,0.11377985030412674,0.8289999961853027,0.6456999778747559
YBL080C,YDL074C,0,-2.812091,0.11376424133777618,0.8289999961853027,0.645799994468689
YIL125W,YIL114C,0,-2.8122408,0.11374862492084503,0.8289999961853027,0.6459000110626221
YER027C,YDR103W,0,-2.8124924,0.11373302340507507,0.8289999961853027,0.6460000276565552
YCL014W,YLR385C,0,-2.813165,0.11371742188930511,0.8289999961853027,0.6460999846458435
YHR133C,YML029W,1,-2.8133488,0.11383897811174393,0.8299999833106995,0.6460999846458435
YLR432W,YHR021C,0,-2.8134565,0.11382336914539337,0.8299999833106995,0.6462000012397766
YGR215W,YER093C,0,-2.8135397,0.11380776017904282,0.8299999833106995,0.6463000178337097
YNL148C,YER147C,0,-2.8137777,0.11379215866327286,0.8299999833106995,0.646399974822998
YOR158W,YPR124W,0,-2.814275,0.1137765571475029,0.8299999833106995,0.6464999914169312
YHR064C,YPR188C,0,-2.814296,0.11376096308231354,0.8299999833106995,0.6466000080108643
YDR201W,YPR167C,0,-2.8146033,0.11374537646770477,0.8299999833106995,0.6467000246047974
YHR171W,YGL105W,0,-2.8150911,0.11372978985309601,0.8299999833106995,0.6467999815940857
YPL150W,YPR005C,0,-2.815205,0.11371421068906784,0.8299999833106995,0.6468999981880188
YBL057C,YGR135W,0,-2.8153791,0.11369863152503967,0.8299999833106995,0.6470000147819519
YGR224W,YLL003W,0,-2.8154833,0.1136830598115921,0.8299999833106995,0.6470999717712402
YJR029W,YER149C,0,-2.815485,0.11366748809814453,0.8299999833106995,0.6471999883651733
YBR191W,YJR001W,0,-2.8155308,0.11365192383527756,0.8299999833106995,0.6473000049591064
YEL062W,YKL101W,0,-2.815619,0.11363636702299118,0.8299999833106995,0.6474000215530396
YOR061W,YKR013W,0,-2.8156414,0.1136208102107048,0.8299999833106995,0.6474999785423279
YBL100W-A,YGR145W,0,-2.8158174,0.11360525339841843,0.8299999833106995,0.647599995136261
YPR075C,YMR208W,0,-2.8158486,0.11358971148729324,0.8299999833106995,0.6477000117301941
YLR234W,YNR035C,0,-2.816088,0.11357416212558746,0.8299999833106995,0.6478000283241272
YDR512C,YDR369C,0,-2.8161223,0.11355862766504288,0.8299999833106995,0.6478999853134155
YER058W,YFR053C,0,-2.8162432,0.11354309320449829,0.8299999833106995,0.6480000019073486
YBR294W,YCL039W,0,-2.8165326,0.1135275587439537,0.8299999833106995,0.6481000185012817
YDR280W,YCR097W,0,-2.816603,0.11351203173398972,0.8299999833106995,0.6481999754905701
YBR031W,YIL114C,0,-2.8166301,0.11349651217460632,0.8299999833106995,0.6482999920845032
YHL002W,YMR135C,0,-2.8166735,0.11348099261522293,0.8299999833106995,0.6484000086784363
YNL330C,YBR165W,0,-2.8167713,0.11346548050642014,0.8299999833106995,0.6485000252723694
YPL021W,YFR055W,0,-2.8168242,0.11344997584819794,0.8299999833106995,0.6485999822616577
YOR247W,YGL071W,0,-2.816924,0.11343447118997574,0.8299999833106995,0.6486999988555908
YOR030W,YJR141W,0,-2.817036,0.11341896653175354,0.8299999833106995,0.6488000154495239
YLR084C,YOR267C,0,-2.8170443,0.11340346932411194,0.8299999833106995,0.6488999724388123
YFR008W,YPR120C,0,-2.8172195,0.11338797956705093,0.8299999833106995,0.6489999890327454
YDR088C,YJL074C,0,-2.817249,0.11337248980998993,0.8299999833106995,0.6491000056266785
YKL157W,YKR086W,0,-2.81728,0.11335700750350952,0.8299999833106995,0.6492000222206116
YMR146C,YOR227W,0,-2.8172925,0.11334152519702911,0.8299999833106995,0.6492999792098999
YDR013W,YJR147W,0,-2.8173213,0.1133260503411293,0.8299999833106995,0.649399995803833
YOR227W,YIL123W,0,-2.8174489,0.11331058293581009,0.8299999833106995,0.6495000123977661
YKR080W,YGL211W,0,-2.8176591,0.11329511553049088,0.8299999833106995,0.6496000289916992
YLL061W,YHR209W,0,-2.817662,0.11327964812517166,0.8299999833106995,0.6496999859809875
YFR021W,YHR160C,0,-2.8180761,0.11326419562101364,0.8299999833106995,0.6498000025749207
YNL069C,YNL332W,0,-2.818177,0.11324873566627502,0.8299999833106995,0.6499000191688538
YPR106W,YIL066C,0,-2.8183076,0.1132332906126976,0.8299999833106995,0.6499999761581421
YLR234W,YGL063W,0,-2.8184588,0.11321784555912018,0.8299999833106995,0.6500999927520752
YGL233W,YMR230W,0,-2.8185198,0.11320240050554276,0.8299999833106995,0.6502000093460083
YNL191W,YLR342W,0,-2.8187115,0.11318696290254593,0.8299999833106995,0.6503000259399414
YPL143W,YIL150C,0,-2.8188014,0.1131715327501297,0.8299999833106995,0.6503999829292297
YDR129C,YGL181W,0,-2.8189447,0.11315610259771347,0.8299999833106995,0.6504999995231628
YPR191W,YML069W,0,-2.819122,0.11314067244529724,0.8299999833106995,0.650600016117096
YBR008C,YOR141C,0,-2.8193076,0.1131252571940422,0.8299999833106995,0.6506999731063843
YBR215W,YGR129W,0,-2.819453,0.11310984194278717,0.8299999833106995,0.6507999897003174
YFR036W,YOR117W,0,-2.819615,0.11309442669153214,0.8299999833106995,0.6509000062942505
YHR051W,YEL034W,0,-2.8196976,0.1130790188908577,0.8299999833106995,0.6510000228881836
YGR135W,YML063W,0,-2.8197086,0.11306361854076385,0.8299999833106995,0.6510999798774719
YLR029C,YMR109W,0,-2.8200014,0.11304821819067001,0.8299999833106995,0.651199996471405
YJR158W,YHR067W,0,-2.8200245,0.11303281784057617,0.8299999833106995,0.6513000130653381
YKL149C,YHR111W,0,-2.8201182,0.11301743239164352,0.8299999833106995,0.6514000296592712
YPL132W,YOR143C,0,-2.820192,0.11300203949213028,0.8299999833106995,0.6514999866485596
YDR478W,YOL096C,0,-2.820316,0.11298666149377823,0.8299999833106995,0.6516000032424927
YER161C,YGR042W,0,-2.8203204,0.11297128349542618,0.8299999833106995,0.6517000198364258
YHR050W,YFL047W,0,-2.8203862,0.11295590549707413,0.8299999833106995,0.6517999768257141
YOR279C,YNL062C,0,-2.8203962,0.11294053494930267,0.8299999833106995,0.6518999934196472
YKL161C,YBR121C,0,-2.8204777,0.11292517185211182,0.8299999833106995,0.6520000100135803
YER114C,YKL035W,0,-2.8205268,0.11290980875492096,0.8299999833106995,0.6521000266075134
YNL133C,YML034W,0,-2.820549,0.1128944531083107,0.8299999833106995,0.6521999835968018
YGL244W,YLR079W,0,-2.8205972,0.11287909746170044,0.8299999833106995,0.6523000001907349
YJR022W,YHL007C,0,-2.8205998,0.11286374926567078,0.8299999833106995,0.652400016784668
YPL274W,YGR143W,0,-2.82077,0.11284840106964111,0.8299999833106995,0.6524999737739563
YNL246W,YCR038C,0,-2.8209865,0.11283306032419205,0.8299999833106995,0.6525999903678894
YLR221C,YDL245C,0,-2.821045,0.11281772702932358,0.8299999833106995,0.6527000069618225
YJR002W,YDR028C,0,-2.8213737,0.11280239373445511,0.8299999833106995,0.6528000235557556
YDR400W,YNL163C,0,-2.8214395,0.11278706043958664,0.8299999833106995,0.652899980545044
YPL126W,YLR417W,0,-2.8214447,0.11277174204587936,0.8299999833106995,0.652999997138977
YER111C,YLR068W,0,-2.8214934,0.11275641620159149,0.8299999833106995,0.6531000137329102
YKR046C,YLR431C,0,-2.8215082,0.11274110525846481,0.8299999833106995,0.6531999707221985
YFL004W,YJR058C,0,-2.8217208,0.11272579431533813,0.8299999833106995,0.6532999873161316
YJL176C,YJR153W,0,-2.8218324,0.11271048337221146,0.8299999833106995,0.6534000039100647
YJL048C,YGL195W,0,-2.821876,0.11269517987966537,0.8299999833106995,0.6535000205039978
YOR327C,YOL021C,0,-2.822505,0.11267988383769989,0.8299999833106995,0.6535999774932861
YOR369C,YLR039C,0,-2.8226092,0.1126645877957344,0.8299999833106995,0.6536999940872192
YLR381W,YER007C-A,0,-2.8227592,0.11264929175376892,0.8299999833106995,0.6538000106811523
YGR279C,YDL184C,0,-2.8227675,0.11263401061296463,0.8299999833106995,0.6539000272750854
YOR174W,YDR277C,0,-2.82317,0.11261872202157974,0.8299999833106995,0.6539999842643738
YJR150C,YPL169C,0,-2.8233652,0.11260344833135605,0.8299999833106995,0.6541000008583069
YHR008C,YKL086W,0,-2.8234546,0.11258817464113235,0.8299999833106995,0.65420001745224
YPL090C,YLR214W,0,-2.8235393,0.11257290095090866,0.8299999833106995,0.6542999744415283
YOR094W,YPL017C,0,-2.8237886,0.11255763471126556,0.8299999833106995,0.6543999910354614
YMR309C,YBR041W,0,-2.8239129,0.11254237592220306,0.8299999833106995,0.6545000076293945
YOR038C,YNL083W,0,-2.8240187,0.11252711713314056,0.8299999833106995,0.6546000242233276
YDR473C,YKR029C,0,-2.8240585,0.11251185834407806,0.8299999833106995,0.654699981212616
YPR112C,YDR251W,0,-2.8241458,0.11249661445617676,0.8299999833106995,0.6547999978065491
YLR248W,YIL143C,0,-2.8242962,0.11248136311769485,0.8299999833106995,0.6549000144004822
YKL172W,YDR400W,0,-2.8243694,0.11246612668037415,0.8299999833106995,0.6549999713897705
YCR037C,YLL026W,0,-2.8244398,0.11245089024305344,0.8299999833106995,0.6550999879837036
YGL116W,YIL061C,0,-2.8247793,0.11243565380573273,0.8299999833106995,0.6552000045776367
YGL212W,YKR066C,0,-2.8248098,0.11242042481899261,0.8299999833106995,0.6553000211715698
YKL093W,YHR026W,0,-2.824921,0.1124052032828331,0.8299999833106995,0.6553999781608582
YJR090C,YNL083W,0,-2.8249285,0.11238998174667358,0.8299999833106995,0.6554999947547913
YML048W,YER019C-A,1,-2.8249695,0.11251015216112137,0.8309999704360962,0.6554999947547913
YDR400W,YCR052W,0,-2.8252366,0.11249492317438126,0.8309999704360962,0.6556000113487244
YGR138C,YJR058C,0,-2.8252919,0.11247969418764114,0.8309999704360962,0.6557000279426575
YBR009C,YGR282C,0,-2.8252985,0.11246447265148163,0.8309999704360962,0.6557999849319458
YLR417W,YDL213C,0,-2.8254037,0.11244925856590271,0.8309999704360962,0.6559000015258789
YGL244W,YMR014W,0,-2.8254783,0.11243404448032379,0.8309999704360962,0.656000018119812
YKR061W,YMR273C,0,-2.82549,0.11241883039474487,0.8309999704360962,0.6560999751091003
YGR241C,YIR028W,0,-2.8258646,0.11240362375974655,0.8309999704360962,0.6561999917030334
YFR008W,YLR455W,0,-2.825865,0.11238842457532883,0.8309999704360962,0.6563000082969666
YIL078W,YPR190C,0,-2.8258667,0.1123732253909111,0.8309999704360962,0.6564000248908997
YBR031W,YMR081C,0,-2.8261163,0.11235803365707397,0.8309999704360962,0.656499981880188
YOL033W,YAL043C,0,-2.826606,0.11234284192323685,0.8309999704360962,0.6565999984741211
YGR204W,YLR307W,0,-2.826969,0.11232765763998032,0.8309999704360962,0.6567000150680542
YHR141C,YPL049C,0,-2.8272784,0.11231247335672379,0.8309999704360962,0.6567999720573425
YDR065W,YIL149C,0,-2.8272803,0.11229729652404785,0.8309999704360962,0.6568999886512756
YJR025C,YOR328W,0,-2.8273447,0.11228212714195251,0.8309999704360962,0.6570000052452087
YPL082C,YGR052W,0,-2.8273604,0.11226695775985718,0.8309999704360962,0.6571000218391418
YGL027C,YDL204W,1,-2.8274503,0.11238686740398407,0.8320000171661377,0.6571000218391418
YGR030C,YBL003C,0,-2.82756,0.11237169057130814,0.8320000171661377,0.6571999788284302
YCR098C,YBR142W,0,-2.8277853,0.1123565137386322,0.8320000171661377,0.6572999954223633
YBR236C,YPL009C,0,-2.8279314,0.11234134435653687,0.8320000171661377,0.6574000120162964
YIL020C,YKL095W,0,-2.8280962,0.11232617497444153,0.8320000171661377,0.6575000286102295
YNL047C,YBL069W,0,-2.8286173,0.11231101304292679,0.8320000171661377,0.6575999855995178
YPL198W,YMR072W,0,-2.8288395,0.11229585856199265,0.8320000171661377,0.6577000021934509
YHR026W,YOR298C-A,0,-2.828941,0.1122807040810585,0.8320000171661377,0.657800018787384
YDR081C,YPL011C,0,-2.8290217,0.11226554960012436,0.8320000171661377,0.6578999757766724
YLR417W,YNL068C,0,-2.8290906,0.11225040256977081,0.8320000171661377,0.6579999923706055
YPL131W,YDR097C,0,-2.82913,0.11223526298999786,0.8320000171661377,0.6581000089645386
YNL159C,YBL046W,0,-2.829158,0.11222012341022491,0.8320000171661377,0.6582000255584717
YDL044C,YDR310C,0,-2.8293664,0.11220499128103256,0.8320000171661377,0.65829998254776
YGR161C,YFR005C,0,-2.829377,0.11218985915184021,0.8320000171661377,0.6583999991416931
YDL064W,YOL104C,0,-2.8295538,0.11217473447322845,0.8320000171661377,0.6585000157356262
YGL179C,YPR086W,0,-2.8296087,0.1121596097946167,0.8320000171661377,0.6585999727249146
YFR014C,YJR112W,0,-2.82982,0.11214449256658554,0.8320000171661377,0.6586999893188477
YCL010C,YNL245C,0,-2.8298934,0.11212938278913498,0.8320000171661377,0.6588000059127808
YLR361C,YBR297W,0,-2.829983,0.11211427301168442,0.8320000171661377,0.6589000225067139
YPR046W,YLR406C,0,-2.8300154,0.11209916323423386,0.8320000171661377,0.6589999794960022
YOR144C,YCR027C,0,-2.830065,0.11208406090736389,0.8320000171661377,0.6590999960899353
YNL252C,YNR011C,0,-2.8300793,0.11206896603107452,0.8320000171661377,0.6592000126838684
YHR119W,YDR170C,0,-2.830122,0.11205387115478516,0.8320000171661377,0.6593000292778015
YDR281C,YFR030W,0,-2.8301814,0.11203878372907639,0.8320000171661377,0.6593999862670898
YNL154C,YDR538W,0,-2.8302433,0.11202369630336761,0.8320000171661377,0.659500002861023
YOR358W,YER036C,0,-2.8305492,0.11200861632823944,0.8320000171661377,0.659600019454956
YDR489W,YKR090W,0,-2.8308332,0.11199353635311127,0.8320000171661377,0.6596999764442444
YGR229C,YLL048C,0,-2.8309357,0.11197846382856369,0.8320000171661377,0.6597999930381775
YOL088C,YBR273C,1,-2.8310797,0.11209797114133835,0.8330000042915344,0.6597999930381775
YLR032W,YNL045W,0,-2.8311942,0.11208288371562958,0.8330000042915344,0.6599000096321106
YKL051W,YKL025C,0,-2.8312643,0.1120678037405014,0.8330000042915344,0.6600000262260437
YDR420W,YPR133C,0,-2.8315322,0.11205273121595383,0.8330000042915344,0.660099983215332
YIL035C,YNL318C,0,-2.8318384,0.11203765869140625,0.8330000042915344,0.6601999998092651
YNL098C,YHR050W,0,-2.8320093,0.11202259361743927,0.8330000042915344,0.6603000164031982
YOR047C,YDR421W,0,-2.8321338,0.11200752854347229,0.8330000042915344,0.6603999733924866
YOL143C,YPR124W,0,-2.8321397,0.11199247092008591,0.8330000042915344,0.6604999899864197
YBR136W,YIR012W,0,-2.8322124,0.11197741329669952,0.8330000042915344,0.6606000065803528
YKL155C,YGL203C,0,-2.8322828,0.11196236312389374,0.8330000042915344,0.6607000231742859
YGR278W,YDR170C,0,-2.8323445,0.11194732040166855,0.8330000042915344,0.6607999801635742
YNL262W,YMR168C,0,-2.8324132,0.11193227767944336,0.8330000042915344,0.6608999967575073
YGL249W,YNL251C,0,-2.832545,0.11191723495721817,0.8330000042915344,0.6610000133514404
YNL073W,YBR296C,0,-2.8326247,0.11190219968557358,0.8330000042915344,0.6610999703407288
YKL045W,YKR063C,0,-2.83268,0.11188717186450958,0.8330000042915344,0.6611999869346619
YGL212W,YOR132W,0,-2.83301,0.11187214404344559,0.8330000042915344,0.661300003528595
YHR202W,YJL164C,0,-2.8330457,0.11185712367296219,0.8330000042915344,0.6614000201225281
YJL012C,YOL146W,0,-2.8330796,0.11184210330247879,0.8330000042915344,0.6614999771118164
YJL061W,YGR003W,0,-2.8331225,0.11182709038257599,0.8330000042915344,0.6615999937057495
YGR215W,YER024W,0,-2.8331983,0.11181207746267319,0.8330000042915344,0.6617000102996826
YJL096W,YPL240C,0,-2.8332767,0.11179707199335098,0.8330000042915344,0.6618000268936157
YLR166C,YDL115C,0,-2.8333955,0.11178207397460938,0.8330000042915344,0.661899983882904
YGL234W,YJR112W,0,-2.8337655,0.11176707595586777,0.8330000042915344,0.6620000004768372
YGR084C,YFR009W,0,-2.8338928,0.11175207793712616,0.8330000042915344,0.6621000170707703
YBR092C,YBR081C,0,-2.833999,0.11173708736896515,0.8330000042915344,0.6621999740600586
YPL274W,YAL021C,0,-2.834184,0.11172210425138474,0.8330000042915344,0.6622999906539917
YPR166C,YOL068C,0,-2.8343382,0.11170712113380432,0.8330000042915344,0.6624000072479248
YPL121C,YNR011C,0,-2.8343413,0.1116921454668045,0.8330000042915344,0.6625000238418579
YOL017W,YEL032W,0,-2.8343608,0.11167716979980469,0.8330000042915344,0.6625999808311462
YNL312W,YPL194W,0,-2.8345213,0.11166220158338547,0.8330000042915344,0.6626999974250793
YDL153C,YLR081W,0,-2.8346121,0.11164723336696625,0.8330000042915344,0.6628000140190125
YPL283C,YOL103W,0,-2.834636,0.11163227260112762,0.8330000042915344,0.6628999710083008
YCR033W,YJR153W,0,-2.83465,0.111617311835289,0.8330000042915344,0.6629999876022339
YBL091C,YJL102W,0,-2.8348868,0.11160235852003098,0.8330000042915344,0.663100004196167
YEL006W,YLR141W,0,-2.834953,0.11158740520477295,0.8330000042915344,0.6632000207901001
YML062C,YJL087C,0,-2.835056,0.11157245934009552,0.8330000042915344,0.6632999777793884
YLR350W,YIL030C,1,-2.8351061,0.1116914451122284,0.8339999914169312,0.6632999777793884
YBR267W,YPL274W,0,-2.8351161,0.11167648434638977,0.8339999914169312,0.6633999943733215
YBR227C,YDR513W,0,-2.8352077,0.11166153103113174,0.8339999914169312,0.6635000109672546
YJR032W,YIR002C,0,-2.8353527,0.11164658516645432,0.8339999914169312,0.6636000275611877
YBL074C,YHR082C,0,-2.835358,0.11163163930177689,0.8339999914169312,0.6636999845504761
YMR255W,YDR325W,0,-2.8353732,0.11161670088768005,0.8339999914169312,0.6638000011444092
YDR531W,YBR067C,0,-2.8354752,0.11160176992416382,0.8339999914169312,0.6639000177383423
YAL068C,YDL101C,0,-2.836171,0.11158683151006699,0.8339999914169312,0.6639999747276306
YDR367W,YPR008W,0,-2.836325,0.11157190799713135,0.8339999914169312,0.6640999913215637
YGL105W,YCL034W,0,-2.836548,0.11155698448419571,0.8339999914169312,0.6642000079154968
YOR273C,YPL242C,0,-2.8367348,0.11154206097126007,0.8339999914169312,0.6643000245094299
YGL133W,YLR310C,0,-2.8367648,0.11152714490890503,0.8339999914169312,0.6643999814987183
YKL173W,YHR197W,0,-2.8367658,0.11151223629713058,0.8339999914169312,0.6644999980926514
YML064C,YKR087C,0,-2.837096,0.11149732768535614,0.8339999914169312,0.6646000146865845
YPL242C,YJL094C,0,-2.8372843,0.1114824190735817,0.8339999914169312,0.6646999716758728
YPR072W,YOR178C,0,-2.8374429,0.11146752536296844,0.8339999914169312,0.6647999882698059
YDR190C,YDR293C,0,-2.8374999,0.1114526242017746,0.8339999914169312,0.664900004863739
YER153C,YGL026C,0,-2.8375094,0.11143773049116135,0.8339999914169312,0.6650000214576721
YPL033C,YML009C,0,-2.8378572,0.11142284423112869,0.8339999914169312,0.6650999784469604
YNL328C,YCR092C,0,-2.838043,0.11140795797109604,0.8339999914169312,0.6651999950408936
YDL058W,YJL074C,0,-2.8381069,0.11139307916164398,0.8339999914169312,0.6653000116348267
YPL082C,YDR180W,0,-2.838211,0.11137820780277252,0.8339999914169312,0.6654000282287598
YER081W,YPR168W,0,-2.83823,0.11136333644390106,0.8339999914169312,0.6654999852180481
YPL105C,YPR134W,0,-2.838322,0.1113484650850296,0.8339999914169312,0.6656000018119812
YBR301W,YKL041W,0,-2.8383777,0.11133360117673874,0.8339999914169312,0.6657000184059143
YDL065C,YFR002W,0,-2.8384192,0.11131873726844788,0.8339999914169312,0.6657999753952026
YKR083C,YKL085W,0,-2.8384254,0.11130388081073761,0.8339999914169312,0.6658999919891357
YFL021W,YBL022C,0,-2.838891,0.11128903180360794,0.8339999914169312,0.6660000085830688
YGR042W,YOR340C,0,-2.8389487,0.11127418279647827,0.8339999914169312,0.666100025177002
YDL039C,YGL129C,0,-2.839019,0.1112593412399292,0.8339999914169312,0.6661999821662903
YLR223C,YGR288W,0,-2.8392217,0.11124449968338013,0.8339999914169312,0.6662999987602234
YBR286W,YKL034W,0,-2.8393967,0.11122965812683105,0.8339999914169312,0.6664000153541565
YCR061W,YIL150C,0,-2.8396497,0.11121483147144318,0.8339999914169312,0.6664999723434448
YKL134C,YOR275C,0,-2.8399909,0.1111999973654747,0.8339999914169312,0.6665999889373779
YPL033C,YIL062C,0,-2.8401604,0.11118517816066742,0.8339999914169312,0.666700005531311
YDL101C,YNR058W,0,-2.8402646,0.11117035150527954,0.8339999914169312,0.6668000221252441
YKL051W,YLL061W,0,-2.840278,0.11115553975105286,0.8339999914169312,0.6668999791145325
YJL192C,YDR292C,1,-2.840295,0.11127398908138275,0.8349999785423279,0.6668999791145325
YLR003C,YAR019C,0,-2.840423,0.11125916242599487,0.8349999785423279,0.6669999957084656
YAL034W-A,YHL001W,0,-2.840943,0.111244335770607,0.8349999785423279,0.6671000123023987
YNL308C,YCL051W,0,-2.8412075,0.11122951656579971,0.8349999785423279,0.6672000288963318
YKR060W,YLR134W,0,-2.841551,0.11121470481157303,0.8349999785423279,0.6672999858856201
YBR045C,YOR369C,0,-2.8416798,0.11119989305734634,0.8349999785423279,0.6674000024795532
YJL153C,YGR261C,0,-2.8416946,0.11118508875370026,0.8349999785423279,0.6675000190734863
YGR256W,YMR220W,0,-2.841856,0.11117028445005417,0.8349999785423279,0.6675999760627747
YJL069C,YMR054W,0,-2.842049,0.11115548759698868,0.8349999785423279,0.6676999926567078
YOR211C,YHR067W,0,-2.842294,0.11114069074392319,0.8349999785423279,0.6678000092506409
YER006W,YDR337W,0,-2.8423097,0.1111259013414383,0.8349999785423279,0.667900025844574
YOL070C,YJL031C,0,-2.8424847,0.1111111119389534,0.8349999785423279,0.6679999828338623
YLR248W,YPL174C,0,-2.842585,0.1110963299870491,0.8349999785423279,0.6680999994277954
YHR028C,YDR150W,0,-2.8426957,0.1110815480351448,0.8349999785423279,0.6682000160217285
YLR335W,YOL041C,0,-2.8429267,0.1110667735338211,0.8349999785423279,0.6682999730110168
YNL154C,YNL247W,0,-2.843147,0.1110519990324974,0.8349999785423279,0.66839998960495
YHL002W,YCR031C,0,-2.8433144,0.1110372319817543,0.8349999785423279,0.6685000061988831
YGR230W,YER073W,0,-2.8436036,0.1110224723815918,0.8349999785423279,0.6686000227928162
YGL044C,YMR046C,0,-2.8444154,0.11100771278142929,0.8349999785423279,0.6686999797821045
YPL254W,YOR246C,0,-2.8446214,0.11099295318126678,0.8349999785423279,0.6687999963760376
YJR108W,YER149C,0,-2.844698,0.11097820103168488,0.8349999785423279,0.6689000129699707
YGL029W,YBR145W,0,-2.8447099,0.11096345633268356,0.8349999785423279,0.6690000295639038
YCL051W,YBL057C,0,-2.8447564,0.11094871163368225,0.8349999785423279,0.6690999865531921
YGR274C,YPR189W,0,-2.8447587,0.11093397438526154,0.8349999785423279,0.6692000031471252
YHL022C,YPR031W,0,-2.8451297,0.11091923713684082,0.8349999785423279,0.6693000197410583
YBR250W,YGR138C,0,-2.8456233,0.1109044998884201,0.8349999785423279,0.6693999767303467
YHL002W,YGL095C,0,-2.845782,0.11088977754116058,0.8349999785423279,0.6694999933242798
YLL035W,YER029C,0,-2.845875,0.11087504774332047,0.8349999785423279,0.6696000099182129
YIL159W,YOR144C,0,-2.8461697,0.11086033284664154,0.8349999785423279,0.669700026512146
YIR010W,YDR532C,0,-2.8461902,0.11084561049938202,0.8349999785423279,0.6697999835014343
YFR034C,YMR083W,0,-2.8466132,0.11083090305328369,0.8349999785423279,0.6699000000953674
YJL102W,YHR206W,0,-2.8466182,0.11081618815660477,0.8349999785423279,0.6700000166893005
YOR144C,YIL010W,0,-2.8467643,0.11080148816108704,0.8349999785423279,0.6700999736785889
YEL037C,YCR071C,0,-2.8468668,0.1107867881655693,0.8349999785423279,0.670199990272522
YPL049C,YPR143W,0,-2.8471467,0.11077208817005157,0.8349999785423279,0.6703000068664551
YBR049C,YOR305W,0,-2.8471854,0.11075739562511444,0.8349999785423279,0.6704000234603882
YBR044C,YNL009W,0,-2.847276,0.11074270308017731,0.8349999785423279,0.6704999804496765
YKL010C,YGR224W,0,-2.847343,0.11072801798582077,0.8349999785423279,0.6705999970436096
YGR042W,YLR288C,0,-2.8475163,0.11071334034204483,0.8349999785423279,0.6707000136375427
YPL228W,YMR145C,0,-2.8475416,0.11069866269826889,0.8349999785423279,0.670799970626831
YDR212W,YCL039W,0,-2.8477113,0.11068398505449295,0.8349999785423279,0.6708999872207642
YBR022W,YPL204W,0,-2.8477871,0.11066931486129761,0.8349999785423279,0.6710000038146973
YPR036W,YKL171W,0,-2.847887,0.11065465211868286,0.8349999785423279,0.6711000204086304
YGR024C,YHL024W,0,-2.8478887,0.11063998937606812,0.8349999785423279,0.6711999773979187
YNL177C,YML086C,0,-2.8480113,0.11062533408403397,0.8349999785423279,0.6712999939918518
YDL153C,YLL048C,0,-2.848142,0.11061067879199982,0.8349999785423279,0.6714000105857849
YGL044C,YOL034W,0,-2.84844,0.11059602349996567,0.8349999785423279,0.671500027179718
YLR385C,YER171W,0,-2.848904,0.11058138310909271,0.8349999785423279,0.6715999841690063
YPL082C,YBR080C,0,-2.8493748,0.11056673526763916,0.8349999785423279,0.6717000007629395
YER042W,YMR037C,0,-2.8495057,0.1105520948767662,0.8349999785423279,0.6718000173568726
YLL013C,YDL075W,0,-2.8495247,0.11053746193647385,0.8349999785423279,0.6718999743461609
YMR143W,YEL011W,0,-2.8497248,0.11052282899618149,0.8349999785423279,0.671999990940094
YGL125W,YDR167W,0,-2.849764,0.11050820350646973,0.8349999785423279,0.6721000075340271
YPL170W,YHR161C,0,-2.849851,0.11049358546733856,0.8349999785423279,0.6722000241279602
YJL186W,YIL061C,0,-2.8499238,0.1104789599776268,0.8349999785423279,0.6722999811172485
YIR002C,YOL078W,0,-2.8499854,0.11046434938907623,0.8349999785423279,0.6723999977111816
YIL120W,YLR141W,0,-2.8500626,0.11044973880052567,0.8349999785423279,0.6725000143051147
YOR265W,YPL055C,0,-2.8501513,0.1104351282119751,0.8349999785423279,0.6725999712944031
YJL128C,YDR513W,0,-2.8503325,0.11042052507400513,0.8349999785423279,0.6726999878883362
YIL076W,YDR212W,0,-2.8503673,0.11040592193603516,0.8349999785423279,0.6728000044822693
YOL165C,YBL024W,0,-2.8505437,0.11039132624864578,0.8349999785423279,0.6729000210762024
YLR259C,YHR160C,0,-2.850607,0.110376738011837,0.8349999785423279,0.6729999780654907
YDR477W,YLR263W,0,-2.8507454,0.11036214977502823,0.8349999785423279,0.6730999946594238
YGR083C,YPR138C,0,-2.8507636,0.11034756153821945,0.8349999785423279,0.6732000112533569
YMR071C,YER051W,0,-2.8511846,0.11033298075199127,0.8349999785423279,0.67330002784729
YDR405W,YFL044C,0,-2.8515854,0.11031840741634369,0.8349999785423279,0.6733999848365784
YPL038W,YKR035W-A,0,-2.8516133,0.1103038340806961,0.8349999785423279,0.6735000014305115
YJL151C,YDR180W,0,-2.8516243,0.11028926074504852,0.8349999785423279,0.6736000180244446
YKL138C,YFL047W,0,-2.8517973,0.11027469485998154,0.8349999785423279,0.6736999750137329
YNL328C,YHR143W,0,-2.8518484,0.11026013642549515,0.8349999785423279,0.673799991607666
YER002W,YMR072W,0,-2.851878,0.11024557799100876,0.8349999785423279,0.6739000082015991
YPR031W,YOR168W,0,-2.851904,0.11023101955652237,0.8349999785423279,0.6740000247955322
YNR001C,YLR163C,0,-2.85196,0.11021647602319717,0.8349999785423279,0.6740999817848206
YNL127W,YNL003C,0,-2.851987,0.11020192503929138,0.8349999785423279,0.6741999983787537
YPL131W,YCL010C,0,-2.8520458,0.11018738150596619,0.8349999785423279,0.6743000149726868
YNL316C,YCR093W,0,-2.8520832,0.11017284542322159,0.8349999785423279,0.6743999719619751
YJL138C,YCR021C,0,-2.8522623,0.11015830934047699,0.8349999785423279,0.6744999885559082
YNL332W,YLL051C,0,-2.852298,0.11014378070831299,0.8349999785423279,0.6746000051498413
YJL123C,YGR085C,0,-2.852658,0.11012925207614899,0.8349999785423279,0.6747000217437744
YPR113W,YDR304C,1,-2.852745,0.11024660617113113,0.8360000252723694,0.6747000217437744
YDL121C,YIL124W,1,-2.853038,0.1103639230132103,0.8370000123977661,0.6747000217437744
YDL008W,YFR016C,0,-2.8531969,0.1103493720293045,0.8370000123977661,0.6747999787330627
YGR255C,YOR361C,0,-2.853312,0.11033482849597931,0.8370000123977661,0.6748999953269958
YLR032W,YLR068W,0,-2.8533943,0.11032028496265411,0.8370000123977661,0.675000011920929
YHR053C,YBL015W,0,-2.8535395,0.11030574887990952,0.8370000123977661,0.6751000285148621
YNR048W,YKL049C,0,-2.8535578,0.11029121279716492,0.8370000123977661,0.6751999855041504
YJL136C,YFL044C,0,-2.853729,0.11027667671442032,0.8370000123977661,0.6753000020980835
YNL081C,YPR032W,0,-2.8541021,0.11026215553283691,0.8370000123977661,0.6754000186920166
YER083C,YEL043W,1,-2.8541214,0.11037934571504593,0.8379999995231628,0.6754000186920166
YGL253W,YMR083W,0,-2.8541794,0.11036480963230133,0.8379999995231628,0.6754999756813049
YOR160W,YLR121C,0,-2.8544152,0.11035027354955673,0.8379999995231628,0.675599992275238
YKR069W,YJL041W,0,-2.8544328,0.11033574491739273,0.8379999995231628,0.6757000088691711
YMR014W,YDR376W,0,-2.8544352,0.11032122373580933,0.8379999995231628,0.6758000254631042
YLR348C,YOR369C,0,-2.8548882,0.11030670255422592,0.8379999995231628,0.6758999824523926
YGL224C,YNR004W,0,-2.8551025,0.11029218137264252,0.8379999995231628,0.6759999990463257
YDR536W,YGL245W,0,-2.8551762,0.11027766764163971,0.8379999995231628,0.6761000156402588
YAL034W-A,YDR036C,0,-2.8555465,0.1102631613612175,0.8379999995231628,0.6761999726295471
YLR014C,YGL017W,0,-2.8556998,0.11024865508079529,0.8379999995231628,0.6762999892234802
YDL028C,YPR138C,0,-2.8557904,0.11023414880037308,0.8379999995231628,0.6764000058174133
YIL005W,YMR065W,1,-2.8557959,0.11035117506980896,0.8389999866485596,0.6764000058174133
YOL122C,YJR134C,0,-2.855819,0.11033666133880615,0.8389999866485596,0.6765000224113464
YFL053W,YML106W,0,-2.8559406,0.11032215505838394,0.8389999866485596,0.6765999794006348
YJL053W,YHL006C,0,-2.8564122,0.11030764877796173,0.8389999866485596,0.6766999959945679
YPR200C,YMR307W,0,-2.8564646,0.11029314994812012,0.8389999866485596,0.676800012588501
YOR204W,YKL062W,0,-2.8565247,0.1102786511182785,0.8389999866485596,0.6769000291824341
YMR275C,YBL013W,0,-2.8566055,0.11026415973901749,0.8389999866485596,0.6769999861717224
YDL108W,YNL118C,0,-2.8567119,0.11024966835975647,0.8389999866485596,0.6771000027656555
YJL209W,YDR007W,0,-2.857035,0.11023518443107605,0.8389999866485596,0.6772000193595886
YMR095C,YFR037C,0,-2.857227,0.11022070050239563,0.8389999866485596,0.677299976348877
YJR033C,YER172C,0,-2.8572705,0.1102062240242958,0.8389999866485596,0.6773999929428101
YMR077C,YPL060W,0,-2.8575864,0.11019175499677658,0.8389999866485596,0.6775000095367432
YPL129W,YNL297C,0,-2.857641,0.11017727851867676,0.8389999866485596,0.6776000261306763
YPL242C,YIL122W,0,-2.8576453,0.11016281694173813,0.8389999866485596,0.6776999831199646
YDL076C,YMR101C,0,-2.8577616,0.1101483553647995,0.8389999866485596,0.6777999997138977
YLR045C,YIL101C,0,-2.857776,0.11013389378786087,0.8389999866485596,0.6779000163078308
YBR130C,YGL244W,0,-2.8578758,0.11011943966150284,0.8389999866485596,0.6779999732971191
YMR047C,YNR001C,0,-2.857897,0.1101049855351448,0.8389999866485596,0.6780999898910522
YDR532C,YJL051W,0,-2.8580503,0.11009053885936737,0.8389999866485596,0.6782000064849854
YKL203C,YNL182C,0,-2.8582184,0.11007609218358994,0.8389999866485596,0.6783000230789185
YOR367W,YDR253C,0,-2.8582585,0.1100616529583931,0.8389999866485596,0.6783999800682068
YPL147W,YML081C-A,0,-2.8582594,0.11004722118377686,0.8389999866485596,0.6784999966621399
YDR408C,YFL018C,0,-2.858702,0.11003278940916061,0.8389999866485596,0.678600013256073
YBR188C,YHR209W,0,-2.8588102,0.11001835763454437,0.8389999866485596,0.6786999702453613
YDR074W,YBR040W,0,-2.859032,0.11000393331050873,0.8389999866485596,0.6787999868392944
YPR145W,YOL096C,0,-2.8591506,0.10998950898647308,0.8389999866485596,0.6789000034332275
YOR092W,YBR287W,1,-2.859153,0.11010617017745972,0.8399999737739563,0.6789000034332275
YAR071W,YMR235C,0,-2.8593428,0.11009174585342407,0.8399999737739563,0.6790000200271606
YER058W,YOR081C,0,-2.859644,0.11007731407880783,0.8399999737739563,0.679099977016449
YPR111W,YCR094W,0,-2.8596525,0.11006288975477219,0.8399999737739563,0.6791999936103821
YAL003W,YGR292W,0,-2.8598168,0.11004847288131714,0.8399999737739563,0.6793000102043152
YJL118W,YGR057C,0,-2.8600707,0.11003405600786209,0.8399999737739563,0.6794000267982483
YOR275C,YBL046W,0,-2.8601687,0.11001964658498764,0.8399999737739563,0.6794999837875366
YNR048W,YGR006W,0,-2.8603477,0.11000523716211319,0.8399999737739563,0.6796000003814697
YOL069W,YER012W,0,-2.8605392,0.10999083518981934,0.8399999737739563,0.6797000169754028
YNL329C,YKL041W,0,-2.8605602,0.10997643321752548,0.8399999737739563,0.6797999739646912
YGL142C,YDR207C,0,-2.8607783,0.10996203869581223,0.8399999737739563,0.6798999905586243
YGL212W,YGR218W,0,-2.8609314,0.10994764417409897,0.8399999737739563,0.6800000071525574
YDL044C,YNL036W,0,-2.8614204,0.10993325710296631,0.8399999737739563,0.6801000237464905
YMR165C,YML091C,0,-2.8616111,0.10991887003183365,0.8399999737739563,0.6801999807357788
YDR515W,YKL004W,0,-2.8616505,0.10990449041128159,0.8399999737739563,0.6802999973297119
YNL256W,YOL040C,0,-2.8617094,0.10989011079072952,0.8399999737739563,0.680400013923645
YOR292C,YPL002C,0,-2.8621535,0.10987573862075806,0.8399999737739563,0.6804999709129333
YMR264W,YLR064W,1,-2.862509,0.10999215394258499,0.8410000205039978,0.6804999709129333
YPR143W,YIR041W,0,-2.8625343,0.10997776687145233,0.8410000205039978,0.6805999875068665
YGL238W,YDR037W,0,-2.8626425,0.10996338725090027,0.8410000205039978,0.6807000041007996
YFL008W,YHR028C,0,-2.863142,0.1099490150809288,0.8410000205039978,0.6808000206947327
YNL264C,YCR093W,0,-2.863238,0.10993464291095734,0.8410000205039978,0.680899977684021
YPL163C,YML116W,0,-2.8633597,0.10992027074098587,0.8410000205039978,0.6809999942779541
YNL197C,YJR099W,0,-2.8635142,0.109905906021595,0.8410000205039978,0.6811000108718872
YBR121C,YKR038C,0,-2.8636048,0.10989154875278473,0.8410000205039978,0.6812000274658203
YEL016C,YNL292W,0,-2.863735,0.10987719148397446,0.8410000205039978,0.6812999844551086
YBR234C,YFL060C,0,-2.8638146,0.10986283421516418,0.8410000205039978,0.6814000010490417
YGL259W,YDL231C,0,-2.8639498,0.10984848439693451,0.8410000205039978,0.6815000176429749
YIL156W,YDR069C,0,-2.864026,0.10983414202928543,0.8410000205039978,0.6815999746322632
YER040W,YFL049W,0,-2.8640974,0.10981979966163635,0.8410000205039978,0.6816999912261963
YGR287C,YHR179W,0,-2.8641353,0.10980545729398727,0.8410000205039978,0.6818000078201294
YDL216C,YDR140W,0,-2.864426,0.10979112237691879,0.8410000205039978,0.6819000244140625
YPR134W,YDR447C,0,-2.8645647,0.10977679491043091,0.8410000205039978,0.6819999814033508
YBR105C,YEL015W,0,-2.8647645,0.10976246744394302,0.8410000205039978,0.6820999979972839
YMR319C,YER113C,0,-2.8649313,0.10974813997745514,0.8410000205039978,0.682200014591217
YJL026W,YHR138C,0,-2.8649442,0.10973381996154785,0.8410000205039978,0.6822999715805054
YLR047C,YFL017W-A,0,-2.8649535,0.10971950739622116,0.8410000205039978,0.6823999881744385
YGL205W,YOR312C,0,-2.8651376,0.10970519483089447,0.8410000205039978,0.6825000047683716
YLR203C,YLR024C,0,-2.865154,0.10969088226556778,0.8410000205039978,0.6826000213623047
YCR044C,YKR067W,1,-2.8651545,0.10980699211359024,0.8420000076293945,0.6826000213623047
YLR176C,YBL013W,0,-2.865165,0.10979267209768295,0.8420000076293945,0.682699978351593
YNL181W,YCL045C,1,-2.8653076,0.10990873724222183,0.8429999947547913,0.682699978351593
YBL069W,YHR109W,0,-2.8653076,0.10989440977573395,0.8429999947547913,0.6827999949455261
YDR362C,YCL066W,0,-2.8655019,0.10988008230924606,0.8429999947547913,0.6829000115394592
YHR099W,YGL094C,0,-2.8656144,0.10986576229333878,0.8429999947547913,0.6830000281333923
YNL102W,YPR168W,0,-2.8656838,0.10985144972801208,0.8429999947547913,0.6830999851226807
YLR249W,YGL192W,0,-2.8657162,0.1098371371626854,0.8429999947547913,0.6832000017166138
YPL117C,YKL038W,0,-2.8657546,0.1098228245973587,0.8429999947547913,0.6833000183105469
YJR035W,YER012W,0,-2.8659463,0.10980851948261261,0.8429999947547913,0.6833999752998352
YML016C,YOR204W,0,-2.865961,0.10979421436786652,0.8429999947547913,0.6834999918937683
YGR231C,YOL004W,0,-2.865973,0.10977991670370102,0.8429999947547913,0.6836000084877014
YBR263W,YKL029C,0,-2.8663132,0.10976562649011612,0.8429999947547913,0.6837000250816345
YPR070W,YGL113W,0,-2.8664742,0.10975133627653122,0.8429999947547913,0.6837999820709229
YBR162W-A,YDR200C,1,-2.8664882,0.10986722260713577,0.843999981880188,0.6837999820709229
YDR004W,YJR036C,0,-2.8665638,0.10985292494297028,0.843999981880188,0.683899998664856
YMR015C,YOR092W,1,-2.8666263,0.10996876657009125,0.8450000286102295,0.683899998664856
YOR160W,YBR001C,0,-2.86671,0.10995445400476456,0.8450000286102295,0.6840000152587891
YBL058W,YER073W,0,-2.866767,0.10994014889001846,0.8450000286102295,0.6840999722480774
YCR098C,YPR031W,0,-2.8668432,0.10992585122585297,0.8450000286102295,0.6841999888420105
YPR193C,YIL021W,0,-2.8668587,0.10991155356168747,0.8450000286102295,0.6843000054359436
YER173W,YPR067W,0,-2.8669083,0.10989725589752197,0.8450000286102295,0.6844000220298767
YHR011W,YGR218W,0,-2.8669734,0.10988296568393707,0.8450000286102295,0.684499979019165
YFL049W,YOL111C,0,-2.8671868,0.10986867547035217,0.8450000286102295,0.6845999956130981
YMR004W,YOR179C,0,-2.8672047,0.10985439270734787,0.8450000286102295,0.6847000122070312
YJL026W,YLR248W,0,-2.8674529,0.10984011739492416,0.8450000286102295,0.6848000288009644
YGL027C,YHR060W,1,-2.8676507,0.1099558100104332,0.8460000157356262,0.6848000288009644
YBR227C,YOL158C,0,-2.868013,0.1099415197968483,0.8460000157356262,0.6848999857902527
YJL196C,YNL245C,0,-2.868402,0.109927237033844,0.8460000157356262,0.6850000023841858
YIL048W,YLR185W,0,-2.8685508,0.10991295427083969,0.8460000157356262,0.6851000189781189
YOL110W,YLR023C,1,-2.868562,0.11002857983112335,0.847000002861023,0.6851000189781189
YOR174W,YDL174C,0,-2.868572,0.11001428961753845,0.847000002861023,0.6851999759674072
YHR119W,YJL094C,0,-2.8686254,0.10999999940395355,0.847000002861023,0.6852999925613403
YBR031W,YER023W,0,-2.868803,0.10998571664094925,0.847000002861023,0.6854000091552734
YDR129C,YGL208W,0,-2.868931,0.10997143387794495,0.847000002861023,0.6855000257492065
YAL034W-A,YBR191W,0,-2.8691938,0.10995715856552124,0.847000002861023,0.6855999827384949
YBL016W,YIL053W,0,-2.869394,0.10994288325309753,0.847000002861023,0.685699999332428
YDR339C,YCR028C,0,-2.869426,0.10992861539125443,0.847000002861023,0.6858000159263611
YNL309W,YLR396C,0,-2.8694298,0.10991435497999191,0.847000002861023,0.6858999729156494
YKL087C,YML014W,0,-2.8694932,0.1099000871181488,0.847000002861023,0.6859999895095825
YFL058W,YIL067C,0,-2.8695009,0.10988583415746689,0.847000002861023,0.6861000061035156
YIL159W,YCR016W,0,-2.869581,0.10987158119678497,0.847000002861023,0.6862000226974487
YBR172C,YJR153W,0,-2.8696792,0.10985732823610306,0.847000002861023,0.6862999796867371
YLR203C,YKL014C,0,-2.8696845,0.10984308272600174,0.847000002861023,0.6863999962806702
YPL011C,YDR162C,0,-2.8696954,0.10982883721590042,0.847000002861023,0.6865000128746033
YHR133C,YMR251W-A,1,-2.8697453,0.10994424670934677,0.8479999899864197,0.6865000128746033
YBR149W,YLR418C,0,-2.870064,0.10992999374866486,0.8479999899864197,0.6866000294685364
YML074C,YPR168W,0,-2.8701267,0.10991574823856354,0.8479999899864197,0.6866999864578247
YIL115C,YNL298W,0,-2.870229,0.10990150272846222,0.8479999899864197,0.6868000030517578
YLR215C,YML069W,0,-2.8704555,0.1098872646689415,0.8479999899864197,0.6869000196456909
YPL153C,YBR278W,0,-2.870574,0.10987302660942078,0.8479999899864197,0.6869999766349792
YFR046C,YFR002W,0,-2.8706005,0.10985878854990005,0.8479999899864197,0.6870999932289124
YGR007W,YDR398W,0,-2.870606,0.10984455794095993,0.8479999899864197,0.6872000098228455
YDR464W,YIL080W,0,-2.8709419,0.1098303347826004,0.8479999899864197,0.6873000264167786
YGL167C,YEL015W,0,-2.8711689,0.10981611162424088,0.8479999899864197,0.6873999834060669
YNL175C,YOR035C,0,-2.8713553,0.10980188846588135,0.8479999899864197,0.6875
YGL224C,YDR050C,0,-2.8714528,0.10978767275810242,0.8479999899864197,0.6876000165939331
YLR034C,YDR379W,0,-2.8717506,0.10977346450090408,0.8479999899864197,0.6876999735832214
YGL251C,YDR272W,0,-2.871773,0.10975925624370575,0.8479999899864197,0.6877999901771545
YOL021C,YPL154C,0,-2.8718674,0.10974504798650742,0.8479999899864197,0.6879000067710876
YDR130C,YJL183W,0,-2.871948,0.10973084717988968,0.8479999899864197,0.6880000233650208
YDL216C,YOR278W,0,-2.87218,0.10971665382385254,0.8479999899864197,0.6880999803543091
YDR394W,YBR115C,0,-2.872186,0.1097024604678154,0.8479999899864197,0.6881999969482422
YIL120W,YGL232W,0,-2.872232,0.10968826711177826,0.8479999899864197,0.6883000135421753
YLR092W,YDR170C,0,-2.8722527,0.10967408120632172,0.8479999899864197,0.6883999705314636
YDL150W,YOR033C,0,-2.8722618,0.10965990275144577,0.8479999899864197,0.6884999871253967
YJR144W,YDR216W,0,-2.872557,0.10964571684598923,0.8479999899864197,0.6886000037193298
YDL138W,YPR019W,0,-2.8726199,0.10963154584169388,0.8479999899864197,0.6887000203132629
YHR068W,YPR134W,0,-2.8726852,0.10961737483739853,0.8479999899864197,0.6887999773025513
YDL164C,YER147C,0,-2.8727086,0.10960320383310318,0.8479999899864197,0.6888999938964844
YPR026W,YIR025W,0,-2.8728883,0.10958904027938843,0.8479999899864197,0.6890000104904175
YBR207W,YOR110W,0,-2.8730938,0.10957488417625427,0.8479999899864197,0.6891000270843506
YLR188W,YMR069W,0,-2.8730948,0.10956072062253952,0.8479999899864197,0.6891999840736389
YPL096W,YKR066C,0,-2.8732083,0.10954657196998596,0.8479999899864197,0.689300000667572
YJR151C,YFL021W,0,-2.8732655,0.1095324233174324,0.8479999899864197,0.6894000172615051
YNL052W,YDR146C,0,-2.8734958,0.10951827466487885,0.8479999899864197,0.6894999742507935
YDL107W,YDR044W,0,-2.8735657,0.10950413346290588,0.8479999899864197,0.6895999908447266
YMR223W,YML064C,0,-2.8737235,0.10948999226093292,0.8479999899864197,0.6897000074386597
YOL128C,YNL083W,0,-2.8738115,0.10947585850954056,0.8479999899864197,0.6898000240325928
YOR380W,YGR003W,0,-2.8738286,0.1094617247581482,0.8479999899864197,0.6898999810218811
YDR536W,YJR109C,0,-2.8740387,0.10944759845733643,0.8479999899864197,0.6899999976158142
YGL066W,YER126C,0,-2.8740542,0.10943347215652466,0.8479999899864197,0.6901000142097473
YJR065C,YKR019C,0,-2.8742363,0.10941935330629349,0.8479999899864197,0.6901999711990356
YPL181W,YPL249C-A,0,-2.87435,0.10940523445606232,0.8479999899864197,0.6902999877929688
YGL029W,YMR042W,0,-2.874379,0.10939112305641174,0.8479999899864197,0.6904000043869019
YAL013W,YPL050C,0,-2.874407,0.10937701165676117,0.8479999899864197,0.690500020980835
YGR120C,YER172C,0,-2.8746724,0.10936290770769119,0.8479999899864197,0.6905999779701233
YLR145W,YOR213C,0,-2.8747408,0.10934880375862122,0.8479999899864197,0.6906999945640564
YGR062C,YMR143W,0,-2.8747919,0.10933470726013184,0.8479999899864197,0.6908000111579895
YPL163C,YPR023C,0,-2.8749778,0.10932061076164246,0.8479999899864197,0.6909000277519226
YPR063C,YLR064W,1,-2.875006,0.10943542420864105,0.8489999771118164,0.6909000277519226
YMR242C,YOR101W,0,-2.8750536,0.10942132025957108,0.8489999771118164,0.6909999847412109
YHR191C,YOR179C,0,-2.87523,0.1094072163105011,0.8489999771118164,0.691100001335144
YBL028C,YGL103W,0,-2.8754556,0.10939311981201172,0.8489999771118164,0.6912000179290771
YDR201W,YKL142W,0,-2.8756015,0.10937902331352234,0.8489999771118164,0.6912999749183655
YCL001W,YIR005W,0,-2.8757205,0.10936493426561356,0.8489999771118164,0.6913999915122986
YDR405W,YIL074C,0,-2.876639,0.10935085266828537,0.8489999771118164,0.6915000081062317
YLR115W,YJL136C,0,-2.8766499,0.10933677107095718,0.8489999771118164,0.6916000247001648
YNL131W,YML063W,0,-2.8769705,0.109322689473629,0.8489999771118164,0.6916999816894531
YPL017C,YHR075C,0,-2.876982,0.10930861532688141,0.8489999771118164,0.6917999982833862
YGR007W,YFL018C,0,-2.877257,0.10929454118013382,0.8489999771118164,0.6919000148773193
YIL124W,YOR171C,1,-2.8773742,0.10940919071435928,0.8500000238418579,0.6919000148773193
YGL106W,YJL190C,0,-2.8774273,0.1093951091170311,0.8500000238418579,0.6919999718666077
YLR145W,YDL075W,0,-2.8777323,0.10938103497028351,0.8500000238418579,0.6920999884605408
YLR201C,YLL002W,0,-2.87791,0.10936696082353592,0.8500000238418579,0.6922000050544739
YOR260W,YMR036C,0,-2.8783243,0.10935288667678833,0.8500000238418579,0.692300021648407
YGL096W,YKL185W,0,-2.8784664,0.10933881998062134,0.8500000238418579,0.6923999786376953
YDL143W,YOR028C,0,-2.8785183,0.10932476073503494,0.8500000238418579,0.6924999952316284
YJL085W,YDL130W,0,-2.878773,0.10931070148944855,0.8500000238418579,0.6926000118255615
YGL161C,YBR284W,0,-2.8788133,0.10929664224386215,0.8500000238418579,0.6927000284194946
YNL173C,YBL014C,0,-2.8792818,0.10928259044885635,0.8500000238418579,0.692799985408783
YPL163C,YHR187W,0,-2.8793821,0.10926854610443115,0.8500000238418579,0.6929000020027161
YJR046W,YNL118C,0,-2.8793983,0.10925450176000595,0.8500000238418579,0.6930000185966492
YGL096W,YGR158C,0,-2.8796475,0.10924045741558075,0.8500000238418579,0.6930999755859375
YLR121C,YPR094W,0,-2.8796716,0.10922642052173615,0.8500000238418579,0.6931999921798706
YML041C,YPL125W,0,-2.8796818,0.10921238362789154,0.8500000238418579,0.6933000087738037
YOR249C,YDL166C,0,-2.8797362,0.10919835418462753,0.8500000238418579,0.6934000253677368
YHR206W,YEL051W,0,-2.8797765,0.10918433219194412,0.8500000238418579,0.6934999823570251
YIL088C,YHL036W,0,-2.8802922,0.10917030274868011,0.8500000238418579,0.6935999989509583
YHL001W,YGL094C,0,-2.88039,0.1091562882065773,0.8500000238418579,0.6937000155448914
YNR067C,YLR327C,0,-2.8805363,0.10914227366447449,0.8500000238418579,0.6937999725341797
YGL156W,YPR155C,0,-2.8806486,0.10912825912237167,0.8500000238418579,0.6938999891281128
YGR251W,YMR069W,0,-2.8813066,0.10911425203084946,0.8500000238418579,0.6940000057220459
YKR069W,YBL004W,0,-2.881508,0.10910024493932724,0.8500000238418579,0.694100022315979
YPL048W,YGR286C,0,-2.8816664,0.10908624529838562,0.8500000238418579,0.6941999793052673
YDL175C,YNR027W,0,-2.8817623,0.109072245657444,0.8500000238418579,0.6942999958992004
YNL273W,YCL014W,0,-2.8819468,0.10905825346708298,0.8500000238418579,0.6944000124931335
YBR158W,YIL135C,0,-2.8821251,0.10904426127672195,0.8500000238418579,0.6945000290870667
YAL003W,YOL042W,0,-2.8822536,0.10903026908636093,0.8500000238418579,0.694599986076355
YNR022C,YKR060W,0,-2.8823745,0.1090162917971611,0.8500000238418579,0.6947000026702881
YMR269W,YNL029C,0,-2.8824465,0.10900230705738068,0.8500000238418579,0.6948000192642212
YEL046C,YPR005C,0,-2.8825219,0.10898832976818085,0.8500000238418579,0.6948999762535095
YDR292C,YNR026C,1,-2.882805,0.10910256206989288,0.8510000109672546,0.6948999762535095
YHR152W,YOR132W,0,-2.8828082,0.10908857733011246,0.8510000109672546,0.6949999928474426
YJR112W,YBR034C,0,-2.883004,0.10907459259033203,0.8510000109672546,0.6951000094413757
YJR118C,YJL192C,1,-2.8830788,0.10918877273797989,0.8519999980926514,0.6951000094413757
YIR037W,YLR383W,0,-2.8832042,0.10917478054761887,0.8519999980926514,0.6952000260353088
YDR036C,YOL105C,0,-2.8834288,0.10916079580783844,0.8519999980926514,0.6952999830245972
YFR016C,YKL004W,0,-2.8834946,0.10914681106805801,0.8519999980926514,0.6953999996185303
YMR165C,YLL057C,0,-2.8837106,0.10913282632827759,0.8519999980926514,0.6955000162124634
YIR038C,YBR029C,1,-2.8837783,0.10924692451953888,0.8529999852180481,0.6955000162124634
YPL001W,YGR166W,0,-2.883838,0.10923293977975845,0.8529999852180481,0.6955999732017517
YLR313C,YER183C,0,-2.8839223,0.10921894758939743,0.8529999852180481,0.6956999897956848
YPL007C,YGR225W,0,-2.8839746,0.1092049703001976,0.8529999852180481,0.6958000063896179
YPL124W,YDR126W,0,-2.8840148,0.10919098556041718,0.8529999852180481,0.695900022983551
YBR302C,YLR001C,0,-2.8840847,0.10917701572179794,0.8529999852180481,0.6959999799728394
YLR403W,YJR144W,0,-2.884166,0.10916303843259811,0.8529999852180481,0.6960999965667725
YKL060C,YOL109W,0,-2.884383,0.10914906859397888,0.8529999852180481,0.6962000131607056
YBR185C,YDR490C,0,-2.8844988,0.10913510620594025,0.8529999852180481,0.6963000297546387
YNL172W,YDR175C,0,-2.8846095,0.10912114381790161,0.8529999852180481,0.696399986743927
YKR060W,YLR307W,0,-2.8847659,0.10910718888044357,0.8529999852180481,0.6965000033378601
YPL002C,YDL197C,0,-2.884797,0.10909323394298553,0.8529999852180481,0.6966000199317932
YDL013W,YOL148C,0,-2.884929,0.1090792864561081,0.8529999852180481,0.6966999769210815
YGR030C,YNL282W,0,-2.8850598,0.10906533896923065,0.8529999852180481,0.6967999935150146
YDR145W,YOR122C,0,-2.885111,0.10905139148235321,0.8529999852180481,0.6969000101089478
YMR203W,YBL036C,0,-2.8853462,0.10903745144605637,0.8529999852180481,0.6970000267028809
YLR121C,YJR158W,0,-2.8857505,0.10902351886034012,0.8529999852180481,0.6970999836921692
YML058W-A,YHL006C,0,-2.8862143,0.10900958627462387,0.8529999852180481,0.6972000002861023
YDR130C,YNL188W,0,-2.886233,0.10899565368890762,0.8529999852180481,0.6973000168800354
YBR004C,YOR285W,1,-2.8863168,0.10910949110984802,0.8539999723434448,0.6973000168800354
YOR174W,YPL086C,0,-2.8866394,0.10909555107355118,0.8539999723434448,0.6973999738693237
YDR531W,YIR014W,0,-2.886659,0.10908161848783493,0.8539999723434448,0.6974999904632568
YMR203W,YNL245C,0,-2.8868494,0.10906768590211868,0.8539999723434448,0.6976000070571899
YER021W,YOR303W,0,-2.887052,0.10905376076698303,0.8539999723434448,0.697700023651123
YPR008W,YPL015C,0,-2.887077,0.10903983563184738,0.8539999723434448,0.6977999806404114
YLR272C,YLR409C,0,-2.8872764,0.10902591794729233,0.8539999723434448,0.6978999972343445
YDL175C,YDR226W,0,-2.8875034,0.10901200026273727,0.8539999723434448,0.6980000138282776
YNL232W,YJL100W,0,-2.8875132,0.10899808257818222,0.8539999723434448,0.6980999708175659
YER025W,YER113C,0,-2.8877592,0.10898417234420776,0.8539999723434448,0.698199987411499
YPL050C,YDR300C,0,-2.8877654,0.1089702695608139,0.8539999723434448,0.6983000040054321
YOR007C,YAL038W,0,-2.887773,0.10895636677742004,0.8539999723434448,0.6984000205993652
YNL156C,YHR060W,1,-2.887797,0.10907003283500671,0.8550000190734863,0.6984000205993652
YDR330W,YNL173C,0,-2.887953,0.10905612260103226,0.8550000190734863,0.6984999775886536
YBR187W,YDR126W,0,-2.8881516,0.1090422123670578,0.8550000190734863,0.6985999941825867
YOR078W,YKL155C,0,-2.8882656,0.10902830958366394,0.8550000190734863,0.6987000107765198
YIL114C,YMR237W,0,-2.8883364,0.10901440680027008,0.8550000190734863,0.6988000273704529
YKR092C,YBL022C,0,-2.8888958,0.10900051146745682,0.8550000190734863,0.6988999843597412
YBR241C,YJL151C,0,-2.8890545,0.10898661613464355,0.8550000190734863,0.6990000009536743
YPL181W,YDR101C,0,-2.8892424,0.10897272825241089,0.8550000190734863,0.6991000175476074
YML004C,YHR070W,0,-2.8893414,0.10895884037017822,0.8550000190734863,0.6991999745368958
YPL087W,YIL016W,1,-2.8895094,0.10907237231731415,0.8560000061988831,0.6991999745368958
YOR067C,YJL080C,1,-2.8897948,0.10918588191270828,0.8569999933242798,0.6991999745368958
YOL026C,YMR273C,0,-2.890425,0.10917197167873383,0.8569999933242798,0.6992999911308289
YPL082C,YOR017W,0,-2.8904433,0.10915806889533997,0.8569999933242798,0.699400007724762
YKL214C,YLL060C,0,-2.8906,0.1091441661119461,0.8569999933242798,0.6995000243186951
YHR209W,YNR045W,0,-2.8908484,0.10913027077913284,0.8569999933242798,0.6995999813079834
YNL192W,YGR264C,0,-2.8912678,0.10911637544631958,0.8569999933242798,0.6996999979019165
YGL234W,YJR048W,0,-2.8912928,0.10910248011350632,0.8569999933242798,0.6998000144958496
YBL025W,YMR221C,0,-2.8913336,0.10908859223127365,0.8569999933242798,0.6998999714851379
YKL088W,YOL063C,0,-2.8913724,0.10907471179962158,0.8569999933242798,0.699999988079071
YLR142W,YGL198W,0,-2.8914592,0.10906083136796951,0.8569999933242798,0.7001000046730042
YDL040C,YHR216W,0,-2.8917353,0.10904695093631744,0.8569999933242798,0.7002000212669373
YJL059W,YOL142W,0,-2.8918693,0.10903307795524597,0.8569999933242798,0.7002999782562256
YLR362W,YDR354W,0,-2.8918898,0.1090192124247551,0.8569999933242798,0.7003999948501587
YPR154W,YPR194C,0,-2.8919613,0.10900533944368362,0.8569999933242798,0.7005000114440918
YJR125C,YFR046C,0,-2.8921268,0.10899148136377335,0.8569999933242798,0.7006000280380249
YER159C,YJL137C,0,-2.892147,0.10897761583328247,0.8569999933242798,0.7006999850273132
YPR034W,YJL005W,0,-2.8923962,0.10896376520395279,0.8569999933242798,0.7008000016212463
YGL090W,YPR120C,0,-2.892685,0.10894991457462311,0.8569999933242798,0.7009000182151794
YEL062W,YOR110W,0,-2.8927698,0.10893606394529343,0.8569999933242798,0.7009999752044678
YIR037W,YPR075C,0,-2.8928142,0.10892221331596375,0.8569999933242798,0.7010999917984009
YDL111C,YER007C-A,0,-2.8929446,0.10890837758779526,0.8569999933242798,0.701200008392334
YDR314C,YNL248C,0,-2.8930297,0.10889453440904617,0.8569999933242798,0.7013000249862671
YCR066W,YLR174W,0,-2.893071,0.10888069868087769,0.8569999933242798,0.7013999819755554
YOR198C,YNL332W,0,-2.8930795,0.1088668704032898,0.8569999933242798,0.7014999985694885
YER155C,YJR075W,0,-2.8933988,0.1088530421257019,0.8569999933242798,0.7016000151634216
YPL031C,YNL175C,0,-2.8937547,0.10883922129869461,0.8569999933242798,0.70169997215271
YNL298W,YFR048W,0,-2.8939483,0.10882540047168732,0.8569999933242798,0.7017999887466431
YDR122W,YML001W,0,-2.8940861,0.10881157964468002,0.8569999933242798,0.7019000053405762
YER022W,YGL153W,0,-2.8944812,0.10879776626825333,0.8569999933242798,0.7020000219345093
YER153C,YDR166C,0,-2.8945446,0.10878395289182663,0.8569999933242798,0.7020999789237976
YOR281C,YJR093C,0,-2.8947103,0.10877014696598053,0.8569999933242798,0.7021999955177307
YDR314C,YDL146W,0,-2.8948858,0.10875634849071503,0.8569999933242798,0.7023000121116638
YER146W,YPR164W,0,-2.894907,0.10874254256486893,0.8569999933242798,0.7024000287055969
YMR138W,YJR102C,0,-2.8949633,0.10872875154018402,0.8569999933242798,0.7024999856948853
YDR486C,YPR094W,0,-2.8950665,0.10871495306491852,0.8569999933242798,0.7026000022888184
YOR046C,YLR336C,0,-2.8951871,0.10870116949081421,0.8569999933242798,0.7027000188827515
YOL146W,YHR052W,0,-2.8952541,0.1086873784661293,0.8569999933242798,0.7027999758720398
YGL211W,YGR001C,0,-2.895314,0.10867360234260559,0.8569999933242798,0.7028999924659729
YDR065W,YPL144W,0,-2.8960078,0.10865981876850128,0.8569999933242798,0.703000009059906
YKL197C,YBR112C,0,-2.8960383,0.10864604264497757,0.8569999933242798,0.7031000256538391
YLR163C,YDL141W,0,-2.8967056,0.10863227397203445,0.8569999933242798,0.7031999826431274
YJR103W,YHR112C,0,-2.8967416,0.10861850529909134,0.8569999933242798,0.7032999992370605
YOR038C,YIR028W,0,-2.8967462,0.10860473662614822,0.8569999933242798,0.7034000158309937
YJR065C,YDR281C,0,-2.8970149,0.1085909754037857,0.8569999933242798,0.703499972820282
YPL276W,YNL299W,0,-2.8970494,0.10857722163200378,0.8569999933242798,0.7035999894142151
YMR137C,YDR418W,0,-2.8971486,0.10856346786022186,0.8569999933242798,0.7037000060081482
YOR167C,YEL034W,0,-2.8972976,0.10854971408843994,0.8569999933242798,0.7038000226020813
YLL018C,YOR202W,0,-2.8974762,0.10853596776723862,0.8569999933242798,0.7038999795913696
YGR009C,YPL236C,0,-2.8980093,0.10852222144603729,0.8569999933242798,0.7039999961853027
YGL044C,YIL037C,0,-2.8980901,0.10850848257541656,0.8569999933242798,0.7041000127792358
YKL016C,YMR079W,0,-2.8981044,0.10849474370479584,0.8569999933242798,0.704200029373169
YBR024W,YDL030W,0,-2.898391,0.1084810122847557,0.8569999933242798,0.7042999863624573
YDR076W,YDL230W,0,-2.898775,0.10846728086471558,0.8569999933242798,0.7044000029563904
YLR010C,YJR078W,0,-2.8989978,0.10845355689525604,0.8569999933242798,0.7045000195503235
YBR205W,YOR004W,0,-2.8990672,0.10843983292579651,0.8569999933242798,0.7045999765396118
YGR029W,YOL041C,0,-2.8991303,0.10842611640691757,0.8569999933242798,0.7046999931335449
YOL007C,YDR081C,0,-2.899174,0.10841239988803864,0.8569999933242798,0.704800009727478
YOR316C,YPL009C,0,-2.8992097,0.1083986833691597,0.8569999933242798,0.7049000263214111
YBR257W,YMR269W,0,-2.899404,0.10838497430086136,0.8569999933242798,0.7049999833106995
YCR017C,YGR271W,0,-2.8994126,0.10837127268314362,0.8569999933242798,0.7050999999046326
YCR020C-A,YDL115C,0,-2.8994615,0.10835756361484528,0.8569999933242798,0.7052000164985657
YEL041W,YIL066C,0,-2.8998244,0.10834386944770813,0.8569999933242798,0.705299973487854
YLL031C,YDR349C,1,-2.9000993,0.1084565818309784,0.8579999804496765,0.705299973487854
YBR004C,YGR199W,1,-2.9001262,0.10856926441192627,0.859000027179718,0.705299973487854
YOL147C,YNL121C,0,-2.9002974,0.10855554044246674,0.859000027179718,0.7053999900817871
YGR267C,YIL034C,0,-2.9007437,0.1085418239235878,0.859000027179718,0.7055000066757202
YNL024C,YJL011C,0,-2.9009898,0.10852811485528946,0.859000027179718,0.7056000232696533
YIR010W,YGL238W,0,-2.9014623,0.10851439833641052,0.859000027179718,0.7056999802589417
YLR151C,YPL262W,0,-2.9015315,0.10850069671869278,0.859000027179718,0.7057999968528748
YPL149W,YPL273W,0,-2.9015684,0.10848699510097504,0.859000027179718,0.7059000134468079
YJL192C,YMR251W-A,1,-2.9015753,0.10859957337379456,0.8600000143051147,0.7059000134468079
YKL056C,YHR149C,0,-2.901604,0.10858585685491562,0.8600000143051147,0.7059999704360962
YDL170W,YKL011C,0,-2.901818,0.10857214778661728,0.8600000143051147,0.7060999870300293
YNL130C,YGL098W,1,-2.9018471,0.10868467390537262,0.8610000014305115,0.7060999870300293
YGL014W,YGL076C,0,-2.902148,0.10867095738649368,0.8610000014305115,0.7062000036239624
YCL001W,YHR209W,0,-2.9023082,0.10865724086761475,0.8610000014305115,0.7063000202178955
YNL162W,YPL057C,0,-2.9023826,0.1086435317993164,0.8610000014305115,0.7063999772071838
YBR256C,YLR233C,0,-2.9028041,0.10862982273101807,0.8610000014305115,0.7064999938011169
YBR001C,YDL005C,0,-2.9028885,0.10861612111330032,0.8610000014305115,0.70660001039505
YPL150W,YPL069C,0,-2.9029663,0.10860241949558258,0.8610000014305115,0.7067000269889832
YOL116W,YLR276C,0,-2.9029748,0.10858872532844543,0.8610000014305115,0.7067999839782715
YNL009W,YDL213C,0,-2.9030573,0.10857503116130829,0.8610000014305115,0.7069000005722046
YJR102C,YHR202W,0,-2.9030674,0.10856134444475174,0.8610000014305115,0.7070000171661377
YLR453C,YBR026C,0,-2.9031966,0.10854765772819519,0.8610000014305115,0.707099974155426
YJR135C,YLR048W,0,-2.9032571,0.10853397101163864,0.8610000014305115,0.7071999907493591
YHR006W,YHR050W,0,-2.90334,0.10852029174566269,0.8610000014305115,0.7073000073432922
YPR095C,YDR168W,0,-2.903413,0.10850661993026733,0.8610000014305115,0.7074000239372253
YJL137C,YHR039C-A,0,-2.90354,0.10849294066429138,0.8610000014305115,0.7074999809265137
YDR400W,YHR002W,0,-2.9036248,0.10847927629947662,0.8610000014305115,0.7075999975204468
YDL164C,YBR250W,0,-2.9036458,0.10846561193466187,0.8610000014305115,0.7077000141143799
YMR202W,YEL001C,1,-2.9036963,0.1085779070854187,0.8619999885559082,0.7077000141143799
YDL123W,YDL106C,0,-2.9037294,0.10856423527002335,0.8619999885559082,0.7077999711036682
YBR030W,YEL060C,0,-2.9037406,0.10855056345462799,0.8619999885559082,0.7078999876976013
YIL020C,YKL206C,0,-2.903786,0.10853689163923264,0.8619999885559082,0.7080000042915344
YDR421W,YHR038W,0,-2.9038508,0.10852322727441788,0.8619999885559082,0.7081000208854675
YJR144W,YCR027C,0,-2.903856,0.10850957036018372,0.8619999885559082,0.7081999778747559
YDR031W,YHR112C,0,-2.9039156,0.10849590599536896,0.8619999885559082,0.708299994468689
YDR162C,YPR190C,0,-2.9041488,0.1084822565317154,0.8619999885559082,0.7084000110626221
YKL132C,YGR145W,0,-2.9045005,0.10846860706806183,0.8619999885559082,0.7085000276565552
YLR380W,YCL010C,0,-2.9045107,0.10845495760440826,0.8619999885559082,0.7085999846458435
YJL003W,YJR068W,0,-2.9046333,0.1084413155913353,0.8619999885559082,0.7087000012397766
YPL124W,YKR054C,0,-2.9049294,0.10842767357826233,0.8619999885559082,0.7088000178337097
YPR193C,YDR529C,0,-2.9051492,0.10841403901576996,0.8619999885559082,0.708899974822998
YNL312W,YPL036W,0,-2.9057019,0.10840040445327759,0.8619999885559082,0.7089999914169312
YDL004W,YGR180C,0,-2.9058883,0.10838676989078522,0.8619999885559082,0.7091000080108643
YGL194C,YIL142W,0,-2.9059637,0.10837314277887344,0.8619999885559082,0.7092000246047974
YAL033W,YKL045W,0,-2.9060009,0.10835952311754227,0.8619999885559082,0.7092999815940857
YOR075W,YJR073C,1,-2.9062135,0.1084715947508812,0.8629999756813049,0.7092999815940857
YOR319W,YLR153C,0,-2.9062548,0.10845796018838882,0.8629999756813049,0.7093999981880188
YPR186C,YCR027C,0,-2.9062612,0.10844433307647705,0.8629999756813049,0.7095000147819519
YBR213W,YHR023W,0,-2.9064503,0.10843070596456528,0.8629999756813049,0.7095999717712402
YOL064C,YPL242C,0,-2.906855,0.1084170863032341,0.8629999756813049,0.7096999883651733
YMR080C,YLR186W,0,-2.907103,0.10840346664190292,0.8629999756813049,0.7098000049591064
YCR053W,YKL205W,0,-2.9072015,0.10838985443115234,0.8629999756813049,0.7099000215530396
YNL083W,YDL141W,0,-2.907356,0.10837624222040176,0.8629999756813049,0.7099999785423279
YMR175W,YBL046W,0,-2.9074633,0.10836263000965118,0.8629999756813049,0.710099995136261
YER169W,YOL063C,0,-2.9078648,0.1083490252494812,0.8629999756813049,0.7102000117301941
YGL009C,YGL086W,0,-2.9079392,0.10833542793989182,0.8629999756813049,0.7103000283241272
YML128C,YMR305C,1,-2.9080315,0.10844734311103821,0.8640000224113464,0.7103000283241272
YBR187W,YJL156C,0,-2.9080336,0.10843373835086823,0.8640000224113464,0.7103999853134155
YOL039W,YLR182W,0,-2.908089,0.10842012614011765,0.8640000224113464,0.7105000019073486
YML129C,YGL208W,0,-2.9082923,0.10840652137994766,0.8640000224113464,0.7106000185012817
YDL153C,YBR160W,0,-2.9083805,0.10839292407035828,0.8640000224113464,0.7106999754905701
YDR163W,YNL163C,0,-2.9084349,0.10837932676076889,0.8640000224113464,0.7107999920845032
YKL168C,YMR307W,0,-2.9085126,0.1083657369017601,0.8640000224113464,0.7109000086784363
YIL023C,YJR117W,1,-2.9085352,0.10847755521535873,0.8650000095367432,0.7109000086784363
YPR161C,YGL216W,0,-2.9087036,0.10846395045518875,0.8650000095367432,0.7110000252723694
YNL156C,YDR302W,1,-2.9087677,0.1085757240653038,0.8659999966621399,0.7110000252723694
YDR358W,YOR008C,0,-2.9088128,0.10856211930513382,0.8659999966621399,0.7110999822616577
YGL098W,YBR283C,1,-2.9088862,0.10867385566234589,0.8669999837875366,0.7110999822616577
YKL010C,YJL031C,0,-2.9089768,0.10866023600101471,0.8669999837875366,0.7111999988555908
YKR069W,YML124C,0,-2.909075,0.10864661633968353,0.8669999837875366,0.7113000154495239
YPR002W,YIL101C,0,-2.9091327,0.10863300412893295,0.8669999837875366,0.7113999724388123
YLR203C,YOL154W,0,-2.9092171,0.10861939191818237,0.8669999837875366,0.7114999890327454
YJL041W,YDL024C,0,-2.909219,0.10860578715801239,0.8669999837875366,0.7116000056266785
YNL274C,YDR488C,0,-2.9095118,0.10859218239784241,0.8669999837875366,0.7117000222206116
YOL044W,YKR027W,0,-2.9096901,0.10857858508825302,0.8669999837875366,0.7117999792098999
YFL058W,YKL197C,0,-2.9097986,0.10856498777866364,0.8669999837875366,0.711899995803833
YFR031C-A,YPR145W,0,-2.9100494,0.10855139791965485,0.8669999837875366,0.7120000123977661
YOL119C,YLR134W,0,-2.9102929,0.10853780806064606,0.8669999837875366,0.7121000289916992
YHR099W,YDR427W,0,-2.9103744,0.10852421820163727,0.8669999837875366,0.7121999859809875
YLR103C,YDL115C,0,-2.910766,0.10851063579320908,0.8669999837875366,0.7123000025749207
YDR464W,YDR459C,0,-2.9108384,0.10849706083536148,0.8669999837875366,0.7124000191688538
YKL009W,YDR007W,0,-2.9108887,0.10848348587751389,0.8669999837875366,0.7124999761581421
YMR217W,YML010W,0,-2.9112349,0.10846991091966629,0.8669999837875366,0.7125999927520752
YDR503C,YHL007C,0,-2.9115145,0.10845634341239929,0.8669999837875366,0.7127000093460083
YKL134C,YDR500C,0,-2.911643,0.1084427759051323,0.8669999837875366,0.7128000259399414
YFR051C,YPR201W,0,-2.9119005,0.10842921584844589,0.8669999837875366,0.7128999829292297
YJL177W,YJR096W,0,-2.9119816,0.10841565579175949,0.8669999837875366,0.7129999995231628
YOL089C,YOR250C,0,-2.9122245,0.10840210318565369,0.8669999837875366,0.713100016117096
YLR361C,YJR004C,0,-2.9122884,0.10838855057954788,0.8669999837875366,0.7131999731063843
YHR209W,YCR052W,0,-2.9123023,0.10837499797344208,0.8669999837875366,0.7132999897003174
YMR161W,YOL088C,1,-2.9123154,0.10848643630743027,0.8679999709129333,0.7132999897003174
YNL038W,YOR044W,1,-2.9123218,0.10859785228967667,0.8690000176429749,0.7132999897003174
YGL170C,YIR021W,0,-2.912402,0.10858427733182907,0.8690000176429749,0.7134000062942505
YGR128C,YNR059W,0,-2.9124727,0.10857071727514267,0.8690000176429749,0.7135000228881836
YNL004W,YBR101C,0,-2.912554,0.10855714976787567,0.8690000176429749,0.7135999798774719
YER036C,YKL099C,0,-2.9126523,0.10854358971118927,0.8690000176429749,0.713699996471405
YOR176W,YNR011C,0,-2.9127529,0.10853003710508347,0.8690000176429749,0.7138000130653381
YGL038C,YER164W,0,-2.9129362,0.10851648449897766,0.8690000176429749,0.7139000296592712
YKL220C,YFR053C,0,-2.9130971,0.10850293189287186,0.8690000176429749,0.7139999866485596
YJR137C,YDL246C,0,-2.9131153,0.10848938673734665,0.8690000176429749,0.7141000032424927
YDL025C,YGL213C,0,-2.913143,0.10847584903240204,0.8690000176429749,0.7142000198364258
YBR060C,YIL035C,0,-2.9133255,0.10846230387687683,0.8690000176429749,0.7142999768257141
YCR033W,YPL274W,0,-2.913728,0.10844877362251282,0.8690000176429749,0.7143999934196472
YIL097W,YBR281C,0,-2.913942,0.1084352359175682,0.8690000176429749,0.7145000100135803
YOR033C,YNL163C,0,-2.9140422,0.1084217056632042,0.8690000176429749,0.7146000266075134
YDR177W,YHR148W,0,-2.9142728,0.10840818285942078,0.8690000176429749,0.7146999835968018
YHR150W,YIR021W,0,-2.914282,0.10839466005563736,0.8690000176429749,0.7148000001907349
YER098W,YNL239W,0,-2.914314,0.10838114470243454,0.8690000176429749,0.714900016784668
YPL011C,YKL049C,0,-2.9143436,0.10836762934923172,0.8690000176429749,0.7149999737739563
YDR261C,YKL022C,0,-2.9143803,0.1083541139960289,0.8690000176429749,0.7150999903678894
YPL021W,YEL029C,0,-2.914399,0.10834060609340668,0.8690000176429749,0.7152000069618225
YNL299W,YFR009W,0,-2.9146655,0.10832709819078445,0.8690000176429749,0.7153000235557556
YKL012W,YNL279W,0,-2.9146879,0.10831359773874283,0.8690000176429749,0.715399980545044
YMR292W,YML120C,0,-2.9148104,0.1083000972867012,0.8690000176429749,0.715499997138977
YGR260W,YPL088W,0,-2.9148135,0.10828660428524017,0.8690000176429749,0.7156000137329102
YPR132W,YDL060W,0,-2.91482,0.10827311128377914,0.8690000176429749,0.7156999707221985
YLL043W,YGL086W,0,-2.9148939,0.10825962573289871,0.8690000176429749,0.7157999873161316
YBL025W,YOR294W,0,-2.9149435,0.10824614018201828,0.8690000176429749,0.7159000039100647
YIR006C,YDR339C,0,-2.915104,0.10823265463113785,0.8690000176429749,0.7160000205039978
YJL041W,YPR052C,0,-2.9153984,0.10821917653083801,0.8690000176429749,0.7160999774932861
YML029W,YMR202W,1,-2.9154923,0.10833021998405457,0.8700000047683716,0.7160999774932861
YMR275C,YJL136C,0,-2.915621,0.10831673443317413,0.8700000047683716,0.7161999940872192
YMR078C,YLR014C,0,-2.9156783,0.1083032488822937,0.8700000047683716,0.7163000106811523
YLR432W,YLR045C,0,-2.9157,0.10828977078199387,0.8700000047683716,0.7164000272750854
YPR156C,YJR092W,0,-2.915888,0.10827629268169403,0.8700000047683716,0.7164999842643738
YOR281C,YMR120C,0,-2.9159563,0.1082628145813942,0.8700000047683716,0.7166000008583069
YGL053W,YDR057W,1,-2.9159958,0.10837376862764359,0.8709999918937683,0.7166000008583069
YDR261C,YDR479C,0,-2.9161303,0.10836029052734375,0.8709999918937683,0.71670001745224
YOL008W,YPL097W,0,-2.9161847,0.10834681242704391,0.8709999918937683,0.7167999744415283
YNL256W,YBR227C,0,-2.9163806,0.10833333432674408,0.8709999918937683,0.7168999910354614
YMR197C,YNL064C,0,-2.9164522,0.10831986367702484,0.8709999918937683,0.7170000076293945
YKL157W,YDR040C,0,-2.9171991,0.1083063930273056,0.8709999918937683,0.7171000242233276
YJL204C,YMR089C,0,-2.917391,0.10829292237758636,0.8709999918937683,0.717199981212616
YDR536W,YOR253W,0,-2.9176466,0.10827946662902832,0.8709999918937683,0.7172999978065491
YNL261W,YKR095W,0,-2.917774,0.10826600342988968,0.8709999918937683,0.7174000144004822
YBL025W,YDR069C,0,-2.9179454,0.10825254768133163,0.8709999918937683,0.7174999713897705
YIL113W,YMR215W,0,-2.9180553,0.10823909193277359,0.8709999918937683,0.7175999879837036
YDR130C,YDL087C,0,-2.9182336,0.10822564363479614,0.8709999918937683,0.7177000045776367
YOR222W,YDR421W,0,-2.9184027,0.10821220278739929,0.8709999918937683,0.7178000211715698
YOR091W,YOL092W,0,-2.9185586,0.10819875448942184,0.8709999918937683,0.7178999781608582
YDL223C,YGR193C,0,-2.9185688,0.10818532109260559,0.8709999918937683,0.7179999947547913
YDR065W,YLL026W,0,-2.9186332,0.10817188024520874,0.8709999918937683,0.7181000113487244
YPL021W,YPR135W,0,-2.918803,0.10815844684839249,0.8709999918937683,0.7182000279426575
YDR176W,YCL017C,0,-2.918824,0.10814502090215683,0.8709999918937683,0.7182999849319458
YIR028W,YLR079W,0,-2.91896,0.10813159495592117,0.8709999918937683,0.7184000015258789
YGR116W,YOL137W,0,-2.9189758,0.10811817646026611,0.8709999918937683,0.718500018119812
YCR061W,YOR338W,0,-2.9190154,0.10810475051403046,0.8709999918937683,0.7185999751091003
YCL014W,YJL183W,0,-2.9190285,0.108091339468956,0.8709999918937683,0.7186999917030334
YLR164W,YDL216C,0,-2.9190333,0.10807792842388153,0.8709999918937683,0.7188000082969666
YER142C,YER009W,0,-2.9191864,0.10806451737880707,0.8709999918937683,0.7189000248908997
YDL194W,YHL015W,0,-2.9194114,0.1080511137843132,0.8709999918937683,0.718999981880188
YBL098W,YPL281C,0,-2.919534,0.10803771018981934,0.8709999918937683,0.7190999984741211
YDL136W,YOR301W,0,-2.9196937,0.10802430659532547,0.8709999918937683,0.7192000150680542
YKL157W,YGR144W,0,-2.9197757,0.1080109104514122,0.8709999918937683,0.7192999720573425
YKL016C,YBR236C,0,-2.9198322,0.10799752175807953,0.8709999918937683,0.7193999886512756
YIL031W,YMR269W,0,-2.9198549,0.10798413306474686,0.8709999918937683,0.7195000052452087
YFR021W,YHR092C,0,-2.9198978,0.10797074437141418,0.8709999918937683,0.7196000218391418
YMR054W,YKL082C,0,-2.919967,0.10795736312866211,0.8709999918937683,0.7196999788284302
YGL213C,YDR500C,0,-2.920024,0.10794398188591003,0.8709999918937683,0.7197999954223633
YLR080W,YDR313C,0,-2.9201372,0.10793060809373856,0.8709999918937683,0.7199000120162964
YDR314C,YLL002W,0,-2.9201875,0.10791723430156708,0.8709999918937683,0.7200000286102295
YMR089C,YCL033C,0,-2.9202495,0.1079038679599762,0.8709999918937683,0.7200999855995178
YML080W,YDR459C,0,-2.9203312,0.10789050161838531,0.8709999918937683,0.7202000021934509
YJL047C,YJL198W,0,-2.9204361,0.10787713527679443,0.8709999918937683,0.720300018787384
YMR153W,YJR134C,0,-2.9204793,0.10786377638578415,0.8709999918937683,0.7203999757766724
YPL098C,YAL024C,0,-2.9205692,0.10785041749477386,0.8709999918937683,0.7204999923706055
YLR038C,YBR001C,0,-2.920659,0.10783706605434418,0.8709999918937683,0.7206000089645386
YCR073W-A,YLR007W,0,-2.9206846,0.10782372206449509,0.8709999918937683,0.7207000255584717
YGR278W,YLR115W,0,-2.921029,0.1078103706240654,0.8709999918937683,0.72079998254776
YIL118W,YDL246C,0,-2.9214566,0.10779702663421631,0.8709999918937683,0.7208999991416931
YLR096W,YMR231W,0,-2.921685,0.10778369009494781,0.8709999918937683,0.7210000157356262
YOR381W,YML123C,0,-2.921768,0.10777035355567932,0.8709999918937683,0.7210999727249146
YLR205C,YCR011C,1,-2.9219096,0.10788073390722275,0.871999979019165,0.7210999727249146
YOL091W,YPR162C,0,-2.9219506,0.10786738991737366,0.871999979019165,0.7211999893188477
YMR175W,YOR047C,0,-2.9220185,0.10785405337810516,0.871999979019165,0.7213000059127808
YIL149C,YER090W,0,-2.922065,0.10784070938825607,0.871999979019165,0.7214000225067139
YJR119C,YMR036C,0,-2.9220765,0.10782738029956818,0.871999979019165,0.7214999794960022
YPR168W,YOR315W,0,-2.9220984,0.10781404376029968,0.871999979019165,0.7215999960899353
YBR026C,YGL216W,0,-2.9221125,0.10780071467161179,0.871999979019165,0.7217000126838684
YDR464W,YPR163C,0,-2.922188,0.10778739303350449,0.871999979019165,0.7218000292778015
YER058W,YML106W,0,-2.922477,0.10777407139539719,0.871999979019165,0.7218999862670898
YLR397C,YOR304C-A,0,-2.9228036,0.10776074975728989,0.871999979019165,0.722000002861023
YER167W,YGL086W,0,-2.9228241,0.10774743556976318,0.871999979019165,0.722100019454956
YER087W,YCL063W,0,-2.922845,0.10773412138223648,0.871999979019165,0.7221999764442444
YGR165W,YNL315C,0,-2.9228752,0.10772081464529037,0.871999979019165,0.7222999930381775
YLR380W,YPR167C,0,-2.9229023,0.10770750790834427,0.871999979019165,0.7224000096321106
YOR176W,YBR153W,0,-2.9229455,0.10769420862197876,0.871999979019165,0.7225000262260437
YBR227C,YOL038W,0,-2.922982,0.10768090933561325,0.871999979019165,0.722599983215332
YBR093C,YML061C,0,-2.9229825,0.10766761004924774,0.871999979019165,0.7226999998092651
YFR036W,YMR131C,0,-2.9230363,0.10765431821346283,0.871999979019165,0.7228000164031982
YOL052C,YPL159C,0,-2.923371,0.10764103382825851,0.871999979019165,0.7228999733924866
YGL241W,YLR321C,0,-2.9234734,0.1076277494430542,0.871999979019165,0.7229999899864197
YBL023C,YJR144W,0,-2.92358,0.10761446505784988,0.871999979019165,0.7231000065803528
YLL054C,YKL101W,0,-2.9236157,0.10760118812322617,0.871999979019165,0.7232000231742859
YKL049C,YOR096W,0,-2.9241774,0.10758791118860245,0.871999979019165,0.7232999801635742
YBR205W,YDR450W,0,-2.9242024,0.10757463425397873,0.871999979019165,0.7233999967575073
YOL076W,YJL190C,0,-2.9244854,0.10756136476993561,0.871999979019165,0.7235000133514404
YIR013C,YLR330W,0,-2.924498,0.10754810273647308,0.871999979019165,0.7235999703407288
YMR195W,YNR038W,0,-2.9246686,0.10753484070301056,0.871999979019165,0.7236999869346619
YOR061W,YJL166W,0,-2.9253201,0.10752157866954803,0.871999979019165,0.723800003528595
YIL150C,YER053C,0,-2.9254565,0.10750832408666611,0.871999979019165,0.7239000201225281
YLR153C,YLR192C,0,-2.925839,0.10749506950378418,0.871999979019165,0.7239999771118164
YPR189W,YGR143W,0,-2.9259126,0.10748182237148285,0.871999979019165,0.7240999937057495
YLR066W,YCR034W,1,-2.9259832,0.10759181529283524,0.8730000257492065,0.7240999937057495
YPL128C,YOL092W,0,-2.926061,0.10757856070995331,0.8730000257492065,0.7242000102996826
YPL254W,YGL184C,0,-2.9262676,0.10756530612707138,0.8730000257492065,0.7243000268936157
YMR065W,YER004W,1,-2.9262877,0.10767524689435959,0.8740000128746033,0.7243000268936157
YAL007C,YGL030W,0,-2.9264112,0.10766198486089706,0.8740000128746033,0.724399983882904
YNL274C,YER179W,0,-2.9266405,0.10764872282743454,0.8740000128746033,0.7245000004768372
YGR179C,YOL115W,0,-2.9269657,0.10763546824455261,0.8740000128746033,0.7246000170707703
YOR359W,YGL112C,0,-2.927115,0.10762221366167068,0.8740000128746033,0.7246999740600586
YPR082C,YDL097C,0,-2.9271595,0.10760896652936935,0.8740000128746033,0.7247999906539917
YGL233W,YNL148C,0,-2.9274058,0.10759571939706802,0.8740000128746033,0.7249000072479248
YMR114C,YLR170C,0,-2.927406,0.1075824722647667,0.8740000128746033,0.7250000238418579
YGL195W,YPR041W,0,-2.9275556,0.10756923258304596,0.8740000128746033,0.7250999808311462
YHR019C,YNR057C,0,-2.9276922,0.10755599290132523,0.8740000128746033,0.7251999974250793
YPR138C,YGR047C,0,-2.9278026,0.10754276067018509,0.8740000128746033,0.7253000140190125
YLR045C,YDL052C,0,-2.9278195,0.10752952843904495,0.8740000128746033,0.7253999710083008
YHR081W,YGR288W,0,-2.927889,0.10751629620790482,0.8740000128746033,0.7254999876022339
YHR133C,YOR067C,1,-2.9278972,0.10762607306241989,0.875,0.7254999876022339
YDR253C,YEL018W,0,-2.928043,0.10761284083127975,0.875,0.725600004196167
YNL263C,YFL038C,1,-2.9280467,0.10772258043289185,0.8759999871253967,0.725600004196167
YDR030C,YNL051W,0,-2.9282393,0.10770933330059052,0.8759999871253967,0.7257000207901001
YBR086C,YHR119W,0,-2.9284527,0.10769609361886978,0.8759999871253967,0.7257999777793884
YEL056W,YOR386W,0,-2.9289136,0.10768285393714905,0.8759999871253967,0.7258999943733215
YJR151C,YEL009C,0,-2.929422,0.10766961425542831,0.8759999871253967,0.7260000109672546
YNL078W,YBR192W,0,-2.929722,0.10765638202428818,0.8759999871253967,0.7261000275611877
YMR001C,YDR046C,0,-2.9299061,0.10764315724372864,0.8759999871253967,0.7261999845504761
YPL239W,YPR131C,0,-2.9299984,0.1076299324631691,0.8759999871253967,0.7263000011444092
YDR359C,YJR135C,0,-2.9301639,0.10761670768260956,0.8759999871253967,0.7264000177383423
YIL123W,YPR168W,0,-2.9302256,0.10760349035263062,0.8759999871253967,0.7264999747276306
YDR361C,YCL017C,0,-2.9302294,0.10759027302265167,0.8759999871253967,0.7265999913215637
YOR081C,YNL239W,0,-2.9302728,0.10757706314325333,0.8759999871253967,0.7267000079154968
YEL062W,YGR220C,0,-2.9304469,0.10756385326385498,0.8759999871253967,0.7268000245094299
YOR123C,YGL125W,0,-2.9306643,0.10755064338445663,0.8759999871253967,0.7268999814987183
YHR124W,YDR404C,0,-2.9308918,0.10753744095563889,0.8759999871253967,0.7269999980926514
YPR143W,YKL084W,0,-2.9310975,0.10752423852682114,0.8759999871253967,0.7271000146865845
YHL009C,YNL154C,0,-2.931123,0.10751104354858398,0.8759999871253967,0.7271999716758728
YLR096W,YMR261C,0,-2.9311855,0.10749785602092743,0.8759999871253967,0.7272999882698059
YGR030C,YNL014W,0,-2.931205,0.10748466104269028,0.8759999871253967,0.727400004863739
YOR339C,YBL032W,0,-2.9313633,0.10747147351503372,0.8759999871253967,0.7275000214576721
YER042W,YPR073C,0,-2.931455,0.10745829343795776,0.8759999871253967,0.7275999784469604
YGL158W,YKL155C,0,-2.931555,0.1074451133608818,0.8759999871253967,0.7276999950408936
YJL166W,YOR081C,0,-2.931594,0.10743193328380585,0.8759999871253967,0.7278000116348267
YLR388W,YGR013W,0,-2.9316127,0.10741876065731049,0.8759999871253967,0.7279000282287598
YMR036C,YER131W,0,-2.9316704,0.10740558803081512,0.8759999871253967,0.7279999852180481
YGR270W,YKL038W,0,-2.932182,0.10739242285490036,0.8759999871253967,0.7281000018119812
YKR014C,YOL021C,0,-2.9325073,0.1073792576789856,0.8759999871253967,0.7282000184059143
YIL150C,YLR398C,0,-2.932935,0.10736609995365143,0.8759999871253967,0.7282999753952026
YKL074C,YDL247W,0,-2.9330134,0.10735294222831726,0.8759999871253967,0.7283999919891357
YOR219C,YKL024C,0,-2.9331381,0.1073397845029831,0.8759999871253967,0.7285000085830688
YGL061C,YPL061W,0,-2.933325,0.10732663422822952,0.8759999871253967,0.728600025177002
YJR065C,YNR007C,0,-2.9334517,0.10731349140405655,0.8759999871253967,0.7286999821662903
YMR277W,YJL100W,0,-2.9336135,0.10730034112930298,0.8759999871253967,0.7287999987602234
YOR260W,YBR302C,0,-2.9336143,0.10728719830513,0.8759999871253967,0.7289000153541565
YPL013C,YFL047W,0,-2.9336302,0.10727406293153763,0.8759999871253967,0.7289999723434448
YLR093C,YKL144C,0,-2.9338007,0.10726092755794525,0.8759999871253967,0.7290999889373779
YER155C,YMR288W,0,-2.9338257,0.10724779963493347,0.8759999871253967,0.729200005531311
YNL149C,YJR073C,1,-2.9340088,0.10735708475112915,0.8769999742507935,0.729200005531311
YJL116C,YKR068C,0,-2.9340208,0.10734394192695618,0.8769999742507935,0.7293000221252441
YNR023W,YDR398W,0,-2.93407,0.1073308065533638,0.8769999742507935,0.7293999791145325
YNL238W,YER003C,0,-2.934152,0.10731767117977142,0.8769999742507935,0.7294999957084656
YGL105W,YOL145C,0,-2.93422,0.10730453580617905,0.8769999742507935,0.7296000123023987
YDR088C,YPL001W,0,-2.9342227,0.10729141533374786,0.8769999742507935,0.7297000288963318
YNL233W,YLR221C,0,-2.9345565,0.10727828741073608,0.8769999742507935,0.7297999858856201
YBR161W,YNL129W,0,-2.93458,0.1072651669383049,0.8769999742507935,0.7299000024795532
YOR031W,YIR008C,0,-2.9347742,0.10725204646587372,0.8769999742507935,0.7300000190734863
YNL178W,YNR060W,0,-2.9351008,0.10723893344402313,0.8769999742507935,0.7300999760627747
YPL024W,YDL008W,0,-2.935131,0.10722582042217255,0.8769999742507935,0.7301999926567078
YIL018W,YDR080W,0,-2.935169,0.10721271485090256,0.8769999742507935,0.7303000092506409
YNL009W,YDR003W,0,-2.9354074,0.10719960927963257,0.8769999742507935,0.730400025844574
YLR037C,YMR212C,0,-2.9355733,0.10718650370836258,0.8769999742507935,0.7304999828338623
YKL180W,YDR343C,0,-2.935592,0.10717340558767319,0.8769999742507935,0.7305999994277954
YLR086W,YJR147W,0,-2.9357297,0.10716031491756439,0.8769999742507935,0.7307000160217285
YMR101C,YBR065C,0,-2.9359615,0.1071472242474556,0.8769999742507935,0.7307999730110168
YNL253W,YOL078W,0,-2.9360278,0.1071341335773468,0.8769999742507935,0.73089998960495
YMR168C,YIL101C,0,-2.936599,0.107121042907238,0.8769999742507935,0.7310000061988831
YDR206W,YLR239C,0,-2.9367528,0.10710795968770981,0.8769999742507935,0.7311000227928162
YPL096W,YOR308C,0,-2.9368997,0.10709488391876221,0.8769999742507935,0.7311999797821045
YHR206W,YKR037C,0,-2.9375536,0.1070818081498146,0.8769999742507935,0.7312999963760376
YHR176W,YDL204W,1,-2.937784,0.1071908175945282,0.878000020980835,0.7312999963760376
YDR341C,YMR179W,0,-2.9379346,0.107177734375,0.878000020980835,0.7314000129699707
YBR234C,YKR086W,0,-2.9383147,0.1071646511554718,0.878000020980835,0.7315000295639038
YKL164C,YPR024W,0,-2.9383545,0.1071515753865242,0.878000020980835,0.7315999865531921
YJL177W,YOL117W,0,-2.938369,0.1071384996175766,0.878000020980835,0.7317000031471252
YHR141C,YCL055W,0,-2.9384716,0.107125423848629,0.878000020980835,0.7318000197410583
YKL144C,YKL120W,0,-2.9385111,0.107112355530262,0.878000020980835,0.7318999767303467
YMR097C,YGR062C,0,-2.9388902,0.10709929466247559,0.878000020980835,0.7319999933242798
YBR274W,YIL017C,0,-2.9395,0.10708622634410858,0.878000020980835,0.7321000099182129
YGR198W,YKR026C,0,-2.939627,0.10707317292690277,0.878000020980835,0.732200026512146
YNR033W,YFR049W,0,-2.9396412,0.10706011205911636,0.878000020980835,0.7322999835014343
YER052C,YLR262C,0,-2.939703,0.10704705864191055,0.878000020980835,0.7324000000953674
YDL039C,YHR025W,0,-2.9397578,0.10703401267528534,0.878000020980835,0.7325000166893005
YNL131W,YLR300W,0,-2.9397874,0.10702096670866013,0.878000020980835,0.7325999736785889
YHR050W,YDR127W,0,-2.9398596,0.10700792074203491,0.878000020980835,0.732699990272522
YGR034W,YOR056C,0,-2.93997,0.1069948822259903,0.878000020980835,0.7328000068664551
YFR040W,YOR028C,0,-2.940221,0.10698184370994568,0.878000020980835,0.7329000234603882
YAL003W,YDR258C,0,-2.9405746,0.10696881264448166,0.878000020980835,0.7329999804496765
YKR082W,YDR495C,0,-2.9408517,0.10695578157901764,0.878000020980835,0.7330999970436096
YKL142W,YIR009W,0,-2.9409764,0.10694275051355362,0.878000020980835,0.7332000136375427
YNL039W,YML023C,0,-2.9410894,0.1069297268986702,0.878000020980835,0.733299970626831
YJR082C,YPR106W,0,-2.9412432,0.10691671073436737,0.878000020980835,0.7333999872207642
YNL032W,YLR022C,0,-2.9413874,0.10690368711948395,0.878000020980835,0.7335000038146973
YDR163W,YDR030C,0,-2.9414282,0.10689067095518112,0.878000020980835,0.7336000204086304
YGR122W,YPR121W,0,-2.9415004,0.10687766224145889,0.878000020980835,0.7336999773979187
YAL028W,YGR177C,1,-2.9415307,0.10698636621236801,0.8790000081062317,0.7336999773979187
YDR041W,YIL113W,0,-2.9418528,0.10697335004806519,0.8790000081062317,0.7337999939918518
YHR006W,YGL135W,0,-2.9419675,0.10696033388376236,0.8790000081062317,0.7339000105857849
YMR288W,YDL030W,0,-2.942026,0.10694731771945953,0.8790000081062317,0.734000027179718
YGL234W,YNL173C,0,-2.942117,0.1069343090057373,0.8790000081062317,0.7340999841690063
YCR024C,YGR276C,0,-2.9425542,0.10692130029201508,0.8790000081062317,0.7342000007629395
YAL033W,YDR279W,0,-2.9426515,0.10690829157829285,0.8790000081062317,0.7343000173568726
YKR046C,YHR014W,0,-2.9428883,0.10689529031515121,0.8790000081062317,0.7343999743461609
YMR137C,YGL076C,0,-2.9429138,0.10688229650259018,0.8790000081062317,0.734499990940094
YDR409W,YJL154C,0,-2.9430108,0.10686930269002914,0.8790000081062317,0.7346000075340271
YGL162W,YGR134W,0,-2.9431953,0.10685630887746811,0.8790000081062317,0.7347000241279602
YAL005C,YKR026C,0,-2.9432654,0.10684332251548767,0.8790000081062317,0.7347999811172485
YAL025C,YHR074W,0,-2.943471,0.10683033615350723,0.8790000081062317,0.7348999977111816
YMR104C,YCR010C,0,-2.9440532,0.1068173497915268,0.8790000081062317,0.7350000143051147
YJL122W,YBL092W,0,-2.9443252,0.10680437088012695,0.8790000081062317,0.7350999712944031
YPR023C,YPR163C,0,-2.9443939,0.10679139941930771,0.8790000081062317,0.7351999878883362
YDR256C,YIL153W,0,-2.9445484,0.10677842795848846,0.8790000081062317,0.7353000044822693
YOL052C,YOL119C,0,-2.9447868,0.10676545649766922,0.8790000081062317,0.7354000210762024
YOR344C,YJL063C,0,-2.9448302,0.10675249248743057,0.8790000081062317,0.7354999780654907
YIL119C,YJL047C,0,-2.9448411,0.10673952847719193,0.8790000081062317,0.7355999946594238
YOR038C,YBR093C,0,-2.944925,0.10672656446695328,0.8790000081062317,0.7357000112533569
YLR196W,YLR126C,0,-2.945238,0.10671360790729523,0.8790000081062317,0.73580002784729
YBR041W,YHR016C,0,-2.9452527,0.10670065879821777,0.8790000081062317,0.7358999848365784
YNL020C,YDR293C,0,-2.945397,0.10668770223855972,0.8790000081062317,0.7360000014305115
YDR328C,YKL099C,0,-2.9462593,0.10667476058006287,0.8790000081062317,0.7361000180244446
YBL091C,YJL128C,0,-2.9464116,0.10666181147098541,0.8790000081062317,0.7361999750137329
YIL133C,YKL110C,0,-2.9464624,0.10664886981248856,0.8790000081062317,0.736299991607666
YAL033W,YHR178W,0,-2.9466317,0.1066359356045723,0.8790000081062317,0.7364000082015991
YLR310C,YBR084W,0,-2.9466753,0.10662300139665604,0.8790000081062317,0.7365000247955322
YDR036C,YGL004C,0,-2.9468572,0.10661006718873978,0.8790000081062317,0.7365999817848206
YJR150C,YHR008C,0,-2.9468915,0.10659714043140411,0.8790000081062317,0.7366999983787537
YNL311C,YKR054C,0,-2.9468937,0.10658421367406845,0.8790000081062317,0.7368000149726868
YML103C,YML032C,0,-2.9471452,0.10657128691673279,0.8790000081062317,0.7368999719619751
YOL100W,YOL058W,0,-2.947778,0.10655836760997772,0.8790000081062317,0.7369999885559082
YMR257C,YHL038C,0,-2.9478388,0.10654545575380325,0.8790000081062317,0.7371000051498413
YLR268W,YKL065C,1,-2.9478705,0.10665374249219894,0.8799999952316284,0.7371000051498413
YBR297W,YCR042C,0,-2.9479682,0.10664081573486328,0.8799999952316284,0.7372000217437744
YLR228C,YLR263W,0,-2.948296,0.10662789642810822,0.8799999952316284,0.7372999787330627
YIL018W,YJL035C,0,-2.9482982,0.10661497712135315,0.8799999952316284,0.7373999953269958
YHR114W,YOL004W,0,-2.9487498,0.10660205781459808,0.8799999952316284,0.737500011920929
YKL173W,YMR080C,0,-2.9488113,0.10658914595842361,0.8799999952316284,0.7376000285148621
YLR266C,YGL243W,0,-2.9491565,0.10657624155282974,0.8799999952316284,0.7376999855041504
YNL274C,YER118C,0,-2.9491613,0.10656332969665527,0.8799999952316284,0.7378000020980835
YJR073C,YLR238W,1,-2.9491847,0.10667151212692261,0.8809999823570251,0.7378000020980835
YDR058C,YLR172C,0,-2.9492342,0.10665859282016754,0.8809999823570251,0.7379000186920166
YCR081W,YGL252C,0,-2.9494326,0.10664568096399307,0.8809999823570251,0.7379999756813049
YLR058C,YCR097W,0,-2.949481,0.1066327765583992,0.8809999823570251,0.738099992275238
YNL067W,YMR231W,0,-2.94954,0.10661987215280533,0.8809999823570251,0.7382000088691711
YPL021W,YGL011C,0,-2.949548,0.10660696774721146,0.8809999823570251,0.7383000254631042
YKL148C,YDR213W,0,-2.94966,0.10659407079219818,0.8809999823570251,0.7383999824523926
YHR068W,YDR490C,0,-2.9497902,0.1065811738371849,0.8809999823570251,0.7384999990463257
YER103W,YLR226W,0,-2.9499187,0.10656828433275223,0.8809999823570251,0.7386000156402588
YLR037C,YOR298W,0,-2.9500768,0.10655539482831955,0.8809999823570251,0.7386999726295471
YPR162C,YBR067C,0,-2.9501798,0.10654250532388687,0.8809999823570251,0.7387999892234802
YLR014C,YHR004C,0,-2.9503362,0.10652962327003479,0.8809999823570251,0.7389000058174133
YIL036W,YPL180W,0,-2.9504673,0.1065167486667633,0.8809999823570251,0.7390000224113464
YOR247W,YGL245W,0,-2.950571,0.10650386661291122,0.8809999823570251,0.7390999794006348
YAR035W,YML109W,0,-2.9505928,0.10649099200963974,0.8809999823570251,0.7391999959945679
YDR005C,YGR148C,0,-2.9506571,0.10647812485694885,0.8809999823570251,0.739300012588501
YGL029W,YPR120C,0,-2.9507086,0.10646525770425797,0.8809999823570251,0.7394000291824341
YLR201C,YLR174W,0,-2.9508421,0.10645239055156708,0.8809999823570251,0.7394999861717224
YNL032W,YOR287C,0,-2.9511755,0.10643953084945679,0.8809999823570251,0.7396000027656555
YNL082W,YBL026W,0,-2.9512086,0.1064266711473465,0.8809999823570251,0.7397000193595886
YML121W,YMR257C,0,-2.9512622,0.1064138188958168,0.8809999823570251,0.739799976348877
YGL029W,YDR201W,0,-2.9513574,0.10640096664428711,0.8809999823570251,0.7398999929428101
YMR197C,YJR055W,0,-2.9516504,0.10638811439275742,0.8809999823570251,0.7400000095367432
YPR006C,YMR277W,0,-2.9516585,0.10637526959180832,0.8809999823570251,0.7401000261306763
YOL043C,YML103C,0,-2.9516668,0.10636243224143982,0.8809999823570251,0.7401999831199646
YJL096W,YHR138C,0,-2.9520943,0.10634958744049072,0.8809999823570251,0.7402999997138977
YOL082W,YGR097W,0,-2.952244,0.10633675009012222,0.8809999823570251,0.7404000163078308
YDR346C,YLR457C,0,-2.9522974,0.10632392019033432,0.8809999823570251,0.7404999732971191
YNL052W,YPL265W,0,-2.9523335,0.10631109029054642,0.8809999823570251,0.7405999898910522
YDL149W,YJL024C,0,-2.9524195,0.10629826039075851,0.8809999823570251,0.7407000064849854
YFR009W,YHR026W,0,-2.9524214,0.10628543794155121,0.8809999823570251,0.7408000230789185
YDL030W,YML069W,0,-2.9527555,0.1062726154923439,0.8809999823570251,0.7408999800682068
YNR034W,YPL198W,0,-2.9527586,0.1062598004937172,0.8809999823570251,0.7409999966621399
YBR272C,YGR008C,0,-2.9529116,0.10624698549509048,0.8809999823570251,0.741100013256073
YNL121C,YGR174C,0,-2.9529266,0.10623417049646378,0.8809999823570251,0.7411999702453613
YHR197W,YML115C,0,-2.9530334,0.10622136294841766,0.8809999823570251,0.7412999868392944
YMR197C,YDR164C,0,-2.9530466,0.10620856285095215,0.8809999823570251,0.7414000034332275
YOR329C,YDL142C,0,-2.9536421,0.10619575530290604,0.8809999823570251,0.7415000200271606
YMR287C,YPR002W,0,-2.9536493,0.10618295520544052,0.8809999823570251,0.741599977016449
YLR219W,YMR233W,0,-2.9537058,0.1061701625585556,0.8809999823570251,0.7416999936103821
YDR378C,YLR172C,0,-2.953727,0.10615736991167068,0.8809999823570251,0.7418000102043152
YDR350C,YBL069W,0,-2.953735,0.10614457726478577,0.8809999823570251,0.7419000267982483
YDR083W,YFR009W,0,-2.9543068,0.10613179206848145,0.8809999823570251,0.7419999837875366
YDR369C,YLR034C,0,-2.9549825,0.10611900687217712,0.8809999823570251,0.7421000003814697
YMR232W,YJL156C,0,-2.9551759,0.1061062291264534,0.8809999823570251,0.7422000169754028
YMR288W,YBR261C,0,-2.9552624,0.10609345138072968,0.8809999823570251,0.7422999739646912
YOR150W,YNL315C,0,-2.95573,0.10608067363500595,0.8809999823570251,0.7423999905586243
YOR187W,YDR204W,0,-2.9558582,0.10606790333986282,0.8809999823570251,0.7425000071525574
YHR025W,YDL226C,0,-2.9560182,0.1060551330447197,0.8809999823570251,0.7426000237464905
YIL023C,YER044C,1,-2.9561234,0.10616273432970047,0.8820000290870667,0.7426000237464905
YBL058W,YER030W,0,-2.9561682,0.10614995658397675,0.8820000290870667,0.7426999807357788
YBL055C,YHR109W,0,-2.9561744,0.10613718628883362,0.8820000290870667,0.7427999973297119
YOR329C,YPR032W,0,-2.957175,0.10612441599369049,0.8820000290870667,0.742900013923645
YOR187W,YNR037C,0,-2.9573517,0.10611164569854736,0.8820000290870667,0.7429999709129333
YDR176W,YOR087W,0,-2.9576643,0.10609888285398483,0.8820000290870667,0.7430999875068665
YDL030W,YLR109W,0,-2.9576724,0.1060861200094223,0.8820000290870667,0.7432000041007996
YGL111W,YKR054C,0,-2.9577155,0.10607336461544037,0.8820000290870667,0.7433000206947327
YIL156W,YEL062W,0,-2.9577854,0.10606060922145844,0.8820000290870667,0.743399977684021
YKL059C,YJL035C,0,-2.958053,0.1060478538274765,0.8820000290870667,0.7434999942779541
YKL012W,YPL204W,0,-2.9581459,0.10603510588407516,0.8820000290870667,0.7436000108718872
YPL160W,YDR343C,0,-2.9584887,0.10602235794067383,0.8820000290870667,0.7437000274658203
YBR260C,YOL121C,0,-2.9585145,0.10600961744785309,0.8820000290870667,0.7437999844551086
YOR126C,YPL086C,0,-2.9591515,0.10599687695503235,0.8820000290870667,0.7439000010490417
YDR416W,YBR017C,0,-2.95937,0.10598413646221161,0.8820000290870667,0.7440000176429749
YDR354W,YDR515W,0,-2.9595685,0.10597140341997147,0.8820000290870667,0.7440999746322632
YIL076W,YNL333W,0,-2.959621,0.10595867037773132,0.8820000290870667,0.7441999912261963
YDR226W,YOL084W,0,-2.959922,0.10594594478607178,0.8820000290870667,0.7443000078201294
YFL013C,YLR014C,0,-2.959937,0.10593321919441223,0.8820000290870667,0.7444000244140625
YBR187W,YKR066C,0,-2.9599411,0.10592050105333328,0.8820000290870667,0.7444999814033508
YCR063W,YGL014W,0,-2.9599516,0.10590778291225433,0.8820000290870667,0.7445999979972839
YAL015C,YLL002W,0,-2.9600446,0.10589506477117538,0.8820000290870667,0.744700014591217
YBR101C,YDR379W,0,-2.960121,0.10588235408067703,0.8820000290870667,0.7447999715805054
YLL035W,YGL096W,0,-2.9602315,0.10586964339017868,0.8820000290870667,0.7448999881744385
YPR187W,YBR009C,0,-2.9603398,0.10585694015026093,0.8820000290870667,0.7450000047683716
YJR009C,YOL082W,0,-2.9604495,0.10584423691034317,0.8820000290870667,0.7451000213623047
YBR034C,YOL119C,0,-2.9604661,0.10583153367042542,0.8820000290870667,0.745199978351593
YJL020C,YGR057C,0,-2.9605296,0.10581883788108826,0.8820000290870667,0.7452999949455261
YOR003W,YIR025W,0,-2.960859,0.1058061420917511,0.8820000290870667,0.7454000115394592
YBR136W,YJL082W,0,-2.9610484,0.10579345375299454,0.8820000290870667,0.7455000281333923
YDL013W,YGL005C,0,-2.961171,0.10578076541423798,0.8820000290870667,0.7455999851226807
YGR162W,YLR330W,0,-2.9616182,0.10576807707548141,0.8820000290870667,0.7457000017166138
YBR191W,YOL148C,0,-2.9617448,0.10575539618730545,0.8820000290870667,0.7458000183105469
YKR013W,YJL001W,0,-2.9619367,0.10574271529912949,0.8820000290870667,0.7458999752998352
YNL036W,YBR288C,0,-2.9619927,0.10573004186153412,0.8820000290870667,0.7459999918937683
YER019C-A,YGL231C,1,-2.962143,0.10583722591400146,0.8830000162124634,0.7459999918937683
YOR391C,YOL039W,0,-2.962305,0.1058245450258255,0.8830000162124634,0.7461000084877014
YCR107W,YJR158W,0,-2.9623294,0.10581186413764954,0.8830000162124634,0.7462000250816345
YFR044C,YIL036W,0,-2.9627616,0.10579918324947357,0.8830000162124634,0.7462999820709229
YCR020C-A,YMR180C,0,-2.962763,0.1057865098118782,0.8830000162124634,0.746399998664856
YPL159C,YLR386W,0,-2.9631305,0.10577383637428284,0.8830000162124634,0.7465000152587891
YER111C,YOL149W,0,-2.963273,0.10576117038726807,0.8830000162124634,0.7465999722480774
YMR004W,YEL026W,0,-2.9634912,0.1057485044002533,0.8830000162124634,0.7466999888420105
YFL053W,YMR271C,0,-2.963632,0.10573583841323853,0.8830000162124634,0.7468000054359436
YIL072W,YGL119W,0,-2.9637458,0.10572317987680435,0.8830000162124634,0.7469000220298767
YER112W,YGL163C,0,-2.963965,0.10571052134037018,0.8830000162124634,0.746999979019165
YIL004C,YLR292C,1,-2.9639947,0.10581757128238678,0.8840000033378601,0.746999979019165
YPL159C,YLR342W,0,-2.964394,0.10580490529537201,0.8840000033378601,0.7470999956130981
YBR026C,YJR055W,0,-2.9644759,0.10579224675893784,0.8840000033378601,0.7472000122070312
YGL186C,YNL097C,0,-2.964771,0.10577958822250366,0.8840000033378601,0.7473000288009644
YNL197C,YLR183C,0,-2.9648073,0.10576692968606949,0.8840000033378601,0.7473999857902527
YOR120W,YLR256W,0,-2.9648461,0.10575427860021591,0.8840000033378601,0.7475000023841858
YML012W,YMR117C,0,-2.9650295,0.10574162751436234,0.8840000033378601,0.7476000189781189
YLR011W,YGR156W,0,-2.9650521,0.10572897642850876,0.8840000033378601,0.7476999759674072
YNL318C,YJL173C,0,-2.965093,0.10571633279323578,0.8840000033378601,0.7477999925613403
YMR272C,YLR246W,1,-2.96512,0.10582327097654343,0.8849999904632568,0.7477999925613403
YDL004W,YPR105C,0,-2.9651246,0.10581061989068985,0.8849999904632568,0.7479000091552734
YNR023W,YCL048W,0,-2.965141,0.10579796880483627,0.8849999904632568,0.7480000257492065
YOR224C,YGL232W,0,-2.9653637,0.1057853251695633,0.8849999904632568,0.7480999827384949
YIL056W,YOR363C,0,-2.9653828,0.10577268153429031,0.8849999904632568,0.748199999332428
YBL055C,YDR453C,0,-2.9655952,0.10576003789901733,0.8849999904632568,0.7483000159263611
YIL018W,YPR124W,0,-2.965607,0.10574740171432495,0.8849999904632568,0.7483999729156494
YDR004W,YKL018W,0,-2.9657738,0.10573476552963257,0.8849999904632568,0.7484999895095825
YNR033W,YJR052W,0,-2.9658444,0.10572213679552078,0.8849999904632568,0.7486000061035156
YJR152W,YOR141C,0,-2.9658763,0.105709508061409,0.8849999904632568,0.7487000226974487
YPL059W,YNL186W,0,-2.9661186,0.10569687932729721,0.8849999904632568,0.7487999796867371
YER114C,YDR389W,0,-2.966251,0.10568425804376602,0.8849999904632568,0.7488999962806702
YPL258C,YHR149C,0,-2.9664366,0.10567164421081543,0.8849999904632568,0.7490000128746033
YML065W,YLR455W,0,-2.9665606,0.10565902292728424,0.8849999904632568,0.7491000294685364
YLR163C,YLR098C,0,-2.966625,0.10564640909433365,0.8849999904632568,0.7491999864578247
YPL086C,YGR099W,0,-2.9667704,0.10563380271196365,0.8849999904632568,0.7493000030517578
YLR310C,YLR383W,0,-2.966923,0.10562119632959366,0.8849999904632568,0.7494000196456909
YMR302C,YOL123W,0,-2.967036,0.10560858994722366,0.8849999904632568,0.7494999766349792
YPL124W,YGR112W,0,-2.9677901,0.10559599101543427,0.8849999904632568,0.7495999932289124
YPL181W,YPL116W,0,-2.9680989,0.10558339208364487,0.8849999904632568,0.7497000098228455
YGL169W,YBR251W,0,-2.9682782,0.10557080060243607,0.8849999904632568,0.7498000264167786
YHR076W,YBL060W,0,-2.9684722,0.10555820912122726,0.8849999904632568,0.7498999834060669
YOL103W,YER147C,0,-2.9685252,0.10554561764001846,0.8849999904632568,0.75
YBR055C,YEL060C,0,-2.9686177,0.10553303360939026,0.8849999904632568,0.7501000165939331
YGL030W,YJR147W,0,-2.9687998,0.10552044957876205,0.8849999904632568,0.7501999735832214
YPL129W,YPL090C,0,-2.9689007,0.10550786554813385,0.8849999904632568,0.7502999901771545
YPL281C,YHR186C,0,-2.9689093,0.10549528896808624,0.8849999904632568,0.7504000067710876
YJR145C,YDR425W,0,-2.969619,0.10548271983861923,0.8849999904632568,0.7505000233650208
YCR084C,YDL005C,0,-2.969665,0.10547014325857162,0.8849999904632568,0.7505999803543091
YGR055W,YLR035C,0,-2.9697597,0.10545758157968521,0.8849999904632568,0.7506999969482422
YJL078C,YKL005C,0,-2.9698343,0.1054450124502182,0.8849999904632568,0.7508000135421753
YNL003C,YOL113W,0,-2.9698691,0.10543245077133179,0.8849999904632568,0.7508999705314636
YLR061W,YBL063W,0,-2.9698894,0.10541988909244537,0.8849999904632568,0.7509999871253967
YHL002W,YGL224C,0,-2.9699001,0.10540733486413956,0.8849999904632568,0.7511000037193298
YCR012W,YPL088W,0,-2.9702113,0.10539478063583374,0.8849999904632568,0.7512000203132629
YLR038C,YBL033C,0,-2.9702957,0.10538223385810852,0.8849999904632568,0.7512999773025513
YPL011C,YPR032W,0,-2.9706354,0.1053696870803833,0.8849999904632568,0.7513999938964844
YDR072C,YHR038W,0,-2.9708917,0.10535714030265808,0.8849999904632568,0.7515000104904175
YGR144W,YDR060W,0,-2.9710064,0.10534460097551346,0.8849999904632568,0.7516000270843506
YBR044C,YDL178W,0,-2.971152,0.10533206164836884,0.8849999904632568,0.7516999840736389
YFL001W,YJR113C,0,-2.9714687,0.10531952977180481,0.8849999904632568,0.751800000667572
YOL018C,YGR198W,0,-2.9714847,0.10530699789524078,0.8849999904632568,0.7519000172615051
YPL060W,YLR003C,0,-2.9715402,0.10529446601867676,0.8849999904632568,0.7519999742507935
YBR097W,YNL315C,0,-2.97166,0.10528194159269333,0.8849999904632568,0.7520999908447266
YGL222C,YGL163C,0,-2.9719675,0.1052694171667099,0.8849999904632568,0.7522000074386597
YHR215W,YDR214W,0,-2.972048,0.10525690019130707,0.8849999904632568,0.7523000240325928
YKR098C,YLR276C,0,-2.972212,0.10524438321590424,0.8849999904632568,0.7523999810218811
YPL084W,YPL254W,0,-2.9722342,0.1052318662405014,0.8849999904632568,0.7524999976158142
YDL042C,YPR160W,0,-2.9722934,0.10521935671567917,0.8849999904632568,0.7526000142097473
YPL281C,YPR073C,0,-2.972714,0.10520684719085693,0.8849999904632568,0.7526999711990356
YBR023C,YKL101W,0,-2.973246,0.1051943451166153,0.8849999904632568,0.7527999877929688
YIR017C,YLR403W,0,-2.973252,0.10518184304237366,0.8849999904632568,0.7529000043869019
YAL034W-A,YJR055W,0,-2.9732738,0.10516934096813202,0.8849999904632568,0.753000020980835
YPL213W,YJL110C,0,-2.9732885,0.10515684634447098,0.8849999904632568,0.7530999779701233
YDL198C,YNL090W,0,-2.9733772,0.10514435172080994,0.8849999904632568,0.7531999945640564
YAR035W,YNR011C,0,-2.973421,0.1051318570971489,0.8849999904632568,0.7533000111579895
YHL009C,YKL108W,0,-2.9738562,0.10511936992406845,0.8849999904632568,0.7534000277519226
YEL006W,YLR034C,0,-2.974064,0.1051068902015686,0.8849999904632568,0.7534999847412109
YBR121C,YFL044C,0,-2.9741395,0.10509441047906876,0.8849999904632568,0.753600001335144
YHR215W,YKR008W,0,-2.9741776,0.10508193075656891,0.8849999904632568,0.7537000179290771
YDL204W,YDL232W,1,-2.9743032,0.10518817603588104,0.8859999775886536,0.7537000179290771
YLR055C,YEL046C,0,-2.9743552,0.1051756888628006,0.8859999775886536,0.7537999749183655
YER086W,YOR143C,0,-2.9744236,0.10516320168972015,0.8859999775886536,0.7538999915122986
YLL018C,YLR335W,0,-2.9744694,0.1051507219672203,0.8859999775886536,0.7540000081062317
YFR021W,YCL063W,0,-2.9746716,0.10513824969530106,0.8859999775886536,0.7541000247001648
YKL021C,YMR127C,0,-2.974726,0.10512576997280121,0.8859999775886536,0.7541999816894531
YBR024W,YBR023C,0,-2.9747612,0.10511329770088196,0.8859999775886536,0.7542999982833862
YBR107C,YBL075C,0,-2.97481,0.1051008328795433,0.8859999775886536,0.7544000148773193
YNL246W,YHL035C,0,-2.9753144,0.10508836805820465,0.8859999775886536,0.7544999718666077
YPR020W,YNL084C,0,-2.9753578,0.105075903236866,0.8859999775886536,0.7545999884605408
YOL013C,YLR292C,1,-2.9754663,0.10518202185630798,0.8870000243186951,0.7545999884605408
YBL006C,YKL190W,0,-2.9755523,0.10516954958438873,0.8870000243186951,0.7547000050544739
YDR166C,YGL147C,0,-2.9756317,0.10515708476305008,0.8870000243186951,0.754800021648407
YMR021C,YJR064W,0,-2.975712,0.10514461994171143,0.8870000243186951,0.7548999786376953
YPR042C,YOR252W,0,-2.975804,0.10513215512037277,0.8870000243186951,0.7549999952316284
YPL106C,YPR155C,0,-2.9758065,0.10511969774961472,0.8870000243186951,0.7551000118255615
YPR131C,YOL009C,0,-2.9758143,0.10510724037885666,0.8870000243186951,0.7552000284194946
YNL197C,YGR194C,0,-2.9759767,0.1050947830080986,0.8870000243186951,0.755299985408783
YOR294W,YDR246W,0,-2.9761534,0.10508233308792114,0.8870000243186951,0.7554000020027161
YNL154C,YDR229W,0,-2.9767761,0.10506989061832428,0.8870000243186951,0.7555000185966492
YIL078W,YDR478W,0,-2.9771717,0.10505744069814682,0.8870000243186951,0.7555999755859375
YGR244C,YPR065W,0,-2.9771793,0.10504500567913055,0.8870000243186951,0.7556999921798706
YGR278W,YJL125C,0,-2.977249,0.10503256320953369,0.8870000243186951,0.7558000087738037
YMR136W,YPL163C,0,-2.977317,0.10502012819051743,0.8870000243186951,0.7559000253677368
YOR275C,YGL099W,0,-2.9776223,0.10500769317150116,0.8870000243186951,0.7559999823570251
YIL034C,YLR403W,0,-2.9776368,0.10499526560306549,0.8870000243186951,0.7560999989509583
YFR031C,YJL118W,0,-2.9776967,0.10498283803462982,0.8870000243186951,0.7562000155448914
YPR187W,YLR153C,0,-2.9777591,0.10497041791677475,0.8870000243186951,0.7562999725341797
YDR244W,YNL025C,0,-2.9778554,0.10495799034833908,0.8870000243186951,0.7563999891281128
YPL098C,YKL089W,0,-2.9779627,0.1049455776810646,0.8870000243186951,0.7565000057220459
YJR046W,YIL103W,0,-2.9783518,0.10493315756320953,0.8870000243186951,0.756600022315979
YNL280C,YLR238W,1,-2.9785469,0.10503903776407242,0.8880000114440918,0.756600022315979
YDL166C,YMR273C,0,-2.9786363,0.10502661019563675,0.8880000114440918,0.7566999793052673
YBL098W,YCR024C,0,-2.9788935,0.10501419007778168,0.8880000114440918,0.7567999958992004
YDR279W,YEL065W,0,-2.97906,0.1050017699599266,0.8880000114440918,0.7569000124931335
YFR040W,YKR087C,0,-2.979212,0.10498935729265213,0.8880000114440918,0.7570000290870667
YOR359W,YDL020C,0,-2.9794128,0.10497694462537766,0.8880000114440918,0.757099986076355
YEL071W,YBL034C,0,-2.979685,0.10496453940868378,0.8880000114440918,0.7572000026702881
YJL186W,YOL145C,0,-2.9797485,0.1049521341919899,0.8880000114440918,0.7573000192642212
YGL011C,YAL001C,0,-2.9798572,0.10493972897529602,0.8880000114440918,0.7573999762535095
YOR040W,YDR013W,0,-2.9799135,0.10492733120918274,0.8880000114440918,0.7574999928474426
YLR425W,YGR162W,0,-2.9799426,0.10491493344306946,0.8880000114440918,0.7576000094413757
YKL120W,YBL033C,0,-2.9800503,0.10490254312753677,0.8880000114440918,0.7577000260353088
YDR461W,YPR166C,0,-2.9802167,0.10489014536142349,0.8880000114440918,0.7577999830245972
YER014W,YDR402C,0,-2.9805486,0.1048777624964714,0.8880000114440918,0.7578999996185303
YKR066C,YOL063C,0,-2.9808705,0.10486537218093872,0.8880000114440918,0.7580000162124634
YBR247C,YKL197C,0,-2.9812999,0.10485299676656723,0.8880000114440918,0.7580999732017517
YDL085W,YLR144C,0,-2.9813235,0.10484061390161514,0.8880000114440918,0.7581999897956848
YPR065W,YDL184C,0,-2.9813855,0.10482823848724365,0.8880000114440918,0.7583000063896179
YOR176W,YNL299W,0,-2.9819307,0.10481586307287216,0.8880000114440918,0.758400022983551
YMR284W,YKL167C,0,-2.9819436,0.10480349510908127,0.8880000114440918,0.7584999799728394
YOR298W,YDR324C,0,-2.9820879,0.10479112714529037,0.8880000114440918,0.7585999965667725
YBR092C,YAL029C,0,-2.9822152,0.10477875918149948,0.8880000114440918,0.7587000131607056
YMR163C,YCL059C,0,-2.9824092,0.10476639866828918,0.8880000114440918,0.7588000297546387
YKL213C,YER155C,0,-2.9824574,0.10475403815507889,0.8880000114440918,0.758899986743927
YBR101C,YPR107C,0,-2.982617,0.10474168509244919,0.8880000114440918,0.7590000033378601
YAR002W,YPL069C,0,-2.9826524,0.10472933202981949,0.8880000114440918,0.7591000199317932
YHR053C,YKR068C,0,-2.9827502,0.10471697896718979,0.8880000114440918,0.7591999769210815
YNL032W,YKL185W,0,-2.9829123,0.10470463335514069,0.8880000114440918,0.7592999935150146
YFR008W,YPL240C,0,-2.982949,0.10469228774309158,0.8880000114440918,0.7594000101089478
YLR151C,YPR188C,0,-2.982968,0.10467994958162308,0.8880000114440918,0.7595000267028809
YCL069W,YDL031W,0,-2.9833171,0.10466761142015457,0.8880000114440918,0.7595999836921692
YJL187C,YER179W,0,-2.9834259,0.10465527325868607,0.8880000114440918,0.7597000002861023
YPL097W,YDR080W,0,-2.9836237,0.10464294254779816,0.8880000114440918,0.7598000168800354
YOR011W,YDR515W,0,-2.9841874,0.10463061183691025,0.8880000114440918,0.7598999738693237
YNL075W,YBL057C,0,-2.9842284,0.10461828112602234,0.8880000114440918,0.7599999904632568
YBR247C,YPL274W,0,-2.9843972,0.10460595786571503,0.8880000114440918,0.7601000070571899
YPR159W,YGR129W,0,-2.9846716,0.10459364205598831,0.8880000114440918,0.760200023651123
YLR086W,YGR083C,0,-2.984841,0.104581318795681,0.8880000114440918,0.7602999806404114
YNL323W,YBR201W,1,-2.9849458,0.10468676686286926,0.8889999985694885,0.7602999806404114
YDR301W,YJR075W,0,-2.9850085,0.10467443615198135,0.8889999985694885,0.7603999972343445
YDR088C,YNR011C,0,-2.985088,0.10466211289167404,0.8889999985694885,0.7605000138282776
YKL143W,YJR147W,0,-2.98511,0.10464979708194733,0.8889999985694885,0.7605999708175659
YLR424W,YDR179C,0,-2.985192,0.10463747382164001,0.8889999985694885,0.760699987411499
YGL005C,YJL110C,0,-2.9853365,0.1046251654624939,0.8889999985694885,0.7608000040054321
YDL013W,YGR143W,0,-2.9853995,0.10461284965276718,0.8889999985694885,0.7609000205993652
YLR092W,YOL158C,0,-2.985459,0.10460054129362106,0.8889999985694885,0.7609999775886536
YGR008C,YML132W,0,-2.9856458,0.10458823293447495,0.8889999985694885,0.7610999941825867
YGL244W,YLR310C,0,-2.9860737,0.10457593202590942,0.8889999985694885,0.7612000107765198
YNL009W,YPL177C,0,-2.9861925,0.1045636311173439,0.8889999985694885,0.7613000273704529
YKR002W,YAL038W,0,-2.9862227,0.10455133765935898,0.8889999985694885,0.7613999843597412
YMR140W,YDR459C,0,-2.986266,0.10453903675079346,0.8889999985694885,0.7615000009536743
YPL122C,YPR186C,0,-2.9863007,0.10452675074338913,0.8889999985694885,0.7616000175476074
YPL115C,YPL242C,0,-2.9863222,0.1045144572854042,0.8889999985694885,0.7616999745368958
YPR009W,YNL062C,0,-2.9865434,0.10450217127799988,0.8889999985694885,0.7617999911308289
YOR243C,YJL183W,0,-2.986565,0.10448989272117615,0.8889999985694885,0.761900007724762
YHR215W,YOL133W,0,-2.9865913,0.10447761416435242,0.8889999985694885,0.7620000243186951
YGL234W,YFR028C,0,-2.986712,0.10446533560752869,0.8889999985694885,0.7620999813079834
YOL038W,YML120C,0,-2.9867187,0.10445305705070496,0.8889999985694885,0.7621999979019165
YJL045W,YBR286W,0,-2.9874518,0.10444078594446182,0.8889999985694885,0.7623000144958496
YDR099W,YIR013C,0,-2.9876106,0.10442852228879929,0.8889999985694885,0.7623999714851379
YBL022C,YCR097W,0,-2.9878702,0.10441625863313675,0.8889999985694885,0.762499988079071
YMR095C,YOR177C,0,-2.987908,0.10440399497747421,0.8889999985694885,0.7626000046730042
YDL081C,YOR031W,0,-2.9884474,0.10439173132181168,0.8889999985694885,0.7627000212669373
YFL053W,YKL172W,0,-2.9891222,0.10437947511672974,0.8889999985694885,0.7627999782562256
YER024W,YJR153W,0,-2.9893167,0.1043672189116478,0.8889999985694885,0.7628999948501587
YBR185C,YMR165C,0,-2.9897678,0.10435497015714645,0.8889999985694885,0.7630000114440918
YNL298W,YNL152W,0,-2.9898388,0.10434272140264511,0.8889999985694885,0.7631000280380249
YDR122W,YEL024W,0,-2.9900508,0.10433048009872437,0.8889999985694885,0.7631999850273132
YOR380W,YJL154C,0,-2.9905455,0.10431823879480362,0.8889999985694885,0.7633000016212463
YHR152W,YIL123W,0,-2.9909036,0.10430599749088287,0.8889999985694885,0.7634000182151794
YNL117W,YDR040C,0,-2.991327,0.10429375618696213,0.8889999985694885,0.7634999752044678
YDR411C,YLR292C,1,-2.9914315,0.10439882427453995,0.8899999856948853,0.7634999752044678
YJR096W,YGR141W,0,-2.9915016,0.1043865829706192,0.8899999856948853,0.7635999917984009
YCR079W,YKL045W,0,-2.9915135,0.10437434166669846,0.8899999856948853,0.763700008392334
YOR384W,YNL188W,0,-2.991973,0.10436210036277771,0.8899999856948853,0.7638000249862671
YMR053C,YJL187C,0,-2.9923494,0.10434986650943756,0.8899999856948853,0.7638999819755554
YOL122C,YNL245C,0,-2.9924498,0.10433763265609741,0.8899999856948853,0.7639999985694885
YJL209W,YHR021C,0,-2.9927292,0.10432539880275726,0.8899999856948853,0.7641000151634216
YDR313C,YER183C,0,-2.992746,0.10431317239999771,0.8899999856948853,0.76419997215271
YOL123W,YOL093W,0,-2.9927566,0.10430094599723816,0.8899999856948853,0.7642999887466431
YOR014W,YOL141W,0,-2.992867,0.1042887270450592,0.8899999856948853,0.7644000053405762
YJR131W,YBR070C,1,-2.9931166,0.10439367592334747,0.890999972820282,0.7644000053405762
YGR054W,YHL013C,0,-2.9931242,0.10438144207000732,0.890999972820282,0.7645000219345093
YOR065W,YOL096C,0,-2.9932108,0.10436921566724777,0.890999972820282,0.7645999789237976
YNL333W,YKR057W,0,-2.9933808,0.10435698926448822,0.890999972820282,0.7646999955177307
YIR002C,YOL034W,0,-2.993395,0.10434477031230927,0.890999972820282,0.7648000121116638
YLR011W,YOR265W,0,-2.9935198,0.10433255136013031,0.890999972820282,0.7649000287055969
YCL044C,YOR156C,0,-2.9936612,0.10432033985853195,0.890999972820282,0.7649999856948853
YDL040C,YJR108W,0,-2.9937937,0.104308120906353,0.890999972820282,0.7651000022888184
YBR223C,YPR107C,0,-2.9938285,0.10429591685533524,0.890999972820282,0.7652000188827515
YER159C,YBR035C,0,-2.9938643,0.10428370535373688,0.890999972820282,0.7652999758720398
YKR069W,YLR095C,0,-2.9940748,0.10427150130271912,0.890999972820282,0.7653999924659729
YER172C,YMR041C,0,-2.9942667,0.10425930470228195,0.890999972820282,0.765500009059906
YGR231C,YLR037C,0,-2.9942737,0.10424710065126419,0.890999972820282,0.7656000256538391
YER062C,YNL231C,0,-2.9942906,0.10423491150140762,0.890999972820282,0.7656999826431274
YEL051W,YDL075W,0,-2.99455,0.10422271490097046,0.890999972820282,0.7657999992370605
YIL150C,YJL047C,0,-2.9947145,0.10421052575111389,0.890999972820282,0.7659000158309937
YOR329C,YOR355W,0,-2.994742,0.10419833660125732,0.890999972820282,0.765999972820282
YML007W,YKR029C,0,-2.9948304,0.10418615490198135,0.890999972820282,0.7660999894142151
YPR167C,YCR027C,0,-2.9948351,0.10417397320270538,0.890999972820282,0.7662000060081482
YMR227C,YPL163C,0,-2.9949052,0.10416179895401001,0.890999972820282,0.7663000226020813
YCR081W,YPR122W,0,-2.994921,0.10414961725473404,0.890999972820282,0.7663999795913696
YNL182C,YHR038W,0,-2.9954226,0.10413745045661926,0.890999972820282,0.7664999961853027
YHR215W,YML061C,0,-2.995777,0.10412527620792389,0.890999972820282,0.7666000127792358
YDR255C,YJR052W,0,-2.995777,0.10411310940980911,0.890999972820282,0.766700029373169
YDR354W,YHR082C,0,-2.9959536,0.10410095006227493,0.890999972820282,0.7667999863624573
YOR202W,YPR119W,0,-2.9961317,0.10408878326416016,0.890999972820282,0.7669000029563904
YNL074C,YNL253W,0,-2.996371,0.10407662391662598,0.890999972820282,0.7670000195503235
YBR158W,YML021C,0,-2.9965048,0.1040644720196724,0.890999972820282,0.7670999765396118
YGR044C,YJR025C,0,-2.9965062,0.10405232012271881,0.890999972820282,0.7671999931335449
YDL164C,YMR242C,0,-2.9969656,0.10404016822576523,0.890999972820282,0.767300009727478
YNL271C,YDR079W,0,-2.9971552,0.10402802377939224,0.890999972820282,0.7674000263214111
YNL156C,YNL194C,1,-2.9973376,0.10413261502981186,0.8920000195503235,0.7674000263214111
YOR298W,YDL077C,0,-2.997421,0.10412046313285828,0.8920000195503235,0.7674999833106995
YMR104C,YLR414C,0,-2.9974644,0.1041083112359047,0.8920000195503235,0.7675999999046326
YLL057C,YBR085W,0,-2.9975674,0.10409615933895111,0.8920000195503235,0.7677000164985657
YNL221C,YCR083W,0,-2.9978545,0.10408401489257812,0.8920000195503235,0.767799973487854
YDR496C,YBR208C,0,-2.9979026,0.10407187044620514,0.8920000195503235,0.7678999900817871
YDR038C,YOL141W,0,-2.998061,0.10405972599983215,0.8920000195503235,0.7680000066757202
YPR042C,YMR160W,0,-2.998492,0.10404758900403976,0.8920000195503235,0.7681000232696533
YBL026W,YIL097W,0,-2.9985604,0.10403545945882797,0.8920000195503235,0.7681999802589417
YBR142W,YNL090W,0,-2.998607,0.10402332246303558,0.8920000195503235,0.7682999968528748
YMR047C,YNL281W,0,-2.998843,0.10401119291782379,0.8920000195503235,0.7684000134468079
YKL006W,YJL069C,0,-2.9993098,0.1039990708231926,0.8920000195503235,0.7684999704360962
YGL179C,YML113W,0,-2.9995148,0.1039869412779808,0.8920000195503235,0.7685999870300293
YDR036C,YOL001W,0,-2.999543,0.10397481918334961,0.8920000195503235,0.7687000036239624
YDR261C,YIL038C,0,-2.999765,0.10396270453929901,0.8920000195503235,0.7688000202178955
YLR309C,YPL269W,0,-2.9999502,0.10395058989524841,0.8920000195503235,0.7688999772071838
YPL024W,YDR392W,0,-3.0001028,0.10393847525119781,0.8920000195503235,0.7689999938011169
YML118W,YNL220W,0,-3.0004263,0.10392636805772781,0.8920000195503235,0.76910001039505
YLR191W,YHR143W,0,-3.0005243,0.10391426086425781,0.8920000195503235,0.7692000269889832
YDR235W,YJR104C,0,-3.0007555,0.10390215367078781,0.8920000195503235,0.7692999839782715
YOR028C,YKR092C,0,-3.0007727,0.10389005392789841,0.8920000195503235,0.7694000005722046
YLR115W,YFR053C,0,-3.0009134,0.103877954185009,0.8920000195503235,0.7695000171661377
YFR034C,YAR014C,0,-3.0010173,0.1038658618927002,0.8920000195503235,0.769599974155426
YGL233W,YOR334W,0,-3.0013034,0.10385376960039139,0.8920000195503235,0.7696999907493591
YOR224C,YJL098W,0,-3.001439,0.10384167730808258,0.8920000195503235,0.7698000073432922
YOR094W,YML077W,0,-3.0014658,0.10382959246635437,0.8920000195503235,0.7699000239372253
YDR273W,YDL213C,0,-3.0014691,0.10381750762462616,0.8920000195503235,0.7699999809265137
YHR191C,YOL142W,0,-3.0018613,0.10380542278289795,0.8920000195503235,0.7700999975204468
YMR299C,YOR204W,0,-3.001981,0.10379334539175034,0.8920000195503235,0.7702000141143799
YNL333W,YJL069C,0,-3.003051,0.10378126800060272,0.8920000195503235,0.7702999711036682
YLR004C,YDR519W,1,-3.0034795,0.10388553142547607,0.8930000066757202,0.7702999711036682
YLR308W,YER036C,0,-3.0042095,0.10387344658374786,0.8930000066757202,0.7703999876976013
YFL053W,YDL132W,0,-3.0042386,0.10386136174201965,0.8930000066757202,0.7705000042915344
YBR170C,YMR065W,1,-3.0042589,0.10396558046340942,0.8939999938011169,0.7705000042915344
YPR118W,YDR300C,0,-3.0044773,0.10395348817110062,0.8939999938011169,0.7706000208854675
YIL020C,YLR081W,0,-3.0047722,0.1039414033293724,0.8939999938011169,0.7706999778747559
YCL044C,YIR013C,0,-3.0049329,0.1039293184876442,0.8939999938011169,0.770799994468689
YLR219W,YPL009C,0,-3.0049946,0.10391724109649658,0.8939999938011169,0.7709000110626221
YIL150C,YDR490C,0,-3.0053377,0.10390516370534897,0.8939999938011169,0.7710000276565552
YBR258C,YPR138C,0,-3.0055373,0.10389308631420135,0.8939999938011169,0.7710999846458435
YJR076C,YPR160W,0,-3.0056264,0.10388101637363434,0.8939999938011169,0.7712000012397766
YBR234C,YDL013W,0,-3.006028,0.10386894643306732,0.8939999938011169,0.7713000178337097
YNR074C,YDR425W,0,-3.006681,0.1038568764925003,0.8939999938011169,0.771399974822998
YDL082W,YJR147W,0,-3.0066903,0.10384481400251389,0.8939999938011169,0.7714999914169312
YCR033W,YPL061W,0,-3.0069752,0.10383275151252747,0.8939999938011169,0.7716000080108643
YDR163W,YPL135W,0,-3.006977,0.10382069647312164,0.8939999938011169,0.7717000246047974
YDR041W,YPL128C,0,-3.0071125,0.10380864143371582,0.8939999938011169,0.7717999815940857
YPL026C,YJL048C,0,-3.007393,0.10379658639431,0.8939999938011169,0.7718999981880188
YIL073C,YLR467W,0,-3.0075462,0.10378453880548477,0.8939999938011169,0.7720000147819519
YDR208W,YJL031C,0,-3.00775,0.10377249121665955,0.8939999938011169,0.7720999717712402
YDR188W,YDL085W,0,-3.0077758,0.10376044362783432,0.8939999938011169,0.7721999883651733
YBR023C,YBR166C,0,-3.0078483,0.10374840348958969,0.8939999938011169,0.7723000049591064
YDL149W,YNL261W,0,-3.007954,0.10373636335134506,0.8939999938011169,0.7724000215530396
YIL148W,YHR148W,0,-3.0082462,0.10372433066368103,0.8939999938011169,0.7724999785423279
YPL074W,YNL025C,0,-3.0084403,0.103712297976017,0.8939999938011169,0.772599995136261
YER021W,YMR205C,0,-3.008464,0.10370026528835297,0.8939999938011169,0.7727000117301941
YJL099W,YML070W,0,-3.008664,0.10368824005126953,0.8939999938011169,0.7728000283241272
YIL150C,YER119C,0,-3.0086882,0.1036762148141861,0.8939999938011169,0.7728999853134155
YBR029C,YDR200C,1,-3.0088885,0.10378015041351318,0.8949999809265137,0.7728999853134155
YPL126W,YGL067W,0,-3.0091236,0.10376811772584915,0.8949999809265137,0.7730000019073486
YOR328W,YJL187C,0,-3.0093129,0.10375608503818512,0.8949999809265137,0.7731000185012817
YMR120C,YAL061W,0,-3.0093179,0.10374405980110168,0.8949999809265137,0.7731999754905701
YLR219W,YBR191W,0,-3.0093849,0.10373203456401825,0.8949999809265137,0.7732999920845032
YGL233W,YKR050W,0,-3.009515,0.10372001677751541,0.8949999809265137,0.7734000086784363
YLR381W,YDR421W,0,-3.0099862,0.10370799899101257,0.8949999809265137,0.7735000252723694
YMR260C,YLR432W,0,-3.0100338,0.10369598120450974,0.8949999809265137,0.7735999822616577
YJL173C,YOR168W,0,-3.0101469,0.1036839634180069,0.8949999809265137,0.7736999988555908
YMR291W,YDR463W,0,-3.0103395,0.10367195308208466,0.8949999809265137,0.7738000154495239
YPL177C,YCL033C,0,-3.0105016,0.10365995019674301,0.8949999809265137,0.7738999724388123
YLR309C,YBL069W,0,-3.010666,0.10364794731140137,0.8949999809265137,0.7739999890327454
YOR363C,YDR140W,0,-3.0108573,0.10363594442605972,0.8949999809265137,0.7741000056266785
YPR034W,YDL074C,0,-3.0108652,0.10362394154071808,0.8949999809265137,0.7742000222206116
YOR188W,YHR008C,0,-3.011123,0.10361194610595703,0.8949999809265137,0.7742999792098999
YFL058W,YNL172W,0,-3.0119793,0.10359995067119598,0.8949999809265137,0.774399995803833
YGR174C,YBR158W,0,-3.0121124,0.10358796268701553,0.8949999809265137,0.7745000123977661
YDR088C,YJL050W,0,-3.012232,0.10357597470283508,0.8949999809265137,0.7746000289916992
YKL213C,YNR023W,0,-3.0122788,0.10356398671865463,0.8949999809265137,0.7746999859809875
YMR284W,YJL123C,0,-3.012333,0.10355200618505478,0.8949999809265137,0.7748000025749207
YBR061C,YML032C,0,-3.0125308,0.10354002565145493,0.8949999809265137,0.7749000191688538
YBR065C,YDR007W,0,-3.0130575,0.10352805256843567,0.8949999809265137,0.7749999761581421
YOL018C,YAL043C,0,-3.0131176,0.10351607948541641,0.8949999809265137,0.7750999927520752
YJR151C,YMR005W,0,-3.0132263,0.10350410640239716,0.8949999809265137,0.7752000093460083
YOR367W,YMR095C,0,-3.0132444,0.1034921333193779,0.8949999809265137,0.7753000259399414
YLR335W,YOR224C,0,-3.0132754,0.10348016768693924,0.8949999809265137,0.7753999829292297
YPL281C,YNL006W,0,-3.0132887,0.10346820950508118,0.8949999809265137,0.7754999995231628
YOL133W,YNL073W,0,-3.0135958,0.10345625132322311,0.8949999809265137,0.775600016117096
YJL158C,YGL053W,1,-3.014263,0.10355987399816513,0.8960000276565552,0.775600016117096
YPL156C,YHL020C,0,-3.0147448,0.10354790091514587,0.8960000276565552,0.7756999731063843
YJR065C,YJR152W,0,-3.0149086,0.10353593528270721,0.8960000276565552,0.7757999897003174
YBR205W,YFL034C-A,0,-3.0153735,0.10352397710084915,0.8960000276565552,0.7759000062942505
YGL233W,YHR166C,0,-3.0153806,0.10351201146841049,0.8960000276565552,0.7760000228881836
YHR178W,YGR155W,0,-3.0155017,0.10350006073713303,0.8960000276565552,0.7760999798774719
YNR039C,YBR029C,1,-3.0156958,0.10360360145568848,0.8970000147819519,0.7760999798774719
YFR036W,YPL214C,0,-3.015971,0.10359163582324982,0.8970000147819519,0.776199996471405
YOR044W,YMR015C,1,-3.016032,0.10369514673948288,0.8980000019073486,0.776199996471405
YMR242C,YNL333W,0,-3.0161126,0.10368318110704422,0.8980000019073486,0.7763000130653381
YBL003C,YDR480W,0,-3.0161974,0.10367120802402496,0.8980000019073486,0.7764000296592712
YHR191C,YBR121C,0,-3.016421,0.1036592423915863,0.8980000019073486,0.7764999866485596
YNL079C,YER103W,0,-3.0167828,0.10364727675914764,0.8980000019073486,0.7766000032424927
YOL030W,YHR075C,0,-3.0167902,0.10363531112670898,0.8980000019073486,0.7767000198364258
YER003C,YLR431C,0,-3.0168698,0.10362335294485092,0.8980000019073486,0.7767999768257141
YNL317W,YER131W,0,-3.0170357,0.10361140221357346,0.8980000019073486,0.7768999934196472
YLR147C,YGL026C,0,-3.017101,0.1035994440317154,0.8980000019073486,0.7770000100135803
YDL147W,YDR004W,0,-3.0173633,0.10358749330043793,0.8980000019073486,0.7771000266075134
YCR091W,YAL038W,0,-3.0174048,0.10357555001974106,0.8980000019073486,0.7771999835968018
YCR079W,YPL117C,0,-3.0174682,0.10356359928846359,0.8980000019073486,0.7773000001907349
YNR002C,YPL017C,0,-3.0177436,0.10355166345834732,0.8980000019073486,0.777400016784668
YER058W,YDR007W,0,-3.017913,0.10353972017765045,0.8980000019073486,0.7774999737739563
YJR006W,YIL107C,0,-3.0180843,0.10352778434753418,0.8980000019073486,0.7775999903678894
YPL040C,YPL281C,0,-3.0183346,0.10351584851741791,0.8980000019073486,0.7777000069618225
YML049C,YPL020C,0,-3.0183446,0.10350392013788223,0.8980000019073486,0.7778000235557556
YDL123W,YMR135C,0,-3.01842,0.10349199175834656,0.8980000019073486,0.777899980545044
YOL110W,YAR033W,1,-3.0184653,0.1035953015089035,0.8989999890327454,0.777899980545044
YPL086C,YHR010W,0,-3.018882,0.10358336567878723,0.8989999890327454,0.777999997138977
YOL033W,YKL203C,0,-3.0190842,0.10357142984867096,0.8989999890327454,0.7781000137329102
YGL029W,YDL194W,0,-3.0192456,0.10355950146913528,0.8989999890327454,0.7781999707221985
YGR144W,YDL085W,0,-3.0193703,0.10354757308959961,0.8989999890327454,0.7782999873161316
YJR036C,YDR011W,0,-3.0197814,0.10353564471006393,0.8989999890327454,0.7784000039100647
YDR059C,YLR228C,0,-3.0199807,0.10352372378110886,0.8989999890327454,0.7785000205039978
YKL206C,YJL125C,0,-3.0201316,0.10351180285215378,0.8989999890327454,0.7785999774932861
YLR011W,YPR106W,0,-3.0201457,0.1034998819231987,0.8989999890327454,0.7786999940872192
YOL020W,YEL024W,0,-3.0201485,0.10348796844482422,0.8989999890327454,0.7788000106811523
YCR033W,YBR296C,0,-3.0204074,0.10347606241703033,0.8989999890327454,0.7789000272750854
YNR023W,YLR019W,0,-3.0204303,0.10346414893865585,0.8989999890327454,0.7789999842643738
YGR040W,YPL240C,0,-3.020647,0.10345224291086197,0.8989999890327454,0.7791000008583069
YGR116W,YLR328W,0,-3.0206692,0.10344033688306808,0.8989999890327454,0.77920001745224
YOR043W,YGL251C,0,-3.0213487,0.1034284383058548,0.8989999890327454,0.7792999744415283
YCR063W,YDR170C,0,-3.0214722,0.10341653972864151,0.8989999890327454,0.7793999910354614
YCR024C,YOR323C,0,-3.021783,0.10340464860200882,0.8989999890327454,0.7795000076293945
YMR138W,YGL066W,0,-3.0218804,0.10339275747537613,0.8989999890327454,0.7796000242233276
YDL039C,YDR473C,0,-3.0219753,0.10338086634874344,0.8989999890327454,0.779699981212616
YJL209W,YJL011C,0,-3.0220122,0.10336897522211075,0.8989999890327454,0.7797999978065491
YER012W,YOR033C,0,-3.0220387,0.10335709154605865,0.8989999890327454,0.7799000144004822
YDL181W,YDL207W,0,-3.0225732,0.10334521532058716,0.8989999890327454,0.7799999713897705
YMR104C,YER070W,0,-3.0226953,0.10333333164453506,0.8989999890327454,0.7800999879837036
YBL058W,YNR007C,0,-3.0229394,0.10332145541906357,0.8989999890327454,0.7802000045776367
YNL272C,YFL060C,0,-3.023223,0.10330958664417267,0.8989999890327454,0.7803000211715698
YLL026W,YGR180C,0,-3.0233617,0.10329771041870117,0.8989999890327454,0.7803999781608582
YIL072W,YDR258C,0,-3.0235238,0.10328584909439087,0.8989999890327454,0.7804999947547913
YJR113C,YOL149W,0,-3.023598,0.10327398031949997,0.8989999890327454,0.7806000113487244
YPL017C,YJR006W,0,-3.0236938,0.10326211899518967,0.8989999890327454,0.7807000279426575
YHR160C,YLR026C,0,-3.0239165,0.10325025767087936,0.8989999890327454,0.7807999849319458
YGR274C,YHR209W,0,-3.0244691,0.10323840379714966,0.8989999890327454,0.7809000015258789
YDR409W,YOL115W,0,-3.024629,0.10322654992341995,0.8989999890327454,0.781000018119812
YPL016W,YMR073C,0,-3.0246422,0.10321469604969025,0.8989999890327454,0.7810999751091003
YNL298W,YML052W,0,-3.0249324,0.10320284962654114,0.8989999890327454,0.7811999917030334
YNL308C,YKL149C,0,-3.0251138,0.10319100320339203,0.8989999890327454,0.7813000082969666
YML036W,YLL060C,0,-3.025217,0.10317915678024292,0.8989999890327454,0.7814000248908997
YBR107C,YGR218W,0,-3.0252502,0.10316731780767441,0.8989999890327454,0.781499981880188
YGR247W,YOR269W,0,-3.0252793,0.1031554788351059,0.8989999890327454,0.7815999984741211
YAL056W,YHR094C,0,-3.025435,0.10314364731311798,0.8989999890327454,0.7817000150680542
YGR270W,YPL001W,0,-3.0254853,0.10313180834054947,0.8989999890327454,0.7817999720573425
YER167W,YDR261C,0,-3.025495,0.10311998426914215,0.8989999890327454,0.7818999886512756
YFR031C-A,YMR140W,0,-3.0258298,0.10310815274715424,0.8989999890327454,0.7820000052452087
YJR065C,YDL245C,0,-3.0258474,0.10309632867574692,0.8989999890327454,0.7821000218391418
YCL039W,YLR135W,0,-3.0259635,0.1030845120549202,0.8989999890327454,0.7821999788284302
YDL191W,YNL088W,0,-3.026362,0.10307268798351288,0.8989999890327454,0.7822999954223633
YGR134W,YDR538W,0,-3.0264108,0.10306087136268616,0.8989999890327454,0.7824000120162964
YDR460W,YJL096W,0,-3.0266197,0.10304906219244003,0.8989999890327454,0.7825000286102295
YBR136W,YOR040W,0,-3.0268538,0.10303724557161331,0.8989999890327454,0.7825999855995178
YBR130C,YNL298W,0,-3.0269177,0.10302544385194778,0.8989999890327454,0.7827000021934509
YHL004W,YJL030W,0,-3.0273497,0.10301363468170166,0.8989999890327454,0.782800018787384
YHR082C,YOR081C,0,-3.0280597,0.10300183296203613,0.8989999890327454,0.7828999757766724
YHR006W,YOR204W,0,-3.028235,0.1029900312423706,0.8989999890327454,0.7829999923706055
YNL006W,YML129C,0,-3.0282505,0.10297823697328568,0.8989999890327454,0.7831000089645386
YPR082C,YJL111W,0,-3.0284398,0.10296644270420074,0.8989999890327454,0.7832000255584717
YNL317W,YPR155C,0,-3.0285995,0.10295464843511581,0.8989999890327454,0.78329998254776
YPL117C,YBL013W,0,-3.0286582,0.10294286161661148,0.8989999890327454,0.7833999991416931
YOR188W,YGR249W,0,-3.028937,0.10293107479810715,0.8989999890327454,0.7835000157356262
YHL032C,YFL023W,0,-3.0289476,0.10291928797960281,0.8989999890327454,0.7835999727249146
YMR284W,YIL126W,0,-3.028955,0.10290750861167908,0.8989999890327454,0.7836999893188477
YCR053W,YOR349W,0,-3.0289855,0.10289572924375534,0.8989999890327454,0.7838000059127808
YDL136W,YMR058W,0,-3.0290592,0.1028839573264122,0.8989999890327454,0.7839000225067139
YPL208W,YBL034C,0,-3.0292509,0.10287218540906906,0.8989999890327454,0.7839999794960022
YBL003C,YOR332W,0,-3.029404,0.10286041349172592,0.8989999890327454,0.7840999960899353
YNL082W,YKR046C,0,-3.0295084,0.10284864157438278,0.8989999890327454,0.7842000126838684
YNL151C,YPR168W,0,-3.0305548,0.10283687710762024,0.8989999890327454,0.7843000292778015
YBL003C,YNR044W,0,-3.0307207,0.1028251200914383,0.8989999890327454,0.7843999862670898
YDL013W,YKL124W,0,-3.0307405,0.10281335562467575,0.8989999890327454,0.784500002861023
YJL219W,YDR044W,0,-3.0307646,0.1028015986084938,0.8989999890327454,0.784600019454956
YDR512C,YLR069C,0,-3.0310364,0.10278984904289246,0.8989999890327454,0.7846999764442444
YIL105C,YOR355W,0,-3.0314016,0.10277809202671051,0.8989999890327454,0.7847999930381775
YER118C,YDR314C,0,-3.0315838,0.10276634991168976,0.8989999890327454,0.7849000096321106
YML097C,YCL034W,0,-3.0316012,0.10275460034608841,0.8989999890327454,0.7850000262260437
YDR339C,YPL163C,0,-3.031982,0.10274285823106766,0.8989999890327454,0.785099983215332
YPL164C,YBR237W,0,-3.032181,0.1027311161160469,0.8989999890327454,0.7851999998092651
YLR335W,YOR073W,0,-3.032193,0.10271938145160675,0.8989999890327454,0.7853000164031982
YOR160W,YPR120C,0,-3.0321996,0.1027076467871666,0.8989999890327454,0.7853999733924866
YNL117W,YLR249W,0,-3.0325434,0.10269591212272644,0.8989999890327454,0.7854999899864197
YGL076C,YIR017C,0,-3.0329235,0.10268417745828629,0.8989999890327454,0.7856000065803528
YPL240C,YGR249W,0,-3.0330677,0.10267245024442673,0.8989999890327454,0.7857000231742859
YDR346C,YNL069C,0,-3.033249,0.10266073048114777,0.8989999890327454,0.7857999801635742
YIL150C,YLR277C,0,-3.0333407,0.10264900326728821,0.8989999890327454,0.7858999967575073
YMR136W,YDL166C,0,-3.0334585,0.10263729095458984,0.8989999890327454,0.7860000133514404
YPL082C,YKL134C,0,-3.0336092,0.10262557119131088,0.8989999890327454,0.7860999703407288
YBR060C,YNR037C,0,-3.0339983,0.10261385887861252,0.8989999890327454,0.7861999869346619
YHL031C,YGR240C,0,-3.034004,0.10260214656591415,0.8989999890327454,0.786300003528595
YOR115C,YER053C,0,-3.0341146,0.10259043425321579,0.8989999890327454,0.7864000201225281
YLR148W,YBR001C,0,-3.0343163,0.10257872939109802,0.8989999890327454,0.7864999771118164
YMR061W,YPR086W,0,-3.0347211,0.10256702452898026,0.8989999890327454,0.7865999937057495
YBR092C,YGR121C,0,-3.0347722,0.10255532711744308,0.8989999890327454,0.7867000102996826
YMR142C,YGL014W,0,-3.0348845,0.10254362970590591,0.8989999890327454,0.7868000268936157
YNL085W,YNL062C,0,-3.0351262,0.10253193229436874,0.8989999890327454,0.786899983882904
YGR198W,YML069W,0,-3.0352688,0.10252024233341217,0.8989999890327454,0.7870000004768372
YDR341C,YJR132W,0,-3.0353286,0.1025085523724556,0.8989999890327454,0.7871000170707703
YKL092C,YPR005C,0,-3.0353758,0.10249686241149902,0.8989999890327454,0.7871999740600586
YOR377W,YPL204W,0,-3.0355163,0.10248517990112305,0.8989999890327454,0.7872999906539917
YBR069C,YBR156C,0,-3.0356317,0.10247349739074707,0.8989999890327454,0.7874000072479248
YGL174W,YDR281C,0,-3.0357053,0.10246182233095169,0.8989999890327454,0.7875000238418579
YKR067W,YDR349C,1,-3.0357714,0.10256410390138626,0.8999999761581421,0.7875000238418579
YMR309C,YER012W,0,-3.0359662,0.10255241394042969,0.8999999761581421,0.7875999808311462
YPL095C,YOR249C,0,-3.0361822,0.10254073143005371,0.8999999761581421,0.7876999974250793
YBR095C,YDR310C,0,-3.0364141,0.10252904891967773,0.8999999761581421,0.7878000140190125
YKR097W,YDR495C,0,-3.0364697,0.10251737385988235,0.8999999761581421,0.7878999710083008
YCR063W,YGL216W,0,-3.036738,0.10250569134950638,0.8999999761581421,0.7879999876022339
YGL161C,YDR151C,0,-3.0368855,0.1024940237402916,0.8999999761581421,0.788100004196167
YDR409W,YJL178C,0,-3.0372226,0.10248234868049622,0.8999999761581421,0.7882000207901001
YKL045W,YDL059C,0,-3.0380752,0.10247068107128143,0.8999999761581421,0.7882999777793884
YGR215W,YCR021C,0,-3.0382798,0.10245901346206665,0.8999999761581421,0.7883999943733215
YPL208W,YPR124W,0,-3.038486,0.10244735330343246,0.8999999761581421,0.7885000109672546
YGR191W,YPL007C,0,-3.0388722,0.10243569314479828,0.8999999761581421,0.7886000275611877
YDR379W,YML113W,0,-3.038896,0.10242403298616409,0.8999999761581421,0.7886999845504761
YBL072C,YOR328W,0,-3.0389564,0.1024123802781105,0.8999999761581421,0.7888000011444092
YIL011W,YNL268W,0,-3.0393538,0.10240072757005692,0.8999999761581421,0.7889000177383423
YOL043C,YNL239W,0,-3.0395038,0.10238907486200333,0.8999999761581421,0.7889999747276306
YKL087C,YER082C,0,-3.0397108,0.10237742960453033,0.8999999761581421,0.7890999913215637
YER019W,YNR008W,1,-3.0400379,0.10247952491044998,0.9010000228881836,0.7890999913215637
YDR059C,YGL019W,0,-3.04015,0.10246787220239639,0.9010000228881836,0.7892000079154968
YKL154W,YGR038W,1,-3.0401742,0.10256993770599365,0.9020000100135803,0.7892000079154968
YJR118C,YHR176W,1,-3.0404387,0.10267197340726852,0.902999997138977,0.7892000079154968
YPL110C,YOL045W,0,-3.0404642,0.10266029834747314,0.902999997138977,0.7893000245094299
YKR008W,YJR108W,0,-3.0410743,0.10264863073825836,0.902999997138977,0.7893999814987183
YCR011C,YML029W,1,-3.0411117,0.10275062173604965,0.9039999842643738,0.7893999814987183
YKL167C,YOR206W,0,-3.0415728,0.10273894667625427,0.9039999842643738,0.7894999980926514
YMR146C,YOR040W,0,-3.0416253,0.10272727161645889,0.9039999842643738,0.7896000146865845
YOR355W,YGR166W,0,-3.0422628,0.10271560400724411,0.9039999842643738,0.7896999716758728
YIL005W,YNR039C,1,-3.0423515,0.10281754285097122,0.9049999713897705,0.7896999716758728
YOL151W,YOR033C,0,-3.042856,0.10280586034059525,0.9049999713897705,0.7897999882698059
YOR017W,YMR210W,0,-3.0429332,0.10279418528079987,0.9049999713897705,0.789900004863739
YPL239W,YIL096C,0,-3.042965,0.10278251022100449,0.9049999713897705,0.7900000214576721
YKR083C,YCL033C,0,-3.0430906,0.1027708351612091,0.9049999713897705,0.7900999784469604
YPL239W,YEL016C,0,-3.043636,0.10275916755199432,0.9049999713897705,0.7901999950408936
YLR368W,YKL096W-A,0,-3.0437648,0.10274749994277954,0.9049999713897705,0.7903000116348267
YHR042W,YER169W,0,-3.0439627,0.10273583978414536,0.9049999713897705,0.7904000282287598
YOR003W,YNL126W,0,-3.0439684,0.10272417962551117,0.9049999713897705,0.7904999852180481
YFL018C,YBR212W,0,-3.044221,0.10271251946687698,0.9049999713897705,0.7906000018119812
YMR302C,YDL078C,0,-3.0442908,0.1027008593082428,0.9049999713897705,0.7907000184059143
YLR270W,YIL154C,0,-3.0444474,0.10268920660018921,0.9049999713897705,0.7907999753952026
YBL091C,YDL148C,0,-3.0447104,0.10267756134271622,0.9049999713897705,0.7908999919891357
YJL048C,YPL246C,0,-3.0447352,0.10266590863466263,0.9049999713897705,0.7910000085830688
YPL153C,YKR092C,0,-3.044752,0.10265426337718964,0.9049999713897705,0.791100025177002
YFR034C,YJL100W,0,-3.0449593,0.10264262557029724,0.9049999713897705,0.7911999821662903
YOR011W,YJL210W,0,-3.044978,0.10263098031282425,0.9049999713897705,0.7912999987602234
YJL201W,YOR377W,0,-3.0449884,0.10261934250593185,0.9049999713897705,0.7914000153541565
YKL082C,YOL021C,0,-3.0449994,0.10260771214962006,0.9049999713897705,0.7914999723434448
YCR107W,YJL138C,0,-3.0453188,0.10259607434272766,0.9049999713897705,0.7915999889373779
YBL091C,YNL282W,0,-3.0453696,0.10258445143699646,0.9049999713897705,0.791700005531311
YOL062C,YCR060W,0,-3.0454183,0.10257282108068466,0.9049999713897705,0.7918000221252441
YDR416W,YPL061W,0,-3.0454915,0.10256119817495346,0.9049999713897705,0.7918999791145325
YGL070C,YLR439W,0,-3.0455668,0.10254957526922226,0.9049999713897705,0.7919999957084656
YLR213C,YBR088C,0,-3.045585,0.10253795236349106,0.9049999713897705,0.7921000123023987
YDR273W,YIL070C,0,-3.0458639,0.10252633690834045,0.9049999713897705,0.7922000288963318
YKL095W,YDL160C,0,-3.0459142,0.10251472890377045,0.9049999713897705,0.7922999858856201
YGL131C,YDR204W,0,-3.0461304,0.10250311344861984,0.9049999713897705,0.7924000024795532
YER038C,YML114C,0,-3.046535,0.10249150544404984,0.9049999713897705,0.7925000190734863
YNL218W,YML074C,0,-3.0468857,0.10247989743947983,0.9049999713897705,0.7925999760627747
YBL098W,YIL162W,0,-3.0483248,0.10246829688549042,0.9049999713897705,0.7926999926567078
YBL091C,YMR001C,0,-3.0483985,0.10245669633150101,0.9049999713897705,0.7928000092506409
YDR408C,YPL269W,0,-3.048589,0.1024450957775116,0.9049999713897705,0.792900025844574
YGL205W,YHR146W,0,-3.0486276,0.10243350267410278,0.9049999713897705,0.7929999828338623
YDR205W,YGL098W,1,-3.0492527,0.10253508388996124,0.906000018119812,0.7929999828338623
YPL126W,YGR193C,0,-3.0494654,0.10252348333597183,0.906000018119812,0.7930999994277954
YPR179C,YGL113W,0,-3.0495582,0.10251188278198242,0.906000018119812,0.7932000160217285
YBR153W,YOR241W,0,-3.0508387,0.10250028222799301,0.906000018119812,0.7932999730110168
YLR335W,YNR037C,0,-3.0508645,0.1024886891245842,0.906000018119812,0.79339998960495
YEL004W,YHR060W,1,-3.0509312,0.10259020328521729,0.9070000052452087,0.79339998960495
YGL105W,YEL012W,0,-3.0511127,0.10257860273122787,0.9070000052452087,0.7935000061988831
YKL149C,YLR432W,0,-3.051158,0.10256700217723846,0.9070000052452087,0.7936000227928162
YML048W,YBR170C,1,-3.0512235,0.10266847908496857,0.9079999923706055,0.7936000227928162
YDR492W,YFR041C,1,-3.0513463,0.10276992619037628,0.9089999794960022,0.7936000227928162
YNL191W,YER029C,0,-3.0514183,0.10275831073522568,0.9089999794960022,0.7936999797821045
YOR027W,YDL064W,0,-3.0519183,0.10274669528007507,0.9089999794960022,0.7937999963760376
YKL181W,YJL042W,0,-3.0521476,0.10273507982492447,0.9089999794960022,0.7939000129699707
YMR274C,YNL008C,1,-3.0525148,0.1028364822268486,0.9100000262260437,0.7939000129699707
YNL242W,YJR055W,0,-3.0525646,0.1028248593211174,0.9100000262260437,0.7940000295639038
YIL113W,YNL047C,0,-3.0526145,0.1028132438659668,0.9100000262260437,0.7940999865531921
YMR169C,YPL065W,0,-3.0526493,0.10280162841081619,0.9100000262260437,0.7942000031471252
YPL087W,YGR175C,1,-3.0528967,0.10290297120809555,0.9110000133514404,0.7942000031471252
YLR383W,YER147C,0,-3.0528972,0.10289134830236435,0.9110000133514404,0.7943000197410583
YDR179C,YGR249W,0,-3.0531733,0.10287972539663315,0.9110000133514404,0.7943999767303467
YFR028C,YKL099C,0,-3.0532618,0.10286810994148254,0.9110000133514404,0.7944999933242798
YBR170C,YAL053W,1,-3.0534053,0.10296940058469772,0.9120000004768372,0.7944999933242798
YCR047C,YBR286W,0,-3.0534723,0.10295777767896652,0.9120000004768372,0.7946000099182129
YNL317W,YEL016C,0,-3.0540502,0.10294615477323532,0.9120000004768372,0.794700026512146
YDR359C,YKR072C,0,-3.05417,0.10293453931808472,0.9120000004768372,0.7947999835014343
YPL017C,YOR290C,0,-3.0543597,0.10292292386293411,0.9120000004768372,0.7949000000953674
YPR052C,YPL128C,0,-3.0544646,0.10291130840778351,0.9120000004768372,0.7950000166893005
YPR134W,YKR054C,0,-3.0547645,0.1028996929526329,0.9120000004768372,0.7950999736785889
YLR142W,YIL014W,0,-3.0547664,0.1028880849480629,0.9120000004768372,0.795199990272522
YFL001W,YKR082W,0,-3.0547945,0.10287647694349289,0.9120000004768372,0.7953000068664551
YDL028C,YIL066C,0,-3.0548723,0.10286487638950348,0.9120000004768372,0.7954000234603882
YER167W,YNL042W,0,-3.055212,0.10285327583551407,0.9120000004768372,0.7954999804496765
YJR025C,YPL029W,0,-3.0552788,0.10284167528152466,0.9120000004768372,0.7955999970436096
YNL242W,YER031C,0,-3.0554605,0.10283008217811584,0.9120000004768372,0.7957000136375427
YKR076W,YOR133W,0,-3.055555,0.10281848907470703,0.9120000004768372,0.795799970626831
YML121W,YPL084W,0,-3.0556612,0.10280689597129822,0.9120000004768372,0.7958999872207642
YLR435W,YML112W,0,-3.055827,0.10279531031847,0.9120000004768372,0.7960000038146973
YDL020C,YGL245W,0,-3.0558975,0.10278372466564178,0.9120000004768372,0.7961000204086304
YNR006W,YEL034W,0,-3.0561903,0.10277214646339417,0.9120000004768372,0.7961999773979187
YER007C-A,YOR340C,0,-3.0563128,0.10276056081056595,0.9120000004768372,0.7962999939918518
YDL132W,YGR003W,0,-3.0565045,0.10274898260831833,0.9120000004768372,0.7964000105857849
YPL194W,YOR128C,0,-3.0566664,0.1027374118566513,0.9120000004768372,0.796500027179718
YJL111W,YLR010C,0,-3.0569556,0.10272584110498428,0.9120000004768372,0.7965999841690063
YJR143C,YOR075W,1,-3.05711,0.10282689332962036,0.9129999876022339,0.7965999841690063
YMR204C,YEL009C,0,-3.0571444,0.10281531512737274,0.9129999876022339,0.7967000007629395
YKL168C,YCR077C,0,-3.0572941,0.10280373692512512,0.9129999876022339,0.7968000173568726
YIL153W,YOL011W,0,-3.0575964,0.1027921661734581,0.9129999876022339,0.7968999743461609
YGL200C,YLR372W,1,-3.0576396,0.10289316624403,0.9139999747276306,0.7968999743461609
YMR250W,YLR396C,0,-3.0576873,0.10288158804178238,0.9139999747276306,0.796999990940094
YMR238W,YKR026C,0,-3.05774,0.10287000238895416,0.9139999747276306,0.7971000075340271
YCL008C,YHR046C,0,-3.0578606,0.10285843163728714,0.9139999747276306,0.7972000241279602
YDR007W,YOL115W,0,-3.0578654,0.10284685343503952,0.9139999747276306,0.7972999811172485
YHR079C,YGL139W,1,-3.0582495,0.10294779390096664,0.9150000214576721,0.7972999811172485
YNL002C,YPL097W,0,-3.0584366,0.10293621569871902,0.9150000214576721,0.7973999977111816
YNR015W,YMR030W,0,-3.0584419,0.1029246374964714,0.9150000214576721,0.7975000143051147
YNR057C,YNR027W,0,-3.0586696,0.10291305929422379,0.9150000214576721,0.7975999712944031
YGR280C,YMR069W,0,-3.0586717,0.10290148109197617,0.9150000214576721,0.7976999878883362
YKL135C,YIL017C,0,-3.0589426,0.10288991034030914,0.9150000214576721,0.7978000044822693
YGR231C,YKR036C,0,-3.0592937,0.10287834703922272,0.9150000214576721,0.7979000210762024
YPL092W,YFL008W,0,-3.0594037,0.1028667762875557,0.9150000214576721,0.7979999780654907
YDL212W,YOR171C,1,-3.0597193,0.10296762734651566,0.9160000085830688,0.7979999780654907
YER032W,YNL245C,0,-3.0599287,0.10295604914426804,0.9160000085830688,0.7980999946594238
YOR020C,YJL035C,0,-3.05995,0.10294447839260101,0.9160000085830688,0.7982000112533569
YGL163C,YEL011W,0,-3.0603983,0.10293291509151459,0.9160000085830688,0.79830002784729
YIL132C,YDR110W,0,-3.0606024,0.10292135179042816,0.9160000085830688,0.7983999848365784
YML128C,YML067C,1,-3.060714,0.10302213579416275,0.9169999957084656,0.7983999848365784
YIL009W,YPR168W,0,-3.060832,0.10301055759191513,0.9169999957084656,0.7985000014305115
YOR031W,YLR263W,0,-3.0608904,0.10299898684024811,0.9169999957084656,0.7986000180244446
YER116C,YDR480W,0,-3.061015,0.10298742353916168,0.9169999957084656,0.7986999750137329
YGL150C,YKR037C,0,-3.0612142,0.10297585278749466,0.9169999957084656,0.798799991607666
YIL140W,YGL111W,0,-3.0612879,0.10296429693698883,0.9169999957084656,0.7989000082015991
YDR276C,YNL136W,0,-3.0613039,0.1029527336359024,0.9169999957084656,0.7990000247955322
YLR432W,YKL096W,0,-3.0614512,0.10294117778539658,0.9169999957084656,0.7990999817848206
YBL026W,YHR161C,0,-3.061644,0.10292962193489075,0.9169999957084656,0.7991999983787537
YBR002C,YGL020C,1,-3.061823,0.10303030163049698,0.9179999828338623,0.7991999983787537
YLR142W,YGR097W,0,-3.0618403,0.10301873832941055,0.9179999828338623,0.7993000149726868
YKL001C,YER023W,0,-3.0618806,0.10300718247890472,0.9179999828338623,0.7993999719619751
YLR138W,YOL021C,0,-3.0619404,0.1029956266283989,0.9179999828338623,0.7994999885559082
YPR160W,YER029C,0,-3.0619857,0.10298407077789307,0.9179999828338623,0.7996000051498413
YDR078C,YFL022C,0,-3.0620122,0.10297251492738724,0.9179999828338623,0.7997000217437744
YDR076W,YGR229C,0,-3.0621526,0.102960966527462,0.9179999828338623,0.7997999787330627
YMR146C,YHR016C,0,-3.0623372,0.10294942557811737,0.9179999828338623,0.7998999953269958
YDL076C,YNL077W,0,-3.0627596,0.10293787717819214,0.9179999828338623,0.800000011920929
YBR091C,YPR119W,0,-3.0632672,0.1029263362288475,0.9179999828338623,0.8001000285148621
YBR191W,YGL063W,0,-3.0633242,0.10291479527950287,0.9179999828338623,0.8001999855041504
YLR373C,YLR097C,0,-3.0634363,0.10290326178073883,0.9179999828338623,0.8003000020980835
YDR463W,YNL063W,0,-3.0637853,0.10289172828197479,0.9179999828338623,0.8004000186920166
YOR241W,YDR168W,0,-3.063872,0.10288019478321075,0.9179999828338623,0.8004999756813049
YBR196C,YLR324W,0,-3.0640762,0.10286866873502731,0.9179999828338623,0.800599992275238
YBR215W,YLR457C,0,-3.0641696,0.10285714268684387,0.9179999828338623,0.8007000088691711
YOR216C,YBR186W,0,-3.0645063,0.10284561663866043,0.9179999828338623,0.8008000254631042
YKL017C,YNR027W,0,-3.0651329,0.10283409804105759,0.9179999828338623,0.8008999824523926
YJL102W,YKL014C,0,-3.065182,0.10282257944345474,0.9179999828338623,0.8009999990463257
YGL131C,YCR083W,0,-3.0653865,0.1028110682964325,0.9179999828338623,0.8011000156402588
YGR116W,YJL148W,0,-3.065514,0.10279954969882965,0.9179999828338623,0.8011999726295471
YOR224C,YAR019C,0,-3.0655527,0.1027880385518074,0.9179999828338623,0.8012999892234802
YJR102C,YHR052W,0,-3.065623,0.10277653485536575,0.9179999828338623,0.8014000058174133
YLL009C,YBR165W,0,-3.06571,0.1027650311589241,0.9179999828338623,0.8015000224113464
YMR097C,YGR111W,0,-3.0657642,0.10275352746248245,0.9179999828338623,0.8015999794006348
YAL062W,YIL140W,0,-3.0659046,0.1027420237660408,0.9179999828338623,0.8016999959945679
YDL106C,YOR096W,0,-3.0659845,0.10273052752017975,0.9179999828338623,0.801800012588501
YBL091C,YER006W,0,-3.0661037,0.1027190312743187,0.9179999828338623,0.8019000291824341
YLR029C,YHR160C,0,-3.0666807,0.10270754247903824,0.9179999828338623,0.8019999861717224
YJL102W,YIL144W,0,-3.0668063,0.10269605368375778,0.9179999828338623,0.8021000027656555
YLR453C,YDR379W,0,-3.0677776,0.10268456488847733,0.9179999828338623,0.8022000193595886
YDR103W,YNL084C,0,-3.0680702,0.10267307609319687,0.9179999828338623,0.802299976348877
YHR050W,YCL075W,0,-3.06835,0.10266159474849701,0.9179999828338623,0.8023999929428101
YDL082W,YKL014C,0,-3.068789,0.10265012085437775,0.9179999828338623,0.8025000095367432
YPR133C,YDR379W,0,-3.0688255,0.10263863950967789,0.9179999828338623,0.8026000261306763
YPR112C,YFR050C,0,-3.0689204,0.10262716561555862,0.9179999828338623,0.8026999831199646
YNR050C,YKL049C,0,-3.0692074,0.10261569172143936,0.9179999828338623,0.8027999997138977
YBL091C,YMR233W,0,-3.0693982,0.1026042252779007,0.9179999828338623,0.8029000163078308
YJL127C,YGR141W,0,-3.069996,0.10259275883436203,0.9179999828338623,0.8029999732971191
YMR277W,YPL038W,0,-3.0702524,0.10258129239082336,0.9179999828338623,0.8030999898910522
YDR339C,YBR248C,0,-3.0703192,0.1025698333978653,0.9179999828338623,0.8032000064849854
YKL142W,YLR109W,0,-3.07042,0.10255837440490723,0.9179999828338623,0.8033000230789185
YGL023C,YPL203W,0,-3.0704446,0.10254691541194916,0.9179999828338623,0.8033999800682068
YMR105C,YNL074C,0,-3.0706215,0.10253546386957169,0.9179999828338623,0.8034999966621399
YOR089C,YPR119W,0,-3.0718148,0.10252401232719421,0.9179999828338623,0.803600013256073
YLR425W,YIL095W,0,-3.0720153,0.10251256078481674,0.9179999828338623,0.8036999702453613
YJR055W,YLL015W,0,-3.0723832,0.10250111669301987,0.9179999828338623,0.8037999868392944
YMR169C,YCL051W,0,-3.072568,0.10248967260122299,0.9179999828338623,0.8039000034332275
YML118W,YDL146W,0,-3.0726643,0.10247822850942612,0.9179999828338623,0.8040000200271606
YHR030C,YMR235C,0,-3.072745,0.10246679186820984,0.9179999828338623,0.804099977016449
YDR496C,YKL029C,0,-3.0730693,0.10245535522699356,0.9179999828338623,0.8041999936103821
YOR216C,YKL029C,0,-3.0732548,0.10244392603635788,0.9179999828338623,0.8043000102043152
YER042W,YDR206W,0,-3.0732806,0.1024324893951416,0.9179999828338623,0.8044000267982483
YAL051W,YKL209C,0,-3.073293,0.10242106765508652,0.9179999828338623,0.8044999837875366
YDL108W,YIR025W,0,-3.0742104,0.10240963846445084,0.9179999828338623,0.8046000003814697
YDL194W,YDL174C,0,-3.0742624,0.10239821672439575,0.9179999828338623,0.8047000169754028
YDR376W,YOR017W,0,-3.0744455,0.10238679498434067,0.9179999828338623,0.8047999739646912
YLR246W,YML029W,1,-3.0746117,0.10248689353466034,0.9190000295639038,0.8047999739646912
YGL095C,YCR020W-B,0,-3.074734,0.10247547179460526,0.9190000295639038,0.8048999905586243
YGL222C,YBR115C,0,-3.0751145,0.10246404260396957,0.9190000295639038,0.8050000071525574
YGL141W,YOL059W,0,-3.0751376,0.10245262086391449,0.9190000295639038,0.8051000237464905
YNL172W,YNL153C,0,-3.075417,0.1024411991238594,0.9190000295639038,0.8051999807357788
YNL069C,YPL240C,0,-3.0754817,0.10242978483438492,0.9190000295639038,0.8052999973297119
YNL328C,YDR229W,0,-3.0757506,0.10241836309432983,0.9190000295639038,0.805400013923645
YHR084W,YOR257W,0,-3.0761917,0.10240695625543594,0.9190000295639038,0.8054999709129333
YMR056C,YLR441C,0,-3.077192,0.10239554196596146,0.9190000295639038,0.8055999875068665
YLR164W,YNL160W,0,-3.0775502,0.10238413512706757,0.9190000295639038,0.8057000041007996
YIL075C,YNL221C,0,-3.0777931,0.10237272828817368,0.9190000295639038,0.8058000206947327
YDR058C,YBR123C,0,-3.0778363,0.10236132889986038,0.9190000295639038,0.805899977684021
YPL117C,YAL043C,0,-3.077962,0.10234992951154709,0.9190000295639038,0.8059999942779541
YJL178C,YHL036W,0,-3.078123,0.1023385301232338,0.9190000295639038,0.8061000108718872
YDL082W,YOL100W,0,-3.078264,0.1023271381855011,0.9190000295639038,0.8062000274658203
YBR030W,YER172C,0,-3.0783465,0.1023157462477684,0.9190000295639038,0.8062999844551086
YOL044W,YGR007W,0,-3.078426,0.1023043543100357,0.9190000295639038,0.8064000010490417
YPL274W,YGR264C,0,-3.078592,0.10229296237230301,0.9190000295639038,0.8065000176429749
YLR304C,YIL070C,0,-3.0787745,0.10228157788515091,0.9190000295639038,0.8065999746322632
YKL197C,YDR379W,0,-3.0787747,0.1022702008485794,0.9190000295639038,0.8066999912261963
YJL146W,YOR349W,0,-3.0789278,0.10225881636142731,0.9190000295639038,0.8068000078201294
YEL017C-A,YER007C-A,0,-3.0789478,0.1022474393248558,0.9190000295639038,0.8069000244140625
YKL168C,YOL091W,0,-3.078956,0.1022360697388649,0.9190000295639038,0.8069999814033508
YEL039C,YHR057C,0,-3.0796764,0.1022246927022934,0.9190000295639038,0.8070999979972839
YDL216C,YPL190C,0,-3.0798852,0.10221332311630249,0.9190000295639038,0.807200014591217
YDR122W,YIL063C,0,-3.0802798,0.10220196098089218,0.9190000295639038,0.8072999715805054
YOL062C,YNR011C,0,-3.0807865,0.10219059139490128,0.9190000295639038,0.8073999881744385
YOL147C,YGL150C,0,-3.0811255,0.10217922925949097,0.9190000295639038,0.8075000047683716
YOR261C,YKL059C,0,-3.0814245,0.10216787457466125,0.9190000295639038,0.8076000213623047
YDR346C,YDL058W,0,-3.0818188,0.10215651243925095,0.9190000295639038,0.807699978351593
YOR242C,YMR173W,0,-3.081826,0.10214515775442123,0.9190000295639038,0.8077999949455261
YMR078C,YJR108W,0,-3.0820363,0.10213381052017212,0.9190000295639038,0.8079000115394592
YMR233W,YNL253W,0,-3.082038,0.10212245583534241,0.9190000295639038,0.8080000281333923
YBR240C,YER045C,0,-3.0820432,0.10211110860109329,0.9190000295639038,0.8080999851226807
YCR005C,YAL030W,0,-3.082052,0.10209976881742477,0.9190000295639038,0.8082000017166138
YHR001W,YGR081C,0,-3.0824692,0.10208842158317566,0.9190000295639038,0.8083000183105469
YAL003W,YOR315W,0,-3.0825436,0.10207708179950714,0.9190000295639038,0.8083999752998352
YJR004C,YPR112C,0,-3.0825822,0.10206574946641922,0.9190000295639038,0.8084999918937683
YMR153W,YDR416W,0,-3.083021,0.1020544171333313,0.9190000295639038,0.8086000084877014
YJL148W,YJL116C,0,-3.0830786,0.10204308480024338,0.9190000295639038,0.8087000250816345
YDR211W,YHR086W,0,-3.083184,0.10203175246715546,0.9190000295639038,0.8087999820709229
YHR006W,YOR260W,0,-3.0832667,0.10202042758464813,0.9190000295639038,0.808899998664856
YDR460W,YNL030W,0,-3.0834992,0.10200910270214081,0.9190000295639038,0.8090000152587891
YIL046W,YKL201C,0,-3.0837991,0.10199777781963348,0.9190000295639038,0.8090999722480774
YDR473C,YOR179C,0,-3.083835,0.10198646038770676,0.9190000295639038,0.8091999888420105
YMR086W,YOR090C,0,-3.0839796,0.10197514295578003,0.9190000295639038,0.8093000054359436
YPL131W,YOR327C,0,-3.0841038,0.1019638329744339,0.9190000295639038,0.8094000220298767
YMR052W,YHR036W,1,-3.0843267,0.10206345468759537,0.9200000166893005,0.8094000220298767
YML004C,YBR067C,0,-3.084364,0.10205213725566864,0.9200000166893005,0.809499979019165
YOL052C,YER142C,0,-3.0844886,0.10204081982374191,0.9200000166893005,0.8095999956130981
YNL153C,YIL061C,0,-3.0844915,0.10202950239181519,0.9200000166893005,0.8097000122070312
YER177W,YOR178C,0,-3.084535,0.10201818495988846,0.9200000166893005,0.8098000288009644
YML123C,YDR398W,0,-3.0848892,0.10200687497854233,0.9200000166893005,0.8098999857902527
YDR322C-A,YNR059W,0,-3.0849855,0.1019955649971962,0.9200000166893005,0.8100000023841858
YNL334C,YJR055W,0,-3.085198,0.10198426246643066,0.9200000166893005,0.8101000189781189
YJL137C,YBR143C,0,-3.0852041,0.10197295248508453,0.9200000166893005,0.8101999759674072
YPR095C,YNL025C,0,-3.0852215,0.101961649954319,0.9200000166893005,0.8102999925613403
YER045C,YLR027C,0,-3.085279,0.10195035487413406,0.9200000166893005,0.8104000091552734
YKL074C,YOR216C,0,-3.0855472,0.10193905979394913,0.9200000166893005,0.8105000257492065
YJL074C,YNR058W,0,-3.0857503,0.10192776471376419,0.9200000166893005,0.8105999827384949
YGR244C,YHR001W,0,-3.0857913,0.10191646963357925,0.9200000166893005,0.810699999332428
YDR206W,YHR016C,0,-3.0858305,0.10190518200397491,0.9200000166893005,0.8108000159263611
YMR197C,YDR323C,0,-3.0862365,0.10189389437437057,0.9200000166893005,0.8108999729156494
YOR275C,YOL027C,0,-3.0867531,0.10188261419534683,0.9200000166893005,0.8109999895095825
YOL061W,YGR065C,0,-3.0870426,0.10187133401632309,0.9200000166893005,0.8111000061035156
YPL088W,YIR041W,0,-3.0871255,0.10186005383729935,0.9200000166893005,0.8112000226974487
YML074C,YJR129C,0,-3.0871334,0.1018487736582756,0.9200000166893005,0.8112999796867371
YOL043C,YKR082W,0,-3.0872867,0.10183750092983246,0.9200000166893005,0.8113999962806702
YMR041C,YJL035C,0,-3.0877397,0.10182622820138931,0.9200000166893005,0.8115000128746033
YML126C,YDL122W,1,-3.0881395,0.10192563384771347,0.9210000038146973,0.8115000128746033
YFL004W,YNR038W,0,-3.088152,0.10191435366868973,0.9210000038146973,0.8116000294685364
YDL108W,YCR083W,0,-3.0883553,0.10190307348966599,0.9210000038146973,0.8116999864578247
YOR349W,YDR443C,0,-3.0893095,0.10189180076122284,0.9210000038146973,0.8118000030517578
YDR059C,YDR462W,0,-3.0893543,0.1018805280327797,0.9210000038146973,0.8119000196456909
YBR108W,YAL021C,0,-3.0894775,0.10186926275491714,0.9210000038146973,0.8119999766349792
YDR515W,YNL029C,0,-3.0900354,0.1018579974770546,0.9210000038146973,0.8120999932289124
YGL067W,YOL117W,0,-3.0901282,0.10184673219919205,0.9210000038146973,0.8122000098228455
YEL016C,YOR328W,0,-3.0901563,0.1018354743719101,0.9210000038146973,0.8123000264167786
YNL273W,YOR040W,0,-3.0904257,0.10182420909404755,0.9210000038146973,0.8123999834060669
YLR097C,YDR039C,0,-3.090605,0.10181295871734619,0.9210000038146973,0.8125
YBL060W,YDR236C,0,-3.0906398,0.10180170089006424,0.9210000038146973,0.8126000165939331
YLR148W,YLL013C,0,-3.090766,0.10179045051336288,0.9210000038146973,0.8126999735832214
YEL037C,YNL250W,0,-3.0908744,0.10177920013666153,0.9210000038146973,0.8127999901771545
YEL041W,YPL125W,0,-3.0909464,0.10176795721054077,0.9210000038146973,0.8129000067710876
YKL157W,YBR165W,0,-3.0909932,0.10175671428442001,0.9210000038146973,0.8130000233650208
YBR185C,YIL110W,0,-3.0912971,0.10174547135829926,0.9210000038146973,0.8130999803543091
YNR075W,YMR202W,1,-3.091572,0.10184469074010849,0.921999990940094,0.8130999803543091
YIL093C,YKL209C,0,-3.0916593,0.10183344036340714,0.921999990940094,0.8131999969482422
YIL140W,YOL154W,0,-3.091726,0.10182219743728638,0.921999990940094,0.8133000135421753
YLR119W,YNL059C,0,-3.092139,0.10181095451116562,0.921999990940094,0.8133999705314636
YHR114W,YPL274W,0,-3.0921967,0.10179971158504486,0.921999990940094,0.8134999871253967
YDL008W,YNL271C,0,-3.0923815,0.1017884761095047,0.921999990940094,0.8136000037193298
YBL047C,YDR279W,0,-3.092397,0.10177724063396454,0.921999990940094,0.8137000203132629
YER082C,YLR277C,0,-3.0924456,0.10176600515842438,0.921999990940094,0.8137999773025513
YHR152W,YCR071C,0,-3.0924857,0.10175476968288422,0.921999990940094,0.8138999938964844
YFR036W,YGL256W,0,-3.0925362,0.10174354165792465,0.921999990940094,0.8140000104904175
YNL002C,YDR141C,0,-3.092539,0.10173232108354568,0.921999990940094,0.8141000270843506
YMR195W,YJL050W,0,-3.0926442,0.10172109305858612,0.921999990940094,0.8141999840736389
YNL063W,YJL183W,0,-3.092746,0.10170987248420715,0.921999990940094,0.814300000667572
YPR060C,YMR247C,0,-3.0931706,0.10169865190982819,0.921999990940094,0.8144000172615051
YMR146C,YOR117W,0,-3.0932202,0.10168743878602982,0.921999990940094,0.8144999742507935
YNL186W,YCR042C,0,-3.0943692,0.10167622566223145,0.921999990940094,0.8145999908447266
YCL039W,YOR120W,0,-3.094597,0.10166501253843307,0.921999990940094,0.8147000074386597
YNR006W,YDR496C,0,-3.0948505,0.1016538068652153,0.921999990940094,0.8148000240325928
YLR047C,YCR092C,0,-3.0953054,0.10164259374141693,0.921999990940094,0.8148999810218811
YJL026W,YPL024W,0,-3.0954077,0.10163139551877975,0.921999990940094,0.8149999976158142
YJR035W,YPR162C,0,-3.095809,0.10162018984556198,0.921999990940094,0.8151000142097473
YOR361C,YER171W,0,-3.0961673,0.1016089916229248,0.921999990940094,0.8151999711990356
YOR167C,YLR396C,0,-3.0962796,0.10159779340028763,0.921999990940094,0.8152999877929688
YGR129W,YDR443C,0,-3.096329,0.10158660262823105,0.921999990940094,0.8154000043869019
YOR190W,YOR348C,0,-3.0963676,0.10157541185617447,0.921999990940094,0.815500020980835
YDR529C,YPL274W,0,-3.096481,0.10156422108411789,0.921999990940094,0.8155999779701233
YJL004C,YFR034C,0,-3.0965235,0.1015530377626419,0.921999990940094,0.8156999945640564
YJL127C,YPR159W,0,-3.0965834,0.10154184699058533,0.921999990940094,0.8158000111579895
YMR109W,YKL029C,0,-3.096966,0.10153067111968994,0.921999990940094,0.8159000277519226
YGL093W,YHR051W,0,-3.0970128,0.10151948779821396,0.921999990940094,0.8159999847412109
YNR049C,YNL210W,0,-3.0972455,0.10150831192731857,0.921999990940094,0.816100001335144
YCR010C,YOR328W,0,-3.0975401,0.10149713605642319,0.921999990940094,0.8162000179290771
YJR092W,YLR007W,0,-3.0976624,0.1014859676361084,0.921999990940094,0.8162999749183655
YOL111C,YOR340C,0,-3.0978103,0.10147479921579361,0.921999990940094,0.8163999915122986
YNL156C,YHR190W,1,-3.0982978,0.10157367587089539,0.9229999780654907,0.8163999915122986
YHR176W,YHR060W,1,-3.098316,0.10167253762483597,0.9240000247955322,0.8163999915122986
YKL032C,YKR026C,0,-3.0984118,0.10166134685277939,0.9240000247955322,0.8165000081062317
YDR233C,YCR034W,1,-3.09856,0.10176017880439758,0.925000011920929,0.8165000081062317
YML046W,YML070W,0,-3.0986807,0.1017489805817604,0.925000011920929,0.8166000247001648
YKR013W,YOR216C,0,-3.098697,0.10173778980970383,0.925000011920929,0.8166999816894531
YIL076W,YJR064W,0,-3.098787,0.10172660648822784,0.925000011920929,0.8167999982833862
YKL126W,YOR204W,0,-3.0988927,0.10171541571617126,0.925000011920929,0.8169000148773193
YPL169C,YCR004C,0,-3.0989401,0.10170423239469528,0.925000011920929,0.8169999718666077
YGR234W,YPL152W,0,-3.0994036,0.1016930490732193,0.925000011920929,0.8170999884605408
YBL093C,YDL174C,0,-3.0995748,0.10168187320232391,0.925000011920929,0.8172000050544739
YOR285W,YBR287W,1,-3.1002538,0.10178060829639435,0.9259999990463257,0.8172000050544739
YOR178C,YER129W,0,-3.100848,0.10176942497491837,0.9259999990463257,0.817300021648407
YHL032C,YNL268W,0,-3.101517,0.10175824165344238,0.9259999990463257,0.8173999786376953
YPL169C,YDR384C,0,-3.10202,0.1017470583319664,0.9259999990463257,0.8174999952316284
YKR076W,YDR044W,0,-3.1020916,0.10173588246107101,0.9259999990463257,0.8176000118255615
YPL213W,YER053C,0,-3.1024506,0.10172470659017563,0.9259999990463257,0.8177000284194946
YMR260C,YKL160W,0,-3.1032844,0.10171353071928024,0.9259999990463257,0.817799985408783
YER021W,YDR487C,0,-3.1035066,0.10170236229896545,0.9259999990463257,0.8179000020027161
YOL003C,YGL174W,0,-3.10351,0.10169119387865067,0.9259999990463257,0.8180000185966492
YDR359C,YMR016C,0,-3.1035388,0.10168002545833588,0.9259999990463257,0.8180999755859375
YJR091C,YOR046C,0,-3.1036913,0.10166886448860168,0.9259999990463257,0.8181999921798706
YJR137C,YOR231W,0,-3.1038282,0.10165770351886749,0.9259999990463257,0.8183000087738037
YJR145C,YBR257W,0,-3.1038663,0.1016465425491333,0.9259999990463257,0.8184000253677368
YBR054W,YMR043W,0,-3.103963,0.1016353890299797,0.9259999990463257,0.8184999823570251
YLR411W,YDR404C,0,-3.104029,0.10162422806024551,0.9259999990463257,0.8185999989509583
YDR477W,YOR304W,0,-3.1041257,0.10161308199167252,0.9259999990463257,0.8187000155448914
YKR046C,YMR226C,0,-3.1041896,0.10160192847251892,0.9259999990463257,0.8187999725341797
YHR201C,YGL044C,0,-3.1043844,0.10159078240394592,0.9259999990463257,0.8188999891281128
YMR204C,YJR144W,0,-3.1044073,0.10157964378595352,0.9259999990463257,0.8190000057220459
YHR094C,YIL129C,0,-3.1044157,0.10156849771738052,0.9259999990463257,0.819100022315979
YDL039C,YDL078C,0,-3.1044986,0.10155735909938812,0.9259999990463257,0.8191999793052673
YJR033C,YLR129W,0,-3.1046288,0.10154622048139572,0.9259999990463257,0.8192999958992004
YHR193C,YJL183W,0,-3.1047137,0.10153508931398392,0.9259999990463257,0.8194000124931335
YCL016C,YOR363C,0,-3.1056314,0.10152395814657211,0.9259999990463257,0.8195000290870667
YLR024C,YDR080W,0,-3.1056442,0.10151282697916031,0.9259999990463257,0.819599986076355
YCL035C,YGR155W,0,-3.1057174,0.1015016958117485,0.9259999990463257,0.8197000026702881
YIL031W,YOR026W,0,-3.1058645,0.1014905720949173,0.9259999990463257,0.8198000192642212
YPR112C,YNL068C,0,-3.1058915,0.10147944837808609,0.9259999990463257,0.8198999762535095
YDL232W,YCR011C,1,-3.1061857,0.10157790780067444,0.9269999861717224,0.8198999762535095
YMR322C,YOR316C,0,-3.1062174,0.10156677663326263,0.9269999861717224,0.8199999928474426
YER058W,YHR075C,0,-3.1063359,0.10155565291643143,0.9269999861717224,0.8201000094413757
YDL076C,YLR425W,0,-3.1066227,0.10154452919960022,0.9269999861717224,0.8202000260353088
YJR091C,YMR307W,0,-3.1068654,0.10153340548276901,0.9269999861717224,0.8202999830245972
YIL093C,YOR269W,0,-3.1070573,0.1015222892165184,0.9269999861717224,0.8203999996185303
YGR162W,YLR348C,0,-3.1074939,0.10151117295026779,0.9269999861717224,0.8205000162124634
YBR272C,YDR255C,0,-3.107857,0.10150005668401718,0.9269999861717224,0.8205999732017517
YGR029W,YOL113W,0,-3.1081605,0.10148894041776657,0.9269999861717224,0.8206999897956848
YOR243C,YBR101C,0,-3.1088266,0.10147783160209656,0.9269999861717224,0.8208000063896179
YIL098C,YJL110C,0,-3.1088293,0.10146672278642654,0.9269999861717224,0.820900022983551
YOR094W,YDR110W,0,-3.1089444,0.10145562142133713,0.9269999861717224,0.8209999799728394
YNL302C,YIR021W,0,-3.10903,0.10144452005624771,0.9269999861717224,0.8210999965667725
YPL214C,YOR257W,0,-3.109051,0.1014334186911583,0.9269999861717224,0.8212000131607056
YLR183C,YIL118W,0,-3.1091368,0.10142231732606888,0.9269999861717224,0.8213000297546387
YGR034W,YKR060W,0,-3.1093128,0.10141122341156006,0.9269999861717224,0.821399986743927
YJL200C,YIL093C,0,-3.1096895,0.10140012949705124,0.9269999861717224,0.8215000033378601
YPR070W,YMR207C,0,-3.1098125,0.10138904303312302,0.9269999861717224,0.8216000199317932
YLR223C,YIL063C,0,-3.109814,0.1013779491186142,0.9269999861717224,0.8216999769210815
YMR138W,YBL018C,0,-3.1098316,0.10136687010526657,0.9269999861717224,0.8217999935150146
YJR150C,YJL198W,0,-3.1100388,0.10135578364133835,0.9269999861717224,0.8219000101089478
YHR096C,YJR055W,0,-3.1100764,0.10134470462799072,0.9269999861717224,0.8220000267028809
YNR028W,YPR186C,0,-3.1101644,0.1013336256146431,0.9269999861717224,0.8220999836921692
YDR254W,YDR082W,0,-3.1102502,0.10132254660129547,0.9269999861717224,0.8222000002861023
YIL053W,YPL269W,0,-3.1103213,0.10131147503852844,0.9269999861717224,0.8223000168800354
YER176W,YIL139C,0,-3.1107194,0.10130040347576141,0.9269999861717224,0.8223999738693237
YLR011W,YOR269W,0,-3.1107855,0.10128933936357498,0.9269999861717224,0.8224999904632568
YHR096C,YLR288C,0,-3.1113997,0.10127826780080795,0.9269999861717224,0.8226000070571899
YPR193C,YMR193W,0,-3.111456,0.10126720368862152,0.9269999861717224,0.822700023651123
YOR038C,YIL105C,0,-3.1116283,0.10125614702701569,0.9269999861717224,0.8227999806404114
YDL185W,YHR150W,0,-3.1120207,0.10124508291482925,0.9269999861717224,0.8228999972343445
YLL008W,YCR018C,0,-3.1121757,0.10123402625322342,0.9269999861717224,0.8230000138282776
YOR176W,YPR122W,0,-3.112404,0.10122297704219818,0.9269999861717224,0.8230999708175659
YBR015C,YNL245C,0,-3.112428,0.10121192038059235,0.9269999861717224,0.823199987411499
YJL020C,YML097C,0,-3.1125438,0.10120087116956711,0.9269999861717224,0.8233000040054321
YMR272C,YMR202W,1,-3.1130593,0.101298987865448,0.9279999732971191,0.8233000040054321
YNL162W,YLR239C,0,-3.11308,0.10128793120384216,0.9279999732971191,0.8234000205993652
YNL156C,YIL016W,1,-3.1130931,0.10138601064682007,0.9290000200271606,0.8234000205993652
YNL246W,YJR127C,0,-3.1133783,0.10137494653463364,0.9290000200271606,0.8234999775886536
YPR149W,YIL124W,1,-3.1139061,0.10147299617528915,0.9300000071525574,0.8234999775886536
YLL018C,YCL033C,0,-3.1139956,0.10146192461252213,0.9300000071525574,0.8235999941825867
YBL078C,YOR156C,0,-3.1142004,0.1014508530497551,0.9300000071525574,0.8237000107765198
YIL010W,YJR078W,0,-3.1147287,0.10143978893756866,0.9300000071525574,0.8238000273704529
YKL217W,YGL014W,0,-3.1147382,0.10142872482538223,0.9300000071525574,0.8238999843597412
YDL064W,YBR121C,0,-3.115019,0.1014176681637764,0.9300000071525574,0.8240000009536743
YBR004C,YMR200W,1,-3.1156511,0.10151565074920654,0.9309999942779541,0.8240000009536743
YMR172W,YBR237W,0,-3.1157033,0.10150457918643951,0.9309999942779541,0.8241000175476074
YKR009C,YOR084W,0,-3.1157987,0.10149351507425308,0.9309999942779541,0.8241999745368958
YER021W,YLR266C,0,-3.1159918,0.10148245096206665,0.9309999942779541,0.8242999911308289
YBR045C,YJR147W,0,-3.1160953,0.10147138684988022,0.9309999942779541,0.824400007724762
YEL071W,YGR194C,0,-3.116155,0.10146033018827438,0.9309999942779541,0.8245000243186951
YDR254W,YJR064W,0,-3.116299,0.10144927352666855,0.9309999942779541,0.8245999813079834
YDL123W,YCR106W,0,-3.116341,0.10143822431564331,0.9309999942779541,0.8246999979019165
YJL080C,YJR073C,1,-3.1166081,0.10153611749410629,0.9319999814033508,0.8246999979019165
YKR066C,YOR297C,0,-3.116844,0.10152505338191986,0.9319999814033508,0.8248000144958496
YOR150W,YDL148C,0,-3.116852,0.10151399672031403,0.9319999814033508,0.8248999714851379
YDR148C,YGR056W,0,-3.1174781,0.10150294005870819,0.9319999814033508,0.824999988079071
YKL188C,YCL057W,0,-3.1176996,0.10149189084768295,0.9319999814033508,0.8251000046730042
YNL042W,YIL132C,0,-3.1180193,0.10148083418607712,0.9319999814033508,0.8252000212669373
YER035W,YPR175W,0,-3.1180751,0.10146978497505188,0.9319999814033508,0.8252999782562256
YBR172C,YLR024C,0,-3.1183264,0.10145874321460724,0.9319999814033508,0.8253999948501587
YCR077C,YBR166C,0,-3.1185186,0.1014477014541626,0.9319999814033508,0.8255000114440918
YGL186C,YNL128W,0,-3.1186645,0.10143665969371796,0.9319999814033508,0.8256000280380249
YJR048W,YML077W,0,-3.1187894,0.10142561793327332,0.9319999814033508,0.8256999850273132
YPL220W,YHR209W,0,-3.1191812,0.10141458362340927,0.9319999814033508,0.8258000016212463
YKL026C,YNL229C,0,-3.1194794,0.10140354931354523,0.9319999814033508,0.8259000182151794
YGR161C,YKL067W,0,-3.1195388,0.10139251500368118,0.9319999814033508,0.8259999752044678
YNL063W,YNL253W,0,-3.1200733,0.10138148814439774,0.9319999814033508,0.8260999917984009
YLR435W,YKL045W,0,-3.1201098,0.10137046128511429,0.9319999814033508,0.826200008392334
YPR143W,YGR055W,0,-3.1202333,0.10135943442583084,0.9319999814033508,0.8263000249862671
YKL139W,YNL085W,0,-3.1207526,0.10134841501712799,0.9319999814033508,0.8263999819755554
YOR038C,YFL014W,0,-3.1208265,0.10133739560842514,0.9319999814033508,0.8264999985694885
YHR171W,YDL106C,0,-3.1208534,0.10132637619972229,0.9319999814033508,0.8266000151634216
YLR187W,YDR418W,0,-3.1208746,0.10131535679101944,0.9319999814033508,0.82669997215271
YMR081C,YKR046C,0,-3.1209333,0.10130434483289719,0.9319999814033508,0.8267999887466431
YPL017C,YHR209W,0,-3.1211908,0.10129334032535553,0.9319999814033508,0.8269000053405762
YER062C,YHR028C,0,-3.1213734,0.10128232836723328,0.9319999814033508,0.8270000219345093
YNL209W,YMR318C,0,-3.1214235,0.10127132385969162,0.9319999814033508,0.8270999789237976
YHL036W,YKL062W,0,-3.1215906,0.10126031935214996,0.9319999814033508,0.8271999955177307
YBR158W,YHL006C,0,-3.1219032,0.1012493222951889,0.9319999814033508,0.8273000121116638
YAR033W,YDL072C,1,-3.1219428,0.1013469472527504,0.9330000281333923,0.8273000121116638
YAR019C,YDR037W,0,-3.1219842,0.10133594274520874,0.9330000281333923,0.8274000287055969
YPR106W,YER065C,0,-3.1219916,0.10132493823766708,0.9330000281333923,0.8274999856948853
YAL013W,YLR249W,0,-3.12222,0.10131393373012543,0.9330000281333923,0.8276000022888184
YAL056W,YOR046C,0,-3.1223688,0.10130292922258377,0.9330000281333923,0.8277000188827515
YJL138C,YDR091C,0,-3.1225429,0.10129193216562271,0.9330000281333923,0.8277999758720398
YGR229C,YNL239W,0,-3.1225998,0.10128093510866165,0.9330000281333923,0.8278999924659729
YBR026C,YER030W,0,-3.122928,0.10126994550228119,0.9330000281333923,0.828000009059906
YIL095W,YOR316C,0,-3.1234982,0.10125895589590073,0.9330000281333923,0.8281000256538391
YGR169C,YLR061W,0,-3.123561,0.10124796628952026,0.9330000281333923,0.8281999826431274
YGR199W,YOR044W,1,-3.123587,0.1013454869389534,0.9340000152587891,0.8281999826431274
YKL092C,YNR058W,0,-3.1237605,0.10133448988199234,0.9340000152587891,0.8282999992370605
YER091C,YBR030W,0,-3.1239576,0.10132350027561188,0.9340000152587891,0.8284000158309937
YCR018C,YDR153C,0,-3.1244788,0.10131250321865082,0.9340000152587891,0.828499972820282
YOR347C,YNL223W,0,-3.1247714,0.10130152106285095,0.9340000152587891,0.8285999894142151
YOR315W,YBL018C,0,-3.1253207,0.10129053145647049,0.9340000152587891,0.8287000060081482
YNL233W,YLR320W,0,-3.1256955,0.10127954930067062,0.9340000152587891,0.8288000226020813
YNL263C,YAR042W,1,-3.1258428,0.10137699544429779,0.9350000023841858,0.8288000226020813
YNL148C,YIL128W,0,-3.1259325,0.10136599838733673,0.9350000023841858,0.8288999795913696
YNL274C,YLR182W,0,-3.125985,0.10135501623153687,0.9350000023841858,0.8289999961853027
YOL122C,YOL111C,0,-3.1261423,0.1013440266251564,0.9350000023841858,0.8291000127792358
YJL176C,YDR459C,0,-3.1262918,0.10133304446935654,0.9350000023841858,0.829200029373169
YMR288W,YLR189C,0,-3.1272697,0.10132206231355667,0.9350000023841858,0.8292999863624573
YGL233W,YNL302C,0,-3.1274226,0.1013110876083374,0.9350000023841858,0.8294000029563904
YNL191W,YMR110C,0,-3.1275632,0.10130010545253754,0.9350000023841858,0.8295000195503235
YBR087W,YGR129W,0,-3.1278174,0.10128913074731827,0.9350000023841858,0.8295999765396118
YMR275C,YDR031W,0,-3.1286123,0.1012781634926796,0.9350000023841858,0.8296999931335449
YHR036W,YMR015C,1,-3.128758,0.10137549787759781,0.9359999895095825,0.8296999931335449
YHR166C,YMR192W,0,-3.129544,0.10136452317237854,0.9359999895095825,0.829800009727478
YNL300W,YDR017C,0,-3.1300178,0.10135354846715927,0.9359999895095825,0.8299000263214111
YDL067C,YKR028W,0,-3.1304052,0.10134257376194,0.9359999895095825,0.8299999833106995
YGL162W,YBR296C,0,-3.1307597,0.10133159905672073,0.9359999895095825,0.8300999999046326
YPL169C,YGL198W,0,-3.1310275,0.10132063180208206,0.9359999895095825,0.8302000164985657
YPL037C,YBR212W,0,-3.1314063,0.10130966454744339,0.9359999895095825,0.830299973487854
YOR054C,YOR143C,0,-3.1314416,0.10129870474338531,0.9359999895095825,0.8303999900817871
YMR154C,YGL073W,0,-3.131576,0.10128773748874664,0.9359999895095825,0.8305000066757202
YOR377W,YEL018W,0,-3.1316984,0.10127677768468857,0.9359999895095825,0.8306000232696533
YDL143W,YDL197C,0,-3.132334,0.10126582533121109,0.9359999895095825,0.8306999802589417
YJL156C,YPR106W,0,-3.1326373,0.10125486552715302,0.9359999895095825,0.8307999968528748
YJR044C,YLR396C,0,-3.1326838,0.10124391317367554,0.9359999895095825,0.8309000134468079
YGR029W,YAL029C,0,-3.133169,0.10123296827077866,0.9359999895095825,0.8309999704360962
YGL136C,YCR061W,0,-3.1336596,0.10122201591730118,0.9359999895095825,0.8310999870300293
YNR032W,YBL080C,0,-3.133753,0.1012110710144043,0.9359999895095825,0.8312000036239624
YNL152W,YKL004W,0,-3.134041,0.10120012611150742,0.9359999895095825,0.8313000202178955
YBL008W,YLR024C,0,-3.1346033,0.10118918865919113,0.9359999895095825,0.8313999772071838
YKL139W,YDL224C,0,-3.1352713,0.10117825120687485,0.9359999895095825,0.8314999938011169
YDR088C,YKL120W,0,-3.1356084,0.10116731375455856,0.9359999895095825,0.83160001039505
YGL167C,YGL158W,0,-3.1356547,0.10115638375282288,0.9359999895095825,0.8317000269889832
YOR031W,YJL174W,0,-3.1358016,0.10114545375108719,0.9359999895095825,0.8317999839782715
YER072W,YPL190C,0,-3.1365044,0.1011345237493515,0.9359999895095825,0.8319000005722046
YNL148C,YGL172W,0,-3.1368434,0.10112359374761581,0.9359999895095825,0.8320000171661377
YOR054C,YLR439W,0,-3.1375496,0.10111267119646072,0.9359999895095825,0.832099974155426
YDL122W,YDL072C,1,-3.1376119,0.10120976716279984,0.9369999766349792,0.832099974155426
YNR074C,YDR058C,0,-3.1382182,0.10119883716106415,0.9369999766349792,0.8321999907493591
YOL093W,YKL113C,0,-3.1383207,0.10118790715932846,0.9369999766349792,0.8323000073432922
YML052W,YOL078W,0,-3.1384337,0.10117697715759277,0.9369999766349792,0.8324000239372253
YIL005W,YLL055W,1,-3.1386375,0.1012740209698677,0.9380000233650208,0.8324000239372253
YKL067W,YOL001W,0,-3.1386425,0.10126309096813202,0.9380000233650208,0.8324999809265137
YHL013C,YKL084W,0,-3.1386697,0.10125216096639633,0.9380000233650208,0.8325999975204468
YDR346C,YPL170W,0,-3.1389534,0.10124123096466064,0.9380000233650208,0.8327000141143799
YER032W,YPL177C,0,-3.1395524,0.10123030096292496,0.9380000233650208,0.8327999711036682
YIL098C,YGL103W,0,-3.139847,0.10121937841176987,0.9380000233650208,0.8328999876976013
YDR313C,YOR210W,0,-3.139939,0.10120845586061478,0.9380000233650208,0.8330000042915344
YDL209C,YGL021W,0,-3.1401253,0.10119754076004028,0.9380000233650208,0.8331000208854675
YBR164C,YOR315W,0,-3.1404278,0.10118662565946579,0.9380000233650208,0.8331999778747559
YOL100W,YPR049C,0,-3.1404295,0.1011757105588913,0.9380000233650208,0.833299994468689
YBR295W,YKR027W,0,-3.1406605,0.1011647954583168,0.9380000233650208,0.8334000110626221
YDR151C,YML070W,0,-3.140847,0.1011538878083229,0.9380000233650208,0.8335000276565552
YPL011C,YPL204W,0,-3.1413052,0.10114298015832901,0.9380000233650208,0.8335999846458435
YMR025W,YDR055W,0,-3.1416278,0.10113207250833511,0.9380000233650208,0.8337000012397766
YDL225W,YGL247W,0,-3.1418886,0.10112117230892181,0.9380000233650208,0.8338000178337097
YKL188C,YCR094W,0,-3.1421845,0.10111027210950851,0.9380000233650208,0.833899974822998
YGR116W,YCR027C,0,-3.142194,0.10109937191009521,0.9380000233650208,0.8339999914169312
YBR092C,YPL190C,0,-3.142212,0.10108847916126251,0.9380000233650208,0.8341000080108643
YOR079C,YBR182C,0,-3.1422272,0.10107758641242981,0.9380000233650208,0.8342000246047974
YIR038C,YDR200C,1,-3.142331,0.10117444396018982,0.9390000104904175,0.8342000246047974
YLR164W,YMR197C,0,-3.1431463,0.10116354376077652,0.9390000104904175,0.8342999815940857
YOR227W,YNR001C,0,-3.143243,0.10115264356136322,0.9390000104904175,0.8343999981880188
YOL031C,YKR053C,1,-3.1432502,0.10124946385622025,0.9399999976158142,0.8343999981880188
YDR088C,YMR304W,0,-3.1436388,0.10123855620622635,0.9399999976158142,0.8345000147819519
YLL061W,YGL167C,0,-3.1436427,0.10122765600681305,0.9399999976158142,0.8345999717712402
YDL247W,YKL004W,0,-3.1436727,0.10121675580739975,0.9399999976158142,0.8346999883651733
YOL116W,YKL026C,0,-3.1439142,0.10120585560798645,0.9399999976158142,0.8348000049591064
YKL122C,YMR165C,0,-3.1441166,0.10119496285915375,0.9399999976158142,0.8349000215530396
YPL031C,YJL006C,0,-3.1443639,0.10118407011032104,0.9399999976158142,0.8349999785423279
YFL014W,YDR447C,0,-3.1443684,0.10117317736148834,0.9399999976158142,0.835099995136261
YGL037C,YBR237W,0,-3.1446006,0.10116229206323624,0.9399999976158142,0.8352000117301941
YFR014C,YER144C,0,-3.1450675,0.10115140676498413,0.9399999976158142,0.8353000283241272
YNL273W,YDR416W,0,-3.145272,0.10114052146673203,0.9399999976158142,0.8353999853134155
YGL038C,YKR099W,0,-3.145393,0.10112963616847992,0.9399999976158142,0.8355000019073486
YAL035W,YMR250W,0,-3.1456048,0.10111875832080841,0.9399999976158142,0.8356000185012817
YHR096C,YPL177C,0,-3.146788,0.1011078879237175,0.9399999976158142,0.8356999754905701
YER045C,YPL271W,0,-3.1471438,0.10109701007604599,0.9399999976158142,0.8357999920845032
YNL259C,YPR093C,0,-3.1472144,0.10108613967895508,0.9399999976158142,0.8359000086784363
YMR101C,YAL020C,0,-3.1472168,0.10107526928186417,0.9399999976158142,0.8360000252723694
YLR187W,YIL117C,0,-3.147271,0.10106439888477325,0.9399999976158142,0.8360999822616577
YGL006W,YKL062W,0,-3.1472895,0.10105353593826294,0.9399999976158142,0.8361999988555908
YIL158W,YCL059C,0,-3.147513,0.10104267299175262,0.9399999976158142,0.8363000154495239
YLR004C,YAR042W,1,-3.14772,0.10113929212093353,0.9409999847412109,0.8363000154495239
YML085C,YEL012W,0,-3.1479926,0.10112842917442322,0.9409999847412109,0.8363999724388123
YLL061W,YDR462W,0,-3.1480262,0.1011175587773323,0.9409999847412109,0.8364999890327454
YNR020C,YOL008W,0,-3.1484346,0.10110669583082199,0.9409999847412109,0.8366000056266785
YNL153C,YNR046W,0,-3.1485326,0.10109583288431168,0.9409999847412109,0.8367000222206116
YOR043W,YLR396C,0,-3.1489832,0.10108496993780136,0.9409999847412109,0.8367999792098999
YCR003W,YHR042W,0,-3.149076,0.10107411444187164,0.9409999847412109,0.836899995803833
YDL064W,YNL121C,0,-3.149531,0.10106325894594193,0.9409999847412109,0.8370000123977661
YNL038W,YHR101C,1,-3.1498547,0.10115979611873627,0.9419999718666077,0.8370000123977661
YER018C,YDL028C,0,-3.1498692,0.10114893317222595,0.9419999718666077,0.8371000289916992
YJR145C,YFR049W,0,-3.1501105,0.10113807022571564,0.9419999718666077,0.8371999859809875
YGL212W,YNL297C,0,-3.150216,0.10112721472978592,0.9419999718666077,0.8373000025749207
YDR353W,YDR165W,0,-3.150293,0.1011163592338562,0.9419999718666077,0.8374000191688538
YLR178C,YHR084W,0,-3.1503496,0.10110550373792648,0.9419999718666077,0.8374999761581421
YDL120W,YMR040W,0,-3.1504185,0.10109465569257736,0.9419999718666077,0.8375999927520752
YBR069C,YMR235C,0,-3.1504543,0.10108380764722824,0.9419999718666077,0.8377000093460083
YMR286W,YPR086W,0,-3.1505525,0.10107295960187912,0.9419999718666077,0.8378000259399414
YEL042W,YCR097W,0,-3.151454,0.1010621190071106,0.9419999718666077,0.8378999829292297
YOR355W,YJR049C,0,-3.151577,0.10105127841234207,0.9419999718666077,0.8379999995231628
YOR204W,YOR141C,0,-3.151623,0.10104043781757355,0.9419999718666077,0.838100016117096
YGL087C,YOR361C,0,-3.1517699,0.10102960467338562,0.9419999718666077,0.8381999731063843
YJL004C,YBR045C,0,-3.1518524,0.1010187640786171,0.9419999718666077,0.8382999897003174
YHR211W,YLL013C,0,-3.1520612,0.10100793838500977,0.9419999718666077,0.8384000062942505
YNL299W,YDR167W,0,-3.1526022,0.10099710524082184,0.9419999718666077,0.8385000228881836
YIL117C,YGR166W,0,-3.1531453,0.10098627954721451,0.9419999718666077,0.8385999798774719
YCR044C,YOR044W,1,-3.1531656,0.10108264535665512,0.9430000185966492,0.8385999798774719
YCR005C,YDL028C,0,-3.1532266,0.1010718122124672,0.9430000185966492,0.838699996471405
YMR136W,YDL222C,0,-3.1532276,0.10106097906827927,0.9430000185966492,0.8388000130653381
YDR195W,YDR216W,0,-3.153454,0.10105015337467194,0.9430000185966492,0.8389000296592712
YEL021W,YNL270C,0,-3.1542647,0.10103932023048401,0.9430000185966492,0.8389999866485596
YOR201C,YPR002W,0,-3.1545894,0.10102849453687668,0.9430000185966492,0.8391000032424927
YOR140W,YDR503C,0,-3.154843,0.10101767629384995,0.9430000185966492,0.8392000198364258
YKL086W,YOL120C,0,-3.154915,0.10100685805082321,0.9430000185966492,0.8392999768257141
YDL130W,YNL036W,0,-3.15514,0.10099603980779648,0.9430000185966492,0.8393999934196472
YIL021W,YHR138C,0,-3.1554694,0.10098522156476974,0.9430000185966492,0.8395000100135803
YKL217W,YLR398C,0,-3.1554766,0.10097441077232361,0.9430000185966492,0.8396000266075134
YOR078W,YER049W,0,-3.1554835,0.10096359997987747,0.9430000185966492,0.8396999835968018
YBR092C,YER072W,0,-3.1555707,0.10095278918743134,0.9430000185966492,0.8398000001907349
YIL168W,YOR217W,0,-3.1559048,0.1009419858455658,0.9430000185966492,0.839900016784668
YPL179W,YPL157W,0,-3.156012,0.10093117505311966,0.9430000185966492,0.8399999737739563
YDR369C,YLR003C,0,-3.1560128,0.10092037916183472,0.9430000185966492,0.8400999903678894
YPR075C,YNR059W,0,-3.1561186,0.10090957581996918,0.9430000185966492,0.8402000069618225
YGR268C,YDR478W,0,-3.1562188,0.10089877992868423,0.9430000185966492,0.8403000235557556
YDL066W,YMR242C,0,-3.1563365,0.10088798403739929,0.9430000185966492,0.840399980545044
YOL094C,YMR101C,0,-3.1566093,0.10087719559669495,0.9430000185966492,0.840499997138977
YGR161C,YDL075W,0,-3.156965,0.10086639970541,0.9430000185966492,0.8406000137329102
YIL070C,YGL203C,0,-3.1571755,0.10085561126470566,0.9430000185966492,0.8406999707221985
YMR275C,YLR368W,0,-3.157345,0.10084483027458191,0.9430000185966492,0.8407999873161316
YCR071C,YPL270W,0,-3.157575,0.10083404928445816,0.9430000185966492,0.8409000039100647
YNL173C,YPR121W,0,-3.157992,0.10082326829433441,0.9430000185966492,0.8410000205039978
YNL242W,YKL060C,0,-3.1587987,0.10081248730421066,0.9430000185966492,0.8410999774932861
YPL026C,YML118W,0,-3.1593335,0.10080171376466751,0.9430000185966492,0.8411999940872192
YKL124W,YBR248C,0,-3.159542,0.10079093277454376,0.9430000185966492,0.8413000106811523
YOR070C,YPR143W,0,-3.1604369,0.10078016668558121,0.9430000185966492,0.8414000272750854
YMR113W,YPR020W,0,-3.1604693,0.10076939314603806,0.9430000185966492,0.8414999842643738
YJL214W,YDL031W,0,-3.160536,0.1007586270570755,0.9430000185966492,0.8416000008583069
YBR170C,YMR123W,1,-3.1606743,0.10085470229387283,0.9440000057220459,0.8416000008583069
YOL001W,YBR073W,0,-3.160743,0.10084392875432968,0.9440000057220459,0.84170001745224
YAL055W,YKR092C,0,-3.1615129,0.10083315521478653,0.9440000057220459,0.8417999744415283
YJR093C,YDR150W,0,-3.161629,0.10082238912582397,0.9440000057220459,0.8418999910354614
YDL216C,YIL107C,0,-3.1618373,0.10081161558628082,0.9440000057220459,0.8420000076293945
YIL149C,YNL239W,0,-3.162007,0.10080085694789886,0.9440000057220459,0.8421000242233276
YBL022C,YJL116C,0,-3.1620572,0.10079009085893631,0.9440000057220459,0.842199981212616
YMR020W,YDR300C,0,-3.1623337,0.10077933222055435,0.9440000057220459,0.8422999978065491
YPL143W,YDR300C,0,-3.162406,0.1007685735821724,0.9440000057220459,0.8424000144004822
YJL005W,YBR278W,0,-3.1626387,0.10075781494379044,0.9440000057220459,0.8424999713897705
YML036W,YPR023C,0,-3.1626773,0.10074706375598907,0.9440000057220459,0.8425999879837036
YLR164W,YDR171W,0,-3.163009,0.10073631256818771,0.9440000057220459,0.8427000045776367
YNL210W,YNL209W,0,-3.1636627,0.10072556883096695,0.9440000057220459,0.8428000211715698
YHL047C,YGR141W,0,-3.163892,0.10071481764316559,0.9440000057220459,0.8428999781608582
YCR026C,YBR257W,0,-3.1640491,0.10070407390594482,0.9440000057220459,0.8429999947547913
YGR247W,YDR376W,0,-3.1641052,0.10069333016872406,0.9440000057220459,0.8431000113487244
YGR161C,YOL058W,0,-3.164376,0.10068259388208389,0.9440000057220459,0.8432000279426575
YDR255C,YDR277C,0,-3.164408,0.10067185759544373,0.9440000057220459,0.8432999849319458
YDL216C,YHR092C,0,-3.164416,0.10066112130880356,0.9440000057220459,0.8434000015258789
YDR170C,YJL047C,0,-3.1647022,0.10065039247274399,0.9440000057220459,0.843500018119812
YLR151C,YIL129C,0,-3.1647592,0.10063965618610382,0.9440000057220459,0.8435999751091003
YMR269W,YJR049C,0,-3.1647766,0.10062892735004425,0.9440000057220459,0.8436999917030334
YHR119W,YML109W,0,-3.164984,0.10061820596456528,0.9440000057220459,0.8438000082969666
YNL300W,YDR247W,0,-3.1650033,0.1006074845790863,0.9440000057220459,0.8439000248908997
YKR007W,YKL179C,0,-3.1665409,0.10059676319360733,0.9440000057220459,0.843999981880188
YPR036W,YDR325W,0,-3.1667993,0.10058604180812836,0.9440000057220459,0.8440999984741211
YOL089C,YGR057C,0,-3.1668518,0.10057532787322998,0.9440000057220459,0.8442000150680542
YGL139W,YMR251W-A,1,-3.1668737,0.10067114233970642,0.9449999928474426,0.8442000150680542
YOR284W,YLR227C,0,-3.1671188,0.10066042095422745,0.9449999928474426,0.8442999720573425
YKR014C,YIR012W,0,-3.1674116,0.10064969956874847,0.9449999928474426,0.8443999886512756
YNL317W,YBR213W,0,-3.1674302,0.1006389781832695,0.9449999928474426,0.8445000052452087
YPL088W,YLR189C,0,-3.1677625,0.10062826424837112,0.9449999928474426,0.8446000218391418
YMR120C,YJL104W,0,-3.167858,0.10061755031347275,0.9449999928474426,0.8446999788284302
YLR148W,YKL135C,0,-3.1678655,0.10060683637857437,0.9449999928474426,0.8447999954223633
YDL044C,YPR005C,0,-3.1680772,0.100596122443676,0.9449999928474426,0.8449000120162964
YHR079C,YGL020C,1,-3.1681437,0.10069185495376587,0.9459999799728394,0.8449000120162964
YLR248W,YOR004W,0,-3.1681545,0.10068114101886749,0.9459999799728394,0.8450000286102295
YOR355W,YPL243W,0,-3.1683257,0.10067042708396912,0.9459999799728394,0.8450999855995178
YKL014C,YLR097C,0,-3.1683452,0.10065971314907074,0.9459999799728394,0.8452000021934509
YPL147W,YML032C,0,-3.1686573,0.10064900666475296,0.9459999799728394,0.845300018787384
YOL119C,YGR158C,0,-3.1688106,0.10063830018043518,0.9459999799728394,0.8453999757766724
YER032W,YGL219C,0,-3.1689377,0.1006275936961174,0.9459999799728394,0.8454999923706055
YOR132W,YDL146W,0,-3.1696427,0.10061688721179962,0.9459999799728394,0.8456000089645386
YML080W,YGR193C,0,-3.1699336,0.10060618817806244,0.9459999799728394,0.8457000255584717
YPL249C,YHR171W,0,-3.1700947,0.10059548914432526,0.9459999799728394,0.84579998254776
YOR123C,YPL122C,0,-3.170221,0.10058479756116867,0.9459999799728394,0.8458999991416931
YGL094C,YOL158C,0,-3.170426,0.10057409852743149,0.9459999799728394,0.8460000157356262
YOR145C,YIL033C,0,-3.17048,0.1005634069442749,0.9459999799728394,0.8460999727249146
YDR341C,YLR185W,0,-3.1705444,0.10055272281169891,0.9459999799728394,0.8461999893188477
YLR336C,YOR253W,0,-3.1706374,0.10054203122854233,0.9459999799728394,0.8463000059127808
YOR391C,YPL106C,0,-3.1707017,0.10053134709596634,0.9459999799728394,0.8464000225067139
YPL170W,YPL246C,0,-3.170736,0.10052067041397095,0.9459999799728394,0.8464999794960022
YFL024C,YEL003W,0,-3.1707747,0.10050998628139496,0.9459999799728394,0.8465999960899353
YNL252C,YEL050C,0,-3.1712635,0.10049930959939957,0.9459999799728394,0.8467000126838684
YPR141C,YFR053C,0,-3.1717236,0.10048863291740417,0.9459999799728394,0.8468000292778015
YDR508C,YMR286W,0,-3.172025,0.10047796368598938,0.9459999799728394,0.8468999862670898
YOR031W,YML034W,0,-3.1729002,0.10046728700399399,0.9459999799728394,0.847000002861023
YCR012W,YLL042C,0,-3.1731179,0.1004566177725792,0.9459999799728394,0.847100019454956
YBR289W,YJR009C,0,-3.173366,0.100445955991745,0.9459999799728394,0.8471999764442444
YDR411C,YCL043C,1,-3.1735396,0.10054145753383636,0.9470000267028809,0.8471999764442444
YOR068C,YOR272W,0,-3.1735508,0.10053078830242157,0.9470000267028809,0.8472999930381775
YML099C,YJR075W,0,-3.1735961,0.10052011162042618,0.9470000267028809,0.8474000096321106
YJL063C,YJL190C,0,-3.1741214,0.10050944238901138,0.9470000267028809,0.8475000262260437
YNL310C,YGL032C,0,-3.1746838,0.10049878060817719,0.9470000267028809,0.847599983215332
YAR035W,YMR048W,0,-3.1748312,0.10048811882734299,0.9470000267028809,0.8476999998092651
YNR035C,YLR221C,0,-3.1749704,0.10047745704650879,0.9470000267028809,0.8478000164031982
YBR256C,YLL042C,0,-3.174998,0.10046679526567459,0.9470000267028809,0.8478999733924866
YFL023W,YFR050C,0,-3.175016,0.1004561334848404,0.9470000267028809,0.8479999899864197
YEL041W,YDL216C,0,-3.1751635,0.10044547915458679,0.9470000267028809,0.8481000065803528
YOL007C,YKR066C,0,-3.1756167,0.10043483227491379,0.9470000267028809,0.8482000231742859
YEL015W,YOL084W,0,-3.1759443,0.10042417794466019,0.9470000267028809,0.8482999801635742
YLR277C,YML073C,0,-3.1762266,0.10041353106498718,0.9470000267028809,0.8483999967575073
YGL192W,YER030W,0,-3.1765378,0.10040288418531418,0.9470000267028809,0.8485000133514404
YDR517W,YPL243W,0,-3.176997,0.10039223730564117,0.9470000267028809,0.8485999703407288
YPR017C,YDR363W,0,-3.177652,0.10038159787654877,0.9470000267028809,0.8486999869346619
YGL035C,YBL024W,0,-3.1776907,0.10037095844745636,0.9470000267028809,0.848800003528595
YOR330C,YDL029W,0,-3.1779509,0.10036031901836395,0.9470000267028809,0.8489000201225281
YDR074W,YJR091C,0,-3.1784127,0.10034968703985214,0.9470000267028809,0.8489999771118164
YOR054C,YNL268W,0,-3.1786602,0.10033905506134033,0.9470000267028809,0.8490999937057495
YMR173W,YBR122C,0,-3.1790829,0.10032842308282852,0.9470000267028809,0.8492000102996826
YGR009C,YPL124W,0,-3.179744,0.10031779855489731,0.9470000267028809,0.8493000268936157
YBR162W-A,YPL094C,1,-3.17989,0.10041309148073196,0.9480000138282776,0.8493000268936157
YGR070W,YER090W,0,-3.1800883,0.10040245950222015,0.9480000138282776,0.849399983882904
YKL101W,YPR005C,0,-3.1802523,0.10039182752370834,0.9480000138282776,0.8495000004768372
YGR224W,YHR193C,0,-3.1804092,0.10038119554519653,0.9480000138282776,0.8496000170707703
YKR046C,YOL148C,0,-3.18042,0.10037056356668472,0.9480000138282776,0.8496999740600586
YNL301C,YBR261C,0,-3.180603,0.10035993903875351,0.9480000138282776,0.8497999906539917
YHR160C,YML064C,0,-3.1808336,0.1003493145108223,0.9480000138282776,0.8499000072479248
YCL051W,YMR053C,0,-3.1809146,0.10033869743347168,0.9480000138282776,0.8500000238418579
YKL191W,YLR335W,0,-3.18095,0.10032808035612106,0.9480000138282776,0.8500999808311462
YOR094W,YOR096W,0,-3.1814182,0.10031746327877045,0.9480000138282776,0.8501999974250793
YER027C,YER028C,0,-3.1814196,0.10030684620141983,0.9480000138282776,0.8503000140190125
YEL029C,YJR045C,0,-3.1817825,0.10029623657464981,0.9480000138282776,0.8503999710083008
YCL054W,YJR156C,0,-3.1820915,0.10028562694787979,0.9480000138282776,0.8504999876022339
YPL011C,YMR318C,0,-3.1822836,0.10027501732110977,0.9480000138282776,0.850600004196167
YGR084C,YPR093C,0,-3.1823053,0.10026440769433975,0.9480000138282776,0.8507000207901001
YBL041W,YDL222C,0,-3.1826036,0.10025380551815033,0.9480000138282776,0.8507999777793884
YGR024C,YFL039C,0,-3.183347,0.10024320334196091,0.9480000138282776,0.8508999943733215
YDL230W,YGL011C,0,-3.1835167,0.10023260861635208,0.9480000138282776,0.8510000109672546
YML080W,YBR156C,0,-3.1836746,0.10022201389074326,0.9480000138282776,0.8511000275611877
YIL126W,YIL149C,0,-3.1838348,0.10021141916513443,0.9480000138282776,0.8511999845504761
YHR090C,YML116W,0,-3.1839151,0.1002008244395256,0.9480000138282776,0.8513000011444092
YGR238C,YER028C,0,-3.1840758,0.10019023716449738,0.9480000138282776,0.8514000177383423
YER102W,YMR095C,0,-3.184151,0.10017964988946915,0.9480000138282776,0.8514999747276306
YOL142W,YIL101C,0,-3.1843176,0.10016906261444092,0.9480000138282776,0.8515999913215637
YHR169W,YOR070C,0,-3.1843958,0.10015847533941269,0.9480000138282776,0.8517000079154968
YHR025W,YBL080C,0,-3.1847613,0.10014789551496506,0.9480000138282776,0.8518000245094299
YLR344W,YBR030W,0,-3.1848946,0.10013731569051743,0.9480000138282776,0.8518999814987183
YMR202W,YLR056W,1,-3.1849875,0.10023236274719238,0.9490000009536743,0.8518999814987183
YDR469W,YLR051C,0,-3.1852891,0.10022177547216415,0.9490000009536743,0.8519999980926514
YPL267W,YBR115C,0,-3.1853635,0.10021119564771652,0.9490000009536743,0.8521000146865845
YFL018C,YER126C,0,-3.185428,0.10020061582326889,0.9490000009536743,0.8521999716758728
YMR053C,YOL004W,0,-3.1856363,0.10019003599882126,0.9490000009536743,0.8522999882698059
YIL018W,YGL095C,0,-3.1863284,0.10017945617437363,0.9490000009536743,0.852400004863739
YKL168C,YER148W,0,-3.1863792,0.10016888380050659,0.9490000009536743,0.8525000214576721
YHL001W,YGR008C,0,-3.1863873,0.10015831142663956,0.9490000009536743,0.8525999784469604
YHR006W,YER001W,0,-3.1871083,0.10014773905277252,0.9490000009536743,0.8526999950408936
YBR101C,YER030W,0,-3.187266,0.10013717412948608,0.9490000009536743,0.8528000116348267
YER075C,YKL040C,0,-3.1873424,0.10012660920619965,0.9490000009536743,0.8529000282287598
YDR235W,YBR289W,0,-3.187827,0.10011604428291321,0.9490000009536743,0.8529999852180481
YMR205C,YPL190C,0,-3.187847,0.10010548681020737,0.9490000009536743,0.8531000018119812
YHR006W,YJL140W,0,-3.1879623,0.10009492933750153,0.9490000009536743,0.8532000184059143
YFR009W,YBR043C,0,-3.1880572,0.10008437186479568,0.9490000009536743,0.8532999753952026
YLR003C,YOL115W,0,-3.1880677,0.10007381439208984,0.9490000009536743,0.8533999919891357
YBR275C,YCL014W,0,-3.1882963,0.1000632643699646,0.9490000009536743,0.8535000085830688
YMR036C,YIR012W,0,-3.1888554,0.10005271434783936,0.9490000009536743,0.853600025177002
YJL098W,YOR347C,0,-3.1891363,0.10004216432571411,0.9490000009536743,0.8536999821662903
YOR014W,YDR204W,0,-3.1896427,0.10003162175416946,0.9490000009536743,0.8537999987602234
YPR135W,YCR031C,0,-3.1899774,0.10002107918262482,0.9490000009536743,0.8539000153541565
YKR095W,YLR215C,0,-3.1904185,0.10001053661108017,0.9490000009536743,0.8539999723434448
YPR026W,YHR084W,0,-3.1908224,0.10000000149011612,0.9490000009536743,0.8540999889373779
YOR383C,YJL035C,0,-3.1909683,0.09998946636915207,0.9490000009536743,0.854200005531311
YML032C,YOL096C,0,-3.1917527,0.09997893124818802,0.9490000009536743,0.8543000221252441
YGL156W,YOL076W,0,-3.1928918,0.09996839612722397,0.9490000009536743,0.8543999791145325
YPR171W,YER002W,0,-3.1930258,0.09995786845684052,0.9490000009536743,0.8544999957084656
YLR368W,YDR499W,0,-3.1935294,0.09994734078645706,0.9490000009536743,0.8546000123023987
YGL219C,YBR217W,0,-3.193535,0.09993681311607361,0.9490000009536743,0.8547000288963318
YDR043C,YIL052C,0,-3.1935875,0.09992629289627075,0.9490000009536743,0.8547999858856201
YHR166C,YPR141C,0,-3.1937506,0.0999157726764679,0.9490000009536743,0.8549000024795532
YNL192W,YDR151C,0,-3.1940863,0.09990525245666504,0.9490000009536743,0.8550000190734863
YOR181W,YOR370C,0,-3.1949017,0.09989473968744278,0.9490000009536743,0.8550999760627747
YDR314C,YOR328W,0,-3.1955085,0.09988421946763992,0.9490000009536743,0.8551999926567078
YER173W,YDR499W,0,-3.195693,0.09987371414899826,0.9490000009536743,0.8553000092506409
YHR099W,YHR008C,0,-3.1957328,0.099863201379776,0.9490000009536743,0.855400025844574
YLR205C,YOR175C,1,-3.1959999,0.0999579131603241,0.949999988079071,0.855400025844574
YIL042C,YDR017C,0,-3.196257,0.09994739294052124,0.949999988079071,0.8554999828338623
YDL008W,YNL094W,0,-3.196276,0.09993688017129898,0.949999988079071,0.8555999994277954
YDR368W,YHR090C,0,-3.1964052,0.09992636740207672,0.949999988079071,0.8557000160217285
YOR054C,YML046W,0,-3.196472,0.09991586208343506,0.949999988079071,0.8557999730110168
YMR136W,YGL143C,0,-3.1969903,0.0999053493142128,0.949999988079071,0.85589998960495
YGL255W,YER091C,0,-3.1970055,0.09989484399557114,0.949999988079071,0.8560000061988831
YNL217W,YMR246W,0,-3.19716,0.09988434612751007,0.949999988079071,0.8561000227928162
YNL308C,YOR362C,0,-3.1973784,0.09987384080886841,0.949999988079071,0.8561999797821045
YFR009W,YDR204W,0,-3.1974857,0.09986334294080734,0.949999988079071,0.8562999963760376
YGL259W,YKL179C,0,-3.19783,0.09985284507274628,0.949999988079071,0.8564000129699707
YKL011C,YBL075C,0,-3.1979396,0.09984235465526581,0.949999988079071,0.8565000295639038
YKL012W,YLR347C,0,-3.1984541,0.09983186423778534,0.949999988079071,0.8565999865531921
YMR053C,YBR248C,0,-3.1990173,0.09982137382030487,0.949999988079071,0.8567000031471252
YJL200C,YDR369C,0,-3.19935,0.0998108834028244,0.949999988079071,0.8568000197410583
YBL087C,YJL082W,0,-3.1997588,0.09980040043592453,0.949999988079071,0.8568999767303467
YLR178C,YMR166C,0,-3.1998575,0.09978991746902466,0.949999988079071,0.8569999933242798
YCL066W,YNL151C,0,-3.2001016,0.09977943450212479,0.949999988079071,0.8571000099182129
YMR110C,YML009C,0,-3.2002165,0.09976895898580551,0.949999988079071,0.857200026512146
YGR171C,YDR447C,0,-3.2008994,0.09975847601890564,0.949999988079071,0.8572999835014343
YKR098C,YER103W,0,-3.201844,0.09974800795316696,0.949999988079071,0.8574000000953674
YOL064C,YMR145C,0,-3.2019596,0.09973753243684769,0.949999988079071,0.8575000166893005
YOR260W,YIL021W,0,-3.2019892,0.09972706437110901,0.949999988079071,0.8575999736785889
YHL040C,YOR074C,0,-3.2020366,0.09971659630537033,0.949999988079071,0.857699990272522
YDR410C,YDR437W,1,-3.202146,0.09981108456850052,0.9509999752044678,0.857699990272522
YBL087C,YJL125C,0,-3.2022321,0.09980060905218124,0.9509999752044678,0.8578000068664551
YJL050W,YLL036C,0,-3.2027438,0.09979013353586197,0.9509999752044678,0.8579000234603882
YOR123C,YJL207C,0,-3.202863,0.09977966547012329,0.9509999752044678,0.8579999804496765
YKR061W,YJL096W,0,-3.2029722,0.09976919740438461,0.9509999752044678,0.8580999970436096
YOR327C,YNL166C,0,-3.2030017,0.09975872933864594,0.9509999752044678,0.8582000136375427
YDL149W,YBR080C,0,-3.203132,0.09974826872348785,0.9509999752044678,0.858299970626831
YER142C,YPL203W,0,-3.203175,0.09973780810832977,0.9509999752044678,0.8583999872207642
YPL179W,YDL236W,0,-3.2032554,0.09972734749317169,0.9509999752044678,0.8585000038146973
YJL166W,YPR086W,0,-3.2033896,0.09971689432859421,0.9509999752044678,0.8586000204086304
YJR047C,YDR246W,0,-3.2040596,0.09970643371343613,0.9509999752044678,0.8586999773979187
YDR499W,YDL213C,0,-3.204237,0.09969598799943924,0.9509999752044678,0.8587999939918518
YPL001W,YKL093W,0,-3.2044942,0.09968553483486176,0.9509999752044678,0.8589000105857849
YGL133W,YKR019C,0,-3.2045166,0.09967508912086487,0.9509999752044678,0.859000027179718
YPL105C,YPL243W,0,-3.2045758,0.09966464340686798,0.9509999752044678,0.8590999841690063
YLR151C,YML123C,0,-3.2047365,0.0996541976928711,0.9509999752044678,0.8592000007629395
YBR121C,YJL094C,0,-3.205302,0.0996437519788742,0.9509999752044678,0.8593000173568726
YBL008W,YNL306W,0,-3.2054455,0.09963331371545792,0.9509999752044678,0.8593999743461609
YPL092W,YJL197W,0,-3.2057483,0.09962287545204163,0.9509999752044678,0.859499990940094
YFR019W,YMR215W,0,-3.2057533,0.09961244463920593,0.9509999752044678,0.8596000075340271
YOL070C,YAL008W,0,-3.2063034,0.09960201382637024,0.9509999752044678,0.8597000241279602
YOR201C,YGL179C,0,-3.2066758,0.09959158301353455,0.9509999752044678,0.8597999811172485
YGL238W,YIL097W,0,-3.2068746,0.09958115220069885,0.9509999752044678,0.8598999977111816
YMR109W,YMR220W,0,-3.207471,0.09957072883844376,0.9509999752044678,0.8600000143051147
YDR201W,YCR012W,0,-3.207617,0.09956029802560806,0.9509999752044678,0.8600999712944031
YAL013W,YIR009W,0,-3.207936,0.09954988211393356,0.9509999752044678,0.8601999878883362
YBR153W,YHR165C,0,-3.2079823,0.09953945875167847,0.9509999752044678,0.8603000044822693
YDL123W,YHR075C,0,-3.2079942,0.09952904284000397,0.9509999752044678,0.8604000210762024
YOL100W,YOL129W,0,-3.2086666,0.09951862692832947,0.9509999752044678,0.8604999780654907
YBL047C,YJL006C,0,-3.2087305,0.09950821101665497,0.9509999752044678,0.8605999946594238
YMR323W,YIL153W,0,-3.208842,0.09949780255556107,0.9509999752044678,0.8607000112533569
YPL153C,YHR085W,0,-3.2089798,0.09948739409446716,0.9509999752044678,0.86080002784729
YPR083W,YLR288C,0,-3.209542,0.09947698563337326,0.9509999752044678,0.8608999848365784
YOL088C,YLR023C,1,-3.2095706,0.09957117587327957,0.9520000219345093,0.8608999848365784
YOL128C,YJL042W,0,-3.2097137,0.09956075996160507,0.9520000219345093,0.8610000014305115
YGR029W,YDR244W,0,-3.2099068,0.09955035150051117,0.9520000219345093,0.8611000180244446
YGR279C,YMR137C,0,-3.210163,0.09953994303941727,0.9520000219345093,0.8611999750137329
YJL153C,YGL147C,0,-3.2103102,0.09952953457832336,0.9520000219345093,0.861299991607666
YGL219C,YDR146C,0,-3.2103426,0.09951913356781006,0.9520000219345093,0.8614000082015991
YIR002C,YBR213W,0,-3.2103708,0.09950872510671616,0.9520000219345093,0.8615000247955322
YML004C,YPR179C,0,-3.2104423,0.09949832409620285,0.9520000219345093,0.8615999817848206
YLR223C,YBR286W,0,-3.2110283,0.09948793053627014,0.9520000219345093,0.8616999983787537
YKR060W,YJL214W,0,-3.2111804,0.09947753697633743,0.9520000219345093,0.8618000149726868
YDR058C,YJL183W,0,-3.211248,0.09946714341640472,0.9520000219345093,0.8618999719619751
YCR021C,YCL057W,0,-3.211346,0.09945674985647202,0.9520000219345093,0.8619999885559082
YJR082C,YDR151C,0,-3.2114775,0.0994463562965393,0.9520000219345093,0.8621000051498413
YDL155W,YDR110W,0,-3.21154,0.0994359701871872,0.9520000219345093,0.8622000217437744
YGR070W,YEL016C,0,-3.2117026,0.09942558407783508,0.9520000219345093,0.8622999787330627
YDL202W,YPL012W,0,-3.2118075,0.09941520541906357,0.9520000219345093,0.8623999953269958
YGR008C,YKL124W,0,-3.212302,0.09940482676029205,0.9520000219345093,0.862500011920929
YPR026W,YOR181W,0,-3.2131574,0.09939444810152054,0.9520000219345093,0.8626000285148621
YNR034W,YKR026C,0,-3.2142339,0.09938406944274902,0.9520000219345093,0.8626999855041504
YOL033W,YPR159W,0,-3.21424,0.0993736982345581,0.9520000219345093,0.8628000020980835
YJL102W,YOR056C,0,-3.214733,0.09936331957578659,0.9520000219345093,0.8629000186920166
YMR110C,YNL270C,0,-3.2147477,0.09935295581817627,0.9520000219345093,0.8629999756813049
YKL138C,YJR147W,0,-3.2148058,0.09934258460998535,0.9520000219345093,0.863099992275238
YOR145C,YGR161C,0,-3.2148902,0.09933222085237503,0.9520000219345093,0.8632000088691711
YER155C,YDR017C,0,-3.2159326,0.09932185709476471,0.9520000219345093,0.8633000254631042
YIL111W,YGR249W,0,-3.2162843,0.09931149333715439,0.9520000219345093,0.8633999824523926
YBR108W,YPL055C,0,-3.2164228,0.09930113703012466,0.9520000219345093,0.8634999990463257
YPL211W,YOR363C,0,-3.216507,0.09929078072309494,0.9520000219345093,0.8636000156402588
YPL017C,YGL099W,0,-3.217652,0.09928042441606522,0.9520000219345093,0.8636999726295471
YCL039W,YML098W,0,-3.2179759,0.09927007555961609,0.9520000219345093,0.8637999892234802
YDR018C,YBR149W,0,-3.2179906,0.09925971925258636,0.9520000219345093,0.8639000058174133
YKR092C,YAL051W,0,-3.2180974,0.09924937784671783,0.9520000219345093,0.8640000224113464
YKL010C,YDR021W,0,-3.218468,0.09923902899026871,0.9520000219345093,0.8640999794006348
YBR092C,YOR057W,0,-3.2191598,0.09922868758440018,0.9520000219345093,0.8641999959945679
YKL148C,YAL015C,0,-3.219835,0.09921834617853165,0.9520000219345093,0.864300012588501
YBR187W,YDR405W,0,-3.21997,0.09920800477266312,0.9520000219345093,0.8644000291824341
YIR017C,YLR314C,0,-3.2199924,0.09919766336679459,0.9520000219345093,0.8644999861717224
YKL113C,YOR298C-A,0,-3.220291,0.09918732941150665,0.9520000219345093,0.8646000027656555
YCL008C,YDR356W,0,-3.2206013,0.09917699545621872,0.9520000219345093,0.8647000193595886
YIL056W,YDL146W,0,-3.2210674,0.09916666895151138,0.9520000219345093,0.864799976348877
YOR247W,YHL027W,0,-3.2213948,0.09915633499622345,0.9520000219345093,0.8648999929428101
YNL024C,YDR184C,0,-3.221423,0.09914600849151611,0.9520000219345093,0.8650000095367432
YDL198C,YGL076C,0,-3.2215185,0.09913568943738937,0.9520000219345093,0.8651000261306763
YDL153C,YIL144W,0,-3.2225273,0.09912536293268204,0.9520000219345093,0.8651999831199646
YOR261C,YLR058C,0,-3.2228699,0.0991150438785553,0.9520000219345093,0.8652999997138977
YPR134W,YDR021W,0,-3.2229168,0.09910472482442856,0.9520000219345093,0.8654000163078308
YPL015C,YMR271C,0,-3.2233274,0.09909441322088242,0.9520000219345093,0.8654999732971191
YNR002C,YOR269W,0,-3.2234359,0.09908409416675568,0.9520000219345093,0.8655999898910522
YGL083W,YLR212C,0,-3.2237055,0.09907378256320953,0.9520000219345093,0.8657000064849854
YHL047C,YDR046C,0,-3.2238567,0.09906347841024399,0.9520000219345093,0.8658000230789185
YHR079C,YNL149C,1,-3.2240236,0.09915721416473389,0.953000009059906,0.8658000230789185
YJL219W,YLL008W,0,-3.2247212,0.09914690256118774,0.953000009059906,0.8658999800682068
YDR227W,YJR082C,0,-3.225013,0.099136583507061,0.953000009059906,0.8659999966621399
YLL060C,YIL123W,0,-3.225481,0.09912627190351486,0.953000009059906,0.866100013256073
YBL025W,YIR009W,0,-3.2255795,0.09911596775054932,0.953000009059906,0.8661999702453613
YBL025W,YPL015C,0,-3.226259,0.09910565614700317,0.953000009059906,0.8662999868392944
YKR008W,YOR261C,0,-3.2267966,0.09909535199403763,0.953000009059906,0.8664000034332275
YGR279C,YMR193W,0,-3.2270539,0.09908504784107208,0.953000009059906,0.8665000200271606
YKR080W,YNL036W,0,-3.2273164,0.09907475113868713,0.953000009059906,0.866599977016449
YAL055W,YAL029C,0,-3.2273247,0.09906444698572159,0.953000009059906,0.8666999936103821
YPL281C,YKL081W,0,-3.2275076,0.09905415028333664,0.953000009059906,0.8668000102043152
YKL006W,YPR023C,0,-3.2278292,0.09904386103153229,0.953000009059906,0.8669000267982483
YKR057W,YML086C,0,-3.2279208,0.09903356432914734,0.953000009059906,0.8669999837875366
YIL061C,YOR278W,0,-3.2279365,0.09902327507734299,0.953000009059906,0.8671000003814697
YNL085W,YGL099W,0,-3.2282183,0.09901298582553864,0.953000009059906,0.8672000169754028
YML080W,YLR172C,0,-3.228261,0.09900270402431488,0.953000009059906,0.8672999739646912
YKR050W,YPL244C,0,-3.2284348,0.09899241477251053,0.953000009059906,0.8673999905586243
YPL011C,YML009C,0,-3.228554,0.09898213297128677,0.953000009059906,0.8675000071525574
YNL036W,YDR281C,0,-3.228665,0.09897185862064362,0.953000009059906,0.8676000237464905
YCR066W,YLL008W,0,-3.2288172,0.09896157681941986,0.953000009059906,0.8676999807357788
YER007W,YMR304W,0,-3.2290466,0.0989513024687767,0.953000009059906,0.8677999973297119
YNR011C,YDR017C,0,-3.2294586,0.09894102811813354,0.953000009059906,0.867900013923645
YGR123C,YNR050C,0,-3.229487,0.09893076121807098,0.953000009059906,0.8679999709129333
YEL041W,YOR323C,0,-3.2294981,0.09892048686742783,0.953000009059906,0.8680999875068665
YOR369C,YDR258C,0,-3.22954,0.09891021996736526,0.953000009059906,0.8682000041007996
YDR368W,YDR448W,0,-3.2300084,0.0988999605178833,0.953000009059906,0.8683000206947327
YPL095C,YGL096W,0,-3.2302668,0.09888969361782074,0.953000009059906,0.868399977684021
YOR242C,YOR221C,0,-3.2306728,0.09887943416833878,0.953000009059906,0.8684999942779541
YNL323W,YBR002C,1,-3.2307425,0.09897292405366898,0.9539999961853027,0.8684999942779541
YNL310C,YNL261W,0,-3.2307465,0.09896265715360641,0.9539999961853027,0.8686000108718872
YER024W,YLL008W,0,-3.2308552,0.09895239025354385,0.9539999961853027,0.8687000274658203
YDR512C,YOL084W,0,-3.2310781,0.09894213080406189,0.9539999961853027,0.8687999844551086
YDL146W,YDL014W,0,-3.23124,0.09893187135457993,0.9539999961853027,0.8689000010490417
YKL089W,YNL239W,0,-3.231246,0.09892161190509796,0.9539999961853027,0.8690000176429749
YNL250W,YOR370C,0,-3.2313387,0.098911352455616,0.9539999961853027,0.8690999746322632
YOL052C,YCR033W,0,-3.2316313,0.09890110045671463,0.9539999961853027,0.8691999912261963
YDR207C,YGL061C,0,-3.2319412,0.09889084845781326,0.9539999961853027,0.8693000078201294
YOR273C,YOR001W,0,-3.2319846,0.0988805964589119,0.9539999961853027,0.8694000244140625
YDR306C,YLR097C,0,-3.232031,0.09887035191059113,0.9539999961853027,0.8694999814033508
YFL059W,YNL052W,0,-3.2320845,0.09886009991168976,0.9539999961853027,0.8695999979972839
YBR145W,YDL004W,0,-3.2326634,0.09884986281394958,0.9539999961853027,0.869700014591217
YPR020W,YER171W,0,-3.2327676,0.09883961826562881,0.9539999961853027,0.8697999715805054
YGL125W,YOL108C,0,-3.2328598,0.09882938116788864,0.9539999961853027,0.8698999881744385
YDR489W,YNL097C,0,-3.232976,0.09881914407014847,0.9539999961853027,0.8700000047683716
YLR022C,YFR013W,0,-3.2330432,0.0988089069724083,0.9539999961853027,0.8701000213623047
YOR070C,YHR201C,0,-3.2336397,0.09879867732524872,0.9539999961853027,0.870199978351593
YOL021C,YGL153W,0,-3.234073,0.09878844022750854,0.9539999961853027,0.8702999949455261
YML026C,YER053C,0,-3.2341964,0.09877821803092957,0.9539999961853027,0.8704000115394592
YLR205C,YPL094C,1,-3.235017,0.09887152165174484,0.9549999833106995,0.8704000115394592
YLR022C,YML073C,0,-3.2351556,0.09886128455400467,0.9549999833106995,0.8705000281333923
YDR119W,YIL097W,0,-3.2354314,0.0988510474562645,0.9549999833106995,0.8705999851226807
YMR093W,YGR249W,0,-3.2354329,0.09884081780910492,0.9549999833106995,0.8707000017166138
YLR061W,YLR182W,0,-3.2355466,0.09883058816194534,0.9549999833106995,0.8708000183105469
YNL259C,YER118C,0,-3.236262,0.09882036596536636,0.9549999833106995,0.8708999752998352
YMR047C,YGL087C,0,-3.2366648,0.09881013631820679,0.9549999833106995,0.8709999918937683
YGR003W,YPL204W,0,-3.2367907,0.09879991412162781,0.9549999833106995,0.8711000084877014
YOL052C-A,YML118W,0,-3.2373548,0.09878969937562943,0.9549999833106995,0.8712000250816345
YKR014C,YBR182C,0,-3.2374077,0.09877947717905045,0.9549999833106995,0.8712999820709229
YGL205W,YGR280C,0,-3.2374442,0.09876926243305206,0.9549999833106995,0.871399998664856
YNL246W,YLR435W,0,-3.2376559,0.09875904768705368,0.9549999833106995,0.8715000152587891
YDR204W,YNL270C,0,-3.2376645,0.0987488403916359,0.9549999833106995,0.8715999722480774
YHR169W,YOR158W,0,-3.2379172,0.09873862564563751,0.9549999833106995,0.8716999888420105
YDL133C-A,YBR296C,0,-3.238096,0.09872841835021973,0.9549999833106995,0.8718000054359436
YNR002C,YPL105C,0,-3.2381032,0.09871821105480194,0.9549999833106995,0.8719000220298767
YDR322C-A,YDR079W,0,-3.2383897,0.09870801120996475,0.9549999833106995,0.871999979019165
YMR284W,YAL025C,0,-3.238447,0.09869781136512756,0.9549999833106995,0.8720999956130981
YNL054W,YOL089C,0,-3.238798,0.09868761152029037,0.9549999833106995,0.8722000122070312
YBL078C,YDL006W,0,-3.2390978,0.09867741167545319,0.9549999833106995,0.8723000288009644
YIL017C,YMR247C,0,-3.2393987,0.0986672192811966,0.9549999833106995,0.8723999857902527
YCR047C,YKR027W,0,-3.2397835,0.09865702688694,0.9549999833106995,0.8725000023841858
YPR024W,YOL040C,0,-3.2401168,0.09864683449268341,0.9549999833106995,0.8726000189781189
YPR118W,YKR046C,0,-3.2406433,0.09863664209842682,0.9549999833106995,0.8726999759674072
YJL074C,YAL015C,0,-3.2406611,0.09862645715475082,0.9549999833106995,0.8727999925613403
YGR006W,YJL001W,0,-3.2409227,0.09861627221107483,0.9549999833106995,0.8729000091552734
YOL040C,YPL156C,0,-3.2410154,0.09860609471797943,0.9549999833106995,0.8730000257492065
YHR028C,YBR126C,0,-3.2410648,0.09859590977430344,0.9549999833106995,0.8730999827384949
YNL178W,YGR264C,0,-3.2411244,0.09858573228120804,0.9549999833106995,0.873199999332428
YLR266C,YBL075C,0,-3.241286,0.09857555478811264,0.9549999833106995,0.8733000159263611
YGL253W,YJL153C,0,-3.241286,0.09856538474559784,0.9549999833106995,0.8733999729156494
YDR140W,YPL061W,0,-3.2415082,0.09855521470308304,0.9549999833106995,0.8734999895095825
YBR153W,YLR189C,0,-3.2416906,0.09854504466056824,0.9549999833106995,0.8736000061035156
YJL103C,YNL009W,0,-3.2417736,0.09853487461805344,0.9549999833106995,0.8737000226974487
YDL223C,YJR099W,0,-3.241974,0.09852471202611923,0.9549999833106995,0.8737999796867371
YBR002C,YBR265W,1,-3.242162,0.09861770272254944,0.9559999704360962,0.8737999796867371
YPR190C,YLR457C,0,-3.2423413,0.09860753268003464,0.9559999704360962,0.8738999962806702
YJR006W,YDL012C,0,-3.2424848,0.09859736263751984,0.9559999704360962,0.8740000128746033
YCR010C,YNL006W,0,-3.2425668,0.09858719259500504,0.9559999704360962,0.8741000294685364
YGR230W,YPL163C,0,-3.2428372,0.09857702255249023,0.9559999704360962,0.8741999864578247
YER008C,YNL299W,0,-3.2428925,0.09856685996055603,0.9559999704360962,0.8743000030517578
YNL278W,YGR090W,0,-3.243345,0.09855669736862183,0.9559999704360962,0.8744000196456909
YGL169W,YLR353W,0,-3.2433965,0.09854654222726822,0.9559999704360962,0.8744999766349792
YMR036C,YGL037C,0,-3.2436054,0.09853638708591461,0.9559999704360962,0.8745999932289124
YLR174W,YOL020W,0,-3.24427,0.098526231944561,0.9559999704360962,0.8747000098228455
YPR120C,YIL149C,0,-3.2443306,0.0985160768032074,0.9559999704360962,0.8748000264167786
YKR076W,YER029C,0,-3.2443564,0.09850592166185379,0.9559999704360962,0.8748999834060669
YMR097C,YER151C,0,-3.2445242,0.09849577397108078,0.9559999704360962,0.875
YGR014W,YLR431C,0,-3.244847,0.09848562628030777,0.9559999704360962,0.8751000165939331
YER143W,YML121W,0,-3.2458122,0.09847548604011536,0.9559999704360962,0.8751999735832214
YNL191W,YFR044C,0,-3.2460003,0.09846533834934235,0.9559999704360962,0.8752999901771545
YOR341W,YDR003W,0,-3.2460694,0.09845519810914993,0.9559999704360962,0.8754000067710876
YKL101W,YDR263C,0,-3.2466943,0.09844506531953812,0.9559999704360962,0.8755000233650208
YFR014C,YOR033C,0,-3.247138,0.0984349250793457,0.9559999704360962,0.8755999803543091
YGL169W,YBR042C,0,-3.2477477,0.09842479228973389,0.9559999704360962,0.8756999969482422
YOR030W,YDL031W,0,-3.247856,0.09841465950012207,0.9559999704360962,0.8758000135421753
YMR305C,YDR437W,1,-3.2482429,0.09850746393203735,0.9570000171661377,0.8758000135421753
YNL259C,YJR002W,0,-3.2483857,0.09849732369184494,0.9570000171661377,0.8758999705314636
YNL232W,YPR144C,0,-3.2484934,0.09848719090223312,0.9570000171661377,0.8759999871253967
YPL135W,YOL105C,0,-3.2498538,0.09847705066204071,0.9570000171661377,0.8761000037193298
YDR361C,YOL129W,0,-3.2498863,0.0984669178724289,0.9570000171661377,0.8762000203132629
YBR231C,YIR039C,0,-3.2506163,0.09845679253339767,0.9570000171661377,0.8762999773025513
YHR169W,YIL052C,0,-3.2507732,0.09844665974378586,0.9570000171661377,0.8763999938964844
YPL040C,YDR144C,0,-3.2510922,0.09843653440475464,0.9570000171661377,0.8765000104904175
YLR328W,YLL013C,0,-3.25137,0.09842640906572342,0.9570000171661377,0.8766000270843506
YHR157W,YOL105C,0,-3.2521865,0.0984162911772728,0.9570000171661377,0.8766999840736389
YBR098W,YKL175W,0,-3.2533612,0.09840617328882217,0.9570000171661377,0.876800000667572
YJR006W,YCR060W,0,-3.2534363,0.09839605540037155,0.9570000171661377,0.8769000172615051
YJL200C,YNL333W,0,-3.2535453,0.09838593751192093,0.9570000171661377,0.8769999742507935
YJL061W,YGL208W,0,-3.2537043,0.0983758196234703,0.9570000171661377,0.8770999908447266
YJL116C,YDR164C,0,-3.2540987,0.09836570918560028,0.9570000171661377,0.8772000074386597
YAL028W,YLR238W,1,-3.2543013,0.09845837950706482,0.9580000042915344,0.8772000074386597
YKL067W,YPR093C,0,-3.2546198,0.0984482616186142,0.9580000042915344,0.8773000240325928
YOR354C,YCL035C,0,-3.2552006,0.09843814373016357,0.9580000042915344,0.8773999810218811
YPR185W,YGL096W,0,-3.2557304,0.09842802584171295,0.9580000042915344,0.8774999976158142
YKL095W,YMR180C,0,-3.2558458,0.09841791540384293,0.9580000042915344,0.8776000142097473
YCR044C,YAL028W,1,-3.2559311,0.09851052612066269,0.9589999914169312,0.8776000142097473
YJR150C,YER072W,0,-3.2559478,0.09850040823221207,0.9589999914169312,0.8776999711990356
YLR325C,YLR353W,0,-3.257389,0.09849029779434204,0.9589999914169312,0.8777999877929688
YAL056W,YPR031W,0,-3.2579424,0.09848017990589142,0.9589999914169312,0.8779000043869019
YPL031C,YOR241W,0,-3.257969,0.09847006946802139,0.9589999914169312,0.878000020980835
YNL262W,YNL002C,0,-3.258263,0.09845995903015137,0.9589999914169312,0.8780999779701233
YOL001W,YBR149W,0,-3.2583063,0.09844984859228134,0.9589999914169312,0.8781999945640564
YBR236C,YOR362C,0,-3.258313,0.09843974560499191,0.9589999914169312,0.8783000111579895
YLR309C,YPR186C,0,-3.258347,0.09842964261770248,0.9589999914169312,0.8784000277519226
YBR231C,YBL013W,0,-3.2586238,0.09841953963041306,0.9589999914169312,0.8784999847412109
YDL013W,YLR353W,0,-3.2587757,0.09840944409370422,0.9589999914169312,0.878600001335144
YLR328W,YOL033W,0,-3.2604425,0.0983993411064148,0.9589999914169312,0.8787000179290771
YBR260C,YJL173C,0,-3.2605407,0.09838924556970596,0.9589999914169312,0.8787999749183655
YOR341W,YBR212W,0,-3.2606313,0.09837915748357773,0.9589999914169312,0.8788999915122986
YMR284W,YBL084C,0,-3.2607503,0.0983690619468689,0.9589999914169312,0.8790000081062317
YDL066W,YKL148C,0,-3.2611706,0.09835897386074066,0.9589999914169312,0.8791000247001648
YIL074C,YLL038C,0,-3.2613869,0.09834888577461243,0.9589999914169312,0.8791999816894531
YDL040C,YBR143C,0,-3.2620332,0.09833880513906479,0.9589999914169312,0.8792999982833862
YER036C,YER119C,0,-3.2620428,0.09832871705293655,0.9589999914169312,0.8794000148773193
YDR175C,YLR048W,0,-3.262101,0.09831863641738892,0.9589999914169312,0.8794999718666077
YNL220W,YDL136W,0,-3.2625,0.09830856323242188,0.9589999914169312,0.8795999884605408
YJR077C,YGL251C,0,-3.262579,0.09829848259687424,0.9589999914169312,0.8797000050544739
YPL241C,YHR209W,0,-3.2627957,0.0982884094119072,0.9589999914169312,0.879800021648407
YDL058W,YOL011W,0,-3.2628305,0.09827833622694016,0.9589999914169312,0.8798999786376953
YMR095C,YDR400W,0,-3.2638295,0.09826826304197311,0.9589999914169312,0.8799999952316284
YKL026C,YKL178C,0,-3.2640214,0.09825819730758667,0.9589999914169312,0.8801000118255615
YER075C,YHR056C,0,-3.2642667,0.09824813157320023,0.9589999914169312,0.8802000284194946
YER021W,YDR256C,0,-3.2644305,0.09823806583881378,0.9589999914169312,0.880299985408783
YFR036W,YIL113W,0,-3.2645051,0.09822800010442734,0.9589999914169312,0.8804000020027161
YKL013C,YJL011C,0,-3.264951,0.09821794182062149,0.9589999914169312,0.8805000185966492
YKL191W,YLR003C,0,-3.2649565,0.09820788353681564,0.9589999914169312,0.8805999755859375
YHR171W,YKL113C,0,-3.2649672,0.0981978327035904,0.9589999914169312,0.8806999921798706
YER011W,YDL230W,0,-3.2652826,0.09818777441978455,0.9589999914169312,0.8808000087738037
YGR198W,YOL119C,0,-3.2659123,0.0981777235865593,0.9589999914169312,0.8809000253677368
YDR490C,YNR053C,0,-3.2663827,0.09816767275333405,0.9589999914169312,0.8809999823570251
YLR192C,YJL094C,0,-3.2677011,0.0981576219201088,0.9589999914169312,0.8810999989509583
YEL012W,YIL096C,0,-3.2678416,0.09814757853746414,0.9589999914169312,0.8812000155448914
YHR119W,YCR004C,0,-3.2680235,0.09813753515481949,0.9589999914169312,0.8812999725341797
YJL111W,YNL160W,0,-3.2682583,0.09812749177217484,0.9589999914169312,0.8813999891281128
YMR275C,YBR026C,0,-3.2682874,0.09811745584011078,0.9589999914169312,0.8815000057220459
YPL235W,YOR023C,0,-3.268407,0.09810741990804672,0.9589999914169312,0.881600022315979
YHL040C,YBR119W,0,-3.268624,0.09809738397598267,0.9589999914169312,0.8816999793052673
YGR162W,YJR135C,0,-3.2687466,0.09808734804391861,0.9589999914169312,0.8817999958992004
YHR138C,YHL024W,0,-3.2687616,0.09807731956243515,0.9589999914169312,0.8819000124931335
YOR245C,YOR089C,0,-3.2688458,0.0980672836303711,0.9589999914169312,0.8820000290870667
YCR020C-A,YDR479C,0,-3.2688534,0.09805726259946823,0.9589999914169312,0.882099986076355
YDR178W,YOL135C,0,-3.2690892,0.09804723411798477,0.9589999914169312,0.8822000026702881
YOL135C,YML076C,0,-3.2691925,0.09803721308708191,0.9589999914169312,0.8823000192642212
YHR128W,YIL075C,0,-3.2697027,0.09802719205617905,0.9589999914169312,0.8823999762535095
YFR036W,YKR028W,0,-3.2697585,0.09801717102527618,0.9589999914169312,0.8824999928474426
YKR069W,YNL312W,0,-3.2709074,0.09800715744495392,0.9589999914169312,0.8826000094413757
YHL015W,YMR322C,0,-3.271194,0.09799713641405106,0.9589999914169312,0.8827000260353088
YDR206W,YMR257C,0,-3.2714932,0.09798712283372879,0.9589999914169312,0.8827999830245972
YKL141W,YCL039W,0,-3.2720811,0.09797711670398712,0.9589999914169312,0.8828999996185303
YDR005C,YJL146W,0,-3.272085,0.09796710312366486,0.9589999914169312,0.8830000162124634
YLR119W,YHR165C,0,-3.2721064,0.09795709699392319,0.9589999914169312,0.8830999732017517
YMR314W,YNL160W,0,-3.2733116,0.09794709086418152,0.9589999914169312,0.8831999897956848
YCR092C,YDL005C,0,-3.2733188,0.09793709218502045,0.9589999914169312,0.8833000063896179
YJR119C,YDR058C,0,-3.2736797,0.09792709350585938,0.9589999914169312,0.883400022983551
YGL141W,YGL123W,0,-3.2739718,0.0979170948266983,0.9589999914169312,0.8834999799728394
YDR283C,YGL013C,0,-3.2740908,0.09790709614753723,0.9589999914169312,0.8835999965667725
YOL003C,YPR112C,0,-3.274092,0.09789709746837616,0.9589999914169312,0.8837000131607056
YOR348C,YOL041C,0,-3.2753148,0.09788710623979568,0.9589999914169312,0.8838000297546387
YKR001C,YPL237W,0,-3.2754405,0.09787711501121521,0.9589999914169312,0.883899986743927
YNL103W,YPR006C,0,-3.2755892,0.09786713123321533,0.9589999914169312,0.8840000033378601
YNR036C,YDR485C,0,-3.2756906,0.09785714000463486,0.9589999914169312,0.8841000199317932
YGR277C,YAL015C,0,-3.2758048,0.09784715622663498,0.9589999914169312,0.8841999769210815
YHR046C,YLR214W,0,-3.2760081,0.0978371724486351,0.9589999914169312,0.8842999935150146
YAL060W,YNL009W,0,-3.2764103,0.09782719612121582,0.9589999914169312,0.8844000101089478
YMR264W,YKR067W,1,-3.2771382,0.09791921824216843,0.9599999785423279,0.8844000101089478
YKL016C,YOR136W,0,-3.277731,0.09790922701358795,0.9599999785423279,0.8845000267028809
YLR380W,YPL181W,0,-3.277732,0.09789924323558807,0.9599999785423279,0.8845999836921692
YDL113C,YDL052C,0,-3.278076,0.0978892594575882,0.9599999785423279,0.8847000002861023
YHR085W,YNL188W,0,-3.2783706,0.09787928313016891,0.9599999785423279,0.8848000168800354
YMR204C,YOR043W,0,-3.278754,0.09786930680274963,0.9599999785423279,0.8848999738693237
YDR180W,YBR143C,0,-3.2788675,0.09785933047533035,0.9599999785423279,0.8849999904632568
YOL059W,YDR451C,0,-3.279261,0.09784935414791107,0.9599999785423279,0.8851000070571899
YOR026W,YBR250W,0,-3.2793446,0.09783937782049179,0.9599999785423279,0.885200023651123
YBR256C,YPL134C,0,-3.2800798,0.0978294089436531,0.9599999785423279,0.8852999806404114
YJR002W,YKL068W,0,-3.2805119,0.09781944006681442,0.9599999785423279,0.8853999972343445
YOR260W,YHR150W,0,-3.2809985,0.09780947864055634,0.9599999785423279,0.8855000138282776
YNL115C,YGR143W,0,-3.281153,0.09779950976371765,0.9599999785423279,0.8855999708175659
YML001W,YER169W,0,-3.2814915,0.09778954833745956,0.9599999785423279,0.885699987411499
YJL026W,YDR380W,0,-3.28152,0.09777958691120148,0.9599999785423279,0.8858000040054321
YMR104C,YPR105C,0,-3.2816093,0.09776963293552399,0.9599999785423279,0.8859000205993652
YLL038C,YKL040C,0,-3.2819397,0.0977596715092659,0.9599999785423279,0.8859999775886536
YLR163C,YBR001C,0,-3.2821505,0.09774971753358841,0.9599999785423279,0.8860999941825867
YBL017C,YIL103W,0,-3.282357,0.09773977100849152,0.9599999785423279,0.8862000107765198
YOR060C,YHR101C,1,-3.2824633,0.0978316217660904,0.9610000252723694,0.8862000107765198
YMR255W,YPL271W,0,-3.282634,0.0978216603398323,0.9610000252723694,0.8863000273704529
YNL209W,YKR046C,0,-3.2841017,0.09781170636415482,0.9610000252723694,0.8863999843597412
YDR189W,YMR123W,1,-3.284469,0.09790351986885071,0.9620000123977661,0.8863999843597412
YLR205C,YDR233C,1,-3.285521,0.0979953184723854,0.9629999995231628,0.8863999843597412
YAR019C,YER090W,0,-3.2856128,0.09798534959554672,0.9629999995231628,0.8865000009536743
YLR214W,YPR095C,0,-3.2858768,0.09797538071870804,0.9629999995231628,0.8866000175476074
YDR538W,YML107C,0,-3.2861001,0.09796541184186935,0.9629999995231628,0.8866999745368958
YBL098W,YHR209W,0,-3.286229,0.09795545041561127,0.9629999995231628,0.8867999911308289
YGR229C,YOR089C,0,-3.286315,0.09794548153877258,0.9629999995231628,0.886900007724762
YCR005C,YDL147W,0,-3.2864916,0.0979355201125145,0.9629999995231628,0.8870000243186951
YLR266C,YKL092C,0,-3.2865531,0.097925566136837,0.9629999995231628,0.8870999813079834
YDR022C,YJL190C,0,-3.286667,0.09791560471057892,0.9629999995231628,0.8871999979019165
YKL003C,YJL112W,0,-3.2867298,0.09790565073490143,0.9629999995231628,0.8873000144958496
YMR040W,YDR377W,0,-3.2868652,0.09789569675922394,0.9629999995231628,0.8873999714851379
YER036C,YHR001W,0,-3.2872636,0.09788575023412704,0.9629999995231628,0.887499988079071
YOR004W,YMR040W,0,-3.2874615,0.09787580370903015,0.9629999995231628,0.8876000046730042
YGR229C,YOR284W,0,-3.2881358,0.09786585718393326,0.9629999995231628,0.8877000212669373
YDR313C,YDL209C,0,-3.28818,0.09785591065883636,0.9629999995231628,0.8877999782562256
YGL144C,YNL164C,0,-3.2884793,0.09784596413373947,0.9629999995231628,0.8878999948501587
YPR009W,YMR304W,0,-3.2888806,0.09783602505922318,0.9629999995231628,0.8880000114440918
YNL136W,YDL074C,0,-3.2892036,0.09782608598470688,0.9629999995231628,0.8881000280380249
YJL011C,YDR350C,0,-3.289299,0.09781614691019058,0.9629999995231628,0.8881999850273132
YNL051W,YLR061W,0,-3.2895315,0.09780621528625488,0.9629999995231628,0.8883000016212463
YBR257W,YCR004C,0,-3.2899778,0.09779628366231918,0.9629999995231628,0.8884000182151794
YPR112C,YOR158W,0,-3.2900345,0.09778635203838348,0.9629999995231628,0.8884999752044678
YFL033C,YOL008W,0,-3.290429,0.09777642041444778,0.9629999995231628,0.8885999917984009
YOR079C,YML061C,0,-3.2906215,0.09776649624109268,0.9629999995231628,0.888700008392334
YHR113W,YKL093W,0,-3.2912016,0.09775657206773758,0.9629999995231628,0.8888000249862671
YHL047C,YLL026W,0,-3.2922475,0.09774664789438248,0.9629999995231628,0.8888999819755554
YJL065C,YPL020C,0,-3.2927275,0.09773673117160797,0.9629999995231628,0.8889999985694885
YDR022C,YOL089C,0,-3.2927904,0.09772681444883347,0.9629999995231628,0.8891000151634216
YLR027C,YDL136W,0,-3.2934546,0.09771689772605896,0.9629999995231628,0.88919997215271
YDR036C,YOL041C,0,-3.2937093,0.09770698100328445,0.9629999995231628,0.8892999887466431
YKR024C,YIR025W,0,-3.2938871,0.09769707173109055,0.9629999995231628,0.8894000053405762
YGR221C,YNL325C,0,-3.294731,0.09768715500831604,0.9629999995231628,0.8895000219345093
YDR190C,YGR121C,0,-3.295492,0.09767724573612213,0.9629999995231628,0.8895999789237976
YHR019C,YDR144C,0,-3.2962105,0.09766734391450882,0.9629999995231628,0.8896999955177307
YML127W,YLR178C,0,-3.2965639,0.09765744209289551,0.9629999995231628,0.8898000121116638
YER164W,YNR011C,0,-3.296586,0.0976475328207016,0.9629999995231628,0.8899000287055969
YNR037C,YGR032W,0,-3.2966392,0.09763763844966888,0.9629999995231628,0.8899999856948853
YDR005C,YKL096W-A,0,-3.2966664,0.09762773662805557,0.9629999995231628,0.8901000022888184
YFL031W,YGR286C,0,-3.2968605,0.09761784225702286,0.9629999995231628,0.8902000188827515
YBR188C,YML065W,0,-3.2971745,0.09760794788599014,0.9629999995231628,0.8902999758720398
YBR185C,YGL076C,0,-3.2974555,0.09759805351495743,0.9629999995231628,0.8903999924659729
YER061C,YMR250W,0,-3.2977102,0.09758816659450531,0.9629999995231628,0.890500009059906
YIL051C,YKR095W,0,-3.2977989,0.0975782722234726,0.9629999995231628,0.8906000256538391
YKL080W,YDR463W,0,-3.2987843,0.09756839275360107,0.9629999995231628,0.8906999826431274
YMR308C,YDL039C,0,-3.299574,0.09755850583314896,0.9629999995231628,0.8907999992370605
YPL075W,YLR193C,0,-3.300094,0.09754861891269684,0.9629999995231628,0.8909000158309937
YBR098W,YDR213W,0,-3.3005033,0.09753873944282532,0.9629999995231628,0.890999972820282
YLR166C,YBR165W,0,-3.3006976,0.0975288599729538,0.9629999995231628,0.8910999894142151
YJR045C,YGR145W,0,-3.3007538,0.09751898795366287,0.9629999995231628,0.8912000060081482
YOR060C,YHR123W,1,-3.30084,0.09761036932468414,0.9639999866485596,0.8912000060081482
YOR003W,YGR041W,0,-3.301407,0.09760048240423203,0.9639999866485596,0.8913000226020813
YBL045C,YPR163C,0,-3.3017058,0.0975906029343605,0.9639999866485596,0.8913999795913696
YDR529C,YBL024W,0,-3.302923,0.09758072346448898,0.9639999866485596,0.8914999961853027
YKR022C,YDL072C,1,-3.3036158,0.09767206758260727,0.9649999737739563,0.8914999961853027
YDR303C,YKL203C,0,-3.3043587,0.09766218066215515,0.9649999737739563,0.8916000127792358
YOL147C,YMR041C,0,-3.3044183,0.09765229374170303,0.9649999737739563,0.891700029373169
YJL102W,YLR221C,0,-3.304608,0.09764241427183151,0.9649999737739563,0.8917999863624573
YKR088C,YGL071W,0,-3.3057737,0.09763253480195999,0.9649999737739563,0.8919000029563904
YIR028W,YML060W,0,-3.3060043,0.09762266278266907,0.9649999737739563,0.8920000195503235
YIL041W,YER161C,0,-3.306032,0.09761278331279755,0.9649999737739563,0.8920999765396118
YJL008C,YGR194C,0,-3.3061109,0.09760291129350662,0.9649999737739563,0.8921999931335449
YML118W,YLR347C,0,-3.306205,0.0975930392742157,0.9649999737739563,0.892300009727478
YBR162W-A,YNR019W,1,-3.3062954,0.09768429398536682,0.9660000205039978,0.892300009727478
YDR335W,YOR035C,0,-3.3064613,0.0976744219660759,0.9660000205039978,0.8924000263214111
YDR339C,YPL190C,0,-3.306901,0.09766454249620438,0.9660000205039978,0.8924999833106995
YPL147W,YKR026C,0,-3.3069544,0.09765467047691345,0.9660000205039978,0.8925999999046326
YAR014C,YAL029C,0,-3.3076189,0.09764479845762253,0.9660000205039978,0.8927000164985657
YDR384C,YAL038W,0,-3.308015,0.0976349338889122,0.9660000205039978,0.892799973487854
YML076C,YDR140W,0,-3.3090215,0.09762506186962128,0.9660000205039978,0.8928999900817871
YKL126W,YPL159C,0,-3.309241,0.09761519730091095,0.9660000205039978,0.8930000066757202
YDR074W,YIL127C,0,-3.309275,0.09760533273220062,0.9660000205039978,0.8931000232696533
YJR143C,YJR073C,1,-3.3097718,0.09769650548696518,0.9670000076293945,0.8931000232696533
YJL146W,YPL089C,0,-3.3102095,0.09768663346767426,0.9670000076293945,0.8931999802589417
YHR015W,YJL001W,0,-3.3106122,0.09767676889896393,0.9670000076293945,0.8932999968528748
YIL074C,YDR069C,0,-3.3112226,0.0976669043302536,0.9670000076293945,0.8934000134468079
YCL067C,YGR256W,0,-3.3117096,0.09765703976154327,0.9670000076293945,0.8934999704360962
YEL050C,YOL154W,0,-3.3120742,0.09764717519283295,0.9670000076293945,0.8935999870300293
YCR020C-A,YOL045W,0,-3.3123713,0.09763731807470322,0.9670000076293945,0.8937000036239624
YIL088C,YER169W,0,-3.3128026,0.09762746095657349,0.9670000076293945,0.8938000202178955
YHR021C,YML114C,0,-3.3128693,0.09761760383844376,0.9670000076293945,0.8938999772071838
YCL043C,YJR073C,1,-3.3133957,0.09770868718624115,0.9679999947547913,0.8938999772071838
YIL033C,YKL021C,0,-3.3134496,0.09769883006811142,0.9679999947547913,0.8939999938011169
YNL268W,YLL036C,0,-3.3135266,0.09768897294998169,0.9679999947547913,0.89410001039505
YEL040W,YLR233C,0,-3.3136604,0.09767910838127136,0.9679999947547913,0.8942000269889832
YBL072C,YKL081W,0,-3.3141296,0.09766925871372223,0.9679999947547913,0.8942999839782715
YFR055W,YDR247W,0,-3.314759,0.0976594015955925,0.9679999947547913,0.8944000005722046
YKR067W,YGR177C,1,-3.314811,0.09775042533874512,0.968999981880188,0.8944000005722046
YNL290W,YHL013C,0,-3.3149993,0.09774056822061539,0.968999981880188,0.8945000171661377
YPR161C,YJL173C,0,-3.3153522,0.09773071110248566,0.968999981880188,0.894599974155426
YPL082C,YGR264C,0,-3.3154547,0.09772085398435593,0.968999981880188,0.8946999907493591
YOR140W,YLR383W,0,-3.3157222,0.0977110043168068,0.968999981880188,0.8948000073432922
YLR377C,YOR087W,0,-3.3157892,0.09770114719867706,0.968999981880188,0.8949000239372253
YDL067C,YAR002W,0,-3.3159876,0.09769129753112793,0.968999981880188,0.8949999809265137
YBR263W,YLR022C,0,-3.3163016,0.0976814553141594,0.968999981880188,0.8950999975204468
YPL210C,YER028C,0,-3.3164284,0.09767160564661026,0.968999981880188,0.8952000141143799
YCR079W,YNR038W,0,-3.317954,0.09766176342964172,0.968999981880188,0.8952999711036682
YER103W,YJL100W,0,-3.3185372,0.09765192121267319,0.968999981880188,0.8953999876976013
YGL224C,YHR092C,0,-3.318696,0.09764207899570465,0.968999981880188,0.8955000042915344
YPR143W,YGR223C,0,-3.3190212,0.09763224422931671,0.968999981880188,0.8956000208854675
YIL133C,YGL259W,0,-3.3190668,0.09762240946292877,0.968999981880188,0.8956999778747559
YPR167C,YFL021W,0,-3.3192227,0.09761257469654083,0.968999981880188,0.895799994468689
YLR070C,YEL030W,0,-3.3192303,0.0976027399301529,0.968999981880188,0.8959000110626221
YIL008W,YNL077W,0,-3.3192837,0.09759291261434555,0.968999981880188,0.8960000276565552
YOL144W,YMR243C,0,-3.3193367,0.09758307784795761,0.968999981880188,0.8960999846458435
YDL110C,YOR249C,0,-3.319345,0.09757325798273087,0.968999981880188,0.8962000012397766
YGR076C,YDR246W,0,-3.3195798,0.09756343066692352,0.968999981880188,0.8963000178337097
YIR006C,YPL011C,0,-3.3198745,0.09755361080169678,0.968999981880188,0.896399974822998
YOR191W,YOL122C,0,-3.3201463,0.09754379093647003,0.968999981880188,0.8964999914169312
YMR251W-A,YLR292C,1,-3.320543,0.09763462841510773,0.9700000286102295,0.8964999914169312
YGL043W,YHL035C,0,-3.3211715,0.09762480109930038,0.9700000286102295,0.8966000080108643
YBR161W,YDR380W,0,-3.3213992,0.09761497378349304,0.9700000286102295,0.8967000246047974
YDL092W,YGL030W,0,-3.3215873,0.0976051539182663,0.9700000286102295,0.8967999815940857
YDL107W,YIL126W,0,-3.3216484,0.09759533405303955,0.9700000286102295,0.8968999981880188
YIL020C,YFL018C,0,-3.321862,0.0975855141878128,0.9700000286102295,0.8970000147819519
YNL309W,YGL008C,0,-3.3226874,0.09757569432258606,0.9700000286102295,0.8970999717712402
YDL013W,YJL100W,0,-3.3230627,0.09756588190793991,0.9700000286102295,0.8971999883651733
YOL052C-A,YLR026C,0,-3.324785,0.09755606949329376,0.9700000286102295,0.8973000049591064
YBR297W,YER119C,0,-3.3252192,0.09754625707864761,0.9700000286102295,0.8974000215530396
YOL018C,YDR460W,0,-3.3253102,0.09753645211458206,0.9700000286102295,0.8974999785423279
YGL133W,YHL015W,0,-3.3260229,0.09752664715051651,0.9700000286102295,0.897599995136261
YMR221C,YDR216W,0,-3.3268692,0.09751684218645096,0.9700000286102295,0.8977000117301941
YBR098W,YBR065C,0,-3.3278449,0.0975070372223854,0.9700000286102295,0.8978000283241272
YNL128W,YDR126W,0,-3.3278954,0.09749723225831985,0.9700000286102295,0.8978999853134155
YNL102W,YGR268C,0,-3.3281748,0.0974874347448349,0.9700000286102295,0.8980000019073486
YBR030W,YJL005W,0,-3.3291738,0.09747763723134995,0.9700000286102295,0.8981000185012817
YGL206C,YNL042W,0,-3.3291905,0.09746784716844559,0.9700000286102295,0.8981999754905701
YKL055C,YHR146W,0,-3.3300006,0.09745804965496063,0.9700000286102295,0.8982999920845032
YGL174W,YDR386W,0,-3.330324,0.09744825959205627,0.9700000286102295,0.8984000086784363
YBR274W,YJR156C,0,-3.3303661,0.09743846952915192,0.9700000286102295,0.8985000252723694
YOR319W,YBL060W,0,-3.3303738,0.09742868691682816,0.9700000286102295,0.8985999822616577
YGL023C,YDR140W,0,-3.3318305,0.0974189043045044,0.9700000286102295,0.8986999988555908
YFL062W,YGR141W,0,-3.3325222,0.09740912169218063,0.9700000286102295,0.8988000154495239
YAR008W,YBR101C,0,-3.3329048,0.09739933907985687,0.9700000286102295,0.8988999724388123
YOL088C,YNL012W,1,-3.334007,0.09748996049165726,0.9710000157356262,0.8988999724388123
YER112W,YHR031C,0,-3.3341365,0.0974801704287529,0.9710000157356262,0.8989999890327454
YHR133C,YDR302W,1,-3.3341908,0.09757076948881149,0.972000002861023,0.8989999890327454
YDR058C,YJR049C,0,-3.3351052,0.09756097197532654,0.972000002861023,0.8991000056266785
YBR213W,YOR057W,0,-3.3359075,0.09755118191242218,0.972000002861023,0.8992000222206116
YOR245C,YBR084W,0,-3.3368123,0.09754139184951782,0.972000002861023,0.8992999792098999
YOR273C,YER082C,0,-3.3369603,0.09753160923719406,0.972000002861023,0.899399995803833
YLR201C,YDL159W,0,-3.3376007,0.0975218191742897,0.972000002861023,0.8995000123977661
YDR227W,YDR480W,0,-3.3379085,0.09751203656196594,0.972000002861023,0.8996000289916992
YKR076W,YML077W,0,-3.3389666,0.09750225394964218,0.972000002861023,0.8996999859809875
YER082C,YLR174W,0,-3.3392746,0.09749247878789902,0.972000002861023,0.8998000025749207
YJL103C,YDR425W,0,-3.3393798,0.09748269617557526,0.972000002861023,0.8999000191688538
YDR304C,YLR286C,1,-3.339557,0.09757320582866669,0.9729999899864197,0.8999000191688538
YGR109C,YGR129W,0,-3.3395667,0.09756342321634293,0.9729999899864197,0.8999999761581421
YMR054W,YOR028C,0,-3.3398302,0.09755364060401917,0.9729999899864197,0.9000999927520752
YPL122C,YDR058C,0,-3.3398497,0.0975438579916954,0.9729999899864197,0.9002000093460083
YHR081W,YEL003W,0,-3.3400712,0.09753408282995224,0.9729999899864197,0.9003000259399414
YDL130W,YLR174W,0,-3.3402267,0.09752430766820908,0.9729999899864197,0.9003999829292297
YKL217W,YBL069W,0,-3.3402412,0.09751453250646591,0.9729999899864197,0.9004999995231628
YKL142W,YPR120C,0,-3.3402832,0.09750475734472275,0.9729999899864197,0.900600016117096
YEL042W,YGR078C,0,-3.340826,0.09749498963356018,0.9729999899864197,0.9006999731063843
YLR142W,YKL079W,0,-3.3408682,0.09748522192239761,0.9729999899864197,0.9007999897003174
YDR268W,YCR037C,0,-3.3417652,0.09747545421123505,0.9729999899864197,0.9009000062942505
YIL144W,YOR304W,0,-3.342888,0.09746569395065308,0.9729999899864197,0.9010000228881836
YER173W,YKL034W,0,-3.3433745,0.09745592623949051,0.9729999899864197,0.9010999798774719
YBL025W,YMR266W,0,-3.3434794,0.09744616597890854,0.9729999899864197,0.901199996471405
YKL025C,YDR019C,0,-3.3438087,0.09743641316890717,0.9729999899864197,0.9013000130653381
YIL156W,YMR277W,0,-3.3439229,0.0974266529083252,0.9729999899864197,0.9014000296592712
YMR154C,YMR014W,0,-3.344458,0.09741690009832382,0.9729999899864197,0.9014999866485596
YER114C,YDL155W,0,-3.344474,0.09740714728832245,0.9729999899864197,0.9016000032424927
YJL020C,YNL159C,0,-3.344917,0.09739739447832108,0.9729999899864197,0.9017000198364258
YNL142W,YMR070W,0,-3.3450372,0.0973876491189003,0.9729999899864197,0.9017999768257141
YHR082C,YLR221C,0,-3.3457296,0.09737790375947952,0.9729999899864197,0.9018999934196472
YMR137C,YKR066C,0,-3.345738,0.09736815840005875,0.9729999899864197,0.9020000100135803
YGR120C,YLL021W,0,-3.3457687,0.09735841304063797,0.9729999899864197,0.9021000266075134
YBR288C,YDR273W,0,-3.3467748,0.09734867513179779,0.9729999899864197,0.9021999835968018
YOR040W,YOL097C,0,-3.3467765,0.09733893722295761,0.9729999899864197,0.9023000001907349
YPL043W,YBR042C,0,-3.3472097,0.09732919931411743,0.9729999899864197,0.902400016784668
YBR006W,YDR512C,0,-3.347432,0.09731946140527725,0.9729999899864197,0.9024999737739563
YLL036C,YDL031W,0,-3.3476017,0.09730973094701767,0.9729999899864197,0.9025999903678894
YDR130C,YOR194C,0,-3.3477085,0.09730000048875809,0.9729999899864197,0.9027000069618225
YNL284C,YFR030W,0,-3.3481908,0.0972902700304985,0.9729999899864197,0.9028000235557556
YPR016C,YGR034W,0,-3.3484044,0.09728054702281952,0.9729999899864197,0.902899980545044
YKR097W,YNL062C,0,-3.3484082,0.09727081656455994,0.9729999899864197,0.902999997138977
YIL053W,YKR066C,0,-3.348523,0.09726109355688095,0.9729999899864197,0.9031000137329102
YPR002W,YER126C,0,-3.34886,0.09725137799978256,0.9729999899864197,0.9031999707221985
YFR025C,YHR076W,0,-3.3490026,0.09724165499210358,0.9729999899864197,0.9032999873161316
YBR026C,YPR009W,0,-3.3497102,0.09723193943500519,0.9729999899864197,0.9034000039100647
YOR038C,YKR057W,0,-3.3499248,0.0972222238779068,0.9729999899864197,0.9035000205039978
YGL174W,YMR266W,0,-3.3500836,0.09721250832080841,0.9729999899864197,0.9035999774932861
YLL043W,YNL278W,0,-3.350847,0.09720280021429062,0.9729999899864197,0.9036999940872192
YHL032C,YBR115C,0,-3.3509176,0.09719308465719223,0.9729999899864197,0.9038000106811523
YHL028W,YIR038C,1,-3.3517635,0.0972832590341568,0.9739999771118164,0.9038000106811523
YDR536W,YPR169W,0,-3.351815,0.09727354347705841,0.9739999771118164,0.9039000272750854
YMR165C,YMR193W,0,-3.3522646,0.09726382791996002,0.9739999771118164,0.9039999842643738
YMR322C,YIL088C,0,-3.3525112,0.09725411981344223,0.9739999771118164,0.9041000008583069
YOL090W,YDR377W,0,-3.352633,0.09724441170692444,0.9739999771118164,0.90420001745224
YHR171W,YKL067W,0,-3.3528438,0.09723470360040665,0.9739999771118164,0.9042999744415283
YGR014W,YKR095W,0,-3.3531144,0.09722499549388885,0.9739999771118164,0.9043999910354614
YFL034C-A,YKL057C,0,-3.3535411,0.09721528738737106,0.9739999771118164,0.9045000076293945
YDR471W,YGR037C,0,-3.3537126,0.09720558673143387,0.9739999771118164,0.9046000242233276
YBR183W,YMR065W,1,-3.354541,0.09729567915201187,0.9750000238418579,0.9046000242233276
YOL008W,YBR250W,0,-3.3548515,0.09728597104549408,0.9750000238418579,0.904699981212616
YBL009W,YGL259W,0,-3.3554237,0.09727626293897629,0.9750000238418579,0.9047999978065491
YGR161C,YHL036W,0,-3.35552,0.09726656228303909,0.9750000238418579,0.9049000144004822
YER022W,YBL018C,0,-3.355755,0.0972568541765213,0.9750000238418579,0.9049999713897705
YOR038C,YNR055C,0,-3.3557646,0.0972471609711647,0.9750000238418579,0.9050999879837036
YGL093W,YJR082C,0,-3.3557909,0.09723746031522751,0.9750000238418579,0.9052000045776367
YBR079C,YDR175C,0,-3.3564112,0.09722775965929031,0.9750000238418579,0.9053000211715698
YLR037C,YLR410W,0,-3.3582463,0.09721806645393372,0.9750000238418579,0.9053999781608582
YBR164C,YOR252W,0,-3.3582976,0.09720837324857712,0.9750000238418579,0.9054999947547913
YGL225W,YJR158W,0,-3.358621,0.09719868749380112,0.9750000238418579,0.9056000113487244
YPR164W,YHR196W,0,-3.3587267,0.09718899428844452,0.9750000238418579,0.9057000279426575
YNL317W,YDR471W,0,-3.3598654,0.09717930853366852,0.9750000238418579,0.9057999849319458
YCR081W,YMR088C,0,-3.3602836,0.09716962277889252,0.9750000238418579,0.9059000015258789
YLR107W,YBR217W,0,-3.3603733,0.09715993702411652,0.9750000238418579,0.906000018119812
YBR299W,YJL177W,0,-3.3610084,0.09715025871992111,0.9750000238418579,0.9060999751091003
YOL151W,YMR145C,0,-3.3610613,0.09714058041572571,0.9750000238418579,0.9061999917030334
YER143W,YER159C,0,-3.3612168,0.0971309021115303,0.9750000238418579,0.9063000082969666
YIR025W,YLR221C,0,-3.361739,0.0971212238073349,0.9750000238418579,0.9064000248908997
YDL045C,YDR244W,0,-3.3619215,0.09711155295372009,0.9750000238418579,0.906499981880188
YNL066W,YER119C,0,-3.3619273,0.09710188210010529,0.9750000238418579,0.9065999984741211
YPL012W,YLL026W,0,-3.362228,0.09709221124649048,0.9750000238418579,0.9067000150680542
YML074C,YIL037C,0,-3.362663,0.09708254784345627,0.9750000238418579,0.9067999720573425
YGR032W,YLR144C,0,-3.3627183,0.09707287698984146,0.9750000238418579,0.9068999886512756
YJR064W,YKL150W,0,-3.3627605,0.09706321358680725,0.9750000238418579,0.9070000052452087
YPL049C,YHR143W,0,-3.3627813,0.09705355018377304,0.9750000238418579,0.9071000218391418
YLL015W,YLL008W,0,-3.362858,0.09704389423131943,0.9750000238418579,0.9071999788284302
YDR122W,YKL150W,0,-3.3644316,0.09703423827886581,0.9750000238418579,0.9072999954223633
YNL098C,YGR083C,0,-3.3646994,0.0970245823264122,0.9750000238418579,0.9074000120162964
YGR077C,YOR090C,0,-3.3648343,0.09701492637395859,0.9750000238418579,0.9075000286102295
YIL073C,YOR269W,0,-3.3648574,0.09700527042150497,0.9750000238418579,0.9075999855995178
YHL015W,YML094W,0,-3.3648777,0.09699562191963196,0.9750000238418579,0.9077000021934509
YBR158W,YCR082W,0,-3.3649664,0.09698597341775894,0.9750000238418579,0.907800018787384
YER009W,YNR007C,0,-3.3651192,0.09697632491588593,0.9750000238418579,0.9078999757766724
YFL004W,YML091C,0,-3.365411,0.0969666838645935,0.9750000238418579,0.9079999923706055
YGL243W,YJL090C,0,-3.365534,0.09695704281330109,0.9750000238418579,0.9081000089645386
YNL328C,YDL090C,0,-3.366397,0.09694740176200867,0.9750000238418579,0.9082000255584717
YBR043C,YKR101W,0,-3.3666062,0.09693776071071625,0.9750000238418579,0.90829998254776
YJL112W,YDR184C,0,-3.3669207,0.09692812711000443,0.9750000238418579,0.9083999991416931
YML004C,YFL002C,0,-3.3671591,0.096918486058712,0.9750000238418579,0.9085000157356262
YCL008C,YDR167W,0,-3.3674686,0.09690885245800018,0.9750000238418579,0.9085999727249146
YOL119C,YCR042C,0,-3.36751,0.09689922630786896,0.9750000238418579,0.9086999893188477
YGL006W,YGL234W,0,-3.3680146,0.09688959270715714,0.9750000238418579,0.9088000059127808
YGR096W,YKL122C,0,-3.36819,0.09687996655702591,0.9750000238418579,0.9089000225067139
YMR097C,YNR038W,0,-3.3687656,0.09687034040689468,0.9750000238418579,0.9089999794960022
YKL067W,YPL036W,0,-3.3688328,0.09686072170734406,0.9750000238418579,0.9090999960899353
YKL001C,YJL042W,0,-3.368857,0.09685109555721283,0.9750000238418579,0.9092000126838684
YGL009C,YHR015W,0,-3.3690841,0.0968414768576622,0.9750000238418579,0.9093000292778015
YIL155C,YCR036W,0,-3.369087,0.09683185815811157,0.9750000238418579,0.9093999862670898
YJL165C,YKL096W,0,-3.3691046,0.09682224690914154,0.9750000238418579,0.909500002861023
YER144C,YNL292W,0,-3.36922,0.09681262820959091,0.9750000238418579,0.909600019454956
YHL047C,YOR099W,0,-3.3711073,0.09680301696062088,0.9750000238418579,0.9096999764442444
YPL211W,YKR006C,0,-3.371239,0.09679340571165085,0.9750000238418579,0.9097999930381775
YGR083C,YOL123W,0,-3.3712733,0.09678380191326141,0.9750000238418579,0.9099000096321106
YGL038C,YCR038C,0,-3.3712947,0.09677419066429138,0.9750000238418579,0.9100000262260437
YDR362C,YHR139C,0,-3.3713214,0.09676458686590195,0.9750000238418579,0.910099983215332
YAR002W,YAL061W,0,-3.371672,0.09675498306751251,0.9750000238418579,0.9101999998092651
YPR002W,YGR081C,0,-3.371979,0.09674538671970367,0.9750000238418579,0.9103000164031982
YOR181W,YDR126W,0,-3.372524,0.09673579037189484,0.9750000238418579,0.9103999733924866
YDL204W,YLR350W,1,-3.3730612,0.09682539850473404,0.9760000109672546,0.9103999733924866
YLR377C,YPL128C,0,-3.3739855,0.0968157947063446,0.9760000109672546,0.9104999899864197
YFR033C,YOR101W,0,-3.3742607,0.09680619090795517,0.9760000109672546,0.9106000065803528
YNL148C,YFR002W,0,-3.3748522,0.09679658710956573,0.9760000109672546,0.9107000231742859
YKL004W,YBR035C,0,-3.3769715,0.0967869907617569,0.9760000109672546,0.9107999801635742
YML120C,YOL111C,0,-3.3786533,0.09677739441394806,0.9760000109672546,0.9108999967575073
YPR016C,YJL198W,0,-3.3792899,0.09676779806613922,0.9760000109672546,0.9110000133514404
YDR529C,YKL120W,0,-3.379913,0.09675820171833038,0.9760000109672546,0.9110999703407288
YLR151C,YLR226W,0,-3.3799393,0.09674861282110214,0.9760000109672546,0.9111999869346619
YLR432W,YAL015C,0,-3.3802614,0.0967390239238739,0.9760000109672546,0.911300003528595
YPR016C,YDL067C,0,-3.380732,0.09672943502664566,0.9760000109672546,0.9114000201225281
YCR063W,YPL203W,0,-3.3809297,0.09671984612941742,0.9760000109672546,0.9114999771118164
YIL056W,YLR189C,0,-3.3809707,0.09671026468276978,0.9760000109672546,0.9115999937057495
YNL221C,YKL035W,0,-3.3816888,0.09670068323612213,0.9760000109672546,0.9117000102996826
YKR058W,YOR132W,0,-3.3819268,0.09669110178947449,0.9760000109672546,0.9118000268936157
YPL147W,YGR248W,0,-3.3819335,0.09668152779340744,0.9760000109672546,0.911899983882904
YNL117W,YNL084C,0,-3.3821518,0.0966719463467598,0.9760000109672546,0.9120000004768372
YPL086C,YBL037W,0,-3.3821986,0.09666237235069275,0.9760000109672546,0.9121000170707703
YKL093W,YDR190C,0,-3.3822095,0.0966528058052063,0.9760000109672546,0.9121999740600586
YKL010C,YHR086W,0,-3.3824005,0.09664323180913925,0.9760000109672546,0.9122999906539917
YDL076C,YPL024W,0,-3.3832924,0.0966336652636528,0.9760000109672546,0.9124000072479248
YLR435W,YOR143C,0,-3.3837562,0.09662409871816635,0.9760000109672546,0.9125000238418579
YGR085C,YHL004W,0,-3.384293,0.0966145321726799,0.9760000109672546,0.9125999808311462
YCR083W,YLL002W,0,-3.384815,0.09660496562719345,0.9760000109672546,0.9126999974250793
YDL077C,YOL152W,0,-3.3848827,0.0965954065322876,0.9760000109672546,0.9128000140190125
YMR096W,YLR239C,0,-3.3858263,0.09658584743738174,0.9760000109672546,0.9128999710083008
YBL058W,YDL209C,0,-3.385997,0.09657628834247589,0.9760000109672546,0.9129999876022339
YCR107W,YLR307W,0,-3.3864303,0.09656673669815063,0.9760000109672546,0.913100004196167
YOR136W,YPR041W,0,-3.386608,0.09655718505382538,0.9760000109672546,0.9132000207901001
YDR145W,YFR049W,0,-3.3866277,0.09654763340950012,0.9760000109672546,0.9132999777793884
YHR183W,YLL026W,0,-3.3867898,0.09653808176517487,0.9760000109672546,0.9133999943733215
YIL137C,YCL067C,0,-3.3873334,0.09652853012084961,0.9760000109672546,0.9135000109672546
YDR171W,YJR006W,0,-3.3877175,0.09651898592710495,0.9760000109672546,0.9136000275611877
YLR361C,YJL099W,0,-3.3878405,0.09650944173336029,0.9760000109672546,0.9136999845504761
YKL220C,YLR403W,0,-3.3878472,0.09649989753961563,0.9760000109672546,0.9138000011444092
YMR077C,YOR304W,0,-3.3883042,0.09649036079645157,0.9760000109672546,0.9139000177383423
YLR019W,YMR184W,0,-3.3883698,0.0964808240532875,0.9760000109672546,0.9139999747276306
YHR169W,YPL154C,0,-3.38884,0.09647128731012344,0.9760000109672546,0.9140999913215637
YPR179C,YCR021C,0,-3.3894372,0.09646175056695938,0.9760000109672546,0.9142000079154968
YGR244C,YGR286C,0,-3.389642,0.09645222127437592,0.9760000109672546,0.9143000245094299
YER024W,YKL144C,0,-3.3900976,0.09644268453121185,0.9760000109672546,0.9143999814987183
YLR262C,YBL022C,0,-3.3908699,0.09643315523862839,0.9760000109672546,0.9144999980926514
YGR229C,YER145C,0,-3.3917134,0.09642363339662552,0.9760000109672546,0.9146000146865845
YDR330W,YMR049C,0,-3.392254,0.09641410410404205,0.9760000109672546,0.9146999716758728
YGR241C,YDR478W,0,-3.3931825,0.09640458226203918,0.9760000109672546,0.9147999882698059
YHR089C,YNL062C,0,-3.3935304,0.09639506042003632,0.9760000109672546,0.914900004863739
YLR029C,YER009W,0,-3.3936203,0.09638553857803345,0.9760000109672546,0.9150000214576721
YLL004W,YKL086W,0,-3.3942773,0.09637602418661118,0.9760000109672546,0.9150999784469604
YGR080W,YHR209W,0,-3.3950238,0.0963665097951889,0.9760000109672546,0.9151999950408936
YKL168C,YJR156C,0,-3.395951,0.09635699540376663,0.9760000109672546,0.9153000116348267
YBR274W,YKL026C,0,-3.3971882,0.09634748101234436,0.9760000109672546,0.9154000282287598
YML099C,YDL046W,0,-3.3975296,0.09633797407150269,0.9760000109672546,0.9154999852180481
YMR161W,YKL065C,1,-3.397673,0.09642716497182846,0.9769999980926514,0.9154999852180481
YGR229C,YJL219W,0,-3.3978229,0.09641764312982559,0.9769999980926514,0.9156000018119812
YOR243C,YGL096W,0,-3.398117,0.09640812873840332,0.9769999980926514,0.9157000184059143
YPL147W,YKL110C,0,-3.3981578,0.09639862179756165,0.9769999980926514,0.9157999753952026
YPR145W,YNR060W,0,-3.3982127,0.09638910740613937,0.9769999980926514,0.9158999919891357
YFR041C,YOR044W,1,-3.3986766,0.09647824615240097,0.9779999852180481,0.9158999919891357
YMR004W,YLR097C,0,-3.3995764,0.0964687317609787,0.9779999852180481,0.9160000085830688
YPR124W,YKR026C,0,-3.3997407,0.09645921736955643,0.9779999852180481,0.916100025177002
YDR353W,YPL021W,0,-3.402663,0.09644970297813416,0.9779999852180481,0.9161999821662903
YOR078W,YOL117W,0,-3.403613,0.09644019603729248,0.9779999852180481,0.9162999987602234
YPL045W,YGR264C,0,-3.4036973,0.09643068164587021,0.9779999852180481,0.9164000153541565
YPL122C,YNL177C,0,-3.4038002,0.09642117470502853,0.9779999852180481,0.9164999723434448
YPL249C,YLR406C,0,-3.4053905,0.09641167521476746,0.9779999852180481,0.9165999889373779
YMR097C,YPR188C,0,-3.405863,0.09640216827392578,0.9779999852180481,0.916700005531311
YPL122C,YOR250C,0,-3.4064581,0.0963926687836647,0.9779999852180481,0.9168000221252441
YHR021C,YHL024W,0,-3.4068947,0.09638316929340363,0.9779999852180481,0.9168999791145325
YNL274C,YMR270C,0,-3.407613,0.09637366980314255,0.9779999852180481,0.9169999957084656
YER159C,YOR231W,0,-3.4080353,0.09636417031288147,0.9779999852180481,0.9171000123023987
YGL179C,YLR258W,0,-3.4092433,0.09635467827320099,0.9779999852180481,0.9172000288963318
YGR062C,YLR449W,0,-3.4097955,0.09634518623352051,0.9779999852180481,0.9172999858856201
YBR121C,YGR029W,0,-3.4099653,0.09633569419384003,0.9779999852180481,0.9174000024795532
YLR377C,YLR192C,0,-3.4102156,0.09632620960474014,0.9779999852180481,0.9175000190734863
YFL008W,YDL101C,0,-3.410291,0.09631672501564026,0.9779999852180481,0.9175999760627747
YFL022C,YPL017C,0,-3.4115822,0.09630724042654037,0.9779999852180481,0.9176999926567078
YCL039W,YKL101W,0,-3.4121974,0.09629775583744049,0.9779999852180481,0.9178000092506409
YLR277C,YLR403W,0,-3.4131138,0.0962882712483406,0.9779999852180481,0.917900025844574
YPL237W,YHR186C,0,-3.4134896,0.09627879410982132,0.9779999852180481,0.9179999828338623
YDL081C,YHR158C,0,-3.4139338,0.09626931697130203,0.9779999852180481,0.9180999994277954
YOR224C,YML123C,0,-3.4144466,0.09625983983278275,0.9779999852180481,0.9182000160217285
YDL042C,YDR258C,0,-3.4148142,0.09625037014484406,0.9779999852180481,0.9182999730110168
YDL181W,YGL076C,0,-3.4149072,0.09624090045690536,0.9779999852180481,0.91839998960495
YMR271C,YBR251W,0,-3.4156296,0.09623143076896667,0.9779999852180481,0.9185000061988831
YKL051W,YGR070W,0,-3.4160254,0.09622196108102798,0.9779999852180481,0.9186000227928162
YIL016W,YBR283C,1,-3.4167511,0.09631086885929108,0.9789999723434448,0.9186000227928162
YNL273W,YHR081W,0,-3.4170544,0.09630139917135239,0.9789999723434448,0.9186999797821045
YDR408C,YLR307W,0,-3.4171717,0.0962919220328331,0.9789999723434448,0.9187999963760376
YDR513W,YCR052W,0,-3.4172344,0.09628245234489441,0.9789999723434448,0.9189000129699707
YGL125W,YDL024C,0,-3.4188542,0.09627299010753632,0.9789999723434448,0.9190000295639038
YJR068W,YLR221C,0,-3.4198635,0.09626352041959763,0.9789999723434448,0.9190999865531921
YKR053C,YHR142W,1,-3.4202816,0.09635237604379654,0.9800000190734863,0.9190999865531921
YOL066C,YDR074W,0,-3.4202917,0.09634289890527725,0.9800000190734863,0.9192000031471252
YMR238W,YGR138C,0,-3.4202993,0.09633342921733856,0.9800000190734863,0.9193000197410583
YGR010W,YNL207W,0,-3.421099,0.09632395952939987,0.9800000190734863,0.9193999767303467
YDR001C,YPR162C,0,-3.42215,0.09631449729204178,0.9800000190734863,0.9194999933242798
YKL065C,YMR022W,1,-3.4221513,0.09640330076217651,0.9810000061988831,0.9194999933242798
YDR358W,YGL021W,0,-3.4224732,0.09639383107423782,0.9810000061988831,0.9196000099182129
YNR054C,YMR058W,0,-3.4233217,0.09638436138629913,0.9810000061988831,0.919700026512146
YOR209C,YDR421W,0,-3.4234502,0.09637489169836044,0.9810000061988831,0.9197999835014343
YNL009W,YGL030W,0,-3.4234526,0.09636542201042175,0.9810000061988831,0.9199000000953674
YER036C,YNL062C,0,-3.423938,0.09635595977306366,0.9810000061988831,0.9200000166893005
YMR270C,YCR106W,0,-3.4240425,0.09634649753570557,0.9810000061988831,0.9200999736785889
YPR154W,YML021C,0,-3.4250672,0.09633703529834747,0.9810000061988831,0.920199990272522
YBL074C,YMR136W,0,-3.4251263,0.09632757306098938,0.9810000061988831,0.9203000068664551
YDR229W,YCR052W,0,-3.425275,0.09631811827421188,0.9810000061988831,0.9204000234603882
YPL149W,YLR033W,0,-3.425306,0.09630865603685379,0.9810000061988831,0.9204999804496765
YGL131C,YNR015W,0,-3.4254422,0.0962992012500763,0.9810000061988831,0.9205999970436096
YIL097W,YLR215C,0,-3.426223,0.0962897539138794,0.9810000061988831,0.9207000136375427
YKR063C,YJL110C,0,-3.4262495,0.0962802991271019,0.9810000061988831,0.920799970626831
YBR065C,YNL094W,0,-3.4265807,0.096270851790905,0.9810000061988831,0.9208999872207642
YAL061W,YHR010W,0,-3.426586,0.0962614044547081,0.9810000061988831,0.9210000038146973
YGR128C,YDL083C,0,-3.4270773,0.0962519645690918,0.9810000061988831,0.9211000204086304
YCR047C,YJL051W,0,-3.4279506,0.0962425172328949,0.9810000061988831,0.9211999773979187
YJL165C,YAL043C,0,-3.4280381,0.0962330773472786,0.9810000061988831,0.9212999939918518
YGR174C,YGR280C,0,-3.4284422,0.09622363746166229,0.9810000061988831,0.9214000105857849
YDR258C,YOR288C,0,-3.428723,0.09621420502662659,0.9810000061988831,0.921500027179718
YKL112W,YJL110C,0,-3.4290009,0.09620476514101028,0.9810000061988831,0.9215999841690063
YMR205C,YER106W,0,-3.4293892,0.09619533270597458,0.9810000061988831,0.9217000007629395
YDL181W,YOR033C,0,-3.431494,0.09618590027093887,0.9810000061988831,0.9218000173568726
YCR060W,YDR443C,0,-3.431528,0.09617646783590317,0.9810000061988831,0.9218999743461609
YKL093W,YHR146W,0,-3.4315622,0.09616704285144806,0.9810000061988831,0.921999990940094
YDR171W,YKL211C,0,-3.4315853,0.09615761786699295,0.9810000061988831,0.9221000075340271
YGR008C,YKL099C,0,-3.432976,0.09614819288253784,0.9810000061988831,0.9222000241279602
YML120C,YPR155C,0,-3.434587,0.09613876789808273,0.9810000061988831,0.9222999811172485
YOL033W,YER113C,0,-3.4346154,0.09612935036420822,0.9810000061988831,0.9223999977111816
YLR176C,YDR536W,0,-3.4346545,0.09611993283033371,0.9810000061988831,0.9225000143051147
YDR122W,YOR267C,0,-3.4347556,0.0961105152964592,0.9810000061988831,0.9225999712944031
YKL134C,YLR275W,0,-3.4347558,0.09610109776258469,0.9810000061988831,0.9226999878883362
YDL082W,YIL008W,0,-3.4349592,0.09609168022871017,0.9810000061988831,0.9228000044822693
YOR278W,YPL118W,0,-3.435402,0.09608227014541626,0.9810000061988831,0.9229000210762024
YFR015C,YLR313C,0,-3.4355857,0.09607286006212234,0.9810000061988831,0.9229999780654907
YDR486C,YJL053W,0,-3.4358323,0.09606345742940903,0.9810000061988831,0.9230999946594238
YIL042C,YDL222C,0,-3.4359226,0.09605404734611511,0.9810000061988831,0.9232000112533569
YJR077C,YNR050C,0,-3.4359457,0.0960446447134018,0.9810000061988831,0.92330002784729
YGL093W,YBR187W,0,-3.4361324,0.09603524208068848,0.9810000061988831,0.9233999848365784
YPL075W,YMR104C,0,-3.4362524,0.09602583944797516,0.9810000061988831,0.9235000014305115
YDR078C,YLR421C,0,-3.436603,0.09601644426584244,0.9810000061988831,0.9236000180244446
YKL112W,YNL239W,0,-3.4367309,0.09600704908370972,0.9810000061988831,0.9236999750137329
YHL013C,YPL248C,0,-3.4367557,0.095997653901577,0.9810000061988831,0.923799991607666
YFR048W,YLR298C,0,-3.43716,0.09598825871944427,0.9810000061988831,0.9239000082015991
YPR191W,YPL198W,0,-3.4377358,0.09597886353731155,0.9810000061988831,0.9240000247955322
YJL145W,YKR060W,0,-3.4377925,0.09596947580575943,0.9810000061988831,0.9240999817848206
YMR179W,YDR423C,0,-3.4379287,0.0959600880742073,0.9810000061988831,0.9241999983787537
YJL148W,YIL061C,0,-3.438312,0.09595070779323578,0.9810000061988831,0.9243000149726868
YGL238W,YCR082W,0,-3.4385643,0.09594132006168365,0.9810000061988831,0.9243999719619751
YKL141W,YML093W,0,-3.4391088,0.09593193978071213,0.9810000061988831,0.9244999885559082
YML081C-A,YDR044W,0,-3.439485,0.0959225594997406,0.9810000061988831,0.9246000051498413
YLR033W,YNL173C,0,-3.4404879,0.09591317921876907,0.9810000061988831,0.9247000217437744
YBR258C,YDR486C,0,-3.4406066,0.09590380638837814,0.9810000061988831,0.9247999787330627
YPL144W,YGR256W,0,-3.4407995,0.09589442610740662,0.9810000061988831,0.9248999953269958
YMR288W,YBR156C,0,-3.441254,0.09588505327701569,0.9810000061988831,0.925000011920929
YBR121C,YLR214W,0,-3.441354,0.09587568044662476,0.9810000061988831,0.9251000285148621
YCR063W,YLR192C,0,-3.4417684,0.09586631506681442,0.9810000061988831,0.9251999855041504
YJR064W,YLR120C,0,-3.4422352,0.09585694968700409,0.9810000061988831,0.9253000020980835
YHR171W,YDL045C,0,-3.443771,0.09584758430719376,0.9810000061988831,0.9254000186920166
YML063W,YDR028C,0,-3.4446385,0.09583821892738342,0.9810000061988831,0.9254999756813049
YOR260W,YMR072W,0,-3.4446683,0.09582885354757309,0.9810000061988831,0.925599992275238
YPR105C,YDR479C,0,-3.4477656,0.09581949561834335,0.9810000061988831,0.9257000088691711
YLR011W,YBR256C,0,-3.4480383,0.09581013768911362,0.9810000061988831,0.9258000254631042
YMR271C,YCR037C,0,-3.4481459,0.09580077975988388,0.9810000061988831,0.9258999824523926
YFR051C,YIL150C,0,-3.4506595,0.09579142928123474,0.9810000061988831,0.9259999990463257
YDR358W,YNL066W,0,-3.4516613,0.095782071352005,0.9810000061988831,0.9261000156402588
YJR125C,YOL100W,0,-3.4517143,0.09577272087335587,0.9810000061988831,0.9261999726295471
YGL123W,YOL145C,0,-3.4523294,0.09576337039470673,0.9810000061988831,0.9262999892234802
YIL046W,YGL251C,0,-3.452459,0.09575402736663818,0.9810000061988831,0.9264000058174133
YMR079W,YBR282W,0,-3.4527698,0.09574468433856964,0.9810000061988831,0.9265000224113464
YKL096W,YGL073W,0,-3.4534967,0.0957353338599205,0.9810000061988831,0.9265999794006348
YLR348C,YAL044C,0,-3.4535644,0.09572599828243256,0.9810000061988831,0.9266999959945679
YBR086C,YKL051W,0,-3.4537504,0.09571665525436401,0.9810000061988831,0.926800012588501
YDL153C,YNL233W,0,-3.4538646,0.09570731967687607,0.9810000061988831,0.9269000291824341
YCL055W,YLR324W,0,-3.4538693,0.09569798409938812,0.9810000061988831,0.9269999861717224
YPR193C,YNL009W,0,-3.4542186,0.09568864852190018,0.9810000061988831,0.9271000027656555
YLR397C,YPL271W,0,-3.454285,0.09567931294441223,0.9810000061988831,0.9272000193595886
YDR378C,YOR386W,0,-3.454697,0.09566998481750488,0.9810000061988831,0.927299976348877
YDR036C,YER002W,0,-3.4548435,0.09566065669059753,0.9810000061988831,0.9273999929428101
YOR043W,YAL008W,0,-3.4556005,0.09565132856369019,0.9810000061988831,0.9275000095367432
YOR003W,YMR131C,0,-3.4557006,0.09564200043678284,0.9810000061988831,0.9276000261306763
YGL014W,YER103W,0,-3.4559963,0.09563267976045609,0.9810000061988831,0.9276999831199646
YMR175W,YHR031C,0,-3.4560516,0.09562335163354874,0.9810000061988831,0.9277999997138977
YLR068W,YML070W,0,-3.4561388,0.09561403840780258,0.9810000061988831,0.9279000163078308
YOL043C,YDR214W,0,-3.4563987,0.09560471773147583,0.9810000061988831,0.9279999732971191
YOL034W,YER028C,0,-3.4565008,0.09559539705514908,0.9810000061988831,0.9280999898910522
YLR223C,YGR003W,0,-3.4569812,0.09558608382940292,0.9810000061988831,0.9282000064849854
YKL096W,YER148W,0,-3.4575355,0.09557677060365677,0.9810000061988831,0.9283000230789185
YMR030W,YGL018C,0,-3.457721,0.09556746482849121,0.9810000061988831,0.9283999800682068
YNL097C,YLR276C,0,-3.4577627,0.09555815160274506,0.9810000061988831,0.9284999966621399
YKR069W,YKR090W,0,-3.4581945,0.0955488458275795,0.9810000061988831,0.928600013256073
YNL284C,YBR189W,0,-3.4585268,0.09553954005241394,0.9810000061988831,0.9286999702453613
YGR209C,YOR057W,0,-3.4587042,0.09553023427724838,0.9810000061988831,0.9287999868392944
YER058W,YOL071W,0,-3.4596646,0.09552093595266342,0.9810000061988831,0.9289000034332275
YDR059C,YNL030W,0,-3.4596817,0.09551163762807846,0.9810000061988831,0.9290000200271606
YDR055W,YPR190C,0,-3.4599035,0.0955023393034935,0.9810000061988831,0.929099977016449
YGL227W,YMR104C,0,-3.4606662,0.09549304097890854,0.9810000061988831,0.9291999936103821
YKL213C,YPL159C,0,-3.4608233,0.09548374265432358,0.9810000061988831,0.9293000102043152
YOR156C,YBR001C,0,-3.4610043,0.09547445178031921,0.9810000061988831,0.9294000267982483
YDR499W,YER002W,0,-3.4617753,0.09546516090631485,0.9810000061988831,0.9294999837875366
YNL167C,YOR211C,0,-3.4619246,0.09545587003231049,0.9810000061988831,0.9296000003814697
YER062C,YIL017C,0,-3.462054,0.09544658660888672,0.9810000061988831,0.9297000169754028
YBL023C,YER094C,0,-3.4626281,0.09543729573488235,0.9810000061988831,0.9297999739646912
YPL048W,YJL031C,0,-3.4627066,0.09542801231145859,0.9810000061988831,0.9298999905586243
YMR095C,YDR404C,0,-3.4630191,0.09541873633861542,0.9810000061988831,0.9300000071525574
YNL334C,YDR190C,0,-3.4633539,0.09540945291519165,0.9810000061988831,0.9301000237464905
YHR183W,YGR055W,0,-3.463528,0.09540017694234848,0.9810000061988831,0.9301999807357788
YNL042W,YNR045W,0,-3.4635875,0.09539090096950531,0.9810000061988831,0.9302999973297119
YDR145W,YNL160W,0,-3.463606,0.09538162499666214,0.9810000061988831,0.930400013923645
YBR006W,YDL166C,0,-3.4636893,0.09537234902381897,0.9810000061988831,0.9304999709129333
YPR002W,YBR166C,0,-3.46413,0.0953630805015564,0.9810000061988831,0.9305999875068665
YLR092W,YDL087C,0,-3.4652247,0.09535381197929382,0.9810000061988831,0.9307000041007996
YDR341C,YKR026C,0,-3.465676,0.09534454345703125,0.9810000061988831,0.9308000206947327
YNR006W,YER151C,0,-3.4659154,0.09533527493476868,0.9810000061988831,0.930899977684021
YEL039C,YIL153W,0,-3.4660738,0.0953260138630867,0.9810000061988831,0.9309999942779541
YCL035C,YJL111W,0,-3.4662166,0.09531675279140472,0.9810000061988831,0.9311000108718872
YDL223C,YIL010W,0,-3.4674523,0.09530749171972275,0.9810000061988831,0.9312000274658203
YMR055C,YDR097C,0,-3.4675033,0.09529823064804077,0.9810000061988831,0.9312999844551086
YPL002C,YIR009W,0,-3.4677255,0.09528897702693939,0.9810000061988831,0.9314000010490417
YLR270W,YLR068W,0,-3.467965,0.09527972340583801,0.9810000061988831,0.9315000176429749
YBR061C,YLR074C,0,-3.4692113,0.09527046978473663,0.9810000061988831,0.9315999746322632
YFL001W,YMR271C,0,-3.4705346,0.09526121616363525,0.9810000061988831,0.9316999912261963
YER053C,YJR075W,0,-3.471459,0.09525196254253387,0.9810000061988831,0.9318000078201294
YLR449W,YGR078C,0,-3.4729404,0.09524271637201309,0.9810000061988831,0.9319000244140625
YMR297W,YDR292C,1,-3.4737833,0.09533055126667023,0.9819999933242798,0.9319000244140625
YGL174W,YCL067C,0,-3.4750707,0.09532129764556885,0.9819999933242798,0.9319999814033508
YNL264C,YPR006C,0,-3.4756274,0.09531204402446747,0.9819999933242798,0.9320999979972839
YGR009C,YDR082W,0,-3.47589,0.09530279785394669,0.9819999933242798,0.932200014591217
YHR089C,YER179W,0,-3.4760602,0.0952935442328453,0.9819999933242798,0.9322999715805054
YNL197C,YDR463W,0,-3.4803367,0.09528429806232452,0.9819999933242798,0.9323999881744385
YOR339C,YKR099W,0,-3.4805136,0.09527505934238434,0.9819999933242798,0.9325000047683716
YKR094C,YDR214W,0,-3.4808486,0.09526581317186356,0.9819999933242798,0.9326000213623047
YDR036C,YAL061W,0,-3.4823654,0.09525657445192337,0.9819999933242798,0.932699978351593
YGL211W,YEL034W,0,-3.4825828,0.09524733573198318,0.9819999933242798,0.9327999949455261
YDR468C,YPR009W,0,-3.482594,0.095238097012043,0.9819999933242798,0.9329000115394592
YDL150W,YPL017C,0,-3.483937,0.09522885829210281,0.9819999933242798,0.9330000281333923
YER142C,YJL133W,0,-3.4844182,0.09521962702274323,0.9819999933242798,0.9330999851226807
YDL059C,YGR087C,0,-3.4844673,0.09521039575338364,0.9819999933242798,0.9332000017166138
YCR081W,YJL110C,0,-3.4850519,0.09520116448402405,0.9819999933242798,0.9333000183105469
YDR384C,YGL156W,0,-3.485054,0.09519193321466446,0.9819999933242798,0.9333999752998352
YOL120C,YMR041C,0,-3.4856083,0.09518270939588547,0.9819999933242798,0.9334999918937683
YCL039W,YLR276C,0,-3.4861884,0.09517348557710648,0.9819999933242798,0.9336000084877014
YMR014W,YGL038C,0,-3.486409,0.09516426175832748,0.9819999933242798,0.9337000250816345
YLR249W,YOL084W,0,-3.4869142,0.09515503793954849,0.9819999933242798,0.9337999820709229
YNL115C,YMR160W,0,-3.487103,0.0951458215713501,0.9819999933242798,0.933899998664856
YGR014W,YHR111W,0,-3.487572,0.0951365977525711,0.9819999933242798,0.9340000152587891
YNL310C,YFL024C,0,-3.4884477,0.09512738883495331,0.9819999933242798,0.9340999722480774
YDR001C,YDR225W,0,-3.4886005,0.09511817246675491,0.9819999933242798,0.9341999888420105
YPR002W,YHR010W,0,-3.4886777,0.09510895609855652,0.9819999933242798,0.9343000054359436
YER062C,YOR179C,0,-3.4889462,0.09509974718093872,0.9819999933242798,0.9344000220298767
YKL004W,YDL197C,0,-3.4890127,0.09509053826332092,0.9819999933242798,0.934499979019165
YHL040C,YOR168W,0,-3.4891312,0.09508132934570312,0.9819999933242798,0.9345999956130981
YGL087C,YDR312W,0,-3.4894683,0.09507212787866592,0.9819999933242798,0.9347000122070312
YML128C,YDL019C,1,-3.4897249,0.09515973180532455,0.9829999804496765,0.9347000122070312
YLR203C,YKL110C,0,-3.4900749,0.09515051543712616,0.9829999804496765,0.9348000288009644
YLR200W,YEL024W,0,-3.4902751,0.09514130651950836,0.9829999804496765,0.9348999857902527
YOL001W,YGR057C,0,-3.4903057,0.09513209760189056,0.9829999804496765,0.9350000023841858
YER073W,YDL213C,0,-3.491152,0.09512289613485336,0.9829999804496765,0.9351000189781189
YOR178C,YDR177W,0,-3.4917796,0.09511369466781616,0.9829999804496765,0.9351999759674072
YDR245W,YCL039W,0,-3.4918172,0.09510448575019836,0.9829999804496765,0.9352999925613403
YDR216W,YNL188W,0,-3.4919293,0.09509529173374176,0.9829999804496765,0.9354000091552734
YGL093W,YAL010C,0,-3.4933622,0.09508609026670456,0.9829999804496765,0.9355000257492065
YHR169W,YHR025W,0,-3.4933994,0.09507689625024796,0.9829999804496765,0.9355999827384949
YER176W,YLR362W,0,-3.493621,0.09506769478321075,0.9829999804496765,0.935699999332428
YDR150W,YOR143C,0,-3.494745,0.09505850821733475,0.9829999804496765,0.9358000159263611
YEL039C,YNL271C,0,-3.494768,0.09504931420087814,0.9829999804496765,0.9358999729156494
YBR114W,YKR087C,0,-3.4957151,0.09504012018442154,0.9829999804496765,0.9359999895095825
YDL153C,YIL132C,0,-3.4958792,0.09503093361854553,0.9829999804496765,0.9361000061035156
YPR046W,YOR046C,0,-3.4959166,0.09502174705266953,0.9829999804496765,0.9362000226974487
YKR013W,YBR101C,0,-3.4961028,0.09501256793737411,0.9829999804496765,0.9362999796867371
YNR034W,YOR329C,0,-3.4962127,0.09500338137149811,0.9829999804496765,0.9363999962806702
YBR087W,YCR083W,0,-3.4963348,0.0949942022562027,0.9829999804496765,0.9365000128746033
YDR412W,YGL112C,0,-3.4963865,0.09498502314090729,0.9829999804496765,0.9366000294685364
YLR219W,YLR314C,0,-3.4964101,0.09497584402561188,0.9829999804496765,0.9366999864578247
YER021W,YLR051C,0,-3.4967213,0.09496667236089706,0.9829999804496765,0.9368000030517578
YLR367W,YDR293C,0,-3.4971683,0.09495749324560165,0.9829999804496765,0.9369000196456909
YPL240C,YGL073W,0,-3.4977357,0.09494832158088684,0.9829999804496765,0.9369999766349792
YNL119W,YGR224W,0,-3.498391,0.09493915736675262,0.9829999804496765,0.9370999932289124
YMR219W,YMR088C,0,-3.4986632,0.09492998570203781,0.9829999804496765,0.9372000098228455
YFL024C,YNL041C,0,-3.498668,0.0949208214879036,0.9829999804496765,0.9373000264167786
YDL181W,YOR150W,0,-3.4987833,0.09491165727376938,0.9829999804496765,0.9373999834060669
YOR133W,YDR447C,0,-3.499449,0.09490249305963516,0.9829999804496765,0.9375
YMR135C,YPL204W,0,-3.500241,0.09489332884550095,0.9829999804496765,0.9376000165939331
YDR151C,YOL108C,0,-3.5009923,0.09488417208194733,0.9829999804496765,0.9376999735832214
YDR330W,YJL183W,0,-3.5012238,0.09487501531839371,0.9829999804496765,0.9377999901771545
YNL191W,YBL088C,0,-3.5015442,0.09486585855484009,0.9829999804496765,0.9379000067710876
YDL044C,YOR231W,0,-3.5023415,0.09485670179128647,0.9829999804496765,0.9380000233650208
YBR069C,YKR026C,0,-3.5026057,0.09484755247831345,0.9829999804496765,0.9380999803543091
YJR125C,YOR090C,0,-3.5034378,0.09483839571475983,0.9829999804496765,0.9381999969482422
YCR005C,YJR086W,0,-3.503742,0.0948292464017868,0.9829999804496765,0.9383000135421753
YFL014W,YPL037C,0,-3.5049908,0.09482010453939438,0.9829999804496765,0.9383999705314636
YER161C,YNR007C,0,-3.5055664,0.09481095522642136,0.9829999804496765,0.9384999871253967
YNR002C,YJL198W,0,-3.5060327,0.09480181336402893,0.9829999804496765,0.9386000037193298
YOL052C-A,YOL108C,0,-3.5064447,0.0947926715016365,0.9829999804496765,0.9387000203132629
YIR017C,YLR208W,0,-3.5069928,0.09478352963924408,0.9829999804496765,0.9387999773025513
YMR277W,YOR370C,0,-3.5070226,0.09477439522743225,0.9829999804496765,0.9388999938964844
YDR043C,YMR240C,0,-3.5072265,0.09476525336503983,0.9829999804496765,0.9390000104904175
YML120C,YNL292W,0,-3.5079446,0.094756118953228,0.9829999804496765,0.9391000270843506
YCR024C,YGL247W,0,-3.507994,0.09474698454141617,0.9829999804496765,0.9391999840736389
YDL197C,YDR011W,0,-3.508067,0.09473785758018494,0.9829999804496765,0.939300000667572
YOR222W,YGR256W,0,-3.5083344,0.0947287306189537,0.9829999804496765,0.9394000172615051
YKL012W,YLR059C,0,-3.5085185,0.09471959620714188,0.9829999804496765,0.9394999742507935
YGL157W,YLR084C,0,-3.508673,0.09471047669649124,0.9829999804496765,0.9395999908447266
YOL045W,YPL089C,0,-3.508907,0.09470134973526001,0.9829999804496765,0.9397000074386597
YGR065C,YJL035C,0,-3.5089178,0.09469222277402878,0.9829999804496765,0.9398000240325928
YER073W,YKL120W,0,-3.5098336,0.09468310326337814,0.9829999804496765,0.9398999810218811
YML041C,YOL117W,0,-3.511428,0.09467398375272751,0.9829999804496765,0.9399999976158142
YNR035C,YJL005W,0,-3.511717,0.09466487169265747,0.9829999804496765,0.9401000142097473
YJL177W,YDR529C,0,-3.5119789,0.09465575218200684,0.9829999804496765,0.9401999711990356
YKR046C,YHR161C,0,-3.5124156,0.0946466401219368,0.9829999804496765,0.9402999877929688
YML065W,YLR398C,0,-3.5124447,0.09463752806186676,0.9829999804496765,0.9404000043869019
YLR421C,YEL024W,0,-3.5124557,0.09462841600179672,0.9829999804496765,0.940500020980835
YOR213C,YGL095C,0,-3.5128925,0.09461931139230728,0.9829999804496765,0.9405999779701233
YIL154C,YLR185W,0,-3.5135658,0.09461019933223724,0.9829999804496765,0.9406999945640564
YLR037C,YOR303W,0,-3.5136116,0.0946010947227478,0.9829999804496765,0.9408000111579895
YER146W,YLR186W,0,-3.513747,0.09459199756383896,0.9829999804496765,0.9409000277519226
YOR292C,YDL113C,0,-3.5139596,0.09458289295434952,0.9829999804496765,0.9409999847412109
YMR137C,YOR301W,0,-3.514429,0.09457379579544067,0.9829999804496765,0.941100001335144
YOR001W,YMR235C,0,-3.5144403,0.09456469118595123,0.9829999804496765,0.9412000179290771
YNL117W,YDR236C,0,-3.5146523,0.09455560147762299,0.9829999804496765,0.9412999749183655
YER045C,YBL008W,0,-3.5156555,0.09454650431871414,0.9829999804496765,0.9413999915122986
YFR014C,YDL045C,0,-3.51623,0.0945374146103859,0.9829999804496765,0.9415000081062317
YBR069C,YIR025W,0,-3.5163732,0.09452831745147705,0.9829999804496765,0.9416000247001648
YLL035W,YPR134W,0,-3.5166464,0.0945192277431488,0.9829999804496765,0.9416999816894531
YDR369C,YKL081W,0,-3.5171611,0.09451014548540115,0.9829999804496765,0.9417999982833862
YDL165W,YDR283C,0,-3.518955,0.0945010557770729,0.9829999804496765,0.9419000148773193
YIL154C,YGR234W,0,-3.5190263,0.09449197351932526,0.9829999804496765,0.9419999718666077
YPL126W,YCL033C,0,-3.5200393,0.0944828912615776,0.9829999804496765,0.9420999884605408
YOR008C,YDR529C,0,-3.5210447,0.09447380900382996,0.9829999804496765,0.9422000050544739
YER091C,YOR257W,0,-3.521105,0.0944647341966629,0.9829999804496765,0.942300021648407
YDL049C,YKL211C,0,-3.52158,0.09445565193891525,0.9829999804496765,0.9423999786376953
YEL062W,YER002W,0,-3.5223417,0.0944465771317482,0.9829999804496765,0.9424999952316284
YCL027W,YBR054W,0,-3.5227475,0.09443750232458115,0.9829999804496765,0.9426000118255615
YGL227W,YOR241W,0,-3.5229115,0.09442843496799469,0.9829999804496765,0.9427000284194946
YHL002W,YEL042W,0,-3.5237617,0.09441936761140823,0.9829999804496765,0.942799985408783
YBR041W,YOR348C,0,-3.5260012,0.09441029280424118,0.9829999804496765,0.9429000020027161
YMR135C,YJL190C,0,-3.5274775,0.09440123289823532,0.9829999804496765,0.9430000185966492
YLR275W,YML123C,0,-3.5284553,0.09439216554164886,0.9829999804496765,0.9430999755859375
YGL020C,YAR042W,1,-3.5284626,0.09447911381721497,0.984000027179718,0.9430999755859375
YBR247C,YPR034W,0,-3.5285237,0.09447004646062851,0.984000027179718,0.9431999921798706
YPL249C,YKR063C,0,-3.5288782,0.09446097910404205,0.984000027179718,0.9433000087738037
YBR187W,YFL045C,0,-3.52965,0.0944519117474556,0.984000027179718,0.9434000253677368
YGR109C,YOL061W,0,-3.5315804,0.09444284439086914,0.984000027179718,0.9434999823570251
YGR030C,YGR223C,0,-3.5317194,0.09443378448486328,0.984000027179718,0.9435999989509583
YBR155W,YHR139C,0,-3.5317197,0.09442471712827682,0.984000027179718,0.9437000155448914
YLR258W,YPL204W,0,-3.5325313,0.09441565722227097,0.984000027179718,0.9437999725341797
YOR167C,YGL232W,0,-3.5325496,0.0944065973162651,0.984000027179718,0.9438999891281128
YDL082W,YDR069C,0,-3.532728,0.09439754486083984,0.984000027179718,0.9440000057220459
YFL053W,YKR046C,0,-3.5332513,0.09438849240541458,0.984000027179718,0.944100022315979
YDR122W,YDL166C,0,-3.5346773,0.09437943249940872,0.984000027179718,0.9441999793052673
YHR070W,YOR339C,0,-3.5347383,0.09437038749456406,0.984000027179718,0.9442999958992004
YGL097W,YML113W,0,-3.5351737,0.0943613350391388,0.984000027179718,0.9444000124931335
YGL078C,YDR443C,0,-3.5353818,0.09435229003429413,0.984000027179718,0.9445000290870667
YMR169C,YLR051C,0,-3.5354712,0.09434323757886887,0.984000027179718,0.944599986076355
YMR036C,YLR195C,0,-3.5359442,0.0943341925740242,0.984000027179718,0.9447000026702881
YBR061C,YDL024C,0,-3.5370014,0.09432515501976013,0.984000027179718,0.9448000192642212
YML032C,YDR515W,0,-3.5374372,0.09431611001491547,0.984000027179718,0.9448999762535095
YHR079C,YKR022C,1,-3.5377076,0.09440291672945023,0.9850000143051147,0.9448999762535095
YMR077C,YKR019C,0,-3.5394385,0.09439386427402496,0.9850000143051147,0.9449999928474426
YOL007C,YPL256C,0,-3.5397081,0.0943848192691803,0.9850000143051147,0.9451000094413757
YDR358W,YDL107W,0,-3.541337,0.09437578171491623,0.9850000143051147,0.9452000260353088
YDL067C,YPR075C,0,-3.54226,0.09436673671007156,0.9850000143051147,0.9452999830245972
YKL114C,YIL153W,0,-3.544608,0.0943576991558075,0.9850000143051147,0.9453999996185303
YMR242C,YHR015W,0,-3.5446432,0.09434866160154343,0.9850000143051147,0.9455000162124634
YBR251W,YGR138C,0,-3.5448196,0.09433962404727936,0.9850000143051147,0.9455999732017517
YOL123W,YDR412W,0,-3.5460715,0.09433058649301529,0.9850000143051147,0.9456999897956848
YIR038C,YDL019C,1,-3.5477817,0.09441731125116348,0.9860000014305115,0.9456999897956848
YNL009W,YBR079C,0,-3.5480783,0.09440827369689941,0.9860000014305115,0.9458000063896179
YDL165W,YDR421W,0,-3.5482695,0.09439923614263535,0.9860000014305115,0.945900022983551
YDL170W,YJL047C,0,-3.5485322,0.09439019858837128,0.9860000014305115,0.9459999799728394
YDR219C,YGR223C,0,-3.5485969,0.09438116103410721,0.9860000014305115,0.9460999965667725
YKL163W,YKL180W,0,-3.5495484,0.09437213093042374,0.9860000014305115,0.9462000131607056
YOR275C,YLR170C,0,-3.5496833,0.09436309337615967,0.9860000014305115,0.9463000297546387
YEL021W,YBR059C,0,-3.5503752,0.0943540632724762,0.9860000014305115,0.946399986743927
YGR217W,YAL061W,0,-3.5513427,0.09434504061937332,0.9860000014305115,0.9465000033378601
YOR065W,YHR089C,0,-3.5517414,0.09433601051568985,0.9860000014305115,0.9466000199317932
YNL251C,YNL084C,0,-3.55346,0.09432698786258698,0.9860000014305115,0.9466999769210815
YOR221C,YOL084W,0,-3.5535126,0.0943179652094841,0.9860000014305115,0.9467999935150146
YBR241C,YLR441C,0,-3.5543299,0.09430894255638123,0.9860000014305115,0.9469000101089478
YKL086W,YLR409C,0,-3.554635,0.09429991990327835,0.9860000014305115,0.9470000267028809
YBR101C,YDR208W,0,-3.555177,0.09429090470075607,0.9860000014305115,0.9470999836921692
YPL082C,YBR026C,0,-3.5553327,0.0942818894982338,0.9860000014305115,0.9472000002861023
YNL192W,YPR060C,0,-3.556185,0.09427287429571152,0.9860000014305115,0.9473000168800354
YNR020C,YER036C,0,-3.556382,0.09426385909318924,0.9860000014305115,0.9473999738693237
YBR187W,YPR160W,0,-3.5571456,0.09425485134124756,0.9860000014305115,0.9474999904632568
YMR255W,YDR146C,0,-3.557152,0.09424584358930588,0.9860000014305115,0.9476000070571899
YIL046W,YDR532C,0,-3.5575774,0.0942368358373642,0.9860000014305115,0.947700023651123
YER124C,YGR008C,0,-3.5587692,0.09422782808542252,0.9860000014305115,0.9477999806404114
YER142C,YNL126W,0,-3.5594351,0.09421882778406143,0.9860000014305115,0.9478999972343445
YLR219W,YKL122C,0,-3.5594702,0.09420982003211975,0.9860000014305115,0.9480000138282776
YKL217W,YMR093W,0,-3.5604854,0.09420081973075867,0.9860000014305115,0.9480999708175659
YIL159W,YMR175W,0,-3.5618694,0.09419181942939758,0.9860000014305115,0.948199987411499
YIR021W,YHL004W,0,-3.5625498,0.0941828265786171,0.9860000014305115,0.9483000040054321
YGR244C,YGL031C,0,-3.5644038,0.09417382627725601,0.9860000014305115,0.9484000205993652
YIL135C,YNR007C,0,-3.5646875,0.09416483342647552,0.9860000014305115,0.9484999775886536
YLR226W,YLR353W,0,-3.5655773,0.09415584057569504,0.9860000014305115,0.9485999941825867
YCL035C,YNL136W,0,-3.565945,0.09414685517549515,0.9860000014305115,0.9487000107765198
YLR223C,YCR028C,0,-3.5663261,0.09413786232471466,0.9860000014305115,0.9488000273704529
YBR023C,YDR097C,0,-3.56653,0.09412887692451477,0.9860000014305115,0.9488999843597412
YMR286W,YER129W,0,-3.566872,0.09411989152431488,0.9860000014305115,0.9490000009536743
YML021C,YJR064W,0,-3.5680635,0.09411090612411499,0.9860000014305115,0.9491000175476074
YGL244W,YBR067C,0,-3.568115,0.0941019281744957,0.9860000014305115,0.9491999745368958
YNR050C,YPL203W,0,-3.5686345,0.0940929502248764,0.9860000014305115,0.9492999911308289
YEL071W,YLR377C,0,-3.5689209,0.09408397227525711,0.9860000014305115,0.949400007724762
YDL181W,YNR052C,0,-3.5690563,0.09407499432563782,0.9860000014305115,0.9495000243186951
YPL082C,YFR050C,0,-3.5691378,0.09406601637601852,0.9860000014305115,0.9495999813079834
YBL030C,YER029C,0,-3.5697951,0.09405704587697983,0.9860000014305115,0.9496999979019165
YDR151C,YGR270W,0,-3.574039,0.09404807537794113,0.9860000014305115,0.9498000144958496
YIL125W,YCR072C,0,-3.5750628,0.09403910487890244,0.9860000014305115,0.9498999714851379
YPL122C,YGR209C,0,-3.5754607,0.09403013437986374,0.9860000014305115,0.949999988079071
YLR147C,YOR087W,0,-3.5768368,0.09402117133140564,0.9860000014305115,0.9501000046730042
YER054C,YGR121C,0,-3.57737,0.09401220083236694,0.9860000014305115,0.9502000212669373
YER113C,YGL096W,0,-3.579545,0.09400323778390884,0.9860000014305115,0.9502999782562256
YOR249C,YLR121C,0,-3.5802205,0.09399428218603134,0.9860000014305115,0.9503999948501587
YPL016W,YOR040W,0,-3.5805242,0.09398531913757324,0.9860000014305115,0.9505000114440918
YER164W,YLR457C,0,-3.581388,0.09397636353969574,0.9860000014305115,0.9506000280380249
YPR021C,YLR003C,0,-3.5816061,0.09396740794181824,0.9860000014305115,0.9506999850273132
YLR275W,YDR480W,0,-3.5835552,0.09395845234394073,0.9860000014305115,0.9508000016212463
YOR145C,YIL110W,0,-3.5835752,0.09394949674606323,0.9860000014305115,0.9509000182151794
YNL299W,YER065C,0,-3.5836325,0.09394054859876633,0.9860000014305115,0.9509999752044678
YDR508C,YGR055W,0,-3.5845277,0.09393160045146942,0.9860000014305115,0.9510999917984009
YER082C,YNR011C,0,-3.5856307,0.09392265230417252,0.9860000014305115,0.951200008392334
YML130C,YLR238W,1,-3.585908,0.09400895237922668,0.9869999885559082,0.951200008392334
YDR044W,YDR515W,0,-3.5866296,0.09399999678134918,0.9869999885559082,0.9513000249862671
YGR143W,YMR143W,0,-3.5868976,0.09399104863405228,0.9869999885559082,0.9513999819755554
YFR033C,YFR004W,0,-3.587393,0.09398210048675537,0.9869999885559082,0.9514999985694885
YMR146C,YMR301C,0,-3.5877368,0.09397315233945847,0.9869999885559082,0.9516000151634216
YGL038C,YDL113C,0,-3.5888727,0.09396420419216156,0.9869999885559082,0.95169997215271
YKL074C,YLR320W,0,-3.5895095,0.09395525604486465,0.9869999885559082,0.9517999887466431
YOR177C,YMR247C,0,-3.590193,0.09394631534814835,0.9869999885559082,0.9519000053405762
YML123C,YPL065W,0,-3.5908406,0.09393737465143204,0.9869999885559082,0.9520000219345093
YOR091W,YJL164C,0,-3.5909932,0.09392843395471573,0.9869999885559082,0.9520999789237976
YKL157W,YPL237W,0,-3.5911944,0.09391950070858002,0.9869999885559082,0.9521999955177307
YKR050W,YBR123C,0,-3.5913966,0.09391056001186371,0.9869999885559082,0.9523000121116638
YOL076W,YNL241C,0,-3.5919974,0.093901626765728,0.9869999885559082,0.9524000287055969
YER062C,YNL115C,0,-3.592721,0.09389269351959229,0.9869999885559082,0.9524999856948853
YLL004W,YGR194C,0,-3.594824,0.09388376027345657,0.9869999885559082,0.9526000022888184
YGL029W,YMR261C,0,-3.5950205,0.09387483447790146,0.9869999885559082,0.9527000188827515
YBL004W,YBL007C,0,-3.596252,0.09386590868234634,0.9869999885559082,0.9527999758720398
YPL202C,YDL145C,0,-3.596604,0.09385698288679123,0.9869999885559082,0.9528999924659729
YFR009W,YGL195W,0,-3.596865,0.09384805709123611,0.9869999885559082,0.953000009059906
YDL076C,YIL084C,0,-3.5982568,0.093839131295681,0.9869999885559082,0.9531000256538391
YJR004C,YFR025C,0,-3.5984294,0.09383021295070648,0.9869999885559082,0.9531999826431274
YIL008W,YLR068W,0,-3.5985174,0.09382129460573196,0.9869999885559082,0.9532999992370605
YHL035C,YKL068W,0,-3.5989773,0.09381237626075745,0.9869999885559082,0.9534000158309937
YOL094C,YDL060W,0,-3.6003401,0.09380345791578293,0.9869999885559082,0.953499972820282
YMR025W,YOL097C,0,-3.6005266,0.09379454702138901,0.9869999885559082,0.9535999894142151
YLR102C,YGR128C,0,-3.6006792,0.09378563612699509,0.9869999885559082,0.9537000060081482
YER007C-A,YDR204W,0,-3.6031249,0.09377672523260117,0.9869999885559082,0.9538000226020813
YPR112C,YLR214W,0,-3.6041663,0.09376781433820724,0.9869999885559082,0.9538999795913696
YDL150W,YHR025W,0,-3.6043258,0.09375890344381332,0.9869999885559082,0.9539999961853027
YDL107W,YBR280C,0,-3.6044712,0.09375,0.9869999885559082,0.9541000127792358
YMR089C,YOR279C,0,-3.6067753,0.09374109655618668,0.9869999885559082,0.954200029373169
YIL091C,YNL313C,0,-3.6069734,0.09373219311237335,0.9869999885559082,0.9542999863624573
YMR257C,YMR036C,0,-3.6073816,0.09372328966856003,0.9869999885559082,0.9544000029563904
YNL148C,YIR012W,0,-3.6099737,0.0937143936753273,0.9869999885559082,0.9545000195503235
YLR070C,YIL052C,0,-3.6105902,0.09370549768209457,0.9869999885559082,0.9545999765396118
YEL026W,YOL052C-A,0,-3.6109598,0.09369660168886185,0.9869999885559082,0.9546999931335449
YLR119W,YMR091C,0,-3.6120813,0.09368770569562912,0.9869999885559082,0.954800009727478
YHR146W,YOR113W,0,-3.6133325,0.09367881715297699,0.9869999885559082,0.9549000263214111
YOL151W,YKR054C,0,-3.6143873,0.09366992861032486,0.9869999885559082,0.9549999833106995
YOR303W,YDR204W,0,-3.6151443,0.09366103261709213,0.9869999885559082,0.9550999999046326
YDR377W,YBR248C,0,-3.616137,0.0936521515250206,0.9869999885559082,0.9552000164985657
YPL239W,YOL068C,0,-3.6162417,0.09364326298236847,0.9869999885559082,0.955299973487854
YKL026C,YDL245C,0,-3.616329,0.09363438189029694,0.9869999885559082,0.9553999900817871
YKL143W,YGR081C,0,-3.6171858,0.0936255007982254,0.9869999885559082,0.9555000066757202
YDR358W,YPR020W,0,-3.6180394,0.09361661970615387,0.9869999885559082,0.9556000232696533
YOR130C,YIL136W,0,-3.6188612,0.09360773861408234,0.9869999885559082,0.9556999802589417
YML123C,YOL090W,0,-3.6197145,0.0935988649725914,0.9869999885559082,0.9557999968528748
YLR079W,YPL204W,0,-3.6199825,0.09358998388051987,0.9869999885559082,0.9559000134468079
YER054C,YLR272C,0,-3.6202948,0.09358111023902893,0.9869999885559082,0.9559999704360962
YNL274C,YPR025C,0,-3.6203587,0.09357224404811859,0.9869999885559082,0.9560999870300293
YMR218C,YLR234W,0,-3.6206388,0.09356337040662766,0.9869999885559082,0.9562000036239624
YLL055W,YDL193W,1,-3.6210327,0.09364929050207138,0.9879999756813049,0.9562000036239624
YJL204C,YNL009W,0,-3.621876,0.09364041686058044,0.9879999756813049,0.9563000202178955
YDR178W,YHR016C,0,-3.62232,0.09363153576850891,0.9879999756813049,0.9563999772071838
YOR027W,YPL203W,0,-3.6223934,0.09362266957759857,0.9879999756813049,0.9564999938011169
YLR102C,YDR184C,0,-3.6233327,0.09361379593610764,0.9879999756813049,0.95660001039505
YJL003W,YFR030W,0,-3.6245358,0.0936049297451973,0.9879999756813049,0.9567000269889832
YGR270W,YHR148W,0,-3.6256611,0.09359605610370636,0.9879999756813049,0.9567999839782715
YGL127C,YPR101W,0,-3.6259792,0.09358718991279602,0.9879999756813049,0.9569000005722046
YMR004W,YDL024C,0,-3.6264694,0.09357833117246628,0.9879999756813049,0.9570000171661377
YMR142C,YJL048C,0,-3.6279504,0.09356946498155594,0.9879999756813049,0.957099974155426
YFR049W,YKL205W,0,-3.62989,0.0935606062412262,0.9879999756813049,0.9571999907493591
YCR079W,YKL168C,0,-3.6298933,0.09355174750089645,0.9879999756813049,0.9573000073432922
YEL030W,YMR180C,0,-3.6301892,0.09354288876056671,0.9879999756813049,0.9574000239372253
YNL242W,YKL150W,0,-3.6306074,0.09353403747081757,0.9879999756813049,0.9574999809265137
YHR157W,YKL113C,0,-3.631554,0.09352517873048782,0.9879999756813049,0.9575999975204468
YKL082C,YDR513W,0,-3.6315563,0.09351632744073868,0.9879999756813049,0.9577000141143799
YNR050C,YLR013W,0,-3.6326854,0.09350747615098953,0.9879999756813049,0.9577999711036682
YIL105C,YOR275C,0,-3.6327164,0.09349862486124039,0.9879999756813049,0.9578999876976013
YMR142C,YMR072W,0,-3.6328213,0.09348978102207184,0.9879999756813049,0.9580000042915344
YGL219C,YKR057W,0,-3.6328547,0.09348093718290329,0.9879999756813049,0.9581000208854675
YIL056W,YPR119W,0,-3.6332703,0.09347209334373474,0.9879999756813049,0.9581999778747559
YDR303C,YLR327C,0,-3.634957,0.09346324950456619,0.9879999756813049,0.958299994468689
YBL004W,YGL037C,0,-3.637452,0.09345440566539764,0.9879999756813049,0.9584000110626221
YJL020C,YPL177C,0,-3.6376681,0.09344556927680969,0.9879999756813049,0.9585000276565552
YNR034W,YFR014C,0,-3.6383588,0.09343673288822174,0.9879999756813049,0.9585999846458435
YHR046C,YBL022C,0,-3.6384287,0.09342789649963379,0.9879999756813049,0.9587000012397766
YMR105C,YKL099C,0,-3.6386943,0.09341906011104584,0.9879999756813049,0.9588000178337097
YKL101W,YKR028W,0,-3.6398995,0.09341023117303848,0.9879999756813049,0.958899974822998
YBR183W,YKR067W,1,-3.6399925,0.0934959352016449,0.9890000224113464,0.958899974822998
YMR129W,YPR112C,0,-3.6403136,0.09348709881305695,0.9890000224113464,0.9589999914169312
YOR054C,YLR185W,0,-3.6410513,0.093478262424469,0.9890000224113464,0.9591000080108643
YGL090W,YML094W,0,-3.6414688,0.09346942603588104,0.9890000224113464,0.9592000246047974
YOR328W,YCL059C,0,-3.6430676,0.09346059709787369,0.9890000224113464,0.9592999815940857
YHL027W,YJR045C,0,-3.6437652,0.09345176070928574,0.9890000224113464,0.9593999981880188
YLR142W,YKR068C,0,-3.6445992,0.09344293177127838,0.9890000224113464,0.9595000147819519
YJL196C,YIR028W,0,-3.6450913,0.09343410283327103,0.9890000224113464,0.9595999717712402
YHL032C,YLR327C,0,-3.6452425,0.09342528134584427,0.9890000224113464,0.9596999883651733
YJL165C,YDR513W,0,-3.645283,0.09341645240783691,0.9890000224113464,0.9598000049591064
YCL016C,YIL042C,0,-3.6452842,0.09340763092041016,0.9890000224113464,0.9599000215530396
YBL087C,YBL033C,0,-3.6455214,0.0933988094329834,0.9890000224113464,0.9599999785423279
YLR403W,YNL271C,0,-3.6475716,0.09338998794555664,0.9890000224113464,0.960099995136261
YLR074C,YGL037C,0,-3.6475918,0.09338117390871048,0.9890000224113464,0.9602000117301941
YMR100W,YBR165W,0,-3.6480908,0.09337235987186432,0.9890000224113464,0.9603000283241272
YDR464W,YDR277C,0,-3.649459,0.09336353838443756,0.9890000224113464,0.9603999853134155
YIR038C,YLR292C,1,-3.649655,0.09344912320375443,0.9900000095367432,0.9603999853134155
YNL256W,YBR275C,0,-3.651708,0.09344030171632767,0.9900000095367432,0.9605000019073486
YHR046C,YDR477W,0,-3.6541083,0.09343148022890091,0.9900000095367432,0.9606000185012817
YMR043W,YMR271C,0,-3.6559138,0.09342266619205475,0.9900000095367432,0.9606999754905701
YBR288C,YLR431C,0,-3.656069,0.09341385215520859,0.9900000095367432,0.9607999920845032
YPR151C,YGR264C,0,-3.6569297,0.09340503811836243,0.9900000095367432,0.9609000086784363
YGL144C,YDR171W,0,-3.6586282,0.09339622408151627,0.9900000095367432,0.9610000252723694
YPR113W,YPR149W,1,-3.6587057,0.09348174929618835,0.9909999966621399,0.9610000252723694
YDL051W,YOL092W,0,-3.6587522,0.0934729278087616,0.9909999966621399,0.9610999822616577
YGL047W,YDL122W,1,-3.6589193,0.0935584232211113,0.9919999837875366,0.9610999822616577
YDR507C,YDL111C,0,-3.660984,0.09354960173368454,0.9919999837875366,0.9611999988555908
YDL046W,YGL096W,0,-3.6613348,0.09354078024625778,0.9919999837875366,0.9613000154495239
YDR532C,YHR067W,0,-3.6615355,0.09353196620941162,0.9919999837875366,0.9613999724388123
YOR188W,YNR053C,0,-3.6615791,0.09352314472198486,0.9919999837875366,0.9614999890327454
YIL042C,YPR163C,0,-3.662547,0.0935143306851387,0.9919999837875366,0.9616000056266785
YMR089C,YAL061W,0,-3.6639566,0.09350551664829254,0.9919999837875366,0.9617000222206116
YPR169W,YPL006W,0,-3.6649342,0.09349670261144638,0.9919999837875366,0.9617999792098999
YLR259C,YBR001C,0,-3.665813,0.09348788857460022,0.9919999837875366,0.961899995803833
YLR093C,YMR129W,0,-3.6658428,0.09347908198833466,0.9919999837875366,0.9620000123977661
YDR071C,YNL014W,0,-3.6662047,0.09347027540206909,0.9919999837875366,0.9621000289916992
YJL020C,YGL096W,0,-3.6665976,0.09346146881580353,0.9919999837875366,0.9621999859809875
YHL015W,YIL070C,0,-3.6670537,0.09345266222953796,0.9919999837875366,0.9623000025749207
YOR061W,YDR499W,0,-3.6674085,0.0934438556432724,0.9919999837875366,0.9624000191688538
YGL205W,YOR033C,0,-3.667466,0.09343505650758743,0.9919999837875366,0.9624999761581421
YML007W,YDL058W,0,-3.667502,0.09342625737190247,0.9919999837875366,0.9625999927520752
YGR103W,YGL259W,0,-3.6687129,0.0934174582362175,0.9919999837875366,0.9627000093460083
YDL046W,YDR021W,0,-3.6699345,0.09340866655111313,0.9919999837875366,0.9628000259399414
YBL078C,YFL002C,0,-3.670519,0.09339986741542816,0.9919999837875366,0.9628999829292297
YNL220W,YLR439W,0,-3.6717565,0.09339107573032379,0.9919999837875366,0.9629999995231628
YPL174C,YNR007C,0,-3.6733296,0.09338228404521942,0.9919999837875366,0.963100016117096
YGR070W,YLL004W,0,-3.6733613,0.09337349236011505,0.9919999837875366,0.9631999731063843
YJL006C,YDR478W,0,-3.6760395,0.09336470812559128,0.9919999837875366,0.9632999897003174
YKR009C,YPL198W,0,-3.6762774,0.09335591644048691,0.9919999837875366,0.9634000062942505
YBR006W,YML080W,0,-3.6766458,0.09334713220596313,0.9919999837875366,0.9635000228881836
YJL124C,YMR056C,0,-3.6769688,0.09333834797143936,0.9919999837875366,0.9635999798774719
YJL201W,YPR167C,0,-3.677821,0.09332957118749619,0.9919999837875366,0.963699996471405
YGL029W,YLR183C,0,-3.6783414,0.09332078695297241,0.9919999837875366,0.9638000130653381
YLR435W,YAL008W,0,-3.6789916,0.09331201016902924,0.9919999837875366,0.9639000296592712
YJL103C,YDR281C,0,-3.6790183,0.09330323338508606,0.9919999837875366,0.9639999866485596
YJR119C,YDL223C,0,-3.6793044,0.09329446405172348,0.9919999837875366,0.9641000032424927
YPR023C,YDL245C,0,-3.6797497,0.0932856872677803,0.9919999837875366,0.9642000198364258
YLR033W,YDR069C,0,-3.6803129,0.09327691793441772,0.9919999837875366,0.9642999768257141
YGR248W,YDL035C,0,-3.6810231,0.09326814860105515,0.9919999837875366,0.9643999934196472
YNL127W,YGL038C,0,-3.6811414,0.09325937926769257,0.9919999837875366,0.9645000100135803
YIL098C,YDR496C,0,-3.682892,0.09325060993432999,0.9919999837875366,0.9646000266075134
YER118C,YDL213C,0,-3.6830723,0.093241848051548,0.9919999837875366,0.9646999835968018
YLR093C,YDR464W,0,-3.6839187,0.09323308616876602,0.9919999837875366,0.9648000001907349
YHL002W,YDL222C,0,-3.6848621,0.09322432428598404,0.9919999837875366,0.964900016784668
YOL066C,YHR209W,0,-3.6869137,0.09321556240320206,0.9919999837875366,0.9649999737739563
YCR030C,YOR340C,0,-3.687824,0.09320680052042007,0.9919999837875366,0.9650999903678894
YDR030C,YLL026W,0,-3.6879568,0.09319804608821869,0.9919999837875366,0.9652000069618225
YER173W,YOR026W,0,-3.6882842,0.0931892916560173,0.9919999837875366,0.9653000235557556
YPL086C,YMR041C,0,-3.6908977,0.09318053722381592,0.9919999837875366,0.965399980545044
YDL007W,YGL048C,0,-3.6909065,0.09317178279161453,0.9919999837875366,0.965499997138977
YNL160W,YDR110W,0,-3.6915545,0.09316303580999374,0.9919999837875366,0.9656000137329102
YML099C,YPL045W,0,-3.6941495,0.09315428882837296,0.9919999837875366,0.9656999707221985
YDL181W,YDL082W,0,-3.6947086,0.09314554184675217,0.9919999837875366,0.9657999873161316
YDR190C,YOR294W,0,-3.6951733,0.09313679486513138,0.9919999837875366,0.9659000039100647
YER050C,YER169W,0,-3.6999977,0.09312804788351059,0.9919999837875366,0.9660000205039978
YIL155C,YNL151C,0,-3.7006285,0.0931193083524704,0.9919999837875366,0.9660999774932861
YKR024C,YLR383W,0,-3.7013643,0.0931105688214302,0.9919999837875366,0.9661999940872192
YLR318W,YLR324W,0,-3.705657,0.09310182929039001,0.9919999837875366,0.9663000106811523
YDR258C,YDL035C,0,-3.7058458,0.09309308975934982,0.9919999837875366,0.9664000272750854
YDR479C,YPR041W,0,-3.7065482,0.09308435767889023,0.9919999837875366,0.9664999842643738
YDR211W,YNL207W,0,-3.7079647,0.09307562559843063,0.9919999837875366,0.9666000008583069
YHL031C,YGR055W,0,-3.7088892,0.09306689351797104,0.9919999837875366,0.96670001745224
YIL033C,YBR149W,0,-3.7097247,0.09305816143751144,0.9919999837875366,0.9667999744415283
YOL109W,YEL024W,0,-3.7107837,0.09304942935705185,0.9919999837875366,0.9668999910354614
YDR122W,YEL011W,0,-3.7116137,0.09304070472717285,0.9919999837875366,0.9670000076293945
YER070W,YIL036W,0,-3.7121108,0.09303198009729385,0.9919999837875366,0.9671000242233276
YGL031C,YMR146C,0,-3.7137804,0.09302325546741486,0.9919999837875366,0.967199981212616
YBL058W,YMR250W,0,-3.714173,0.09301453083753586,0.9919999837875366,0.9672999978065491
YCL039W,YGR264C,0,-3.714411,0.09300581365823746,0.9919999837875366,0.9674000144004822
YMR129W,YHR038W,0,-3.714643,0.09299709647893906,0.9919999837875366,0.9674999713897705
YBR267W,YLL036C,0,-3.7147732,0.09298837929964066,0.9919999837875366,0.9675999879837036
YPL159C,YNL239W,0,-3.715787,0.09297966212034225,0.9919999837875366,0.9677000045776367
YIR038C,YPL087W,1,-3.7158344,0.09306466579437256,0.9929999709129333,0.9677000045776367
YDR322C-A,YHR056C,0,-3.7160096,0.09305594861507416,0.9929999709129333,0.9678000211715698
YNL299W,YLR193C,0,-3.717817,0.09304722398519516,0.9929999709129333,0.9678999781608582
YLR397C,YER127W,0,-3.7187178,0.09303850680589676,0.9929999709129333,0.9679999947547913
YDL147W,YKL026C,0,-3.7202432,0.09302978962659836,0.9929999709129333,0.9681000113487244
YKL168C,YMR261C,0,-3.7205837,0.09302107989788055,0.9929999709129333,0.9682000279426575
YER173W,YER028C,0,-3.72204,0.09301236271858215,0.9929999709129333,0.9682999849319458
YMR037C,YOR348C,0,-3.7234075,0.09300365298986435,0.9929999709129333,0.9684000015258789
YLR362W,YER009W,0,-3.7252202,0.09299494326114655,0.9929999709129333,0.968500018119812
YMR058W,YPR020W,0,-3.7254949,0.09298623353242874,0.9929999709129333,0.9685999751091003
YDR150W,YGR145W,0,-3.7266243,0.09297753125429153,0.9929999709129333,0.9686999917030334
YGL252C,YHR139C,0,-3.7266662,0.09296882152557373,0.9929999709129333,0.9688000082969666
YBR256C,YKL032C,0,-3.727792,0.09296011924743652,0.9929999709129333,0.9689000248908997
YMR138W,YJR060W,0,-3.7296422,0.09295141696929932,0.9929999709129333,0.968999981880188
YOR329C,YDR293C,0,-3.7297916,0.09294271469116211,0.9929999709129333,0.9690999984741211
YKR050W,YDR436W,0,-3.7314312,0.0929340198636055,0.9929999709129333,0.9692000150680542
YNR046W,YHR161C,0,-3.732022,0.09292532503604889,0.9929999709129333,0.9692999720573425
YDL215C,YKL041W,0,-3.7367465,0.09291663020849228,0.9929999709129333,0.9693999886512756
YGL184C,YMR109W,0,-3.7380698,0.09290793538093567,0.9929999709129333,0.9695000052452087
YDR148C,YHR079C-A,0,-3.740008,0.09289924055337906,0.9929999709129333,0.9696000218391418
YDL194W,YAL029C,0,-3.7418387,0.09289055317640305,0.9929999709129333,0.9696999788284302
YLR006C,YKR013W,0,-3.7428498,0.09288186579942703,0.9929999709129333,0.9697999954223633
YPL017C,YOL009C,0,-3.7429543,0.09287317842245102,0.9929999709129333,0.9699000120162964
YNR036C,YIL103W,0,-3.7433498,0.092864491045475,0.9929999709129333,0.9700000286102295
YPR016C,YOR056C,0,-3.744282,0.09285580366849899,0.9929999709129333,0.9700999855995178
YIL110W,YIL101C,0,-3.744809,0.09284712374210358,0.9929999709129333,0.9702000021934509
YGL029W,YDL036C,0,-3.745044,0.09283844381570816,0.9929999709129333,0.970300018787384
YIL105C,YIL143C,0,-3.7451642,0.09282976388931274,0.9929999709129333,0.9703999757766724
YJR156C,YDR324C,0,-3.7452672,0.09282109141349792,0.9929999709129333,0.9704999923706055
YBR145W,YDR019C,0,-3.7466474,0.09281241148710251,0.9929999709129333,0.9706000089645386
YMR192W,YGR057C,0,-3.7483337,0.09280373901128769,0.9929999709129333,0.9707000255584717
YDL083C,YOR084W,0,-3.7519746,0.09279506653547287,0.9929999709129333,0.97079998254776
YLL061W,YLL040C,0,-3.7536654,0.09278639405965805,0.9929999709129333,0.9708999991416931
YJR123W,YLR129W,0,-3.7537272,0.09277772903442383,0.9929999709129333,0.9710000157356262
YAL060W,YDR300C,0,-3.7549207,0.09276905655860901,0.9929999709129333,0.9710999727249146
YNL256W,YDR258C,0,-3.755462,0.09276039153337479,0.9929999709129333,0.9711999893188477
YDR359C,YMR109W,0,-3.7555914,0.09275172650814056,0.9929999709129333,0.9713000059127808
YAL035W,YDL222C,0,-3.7559893,0.09274306893348694,0.9929999709129333,0.9714000225067139
YNR020C,YHL011C,0,-3.7564204,0.09273440390825272,0.9929999709129333,0.9714999794960022
YML007W,YJL048C,0,-3.757074,0.09272574633359909,0.9929999709129333,0.9715999960899353
YML014W,YLR214W,0,-3.7577548,0.09271708875894547,0.9929999709129333,0.9717000126838684
YLR361C,YPR049C,0,-3.7578955,0.09270843118429184,0.9929999709129333,0.9718000292778015
YNL094W,YBL075C,0,-3.7596638,0.09269977360963821,0.9929999709129333,0.9718999862670898
YCR010C,YMR030W,0,-3.7636993,0.09269112348556519,0.9929999709129333,0.972000002861023
YLR270W,YER173W,0,-3.763836,0.09268247336149216,0.9929999709129333,0.972100019454956
YBL087C,YLR120C,0,-3.7662208,0.09267382323741913,0.9929999709129333,0.9721999764442444
YKR046C,YJR078W,0,-3.771423,0.0926651731133461,0.9929999709129333,0.9722999930381775
YOR040W,YMR041C,0,-3.7715185,0.09265653043985367,0.9929999709129333,0.9724000096321106
YER035W,YOR202W,0,-3.772331,0.09264788031578064,0.9929999709129333,0.9725000262260437
YNL131W,YPL033C,0,-3.7763877,0.09263923764228821,0.9929999709129333,0.972599983215332
YBL047C,YFL023W,0,-3.776762,0.09263059496879578,0.9929999709129333,0.9726999998092651
YNR023W,YDL035C,0,-3.7774537,0.09262195974588394,0.9929999709129333,0.9728000164031982
YNR001C,YKR066C,0,-3.7796228,0.09261331707239151,0.9929999709129333,0.9728999733924866
YJL186W,YHR094C,0,-3.7823524,0.09260468184947968,0.9929999709129333,0.9729999899864197
YGR070W,YNL299W,0,-3.7850847,0.09259604662656784,0.9929999709129333,0.9731000065803528
YJL196C,YHR139C,0,-3.7869794,0.092587411403656,0.9929999709129333,0.9732000231742859
YDL087C,YBR182C,0,-3.7879372,0.09257878363132477,0.9929999709129333,0.9732999801635742
YPL159C,YLR170C,0,-3.788057,0.09257014840841293,0.9929999709129333,0.9733999967575073
YPL087W,YNL008C,1,-3.7885742,0.09265473484992981,0.9940000176429749,0.9733999967575073
YJL148W,YFL023W,0,-3.7890484,0.09264609962701797,0.9940000176429749,0.9735000133514404
YOR044W,YMR251W-A,1,-3.789347,0.09273066371679306,0.9950000047683716,0.9735000133514404
YOR272W,YLR022C,0,-3.7901561,0.09272202104330063,0.9950000047683716,0.9735999703407288
YIL046W,YOL008W,0,-3.7902868,0.0927133783698082,0.9950000047683716,0.9736999869346619
YOL052C-A,YNL115C,0,-3.791224,0.09270474314689636,0.9950000047683716,0.973800003528595
YJL189W,YIL042C,0,-3.7913187,0.09269610792398453,0.9950000047683716,0.9739000201225281
YLR441C,YHR052W,0,-3.7956512,0.09268747270107269,0.9950000047683716,0.9739999771118164
YJL029C,YPL033C,0,-3.796482,0.09267883747816086,0.9950000047683716,0.9740999937057495
YOL052C-A,YDL035C,0,-3.7998898,0.09267020225524902,0.9950000047683716,0.9742000102996826
YBR054W,YGR225W,0,-3.8037665,0.09266157448291779,0.9950000047683716,0.9743000268936157
YMR217W,YER053C,0,-3.8046157,0.09265294671058655,0.9950000047683716,0.974399983882904
YDR532C,YLR135W,0,-3.8050437,0.09264431893825531,0.9950000047683716,0.9745000004768372
YGR083C,YIL153W,0,-3.8060658,0.09263569861650467,0.9950000047683716,0.9746000170707703
YOL143C,YLR216C,0,-3.8065717,0.09262707084417343,0.9950000047683716,0.9746999740600586
YDL191W,YHL001W,0,-3.8068712,0.09261845052242279,0.9950000047683716,0.9747999906539917
YDR181C,YPL192C,0,-3.8084915,0.09260983020067215,0.9950000047683716,0.9749000072479248
YOL093W,YOR168W,0,-3.8118558,0.09260120987892151,0.9950000047683716,0.9750000238418579
YIL031W,YOR035C,0,-3.8126197,0.09259258955717087,0.9950000047683716,0.9750999808311462
YDR436W,YBL080C,0,-3.8139112,0.09258397668600082,0.9950000047683716,0.9751999974250793
YBR258C,YBR217W,0,-3.8144107,0.09257536381483078,0.9950000047683716,0.9753000140190125
YKL181W,YIL103W,0,-3.8149323,0.09256675094366074,0.9950000047683716,0.9753999710083008
YOR273C,YFL002C,0,-3.8163278,0.09255813807249069,0.9950000047683716,0.9754999876022339
YMR197C,YHR016C,0,-3.8171942,0.09254953265190125,0.9950000047683716,0.975600004196167
YOR281C,YPL057C,0,-3.8176234,0.0925409197807312,0.9950000047683716,0.9757000207901001
YHR166C,YBR296C,0,-3.8208191,0.09253231436014175,0.9950000047683716,0.9757999777793884
YER159C,YPR067W,0,-3.8208907,0.09252370893955231,0.9950000047683716,0.9758999943733215
YLR266C,YOR279C,0,-3.8214157,0.09251511096954346,0.9950000047683716,0.9760000109672546
YPR112C,YDR312W,0,-3.821431,0.09250650554895401,0.9950000047683716,0.9761000275611877
YLR153C,YGL232W,0,-3.8214538,0.09249790757894516,0.9950000047683716,0.9761999845504761
YMR061W,YDR003W,0,-3.8233826,0.09248930960893631,0.9950000047683716,0.9763000011444092
YPL159C,YGR261C,0,-3.8234682,0.09248071163892746,0.9950000047683716,0.9764000177383423
YER173W,YGL037C,0,-3.8241522,0.0924721211194992,0.9950000047683716,0.9764999747276306
YKR014C,YMR233W,0,-3.8253706,0.09246352314949036,0.9950000047683716,0.9765999913215637
YPL117C,YLR258W,0,-3.825505,0.0924549326300621,0.9950000047683716,0.9767000079154968
YLR142W,YDR072C,0,-3.825721,0.09244634211063385,0.9950000047683716,0.9768000245094299
YJR052W,YPR093C,0,-3.8265474,0.0924377590417862,0.9950000047683716,0.9768999814987183
YNL192W,YOR294W,0,-3.8311675,0.09242916852235794,0.9950000047683716,0.9769999980926514
YBR026C,YDR496C,0,-3.8316462,0.09242058545351028,0.9950000047683716,0.9771000146865845
YNL232W,YNL242W,0,-3.834965,0.09241200238466263,0.9950000047683716,0.9771999716758728
YGR083C,YGR158C,0,-3.835213,0.09240341931581497,0.9950000047683716,0.9772999882698059
YPR065W,YBR105C,0,-3.8384826,0.09239483624696732,0.9950000047683716,0.977400004863739
YDR039C,YBR212W,0,-3.8400836,0.09238626062870026,0.9950000047683716,0.9775000214576721
YMR053C,YPR184W,0,-3.8401892,0.0923776775598526,0.9950000047683716,0.9775999784469604
YNL232W,YOR035C,0,-3.8427703,0.09236910194158554,0.9950000047683716,0.9776999950408936
YGL156W,YGL096W,0,-3.843145,0.09236053377389908,0.9950000047683716,0.9778000116348267
YMR056C,YOL076W,0,-3.846939,0.09235195815563202,0.9950000047683716,0.9779000282287598
YOR269W,YER129W,0,-3.85201,0.09234338998794556,0.9950000047683716,0.9779999852180481
YDL045W-A,YJR048W,0,-3.8556051,0.0923348218202591,0.9950000047683716,0.9781000018119812
YOR144C,YMR235C,0,-3.8566034,0.09232625365257263,0.9950000047683716,0.9782000184059143
YBR031W,YHR015W,0,-3.8593,0.09231768548488617,0.9950000047683716,0.9782999753952026
YDL092W,YMR091C,0,-3.860049,0.09230911731719971,0.9950000047683716,0.9783999919891357
YOR260W,YHR124W,0,-3.8606935,0.09230055660009384,0.9950000047683716,0.9785000085830688
YHL036W,YER119C,0,-3.8633888,0.09229199588298798,0.9950000047683716,0.978600025177002
YDR001C,YER109C,0,-3.866537,0.09228343516588211,0.9950000047683716,0.9786999821662903
YDR346C,YNL142W,0,-3.8737805,0.09227487444877625,0.9950000047683716,0.9787999987602234
YPR132W,YHR109W,0,-3.8748736,0.09226632118225098,0.9950000047683716,0.9789000153541565
YDR358W,YGL011C,0,-3.8751261,0.09225776791572571,0.9950000047683716,0.9789999723434448
YDR201W,YNR013C,0,-3.8780982,0.09224921464920044,0.9950000047683716,0.9790999889373779
YMR056C,YDL006W,0,-3.878196,0.09224066138267517,0.9950000047683716,0.979200005531311
YML130C,YDL122W,1,-3.8782303,0.09232480823993683,0.9959999918937683,0.979200005531311
YOR329C,YKR060W,0,-3.8792489,0.09231624752283096,0.9959999918937683,0.9793000221252441
YPL149W,YGL151W,0,-3.8811696,0.0923076942563057,0.9959999918937683,0.9793999791145325
YDR163W,YFL013C,0,-3.884304,0.09229914098978043,0.9959999918937683,0.9794999957084656
YLR201C,YDR211W,0,-3.8846562,0.09229058772325516,0.9959999918937683,0.9796000123023987
YHL027W,YJL166W,0,-3.8915718,0.09228203445672989,0.9959999918937683,0.9797000288963318
YDR202C,YPL135W,0,-3.8951821,0.09227348864078522,0.9959999918937683,0.9797999858856201
YPL048W,YMR138W,0,-3.8954723,0.09226493537425995,0.9959999918937683,0.9799000024795532
YMR049C,YKL188C,0,-3.8957782,0.09225638955831528,0.9959999918937683,0.9800000190734863
YKL148C,YBR248C,0,-3.898008,0.0922478437423706,0.9959999918937683,0.9800999760627747
YOL052C-A,YDR247W,0,-3.8981314,0.09223930537700653,0.9959999918937683,0.9801999926567078
YDR001C,YAL056W,0,-3.8984208,0.09223075956106186,0.9959999918937683,0.9803000092506409
YML062C,YNL039W,0,-3.899288,0.09222222119569778,0.9959999918937683,0.980400025844574
YLR144C,YLR135W,0,-3.9003813,0.09221368283033371,0.9959999918937683,0.9804999828338623
YOR065W,YML063W,0,-3.9003837,0.09220514446496964,0.9959999918937683,0.9805999994277954
YPL042C,YOR279C,0,-3.9062965,0.09219661355018616,0.9959999918937683,0.9807000160217285
YNL328C,YLR096W,0,-3.9105537,0.09218807518482208,0.9959999918937683,0.9807999730110168
YMR169C,YJL042W,0,-3.9109986,0.0921795442700386,0.9959999918937683,0.98089998960495
YPL239W,YNL119W,0,-3.9134624,0.09217101335525513,0.9959999918937683,0.9810000061988831
YLR193C,YGL048C,0,-3.913912,0.09216248989105225,0.9959999918937683,0.9811000227928162
YBR258C,YDR507C,0,-3.9169803,0.09215395897626877,0.9959999918937683,0.9811999797821045
YJL148W,YKL093W,0,-3.9171607,0.09214543551206589,0.9959999918937683,0.9812999963760376
YHR096C,YKL124W,0,-3.91767,0.092136912047863,0.9959999918937683,0.9814000129699707
YNR023W,YFL021W,0,-3.919261,0.09212838858366013,0.9959999918937683,0.9815000295639038
YMR140W,YJR058C,0,-3.921848,0.09211986511945724,0.9959999918937683,0.9815999865531921
YLR216C,YKL175W,0,-3.9230385,0.09211134910583496,0.9959999918937683,0.9817000031471252
YPL239W,YPR002W,0,-3.923079,0.09210283309221268,0.9959999918937683,0.9818000197410583
YKL082C,YKR063C,0,-3.9274113,0.0920943170785904,0.9959999918937683,0.9818999767303467
YHR096C,YBR281C,0,-3.928232,0.09208580106496811,0.9959999918937683,0.9819999933242798
YMR323W,YIL101C,0,-3.9284573,0.09207728505134583,0.9959999918937683,0.9821000099182129
YPR100W,YGR264C,0,-3.928487,0.09206877648830414,0.9959999918937683,0.982200026512146
YNL067W,YGL259W,0,-3.9285917,0.09206026792526245,0.9959999918937683,0.9822999835014343
YPL147W,YGL184C,0,-3.9293597,0.09205175936222076,0.9959999918937683,0.9824000000953674
YHR030C,YGR055W,0,-3.9296944,0.09204325079917908,0.9959999918937683,0.9825000166893005
YIL107C,YJR068W,0,-3.9312747,0.09203474223613739,0.9959999918937683,0.9825999736785889
YPL160W,YER127W,0,-3.9350593,0.0920262411236763,0.9959999918937683,0.982699990272522
YLR097C,YIR039C,0,-3.935566,0.09201774001121521,0.9959999918937683,0.9828000068664551
YPR006C,YKL001C,0,-3.9367948,0.09200923889875412,0.9959999918937683,0.9829000234603882
YML091C,YJL190C,0,-3.9385293,0.09200073778629303,0.9959999918937683,0.9829999804496765
YJR004C,YKR009C,0,-3.940349,0.09199224412441254,0.9959999918937683,0.9830999970436096
YNL167C,YGL219C,0,-3.9412706,0.09198374301195145,0.9959999918937683,0.9832000136375427
YKL048C,YML118W,0,-3.9429963,0.09197524935007095,0.9959999918937683,0.983299970626831
YOL044W,YLR342W,0,-3.94388,0.09196675568819046,0.9959999918937683,0.9833999872207642
YMR269W,YDR165W,0,-3.944401,0.09195826947689056,0.9959999918937683,0.9835000038146973
YGL169W,YDL051W,0,-3.94517,0.09194977581501007,0.9959999918937683,0.9836000204086304
YCL054W,YBR034C,0,-3.9457405,0.09194128960371017,0.9959999918937683,0.9836999773979187
YDR264C,YLR216C,0,-3.9463778,0.09193280339241028,0.9959999918937683,0.9837999939918518
YGR223C,YGR081C,0,-3.9489093,0.09192431718111038,0.9959999918937683,0.9839000105857849
YPL147W,YEL041W,0,-3.9505873,0.09191583842039108,0.9959999918937683,0.984000027179718
YOR260W,YLR258W,0,-3.952497,0.09190735220909119,0.9959999918937683,0.9840999841690063
YML026C,YMR146C,0,-3.952689,0.09189887344837189,0.9959999918937683,0.9842000007629395
YMR140W,YJL005W,0,-3.955724,0.09189039468765259,0.9959999918937683,0.9843000173568726
YMR302C,YDL142C,0,-3.9564521,0.09188191592693329,0.9959999918937683,0.9843999743461609
YBR191W,YPL154C,0,-3.9566467,0.09187344461679459,0.9959999918937683,0.984499990940094
YLR435W,YGR264C,0,-3.9593747,0.09186496585607529,0.9959999918937683,0.9846000075340271
YOR065W,YHR216W,0,-3.9611478,0.09185649454593658,0.9959999918937683,0.9847000241279602
YKL020C,YLL031C,1,-3.961884,0.0919402465224266,0.996999979019165,0.9847000241279602
YMR061W,YMR304W,0,-3.9621146,0.0919317677617073,0.996999979019165,0.9847999811172485
YMR288W,YPR017C,0,-3.9639964,0.091923289000988,0.996999979019165,0.9848999977111816
YNL119W,YER164W,0,-3.971762,0.0919148176908493,0.996999979019165,0.9850000143051147
YIL042C,YDR429C,0,-3.9721463,0.09190633893013,0.996999979019165,0.9850999712944031
YDR103W,YLL019C,0,-3.9722235,0.0918978676199913,0.996999979019165,0.9851999878883362
YDR449C,YDR490C,0,-3.972336,0.0918894037604332,0.996999979019165,0.9853000044822693
YML093W,YLL040C,0,-3.9728422,0.0918809324502945,0.996999979019165,0.9854000210762024
YJL200C,YPL211W,0,-3.9741447,0.09187246859073639,0.996999979019165,0.9854999780654907
YPR184W,YDL006W,0,-3.9743738,0.09186399728059769,0.996999979019165,0.9855999946594238
YIL097W,YML073C,0,-3.9766805,0.09185553342103958,0.996999979019165,0.9857000112533569
YDR272W,YBR280C,0,-3.9785051,0.09184707701206207,0.996999979019165,0.98580002784729
YDL082W,YJL048C,0,-3.9869716,0.09183861315250397,0.996999979019165,0.9858999848365784
YGL031C,YIL136W,0,-3.9965293,0.09183015674352646,0.996999979019165,0.9860000014305115
YNL308C,YDL051W,0,-3.9997773,0.09182170033454895,0.996999979019165,0.9861000180244446
YNR033W,YKR099W,0,-4.0005517,0.09181324392557144,0.996999979019165,0.9861999750137329
YDR300C,YLR196W,0,-4.0021644,0.09180478751659393,0.996999979019165,0.986299991607666
YDL082W,YDR150W,0,-4.0032916,0.09179633855819702,0.996999979019165,0.9864000082015991
YGL141W,YKR008W,0,-4.0037003,0.09178788214921951,0.996999979019165,0.9865000247955322
YDL113C,YLR327C,0,-4.009631,0.0917794331908226,0.996999979019165,0.9865999817848206
YCR030C,YOL071W,0,-4.0099587,0.09177098423242569,0.996999979019165,0.9866999983787537
YCR061W,YER149C,0,-4.013304,0.09176254272460938,0.996999979019165,0.9868000149726868
YOR033C,YJL005W,0,-4.0143127,0.09175409376621246,0.996999979019165,0.9868999719619751
YGR264C,YFR033C,0,-4.0143857,0.09174565225839615,0.996999979019165,0.9869999885559082
YNL197C,YLR362W,0,-4.0144677,0.09173721075057983,0.996999979019165,0.9871000051498413
YLR226W,YBR001C,0,-4.016166,0.09172876924276352,0.996999979019165,0.9872000217437744
YDR001C,YLR172C,0,-4.0206604,0.0917203277349472,0.996999979019165,0.9872999787330627
YJL003W,YJL140W,0,-4.0217333,0.09171189367771149,0.996999979019165,0.9873999953269958
YMR089C,YKR089C,0,-4.0264535,0.09170345962047577,0.996999979019165,0.987500011920929
YOR275C,YNL093W,0,-4.0306463,0.09169502556324005,0.996999979019165,0.9876000285148621
YHR171W,YOR061W,0,-4.032555,0.09168659150600433,0.996999979019165,0.9876999855041504
YJR096W,YGR008C,0,-4.0336385,0.09167815744876862,0.996999979019165,0.9878000020980835
YER114C,YER129W,0,-4.0412087,0.0916697308421135,0.996999979019165,0.9879000186920166
YBR187W,YDR258C,0,-4.041964,0.09166130423545837,0.996999979019165,0.9879999756813049
YGL097W,YMR271C,0,-4.042879,0.09165287762880325,0.996999979019165,0.988099992275238
YOL052C-A,YPR060C,0,-4.0444713,0.09164445102214813,0.996999979019165,0.9882000088691711
YKR072C,YBR001C,0,-4.0481734,0.09163603186607361,0.996999979019165,0.9883000254631042
YOL097C,YDR003W,0,-4.0491953,0.09162760525941849,0.996999979019165,0.9883999824523926
YAL062W,YOL133W,0,-4.0508795,0.09161918610334396,0.996999979019165,0.9884999990463257
YDR043C,YDR425W,0,-4.052333,0.09161076694726944,0.996999979019165,0.9886000156402588
YMR311C,YIL110W,0,-4.0524173,0.09160235524177551,0.996999979019165,0.9886999726295471
YKL193C,YLR324W,0,-4.053836,0.09159393608570099,0.996999979019165,0.9887999892234802
YDR258C,YML034W,0,-4.0548043,0.09158552438020706,0.996999979019165,0.9889000058174133
YNL039W,YDR515W,0,-4.0574946,0.09157711267471313,0.996999979019165,0.9890000224113464
YKL067W,YLL041C,0,-4.067236,0.09156870096921921,0.996999979019165,0.9890999794006348
YBL092W,YBL022C,0,-4.0703716,0.09156028926372528,0.996999979019165,0.9891999959945679
YIL064W,YHR197W,0,-4.0709367,0.09155188500881195,0.996999979019165,0.989300012588501
YMR197C,YIL136W,0,-4.0726504,0.09154347330331802,0.996999979019165,0.9894000291824341
YOR143C,YGL208W,0,-4.0751896,0.0915350690484047,0.996999979019165,0.9894999861717224
YKR002W,YGR161C,0,-4.075218,0.09152666479349136,0.996999979019165,0.9896000027656555
YGL219C,YML106W,0,-4.0759354,0.09151826798915863,0.996999979019165,0.9897000193595886
YPR185W,YNR044W,0,-4.0778136,0.0915098637342453,0.996999979019165,0.989799976348877
YGR278W,YIR039C,0,-4.085717,0.09150146692991257,0.996999979019165,0.9898999929428101
YDR529C,YDL031W,0,-4.091269,0.09149307012557983,0.996999979019165,0.9900000095367432
YNL009W,YDL031W,0,-4.096083,0.0914846733212471,0.996999979019165,0.9901000261306763
YCR047C,YCL054W,0,-4.097071,0.09147628396749496,0.996999979019165,0.9901999831199646
YGL120C,YNR001C,0,-4.0997143,0.09146788716316223,0.996999979019165,0.9902999997138977
YLR272C,YPL006W,0,-4.114823,0.0914594978094101,0.996999979019165,0.9904000163078308
YLR377C,YGR240C,0,-4.1155467,0.09145110845565796,0.996999979019165,0.9904999732971191
YOR317W,YNL279W,0,-4.117225,0.09144271910190582,0.996999979019165,0.9905999898910522
YHR148W,YDR379W,0,-4.122406,0.09143433719873428,0.996999979019165,0.9907000064849854
YJL115W,YLR398C,0,-4.125716,0.09142594784498215,0.996999979019165,0.9908000230789185
YGL047W,YOR044W,1,-4.1268682,0.09150926023721695,0.9980000257492065,0.9908000230789185
YNL067W,YPL135W,0,-4.129938,0.09150087088346481,0.9980000257492065,0.9908999800682068
YDR145W,YKL067W,0,-4.1313577,0.09149248152971268,0.9980000257492065,0.9909999966621399
YGL259W,YDL024C,0,-4.1336813,0.09148409217596054,0.9980000257492065,0.991100013256073
YMR110C,YGL073W,0,-4.133841,0.091475710272789,0.9980000257492065,0.9911999702453613
YDR184C,YOR275C,0,-4.1353803,0.09146732836961746,0.9980000257492065,0.9912999868392944
YER006W,YLR178C,0,-4.1369557,0.09145894646644592,0.9980000257492065,0.9914000034332275
YOL151W,YIR041W,0,-4.1409597,0.09145056456327438,0.9980000257492065,0.9915000200271606
YHR019C,YLR449W,0,-4.148116,0.09144218266010284,0.9980000257492065,0.991599977016449
YKL163W,YLR304C,0,-4.1566124,0.0914338082075119,0.9980000257492065,0.9916999936103821
YNL182C,YDR021W,0,-4.165343,0.09142543375492096,0.9980000257492065,0.9918000102043152
YOR168W,YOR252W,0,-4.177044,0.09141705930233002,0.9980000257492065,0.9919000267982483
YDR122W,YGL037C,0,-4.184542,0.09140868484973907,0.9980000257492065,0.9919999837875366
YOR056C,YER053C,0,-4.189788,0.09140031039714813,0.9980000257492065,0.9921000003814697
YNL067W,YBL022C,0,-4.190732,0.09139194339513779,0.9980000257492065,0.9922000169754028
YHL011C,YIL127C,0,-4.1946006,0.09138357639312744,0.9980000257492065,0.9922999739646912
YDR145W,YDL222C,0,-4.1977415,0.0913752093911171,0.9980000257492065,0.9923999905586243
YAL003W,YML026C,0,-4.200836,0.09136684238910675,0.9980000257492065,0.9925000071525574
YHL001W,YPL160W,0,-4.2022743,0.0913584753870964,0.9980000257492065,0.9926000237464905
YPL211W,YKR024C,0,-4.2072725,0.09135011583566666,0.9980000257492065,0.9926999807357788
YCR030C,YNL182C,0,-4.2096257,0.09134175628423691,0.9980000257492065,0.9927999973297119
YDL146W,YER127W,0,-4.214517,0.09133339673280716,0.9980000257492065,0.992900013923645
YGL227W,YJL048C,0,-4.215275,0.09132503718137741,0.9980000257492065,0.9929999709129333
YGL053W,YDL072C,1,-4.2163672,0.09140817821025848,0.9990000128746033,0.9929999709129333
YER082C,YBL024W,0,-4.217849,0.09139981865882874,0.9990000128746033,0.9930999875068665
YDR436W,YMR131C,0,-4.2180586,0.09139145910739899,0.9990000128746033,0.9932000041007996
YMR311C,YMR271C,0,-4.2214565,0.09138309210538864,0.9990000128746033,0.9933000206947327
YKL014C,YKL144C,0,-4.2265444,0.09137474000453949,0.9990000128746033,0.993399977684021
YCR010C,YDR377W,0,-4.227456,0.09136638045310974,0.9990000128746033,0.9934999942779541
YDR513W,YDR082W,0,-4.2320795,0.09135802835226059,0.9990000128746033,0.9936000108718872
YIR038C,YMR065W,1,-4.2540097,0.09144110977649689,1.0,0.9936000108718872
YKL148C,YKL163W,0,-4.265917,0.09143275022506714,1.0,0.9937000274658203
YER143W,YER119C,0,-4.27032,0.09142439067363739,1.0,0.9937999844551086
YDR059C,YGR248W,0,-4.2873344,0.09141603112220764,1.0,0.9939000010490417
YAL003W,YMR146C,0,-4.3030243,0.09140767902135849,1.0,0.9940000176429749
YOR275C,YMR271C,0,-4.303732,0.09139932692050934,1.0,0.9940999746322632
YGR078C,YHR052W,0,-4.3073907,0.09139096736907959,1.0,0.9941999912261963
YIL033C,YLR258W,0,-4.30918,0.09138262271881104,1.0,0.9943000078201294
YFL002C,YOR252W,0,-4.316104,0.09137427061796188,1.0,0.9944000244140625
YBR247C,YDR021W,0,-4.318284,0.09136591851711273,1.0,0.9944999814033508
YFL059W,YLR403W,0,-4.319518,0.09135757386684418,1.0,0.9945999979972839
YNL036W,YDR028C,0,-4.3257256,0.09134922921657562,1.0,0.994700014591217
YIL017C,YNL223W,0,-4.335678,0.09134088456630707,1.0,0.9947999715805054
YHR066W,YHR171W,0,-4.3543396,0.09133253991603851,1.0,0.9948999881744385
YGR283C,YDL031W,0,-4.355647,0.09132420271635056,1.0,0.9950000047683716
YGR128C,YEL012W,0,-4.357679,0.091315858066082,1.0,0.9951000213623047
YDR058C,YJR048W,0,-4.3598723,0.09130752086639404,1.0,0.995199978351593
YKR060W,YPL152W,0,-4.368499,0.09129919111728668,1.0,0.9952999949455261
YDL147W,YNL167C,0,-4.37718,0.09129085391759872,1.0,0.9954000115394592
YKL142W,YKL193C,0,-4.381215,0.09128251671791077,1.0,0.9955000281333923
YOR340C,YIL017C,0,-4.388454,0.0912741869688034,1.0,0.9955999851226807
YJL104W,YJL096W,0,-4.391597,0.09126585721969604,1.0,0.9957000017166138
YDL150W,YLR221C,0,-4.3959928,0.09125752747058868,1.0,0.9958000183105469
YPR184W,YDL022W,0,-4.4097366,0.09124920517206192,1.0,0.9958999752998352
YHL013C,YCL059C,0,-4.420899,0.09124087542295456,1.0,0.9959999918937683
YPL159C,YEL012W,0,-4.421504,0.0912325531244278,1.0,0.9961000084877014
YLR367W,YER065C,0,-4.4220557,0.09122423082590103,1.0,0.9962000250816345
YKL014C,YJL125C,0,-4.4291472,0.09121590852737427,1.0,0.9962999820709229
YKR007W,YDR423C,0,-4.4415746,0.0912075862288475,1.0,0.996399998664856
YCL044C,YNL164C,0,-4.4445324,0.09119927138090134,1.0,0.9965000152587891
YHR030C,YBL015W,0,-4.4870453,0.09119095653295517,1.0,0.9965999722480774
YDL060W,YDR165W,0,-4.4878273,0.091182641685009,1.0,0.9966999888420105
YLR038C,YPR191W,0,-4.49361,0.09117432683706284,1.0,0.9968000054359436
YLR142W,YOL066C,0,-4.502969,0.09116601198911667,1.0,0.9969000220298767
YNL175C,YKR046C,0,-4.5054255,0.0911577045917511,1.0,0.996999979019165
YDR335W,YOR269W,0,-4.5150557,0.09114939719438553,1.0,0.9970999956130981
YOR330C,YLR309C,0,-4.5362873,0.09114108979701996,1.0,0.9972000122070312
YDR450W,YBL092W,0,-4.5548873,0.09113278239965439,1.0,0.9973000288009644
YKR014C,YDR532C,0,-4.56147,0.09112447500228882,1.0,0.9973999857902527
YGL078C,YDL051W,0,-4.571939,0.09111617505550385,1.0,0.9975000023841858
YBR079C,YDR312W,0,-4.575926,0.09110787510871887,1.0,0.9976000189781189
YNL117W,YBR280C,0,-4.5762568,0.0910995751619339,1.0,0.9976999759674072
YGR194C,YHR052W,0,-4.5876517,0.09109127521514893,1.0,0.9977999925613403
YKR058W,YKL138C,0,-4.5931587,0.09108297526836395,1.0,0.9979000091552734
YPR112C,YAL061W,0,-4.5938387,0.09107468277215958,1.0,0.9980000257492065
YLR409C,YDR165W,0,-4.6278977,0.0910663902759552,1.0,0.9980999827384949
YER062C,YGR256W,0,-4.635659,0.09105809777975082,1.0,0.998199999332428
YER103W,YBR280C,0,-4.655284,0.09104980528354645,1.0,0.9983000159263611
YDL081C,YDR500C,0,-4.663096,0.09104151278734207,1.0,0.9983999729156494
YGL006W,YIL107C,0,-4.693083,0.09103322774171829,1.0,0.9984999895095825
YHR066W,YPL086C,0,-4.697102,0.09102494269609451,1.0,0.9986000061035156
YER103W,YNR047W,0,-4.69724,0.09101665765047073,1.0,0.9987000226974487
YDR184C,YPL152W,0,-4.74174,0.09100837260484695,1.0,0.9987999796867371
YNL293W,YMR041C,0,-4.7779803,0.09100008755922318,1.0,0.9988999962806702
YNL256W,YLR196W,0,-4.8399405,0.09099180996417999,1.0,0.9990000128746033
YPR144C,YNL182C,0,-4.8813524,0.09098353236913681,1.0,0.9991000294685364
YIL133C,YML073C,0,-4.890235,0.09097525477409363,1.0,0.9991999864578247
YGR248W,YOL082W,0,-4.911044,0.09096697717905045,1.0,0.9993000030517578
YKL009W,YLR196W,0,-4.971533,0.09095870703458786,1.0,0.9994000196456909
YDR145W,YHR160C,0,-4.992593,0.09095042943954468,1.0,0.9994999766349792
YOL127W,YDR418W,0,-5.152399,0.09094215929508209,1.0,0.9995999932289124
YKR092C,YHR052W,0,-5.3606873,0.0909338891506195,1.0,0.9997000098228455
YPL220W,YGL147C,0,-5.5378504,0.09092562645673752,1.0,0.9998000264167786
YLR048W,YDL075W,0,-5.5756645,0.09091735631227493,1.0,0.9998999834060669
YLR435W,YOR340C,0,-5.8150306,0.09090909361839294,1.0,1.0
