Gene A,Gene B,Label,Score,Precision,Recall,False Positive Rate
YBR098W,YBR100W,1,-1.3052967,1.0,0.0010000000474974513,0.0
YPR178W,YEL004W,0,-2.0044937,0.5,0.0010000000474974513,9.999999747378752e-05
YDR446W,YGL033W,1,-2.058027,0.6666666865348816,0.0020000000949949026,9.999999747378752e-05
YDL008W,YGR059W,0,-2.0586855,0.5,0.0020000000949949026,0.00019999999494757503
YGL175C,YPR164W,1,-2.0828469,0.6000000238418579,0.003000000026077032,0.00019999999494757503
YHL022C,YIR025W,1,-2.0954545,0.6666666865348816,0.004000000189989805,0.00019999999494757503
YER111C,YIR033W,0,-2.1384366,0.5714285969734192,0.004000000189989805,0.0003000000142492354
YML060W,YPR046W,0,-2.1394699,0.5,0.004000000189989805,0.00039999998989515007
YNL250W,YMR224C,1,-2.1514533,0.5555555820465088,0.004999999888241291,0.00039999998989515007
YGL175C,YIR025W,1,-2.1698453,0.6000000238418579,0.006000000052154064,0.00039999998989515007
YNL250W,YGL033W,1,-2.1717117,0.6363636255264282,0.007000000216066837,0.00039999998989515007
YGL175C,YML032C,1,-2.2067428,0.6666666865348816,0.00800000037997961,0.00039999998989515007
YBR114W,YJL106W,0,-2.214733,0.6153846383094788,0.00800000037997961,0.0005000000237487257
YHL022C,YFL003C,1,-2.233186,0.6428571343421936,0.008999999612569809,0.0005000000237487257
YMR106C,YFL003C,1,-2.2526493,0.6666666865348816,0.009999999776482582,0.0005000000237487257
YCL016C,YLR215C,0,-2.2538292,0.625,0.009999999776482582,0.0006000000284984708
YER062C,YMR015C,0,-2.258479,0.5882353186607361,0.009999999776482582,0.000699999975040555
YGR091W,YJR035W,0,-2.2756398,0.5555555820465088,0.009999999776482582,0.0007999999797903001
YDL059C,YHL022C,1,-2.2794638,0.5789473652839661,0.010999999940395355,0.0007999999797903001
YDR480W,YDR437W,0,-2.2934525,0.550000011920929,0.010999999940395355,0.0008999999845400453
YGL090W,YJR102C,0,-2.2978163,0.523809552192688,0.010999999940395355,0.0010000000474974513
YDL059C,YBR136W,1,-2.3077383,0.5454545617103577,0.012000000104308128,0.0010000000474974513
YLR234W,YML061C,1,-2.31742,0.5652173757553101,0.013000000268220901,0.0010000000474974513
YPL194W,YDR180W,1,-2.3219492,0.5833333134651184,0.014000000432133675,0.0010000000474974513
YPL194W,YLR234W,1,-2.328594,0.6000000238418579,0.014999999664723873,0.0010000000474974513
YDL017W,YOL101C,0,-2.3330908,0.5769230723381042,0.014999999664723873,0.0010999999940395355
YDR440W,YMR133W,1,-2.3331213,0.5925925970077515,0.01600000075995922,0.0010999999940395355
YER111C,YHR082C,0,-2.3370392,0.5714285969734192,0.01600000075995922,0.0012000000569969416
YGL175C,YGL033W,1,-2.3572102,0.5862069129943848,0.017000000923871994,0.0012000000569969416
YGL175C,YLR288C,1,-2.362925,0.6000000238418579,0.017999999225139618,0.0012000000569969416
YML095C,YIR025W,1,-2.3659298,0.6129032373428345,0.01899999938905239,0.0012000000569969416
YOL017W,YHR187W,0,-2.392751,0.59375,0.01899999938905239,0.0013000000035390258
YPR119W,YER026C,0,-2.3997777,0.5757575631141663,0.01899999938905239,0.00139999995008111
YJL090C,YPL164C,1,-2.4088752,0.5882353186607361,0.019999999552965164,0.00139999995008111
YAR007C,YMR133W,1,-2.412899,0.6000000238418579,0.020999999716877937,0.00139999995008111
YNL090W,YCL066W,0,-2.417071,0.5833333134651184,0.020999999716877937,0.001500000013038516
YKL130C,YLR234W,1,-2.4439464,0.5945945978164673,0.02199999988079071,0.001500000013038516
YJL013C,YDR499W,0,-2.444844,0.5789473652839661,0.02199999988079071,0.0015999999595806003
YGL175C,YML061C,1,-2.446639,0.5897436141967773,0.023000000044703484,0.0015999999595806003
YGL194C,YNL172W,0,-2.4506168,0.574999988079071,0.023000000044703484,0.0017000000225380063
YGL175C,YHR079C-A,1,-2.4558926,0.5853658318519592,0.024000000208616257,0.0017000000225380063
YIL017C,YJL194W,0,-2.465584,0.5714285969734192,0.024000000208616257,0.0017999999690800905
YAL032C,YBR240C,0,-2.467056,0.5581395626068115,0.024000000208616257,0.0019000000320374966
YDL059C,YNL250W,1,-2.4685018,0.5681818127632141,0.02500000037252903,0.0019000000320374966
YGL227W,YOR351C,0,-2.4739776,0.5555555820465088,0.02500000037252903,0.0020000000949949026
YHR086W,YCR066W,0,-2.4739811,0.54347825050354,0.02500000037252903,0.002099999925121665
YOL017W,YBR275C,0,-2.4780402,0.5319148898124695,0.02500000037252903,0.002199999988079071
YGL194C,YJL013C,0,-2.4833887,0.5208333134651184,0.02500000037252903,0.002300000051036477
YIR009W,YJR035W,0,-2.4841242,0.5102040767669678,0.02500000037252903,0.002400000113993883
YHR061C,YER174C,0,-2.490177,0.5,0.02500000037252903,0.0024999999441206455
YMR106C,YBR073W,1,-2.491192,0.5098039507865906,0.026000000536441803,0.0024999999441206455
YHL040C,YHR120W,0,-2.4941711,0.5,0.026000000536441803,0.0026000000070780516
YNL082W,YHR079C-A,1,-2.496139,0.5094339847564697,0.027000000700354576,0.0026000000070780516
YOR078W,YML058W-A,0,-2.501801,0.5,0.027000000700354576,0.0027000000700354576
YGL175C,YNL139C,1,-2.5018759,0.5090909004211426,0.02800000086426735,0.0027000000700354576
YGL227W,YJL194W,0,-2.5023527,0.5,0.02800000086426735,0.00279999990016222
YGR059W,YNL026W,0,-2.5026398,0.4912280738353729,0.02800000086426735,0.002899999963119626
YGL175C,YOR144C,1,-2.5038676,0.5,0.028999999165534973,0.002899999963119626
YHR079C-A,YBR136W,1,-2.5044265,0.508474588394165,0.029999999329447746,0.002899999963119626
YLR234W,YER173W,1,-2.5120163,0.5166666507720947,0.03099999949336052,0.002899999963119626
YML007W,YMR287C,0,-2.5133085,0.5081967115402222,0.03099999949336052,0.003000000026077032
YGL163C,YHL022C,1,-2.5229435,0.5161290168762207,0.03200000151991844,0.003000000026077032
YFL014W,YBL013W,0,-2.5238678,0.5079365372657776,0.03200000151991844,0.003100000089034438
YOL017W,YBR175W,0,-2.5239077,0.5,0.03200000151991844,0.0031999999191612005
YLR205C,YAL026C,0,-2.5294585,0.4923076927661896,0.03200000151991844,0.0032999999821186066
YCR065W,YGL096W,0,-2.5297465,0.4848484992980957,0.03200000151991844,0.0034000000450760126
YGL175C,YDR289C,1,-2.5303288,0.49253731966018677,0.032999999821186066,0.0034000000450760126
YDR440W,YER173W,1,-2.5342236,0.5,0.03400000184774399,0.0034000000450760126
YHR167W,YPL121C,1,-2.536809,0.5072463750839233,0.03500000014901161,0.0034000000450760126
YER095W,YHL022C,1,-2.537307,0.5142857432365417,0.035999998450279236,0.0034000000450760126
YGL163C,YPR164W,1,-2.542723,0.5211267471313477,0.03700000047683716,0.0034000000450760126
YJL194W,YIR008C,0,-2.5437088,0.5138888955116272,0.03700000047683716,0.0035000001080334187
YCL055W,YEL004W,0,-2.5460076,0.5068492889404297,0.03700000047683716,0.003599999938160181
YGL175C,YLR219W,1,-2.5521955,0.5135135054588318,0.03799999877810478,0.003599999938160181
YHR167W,YMR133W,1,-2.5533829,0.5199999809265137,0.039000000804662704,0.003599999938160181
YBR040W,YJL013C,0,-2.5560343,0.5131579041481018,0.039000000804662704,0.003700000001117587
YDL017W,YDR030C,0,-2.5719056,0.5064935088157654,0.039000000804662704,0.003800000064074993
YMR106C,YHL022C,1,-2.5724664,0.5128205418586731,0.03999999910593033,0.003800000064074993
YDR165W,YCR086W,0,-2.5738242,0.5063291192054749,0.03999999910593033,0.0038999998942017555
YDL059C,YIR025W,1,-2.5794015,0.512499988079071,0.04100000113248825,0.0038999998942017555
YMR106C,YDR110W,1,-2.580883,0.5185185074806213,0.041999999433755875,0.0038999998942017555
YNL250W,YDR440W,1,-2.58565,0.5243902206420898,0.0430000014603138,0.0038999998942017555
YER095W,YPL164C,1,-2.5962162,0.5301204919815063,0.04399999976158142,0.0038999998942017555
YHR079C-A,YGL033W,1,-2.5967255,0.5357142686843872,0.04500000178813934,0.0038999998942017555
YLR411W,YOR237W,0,-2.597067,0.529411792755127,0.04500000178813934,0.004000000189989805
YGL175C,YJL090C,1,-2.6019583,0.5348837375640869,0.04600000008940697,0.004000000189989805
YLR016C,YJR053W,0,-2.6035838,0.5287356376647949,0.04600000008940697,0.004100000020116568
YHR079C-A,YNL250W,1,-2.6056914,0.5340909361839294,0.04699999839067459,0.004100000020116568
YGL175C,YER173W,1,-2.6061265,0.5393258333206177,0.04800000041723251,0.004100000020116568
YGL033W,YLR288C,1,-2.6074347,0.5444444417953491,0.04899999871850014,0.004100000020116568
YBR098W,YNL250W,1,-2.6121051,0.5494505763053894,0.05000000074505806,0.004100000020116568
YIR025W,YDL164C,1,-2.6150494,0.554347813129425,0.050999999046325684,0.004100000020116568
YGL175C,YOL072W,1,-2.6265502,0.5591397881507874,0.052000001072883606,0.004100000020116568
YLR234W,YPL164C,1,-2.6294312,0.563829779624939,0.05299999937415123,0.004100000020116568
YNL082W,YGL213C,1,-2.6379838,0.5684210658073425,0.05400000140070915,0.004100000020116568
YML034W,YDL039C,0,-2.6415622,0.5625,0.05400000140070915,0.00419999985024333
YOR279C,YEL019C,0,-2.644349,0.5567010045051575,0.05400000140070915,0.00430000014603138
YDR470C,YGR129W,0,-2.6468186,0.5510203838348389,0.05400000140070915,0.004399999976158142
YMR224C,YAR007C,1,-2.6523635,0.5555555820465088,0.054999999701976776,0.004399999976158142
YDL017W,YNL314W,0,-2.654616,0.550000011920929,0.054999999701976776,0.0044999998062849045
YLR234W,YDR180W,1,-2.6585839,0.5544554591178894,0.0560000017285347,0.0044999998062849045
YLL034C,YPL155C,0,-2.6595361,0.5490196347236633,0.0560000017285347,0.004600000102072954
YGL175C,YPL022W,1,-2.660643,0.553398072719574,0.05700000002980232,0.004600000102072954
YGL194C,YMR175W,0,-2.6606593,0.5480769276618958,0.05700000002980232,0.004699999932199717
YDR451C,YCL010C,0,-2.6609087,0.5428571701049805,0.05700000002980232,0.004800000227987766
YHR082C,YOR174W,0,-2.6624656,0.5377358198165894,0.05700000002980232,0.004900000058114529
YGL033W,YOR368W,1,-2.666641,0.5420560836791992,0.057999998331069946,0.004900000058114529
YER109C,YHR061C,0,-2.6671474,0.5370370149612427,0.057999998331069946,0.004999999888241291
YLR047C,YNL299W,0,-2.6674445,0.5321100950241089,0.057999998331069946,0.005100000184029341
YKL173W,YHR082C,0,-2.6693091,0.5272727012634277,0.057999998331069946,0.005200000014156103
YBL025W,YNL210W,0,-2.6719885,0.522522509098053,0.057999998331069946,0.0052999998442828655
YGR037C,YGR145W,0,-2.6728337,0.5178571343421936,0.057999998331069946,0.005400000140070915
YPL181W,YEL004W,0,-2.675189,0.5132743120193481,0.057999998331069946,0.005499999970197678
YCR092C,YPL194W,1,-2.678442,0.5175438523292542,0.05900000035762787,0.005499999970197678
YER111C,YKL148C,0,-2.6843386,0.5130434632301331,0.05900000035762787,0.00559999980032444
YBL103C,YFL055W,0,-2.689785,0.5086206793785095,0.05900000035762787,0.00570000009611249
YEL019C,YJR035W,0,-2.693254,0.504273533821106,0.05900000035762787,0.005799999926239252
YHL022C,YBR130C,1,-2.6940145,0.508474588394165,0.05999999865889549,0.005799999926239252
YLR102C,YDR183W,0,-2.6951442,0.5042017102241516,0.05999999865889549,0.005900000222027302
YIL153W,YDR085C,0,-2.695544,0.5,0.05999999865889549,0.006000000052154064
YOR026W,YPL271W,0,-2.6984518,0.4958677589893341,0.05999999865889549,0.006099999882280827
YDL209C,YPL241C,0,-2.7015185,0.49180328845977783,0.05999999865889549,0.006200000178068876
YCL016C,YCR040W,0,-2.7149205,0.4878048896789551,0.05999999865889549,0.006300000008195639
YDR314C,YMR227C,0,-2.7158253,0.4838709533214569,0.05999999865889549,0.006399999838322401
YHL022C,YPL194W,1,-2.7173505,0.4880000054836273,0.061000000685453415,0.006399999838322401
YHR079C-A,YBR073W,1,-2.7175727,0.4920634925365448,0.06199999898672104,0.006399999838322401
YGL033W,YML061C,1,-2.7181344,0.4960629940032959,0.06300000101327896,0.006399999838322401
YJL173C,YCR092C,1,-2.727384,0.5,0.06400000303983688,0.006399999838322401
YDR021W,YMR179W,0,-2.727967,0.4961240291595459,0.06400000303983688,0.006500000134110451
YCR086W,YOR083W,0,-2.7296715,0.4923076927661896,0.06400000303983688,0.006599999964237213
YML032C,YPL164C,1,-2.7299452,0.49618321657180786,0.06499999761581421,0.006599999964237213
YCR092C,YMR224C,1,-2.7300603,0.5,0.06599999964237213,0.006599999964237213
YJL109C,YBL007C,0,-2.7348604,0.49624061584472656,0.06599999964237213,0.0066999997943639755
YNL021W,YDR163W,0,-2.7379217,0.49253731966018677,0.06599999964237213,0.006800000090152025
YML095C,YMR133W,1,-2.7383418,0.4962962865829468,0.06700000166893005,0.006800000090152025
YCL026C-A,YGR195W,0,-2.740346,0.49264705181121826,0.06700000166893005,0.006899999920278788
YNL206C,YLR234W,1,-2.7414844,0.49635037779808044,0.06800000369548798,0.006899999920278788
YGR188C,YIR012W,0,-2.7442236,0.49275362491607666,0.06800000369548798,0.007000000216066837
YML095C,YAL029C,1,-2.7458751,0.49640288949012756,0.0689999982714653,0.007000000216066837
YHR014W,YNL128W,0,-2.7478113,0.4928571283817291,0.0689999982714653,0.0071000000461936
YGL175C,YMR133W,1,-2.748531,0.4964539110660553,0.07000000029802322,0.0071000000461936
YDR363W,YDR490C,0,-2.751349,0.49295774102211,0.07000000029802322,0.007199999876320362
YBR152W,YNL106C,0,-2.752891,0.4895104765892029,0.07000000029802322,0.007300000172108412
YFL013C,YBL013W,0,-2.7548301,0.4861111044883728,0.07000000029802322,0.007400000002235174
YHR167W,YKL130C,1,-2.755831,0.48965516686439514,0.07100000232458115,0.007400000002235174
YOL054W,YLR215C,0,-2.757371,0.48630136251449585,0.07100000232458115,0.007499999832361937
YBR107C,YLR190W,0,-2.7601593,0.4829931855201721,0.07100000232458115,0.007600000128149986
YOR346W,YPR178W,0,-2.7609563,0.4797297418117523,0.07100000232458115,0.007699999958276749
YLR035C,YDR205W,0,-2.7616916,0.47651007771492004,0.07100000232458115,0.007799999788403511
YHR124W,YMR239C,0,-2.7644434,0.47333332896232605,0.07100000232458115,0.007899999618530273
YIL008W,YIR019C,0,-2.7645626,0.4701986610889435,0.07100000232458115,0.00800000037997961
YNL236W,YLL050C,0,-2.7649517,0.46710526943206787,0.07100000232458115,0.008100000210106373
YDR165W,YNR010W,0,-2.7667415,0.46405228972435,0.07100000232458115,0.008200000040233135
YDL209C,YLR032W,0,-2.7680566,0.4610389471054077,0.07100000232458115,0.008299999870359898
YGL175C,YJL047C,1,-2.7708468,0.46451613306999207,0.07199999690055847,0.008299999870359898
YBR114W,YDR393W,0,-2.7710195,0.4615384638309479,0.07199999690055847,0.00839999970048666
YDR021W,YJL004C,0,-2.771275,0.4585987329483032,0.07199999690055847,0.008500000461935997
YLR263W,YIR019C,0,-2.771811,0.4556961953639984,0.07199999690055847,0.00860000029206276
YGL175C,YGL213C,1,-2.7736387,0.4591194987297058,0.0729999989271164,0.00860000029206276
YLR263W,YKL093W,0,-2.7750373,0.45625001192092896,0.0729999989271164,0.008700000122189522
YMR106C,YER173W,1,-2.7750602,0.45962733030319214,0.07400000095367432,0.008700000122189522
YMR106C,YDR180W,1,-2.7758727,0.46296295523643494,0.07500000298023224,0.008700000122189522
YHR172W,YLR459W,0,-2.7761881,0.4601227045059204,0.07500000298023224,0.008799999952316284
YNR054C,YPR046W,0,-2.7763305,0.4573170840740204,0.07500000298023224,0.008899999782443047
YNL007C,YER003C,0,-2.7763827,0.4545454680919647,0.07500000298023224,0.008999999612569809
YCL010C,YAL034W-A,0,-2.778384,0.4518072307109833,0.07500000298023224,0.009100000374019146
YJL134W,YNL245C,0,-2.7786136,0.4491018056869507,0.07500000298023224,0.009200000204145908
YJR110W,YHR058C,0,-2.7805305,0.4464285671710968,0.07500000298023224,0.00930000003427267
YEL019C,YMR264W,0,-2.781377,0.44378697872161865,0.07500000298023224,0.009399999864399433
YIL066C,YPL130W,0,-2.7859826,0.44117647409439087,0.07500000298023224,0.009499999694526196
YMR106C,YDR440W,1,-2.7868934,0.4444444477558136,0.07599999755620956,0.009499999694526196
YLR234W,YOR368W,1,-2.7869267,0.447674423456192,0.07699999958276749,0.009499999694526196
YGL175C,YDL154W,1,-2.7878726,0.45086705684661865,0.07800000160932541,0.009499999694526196
YJL001W,YOL101C,0,-2.7922268,0.4482758641242981,0.07800000160932541,0.009600000455975533
YPL047W,YGR108W,0,-2.7925024,0.4457142949104309,0.07800000160932541,0.009700000286102295
YBR073W,YLR234W,1,-2.793509,0.4488636255264282,0.07900000363588333,0.009700000286102295
YIL132C,YML034W,0,-2.794487,0.44632768630981445,0.07900000363588333,0.009800000116229057
YMR106C,YBR136W,1,-2.7954319,0.449438214302063,0.07999999821186066,0.009800000116229057
YBL061C,YPR201W,0,-2.7970772,0.44692736864089966,0.07999999821186066,0.00989999994635582
YHL022C,YMR224C,1,-2.7977579,0.44999998807907104,0.08100000023841858,0.00989999994635582
YLR016C,YKL146W,0,-2.7979956,0.4475138187408447,0.08100000023841858,0.009999999776482582
YDL059C,YPL121C,1,-2.8000603,0.450549453496933,0.0820000022649765,0.009999999776482582
YPL181W,YLL038C,0,-2.803753,0.4480874240398407,0.0820000022649765,0.010099999606609344
YML032C,YMR224C,1,-2.804793,0.45108696818351746,0.08299999684095383,0.010099999606609344
YDR213W,YFR052W,0,-2.8062587,0.4486486613750458,0.08299999684095383,0.010200000368058681
YNL250W,YMR133W,1,-2.8067102,0.4516128897666931,0.08399999886751175,0.010200000368058681
YDR440W,YOR368W,1,-2.8079982,0.4545454680919647,0.08500000089406967,0.010200000368058681
YLR234W,YER104W,1,-2.8087783,0.457446813583374,0.0860000029206276,0.010200000368058681
YEL019C,YLR212C,0,-2.8092778,0.45502644777297974,0.0860000029206276,0.010300000198185444
YDR228C,YJL106W,0,-2.8111634,0.4526315927505493,0.0860000029206276,0.010400000028312206
YBR175W,YEL042W,0,-2.811223,0.45026177167892456,0.0860000029206276,0.010499999858438969
YDR295C,YBL074C,0,-2.8127108,0.4479166567325592,0.0860000029206276,0.010599999688565731
YMR168C,YBL074C,0,-2.8140352,0.4455958604812622,0.0860000029206276,0.010700000450015068
YFR031C,YNL307C,0,-2.8204942,0.44329896569252014,0.0860000029206276,0.01080000028014183
YIL061C,YAL054C,0,-2.8213067,0.44102564454078674,0.0860000029206276,0.010900000110268593
YIL084C,YKR038C,0,-2.8219867,0.43877550959587097,0.0860000029206276,0.010999999940395355
YDR213W,YIL065C,0,-2.8226743,0.43654823303222656,0.0860000029206276,0.011099999770522118
YLR210W,YMR293C,0,-2.8229353,0.4343434274196625,0.0860000029206276,0.01119999960064888
YGL116W,YHR176W,0,-2.824212,0.43216079473495483,0.0860000029206276,0.011300000362098217
YHR167W,YHL024W,1,-2.8246577,0.4350000023841858,0.08699999749660492,0.011300000362098217
YGL166W,YEL004W,0,-2.825537,0.43283581733703613,0.08699999749660492,0.01140000019222498
YPL121C,YDR113C,1,-2.826083,0.4356435537338257,0.08799999952316284,0.01140000019222498
YDR440W,YLR288C,1,-2.8264585,0.43842363357543945,0.08900000154972076,0.01140000019222498
YHR194W,YCR089W,0,-2.8266604,0.4362744987010956,0.08900000154972076,0.011500000022351742
YDR499W,YDR252W,0,-2.8290105,0.43414634466171265,0.08900000154972076,0.011599999852478504
YJL090C,YER104W,1,-2.8301568,0.43689319491386414,0.09000000357627869,0.011599999852478504
YHL024W,YMR224C,1,-2.830837,0.4396135210990906,0.09099999815225601,0.011599999852478504
YPL256C,YDR416W,0,-2.8310432,0.4375,0.09099999815225601,0.011699999682605267
YOR144C,YPL194W,1,-2.8314342,0.440191388130188,0.09200000017881393,0.011699999682605267
YML095C,YPL121C,1,-2.8367925,0.44285714626312256,0.09300000220537186,0.011699999682605267
YOR304W,YPL147W,0,-2.8385956,0.44075828790664673,0.09300000220537186,0.011800000444054604
YHL022C,YOL072W,1,-2.8392792,0.4433962404727936,0.09399999678134918,0.011800000444054604
YOR023C,YOL069W,0,-2.8393083,0.44131454825401306,0.09399999678134918,0.011900000274181366
YOL068C,YLR234W,1,-2.8398173,0.44392523169517517,0.0949999988079071,0.011900000274181366
YPL140C,YIL139C,0,-2.8409925,0.44186046719551086,0.0949999988079071,0.012000000104308128
YPL045W,YER174C,0,-2.8421502,0.43981480598449707,0.0949999988079071,0.01209999993443489
YAL011W,YJR031C,0,-2.8436017,0.4377880096435547,0.0949999988079071,0.012199999764561653
YMR038C,YMR075W,0,-2.845485,0.4357798099517822,0.0949999988079071,0.012299999594688416
YGL175C,YAL029C,1,-2.8463354,0.4383561611175537,0.09600000083446503,0.012299999594688416
YLR329W,YPL121C,1,-2.847498,0.44090908765792847,0.09700000286102295,0.012299999594688416
YDR460W,YEL032W,0,-2.8514714,0.438914030790329,0.09700000286102295,0.012400000356137753
YGL163C,YMR224C,1,-2.852683,0.44144144654273987,0.09799999743700027,0.012400000356137753
YGL246C,YER162C,0,-2.8555684,0.439461886882782,0.09799999743700027,0.012500000186264515
YGL163C,YBR098W,1,-2.8555791,0.4419642984867096,0.0989999994635582,0.012500000186264515
YNL250W,YDL154W,1,-2.8567753,0.4444444477558136,0.10000000149011612,0.012500000186264515
YDR457W,YDR503C,0,-2.857349,0.44247788190841675,0.10000000149011612,0.012600000016391277
YDR515W,YOL005C,0,-2.8573945,0.44052863121032715,0.10000000149011612,0.01269999984651804
YMR319C,YFL010W-A,0,-2.858084,0.4385964870452881,0.10000000149011612,0.012799999676644802
YML095C,YKL130C,1,-2.858359,0.4410480260848999,0.10100000351667404,0.012799999676644802
YBL009W,YKR008W,0,-2.8583956,0.43913042545318604,0.10100000351667404,0.012900000438094139
YNL313C,YMR026C,0,-2.8595018,0.4372294247150421,0.10100000351667404,0.013000000268220901
YGR075C,YER111C,0,-2.861837,0.4353448152542114,0.10100000351667404,0.013100000098347664
YER095W,YPL121C,1,-2.8636715,0.43776825070381165,0.10199999809265137,0.013100000098347664
YJL173C,YLR288C,1,-2.8638616,0.44017094373703003,0.10300000011920929,0.013100000098347664
YBR118W,YPR119W,0,-2.8660326,0.4382978677749634,0.10300000011920929,0.013199999928474426
YBR274W,YOR005C,0,-2.8665783,0.43644067645072937,0.10300000011920929,0.013299999758601189
YLR401C,YDL160C,0,-2.866938,0.4345991611480713,0.10300000011920929,0.013399999588727951
YHR090C,YGR013W,0,-2.86764,0.4327731132507324,0.10300000011920929,0.013500000350177288
YPR190C,YMR048W,0,-2.8681033,0.43096235394477844,0.10300000011920929,0.01360000018030405
YDR446W,YNL250W,1,-2.8701587,0.4333333373069763,0.10400000214576721,0.01360000018030405
YML095C,YML061C,1,-2.870477,0.4356846511363983,0.10499999672174454,0.01360000018030405
YNL136W,YBR081C,0,-2.8706956,0.43388429284095764,0.10499999672174454,0.013700000010430813
YJL173C,YPL194W,1,-2.870737,0.43621399998664856,0.10599999874830246,0.013700000010430813
YIR025W,YMR224C,1,-2.8760543,0.43852460384368896,0.10700000077486038,0.013700000010430813
YIL132C,YNR038W,0,-2.8774986,0.43673470616340637,0.10700000077486038,0.013799999840557575
YML095C,YDR180W,1,-2.8785825,0.4390243887901306,0.1080000028014183,0.013799999840557575
YGR075C,YNL182C,0,-2.879025,0.43724697828292847,0.1080000028014183,0.013899999670684338
YOR083W,YHR058C,0,-2.8793406,0.4354838728904724,0.1080000028014183,0.014000000432133675
YER111C,YPL031C,0,-2.8803227,0.4337349534034729,0.1080000028014183,0.014100000262260437
YOL072W,YLR234W,1,-2.8809352,0.4359999895095825,0.10899999737739563,0.014100000262260437
YKR053C,YDR363W,0,-2.8810663,0.4342629611492157,0.10899999737739563,0.0142000000923872
YIR025W,YBR098W,1,-2.881381,0.4365079402923584,0.10999999940395355,0.0142000000923872
YDR103W,YGL194C,0,-2.8819802,0.43478259444236755,0.10999999940395355,0.014299999922513962
YPL153C,YEL069C,0,-2.8831227,0.4330708682537079,0.10999999940395355,0.014399999752640724
YOL090W,YFL003C,1,-2.8834739,0.43529412150382996,0.11100000143051147,0.014399999752640724
YBR152W,YKL002W,0,-2.8835053,0.43359375,0.11100000143051147,0.014499999582767487
YPR110C,YFL011W,0,-2.8843637,0.4319066107273102,0.11100000143051147,0.014600000344216824
YNR072W,YPR178W,0,-2.8849533,0.43023255467414856,0.11100000143051147,0.014700000174343586
YOR346W,YNL304W,0,-2.8855221,0.4285714328289032,0.11100000143051147,0.014800000004470348
YGL127C,YMR283C,0,-2.886498,0.42692306637763977,0.11100000143051147,0.01489999983459711
YDL115C,YKL134C,0,-2.8884537,0.4252873659133911,0.11100000143051147,0.014999999664723873
YCR098C,YDR453C,0,-2.8889518,0.4236641228199005,0.11100000143051147,0.01510000042617321
YJR021C,YMR224C,1,-2.8894584,0.42585551738739014,0.1120000034570694,0.01510000042617321
YHL025W,YOR068C,0,-2.8906555,0.42424243688583374,0.1120000034570694,0.015200000256299973
YGL213C,YOR368W,1,-2.8916948,0.4264150857925415,0.11299999803304672,0.015200000256299973
YIL084C,YKL049C,0,-2.8921857,0.4248120188713074,0.11299999803304672,0.015300000086426735
YPL121C,YOR368W,1,-2.8922093,0.42696627974510193,0.11400000005960464,0.015300000086426735
YGL194C,YNR011C,0,-2.8923705,0.4253731369972229,0.11400000005960464,0.015399999916553497
YLR411W,YBL084C,0,-2.8924131,0.4237918257713318,0.11400000005960464,0.01549999974668026
YPL022W,YLR467W,1,-2.8924646,0.42592594027519226,0.11500000208616257,0.01549999974668026
YDL105W,YHR012W,0,-2.8931885,0.4243542551994324,0.11500000208616257,0.015599999576807022
YDR446W,YOL072W,1,-2.8950117,0.4264705777168274,0.11599999666213989,0.015599999576807022
YHR070W,YOR011W,0,-2.895092,0.42490842938423157,0.11599999666213989,0.015699999406933784
YDR103W,YNL225C,0,-2.8967543,0.42335766553878784,0.11599999666213989,0.015799999237060547
YLR288C,YFL003C,1,-2.896915,0.4254545569419861,0.11699999868869781,0.015799999237060547
YPR164W,YBR073W,1,-2.8978593,0.4275362193584442,0.11800000071525574,0.015799999237060547
YDL059C,YGL033W,1,-2.897984,0.42960289120674133,0.11900000274181366,0.015799999237060547
YLR234W,YMR167W,1,-2.900026,0.4316546618938446,0.11999999731779099,0.015799999237060547
YGL194C,YPR046W,0,-2.9013958,0.4301075339317322,0.11999999731779099,0.01590000092983246
YAL032C,YJL194W,0,-2.901493,0.4285714328289032,0.11999999731779099,0.01600000075995922
YHL036W,YIR002C,0,-2.9019527,0.4270462691783905,0.11999999731779099,0.016100000590085983
YLR234W,YAR007C,1,-2.9040346,0.42907801270484924,0.12099999934434891,0.016100000590085983
YJL141C,YBL013W,0,-2.9045465,0.42756184935569763,0.12099999934434891,0.016200000420212746
YNL088W,YGL033W,1,-2.9068656,0.42957746982574463,0.12200000137090683,0.016200000420212746
YJL173C,YDR180W,1,-2.90786,0.43157893419265747,0.12300000339746475,0.016200000420212746
YDR021W,YPR193C,0,-2.9129162,0.4300699234008789,0.12300000339746475,0.016300000250339508
YCL069W,YIL139C,0,-2.9133592,0.4285714328289032,0.12300000339746475,0.01640000008046627
YDL059C,YDR180W,1,-2.916548,0.4305555522441864,0.12399999797344208,0.01640000008046627
YDR513W,YIL123W,0,-2.916857,0.4290657341480255,0.12399999797344208,0.016499999910593033
YGL227W,YDR159W,0,-2.9191763,0.4275861978530884,0.12399999797344208,0.016599999740719795
YDL115C,YER123W,0,-2.9206119,0.42611682415008545,0.12399999797344208,0.016699999570846558
YGR059W,YJL146W,0,-2.9230042,0.42465752363204956,0.12399999797344208,0.01679999940097332
YIL073C,YNL127W,0,-2.9266071,0.42320817708969116,0.12399999797344208,0.016899999231100082
YJL047C,YBR100W,1,-2.927607,0.42517006397247314,0.125,0.016899999231100082
YOR386W,YBR240C,0,-2.9304478,0.4237288236618042,0.125,0.017000000923871994
YCR042C,YGL229C,0,-2.9310472,0.42229729890823364,0.125,0.017100000753998756
YNL210W,YDR479C,0,-2.9331126,0.4208754301071167,0.125,0.01720000058412552
YDR213W,YLR276C,0,-2.9346304,0.4194630980491638,0.125,0.01730000041425228
YMR106C,YPL283C,1,-2.935183,0.4214046895503998,0.12600000202655792,0.01730000041425228
YOL072W,YPL194W,1,-2.9376612,0.4233333468437195,0.12700000405311584,0.01730000041425228
YPL022W,YLR234W,1,-2.9380617,0.4252491593360901,0.12800000607967377,0.01730000041425228
YNL007C,YML060W,0,-2.939386,0.42384105920791626,0.12800000607967377,0.017400000244379044
YHR167W,YPR164W,1,-2.9406133,0.42574256658554077,0.1289999932050705,0.017400000244379044
YML031W,YDL105W,0,-2.9406714,0.4243420958518982,0.1289999932050705,0.017500000074505806
YBR152W,YGR003W,0,-2.943026,0.4229508340358734,0.1289999932050705,0.01759999990463257
YJL090C,YPL194W,1,-2.9450145,0.4248366057872772,0.12999999523162842,0.01759999990463257
YDR314C,YNR011C,0,-2.9455752,0.423452764749527,0.12999999523162842,0.01769999973475933
YLR186W,YDR131C,0,-2.9490144,0.4220779240131378,0.12999999523162842,0.017799999564886093
YOL017W,YNL012W,0,-2.949264,0.4207119643688202,0.12999999523162842,0.017899999395012856
YDL216C,YOR386W,0,-2.94947,0.4193548262119293,0.12999999523162842,0.017999999225139618
YCL026C-A,YML098W,0,-2.9500716,0.41800642013549805,0.12999999523162842,0.01810000091791153
YLR266C,YJL106W,0,-2.9505658,0.4166666567325592,0.12999999523162842,0.018200000748038292
YBL079W,YJL092W,0,-2.9522521,0.415335476398468,0.12999999523162842,0.018300000578165054
YDR398W,YJL059W,0,-2.9539807,0.41401273012161255,0.12999999523162842,0.018400000408291817
YML058W-A,YGL166W,0,-2.9546323,0.4126984179019928,0.12999999523162842,0.01850000023841858
YPR164W,YCR092C,1,-2.9546962,0.41455695033073425,0.13099999725818634,0.01850000023841858
YGR135W,YMR075W,0,-2.9550357,0.4132492244243622,0.13099999725818634,0.01860000006854534
YIL150C,YNL225C,0,-2.9564433,0.41194969415664673,0.13099999725818634,0.018699999898672104
YLR411W,YJL102W,0,-2.9567294,0.4106582999229431,0.13099999725818634,0.018799999728798866
YML095C,YMR224C,1,-2.957812,0.4124999940395355,0.13199999928474426,0.018799999728798866
YLR106C,YGL173C,0,-2.9578462,0.4112149477005005,0.13199999928474426,0.01889999955892563
YBR175W,YJL184W,0,-2.958603,0.40993788838386536,0.13199999928474426,0.01899999938905239
YLR106C,YCL034W,0,-2.9598858,0.40866872668266296,0.13199999928474426,0.019099999219179153
YNL250W,YML032C,1,-2.9607112,0.4104938209056854,0.13300000131130219,0.019099999219179153
YML095C,YGR296W,1,-2.961789,0.4123076796531677,0.1340000033378601,0.019099999219179153
YMR106C,YDR113C,1,-2.9618669,0.4141104221343994,0.13500000536441803,0.019099999219179153
YDL003W,YCL034W,0,-2.9623618,0.4128440320491791,0.13500000536441803,0.019200000911951065
YHR069C,YHR061C,0,-2.9636629,0.41158536076545715,0.13500000536441803,0.019300000742077827
YMR039C,YCL066W,0,-2.9640179,0.41033434867858887,0.13500000536441803,0.01940000057220459
YMR224C,YPL164C,1,-2.9643073,0.4121212065219879,0.13600000739097595,0.01940000057220459
YEL032W,YCL034W,0,-2.9646525,0.4108761250972748,0.13600000739097595,0.019500000402331352
YBR195C,YNL148C,0,-2.9647079,0.40963855385780334,0.13600000739097595,0.019600000232458115
YEL019C,YDR021W,0,-2.9649286,0.40840840339660645,0.13600000739097595,0.019700000062584877
YNL250W,YJL047C,1,-2.9652991,0.41017964482307434,0.13699999451637268,0.019700000062584877
YCR027C,YJR031C,0,-2.9670238,0.4089552164077759,0.13699999451637268,0.01979999989271164
YGL227W,YPL200W,0,-2.96846,0.4077380895614624,0.13699999451637268,0.019899999722838402
YCL026C-A,YGR037C,0,-2.9684975,0.40652820467948914,0.13699999451637268,0.019999999552965164
YIL008W,YPR119W,0,-2.9694083,0.40532544255256653,0.13699999451637268,0.020099999383091927
YNL186W,YMR060C,0,-2.9707434,0.4041298031806946,0.13699999451637268,0.02019999921321869
YNL312W,YLR234W,1,-2.9718766,0.4058823585510254,0.1379999965429306,0.02019999921321869
YHR124W,YEL056W,0,-2.9720178,0.4046920835971832,0.1379999965429306,0.0203000009059906
YMR038C,YOR068C,0,-2.9731243,0.4035087823867798,0.1379999965429306,0.020400000736117363
YNL082W,YFL003C,1,-2.9732473,0.4052478075027466,0.13899999856948853,0.020400000736117363
YBR152W,YPR016C,0,-2.9736276,0.40406978130340576,0.13899999856948853,0.020500000566244125
YEL032W,YMR172W,0,-2.9739943,0.40289855003356934,0.13899999856948853,0.020600000396370888
YNL250W,YJR021C,1,-2.9741125,0.4046242833137512,0.14000000059604645,0.020600000396370888
YGR090W,YMR078C,0,-2.9748044,0.40345820784568787,0.14000000059604645,0.02070000022649765
YMR199W,YDR115W,0,-2.9754882,0.40229883790016174,0.14000000059604645,0.020800000056624413
YMR067C,YOR068C,0,-2.9759583,0.40114614367485046,0.14000000059604645,0.020899999886751175
YOR313C,YDR156W,0,-2.9761238,0.4000000059604645,0.14000000059604645,0.020999999716877937
YMR239C,YMR273C,0,-2.9765136,0.3988603949546814,0.14000000059604645,0.0210999995470047
YOL080C,YGR037C,0,-2.9777267,0.39772728085517883,0.14000000059604645,0.021199999377131462
YNL250W,YMR284W,1,-2.9779868,0.399433434009552,0.14100000262260437,0.021199999377131462
YPL020C,YHR176W,0,-2.9790177,0.39830508828163147,0.14100000262260437,0.021299999207258224
YPL193W,YBL013W,0,-2.9799166,0.3971830904483795,0.14100000262260437,0.021400000900030136
YPL211W,YAR003W,0,-2.980126,0.39606741070747375,0.14100000262260437,0.0215000007301569
YGL033W,YJR021C,1,-2.9802847,0.3977591097354889,0.1420000046491623,0.0215000007301569
YGL181W,YOR237W,0,-2.981751,0.3966480493545532,0.1420000046491623,0.02160000056028366
YDL059C,YPL283C,1,-2.9828959,0.3983286917209625,0.14300000667572021,0.02160000056028366
YOL108C,YIR011C,0,-2.9861698,0.39722222089767456,0.14300000667572021,0.021700000390410423
YEL004W,YPR186C,0,-2.987131,0.39612188935279846,0.14300000667572021,0.021800000220537186
YPR001W,YDL108W,0,-2.9875712,0.39502763748168945,0.14300000667572021,0.021900000050663948
YGR161C,YJL092W,0,-2.989932,0.39393940567970276,0.14300000667572021,0.02199999988079071
YOL080C,YPR178W,0,-2.99217,0.3928571343421936,0.14300000667572021,0.022099999710917473
YNL007C,YPL209C,0,-2.9925299,0.391780823469162,0.14300000667572021,0.022199999541044235
YNL167C,YNL093W,0,-2.9928436,0.39071038365364075,0.14300000667572021,0.022299999371170998
YCR092C,YER104W,1,-2.9932709,0.3923705816268921,0.14399999380111694,0.022299999371170998
YBL003C,YML058W-A,0,-2.9933782,0.3913043439388275,0.14399999380111694,0.02239999920129776
YIL084C,YNL299W,0,-2.99365,0.39024388790130615,0.14399999380111694,0.02250000089406967
YNL317W,YHR066W,0,-2.9945445,0.3891891837120056,0.14399999380111694,0.022600000724196434
YAR007C,YBR130C,1,-2.995041,0.39083558320999146,0.14499999582767487,0.022600000724196434
YNL210W,YBL084C,0,-2.9952242,0.38978493213653564,0.14499999582767487,0.022700000554323196
YNL312W,YPL121C,1,-2.9953961,0.3914209008216858,0.1459999978542328,0.022700000554323196
YHR086W,YGR006W,0,-2.9963458,0.3903743326663971,0.1459999978542328,0.02280000038444996
YGR272C,YOR084W,0,-2.9988294,0.3893333375453949,0.1459999978542328,0.02290000021457672
YOR061W,YJL021C,0,-2.9990642,0.3882978856563568,0.1459999978542328,0.023000000044703484
YNL312W,YBR136W,1,-2.9993331,0.3899204134941101,0.1469999998807907,0.023000000044703484
YDL165W,YHR031C,0,-2.9993334,0.3888888955116272,0.1469999998807907,0.023099999874830246
YGL033W,YML032C,1,-3.0010543,0.39050132036209106,0.14800000190734863,0.023099999874830246
YML027W,YGL169W,0,-3.0019798,0.38947367668151855,0.14800000190734863,0.02319999970495701
YOR346W,YNR011C,0,-3.0043585,0.3884514570236206,0.14800000190734863,0.02329999953508377
YNL250W,YER104W,1,-3.0045886,0.39005234837532043,0.14900000393390656,0.02329999953508377
YOL135C,YDR331W,0,-3.0047188,0.3890339434146881,0.14900000393390656,0.023399999365210533
YHR167W,YAL029C,1,-3.0049171,0.390625,0.15000000596046448,0.023399999365210533
YLR298C,YNR075W,0,-3.0053542,0.3896103799343109,0.15000000596046448,0.023499999195337296
YPR164W,YGL033W,1,-3.0065987,0.3911917209625244,0.1509999930858612,0.023499999195337296
YDR513W,YJR141W,0,-3.006872,0.39018088579177856,0.1509999930858612,0.023600000888109207
YDL059C,YOR144C,1,-3.0077643,0.39175257086753845,0.15199999511241913,0.023600000888109207
YDR392W,YGR055W,0,-3.0083566,0.39074549078941345,0.15199999511241913,0.02370000071823597
YML093W,YLR383W,0,-3.0094137,0.3897435963153839,0.15199999511241913,0.023800000548362732
YGR188C,YJL145W,0,-3.0099654,0.38874679803848267,0.15199999511241913,0.023900000378489494
YHR090C,YGL162W,0,-3.010186,0.3877550959587097,0.15199999511241913,0.024000000208616257
YDR446W,YDR113C,1,-3.0101871,0.3893129825592041,0.15299999713897705,0.024000000208616257
YKR079C,YHL040C,0,-3.0105138,0.38832488656044006,0.15299999713897705,0.02410000003874302
YFR005C,YDR437W,0,-3.0105922,0.38734176754951477,0.15299999713897705,0.02419999986886978
YDR059C,YMR319C,0,-3.0109463,0.3863636255264282,0.15299999713897705,0.024299999698996544
YOR346W,YGL073W,0,-3.0114431,0.38539043068885803,0.15299999713897705,0.024399999529123306
YGR129W,YBL106C,0,-3.0120845,0.3844221234321594,0.15299999713897705,0.02449999935925007
YGL163C,YDL059C,1,-3.0135026,0.38596490025520325,0.15399999916553497,0.02449999935925007
YJL069C,YCL044C,0,-3.0138183,0.38499999046325684,0.15399999916553497,0.02459999918937683
YKR019C,YFR028C,0,-3.0139267,0.38403990864753723,0.15399999916553497,0.024700000882148743
YJL173C,YGL033W,1,-3.0152605,0.3855721354484558,0.1550000011920929,0.024700000882148743
YPL153C,YHR133C,0,-3.0159097,0.38461539149284363,0.1550000011920929,0.024800000712275505
YLR132C,YMR128W,0,-3.0170243,0.3836633563041687,0.1550000011920929,0.024900000542402267
YPR164W,YDR180W,1,-3.0171387,0.385185182094574,0.15600000321865082,0.024900000542402267
YKR086W,YLR032W,0,-3.0181847,0.3842364549636841,0.15600000321865082,0.02500000037252903
YER095W,YCR092C,1,-3.0189824,0.3857493996620178,0.15700000524520874,0.02500000037252903
YAL021C,YFL011W,0,-3.0197327,0.3848039209842682,0.15700000524520874,0.025100000202655792
YEL019C,YCR027C,0,-3.0199332,0.38386309146881104,0.15700000524520874,0.025200000032782555
YLR234W,YMR133W,1,-3.0205686,0.3853658437728882,0.15800000727176666,0.025200000032782555
YNL313C,YPL065W,0,-3.0208335,0.3844282329082489,0.15800000727176666,0.025299999862909317
YHR079C-A,YML061C,1,-3.022053,0.3859223425388336,0.1589999943971634,0.025299999862909317
YLR329W,YFL003C,1,-3.0232944,0.3874092102050781,0.1599999964237213,0.025299999862909317
YNL172W,YGL126W,0,-3.0236382,0.3864734172821045,0.1599999964237213,0.02539999969303608
YML095C,YBR136W,1,-3.0240467,0.3879518210887909,0.16099999845027924,0.02539999969303608
YIR017C,YKR039W,0,-3.0243306,0.38701921701431274,0.16099999845027924,0.025499999523162842
YFL003C,YPL194W,1,-3.0250063,0.3884892165660858,0.16200000047683716,0.025499999523162842
YCR092C,YJR021C,1,-3.0263283,0.389952152967453,0.16300000250339508,0.025499999523162842
YHR135C,YBL013W,0,-3.026721,0.38902148604393005,0.16300000250339508,0.025599999353289604
YJL090C,YLR234W,1,-3.0272586,0.39047619700431824,0.164000004529953,0.025599999353289604
YOL088C,YBR186W,0,-3.0275288,0.3895486891269684,0.164000004529953,0.025699999183416367
YNL008C,YNR053C,0,-3.028533,0.3886255919933319,0.164000004529953,0.025800000876188278
YOR064C,YKL194C,0,-3.028534,0.38770684599876404,0.164000004529953,0.02590000070631504
YIR025W,YML061C,1,-3.0294542,0.3891509473323822,0.16500000655651093,0.02590000070631504
YBL103C,YIL150C,0,-3.0298166,0.38823530077934265,0.16500000655651093,0.026000000536441803
YIL002C,YBL013W,0,-3.0307534,0.38732394576072693,0.16500000655651093,0.026100000366568565
YPL256C,YEL036C,0,-3.0309863,0.38641685247421265,0.16500000655651093,0.026200000196695328
YLL034C,YJL146W,0,-3.0318286,0.3855140209197998,0.16500000655651093,0.02630000002682209
YGL181W,YNL210W,0,-3.0318875,0.38461539149284363,0.16500000655651093,0.026399999856948853
YLL009C,YJL184W,0,-3.0325658,0.38372093439102173,0.16500000655651093,0.026499999687075615
YEL069C,YCL034W,0,-3.032853,0.3828306198120117,0.16500000655651093,0.026599999517202377
YDR103W,YNR059W,0,-3.0330393,0.3819444477558136,0.16500000655651093,0.02669999934732914
YGR090W,YNR034W,0,-3.0334668,0.3810623586177826,0.16500000655651093,0.026799999177455902
YMR165C,YOR060C,0,-3.0341148,0.3801843225955963,0.16500000655651093,0.026900000870227814
YJR082C,YGL243W,0,-3.0342093,0.37931033968925476,0.16500000655651093,0.027000000700354576
YGL033W,YDR289C,1,-3.0345826,0.3807339370250702,0.16599999368190765,0.027000000700354576
YFL003C,YLR234W,1,-3.0347605,0.3821510374546051,0.16699999570846558,0.027000000700354576
YOR237W,YOR089C,0,-3.0348947,0.38127854466438293,0.16699999570846558,0.02710000053048134
YDL101C,YER106W,0,-3.0349436,0.38041001558303833,0.16699999570846558,0.0272000003606081
YPL093W,YIR019C,0,-3.0351534,0.3795454502105713,0.16699999570846558,0.027300000190734863
YBR158W,YDR018C,0,-3.037794,0.3786848187446594,0.16699999570846558,0.027400000020861626
YOR237W,YDR488C,0,-3.0378504,0.37782806158065796,0.16699999570846558,0.027499999850988388
YMR280C,YNR032W,0,-3.0380895,0.3769751787185669,0.16699999570846558,0.02759999968111515
YOR279C,YIR011C,0,-3.039246,0.37612614035606384,0.16699999570846558,0.027699999511241913
YGL163C,YBR100W,1,-3.039412,0.3775281012058258,0.1679999977350235,0.027699999511241913
YLR266C,YLL009C,0,-3.0399618,0.3766816258430481,0.1679999977350235,0.027799999341368675
YML049C,YPL256C,0,-3.0403638,0.3758389353752136,0.1679999977350235,0.027899999171495438
YGR246C,YLR183C,0,-3.0412765,0.375,0.1679999977350235,0.02800000086426735
YBR160W,YDR356W,0,-3.0414805,0.3741648197174072,0.1679999977350235,0.02810000069439411
YIL132C,YPL086C,0,-3.0422707,0.3733333349227905,0.1679999977350235,0.028200000524520874
YEL061C,YDR081C,0,-3.0427074,0.3725055456161499,0.1679999977350235,0.028300000354647636
YDR103W,YDR306C,0,-3.0433664,0.37168142199516296,0.1679999977350235,0.0284000001847744
YLR047C,YLR442C,0,-3.0436888,0.3708609342575073,0.1679999977350235,0.02850000001490116
YCL016C,YOR217W,0,-3.044494,0.3700440526008606,0.1679999977350235,0.028599999845027924
YER162C,YOR028C,0,-3.0452652,0.3692307770252228,0.1679999977350235,0.028699999675154686
YHR167W,YBR100W,1,-3.0453987,0.37061402201652527,0.16899999976158142,0.028699999675154686
YMR048W,YAR042W,0,-3.0454693,0.3698030710220337,0.16899999976158142,0.02879999950528145
YMR106C,YOR144C,1,-3.046942,0.3711790442466736,0.17000000178813934,0.02879999950528145
YDR432W,YDR416W,0,-3.0469828,0.37037035822868347,0.17000000178813934,0.02889999933540821
YDR207C,YHL022C,1,-3.0472708,0.37173911929130554,0.17100000381469727,0.02889999933540821
YOR074C,YDL245C,0,-3.047317,0.37093275785446167,0.17100000381469727,0.028999999165534973
YPR193C,YJR135C,0,-3.0497468,0.37012988328933716,0.17100000381469727,0.029100000858306885
YPL121C,YBR130C,1,-3.049838,0.3714902698993683,0.1720000058412552,0.029100000858306885
YNL210W,YEL003W,0,-3.0503855,0.37068966031074524,0.1720000058412552,0.029200000688433647
YNL236W,YDR317W,0,-3.0506783,0.3698924779891968,0.1720000058412552,0.02930000051856041
YDR081C,YDR488C,0,-3.0508542,0.3690987229347229,0.1720000058412552,0.029400000348687172
YDR353W,YNL111C,0,-3.0514894,0.3683083653450012,0.1720000058412552,0.029500000178813934
YCR092C,YDL154W,1,-3.0515256,0.36965811252593994,0.17299999296665192,0.029500000178813934
YLR288C,YPL164C,1,-3.0516937,0.3710021376609802,0.17399999499320984,0.029500000178813934
YGL178W,YFR003C,0,-3.052081,0.37021276354789734,0.17399999499320984,0.029600000008940697
YPL209C,YKL089W,0,-3.0520902,0.36942675709724426,0.17399999499320984,0.02969999983906746
YBR085W,YJL035C,0,-3.0521593,0.3686440587043762,0.17399999499320984,0.02979999966919422
YMR182C,YHR058C,0,-3.0525613,0.3678646981716156,0.17399999499320984,0.029899999499320984
YNL236W,YMR175W,0,-3.0528839,0.3670886158943176,0.17399999499320984,0.029999999329447746
YBR274W,YMR270C,0,-3.0531216,0.3663157820701599,0.17399999499320984,0.03009999915957451
YDL101C,YJL035C,0,-3.0537658,0.36554622650146484,0.17399999499320984,0.03020000085234642
YPL069C,YGR179C,0,-3.0538507,0.36477985978126526,0.17399999499320984,0.030300000682473183
YDL164C,YMR133W,1,-3.054125,0.366108775138855,0.17499999701976776,0.030300000682473183
YER028C,YMR128W,0,-3.054284,0.36534446477890015,0.17499999701976776,0.030400000512599945
YER075C,YLR229C,0,-3.0546775,0.3645833432674408,0.17499999701976776,0.030500000342726707
YMR059W,YDR268W,0,-3.0548856,0.36382535099983215,0.17499999701976776,0.03060000017285347
YBR276C,YKL125W,0,-3.0556722,0.363070547580719,0.17499999701976776,0.030700000002980232
YNL250W,YOR368W,1,-3.0567484,0.36438924074172974,0.17599999904632568,0.030700000002980232
YDR059C,YHR061C,0,-3.0570962,0.3636363744735718,0.17599999904632568,0.030799999833106995
YCR066W,YDL142C,0,-3.0580328,0.36288660764694214,0.17599999904632568,0.030899999663233757
YGL163C,YFL003C,1,-3.0582323,0.3641975224018097,0.1770000010728836,0.030899999663233757
YLL034C,YKL203C,0,-3.0583317,0.36344969272613525,0.1770000010728836,0.03099999949336052
YJL173C,YBR136W,1,-3.0596235,0.3647541105747223,0.17800000309944153,0.03099999949336052
YCR060W,YMR165C,0,-3.0619028,0.36400818824768066,0.17800000309944153,0.031099999323487282
YOR346W,YOR338W,0,-3.06193,0.3632653057575226,0.17800000309944153,0.031199999153614044
YMR198W,YJR091C,0,-3.0619755,0.36252546310424805,0.17800000309944153,0.031300000846385956
YKL048C,YGR179C,0,-3.0626402,0.36178863048553467,0.17800000309944153,0.03139999881386757
YML095C,YOL068C,1,-3.0630746,0.363083153963089,0.17900000512599945,0.03139999881386757
YMR182C,YGL075C,0,-3.063257,0.36234816908836365,0.17900000512599945,0.03150000050663948
YCL026C-A,YBL020W,0,-3.063583,0.3616161644458771,0.17900000512599945,0.031599998474121094
YDR457W,YJL012C-A,0,-3.0649853,0.3608871102333069,0.17900000512599945,0.031700000166893005
YPL151C,YIR005W,0,-3.0652442,0.3601609766483307,0.17900000512599945,0.03180000185966492
YIL073C,YMR030W,0,-3.0653534,0.3594377636909485,0.17900000512599945,0.03189999982714653
YHR167W,YPL194W,1,-3.065747,0.3607214391231537,0.18000000715255737,0.03189999982714653
YDL059C,YJL090C,1,-3.0660028,0.3619999885559082,0.1809999942779541,0.03189999982714653
YBR055C,YJR019C,0,-3.0665393,0.36127743124961853,0.1809999942779541,0.03200000151991844
YDR440W,YAR007C,1,-3.0665581,0.3625498116016388,0.18199999630451202,0.03200000151991844
YMR038C,YDR021W,0,-3.0668201,0.36182901263237,0.18199999630451202,0.032099999487400055
YLR467W,YMR224C,1,-3.0670304,0.363095223903656,0.18299999833106995,0.032099999487400055
YOL034W,YJL058C,0,-3.0688155,0.36237624287605286,0.18299999833106995,0.03220000118017197
YPR107C,YGR177C,0,-3.0690203,0.36166009306907654,0.18299999833106995,0.03229999914765358
YPL161C,YAL058W,0,-3.0694032,0.36094674468040466,0.18299999833106995,0.03240000084042549
YFL003C,YMR224C,1,-3.069947,0.36220473051071167,0.18400000035762787,0.03240000084042549
YDR446W,YFL003C,1,-3.0704436,0.3634577691555023,0.1850000023841858,0.03240000084042549
YDL190C,YGR072W,0,-3.0707502,0.36274510622024536,0.1850000023841858,0.032499998807907104
YOR023C,YNL209W,0,-3.0710058,0.36203521490097046,0.1850000023841858,0.032600000500679016
YBR073W,YFL003C,1,-3.071248,0.36328125,0.1860000044107437,0.032600000500679016
YLR196W,YDL132W,0,-3.0719466,0.3625730872154236,0.1860000044107437,0.03269999846816063
YBR136W,YGL033W,1,-3.0720804,0.36381322145462036,0.18700000643730164,0.03269999846816063
YOR144C,YPR164W,1,-3.07235,0.3650485575199127,0.18799999356269836,0.03269999846816063
YPL177C,YNL318C,0,-3.0724547,0.3643410801887512,0.18799999356269836,0.03280000016093254
YCL026C-A,YPL045W,0,-3.0732043,0.3636363744735718,0.18799999356269836,0.03290000185370445
YDR244W,YBR020W,0,-3.0737228,0.3629343509674072,0.18799999356269836,0.032999999821186066
YNL172W,YGL210W,0,-3.0738444,0.36223506927490234,0.18799999356269836,0.03310000151395798
YGL099W,YNL148C,0,-3.0746088,0.36153846979141235,0.18799999356269836,0.03319999948143959
YCR092C,YPL015C,1,-3.07546,0.362763911485672,0.1889999955892563,0.03319999948143959
YML007W,YDL236W,0,-3.0756106,0.36206895112991333,0.1889999955892563,0.0333000011742115
YOL068C,YDR180W,1,-3.0756721,0.3632887303829193,0.1899999976158142,0.0333000011742115
YMR023C,YLR221C,0,-3.0763147,0.36259540915489197,0.1899999976158142,0.033399999141693115
YER018C,YDR176W,0,-3.0765057,0.3619047701358795,0.1899999976158142,0.03350000083446503
YPR119W,YOL113W,0,-3.0766847,0.3612167239189148,0.1899999976158142,0.03359999880194664
YMR165C,YMR213W,0,-3.0767798,0.3605313003063202,0.1899999976158142,0.03370000049471855
YOR372C,YOR156C,0,-3.0768957,0.3598484992980957,0.1899999976158142,0.033799998462200165
YDL150W,YBL013W,0,-3.0774868,0.35916823148727417,0.1899999976158142,0.033900000154972076
YOR023C,YHL007C,0,-3.077731,0.35849055647850037,0.1899999976158142,0.03400000184774399
YGR272C,YDR485C,0,-3.0783038,0.3578154444694519,0.1899999976158142,0.0340999998152256
YGL163C,YML061C,1,-3.0786977,0.3590225577354431,0.19099999964237213,0.0340999998152256
YHR070W,YML038C,0,-3.0795238,0.3583489656448364,0.19099999964237213,0.03420000150799751
YER045C,YBR160W,0,-3.0797346,0.3576779067516327,0.19099999964237213,0.034299999475479126
YPR119W,YOL044W,0,-3.0815063,0.3570093512535095,0.19099999964237213,0.03440000116825104
YIR011C,YDR356W,0,-3.0816321,0.35634326934814453,0.19099999964237213,0.03449999913573265
YKL213C,YBR020W,0,-3.082706,0.3556796908378601,0.19099999964237213,0.03460000082850456
YLR086W,YNR011C,0,-3.082952,0.35501858592033386,0.19099999964237213,0.034699998795986176
YDR446W,YGL175C,1,-3.0832171,0.3562152087688446,0.19200000166893005,0.034699998795986176
YDR446W,YGL213C,1,-3.0832357,0.35740742087364197,0.19300000369548798,0.034699998795986176
YDR446W,YHL024W,1,-3.0837083,0.35859519243240356,0.1940000057220459,0.034699998795986176
YDL164C,YGL033W,1,-3.0841954,0.35977858304977417,0.19499999284744263,0.034699998795986176
YOL135C,YCL075W,0,-3.0842757,0.3591160178184509,0.19499999284744263,0.03480000048875809
YFL017W-A,YJL092W,0,-3.0850165,0.3584558963775635,0.19499999284744263,0.0348999984562397
YGL158W,YDR523C,0,-3.085661,0.35779815912246704,0.19499999284744263,0.03500000014901161
YER111C,YIL132C,0,-3.085977,0.3571428656578064,0.19499999284744263,0.035100001841783524
YGL033W,YMR224C,1,-3.0866294,0.3583180904388428,0.19599999487400055,0.035100001841783524
YPL253C,YHR120W,0,-3.0873551,0.35766422748565674,0.19599999487400055,0.03519999980926514
YCL010C,YOR038C,0,-3.0875354,0.3570127487182617,0.19599999487400055,0.03530000150203705
YDL077C,YFL021W,0,-3.0882344,0.3563636243343353,0.19599999487400055,0.03539999946951866
YLR183C,YGR274C,0,-3.088501,0.35571688413619995,0.19599999487400055,0.03550000116229057
YER095W,YOR368W,1,-3.0888057,0.35688406229019165,0.19699999690055847,0.03550000116229057
YML021C,YOR386W,0,-3.0891993,0.3562386929988861,0.19699999690055847,0.035599999129772186
YGR144W,YNL128W,0,-3.090051,0.3555956780910492,0.19699999690055847,0.0357000008225441
YPL047W,YGR217W,0,-3.0901508,0.35495495796203613,0.19699999690055847,0.03579999879002571
YOL011W,YPR134W,0,-3.0942245,0.3543165326118469,0.19699999690055847,0.03590000048279762
YGR055W,YMR078C,0,-3.0961585,0.35368043184280396,0.19699999690055847,0.035999998450279236
YGR075C,YNL264C,0,-3.096419,0.35304659605026245,0.19699999690055847,0.03610000014305115
YLR216C,YJL196C,0,-3.0969758,0.3524150252342224,0.19699999690055847,0.03620000183582306
YLR103C,YDL247W,0,-3.098163,0.35178571939468384,0.19699999690055847,0.03629999980330467
YHL022C,YGL033W,1,-3.0982232,0.3529411852359772,0.1979999989271164,0.03629999980330467
YOL034W,YGR121C,0,-3.099134,0.35231316089630127,0.1979999989271164,0.036400001496076584
YPL146C,YPL110C,0,-3.0993295,0.35168740153312683,0.1979999989271164,0.0364999994635582
YER029C,YLR313C,0,-3.099751,0.3510638177394867,0.1979999989271164,0.03660000115633011
YKR086W,YDR270W,0,-3.1005332,0.35044246912002563,0.1979999989271164,0.03669999912381172
YCR072C,YPR054W,0,-3.101008,0.34982332587242126,0.1979999989271164,0.03680000081658363
YIL153W,YIR017C,0,-3.1015215,0.3492063581943512,0.1979999989271164,0.03689999878406525
YER111C,YOR319W,0,-3.1015484,0.34859153628349304,0.1979999989271164,0.03700000047683716
YDR416W,YLR190W,0,-3.101999,0.3479789197444916,0.1979999989271164,0.03709999844431877
YJL173C,YOR368W,1,-3.10336,0.3491227924823761,0.19900000095367432,0.03709999844431877
YIL132C,YDL245C,0,-3.1040606,0.34851139783859253,0.19900000095367432,0.03720000013709068
YMR284W,YJL090C,1,-3.10428,0.3496503531932831,0.20000000298023224,0.03720000013709068
YLR272C,YBR244W,0,-3.1050642,0.349040150642395,0.20000000298023224,0.037300001829862595
YNL107W,YIL034C,0,-3.1060348,0.3484320640563965,0.20000000298023224,0.03739999979734421
YNL082W,YDL059C,1,-3.1062517,0.34956520795822144,0.20100000500679016,0.03739999979734421
YKL188C,YPL217C,0,-3.107428,0.3489583432674408,0.20100000500679016,0.03750000149011612
YIR026C,YKL129C,0,-3.107582,0.3483535647392273,0.20100000500679016,0.03759999945759773
YDR228C,YGR089W,0,-3.107846,0.34775087237358093,0.20100000500679016,0.037700001150369644
YNL139C,YLR234W,1,-3.1082778,0.3488773703575134,0.20200000703334808,0.037700001150369644
YGR059W,YPR134W,0,-3.1083064,0.3482758700847626,0.20200000703334808,0.03779999911785126
YLR191W,YCL066W,0,-3.109461,0.34767642617225647,0.20200000703334808,0.03790000081062317
YBR136W,YOL072W,1,-3.109703,0.3487972617149353,0.2029999941587448,0.03790000081062317
YKR002W,YDR030C,0,-3.1097836,0.3481989800930023,0.2029999941587448,0.03799999877810478
YLR266C,YHR152W,0,-3.1112862,0.3476027250289917,0.2029999941587448,0.038100000470876694
YHR052W,YDR018C,0,-3.111921,0.3470085561275482,0.2029999941587448,0.03819999843835831
YBR160W,YLR127C,0,-3.1124125,0.3464163839817047,0.2029999941587448,0.03830000013113022
YPL181W,YDR439W,0,-3.1133437,0.34582623839378357,0.2029999941587448,0.03840000182390213
YDR523C,YLR276C,0,-3.1133728,0.3452380895614624,0.2029999941587448,0.03849999979138374
YPR107C,YOR351C,0,-3.1143055,0.3446519672870636,0.2029999941587448,0.038600001484155655
YJL154C,YML058W-A,0,-3.1154416,0.34406778216362,0.2029999941587448,0.03869999945163727
YPR164W,YLR288C,1,-3.1159573,0.34517765045166016,0.20399999618530273,0.03869999945163727
YLR376C,YJR035W,0,-3.116414,0.3445945978164673,0.20399999618530273,0.03880000114440918
YHR170W,YJR053W,0,-3.1172113,0.3440134823322296,0.20399999618530273,0.03889999911189079
YGL130W,YKR054C,0,-3.1178973,0.34343433380126953,0.20399999618530273,0.039000000804662704
YCR057C,YBL084C,0,-3.1181676,0.34285715222358704,0.20399999618530273,0.03909999877214432
YMR219W,YOR084W,0,-3.1186793,0.34228187799453735,0.20399999618530273,0.03920000046491623
YPR119W,YLR196W,0,-3.1187537,0.34170854091644287,0.20399999618530273,0.03929999843239784
YPR052C,YNL039W,0,-3.1191087,0.3411371111869812,0.20399999618530273,0.039400000125169754
YGR040W,YDR039C,0,-3.11999,0.34056761860847473,0.20399999618530273,0.039500001817941666
YDR364C,YKR020W,0,-3.120391,0.3400000035762787,0.20399999618530273,0.03959999978542328
YGR013W,YKR072C,0,-3.1205654,0.33943426609039307,0.20399999618530273,0.03970000147819519
YLR451W,YLR132C,0,-3.1212664,0.33887043595314026,0.20399999618530273,0.039799999445676804
YLR383W,YOR069W,0,-3.1216526,0.3383084535598755,0.20399999618530273,0.039900001138448715
YBR136W,YNL139C,1,-3.1223571,0.33940398693084717,0.20499999821186066,0.039900001138448715
YML027W,YJR073C,0,-3.1224887,0.3388429880142212,0.20499999821186066,0.03999999910593033
YGL194C,YBR114W,0,-3.1242306,0.33828383684158325,0.20499999821186066,0.04010000079870224
YBR136W,YMR133W,1,-3.124252,0.33937397599220276,0.20600000023841858,0.04010000079870224
YHR172W,YHR031C,0,-3.1246629,0.3388157784938812,0.20600000023841858,0.04019999876618385
YML121W,YBL013W,0,-3.1248612,0.33825942873954773,0.20600000023841858,0.040300000458955765
YIL084C,YJL058C,0,-3.1252942,0.33770492672920227,0.20600000023841858,0.04039999842643738
YHL040C,YAR018C,0,-3.1253476,0.3371522128582001,0.20600000023841858,0.04050000011920929
YPR119W,YDR231C,0,-3.1260362,0.3366013169288635,0.20600000023841858,0.0406000018119812
YBL025W,YBR280C,0,-3.1275618,0.33605220913887024,0.20600000023841858,0.040699999779462814
YBR250W,YAR042W,0,-3.1279857,0.3355048894882202,0.20600000023841858,0.040800001472234726
YEL036C,YMR042W,0,-3.1285958,0.33495935797691345,0.20600000023841858,0.04089999943971634
YNL163C,YJL106W,0,-3.129508,0.33441558480262756,0.20600000023841858,0.04100000113248825
YML126C,YDL007W,0,-3.13026,0.33387356996536255,0.20600000023841858,0.041099999099969864
YIR017C,YDR478W,0,-3.1308024,0.3333333432674408,0.20600000023841858,0.041200000792741776
YLR132C,YKR020W,0,-3.131301,0.33279484510421753,0.20600000023841858,0.04129999876022339
YFR031C,YJL198W,0,-3.132582,0.33225807547569275,0.20600000023841858,0.0414000004529953
YGR296W,YLR234W,1,-3.1327727,0.3333333432674408,0.2070000022649765,0.0414000004529953
YHR200W,YNR072W,0,-3.1330674,0.33279743790626526,0.2070000022649765,0.04149999842047691
YLR383W,YEL050C,0,-3.133333,0.3322632312774658,0.2070000022649765,0.041600000113248825
YNL088W,YGL175C,1,-3.1339765,0.3333333432674408,0.20800000429153442,0.041600000113248825
YGL166W,YBL014C,0,-3.1339927,0.3328000009059906,0.20800000429153442,0.04170000180602074
YNL172W,YLR337C,0,-3.1353555,0.3322683572769165,0.20800000429153442,0.04179999977350235
YHR167W,YNL271C,1,-3.135364,0.3333333432674408,0.20900000631809235,0.04179999977350235
YGL243W,YMR163C,0,-3.1361437,0.33280253410339355,0.20900000631809235,0.04190000146627426
YDR523C,YBR175W,0,-3.136296,0.3322734534740448,0.20900000631809235,0.041999999433755875
YGL175C,YGL043W,1,-3.1363034,0.3333333432674408,0.20999999344348907,0.041999999433755875
YFL024C,YDR121W,0,-3.1363964,0.3328050673007965,0.20999999344348907,0.042100001126527786
YDR213W,YCR038C,0,-3.1371994,0.3322784900665283,0.20999999344348907,0.0421999990940094
YOR319W,YJL092W,0,-3.1372833,0.33175355195999146,0.20999999344348907,0.04230000078678131
YML049C,YDR123C,0,-3.138732,0.3312302827835083,0.20999999344348907,0.042399998754262924
YBR100W,YBR130C,1,-3.1397629,0.33228346705436707,0.210999995470047,0.042399998754262924
YFR031C,YPL092W,0,-3.1397972,0.3317610025405884,0.210999995470047,0.042500000447034836
YDR265W,YPL254W,0,-3.1405702,0.331240177154541,0.210999995470047,0.04259999841451645
YCR092C,YNL206C,1,-3.1406837,0.3322884142398834,0.21199999749660492,0.04259999841451645
YHR079C-A,YOR368W,1,-3.1407351,0.3333333432674408,0.21299999952316284,0.04259999841451645
YMR167W,YAR007C,1,-3.1425276,0.3343749940395355,0.21400000154972076,0.04259999841451645
YJL047C,YMR133W,1,-3.1426144,0.3354134261608124,0.2150000035762787,0.04259999841451645
YDR207C,YPL121C,1,-3.1450377,0.336448609828949,0.2160000056028366,0.04259999841451645
YFL003C,YMR133W,1,-3.145101,0.3374805450439453,0.21699999272823334,0.04259999841451645
YOR004W,YCL008C,0,-3.1467142,0.33695653080940247,0.21699999272823334,0.04270000010728836
YBL046W,YHR150W,0,-3.147369,0.33643409609794617,0.21699999272823334,0.04280000180006027
YGL163C,YNL139C,1,-3.147655,0.33746129274368286,0.21799999475479126,0.04280000180006027
YNL082W,YBR100W,1,-3.1484036,0.33848533034324646,0.21899999678134918,0.04280000180006027
YAL034W-A,YGL075C,0,-3.1512551,0.33796295523643494,0.21899999678134918,0.042899999767541885
YNL250W,YDR289C,1,-3.1518154,0.33898305892944336,0.2199999988079071,0.042899999767541885
YDR265W,YBR186W,0,-3.1531882,0.3384615480899811,0.2199999988079071,0.0430000014603138
YLR116W,YIL123W,0,-3.1534123,0.33794161677360535,0.2199999988079071,0.04309999942779541
YNL172W,YPR016C,0,-3.1535206,0.33742332458496094,0.2199999988079071,0.04320000112056732
YNL082W,YMR167W,1,-3.15426,0.3384379744529724,0.22100000083446503,0.04320000112056732
YLR263W,YDR322C-A,0,-3.1546333,0.33792048692703247,0.22100000083446503,0.043299999088048935
YNL250W,YDR113C,1,-3.1548324,0.33893129229545593,0.22200000286102295,0.043299999088048935
YHR197W,YNL169C,0,-3.1548948,0.33841463923454285,0.22200000286102295,0.04340000078082085
YPL015C,YMR224C,1,-3.155138,0.3394216001033783,0.22300000488758087,0.04340000078082085
YML049C,YGR158C,0,-3.1555262,0.33890578150749207,0.22300000488758087,0.04349999874830246
YER006W,YIR005W,0,-3.1563165,0.33839151263237,0.22300000488758087,0.04360000044107437
YPL121C,YDR440W,1,-3.156577,0.3393939435482025,0.2240000069141388,0.04360000044107437
YLR401C,YHR150W,0,-3.1571226,0.3388804793357849,0.2240000069141388,0.043699998408555984
YMR164C,YFL034C-B,0,-3.1577444,0.33836859464645386,0.2240000069141388,0.043800000101327896
YER095W,YBR100W,1,-3.1578126,0.33936652541160583,0.22499999403953552,0.043800000101327896
YFL011W,YMR080C,0,-3.1580408,0.33885541558265686,0.22499999403953552,0.04390000179409981
YHR069C,YDR263C,0,-3.1583679,0.33834585547447205,0.22499999403953552,0.04399999976158142
YCL026C-A,YNR043W,0,-3.1586711,0.3378378450870514,0.22499999403953552,0.04410000145435333
YBR215W,YJL012C-A,0,-3.1598716,0.3373313248157501,0.22499999403953552,0.044199999421834946
YDR126W,YGL162W,0,-3.160072,0.336826354265213,0.22499999403953552,0.04430000111460686
YDL059C,YOR368W,1,-3.1603508,0.33781763911247253,0.22599999606609344,0.04430000111460686
YDR071C,YNL148C,0,-3.1603835,0.3373134434223175,0.22599999606609344,0.04439999908208847
YGL163C,YLR288C,1,-3.1613464,0.33830103278160095,0.22699999809265137,0.04439999908208847
YAL026C,YJL106W,0,-3.1613922,0.337797611951828,0.22699999809265137,0.04450000077486038
YMR106C,YDR289C,1,-3.1625788,0.33878156542778015,0.2280000001192093,0.04450000077486038
YLR205C,YIL123W,0,-3.1631026,0.3382789194583893,0.2280000001192093,0.044599998742341995
YDR103W,YGR183C,0,-3.1639967,0.3377777636051178,0.2280000001192093,0.04470000043511391
YGR044C,YPL202C,0,-3.1643586,0.3372780978679657,0.2280000001192093,0.04479999840259552
YJL102W,YDR499W,0,-3.1651218,0.336779922246933,0.2280000001192093,0.04490000009536743
YPR107C,YMR319C,0,-3.1659584,0.3362831771373749,0.2280000001192093,0.04500000178813934
YNL119W,YJL102W,0,-3.1662235,0.33578792214393616,0.2280000001192093,0.045099999755620956
YDR513W,YDR359C,0,-3.1662402,0.33529412746429443,0.2280000001192093,0.04520000144839287
YBL103C,YPL097W,0,-3.1664786,0.3348017632961273,0.2280000001192093,0.04529999941587448
YFR004W,YHR089C,0,-3.1665773,0.3343108594417572,0.2280000001192093,0.04540000110864639
YNL318C,YEL004W,0,-3.1671116,0.3338213860988617,0.2280000001192093,0.045499999076128006
YLR383W,YER075C,0,-3.1672297,0.3333333432674408,0.2280000001192093,0.04560000076889992
YNL210W,YPR020W,0,-3.1676068,0.3328467011451721,0.2280000001192093,0.04569999873638153
YOR308C,YER174C,0,-3.1689885,0.33236151933670044,0.2280000001192093,0.04580000042915344
YKR055W,YCR093W,0,-3.16969,0.331877738237381,0.2280000001192093,0.045899998396635056
YNL136W,YDR432W,0,-3.1700456,0.33139535784721375,0.2280000001192093,0.04600000008940697
YHR069C,YGR161C,0,-3.1700866,0.33091437816619873,0.2280000001192093,0.04610000178217888
YPL093W,YKL213C,0,-3.170528,0.33043476939201355,0.2280000001192093,0.04619999974966049
YNL021W,YGL174W,0,-3.1708052,0.329956591129303,0.2280000001192093,0.046300001442432404
YBR073W,YDR180W,1,-3.1715238,0.3309248685836792,0.2290000021457672,0.046300001442432404
YOR279C,YDR080W,0,-3.171756,0.33044731616973877,0.2290000021457672,0.04639999940991402
YEL019C,YDR317W,0,-3.1720736,0.32997119426727295,0.2290000021457672,0.04650000110268593
YNL250W,YAR007C,1,-3.1728976,0.3309352397918701,0.23000000417232513,0.04650000110268593
YML058W-A,YGL208W,0,-3.1734135,0.3304597735404968,0.23000000417232513,0.04659999907016754
YBR082C,YOL017W,0,-3.1734474,0.329985648393631,0.23000000417232513,0.04670000076293945
YNL139C,YGL033W,1,-3.1741028,0.33094555139541626,0.23100000619888306,0.04670000076293945
YGR003W,YBL030C,0,-3.1743917,0.33047211170196533,0.23100000619888306,0.046799998730421066
YGL187C,YGR089W,0,-3.174441,0.33000001311302185,0.23100000619888306,0.04690000042319298
YIL061C,YDR377W,0,-3.1749735,0.3295292556285858,0.23100000619888306,0.04699999839067459
YLR329W,YNL250W,1,-3.174975,0.3304843306541443,0.23199999332427979,0.04699999839067459
YPL012W,YGR272C,0,-3.1750436,0.3300142288208008,0.23199999332427979,0.0471000000834465
YGL033W,YAR007C,1,-3.1752236,0.33096590638160706,0.2329999953508377,0.0471000000834465
YGL094C,YOL005C,0,-3.1753745,0.3304964601993561,0.2329999953508377,0.047200001776218414
YGR278W,YBR240C,0,-3.1755688,0.33002832531929016,0.2329999953508377,0.04729999974370003
YBR095C,YOR083W,0,-3.175784,0.3295615315437317,0.2329999953508377,0.04740000143647194
YDR244W,YOR338W,0,-3.1761184,0.3290960490703583,0.2329999953508377,0.04749999940395355
YBR098W,YCR092C,1,-3.176404,0.33004230260849,0.23399999737739563,0.04749999940395355
YHR172W,YNL317W,0,-3.176882,0.3295774757862091,0.23399999737739563,0.047600001096725464
YER104W,YBR100W,1,-3.1771708,0.3305203914642334,0.23499999940395355,0.047600001096725464
YNR060W,YFL013C,0,-3.1775358,0.33005619049072266,0.23499999940395355,0.04769999906420708
YDR446W,YDR289C,1,-3.178279,0.3309957981109619,0.23600000143051147,0.04769999906420708
YGL111W,YBL013W,0,-3.1785717,0.3305322229862213,0.23600000143051147,0.04780000075697899
YDR121W,YHR176W,0,-3.178991,0.3300699293613434,0.23600000143051147,0.0478999987244606
YHR079C-A,YJL090C,1,-3.1798894,0.3310055732727051,0.2370000034570694,0.0478999987244606
YPL022W,YPL164C,1,-3.1803432,0.33193862438201904,0.23800000548362732,0.0478999987244606
YOR144C,YJL090C,1,-3.1808481,0.3328690826892853,0.23899999260902405,0.0478999987244606
YGL033W,YDR440W,1,-3.1814053,0.3337969481945038,0.23999999463558197,0.0478999987244606
YDL059C,YMR133W,1,-3.181573,0.33472222089767456,0.2409999966621399,0.0478999987244606
YIL034C,YMR138W,0,-3.1824098,0.33425796031951904,0.2409999966621399,0.04800000041723251
YIL132C,YOR226C,0,-3.1834579,0.3337950110435486,0.2409999966621399,0.04809999838471413
YDL003W,YDL109C,0,-3.1835465,0.3333333432674408,0.2409999966621399,0.04820000007748604
YGL175C,YDR110W,1,-3.1843321,0.3342541456222534,0.24199999868869781,0.04820000007748604
YDR025W,YPR119W,0,-3.1847892,0.33379310369491577,0.24199999868869781,0.04830000177025795
YOR023C,YAL024C,0,-3.184814,0.3333333432674408,0.24199999868869781,0.04839999973773956
YKR081C,YBL007C,0,-3.1860366,0.3328748345375061,0.24199999868869781,0.048500001430511475
YER095W,YMR224C,1,-3.187523,0.33379119634628296,0.24300000071525574,0.048500001430511475
YML027W,YJR047C,0,-3.1876512,0.3333333432674408,0.24300000071525574,0.04859999939799309
YBR040W,YJL092W,0,-3.1878827,0.33287671208381653,0.24300000071525574,0.048700001090765
YDR165W,YKL134C,0,-3.1880748,0.33242133259773254,0.24300000071525574,0.04879999905824661
YBR100W,YMR224C,1,-3.188473,0.3333333432674408,0.24400000274181366,0.04879999905824661
YER053C,YCL063W,0,-3.1888483,0.33287858963012695,0.24400000274181366,0.048900000751018524
YCL010C,YLR381W,0,-3.1894355,0.332425057888031,0.24400000274181366,0.04899999871850014
YHR167W,YJR021C,1,-3.1895359,0.3333333432674408,0.24500000476837158,0.04899999871850014
YMR283C,YPR135W,0,-3.1899247,0.332880437374115,0.24500000476837158,0.04910000041127205
YGL058W,YGR161C,0,-3.1899571,0.3324287533760071,0.24500000476837158,0.04919999837875366
YDR363W-A,YGR247W,0,-3.1903114,0.33197832107543945,0.24500000476837158,0.049300000071525574
YKL220C,YBR020W,0,-3.1905036,0.33152908086776733,0.24500000476837158,0.049400001764297485
YNL139C,YPL121C,1,-3.1911383,0.33243241906166077,0.2460000067949295,0.049400001764297485
YBR081C,YHR067W,0,-3.1918674,0.3319838047027588,0.2460000067949295,0.0494999997317791
YHR014W,YIL143C,0,-3.192358,0.3315363824367523,0.2460000067949295,0.04960000142455101
YJL013C,YOR187W,0,-3.193306,0.33109018206596375,0.2460000067949295,0.04969999939203262
YKL173W,YBL045C,0,-3.1933465,0.3306451737880707,0.2460000067949295,0.049800001084804535
YCR065W,YOR057W,0,-3.19337,0.33020132780075073,0.2460000067949295,0.04989999905228615
YBR020W,YIR011C,0,-3.193585,0.3297587037086487,0.2460000067949295,0.05000000074505806
YLR186W,YBR250W,0,-3.194191,0.32931727170944214,0.2460000067949295,0.05009999871253967
YKL011C,YDR110W,1,-3.1948018,0.33021390438079834,0.24699999392032623,0.05009999871253967
YGR246C,YKL089W,0,-3.1949046,0.32977303862571716,0.24699999392032623,0.050200000405311584
YOL066C,YGR121C,0,-3.1950517,0.3293333351612091,0.24699999392032623,0.0502999983727932
YBR100W,YMR167W,1,-3.1956954,0.3302263617515564,0.24799999594688416,0.0502999983727932
YML102W,YPL130W,0,-3.1963308,0.3297872245311737,0.24799999594688416,0.05040000006556511
YMR106C,YLR467W,1,-3.19659,0.3306773006916046,0.24899999797344208,0.05040000006556511
YCR066W,YNL093W,0,-3.1972172,0.3302387297153473,0.24899999797344208,0.05050000175833702
YBR136W,YCR092C,1,-3.1990952,0.33112582564353943,0.25,0.05050000175833702
YNL312W,YFL003C,1,-3.1992834,0.33201056718826294,0.25099998712539673,0.05050000175833702
YER095W,YJL090C,1,-3.1994166,0.3328929841518402,0.25200000405311584,0.05050000175833702
YNL082W,YDR180W,1,-3.2012239,0.33377307653427124,0.2529999911785126,0.05050000175833702
YJL173C,YFL003C,1,-3.2015448,0.33465084433555603,0.2540000081062317,0.05050000175833702
YDR244W,YGR278W,0,-3.2019095,0.33421051502227783,0.2540000081062317,0.050599999725818634
YIL066C,YOL145C,0,-3.2020688,0.33377134799957275,0.2540000081062317,0.050700001418590546
YBR095C,YJL059W,0,-3.2021585,0.3333333432674408,0.2540000081062317,0.05079999938607216
YGL122C,YLR045C,0,-3.2025654,0.33289647102355957,0.2540000081062317,0.05090000107884407
YPL022W,YMR133W,1,-3.202724,0.33376961946487427,0.2549999952316284,0.05090000107884407
YDR446W,YJR021C,1,-3.2029264,0.3346405327320099,0.25600001215934753,0.05090000107884407
YCR092C,YML128C,1,-3.2029629,0.33550915122032166,0.25699999928474426,0.05090000107884407
YDL185W,YCR092C,1,-3.205976,0.33637547492980957,0.257999986410141,0.05090000107884407
YBL003C,YMR138W,0,-3.2064004,0.3359375,0.257999986410141,0.050999999046325684
YKL130C,YDR440W,1,-3.2066875,0.33680105209350586,0.2590000033378601,0.050999999046325684
YGL090W,YPL217C,0,-3.2069345,0.33636364340782166,0.2590000033378601,0.051100000739097595
YKR056W,YLR132C,0,-3.206996,0.3359273672103882,0.2590000033378601,0.05119999870657921
YHR124W,YBL018C,0,-3.2070699,0.33549222350120544,0.2590000033378601,0.05130000039935112
YER109C,YHR150W,0,-3.207347,0.33505821228027344,0.2590000033378601,0.05139999836683273
YPR005C,YNL148C,0,-3.2075768,0.33462533354759216,0.2590000033378601,0.051500000059604645
YDR314C,YGL075C,0,-3.2077894,0.33419355750083923,0.2590000033378601,0.051600001752376556
YBR214W,YKR054C,0,-3.207922,0.33376288414001465,0.2590000033378601,0.05169999971985817
YNL088W,YCR092C,1,-3.2089815,0.33462032675743103,0.25999999046325684,0.05169999971985817
YDR446W,YPR164W,1,-3.208983,0.3354755640029907,0.26100000739097595,0.05169999971985817
YDR214W,YGL075C,0,-3.2094188,0.3350449204444885,0.26100000739097595,0.05180000141263008
YJL173C,YBR100W,1,-3.210382,0.33589744567871094,0.2619999945163727,0.05180000141263008
YOR144C,YBR100W,1,-3.210701,0.33674776554107666,0.2630000114440918,0.05180000141263008
YKL020C,YLR047C,0,-3.2111516,0.33631712198257446,0.2630000114440918,0.051899999380111694
YGL127C,YOL063C,0,-3.211761,0.335887610912323,0.2630000114440918,0.052000001072883606
YER111C,YBR223C,0,-3.2119117,0.3354591727256775,0.2630000114440918,0.05209999904036522
YJL116C,YML060W,0,-3.2119634,0.3350318372249603,0.2630000114440918,0.05220000073313713
YOL045W,YDR058C,0,-3.2119646,0.3346056044101715,0.2630000114440918,0.052299998700618744
YMR284W,YBR100W,1,-3.2125864,0.33545106649398804,0.2639999985694885,0.052299998700618744
YMR037C,YDR085C,0,-3.2138445,0.3350253701210022,0.2639999985694885,0.052400000393390656
YIL073C,YDL134C,0,-3.2138913,0.3346007466316223,0.2639999985694885,0.05249999836087227
YGL210W,YOR058C,0,-3.2142868,0.3341772258281708,0.2639999985694885,0.05260000005364418
YHR061C,YKL129C,0,-3.2144666,0.3337547481060028,0.2639999985694885,0.05270000174641609
YHR082C,YDR159W,0,-3.215597,0.3333333432674408,0.2639999985694885,0.052799999713897705
YGL213C,YMR133W,1,-3.2156143,0.3341740369796753,0.26499998569488525,0.052799999713897705
YHL022C,YBR073W,1,-3.2162843,0.3350125849246979,0.26600000262260437,0.052799999713897705
YLR022C,YKL089W,0,-3.2168937,0.33459118008613586,0.26600000262260437,0.05290000140666962
YOR272W,YBR050C,0,-3.2174675,0.3341708481311798,0.26600000262260437,0.05299999937415123
YBR100W,YOR035C,1,-3.2174902,0.3350062668323517,0.2669999897480011,0.05299999937415123
YBL061C,YDR363W,0,-3.218349,0.3345864713191986,0.2669999897480011,0.05310000106692314
YGR272C,YEL050C,0,-3.2183602,0.3341677188873291,0.2669999897480011,0.053199999034404755
YMR067C,YFL011W,0,-3.218751,0.33375000953674316,0.2669999897480011,0.053300000727176666
YEL061C,YGR036C,0,-3.218886,0.3333333432674408,0.2669999897480011,0.05339999869465828
YBL025W,YMR182C,0,-3.2190309,0.332917720079422,0.2669999897480011,0.05350000038743019
YPR135W,YBR182C,0,-3.2191536,0.3325031101703644,0.2669999897480011,0.053599998354911804
YHR167W,YNL139C,1,-3.21958,0.3333333432674408,0.2680000066757202,0.053599998354911804
YDL201W,YLR109W,0,-3.219663,0.33291923999786377,0.2680000066757202,0.053700000047683716
YHR090C,YMR270C,0,-3.2200537,0.3325062096118927,0.2680000066757202,0.05380000174045563
YDL223C,YGL178W,0,-3.2207527,0.3320941627025604,0.2680000066757202,0.05389999970793724
YIR025W,YOR144C,1,-3.2214985,0.33292078971862793,0.26899999380111694,0.05389999970793724
YJR040W,YOR001W,0,-3.2218792,0.33250927925109863,0.26899999380111694,0.05400000140070915
YNL021W,YPR182W,0,-3.2220516,0.33209875226020813,0.26899999380111694,0.054099999368190765
YGR008C,YPL076W,0,-3.2223024,0.3316892683506012,0.26899999380111694,0.05420000106096268
YNL250W,YAL029C,1,-3.2223856,0.3325123190879822,0.27000001072883606,0.05420000106096268
YJR068W,YGL096W,0,-3.2230008,0.33210331201553345,0.27000001072883606,0.05429999902844429
YNR008W,YBL075C,0,-3.224556,0.3316953182220459,0.27000001072883606,0.0544000007212162
YDR392W,YLR316C,0,-3.224968,0.33128833770751953,0.27000001072883606,0.054499998688697815
YIR018W,YBR080C,0,-3.225529,0.33088234066963196,0.27000001072883606,0.05460000038146973
YHL040C,YDL170W,0,-3.2261474,0.33047735691070557,0.27000001072883606,0.05469999834895134
YLR467W,YCR092C,1,-3.2263234,0.33129584789276123,0.2709999978542328,0.05469999834895134
YLR383W,YER109C,0,-3.22721,0.33089134097099304,0.2709999978542328,0.05480000004172325
YLR035C,YDR170W-A,0,-3.2277284,0.33048781752586365,0.2709999978542328,0.05490000173449516
YDR214W,YDL247W,0,-3.2281408,0.33008524775505066,0.2709999978542328,0.054999999701976776
YHR052W,YDR479C,0,-3.2290268,0.32968369126319885,0.2709999978542328,0.05510000139474869
YHR167W,YDL164C,1,-3.2291045,0.33049818873405457,0.2720000147819519,0.05510000139474869
YLR409C,YPL124W,0,-3.229106,0.3300970792770386,0.2720000147819519,0.0551999993622303
YJL065C,YNR075W,0,-3.2296803,0.32969698309898376,0.2720000147819519,0.05530000105500221
YHR079C-A,YOR035C,1,-3.2301173,0.3305084705352783,0.27300000190734863,0.05530000105500221
YNL282W,YJL128C,0,-3.2302208,0.3301088213920593,0.27300000190734863,0.055399999022483826
YHR070W,YGR055W,0,-3.2307658,0.3297101557254791,0.27300000190734863,0.05550000071525574
YJL013C,YKR089C,0,-3.2311323,0.32931241393089294,0.27300000190734863,0.05559999868273735
YNL147W,YHR090C,0,-3.2314405,0.32891565561294556,0.27300000190734863,0.05570000037550926
YDL059C,YHL024W,1,-3.2319179,0.3297232389450073,0.27399998903274536,0.05570000037550926
YDR499W,YGL162W,0,-3.233151,0.32932692766189575,0.27399998903274536,0.055799998342990875
YDL105W,YKL079W,0,-3.2331839,0.3289315700531006,0.27399998903274536,0.05590000003576279
YMR172W,YLR337C,0,-3.2333727,0.3285371661186218,0.27399998903274536,0.0560000017285347
YDR325W,YLR337C,0,-3.233965,0.3281437158584595,0.27399998903274536,0.05609999969601631
YGL025C,YFR024C,0,-3.2343168,0.32775118947029114,0.27399998903274536,0.05620000138878822
YDR515W,YJL194W,0,-3.2353358,0.3273596167564392,0.27399998903274536,0.056299999356269836
YML049C,YGR097W,0,-3.2354116,0.3269689679145813,0.27399998903274536,0.05640000104904175
YER095W,YKL130C,1,-3.2357888,0.3277711570262909,0.2750000059604645,0.05640000104904175
YIL084C,YDL165W,0,-3.2359328,0.3273809552192688,0.2750000059604645,0.05649999901652336
YBL084C,YER019W,0,-3.236056,0.3269916772842407,0.2750000059604645,0.05660000070929527
YOL068C,YPL121C,1,-3.2361605,0.3277909755706787,0.2759999930858612,0.05660000070929527
YGR278W,YKL138C-A,0,-3.237187,0.32740214467048645,0.2759999930858612,0.056699998676776886
YDR470C,YJL059W,0,-3.238311,0.3270142078399658,0.2759999930858612,0.0568000003695488
YJL026W,YGL208W,0,-3.2385375,0.3266272246837616,0.2759999930858612,0.05689999833703041
YDR523C,YCL016C,0,-3.2386436,0.326241135597229,0.2759999930858612,0.05700000002980232
YGL169W,YKL134C,0,-3.2390993,0.32585597038269043,0.2759999930858612,0.057100001722574234
YKL095W,YBR055C,0,-3.2392035,0.3254716992378235,0.2759999930858612,0.05719999969005585
YPL177C,YMR030W,0,-3.239327,0.32508835196495056,0.2759999930858612,0.05730000138282776
YOR064C,YHR176W,0,-3.2402418,0.3247058689594269,0.2759999930858612,0.05739999935030937
YDL245C,YCL063W,0,-3.240362,0.3243243098258972,0.2759999930858612,0.057500001043081284
YDR416W,YJL194W,0,-3.2406154,0.3239436745643616,0.2759999930858612,0.0575999990105629
YJR069C,YPL001W,0,-3.2406335,0.32356390357017517,0.2759999930858612,0.05770000070333481
YNL304W,YDR142C,0,-3.2408347,0.323184996843338,0.2759999930858612,0.05779999867081642
YOL072W,YBR100W,1,-3.2410808,0.3239766061306,0.2770000100135803,0.05779999867081642
YER174C,YDL002C,0,-3.2414708,0.32359811663627625,0.2770000100135803,0.05790000036358833
YBR073W,YCR092C,1,-3.241716,0.32438740134239197,0.27799999713897705,0.05790000036358833
YBL009W,YJL129C,0,-3.2425194,0.32400932908058167,0.27799999713897705,0.057999998331069946
YPL047W,YMR033W,0,-3.242975,0.3236321210861206,0.27799999713897705,0.05810000002384186
YOL066C,YBR274W,0,-3.2440176,0.3232558071613312,0.27799999713897705,0.05820000171661377
YOR064C,YOL011W,0,-3.2441738,0.322880357503891,0.27799999713897705,0.05829999968409538
YER032W,YOR250C,0,-3.2450438,0.32250580191612244,0.27799999713897705,0.058400001376867294
YLL034C,YGL126W,0,-3.2453828,0.3221321105957031,0.27799999713897705,0.05849999934434891
YHR073W,YKL134C,0,-3.2455451,0.32175925374031067,0.27799999713897705,0.05860000103712082
YBL100W-B,YMR264W,0,-3.2460675,0.32138729095458984,0.27799999713897705,0.05869999900460243
YHR152W,YAL054C,0,-3.246689,0.3210161626338959,0.27799999713897705,0.058800000697374344
YKL130C,YBR100W,1,-3.2468977,0.32179930806159973,0.27900001406669617,0.058800000697374344
YHR061C,YGR144W,0,-3.2474256,0.3214285671710968,0.27900001406669617,0.05889999866485596
YDR146C,YHR062C,0,-3.248074,0.3210586905479431,0.27900001406669617,0.05900000035762787
YNL304W,YBR198C,0,-3.249246,0.3206896483898163,0.27900001406669617,0.05909999832510948
YCR084C,YLR320W,0,-3.2501056,0.3203214704990387,0.27900001406669617,0.05920000001788139
YOL090W,YBR100W,1,-3.2519352,0.3211009204387665,0.2800000011920929,0.05920000001788139
YHL040C,YOR174W,0,-3.2519886,0.32073310017585754,0.2800000011920929,0.059300001710653305
YBR084W,YDR301W,0,-3.2521207,0.32036614418029785,0.2800000011920929,0.05939999967813492
YGL163C,YKL130C,1,-3.2521958,0.32114285230636597,0.2809999883174896,0.05939999967813492
YHR043C,YOR088W,0,-3.25247,0.3207762539386749,0.2809999883174896,0.05950000137090683
YLR263W,YGL243W,0,-3.2524805,0.32041049003601074,0.2809999883174896,0.05959999933838844
YLR451W,YGL096W,0,-3.2525716,0.3200455605983734,0.2809999883174896,0.059700001031160355
YGL073W,YPR080W,0,-3.2530766,0.31968146562576294,0.2809999883174896,0.05979999899864197
YPL262W,YFL050C,0,-3.2532651,0.31931817531585693,0.2809999883174896,0.05990000069141388
YHL022C,YDR440W,1,-3.2533526,0.32009080052375793,0.28200000524520874,0.05990000069141388
YNL082W,YMR133W,1,-3.2533584,0.32086166739463806,0.28299999237060547,0.05990000069141388
YIL135C,YJL106W,0,-3.2536073,0.3204982876777649,0.28299999237060547,0.05999999865889549
YNL112W,YBL006C,0,-3.2545059,0.3201357424259186,0.28299999237060547,0.060100000351667404
YMR284W,YGL043W,1,-3.2549477,0.3209039568901062,0.2840000092983246,0.060100000351667404
YDR120C,YBR085W,0,-3.2552698,0.32054176926612854,0.2840000092983246,0.06019999831914902
YER015W,YLR092W,0,-3.2557597,0.32018038630485535,0.2840000092983246,0.06030000001192093
YDR301W,YMR078C,0,-3.2559528,0.3198198080062866,0.2840000092983246,0.06040000170469284
YDR478W,YGL210W,0,-3.255993,0.31946006417274475,0.2840000092983246,0.060499999672174454
YPR119W,YFL010W-A,0,-3.2561555,0.31910112500190735,0.2840000092983246,0.060600001364946365
YGL213C,YLR234W,1,-3.256217,0.31986531615257263,0.2849999964237213,0.060600001364946365
YCL016C,YNL207W,0,-3.2563674,0.3195067346096039,0.2849999964237213,0.06069999933242798
YIL073C,YNL103W,0,-3.2575192,0.3191489279270172,0.2849999964237213,0.06080000102519989
YOR122C,YPR201W,0,-3.2577755,0.3187919557094574,0.2849999964237213,0.0608999989926815
YGL033W,YOR035C,1,-3.2578125,0.31955307722091675,0.28600001335144043,0.0608999989926815
YCR024C-A,YHR129C,0,-3.2580109,0.3191964328289032,0.28600001335144043,0.061000000685453415
YKL021C,YMR287C,0,-3.2583363,0.3188405930995941,0.28600001335144043,0.06109999865293503
YPL069C,YLR045C,0,-3.258943,0.3184855282306671,0.28600001335144043,0.06120000034570694
YLL034C,YLR337C,0,-3.2600386,0.3181312680244446,0.28600001335144043,0.06129999831318855
YPR052C,YLR313C,0,-3.2603037,0.3177777826786041,0.28600001335144043,0.061400000005960464
YOR156C,YAL068C,0,-3.2603445,0.31742507219314575,0.28600001335144043,0.061500001698732376
YDR515W,YMR200W,0,-3.2604008,0.31707316637039185,0.28600001335144043,0.06159999966621399
YMR047C,YGL243W,0,-3.26057,0.31672203540802,0.28600001335144043,0.0617000013589859
YLR126C,YLR109W,0,-3.2606745,0.3163716793060303,0.28600001335144043,0.061799999326467514
YDL200C,YHR031C,0,-3.2608426,0.3160220980644226,0.28600001335144043,0.061900001019239426
YBR022W,YBR020W,0,-3.2619162,0.315673291683197,0.28600001335144043,0.06199999898672104
YGL090W,YHR066W,0,-3.2620528,0.3153252601623535,0.28600001335144043,0.06210000067949295
YDL006W,YCR086W,0,-3.2626352,0.3149779736995697,0.28600001335144043,0.062199998646974564
YOL135C,YGR268C,0,-3.2632165,0.31463146209716797,0.28600001335144043,0.062300000339746475
YDR409W,YDR503C,0,-3.2632694,0.3142857253551483,0.28600001335144043,0.06239999830722809
YFL017W-A,YGL144C,0,-3.2640452,0.31394073367118835,0.28600001335144043,0.0625
YDR328C,YOL101C,0,-3.264553,0.3135964870452881,0.28600001335144043,0.06260000169277191
YBR258C,YGR047C,0,-3.2656734,0.3132530152797699,0.28600001335144043,0.06270000338554382
YHR006W,YBR121C,0,-3.265915,0.3129102885723114,0.28600001335144043,0.06279999762773514
YML010W,YKL178C,0,-3.2660158,0.3125683069229126,0.28600001335144043,0.06289999932050705
YEL004W,YPR034W,0,-3.267151,0.3122270703315735,0.28600001335144043,0.06300000101327896
YGL194C,YHR206W,0,-3.2672737,0.31188657879829407,0.28600001335144043,0.06310000270605087
YCL034W,YMR179W,0,-3.2682433,0.31154683232307434,0.28600001335144043,0.06319999694824219
YGR158C,YBL013W,0,-3.2692943,0.3112078309059143,0.28600001335144043,0.0632999986410141
YMR045C,YDR447C,0,-3.269804,0.31086957454681396,0.28600001335144043,0.06340000033378601
YKL220C,YBR280C,0,-3.269962,0.3105320334434509,0.28600001335144043,0.06350000202655792
YDL059C,YNL271C,1,-3.2700276,0.311279833316803,0.28700000047683716,0.06350000202655792
YMR106C,YPL121C,1,-3.2720146,0.3120259940624237,0.2879999876022339,0.06350000202655792
YGR059W,YML124C,0,-3.2727065,0.31168830394744873,0.2879999876022339,0.06360000371932983
YOR116C,YDR503C,0,-3.2728653,0.31135135889053345,0.2879999876022339,0.06369999796152115
YNL059C,YCL063W,0,-3.272903,0.31101512908935547,0.2879999876022339,0.06379999965429306
YLR205C,YOR080W,0,-3.2732787,0.3106796145439148,0.2879999876022339,0.06390000134706497
YDL105W,YER100W,0,-3.2733362,0.3103448152542114,0.2879999876022339,0.06400000303983688
YNL272C,YLR263W,0,-3.2733588,0.31001076102256775,0.2879999876022339,0.0640999972820282
YER018C,YDR126W,0,-3.2734215,0.3096774220466614,0.2879999876022339,0.06419999897480011
YOR237W,YDL028C,0,-3.274136,0.3093447983264923,0.2879999876022339,0.06430000066757202
YDR397C,YOL063C,0,-3.2742343,0.30901288986206055,0.2879999876022339,0.06440000236034393
YER042W,YOR148C,0,-3.2757325,0.3086816668510437,0.2879999876022339,0.06449999660253525
YML109W,YFL055W,0,-3.2758455,0.30835118889808655,0.2879999876022339,0.06459999829530716
YBR136W,YAR007C,1,-3.275966,0.30909091234207153,0.289000004529953,0.06459999829530716
YMR038C,YNL247W,0,-3.2762108,0.3087606728076935,0.289000004529953,0.06469999998807907
YDR446W,YGL163C,1,-3.2762947,0.3094983994960785,0.28999999165534973,0.06469999998807907
YMR314W,YDL247W,0,-3.277565,0.3091684579849243,0.28999999165534973,0.06480000168085098
YNL148C,YOR329C,0,-3.2777534,0.30883920192718506,0.28999999165534973,0.0649000033736229
YDL036C,YMR287C,0,-3.2781649,0.3085106313228607,0.28999999165534973,0.06499999761581421
YJL110C,YER049W,0,-3.27827,0.3081827759742737,0.28999999165534973,0.06509999930858612
YNL008C,YHR148W,0,-3.27847,0.30785563588142395,0.28999999165534973,0.06520000100135803
YDR398W,YCL003W,0,-3.2787373,0.30752915143966675,0.28999999165534973,0.06530000269412994
YGL111W,YGR113W,0,-3.2801452,0.30720338225364685,0.28999999165534973,0.06539999693632126
YJR021C,YLR234W,1,-3.2803156,0.30793651938438416,0.29100000858306885,0.06539999693632126
YPL047W,YAL024C,0,-3.2808447,0.30761098861694336,0.29100000858306885,0.06549999862909317
YDL059C,YBR279W,1,-3.2813652,0.3083421289920807,0.2919999957084656,0.06549999862909317
YDL190C,YNR075W,0,-3.2815645,0.3080168664455414,0.2919999957084656,0.06560000032186508
YGR059W,YJR093C,0,-3.2821503,0.3076923191547394,0.2919999957084656,0.065700002014637
YPL046C,YDL109C,0,-3.2822328,0.3073684275150299,0.2919999957084656,0.0658000037074089
YDR254W,YBR294W,0,-3.2826338,0.30704522132873535,0.2919999957084656,0.06589999794960022
YNL236W,YPL055C,0,-3.2834346,0.3067227005958557,0.2919999957084656,0.06599999964237213
YNL214W,YGR020C,0,-3.283447,0.3064008355140686,0.2919999957084656,0.06610000133514404
YIR017C,YNR026C,0,-3.28532,0.3060796558856964,0.2919999957084656,0.06620000302791595
YJL113W,YMR093W,0,-3.2853322,0.30575916171073914,0.2919999957084656,0.06629999727010727
YGR239C,YGR241C,0,-3.2858522,0.3054393231868744,0.2919999957084656,0.06639999896287918
YBR250W,YML021C,0,-3.286211,0.30512017011642456,0.2919999957084656,0.06650000065565109
YGL246C,YNL156C,0,-3.2864933,0.30480167269706726,0.2919999957084656,0.066600002348423
YPL196W,YGR108W,0,-3.2867866,0.3044838309288025,0.2919999957084656,0.06669999659061432
YPL211W,YNL281W,0,-3.2867904,0.30416667461395264,0.2919999957084656,0.06679999828338623
YKL088W,YNL216W,0,-3.286909,0.3038501441478729,0.2919999957084656,0.06689999997615814
YMR117C,YOL115W,0,-3.2870088,0.30353429913520813,0.2919999957084656,0.06700000166893005
YBR072W,YGR177C,0,-3.2871308,0.30321910977363586,0.2919999957084656,0.06710000336170197
YCR084C,YDR478W,0,-3.2878752,0.30290457606315613,0.2919999957084656,0.06719999760389328
YLR329W,YLR234W,1,-3.287945,0.3036269545555115,0.2930000126361847,0.06719999760389328
YIL073C,YAL056W,0,-3.288339,0.30331262946128845,0.2930000126361847,0.06729999929666519
YOR308C,YHR187W,0,-3.2883549,0.30299896001815796,0.2930000126361847,0.0674000009894371
YOL078W,YJL194W,0,-3.2890043,0.30268594622612,0.2930000126361847,0.06750000268220901
YIL084C,YOR287C,0,-3.2890463,0.30237358808517456,0.2930000126361847,0.06759999692440033
YOL069W,YPL031C,0,-3.2891874,0.30206185579299927,0.2930000126361847,0.06769999861717224
YGR128C,YFL021W,0,-3.2892284,0.3017507791519165,0.2930000126361847,0.06780000030994415
YCR086W,YDR416W,0,-3.289513,0.3014403283596039,0.2930000126361847,0.06790000200271606
YFL021W,YJL059W,0,-3.2898257,0.3011305332183838,0.2930000126361847,0.06800000369548798
YNL313C,YHR187W,0,-3.2898862,0.30082136392593384,0.2930000126361847,0.06809999793767929
YMR164C,YCL016C,0,-3.2900453,0.30051282048225403,0.2930000126361847,0.0681999996304512
YPL032C,YNL299W,0,-3.2904158,0.30020493268966675,0.2930000126361847,0.06830000132322311
YOL115W,YEL050C,0,-3.290557,0.2998976409435272,0.2930000126361847,0.06840000301599503
YPR104C,YHR120W,0,-3.2906134,0.2995910048484802,0.2930000126361847,0.06849999725818634
YPL194W,YER104W,1,-3.2907186,0.30030643939971924,0.2939999997615814,0.06849999725818634
YML045W,YJL059W,0,-3.2910185,0.30000001192092896,0.2939999997615814,0.06859999895095825
YOR372C,YJR049C,0,-3.2911818,0.2996941804885864,0.2939999997615814,0.06870000064373016
YBR100W,YOR368W,1,-3.2912369,0.3004073202610016,0.29499998688697815,0.06870000064373016
YLR266C,YFR037C,0,-3.2917738,0.30010172724723816,0.29499998688697815,0.06880000233650208
YDL060W,YDR077W,0,-3.29189,0.2997967600822449,0.29499998688697815,0.06889999657869339
YKL188C,YGL144C,0,-3.2918932,0.29949238896369934,0.29499998688697815,0.0689999982714653
YMR055C,YDR126W,0,-3.2937417,0.29918864369392395,0.29499998688697815,0.06909999996423721
YMR117C,YNL167C,0,-3.2938473,0.2988855242729187,0.29499998688697815,0.06920000165700912
YGL043W,YMR167W,1,-3.2943454,0.2995951473712921,0.29600000381469727,0.06920000165700912
YBR223C,YBR050C,0,-3.2944527,0.2992922067642212,0.29600000381469727,0.06930000334978104
YMR125W,YJL012C-A,0,-3.2945876,0.2989898920059204,0.29600000381469727,0.06939999759197235
YIL131C,YIR004W,0,-3.2947476,0.29868820309638977,0.29600000381469727,0.06949999928474426
YIL066C,YGR116W,0,-3.295548,0.2983871102333069,0.29600000381469727,0.06960000097751617
YJL090C,YDL154W,1,-3.2959692,0.29909366369247437,0.296999990940094,0.06960000097751617
YGR040W,YAL003W,0,-3.2968354,0.2987927496433258,0.296999990940094,0.06970000267028809
YDL231C,YJR031C,0,-3.2974157,0.2984924614429474,0.296999990940094,0.0697999969124794
YBR260C,YIL159W,0,-3.2975655,0.2981927692890167,0.296999990940094,0.06989999860525131
YPL047W,YDR295C,0,-3.297699,0.2978936731815338,0.296999990940094,0.07000000029802322
YDR201W,YNR075W,0,-3.2981462,0.29759520292282104,0.296999990940094,0.07010000199079514
YMR104C,YHR174W,0,-3.2987669,0.29729729890823364,0.296999990940094,0.07020000368356705
YGL227W,YNL293W,0,-3.299079,0.296999990940094,0.296999990940094,0.07029999792575836
YER169W,YCL075W,0,-3.2992954,0.2967033088207245,0.296999990940094,0.07039999961853027
YPL022W,YDL154W,1,-3.2994657,0.2974051833152771,0.2980000078678131,0.07039999961853027
YIR015W,YOR211C,0,-3.2999408,0.2971086800098419,0.2980000078678131,0.07050000131130219
YLR466W,YDR180W,1,-3.2999525,0.29780876636505127,0.29899999499320984,0.07050000131130219
YDR123C,YER019W,0,-3.3002207,0.2975124418735504,0.29899999499320984,0.0706000030040741
YNL329C,YNL245C,0,-3.3006918,0.2972167134284973,0.29899999499320984,0.07069999724626541
YAL059W,YOL158C,0,-3.301238,0.2969215512275696,0.29899999499320984,0.07079999893903732
YCR098C,YLR256W,0,-3.3020577,0.2966269850730896,0.29899999499320984,0.07090000063180923
YOR150W,YGR145W,0,-3.3023362,0.2963330149650574,0.29899999499320984,0.07100000232458115
YDR446W,YJL047C,1,-3.3023465,0.2970297038555145,0.30000001192092896,0.07100000232458115
YNL312W,YGL043W,1,-3.3025765,0.29772502183914185,0.3009999990463257,0.07100000232458115
YJL173C,YPR164W,1,-3.303317,0.29841896891593933,0.3019999861717224,0.07100000232458115
YDR280W,YOL113W,0,-3.3038764,0.29812437295913696,0.3019999861717224,0.07109999656677246
YHR197W,YJL146W,0,-3.3042672,0.29783037304878235,0.3019999861717224,0.07119999825954437
YMR055C,YMR287C,0,-3.3044963,0.2975369393825531,0.3019999861717224,0.07129999995231628
YLR216C,YDR123C,0,-3.3049808,0.2972441017627716,0.3019999861717224,0.0714000016450882
YOR026W,YER045C,0,-3.3051019,0.2969518303871155,0.3019999861717224,0.07150000333786011
YJR052W,YHR077C,0,-3.305225,0.2966601252555847,0.3019999861717224,0.07159999758005142
YIR025W,YMR133W,1,-3.3056815,0.29735034704208374,0.30300000309944153,0.07159999758005142
YFL017W-A,YMR128W,0,-3.3062267,0.2970588207244873,0.30300000309944153,0.07169999927282333
YIR025W,YGR296W,1,-3.3062387,0.29774731397628784,0.30399999022483826,0.07169999927282333
YHR167W,YMR284W,1,-3.3067055,0.29843443632125854,0.3050000071525574,0.07169999927282333
YLR242C,YNR075W,0,-3.3067532,0.2981427311897278,0.3050000071525574,0.07180000096559525
YMR106C,YLR329W,1,-3.3072414,0.298828125,0.3059999942779541,0.07180000096559525
YLR191W,YPL233W,0,-3.3077338,0.29853659868240356,0.3059999942779541,0.07190000265836716
YBR152W,YBR240C,0,-3.3090725,0.2982456088066101,0.3059999942779541,0.07199999690055847
YML023C,YDL079C,0,-3.3091063,0.2979552149772644,0.3059999942779541,0.07209999859333038
YJL173C,YML032C,1,-3.3093476,0.29863813519477844,0.3070000112056732,0.07209999859333038
YOR064C,YJR141W,0,-3.309453,0.29834792017936707,0.3070000112056732,0.0722000002861023
YPR104C,YNR072W,0,-3.3095274,0.29805824160575867,0.3070000112056732,0.0723000019788742
YNL172W,YOL121C,0,-3.3101056,0.297769159078598,0.3070000112056732,0.07240000367164612
YKR101W,YPL209C,0,-3.3102548,0.29748061299324036,0.3070000112056732,0.07249999791383743
YML032C,YDL154W,1,-3.31046,0.29816070199012756,0.30799999833106995,0.07249999791383743
YDL003W,YBL093C,0,-3.3107738,0.2978723347187042,0.30799999833106995,0.07259999960660934
YIR015W,YMR319C,0,-3.311108,0.29758453369140625,0.30799999833106995,0.07270000129938126
YMR117C,YGR101W,0,-3.31187,0.29729729890823364,0.30799999833106995,0.07280000299215317
YMR199W,YOR294W,0,-3.3119445,0.297010600566864,0.30799999833106995,0.07289999723434448
YPL267W,YPL130W,0,-3.3119605,0.29672446846961975,0.30799999833106995,0.0729999989271164
YDL216C,YDR331W,0,-3.312245,0.29643887281417847,0.30799999833106995,0.0731000006198883
YOR304W,YOR308C,0,-3.3136086,0.29615384340286255,0.30799999833106995,0.07320000231266022
YGL162W,YDR356W,0,-3.313631,0.2958693504333496,0.30799999833106995,0.07329999655485153
YDR146C,YGR083C,0,-3.3142748,0.29558542370796204,0.30799999833106995,0.07339999824762344
YKR062W,YLR205C,0,-3.3145115,0.29530200362205505,0.30799999833106995,0.07349999994039536
YPL089C,YKL166C,0,-3.3146055,0.29501914978027344,0.30799999833106995,0.07360000163316727
YNL313C,YEL032W,0,-3.314927,0.2947368323802948,0.30799999833106995,0.07370000332593918
YLR459W,YHR160C,0,-3.3150144,0.29445508122444153,0.30799999833106995,0.0737999975681305
YHR194W,YBL034C,0,-3.3152723,0.29417383670806885,0.30799999833106995,0.0738999992609024
YGR040W,YCL026C-A,0,-3.3168137,0.29389312863349915,0.30799999833106995,0.07400000095367432
YDR213W,YFR024C,0,-3.3168807,0.2936129570007324,0.30799999833106995,0.07410000264644623
YKR024C,YEL065W,0,-3.3169346,0.2933333218097687,0.30799999833106995,0.07419999688863754
YPR178W,YBL016W,0,-3.317697,0.2930542230606079,0.30799999833106995,0.07429999858140945
YDR279W,YER045C,0,-3.3181534,0.2927756607532501,0.30799999833106995,0.07440000027418137
YHR148W,YPL155C,0,-3.3193893,0.2924976348876953,0.30799999833106995,0.07450000196695328
YIL073C,YJL116C,0,-3.3196461,0.2922201156616211,0.30799999833106995,0.07460000365972519
YDR279W,YML019W,0,-3.3198063,0.29194313287734985,0.30799999833106995,0.0746999979019165
YFR031C,YPR201W,0,-3.319934,0.2916666567325592,0.30799999833106995,0.07479999959468842
YDR456W,YBR240C,0,-3.3204098,0.29139071702957153,0.30799999833106995,0.07490000128746033
YKL020C,YHR176W,0,-3.3218899,0.29111531376838684,0.30799999833106995,0.07500000298023224
YMR284W,YLR288C,1,-3.3221607,0.29178470373153687,0.3089999854564667,0.07500000298023224
YLR165C,YHR160C,0,-3.322969,0.2915094196796417,0.3089999854564667,0.07509999722242355
YIL073C,YGR278W,0,-3.323197,0.29123467206954956,0.3089999854564667,0.07519999891519547
YCR065W,YLR115W,0,-3.3236296,0.2909604609012604,0.3089999854564667,0.07530000060796738
YNL304W,YKL053C-A,0,-3.324419,0.2906867265701294,0.3089999854564667,0.07540000230073929
YER104W,YDL154W,1,-3.324994,0.29135337471961975,0.3100000023841858,0.07540000230073929
YGL094C,YOR295W,0,-3.325435,0.2910798192024231,0.3100000023841858,0.0754999965429306
YDR224C,YGL158W,0,-3.325481,0.29080674052238464,0.3100000023841858,0.07559999823570251
YIL132C,YHR143W-A,0,-3.3255463,0.29053419828414917,0.3100000023841858,0.07569999992847443
YDR312W,YOL034W,0,-3.3260808,0.2902621626853943,0.3100000023841858,0.07580000162124634
YOR368W,YMR133W,1,-3.3261676,0.29092609882354736,0.3109999895095825,0.07580000162124634
YFL014W,YCR093W,0,-3.3264086,0.2906542122364044,0.3109999895095825,0.07590000331401825
YFR004W,YOL097C,0,-3.3265016,0.29038283228874207,0.3109999895095825,0.07599999755620956
YJL108C,YPL130W,0,-3.3268256,0.2901119291782379,0.3109999895095825,0.07609999924898148
YBL084C,YBR273C,0,-3.3271155,0.28984156250953674,0.3109999895095825,0.07620000094175339
YDL059C,YLR219W,1,-3.3275118,0.29050278663635254,0.31200000643730164,0.07620000094175339
YLR176C,YMR127C,0,-3.3282387,0.2902325689792633,0.31200000643730164,0.0763000026345253
YDR171W,YLR131C,0,-3.3292406,0.2899628281593323,0.31200000643730164,0.07639999687671661
YIL007C,YIR015W,0,-3.3296208,0.28969359397888184,0.31200000643730164,0.07649999856948853
YKR038C,YLR320W,0,-3.3299563,0.289424866437912,0.31200000643730164,0.07660000026226044
YLR401C,YNL225C,0,-3.3302803,0.28915661573410034,0.31200000643730164,0.07670000195503235
YGL066W,YCR066W,0,-3.3320072,0.2888889014720917,0.31200000643730164,0.07680000364780426
YJL069C,YDR263C,0,-3.332208,0.2886216342449188,0.31200000643730164,0.07689999788999557
YBL093C,YKL089W,0,-3.3326426,0.28835490345954895,0.31200000643730164,0.07699999958276749
YOR069W,YKL134C,0,-3.3326492,0.2880886495113373,0.31200000643730164,0.0771000012755394
YKR035W-A,YEL004W,0,-3.3330688,0.2878228724002838,0.31200000643730164,0.07720000296831131
YML011C,YDR337W,0,-3.3342028,0.28755760192871094,0.31200000643730164,0.07729999721050262
YLR266C,YJR094C,0,-3.334436,0.28729280829429626,0.31200000643730164,0.07739999890327454
YNL313C,YJL035C,0,-3.3348317,0.2870285212993622,0.31200000643730164,0.07750000059604645
YNL250W,YPL015C,1,-3.335164,0.2876838147640228,0.31299999356269836,0.07750000059604645
YGR091W,YNL094W,0,-3.3358176,0.2874196469783783,0.31299999356269836,0.07760000228881836
YJL102W,YOL094C,0,-3.336299,0.28715595602989197,0.31299999356269836,0.07769999653100967
YGR104C,YGL194C,0,-3.336656,0.28689277172088623,0.31299999356269836,0.07779999822378159
YPR075C,YJL187C,0,-3.3374832,0.2866300344467163,0.31299999356269836,0.0778999999165535
YHL024W,YML061C,1,-3.3376007,0.28728270530700684,0.3140000104904175,0.0778999999165535
YOR362C,YLR183C,0,-3.3383017,0.28702011704444885,0.3140000104904175,0.07800000160932541
YGL175C,YNL206C,1,-3.3385,0.2876712381839752,0.3149999976158142,0.07800000160932541
YMR198W,YKL099C,0,-3.3387184,0.2874087691307068,0.3149999976158142,0.07810000330209732
YPR178W,YOR001W,0,-3.338991,0.28714677691459656,0.3149999976158142,0.07819999754428864
YLR022C,YPR201W,0,-3.3397927,0.28688523173332214,0.3149999976158142,0.07829999923706055
YBR167C,YCL066W,0,-3.3403368,0.2866241931915283,0.3149999976158142,0.07840000092983246
YIL159W,YML045W,0,-3.3408852,0.2863636314868927,0.3149999976158142,0.07850000262260437
YKL093W,YNL314W,0,-3.341308,0.2861035466194153,0.3149999976158142,0.07859999686479568
YDR081C,YPR201W,0,-3.341924,0.2858439087867737,0.3149999976158142,0.0786999985575676
YHR194W,YOR288C,0,-3.3425744,0.28558477759361267,0.3149999976158142,0.07880000025033951
YOR060C,YPR049C,0,-3.3426147,0.2853260934352875,0.3149999976158142,0.07890000194311142
YDR312W,YPR103W,0,-3.3427918,0.2850678861141205,0.3149999976158142,0.07900000363588333
YPL130W,YER082C,0,-3.342811,0.2848101258277893,0.3149999976158142,0.07909999787807465
YOR298C-A,YLL061W,0,-3.3429446,0.28455284237861633,0.3149999976158142,0.07919999957084656
YPL046C,YPR143W,0,-3.343131,0.28429603576660156,0.3149999976158142,0.07930000126361847
YOR026W,YLR045C,0,-3.3436599,0.2840396761894226,0.3149999976158142,0.07940000295639038
YPL231W,YPL151C,0,-3.3436923,0.28378379344940186,0.3149999976158142,0.0794999971985817
YLR127C,YBL057C,0,-3.344262,0.2835283577442169,0.3149999976158142,0.07959999889135361
YHR160C,YOR386W,0,-3.3447156,0.2832733690738678,0.3149999976158142,0.07970000058412552
YNL082W,YMR224C,1,-3.3448532,0.2839173376560211,0.3160000145435333,0.07970000058412552
YJR052W,YOR270C,0,-3.345253,0.28366246819496155,0.3160000145435333,0.07980000227689743
YLR086W,YGR113W,0,-3.3455606,0.2834080755710602,0.3160000145435333,0.07989999651908875
YHR014W,YNL225C,0,-3.346311,0.28315412998199463,0.3160000145435333,0.07999999821186066
YMR023C,YGR123C,0,-3.3473077,0.2829006314277649,0.3160000145435333,0.08009999990463257
YGL122C,YDL236W,0,-3.3474653,0.28264757990837097,0.3160000145435333,0.08020000159740448
YLR116W,YOR267C,0,-3.3476284,0.28239500522613525,0.3160000145435333,0.08030000329017639
YNL082W,YML095C,1,-3.3483548,0.2830357253551483,0.31700000166893005,0.08030000329017639
YKR024C,YBR240C,0,-3.3488183,0.28278324007987976,0.31700000166893005,0.0803999975323677
YDR329C,YPR054W,0,-3.3489757,0.282531201839447,0.31700000166893005,0.08049999922513962
YOL135C,YDR277C,0,-3.349149,0.2822796106338501,0.31700000166893005,0.08060000091791153
YLR081W,YHR031C,0,-3.3494568,0.282028466463089,0.31700000166893005,0.08070000261068344
YDR495C,YDL134C,0,-3.3498716,0.2817777693271637,0.31700000166893005,0.08079999685287476
YIL153W,YCL074W,0,-3.3502903,0.2815275192260742,0.31700000166893005,0.08089999854564667
YER031C,YHR124W,0,-3.3503716,0.28127771615982056,0.31700000166893005,0.08100000023841858
YIL019W,YDR235W,0,-3.3503861,0.2810283601284027,0.31700000166893005,0.08110000193119049
YHL024W,YPL121C,1,-3.3507986,0.281665176153183,0.3179999887943268,0.08110000193119049
YHR077C,YOR274W,0,-3.3511329,0.2814159393310547,0.3179999887943268,0.0812000036239624
YML095C,YDR110W,1,-3.3521929,0.28205129504203796,0.3190000057220459,0.0812000036239624
YNR008W,YLR183C,0,-3.352522,0.28180211782455444,0.3190000057220459,0.08129999786615372
YBR129C,YOL017W,0,-3.3525348,0.28155338764190674,0.3190000057220459,0.08139999955892563
YIL150C,YFL004W,0,-3.353554,0.28130510449409485,0.3190000057220459,0.08150000125169754
YMR164C,YOR221C,0,-3.3535566,0.2810572683811188,0.3190000057220459,0.08160000294446945
YJL006C,YDR470C,0,-3.3540435,0.28080984950065613,0.3190000057220459,0.08169999718666077
YLR210W,YDR337W,0,-3.354082,0.2805628776550293,0.3190000057220459,0.08179999887943268
YIR025W,YPR164W,1,-3.3544126,0.2811950743198395,0.3199999928474426,0.08179999887943268
YGL213C,YML061C,1,-3.3544261,0.2818261682987213,0.32100000977516174,0.08179999887943268
YPR193C,YKL146W,0,-3.3545184,0.2815789580345154,0.32100000977516174,0.08190000057220459
YGL178W,YKL008C,0,-3.3561475,0.2813321650028229,0.32100000977516174,0.0820000022649765
YMR199W,YML036W,0,-3.3570037,0.2810858190059662,0.32100000977516174,0.08209999650716782
YHR167W,YML061C,1,-3.3572133,0.2817147970199585,0.32199999690055847,0.08209999650716782
YGR103W,YKR039W,0,-3.3572176,0.28146854043006897,0.32199999690055847,0.08219999819993973
YBR136W,YBR130C,1,-3.357526,0.2820960581302643,0.3230000138282776,0.08219999819993973
YKR019C,YBR080C,0,-3.3577251,0.2818499207496643,0.3230000138282776,0.08229999989271164
YPR104C,YBR004C,0,-3.3579397,0.28160417079925537,0.3230000138282776,0.08240000158548355
YDR529C,YGR089W,0,-3.3580997,0.28135889768600464,0.3230000138282776,0.08250000327825546
YOL116W,YMR165C,0,-3.3583846,0.28111401200294495,0.3230000138282776,0.08259999752044678
YGR296W,YGL033W,1,-3.3592458,0.28173911571502686,0.3240000009536743,0.08259999752044678
YFR024C-A,YLR320W,0,-3.3600535,0.2814943492412567,0.3240000009536743,0.08269999921321869
YPL156C,YMR239C,0,-3.360209,0.28125,0.3240000009536743,0.0828000009059906
YIL084C,YJL093C,0,-3.3609538,0.2810060679912567,0.3240000009536743,0.08290000259876251
YFL034C-B,YLR045C,0,-3.361074,0.28076255321502686,0.3240000009536743,0.08299999684095383
YDR423C,YPL011C,0,-3.3614583,0.2805194854736328,0.3240000009536743,0.08309999853372574
YGL246C,YGL205W,0,-3.3632865,0.2802768051624298,0.3240000009536743,0.08320000022649765
YLR466W,YPL164C,1,-3.3633208,0.2808988690376282,0.32499998807907104,0.08320000022649765
YJR046W,YDR302W,0,-3.3634787,0.2806563079357147,0.32499998807907104,0.08330000191926956
YGR181W,YPR057W,0,-3.3641033,0.2804141640663147,0.32499998807907104,0.08340000361204147
YLR329W,YJL047C,1,-3.3643377,0.2810344696044922,0.32600000500679016,0.08340000361204147
YHR079C-A,YMR167W,1,-3.3645608,0.2816537320613861,0.3269999921321869,0.08340000361204147
YPL022W,YOR035C,1,-3.36497,0.28227195143699646,0.328000009059906,0.08340000361204147
YML095C,YPL015C,1,-3.3650284,0.28288906812667847,0.32899999618530273,0.08340000361204147
YDR323C,YCL010C,0,-3.3655472,0.2826460599899292,0.32899999618530273,0.08349999785423279
YPR073C,YOR287C,0,-3.365922,0.28240343928337097,0.32899999618530273,0.0835999995470047
YHL022C,YDL164C,1,-3.3659818,0.2830188572406769,0.33000001311302185,0.0835999995470047
YNL088W,YPR164W,1,-3.366012,0.2836332619190216,0.3310000002384186,0.0835999995470047
YOL068C,YDR440W,1,-3.3662317,0.284246563911438,0.3319999873638153,0.0835999995470047
YOR068C,YMR030W,0,-3.3662846,0.28400343656539917,0.3319999873638153,0.08370000123977661
YNL090W,YLR272C,0,-3.3663118,0.2837606966495514,0.3319999873638153,0.08380000293254852
YNL250W,YPL283C,1,-3.3669932,0.28437232971191406,0.3330000042915344,0.08380000293254852
YKL125W,YIL065C,0,-3.367258,0.28412967920303345,0.3330000042915344,0.08389999717473984
YFR005C,YDL109C,0,-3.3672833,0.28388747572898865,0.3330000042915344,0.08399999886751175
YBR050C,YOL135C,0,-3.3680325,0.2836456596851349,0.3330000042915344,0.08410000056028366
YMR059W,YLR411W,0,-3.3681455,0.28340426087379456,0.3330000042915344,0.08420000225305557
YML036W,YDR260C,0,-3.368281,0.28316327929496765,0.3330000042915344,0.08429999649524689
YER015W,YDR437W,0,-3.3692203,0.2829226851463318,0.3330000042915344,0.0843999981880188
YDR416W,YKR031C,0,-3.3695126,0.28268250823020935,0.3330000042915344,0.08449999988079071
YHR079C-A,YGR296W,1,-3.3696117,0.28329092264175415,0.33399999141693115,0.08449999988079071
YNL251C,YGR170W,0,-3.3705366,0.2830508351325989,0.33399999141693115,0.08460000157356262
YLR176C,YNL003C,0,-3.3711789,0.28281116485595703,0.33399999141693115,0.08470000326633453
YOL072W,YDR180W,1,-3.3715768,0.2834179401397705,0.33500000834465027,0.08470000326633453
YDR244W,YGL032C,0,-3.372313,0.2831783592700958,0.33500000834465027,0.08479999750852585
YOR144C,YMR284W,1,-3.3729825,0.28378379344940186,0.335999995470047,0.08479999750852585
YJR053W,YOL124C,0,-3.3733487,0.28354430198669434,0.335999995470047,0.08489999920129776
YNL251C,YKL089W,0,-3.3738196,0.28330522775650024,0.335999995470047,0.08500000089406967
YML001W,YGR056W,0,-3.3740995,0.2830665409564972,0.335999995470047,0.08510000258684158
YLR438C-A,YHR073W,0,-3.375009,0.28282827138900757,0.335999995470047,0.0851999968290329
YBR055C,YLR316C,0,-3.3750155,0.28259041905403137,0.335999995470047,0.08529999852180481
YDL097C,YGR108W,0,-3.3753462,0.2823529541492462,0.335999995470047,0.08540000021457672
YMR106C,YMR133W,1,-3.3754177,0.28295549750328064,0.3370000123977661,0.08540000021457672
YDR379W,YNR034W,0,-3.3757749,0.28271812200546265,0.3370000123977661,0.08550000190734863
YPR119W,YBL039C,0,-3.3762302,0.2824811339378357,0.3370000123977661,0.08560000360012054
YGL163C,YDR113C,1,-3.3762808,0.2830820679664612,0.33799999952316284,0.08560000360012054
YNL206C,YBR100W,1,-3.3767366,0.2836820185184479,0.33899998664855957,0.08560000360012054
YHR039C-A,YML058W-A,0,-3.3769784,0.2834448218345642,0.33899998664855957,0.08569999784231186
YIL150C,YMR213W,0,-3.3770137,0.2832080125808716,0.33899998664855957,0.08579999953508377
YFL011W,YDR216W,0,-3.377109,0.2829716205596924,0.33899998664855957,0.08590000122785568
YDR314C,YIL038C,0,-3.3774006,0.2827356159687042,0.33899998664855957,0.0860000029206276
YOR279C,YGR092W,0,-3.3781314,0.2824999988079071,0.33899998664855957,0.08609999716281891
YER095W,YHR079C-B,1,-3.378552,0.28309741616249084,0.3400000035762787,0.08609999716281891
YMR093W,YDR018C,0,-3.3789804,0.2828618884086609,0.3400000035762787,0.08619999885559082
YOR355W,YDR115W,0,-3.3794198,0.28262677788734436,0.3400000035762787,0.08630000054836273
YPR083W,YDL148C,0,-3.3803916,0.2823920249938965,0.3400000035762787,0.08640000224113464
YOR083W,YGR222W,0,-3.380628,0.28215768933296204,0.3400000035762787,0.08649999648332596
YPL122C,YML126C,0,-3.3810253,0.28192371129989624,0.3400000035762787,0.08659999817609787
YLR312C-B,YFR046C,0,-3.3812857,0.28169015049934387,0.3400000035762787,0.08669999986886978
YGL163C,YNL082W,1,-3.3817198,0.28228476643562317,0.3409999907016754,0.08669999986886978
YLR266C,YIL014W,0,-3.3830197,0.28205129504203796,0.3409999907016754,0.0868000015616417
YBR175W,YDR030C,0,-3.3834083,0.2818181812763214,0.3409999907016754,0.0869000032544136
YBR135W,YKL093W,0,-3.3834817,0.2815854549407959,0.3409999907016754,0.08699999749660492
YMR165C,YPL093W,0,-3.3835034,0.2813531458377838,0.3409999907016754,0.08709999918937683
YJR094C,YDR419W,0,-3.3841019,0.2811211943626404,0.3409999907016754,0.08720000088214874
YPL053C,YNR075W,0,-3.384553,0.280889630317688,0.3409999907016754,0.08730000257492065
YNL139C,YNL250W,1,-3.3849192,0.28148147463798523,0.34200000762939453,0.08730000257492065
YML098W,YMR179W,0,-3.3852003,0.28125,0.34200000762939453,0.08739999681711197
YBR258C,YJL128C,0,-3.3852305,0.2810189127922058,0.34200000762939453,0.08749999850988388
YHR079C-A,YFL003C,1,-3.3852468,0.2816092073917389,0.34299999475479126,0.08749999850988388
YLR035C,YCR063W,0,-3.3854005,0.2813781797885895,0.34299999475479126,0.08760000020265579
YCL066W,YGR005C,0,-3.38589,0.2811475396156311,0.34299999475479126,0.0877000018954277
YJL186W,YML039W,0,-3.38631,0.28091728687286377,0.34299999475479126,0.08780000358819962
YHR079C-B,YDR113C,1,-3.3865285,0.2815057337284088,0.3440000116825104,0.08780000358819962
YGL213C,YJR021C,1,-3.3866494,0.28209322690963745,0.3449999988079071,0.08780000358819962
YMR165C,YMR037C,0,-3.3866634,0.281862735748291,0.3449999988079071,0.08789999783039093
YBL039C,YOR329C,0,-3.3866665,0.281632661819458,0.3449999988079071,0.08799999952316284
YNL312W,YOR368W,1,-3.3868766,0.2822186052799225,0.34599998593330383,0.08799999952316284
YIL034C,YCL005W-A,0,-3.3870041,0.28198859095573425,0.34599998593330383,0.08810000121593475
YKL173W,YDR277C,0,-3.3870678,0.28175896406173706,0.34599998593330383,0.08820000290870667
YHR176W,YDL170W,0,-3.3881507,0.2815296947956085,0.34599998593330383,0.08829999715089798
YDR103W,YMR056C,0,-3.3881645,0.281300812959671,0.34599998593330383,0.08839999884366989
YLR207W,YLR212C,0,-3.3881664,0.2810722887516022,0.34599998593330383,0.0885000005364418
YNL216W,YBL022C,0,-3.3883262,0.28084415197372437,0.34599998593330383,0.08860000222921371
YOL017W,YGL048C,0,-3.3885167,0.2806163728237152,0.34599998593330383,0.08869999647140503
YER123W,YJR141W,0,-3.3886151,0.2803889811038971,0.34599998593330383,0.08879999816417694
YMR239C,YIR037W,0,-3.3890462,0.28016194701194763,0.34599998593330383,0.08889999985694885
YBR214W,YHR062C,0,-3.3892689,0.2799352705478668,0.34599998593330383,0.08900000154972076
YDR103W,YIL031W,0,-3.3896532,0.27970898151397705,0.34599998593330383,0.08910000324249268
YLR176C,YPL124W,0,-3.3902595,0.27948305010795593,0.34599998593330383,0.08919999748468399
YDR460W,YLR316C,0,-3.390607,0.27925747632980347,0.34599998593330383,0.0892999991774559
YJR028W,YLL001W,0,-3.3908029,0.27903226017951965,0.34599998593330383,0.08940000087022781
YNR011C,YER035W,0,-3.3913736,0.2788074016571045,0.34599998593330383,0.08950000256299973
YMR172W,YJL073W,0,-3.3914533,0.27858293056488037,0.34599998593330383,0.08959999680519104
YBL103C,YLL061W,0,-3.3915112,0.2783588171005249,0.34599998593330383,0.08969999849796295
YGL194C,YAL013W,0,-3.3921065,0.2781350612640381,0.34599998593330383,0.08980000019073486
YER109C,YMR042W,0,-3.3926477,0.27791163325309753,0.34599998593330383,0.08990000188350677
YPL211W,YBL075C,0,-3.392815,0.277688592672348,0.34599998593330383,0.09000000357627869
YPR008W,YHR120W,0,-3.3931227,0.27746590971946716,0.34599998593330383,0.09009999781847
YPL047W,YPL267W,0,-3.3933673,0.27724358439445496,0.34599998593330383,0.09019999951124191
YJR057W,YGR005C,0,-3.393368,0.2770216166973114,0.34599998593330383,0.09030000120401382
YJR083C,YPR016C,0,-3.393507,0.2768000066280365,0.34599998593330383,0.09040000289678574
YDR270W,YER075C,0,-3.3939238,0.27657872438430786,0.34599998593330383,0.09049999713897705
YLR132C,YOL130W,0,-3.3943248,0.27635782957077026,0.34599998593330383,0.09059999883174896
YJL173C,YKL011C,1,-3.3944335,0.2769353687763214,0.34700000286102295,0.09059999883174896
YDL017W,YPL045W,0,-3.3945608,0.2767145037651062,0.34700000286102295,0.09070000052452087
YPL121C,YCR092C,1,-3.3945785,0.27729085087776184,0.3479999899864197,0.09070000052452087
YLR442C,YDL035C,0,-3.394645,0.2770700752735138,0.3479999899864197,0.09080000221729279
YML023C,YJL030W,0,-3.3947508,0.276849627494812,0.3479999899864197,0.0908999964594841
YDL044C,YGR247W,0,-3.3949306,0.27662956714630127,0.3479999899864197,0.09099999815225601
YKR026C,YKL089W,0,-3.3954878,0.2764098346233368,0.3479999899864197,0.09109999984502792
YPL178W,YBR090C-A,0,-3.3963766,0.27619048953056335,0.3479999899864197,0.09120000153779984
YDL077C,YLR353W,0,-3.3963995,0.2759714424610138,0.3479999899864197,0.09130000323057175
YGL213C,YFL003C,1,-3.3965378,0.2765451669692993,0.3490000069141388,0.09130000323057175
YLR335W,YGL048C,0,-3.3966675,0.2763262093067169,0.3490000069141388,0.09139999747276306
YOL156W,YCR093W,0,-3.3971722,0.2761076092720032,0.3490000069141388,0.09149999916553497
YIR025W,YER104W,1,-3.3971922,0.2766798436641693,0.3499999940395355,0.09149999916553497
YFR028C,YLR032W,0,-3.3976579,0.27646130323410034,0.3499999940395355,0.09160000085830688
YKL058W,YKL134C,0,-3.3976655,0.27624309062957764,0.3499999940395355,0.0917000025510788
YKL088W,YNL177C,0,-3.39817,0.2760252356529236,0.3499999940395355,0.09179999679327011
YDL022W,YLR197W,0,-3.3986812,0.2758077085018158,0.3499999940395355,0.09189999848604202
YHL006C,YOR329C,0,-3.4004745,0.27559053897857666,0.3499999940395355,0.09200000017881393
YHR214C-B,YLR115W,0,-3.400679,0.2753737270832062,0.3499999940395355,0.09210000187158585
YMR061W,YLL031C,0,-3.4008837,0.27515724301338196,0.3499999940395355,0.09220000356435776
YBR202W,YPR186C,0,-3.40114,0.274941086769104,0.3499999940395355,0.09229999780654907
YLR196W,YMR060C,0,-3.4014046,0.2747252881526947,0.3499999940395355,0.09239999949932098
YOL105C,YMR280C,0,-3.4016166,0.27450981736183167,0.3499999940395355,0.0925000011920929
YJL133W,YKR086W,0,-3.4022727,0.2742946743965149,0.3499999940395355,0.09260000288486481
YGR006W,YML041C,0,-3.4023886,0.2740798890590668,0.3499999940395355,0.09269999712705612
YLR016C,YMR048W,0,-3.402697,0.27386540174484253,0.3499999940395355,0.09279999881982803
YBR111W-A,YMR263W,0,-3.402741,0.2736513018608093,0.3499999940395355,0.09290000051259995
YNL318C,YPL153C,0,-3.4031925,0.2734375,0.3499999940395355,0.09300000220537186
YER169W,YKL008C,0,-3.4031982,0.2732240557670593,0.3499999940395355,0.09309999644756317
YER169W,YMR161W,0,-3.4037898,0.27301090955734253,0.3499999940395355,0.09319999814033508
YBR258C,YOR294W,0,-3.403884,0.2727981209754944,0.3499999940395355,0.093299999833107
YGL033W,YDR113C,1,-3.4041104,0.27336448431015015,0.35100001096725464,0.093299999833107
YLR116W,YFR005C,0,-3.4044423,0.2731517553329468,0.35100001096725464,0.0934000015258789
YOR310C,YMR072W,0,-3.4044685,0.2729393541812897,0.35100001096725464,0.09350000321865082
YNL318C,YDR414C,0,-3.4045544,0.27272728085517883,0.35100001096725464,0.09359999746084213
YBR294W,YCR089W,0,-3.404563,0.27251553535461426,0.35100001096725464,0.09369999915361404
YOR144C,YDL154W,1,-3.4047725,0.27307990193367004,0.35199999809265137,0.09369999915361404
YDR448W,YML094W,0,-3.4053748,0.27286821603775024,0.35199999809265137,0.09380000084638596
YFL021W,YNR038W,0,-3.4054594,0.2726568579673767,0.35199999809265137,0.09390000253915787
YMR284W,YLR234W,1,-3.4057298,0.2732198238372803,0.3529999852180481,0.09390000253915787
YLR383W,YML098W,0,-3.4059863,0.2730084955692291,0.3529999852180481,0.09399999678134918
YBR152W,YOR256C,0,-3.4061747,0.27279752492904663,0.3529999852180481,0.0940999984741211
YLL009C,YOL028C,0,-3.4062874,0.2725868821144104,0.3529999852180481,0.094200000166893
YDR247W,YDL209C,0,-3.4065223,0.27237653732299805,0.3529999852180481,0.09430000185966492
YDR131C,YDR339C,0,-3.4067466,0.27216655015945435,0.3529999852180481,0.09440000355243683
YCL010C,YOR145C,0,-3.4068155,0.2719568610191345,0.3529999852180481,0.09449999779462814
YMR201C,YBL106C,0,-3.4070315,0.27174749970436096,0.3529999852180481,0.09459999948740005
YER095W,YNL271C,1,-3.4088664,0.27230769395828247,0.3540000021457672,0.09459999948740005
YJR110W,YPL253C,0,-3.4089794,0.2720983922481537,0.3540000021457672,0.09470000118017197
YBR098W,YJR021C,1,-3.4090433,0.27265745401382446,0.35499998927116394,0.09470000118017197
YLR360W,YDR163W,0,-3.4099092,0.27244818210601807,0.35499998927116394,0.09480000287294388
YDL006W,YER120W,0,-3.4101067,0.2722392678260803,0.35499998927116394,0.09489999711513519
YHL040C,YPL139C,0,-3.4101353,0.27203065156936646,0.35499998927116394,0.0949999988079071
YDL036C,YDR145W,0,-3.4102356,0.27182236313819885,0.35499998927116394,0.09510000050067902
YKL053C-A,YDR478W,0,-3.4104147,0.2716143727302551,0.35499998927116394,0.09520000219345093
YLR153C,YJL059W,0,-3.4115005,0.27140673995018005,0.35499998927116394,0.09529999643564224
YIL084C,YKL172W,0,-3.4118137,0.27119937539100647,0.35499998927116394,0.09539999812841415
YNL222W,YER106W,0,-3.4121695,0.27099236845970154,0.35499998927116394,0.09549999982118607
YHR167W,YBR130C,1,-3.4122634,0.27154844999313354,0.35600000619888306,0.09549999982118607
YHR172W,YOR069W,0,-3.4123158,0.271341472864151,0.35600000619888306,0.09560000151395798
YLR214W,YKL021C,0,-3.4127848,0.27113479375839233,0.35600000619888306,0.09570000320672989
YMR168C,YLR312C-B,0,-3.4130514,0.2709284722805023,0.35600000619888306,0.0957999974489212
YBR061C,YPR046W,0,-3.41402,0.2707224190235138,0.35600000619888306,0.09589999914169312
YKL034W,YPL209C,0,-3.4140973,0.2705167233943939,0.35600000619888306,0.09600000083446503
YBR250W,YLR386W,0,-3.4143295,0.2703113257884979,0.35600000619888306,0.09610000252723694
YOR144C,YPL022W,1,-3.4147544,0.27086493372917175,0.3569999933242798,0.09610000252723694
YLR116W,YGL022W,0,-3.4149122,0.27065959572792053,0.3569999933242798,0.09619999676942825
YNR011C,YCR008W,0,-3.4151278,0.2704545557498932,0.3569999933242798,0.09629999846220016
YOL011W,YOR054C,0,-3.4152694,0.2702498137950897,0.3569999933242798,0.09640000015497208
YJR135C,YML060W,0,-3.4155006,0.2700453996658325,0.3569999933242798,0.09650000184774399
YBR012W-A,YER031C,0,-3.4157138,0.2698412835597992,0.3569999933242798,0.0966000035405159
YNL161W,YLR353W,0,-3.4157228,0.26963746547698975,0.3569999933242798,0.09669999778270721
YCL063W,YNR006W,0,-3.4162123,0.26943397521972656,0.3569999933242798,0.09679999947547913
YIL131C,YKL125W,0,-3.4169002,0.26923078298568726,0.3569999933242798,0.09690000116825104
YDL014W,YLR312C-B,0,-3.4170103,0.2690278887748718,0.3569999933242798,0.09700000286102295
YOL091W,YDL132W,0,-3.4174714,0.2688252925872803,0.3569999933242798,0.09709999710321426
YNL070W,YDL216C,0,-3.4177184,0.268623024225235,0.3569999933242798,0.09719999879598618
YLR403W,YJL092W,0,-3.4182081,0.2684210538864136,0.3569999933242798,0.09730000048875809
YGR006W,YLL061W,0,-3.41837,0.26821938157081604,0.3569999933242798,0.09740000218153
YGR027W-B,YMR298W,0,-3.4205723,0.2680180072784424,0.3569999933242798,0.09749999642372131
YDR446W,YOR368W,1,-3.4208043,0.26856714487075806,0.3580000102519989,0.09749999642372131
YEL032W,YPR134W,0,-3.4209156,0.2683658301830292,0.3580000102519989,0.09759999811649323
YBR095C,YMR305C,0,-3.4209685,0.2681647837162018,0.3580000102519989,0.09769999980926514
YHR167W,YER173W,1,-3.421329,0.26871258020401,0.35899999737739563,0.09769999980926514
YJL133W,YDR058C,0,-3.4215577,0.2685115933418274,0.35899999737739563,0.09780000150203705
YJR110W,YOR287C,0,-3.4217834,0.26831090450286865,0.35899999737739563,0.09790000319480896
YPR164W,YPL164C,1,-3.4222186,0.26885735988616943,0.36000001430511475,0.09790000319480896
YNL102W,YMR287C,0,-3.422349,0.26865673065185547,0.36000001430511475,0.09799999743700027
YOL034W,YOR048C,0,-3.4226289,0.268456369638443,0.36000001430511475,0.09809999912977219
YOL156W,YBR294W,0,-3.422753,0.2682563364505768,0.36000001430511475,0.0982000008225441
YKL095W,YOR329C,0,-3.4229388,0.26805660128593445,0.36000001430511475,0.09830000251531601
YJL113W,YJR145C,0,-3.4232068,0.2678571343421936,0.36000001430511475,0.09839999675750732
YLR205C,YML021C,0,-3.4233465,0.267657995223999,0.36000001430511475,0.09849999845027924
YGL094C,YOR298W,0,-3.4237757,0.26745912432670593,0.36000001430511475,0.09860000014305115
YOR156C,YLR215C,0,-3.4244564,0.2672605812549591,0.36000001430511475,0.09870000183582306
YLR385C,YPR056W,0,-3.4247346,0.26706230640411377,0.36000001430511475,0.09880000352859497
YNL172W,YNR060W,0,-3.4248533,0.2668643295764923,0.36000001430511475,0.09889999777078629
YGL163C,YPL283C,1,-3.4251542,0.2674074172973633,0.3610000014305115,0.09889999777078629
YIL132C,YLR312C-B,0,-3.42523,0.2672094702720642,0.3610000014305115,0.0989999994635582
YOR237W,YNL091W,0,-3.4256306,0.267011821269989,0.3610000014305115,0.09910000115633011
YPL254W,YCL033C,0,-3.4256558,0.2668145000934601,0.3610000014305115,0.09920000284910202
YGR054W,YGL243W,0,-3.4260292,0.26661741733551025,0.3610000014305115,0.09929999709129333
YIR018W,YGR195W,0,-3.426097,0.2664206624031067,0.3610000014305115,0.09939999878406525
YKL079W,YPL234C,0,-3.4261115,0.2662241756916046,0.3610000014305115,0.09950000047683716
YNL271C,YDR180W,1,-3.4262135,0.26676490902900696,0.3619999885559082,0.09950000047683716
YNR074C,YNL039W,0,-3.4265058,0.26656848192214966,0.3619999885559082,0.09960000216960907
YPL147W,YDR021W,0,-3.4266648,0.26637232303619385,0.3619999885559082,0.09969999641180038
YER095W,YPL022W,1,-3.4271252,0.2669117748737335,0.3630000054836273,0.09969999641180038
YNL304W,YJL035C,0,-3.4272604,0.2667156457901001,0.3630000054836273,0.0997999981045723
YGL207W,YLL061W,0,-3.4274611,0.26651981472969055,0.3630000054836273,0.09989999979734421
YCR060W,YFL024C,0,-3.427955,0.2663242816925049,0.3630000054836273,0.10000000149011612
YLR329W,YOL090W,1,-3.4285975,0.2668621838092804,0.36399999260902405,0.10000000149011612
YOL068C,YLR288C,1,-3.4287062,0.26739928126335144,0.36500000953674316,0.10000000149011612
YLR329W,YDL164C,1,-3.4287705,0.267935574054718,0.3659999966621399,0.10000000149011612
YOR080W,YLR312C-B,0,-3.4289317,0.26773956418037415,0.3659999966621399,0.10010000318288803
YGR008C,YNL172W,0,-3.4298806,0.26754385232925415,0.3659999966621399,0.10019999742507935
YMR284W,YMR133W,1,-3.4299953,0.26807889342308044,0.367000013589859,0.10019999742507935
YBL003C,YJL074C,0,-3.430729,0.26788321137428284,0.367000013589859,0.10029999911785126
YMR275C,YDR478W,0,-3.4310331,0.2676878273487091,0.367000013589859,0.10040000081062317
YNL245C,YPR054W,0,-3.4315815,0.26749271154403687,0.367000013589859,0.10050000250339508
YJL146W,YGR140W,0,-3.431669,0.2672978937625885,0.367000013589859,0.1005999967455864
YOR151C,YOR049C,0,-3.4317005,0.2671033442020416,0.367000013589859,0.1006999984383583
YDR078C,YIL123W,0,-3.4319842,0.26690909266471863,0.367000013589859,0.10080000013113022
YIL132C,YER053C,0,-3.4320736,0.2667151093482971,0.367000013589859,0.10090000182390213
YGR094W,YER160C,0,-3.4321654,0.2665214240550995,0.367000013589859,0.10100000351667404
YER088C,YDR301W,0,-3.4323025,0.26632800698280334,0.367000013589859,0.10109999775886536
YBR065C,YDR448W,0,-3.4336414,0.2661348879337311,0.367000013589859,0.10119999945163727
YLR288C,YDR113C,1,-3.433776,0.2666666805744171,0.36800000071525574,0.10119999945163727
YMR201C,YDL235C,0,-3.433822,0.26647356152534485,0.36800000071525574,0.10130000114440918
YCR084C,YHR120W,0,-3.4339662,0.26628074049949646,0.36800000071525574,0.10140000283718109
YGL063W,YGL116W,0,-3.4339733,0.26608821749687195,0.36800000071525574,0.1014999970793724
YHL024W,YLR288C,1,-3.4341013,0.2666184902191162,0.36899998784065247,0.1014999970793724
YNL167C,YMR220W,0,-3.4344058,0.2664259970188141,0.36899998784065247,0.10159999877214432
YPL194W,YGL043W,1,-3.4346182,0.26695525646209717,0.3700000047683716,0.10159999877214432
YOL102C,YDR252W,0,-3.4348392,0.26676279306411743,0.3700000047683716,0.10170000046491623
YMR250W,YML045W,0,-3.4361856,0.2665705978870392,0.3700000047683716,0.10180000215768814
YKR054C,YHR030C,0,-3.4362316,0.2663787007331848,0.3700000047683716,0.10189999639987946
YML011C,YBR244W,0,-3.4362624,0.26618704199790955,0.3700000047683716,0.10199999809265137
YBR207W,YOL080C,0,-3.4371204,0.26599568128585815,0.3700000047683716,0.10209999978542328
YGL111W,YML049C,0,-3.4372716,0.26580458879470825,0.3700000047683716,0.10220000147819519
YDL247W,YIL030C,0,-3.4378285,0.2656137943267822,0.3700000047683716,0.1023000031709671
YAR008W,YNL314W,0,-3.437852,0.2654232382774353,0.3700000047683716,0.10239999741315842
YJR084W,YLR353W,0,-3.4379616,0.26523298025131226,0.3700000047683716,0.10249999910593033
YPR008W,YIL061C,0,-3.4381425,0.2650429904460907,0.3700000047683716,0.10260000079870224
YJL108C,YPR183W,0,-3.4382443,0.26485326886177063,0.3700000047683716,0.10270000249147415
YFR031C,YER051W,0,-3.4382782,0.26466381549835205,0.3700000047683716,0.10279999673366547
YGL144C,YDR325W,0,-3.4388487,0.26447463035583496,0.3700000047683716,0.10289999842643738
YLR215C,YGR005C,0,-3.4389505,0.26428571343421936,0.3700000047683716,0.10300000011920929
YDL190C,YPL209C,0,-3.438982,0.26409706473350525,0.3700000047683716,0.1031000018119812
YOR249C,YNL148C,0,-3.4391308,0.263908714056015,0.3700000047683716,0.10320000350475311
YDR254W,YAL058W,0,-3.4392235,0.2637206017971039,0.3700000047683716,0.10329999774694443
YOR343W-B,YGR159C,0,-3.4396446,0.26353275775909424,0.3700000047683716,0.10339999943971634
YGR104C,YMR210W,0,-3.440458,0.2633451819419861,0.3700000047683716,0.10350000113248825
YBR250W,YNL236W,0,-3.4405282,0.2631579041481018,0.3700000047683716,0.10360000282526016
YJL102W,YDL209C,0,-3.441196,0.26297086477279663,0.3700000047683716,0.10369999706745148
YNL097C,YHR120W,0,-3.4414482,0.26278409361839294,0.3700000047683716,0.10379999876022339
YEL032W,YNL167C,0,-3.441905,0.26259759068489075,0.3700000047683716,0.1039000004529953
YOR144C,YCR092C,1,-3.4419265,0.26312056183815,0.3709999918937683,0.1039000004529953
YDR513W,YBL074C,0,-3.4423754,0.2629340887069702,0.3709999918937683,0.10400000214576721
YNL261W,YDL077C,0,-3.442564,0.2627478837966919,0.3709999918937683,0.10409999638795853
YBL003C,YJR035W,0,-3.4429064,0.2625619173049927,0.3709999918937683,0.10419999808073044
YBR215W,YGR177C,0,-3.4435906,0.26237624883651733,0.3709999918937683,0.10429999977350235
YER001W,YML039W,0,-3.4437017,0.2621908187866211,0.3709999918937683,0.10440000146627426
YPR191W,YBL005W-A,0,-3.4438581,0.26200565695762634,0.3709999918937683,0.10450000315904617
YML102W,YNL214W,0,-3.443975,0.2618207335472107,0.3709999918937683,0.10459999740123749
YIR025W,YBR136W,1,-3.444479,0.26234132051467896,0.3720000088214874,0.10459999740123749
YPL022W,YDR440W,1,-3.4445868,0.2628611624240875,0.37299999594688416,0.10459999740123749
YDR131C,YKR059W,0,-3.445396,0.26267606019973755,0.37299999594688416,0.1046999990940094
YGL181W,YBL009W,0,-3.4454546,0.2624911963939667,0.37299999594688416,0.10480000078678131
YDR363W-A,YPR007C,0,-3.4456632,0.2623066008090973,0.37299999594688416,0.10490000247955322
YDL028C,YBR050C,0,-3.4457874,0.2621222734451294,0.37299999594688416,0.10499999672174454
YGR059W,YIR033W,0,-3.445992,0.261938214302063,0.37299999594688416,0.10509999841451645
YOL148C,YLR183C,0,-3.446076,0.2617543935775757,0.37299999594688416,0.10520000010728836
YOR346W,YOR317W,0,-3.4467213,0.26157084107398987,0.37299999594688416,0.10530000180006027
YPL194W,YAL029C,1,-3.4471395,0.2620882987976074,0.37400001287460327,0.10530000180006027
YNL048W,YDR210C-D,0,-3.4476466,0.261904776096344,0.37400001287460327,0.10540000349283218
YIL007C,YNL112W,0,-3.4477525,0.26172149181365967,0.37400001287460327,0.1054999977350235
YBR049C,YBR182C,0,-3.447796,0.26153847575187683,0.37400001287460327,0.10559999942779541
YDR473C,YKR020W,0,-3.447894,0.2613556981086731,0.37400001287460327,0.10570000112056732
YER018C,YHR115C,0,-3.4479284,0.26117318868637085,0.37400001287460327,0.10580000281333923
YFL011W,YLR384C,0,-3.4480875,0.2609909176826477,0.37400001287460327,0.10589999705553055
YDL059C,YOL090W,1,-3.4482903,0.2615062892436981,0.375,0.10589999705553055
YCR086W,YGL244W,0,-3.4483657,0.26132404804229736,0.375,0.10599999874830246
YMR106C,YPL164C,1,-3.4485433,0.261838436126709,0.37599998712539673,0.10599999874830246
YDR289C,YLR234W,1,-3.4487288,0.2623521089553833,0.37700000405311584,0.10599999874830246
YIL066C,YEL004W,0,-3.4490256,0.2621696889400482,0.37700000405311584,0.10610000044107437
YDR400W,YIL017W,0,-3.449452,0.26198747754096985,0.37700000405311584,0.10620000213384628
YEL061C,YNL008C,0,-3.4495537,0.26180556416511536,0.37700000405311584,0.1062999963760376
YDR488C,YDR277C,0,-3.4498558,0.2616238594055176,0.37700000405311584,0.10639999806880951
YLR176C,YHR031C,0,-3.4503326,0.2614424526691437,0.37700000405311584,0.10649999976158142
YCL074W,YCR044C,0,-3.4503553,0.2612612545490265,0.37700000405311584,0.10660000145435333
YNL267W,YDL060W,0,-3.450653,0.2610803246498108,0.37700000405311584,0.10670000314712524
YBL105C,YPR007C,0,-3.45083,0.2608996629714966,0.37700000405311584,0.10679999738931656
YKL014C,YKL117W,0,-3.4509275,0.2607192397117615,0.37700000405311584,0.10689999908208847
YNR074C,YLR051C,0,-3.4511569,0.26053905487060547,0.37700000405311584,0.10700000077486038
YDL064W,YBR085W,0,-3.4512491,0.26035910844802856,0.37700000405311584,0.1071000024676323
YMR106C,YHR081W,1,-3.4513702,0.260869562625885,0.3779999911785126,0.1071000024676323
YDL036C,YLR385C,0,-3.4513977,0.2606896460056305,0.3779999911785126,0.10719999670982361
YGL158W,YDR106W,0,-3.4520273,0.26050999760627747,0.3779999911785126,0.10729999840259552
YHR167W,YHR081W,1,-3.4522593,0.2610192894935608,0.3790000081062317,0.10729999840259552
YNL135C,YOR005C,0,-3.4523716,0.26083964109420776,0.3790000081062317,0.10740000009536743
YDL077C,YEL012W,0,-3.4525704,0.2606602609157562,0.3790000081062317,0.10750000178813934
YCL010C,YDL108W,0,-3.4526935,0.2604810893535614,0.3790000081062317,0.10760000348091125
YBR198C,YDR079C-A,0,-3.45324,0.26030218601226807,0.3790000081062317,0.10769999772310257
YIL014W,YGL096W,0,-3.4534025,0.2601235508918762,0.3790000081062317,0.10779999941587448
YCL020W,YEL026W,0,-3.4535398,0.2599451243877411,0.3790000081062317,0.10790000110864639
YCR027C,YPL097W,0,-3.4542298,0.25976696610450745,0.3790000081062317,0.1080000028014183
YMR135C,YGR245C,0,-3.4543142,0.2595890462398529,0.3790000081062317,0.10809999704360962
YGL229C,YML126C,0,-3.4544277,0.25941136479377747,0.3790000081062317,0.10819999873638153
YDL115C,YMR047C,0,-3.4549513,0.25923392176628113,0.3790000081062317,0.10830000042915344
YMR045C,YNL197C,0,-3.4555337,0.2590567469596863,0.3790000081062317,0.10840000212192535
YHL022C,YML032C,1,-3.4558415,0.2595628499984741,0.3799999952316284,0.10840000212192535
YMR139W,YHL007C,0,-3.4558449,0.2593856751918793,0.3799999952316284,0.10849999636411667
YHR164C,YER123W,0,-3.4563472,0.2592087388038635,0.3799999952316284,0.10859999805688858
YGL174W,YCR037C,0,-3.4573405,0.2590320408344269,0.3799999952316284,0.10869999974966049
YDR183W,YDR235W,0,-3.457438,0.25885558128356934,0.3799999952316284,0.1088000014424324
YGL090W,YDR309C,0,-3.457883,0.2586793601512909,0.3799999952316284,0.10890000313520432
YMR104C,YJL081C,0,-3.4580512,0.25850340723991394,0.3799999952316284,0.10899999737739563
YER173W,YDL154W,1,-3.4580784,0.2590074837207794,0.38100001215934753,0.10899999737739563
YHR167W,YDR180W,1,-3.4580865,0.25951087474823,0.38199999928474426,0.10899999737739563
YFL010W-A,YGR179C,0,-3.4585767,0.2593346834182739,0.38199999928474426,0.10909999907016754
YHR069C,YOR005C,0,-3.4587548,0.25915876030921936,0.38199999928474426,0.10920000076293945
YOL051W,YOL069W,0,-3.4590187,0.2589830458164215,0.38199999928474426,0.10930000245571136
YBR198C,YIL150C,0,-3.4592805,0.25880759954452515,0.38199999928474426,0.10939999669790268
YOL095C,YLR385C,0,-3.4592848,0.2586323618888855,0.38199999928474426,0.10949999839067459
YOR144C,YNL206C,1,-3.4596467,0.2591339647769928,0.382999986410141,0.10949999839067459
YOR362C,YGL174W,0,-3.4598737,0.25895875692367554,0.382999986410141,0.1096000000834465
YKL093W,YCL066W,0,-3.4602313,0.2587837874889374,0.382999986410141,0.10970000177621841
YFL024C,YFR024C,0,-3.460277,0.2586090564727783,0.382999986410141,0.10980000346899033
YBR295W,YIL019W,0,-3.4605274,0.258434534072876,0.382999986410141,0.10989999771118164
YOR144C,YOL072W,1,-3.4607959,0.2589345872402191,0.3840000033378601,0.10989999771118164
YHR069C,YIL017W,0,-3.4613419,0.25876009464263916,0.3840000033378601,0.10999999940395355
YOL091W,YNL012W,0,-3.4614394,0.2585858702659607,0.3840000033378601,0.11010000109672546
YDL115C,YPL082C,0,-3.4615428,0.25841185450553894,0.3840000033378601,0.11020000278949738
YDR213W,YPR119W,0,-3.461645,0.2582380771636963,0.3840000033378601,0.11029999703168869
YPL256C,YOR386W,0,-3.461656,0.25806450843811035,0.3840000033378601,0.1103999987244606
YNL163C,YOL034W,0,-3.4616725,0.2578912079334259,0.3840000033378601,0.11050000041723251
YBR276C,YNR023W,0,-3.4620485,0.25771811604499817,0.3840000033378601,0.11060000211000443
YGR104C,YKR050W,0,-3.4621153,0.25754526257514954,0.3840000033378601,0.11069999635219574
YPL121C,YOL072W,1,-3.4623365,0.2580429017543793,0.38499999046325684,0.11069999635219574
YDR103W,YPL231W,0,-3.4623497,0.25787004828453064,0.38499999046325684,0.11079999804496765
YIL153W,YBR085W,0,-3.462727,0.2576974630355835,0.38499999046325684,0.11089999973773956
YKL112W,YOR295W,0,-3.4628506,0.25752508640289307,0.38499999046325684,0.11100000143051147
YKR007W,YBR006W,0,-3.4629104,0.25735294818878174,0.38499999046325684,0.11110000312328339
YCL020W,YCR028C-A,0,-3.4630578,0.2571810185909271,0.38499999046325684,0.1111999973654747
YGL181W,YLR131C,0,-3.46328,0.257009357213974,0.38499999046325684,0.11129999905824661
YFL002W-B,YDR414C,0,-3.464065,0.2568379044532776,0.38499999046325684,0.11140000075101852
YDL134C,YLR086W,0,-3.4642,0.2566666603088379,0.38499999046325684,0.11150000244379044
YDR416W,YMR302C,0,-3.4643931,0.2564956843852997,0.38499999046325684,0.11159999668598175
YBR012W-A,YER068W,0,-3.4644127,0.2563248872756958,0.38499999046325684,0.11169999837875366
YJR028W,YLR190W,0,-3.4647117,0.2561543583869934,0.38499999046325684,0.11180000007152557
YOL068C,YPL164C,1,-3.4647465,0.2566489279270172,0.38600000739097595,0.11180000007152557
YDR323C,YJL196C,0,-3.4648428,0.2564783990383148,0.38600000739097595,0.11190000176429749
YNL026W,YDR235W,0,-3.4650452,0.25630810856819153,0.38600000739097595,0.1120000034570694
YGL090W,YGR086C,0,-3.4651031,0.25613802671432495,0.38600000739097595,0.11209999769926071
YDR487C,YNL222W,0,-3.4659505,0.2559681832790375,0.38600000739097595,0.11219999939203262
YBL100W-B,YER027C,0,-3.4662209,0.2557985484600067,0.38600000739097595,0.11230000108480453
YDR080W,YHR107C,0,-3.466628,0.25562915205955505,0.38600000739097595,0.11240000277757645
YDL055C,YAL068C,0,-3.4667542,0.2554599642753601,0.38600000739097595,0.11249999701976776
YIL073C,YGR143W,0,-3.466803,0.25529101490974426,0.38600000739097595,0.11259999871253967
YGR104C,YDR126W,0,-3.4669678,0.25512227416038513,0.38600000739097595,0.11270000040531158
YDL105W,YBR030W,0,-3.4670112,0.2549537718296051,0.38600000739097595,0.1128000020980835
YLR467W,YPL121C,1,-3.4671702,0.25544553995132446,0.3869999945163727,0.1128000020980835
YHR214C-B,YOL004W,0,-3.4673212,0.25527703762054443,0.3869999945163727,0.11289999634027481
YPL075W,YLR386W,0,-3.4678583,0.2551087737083435,0.3869999945163727,0.11299999803304672
YJL133W,YAR018C,0,-3.4681833,0.2549407184123993,0.3869999945163727,0.11309999972581863
YER125W,YHR061C,0,-3.4683537,0.2547728717327118,0.3869999945163727,0.11320000141859055
YJL030W,YPL092W,0,-3.4687052,0.2546052634716034,0.3869999945163727,0.11330000311136246
YGR040W,YGR246C,0,-3.4688659,0.2544378638267517,0.3869999945163727,0.11339999735355377
YKL093W,YFR031C,0,-3.4693527,0.2542707026004791,0.3869999945163727,0.11349999904632568
YPL093W,YKR089C,0,-3.4694705,0.25410374999046326,0.3869999945163727,0.1136000007390976
YGL090W,YOL009C,0,-3.469691,0.2539370059967041,0.3869999945163727,0.1137000024318695
YGL116W,YJR035W,0,-3.4701226,0.25377050042152405,0.3869999945163727,0.11379999667406082
YER035W,YHR031C,0,-3.4701493,0.2536042034626007,0.3869999945163727,0.11389999836683273
YIL073C,YLR047C,0,-3.4702783,0.2534381151199341,0.3869999945163727,0.11400000005960464
YBR111W-A,YDR123C,0,-3.470403,0.25327226519584656,0.3869999945163727,0.11410000175237656
YKR095W-A,YDR002W,0,-3.4707236,0.25310659408569336,0.3869999945163727,0.11420000344514847
YDR075W,YHR164C,0,-3.4714937,0.25294119119644165,0.3869999945163727,0.11429999768733978
YFR004W,YOR294W,0,-3.4716556,0.25277596712112427,0.3869999945163727,0.1143999993801117
YLR157C-B,YGL126W,0,-3.4717565,0.2526109516620636,0.3869999945163727,0.1145000010728836
YOR279C,YHR194W,0,-3.4723606,0.25244617462158203,0.3869999945163727,0.11460000276565552
YKR019C,YCL033C,0,-3.472587,0.2522816061973572,0.3869999945163727,0.11469999700784683
YGL006W,YGR285C,0,-3.4729924,0.2521172761917114,0.3869999945163727,0.11479999870061874
YMR314W,YPR143W,0,-3.4734645,0.251953125,0.3869999945163727,0.11490000039339066
YJR090C,YNR075W,0,-3.4739418,0.2517892122268677,0.3869999945163727,0.11500000208616257
YGR129W,YOR083W,0,-3.4745164,0.2516254782676697,0.3869999945163727,0.11509999632835388
YJR052W,YLL035W,0,-3.4753635,0.2514619827270508,0.3869999945163727,0.1151999980211258
YNL097C,YNL133C,0,-3.4753797,0.2512986958026886,0.3869999945163727,0.1152999997138977
YKL203C,YDR147W,0,-3.4754624,0.25113561749458313,0.3869999945163727,0.11540000140666962
YAL051W,YJL062W,0,-3.4765415,0.2509727478027344,0.3869999945163727,0.11550000309944153
YDR131C,YDR142C,0,-3.4767923,0.2508101165294647,0.3869999945163727,0.11559999734163284
YBR295W,YOR026W,0,-3.477005,0.2506476640701294,0.3869999945163727,0.11569999903440475
YJL011C,YNL093W,0,-3.477015,0.25048545002937317,0.3869999945163727,0.11580000072717667
YNR034W,YOL060C,0,-3.477121,0.25032341480255127,0.3869999945163727,0.11590000241994858
YER095W,YLR467W,1,-3.4772735,0.2508080303668976,0.3880000114440918,0.11590000241994858
YMR275C,YBR228W,0,-3.4772873,0.2506459951400757,0.3880000114440918,0.11599999666213989
YDR404C,YPR201W,0,-3.4772978,0.2504841685295105,0.3880000114440918,0.1160999983549118
YNL126W,YHR084W,0,-3.4775367,0.2503225803375244,0.3880000114440918,0.11620000004768372
YLR265C,YDR080W,0,-3.4780407,0.25016120076179504,0.3880000114440918,0.11630000174045563
YBR228W,YIL061C,0,-3.4784327,0.25,0.3880000114440918,0.11640000343322754
YPL140C,YPR007C,0,-3.478526,0.24983902275562286,0.3880000114440918,0.11649999767541885
YMR298W,YDR261W-B,0,-3.4785607,0.24967825412750244,0.3880000114440918,0.11659999936819077
YDR261W-A,YMR281W,0,-3.4785607,0.24951767921447754,0.3880000114440918,0.11670000106096268
YDR446W,YNL088W,1,-3.4791012,0.25,0.3889999985694885,0.11670000106096268
YMR117C,YJR125C,0,-3.4797635,0.2498394399881363,0.3889999985694885,0.11680000275373459
YHR116W,YIL080W,0,-3.4806218,0.2496790736913681,0.3889999985694885,0.1168999969959259
YKL088W,YNL236W,0,-3.4809542,0.24951891601085663,0.3889999985694885,0.11699999868869781
YLR115W,YKR020W,0,-3.4810333,0.24935896694660187,0.3889999985694885,0.11710000038146973
YIR015W,YJL210W,0,-3.4814658,0.24919922649860382,0.3889999985694885,0.11720000207424164
YGR296W,YMR224C,1,-3.481476,0.24967989325523376,0.38999998569488525,0.11720000207424164
YGR075C,YML132W,0,-3.481667,0.24952015280723572,0.38999998569488525,0.11729999631643295
YDR483W,YDR261W-A,0,-3.4818149,0.24936062097549438,0.38999998569488525,0.11739999800920486
YKR025W,YKL012W,0,-3.4818401,0.24920128285884857,0.38999998569488525,0.11749999970197678
YJR029W,YBL022C,0,-3.4821882,0.24904213845729828,0.38999998569488525,0.11760000139474869
YDR447C,YJR141W,0,-3.4821928,0.2488832175731659,0.38999998569488525,0.1177000030875206
YBL100W-B,YLR060W,0,-3.4824128,0.24872449040412903,0.38999998569488525,0.11779999732971191
YJL030W,YBL106C,0,-3.4824576,0.24856597185134888,0.38999998569488525,0.11789999902248383
YDR210C-D,YBR121C,0,-3.4828503,0.24840764701366425,0.38999998569488525,0.11800000071525574
YJR052W,YJR053W,0,-3.4828606,0.24824951589107513,0.38999998569488525,0.11810000240802765
YKR081C,YCL075W,0,-3.4831223,0.24809160828590393,0.38999998569488525,0.11819999665021896
YDR451C,YIL002C,0,-3.4831498,0.24793387949466705,0.38999998569488525,0.11829999834299088
YKR054C,YJL092W,0,-3.483366,0.2477763593196869,0.38999998569488525,0.11840000003576279
YBR081C,YIL154C,0,-3.4834094,0.24761904776096344,0.38999998569488525,0.1185000017285347
YDL024C,YCL075W,0,-3.4835706,0.2474619299173355,0.38999998569488525,0.11860000342130661
YGL049C,YOR386W,0,-3.4836311,0.2473050057888031,0.38999998569488525,0.11869999766349792
YKL220C,YCR044C,0,-3.4838734,0.2471482902765274,0.38999998569488525,0.11879999935626984
YAL011W,YKL053C-A,0,-3.4841158,0.24699176847934723,0.38999998569488525,0.11890000104904175
YGR214W,YOR338W,0,-3.4844408,0.24683544039726257,0.38999998569488525,0.11900000274181366
YPR158C-D,YDL081C,0,-3.4850688,0.24667932093143463,0.38999998569488525,0.11909999698400497
YKR101W,YBR080C,0,-3.485425,0.2465233951807022,0.38999998569488525,0.11919999867677689
YGL213C,YPL164C,1,-3.4855523,0.2469993680715561,0.39100000262260437,0.11919999867677689
YIL115C,YDL170W,0,-3.4855921,0.24684342741966248,0.39100000262260437,0.1193000003695488
YCR092C,YDR289C,1,-3.4857755,0.24731861054897308,0.3919999897480011,0.1193000003695488
YGL163C,YDL154W,1,-3.4858203,0.24779319763183594,0.3930000066757202,0.1193000003695488
YIR025W,YLR466W,1,-3.4865508,0.24826717376708984,0.39399999380111694,0.1193000003695488
YDR457W,YLR399C,0,-3.4865818,0.248110830783844,0.39399999380111694,0.11940000206232071
YNL318C,YDR508C,0,-3.486648,0.24795468151569366,0.39399999380111694,0.11949999630451202
YNL123W,YJL092W,0,-3.4866676,0.24779874086380005,0.39399999380111694,0.11959999799728394
YAR010C,YGL105W,0,-3.4873133,0.24764299392700195,0.39399999380111694,0.11969999969005585
YBR107C,YJL030W,0,-3.4876728,0.24748744070529938,0.39399999380111694,0.11980000138282776
YCL035C,YKL005C,0,-3.48869,0.24733208119869232,0.39399999380111694,0.11990000307559967
YDR342C,YJL110C,0,-3.4888253,0.2471769154071808,0.39399999380111694,0.11999999731779099
YMR067C,YHR120W,0,-3.4889653,0.24702194333076477,0.39399999380111694,0.1200999990105629
YGL063W,YDR126W,0,-3.4891124,0.24686716496944427,0.39399999380111694,0.12020000070333481
YIR026C,YFR050C,0,-3.4892507,0.2467125803232193,0.39399999380111694,0.12030000239610672
YML095C,YOR035C,1,-3.4893684,0.24718397855758667,0.39500001072883606,0.12030000239610672
YDL190C,YLR205C,0,-3.489512,0.2470293939113617,0.39500001072883606,0.12039999663829803
YDR146C,YML045W,0,-3.4895809,0.24687500298023224,0.39500001072883606,0.12049999833106995
YPL131W,YCL033C,0,-3.489656,0.2467208057641983,0.39500001072883606,0.12060000002384186
YBR228W,YNL073W,0,-3.4900665,0.2465667873620987,0.39500001072883606,0.12070000171661377
YOR284W,YGR091W,0,-3.490569,0.2464129775762558,0.39500001072883606,0.12080000340938568
YLR079W,YBR202W,0,-3.4907289,0.24625934660434723,0.39500001072883606,0.120899997651577
YNL317W,YFR024C-A,0,-3.4909635,0.24610592424869537,0.39500001072883606,0.12099999934434891
YGR038C-B,YDR429C,0,-3.4913554,0.24595268070697784,0.39500001072883606,0.12110000103712082
YOR076C,YDL105W,0,-3.4914784,0.24579963088035583,0.39500001072883606,0.12120000272989273
YBR250W,YMR044W,0,-3.4915705,0.24564675986766815,0.39500001072883606,0.12129999697208405
YDR353W,YMR227C,0,-3.4916427,0.24549409747123718,0.39500001072883606,0.12139999866485596
YER160C,YNR075W,0,-3.4919953,0.24534161388874054,0.39500001072883606,0.12150000035762787
YPR158C-D,YLR401C,0,-3.492095,0.24518932402133942,0.39500001072883606,0.12160000205039978
YOR116C,YHL040C,0,-3.4921355,0.2450372278690338,0.39500001072883606,0.1216999962925911
YLR293C,YOR142W-A,0,-3.493426,0.24488531053066254,0.39500001072883606,0.121799997985363
YGL019W,YLR157C-B,0,-3.4940915,0.24473358690738678,0.39500001072883606,0.12189999967813492
YJR057W,YKR026C,0,-3.4943836,0.24458204209804535,0.39500001072883606,0.12200000137090683
YFR040W,YOR159C,0,-3.4954782,0.24443069100379944,0.39500001072883606,0.12210000306367874
YOR074C,YHR119W,0,-3.4956462,0.24427953362464905,0.39500001072883606,0.12219999730587006
YAR010C,YLR340W,0,-3.496004,0.24412855505943298,0.39500001072883606,0.12229999899864197
YJR077C,YML011C,0,-3.4961178,0.24397777020931244,0.39500001072883606,0.12240000069141388
YNL149C,YCR058C,0,-3.496204,0.24382716417312622,0.39500001072883606,0.12250000238418579
YOR348C,YLR016C,0,-3.4962137,0.24367673695087433,0.39500001072883606,0.1225999966263771
YLR127C,YJL033W,0,-3.496497,0.24352650344371796,0.39500001072883606,0.12269999831914902
YPL006W,YLR127C,0,-3.4968774,0.2433764636516571,0.39500001072883606,0.12280000001192093
YNL257C,YLR316C,0,-3.4968855,0.24322660267353058,0.39500001072883606,0.12290000170469284
YLR410W-B,YNL003C,0,-3.4970503,0.24307692050933838,0.39500001072883606,0.12300000339746475
YBR111W-A,YJR068W,0,-3.4971232,0.2429274320602417,0.39500001072883606,0.12309999763965607
YNL139C,YER104W,1,-3.4972956,0.24339275062084198,0.3959999978542328,0.12309999763965607
YBR228W,YKR060W,0,-3.497531,0.2432432472705841,0.3959999978542328,0.12319999933242798
YIR025W,YOL072W,1,-3.4976034,0.2437077909708023,0.3970000147819519,0.12319999933242798
YGR217W,YHL009W-B,0,-3.4977896,0.24355828762054443,0.3970000147819519,0.12330000102519989
YER173W,YOR368W,1,-3.4980772,0.24402207136154175,0.39800000190734863,0.12330000102519989
YML007W,YOR206W,0,-3.498145,0.24387255311012268,0.39800000190734863,0.1234000027179718
YCL026C-A,YHR067W,0,-3.4981546,0.24372321367263794,0.39800000190734863,0.12349999696016312
YPR107C,YER019W,0,-3.498194,0.24357405304908752,0.39800000190734863,0.12359999865293503
YOR156C,YCR031C,0,-3.4983048,0.24342507123947144,0.39800000190734863,0.12370000034570694
YLR293C,YPL257W-A,0,-3.4983072,0.24327628314495087,0.39800000190734863,0.12380000203847885
YLR191W,YGL012W,0,-3.4985023,0.24312767386436462,0.39800000190734863,0.12389999628067017
YPL075W,YFL008W,0,-3.4988742,0.2429792433977127,0.39800000190734863,0.12399999797344208
YLR075W,YOL103W-B,0,-3.4995646,0.24283099174499512,0.39800000190734863,0.12409999966621399
YBR195C,YDR077W,0,-3.5001678,0.24268293380737305,0.39800000190734863,0.1242000013589859
YDR261W-B,YGR140W,0,-3.5003781,0.2425350397825241,0.39800000190734863,0.12430000305175781
YGR104C,YJR083C,0,-3.5006914,0.2423873394727707,0.39800000190734863,0.12439999729394913
YBL026W,YOL023W,0,-3.5008965,0.2422398030757904,0.39800000190734863,0.12449999898672104
YGR161W-A,YOL060C,0,-3.5013394,0.24209246039390564,0.39800000190734863,0.12460000067949295
YBR172C,YLR086W,0,-3.5015926,0.241945281624794,0.39800000190734863,0.12470000237226486
YDL024C,YGL047W,0,-3.5021224,0.2417982965707779,0.39800000190734863,0.12479999661445618
YDR078C,YJL145W,0,-3.5022795,0.2416514903306961,0.39800000190734863,0.12489999830722809
YKR085C,YAR010C,0,-3.502541,0.24150484800338745,0.39800000190734863,0.125
YIL007C,YML080W,0,-3.5026379,0.24135839939117432,0.39800000190734863,0.1251000016927719
YLR403W,YOR173W,0,-3.5027618,0.24121211469173431,0.39800000190734863,0.12520000338554382
YDR280W,YJR135C,0,-3.5027964,0.24106602370738983,0.39800000190734863,0.12530000507831573
YBR111W-A,YOL146W,0,-3.5033102,0.24092009663581848,0.39800000190734863,0.12540000677108765
YFL017W-A,YDR423C,0,-3.5034633,0.24077434837818146,0.39800000190734863,0.12549999356269836
YHL006C,YIR026C,0,-3.503828,0.24062877893447876,0.39800000190734863,0.12559999525547028
YLR116W,YKL004W,0,-3.5039504,0.2404833883047104,0.39800000190734863,0.1256999969482422
YOL040C,YPL257W-A,0,-3.5042238,0.24033816158771515,0.39800000190734863,0.1257999986410141
YDR359C,YFL005W,0,-3.5043166,0.24019311368465424,0.39800000190734863,0.125900000333786
YOR240W,YKL035W,0,-3.5046725,0.24004824459552765,0.39800000190734863,0.12600000202655792
YDR121W,YDR216W,0,-3.5046988,0.2399035543203354,0.39800000190734863,0.12610000371932983
YNL007C,YHR061C,0,-3.5047457,0.23975904285907745,0.39800000190734863,0.12620000541210175
YDR478W,YOR005C,0,-3.5049295,0.23961469531059265,0.39800000190734863,0.12630000710487366
YDR256C,YGL029W,0,-3.5052078,0.23947051167488098,0.39800000190734863,0.12639999389648438
YHR124W,YLR043C,0,-3.5052404,0.23932652175426483,0.39800000190734863,0.1264999955892563
YDR210C-D,YDR181C,0,-3.5053334,0.23918269574642181,0.39800000190734863,0.1265999972820282
YKR060W,YMR276W,0,-3.5054283,0.23903903365135193,0.39800000190734863,0.1266999989748001
YIL084C,YER013W,0,-3.5058131,0.23889556527137756,0.39800000190734863,0.12680000066757202
YCR010C,YGL178W,0,-3.5059552,0.23875224590301514,0.39800000190734863,0.12690000236034393
YKR060W,YAL031C,0,-3.5064373,0.23860910534858704,0.39800000190734863,0.12700000405311584
YGR128C,YCL032W,0,-3.50663,0.23846614360809326,0.39800000190734863,0.12710000574588776
YPL119C,YHR214C-C,0,-3.5071082,0.2383233606815338,0.39800000190734863,0.12720000743865967
YKR050W,YGR123C,0,-3.5071568,0.2381807267665863,0.39800000190734863,0.12729999423027039
YDR436W,YIL139C,0,-3.507903,0.23803827166557312,0.39800000190734863,0.1273999959230423
YLR330W,YKL220C,0,-3.5079226,0.23789599537849426,0.39800000190734863,0.1274999976158142
YDR166C,YOR174W,0,-3.5083203,0.23775388300418854,0.39800000190734863,0.12759999930858612
YLL035W,YDL245C,0,-3.508503,0.23761193454265594,0.39800000190734863,0.12770000100135803
YGR185C,YOR343W-B,0,-3.5086613,0.23747016489505768,0.39800000190734863,0.12780000269412994
YJL074C,YBR188C,0,-3.5089154,0.23732855916023254,0.39800000190734863,0.12790000438690186
YNL241C,YGL158W,0,-3.5090482,0.23718713223934174,0.39800000190734863,0.12800000607967377
YER137C-A,YNL149C,0,-3.5099926,0.23704585433006287,0.39800000190734863,0.12809999287128448
YFR005C,YDR513W,0,-3.510797,0.23690475523471832,0.39800000190734863,0.1281999945640564
YOR030W,YMR078C,0,-3.5108826,0.2367638349533081,0.39800000190734863,0.1282999962568283
YAR003W,YLR381W,0,-3.5109541,0.23662306368350983,0.39800000190734863,0.12839999794960022
YDL185W,YDR180W,1,-3.511145,0.23707665503025055,0.39899998903274536,0.12839999794960022
YDR306C,YBL074C,0,-3.5111847,0.23693586885929108,0.39899998903274536,0.12849999964237213
YGR109W-B,YDR499W,0,-3.5113978,0.23679524660110474,0.39899998903274536,0.12860000133514404
YOR362C,YPL032C,0,-3.5115542,0.23665480315685272,0.39899998903274536,0.12870000302791595
YHL040C,YGR007W,0,-3.511565,0.23651452362537384,0.39899998903274536,0.12880000472068787
YPR024W,YKL166C,0,-3.5122557,0.2363744080066681,0.39899998903274536,0.12890000641345978
YLR157C-B,YLR381W,0,-3.5126553,0.23623445630073547,0.39899998903274536,0.1289999932050705
YLR312C-B,YPL110C,0,-3.512827,0.236094668507576,0.39899998903274536,0.1290999948978424
YNL172W,YHL009W-B,0,-3.5132465,0.23595505952835083,0.39899998903274536,0.12919999659061432
YBR073W,YMR167W,1,-3.5132842,0.2364066243171692,0.4000000059604645,0.12919999659061432
YFL021W,YEL027W,0,-3.5133252,0.23626698553562164,0.4000000059604645,0.12929999828338623
YNL097C,YDR273W,0,-3.5135086,0.23612751066684723,0.4000000059604645,0.12939999997615814
YOR028C,YPL059W,0,-3.5136027,0.23598819971084595,0.4000000059604645,0.12950000166893005
YDR210C-D,YDR422C,0,-3.5136166,0.2358490526676178,0.4000000059604645,0.12960000336170197
YIL062C,YLR183C,0,-3.5136342,0.23571006953716278,0.4000000059604645,0.12970000505447388
YBR195C,YLR135W,0,-3.513681,0.2355712652206421,0.4000000059604645,0.1298000067472458
YFL002W-B,YDR385W,0,-3.5136907,0.23543260991573334,0.4000000059604645,0.1298999935388565
YLR022C,YCL003W,0,-3.5139003,0.23529411852359772,0.4000000059604645,0.12999999523162842
YDR207C,YPL164C,1,-3.5139272,0.2357436865568161,0.4009999930858612,0.12999999523162842
YOR281C,YOR142W-B,0,-3.5142822,0.2356051653623581,0.4009999930858612,0.13009999692440033
YDR480W,YNL021W,0,-3.5145216,0.2354668229818344,0.4009999930858612,0.13019999861717224
YDR328C,YLR385C,0,-3.5146906,0.23532864451408386,0.4009999930858612,0.13030000030994415
YNR008W,YJL059W,0,-3.51482,0.23519061505794525,0.4009999930858612,0.13040000200271606
YPR201W,YJR125C,0,-3.515555,0.23505274951457977,0.4009999930858612,0.13050000369548798
YER053C,YHR062C,0,-3.515765,0.23491506278514862,0.4009999930858612,0.1306000053882599
YBR121C,YBR110W,0,-3.516295,0.2347775101661682,0.4009999930858612,0.1307000070810318
YJR083C,YOR250C,0,-3.5163357,0.23464013636112213,0.4009999930858612,0.13079999387264252
YIL082W-A,YGR222W,0,-3.5164158,0.23450292646884918,0.4009999930858612,0.13089999556541443
YDR473C,YEL012W,0,-3.5165646,0.23436586558818817,0.4009999930858612,0.13099999725818634
YCR055C,YDL033C,0,-3.516613,0.2342289686203003,0.4009999930858612,0.13109999895095825
YIL066C,YMR281W,0,-3.516693,0.23409223556518555,0.4009999930858612,0.13120000064373016
YDR432W,YLR157C-B,0,-3.5171666,0.23395566642284393,0.4009999930858612,0.13130000233650208
YIL080W,YCR028C,0,-3.5175552,0.23381924629211426,0.4009999930858612,0.131400004029274
YDR437W,YDR363W-A,0,-3.5189948,0.23368299007415771,0.4009999930858612,0.1315000057220459
YNL307C,YKL138C-A,0,-3.5197845,0.2335468828678131,0.4009999930858612,0.1316000074148178
YOR377W,YGR161W-B,0,-3.5199027,0.23341093957424164,0.4009999930858612,0.13169999420642853
YDR453C,YCR008W,0,-3.5202782,0.2332751601934433,0.4009999930858612,0.13179999589920044
YIL033C,YDL247W,0,-3.5205112,0.2331395298242569,0.4009999930858612,0.13189999759197235
YOR239W,YCR058C,0,-3.5205498,0.23300406336784363,0.4009999930858612,0.13199999928474426
YDR473C,YHR176W,0,-3.5205903,0.2328687608242035,0.4009999930858612,0.13210000097751617
YBR095C,YDR337W,0,-3.520706,0.2327336072921753,0.4009999930858612,0.13220000267028809
YNL111C,YOR142W-B,0,-3.5207164,0.23259860277175903,0.4009999930858612,0.13230000436306
YGR183C,YOR240W,0,-3.5208302,0.2324637621641159,0.4009999930858612,0.1324000060558319
YEL019C,YDR365W-A,0,-3.5210123,0.2323290854692459,0.4009999930858612,0.13249999284744263
YCL044C,YOR207C,0,-3.5213385,0.23219455778598785,0.4009999930858612,0.13259999454021454
YMR182C,YML121W,0,-3.5221608,0.23206017911434174,0.4009999930858612,0.13269999623298645
YPR057W,YBR182C,0,-3.5221868,0.23192596435546875,0.4009999930858612,0.13279999792575836
YEL065W,YAL068C,0,-3.5222733,0.2317919135093689,0.4009999930858612,0.13289999961853027
YER148W,YBR240C,0,-3.522303,0.2316579967737198,0.4009999930858612,0.13300000131130219
YKL200C,YOR355W,0,-3.5223398,0.2315242439508438,0.4009999930858612,0.1331000030040741
YMR283C,YJR031C,0,-3.5224183,0.23139065504074097,0.4009999930858612,0.133200004696846
YFL013C,YNL273W,0,-3.5224452,0.23125721514225006,0.4009999930858612,0.13330000638961792
YLR081W,YGR161W-B,0,-3.5224915,0.2311239242553711,0.4009999930858612,0.13339999318122864
YJR043C,YHR039C-B,0,-3.5225654,0.23099078238010406,0.4009999930858612,0.13349999487400055
YDL170W,YOL060C,0,-3.5226996,0.23085780441761017,0.4009999930858612,0.13359999656677246
YPR158C-D,YKR059W,0,-3.5229354,0.2307249754667282,0.4009999930858612,0.13369999825954437
YFL011W,YKR038C,0,-3.5230508,0.2305922955274582,0.4009999930858612,0.13379999995231628
YBR061C,YJR035W,0,-3.5231051,0.2304597645998001,0.4009999930858612,0.1339000016450882
YHL007C,YDR356W,0,-3.523263,0.23032739758491516,0.4009999930858612,0.1340000033378601
YDL198C,YDR210W-B,0,-3.5233788,0.23019517958164215,0.4009999930858612,0.13410000503063202
YNR074C,YLR260W,0,-3.5237064,0.23006311058998108,0.4009999930858612,0.13420000672340393
YDR316W-A,YOL124C,0,-3.5238228,0.22993119060993195,0.4009999930858612,0.13429999351501465
YKL200C,YFL024C,0,-3.5240648,0.22979941964149475,0.4009999930858612,0.13439999520778656
YPR120C,YIL139C,0,-3.5242405,0.2296678125858307,0.4009999930858612,0.13449999690055847
YCL060C,YDR284C,0,-3.5242417,0.22953635454177856,0.4009999930858612,0.13459999859333038
YGR247W,YCL075W,0,-3.5242472,0.22940503060817719,0.4009999930858612,0.1347000002861023
YOL068C,YGL033W,1,-3.5249467,0.22984562814235687,0.4020000100135803,0.1347000002861023
YMR172W,YHL040C,0,-3.52498,0.2297142893075943,0.4020000100135803,0.1348000019788742
YIR025W,YNL250W,1,-3.525063,0.23015420138835907,0.40299999713897705,0.1348000019788742
YFL037W,YKR060W,0,-3.5258162,0.2300228327512741,0.40299999713897705,0.13490000367164612
YGL192W,YIL019W,0,-3.5261693,0.2298916131258011,0.40299999713897705,0.13500000536441803
YHR200W,YNL102W,0,-3.5262144,0.22976054251194,0.40299999713897705,0.13510000705718994
YPL283C,YMR167W,1,-3.5265756,0.2301994264125824,0.40400001406669617,0.13510000705718994
YEL061C,YPL241C,0,-3.5267255,0.23006834089756012,0.40400001406669617,0.13519999384880066
YJR028W,YBR280C,0,-3.526805,0.2299373894929886,0.40400001406669617,0.13529999554157257
YIL051C,YML040W,0,-3.5269558,0.22980660200119019,0.40400001406669617,0.13539999723434448
YJL029C,YDL247W,0,-3.527094,0.22967594861984253,0.40400001406669617,0.1354999989271164
YPR158C-D,YDR021W,0,-3.5272245,0.229545459151268,0.40400001406669617,0.1356000006198883
YIL066C,YDL108W,0,-3.5276475,0.22941510379314423,0.40400001406669617,0.13570000231266022
YFR040W,YIL017C,0,-3.52789,0.22928489744663239,0.40400001406669617,0.13580000400543213
YCR053W,YDR210C-D,0,-3.5280383,0.22915485501289368,0.40400001406669617,0.13590000569820404
YMR199W,YGL090W,0,-3.5280387,0.2290249466896057,0.40400001406669617,0.13600000739097595
YDL185W,YBR136W,1,-3.5280995,0.22946175932884216,0.4050000011920929,0.13600000739097595
YDL216C,YGR191W,0,-3.5281076,0.2293318212032318,0.4050000011920929,0.13609999418258667
YJR052W,YOL080C,0,-3.5281625,0.2292020320892334,0.4050000011920929,0.13619999587535858
YBR073W,YBR130C,1,-3.5283654,0.229638010263443,0.4059999883174896,0.13619999587535858
YCL060C,YHR016C,0,-3.5284958,0.2295081913471222,0.4059999883174896,0.1362999975681305
YDL044C,YBL061C,0,-3.5291486,0.22937853634357452,0.4059999883174896,0.1363999992609024
YPR173C,YOL044W,0,-3.5292523,0.2292490154504776,0.4059999883174896,0.13650000095367432
YNL139C,YML032C,1,-3.529437,0.229683980345726,0.40700000524520874,0.13650000095367432
YJR035W,YHR119W,0,-3.5295885,0.2295544296503067,0.40700000524520874,0.13660000264644623
YDR261W-B,YOR316C,0,-3.5298133,0.22942502796649933,0.40700000524520874,0.13670000433921814
YDL135C,YNR059W,0,-3.5298707,0.2292957752943039,0.40700000524520874,0.13680000603199005
YCL055W,YDR079C-A,0,-3.5299926,0.2291666716337204,0.40700000524520874,0.13689999282360077
YMR042W,YGR179C,0,-3.5301342,0.22903770208358765,0.40700000524520874,0.13699999451637268
YMR231W,YGR103W,0,-3.530139,0.22890888154506683,0.40700000524520874,0.1370999962091446
YKL130C,YAL029C,1,-3.5304232,0.22934232652187347,0.40799999237060547,0.1370999962091446
YDR207C,YBR073W,1,-3.530439,0.22977527976036072,0.4090000092983246,0.1370999962091446
YPR104C,YIR019C,0,-3.53046,0.22964626550674438,0.4090000092983246,0.1371999979019165
YDR210W-B,YDL015C,0,-3.530479,0.22951740026474,0.4090000092983246,0.13729999959468842
YHR006W,YLR229C,0,-3.530552,0.22938866913318634,0.4090000092983246,0.13740000128746033
YGR161W-A,YML001W,0,-3.5308485,0.22926008701324463,0.4090000092983246,0.13750000298023224
YLR293C,YOR142W-B,0,-3.5309966,0.22913165390491486,0.4090000092983246,0.13760000467300415
YCR065W,YPR137C-B,0,-3.5312924,0.22900335490703583,0.4090000092983246,0.13770000636577606
YLR135W,YHR042W,0,-3.5312996,0.22887520492076874,0.4090000092983246,0.13779999315738678
YGR217W,YDR479C,0,-3.5316548,0.2287472039461136,0.4090000092983246,0.1378999948501587
YOR244W,YCL005W-A,0,-3.5317886,0.22861933708190918,0.4090000092983246,0.1379999965429306
YJL187C,YAL035W,0,-3.5325046,0.2284916192293167,0.4090000092983246,0.13809999823570251
YDR034C-C,YKL018W,0,-3.5326238,0.228364035487175,0.4090000092983246,0.13819999992847443
YDR183W,YHR058C,0,-3.5336804,0.2282366007566452,0.4090000092983246,0.13830000162124634
YLR071C,YDR221W,0,-3.5338273,0.22810931503772736,0.4090000092983246,0.13840000331401825
YNL163C,YKR020W,0,-3.5338326,0.22798216342926025,0.4090000092983246,0.13850000500679016
YAL005C,YBR186W,0,-3.5340304,0.2278551459312439,0.4090000092983246,0.13860000669956207
YBR114W,YJR060W,0,-3.5342762,0.22772829234600067,0.4090000092983246,0.1386999934911728
YDR446W,YPL022W,1,-3.534325,0.22815804183483124,0.4099999964237213,0.1386999934911728
YMR168C,YGR239C,0,-3.5343628,0.22803114354610443,0.4099999964237213,0.1387999951839447
YMR275C,YOR317W,0,-3.5343943,0.22790439426898956,0.4099999964237213,0.1388999968767166
YMR162C,YNR060W,0,-3.5349455,0.22777777910232544,0.4099999964237213,0.13899999856948853
YNR023W,YAL026C,0,-3.5351639,0.22765129804611206,0.4099999964237213,0.13910000026226044
YGR027W-B,YMR078C,0,-3.5352862,0.22752496600151062,0.4099999964237213,0.13920000195503235
YKL166C,YBR273C,0,-3.5354664,0.22739878296852112,0.4099999964237213,0.13930000364780426
YHR116W,YPR141C,0,-3.5357025,0.22727273404598236,0.4099999964237213,0.13940000534057617
YMR021C,YIR012W,0,-3.5361903,0.22714681923389435,0.4099999964237213,0.13950000703334808
YLR467W,YBR130C,1,-3.5362391,0.22757475078105927,0.41100001335144043,0.13950000703334808
YBR129C,YOR068C,0,-3.5364366,0.22744880616664886,0.41100001335144043,0.1395999938249588
YLR410W-B,YBR085W,0,-3.5364695,0.2273230105638504,0.41100001335144043,0.1396999955177307
YDR400W,YAL054C,0,-3.5368738,0.22719734907150269,0.41100001335144043,0.13979999721050262
YGL127C,YDR075W,0,-3.5368905,0.2270718216896057,0.41100001335144043,0.13989999890327454
YPL253C,YOR250C,0,-3.5372717,0.22694644331932068,0.41100001335144043,0.14000000059604645
YNL318C,YER120W,0,-3.5378313,0.2268211990594864,0.41100001335144043,0.14010000228881836
YBR090C-A,YPR010C,0,-3.5389094,0.22669608891010284,0.41100001335144043,0.14020000398159027
YMR164C,YDR310C,0,-3.5391316,0.22657111287117004,0.41100001335144043,0.14030000567436218
YHR050W,YCL020W,0,-3.5393624,0.22644628584384918,0.41100001335144043,0.1404000073671341
YLR208W,YOR142W-A,0,-3.5397236,0.22632159292697906,0.41100001335144043,0.1404999941587448
YOR174W,YPL132W,0,-3.5399091,0.2261970341205597,0.41100001335144043,0.14059999585151672
YNL329C,YCR040W,0,-3.5399103,0.22607260942459106,0.41100001335144043,0.14069999754428864
YFL035C-A,YPR141C,0,-3.5399303,0.22594831883907318,0.41100001335144043,0.14079999923706055
YOR083W,YKL120W,0,-3.5401866,0.22582417726516724,0.41100001335144043,0.14090000092983246
YPL043W,YOR132W,0,-3.5401917,0.22570016980171204,0.41100001335144043,0.14100000262260437
YER119C,YLR256W-A,0,-3.540907,0.22557629644870758,0.41100001335144043,0.14110000431537628
YDR440W,YOL072W,1,-3.5411215,0.2260010987520218,0.41200000047683716,0.14110000431537628
YJR070C,YAL017W,0,-3.5411768,0.22587719559669495,0.41200000047683716,0.1412000060081482
YKL049C,YHR084W,0,-3.5412374,0.22575342655181885,0.41200000047683716,0.1412999927997589
YDR400W,YDR081C,0,-3.5414,0.2256297916173935,0.41200000047683716,0.14139999449253082
YOR174W,YGL061C,0,-3.5417342,0.22550629079341888,0.41200000047683716,0.14149999618530273
YHL024W,YPL022W,1,-3.541738,0.22592997550964355,0.4129999876022339,0.14149999618530273
YNL292W,YJL045W,0,-3.541891,0.22580644488334656,0.4129999876022339,0.14159999787807465
YPL257W-B,YGL244W,0,-3.5419424,0.2256830632686615,0.4129999876022339,0.14169999957084656
YDR034C-C,YHR041C,0,-3.5422382,0.225559800863266,0.4129999876022339,0.14180000126361847
YOL068C,YPL194W,1,-3.5424209,0.22598253190517426,0.414000004529953,0.14180000126361847
YMR109W,YOR240W,0,-3.542638,0.22585923969745636,0.414000004529953,0.14190000295639038
YER137C-A,YHR061C,0,-3.5429778,0.2257360965013504,0.414000004529953,0.1420000046491623
YJR135C,YFR050C,0,-3.543182,0.225613072514534,0.414000004529953,0.1421000063419342
YAR007C,YDR180W,1,-3.5432577,0.22603486478328705,0.41499999165534973,0.1421000063419342
YDR523C,YMR036C,0,-3.5434296,0.22591181099414825,0.41499999165534973,0.14219999313354492
YLR329W,YML128C,1,-3.54343,0.22633297741413116,0.41600000858306885,0.14219999313354492
YBR030W,YLR312C-B,0,-3.543471,0.22620989382266998,0.41600000858306885,0.14229999482631683
YLR383W,YDL236W,0,-3.5435622,0.22608695924282074,0.41600000858306885,0.14239999651908875
YBR091C,YNR060W,0,-3.543583,0.22596414387226105,0.41600000858306885,0.14249999821186066
YNL112W,YCL055W,0,-3.5436208,0.2258414775133133,0.41600000858306885,0.14259999990463257
YHR079C-A,YKL130C,1,-3.543675,0.22626152634620667,0.4169999957084656,0.14259999990463257
YDR508C,YML039W,0,-3.5438933,0.22613883018493652,0.4169999957084656,0.14270000159740448
YBR114W,YGR238C,0,-3.5439916,0.22601625323295593,0.4169999957084656,0.1428000032901764
YKL088W,YER006W,0,-3.5440125,0.22589382529258728,0.4169999957084656,0.1429000049829483
YBR228W,YNL102W,0,-3.5441768,0.22577151656150818,0.4169999957084656,0.14300000667572021
YPL254W,YLR369W,0,-3.544434,0.22564935684204102,0.4169999957084656,0.14309999346733093
YGL207W,YNR072W,0,-3.5449834,0.2255273163318634,0.4169999957084656,0.14319999516010284
YMR051C,YJL003W,0,-3.5453904,0.22540540993213654,0.4169999957084656,0.14329999685287476
YOL072W,YFL003C,1,-3.5454545,0.22582387924194336,0.4180000126361847,0.14329999685287476
YNL021W,YML039W,0,-3.5457168,0.2257019430398941,0.4180000126361847,0.14339999854564667
YJL102W,YML045W,0,-3.5462103,0.2255801409482956,0.4180000126361847,0.14350000023841858
YEL061C,YDL109C,0,-3.5463147,0.22545847296714783,0.4180000126361847,0.1436000019311905
YBR155W,YNL106C,0,-3.546642,0.2253369241952896,0.4180000126361847,0.1437000036239624
YDR110W,YLR234W,1,-3.5468535,0.22575430572032928,0.4189999997615814,0.1437000036239624
YOL051W,YNL273W,0,-3.5470414,0.22563274204730988,0.4189999997615814,0.14380000531673431
YOL103W-A,YNL169C,0,-3.5472672,0.22551129758358002,0.4189999997615814,0.14390000700950623
YIR025W,YCR092C,1,-3.5476294,0.2259279191493988,0.41999998688697815,0.14390000700950623
YOR298W,YJL146W,0,-3.5478268,0.22580644488334656,0.41999998688697815,0.14399999380111694
YCR086W,YLR337C,0,-3.5478585,0.22568511962890625,0.41999998688697815,0.14409999549388885
YHR214C-B,YNL021W,0,-3.5482829,0.2255639135837555,0.41999998688697815,0.14419999718666077
YHR066W,YLR399C,0,-3.5483427,0.2254428267478943,0.41999998688697815,0.14429999887943268
YLR410W-B,YDR385W,0,-3.5483768,0.22532188892364502,0.41999998688697815,0.1444000005722046
YJL030W,YDL208W,0,-3.548535,0.2252010703086853,0.41999998688697815,0.1445000022649765
YDR414C,YML040W,0,-3.5485988,0.22508038580417633,0.41999998688697815,0.1446000039577484
YOR368W,YAR007C,1,-3.5487773,0.22549544274806976,0.42100000381469727,0.1446000039577484
YFR040W,YPL118W,0,-3.5488741,0.2253747284412384,0.42100000381469727,0.14470000565052032
YOR004W,YHR200W,0,-3.5491042,0.2252541482448578,0.42100000381469727,0.14480000734329224
YDL046W,YLR224W,0,-3.5491097,0.22513368725776672,0.42100000381469727,0.14489999413490295
YDR207C,YDL059C,1,-3.5494843,0.22554783523082733,0.421999990940094,0.14489999413490295
YOR156C,YBL041W,0,-3.549531,0.22542734444141388,0.421999990940094,0.14499999582767487
YBL058W,YMR046C,0,-3.5495744,0.22530698776245117,0.421999990940094,0.14509999752044678
YNL312W,YPL283C,1,-3.549742,0.2257203906774521,0.4230000078678131,0.14509999752044678
YIL121W,YGR056W,0,-3.5497751,0.225600004196167,0.4230000078678131,0.1451999992132187
YNL292W,YOR142W-A,0,-3.5502257,0.22547973692417145,0.4230000078678131,0.1453000009059906
YLR205C,YKL095W,0,-3.5505013,0.22535961866378784,0.4230000078678131,0.1454000025987625
YOR056C,YDR365W-B,0,-3.5506692,0.2252396196126938,0.4230000078678131,0.14550000429153442
YBR175W,YLR167W,0,-3.5508249,0.22511973977088928,0.4230000078678131,0.14560000598430634
YMR042W,YBR102C,0,-3.551206,0.22499999403953552,0.4230000078678131,0.14569999277591705
YNL210W,YGR280C,0,-3.5513198,0.2248803824186325,0.4230000078678131,0.14579999446868896
YDR034C-C,YDR418W,0,-3.5515568,0.22476089000701904,0.4230000078678131,0.14589999616146088
YPR107C,YLL003W,0,-3.5515695,0.22464153170585632,0.4230000078678131,0.1459999978542328
YLR208W,YOR351C,0,-3.551649,0.22452229261398315,0.4230000078678131,0.1460999995470047
YER137C-A,YPR193C,0,-3.5518527,0.22440318763256073,0.4230000078678131,0.1462000012397766
YPR164W,YML061C,1,-3.5518923,0.22481441497802734,0.42399999499320984,0.1462000012397766
YER020W,YKL138C-A,0,-3.5519001,0.22469528019428253,0.42399999499320984,0.14630000293254852
YNL088W,YFL003C,1,-3.5519013,0.22510592639446259,0.42500001192092896,0.14630000293254852
YCR060W,YGL236C,0,-3.5527072,0.22498676180839539,0.42500001192092896,0.14640000462532043
YDR069C,YAR018C,0,-3.5534086,0.22486773133277893,0.42500001192092896,0.14650000631809235
YGL094C,YDR365W-B,0,-3.5537014,0.22474880516529083,0.42500001192092896,0.14659999310970306
YBL005W-A,YHR001W,0,-3.5537229,0.22463002800941467,0.42500001192092896,0.14669999480247498
YDR501W,YPL156C,0,-3.553735,0.22451135516166687,0.42500001192092896,0.1467999964952469
YIL070C,YMR051C,0,-3.5539927,0.2243928164243698,0.42500001192092896,0.1468999981880188
YDR261W-B,YDL002C,0,-3.5542195,0.2242744117975235,0.42500001192092896,0.1469999998807907
YIL061C,YOL005C,0,-3.55434,0.22415611147880554,0.42500001192092896,0.14710000157356262
YBR098W,YNL139C,1,-3.554361,0.22456510365009308,0.4259999990463257,0.14710000157356262
YBR041W,YOL103W-A,0,-3.554441,0.22444678843021393,0.4259999990463257,0.14720000326633453
YJR059W,YCR058C,0,-3.5549803,0.22432859241962433,0.4259999990463257,0.14730000495910645
YNL312W,YPR164W,1,-3.5551395,0.22473683953285217,0.4269999861717224,0.14730000495910645
YOR240W,YIL023C,0,-3.5556338,0.22461862862110138,0.4269999861717224,0.14740000665187836
YPL130W,YNL207W,0,-3.555653,0.22450052201747894,0.4269999861717224,0.14749999344348907
YGR027W-B,YMR272C,0,-3.555994,0.22438254952430725,0.4269999861717224,0.147599995136261
YPR165W,YBR084W,0,-3.55607,0.2242647111415863,0.4269999861717224,0.1476999968290329
YIR009W,YBL052C,0,-3.5561645,0.2241469770669937,0.4269999861717224,0.1477999985218048
YMR184W,YGR179C,0,-3.556346,0.22402937710285187,0.4269999861717224,0.14790000021457672
YDR142C,YKR036C,0,-3.5565002,0.22391189634799957,0.4269999861717224,0.14800000190734863
YDR316W-B,YHR031C,0,-3.5565119,0.22379454970359802,0.4269999861717224,0.14810000360012054
YOL103W-A,YOR362C,0,-3.5565858,0.22367732226848602,0.4269999861717224,0.14820000529289246
YHR190W,YFL035C-A,0,-3.5567493,0.22356021404266357,0.4269999861717224,0.14830000698566437
YNR060W,YKL146W,0,-3.5567756,0.22344322502613068,0.4269999861717224,0.14839999377727509
YPR065W,YBR006W,0,-3.556776,0.22332635521888733,0.4269999861717224,0.148499995470047
YPR193C,YMR127C,0,-3.5570154,0.22320961952209473,0.4269999861717224,0.1485999971628189
YMR061W,YOL105C,0,-3.557074,0.22309300303459167,0.4269999861717224,0.14869999885559082
YMR293C,YGR006W,0,-3.5570943,0.22297650575637817,0.4269999861717224,0.14880000054836273
YGR161C-C,YAL040C,0,-3.5571775,0.22286012768745422,0.4269999861717224,0.14890000224113464
YHR129C,YJL184W,0,-3.5574193,0.22274386882781982,0.4269999861717224,0.14900000393390656
YNL002C,YKR014C,0,-3.5575547,0.22262774407863617,0.4269999861717224,0.14910000562667847
YPR191W,YIL031W,0,-3.5577426,0.22251172363758087,0.4269999861717224,0.14920000731945038
YHR169W,YMR207C,0,-3.5579605,0.22239583730697632,0.4269999861717224,0.1492999941110611
YHR214C-C,YLR190W,0,-3.557991,0.22228005528450012,0.4269999861717224,0.149399995803833
YHR120W,YNL314W,0,-3.5580254,0.22216440737247467,0.4269999861717224,0.14949999749660492
YNL075W,YDR479C,0,-3.5584917,0.22204887866973877,0.4269999861717224,0.14959999918937683
YOR237W,YMR036C,0,-3.5587232,0.22193346917629242,0.4269999861717224,0.14970000088214874
YOR142W-B,YKL005C,0,-3.5589526,0.22181817889213562,0.4269999861717224,0.14980000257492065
YDR123C,YLR337W,0,-3.5591202,0.22170300781726837,0.4269999861717224,0.14990000426769257
YLR242C,YJL145W,0,-3.559174,0.22158795595169067,0.4269999861717224,0.15000000596046448
YNL329C,YPR065W,0,-3.55965,0.22147302329540253,0.4269999861717224,0.1500999927520752
YHL022C,YLR467W,1,-3.5597262,0.2218766212463379,0.42800000309944153,0.1500999927520752
YMR220W,YMR227C,0,-3.560211,0.22176165878772736,0.42800000309944153,0.1501999944448471
YLR006C,YLR385C,0,-3.5602431,0.22164681553840637,0.42800000309944153,0.15029999613761902
YBR081C,YNL230C,0,-3.5605173,0.22153209149837494,0.42800000309944153,0.15039999783039093
YIL017W,YOL028C,0,-3.5605857,0.22141748666763306,0.42800000309944153,0.15049999952316284
YGR090W,YBR274W,0,-3.5606825,0.22130300104618073,0.42800000309944153,0.15060000121593475
YER088C,YOL103W-A,0,-3.5609493,0.22118863463401794,0.42800000309944153,0.15070000290870667
YFL024C,YOR145C,0,-3.560951,0.22107438743114471,0.42800000309944153,0.15080000460147858
YJR028W,YDR394W,0,-3.5610325,0.22096024453639984,0.42800000309944153,0.1509000062942505
YDR261W-A,YFL002W-B,0,-3.5614672,0.2208462357521057,0.42800000309944153,0.1509999930858612
YLR126C,YDR324C,0,-3.5620987,0.22073233127593994,0.42800000309944153,0.15109999477863312
YJL203W,YDR022C,0,-3.5622063,0.22061856091022491,0.42800000309944153,0.15119999647140503
YOR368W,YPL164C,1,-3.5624895,0.22102008759975433,0.42899999022483826,0.15119999647140503
YGL194C,YDL029W,0,-3.5628815,0.22090628743171692,0.42899999022483826,0.15129999816417694
YGR037C,YGR274C,0,-3.5634227,0.22079259157180786,0.42899999022483826,0.15139999985694885
YNL261W,YFL018W-A,0,-3.5634966,0.22067901492118835,0.42899999022483826,0.15150000154972076
YNL090W,YKR095W-A,0,-3.5635405,0.2205655574798584,0.42899999022483826,0.15160000324249268
YDR527W,YOL133W,0,-3.5636442,0.2204522043466568,0.42899999022483826,0.1517000049352646
YIL061C,YNL032W,0,-3.5638685,0.22033898532390594,0.42899999022483826,0.1518000066280365
YGR257C,YOR343W-B,0,-3.5639076,0.22022587060928345,0.42899999022483826,0.15189999341964722
YDL043C,YML102W,0,-3.5642343,0.2201128751039505,0.42899999022483826,0.15199999511241913
YMR250W,YML040W,0,-3.5643437,0.2199999988079071,0.42899999022483826,0.15209999680519104
YGR185C,YDR034C-D,0,-3.5643513,0.21988724172115326,0.42899999022483826,0.15219999849796295
YHR043C,YBR275C,0,-3.5645552,0.21977458894252777,0.42899999022483826,0.15230000019073486
YML060W,YBL052C,0,-3.564718,0.21966205537319183,0.42899999022483826,0.15240000188350677
YLR411W,YOR226C,0,-3.5650444,0.21954964101314545,0.42899999022483826,0.1525000035762787
YJR084W,YNL273W,0,-3.5651464,0.2194373458623886,0.42899999022483826,0.1526000052690506
YNL247W,YMR075W,0,-3.5652573,0.21932515501976013,0.42899999022483826,0.1527000069618225
YLR467W,YDR180W,1,-3.565308,0.21972407400608063,0.4300000071525574,0.1527000069618225
YPL161C,YHR039C-B,0,-3.5654602,0.21961185336112976,0.4300000071525574,0.15279999375343323
YNL082W,YPL022W,1,-3.5655384,0.2200102061033249,0.4309999942779541,0.15279999375343323
YIL122W,YJL013C,0,-3.565914,0.21989795565605164,0.4309999942779541,0.15289999544620514
YJR026W,YJL109C,0,-3.5660663,0.21978582441806793,0.4309999942779541,0.15299999713897705
YNL329C,YGR070W,0,-3.5661454,0.21967379748821259,0.4309999942779541,0.15309999883174896
YJL006C,YMR068W,0,-3.5662405,0.2195618897676468,0.4309999942779541,0.15320000052452087
YPR164W,YDR110W,1,-3.566257,0.21995927393436432,0.4320000112056732,0.15320000052452087
YOR151C,YHL009W-B,0,-3.5664222,0.21984732151031494,0.4320000112056732,0.15330000221729279
YOR054C,YHR058C,0,-3.5664248,0.2197355031967163,0.4320000112056732,0.1534000039100647
YHR061C,YMR005W,0,-3.5665727,0.21962378919124603,0.4320000112056732,0.1535000056028366
YOR088W,YKL166C,0,-3.56673,0.2195121943950653,0.4320000112056732,0.15360000729560852
YLR266C,YOL103W-A,0,-3.5671618,0.21940070390701294,0.4320000112056732,0.15369999408721924
YPL082C,YDR030C,0,-3.5672426,0.21928934752941132,0.4320000112056732,0.15379999577999115
YCL060C,YMR163C,0,-3.5674815,0.21917808055877686,0.4320000112056732,0.15389999747276306
YAR010C,YOL156W,0,-3.5679154,0.21906693279743195,0.4320000112056732,0.15399999916553497
YDR377W,YKL079W,0,-3.5679255,0.2189559042453766,0.4320000112056732,0.15410000085830688
YBR240C,YHR041C,0,-3.567926,0.21884498000144958,0.4320000112056732,0.1542000025510788
YGL192W,YPR190C,0,-3.5679946,0.21873417496681213,0.4320000112056732,0.1543000042438507
YMR231W,YLR212C,0,-3.568067,0.21862348914146423,0.4320000112056732,0.15440000593662262
YPL121C,YDR110W,1,-3.5681143,0.21901871263980865,0.43299999833106995,0.15440000593662262
YDR446W,YML061C,1,-3.5681896,0.21941354870796204,0.4339999854564667,0.15440000593662262
YDL198C,YCR058C,0,-3.5689826,0.2193026840686798,0.4339999854564667,0.15449999272823334
YDR207C,YCR092C,1,-3.5691025,0.21969696879386902,0.4350000023841858,0.15449999272823334
YPR158C-D,YOR150W,0,-3.5691218,0.2195860743522644,0.4350000023841858,0.15459999442100525
YOL054W,YOR142W-B,0,-3.5693436,0.21947528421878815,0.4350000023841858,0.15469999611377716
YOR156C,YBR158W,0,-3.5698137,0.21936459839344025,0.4350000023841858,0.15479999780654907
YGR161C-C,YPR186C,0,-3.5699353,0.2192540317773819,0.4350000023841858,0.15489999949932098
YBR237W,YHR039C-B,0,-3.5702314,0.2191435694694519,0.4350000023841858,0.1550000011920929
YGL163C,YHR079C-B,1,-3.5702763,0.21953675150871277,0.4359999895095825,0.1550000011920929
YDR446W,YNL206C,1,-3.570315,0.2199295461177826,0.43700000643730164,0.1550000011920929
YBL020W,YLR410W-A,0,-3.5704527,0.21981891989707947,0.43700000643730164,0.1551000028848648
YDR515W,YDL165W,0,-3.5705109,0.2197083979845047,0.43700000643730164,0.15520000457763672
YGR109W-B,YNL128W,0,-3.5707116,0.21959799528121948,0.43700000643730164,0.15530000627040863
YKR095W-A,YMR246W,0,-3.570797,0.21948769688606262,0.43700000643730164,0.15539999306201935
YGL096W,YDL235C,0,-3.5708895,0.21937750279903412,0.43700000643730164,0.15549999475479126
YJL041W,YDR270W,0,-3.570929,0.21926744282245636,0.43700000643730164,0.15559999644756317
YOL078W,YNL091W,0,-3.571003,0.21915747225284576,0.43700000643730164,0.15569999814033508
YMR055C,YDR034C-D,0,-3.5712667,0.21904762089252472,0.43700000643730164,0.155799999833107
YDL052C,YML045W,0,-3.5716977,0.21893787384033203,0.43700000643730164,0.1559000015258789
YHR079C-B,YPL194W,1,-3.5719397,0.21932899951934814,0.43799999356269836,0.1559000015258789
YGR109W-A,YPL042C,0,-3.572191,0.21921922266483307,0.43799999356269836,0.15600000321865082
YKL079W,YJL059W,0,-3.5722735,0.21910955011844635,0.43799999356269836,0.15610000491142273
YOL156W,YCR040W,0,-3.5726438,0.21899999678134918,0.43799999356269836,0.15620000660419464
YKR024C,YOR320C,0,-3.5729105,0.21889054775238037,0.43799999356269836,0.15629999339580536
YBR127C,YDR479C,0,-3.5732985,0.2187812179327011,0.43799999356269836,0.15639999508857727
YDL164C,YCR092C,1,-3.573475,0.21917124092578888,0.4390000104904175,0.15639999508857727
YNL329C,YDR216W,0,-3.5734973,0.21906188130378723,0.4390000104904175,0.15649999678134918
YER021W,YML060W,0,-3.5741768,0.21895261108875275,0.4390000104904175,0.1565999984741211
YMR275C,YAR009C,0,-3.5742679,0.218843474984169,0.4390000104904175,0.156700000166893
YKL088W,YEL042W,0,-3.5744662,0.21873442828655243,0.4390000104904175,0.15680000185966492
YGL205W,YOR244W,0,-3.574583,0.2186255007982254,0.4390000104904175,0.15690000355243683
YLR055C,YOL028C,0,-3.5750294,0.21851667761802673,0.4390000104904175,0.15700000524520874
YNL278W,YDR429C,0,-3.5751562,0.21840795874595642,0.4390000104904175,0.15710000693798065
YBL100W-B,YPL042C,0,-3.5754566,0.21829935908317566,0.4390000104904175,0.15719999372959137
YDR153C,YFL055W,0,-3.5755236,0.21819084882736206,0.4390000104904175,0.15729999542236328
YPL253C,YDR277C,0,-3.5756788,0.218082457780838,0.4390000104904175,0.1573999971151352
YGL120C,YGL178W,0,-3.5759737,0.21797418594360352,0.4390000104904175,0.1574999988079071
YOR284W,YLR227W-A,0,-3.5762954,0.21786600351333618,0.4390000104904175,0.15760000050067902
YLR126C,YGL078C,0,-3.57701,0.2177579402923584,0.4390000104904175,0.15770000219345093
YNL251C,YGR109W-A,0,-3.577035,0.21764998137950897,0.4390000104904175,0.15780000388622284
YPL076W,YLR410W-B,0,-3.577146,0.2175421267747879,0.4390000104904175,0.15790000557899475
YDR213W,YER155C,0,-3.5772943,0.2174343764781952,0.4390000104904175,0.15800000727176666
YGR027W-B,YJL048C,0,-3.577479,0.21732673048973083,0.4390000104904175,0.15809999406337738
YDL105W,YGR195W,0,-3.5776305,0.21721920371055603,0.4390000104904175,0.1581999957561493
YDL043C,YHR091C,0,-3.577686,0.2171117663383484,0.4390000104904175,0.1582999974489212
YDR058C,YHR120W,0,-3.577776,0.2170044481754303,0.4390000104904175,0.15839999914169312
YNL147W,YNL107W,0,-3.5778422,0.21689723432064056,0.4390000104904175,0.15850000083446503
YNL054W-B,YPL203W,0,-3.5781076,0.2167901247739792,0.4390000104904175,0.15860000252723694
YCR024C-A,YDR058C,0,-3.57825,0.21668311953544617,0.4390000104904175,0.15870000422000885
YOR212W,YDR210W-B,0,-3.5784774,0.2165762186050415,0.4390000104904175,0.15880000591278076
YNL102W,YNL064C,0,-3.578541,0.2164694219827652,0.4390000104904175,0.15889999270439148
YGR080W,YDR464W,0,-3.5786448,0.21636274456977844,0.4390000104904175,0.1589999943971634
YOR279C,YHR214C-C,0,-3.5789213,0.21625615656375885,0.4390000104904175,0.1590999960899353
YGR161C-C,YBR240C,0,-3.5789213,0.21614967286586761,0.4390000104904175,0.15919999778270721
YDR261W-A,YKL203C,0,-3.5796607,0.21604330837726593,0.4390000104904175,0.15929999947547913
YDL046W,YMR069W,0,-3.5796864,0.2159370332956314,0.4390000104904175,0.15940000116825104
YBR059C,YBL005W-A,0,-3.5798392,0.21583087742328644,0.4390000104904175,0.15950000286102295
YGR202C,YNL054W-A,0,-3.5799193,0.21572481095790863,0.4390000104904175,0.15960000455379486
YCR031C,YCL066W,0,-3.5805397,0.21561886370182037,0.4390000104904175,0.15970000624656677
YPL115C,YGR038C-A,0,-3.580585,0.21551300585269928,0.4390000104904175,0.1597999930381775
YOL095C,YGR278W,0,-3.5806618,0.21540726721286774,0.4390000104904175,0.1598999947309494
YGR161W-A,YKL080W,0,-3.5807333,0.21530161798000336,0.4390000104904175,0.1599999964237213
YML043C,YLR272C,0,-3.5809824,0.21519607305526733,0.4390000104904175,0.16009999811649323
YDL020C,YBR006W,0,-3.5811396,0.21509064733982086,0.4390000104904175,0.16019999980926514
YFR004W,YMR125W,0,-3.5812063,0.21498531103134155,0.4390000104904175,0.16030000150203705
YML058W,YHR031C,0,-3.5815196,0.2148800790309906,0.4390000104904175,0.16040000319480896
YHR214C-C,YJL146W,0,-3.5815465,0.214774951338768,0.4390000104904175,0.16050000488758087
YJL045W,YKR036C,0,-3.5817518,0.21466992795467377,0.4390000104904175,0.16060000658035278
YDR295C,YPL087W,0,-3.5817926,0.21456500887870789,0.4390000104904175,0.1606999933719635
YPR141C,YKL138C-A,0,-3.5819411,0.21446017920970917,0.4390000104904175,0.1607999950647354
YPR023C,YER137C-A,0,-3.5820646,0.21435546875,0.4390000104904175,0.16089999675750732
YGL035C,YML039W,0,-3.5821676,0.214250847697258,0.4390000104904175,0.16099999845027924
YNL292W,YLR157C-B,0,-3.58236,0.21414634585380554,0.4390000104904175,0.16110000014305115
YJL090C,YML128C,1,-3.5826676,0.21452949941158295,0.4399999976158142,0.16110000014305115
YMR164C,YBR090C-A,0,-3.5831099,0.2144249528646469,0.4399999976158142,0.16120000183582306
YJR065C,YGR089W,0,-3.583212,0.21432051062583923,0.4399999976158142,0.16130000352859497
YOR209C,YPR135W,0,-3.583322,0.21421615779399872,0.4399999976158142,0.16140000522136688
YGR108W,YKL117W,0,-3.5834794,0.21411192417144775,0.4399999976158142,0.1615000069141388
YOR078W,YJL207C,0,-3.5834959,0.21400777995586395,0.4399999976158142,0.1615999937057495
YNL278W,YML006C,0,-3.583597,0.2139037400484085,0.4399999976158142,0.16169999539852142
YKL166C,YOR192C-A,0,-3.5839503,0.21379980444908142,0.4399999976158142,0.16179999709129333
YML045W,YLR340W,0,-3.5839665,0.2136959731578827,0.4399999976158142,0.16189999878406525
YOR064C,YJR017C,0,-3.5840273,0.21359223127365112,0.4399999976158142,0.16200000047683716
YDR034C-D,YLR448W,0,-3.584098,0.2134885936975479,0.4399999976158142,0.16210000216960907
YOR338W,YJR053W,0,-3.5842266,0.21338506042957306,0.4399999976158142,0.16220000386238098
YJR026W,YLR028C,0,-3.5843072,0.21328163146972656,0.4399999976158142,0.1623000055551529
YOR372C,YNL148C,0,-3.5847237,0.21317829191684723,0.4399999976158142,0.1624000072479248
YGL043W,YMR224C,1,-3.5847728,0.2135593146085739,0.4410000145435333,0.1624000072479248
YHR079C-B,YDR180W,1,-3.5850556,0.21393997967243195,0.44200000166893005,0.1624000072479248
YNL139C,YFL003C,1,-3.5850716,0.21432027220726013,0.4429999887943268,0.1624000072479248
YCR094W,YBR090C-A,0,-3.5851705,0.21421663463115692,0.4429999887943268,0.16249999403953552
YOR144C,YDR180W,1,-3.5851812,0.21459642052650452,0.4440000057220459,0.16249999403953552
YNL130C,YPR137C-B,0,-3.5852075,0.21449275314807892,0.4440000057220459,0.16259999573230743
YIR002C,YOR173W,0,-3.5853317,0.21438919007778168,0.4440000057220459,0.16269999742507935
YOR351C,YER119C,0,-3.5853345,0.2142857164144516,0.4440000057220459,0.16279999911785126
YDL059C,YKL011C,1,-3.5854468,0.2146647423505783,0.4449999928474426,0.16279999911785126
YML046W,YOR142W-A,0,-3.585688,0.21456123888492584,0.4449999928474426,0.16290000081062317
YGR109W-A,YDR018C,0,-3.5858731,0.21445782482624054,0.4449999928474426,0.16300000250339508
YMR046C,YKL038W,0,-3.5859094,0.2143545299768448,0.4449999928474426,0.163100004196167
YPR101W,YNR043W,0,-3.5859685,0.2142513245344162,0.4449999928474426,0.1632000058889389
YOR193W,YLR337W,0,-3.586001,0.21414822340011597,0.4449999928474426,0.16329999268054962
YJL069C,YNL148C,0,-3.5861883,0.2140452116727829,0.4449999928474426,0.16339999437332153
YKL117W,YGR161C,0,-3.5865238,0.21394230425357819,0.4449999928474426,0.16349999606609344
YIR009W,YMR091C,0,-3.5865407,0.21383950114250183,0.4449999928474426,0.16359999775886536
YFR031C,YNL031C,0,-3.5867672,0.21373678743839264,0.4449999928474426,0.16369999945163727
YLR433C,YPR049C,0,-3.5870001,0.2136341780424118,0.4449999928474426,0.16380000114440918
YLR183C,YDR365W-B,0,-3.5870564,0.21353167295455933,0.4449999928474426,0.1639000028371811
YKR087C,YBL063W,0,-3.587168,0.213429257273674,0.4449999928474426,0.164000004529953
YOR351C,YML092C,0,-3.5875072,0.21332694590091705,0.4449999928474426,0.16410000622272491
YLR210W,YDR400W,0,-3.5877943,0.21322472393512726,0.4449999928474426,0.16419999301433563
YDR176W,YHR039C-B,0,-3.587841,0.21312260627746582,0.4449999928474426,0.16429999470710754
YML049C,YER123W,0,-3.5878677,0.21302057802677155,0.4449999928474426,0.16439999639987946
YDR210C-D,YMR060C,0,-3.5879068,0.21291865408420563,0.4449999928474426,0.16449999809265137
YPL200W,YOL115W,0,-3.5880003,0.21281683444976807,0.4449999928474426,0.16459999978542328
YMR316W,YOR192C-A,0,-3.5883138,0.21271510422229767,0.4449999928474426,0.1647000014781952
YPR158C-D,YPL146C,0,-3.5883875,0.21261347830295563,0.4449999928474426,0.1648000031709671
YKR055W,YOR011W,0,-3.588768,0.21251194179058075,0.4449999928474426,0.164900004863739
YPL006W,YLR226W,0,-3.5888858,0.21241049468517303,0.4449999928474426,0.16500000655651093
YHR020W,YLR272C,0,-3.5889628,0.21230916678905487,0.4449999928474426,0.16509999334812164
YGR038C-B,YIL019W,0,-3.5889792,0.21220791339874268,0.4449999928474426,0.16519999504089355
YDR143C,YDL170W,0,-3.589006,0.21210676431655884,0.4449999928474426,0.16529999673366547
YDR028C,YLL011W,0,-3.589038,0.21200571954250336,0.4449999928474426,0.16539999842643738
YOL045W,YOR060C,0,-3.5893583,0.21190476417541504,0.4449999928474426,0.1655000001192093
YGR047C,YBL100W-A,0,-3.5896611,0.21180389821529388,0.4449999928474426,0.1656000018119812
YLR368W,YLR337W,0,-3.5898395,0.2117031365633011,0.4449999928474426,0.1657000035047531
YPR164W,YFL003C,1,-3.5898633,0.21207799017429352,0.44600000977516174,0.1657000035047531
YGR211W,YMR288W,0,-3.5900905,0.21197718381881714,0.44600000977516174,0.16580000519752502
YLR284C,YIR004W,0,-3.5901346,0.21187648177146912,0.44600000977516174,0.16590000689029694
YGR161W-A,YOR149C,0,-3.5905325,0.21177588403224945,0.44600000977516174,0.16599999368190765
YDL022W,YHR148W,0,-3.5905666,0.21167536079883575,0.44600000977516174,0.16609999537467957
YHR194W,YJL033W,0,-3.5906425,0.2115749567747116,0.44600000977516174,0.16619999706745148
YOR308C,YLR256W-A,0,-3.5907173,0.21147462725639343,0.44600000977516174,0.1662999987602234
YHL024W,YOL072W,1,-3.5909996,0.21184834837913513,0.44699999690055847,0.1662999987602234
YNR074C,YJL004C,0,-3.591013,0.21174798905849457,0.44699999690055847,0.1664000004529953
YNR011C,YDR484W,0,-3.5910802,0.21164773404598236,0.44699999690055847,0.1665000021457672
YMR239C,YBR169C,0,-3.5911636,0.21154756844043732,0.44699999690055847,0.16660000383853912
YLR106C,YEL056W,0,-3.5912886,0.21144749224185944,0.44699999690055847,0.16670000553131104
YLR459W,YDR365W-B,0,-3.591457,0.2113475203514099,0.44699999690055847,0.16680000722408295
YCL069W,YHR072W,0,-3.5914798,0.21124763786792755,0.44699999690055847,0.16689999401569366
YOR144C,YOR368W,1,-3.5916872,0.21162021160125732,0.4480000138282776,0.16689999401569366
YKR062W,YIR033W,0,-3.5918097,0.21152029931545258,0.4480000138282776,0.16699999570846558
YDR170W-A,YGR038C-A,0,-3.5918267,0.211420476436615,0.4480000138282776,0.1670999974012375
YMR264W,YLR227W-A,0,-3.5920854,0.21132075786590576,0.4480000138282776,0.1671999990940094
YOR076C,YPR158C-C,0,-3.5921593,0.2112211287021637,0.4480000138282776,0.1673000007867813
YNL251C,YGR078C,0,-3.5923193,0.2111215889453888,0.4480000138282776,0.16740000247955322
YNL054W-A,YOR136W,0,-3.592714,0.21102213859558105,0.4480000138282776,0.16750000417232513
YDL190C,YIL009W,0,-3.5928636,0.21092279255390167,0.4480000138282776,0.16760000586509705
YDL079C,YER160C,0,-3.593038,0.21082353591918945,0.4480000138282776,0.16769999265670776
YCL004W,YEL069C,0,-3.5931582,0.2107243686914444,0.4480000138282776,0.16779999434947968
YHR176W,YLR227W-A,0,-3.5933797,0.2106252908706665,0.4480000138282776,0.1678999960422516
YBR111W-A,YJL092W,0,-3.5936513,0.21052631735801697,0.4480000138282776,0.1679999977350235
YLR451W,YFR053C,0,-3.593707,0.2104274332523346,0.4480000138282776,0.1680999994277954
YPL032C,YMR078C,0,-3.5937264,0.21032863855361938,0.4480000138282776,0.16820000112056732
YKR055W,YOR026W,0,-3.593761,0.21022993326187134,0.4480000138282776,0.16830000281333923
YIL080W,YDR330W,0,-3.5938172,0.21013133227825165,0.4480000138282776,0.16840000450611115
YMR283C,YLR181C,0,-3.5939355,0.21003282070159912,0.4480000138282776,0.16850000619888306
YOR343W-B,YGR006W,0,-3.5940454,0.20993439853191376,0.4480000138282776,0.16859999299049377
YLR166C,YCL003W,0,-3.5942512,0.20983606576919556,0.4480000138282776,0.16869999468326569
YNL163C,YER137C-A,0,-3.594378,0.20973782241344452,0.4480000138282776,0.1687999963760376
YMR162C,YFR003C,0,-3.5947113,0.20963968336582184,0.4480000138282776,0.1688999980688095
YLR219W,YHR079C-B,1,-3.5947676,0.2100093513727188,0.4490000009536743,0.1688999980688095
YBR037C,YNL054W-B,0,-3.5948591,0.20991116762161255,0.4490000009536743,0.16899999976158142
YBL005W-A,YGR214W,0,-3.5949068,0.20981308817863464,0.4490000009536743,0.16910000145435333
YBR223C,YDR216W,0,-3.594986,0.2097150832414627,0.4490000009536743,0.16920000314712524
YIL084C,YJL140W,0,-3.5953274,0.20961718261241913,0.4490000009536743,0.16930000483989716
YDR034C-D,YLR361C,0,-3.5953398,0.2095193713903427,0.4490000009536743,0.16940000653266907
YOL072W,YML061C,1,-3.5953975,0.2098880559206009,0.44999998807907104,0.16940000653266907
YLR157C-B,YPR056W,0,-3.5956726,0.2097902148962021,0.44999998807907104,0.16949999332427979
YPL097W,YDR437W,0,-3.5957134,0.20969244837760925,0.44999998807907104,0.1695999950170517
YMR055C,YEL004W,0,-3.5957453,0.20959478616714478,0.44999998807907104,0.1696999967098236
YBR073W,YDL154W,1,-3.595829,0.20996275544166565,0.45100000500679016,0.1696999967098236
YOR329C,YDR106W,0,-3.596067,0.2098650485277176,0.45100000500679016,0.16979999840259552
YDR207C,YLR329W,1,-3.5961661,0.21023255586624146,0.4519999921321869,0.16979999840259552
YKR086W,YPL179W,0,-3.5963469,0.210134819149971,0.4519999921321869,0.16990000009536743
YPR164W,YGL043W,1,-3.5963507,0.21050186455249786,0.453000009059906,0.16990000009536743
YOL011W,YMR280C,0,-3.5964594,0.21040408313274384,0.453000009059906,0.17000000178813934
YPL257W-B,YPL042C,0,-3.596634,0.21030640602111816,0.453000009059906,0.17010000348091125
YDR301W,YOR058C,0,-3.5967493,0.21020881831645966,0.453000009059906,0.17020000517368317
YLR081W,YNL221C,0,-3.5973072,0.2101113200187683,0.453000009059906,0.17030000686645508
YGR274C,YLL061W,0,-3.597403,0.21001391112804413,0.453000009059906,0.1703999936580658
YGR027W-B,YFR009W,0,-3.5975215,0.2099165916442871,0.453000009059906,0.1704999953508377
YPL119C,YHR107C,0,-3.5975919,0.20981936156749725,0.453000009059906,0.17059999704360962
YPL181W,YHL009W-B,0,-3.5980022,0.20972222089767456,0.453000009059906,0.17069999873638153
YKL213C,YML040W,0,-3.5981214,0.20962516963481903,0.453000009059906,0.17080000042915344
YLR227W-A,YAL054C,0,-3.5985568,0.20952820777893066,0.453000009059906,0.17090000212192535
YOR239W,YKL138C-A,0,-3.5985801,0.20943135023117065,0.453000009059906,0.17100000381469727
YJR110W,YGR179C,0,-3.5987654,0.2093345671892166,0.453000009059906,0.17110000550746918
YDL059C,YDL164C,1,-3.5987828,0.20969976484775543,0.45399999618530273,0.17110000550746918
YIL073C,YKL005C,0,-3.5988886,0.209602952003479,0.45399999618530273,0.1712000072002411
YAL002W,YDR261C-D,0,-3.5989265,0.20950622856616974,0.45399999618530273,0.1712999939918518
YIL160C,YGR225W,0,-3.5991135,0.20940959453582764,0.45399999618530273,0.17139999568462372
YNL021W,YGR070W,0,-3.5992246,0.2093130499124527,0.45399999618530273,0.17149999737739563
YDR437W,YDL033C,0,-3.5992804,0.20921659469604492,0.45399999618530273,0.17159999907016754
YLR081W,YEL004W,0,-3.5993512,0.20912021398544312,0.45399999618530273,0.17170000076293945
YBR073W,YDR110W,1,-3.599476,0.20948435366153717,0.45500001311302185,0.17170000076293945
YMR198W,YER088C,0,-3.5994902,0.20938794314861298,0.45500001311302185,0.17180000245571136
YGL025C,YIL150C,0,-3.5995772,0.20929162204265594,0.45500001311302185,0.17190000414848328
YKR060W,YOR069W,0,-3.5996544,0.20919540524482727,0.45500001311302185,0.1720000058412552
YGR097W,YNL128W,0,-3.599789,0.20909926295280457,0.45500001311302185,0.1720999926328659
YML093W,YBR201W,0,-3.5999615,0.20900321006774902,0.45500001311302185,0.17219999432563782
YJL173C,YJL090C,1,-3.6000242,0.20936639606952667,0.4560000002384186,0.17219999432563782
YPR124W,YIL068C,0,-3.600134,0.20927031338214874,0.4560000002384186,0.17229999601840973
YBR066C,YDR423C,0,-3.6001358,0.20917430520057678,0.4560000002384186,0.17239999771118164
YLR459W,YLR410W-B,0,-3.6001468,0.20907840132713318,0.4560000002384186,0.17249999940395355
YOR334W,YLR183C,0,-3.600237,0.20898258686065674,0.4560000002384186,0.17260000109672546
YKR095W-A,YDR099W,0,-3.6003518,0.20888684689998627,0.4560000002384186,0.17270000278949738
YER109C,YMR175W,0,-3.6005094,0.20879121124744415,0.4560000002384186,0.1728000044822693
YPL086C,YPL112C,0,-3.6011953,0.208695650100708,0.4560000002384186,0.1729000061750412
YPL037C,YBR200W,0,-3.6012597,0.20860017836093903,0.4560000002384186,0.17299999296665192
YMR127C,YOR208W,0,-3.6013935,0.2085047960281372,0.4560000002384186,0.17309999465942383
YKL130C,YDR180W,1,-3.6017082,0.20886655151844025,0.4569999873638153,0.17309999465942383
YIR033W,YMR001C,0,-3.602108,0.20877112448215485,0.4569999873638153,0.17319999635219574
YDR449C,YDR177W,0,-3.60223,0.2086758017539978,0.4569999873638153,0.17329999804496765
YPL069C,YPL241C,0,-3.602313,0.20858055353164673,0.4569999873638153,0.17339999973773956
YBL014C,YGR161W-B,0,-3.6027355,0.20848539471626282,0.4569999873638153,0.17350000143051147
YML005W,YLR256W-A,0,-3.602994,0.20839034020900726,0.4569999873638153,0.1736000031232834
YGR098C,YIL017W,0,-3.6030731,0.20829534530639648,0.4569999873638153,0.1737000048160553
YLR337W,YBR020W,0,-3.6030827,0.20820045471191406,0.4569999873638153,0.1738000065088272
YGL116W,YPL257W-B,0,-3.60329,0.2081056535243988,0.4569999873638153,0.17389999330043793
YCR089W,YKR095W-A,0,-3.6032953,0.20801092684268951,0.4569999873638153,0.17399999499320984
YMR117C,YLR141W,0,-3.6033895,0.2079162895679474,0.4569999873638153,0.17409999668598175
YER093C,YPL097W,0,-3.6034603,0.20782174170017242,0.4569999873638153,0.17419999837875366
YNL164C,YAL054C,0,-3.603553,0.20772726833820343,0.4569999873638153,0.17430000007152557
YGR070W,YHR148W,0,-3.6036077,0.2076328992843628,0.4569999873638153,0.17440000176429749
YAL009W,YKR086W,0,-3.603813,0.20753860473632812,0.4569999873638153,0.1745000034570694
YOR327C,YBR250W,0,-3.6045709,0.20744439959526062,0.4569999873638153,0.1746000051498413
YNL163C,YDR261C-C,0,-3.604954,0.20735026895999908,0.4569999873638153,0.17470000684261322
YKL178C,YOR329C,0,-3.605637,0.2072562426328659,0.4569999873638153,0.17479999363422394
YOR073W,YLR337C,0,-3.6058645,0.2071622908115387,0.4569999873638153,0.17489999532699585
YCL020W,YJL093C,0,-3.6058664,0.20706841349601746,0.4569999873638153,0.17499999701976776
YDR261W-B,YDR434W,0,-3.6058972,0.20697464048862457,0.4569999873638153,0.17509999871253967
YGR161W-A,YPR080W,0,-3.606008,0.20688094198703766,0.4569999873638153,0.17520000040531158
YLR157C-B,YHR142W,0,-3.606119,0.2067873328924179,0.4569999873638153,0.1753000020980835
YJL138C,YDR261C-C,0,-3.606193,0.20669379830360413,0.4569999873638153,0.1754000037908554
YJL073W,YDL188C,0,-3.606224,0.2066003680229187,0.4569999873638153,0.17550000548362732
YLR196W,YKL134C,0,-3.6067348,0.20650699734687805,0.4569999873638153,0.17560000717639923
YLR329W,YDR110W,1,-3.6070654,0.20686540007591248,0.4580000042915344,0.17560000717639923
YIL053W,YDR393W,0,-3.6073394,0.20677201449871063,0.4580000042915344,0.17569999396800995
YGR183C,YLR410W-B,0,-3.607395,0.20667870342731476,0.4580000042915344,0.17579999566078186
YGR090W,YBR199W,0,-3.6076894,0.20658548176288605,0.4580000042915344,0.17589999735355377
YGL061C,YGR161W-B,0,-3.6084857,0.2064923346042633,0.4580000042915344,0.17599999904632568
YGL043W,YOR368W,1,-3.6084979,0.20684993267059326,0.45899999141693115,0.17599999904632568
YAR018C,YCL075W,0,-3.6085467,0.20675675570964813,0.45899999141693115,0.1761000007390976
YGR109W-A,YPR049C,0,-3.6088924,0.20666366815567017,0.45899999141693115,0.1762000024318695
YGL094C,YDL181W,0,-3.6091163,0.20657065510749817,0.45899999141693115,0.17630000412464142
YGL194C,YBR158W,0,-3.609128,0.20647773146629333,0.45899999141693115,0.17640000581741333
YMR060C,YLR256W-A,0,-3.6093545,0.20638489723205566,0.45899999141693115,0.17649999260902405
YDR451C,YJR094C,0,-3.6093588,0.20629213750362396,0.45899999141693115,0.17659999430179596
YOR144C,YDR289C,1,-3.6094298,0.20664869248867035,0.46000000834465027,0.17659999430179596
YGL063W,YFR013W,0,-3.6097317,0.20655590295791626,0.46000000834465027,0.17669999599456787
YPR086W,YER137C-A,0,-3.6099463,0.20646320283412933,0.46000000834465027,0.17679999768733978
YNL047C,YDR479C,0,-3.6102204,0.20637056231498718,0.46000000834465027,0.1768999993801117
YJL138C,YJR141W,0,-3.6103706,0.2062780261039734,0.46000000834465027,0.1770000010728836
YGR109W-B,YOR157C,0,-3.6103902,0.20618556439876556,0.46000000834465027,0.17710000276565552
YDR245W,YHR039C-B,0,-3.610433,0.2060931921005249,0.46000000834465027,0.17720000445842743
YDR279W,YOR295W,0,-3.6104784,0.2060008943080902,0.46000000834465027,0.17730000615119934
YGR108W,YOR192C-A,0,-3.610501,0.20590868592262268,0.46000000834465027,0.17739999294281006
YLR103C,YER053C,0,-3.6105592,0.20581655204296112,0.46000000834465027,0.17749999463558197
YJL198W,YER160C,0,-3.610627,0.20572450757026672,0.46000000834465027,0.17759999632835388
YMR117C,YPL257W-A,0,-3.6106858,0.2056325376033783,0.46000000834465027,0.1776999980211258
YDR261W-B,YCR044C,0,-3.6108155,0.20554065704345703,0.46000000834465027,0.1777999997138977
YDL209C,YOR060C,0,-3.6111429,0.20544886589050293,0.46000000834465027,0.17790000140666962
YDR312W,YDR318W,0,-3.6112304,0.2053571492433548,0.46000000834465027,0.17800000309944153
YPL086C,YBR114W,0,-3.6112356,0.20526550710201263,0.46000000834465027,0.17810000479221344
YCL003W,YLR127C,0,-3.6114907,0.20517395436763763,0.46000000834465027,0.17820000648498535
YHR073W,YDR115W,0,-3.611726,0.2050824761390686,0.46000000834465027,0.17829999327659607
YAR003W,YJL146W,0,-3.6118422,0.20499108731746674,0.46000000834465027,0.17839999496936798
YGL018C,YJR029W,0,-3.6119642,0.20489977300167084,0.46000000834465027,0.1784999966621399
YNR016C,YDR261C-C,0,-3.6119866,0.2048085480928421,0.46000000834465027,0.1785999983549118
YNL250W,YBR279W,1,-3.612026,0.2051624357700348,0.460999995470047,0.1785999983549118
YGL127C,YAR009C,0,-3.6126013,0.20507118105888367,0.460999995470047,0.17870000004768372
YDR451C,YPR052C,0,-3.6127634,0.20497998595237732,0.460999995470047,0.17880000174045563
YCL020W,YER123W,0,-3.6128259,0.20488889515399933,0.460999995470047,0.17890000343322754
YDR359C,YDR365W-B,0,-3.6130092,0.2047978639602661,0.460999995470047,0.17900000512599945
YAR010C,YKR003W,0,-3.6130157,0.20470692217350006,0.460999995470047,0.17910000681877136
YHR079C-A,YDR110W,1,-3.613384,0.20505991578102112,0.4620000123977661,0.17910000681877136
YLL004W,YOR150W,0,-3.613525,0.20496894419193268,0.4620000123977661,0.17919999361038208
YCL024W,YOR288C,0,-3.6136265,0.2048780471086502,0.4620000123977661,0.179299995303154
YLR219W,YCR092C,1,-3.61373,0.2052304893732071,0.46299999952316284,0.179299995303154
YLR265C,YML021C,0,-3.6137369,0.20513956248760223,0.46299999952316284,0.1793999969959259
YPR107C,YDR034C-D,0,-3.6138043,0.20504871010780334,0.46299999952316284,0.17949999868869781
YBR136W,YER173W,1,-3.6141152,0.20540061593055725,0.46399998664855957,0.17949999868869781
YPL089C,YPL257W-A,0,-3.614145,0.20530973374843597,0.46399998664855957,0.17960000038146973
YKL110C,YJL092W,0,-3.6142023,0.20521892607212067,0.46399998664855957,0.17970000207424164
YKL125W,YNR013C,0,-3.6143084,0.20512820780277252,0.46399998664855957,0.17980000376701355
YFL002W-B,YIL008W,0,-3.6146183,0.20503756403923035,0.46399998664855957,0.17990000545978546
YIL009W,YHR214C-C,0,-3.6146753,0.20494699478149414,0.46399998664855957,0.18000000715255737
YMR030W,YEL063C,0,-3.6147556,0.2048565149307251,0.46399998664855957,0.1800999939441681
YOL090W,YMR224C,1,-3.6147804,0.20520740747451782,0.4650000035762787,0.1800999939441681
YDR247W,YPR193C,0,-3.6147847,0.2051168978214264,0.4650000035762787,0.18019999563694
YPR164W,YBR136W,1,-3.6148806,0.2054673731327057,0.4659999907016754,0.18019999563694
YLR337W,YPR046W,0,-3.6151347,0.20537681877613068,0.4659999907016754,0.18029999732971191
YER032W,YPL153C,0,-3.6151628,0.20528633892536163,0.4659999907016754,0.18039999902248383
YBR041W,YMR046C,0,-3.6152654,0.20519594848155975,0.4659999907016754,0.18050000071525574
YGR027W-B,YOR079C,0,-3.616076,0.20510563254356384,0.4659999907016754,0.18060000240802765
YLR467W,YLR234W,1,-3.6161735,0.20545534789562225,0.46700000762939453,0.18060000240802765
YJL125C,YBR114W,0,-3.6162772,0.20536500215530396,0.46700000762939453,0.18070000410079956
YJR052W,YGR144W,0,-3.6163707,0.20527473092079163,0.46700000762939453,0.18080000579357147
YLR284C,YHL009W-B,0,-3.616417,0.20518453419208527,0.46700000762939453,0.1808999925851822
YNL130C,YIL082W-A,0,-3.6164255,0.20509442687034607,0.46700000762939453,0.1809999942779541
YCL016C,YOL060C,0,-3.616446,0.20500439405441284,0.46700000762939453,0.181099995970726
YIL017W,YCL063W,0,-3.6164737,0.20491443574428558,0.46700000762939453,0.18119999766349792
YGR170W,YML006C,0,-3.6164849,0.2048245668411255,0.46700000762939453,0.18129999935626984
YJL045W,YML080W,0,-3.6165934,0.20473477244377136,0.46700000762939453,0.18140000104904175
YHL022C,YPL015C,1,-3.6166518,0.20508326590061188,0.46799999475479126,0.18140000104904175
YNL119W,YJR135C,0,-3.6169758,0.20499342679977417,0.46799999475479126,0.18150000274181366
YDR512C,YOR130C,0,-3.6169815,0.20490367710590363,0.46799999475479126,0.18160000443458557
YCR075C,YFL002W-B,0,-3.6171176,0.20481400191783905,0.46799999475479126,0.18170000612735748
YGL049C,YKR031C,0,-3.6172001,0.20472441613674164,0.46799999475479126,0.1817999929189682
YPL257W-B,YKL140W,0,-3.6175528,0.204634889960289,0.46799999475479126,0.1818999946117401
YDR159W,YGR179C,0,-3.61756,0.20454545319080353,0.46799999475479126,0.18199999630451202
YHR170W,YGL038C,0,-3.6177182,0.20445609092712402,0.46799999475479126,0.18209999799728394
YDR075W,YOR287C,0,-3.617729,0.20436681807041168,0.46799999475479126,0.18219999969005585
YGR225W,YPL132W,0,-3.6179957,0.20427760481834412,0.46799999475479126,0.18230000138282776
YER093C,YJL134W,0,-3.6182194,0.2041884809732437,0.46799999475479126,0.18240000307559967
YDR451C,YGL044C,0,-3.6183462,0.20409943163394928,0.46799999475479126,0.18250000476837158
YCR057C,YDR034C-C,0,-3.6185753,0.20401045680046082,0.46799999475479126,0.1826000064611435
YPR158C-C,YCR086W,0,-3.618897,0.20392157137393951,0.46799999475479126,0.1826999932527542
YDR460W,YDR178W,0,-3.6189709,0.203832745552063,0.46799999475479126,0.18279999494552612
YNL312W,YBR098W,1,-3.6190279,0.20417936146259308,0.4690000116825104,0.18279999494552612
YMR106C,YLR234W,1,-3.6191843,0.2045256793498993,0.4699999988079071,0.18279999494552612
YNL292W,YGL133W,0,-3.6193178,0.20443670451641083,0.4699999988079071,0.18289999663829803
YMR036C,YAR042W,0,-3.61938,0.20434781908988953,0.4699999988079071,0.18299999833106995
YOR298W,YNL248C,0,-3.6195002,0.2042590230703354,0.4699999988079071,0.18310000002384186
YDL035C,YEL069C,0,-3.6196628,0.20417028665542603,0.4699999988079071,0.18320000171661377
YPL244C,YCL005W-A,0,-3.619698,0.20408163964748383,0.4699999988079071,0.18330000340938568
YDR451C,YGR161W-A,0,-3.6199007,0.2039930522441864,0.4699999988079071,0.1834000051021576
YDR261C-C,YIL056W,0,-3.6199007,0.20390455424785614,0.4699999988079071,0.1835000067949295
YJR026W,YGL126W,0,-3.620168,0.20381613075733185,0.4699999988079071,0.18359999358654022
YGR145W,YBL008W,0,-3.620922,0.20372778177261353,0.4699999988079071,0.18369999527931213
YGL025C,YOR313C,0,-3.6210847,0.20363950729370117,0.4699999988079071,0.18379999697208405
YGR161W-A,YMR025W,0,-3.6211119,0.20355132222175598,0.4699999988079071,0.18389999866485596
YER160C,YHR165C,0,-3.6213708,0.20346319675445557,0.4699999988079071,0.18400000035762787
YOR151C,YGR161C-C,0,-3.621472,0.20337516069412231,0.4699999988079071,0.18410000205039978
YDR210C-D,YJL053W,0,-3.6216235,0.20328719913959503,0.4699999988079071,0.1842000037431717
YPR065W,YOL028C,0,-3.6216342,0.20319931209087372,0.4699999988079071,0.1843000054359436
YDR131C,YJL204C,0,-3.6217449,0.20311149954795837,0.4699999988079071,0.18440000712871552
YKL014C,YLR127C,0,-3.621905,0.203023761510849,0.4699999988079071,0.18449999392032623
YMR055C,YER148W,0,-3.6219752,0.2029360979795456,0.4699999988079071,0.18459999561309814
YDR261W-A,YPL122C,0,-3.6221347,0.20284850895404816,0.4699999988079071,0.18469999730587006
YHR079C-B,YJL208C,1,-3.6222138,0.20319241285324097,0.47099998593330383,0.18469999730587006
YMR231W,YGL013C,0,-3.622291,0.20310477912425995,0.47099998593330383,0.18479999899864197
YNL054W-A,YJR001W,0,-3.6223052,0.2030172348022461,0.47099998593330383,0.18490000069141388
YOR279C,YBL056W,0,-3.6224694,0.2029297649860382,0.47099998593330383,0.1850000023841858
YGL194C,YER162C,0,-3.6225739,0.20284238457679749,0.47099998593330383,0.1851000040769577
YPL006W,YDR202C,0,-3.6225924,0.20275506377220154,0.47099998593330383,0.18520000576972961
YGL018C,YIR009W,0,-3.6226244,0.20266781747341156,0.47099998593330383,0.18529999256134033
YPR181C,YLR410W-B,0,-3.6226647,0.20258064568042755,0.47099998593330383,0.18539999425411224
YER174C,YHR133C,0,-3.6227589,0.2024935483932495,0.47099998593330383,0.18549999594688416
YBR223C,YPR154W,0,-3.6229258,0.20240652561187744,0.47099998593330383,0.18559999763965607
YMR045C,YOL124C,0,-3.6229663,0.20231959223747253,0.47099998593330383,0.18569999933242798
YNL164C,YDL097C,0,-3.6230047,0.2022327184677124,0.47099998593330383,0.1858000010251999
YDR261C-C,YHR174W,0,-3.6230624,0.20214591920375824,0.47099998593330383,0.1859000027179718
YKL059C,YGR216C,0,-3.6234365,0.20205920934677124,0.47099998593330383,0.1860000044107437
YMR288W,YCL017C,0,-3.62355,0.20197255909442902,0.47099998593330383,0.18610000610351562
YGL003C,YOR229W,0,-3.6236615,0.20188598334789276,0.47099998593330383,0.18619999289512634
YKL020C,YLR312C-B,0,-3.6236897,0.20179948210716248,0.47099998593330383,0.18629999458789825
YML109W,YML040W,0,-3.6237164,0.20171305537223816,0.47099998593330383,0.18639999628067017
YGR055W,YOR256C,0,-3.6238453,0.201626718044281,0.47099998593330383,0.18649999797344208
YKL016C,YGR109W-B,0,-3.6243215,0.20154044032096863,0.47099998593330383,0.186599999666214
YOL076W,YPR182W,0,-3.6249137,0.20145423710346222,0.47099998593330383,0.1867000013589859
YDR359C,YER148W,0,-3.6249385,0.20136810839176178,0.47099998593330383,0.1868000030517578
YDL135C,YHR031C,0,-3.62533,0.2012820541858673,0.47099998593330383,0.18690000474452972
YMR055C,YMR046C,0,-3.6254964,0.2011960744857788,0.47099998593330383,0.18700000643730164
YPL267W,YIL066C,0,-3.625857,0.20111016929149628,0.47099998593330383,0.18709999322891235
YDL036C,YPR155C,0,-3.6259048,0.20102432370185852,0.47099998593330383,0.18719999492168427
YML034W,YKL008C,0,-3.6259062,0.20093856751918793,0.47099998593330383,0.18729999661445618
YPL257W-B,YGR274C,0,-3.6260788,0.2008528858423233,0.47099998593330383,0.1873999983072281
YDR418W,YMR046C,0,-3.6261015,0.20076726377010345,0.47099998593330383,0.1875
YPL047W,YJL048C,0,-3.6261537,0.20068171620368958,0.47099998593330383,0.1876000016927719
YPL269W,YGR047C,0,-3.6267107,0.20059625804424286,0.47099998593330383,0.18770000338554382
YDL003W,YNR053C,0,-3.6267364,0.20051085948944092,0.47099998593330383,0.18780000507831573
YKR025W,YLR410W-B,0,-3.6267543,0.20042553544044495,0.47099998593330383,0.18790000677108765
YPR193C,YPR025C,0,-3.6268644,0.20034028589725494,0.47099998593330383,0.18799999356269836
YDR261C-C,YIL139C,0,-3.6269064,0.20025509595870972,0.47099998593330383,0.18809999525547028
YMR046C,YHR119W,0,-3.6269355,0.20016999542713165,0.47099998593330383,0.1881999969482422
YHR193C,YFL035C-A,0,-3.627008,0.20008495450019836,0.47099998593330383,0.1882999986410141
YDL105W,YIL017W,0,-3.6271777,0.20000000298023224,0.47099998593330383,0.188400000333786
YAR010C,YPL053C,0,-3.6273322,0.1999151110649109,0.47099998593330383,0.18850000202655792
YGR038C-B,YDR529C,0,-3.6273441,0.1998302936553955,0.47099998593330383,0.18860000371932983
YHR079C-B,YER173W,1,-3.6273751,0.200169637799263,0.47200000286102295,0.18860000371932983
YNL236W,YOR142W-B,0,-3.6274204,0.20008477568626404,0.47200000286102295,0.18870000541210175
YKR007W,YOR147W,0,-3.6274488,0.20000000298023224,0.47200000286102295,0.18880000710487366
YBR082C,YLR032W,0,-3.6277246,0.19991528987884521,0.47200000286102295,0.18889999389648438
YBR012W-A,YBR202W,0,-3.62779,0.19983065128326416,0.47200000286102295,0.1889999955892563
YFL018W-A,YNR032W,0,-3.6279442,0.19974608719348907,0.47200000286102295,0.1890999972820282
YIR012W,YLR256W-A,0,-3.6282005,0.19966159760951996,0.47200000286102295,0.1891999989748001
YML032C,YDR180W,1,-3.628222,0.20000000298023224,0.4729999899864197,0.1891999989748001
YHR070W,YJR073C,0,-3.6283958,0.19991546869277954,0.4729999899864197,0.18930000066757202
YOR142W-A,YMR075W,0,-3.6283998,0.1998310089111328,0.4729999899864197,0.18940000236034393
YKR062W,YGL194C,0,-3.628541,0.19974662363529205,0.4729999899864197,0.18950000405311584
YMR036C,YLR227W-A,0,-3.6288948,0.19966229796409607,0.4729999899864197,0.18960000574588776
YBR247C,YOR320C,0,-3.6289957,0.19957806169986725,0.4729999899864197,0.18970000743865967
YMR047C,YDL109C,0,-3.6289976,0.1994938850402832,0.4729999899864197,0.18979999423027039
YDR080W,YLR256W-A,0,-3.6290848,0.19940978288650513,0.4729999899864197,0.1898999959230423
YHR214C-B,YDL174C,0,-3.6291919,0.19932575523853302,0.4729999899864197,0.1899999976158142
YDR201W,YER062C,0,-3.6292377,0.1992417871952057,0.4729999899864197,0.19009999930858612
YMR219W,YER035W,0,-3.629317,0.19915789365768433,0.4729999899864197,0.19020000100135803
YGR038C-B,YGL047W,0,-3.6293514,0.19907407462596893,0.4729999899864197,0.19030000269412994
YGL116W,YNR006W,0,-3.6293826,0.1989903301000595,0.4729999899864197,0.19040000438690186
YPL110C,YCR040W,0,-3.6296096,0.19890664517879486,0.4729999899864197,0.19050000607967377
YHR079C-A,YLR467W,1,-3.6297448,0.19924338161945343,0.4740000069141388,0.19050000607967377
YLR293C,YKL138C-A,0,-3.6299362,0.1991596668958664,0.4740000069141388,0.19059999287128448
YBR154C,YDR261W-B,0,-3.6299698,0.19907601177692413,0.4740000069141388,0.1906999945640564
YCL035C,YDR252W,0,-3.6302347,0.19899244606494904,0.4740000069141388,0.1907999962568283
YBR118W,YLR312C-B,0,-3.6304064,0.1989089399576187,0.4740000069141388,0.19089999794960022
YDR261W-B,YMR139W,0,-3.6304166,0.19882550835609436,0.4740000069141388,0.19099999964237213
YDR501W,YMR135C,0,-3.6304388,0.19874213635921478,0.4740000069141388,0.19110000133514404
YPL121C,YJL047C,1,-3.6304638,0.19907794892787933,0.4749999940395355,0.19110000133514404
YJL102W,YPL152W,0,-3.6304817,0.19899454712867737,0.4749999940395355,0.19120000302791595
YNL139C,YDL154W,1,-3.6305013,0.19932998716831207,0.47600001096725464,0.19120000302791595
YGL163C,YAR007C,1,-3.630806,0.1996651291847229,0.47699999809265137,0.19120000302791595
YHR019C,YGL073W,0,-3.631162,0.1995815932750702,0.47699999809265137,0.19130000472068787
YCL060C,YPL269W,0,-3.63147,0.19949811697006226,0.47699999809265137,0.19140000641345978
YGL205W,YDL236W,0,-3.6315775,0.1994147151708603,0.47699999809265137,0.1914999932050705
YMR164C,YIL082W-A,0,-3.6316595,0.1993313878774643,0.47699999809265137,0.1915999948978424
YDR261C-C,YPL053C,0,-3.6317582,0.19924812018871307,0.47699999809265137,0.19169999659061432
YIL080W,YNL064C,0,-3.6318889,0.19916492700576782,0.47699999809265137,0.19179999828338623
YIL019W,YOR211C,0,-3.6322398,0.19908180832862854,0.47699999809265137,0.19189999997615814
YOL069W,YBR216C,0,-3.632442,0.19899874925613403,0.47699999809265137,0.19200000166893005
YDR168W,YNL127W,0,-3.6326365,0.1989157646894455,0.47699999809265137,0.19210000336170197
YOR298W,YNR011C,0,-3.632644,0.19883283972740173,0.47699999809265137,0.19220000505447388
YOR362C,YFL035C-A,0,-3.6327672,0.19875000417232513,0.47699999809265137,0.1923000067472458
YGR006W,YPL209C,0,-3.6327775,0.1986672282218933,0.47699999809265137,0.1923999935388565
YDR303C,YMR078C,0,-3.6330552,0.19858451187610626,0.47699999809265137,0.19249999523162842
YKL194C,YFL002W-B,0,-3.633071,0.19850187003612518,0.47699999809265137,0.19259999692440033
YGR214W,YLR224W,0,-3.6331022,0.19841930270195007,0.47699999809265137,0.19269999861717224
YEL019C,YAL023C,0,-3.633191,0.19833679497241974,0.47699999809265137,0.19280000030994415
YDL185W,YKL011C,1,-3.633399,0.19866998493671417,0.4779999852180481,0.19280000030994415
YOR250C,YKR039W,0,-3.6334698,0.19858744740486145,0.4779999852180481,0.19290000200271606
YDR261W-B,YPL257W-A,0,-3.6335227,0.1985049843788147,0.4779999852180481,0.19300000369548798
YJL063C,YLR337W,0,-3.6337056,0.19842258095741272,0.4779999852180481,0.1931000053882599
YGL116W,YPL012W,0,-3.6338532,0.1983402520418167,0.4779999852180481,0.1932000070810318
YOR027W,YLR272C,0,-3.6338737,0.19825798273086548,0.4779999852180481,0.19329999387264252
YPR182W,YOR142W-A,0,-3.633932,0.19817578792572021,0.4779999852180481,0.19339999556541443
YDR183W,YIR026C,0,-3.634012,0.19809365272521973,0.4779999852180481,0.19349999725818634
YNL047C,YJL059W,0,-3.6346862,0.1980115920305252,0.4779999852180481,0.19359999895095825
YDR126W,YBR173C,0,-3.6348119,0.19792960584163666,0.4779999852180481,0.19370000064373016
YFR040W,YAL034W-A,0,-3.6348958,0.19784767925739288,0.4779999852180481,0.19380000233650208
YNL088W,YMR224C,1,-3.6351004,0.19817955791950226,0.4790000021457672,0.19380000233650208
YHR077C,YDL130W-A,0,-3.6352768,0.1980976015329361,0.4790000021457672,0.193900004029274
YGR038C-A,YOR145C,0,-3.636158,0.1980157047510147,0.4790000021457672,0.1940000057220459
YGL227W,YPL153C,0,-3.6366968,0.1979338824748993,0.4790000021457672,0.1941000074148178
YJL005W,YBR244W,0,-3.6368937,0.19785211980342865,0.4790000021457672,0.19419999420642853
YPR178W,YDL052C,0,-3.6369758,0.19777043163776398,0.4790000021457672,0.19429999589920044
YPR057W,YLR227W-A,0,-3.6379652,0.19768881797790527,0.4790000021457672,0.19439999759197235
YDR448W,YJL005W,0,-3.6380596,0.19760726392269135,0.4790000021457672,0.19449999928474426
YJR007W,YGR089W,0,-3.6381726,0.1975257694721222,0.4790000021457672,0.19460000097751617
YDR113C,YBR130C,1,-3.63834,0.19785656034946442,0.47999998927116394,0.19460000097751617
YER031C,YDR080W,0,-3.6384187,0.19777503609657288,0.47999998927116394,0.19470000267028809
YOL103W-A,YGL018C,0,-3.6385338,0.1976935714483261,0.47999998927116394,0.19480000436306
YPL006W,YLR210W,0,-3.6385503,0.19761218130588531,0.47999998927116394,0.1949000060558319
YFR024C-A,YFL002C,0,-3.6385593,0.1975308656692505,0.47999998927116394,0.19499999284744263
YAL021C,YKR054C,0,-3.6386118,0.19744960963726044,0.47999998927116394,0.19509999454021454
YNL054W-B,YGR161C,0,-3.6387835,0.19736842811107635,0.47999998927116394,0.19519999623298645
YBR073W,YDR440W,1,-3.6388738,0.19769831001758575,0.48100000619888306,0.19519999623298645
YNL054W-A,YBR169C,0,-3.6389787,0.1976170837879181,0.48100000619888306,0.19529999792575836
YBR155W,YMR280C,0,-3.6389885,0.1975359320640564,0.48100000619888306,0.19539999961853027
YMR055C,YGL013C,0,-3.6389978,0.19745483994483948,0.48100000619888306,0.19550000131130219
YJL146W,YKL008C,0,-3.6393378,0.19737382233142853,0.48100000619888306,0.1956000030040741
YDL042C,YKR020W,0,-3.639824,0.19729286432266235,0.48100000619888306,0.195700004696846
YLR006C,YDR324C,0,-3.6398664,0.19721196591854095,0.48100000619888306,0.19580000638961792
YCL003W,YEL027W,0,-3.6399174,0.19713114202022552,0.48100000619888306,0.19589999318122864
YBR247C,YDR168W,0,-3.6399245,0.19705039262771606,0.48100000619888306,0.19599999487400055
YNL278W,YDR365W-B,0,-3.6399393,0.19696970283985138,0.48100000619888306,0.19609999656677246
YBR111W-A,YDL229W,0,-3.6403189,0.19688907265663147,0.48100000619888306,0.19619999825954437
YNL075W,YDR268W,0,-3.6403723,0.19680851697921753,0.48100000619888306,0.19629999995231628
YMR087W,YIR012W,0,-3.6406345,0.19672802090644836,0.48100000619888306,0.1964000016450882
YGL116W,YMR054W,0,-3.6408913,0.19664758443832397,0.48100000619888306,0.1965000033378601
YNL054W-A,YOL020W,0,-3.6410942,0.19656722247600555,0.48100000619888306,0.19660000503063202
YMR069W,YDR378C,0,-3.6414056,0.1964869350194931,0.48100000619888306,0.19670000672340393
YKL058W,YMR128W,0,-3.641523,0.19640669226646423,0.48100000619888306,0.19679999351501465
YEL063C,YLL026W,0,-3.641688,0.19632652401924133,0.48100000619888306,0.19689999520778656
YHR194W,YGR144W,0,-3.641891,0.1962464302778244,0.48100000619888306,0.19699999690055847
YMR125W,YOL004W,0,-3.642043,0.19616639614105225,0.48100000619888306,0.19709999859333038
YNL167C,YKL002W,0,-3.6420608,0.19608642160892487,0.48100000619888306,0.1972000002861023
YOR144C,YDR014W-A,1,-3.6431453,0.1964140236377716,0.4819999933242798,0.1972000002861023
YBR111W-A,YBL100W-B,0,-3.6431453,0.19633401930332184,0.4819999933242798,0.1973000019788742
YDR316W-B,YER155C,0,-3.6431453,0.19625407457351685,0.4819999933242798,0.19740000367164612
YNL284C-A,YOR250C,0,-3.6431453,0.19617418944835663,0.4819999933242798,0.19750000536441803
YML045W-A,YNL197C,0,-3.6431453,0.19609437882900238,0.4819999933242798,0.19760000705718994
YHR091C,YDR210W-D,0,-3.6431453,0.1960146427154541,0.4819999933242798,0.19769999384880066
YML045W-A,YLR285W,0,-3.6431453,0.1959349662065506,0.4819999933242798,0.19779999554157257
YDR210W-C,YLR192C,0,-3.6431453,0.19585534930229187,0.4819999933242798,0.19789999723434448
YCR055C,YLR157C-B,0,-3.6431453,0.19577579200267792,0.4819999933242798,0.1979999989271164
YDR014W-A,YNL206C,1,-3.6431453,0.1961023211479187,0.4830000102519989,0.1979999989271164
YDR210W-C,YDR478W,0,-3.6431453,0.19602273404598236,0.4830000102519989,0.1981000006198883
YHR081W,YDR014W-A,1,-3.6431453,0.1963488906621933,0.48399999737739563,0.1981000006198883
YIL036W,YDR210W-D,0,-3.6431453,0.19626925885677338,0.48399999737739563,0.19820000231266022
YGR109W-B,YMR030W,0,-3.6431453,0.19618970155715942,0.48399999737739563,0.19830000400543213
YNL003C,YOR343C-A,0,-3.6431453,0.19611020386219025,0.48399999737739563,0.19840000569820404
YBR280C,YDR210W-D,0,-3.6431453,0.19603078067302704,0.48399999737739563,0.19850000739097595
YKR095W-A,YPL257W-A,0,-3.6431453,0.1959514170885086,0.48399999737739563,0.19859999418258667
YML045W-A,YOR130C,0,-3.6431453,0.19587211310863495,0.48399999737739563,0.19869999587535858
YDR014W-A,YGL043W,1,-3.6431453,0.19619740545749664,0.48500001430511475,0.19869999587535858
YML045W-A,YGL070C,0,-3.6431453,0.1961180716753006,0.48500001430511475,0.1987999975681305
YGR003W,YOR343C-A,0,-3.6431453,0.19603879749774933,0.48500001430511475,0.1988999992609024
YOR343C-A,YGL014W,0,-3.6431453,0.19595959782600403,0.48500001430511475,0.19900000095367432
YHR205W,YDR210W-D,0,-3.6431453,0.1958804577589035,0.48500001430511475,0.19910000264644623
YNR023W,YML045W-A,0,-3.6431453,0.19580137729644775,0.48500001430511475,0.19920000433921814
YJL183W,YOR343C-A,0,-3.6431453,0.19572235643863678,0.48500001430511475,0.19930000603199005
YNL284C-A,YKL028W,0,-3.6431453,0.19564341008663177,0.48500001430511475,0.19939999282360077
YBL101W-A,YHR041C,0,-3.6431453,0.19556452333927155,0.48500001430511475,0.19949999451637268
YML045W-A,YLL027W,0,-3.6431453,0.1954856961965561,0.48500001430511475,0.1995999962091446
YBL101W-A,YMR276W,0,-3.6431453,0.1954069286584854,0.48500001430511475,0.1996999979019165
YMR199W,YDR210W-D,0,-3.6431453,0.1953282356262207,0.48500001430511475,0.19979999959468842
YOR080W,YOR343C-A,0,-3.6431453,0.19524960219860077,0.48500001430511475,0.19990000128746033
YDR014W-A,YML128C,1,-3.6431453,0.19557343423366547,0.4860000014305115,0.19990000128746033
YDR014W-A,YPL164C,1,-3.6431453,0.19589702785015106,0.4869999885559082,0.19990000128746033
YBL101W-A,YPR036W,0,-3.6431453,0.19581826031208038,0.4869999885559082,0.20000000298023224
YHL009W-A,YML046W,0,-3.6431453,0.19573955237865448,0.4869999885559082,0.20010000467300415
YPL121C,YDR014W-A,1,-3.6431453,0.19606266915798187,0.4880000054836273,0.20010000467300415
YKR055W,YBL101W-A,0,-3.6431453,0.19598393142223358,0.4880000054836273,0.20020000636577606
YHL009W-A,YHR084W,0,-3.6431453,0.19590525329113007,0.4880000054836273,0.20029999315738678
YBL101W-A,YKL012W,0,-3.6431453,0.19582664966583252,0.4880000054836273,0.2003999948501587
YDR014W-A,YDR289C,1,-3.6431453,0.19614921510219574,0.48899999260902405,0.2003999948501587
YNL284C-A,YLR153C,0,-3.6431453,0.1960705667734146,0.48899999260902405,0.2004999965429306
YPL026C,YDR210W-C,0,-3.6431453,0.19599197804927826,0.48899999260902405,0.20059999823570251
YDR207C,YDR014W-A,1,-3.6431453,0.19631409645080566,0.49000000953674316,0.20059999823570251
YML045W-A,YLR386W,0,-3.6431453,0.19623547792434692,0.49000000953674316,0.20069999992847443
YPL022W,YDR014W-A,1,-3.6431453,0.19655723869800568,0.4909999966621399,0.20069999992847443
YDR014W-A,YJR021C,1,-3.6431453,0.19687874615192413,0.492000013589859,0.20069999992847443
YBR098W,YDR014W-A,1,-3.6431453,0.1972000002861023,0.49300000071525574,0.20069999992847443
YDR210W-C,YJR145C,0,-3.6431453,0.19712115824222565,0.49300000071525574,0.20080000162124634
YDR014W-A,YMR224C,1,-3.6431453,0.19744203984737396,0.49399998784065247,0.20080000162124634
YNL088W,YDR014W-A,1,-3.6431453,0.19776268303394318,0.4950000047683716,0.20080000162124634
YDR440W,YDR014W-A,1,-3.6431453,0.1980830729007721,0.4959999918937683,0.20080000162124634
YPR182W,YDR210W-D,0,-3.6431453,0.19800399243831635,0.4959999918937683,0.20090000331401825
YOL068C,YDR014W-A,1,-3.6431453,0.1983240246772766,0.4970000088214874,0.20090000331401825
YDR210W-B,YDR314C,0,-3.6431453,0.19824491441249847,0.4970000088214874,0.20100000500679016
YDR446W,YDR014W-A,1,-3.6431453,0.1985645890235901,0.49799999594688416,0.20100000500679016
YNL082W,YDR014W-A,1,-3.6431453,0.1988840103149414,0.49900001287460327,0.20100000500679016
YDR014W-A,YJL208C,1,-3.6431453,0.19920319318771362,0.5,0.20100000500679016
YIL159W,YLR410W-A,0,-3.6431453,0.19912385940551758,0.5,0.20110000669956207
YLR466W,YDR014W-A,1,-3.6431453,0.19944266974925995,0.5009999871253967,0.20110000669956207
YCR092C,YDR014W-A,1,-3.6431453,0.19976124167442322,0.5019999742507935,0.20110000669956207
YML123C,YOR343C-A,0,-3.6431453,0.19968178868293762,0.5019999742507935,0.2011999934911728
YDR210W-C,YLR110C,0,-3.6431453,0.1996023803949356,0.5019999742507935,0.2012999951839447
YNL126W,YOR343C-A,0,-3.6431453,0.19952304661273956,0.5019999742507935,0.2013999968767166
YBR136W,YDR014W-A,1,-3.6431453,0.19984108209609985,0.503000020980835,0.2013999968767166
YMR106C,YDR014W-A,1,-3.6431453,0.20015884935855865,0.5040000081062317,0.2013999968767166
YGL032C,YDR210W-D,0,-3.6431453,0.20007939636707306,0.5040000081062317,0.20149999856948853
YDR014W-A,YJL090C,1,-3.6431453,0.2003968209028244,0.5049999952316284,0.20149999856948853
YDR210W-C,YML043C,0,-3.6431453,0.20031733810901642,0.5049999952316284,0.20160000026226044
YIL080W,YIL017W,0,-3.6431453,0.20023790001869202,0.5049999952316284,0.20170000195503235
YML045W-A,YOR063W,0,-3.6431453,0.20015853643417358,0.5049999952316284,0.20180000364780426
YHL009W-A,YML092C,0,-3.6431453,0.20007923245429993,0.5049999952316284,0.20190000534057617
YGL175C,YDR014W-A,1,-3.6431453,0.20039604604244232,0.5059999823570251,0.20190000534057617
YDR210W-C,YHR041C,0,-3.6431453,0.20031671226024628,0.5059999823570251,0.20200000703334808
YDR210W-C,YGL229C,0,-3.6431453,0.200237438082695,0.5059999823570251,0.2020999938249588
YMR267W,YDR210W-C,0,-3.6431453,0.2001582235097885,0.5059999823570251,0.2021999955177307
YDR210W-C,YDL247W,0,-3.6431453,0.200079083442688,0.5059999823570251,0.20229999721050262
YLR132C,YDR210W-D,0,-3.6431453,0.20000000298023224,0.5059999823570251,0.20239999890327454
YHL009W-A,YKL081W,0,-3.6431453,0.19992098212242126,0.5059999823570251,0.20250000059604645
YML045W-A,YOR310C,0,-3.6431453,0.19984202086925507,0.5059999823570251,0.20260000228881836
YDR216W,YPR137C-B,0,-3.6431453,0.19976313412189484,0.5059999823570251,0.20270000398159027
YBL101W-A,YAL013W,0,-3.6431453,0.1996842920780182,0.5059999823570251,0.20280000567436218
YNL271C,YDR014W-A,1,-3.6431453,0.20000000298023224,0.5070000290870667,0.20280000567436218
YHL009W-A,YDR363W,0,-3.6431453,0.1999211311340332,0.5070000290870667,0.2029000073671341
YPL283C,YDR014W-A,1,-3.6431453,0.2002364993095398,0.5080000162124634,0.2029000073671341
YIR025W,YDR014W-A,1,-3.6431453,0.2005516141653061,0.5090000033378601,0.2029000073671341
YGL191W,YDR210W-D,0,-3.6431453,0.2004726231098175,0.5090000033378601,0.2029999941587448
YDR014W-A,YBR279W,1,-3.6431453,0.20078739523887634,0.5099999904632568,0.2029999941587448
YHL009W-A,YIL035C,0,-3.6431453,0.20070838928222656,0.5099999904632568,0.20309999585151672
YDR014W-A,YMR133W,1,-3.6431453,0.20102281868457794,0.5109999775886536,0.20309999585151672
YNL139C,YDR014W-A,1,-3.6431453,0.20133700966835022,0.5120000243186951,0.20309999585151672
YIL082W-A,YDR210W-D,0,-3.6431453,0.2012578547000885,0.5120000243186951,0.20319999754428864
YNL312W,YDR014W-A,1,-3.6431453,0.20157170295715332,0.5130000114440918,0.20319999754428864
YGR161W-A,YFL035C-A,0,-3.6431453,0.2014925330877304,0.5130000114440918,0.20329999923706055
YBL101W-A,YHR206W,0,-3.6431453,0.20141342282295227,0.5130000114440918,0.20340000092983246
YBL101W-A,YLR153C,0,-3.6431453,0.2013343870639801,0.5130000114440918,0.20350000262260437
YGR091W,YDR210W-D,0,-3.6431453,0.20125539600849152,0.5130000114440918,0.20360000431537628
YNL284C-A,YIL023C,0,-3.6431453,0.2011764645576477,0.5130000114440918,0.2037000060081482
YOR343C-A,YML110C,0,-3.6431453,0.20109760761260986,0.5130000114440918,0.2037999927997589
YNL284C-A,YNL112W,0,-3.6431453,0.2010188102722168,0.5130000114440918,0.20389999449253082
YGR070W,YPL257W-B,0,-3.6431453,0.2009400725364685,0.5130000114440918,0.20399999618530273
YOL091W,YDR210W-D,0,-3.6431453,0.200861394405365,0.5130000114440918,0.20409999787807465
YBL019W,YDR210W-D,0,-3.6431453,0.20078277587890625,0.5130000114440918,0.20419999957084656
YNL284C-A,YPR135W,0,-3.6431453,0.20070423185825348,0.5130000114440918,0.20430000126361847
YOR343C-A,YBL100W-A,0,-3.6431453,0.2006257325410843,0.5130000114440918,0.20440000295639038
YGR038C-B,YBR090C-A,0,-3.6431453,0.20054730772972107,0.5130000114440918,0.2045000046491623
YNL284C-A,YKR001C,0,-3.6431453,0.20046892762184143,0.5130000114440918,0.2046000063419342
YGR113W,YDR210W-D,0,-3.6431453,0.20039062201976776,0.5130000114440918,0.20469999313354492
YDR210C-D,YBR058C-A,0,-3.6431453,0.20031237602233887,0.5130000114440918,0.20479999482631683
YML045W-A,YLR447C,0,-3.6431453,0.20023418962955475,0.5130000114440918,0.20489999651908875
YHL009W-A,YLR260W,0,-3.6431453,0.2001560628414154,0.5130000114440918,0.20499999821186066
YHL009W-A,YCL040W,0,-3.6431453,0.20007801055908203,0.5130000114440918,0.20509999990463257
YBL101W-A,YDR364C,0,-3.6431453,0.20000000298023224,0.5130000114440918,0.20520000159740448
YDR210W-D,YJL111W,0,-3.6431453,0.19992205500602722,0.5130000114440918,0.2053000032901764
YDR316W-B,YGL032C,0,-3.6433287,0.19984418153762817,0.5130000114440918,0.2054000049829483
YPR158C-D,YML005W,0,-3.643384,0.1997663527727127,0.5130000114440918,0.20550000667572021
YOL156W,YDR365W-A,0,-3.643419,0.1996885985136032,0.5130000114440918,0.20559999346733093
YCL008C,YIL070C,0,-3.643662,0.1996108889579773,0.5130000114440918,0.20569999516010284
YDR143C,YDR334W,0,-3.6436753,0.19953325390815735,0.5130000114440918,0.20579999685287476
YBR121C,YHR090C,0,-3.643701,0.19945567846298218,0.5130000114440918,0.20589999854564667
YIL017W,YNL230C,0,-3.6437175,0.19937816262245178,0.5130000114440918,0.20600000023841858
YER109C,YIR009W,0,-3.644384,0.19930070638656616,0.5130000114440918,0.2061000019311905
YKL082C,YNL278W,0,-3.6446013,0.19922329485416412,0.5130000114440918,0.2062000036239624
YGR038C-B,YDL142C,0,-3.6448069,0.19914595782756805,0.5130000114440918,0.20630000531673431
YKL166C,YLR337C,0,-3.6448178,0.19906868040561676,0.5130000114440918,0.20640000700950623
YDR163W,YLR337C,0,-3.6448865,0.19899146258831024,0.5130000114440918,0.20649999380111694
YIL073C,YBR050C,0,-3.6448982,0.1989143043756485,0.5130000114440918,0.20659999549388885
YMR117C,YDL188C,0,-3.6450665,0.19883720576763153,0.5130000114440918,0.20669999718666077
YPL057C,YMR046C,0,-3.6450956,0.19876016676425934,0.5130000114440918,0.20679999887943268
YFL021W,YFL018W-A,0,-3.645144,0.19868318736553192,0.5130000114440918,0.2069000005722046
YDL164C,YBR136W,1,-3.6451526,0.19899341464042664,0.5139999985694885,0.2069000005722046
YBR295W,YPR107C,0,-3.6453657,0.19891640543937683,0.5139999985694885,0.2070000022649765
YGL213C,YNL312W,1,-3.645494,0.19922630488872528,0.5149999856948853,0.2070000022649765
YNR002C,YPL257W-B,0,-3.6454964,0.1991492658853531,0.5149999856948853,0.2071000039577484
YDR210C-D,YKL140W,0,-3.645709,0.19907228648662567,0.5149999856948853,0.20720000565052032
YLR132C,YJR065C,0,-3.6459336,0.19899536669254303,0.5149999856948853,0.20730000734329224
YCR066W,YGL257C,0,-3.646108,0.19891850650310516,0.5149999856948853,0.20739999413490295
YLR126C,YKR036C,0,-3.6462011,0.19884170591831207,0.5149999856948853,0.20749999582767487
YPL267W,YPR190C,0,-3.6462255,0.19876495003700256,0.5149999856948853,0.20759999752044678
YNL278W,YGL070C,0,-3.646334,0.19868826866149902,0.5149999856948853,0.2076999992132187
YBR112C,YDR316W-A,0,-3.646356,0.19861164689064026,0.5149999856948853,0.2078000009059906
YBR129C,YDR280W,0,-3.6464365,0.19853508472442627,0.5149999856948853,0.2079000025987625
YMR001C,YIL017W,0,-3.6467075,0.19845856726169586,0.5149999856948853,0.20800000429153442
YPL140C,YDR316W-A,0,-3.6469982,0.19838212430477142,0.5149999856948853,0.20810000598430634
YBL102W,YCL075W,0,-3.6470864,0.19830574095249176,0.5149999856948853,0.20819999277591705
YBR073W,YPL194W,1,-3.647108,0.19861431419849396,0.515999972820282,0.20819999277591705
YPL049C,YJL191W,0,-3.6474824,0.1985379010438919,0.515999972820282,0.20829999446868896
YCL003W,YOR195W,0,-3.6476793,0.19846153259277344,0.515999972820282,0.20839999616146088
YDR440W,YOR035C,1,-3.6477218,0.1987697035074234,0.5170000195503235,0.20839999616146088
YJR093C,YHR061C,0,-3.6478221,0.19869332015514374,0.5170000195503235,0.2084999978542328
YGR217W,YJR031C,0,-3.6478806,0.19861698150634766,0.5170000195503235,0.2085999995470047
YCR075C,YNL054W-B,0,-3.6479259,0.19854070246219635,0.5170000195503235,0.2087000012397766
YDR316W-B,YJR102C,0,-3.6479638,0.198464497923851,0.5170000195503235,0.20880000293254852
YER005W,YNL218W,0,-3.6479983,0.19838833808898926,0.5170000195503235,0.20890000462532043
YCL003W,YMR268C,0,-3.6480587,0.19831223785877228,0.5170000195503235,0.20900000631809235
YGR109W-A,YGR128C,0,-3.6486678,0.19823619723320007,0.5170000195503235,0.20909999310970306
YCL074W,YGL216W,0,-3.6486745,0.19816021621227264,0.5170000195503235,0.20919999480247498
YAL031C,YLR256W-A,0,-3.648858,0.19808429479599,0.5170000195503235,0.2092999964952469
YHR079C-B,YLR467W,1,-3.649126,0.19839142262935638,0.5180000066757202,0.2092999964952469
YNL054W-B,YDL047W,0,-3.6491766,0.19831547141075134,0.5180000066757202,0.2093999981880188
YOR372C,YOR329C,0,-3.6493273,0.19823956489562988,0.5180000066757202,0.2094999998807907
YDR247W,YHR084W,0,-3.6493587,0.1981637328863144,0.5180000066757202,0.20960000157356262
YDR034C-D,YML011C,0,-3.6495621,0.19808796048164368,0.5180000066757202,0.20970000326633453
YGL058W,YNL218W,0,-3.6496994,0.19801223278045654,0.5180000066757202,0.20980000495910645
YOR144C,YPL283C,1,-3.6497216,0.1983186900615692,0.5189999938011169,0.20980000495910645
YGR161C-C,YBL100W-B,0,-3.6497765,0.1982429325580597,0.5189999938011169,0.20990000665187836
YMR238W,YOL103W-B,0,-3.6498475,0.19816723465919495,0.5189999938011169,0.20999999344348907
YML049C,YOR030W,0,-3.6498973,0.19809159636497498,0.5189999938011169,0.210099995136261
YDR054C,YPL155C,0,-3.6501124,0.19801601767539978,0.5189999938011169,0.2101999968290329
YGR038C-B,YNL281W,0,-3.6501281,0.19794049859046936,0.5189999938011169,0.2102999985218048
YGR008C,YJL074C,0,-3.6501608,0.19786503911018372,0.5189999938011169,0.21040000021457672
YJR082C,YGR113W,0,-3.650333,0.19778963923454285,0.5189999938011169,0.21050000190734863
YDR210W-B,YIL023C,0,-3.6504512,0.19771428406238556,0.5189999938011169,0.21060000360012054
YLR284C,YMR296C,0,-3.6506066,0.19763898849487305,0.5189999938011169,0.21070000529289246
YIL049W,YIR019C,0,-3.650686,0.1975637674331665,0.5189999938011169,0.21080000698566437
YKR062W,YPR137C-B,0,-3.6508844,0.19748859107494354,0.5189999938011169,0.21089999377727509
YPL151C,YMR216C,0,-3.6510267,0.19741345942020416,0.5189999938011169,0.210999995470047
YDR261C-C,YDL230W,0,-3.65126,0.19733840227127075,0.5189999938011169,0.2110999971628189
YOR377W,YBL100W-A,0,-3.6516905,0.19726340472698212,0.5189999938011169,0.21119999885559082
YBR111W-A,YHR200W,0,-3.6517115,0.19718845188617706,0.5189999938011169,0.21130000054836273
YOR237W,YBR102C,0,-3.651784,0.19711355865001678,0.5189999938011169,0.21140000224113464
YDL006W,YAL030W,0,-3.652013,0.19703872501850128,0.5189999938011169,0.21150000393390656
YIL068C,YCL032W,0,-3.652113,0.19696395099163055,0.5189999938011169,0.21160000562667847
YOL072W,YMR284W,1,-3.6526613,0.19726859033107758,0.5199999809265137,0.21160000562667847
YDR103W,YNL032W,0,-3.6532598,0.19719378650188446,0.5199999809265137,0.21170000731945038
YOR004W,YKR061W,0,-3.6534424,0.19711902737617493,0.5199999809265137,0.2117999941110611
YMR087W,YHR060W,0,-3.6535425,0.19704432785511017,0.5199999809265137,0.211899995803833
YJL157C,YDL002C,0,-3.6535852,0.19696970283985138,0.5199999809265137,0.21199999749660492
YOR368W,YDR180W,1,-3.6536813,0.19727376103401184,0.5210000276565552,0.21199999749660492
YGL246C,YOR226C,0,-3.653742,0.19719909131526947,0.5210000276565552,0.21209999918937683
YMR177W,YDR316W-B,0,-3.6537526,0.19712448120117188,0.5210000276565552,0.21220000088214874
YNL106C,YOR343W-B,0,-3.6540093,0.19704993069171906,0.5210000276565552,0.21230000257492065
YGR161W-B,YKL126W,0,-3.6542282,0.19697542488574982,0.5210000276565552,0.21240000426769257
YPL093W,YOR192C-A,0,-3.654428,0.19690097868442535,0.5210000276565552,0.21250000596046448
YDR123C,YMR182C,0,-3.6545825,0.19682659208774567,0.5210000276565552,0.2125999927520752
YNL054W-B,YKR059W,0,-3.6545992,0.19675226509571075,0.5210000276565552,0.2126999944448471
YGR246C,YAL040C,0,-3.6547644,0.19667799770832062,0.5210000276565552,0.21279999613761902
YOR067C,YPL202C,0,-3.6547656,0.19660377502441406,0.5210000276565552,0.21289999783039093
YDR446W,YDR110W,1,-3.6548378,0.19690683484077454,0.5220000147819519,0.21289999783039093
YIL080W,YOL063C,0,-3.6550193,0.1968325823545456,0.5220000147819519,0.21299999952316284
YDR087C,YHR031C,0,-3.6550343,0.19675838947296143,0.5220000147819519,0.21310000121593475
YJL141C,YMR319C,0,-3.655526,0.19668425619602203,0.5220000147819519,0.21320000290870667
YMR076C,YLL026W,0,-3.6558435,0.19661016762256622,0.5220000147819519,0.21330000460147858
YML115C,YGR161W-A,0,-3.656321,0.1965361386537552,0.5220000147819519,0.2134000062942505
YDL028C,YDL142C,0,-3.6564183,0.19646216928958893,0.5220000147819519,0.2134999930858612
YOR274W,YNL230C,0,-3.656499,0.19638825953006744,0.5220000147819519,0.21359999477863312
YDR261W-B,YIL139C,0,-3.6566634,0.19631440937519073,0.5220000147819519,0.21369999647140503
YDR145W,YLR256W-A,0,-3.6568348,0.1962406039237976,0.5220000147819519,0.21379999816417694
YBR055C,YDR027C,0,-3.6572938,0.19616685807704926,0.5220000147819519,0.21389999985694885
YGR161C-C,YPR024W,0,-3.657301,0.19609315693378448,0.5220000147819519,0.21400000154972076
YGL073W,YIL023C,0,-3.6575084,0.19601953029632568,0.5220000147819519,0.21410000324249268
YOR240W,YKL138C-A,0,-3.6575975,0.19594594836235046,0.5220000147819519,0.2142000049352646
YBL075C,YKL138C-A,0,-3.6576202,0.19587242603302002,0.5220000147819519,0.2143000066280365
YOR089C,YIL154C,0,-3.6579173,0.19579894840717316,0.5220000147819519,0.21439999341964722
YPR018W,YPR158C-C,0,-3.6582522,0.19572553038597107,0.5220000147819519,0.21449999511241913
YDR059C,YEL015W,0,-3.6582751,0.19565217196941376,0.5220000147819519,0.21459999680519104
YKR089C,YIR012W,0,-3.6583939,0.19557887315750122,0.5220000147819519,0.21469999849796295
YPR073C,YLR381W,0,-3.6589465,0.19550561904907227,0.5220000147819519,0.21480000019073486
YHR081W,YGL175C,1,-3.6589987,0.1958068162202835,0.5230000019073486,0.21480000019073486
YCL008C,YLR249W,0,-3.6590786,0.19573353230953217,0.5230000019073486,0.21490000188350677
YNL156C,YDR210C-D,0,-3.6590893,0.1956603080034256,0.5230000019073486,0.2150000035762787
YGR097W,YDR490C,0,-3.659145,0.1955871284008026,0.5230000019073486,0.2151000052690506
YER118C,YBR244W,0,-3.6591926,0.1955140233039856,0.5230000019073486,0.2152000069618225
YOR192C-A,YOR381W,0,-3.6592984,0.19544096291065216,0.5230000019073486,0.21529999375343323
YLR337W,YML016C,0,-3.6593246,0.1953679472208023,0.5230000019073486,0.21539999544620514
YGR188C,YOR142W-A,0,-3.659565,0.19529499113559723,0.5230000019073486,0.21549999713897705
YBR158W,YCL032W,0,-3.6596737,0.19522209465503693,0.5230000019073486,0.21559999883174896
YKR002W,YNL197C,0,-3.659687,0.1951492577791214,0.5230000019073486,0.21570000052452087
YJL030W,YLR100W,0,-3.6597779,0.19507646560668945,0.5230000019073486,0.21580000221729279
YBR295W,YKL008C,0,-3.66014,0.19500373303890228,0.5230000019073486,0.2159000039100647
YDR480W,YNR038W,0,-3.660297,0.1949310451745987,0.5230000019073486,0.2160000056028366
YGR161C-C,YJR026W,0,-3.6603642,0.19485841691493988,0.5230000019073486,0.21610000729560852
YOL108C,YGL122C,0,-3.660881,0.19478584825992584,0.5230000019073486,0.21619999408721924
YDL229W,YGR038C-A,0,-3.6609635,0.19471332430839539,0.5230000019073486,0.21629999577999115
YMR182C,YJL059W,0,-3.6612687,0.1946408599615097,0.5230000019073486,0.21639999747276306
YNL093W,YGL071W,0,-3.661336,0.1945684552192688,0.5230000019073486,0.21649999916553497
YCL060C,YPR119W,0,-3.6613808,0.19449609518051147,0.5230000019073486,0.21660000085830688
YHR116W,YLR157C-B,0,-3.66142,0.19442379474639893,0.5230000019073486,0.2167000025510788
YCR060W,YDL033C,0,-3.6614704,0.19435153901576996,0.5230000019073486,0.2168000042438507
YCL060C,YLR305C,0,-3.6615133,0.19427934288978577,0.5230000019073486,0.21690000593662262
YBL052C,YOR290C,0,-3.6615267,0.19420720636844635,0.5230000019073486,0.21699999272823334
YGL003C,YDR365W-A,0,-3.661601,0.19413511455059052,0.5230000019073486,0.21709999442100525
YDR261C-C,YOR127W,0,-3.6616292,0.19406308233737946,0.5230000019073486,0.21719999611377716
YDR365W-B,YCL017C,0,-3.6616483,0.19399109482765198,0.5230000019073486,0.21729999780654907
YKL095W,YDR260C,0,-3.6618283,0.19391916692256927,0.5230000019073486,0.21739999949932098
YOL158C,YJR028W,0,-3.6621826,0.19384729862213135,0.5230000019073486,0.2175000011920929
YBR170C,YGR245C,0,-3.6622527,0.193775475025177,0.5230000019073486,0.2176000028848648
YLR355C,YLR227W-A,0,-3.6623049,0.19370371103286743,0.5230000019073486,0.21770000457763672
YGL075C,YDR258C,0,-3.662366,0.19363199174404144,0.5230000019073486,0.21780000627040863
YGR038C-B,YNL243W,0,-3.6623716,0.19356033205986023,0.5230000019073486,0.21789999306201935
YLR067C,YDR365W-A,0,-3.6624665,0.1934887170791626,0.5230000019073486,0.21799999475479126
YDL024C,YPL253C,0,-3.6625698,0.19341716170310974,0.5230000019073486,0.21809999644756317
YDR194C,YBL100W-A,0,-3.6629858,0.19334565103054047,0.5230000019073486,0.21819999814033508
YNL054W-A,YPL267W,0,-3.6631231,0.19327419996261597,0.5230000019073486,0.218299999833107
YDR261C-C,YBR290W,0,-3.663199,0.19320280849933624,0.5230000019073486,0.2184000015258789
YNL318C,YHR019C,0,-3.6633105,0.1931314617395401,0.5230000019073486,0.21850000321865082
YDL247W,YGL229C,0,-3.6633453,0.19306017458438873,0.5230000019073486,0.21860000491142273
YDR058C,YMR268C,0,-3.6634624,0.19298893213272095,0.5230000019073486,0.21870000660419464
YDR034C-C,YIR017C,0,-3.6634846,0.19291774928569794,0.5230000019073486,0.21879999339580536
YGR027W-B,YMR239C,0,-3.6634846,0.1928466111421585,0.5230000019073486,0.21889999508857727
YDR261W-B,YML038C,0,-3.6636367,0.19277553260326385,0.5230000019073486,0.21899999678134918
YGL213C,YPL194W,1,-3.6637442,0.19307295978069305,0.5239999890327454,0.21899999678134918
YBR154C,YLR133W,0,-3.6638455,0.19300183653831482,0.5239999890327454,0.2190999984741211
YLR383W,YOR173W,0,-3.6640625,0.19293078780174255,0.5239999890327454,0.219200000166893
YGL133W,YOR008C,0,-3.6644874,0.19285976886749268,0.5239999890327454,0.21930000185966492
YDR261C-C,YPR134W,0,-3.66474,0.19278880953788757,0.5239999890327454,0.21940000355243683
YJR135C,YML040W,0,-3.6649623,0.19271790981292725,0.5239999890327454,0.21950000524520874
YNL054W-A,YDL081C,0,-3.665159,0.1926470547914505,0.5239999890327454,0.21960000693798065
YKR079C,YBR068C,0,-3.6653962,0.19257625937461853,0.5239999890327454,0.21969999372959137
YDL164C,YMR167W,1,-3.6656852,0.19287288188934326,0.5249999761581421,0.21969999372959137
YPL179W,YIL017W,0,-3.665688,0.1928020566701889,0.5249999761581421,0.21979999542236328
YKL200C,YDR254W,0,-3.6657429,0.19273127615451813,0.5249999761581421,0.2198999971151352
YBR289W,YER160C,0,-3.6658869,0.19266055524349213,0.5249999761581421,0.2199999988079071
YOR298C-A,YPL155C,0,-3.6669302,0.1925898790359497,0.5249999761581421,0.22010000050067902
YBL009W,YFR024C-A,0,-3.666995,0.19251924753189087,0.5249999761581421,0.22020000219345093
YJL041W,YDR034C-C,0,-3.6675558,0.1924486756324768,0.5249999761581421,0.22030000388622284
YML048W,YLR256W-A,0,-3.6676512,0.19237816333770752,0.5249999761581421,0.22040000557899475
YGL236C,YPR046W,0,-3.667773,0.19230769574642181,0.5249999761581421,0.22050000727176666
YEL069C,YNL293W,0,-3.6677747,0.1922372728586197,0.5249999761581421,0.22059999406337738
YPL055C,YOR142W-A,0,-3.6678414,0.19216690957546234,0.5249999761581421,0.2206999957561493
YMR055C,YNL127W,0,-3.667966,0.19209659099578857,0.5249999761581421,0.2207999974489212
YDL059C,YOL068C,1,-3.668221,0.19239209592342377,0.5260000228881836,0.2207999974489212
YPL240C,YMR049C,0,-3.6683385,0.1923217624425888,0.5260000228881836,0.22089999914169312
YJL157C,YJR125C,0,-3.6683507,0.19225145876407623,0.5260000228881836,0.22100000083446503
YMR198W,YBR061C,0,-3.6684294,0.19218121469020844,0.5260000228881836,0.22110000252723694
YGR158C,YMR058W,0,-3.6684709,0.1921110302209854,0.5260000228881836,0.22120000422000885
YIL084C,YDR424C,0,-3.668478,0.19204089045524597,0.5260000228881836,0.22130000591278076
YGR129W,YOR192C-A,0,-3.6685646,0.1919708102941513,0.5260000228881836,0.22139999270439148
YGL033W,YMR284W,1,-3.668571,0.1922655999660492,0.5270000100135803,0.22139999270439148
YLL009C,YJR019C,0,-3.6685922,0.19219547510147095,0.5270000100135803,0.2214999943971634
YER160C,YFL002C,0,-3.6687331,0.19212540984153748,0.5270000100135803,0.2215999960899353
YHL024W,YKL130C,1,-3.6687489,0.19241982698440552,0.527999997138977,0.2215999960899353
YDR146C,YNL188W,0,-3.6688259,0.19234973192214966,0.527999997138977,0.22169999778270721
YNL112W,YGL244W,0,-3.668827,0.19227968156337738,0.527999997138977,0.22179999947547913
YMR227C,YIL019W,0,-3.6691713,0.19220967590808868,0.527999997138977,0.22190000116825104
YDL190C,YPL193W,0,-3.6691847,0.19213974475860596,0.527999997138977,0.22200000286102295
YMR270C,YDR258C,0,-3.6692905,0.19206984341144562,0.527999997138977,0.22210000455379486
YDR311W,YGR098C,0,-3.6693544,0.19200000166893005,0.527999997138977,0.22220000624656677
YHR079C-B,YMR224C,1,-3.6693747,0.19229371845722198,0.5289999842643738,0.22220000624656677
YOL078W,YKL049C,0,-3.6695004,0.19222383201122284,0.5289999842643738,0.2222999930381775
YDL223C,YNR074C,0,-3.6695728,0.19215402007102966,0.5289999842643738,0.2223999947309494
YJR052W,YOR069W,0,-3.66961,0.19208423793315887,0.5289999842643738,0.2224999964237213
YDR261C-D,YIR021W,0,-3.669687,0.19201451539993286,0.5289999842643738,0.22259999811649323
YLR330W,YNL064C,0,-3.6698756,0.19194485247135162,0.5289999842643738,0.22269999980926514
YKR079C,YML098W,0,-3.6699514,0.19187521934509277,0.5289999842643738,0.22280000150203705
YBR289W,YIR018W,0,-3.670128,0.1918056607246399,0.5289999842643738,0.22290000319480896
YLR360W,YLR032W,0,-3.6701994,0.1917361319065094,0.5289999842643738,0.22300000488758087
YDL022W,YNL111C,0,-3.6702542,0.19166666269302368,0.5289999842643738,0.22310000658035278
YOR116C,YOR329C,0,-3.670313,0.19159725308418274,0.5289999842643738,0.2231999933719635
YGL073W,YJL059W,0,-3.670702,0.19152787327766418,0.5289999842643738,0.2232999950647354
YER159C-A,YGR144W,0,-3.671,0.1914585530757904,0.5289999842643738,0.22339999675750732
YNL090W,YHL028W,0,-3.6713262,0.1913892924785614,0.5289999842643738,0.22349999845027924
YNL304W,YGR113W,0,-3.6715748,0.19132007658481598,0.5289999842643738,0.22360000014305115
YHR194W,YDL108W,0,-3.6719878,0.19125090539455414,0.5289999842643738,0.22370000183582306
YMR298W,YGL075C,0,-3.6720233,0.19118177890777588,0.5289999842643738,0.22380000352859497
YMR287C,YMR026C,0,-3.672244,0.1911127120256424,0.5289999842643738,0.22390000522136688
YDR210C-D,YOL069W,0,-3.672542,0.1910437047481537,0.5289999842643738,0.2240000069141388
YLR032W,YGR002C,0,-3.6726274,0.19097472727298737,0.5289999842643738,0.2240999937057495
YOR212W,YJL021C,0,-3.6728902,0.19090580940246582,0.5289999842643738,0.22419999539852142
YJR084W,YLR381W,0,-3.6730096,0.19083693623542786,0.5289999842643738,0.22429999709129333
YOR116C,YLL003W,0,-3.6730723,0.19076812267303467,0.5289999842643738,0.22439999878406525
YBL019W,YHL028W,0,-3.6732097,0.19069935381412506,0.5289999842643738,0.22450000047683716
YDL017W,YNL111C,0,-3.6732693,0.19063062965869904,0.5289999842643738,0.22460000216960907
YNL292W,YNR019W,0,-3.6733248,0.19056196510791779,0.5289999842643738,0.22470000386238098
YOR026W,YDR080W,0,-3.6733418,0.19049334526062012,0.5289999842643738,0.2248000055551529
YDL164C,YDL154W,1,-3.6733751,0.1907847374677658,0.5299999713897705,0.2248000055551529
YLR210W,YHR106W,0,-3.673678,0.19071608781814575,0.5299999713897705,0.2249000072479248
YPL254W,YBL056W,0,-3.6736805,0.19064748287200928,0.5299999713897705,0.22499999403953552
YGR161C-C,YJR141W,0,-3.6737256,0.19057892262935638,0.5299999713897705,0.22509999573230743
YPR190C,YBR258C,0,-3.673926,0.19051042199134827,0.5299999713897705,0.22519999742507935
YLR401C,YGR268C,0,-3.6741028,0.19044196605682373,0.5299999713897705,0.22529999911785126
YNL075W,YFR024C,0,-3.6741185,0.19037356972694397,0.5299999713897705,0.22540000081062317
YGL073W,YCR033W,0,-3.674341,0.1903052031993866,0.5299999713897705,0.22550000250339508
YDR398W,YMR055C,0,-3.6744277,0.190236896276474,0.5299999713897705,0.225600004196167
YML058W-A,YFL021W,0,-3.6745973,0.19016863405704498,0.5299999713897705,0.2257000058889389
YOR056C,YDR178W,0,-3.6747262,0.19010043144226074,0.5299999713897705,0.22579999268054962
YLR081W,YNR008W,0,-3.6747384,0.19003227353096008,0.5299999713897705,0.22589999437332153
YCL008C,YAR009C,0,-3.674927,0.189964160323143,0.5299999713897705,0.22599999606609344
YML102W,YPL012W,0,-3.6753826,0.1898960918188095,0.5299999713897705,0.22609999775886536
YJL134W,YJR029W,0,-3.6753848,0.1898280829191208,0.5299999713897705,0.22619999945163727
YNL272C,YOR343W-B,0,-3.6756399,0.18976011872291565,0.5299999713897705,0.22630000114440918
YIR015W,YCL005W-A,0,-3.6756907,0.1896921992301941,0.5299999713897705,0.2264000028371811
YPL254W,YLR131C,0,-3.6763291,0.18962432444095612,0.5299999713897705,0.226500004529953
YNL173C,YER049W,0,-3.676496,0.18955650925636292,0.5299999713897705,0.22660000622272491
YMR172W,YPR137C-B,0,-3.6770322,0.1894887387752533,0.5299999713897705,0.22669999301433563
YHR214C-B,YEL002C,0,-3.6771202,0.18942101299762726,0.5299999713897705,0.22679999470710754
YDL134C,YPL257W-A,0,-3.6771889,0.189353346824646,0.5299999713897705,0.22689999639987946
YLR288C,YOR035C,1,-3.677376,0.18964286148548126,0.531000018119812,0.22689999639987946
YCR002C,YDR389W,0,-3.6775184,0.18957515060901642,0.531000018119812,0.22699999809265137
YKR086W,YDL132W,0,-3.6776464,0.18950749933719635,0.531000018119812,0.22709999978542328
YMR235C,YBL074C,0,-3.6777453,0.18943989276885986,0.531000018119812,0.2272000014781952
YPR158C-D,YDR529C,0,-3.6778326,0.18937233090400696,0.531000018119812,0.2273000031709671
YNL304W,YNL172W,0,-3.678114,0.18930481374263763,0.531000018119812,0.227400004863739
YHR135C,YDR263C,0,-3.6784115,0.1892373412847519,0.531000018119812,0.22750000655651093
YDR365W-A,YDR164C,0,-3.6785812,0.18916992843151093,0.531000018119812,0.22759999334812164
YMR276W,YPL257W-A,0,-3.6786332,0.18910256028175354,0.531000018119812,0.22769999504089355
YIL080W,YBR112C,0,-3.6788611,0.18903523683547974,0.531000018119812,0.22779999673366547
YER146W,YDL105W,0,-3.6788983,0.1889679729938507,0.531000018119812,0.22789999842643738
YML126C,YMR216C,0,-3.6789098,0.18890075385570526,0.531000018119812,0.2280000001192093
YMR312W,YKL089W,0,-3.6790152,0.1888335645198822,0.531000018119812,0.2281000018119812
YNL313C,YBR186W,0,-3.6791005,0.18876643478870392,0.531000018119812,0.2282000035047531
YLR410W-B,YKL193C,0,-3.6791382,0.1886993646621704,0.531000018119812,0.22830000519752502
YDL044C,YDR456W,0,-3.67936,0.1886323243379593,0.531000018119812,0.22840000689029694
YML036W,YMR177W,0,-3.6793633,0.18856534361839294,0.531000018119812,0.22849999368190765
YHL006C,YHR135C,0,-3.67949,0.18849840760231018,0.531000018119812,0.22859999537467957
YLR207W,YNL107W,0,-3.679624,0.188431516289711,0.531000018119812,0.22869999706745148
YNL214W,YOR005C,0,-3.679778,0.1883646696805954,0.531000018119812,0.2287999987602234
YDR103W,YPR034W,0,-3.6798134,0.18829786777496338,0.531000018119812,0.2289000004529953
YOR119C,YBR258C,0,-3.6799717,0.18823112547397614,0.531000018119812,0.2290000021457672
YCL060C,YDR379W,0,-3.680306,0.18816442787647247,0.531000018119812,0.22910000383853912
YMR207C,YGR056W,0,-3.6803665,0.1880977749824524,0.531000018119812,0.22920000553131104
YBL050W,YML040W,0,-3.6807911,0.1880311667919159,0.531000018119812,0.22930000722408295
YDR400W,YPR010C,0,-3.6810355,0.18796460330486298,0.531000018119812,0.22939999401569366
YOR237W,YKL144C,0,-3.6811638,0.18789808452129364,0.531000018119812,0.22949999570846558
YGR054W,YKL117W,0,-3.681199,0.18783162534236908,0.531000018119812,0.2295999974012375
YAL021C,YDL109C,0,-3.6812365,0.1877652108669281,0.531000018119812,0.2296999990940094
YDR365W-A,YPR143W,0,-3.6814356,0.1876988261938095,0.531000018119812,0.2298000007867813
YMR164C,YEL037C,0,-3.6815171,0.1876325160264969,0.531000018119812,0.22990000247955322
YMR127C,YOR317W,0,-3.6815298,0.18756623566150665,0.531000018119812,0.23000000417232513
YDL017W,YLR071C,0,-3.681636,0.1875,0.531000018119812,0.23010000586509705
YML008C,YDR261C-C,0,-3.6816442,0.18743380904197693,0.531000018119812,0.23019999265670776
YMR314W,YPL257W-B,0,-3.6819227,0.18736767768859863,0.531000018119812,0.23029999434947968
YIL061C,YIL082W-A,0,-3.682415,0.18730159103870392,0.531000018119812,0.2303999960422516
YBR072W,YHR061C,0,-3.6824408,0.18723554909229279,0.531000018119812,0.2304999977350235
YNL008C,YOL103W-A,0,-3.6825142,0.18716955184936523,0.531000018119812,0.2305999994277954
YDR261W-B,YBR160W,0,-3.6826882,0.18710359930992126,0.531000018119812,0.23070000112056732
YJL108C,YLR410W-B,0,-3.6828275,0.18703769147396088,0.531000018119812,0.23080000281333923
YPL087W,YGL244W,0,-3.6829576,0.18697182834148407,0.531000018119812,0.23090000450611115
YGR040W,YDL147W,0,-3.683003,0.18690602481365204,0.531000018119812,0.23100000619888306
YAL021C,YGR161W-A,0,-3.6830363,0.1868402510881424,0.531000018119812,0.23109999299049377
YKR007W,YDR365W-B,0,-3.6830711,0.18677453696727753,0.531000018119812,0.23119999468326569
YDR379W,YGR161C,0,-3.6832967,0.18670886754989624,0.531000018119812,0.2312999963760376
YDR030C,YOR207C,0,-3.6834013,0.18664322793483734,0.531000018119812,0.2313999980688095
YML098W,YOL097C,0,-3.683402,0.18657764792442322,0.531000018119812,0.23149999976158142
YHR143W-A,YFL018W-A,0,-3.6835968,0.18651211261749268,0.531000018119812,0.23160000145435333
YEL061C,YAR018C,0,-3.6836512,0.18644662201404572,0.531000018119812,0.23170000314712524
YDR379W,YOR142W-A,0,-3.6837678,0.18638119101524353,0.531000018119812,0.23180000483989716
YER029C,YKL188C,0,-3.6840453,0.18631578981876373,0.531000018119812,0.23190000653266907
YHR124W,YLR410W-B,0,-3.6841502,0.18625043332576752,0.531000018119812,0.23199999332427979
YBR012W-A,YLR130C,0,-3.684281,0.18618513643741608,0.531000018119812,0.2320999950170517
YGR038C-B,YJR053W,0,-3.6842897,0.18611986935138702,0.531000018119812,0.2321999967098236
YMR125W,YHR016C,0,-3.6843195,0.18605466187000275,0.531000018119812,0.23229999840259552
YFR013W,YPL257W-B,0,-3.684742,0.18598949909210205,0.531000018119812,0.23240000009536743
YLR403W,YGR038C-A,0,-3.6850553,0.18592436611652374,0.531000018119812,0.23250000178813934
YHR079C-B,YNL206C,1,-3.6851392,0.1862093061208725,0.5320000052452087,0.23250000178813934
YPL178W,YLR256W-A,0,-3.6855078,0.186144158244133,0.5320000052452087,0.23260000348091125
YNL021W,YJL124C,0,-3.6856194,0.18607905507087708,0.5320000052452087,0.23270000517368317
YBL061C,YMR025W,0,-3.685767,0.18601398169994354,0.5320000052452087,0.23280000686645508
YMR175W,YNL103W,0,-3.6860957,0.18594896793365479,0.5320000052452087,0.2328999936580658
YDR515W,YPR067W,0,-3.6861458,0.1858839988708496,0.5320000052452087,0.2329999953508377
YDR306C,YAL031C,0,-3.686165,0.18581907451152802,0.5320000052452087,0.23309999704360962
YLR071C,YDR316W-A,0,-3.6862736,0.18575419485569,0.5320000052452087,0.23319999873638153
YLL001W,YOR142W-A,0,-3.6863084,0.18568935990333557,0.5320000052452087,0.23330000042915344
YDR303C,YKR020W,0,-3.6863267,0.18562456965446472,0.5320000052452087,0.23340000212192535
YDL115C,YEL034W,0,-3.686462,0.18555982410907745,0.5320000052452087,0.23350000381469727
YBL026W,YDR018C,0,-3.6866224,0.18549512326717377,0.5320000052452087,0.23360000550746918
YML036W,YOR130C,0,-3.686642,0.18543046712875366,0.5320000052452087,0.2337000072002411
YIL068C,YLR256W-A,0,-3.6866565,0.18536585569381714,0.5320000052452087,0.2337999939918518
YMR023C,YGR037C,0,-3.6870735,0.1853012889623642,0.5320000052452087,0.23389999568462372
YBL063W,YOR142W-A,0,-3.6873527,0.18523676693439484,0.5320000052452087,0.23399999737739563
YOR237W,YLR256W-A,0,-3.687492,0.18517228960990906,0.5320000052452087,0.23409999907016754
YDR365W-A,YNL209W,0,-3.6877704,0.18510785698890686,0.5320000052452087,0.23420000076293945
YER045C,YMR172W,0,-3.6881626,0.18504348397254944,0.5320000052452087,0.23430000245571136
YHR079C-B,YJR021C,1,-3.6881824,0.18532684445381165,0.5329999923706055,0.23430000245571136
YJR031C,YGL022W,0,-3.6883183,0.18526242673397064,0.5329999923706055,0.23440000414848328
YGR157W,YJR029W,0,-3.6883602,0.18519805371761322,0.5329999923706055,0.2345000058412552
YLR092W,YHL009W-B,0,-3.688468,0.18513372540473938,0.5329999923706055,0.2345999926328659
YLR103C,YLR215C,0,-3.6884708,0.18506944179534912,0.5329999923706055,0.23469999432563782
YLR466W,YML128C,1,-3.688695,0.18535231053829193,0.5339999794960022,0.23469999432563782
YLR033W,YMR001C,0,-3.6888201,0.18528799712657928,0.5339999794960022,0.23479999601840973
YOR078W,YDR213W,0,-3.689053,0.18522372841835022,0.5339999794960022,0.23489999771118164
YDR148C,YOL103W-B,0,-3.6891665,0.18515950441360474,0.5339999794960022,0.23499999940395355
YBL005W-A,YLR032W,0,-3.6891713,0.18509532511234283,0.5339999794960022,0.23510000109672546
YMR055C,YNL298W,0,-3.6892955,0.18503119051456451,0.5339999794960022,0.23520000278949738
YGR059W,YGR161W-A,0,-3.6893413,0.18496710062026978,0.5339999794960022,0.2353000044822693
YDR251W,YDR210W-B,0,-3.6895857,0.18490304052829742,0.5339999794960022,0.2354000061750412
YPL122C,YKL093W,0,-3.6895952,0.18483904004096985,0.5339999794960022,0.23549999296665192
YJR026W,YGL210W,0,-3.689722,0.18477508425712585,0.5339999794960022,0.23559999465942383
YML124C,YNL009W,0,-3.689777,0.18471117317676544,0.5339999794960022,0.23569999635219574
YPL200W,YER062C,0,-3.6906695,0.1846473067998886,0.5339999794960022,0.23579999804496765
YCR055C,YDR294C,0,-3.6908977,0.18458347022533417,0.5339999794960022,0.23589999973773956
YNL222W,YGL210W,0,-3.6910267,0.1845196932554245,0.5339999794960022,0.23600000143051147
YMR051C,YBR170C,0,-3.6911135,0.1844559609889984,0.5339999794960022,0.2361000031232834
YPR103W,YGR006W,0,-3.6911902,0.18439225852489471,0.5339999794960022,0.2362000048160553
YHR066W,YAL031C,0,-3.6912684,0.1843286156654358,0.5339999794960022,0.2363000065088272
YBL084C,YLR410W-B,0,-3.6917171,0.18426501750946045,0.5339999794960022,0.23639999330043793
YHL022C,YOL068C,1,-3.691788,0.18454639613628387,0.5350000262260437,0.23639999330043793
YMR164C,YMR305C,0,-3.6918216,0.18448275327682495,0.5350000262260437,0.23649999499320984
YOL103W-B,YOR298C-A,0,-3.6918569,0.1844191700220108,0.5350000262260437,0.23659999668598175
YMR045C,YDR394W,0,-3.6919909,0.18435561656951904,0.5350000262260437,0.23669999837875366
YDR207C,YNL250W,1,-3.6920586,0.18463657796382904,0.5360000133514404,0.23669999837875366
YGR038C-B,YDR437W,0,-3.6920664,0.1845730096101761,0.5360000133514404,0.23680000007152557
YPR110C,YDR330W,0,-3.6920698,0.18450947105884552,0.5360000133514404,0.23690000176429749
YOL076W,YMR045C,0,-3.692123,0.18444597721099854,0.5360000133514404,0.2370000034570694
YLR450W,YIL017W,0,-3.6922188,0.18438252806663513,0.5360000133514404,0.2371000051498413
YFL035C-A,YGL169W,0,-3.6926699,0.1843191236257553,0.5360000133514404,0.23720000684261322
YDR034C-D,YGR188C,0,-3.6928349,0.18425576388835907,0.5360000133514404,0.23729999363422394
YBR114W,YER149C,0,-3.692903,0.18419243395328522,0.5360000133514404,0.23739999532699585
YDR365W-A,YML086C,0,-3.6930096,0.18412916362285614,0.5360000133514404,0.23749999701976776
YGR104C,YNL251C,0,-3.6931276,0.18406593799591064,0.5360000133514404,0.23759999871253967
YBR199W,YLR210W,0,-3.6932654,0.18400274217128754,0.5360000133514404,0.23770000040531158
YPR162C,YEL050C,0,-3.6933072,0.1839396059513092,0.5360000133514404,0.2378000020980835
YOR338W,YJR046W,0,-3.6933405,0.18387649953365326,0.5360000133514404,0.2379000037908554
YKL017C,YIL030C,0,-3.693396,0.1838134378194809,0.5360000133514404,0.23800000548362732
YBR170C,YLR410W-A,0,-3.6939528,0.1837504357099533,0.5360000133514404,0.23810000717639923
YDL185W,YHR079C-B,1,-3.6939993,0.18403016030788422,0.5370000004768372,0.23810000717639923
YLL026W,YHR073W,0,-3.6944466,0.18396711349487305,0.5370000004768372,0.23819999396800995
YNL082W,YOL072W,1,-3.6944716,0.18424656987190247,0.5379999876022339,0.23819999396800995
YGR296W,YDL154W,1,-3.694709,0.18452584743499756,0.5389999747276306,0.23819999396800995
YER095W,YBR130C,1,-3.694742,0.18480493128299713,0.5400000214576721,0.23819999396800995
YLR197W,YDR077W,0,-3.6948266,0.18474170565605164,0.5400000214576721,0.23829999566078186
YPR104C,YBR118W,0,-3.6949096,0.18467852473258972,0.5400000214576721,0.23839999735355377
YPR158C-C,YLR106C,0,-3.6953154,0.1846153885126114,0.5400000214576721,0.23849999904632568
YBR195C,YDR478W,0,-3.6953378,0.18455229699611664,0.5400000214576721,0.2386000007390976
YGR002C,YLR256W-A,0,-3.6953502,0.18448923528194427,0.5400000214576721,0.2387000024318695
YNR060W,YOL094C,0,-3.6954606,0.1844262331724167,0.5400000214576721,0.23880000412464142
YLR319C,YOL034W,0,-3.6961389,0.1843632608652115,0.5400000214576721,0.23890000581741333
YNL261W,YER028C,0,-3.6961946,0.18430034816265106,0.5400000214576721,0.23899999260902405
YNL313C,YLL050C,0,-3.6965427,0.18423746526241302,0.5400000214576721,0.23909999430179596
YPL124W,YOL130W,0,-3.6967525,0.18417462706565857,0.5400000214576721,0.23919999599456787
YDR261W-A,YIL132C,0,-3.697167,0.1841118335723877,0.5400000214576721,0.23929999768733978
YDR365W-A,YBR253W,0,-3.6973767,0.1840490847826004,0.5400000214576721,0.2393999993801117
YGL227W,YLR022C,0,-3.6974444,0.1839863657951355,0.5400000214576721,0.2395000010728836
YHR138C,YDR499W,0,-3.697526,0.18392370641231537,0.5400000214576721,0.23960000276565552
YHR194W,YER169W,0,-3.6976929,0.18386107683181763,0.5400000214576721,0.23970000445842743
YMR087W,YJL194W,0,-3.6977806,0.18379850685596466,0.5400000214576721,0.23980000615119934
YAR008W,YHL009W-B,0,-3.6980758,0.18373596668243408,0.5400000214576721,0.23989999294281006
YLR157C-B,YBL074C,0,-3.698215,0.18367347121238708,0.5400000214576721,0.23999999463558197
YHR081W,YNL312W,1,-3.6983852,0.18395103514194489,0.5410000085830688,0.23999999463558197
YOR011W,YCR040W,0,-3.6985216,0.1838885098695755,0.5410000085830688,0.24009999632835388
YML036W,YPL137C,0,-3.6988575,0.1838260293006897,0.5410000085830688,0.2401999980211258
YGR080W,YOR068C,0,-3.6991267,0.18376359343528748,0.5410000085830688,0.2402999997138977
YML011C,YER027C,0,-3.6991606,0.18370118737220764,0.5410000085830688,0.24040000140666962
YDL020C,YGR262C,0,-3.69948,0.1836388260126114,0.5410000085830688,0.24050000309944153
YJL157C,YMR298W,0,-3.6996465,0.1835765242576599,0.5410000085830688,0.24060000479221344
YJR029W,YML060W,0,-3.6997974,0.18351425230503082,0.5410000085830688,0.24070000648498535
YLR103C,YMR165C,0,-3.6998956,0.18345202505588531,0.5410000085830688,0.24079999327659607
YPR158C-C,YFL009W,0,-3.6999273,0.1833898276090622,0.5410000085830688,0.24089999496936798
YDR078C,YLR215C,0,-3.700023,0.18332768976688385,0.5410000085830688,0.2409999966621399
YNL107W,YML123C,0,-3.7000365,0.1832655817270279,0.5410000085830688,0.2410999983549118
YHR170W,YKL206C,0,-3.700172,0.18320351839065552,0.5410000085830688,0.24120000004768372
YFL055W,YLR071C,0,-3.700184,0.18314149975776672,0.5410000085830688,0.24130000174045563
YHR039C-B,YPL155C,0,-3.7005353,0.1830795258283615,0.5410000085830688,0.24140000343322754
YAR010C,YLR051C,0,-3.7009194,0.18301759660243988,0.5410000085830688,0.24150000512599945
YPR158C-D,YNL136W,0,-3.70122,0.18295569717884064,0.5410000085830688,0.24160000681877136
YGL142C,YKR020W,0,-3.7012458,0.18289384245872498,0.5410000085830688,0.24169999361038208
YDL029W,YPR158C-C,0,-3.7013595,0.1828320324420929,0.5410000085830688,0.241799995303154
YKL200C,YGR195W,0,-3.7016523,0.1827702671289444,0.5410000085830688,0.2418999969959259
YBR155W,YOR073W,0,-3.701707,0.18270854651927948,0.5410000085830688,0.24199999868869781
YIL132C,YAL056W,0,-3.701877,0.18264685571193695,0.5410000085830688,0.24210000038146973
YOR343W-B,YDL188C,0,-3.7018836,0.1825852245092392,0.5410000085830688,0.24220000207424164
YCL060C,YBL063W,0,-3.7019513,0.18252362310886383,0.5410000085830688,0.24230000376701355
YNL054W-A,YOR256C,0,-3.702198,0.18246205151081085,0.5410000085830688,0.24240000545978546
YPL267W,YGR161W-B,0,-3.7022328,0.18240053951740265,0.5410000085830688,0.24250000715255737
YDR365W-B,YNL314W,0,-3.7023025,0.18233905732631683,0.5410000085830688,0.2425999939441681
YOR089C,YMR270C,0,-3.7023873,0.1822776347398758,0.5410000085830688,0.24269999563694
YCL044C,YGR083C,0,-3.7024264,0.18221622705459595,0.5410000085830688,0.24279999732971191
YBR167C,YML126C,0,-3.7024627,0.18215487897396088,0.5410000085830688,0.24289999902248383
YBR012W-A,YJL004C,0,-3.7027116,0.1820935755968094,0.5410000085830688,0.24300000071525574
YHR214C-B,YHR001W,0,-3.702813,0.18203230202198029,0.5410000085830688,0.24310000240802765
YDR451C,YER082C,0,-3.702929,0.18197107315063477,0.5410000085830688,0.24320000410079956
YPL022W,YOL090W,1,-3.7030582,0.182246133685112,0.5419999957084656,0.24320000410079956
YCL020W,YIL053W,0,-3.7030952,0.1821848750114441,0.5419999957084656,0.24330000579357147
YKL014C,YFL018W-A,0,-3.703373,0.18212366104125977,0.5419999957084656,0.2433999925851822
YCR010C,YLR410W-A,0,-3.7034557,0.18206247687339783,0.5419999957084656,0.2434999942779541
YFL002W-B,YPL076W,0,-3.7035255,0.18200133740901947,0.5419999957084656,0.243599995970726
YLR383W,YPL196W,0,-3.7035317,0.1819402426481247,0.5419999957084656,0.24369999766349792
YNL241C,YDR065W,0,-3.7039905,0.1818791925907135,0.5419999957084656,0.24379999935626984
YDR261W-B,YGL018C,0,-3.7040496,0.1818181872367859,0.5419999957084656,0.24390000104904175
YMR135C,YDL208W,0,-3.7042246,0.18175721168518066,0.5419999957084656,0.24400000274181366
YMR275C,YKL150W,0,-3.7043896,0.18169628083705902,0.5419999957084656,0.24410000443458557
YDL059C,YHR079C-B,1,-3.7044623,0.1819705069065094,0.5429999828338623,0.24410000443458557
YIL080W,YDR087C,0,-3.7045407,0.18190954625606537,0.5429999828338623,0.24420000612735748
YKR037C,YPL174C,0,-3.7045505,0.18184863030910492,0.5429999828338623,0.2442999929189682
YHL022C,YBR100W,1,-3.7046947,0.18212252855300903,0.5440000295639038,0.2442999929189682
YNL099C,YDR523C,0,-3.7047596,0.1820615828037262,0.5440000295639038,0.2443999946117401
YIR021W,YHR039C-B,0,-3.7047744,0.18200066685676575,0.5440000295639038,0.24449999630451202
YMR168C,YPL075W,0,-3.7047882,0.18193979561328888,0.5440000295639038,0.24459999799728394
YOL072W,YER173W,1,-3.7052283,0.18221330642700195,0.5450000166893005,0.24459999799728394
YBR228W,YDR170W-A,0,-3.705371,0.1821524053812027,0.5450000166893005,0.24469999969005585
YBR135W,YDR342C,0,-3.7055106,0.18209154903888702,0.5450000166893005,0.24480000138282776
YDR088C,YHR148W,0,-3.7056556,0.18203072249889374,0.5450000166893005,0.24490000307559967
YOR341W,YIR037W,0,-3.7057881,0.18196995556354523,0.5450000166893005,0.24500000476837158
YNL082W,YBR279W,1,-3.7057896,0.1822429895401001,0.5460000038146973,0.24500000476837158
YPL122C,YLR043C,0,-3.7060251,0.182182177901268,0.5460000038146973,0.2451000064611435
YMR162C,YMR039C,0,-3.7061563,0.1821214109659195,0.5460000038146973,0.2451999932527542
YBR111W-A,YNR072W,0,-3.7063375,0.18206068873405457,0.5460000038146973,0.24529999494552612
YGR161C-C,YPL137C,0,-3.7063556,0.18199999630451202,0.5460000038146973,0.24539999663829803
YMR135C,YCL003W,0,-3.7064533,0.18193934857845306,0.5460000038146973,0.24549999833106995
YOR284W,YDR030C,0,-3.7065191,0.18187874555587769,0.5460000038146973,0.24560000002384186
YMR076C,YDR419W,0,-3.706555,0.1818181872367859,0.5460000038146973,0.24570000171661377
YDR316W-B,YHR056C,0,-3.7069144,0.18175765872001648,0.5460000038146973,0.24580000340938568
YJL069C,YFL035C-A,0,-3.7069273,0.18169717490673065,0.5460000038146973,0.2459000051021576
YOR119C,YEL056W,0,-3.7070632,0.1816367208957672,0.5460000038146973,0.2460000067949295
YLR207W,YHR077C,0,-3.7074676,0.18157632648944855,0.5460000038146973,0.24609999358654022
YGL227W,YOR079C,0,-3.70747,0.18151596188545227,0.5460000038146973,0.24619999527931213
YNL213C,YDR034C-D,0,-3.7075782,0.18145562708377838,0.5460000038146973,0.24629999697208405
YDR254W,YOL149W,0,-3.7077441,0.18139535188674927,0.5460000038146973,0.24639999866485596
YPL271W,YLR385C,0,-3.7078924,0.18133510649204254,0.5460000038146973,0.24650000035762787
YBL100W-B,YOL028C,0,-3.707973,0.1812749058008194,0.5460000038146973,0.24660000205039978
YFR052W,YHR133C,0,-3.7080598,0.18121473491191864,0.5460000038146973,0.2467000037431717
YJR110W,YJL145W,0,-3.708404,0.18115460872650146,0.5460000038146973,0.2468000054359436
YPR073C,YPR158C-C,0,-3.7086263,0.18109452724456787,0.5460000038146973,0.24690000712871552
YDR316W-B,YIL082W-A,0,-3.708871,0.18103447556495667,0.5460000038146973,0.24699999392032623
YNL094W,YGL162W,0,-3.7088964,0.18097448348999023,0.5460000038146973,0.24709999561309814
YPR001W,YPL139C,0,-3.709207,0.180914506316185,0.5460000038146973,0.24719999730587006
YBR002C,YGR038C-A,0,-3.7093601,0.18085458874702454,0.5460000038146973,0.24729999899864197
YKL125W,YML059C,0,-3.7094998,0.18079470098018646,0.5460000038146973,0.24740000069141388
YPL151C,YNL054W-B,0,-3.7095695,0.18073485791683197,0.5460000038146973,0.2475000023841858
YMR201C,YDR324C,0,-3.7099133,0.18067504465579987,0.5460000038146973,0.2476000040769577
YHR070W,YOR287C,0,-3.7101839,0.18061527609825134,0.5460000038146973,0.24770000576972961
YMR077C,YLR106C,0,-3.7102096,0.1805555522441864,0.5460000038146973,0.24779999256134033
YIL082W-A,YPL137C,0,-3.7104235,0.18049587309360504,0.5460000038146973,0.24789999425411224
YKL193C,YDR081C,0,-3.7106051,0.18043622374534607,0.5460000038146973,0.24799999594688416
YJR017C,YDR429C,0,-3.7109432,0.18037660419940948,0.5460000038146973,0.24809999763965607
YMR285C,YHR164C,0,-3.7110848,0.18031704425811768,0.5460000038146973,0.24819999933242798
YKR042W,YNR074C,0,-3.7111602,0.18025751411914825,0.5460000038146973,0.2483000010251999
YDL190C,YDL002C,0,-3.711251,0.18019801378250122,0.5460000038146973,0.2484000027179718
YDL105W,YLR105C,0,-3.7114756,0.18013857305049896,0.5460000038146973,0.2485000044107437
YBR002C,YOL103W-A,0,-3.711491,0.1800791621208191,0.5460000038146973,0.24860000610351562
YDR039C,YDR308C,0,-3.7115247,0.1800197809934616,0.5460000038146973,0.24869999289512634
YIR025W,YHL024W,1,-3.7115405,0.18029004335403442,0.546999990940094,0.24869999289512634
YJL062W,YJL194W,0,-3.7118995,0.18023064732551575,0.546999990940094,0.24879999458789825
YPL200W,YBL100W-A,0,-3.7120023,0.18017128109931946,0.546999990940094,0.24889999628067017
YMR046C,YLR285W,0,-3.7120056,0.18011195957660675,0.546999990940094,0.24899999797344208
YNL213C,YDL165W,0,-3.7122266,0.18005266785621643,0.546999990940094,0.249099999666214
YGL111W,YJR125C,0,-3.712277,0.1799934208393097,0.546999990940094,0.2492000013589859
YJR028W,YPR107C,0,-3.7123888,0.17993420362472534,0.546999990940094,0.2493000030517578
YER137C-A,YCL044C,0,-3.7123995,0.17987504601478577,0.546999990940094,0.24940000474452972
YJR052W,YER013W,0,-3.7124133,0.17981590330600739,0.546999990940094,0.24950000643730164
YJL074C,YDR427W,0,-3.7125807,0.17975682020187378,0.546999990940094,0.24959999322891235
YDR052C,YPR034W,0,-3.7126594,0.17969776690006256,0.546999990940094,0.24969999492168427
YHR079C-B,YLR329W,1,-3.7127416,0.17996716499328613,0.5479999780654907,0.24969999492168427
YHR005C-A,YFL035C-A,0,-3.7129076,0.17990808188915253,0.5479999780654907,0.24979999661445618
YKL052C,YLR410W-A,0,-3.7129583,0.1798490285873413,0.5479999780654907,0.2498999983072281
YNL304W,YLR135W,0,-3.7130315,0.17979001998901367,0.5479999780654907,0.25
YDR322C-A,YPR201W,0,-3.7133908,0.17973105609416962,0.5479999780654907,0.2500999867916107
YDR210C-D,YBR042C,0,-3.7135174,0.17967213690280914,0.5479999780654907,0.2502000033855438
YLR126C,YFL013C,0,-3.7137663,0.17961324751377106,0.5479999780654907,0.25029999017715454
YOR362C,YPL092W,0,-3.713802,0.17955438792705536,0.5479999780654907,0.25040000677108765
YDR334W,YDL235C,0,-3.7139416,0.17949557304382324,0.5479999780654907,0.25049999356269836
YJL173C,YMR167W,1,-3.7139735,0.17976424098014832,0.5490000247955322,0.25049999356269836
YER019W,YBR061C,0,-3.714088,0.1797053962945938,0.5490000247955322,0.25060001015663147
YMR219W,YCL003W,0,-3.7143261,0.1796465963125229,0.5490000247955322,0.2506999969482422
YBR158W,YML060W,0,-3.7145126,0.17958782613277435,0.5490000247955322,0.2508000135421753
YBR296C,YOR142W-A,0,-3.7147055,0.1795291006565094,0.5490000247955322,0.250900000333786
YIL019W,YOR002W,0,-3.7147806,0.17947041988372803,0.5490000247955322,0.25099998712539673
YNL126W,YDR316W-A,0,-3.7150197,0.17941176891326904,0.5490000247955322,0.25110000371932983
YNL323W,YGR161W-B,0,-3.7152991,0.17935314774513245,0.5490000247955322,0.25119999051094055
YDR180W,YBR130C,1,-3.7153416,0.179621160030365,0.550000011920929,0.25119999051094055
YGR027W-B,YJL116C,0,-3.715474,0.1795625239610672,0.550000011920929,0.25130000710487366
YNR054C,YMR184W,0,-3.715608,0.1795039176940918,0.550000011920929,0.2513999938964844
YOR281C,YPR131C,0,-3.7158358,0.17944535613059998,0.550000011920929,0.2515000104904175
YIR033W,YJL081C,0,-3.7158756,0.17938682436943054,0.550000011920929,0.2515999972820282
YOR048C,YJR046W,0,-3.7158775,0.1793283373117447,0.550000011920929,0.2517000138759613
YKR055W,YPL190C,0,-3.716282,0.17926988005638123,0.550000011920929,0.251800000667572
YLR335W,YOR343W-B,0,-3.7164173,0.17921146750450134,0.550000011920929,0.25189998745918274
YPR191W,YEL030W,0,-3.7164388,0.17915309965610504,0.550000011920929,0.25200000405311584
YOL103W-A,YPR041W,0,-3.716662,0.17909476161003113,0.550000011920929,0.25209999084472656
YOL103W-B,YGL216W,0,-3.717116,0.1790364533662796,0.550000011920929,0.25220000743865967
YFR024C,YHR142W,0,-3.7171445,0.17897818982601166,0.550000011920929,0.2522999942302704
YOR284W,YOR083W,0,-3.717156,0.1789199709892273,0.550000011920929,0.2524000108242035
YGL127C,YLR056W,0,-3.7174804,0.17886178195476532,0.550000011920929,0.2524999976158142
YDL132W,YNR059W,0,-3.7175274,0.17880363762378693,0.550000011920929,0.2526000142097473
YMR012W,YLR410W-B,0,-3.7177448,0.17874553799629211,0.550000011920929,0.25270000100135803
YHR174W,YDR436W,0,-3.7179017,0.1786874532699585,0.550000011920929,0.25279998779296875
YHR079C-B,YNL139C,1,-3.717903,0.17895419895648956,0.5509999990463257,0.25279998779296875
YFL002W-B,YCR081W,0,-3.7180245,0.17889609932899475,0.5509999990463257,0.25290000438690186
YDR210W-B,YER169W,0,-3.718094,0.17883804440498352,0.5509999990463257,0.2529999911785126
YDL024C,YDR398W,0,-3.7181034,0.17878001928329468,0.5509999990463257,0.2531000077724457
YBL019W,YJL087C,0,-3.718601,0.17872202396392822,0.5509999990463257,0.2531999945640564
YGR027W-B,YLR248W,0,-3.7186532,0.17866407334804535,0.5509999990463257,0.2533000111579895
YLL043W,YKL150W,0,-3.7186599,0.17860615253448486,0.5509999990463257,0.2533999979496002
YMR076C,YPL266W,0,-3.7189503,0.17854827642440796,0.5509999990463257,0.2535000145435333
YPL283C,YDR180W,1,-3.7189727,0.1788143813610077,0.5519999861717224,0.2535000145435333
YOR064C,YPL089C,0,-3.7190216,0.1787564754486084,0.5519999861717224,0.25360000133514404
YJR046W,YLR353W,0,-3.7196052,0.1786986142396927,0.5519999861717224,0.25369998812675476
YHR214C-B,YNL112W,0,-3.7197387,0.17864078283309937,0.5519999861717224,0.25380000472068787
YOL016C,YCL075W,0,-3.719769,0.17858298122882843,0.5519999861717224,0.2538999915122986
YML038C,YMR138W,0,-3.7198448,0.17852522432804108,0.5519999861717224,0.2540000081062317
YLR288C,YML061C,1,-3.7200046,0.17879082262516022,0.5529999732971191,0.2540000081062317
YHR200W,YFL035C-A,0,-3.7200603,0.17873303592205048,0.5529999732971191,0.2540999948978424
YBL005W-A,YOR256C,0,-3.7211225,0.17867527902126312,0.5529999732971191,0.2542000114917755
YOR362C,YLR157C-B,0,-3.7213085,0.17861756682395935,0.5529999732971191,0.25429999828338623
YAL005C,YDR030C,0,-3.7215335,0.17855989933013916,0.5529999732971191,0.25440001487731934
YPL271W,YPL190C,0,-3.721542,0.17850226163864136,0.5529999732971191,0.25450000166893005
YDR028C,YOR048C,0,-3.7215724,0.17844465374946594,0.5529999732971191,0.25459998846054077
YCL074W,YOR377W,0,-3.7217045,0.1783870905637741,0.5529999732971191,0.2547000050544739
YFL002W-B,YLR298C,0,-3.7219374,0.17832957208156586,0.5529999732971191,0.2547999918460846
YPR107C,YKL048C,0,-3.7220476,0.17827208340168,0.5529999732971191,0.2549000084400177
YNL167C,YKL117W,0,-3.722064,0.17821462452411652,0.5529999732971191,0.2549999952316284
YER137C-A,YAL003W,0,-3.722077,0.17815721035003662,0.5529999732971191,0.2551000118255615
YKL021C,YLR227W-A,0,-3.7224264,0.1780998408794403,0.5529999732971191,0.25519999861717224
YDR028C,YER082C,0,-3.7224555,0.17804250121116638,0.5529999732971191,0.25529998540878296
YMR046C,YNL161W,0,-3.722579,0.17798519134521484,0.5529999732971191,0.25540000200271606
YML011C,YLR227W-A,0,-3.7226362,0.1779279261827469,0.5529999732971191,0.2554999887943268
YBR214W,YDR302W,0,-3.723082,0.17787069082260132,0.5529999732971191,0.2556000053882599
YGR027W-B,YPL254W,0,-3.7233348,0.17781350016593933,0.5529999732971191,0.2556999921798706
YOR011W,YPL257W-A,0,-3.7234044,0.17775635421276093,0.5529999732971191,0.2558000087738037
YGR275W,YPL032C,0,-3.7235117,0.1776992231607437,0.5529999732971191,0.25589999556541443
YIL048W,YPL042C,0,-3.7237544,0.17764215171337128,0.5529999732971191,0.25600001215934753
YGL033W,YML128C,1,-3.7238774,0.17790623009204865,0.5540000200271606,0.25600001215934753
YPL036W,YBR160W,0,-3.72398,0.17784911394119263,0.5540000200271606,0.25609999895095825
YGL205W,YJL091C,0,-3.7242122,0.1777920424938202,0.5540000200271606,0.25619998574256897
YBR136W,YMR284W,1,-3.724267,0.17805582284927368,0.5550000071525574,0.25619998574256897
YLR006C,YLR157C-B,0,-3.7245226,0.17799872159957886,0.5550000071525574,0.2563000023365021
YBR267W,YFL013C,0,-3.7247021,0.17794165015220642,0.5550000071525574,0.2563999891281128
YDR165W,YPL115C,0,-3.724732,0.17788460850715637,0.5550000071525574,0.2565000057220459
YGL171W,YFL035C-A,0,-3.7249804,0.1778276264667511,0.5550000071525574,0.2565999925136566
YOR067C,YKL079W,0,-3.7249827,0.17777065932750702,0.5550000071525574,0.2567000091075897
YCL060C,YDR092W,0,-3.724999,0.17771373689174652,0.5550000071525574,0.25679999589920044
YDR486C,YMR049C,0,-3.7251139,0.1776568442583084,0.5550000071525574,0.25690001249313354
YKL020C,YBR223C,0,-3.7254615,0.17759999632835388,0.5550000071525574,0.25699999928474426
YDR150W,YNL282W,0,-3.7255948,0.17754319310188293,0.5550000071525574,0.257099986076355
YHR214C-C,YHR065C,0,-3.7256403,0.17748640477657318,0.5550000071525574,0.2572000026702881
YOL066C,YDR317W,0,-3.7257597,0.177429661154747,0.5550000071525574,0.2572999894618988
YDR202C,YKL004W,0,-3.7258627,0.17737296223640442,0.5550000071525574,0.2574000060558319
YLR403W,YLR157C-B,0,-3.7261293,0.17731629312038422,0.5550000071525574,0.2574999928474426
YOR319W,YNL257C,0,-3.7262387,0.1772596687078476,0.5550000071525574,0.25760000944137573
YPL015C,YMR133W,1,-3.7262723,0.17752234637737274,0.5559999942779541,0.25760000944137573
YMR106C,YOL068C,1,-3.726275,0.17778487503528595,0.5569999814033508,0.25760000944137573
YKR050W,YGL178W,0,-3.7264729,0.17772814631462097,0.5569999814033508,0.25769999623298645
YER109C,YIR005W,0,-3.7268147,0.17767144739627838,0.5569999814033508,0.25780001282691956
YDR137W,YJL014W,0,-3.7269492,0.17761479318141937,0.5569999814033508,0.2578999996185303
YNR060W,YHL007C,0,-3.7270617,0.17755818367004395,0.5569999814033508,0.257999986410141
YFL055W,YNL214W,0,-3.7270658,0.1775015890598297,0.5569999814033508,0.2581000030040741
YER032W,YCL005W-A,0,-3.7277107,0.17744503915309906,0.5569999814033508,0.2581999897956848
YDR018C,YBL106C,0,-3.7277694,0.177388533949852,0.5569999814033508,0.2583000063896179
YGL207W,YHR176W,0,-3.7281046,0.1773320585489273,0.5569999814033508,0.25839999318122864
YKR035W-A,YJL080C,0,-3.7283194,0.1772756278514862,0.5569999814033508,0.25850000977516174
YBR082C,YDR503C,0,-3.7286592,0.1772192120552063,0.5569999814033508,0.25859999656677246
YIR017C,YPR016C,0,-3.728684,0.17716285586357117,0.5569999814033508,0.25870001316070557
YOL145C,YOL023W,0,-3.728695,0.17710651457309723,0.5569999814033508,0.2587999999523163
YOL009C,YHR176W,0,-3.7287312,0.17705021798610687,0.5569999814033508,0.258899986743927
YDL036C,YGR098C,0,-3.7287579,0.1769939661026001,0.5569999814033508,0.2590000033378601
YPL089C,YLR396C,0,-3.7287703,0.1769377440214157,0.5569999814033508,0.2590999901294708
YMR292W,YKR095W-A,0,-3.7288098,0.1768815517425537,0.5569999814033508,0.25920000672340393
YPL147W,YOR288C,0,-3.72889,0.1768254041671753,0.5569999814033508,0.25929999351501465
YER111C,YLR196W,0,-3.7290773,0.17676928639411926,0.5569999814033508,0.25940001010894775
YNL082W,YOR368W,1,-3.7292223,0.17703045904636383,0.5580000281333923,0.25940001010894775
YMR104C,YHR135C,0,-3.729329,0.1769743114709854,0.5580000281333923,0.25949999690055847
YMR177W,YLL003W,0,-3.729529,0.17691819369792938,0.5580000281333923,0.2596000134944916
YOL090W,YOR368W,1,-3.729546,0.17717908322811127,0.5590000152587891,0.2596000134944916
YOR343W-B,YDL147W,0,-3.729763,0.17712293565273285,0.5590000152587891,0.2597000002861023
YPL254W,YAL034W-A,0,-3.7303257,0.177066832780838,0.5590000152587891,0.259799987077713
YGL120C,YDR216W,0,-3.7303805,0.17701075971126556,0.5590000152587891,0.2599000036716461
YCL020W,YDL047W,0,-3.7307,0.1769547313451767,0.5590000152587891,0.25999999046325684
YHR214C-B,YOL133W,0,-3.73076,0.17689873278141022,0.5590000152587891,0.26010000705718994
YER053C,YOR140W,0,-3.7307866,0.17684276401996613,0.5590000152587891,0.26019999384880066
YDR457W,YFL010W-A,0,-3.7308414,0.17678683996200562,0.5590000152587891,0.26030001044273376
YML052W,YPL257W-A,0,-3.7313004,0.1767309457063675,0.5590000152587891,0.2603999972343445
YOR193W,YER089C,0,-3.7318678,0.17667509615421295,0.5590000152587891,0.2605000138282776
YHR143W-A,YHL009W-B,0,-3.732069,0.1766192764043808,0.5590000152587891,0.2606000006198883
YOR338W,YAL031C,0,-3.7326863,0.17656348645687103,0.5590000152587891,0.260699987411499
YHL036W,YGL194C,0,-3.73285,0.17650774121284485,0.5590000152587891,0.26080000400543213
YNL317W,YLR381W,0,-3.733076,0.17645202577114105,0.5590000152587891,0.26089999079704285
YLR293C,YGR038C-A,0,-3.7333965,0.17639634013175964,0.5590000152587891,0.26100000739097595
YDR210W-B,YAL010C,0,-3.7338157,0.17634069919586182,0.5590000152587891,0.26109999418258667
YCL020W,YPR183W,0,-3.7340248,0.17628508806228638,0.5590000152587891,0.2612000107765198
YNL008C,YLR009W,0,-3.7341623,0.17622950673103333,0.5590000152587891,0.2612999975681305
YLR035C,YML045W,0,-3.734209,0.17617397010326385,0.5590000152587891,0.2614000141620636
YBR215W,YOR069W,0,-3.7343874,0.17611846327781677,0.5590000152587891,0.2615000009536743
YDR088C,YCR040W,0,-3.7344854,0.17606298625469208,0.5590000152587891,0.26159998774528503
YMR125W,YGR113W,0,-3.7345364,0.17600755393505096,0.5590000152587891,0.26170000433921814
YKR054C,YLR385C,0,-3.734798,0.17595215141773224,0.5590000152587891,0.26179999113082886
YKL011C,YCR092C,1,-3.735032,0.17621144652366638,0.5600000023841858,0.26179999113082886
YHR061C,YBL100W-A,0,-3.7351358,0.17615602910518646,0.5600000023841858,0.26190000772476196
YDR159W,YNR049C,0,-3.7351494,0.17610062658786774,0.5600000023841858,0.2619999945163727
YPL022W,YCR092C,1,-3.7353725,0.1763596385717392,0.5609999895095825,0.2619999945163727
YFL002W-B,YOR298W,0,-3.7354226,0.17630420625209808,0.5609999895095825,0.2621000111103058
YMR164C,YLL027W,0,-3.7360601,0.17624881863594055,0.5609999895095825,0.2621999979019165
YHR084W,YDR228C,0,-3.7360954,0.1761934608221054,0.5609999895095825,0.2623000144958496
YHR167W,YML032C,1,-3.7360957,0.17645211517810822,0.5619999766349792,0.2623000144958496
YJR070C,YMR058W,0,-3.7363062,0.17639674246311188,0.5619999766349792,0.2624000012874603
YER126C,YAL017W,0,-3.7364206,0.17634138464927673,0.5619999766349792,0.26249998807907104
YNL210W,YDR258C,0,-3.7364373,0.17628607153892517,0.5619999766349792,0.26260000467300415
YCR081W,YNL064C,0,-3.7364626,0.176230788230896,0.5619999766349792,0.26269999146461487
YPL065W,YDL033C,0,-3.736574,0.1761755496263504,0.5619999766349792,0.262800008058548
YNL216W,YFL018W-A,0,-3.736911,0.1761203408241272,0.5619999766349792,0.2628999948501587
YKL141W,YDR034C-D,0,-3.7369602,0.17606516182422638,0.5619999766349792,0.2630000114440918
YDR365W-A,YOR159C,0,-3.7371697,0.17601002752780914,0.5619999766349792,0.2630999982357025
YPR082C,YJL012C-A,0,-3.7373157,0.1759549081325531,0.5619999766349792,0.2632000148296356
YHR066W,YDR115W,0,-3.73775,0.17589984834194183,0.5619999766349792,0.26330000162124634
YCL075W,YNL232W,0,-3.7378573,0.17584480345249176,0.5619999766349792,0.26339998841285706
YDR171W,YML045W,0,-3.737978,0.17578980326652527,0.5619999766349792,0.26350000500679016
YDR365W-B,YOR329C,0,-3.738008,0.17573483288288116,0.5619999766349792,0.2635999917984009
YPL203W,YLR117C,0,-3.7381947,0.17567990720272064,0.5619999766349792,0.263700008392334
YOR156C,YOL028C,0,-3.7382348,0.1756249964237213,0.5619999766349792,0.2637999951839447
YOR224C,YDR261W-B,0,-3.738288,0.17557013034820557,0.5619999766349792,0.2639000117778778
YOR212W,YPR054W,0,-3.7384083,0.1755153089761734,0.5619999766349792,0.2639999985694885
YBR012W-A,YJL063C,0,-3.7384207,0.17546050250530243,0.5619999766349792,0.26409998536109924
YOR274W,YPR137C-B,0,-3.7387068,0.17540574073791504,0.5619999766349792,0.26420000195503235
YLR411W,YDR137W,0,-3.7389846,0.17535100877285004,0.5619999766349792,0.26429998874664307
YGL120C,YMR046C,0,-3.7393122,0.17529632151126862,0.5619999766349792,0.26440000534057617
YKR050W,YMR319C,0,-3.7394276,0.17524166405200958,0.5619999766349792,0.2644999921321869
YIL014W,YMR051C,0,-3.7396789,0.17518703639507294,0.5619999766349792,0.26460000872612
YDR261W-A,YGL205W,0,-3.7397552,0.17513243854045868,0.5619999766349792,0.2646999955177307
YBR250W,YGR274C,0,-3.7402616,0.175077885389328,0.5619999766349792,0.2648000121116638
YDR523C,YDR397C,0,-3.7406366,0.17502336204051971,0.5619999766349792,0.26489999890327454
YAL034W-A,YOR083W,0,-3.740947,0.1749688684940338,0.5619999766349792,0.26499998569488525
YGR040W,YGL022W,0,-3.7410588,0.1749144047498703,0.5619999766349792,0.26510000228881836
YHR065C,YOL023W,0,-3.7412634,0.17485998570919037,0.5619999766349792,0.2651999890804291
YPR158C-C,YLR262C,0,-3.741292,0.17480559647083282,0.5619999766349792,0.2653000056743622
YDR210W-B,YLR045C,0,-3.741362,0.17475123703479767,0.5619999766349792,0.2653999924659729
YLR214W,YGR072W,0,-3.7414734,0.1746969223022461,0.5619999766349792,0.265500009059906
YLR075W,YGR038C-A,0,-3.7417812,0.1746426373720169,0.5619999766349792,0.2655999958515167
YGL181W,YIL118W,0,-3.7418642,0.1745883822441101,0.5619999766349792,0.26570001244544983
YLR126C,YJL026W,0,-3.741968,0.1745341569185257,0.5619999766349792,0.26579999923706055
YDR440W,YML032C,1,-3.741984,0.17479044198989868,0.5630000233650208,0.26579999923706055
YIL153W,YHR062C,0,-3.7420044,0.17473618686199188,0.5630000233650208,0.26589998602867126
YGR161W-A,YDR414C,0,-3.74262,0.17468197643756866,0.5630000233650208,0.26600000262260437
YPR055W,YJR057W,0,-3.742683,0.17462779581546783,0.5630000233650208,0.2660999894142151
YPL020C,YDR256C,0,-3.742972,0.1745736449956894,0.5630000233650208,0.2662000060081482
YOR304W,YOR343W-B,0,-3.743039,0.17451952397823334,0.5630000233650208,0.2662999927997589
YPR178W,YJL091C,0,-3.743164,0.17446544766426086,0.5630000233650208,0.266400009393692
YKL130C,YJR021C,1,-3.7432208,0.17472119629383087,0.5640000104904175,0.266400009393692
YJL183W,YDR103W,0,-3.7435877,0.17466707527637482,0.5640000104904175,0.26649999618530273
YBR136W,YER104W,1,-3.7438517,0.17492260038852692,0.5649999976158142,0.26649999618530273
YDR453C,YAR019C,0,-3.7438877,0.17486846446990967,0.5649999976158142,0.26660001277923584
YGR116W,YHR106W,0,-3.744132,0.1748143583536148,0.5649999976158142,0.26669999957084656
YKL206C,YKR095W-A,0,-3.7442183,0.17476028203964233,0.5649999976158142,0.2667999863624573
YDR451C,YOR340C,0,-3.744319,0.17470625042915344,0.5649999976158142,0.2669000029563904
YIR025W,YMR167W,1,-3.7443228,0.17496135830879211,0.5659999847412109,0.2669000029563904
YKR081C,YPL233W,0,-3.7445712,0.17490729689598083,0.5659999847412109,0.2669999897480011
YDR334W,YIR008C,0,-3.7449124,0.17485326528549194,0.5659999847412109,0.2671000063419342
YMR078C,YOR142W-A,0,-3.7449255,0.17479926347732544,0.5659999847412109,0.2671999931335449
YPL128C,YMR048W,0,-3.7450166,0.17474529147148132,0.5659999847412109,0.267300009727478
YDR131C,YML034W,0,-3.745053,0.1746913641691208,0.5659999847412109,0.26739999651908875
YER018C,YER005W,0,-3.745162,0.17463745176792145,0.5659999847412109,0.26750001311302185
YDR337W,YMR042W,0,-3.7451954,0.1745835840702057,0.5659999847412109,0.26759999990463257
YJR026W,YLR166C,0,-3.7452307,0.1745297610759735,0.5659999847412109,0.2676999866962433
YFL055W,YIL154C,0,-3.74535,0.17447595298290253,0.5659999847412109,0.2678000032901764
YDR247W,YJR029W,0,-3.745402,0.17442218959331512,0.5659999847412109,0.2678999900817871
YJL005W,YNR075W,0,-3.745613,0.1743684560060501,0.5659999847412109,0.2680000066757202
YFR040W,YLR316C,0,-3.745674,0.17431475222110748,0.5659999847412109,0.26809999346733093
YBR155W,YML039W,0,-3.7458563,0.17426107823848724,0.5659999847412109,0.26820001006126404
YDR210W-B,YJL085W,0,-3.7459037,0.17420744895935059,0.5659999847412109,0.26829999685287476
YDR207C,YDL164C,1,-3.7461956,0.17446154356002808,0.5669999718666077,0.26829999685287476
YEL063C,YDR018C,0,-3.746336,0.17440786957740784,0.5669999718666077,0.26840001344680786
YDR375C,YCL005W-A,0,-3.7463913,0.17435424029827118,0.5669999718666077,0.2685000002384186
YNL213C,YOR063W,0,-3.7464213,0.1743006408214569,0.5669999718666077,0.2685999870300293
YDR280W,YDR488C,0,-3.7469125,0.17424708604812622,0.5669999718666077,0.2687000036239624
YJR028W,YNL172W,0,-3.746951,0.17419354617595673,0.5669999718666077,0.2687999904155731
YBR081C,YPL137C,0,-3.7471306,0.1741400510072708,0.5669999718666077,0.2689000070095062
YHR135C,YBL035C,0,-3.7472477,0.1740865856409073,0.5669999718666077,0.26899999380111694
YER162C,YDR091C,0,-3.747276,0.17403315007686615,0.5669999718666077,0.26910001039505005
YAL011W,YMR033W,0,-3.7474053,0.1739797443151474,0.5669999718666077,0.26919999718666077
YNR010W,YLR448W,0,-3.7474203,0.17392638325691223,0.5669999718666077,0.26930001378059387
YOL103W-A,YLR016C,0,-3.747581,0.17387305200099945,0.5669999718666077,0.2694000005722046
YMR061W,YCR040W,0,-3.7476075,0.17381973564624786,0.5669999718666077,0.2694999873638153
YOR298W,YER035W,0,-3.7476401,0.17376647889614105,0.5669999718666077,0.2696000039577484
YPL174C,YCL066W,0,-3.7476761,0.17371323704719543,0.5669999718666077,0.26969999074935913
YDR404C,YBR070C,0,-3.7477248,0.1736600250005722,0.5669999718666077,0.26980000734329224
YGL213C,YHR079C-B,1,-3.747751,0.17391304671764374,0.5680000185966492,0.26980000734329224
YAL020C,YIL150C,0,-3.7480369,0.17385980486869812,0.5680000185966492,0.26989999413490295
YOR054C,YJR035W,0,-3.748112,0.17380660772323608,0.5680000185966492,0.27000001072883606
YOR313C,YPR119W,0,-3.7482138,0.17375344038009644,0.5680000185966492,0.2700999975204468
YJR028W,YBR081C,0,-3.7485821,0.17370030283927917,0.5680000185966492,0.2702000141143799
YMR199W,YBR012W-A,0,-3.7488985,0.1736472100019455,0.5680000185966492,0.2703000009059906
YMR125W,YDR316W-A,0,-3.7489784,0.173594132065773,0.5680000185966492,0.2703999876976013
YNL147W,YOR174W,0,-3.7494261,0.1735410988330841,0.5680000185966492,0.2705000042915344
YGR274C,YNR011C,0,-3.7495646,0.1734880954027176,0.5680000185966492,0.27059999108314514
YMR168C,YNL128W,0,-3.749748,0.17343512177467346,0.5680000185966492,0.27070000767707825
YOR327C,YHR031C,0,-3.7498674,0.17338217794895172,0.5680000185966492,0.27079999446868896
YML049C,YLR051C,0,-3.7499862,0.17332926392555237,0.5680000185966492,0.27090001106262207
YOR004W,YOL113W,0,-3.7501025,0.1732763946056366,0.5680000185966492,0.2709999978542328
YOR088W,YML007W,0,-3.7501507,0.17322354018688202,0.5680000185966492,0.2711000144481659
YCR098C,YOR057W,0,-3.7501838,0.17317073047161102,0.5680000185966492,0.2712000012397766
YNL093W,YCR086W,0,-3.7503743,0.17311795055866241,0.5680000185966492,0.27129998803138733
YGR056W,YGR179C,0,-3.7506158,0.1730652004480362,0.5680000185966492,0.27140000462532043
YDL020C,YER068W,0,-3.750619,0.17301249504089355,0.5680000185966492,0.27149999141693115
YBR084W,YNL273W,0,-3.7506375,0.1729598045349121,0.5680000185966492,0.27160000801086426
YBL006C,YLR385C,0,-3.7508407,0.17290715873241425,0.5680000185966492,0.271699994802475
YKL173W,YOR340C,0,-3.7508483,0.17285452783107758,0.5680000185966492,0.2718000113964081
YGR161W-A,YJL087C,0,-3.7510047,0.1728019416332245,0.5680000185966492,0.2718999981880188
YKR037C,YGR006W,0,-3.7511785,0.1727493852376938,0.5680000185966492,0.2720000147819519
YKR025W,YLR254C,0,-3.7512968,0.17269687354564667,0.5680000185966492,0.2721000015735626
YMR198W,YDR464W,0,-3.751421,0.17264437675476074,0.5680000185966492,0.27219998836517334
YOR239W,YOR192C-A,0,-3.7516336,0.1725919246673584,0.5680000185966492,0.27230000495910645
YMR087W,YNL197C,0,-3.7517042,0.17253948748111725,0.5680000185966492,0.27239999175071716
YOR144C,YER104W,1,-3.751736,0.1727907657623291,0.5690000057220459,0.27239999175071716
YNL020C,YGR216C,0,-3.751796,0.17273831367492676,0.5690000057220459,0.27250000834465027
YPL057C,YGR056W,0,-3.7519536,0.1726858913898468,0.5690000057220459,0.272599995136261
YGR048W,YGR005C,0,-3.752091,0.17263349890708923,0.5690000057220459,0.2727000117301941
YDL043C,YGR036C,0,-3.7522998,0.17258113622665405,0.5690000057220459,0.2727999985218048
YGL192W,YLR127C,0,-3.7523174,0.17252880334854126,0.5690000057220459,0.2728999853134155
YKR086W,YDR311W,0,-3.752431,0.17247651517391205,0.5690000057220459,0.27300000190734863
YBL005W-A,YCR089W,0,-3.7525473,0.17242424190044403,0.5690000057220459,0.27309998869895935
YDR515W,YMR161W,0,-3.7525926,0.1723720133304596,0.5690000057220459,0.27320000529289246
YHR091C,YDR034C-D,0,-3.7531707,0.17231979966163635,0.5690000057220459,0.2732999920845032
YBR179C,YCL003W,0,-3.7531972,0.1722676306962967,0.5690000057220459,0.2734000086784363
YHL024W,YOR368W,1,-3.7531977,0.17251816391944885,0.5699999928474426,0.2734000086784363
YCL060C,YJR090C,0,-3.7532454,0.1724659651517868,0.5699999928474426,0.273499995470047
YML034W,YKL095W,0,-3.7533758,0.17241379618644714,0.5699999928474426,0.2736000120639801
YNL182C,YJL012C-A,0,-3.7534757,0.17236165702342987,0.5699999928474426,0.2736999988555908
YBL005W-A,YPL262W,0,-3.7536387,0.17230954766273499,0.5699999928474426,0.27379998564720154
YDR065W,YLR262C,0,-3.7537608,0.17225748300552368,0.5699999928474426,0.27390000224113464
YLL040C,YNL107W,0,-3.754042,0.17220543324947357,0.5699999928474426,0.27399998903274536
YDL235C,YPL116W,0,-3.7544646,0.17215342819690704,0.5699999928474426,0.27410000562667847
YBR267W,YER026C,0,-3.7545285,0.1721014529466629,0.5699999928474426,0.2741999924182892
YCR055C,YOR229W,0,-3.7548184,0.17204950749874115,0.5699999928474426,0.2743000090122223
YMR275C,YML073C,0,-3.7548327,0.17199759185314178,0.5699999928474426,0.274399995803833
YOR068C,YDL147W,0,-3.7554138,0.1719457060098648,0.5699999928474426,0.2745000123977661
YCL066W,YGR268C,0,-3.7554278,0.17189384996891022,0.5699999928474426,0.27459999918937683
YNL312W,YPL022W,1,-3.7555757,0.17214350402355194,0.5709999799728394,0.27459999918937683
YDL043C,YOR068C,0,-3.7556028,0.17209161818027496,0.5709999799728394,0.27469998598098755
YLR467W,YML032C,1,-3.7556062,0.17234106361865997,0.5720000267028809,0.27469998598098755
YDR453C,YOR240W,0,-3.755962,0.1722891628742218,0.5720000267028809,0.27480000257492065
YHR091C,YLR369W,0,-3.7563643,0.17223727703094482,0.5720000267028809,0.27489998936653137
YPR164W,YJL047C,1,-3.7563803,0.17248645424842834,0.5730000138282776,0.27489998936653137
YLR126C,YMR072W,0,-3.7566655,0.17243455350399017,0.5730000138282776,0.2750000059604645
YDL185W,YIR025W,1,-3.7568512,0.1726835072040558,0.5740000009536743,0.2750000059604645
YKL028W,YKL146W,0,-3.7569516,0.17263157665729523,0.5740000009536743,0.2750999927520752
YCL069W,YDL190C,0,-3.7571077,0.17257967591285706,0.5740000009536743,0.2752000093460083
YPL076W,YDR244W,0,-3.7571304,0.17252780497074127,0.5740000009536743,0.275299996137619
YKL188C,YPL137C,0,-3.7572694,0.17247596383094788,0.5740000009536743,0.2754000127315521
YMR048W,YGR156W,0,-3.7574248,0.17242415249347687,0.5740000009536743,0.27549999952316284
YMR030W,YCR038C,0,-3.7575936,0.17237237095832825,0.5740000009536743,0.27559998631477356
YBR182C,YDR137W,0,-3.7577472,0.17232061922550201,0.5740000009536743,0.27570000290870667
YOR343W-B,YJR059W,0,-3.757852,0.17226891219615936,0.5740000009536743,0.2757999897003174
YLR210W,YNL247W,0,-3.7581499,0.1722172200679779,0.5740000009536743,0.2759000062942505
YDR261W-A,YOR361C,0,-3.7582014,0.17216557264328003,0.5740000009536743,0.2759999930858612
YIL160C,YGR179C,0,-3.7583346,0.17211394011974335,0.5740000009536743,0.2761000096797943
YOR320C,YOR329C,0,-3.758397,0.17206235229969025,0.5740000009536743,0.27619999647140503
YBR193C,YCL034W,0,-3.75881,0.17201079428195953,0.5740000009536743,0.27630001306533813
YPR030W,YPR046W,0,-3.7589679,0.17195925116539001,0.5740000009536743,0.27639999985694885
YOL072W,YML128C,1,-3.7593389,0.17220725119113922,0.574999988079071,0.27639999985694885
YJL013C,YPL257W-A,0,-3.7594595,0.1721556931734085,0.574999988079071,0.27649998664855957
YGR244C,YCR089W,0,-3.7594857,0.17210416495800018,0.574999988079071,0.2766000032424927
YDR470C,YIR019C,0,-3.7595367,0.17205266654491425,0.574999988079071,0.2766999900341034
YOL045W,YLR183C,0,-3.7599645,0.1720011979341507,0.574999988079071,0.2768000066280365
YER093C,YHR077C,0,-3.7599866,0.17194975912570953,0.574999988079071,0.2768999934196472
YNL119W,YNL008C,0,-3.7600513,0.17189835011959076,0.574999988079071,0.2770000100135803
YDR110W,YML128C,1,-3.7600589,0.17214584350585938,0.5759999752044678,0.2770000100135803
YMR227C,YPR034W,0,-3.7601323,0.1720944195985794,0.5759999752044678,0.27709999680519104
YKL200C,YMR092C,0,-3.7602928,0.17204301059246063,0.5759999752044678,0.27720001339912415
YKL110C,YGR179C,0,-3.7603326,0.17199164628982544,0.5759999752044678,0.27730000019073486
YHR079C-B,YFL003C,1,-3.7606945,0.1722388118505478,0.5770000219345093,0.27730000019073486
YHR081W,YHR079C-B,1,-3.7611196,0.1724858283996582,0.578000009059906,0.27730000019073486
YGL071W,YPR186C,0,-3.7611365,0.17243437469005585,0.578000009059906,0.2773999869823456
YBL039C,YHL009W-B,0,-3.7613459,0.17238293588161469,0.578000009059906,0.2775000035762787
YHR086W,YOR256C,0,-3.7613688,0.1723315417766571,0.578000009059906,0.2775999903678894
YPR032W,YDR365W-B,0,-3.7614157,0.1722801774740219,0.578000009059906,0.2777000069618225
YCL020W,YOL115W,0,-3.7615228,0.1722288429737091,0.578000009059906,0.2777999937534332
YJL108C,YPL053C,0,-3.761567,0.1721775382757187,0.578000009059906,0.27790001034736633
YCL069W,YHR107C,0,-3.7618985,0.17212626338005066,0.578000009059906,0.27799999713897705
YPR001W,YAL013W,0,-3.7619035,0.17207501828670502,0.578000009059906,0.27810001373291016
YPL121C,YML128C,1,-3.762107,0.17232142388820648,0.5789999961853027,0.27810001373291016
YOR023C,YGR091W,0,-3.7622876,0.17227016389369965,0.5789999961853027,0.2782000005245209
YML052W,YNL112W,0,-3.7623472,0.172218918800354,0.5789999961853027,0.2782999873161316
YDR121W,YIL123W,0,-3.7626271,0.17216770350933075,0.5789999961853027,0.2784000039100647
YOL080C,YAL034W-A,0,-3.7630935,0.17211653292179108,0.5789999961853027,0.2784999907016754
YJR094C,YGR183C,0,-3.7634268,0.1720653772354126,0.5789999961853027,0.2786000072956085
YDL019C,YHR031C,0,-3.7637713,0.1720142662525177,0.5789999961853027,0.27869999408721924
YNL312W,YMR224C,1,-3.7637882,0.17226016521453857,0.5799999833106995,0.27869999408721924
YFL003C,YJL208C,1,-3.7638364,0.1725059449672699,0.5809999704360962,0.27869999408721924
YHR214C-C,YLR051C,0,-3.7642107,0.17245472967624664,0.5809999704360962,0.27880001068115234
YIL033C,YJR043C,0,-3.764471,0.17240355908870697,0.5809999704360962,0.27889999747276306
YBL025W,YFR024C-A,0,-3.764666,0.17235241830348969,0.5809999704360962,0.27900001406669617
YIL131C,YER007W,0,-3.7649784,0.1723013073205948,0.5809999704360962,0.2791000008583069
YNL298W,YGL174W,0,-3.7654185,0.17225022614002228,0.5809999704360962,0.2791999876499176
YAL009W,YGR006W,0,-3.765441,0.17219917476177216,0.5809999704360962,0.2793000042438507
YEL019C,YFR037C,0,-3.7655246,0.17214815318584442,0.5809999704360962,0.2793999910354614
YOR074C,YBL106C,0,-3.7655568,0.17209716141223907,0.5809999704360962,0.27950000762939453
YNL167C,YPR054W,0,-3.7656188,0.17204619944095612,0.5809999704360962,0.27959999442100525
YPR104C,YGL012W,0,-3.765647,0.17199526727199554,0.5809999704360962,0.27970001101493835
YLR298C,YNR032W,0,-3.7659824,0.17194436490535736,0.5809999704360962,0.2797999978065491
YCR055C,YPL050C,0,-3.7660518,0.17189349234104156,0.5809999704360962,0.2799000144004822
YMR117C,YHR115C,0,-3.7661471,0.17184264957904816,0.5809999704360962,0.2800000011920929
YGL163C,YGR296W,1,-3.7668235,0.17208752036094666,0.5820000171661377,0.2800000011920929
YHL022C,YAL029C,1,-3.7668657,0.17233224213123322,0.5830000042915344,0.2800000011920929
YPR054W,YDR516C,0,-3.76689,0.17228132486343384,0.5830000042915344,0.2800999879837036
YLR033W,YKR095W-A,0,-3.7668953,0.17223042249679565,0.5830000042915344,0.2802000045776367
YMR077C,YLR183C,0,-3.7671254,0.17217956483364105,0.5830000042915344,0.28029999136924744
YFR028C,YPR135W,0,-3.767265,0.17212872207164764,0.5830000042915344,0.28040000796318054
YOR288C,YEL018W,0,-3.7672758,0.17207792401313782,0.5830000042915344,0.28049999475479126
YJL006C,YIL049W,0,-3.7673106,0.17202714085578918,0.5830000042915344,0.28060001134872437
YCL035C,YLL021W,0,-3.7673979,0.17197640240192413,0.5830000042915344,0.2806999981403351
YPL145C,YLL003W,0,-3.767424,0.17192567884922028,0.5830000042915344,0.2808000147342682
YOR088W,YGL187C,0,-3.7674422,0.171875,0.5830000042915344,0.2809000015258789
YGR170W,YOL045W,0,-3.7674675,0.1718243509531021,0.5830000042915344,0.2809999883174896
YDR147W,YJL033W,0,-3.7678108,0.17177371680736542,0.5830000042915344,0.28110000491142273
YNL318C,YDR418W,0,-3.7679088,0.1717231273651123,0.5830000042915344,0.28119999170303345
YMR030W,YFL031W,0,-3.7680585,0.17167255282402039,0.5830000042915344,0.28130000829696655
YDR330W,YOR142W-A,0,-3.7681236,0.17162202298641205,0.5830000042915344,0.28139999508857727
YDR227W,YNL197C,0,-3.768353,0.1715715080499649,0.5830000042915344,0.2815000116825104
YCL035C,YMR138W,0,-3.7684765,0.17152103781700134,0.5830000042915344,0.2815999984741211
YDR159W,YGL174W,0,-3.768494,0.17147058248519897,0.5830000042915344,0.2816999852657318
YLR081W,YKR036C,0,-3.7685714,0.1714201718568802,0.5830000042915344,0.2818000018596649
YLR386W,YBR280C,0,-3.7688498,0.1713697761297226,0.5830000042915344,0.28189998865127563
YLR227W-A,YBR060C,0,-3.769032,0.17131942510604858,0.5830000042915344,0.28200000524520874
YBR135W,YKL193C,0,-3.7691057,0.17126908898353577,0.5830000042915344,0.28209999203681946
YDR171W,YGL216W,0,-3.7691298,0.17121879756450653,0.5830000042915344,0.28220000863075256
YNL326C,YAR003W,0,-3.7691624,0.1711685210466385,0.5830000042915344,0.2822999954223633
YKL213C,YJL072C,0,-3.7691805,0.17111828923225403,0.5830000042915344,0.2824000120162964
YML049C,YPL036W,0,-3.769227,0.17106807231903076,0.5830000042915344,0.2824999988079071
YDR283C,YIR008C,0,-3.769295,0.17101790010929108,0.5830000042915344,0.2825999855995178
YER015W,YOL156W,0,-3.7696812,0.17096774280071259,0.5830000042915344,0.2827000021934509
YML109W,YNR026C,0,-3.7698202,0.17091761529445648,0.5830000042915344,0.28279998898506165
YKR024C,YOR173W,0,-3.7698817,0.17086753249168396,0.5830000042915344,0.28290000557899475
YLR116W,YDL190C,0,-3.7698936,0.17081746459007263,0.5830000042915344,0.28299999237060547
YDR075W,YPL065W,0,-3.770094,0.1707674264907837,0.5830000042915344,0.2831000089645386
YPL152W,YBL008W,0,-3.7701006,0.17071741819381714,0.5830000042915344,0.2831999957561493
YEL065W,YPL091W,0,-3.7702303,0.17066745460033417,0.5830000042915344,0.2833000123500824
YLR126C,YKR035W-A,0,-3.7703338,0.1706175059080124,0.5830000042915344,0.2833999991416931
YKL059C,YPL076W,0,-3.770691,0.170567587018013,0.5830000042915344,0.28349998593330383
YBR012W-A,YCL040W,0,-3.770854,0.170517697930336,0.5830000042915344,0.28360000252723694
YCL060C,YNL079C,0,-3.7710378,0.17046783864498138,0.5830000042915344,0.28369998931884766
YNL047C,YLR240W,0,-3.771082,0.17041800916194916,0.5830000042915344,0.28380000591278076
YPL228W,YLR133W,0,-3.771179,0.17036820948123932,0.5830000042915344,0.2838999927043915
YGR038C-A,YDR235W,0,-3.7714076,0.17031843960285187,0.5830000042915344,0.2840000092983246
YDR131C,YDL231C,0,-3.7714808,0.1702686846256256,0.5830000042915344,0.2840999960899353
YDR261W-A,YML043C,0,-3.7715473,0.17021897435188293,0.5830000042915344,0.2842000126838684
YOR287C,YDR490C,0,-3.7716284,0.17016929388046265,0.5830000042915344,0.2842999994754791
YNL082W,YPL164C,1,-3.7717855,0.17041143774986267,0.5839999914169312,0.2842999994754791
YLR411W,YCR093W,0,-3.7718382,0.17036172747612,0.5839999914169312,0.28439998626708984
YMR162C,YML039W,0,-3.772296,0.1703120470046997,0.5839999914169312,0.28450000286102295
YGR056W,YKR036C,0,-3.7723744,0.1702623963356018,0.5839999914169312,0.28459998965263367
YMR231W,YML126C,0,-3.7726443,0.1702127605676651,0.5839999914169312,0.2847000062465668
YLR116W,YJR091C,0,-3.7726736,0.17016316950321198,0.5839999914169312,0.2847999930381775
YDL230W,YHR039C-B,0,-3.7727144,0.17011360824108124,0.5839999914169312,0.2849000096321106
YHL024W,YHR079C-A,1,-3.7729342,0.17035527527332306,0.5849999785423279,0.2849000096321106
YGR202C,YPL256C,0,-3.7732356,0.17030568420886993,0.5849999785423279,0.2849999964237213
YLR368W,YDR210W-B,0,-3.773504,0.170256108045578,0.5849999785423279,0.2851000130176544
YPL181W,YJL085W,0,-3.773796,0.17020657658576965,0.5849999785423279,0.28519999980926514
YEL012W,YIL016W,0,-3.7738328,0.1701570749282837,0.5849999785423279,0.28529998660087585
YDL148C,YPL274W,0,-3.7738414,0.17010758817195892,0.5849999785423279,0.28540000319480896
YNL099C,YOR240W,0,-3.7741416,0.17005814611911774,0.5849999785423279,0.2854999899864197
YOR284W,YDL108W,0,-3.7742336,0.17000871896743774,0.5849999785423279,0.2856000065803528
YDL024C,YML045W,0,-3.7744284,0.16995932161808014,0.5849999785423279,0.2856999933719635
YDR527W,YDL007W,0,-3.7744908,0.16990996897220612,0.5849999785423279,0.2858000099658966
YOR038C,YFL035C-A,0,-3.7747157,0.1698606312274933,0.5849999785423279,0.2858999967575073
YIL123W,YPL132W,0,-3.7751775,0.16981132328510284,0.5849999785423279,0.28600001335144043
YKL017C,YGR171C,0,-3.7751925,0.1697620451450348,0.5849999785423279,0.28610000014305115
YER003C,YJR135C,0,-3.7753143,0.16971279680728912,0.5849999785423279,0.28619998693466187
YIL051C,YMR045C,0,-3.7753983,0.16966357827186584,0.5849999785423279,0.28630000352859497
YKL079W,YCR058C,0,-3.7756226,0.16961437463760376,0.5849999785423279,0.2863999903202057
YGL089C,YML011C,0,-3.7757072,0.16956521570682526,0.5849999785423279,0.2865000069141388
YBL005W-A,YBR182C,0,-3.7757733,0.16951608657836914,0.5849999785423279,0.2865999937057495
YGR038C-A,YDR030C,0,-3.7758095,0.16946697235107422,0.5849999785423279,0.2867000102996826
YMR125W,YCR058C,0,-3.776158,0.16941790282726288,0.5849999785423279,0.28679999709129333
YBR250W,YLR106C,0,-3.7765207,0.16936884820461273,0.5849999785423279,0.28690001368522644
YBR275C,YER160C,0,-3.7769613,0.16931982338428497,0.5849999785423279,0.28700000047683716
YLR208W,YIL066C,0,-3.777361,0.1692708283662796,0.5849999785423279,0.2870999872684479
YLR181C,YMR163C,0,-3.7778249,0.16922186315059662,0.5849999785423279,0.287200003862381
YDR261W-B,YEL030W,0,-3.7778358,0.16917292773723602,0.5849999785423279,0.2872999906539917
YER045C,YCL020W,0,-3.7781296,0.16912402212619781,0.5849999785423279,0.2874000072479248
YGL120C,YPL130W,0,-3.7782288,0.169075146317482,0.5849999785423279,0.2874999940395355
YKR007W,YOR083W,0,-3.7783031,0.16902630031108856,0.5849999785423279,0.28760001063346863
YGR109W-B,YML011C,0,-3.7784648,0.16897746920585632,0.5849999785423279,0.28769999742507935
YLL034C,YFL035C-A,0,-3.7785497,0.16892866790294647,0.5849999785423279,0.28780001401901245
YBR098W,YER173W,1,-3.7785773,0.1691685914993286,0.5860000252723694,0.28780001401901245
YEL051W,YOR132W,0,-3.778749,0.16911977529525757,0.5860000252723694,0.28790000081062317
YLL009C,YDR054C,0,-3.778986,0.16907097399234772,0.5860000252723694,0.2879999876022339
YJL207C,YDR087C,0,-3.7790904,0.16902220249176025,0.5860000252723694,0.288100004196167
YER029C,YGR140W,0,-3.7791,0.16897347569465637,0.5860000252723694,0.2881999909877777
YCR024C-A,YDR284C,0,-3.7792969,0.16892476379871368,0.5860000252723694,0.2883000075817108
YKR050W,YMR058W,0,-3.779335,0.16887608170509338,0.5860000252723694,0.28839999437332153
YDR436W,YPL244C,0,-3.779635,0.16882742941379547,0.5860000252723694,0.28850001096725464
YNL055C,YPR010C,0,-3.7796972,0.16877880692481995,0.5860000252723694,0.28859999775886536
YDR034C-D,YOR221C,0,-3.7797925,0.16873019933700562,0.5860000252723694,0.28870001435279846
YAL021C,YDL112W,0,-3.7797987,0.16868163645267487,0.5860000252723694,0.2888000011444092
YCR060W,YDL142C,0,-3.7798882,0.1686330884695053,0.5860000252723694,0.2888999879360199
YCR027C,YBR068C,0,-3.7798972,0.16858458518981934,0.5860000252723694,0.289000004529953
YLR284C,YOL077W-A,0,-3.7799022,0.16853609681129456,0.5860000252723694,0.2890999913215637
YFR028C,YDR503C,0,-3.7799277,0.16848763823509216,0.5860000252723694,0.2892000079154968
YDL105W,YDR116C,0,-3.7799332,0.16843920946121216,0.5860000252723694,0.28929999470710754
YHR067W,YHR143W-A,0,-3.7803123,0.16839081048965454,0.5860000252723694,0.28940001130104065
YML023C,YDR470C,0,-3.7805107,0.16834242641925812,0.5860000252723694,0.28949999809265137
YGR285C,YIL030C,0,-3.7808163,0.16829408705234528,0.5860000252723694,0.2896000146865845
YLR016C,YFR046C,0,-3.780962,0.16824576258659363,0.5860000252723694,0.2897000014781952
YLR224W,YPL091W,0,-3.7810488,0.16819746792316437,0.5860000252723694,0.2897999882698059
YHR043C,YGL195W,0,-3.7810833,0.1681492179632187,0.5860000252723694,0.289900004863739
YER068W,YFL018W-A,0,-3.7816155,0.168100968003273,0.5860000252723694,0.28999999165534973
YOL076W,YFR024C,0,-3.7816284,0.1680527627468109,0.5860000252723694,0.29010000824928284
YOR088W,YLR100W,0,-3.7817311,0.1680045872926712,0.5860000252723694,0.29019999504089355
YDR110W,YDR113C,1,-3.781905,0.16824305057525635,0.5870000123977661,0.29019999504089355
YBR216C,YGR097W,0,-3.7822793,0.16819484531879425,0.5870000123977661,0.29030001163482666
YNL250W,YML128C,1,-3.7823212,0.16843311488628387,0.5879999995231628,0.29030001163482666
YLR016C,YOL023W,0,-3.7823339,0.1683848798274994,0.5879999995231628,0.2903999984264374
YER174C,YHR115C,0,-3.7825222,0.1683366745710373,0.5879999995231628,0.2904999852180481
YJR112W,YNL053W,0,-3.7825427,0.16828849911689758,0.5879999995231628,0.2906000018119812
YFL011W,YGL166W,0,-3.7826529,0.16824033856391907,0.5879999995231628,0.2906999886035919
YGL169W,YDR260C,0,-3.7829266,0.16819222271442413,0.5879999995231628,0.290800005197525
YPL022W,YDR110W,1,-3.7829742,0.16843008995056152,0.5889999866485596,0.290800005197525
YOL088C,YHR143W-A,0,-3.783134,0.168381929397583,0.5889999866485596,0.29089999198913574
YFL003C,YPL015C,1,-3.7832162,0.16861960291862488,0.5899999737739563,0.29089999198913574
YNL093W,YML039W,0,-3.7832658,0.16857142746448517,0.5899999737739563,0.29100000858306885
YAR010C,YLR285W,0,-3.7835279,0.16852328181266785,0.5899999737739563,0.29109999537467957
YOR284W,YBR170C,0,-3.783756,0.16847515106201172,0.5899999737739563,0.29120001196861267
YMR231W,YKR003W,0,-3.783976,0.16842706501483917,0.5899999737739563,0.2912999987602234
YLR196W,YJR001W,0,-3.784193,0.16837899386882782,0.5899999737739563,0.2913999855518341
YOR028C,YPR141C,0,-3.784268,0.16833095252513885,0.5899999737739563,0.2915000021457672
YLR451W,YPL179W,0,-3.7843256,0.16828294098377228,0.5899999737739563,0.29159998893737793
YDR470C,YPL116W,0,-3.7844822,0.1682349592447281,0.5899999737739563,0.29170000553131104
YNL047C,YKL175W,0,-3.7845554,0.1681870073080063,0.5899999737739563,0.29179999232292175
YAR009C,YMR288W,0,-3.7849617,0.16813907027244568,0.5899999737739563,0.29190000891685486
YBR250W,YHR106W,0,-3.7850697,0.16809116303920746,0.5899999737739563,0.2919999957084656
YMR164C,YJR028W,0,-3.78509,0.16804328560829163,0.5899999737739563,0.2921000123023987
YDR261C-D,YOR195W,0,-3.7851028,0.16799543797969818,0.5899999737739563,0.2921999990940094
YJR026W,YGL105W,0,-3.7851691,0.16794762015342712,0.5899999737739563,0.2922999858856201
YBL100W-B,YCL010C,0,-3.7852879,0.16789983212947845,0.5899999737739563,0.2924000024795532
YPL026C,YLR385C,0,-3.7853184,0.16785205900669098,0.5899999737739563,0.29249998927116394
YOL146W,YHR061C,0,-3.785389,0.1678043156862259,0.5899999737739563,0.29260000586509705
YBR111W-A,YHR001W-A,0,-3.7854385,0.16775661706924438,0.5899999737739563,0.29269999265670776
YGR098C,YDR022C,0,-3.7856483,0.16770891845226288,0.5899999737739563,0.29280000925064087
YHL006C,YGR008C,0,-3.785692,0.16766126453876495,0.5899999737739563,0.2928999960422516
YLR266C,YIL075C,0,-3.785928,0.16761364042758942,0.5899999737739563,0.2930000126361847
YOR279C,YHR114W,0,-3.7861936,0.16756603121757507,0.5899999737739563,0.2930999994277954
YGL075C,YNL186W,0,-3.7862983,0.16751845180988312,0.5899999737739563,0.29319998621940613
YGR059W,YJR112W,0,-3.7863631,0.16747090220451355,0.5899999737739563,0.29330000281333923
YHR194W,YDR071C,0,-3.7864556,0.16742338240146637,0.5899999737739563,0.29339998960494995
YOR035C,YMR133W,1,-3.78647,0.16765958070755005,0.5910000205039978,0.29339998960494995
YHR214C-B,YIL115C,0,-3.7868185,0.16761203110218048,0.5910000205039978,0.29350000619888306
YLL015W,YDR277C,0,-3.7869036,0.1675644963979721,0.5910000205039978,0.2935999929904938
YML045W,YLR052W,0,-3.7869945,0.16751700639724731,0.5910000205039978,0.2937000095844269
YGR075C,YNL103W,0,-3.7872558,0.16746953129768372,0.5910000205039978,0.2937999963760376
YGR254W,YMR287C,0,-3.7874486,0.1674221009016037,0.5910000205039978,0.2939000129699707
YPL092W,YDL031W,0,-3.787573,0.16737468540668488,0.5910000205039978,0.2939999997615814
YOR026W,YPL256C,0,-3.7876248,0.16732729971408844,0.5910000205039978,0.29409998655319214
YJL129C,YGL174W,0,-3.7877998,0.1672799289226532,0.5910000205039978,0.29420000314712524
YDL060W,YNL003C,0,-3.788094,0.16723260283470154,0.5910000205039978,0.29429998993873596
YCL008C,YHL028W,0,-3.7885404,0.16718529164791107,0.5910000205039978,0.29440000653266907
YDR263C,YCR040W,0,-3.7887444,0.167138010263443,0.5910000205039978,0.2944999933242798
YNL329C,YLR135W,0,-3.7893434,0.1670907586812973,0.5910000205039978,0.2946000099182129
YPR083W,YDR131C,0,-3.789372,0.1670435220003128,0.5910000205039978,0.2946999967098236
YKL088W,YCR040W,0,-3.7894456,0.1669963300228119,0.5910000205039978,0.2948000133037567
YNL088W,YHR167W,1,-3.789843,0.16723163425922394,0.5920000076293945,0.2948000133037567
YNL148C,YPR131C,0,-3.790154,0.16718441247940063,0.5920000076293945,0.29490000009536743
YPL269W,YJR102C,0,-3.790646,0.16713720560073853,0.5920000076293945,0.29499998688697815
YDR028C,YMR075W,0,-3.7907472,0.16709004342556,0.5920000076293945,0.29510000348091125
YHR008C,YJL092W,0,-3.7909305,0.16704289615154266,0.5920000076293945,0.295199990272522
YGR211W,YML011C,0,-3.7911792,0.16699576377868652,0.5920000076293945,0.2953000068664551
YIL017C,YGL187C,0,-3.7914321,0.16694867610931396,0.5920000076293945,0.2953999936580658
YHR081W,YGL033W,1,-3.7914758,0.1671835333108902,0.5929999947547913,0.2953999936580658
YMR087W,YBL022C,0,-3.7917385,0.16713641583919525,0.5929999947547913,0.2955000102519989
YBL105C,YGR272C,0,-3.7920694,0.1670893281698227,0.5929999947547913,0.2955999970436096
YKL011C,YJL208C,1,-3.7920833,0.16732394695281982,0.593999981880188,0.2955999970436096
YNL036W,YLR157C-B,0,-3.79216,0.16727682948112488,0.593999981880188,0.2957000136375427
YER174C,YDL150W,0,-3.792553,0.16722972691059113,0.593999981880188,0.29580000042915344
YDR201W,YIL082W-A,0,-3.7930565,0.16718266904354095,0.593999981880188,0.29589998722076416
YPR049C,YNL273W,0,-3.793058,0.16713562607765198,0.593999981880188,0.29600000381469727
YHR081W,YKL011C,1,-3.7933528,0.16736990213394165,0.5950000286102295,0.29600000381469727
YMR021C,YDR416W,0,-3.793488,0.16732282936573029,0.5950000286102295,0.296099990606308
YDR065W,YOR313C,0,-3.7936614,0.1672758013010025,0.5950000286102295,0.2962000072002411
YOR284W,YDR280W,0,-3.794055,0.16722877323627472,0.5950000286102295,0.2962999939918518
YLR095C,YIL139C,0,-3.794157,0.16718178987503052,0.5950000286102295,0.2964000105857849
YCL032W,YBR090C-A,0,-3.794342,0.1671348363161087,0.5950000286102295,0.29649999737739563
YOR064C,YHR116W,0,-3.7943773,0.16708789765834808,0.5950000286102295,0.29660001397132874
YHR067W,YPR190C,0,-3.7946515,0.16704098880290985,0.5950000286102295,0.29670000076293945
YDR527W,YDL165W,0,-3.794813,0.166994109749794,0.5950000286102295,0.29679998755455017
YIL122W,YMR092C,0,-3.7951186,0.16694724559783936,0.5950000286102295,0.2969000041484833
YCR093W,YML132W,0,-3.7953,0.1669004261493683,0.5950000286102295,0.296999990940094
YMR117C,YMR220W,0,-3.7954102,0.1668536216020584,0.5950000286102295,0.2971000075340271
YOL080C,YPR057W,0,-3.7954416,0.16680684685707092,0.5950000286102295,0.2971999943256378
YBR295W,YDR508C,0,-3.7954493,0.16676008701324463,0.5950000286102295,0.2973000109195709
YNL097C,YJL113W,0,-3.7959635,0.16671337187290192,0.5950000286102295,0.29739999771118164
YOR144C,YAL029C,1,-3.7963176,0.16694678366184235,0.5960000157356262,0.29739999771118164
YGR054W,YDL200C,0,-3.796718,0.16690002381801605,0.5960000157356262,0.29750001430511475
YDR460W,YBR012W-A,0,-3.7967877,0.16685330867767334,0.5960000157356262,0.29760000109672546
YEL051W,YAL017W,0,-3.7968998,0.16680660843849182,0.5960000157356262,0.2976999878883362
YNL236W,YGL058W,0,-3.79707,0.1667599380016327,0.5960000157356262,0.2978000044822693
YOL146W,YKL140W,0,-3.7971303,0.16671328246593475,0.5960000157356262,0.29789999127388
YBR136W,YOL090W,1,-3.7971544,0.16694630682468414,0.597000002861023,0.29789999127388
YMR036C,YGR268C,0,-3.797213,0.166899636387825,0.597000002861023,0.2980000078678131
YLR207W,YNL111C,0,-3.7979414,0.16685299575328827,0.597000002861023,0.29809999465942383
YFL011W,YFL016C,0,-3.7980056,0.16680637001991272,0.597000002861023,0.29820001125335693
YPR055W,YCR044C,0,-3.7980933,0.16675977408885956,0.597000002861023,0.29829999804496765
YEL003W,YGR144W,0,-3.7980947,0.16671320796012878,0.597000002861023,0.29840001463890076
YNL153C,YFL055W,0,-3.7981684,0.1666666716337204,0.597000002861023,0.2985000014305115
YNL139C,YGL043W,1,-3.7988367,0.16689924895763397,0.5979999899864197,0.2985000014305115
YDL164C,YBR100W,1,-3.7989843,0.1671316921710968,0.5989999771118164,0.2985000014305115
YPR055W,YCR093W,0,-3.799652,0.16708508133888245,0.5989999771118164,0.2985999882221222
YLR214W,YDR096W,0,-3.7999911,0.16703848540782928,0.5989999771118164,0.2987000048160553
YDR486C,YHR152W,0,-3.8000379,0.1669919192790985,0.5989999771118164,0.298799991607666
YOR074C,YPR186C,0,-3.8000722,0.16694536805152893,0.5989999771118164,0.2989000082015991
YJR110W,YBR175W,0,-3.8002176,0.16689886152744293,0.5989999771118164,0.29899999499320984
YLR127C,YDR002W,0,-3.8010926,0.16685236990451813,0.5989999771118164,0.29910001158714294
YDL130W,YLR383W,0,-3.8011343,0.1668059080839157,0.5989999771118164,0.29919999837875366
YGR121C,YKL134C,0,-3.8011694,0.1667594611644745,0.5989999771118164,0.2992999851703644
YBR234C,YML011C,0,-3.8012195,0.16671305894851685,0.5989999771118164,0.2994000017642975
YER125W,YGR188C,0,-3.8013039,0.1666666716337204,0.5989999771118164,0.2994999885559082
YPL092W,YDR022C,0,-3.8013525,0.16662029922008514,0.5989999771118164,0.2996000051498413
YGR218W,YDR244W,0,-3.8015294,0.16657397150993347,0.5989999771118164,0.299699991941452
YGL213C,YMR167W,1,-3.8015447,0.1668056696653366,0.6000000238418579,0.299699991941452
YHL006C,YDR314C,0,-3.8016124,0.16675931215286255,0.6000000238418579,0.29980000853538513
YGL163C,YGL043W,1,-3.8016973,0.16699083149433136,0.6010000109672546,0.29980000853538513
YHR142W,YAL024C,0,-3.8018258,0.1669444441795349,0.6010000109672546,0.29989999532699585
YBR073W,YAR007C,1,-3.801836,0.1671757847070694,0.6019999980926514,0.29989999532699585
YOL124C,YDL078C,0,-3.802169,0.16712936758995056,0.6019999980926514,0.30000001192092896
YNR060W,YGR143W,0,-3.8023686,0.1670829802751541,0.6019999980926514,0.3000999987125397
YER174C,YLR316C,0,-3.802401,0.16703662276268005,0.6019999980926514,0.3001999855041504
YDR210W-B,YMR056C,0,-3.8025017,0.16699029505252838,0.6019999980926514,0.3003000020980835
YOR156C,YHR133C,0,-3.8026543,0.1669439822435379,0.6019999980926514,0.3003999888896942
YDR364C,YEL050C,0,-3.8029084,0.1668976992368698,0.6019999980926514,0.3005000054836273
YDR207C,YFL003C,1,-3.8031187,0.16712860763072968,0.6029999852180481,0.3005000054836273
YHL006C,YMR146C,0,-3.8031964,0.1670822948217392,0.6029999852180481,0.30059999227523804
YOR237W,YER008C,0,-3.8032327,0.1670360118150711,0.6029999852180481,0.30070000886917114
YOL108C,YBR160W,0,-3.8033872,0.1669897586107254,0.6029999852180481,0.30079999566078186
YJL183W,YLR263W,0,-3.8039052,0.1669435203075409,0.6029999852180481,0.30090001225471497
YOR026W,YKL166C,0,-3.8040013,0.16689731180667877,0.6029999852180481,0.3009999990463257
YFR040W,YGL243W,0,-3.8041973,0.16685113310813904,0.6029999852180481,0.3010999858379364
YDL003W,YKL129C,0,-3.804399,0.1668049842119217,0.6029999852180481,0.3012000024318695
YPL283C,YMR133W,1,-3.8045278,0.16703540086746216,0.6039999723434448,0.3012000024318695
YJL208C,YPL194W,1,-3.8045683,0.16726568341255188,0.6050000190734863,0.3012000024318695
YCR010C,YDR306C,0,-3.8048291,0.16721946001052856,0.6050000190734863,0.3012999892234802
YLR409C,YDR057W,0,-3.8049643,0.16717325150966644,0.6050000190734863,0.30140000581741333
YDR058C,YDR126W,0,-3.805057,0.1671270728111267,0.6050000190734863,0.30149999260902405
YML021C,YKL193C,0,-3.8051872,0.16708092391490936,0.6050000190734863,0.30160000920295715
YGL205W,YMR172W,0,-3.8052511,0.1670347899198532,0.6050000190734863,0.30169999599456787
YBR199W,YOL080C,0,-3.805515,0.16698868572711945,0.6050000190734863,0.301800012588501
YOR226C,YGL075C,0,-3.8059232,0.16694261133670807,0.6050000190734863,0.3018999993801117
YNL213C,YJR047C,0,-3.8059788,0.16689655184745789,0.6050000190734863,0.3019999861717224
YCL024W,YKL200C,0,-3.80601,0.1668505221605301,0.6050000190734863,0.3021000027656555
YMR037C,YDR156W,0,-3.8061085,0.16680452227592468,0.6050000190734863,0.30219998955726624
YBL100W-B,YNL221C,0,-3.806345,0.16675853729248047,0.6050000190734863,0.30230000615119934
YJR108W,YJL106W,0,-3.8065152,0.16671259701251984,0.6050000190734863,0.30239999294281006
YNL102W,YGR211W,0,-3.8066792,0.1666666716337204,0.6050000190734863,0.30250000953674316
YPL283C,YMR224C,1,-3.806765,0.16689616441726685,0.6060000061988831,0.30250000953674316
YDL020C,YDR356W,0,-3.8070736,0.1668502241373062,0.6060000061988831,0.3025999963283539
YPL119C,YML080W,0,-3.8071132,0.16680429875850677,0.6060000061988831,0.302700012922287
YMR280C,YGR245C,0,-3.8071654,0.16675838828086853,0.6060000061988831,0.3027999997138977
YGR059W,YBR084W,0,-3.8074007,0.16671252250671387,0.6060000061988831,0.3028999865055084
YBR247C,YGL019W,0,-3.8074293,0.1666666716337204,0.6060000061988831,0.30300000309944153
YHR172W,YJR090C,0,-3.8075504,0.16662083566188812,0.6060000061988831,0.30309998989105225
YIL080W,YFL005W,0,-3.8075805,0.16657504439353943,0.6060000061988831,0.30320000648498535
YBR223C,YDR331W,0,-3.8076491,0.16652926802635193,0.6060000061988831,0.30329999327659607
YER042W,YPR189W,0,-3.8076756,0.16648352146148682,0.6060000061988831,0.3034000098705292
YBR154C,YDR065W,0,-3.8077493,0.1664377897977829,0.6060000061988831,0.3034999966621399
YDR087C,YCR058C,0,-3.807903,0.16639208793640137,0.6060000061988831,0.303600013256073
YDR148C,YDL039C,0,-3.8079734,0.16634641587734222,0.6060000061988831,0.3037000000476837
YOR178C,YHR058C,0,-3.8079858,0.16630077362060547,0.6060000061988831,0.30379998683929443
YGL013C,YIL034C,0,-3.8079972,0.1662551462650299,0.6060000061988831,0.30390000343322754
YDR283C,YIR004W,0,-3.8080301,0.16620954871177673,0.6060000061988831,0.30399999022483826
YAR010C,YPL152W,0,-3.8082085,0.16616396605968475,0.6060000061988831,0.30410000681877136
YFR013W,YDR342C,0,-3.8084679,0.16611842811107635,0.6060000061988831,0.3041999936103821
YLR368W,YJL129C,0,-3.8085947,0.16607289016246796,0.6060000061988831,0.3043000102043152
YIL147C,YFR024C,0,-3.8086631,0.16602739691734314,0.6060000061988831,0.3043999969959259
YML058W,YJL013C,0,-3.808783,0.16598191857337952,0.6060000061988831,0.304500013589859
YPL242C,YJR077C,0,-3.8090448,0.16593647003173828,0.6060000061988831,0.3046000003814697
YJL157C,YGR132C,0,-3.8095307,0.16589105129241943,0.6060000061988831,0.30469998717308044
YPL283C,YLR288C,1,-3.8095627,0.16611932218074799,0.6069999933242798,0.30469998717308044
YKR055W,YLR167W,0,-3.8096132,0.16607387363910675,0.6069999933242798,0.30480000376701355
YDR515W,YPR131C,0,-3.8097734,0.1660284399986267,0.6069999933242798,0.30489999055862427
YCL055W,YBL008W,0,-3.8100467,0.16598305106163025,0.6069999933242798,0.3050000071525574
YGR254W,YDR436W,0,-3.8101594,0.16593767702579498,0.6069999933242798,0.3050999939441681
YHR116W,YGR089W,0,-3.810181,0.1658923178911209,0.6069999933242798,0.3052000105381012
YNL090W,YLR260W,0,-3.8102083,0.16584698855876923,0.6069999933242798,0.3052999973297119
YBR012W-A,YBR041W,0,-3.810678,0.16580168902873993,0.6069999933242798,0.305400013923645
YLR102C,YKR059W,0,-3.811542,0.16575641930103302,0.6069999933242798,0.30550000071525574
YLR284C,YDR473C,0,-3.8118978,0.1657111644744873,0.6069999933242798,0.30559998750686646
YOR341W,YDR263C,0,-3.8119223,0.16566593945026398,0.6069999933242798,0.30570000410079956
YJL102W,YCR040W,0,-3.8119974,0.16562072932720184,0.6069999933242798,0.3057999908924103
YJR052W,YIL034C,0,-3.812081,0.1655755639076233,0.6069999933242798,0.3059000074863434
YOR030W,YBR267W,0,-3.812253,0.16553041338920593,0.6069999933242798,0.3059999942779541
YER137C-A,YNL001W,0,-3.8124235,0.16548527777194977,0.6069999933242798,0.3061000108718872
YLR126C,YGR055W,0,-3.8125267,0.165440171957016,0.6069999933242798,0.3061999976634979
YBR089C-A,YPL175W,0,-3.8126311,0.1653950959444046,0.6069999933242798,0.30630001425743103
YNR034W,YGR056W,0,-3.8128471,0.1653500348329544,0.6069999933242798,0.30640000104904175
YBR136W,YPL164C,1,-3.8130834,0.16557733714580536,0.6079999804496765,0.30640000104904175
YDR069C,YOL077W-A,0,-3.8135302,0.16553226113319397,0.6079999804496765,0.30649998784065247
YJL184W,YHR016C,0,-3.8136108,0.16548720002174377,0.6079999804496765,0.30660000443458557
YDL081C,YFR024C,0,-3.8136225,0.16544218361377716,0.6079999804496765,0.3066999912261963
YHR043C,YDR085C,0,-3.8141196,0.16539716720581055,0.6079999804496765,0.3068000078201294
YIR011C,YNL273W,0,-3.814178,0.16535219550132751,0.6079999804496765,0.3068999946117401
YMR207C,YLR276C,0,-3.8144789,0.16530723869800568,0.6079999804496765,0.3070000112056732
YGL174W,YIR012W,0,-3.8147163,0.16526229679584503,0.6079999804496765,0.30709999799728394
YPL012W,YHR176W,0,-3.8148432,0.16521738469600677,0.6079999804496765,0.30720001459121704
YDR091C,YPL190C,0,-3.815106,0.1651725023984909,0.6079999804496765,0.30730000138282776
YEL031W,YGR188C,0,-3.8151212,0.16512764990329742,0.6079999804496765,0.3073999881744385
YLR288C,YBR279W,1,-3.8151226,0.16535432636737823,0.609000027179718,0.3073999881744385
YJL108C,YDR252W,0,-3.8151493,0.16530944406986237,0.609000027179718,0.3075000047683716
YDL077C,YML040W,0,-3.8151844,0.16526459157466888,0.609000027179718,0.3075999915599823
YLR409C,YMR231W,0,-3.8153281,0.1652197539806366,0.609000027179718,0.3077000081539154
YER109C,YDL077C,0,-3.8153605,0.1651749461889267,0.609000027179718,0.3077999949455261
YPL020C,YKL021C,0,-3.8157601,0.165130153298378,0.609000027179718,0.30790001153945923
YNL241C,YOR207C,0,-3.815763,0.16508539021015167,0.609000027179718,0.30799999833106995
YPL045W,YMR060C,0,-3.815823,0.16504065692424774,0.609000027179718,0.30809998512268066
YKL020C,YJL026W,0,-3.8161097,0.164995938539505,0.609000027179718,0.30820000171661377
YGL227W,YGL097W,0,-3.8162007,0.16495124995708466,0.609000027179718,0.3082999885082245
YJL154C,YNL090W,0,-3.8164644,0.1649065762758255,0.609000027179718,0.3084000051021576
YOR088W,YHR133C,0,-3.8167515,0.16486193239688873,0.609000027179718,0.3084999918937683
YDR324C,YLR092W,0,-3.8169503,0.16481731832027435,0.609000027179718,0.3086000084877014
YMR104C,YCR044C,0,-3.817022,0.16477273404598236,0.609000027179718,0.30869999527931213
YIL131C,YOL004W,0,-3.8170302,0.16472816467285156,0.609000027179718,0.30880001187324524
YIR017C,YER026C,0,-3.8172202,0.16468361020088196,0.609000027179718,0.30889999866485596
YBR072W,YNL039W,0,-3.817286,0.16463908553123474,0.609000027179718,0.3089999854564667
YBR250W,YML069W,0,-3.8173056,0.1645945906639099,0.609000027179718,0.3091000020503998
YDR057W,YBR216C,0,-3.8174486,0.16455012559890747,0.609000027179718,0.3091999888420105
YDR499W,YPL266W,0,-3.8176284,0.16450567543506622,0.609000027179718,0.3093000054359436
YBR065C,YML016C,0,-3.8179808,0.16446125507354736,0.609000027179718,0.3093999922275543
YOR193W,YOL121C,0,-3.8182032,0.1644168496131897,0.609000027179718,0.3095000088214874
YDR159W,YCL040W,0,-3.8182063,0.16437247395515442,0.609000027179718,0.30959999561309814
YLR324W,YFL018W-A,0,-3.818292,0.16432811319828033,0.609000027179718,0.30970001220703125
YIR008C,YMR268C,0,-3.8183498,0.16428378224372864,0.609000027179718,0.30979999899864197
YKR025W,YNL121C,0,-3.818405,0.16423948109149933,0.609000027179718,0.3098999857902527
YNL313C,YCL033C,0,-3.8185496,0.1641951948404312,0.609000027179718,0.3100000023841858
YOR221C,YJL005W,0,-3.8192468,0.16415093839168549,0.609000027179718,0.3100999891757965
YMR001C,YKR002W,0,-3.8192964,0.16410671174526215,0.609000027179718,0.3102000057697296
YMR087W,YPL011C,0,-3.819365,0.1640625,0.609000027179718,0.31029999256134033
YIR033W,YLR086W,0,-3.8196075,0.16401831805706024,0.609000027179718,0.31040000915527344
YLR116W,YIL082W-A,0,-3.8198416,0.16397415101528168,0.609000027179718,0.31049999594688416
YLR260W,YHR119W,0,-3.81987,0.1639300137758255,0.609000027179718,0.31060001254081726
YGR112W,YHR152W,0,-3.820199,0.16388589143753052,0.609000027179718,0.310699999332428
YJL069C,YBR177C,0,-3.8203745,0.16384181380271912,0.609000027179718,0.3107999861240387
YCL004W,YFL021W,0,-3.8204544,0.16379773616790771,0.609000027179718,0.3109000027179718
YOR231W,YHR176W,0,-3.820538,0.1637537032365799,0.609000027179718,0.3109999895095825
YPR134W,YEL063C,0,-3.8205533,0.16370967030525208,0.609000027179718,0.3111000061035156
YPL036W,YOR026W,0,-3.8206344,0.16366568207740784,0.609000027179718,0.31119999289512634
YMR078C,YFL031W,0,-3.820722,0.1636217087507248,0.609000027179718,0.31130000948905945
YER021W,YHR005C-A,0,-3.8208358,0.16357776522636414,0.609000027179718,0.31139999628067017
YMR284W,YMR167W,1,-3.8208368,0.163802370429039,0.6100000143051147,0.31139999628067017
YJL021C,YDR297W,0,-3.8210697,0.16375838220119476,0.6100000143051147,0.31150001287460327
YBL046W,YMR319C,0,-3.8212306,0.1637144386768341,0.6100000143051147,0.311599999666214
YKL011C,YPL194W,1,-3.8213806,0.16393882036209106,0.6110000014305115,0.311599999666214
YGL163C,YKL011C,1,-3.8213825,0.16416308283805847,0.6119999885559082,0.311599999666214
YMR231W,YDR062W,0,-3.8215919,0.16411906480789185,0.6119999885559082,0.3116999864578247
YJL154C,YAL059W,0,-3.8222659,0.1640750616788864,0.6119999885559082,0.3118000030517578
YKL021C,YOR329C,0,-3.8226707,0.16403108835220337,0.6119999885559082,0.31189998984336853
YNL213C,YNL230C,0,-3.8227534,0.1639871448278427,0.6119999885559082,0.31200000643730164
YCR093W,YAR018C,0,-3.8228803,0.16394321620464325,0.6119999885559082,0.31209999322891235
YDL185W,YFL003C,1,-3.822953,0.1641671061515808,0.6129999756813049,0.31209999322891235
YLR075W,YIR019C,0,-3.82298,0.16412316262722015,0.6129999756813049,0.31220000982284546
YOR212W,YMR175W,0,-3.8230238,0.1640792340040207,0.6129999756813049,0.3122999966144562
YER119C,YML043C,0,-3.8232422,0.16403532028198242,0.6129999756813049,0.3124000132083893
YDR359C,YLR353W,0,-3.823524,0.16399143636226654,0.6129999756813049,0.3125
YPL268W,YNL070W,0,-3.8239992,0.16394758224487305,0.6129999756813049,0.3125999867916107
YDR069C,YDR295C,0,-3.8240416,0.16390374302864075,0.6129999756813049,0.3127000033855438
YBR192W,YOR083W,0,-3.8242655,0.16385993361473083,0.6129999756813049,0.31279999017715454
YMR030W,YOR310C,0,-3.8246412,0.16381613910198212,0.6129999756813049,0.31290000677108765
YMR059W,YOR156C,0,-3.8247666,0.1637723743915558,0.6129999756813049,0.31299999356269836
YML007W,YDR529C,0,-3.825098,0.16372863948345184,0.6129999756813049,0.31310001015663147
YOL094C,YML001W,0,-3.8252778,0.1636849194765091,0.6129999756813049,0.3131999969482422
YBR136W,YBR279W,1,-3.825598,0.16390816867351532,0.6140000224113464,0.3131999969482422
YML027W,YDR260C,0,-3.825768,0.16386441886425018,0.6140000224113464,0.3133000135421753
YHL007C,YOL016C,0,-3.8258064,0.16382069885730743,0.6140000224113464,0.313400000333786
YDL135C,YMR240C,0,-3.8260427,0.16377700865268707,0.6140000224113464,0.31349998712539673
YHR005C-A,YOR088W,0,-3.826302,0.1637333333492279,0.6140000224113464,0.31360000371932983
YOR068C,YBR201W,0,-3.8264303,0.16368968784809113,0.6140000224113464,0.31369999051094055
YBR098W,YBR073W,1,-3.8266647,0.1639125794172287,0.6150000095367432,0.31369999051094055
YIL017W,YJL003W,0,-3.826817,0.16386890411376953,0.6150000095367432,0.31380000710487366
YBR002C,YBL100W-A,0,-3.8269377,0.16382525861263275,0.6150000095367432,0.3138999938964844
YKL093W,YCL003W,0,-3.826972,0.16378162801265717,0.6150000095367432,0.3140000104904175
YCL008C,YDL190C,0,-3.826995,0.16373801231384277,0.6150000095367432,0.3140999972820282
YHR043C,YJR028W,0,-3.8272488,0.16369444131851196,0.6150000095367432,0.3142000138759613
YAR003W,YHR066W,0,-3.8273466,0.16365088522434235,0.6150000095367432,0.314300000667572
YOL069W,YER019W,0,-3.8276517,0.16360734403133392,0.6150000095367432,0.31439998745918274
YNL247W,YHR176W,0,-3.827726,0.1635638326406479,0.6150000095367432,0.31450000405311584
YLR329W,YER104W,1,-3.8278687,0.16378623247146606,0.6159999966621399,0.31450000405311584
YPR183W,YCL066W,0,-3.8278768,0.16374269127845764,0.6159999966621399,0.31459999084472656
YDL044C,YAL031C,0,-3.8280802,0.1636991798877716,0.6159999966621399,0.31470000743865967
YMR051C,YBR020W,0,-3.8284922,0.16365568339824677,0.6159999966621399,0.3147999942302704
YGL252C,YDR499W,0,-3.8285923,0.1636122167110443,0.6159999966621399,0.3149000108242035
YHL024W,YDL164C,1,-3.828951,0.16383430361747742,0.6169999837875366,0.3149000108242035
YJL108C,YJL092W,0,-3.8291392,0.16379082202911377,0.6169999837875366,0.3149999976158142
YHR160C,YBR090C-A,0,-3.8292289,0.16374734044075012,0.6169999837875366,0.3151000142097473
YPR134W,YLR224W,0,-3.829505,0.16370390355587006,0.6169999837875366,0.31520000100135803
YKR055W,YNR032W,0,-3.8299522,0.16366048157215118,0.6169999837875366,0.31529998779296875
YKL059C,YCR066W,0,-3.8300986,0.1636170744895935,0.6169999837875366,0.31540000438690186
YKR007W,YOL017W,0,-3.8301163,0.16357369720935822,0.6169999837875366,0.3154999911785126
YPL130W,YDR311W,0,-3.8301919,0.1635303497314453,0.6169999837875366,0.3156000077724457
YGR090W,YMR046C,0,-3.8302302,0.1634870171546936,0.6169999837875366,0.3156999945640564
YOL094C,YOR187W,0,-3.830754,0.16344371438026428,0.6169999837875366,0.3158000111579895
YBL003C,YNL257C,0,-3.8310347,0.16340042650699615,0.6169999837875366,0.3158999979496002
YKR019C,YJL207C,0,-3.8310626,0.16335716843605042,0.6169999837875366,0.3160000145435333
YDL130W,YGL244W,0,-3.8311954,0.16331392526626587,0.6169999837875366,0.31610000133514404
YEL030W,YCL063W,0,-3.8315983,0.1632707118988037,0.6169999837875366,0.31619998812675476
YDR207C,YMR133W,1,-3.8319454,0.16349206864833832,0.6179999709129333,0.31619998812675476
YBL007C,YLR381W,0,-3.8321567,0.16344882547855377,0.6179999709129333,0.31630000472068787
YDL101C,YJR046W,0,-3.83217,0.1634056121110916,0.6179999709129333,0.3163999915122986
YLR368W,YNL182C,0,-3.832465,0.16336241364479065,0.6179999709129333,0.3165000081062317
YOR237W,YKR037C,0,-3.8325331,0.16331924498081207,0.6179999709129333,0.3165999948978424
YER062C,YDR002W,0,-3.832585,0.1632760912179947,0.6179999709129333,0.3167000114917755
YFR055W,YMR045C,0,-3.8327668,0.1632329672574997,0.6179999709129333,0.31679999828338623
YKR052C,YDR079C-A,0,-3.833102,0.1631898581981659,0.6179999709129333,0.31690001487731934
YHR070W,YNR034W,0,-3.833105,0.16314677894115448,0.6179999709129333,0.31700000166893005
YKL093W,YDR478W,0,-3.8334503,0.16310371458530426,0.6179999709129333,0.31709998846054077
YBR066C,YOL016C,0,-3.8335233,0.16306068003177643,0.6179999709129333,0.3172000050544739
YDR069C,YFL050C,0,-3.8335435,0.16301767528057098,0.6179999709129333,0.3172999918460846
YLR126C,YJL140W,0,-3.8336453,0.16297468543052673,0.6179999709129333,0.3174000084400177
YLL015W,YHR001W-A,0,-3.833702,0.16293171048164368,0.6179999709129333,0.3174999952316284
YDR277C,YGR179C,0,-3.8337784,0.162888765335083,0.6179999709129333,0.3176000118255615
YNL231C,YDR106W,0,-3.8338304,0.16284584999084473,0.6179999709129333,0.31769999861717224
YDR270W,YOR063W,0,-3.8339624,0.16280294954776764,0.6179999709129333,0.31779998540878296
YPL022W,YKL130C,1,-3.834156,0.163023442029953,0.6190000176429749,0.31779998540878296
YNR074C,YDL212W,0,-3.8341687,0.16298051178455353,0.6190000176429749,0.31790000200271606
YOR274W,YAL003W,0,-3.8342571,0.16293761134147644,0.6190000176429749,0.3179999887943268
YNL119W,YAL068C,0,-3.8344715,0.16289474070072174,0.6190000176429749,0.3181000053882599
YCR055C,YER127W,0,-3.8348265,0.16285188496112823,0.6190000176429749,0.3181999921798706
YOL149W,YGL075C,0,-3.835393,0.16280904412269592,0.6190000176429749,0.3183000087738037
YKR085C,YMR270C,0,-3.835627,0.162766233086586,0.6190000176429749,0.31839999556541443
YDL115C,YOR330C,0,-3.835649,0.16272345185279846,0.6190000176429749,0.31850001215934753
YJR110W,YKR025W,0,-3.8357599,0.16268068552017212,0.6190000176429749,0.31859999895095825
YMR106C,YKL130C,1,-3.8363242,0.16290068626403809,0.6200000047683716,0.31859999895095825
YKL017C,YLR056W,0,-3.836384,0.16285789012908936,0.6200000047683716,0.31869998574256897
YJL204C,YJL025W,0,-3.836397,0.162815123796463,0.6200000047683716,0.3188000023365021
YDR400W,YDR147W,0,-3.8364937,0.16277238726615906,0.6200000047683716,0.3188999891281128
YCR010C,YPR065W,0,-3.8366241,0.1627296656370163,0.6200000047683716,0.3190000057220459
YJL108C,YLL015W,0,-3.836884,0.16268695890903473,0.6200000047683716,0.3190999925136566
YMR023C,YIL038C,0,-3.8370366,0.16264428198337555,0.6200000047683716,0.3192000091075897
YKR095W-A,YIL035C,0,-3.8371522,0.16260161995887756,0.6200000047683716,0.31929999589920044
YCL010C,YNR053C,0,-3.8373926,0.16255898773670197,0.6200000047683716,0.31940001249313354
YDR339C,YIR015W,0,-3.8374195,0.16251638531684875,0.6200000047683716,0.31949999928474426
YGL006W,YAL009W,0,-3.8374524,0.16247379779815674,0.6200000047683716,0.319599986076355
YBR199W,YJL011C,0,-3.837936,0.16243122518062592,0.6200000047683716,0.3197000026702881
YDR279W,YDR142C,0,-3.8380485,0.16238868236541748,0.6200000047683716,0.3197999894618988
YBL061C,YCR058C,0,-3.8382235,0.16234616935253143,0.6200000047683716,0.3199000060558319
YDL024C,YBR012W-A,0,-3.8384929,0.16230367124080658,0.6200000047683716,0.3199999928474426
YMR069W,YBR010W,0,-3.8386197,0.16226118803024292,0.6200000047683716,0.32010000944137573
YBR289W,YJR069C,0,-3.838793,0.16221873462200165,0.6200000047683716,0.32019999623298645
YOL146W,YMR046C,0,-3.8390865,0.16217629611492157,0.6200000047683716,0.32030001282691956
YOR100C,YOR005C,0,-3.8392682,0.16213388741016388,0.6200000047683716,0.3203999996185303
YDL150W,YNL009W,0,-3.8392692,0.16209150850772858,0.6200000047683716,0.320499986410141
YBL061C,YJR060W,0,-3.8395648,0.16204914450645447,0.6200000047683716,0.3206000030040741
YMR080C,YKR053C,0,-3.8397307,0.16200679540634155,0.6200000047683716,0.3206999897956848
YDR513W,YHR072W,0,-3.840664,0.16196447610855103,0.6200000047683716,0.3208000063896179
YPR162C,YML040W,0,-3.8408222,0.1619221717119217,0.6200000047683716,0.32089999318122864
YOR178C,YOR069W,0,-3.8410788,0.16187989711761475,0.6200000047683716,0.32100000977516174
YNL136W,YPR010C,0,-3.8411007,0.161837637424469,0.6200000047683716,0.32109999656677246
YDL077C,YJL050W,0,-3.8411787,0.16179540753364563,0.6200000047683716,0.32120001316070557
YPR104C,YIL154C,0,-3.841806,0.16175319254398346,0.6200000047683716,0.3212999999523163
YJR027W,YNL154C,0,-3.8421926,0.16171100735664368,0.6200000047683716,0.321399986743927
YGR090W,YML085C,0,-3.8424506,0.1616688370704651,0.6200000047683716,0.3215000033378601
YGR085C,YDR394W,0,-3.8424592,0.1616266965866089,0.6200000047683716,0.3215999901294708
YBR234C,YPR186C,0,-3.8424826,0.16158457100391388,0.6200000047683716,0.32170000672340393
YDR088C,YHR143W-A,0,-3.843385,0.16154247522354126,0.6200000047683716,0.32179999351501465
YOR245C,YDR106W,0,-3.8434997,0.16150039434432983,0.6200000047683716,0.32190001010894775
YFR037C,YBL106C,0,-3.843645,0.1614583283662796,0.6200000047683716,0.32199999690055847
YNR074C,YDR439W,0,-3.843834,0.16141629219055176,0.6200000047683716,0.3221000134944916
YGL006W,YBR112C,0,-3.8439798,0.1613742858171463,0.6200000047683716,0.3222000002861023
YOR073W,YER174C,0,-3.8440557,0.16133229434490204,0.6200000047683716,0.322299987077713
YDR045C,YDR065W,0,-3.8441942,0.16129031777381897,0.6200000047683716,0.3224000036716461
YFL003C,YMR167W,1,-3.8443027,0.1615084558725357,0.6209999918937683,0.3224000036716461
YKR007W,YDR165W,0,-3.8443768,0.16146646440029144,0.6209999918937683,0.32249999046325684
YDR176W,YIL017W,0,-3.8446867,0.16142448782920837,0.6209999918937683,0.32260000705718994
YCR081W,YPR143W,0,-3.8446944,0.1613825410604477,0.6209999918937683,0.32269999384880066
YOL039W,YPL001W,0,-3.845163,0.1613406091928482,0.6209999918937683,0.32280001044273376
YDR490C,YBR182C,0,-3.8451822,0.1612987071275711,0.6209999918937683,0.3228999972343445
YLR006C,YLR320W,0,-3.8456678,0.1612568199634552,0.6209999918937683,0.3230000138282776
YDR501W,YOR267C,0,-3.8458138,0.1612149477005005,0.6209999918937683,0.3231000006198883
YOL034W,YJR029W,0,-3.8459709,0.16117310523986816,0.6209999918937683,0.323199987411499
YMR162C,YJL165C,0,-3.8460417,0.16113129258155823,0.6209999918937683,0.32330000400543213
YHR138C,YCL066W,0,-3.846393,0.16108949482440948,0.6209999918937683,0.32339999079704285
YCL069W,YJR031C,0,-3.8465092,0.16104771196842194,0.6209999918937683,0.32350000739097595
YOR073W,YKL108W,0,-3.8465314,0.16100595891475677,0.6209999918937683,0.32359999418258667
YPR162C,YGR129W,0,-3.8465638,0.160964235663414,0.6209999918937683,0.3237000107765198
YBR009C,YIR019C,0,-3.8466394,0.16092251241207123,0.6209999918937683,0.3237999975681305
YOR229W,YLR100W,0,-3.8466458,0.16088083386421204,0.6209999918937683,0.3239000141620636
YPL217C,YMR273C,0,-3.8471527,0.16083915531635284,0.6209999918937683,0.3240000009536743
YDR501W,YER160C,0,-3.8474293,0.16079752147197723,0.6209999918937683,0.32409998774528503
YBR193C,YDL031W,0,-3.8476398,0.16075588762760162,0.6209999918937683,0.32420000433921814
YDR464W,YLR192C,0,-3.8480182,0.1607142835855484,0.6209999918937683,0.32429999113082886
YLR210W,YHR115C,0,-3.848168,0.16067270934581757,0.6209999918937683,0.32440000772476196
YDL164C,YER173W,1,-3.8483915,0.16088980436325073,0.621999979019165,0.32440000772476196
YMR059W,YPR046W,0,-3.8486824,0.1608482003211975,0.621999979019165,0.3244999945163727
YJL116C,YOR381W,0,-3.8488402,0.16080661118030548,0.621999979019165,0.3246000111103058
YPL221W,YPL097W,0,-3.848885,0.16076505184173584,0.621999979019165,0.3246999979019165
YJL048C,YDR317W,0,-3.848897,0.1607235074043274,0.621999979019165,0.3248000144958496
YMR210W,YGL216W,0,-3.8489962,0.16068199276924133,0.621999979019165,0.3249000012874603
YMR117C,YHL028W,0,-3.8490193,0.16064049303531647,0.621999979019165,0.32499998807907104
YMR077C,YBR198C,0,-3.8492007,0.160599023103714,0.621999979019165,0.32510000467300415
YJR121W,YOL076W,0,-3.849322,0.1605575680732727,0.621999979019165,0.32519999146461487
YLR207W,YKR007W,0,-3.8495662,0.16051612794399261,0.621999979019165,0.325300008058548
YHR214C-B,YOR073W,0,-3.84957,0.1604747176170349,0.621999979019165,0.3253999948501587
YMR039C,YBL074C,0,-3.8496685,0.1604333221912384,0.621999979019165,0.3255000114440918
YDL185W,YMR133W,1,-3.8498368,0.16064982116222382,0.6230000257492065,0.3255000114440918
YDR188W,YAL068C,0,-3.8500845,0.1606084108352661,0.6230000257492065,0.3255999982357025
YDR171W,YPR189W,0,-3.8501115,0.1605670154094696,0.6230000257492065,0.3257000148296356
YDR142C,YPL209C,0,-3.8504744,0.1605256348848343,0.6230000257492065,0.32580000162124634
YNL222W,YDR085C,0,-3.8508973,0.16048428416252136,0.6230000257492065,0.32589998841285706
YGR245C,YJR035W,0,-3.8509104,0.16044296324253082,0.6230000257492065,0.32600000500679016
YJR057W,YCR038C,0,-3.8509374,0.16040164232254028,0.6230000257492065,0.3260999917984009
YML023C,YBR186W,0,-3.851272,0.16036036610603333,0.6230000257492065,0.326200008392334
YDL230W,YHR005C,0,-3.851306,0.16031908988952637,0.6230000257492065,0.3262999951839447
YMR087W,YLR260W,0,-3.8518066,0.1602778434753418,0.6230000257492065,0.3264000117778778
YDR123C,YDL174C,0,-3.8520236,0.16023662686347961,0.6230000257492065,0.3264999985694885
YLR260W,YNL247W,0,-3.8522577,0.16019542515277863,0.6230000257492065,0.32659998536109924
YPL087W,YGR092W,0,-3.852304,0.16015423834323883,0.6230000257492065,0.32670000195503235
YOR217W,YJL025W,0,-3.8523045,0.16011308133602142,0.6230000257492065,0.32679998874664307
YDR501W,YNL127W,0,-3.8523393,0.1600719392299652,0.6230000257492065,0.32690000534057617
YDL043C,YPL115C,0,-3.8526173,0.16003082692623138,0.6230000257492065,0.3269999921321869
YKL112W,YIL017C,0,-3.8526516,0.15998972952365875,0.6230000257492065,0.32710000872612
YPL147W,YJL203W,0,-3.8528652,0.15994864702224731,0.6230000257492065,0.3271999955177307
YOL091W,YLR181C,0,-3.8529634,0.15990759432315826,0.6230000257492065,0.3273000121116638
YNL312W,YER173W,1,-3.853015,0.16012316942214966,0.6240000128746033,0.3273000121116638
YIL080W,YIR037W,0,-3.8532581,0.16008208692073822,0.6240000128746033,0.32739999890327454
YDR279W,YDL230W,0,-3.8542976,0.16004103422164917,0.6240000128746033,0.32749998569488525
YPR083W,YGR108W,0,-3.8543472,0.1599999964237213,0.6240000128746033,0.32760000228881836
YNL261W,YBR132C,0,-3.8549383,0.15995898842811584,0.6240000128746033,0.3276999890804291
YLR206W,YJR131W,0,-3.8550494,0.15991799533367157,0.6240000128746033,0.3278000056743622
YPR052C,YKL108W,0,-3.8552098,0.1598770171403885,0.6240000128746033,0.3278999924659729
YBR193C,YML040W,0,-3.8552642,0.1598360687494278,0.6240000128746033,0.328000009059906
YPR187W,YHR160C,0,-3.8558357,0.1597951352596283,0.6240000128746033,0.3280999958515167
YBL019W,YML040W,0,-3.855863,0.15975423157215118,0.6240000128746033,0.32820001244544983
YMR293C,YOR340C,0,-3.8561342,0.15971332788467407,0.6240000128746033,0.32829999923706055
YLR032W,YIL123W,0,-3.8561544,0.15967246890068054,0.6240000128746033,0.32839998602867126
YNL272C,YJL059W,0,-3.8561707,0.1596316248178482,0.6240000128746033,0.32850000262260437
YLL019C,YBL084C,0,-3.8561773,0.15959079563617706,0.6240000128746033,0.3285999894142151
YHR138C,YGR112W,0,-3.856358,0.15954998135566711,0.6240000128746033,0.3287000060081482
YGL192W,YJL110C,0,-3.856378,0.15950919687747955,0.6240000128746033,0.3287999927997589
YOR327C,YDR512C,0,-3.8565903,0.15946844220161438,0.6240000128746033,0.328900009393692
YLR310C,YEL042W,0,-3.856825,0.1594277024269104,0.6240000128746033,0.32899999618530273
YMR117C,YMR051C,0,-3.8569539,0.15938697755336761,0.6240000128746033,0.32910001277923584
YKL028W,YGL053W,0,-3.8569639,0.15934626758098602,0.6240000128746033,0.32919999957084656
YDR268W,YGL061C,0,-3.8572989,0.15930558741092682,0.6240000128746033,0.3292999863624573
YLR376C,YPL091W,0,-3.8577747,0.15926493704319,0.6240000128746033,0.3294000029563904
YGL163C,YNL206C,1,-3.8579493,0.15947945415973663,0.625,0.3294000029563904
YDR323C,YDR518W,0,-3.858189,0.15943877398967743,0.625,0.3294999897480011
YDR207C,YPL283C,1,-3.858246,0.15965315699577332,0.6259999871253967,0.3294999897480011
YJL013C,YCL017C,0,-3.8582525,0.15961244702339172,0.6259999871253967,0.3296000063419342
YFL037W,YDR473C,0,-3.8585725,0.15957175195217133,0.6259999871253967,0.3296999931335449
YDL039C,YBR258C,0,-3.8588266,0.15953108668327332,0.6259999871253967,0.329800009727478
YPR193C,YDR295C,0,-3.859128,0.1594904512166977,0.6259999871253967,0.32989999651908875
YER062C,YER082C,0,-3.8592029,0.15944981575012207,0.6259999871253967,0.33000001311302185
YPR164W,YLR466W,1,-3.8595762,0.1596638709306717,0.6269999742507935,0.33000001311302185
YIL160C,YDR414C,0,-3.8600388,0.15962322056293488,0.6269999742507935,0.33009999990463257
YKL095W,YNL059C,0,-3.8600879,0.15958258509635925,0.6269999742507935,0.3301999866962433
YDL230W,YOR377W,0,-3.8604724,0.15954197943210602,0.6269999742507935,0.3303000032901764
YFL031W,YER027C,0,-3.8604736,0.15950140357017517,0.6269999742507935,0.3303999900817871
YOR250C,YJL204C,0,-3.8605883,0.15946082770824432,0.6269999742507935,0.3305000066757202
YER062C,YHR031C,0,-3.8608336,0.15942029654979706,0.6269999742507935,0.33059999346733093
YLR133W,YIR002C,0,-3.861071,0.1593797653913498,0.6269999742507935,0.33070001006126404
YNL241C,YJL013C,0,-3.8611073,0.15933926403522491,0.6269999742507935,0.33079999685287476
YDR075W,YJR031C,0,-3.8611736,0.15929877758026123,0.6269999742507935,0.33090001344680786
YGR171C,YJL204C,0,-3.861184,0.15925832092761993,0.6269999742507935,0.3310000002384186
YHR214C-B,YAR019C,0,-3.8614259,0.15921787917613983,0.6269999742507935,0.3310999870300293
YGL027C,YHR052W,0,-3.8615031,0.15917745232582092,0.6269999742507935,0.3312000036239624
YOL011W,YOL009C,0,-3.8616457,0.1591370552778244,0.6269999742507935,0.3312999904155731
YDR453C,YOR320C,0,-3.861671,0.15909667313098907,0.6269999742507935,0.3314000070095062
YPL057C,YDL209C,0,-3.8616803,0.15905632078647614,0.6269999742507935,0.33149999380111694
YCL069W,YER159C,0,-3.861683,0.1590159833431244,0.6269999742507935,0.33160001039505005
YBR257W,YBR070C,0,-3.8617458,0.15897566080093384,0.6269999742507935,0.33169999718666077
YDL143W,YBL013W,0,-3.8617663,0.15893536806106567,0.6269999742507935,0.33180001378059387
YKL011C,YDL154W,1,-3.862307,0.15914849936962128,0.628000020980835,0.33180001378059387
YOR313C,YOR174W,0,-3.8624244,0.15910817682743073,0.628000020980835,0.3319000005722046
YOL078W,YIL056W,0,-3.8625405,0.15906788408756256,0.628000020980835,0.3319999873638153
YJL204C,YLR353W,0,-3.862636,0.1590276062488556,0.628000020980835,0.3321000039577484
YLR116W,YDR448W,0,-3.8627186,0.15898734331130981,0.628000020980835,0.33219999074935913
YBR095C,YDR077W,0,-3.86283,0.15894709527492523,0.628000020980835,0.33230000734329224
YLR467W,YJL208C,1,-3.8629227,0.15915991365909576,0.6290000081062317,0.33230000734329224
YCR093W,YFL016C,0,-3.863315,0.15911965072155,0.6290000081062317,0.33239999413490295
YBR022W,YLR353W,0,-3.8633204,0.1590794175863266,0.6290000081062317,0.33250001072883606
YML032C,YJR021C,1,-3.8634148,0.1592920422554016,0.6299999952316284,0.33250001072883606
YDR177W,YLR316C,0,-3.8635044,0.15925176441669464,0.6299999952316284,0.3325999975204468
YOR156C,YMR239C,0,-3.8637505,0.15921153128147125,0.6299999952316284,0.3327000141143799
YLL031C,YDR213W,0,-3.863805,0.15917129814624786,0.6299999952316284,0.3328000009059906
YDR303C,YPL212C,0,-3.8640327,0.15913109481334686,0.6299999952316284,0.3328999876976013
YNR072W,YOL102C,0,-3.8640559,0.15909090638160706,0.6299999952316284,0.3330000042915344
YLR165C,YGR144W,0,-3.8640873,0.15905074775218964,0.6299999952316284,0.33309999108314514
YPL269W,YNL112W,0,-3.864128,0.1590106040239334,0.6299999952316284,0.33320000767707825
YDL200C,YGR055W,0,-3.8641834,0.15897047519683838,0.6299999952316284,0.33329999446868896
YNR072W,YOR088W,0,-3.8642151,0.15893037617206573,0.6299999952316284,0.33340001106262207
YDL245C,YOR208W,0,-3.8642635,0.15889029204845428,0.6299999952316284,0.3334999978542328
YIR025W,YJL047C,1,-3.8642948,0.15910236537456512,0.6309999823570251,0.3334999978542328
YKL173W,YML132W,0,-3.8646731,0.15906226634979248,0.6309999823570251,0.3336000144481659
YJR059W,YKR002W,0,-3.8652308,0.15902218222618103,0.6309999823570251,0.3337000012397766
YER013W,YMR247C,0,-3.8653073,0.15898211300373077,0.6309999823570251,0.33379998803138733
YFL024C,YIL030C,0,-3.8655233,0.1589420586824417,0.6309999823570251,0.33390000462532043
YMR210W,YGR157W,0,-3.8655715,0.15890203416347504,0.6309999823570251,0.33399999141693115
YOL078W,YKR055W,0,-3.8657181,0.15886203944683075,0.6309999823570251,0.33410000801086426
YGR158C,YBL056W,0,-3.8657637,0.15882204473018646,0.6309999823570251,0.334199994802475
YLR197W,YMR015C,0,-3.8658998,0.15878207981586456,0.6309999823570251,0.3343000113964081
YMR284W,YJL208C,1,-3.8663719,0.1589937061071396,0.6320000290870667,0.3343000113964081
YGR246C,YJL045W,0,-3.8663907,0.1589537262916565,0.6320000290870667,0.3343999981880188
YKR001C,YKL110C,0,-3.8665996,0.1589137613773346,0.6320000290870667,0.3345000147819519
YLL011W,YDR106W,0,-3.8666983,0.1588738113641739,0.6320000290870667,0.3346000015735626
YMR316W,YEL015W,0,-3.8667016,0.15883387625217438,0.6320000290870667,0.33469998836517334
YFR024C,YHR058C,0,-3.8669019,0.15879397094249725,0.6320000290870667,0.33480000495910645
YNL082W,YGR296W,1,-3.8677778,0.159005269408226,0.6330000162124634,0.33480000495910645
YCL066W,YBR006W,0,-3.8680012,0.1589653491973877,0.6330000162124634,0.33489999175071716
YER045C,YDR146C,0,-3.8680847,0.15892542898654938,0.6330000162124634,0.33500000834465027
YGR156W,YBL100W-A,0,-3.8682482,0.15888553857803345,0.6330000162124634,0.335099995136261
YDL223C,YDR120C,0,-3.868288,0.1588456779718399,0.6330000162124634,0.3352000117301941
YNL206C,YER173W,1,-3.8690076,0.15905669331550598,0.6340000033378601,0.3352000117301941
YGR109W-B,YBR118W,0,-3.8690789,0.15901680290699005,0.6340000033378601,0.3352999985218048
YDL064W,YJL085W,0,-3.8691187,0.15897692739963531,0.6340000033378601,0.3353999853134155
YML128C,YML061C,1,-3.8692343,0.15918776392936707,0.6349999904632568,0.3353999853134155
YGL144C,YER035W,0,-3.8694954,0.15914787352085114,0.6349999904632568,0.33550000190734863
YJL113W,YKL035W,0,-3.8695507,0.1591079980134964,0.6349999904632568,0.33559998869895935
YJL069C,YDR256C,0,-3.8696175,0.15906813740730286,0.6349999904632568,0.33570000529289246
YFR005C,YHR070W,0,-3.869945,0.1590283066034317,0.6349999904632568,0.3357999920845032
YPR086W,YIL017C,0,-3.870009,0.15898847579956055,0.6349999904632568,0.3359000086784363
YKL125W,YDR529C,0,-3.8700938,0.15894868969917297,0.6349999904632568,0.335999995470047
YDL024C,YOR206W,0,-3.8701384,0.1589089035987854,0.6349999904632568,0.3361000120639801
YBR237W,YPL092W,0,-3.8701713,0.15886914730072021,0.6349999904632568,0.3361999988555908
YKR081C,YDR377W,0,-3.8702369,0.15882942080497742,0.6349999904632568,0.33629998564720154
YJR090C,YMR139W,0,-3.8703227,0.15878969430923462,0.6349999904632568,0.33640000224113464
YNL245C,YML048W,0,-3.8704157,0.1587499976158142,0.6349999904632568,0.33649998903274536
YNL177C,YLR224W,0,-3.8705976,0.158710315823555,0.6349999904632568,0.33660000562667847
YMR168C,YOL054W,0,-3.8707736,0.15867066383361816,0.6349999904632568,0.3366999924182892
YMR104C,YDR092W,0,-3.8708487,0.15863102674484253,0.6349999904632568,0.3368000090122223
YIL144W,YJL092W,0,-3.8708599,0.1585914045572281,0.6349999904632568,0.336899995803833
YOL095C,YMR048W,0,-3.871013,0.15855181217193604,0.6349999904632568,0.3370000123977661
YPL257W-B,YDR365W-B,0,-3.871104,0.15851223468780518,0.6349999904632568,0.33709999918937683
YDR247W,YBL020W,0,-3.8711665,0.1584726721048355,0.6349999904632568,0.33719998598098755
YGR257C,YDR030C,0,-3.871357,0.15843313932418823,0.6349999904632568,0.33730000257492065
YLR035C-A,YDR118W,0,-3.8717494,0.15839362144470215,0.6349999904632568,0.33739998936653137
YBR066C,YJL012C,0,-3.8721385,0.15835411846637726,0.6349999904632568,0.3375000059604645
YMR210W,YCR094W,0,-3.8721485,0.15831463038921356,0.6349999904632568,0.3375999927520752
YNL139C,YNL206C,1,-3.8728838,0.15852442383766174,0.6359999775886536,0.3375999927520752
YIL068C,YGR177C,0,-3.8729398,0.15848492085933685,0.6359999775886536,0.3377000093460083
YJR145C,YBL074C,0,-3.8729534,0.15844544768333435,0.6359999775886536,0.337799996137619
YIR009W,YHR181W,0,-3.8730712,0.15840597450733185,0.6359999775886536,0.3379000127315521
YLR186W,YLR260W,0,-3.873333,0.15836653113365173,0.6359999775886536,0.33799999952316284
YMR036C,YLR060W,0,-3.8734207,0.1583271026611328,0.6359999775886536,0.33809998631477356
YML085C,YDR227W,0,-3.8738465,0.15828770399093628,0.6359999775886536,0.33820000290870667
YBR112C,YMR276W,0,-3.874065,0.15824832022190094,0.6359999775886536,0.3382999897003174
YHR043C,YGR083C,0,-3.8743541,0.1582089513540268,0.6359999775886536,0.3384000062942505
YPL119C,YFL018W-A,0,-3.8746762,0.15816961228847504,0.6359999775886536,0.3384999930858612
YFL050C,YOR211C,0,-3.8749032,0.15813028812408447,0.6359999775886536,0.3386000096797943
YDR110W,YER173W,1,-3.8749554,0.15833954513072968,0.6370000243186951,0.3386000096797943
YGR121C,YJL074C,0,-3.8749824,0.15830020606517792,0.6370000243186951,0.33869999647140503
YDR202C,YNR032W,0,-3.8752966,0.15826086699962616,0.6370000243186951,0.33880001306533813
YIL008W,YPL042C,0,-3.8753285,0.1582215577363968,0.6370000243186951,0.33889999985694885
YJR019C,YIR019C,0,-3.8755505,0.1581822633743286,0.6370000243186951,0.33899998664855957
YOR221C,YGR179C,0,-3.8755631,0.15814299881458282,0.6370000243186951,0.3391000032424927
YDR436W,YDR308C,0,-3.8758588,0.15810374915599823,0.6370000243186951,0.3391999900341034
YBR250W,YLR095C,0,-3.8761625,0.15806451439857483,0.6370000243186951,0.3393000066280365
YDR075W,YPL001W,0,-3.8762927,0.15802530944347382,0.6370000243186951,0.3393999934196472
YPL179W,YNL188W,0,-3.8764882,0.1579861044883728,0.6370000243186951,0.3395000100135803
YIR025W,YHR079C-B,1,-3.876701,0.158194899559021,0.6380000114440918,0.3395000100135803
YDR460W,YOL105C,0,-3.8767264,0.1581556797027588,0.6380000114440918,0.33959999680519104
YPL049C,YGR006W,0,-3.8768554,0.15811647474765778,0.6380000114440918,0.33970001339912415
YNR060W,YPR033C,0,-3.8770115,0.15807729959487915,0.6380000114440918,0.33980000019073486
YMR061W,YHR181W,0,-3.8777108,0.1580381542444229,0.6380000114440918,0.3398999869823456
YMR220W,YGL105W,0,-3.8778634,0.15799900889396667,0.6380000114440918,0.3400000035762787
YKL017C,YBR040W,0,-3.8778768,0.15795989334583282,0.6380000114440918,0.3400999903678894
YMR284W,YDL154W,1,-3.8779452,0.15816831588745117,0.6389999985694885,0.3400999903678894
YLR205C,YBR041W,0,-3.8780906,0.15812917053699493,0.6389999985694885,0.3402000069618225
YCR072C,YIL139C,0,-3.878149,0.15809005498886108,0.6389999985694885,0.3402999937534332
YOR068C,YPR163C,0,-3.8784316,0.15805095434188843,0.6389999985694885,0.34040001034736633
YGL158W,YHR042W,0,-3.8786063,0.15801186859607697,0.6389999985694885,0.34049999713897705
YCL004W,YDR389W,0,-3.878766,0.1579728126525879,0.6389999985694885,0.34060001373291016
YDR379W,YJR093C,0,-3.8788183,0.15793375670909882,0.6389999985694885,0.3407000005245209
YDR021W,YNL094W,0,-3.8791137,0.15789473056793213,0.6389999985694885,0.3407999873161316
YLR386W,YJL091C,0,-3.8792279,0.15785573422908783,0.6389999985694885,0.3409000039100647
YDR263C,YGL014W,0,-3.8795495,0.15781673789024353,0.6389999985694885,0.3409999907016754
YNL282W,YKR072C,0,-3.879825,0.15777777135372162,0.6389999985694885,0.3411000072956085
YNL294C,YBL009W,0,-3.880137,0.1577388346195221,0.6389999985694885,0.34119999408721924
YHR196W,YDR182W,0,-3.8802812,0.15769989788532257,0.6389999985694885,0.34130001068115234
YGR040W,YHR190W,0,-3.8803916,0.15766099095344543,0.6389999985694885,0.34139999747276306
YKR061W,YBR091C,0,-3.8804855,0.1576220989227295,0.6389999985694885,0.34150001406669617
YBL005W-A,YKR028W,0,-3.8810072,0.15758323669433594,0.6389999985694885,0.3416000008583069
YBR199W,YIR008C,0,-3.8810725,0.15754437446594238,0.6389999985694885,0.3416999876499176
YOR281C,YPL155C,0,-3.8810923,0.15750554203987122,0.6389999985694885,0.3418000042438507
YKL188C,YNL079C,0,-3.8811984,0.15746673941612244,0.6389999985694885,0.3418999910354614
YDR146C,YCL016C,0,-3.881562,0.15742793679237366,0.6389999985694885,0.34200000762939453
YCR089W,YGL208W,0,-3.8816202,0.15738916397094727,0.6389999985694885,0.34209999442100525
YOR023C,YGL029W,0,-3.8816736,0.15735040605068207,0.6389999985694885,0.34220001101493835
YIR033W,YOR069W,0,-3.8817682,0.15731166303157806,0.6389999985694885,0.3422999978065491
YJR053W,YBR280C,0,-3.8820329,0.15727294981479645,0.6389999985694885,0.3424000144004822
YPL253C,YJR029W,0,-3.8820982,0.15723425149917603,0.6389999985694885,0.3425000011920929
YLR035C-A,YER045C,0,-3.8822865,0.1571955680847168,0.6389999985694885,0.3425999879837036
YGL096W,YCR033W,0,-3.8835456,0.15715691447257996,0.6389999985694885,0.3427000045776367
YNL304W,YKL141W,0,-3.8837156,0.1571182757616043,0.6389999985694885,0.34279999136924744
YPL075W,YFL018W-A,0,-3.883923,0.15707965195178986,0.6389999985694885,0.34290000796318054
YAR009C,YPL257W-A,0,-3.8840418,0.1570410430431366,0.6389999985694885,0.34299999475479126
YPL092W,YOR381W,0,-3.8844705,0.15700246393680573,0.6389999985694885,0.34310001134872437
YLR095C,YMR288W,0,-3.8845217,0.15696388483047485,0.6389999985694885,0.3431999981403351
YHR070W,YOR028C,0,-3.8847563,0.15692535042762756,0.6389999985694885,0.3433000147342682
YNL112W,YDL231C,0,-3.885085,0.15688681602478027,0.6389999985694885,0.3434000015258789
YHR067W,YPR193C,0,-3.8854709,0.15684831142425537,0.6389999985694885,0.3434999883174896
YPL015C,YDR113C,1,-3.885572,0.15705521404743195,0.6399999856948853,0.3434999883174896
YMR199W,YDR302W,0,-3.885786,0.15701667964458466,0.6399999856948853,0.34360000491142273
YKR019C,YHR135C,0,-3.8860004,0.15697817504405975,0.6399999856948853,0.34369999170303345
YGR070W,YOR068C,0,-3.8861442,0.15693967044353485,0.6399999856948853,0.34380000829696655
YMR127C,YDL174C,0,-3.886345,0.15690119564533234,0.6399999856948853,0.34389999508857727
YLR207W,YPL266W,0,-3.886987,0.1568627506494522,0.6399999856948853,0.3440000116825104
YMR104C,YHR005C,0,-3.887009,0.15682430565357208,0.6399999856948853,0.3440999984741211
YPR125W,YGR161C,0,-3.8871336,0.15678589046001434,0.6399999856948853,0.3441999852657318
YCL035C,YOR195W,0,-3.8873854,0.1567474901676178,0.6399999856948853,0.3443000018596649
YOL072W,YDR113C,1,-3.887475,0.15695396065711975,0.640999972820282,0.3443000018596649
YPL161C,YIL143C,0,-3.8876514,0.156915545463562,0.640999972820282,0.34439998865127563
YBR030W,YBR132C,0,-3.8877115,0.15687714517116547,0.640999972820282,0.34450000524520874
YOR193W,YCR028C,0,-3.8877895,0.15683875977993011,0.640999972820282,0.34459999203681946
YDL022W,YDL003W,0,-3.8878248,0.15680038928985596,0.640999972820282,0.34470000863075256
YPR103W,YIR018W,0,-3.8881607,0.1567620486021042,0.640999972820282,0.3447999954223633
YOR244W,YJR125C,0,-3.88862,0.1567237228155136,0.640999972820282,0.3449000120162964
YJL148W,YHR200W,0,-3.889103,0.15668541193008423,0.640999972820282,0.3449999988079071
YLR047C,YOR316C,0,-3.8891141,0.15664711594581604,0.640999972820282,0.3450999855995178
YLR165C,YBR216C,0,-3.8896492,0.15660884976387024,0.640999972820282,0.3452000021934509
YAL026C,YMR268C,0,-3.8901448,0.15657059848308563,0.640999972820282,0.34529998898506165
YMR288W,YFL031W,0,-3.8902016,0.15653236210346222,0.640999972820282,0.34540000557899475
YIL048W,YBR091C,0,-3.8902552,0.156494140625,0.640999972820282,0.34549999237060547
YJL013C,YFR050C,0,-3.8904276,0.15645594894886017,0.640999972820282,0.3456000089645386
YFR024C,YDR473C,0,-3.8904338,0.15641777217388153,0.640999972820282,0.3456999957561493
YLR109W,YCL054W,0,-3.8904572,0.1563796103000641,0.640999972820282,0.3458000123500824
YKR079C,YDL134C,0,-3.8906782,0.15634146332740784,0.640999972820282,0.3458999991416931
YBR136W,YPL283C,1,-3.891136,0.1565471887588501,0.6420000195503235,0.3458999991416931
YGL194C,YBR066C,0,-3.8912506,0.15650902688503265,0.6420000195503235,0.34599998593330383
YDR527W,YKL113C,0,-3.8912816,0.1564708799123764,0.6420000195503235,0.34610000252723694
YNL312W,YKL130C,1,-3.8916779,0.15667641162872314,0.6430000066757202,0.34610000252723694
YLR380W,YIL065C,0,-3.8928554,0.1566382497549057,0.6430000066757202,0.34619998931884766
YLR033W,YDL216C,0,-3.8931203,0.15660010278224945,0.6430000066757202,0.34630000591278076
YOR193W,YMR267W,0,-3.893227,0.1565619707107544,0.6430000066757202,0.3463999927043915
YIL080W,YHR031C,0,-3.8936014,0.15652385354042053,0.6430000066757202,0.3465000092983246
YDR069C,YLR035C-A,0,-3.893763,0.15648576617240906,0.6430000066757202,0.3465999960899353
YMR068W,YER049W,0,-3.8940935,0.15644769370555878,0.6430000066757202,0.3467000126838684
YLR067C,YOR346W,0,-3.8941212,0.1564096361398697,0.6430000066757202,0.3467999994754791
YNL221C,YJR125C,0,-3.8941398,0.1563715934753418,0.6430000066757202,0.34689998626708984
YNL123W,YOR288C,0,-3.8941514,0.1563335806131363,0.6430000066757202,0.34700000286102295
YBL084C,YKL129C,0,-3.894528,0.15629558265209198,0.6430000066757202,0.34709998965263367
YCR072C,YBL106C,0,-3.8945563,0.15625759959220886,0.6430000066757202,0.3472000062465668
YNL103W,YOL020W,0,-3.8946447,0.15621963143348694,0.6430000066757202,0.3472999930381775
YDR256C,YGR278W,0,-3.8947346,0.1561816930770874,0.6430000066757202,0.3474000096321106
YNR019W,YNL207W,0,-3.8948238,0.15614375472068787,0.6430000066757202,0.3474999964237213
YIL147C,YCR093W,0,-3.8951144,0.15610584616661072,0.6430000066757202,0.3476000130176544
YLR304C,YMR138W,0,-3.8953128,0.15606796741485596,0.6430000066757202,0.34769999980926514
YIR015W,YDL213C,0,-3.8953993,0.1560300886631012,0.6430000066757202,0.34779998660087585
YDR448W,YGR159C,0,-3.8955011,0.15599223971366882,0.6430000066757202,0.34790000319480896
YNR039C,YML045W,0,-3.8957343,0.15595440566539764,0.6430000066757202,0.3479999899864197
YDL245C,YJR060W,0,-3.89579,0.15591658651828766,0.6430000066757202,0.3481000065803528
YOR038C,YDR389W,0,-3.89591,0.15587878227233887,0.6430000066757202,0.3481999933719635
YHR160C,YMR069W,0,-3.8960133,0.15584100782871246,0.6430000066757202,0.3483000099658966
YOR213C,YML126C,0,-3.896358,0.15580324828624725,0.6430000066757202,0.3483999967575073
YIL014W,YNR074C,0,-3.896935,0.15576550364494324,0.6430000066757202,0.34850001335144043
YDR314C,YCL003W,0,-3.8972476,0.15572777390480042,0.6430000066757202,0.34860000014305115
YIR025W,YBR279W,1,-3.8978763,0.1559322029352188,0.6439999938011169,0.34860000014305115
YDR400W,YOL113W,0,-3.8980274,0.1558944582939148,0.6439999938011169,0.34869998693466187
YOR290C,YGR145W,0,-3.898151,0.15585672855377197,0.6439999938011169,0.34880000352859497
YIL031W,YGR086C,0,-3.8981643,0.15581901371479034,0.6439999938011169,0.3488999903202057
YDR059C,YAR014C,0,-3.8983402,0.1557813286781311,0.6439999938011169,0.3490000069141388
YGL116W,YCL032W,0,-3.8984046,0.15574365854263306,0.6439999938011169,0.3490999937057495
YDR057W,YBL106C,0,-3.8986773,0.1557060033082962,0.6439999938011169,0.3492000102996826
YHR138C,YOR088W,0,-3.8988695,0.15566836297512054,0.6439999938011169,0.34929999709129333
YBR079C,YBR132C,0,-3.8990908,0.15563073754310608,0.6439999938011169,0.34940001368522644
YFL021W,YLR117C,0,-3.8991055,0.155593141913414,0.6439999938011169,0.34950000047683716
YNL139C,YMR167W,1,-3.899278,0.1557970941066742,0.6449999809265137,0.34950000047683716
YAL021C,YNL214W,0,-3.899356,0.15575948357582092,0.6449999809265137,0.3495999872684479
YOL078W,YLR212C,0,-3.8993769,0.15572187304496765,0.6449999809265137,0.349700003862381
YBR250W,YOR207C,0,-3.8997602,0.15568429231643677,0.6449999809265137,0.3497999906539917
YNR072W,YGR129W,0,-3.8998322,0.15564671158790588,0.6449999809265137,0.3499000072479248
YLL035W,YJR027W,0,-3.8999243,0.1556091606616974,0.6449999809265137,0.3499999940395355
YFR055W,YDR377W,0,-3.9001093,0.15557163953781128,0.6449999809265137,0.35010001063346863
YMR199W,YER021W,0,-3.9005742,0.15553411841392517,0.6449999809265137,0.35019999742507935
YNL130C,YOR249C,0,-3.9006107,0.15549662709236145,0.6449999809265137,0.35030001401901245
YBR279W,YML061C,1,-3.9007533,0.15570016205310822,0.6460000276565552,0.35030001401901245
YDR440W,YML061C,1,-3.9008799,0.15590360760688782,0.6470000147819519,0.35030001401901245
YML058W-A,YML069W,0,-3.9009142,0.15586605668067932,0.6470000147819519,0.35040000081062317
YPL242C,YDR314C,0,-3.9010885,0.15582852065563202,0.6470000147819519,0.3504999876022339
YNL090W,YBL093C,0,-3.9012039,0.1557909995317459,0.6470000147819519,0.350600004196167
YNL093W,YOR130C,0,-3.901315,0.155753493309021,0.6470000147819519,0.3506999909877777
YDL101C,YPL266W,0,-3.9014606,0.15571600198745728,0.6470000147819519,0.3508000075817108
YBL084C,YMR272C,0,-3.9017699,0.15567854046821594,0.6470000147819519,0.35089999437332153
YNL088W,YDR180W,1,-3.901794,0.15588164329528809,0.6480000019073486,0.35089999437332153
YDL008W,YPL020C,0,-3.9021583,0.15584415197372437,0.6480000019073486,0.35100001096725464
YNR054C,YML126C,0,-3.9021597,0.15580669045448303,0.6480000019073486,0.35109999775886536
YHR142W,YJR029W,0,-3.902359,0.1557692289352417,0.6480000019073486,0.35120001435279846
YGL142C,YKL120W,0,-3.9024527,0.15573179721832275,0.6480000019073486,0.3513000011444092
YOR004W,YHR031C,0,-3.9030132,0.155694380402565,0.6480000019073486,0.3513999879360199
YPL228W,YOR240W,0,-3.9030628,0.15565697848796844,0.6480000019073486,0.351500004529953
YLL034C,YLR284C,0,-3.9030933,0.15561959147453308,0.6480000019073486,0.3515999913215637
YBR012W-A,YOR381W,0,-3.9031162,0.1555822342634201,0.6480000019073486,0.3517000079154968
YLR433C,YLR092W,0,-3.9031281,0.15554489195346832,0.6480000019073486,0.35179999470710754
YPL181W,YMR235C,0,-3.9033802,0.15550756454467773,0.6480000019073486,0.35190001130104065
YGL181W,YBL080C,0,-3.9034913,0.15547025203704834,0.6480000019073486,0.35199999809265137
YMR250W,YGL019W,0,-3.9035149,0.15543295443058014,0.6480000019073486,0.3521000146865845
YLR176C,YNL133C,0,-3.9035163,0.15539568662643433,0.6480000019073486,0.3522000014781952
YOL093W,YIL056W,0,-3.9038496,0.1553584337234497,0.6480000019073486,0.3522999882698059
YMR219W,YEL030W,0,-3.9038868,0.15532119572162628,0.6480000019073486,0.352400004863739
YDL022W,YLR106C,0,-3.9040453,0.15528397262096405,0.6480000019073486,0.35249999165534973
YHL025W,YLL011W,0,-3.904448,0.155246764421463,0.6480000019073486,0.35260000824928284
YDR312W,YMR042W,0,-3.904825,0.15520958602428436,0.6480000019073486,0.35269999504089355
YOR048C,YDR263C,0,-3.9050899,0.1551724076271057,0.6480000019073486,0.35280001163482666
YOR372C,YOR231W,0,-3.9051108,0.15513525903224945,0.6480000019073486,0.3528999984264374
YIR026C,YDR309C,0,-3.9051511,0.15509814023971558,0.6480000019073486,0.3529999852180481
YDR171W,YKR053C,0,-3.9054673,0.1550610214471817,0.6480000019073486,0.3531000018119812
YCR072C,YER100W,0,-3.9056306,0.15502391755580902,0.6480000019073486,0.3531999886035919
YNL282W,YNL307C,0,-3.905905,0.15498684346675873,0.6480000019073486,0.353300005197525
YKR003W,YBR240C,0,-3.905907,0.15494978427886963,0.6480000019073486,0.35339999198913574
YOR386W,YLR009W,0,-3.9059143,0.15491273999214172,0.6480000019073486,0.35350000858306885
YPL076W,YJL005W,0,-3.9064322,0.154875710606575,0.6480000019073486,0.35359999537467957
YGL027C,YKL085W,0,-3.906476,0.1548387110233307,0.6480000019073486,0.35370001196861267
YGR245C,YDR115W,0,-3.906598,0.15480172634124756,0.6480000019073486,0.3537999987602234
YPL174C,YGR108W,0,-3.9066103,0.15476474165916443,0.6480000019073486,0.3538999855518341
YKR061W,YML065W,0,-3.9067535,0.1547277867794037,0.6480000019073486,0.3540000021457672
YLR467W,YBR279W,1,-3.9067657,0.15492957830429077,0.6489999890327454,0.3540000021457672
YIR015W,YKR028W,0,-3.9069014,0.15489260852336884,0.6489999890327454,0.35409998893737793
YML023C,YGR171C,0,-3.906992,0.1548556387424469,0.6489999890327454,0.35420000553131104
YJR093C,YPR021C,0,-3.9072113,0.15481869876384735,0.6489999890327454,0.35429999232292175
YBR142W,YLR320W,0,-3.90749,0.154781773686409,0.6489999890327454,0.35440000891685486
YPR181C,YDL060W,0,-3.9075108,0.15474487841129303,0.6489999890327454,0.3544999957084656
YBL061C,YOR048C,0,-3.907784,0.15470798313617706,0.6489999890327454,0.3546000123023987
YJR029W,YJR143C,0,-3.9078155,0.15467111766338348,0.6489999890327454,0.3546999990940094
YLR092W,YPL266W,0,-3.907886,0.1546342670917511,0.6489999890327454,0.3547999858856201
YDR446W,YLR467W,1,-3.9079099,0.15483564138412476,0.6499999761581421,0.3547999858856201
YLR048W,YDR392W,0,-3.907962,0.15479876101016998,0.6499999761581421,0.3549000024795532
YDR289C,YFL003C,1,-3.9081254,0.1550000011920929,0.6510000228881836,0.3549000024795532
YDR116C,YFR024C,0,-3.908554,0.15496310591697693,0.6510000228881836,0.35499998927116394
YBR294W,YDR480W,0,-3.9085813,0.15492622554302216,0.6510000228881836,0.35510000586509705
YEL031W,YJL106W,0,-3.908596,0.15488936007022858,0.6510000228881836,0.35519999265670776
YBR167C,YGR013W,0,-3.908731,0.15485252439975739,0.6510000228881836,0.35530000925064087
YDR446W,YLR466W,1,-3.9089563,0.15505351126194,0.6520000100135803,0.35530000925064087
YGR296W,YOR035C,1,-3.9092293,0.15525439381599426,0.652999997138977,0.35530000925064087
YFR040W,YJL146W,0,-3.909472,0.1552174985408783,0.652999997138977,0.3553999960422516
YDR170W-A,YLR006C,0,-3.9096618,0.15518060326576233,0.652999997138977,0.3555000126361847
YHR089C,YIL080W,0,-3.9096918,0.15514373779296875,0.652999997138977,0.3555999994277954
YHR030C,YPL155C,0,-3.910478,0.15510688722133636,0.652999997138977,0.35569998621940613
YOR038C,YMR268C,0,-3.9106984,0.15507005155086517,0.652999997138977,0.35580000281333923
YKR002W,YPL106C,0,-3.9107692,0.15503324568271637,0.652999997138977,0.35589998960494995
YBR215W,YNL093W,0,-3.910922,0.15499643981456757,0.652999997138977,0.35600000619888306
YOL072W,YOR035C,1,-3.9115279,0.15519696474075317,0.6539999842643738,0.35600000619888306
YER148W,YNL230C,0,-3.9118237,0.15516014397144318,0.6539999842643738,0.3560999929904938
YLR411W,YBR010W,0,-3.9118733,0.15512333810329437,0.6539999842643738,0.3562000095844269
YNL070W,YDL147W,0,-3.9121366,0.15508654713630676,0.6539999842643738,0.3562999963760376
YER006W,YMR060C,0,-3.9122465,0.15504978597164154,0.6539999842643738,0.3564000129699707
YBR205W,YPL055C,0,-3.9122505,0.1550130397081375,0.6539999842643738,0.3564999997615814
YJL183W,YPL253C,0,-3.9123454,0.15497630834579468,0.6539999842643738,0.35659998655319214
YLR360W,YDL004W,0,-3.9124398,0.15493959188461304,0.6539999842643738,0.35670000314712524
YGL178W,YPR143W,0,-3.912499,0.1549028903245926,0.6539999842643738,0.35679998993873596
YPL194W,YBR279W,1,-3.9125,0.15510301291942596,0.6549999713897705,0.35679998993873596
YKR026C,YJL094C,0,-3.9127011,0.15506628155708313,0.6549999713897705,0.35690000653266907
YJR027W,YDR081C,0,-3.9129987,0.15502957999706268,0.6549999713897705,0.3569999933242798
YJR027W,YOL116W,0,-3.9130633,0.15499290823936462,0.6549999713897705,0.3571000099182129
YIL068C,YIL132C,0,-3.9132054,0.15495623648166656,0.6549999713897705,0.3571999967098236
YLR293C,YKR020W,0,-3.9133344,0.1549195796251297,0.6549999713897705,0.3573000133037567
YGR013W,YPR057W,0,-3.9134173,0.15488295257091522,0.6549999713897705,0.35740000009536743
YJL021C,YHR135C,0,-3.9135294,0.15484634041786194,0.6549999713897705,0.35749998688697815
YPL221W,YHR077C,0,-3.9136252,0.15480974316596985,0.6549999713897705,0.35760000348091125
YDR058C,YGR005C,0,-3.9137306,0.15477316081523895,0.6549999713897705,0.357699990272522
YIR026C,YOR005C,0,-3.9140391,0.15473659336566925,0.6549999713897705,0.3578000068664551
YLR224W,YER082C,0,-3.9140983,0.15470004081726074,0.6549999713897705,0.3578999936580658
YLR396C,YDR294C,0,-3.9148142,0.15466351807117462,0.6549999713897705,0.3580000102519989
YGL158W,YOR136W,0,-3.914837,0.1546270102262497,0.6549999713897705,0.3580999970436096
YMR012W,YOL133W,0,-3.9150035,0.15459051728248596,0.6549999713897705,0.3582000136375427
YPL065W,YNR031C,0,-3.9151073,0.15455403923988342,0.6549999713897705,0.35830000042915344
YAR010C,YCR039C,0,-3.9156384,0.15451757609844208,0.6549999713897705,0.35839998722076416
YOR362C,YLR321C,0,-3.9158342,0.15448112785816193,0.6549999713897705,0.35850000381469727
YGR075C,YMR021C,0,-3.9160242,0.15444470942020416,0.6549999713897705,0.358599990606308
YLR141W,YOR043W,0,-3.9164627,0.1544082909822464,0.6549999713897705,0.3587000072002411
YGR075C,YDL029W,0,-3.9165921,0.15437190234661102,0.6549999713897705,0.3587999939918518
YKL220C,YOR174W,0,-3.9167128,0.15433552861213684,0.6549999713897705,0.3589000105857849
YHR005C-A,YLR260W,0,-3.9168708,0.15429916977882385,0.6549999713897705,0.35899999737739563
YBL005W-A,YJL125C,0,-3.9173007,0.15426284074783325,0.6549999713897705,0.35910001397132874
YOR023C,YJL006C,0,-3.9173386,0.15422651171684265,0.6549999713897705,0.35920000076293945
YPR082C,YDL077C,0,-3.9179566,0.15419021248817444,0.6549999713897705,0.35929998755455017
YFR024C,YOR150W,0,-3.9181652,0.15415391325950623,0.6549999713897705,0.3594000041484833
YMR164C,YPL146C,0,-3.9182432,0.1541176438331604,0.6549999713897705,0.359499990940094
YDL216C,YNL207W,0,-3.9183342,0.15408138930797577,0.6549999713897705,0.3596000075340271
YDR284C,YLR293C,0,-3.9185019,0.15404514968395233,0.6549999713897705,0.3596999943256378
YOL068C,YDL154W,1,-3.9186096,0.154244065284729,0.656000018119812,0.3596999943256378
YDL147W,YNL053W,0,-3.9187307,0.15420781075954437,0.656000018119812,0.3598000109195709
YDR170W-A,YER089C,0,-3.9187737,0.15417155623435974,0.656000018119812,0.35989999771118164
YDR256C,YBL100W-A,0,-3.9187927,0.1541353315114975,0.656000018119812,0.36000001430511475
YOR144C,YBR279W,1,-3.9189596,0.15433403849601746,0.6570000052452087,0.36000001430511475
YPL231W,YHR031C,0,-3.919096,0.15429779887199402,0.6570000052452087,0.36010000109672546
YBR127C,YBL008W,0,-3.919227,0.15426155924797058,0.6570000052452087,0.3601999878883362
YGL097W,YOL089C,0,-3.91932,0.15422534942626953,0.6570000052452087,0.3603000044822693
YHL036W,YMR213W,0,-3.9194355,0.15418915450572968,0.6570000052452087,0.36039999127388
YHR086W,YGL233W,0,-3.919489,0.154152974486351,0.6570000052452087,0.3605000078678131
YKL038W,YOL060C,0,-3.91966,0.15411682426929474,0.6570000052452087,0.36059999465942383
YLL035W,YJL092W,0,-3.919665,0.15408067405223846,0.6570000052452087,0.36070001125335693
YPL022W,YER173W,1,-3.9199274,0.15427900850772858,0.6579999923706055,0.36070001125335693
YDR202C,YOR226C,0,-3.9199812,0.1542428433895111,0.6579999923706055,0.36079999804496765
YPR005C,YDR081C,0,-3.9200249,0.15420670807361603,0.6579999923706055,0.36090001463890076
YER104W,YAL029C,1,-3.9201088,0.154404878616333,0.6589999794960022,0.36090001463890076
YMR173W,YHL007C,0,-3.9202363,0.15436869859695435,0.6589999794960022,0.3610000014305115
YOL090W,YAL029C,1,-3.9202578,0.15456674993038177,0.6600000262260437,0.3610000014305115
YJR093C,YML027W,0,-3.9203587,0.15453055500984192,0.6600000262260437,0.3610999882221222
YJL021C,YJR102C,0,-3.920514,0.15449437499046326,0.6600000262260437,0.3612000048160553
YNL188W,YDR393W,0,-3.9206767,0.15445822477340698,0.6600000262260437,0.361299991607666
YDL223C,YBR159W,0,-3.9208927,0.1544220894575119,0.6600000262260437,0.3614000082015991
YKL059C,YOL158C,0,-3.9212933,0.15438596904277802,0.6600000262260437,0.36149999499320984
YKL013C,YLR221C,0,-3.921574,0.15434986352920532,0.6600000262260437,0.36160001158714294
YNL298W,YBR215W,0,-3.9220438,0.15431377291679382,0.6600000262260437,0.36169999837875366
YER174C,YJR049C,0,-3.9220853,0.15427769720554352,0.6600000262260437,0.3617999851703644
YLR467W,YPL015C,1,-3.9225826,0.1544753462076187,0.6610000133514404,0.3617999851703644
YGR134W,YJL187C,0,-3.9226837,0.15443925559520721,0.6610000133514404,0.3619000017642975
YBR091C,YOL066C,0,-3.9228568,0.1544031798839569,0.6610000133514404,0.3619999885559082
YDR384C,YKL126W,0,-3.9229302,0.1543671190738678,0.6610000133514404,0.3621000051498413
YGL213C,YLR466W,1,-3.9231741,0.15456455945968628,0.6620000004768372,0.3621000051498413
YOR056C,YAL010C,0,-3.9231853,0.15452848374843597,0.6620000004768372,0.362199991941452
YKL200C,YCR028C,0,-3.9232802,0.15449240803718567,0.6620000004768372,0.36230000853538513
YER013W,YMR048W,0,-3.9233713,0.15445636212825775,0.6620000004768372,0.36239999532699585
YPL047W,YKL117W,0,-3.9234343,0.15442034602165222,0.6620000004768372,0.36250001192092896
YAL009W,YDR263C,0,-3.9237533,0.1543843299150467,0.6620000004768372,0.3625999987125397
YDL150W,YPL032C,0,-3.9241798,0.15434832870960236,0.6620000004768372,0.3626999855041504
YPL022W,YML061C,1,-3.9241838,0.15454545617103577,0.6629999876022339,0.3626999855041504
YJL090C,YPL015C,1,-3.9243264,0.15474247932434082,0.6639999747276306,0.3626999855041504
YNL102W,YPR155C,0,-3.9243727,0.1547064334154129,0.6639999747276306,0.3628000020980835
YPR005C,YAL034W-A,0,-3.924454,0.15467038750648499,0.6639999747276306,0.3628999888896942
YOL091W,YMR207C,0,-3.9249716,0.15463437139987946,0.6639999747276306,0.3630000054836273
YJL157C,YLR045C,0,-3.9249754,0.15459837019443512,0.6639999747276306,0.36309999227523804
YDR065W,YLR034C,0,-3.9251828,0.15456238389015198,0.6639999747276306,0.36320000886917114
YDR289C,YPL194W,1,-3.9254065,0.15475913882255554,0.6650000214576721,0.36320000886917114
YNL247W,YIR023W,0,-3.9256296,0.15472312271595,0.6650000214576721,0.36329999566078186
YPL097W,YML034W,0,-3.9258184,0.15468713641166687,0.6650000214576721,0.36340001225471497
YNR006W,YJR047C,0,-3.9259255,0.15465116500854492,0.6650000214576721,0.3634999990463257
YPR119W,YLR071C,0,-3.9264843,0.15461520850658417,0.6650000214576721,0.3635999858379364
YDR325W,YKL007W,0,-3.9265409,0.1545792669057846,0.6650000214576721,0.3637000024318695
YKL194C,YDL002C,0,-3.9266868,0.15454334020614624,0.6650000214576721,0.3637999892234802
YML032C,YML061C,1,-3.9268239,0.15473978221416473,0.6660000085830688,0.3637999892234802
YDR404C,YDR231C,0,-3.9270275,0.15470382571220398,0.6660000085830688,0.36390000581741333
YDR256C,YPR016C,0,-3.9272223,0.1546678990125656,0.6660000085830688,0.36399999260902405
YMR168C,YPR183W,0,-3.9273648,0.15463198721408844,0.6660000085830688,0.36410000920295715
YGL075C,YKL110C,0,-3.9277682,0.15459610521793365,0.6660000085830688,0.36419999599456787
YIL080W,YER126C,0,-3.92806,0.15456022322177887,0.6660000085830688,0.364300012588501
YMR182C,YLR100W,0,-3.928203,0.15452435612678528,0.6660000085830688,0.3643999993801117
YOR119C,YMR042W,0,-3.9282575,0.15448851883411407,0.6660000085830688,0.3644999861717224
YAR010C,YJL001W,0,-3.9284055,0.15445269644260406,0.6660000085830688,0.3646000027656555
YNL135C,YOR294W,0,-3.928496,0.15441687405109406,0.6660000085830688,0.36469998955726624
YPR190C,YCR028C,0,-3.9285836,0.15438108146190643,0.6660000085830688,0.36480000615119934
YNL075W,YLL038C,0,-3.9285955,0.15434530377388,0.6660000085830688,0.36489999294281006
YGL227W,YPL244C,0,-3.9286299,0.15430954098701477,0.6660000085830688,0.36500000953674316
YPL124W,YOL115W,0,-3.9287457,0.15427380800247192,0.6660000085830688,0.3650999963283539
YBR192W,YKR101W,0,-3.928999,0.15423807501792908,0.6660000085830688,0.365200012922287
YLR102C,YDL031W,0,-3.9290462,0.15420235693454742,0.6660000085830688,0.3652999997138977
YGL111W,YPL174C,0,-3.9293358,0.15416666865348816,0.6660000085830688,0.3653999865055084
YDR325W,YML039W,0,-3.929551,0.1541309952735901,0.6660000085830688,0.36550000309944153
YLR466W,YFL003C,1,-3.9301026,0.15432670712471008,0.6669999957084656,0.36550000309944153
YML093W,YKL085W,0,-3.9303184,0.15429100394248962,0.6669999957084656,0.36559998989105225
YGR202C,YAL002W,0,-3.9303246,0.15425531566143036,0.6669999957084656,0.36570000648498535
YIR033W,YNL207W,0,-3.930397,0.15421965718269348,0.6669999957084656,0.36579999327659607
YNL156C,YMR117C,0,-3.9304874,0.1541839987039566,0.6669999957084656,0.3659000098705292
YHR058C,YDL235C,0,-3.9305696,0.15414837002754211,0.6669999957084656,0.3659999966621399
YBR199W,YNR043W,0,-3.9306717,0.15411275625228882,0.6669999957084656,0.366100013256073
YLR219W,YBR136W,1,-3.9308028,0.15430815517902374,0.6679999828338623,0.366100013256073
YJR094C,YCL052C,0,-3.9323068,0.15427251160144806,0.6679999828338623,0.3662000000476837
YJL041W,YNR034W,0,-3.9329429,0.15423689782619476,0.6679999828338623,0.36629998683929443
YBR084W,YAL058W,0,-3.9332955,0.15420129895210266,0.6679999828338623,0.36640000343322754
YOR237W,YDR120C,0,-3.9336033,0.15416570007801056,0.6679999828338623,0.36649999022483826
YJL011C,YGL229C,0,-3.9336653,0.15413013100624084,0.6679999828338623,0.36660000681877136
YHL024W,YDR289C,1,-3.9336956,0.15432526171207428,0.6690000295639038,0.36660000681877136
YNL312W,YKL011C,1,-3.9337459,0.15452028810977936,0.6700000166893005,0.36660000681877136
YOR078W,YER062C,0,-3.934,0.15448465943336487,0.6700000166893005,0.3666999936103821
YDR045C,YMR051C,0,-3.9340634,0.15444906055927277,0.6700000166893005,0.3668000102043152
YGL207W,YNL225C,0,-3.9346602,0.15441346168518066,0.6700000166893005,0.3668999969959259
YCR081W,YLR131C,0,-3.9346762,0.15437787771224976,0.6700000166893005,0.367000013589859
YDR052C,YDL142C,0,-3.9356818,0.15434232354164124,0.6700000166893005,0.3671000003814697
YBR084W,YLR396C,0,-3.936155,0.15430676937103271,0.6700000166893005,0.36719998717308044
YML036W,YMR276W,0,-3.9363017,0.15427124500274658,0.6700000166893005,0.36730000376701355
YGL089C,YLR167W,0,-3.9363174,0.15423572063446045,0.6700000166893005,0.36739999055862427
YMR263W,YAL002W,0,-3.9363723,0.1542002260684967,0.6700000166893005,0.3675000071525574
YPL130W,YDL213C,0,-3.9364934,0.15416474640369415,0.6700000166893005,0.3675999939441681
YFL034C-B,YNL273W,0,-3.9368248,0.1541292816400528,0.6700000166893005,0.3677000105381012
YDR039C,YJR141W,0,-3.9368649,0.15409383177757263,0.6700000166893005,0.3677999973297119
YOL108C,YBL100W-B,0,-3.9370189,0.15405839681625366,0.6700000166893005,0.367900013923645
YJL187C,YGL210W,0,-3.9370422,0.15402299165725708,0.6700000166893005,0.36800000071525574
YGL027C,YBR173C,0,-3.93709,0.1539875864982605,0.6700000166893005,0.36809998750686646
YLR035C-A,YOR298W,0,-3.937556,0.1539522111415863,0.6700000166893005,0.36820000410079956
YMR184W,YNL236W,0,-3.9379673,0.1539168357849121,0.6700000166893005,0.3682999908924103
YIL034C,YLR016C,0,-3.9381425,0.1538814902305603,0.6700000166893005,0.3684000074863434
YDL046W,YGR280C,0,-3.9384027,0.1538461595773697,0.6700000166893005,0.3684999942779541
YOR368W,YDL154W,1,-3.938478,0.1540404111146927,0.6710000038146973,0.3684999942779541
YFL017W-A,YDR183W,0,-3.938528,0.1540050506591797,0.6710000038146973,0.3686000108718872
YBR079C,YBR223C,0,-3.938664,0.15396970510482788,0.6710000038146973,0.3686999976634979
YGL003C,YML021C,0,-3.9387279,0.15393438935279846,0.6710000038146973,0.36880001425743103
YKL034W,YJR070C,0,-3.9389303,0.15389908850193024,0.6710000038146973,0.36890000104904175
YMR199W,YLR442C,0,-3.9390378,0.153863787651062,0.6710000038146973,0.36899998784065247
YGR048W,YGL070C,0,-3.9391127,0.15382851660251617,0.6710000038146973,0.36910000443458557
YOR094W,YGL090W,0,-3.939122,0.15379326045513153,0.6710000038146973,0.3691999912261963
YKL011C,YFL003C,1,-3.9393322,0.15398716926574707,0.671999990940094,0.3691999912261963
YBR080C,YFL002C,0,-3.9396548,0.15395188331604004,0.671999990940094,0.3693000078201294
YPR163C,YNL128W,0,-3.9399886,0.1539166271686554,0.671999990940094,0.3693999946117401
YKL011C,YDR113C,1,-3.9402232,0.1541103720664978,0.6729999780654907,0.3693999946117401
YGL115W,YHR148W,0,-3.9402354,0.15407508611679077,0.6729999780654907,0.3695000112056732
YIR018W,YLR221C,0,-3.9404006,0.15403982996940613,0.6729999780654907,0.36959999799728394
YKL113C,YBR198C,0,-3.9406204,0.15400457382202148,0.6729999780654907,0.36970001459121704
YOR320C,YOR132W,0,-3.9406261,0.15396934747695923,0.6729999780654907,0.36980000138282776
YOR240W,YBL052C,0,-3.940949,0.15393412113189697,0.6729999780654907,0.3698999881744385
YOR327C,YBL080C,0,-3.941399,0.1538989245891571,0.6729999780654907,0.3700000047683716
YJR112W,YGR225W,0,-3.9416127,0.15386374294757843,0.6729999780654907,0.3700999915599823
YML109W,YKL117W,0,-3.9418607,0.15382857620716095,0.6729999780654907,0.3702000081539154
YOL068C,YFL003C,1,-3.941878,0.15402193367481232,0.6740000247955322,0.3702000081539154
YGL058W,YEL034W,0,-3.9419103,0.15398675203323364,0.6740000247955322,0.3702999949455261
YAR010C,YNL003C,0,-3.9423056,0.15395157039165497,0.6740000247955322,0.37040001153945923
YDL101C,YHR206W,0,-3.9426217,0.15391641855239868,0.6740000247955322,0.37049999833106995
YAL035W,YER106W,0,-3.942786,0.1538812816143036,0.6740000247955322,0.37059998512268066
YOR361C,YLR381W,0,-3.9428277,0.1538461595773697,0.6740000247955322,0.37070000171661377
YNL261W,YDR265W,0,-3.9431033,0.15381105244159698,0.6740000247955322,0.3707999885082245
YOR156C,YAL040C,0,-3.943106,0.15377594530582428,0.6740000247955322,0.3709000051021576
YML065W,YDR377W,0,-3.9435792,0.15374088287353516,0.6740000247955322,0.3709999918937683
YDR361C,YPR049C,0,-3.9436638,0.15370582044124603,0.6740000247955322,0.3711000084877014
YOR088W,YOL063C,0,-3.9437113,0.1536707729101181,0.6740000247955322,0.37119999527931213
YPL020C,YDR447C,0,-3.943915,0.15363574028015137,0.6740000247955322,0.37130001187324524
YGL246C,YBR193C,0,-3.9439569,0.15360072255134583,0.6740000247955322,0.37139999866485596
YNL167C,YDR268W,0,-3.9440167,0.15356573462486267,0.6740000247955322,0.3714999854564667
YGL127C,YPL228W,0,-3.9442024,0.15353074669837952,0.6740000247955322,0.3716000020503998
YCR072C,YHR056C,0,-3.9443436,0.15349578857421875,0.6740000247955322,0.3716999888420105
YHR167W,YJL090C,1,-3.9443808,0.15368852019309998,0.675000011920929,0.3716999888420105
YMR012W,YPL200W,0,-3.9446108,0.15365354716777802,0.675000011920929,0.3718000054359436
YJR110W,YGR007W,0,-3.9447849,0.15361857414245605,0.675000011920929,0.3718999922275543
YJL041W,YER169W,0,-3.9448628,0.1535836160182953,0.675000011920929,0.3720000088214874
YNL139C,YMR284W,1,-3.9449058,0.153776153922081,0.6759999990463257,0.3720000088214874
YIL144W,YLL003W,0,-3.9450808,0.15374118089675903,0.6759999990463257,0.37209999561309814
YJL021C,YCR040W,0,-3.945098,0.15370622277259827,0.6759999990463257,0.37220001220703125
YIR021W,YBL052C,0,-3.945567,0.1536712944507599,0.6759999990463257,0.37229999899864197
YDL223C,YLR215C,0,-3.9455876,0.1536363661289215,0.6759999990463257,0.3723999857902527
YPR187W,YML121W,0,-3.9457211,0.15360145270824432,0.6759999990463257,0.3725000023841858
YHR081W,YAR007C,1,-3.945776,0.15379373729228973,0.6769999861717224,0.3725000023841858
YPR023C,YCR093W,0,-3.9457784,0.15375879406929016,0.6769999861717224,0.3725999891757965
YGL227W,YJL002C,0,-3.9458318,0.15372388064861298,0.6769999861717224,0.3727000057697296
YLL015W,YGL070C,0,-3.9459906,0.15368899703025818,0.6769999861717224,0.37279999256134033
YPR082C,YDR515W,0,-3.9461083,0.15365411341190338,0.6769999861717224,0.37290000915527344
YGL252C,YOR267C,0,-3.946174,0.15361924469470978,0.6769999861717224,0.37299999594688416
YHR005C-A,YOL148C,0,-3.946242,0.15358439087867737,0.6769999861717224,0.37310001254081726
YNL113W,YKL126W,0,-3.9462583,0.15354955196380615,0.6769999861717224,0.373199999332428
YCR089W,YDL188C,0,-3.9463081,0.15351474285125732,0.6769999861717224,0.3732999861240387
YPL082C,YCL035C,0,-3.9464235,0.1534799337387085,0.6769999861717224,0.3734000027179718
YDR330W,YML098W,0,-3.9464378,0.15344515442848206,0.6769999861717224,0.3734999895095825
YOL133W,YJL013C,0,-3.9465032,0.15341037511825562,0.6769999861717224,0.3736000061035156
YDR527W,YKL038W,0,-3.946632,0.15337562561035156,0.6769999861717224,0.37369999289512634
YLR176C,YBR215W,0,-3.9468713,0.1533408761024475,0.6769999861717224,0.37380000948905945
YLR196W,YLR361C,0,-3.94703,0.15330615639686584,0.6769999861717224,0.37389999628067017
YLR467W,YDR113C,1,-3.9471865,0.1534978449344635,0.6779999732971191,0.37389999628067017
YGR008C,YGR047C,0,-3.9472127,0.15346311032772064,0.6779999732971191,0.37400001287460327
YLR035C-A,YCL052C,0,-3.9472535,0.15342837572097778,0.6779999732971191,0.374099999666214
YLR192C,YOL028C,0,-3.9474702,0.1533936709165573,0.6779999732971191,0.3741999864578247
YIL153W,YNL091W,0,-3.9474745,0.15335896611213684,0.6779999732971191,0.3743000030517578
YBR274W,YGR159C,0,-3.9475064,0.15332429111003876,0.6779999732971191,0.37439998984336853
YPL057C,YDR439W,0,-3.9477022,0.15328961610794067,0.6779999732971191,0.37450000643730164
YNL163C,YNL222W,0,-3.9478974,0.15325497090816498,0.6779999732971191,0.37459999322891235
YML028W,YNL038W,0,-3.9479632,0.15322034060955048,0.6779999732971191,0.37470000982284546
YPR083W,YDR364C,0,-3.948072,0.15318572521209717,0.6779999732971191,0.3747999966144562
YDR501W,YPL267W,0,-3.9482026,0.15315112471580505,0.6779999732971191,0.3749000132083893
YGL006W,YNL172W,0,-3.9488773,0.15311652421951294,0.6779999732971191,0.375
YFR040W,YNL182C,0,-3.9488997,0.1530819535255432,0.6779999732971191,0.3750999867916107
YOR237W,YDR297W,0,-3.9491665,0.15304739773273468,0.6779999732971191,0.3752000033855438
YHR082C,YDR409W,0,-3.9492044,0.15301285684108734,0.6779999732971191,0.37529999017715454
YGL096W,YFL009W,0,-3.9492133,0.1529783457517624,0.6779999732971191,0.37540000677108765
YOL045W,YDR331W,0,-3.9494088,0.15294383466243744,0.6779999732971191,0.37549999356269836
YPL119C,YDR183W,0,-3.9496484,0.15290933847427368,0.6779999732971191,0.37560001015663147
YPL128C,YER155C,0,-3.9500647,0.15287485718727112,0.6779999732971191,0.3756999969482422
YBR041W,YOR057W,0,-3.9502904,0.15284039080142975,0.6779999732971191,0.3758000135421753
YNL088W,YOR144C,1,-3.9503021,0.1530313342809677,0.6790000200271606,0.3758000135421753
YLR313C,YHR187W,0,-3.9503593,0.15299683809280396,0.6790000200271606,0.375900000333786
YMR055C,YDR439W,0,-3.9511251,0.15296237170696259,0.6790000200271606,0.37599998712539673
YBL025W,YMR058W,0,-3.951212,0.1529279351234436,0.6790000200271606,0.37610000371932983
YOR008C,YKL108W,0,-3.9512424,0.15289349853992462,0.6790000200271606,0.37619999051094055
YHR077C,YHR060W,0,-3.9513304,0.15285907685756683,0.6790000200271606,0.37630000710487366
YDR364C,YPR155C,0,-3.9516227,0.15282467007637024,0.6790000200271606,0.3763999938964844
YOL069W,YDR414C,0,-3.95202,0.15279027819633484,0.6790000200271606,0.3765000104904175
YPL036W,YFL036W,0,-3.952072,0.15275590121746063,0.6790000200271606,0.3765999972820282
YPL271W,YGL061C,0,-3.9521828,0.1527215540409088,0.6790000200271606,0.3767000138759613
YIL084C,YEL024W,0,-3.9523983,0.152687206864357,0.6790000200271606,0.376800000667572
YNL292W,YGL038C,0,-3.952753,0.15265287458896637,0.6790000200271606,0.37689998745918274
YKR061W,YHR115C,0,-3.9528275,0.15261857211589813,0.6790000200271606,0.37700000405311584
YBR179C,YEL004W,0,-3.9528546,0.1525842696428299,0.6790000200271606,0.37709999084472656
YNL038W,YJR028W,0,-3.9529274,0.15254998207092285,0.6790000200271606,0.37720000743865967
YBR172C,YIL124W,0,-3.9532318,0.1525157243013382,0.6790000200271606,0.3772999942302704
YHR089C,YDR208W,0,-3.953452,0.15248146653175354,0.6790000200271606,0.3774000108242035
YGR123C,YOR230W,0,-3.9535303,0.15244723856449127,0.6790000200271606,0.3774999976158142
YPL283C,YBR279W,1,-3.953835,0.15263748168945312,0.6800000071525574,0.3774999976158142
YML006C,YOR057W,0,-3.9538553,0.15260323882102966,0.6800000071525574,0.3776000142097473
YLR411W,YOR224C,0,-3.953889,0.1525689959526062,0.6800000071525574,0.37770000100135803
YGR285C,YJR035W,0,-3.9538984,0.15253476798534393,0.6800000071525574,0.37779998779296875
YHL024W,YNL250W,1,-3.954018,0.15272483229637146,0.6809999942779541,0.37779998779296875
YGL012W,YGL130W,0,-3.9542074,0.152690589427948,0.6809999942779541,0.37790000438690186
YBR129C,YER100W,0,-3.9544973,0.15265636146068573,0.6809999942779541,0.3779999911785126
YBR098W,YOL090W,1,-3.9545002,0.15284626185894012,0.6819999814033508,0.3779999911785126
YJL157C,YDL097C,0,-3.9547248,0.15281200408935547,0.6819999814033508,0.3781000077724457
YJL062W,YNL128W,0,-3.954791,0.1527777761220932,0.6819999814033508,0.3781999945640564
YGL244W,YHR062C,0,-3.9551144,0.15274356305599213,0.6819999814033508,0.3783000111579895
YLR361C,YHR058C,0,-3.9554093,0.15270936489105225,0.6819999814033508,0.3783999979496002
YJL101C,YPL093W,0,-3.9554515,0.15267516672611237,0.6819999814033508,0.3785000145435333
YDR311W,YFL004W,0,-3.9554753,0.15264099836349487,0.6819999814033508,0.37860000133514404
YNL136W,YNL021W,0,-3.9555051,0.15260684490203857,0.6819999814033508,0.37869998812675476
YEL056W,YOR381W,0,-3.9555058,0.15257270634174347,0.6819999814033508,0.37880000472068787
YGR158C,YJR093C,0,-3.9557195,0.15253858268260956,0.6819999814033508,0.3788999915122986
YEL061C,YLR119W,0,-3.95602,0.15250447392463684,0.6819999814033508,0.3790000081062317
YNL148C,YLR313C,0,-3.9565177,0.15247038006782532,0.6819999814033508,0.3790999948978424
YNR060W,YLR320W,0,-3.9565563,0.152436301112175,0.6819999814033508,0.3792000114917755
YPR024W,YNR054C,0,-3.9567194,0.15240223705768585,0.6819999814033508,0.37929999828338623
YDR058C,YNL061W,0,-3.9567382,0.1523681879043579,0.6819999814033508,0.37940001487731934
YNL298W,YER106W,0,-3.956827,0.15233415365219116,0.6819999814033508,0.37950000166893005
YNR054C,YLL061W,0,-3.9571283,0.1523001343011856,0.6819999814033508,0.37959998846054077
YDL230W,YPL112C,0,-3.9571905,0.15226612985134125,0.6819999814033508,0.3797000050544739
YBR098W,YML128C,1,-3.957401,0.15245535969734192,0.6830000281333923,0.3797000050544739
YBR089C-A,YJL198W,0,-3.957466,0.15242134034633636,0.6830000281333923,0.3797999918460846
YNL107W,YDR099W,0,-3.9575047,0.1523873209953308,0.6830000281333923,0.3799000084400177
YCL004W,YNL090W,0,-3.9575458,0.15235333144664764,0.6830000281333923,0.3799999952316284
YBR294W,YOR148C,0,-3.9575477,0.15231935679912567,0.6830000281333923,0.3801000118255615
YGL130W,YDR317W,0,-3.957696,0.1522853970527649,0.6830000281333923,0.38019999861717224
YHR142W,YGR089W,0,-3.957788,0.1522514522075653,0.6830000281333923,0.38029998540878296
YGR158C,YBR273C,0,-3.9581394,0.15221752226352692,0.6830000281333923,0.38040000200271606
YEL065W,YER007W,0,-3.9583216,0.15218360722064972,0.6830000281333923,0.3804999887943268
YLR380W,YCR040W,0,-3.9583907,0.15214969217777252,0.6830000281333923,0.3806000053882599
YKR087C,YBL102W,0,-3.958466,0.1521158069372177,0.6830000281333923,0.3806999921798706
YER053C,YMR001C,0,-3.9586642,0.1520819365978241,0.6830000281333923,0.3808000087738037
YOR043W,YCL016C,0,-3.9587092,0.15204808115959167,0.6830000281333923,0.38089999556541443
YNR002C,YGL025C,0,-3.9587412,0.15201424062252045,0.6830000281333923,0.38100001215934753
YER137C-A,YER159C-A,0,-3.9587421,0.1519804149866104,0.6830000281333923,0.38109999895095825
YBL009W,YDR518W,0,-3.9588814,0.15194660425186157,0.6830000281333923,0.38119998574256897
YBL100W-B,YIL009W,0,-3.958949,0.15191280841827393,0.6830000281333923,0.3813000023365021
YCR057C,YPR073C,0,-3.959144,0.15187902748584747,0.6830000281333923,0.3813999891281128
YPR143W,YMR302C,0,-3.9591694,0.15184526145458221,0.6830000281333923,0.3815000057220459
YMR305C,YAL054C,0,-3.959276,0.15181151032447815,0.6830000281333923,0.3815999925136566
YML010W,YGL075C,0,-3.9592943,0.15177777409553528,0.6830000281333923,0.3817000091075897
YDR398W,YBR110W,0,-3.9595463,0.1517440527677536,0.6830000281333923,0.38179999589920044
YNL026W,YDL077C,0,-3.959582,0.15171034634113312,0.6830000281333923,0.38190001249313354
YPR124W,YGR144W,0,-3.9599333,0.15167665481567383,0.6830000281333923,0.38199999928474426
YLR212C,YKR054C,0,-3.960129,0.15164297819137573,0.6830000281333923,0.382099986076355
YKL194C,YHR030C,0,-3.9602437,0.15160931646823883,0.6830000281333923,0.3822000026702881
YBR175W,YGL087C,0,-3.960433,0.15157566964626312,0.6830000281333923,0.3822999894618988
YEL032W,YBR172C,0,-3.9608874,0.1515420526266098,0.6830000281333923,0.3824000060558319
YGR113W,YJL146W,0,-3.9612231,0.15150843560695648,0.6830000281333923,0.3824999928474426
YOR144C,YLR466W,1,-3.961249,0.1516966074705124,0.6840000152587891,0.3824999928474426
YDL212W,YML011C,0,-3.9614987,0.15166297554969788,0.6840000152587891,0.38260000944137573
YGL038C,YOR005C,0,-3.9618666,0.15162934362888336,0.6840000152587891,0.38269999623298645
YPR055W,YPR018W,0,-3.9619174,0.15159574151039124,0.6840000152587891,0.38280001282691956
YMR139W,YJL081C,0,-3.9619493,0.1515621542930603,0.6840000152587891,0.3828999996185303
YNL247W,YPR101W,0,-3.9620228,0.15152858197689056,0.6840000152587891,0.382999986410141
YMR173W,YKL015W,0,-3.9623423,0.15149500966072083,0.6840000152587891,0.3831000030040741
YMR055C,YGR191W,0,-3.9624264,0.15146146714687347,0.6840000152587891,0.3831999897956848
YIR025W,YLR288C,1,-3.9626987,0.1516493260860443,0.6850000023841858,0.3831999897956848
YOR308C,YKL052C,0,-3.9626994,0.15161575376987457,0.6850000023841858,0.3833000063896179
YDR170W-A,YNL073W,0,-3.9629526,0.15158221125602722,0.6850000023841858,0.38339999318122864
YLR081W,YDR092W,0,-3.9631228,0.15154866874217987,0.6850000023841858,0.38350000977516174
YPL082C,YLR272C,0,-3.963426,0.1515151560306549,0.6850000023841858,0.38359999656677246
YMR173W,YER109C,0,-3.9634337,0.15148164331912994,0.6850000023841858,0.38370001316070557
YOR287C,YOR329C,0,-3.963501,0.15144816040992737,0.6850000023841858,0.3837999999523163
YLR208W,YLR376C,0,-3.9637055,0.1514146775007248,0.6850000023841858,0.383899986743927
YPR164W,YGR296W,1,-3.9639828,0.15160220861434937,0.6859999895095825,0.383899986743927
YLR329W,YBR279W,1,-3.9642375,0.15178966522216797,0.6869999766349792,0.383899986743927
YML069W,YIL056W,0,-3.9643598,0.15175612270832062,0.6869999766349792,0.3840000033378601
YER031C,YPL233W,0,-3.9646544,0.15172260999679565,0.6869999766349792,0.3840999901294708
YLR401C,YGR044C,0,-3.9651294,0.15168911218643188,0.6869999766349792,0.38420000672340393
YJL013C,YLR448W,0,-3.9653313,0.1516556292772293,0.6869999766349792,0.38429999351501465
YMR036C,YJL053W,0,-3.9656975,0.15162216126918793,0.6869999766349792,0.38440001010894775
YGL163C,YER104W,1,-3.965705,0.15180934965610504,0.6880000233650208,0.38440001010894775
YJR135W-A,YDR244W,0,-3.9664273,0.15177586674690247,0.6880000233650208,0.38449999690055847
YDR419W,YLR229C,0,-3.9664764,0.1517423838376999,0.6880000233650208,0.3846000134944916
YLR459W,YBR201W,0,-3.9665198,0.1517089307308197,0.6880000233650208,0.3847000002861023
YLR293C,YML092C,0,-3.9665341,0.15167547762393951,0.6880000233650208,0.384799987077713
YMR285C,YBR240C,0,-3.9669468,0.1516420543193817,0.6880000233650208,0.3849000036716461
YBR066C,YDR447C,0,-3.9671273,0.1516086310148239,0.6880000233650208,0.38499999046325684
YFR003C,YMR229C,0,-3.9673636,0.1515752375125885,0.6880000233650208,0.38510000705718994
YLR102C,YMR270C,0,-3.9677904,0.1515418440103531,0.6880000233650208,0.38519999384880066
YDL236W,YOR089C,0,-3.9678652,0.15150848031044006,0.6880000233650208,0.38530001044273376
YPL128C,YJL092W,0,-3.9679008,0.15147511661052704,0.6880000233650208,0.3853999972343445
YDL024C,YJR019C,0,-3.9682472,0.1514417827129364,0.6880000233650208,0.3855000138282776
YKR001C,YBL024W,0,-3.968411,0.15140844881534576,0.6880000233650208,0.3856000006198883
YJR082C,YER120W,0,-3.9684272,0.15137514472007751,0.6880000233650208,0.385699987411499
YOR244W,YHR066W,0,-3.9684494,0.15134184062480927,0.6880000233650208,0.38580000400543213
YPR023C,YBR158W,0,-3.9685655,0.1513085514307022,0.6880000233650208,0.38589999079704285
YBL005W-A,YBR188C,0,-3.968716,0.15127529203891754,0.6880000233650208,0.38600000739097595
YKL058W,YDR280W,0,-3.968782,0.15124203264713287,0.6880000233650208,0.38609999418258667
YKL011C,YMR224C,1,-3.9690218,0.15142856538295746,0.6890000104904175,0.38609999418258667
YLR459W,YGL205W,0,-3.9692154,0.1513952910900116,0.6890000104904175,0.3862000107765198
YBR202W,YPL116W,0,-3.9692326,0.15136203169822693,0.6890000104904175,0.3862999975681305
YMR199W,YPR165W,0,-3.9692366,0.15132878720760345,0.6890000104904175,0.3864000141620636
YFL014W,YOR140W,0,-3.9692898,0.15129555761814117,0.6890000104904175,0.3865000009536743
YAL026C,YML027W,0,-3.9694004,0.1512623429298401,0.6890000104904175,0.38659998774528503
YFR005C,YMR061W,0,-3.9697313,0.1512291431427002,0.6890000104904175,0.38670000433921814
YDL042C,YGL022W,0,-3.969904,0.1511959582567215,0.6890000104904175,0.38679999113082886
YPL046C,YOR348C,0,-3.970151,0.151162788271904,0.6890000104904175,0.38690000772476196
YCR091W,YOL063C,0,-3.9701974,0.15112963318824768,0.6890000104904175,0.3869999945163727
YHR167W,YLR466W,1,-3.970199,0.15131579339504242,0.6899999976158142,0.3869999945163727
YPL037C,YLR166C,0,-3.9702241,0.15128260850906372,0.6899999976158142,0.3871000111103058
YGL035C,YDL014W,0,-3.9702637,0.1512494534254074,0.6899999976158142,0.3871999979019165
YBL080C,YBR107C,0,-3.970311,0.1512162983417511,0.6899999976158142,0.3873000144958496
YIL051C,YMR067C,0,-3.9704022,0.15118317306041718,0.6899999976158142,0.3874000012874603
YOL068C,YKL011C,1,-3.9705658,0.151369109749794,0.6909999847412109,0.3874000012874603
YJL029C,YDR518W,0,-3.9705698,0.1513359546661377,0.6909999847412109,0.38749998807907104
YDR170W-A,YGR077C,0,-3.9706333,0.15130282938480377,0.6909999847412109,0.38760000467300415
YCR024C-A,YOR038C,0,-3.970722,0.15126970410346985,0.6909999847412109,0.38769999146461487
YBR042C,YFR024C,0,-3.970749,0.15123659372329712,0.6909999847412109,0.387800008058548
YGL073W,YMR091C,0,-3.97095,0.15120349824428558,0.6909999847412109,0.3878999948501587
YPL203W,YPL175W,0,-3.9710207,0.15117041766643524,0.6909999847412109,0.3880000114440918
YMR038C,YDL197C,0,-3.971031,0.1511373519897461,0.6909999847412109,0.3880999982357025
YLR197W,YBL074C,0,-3.97111,0.15110430121421814,0.6909999847412109,0.3882000148296356
YPL122C,YGL207W,0,-3.9712093,0.15107126533985138,0.6909999847412109,0.38830000162124634
YLR266C,YOL017W,0,-3.971619,0.1510382443666458,0.6909999847412109,0.38839998841285706
YGL246C,YMR173W,0,-3.971929,0.15100523829460144,0.6909999847412109,0.38850000500679016
YEL063C,YNL245C,0,-3.9728498,0.15097224712371826,0.6909999847412109,0.3885999917984009
YDR279W,YIL135C,0,-3.972873,0.15093927085399628,0.6909999847412109,0.388700008392334
YBL026W,YHR114W,0,-3.9729939,0.15090630948543549,0.6909999847412109,0.3887999951839447
YGR098C,YFL002C,0,-3.9730377,0.1508733630180359,0.6909999847412109,0.3889000117778778
YNL123W,YCL074W,0,-3.9734755,0.15084043145179749,0.6909999847412109,0.3889999985694885
YPL283C,YJR021C,1,-3.973627,0.15102575719356537,0.6919999718666077,0.3889999985694885
YPR073C,YNR032W,0,-3.9736617,0.15099279582500458,0.6919999718666077,0.38909998536109924
YBR216C,YBR175W,0,-3.9737906,0.15095986425876617,0.6919999718666077,0.38920000195503235
YOR064C,YBR010W,0,-3.973801,0.15092693269252777,0.6919999718666077,0.38929998874664307
YBL102W,YDR439W,0,-3.9738798,0.15089403092861176,0.6919999718666077,0.38940000534057617
YMR045C,YPL181W,0,-3.9740133,0.15086112916469574,0.6919999718666077,0.3894999921321869
YIL053W,YBL013W,0,-3.9740307,0.15082824230194092,0.6919999718666077,0.38960000872612
YNL123W,YHR026W,0,-3.9741325,0.15079538524150848,0.6919999718666077,0.3896999955177307
YLR376C,YPR101W,0,-3.9743865,0.15076252818107605,0.6919999718666077,0.3898000121116638
YBR073W,YLR467W,1,-3.9744248,0.15094751119613647,0.6930000185966492,0.3898000121116638
YOR250C,YLR009W,0,-3.9745283,0.15091463923454285,0.6930000185966492,0.38989999890327454
YKL130C,YLR288C,1,-3.9745817,0.15109950304031372,0.6940000057220459,0.38989999890327454
YDR145W,YBR188C,0,-3.9746168,0.1510666012763977,0.6940000057220459,0.38999998569488525
YGL144C,YKR066C,0,-3.9747543,0.15103372931480408,0.6940000057220459,0.39010000228881836
YKR079C,YER005W,0,-3.9750671,0.15100087225437164,0.6940000057220459,0.3901999890804291
YJR141W,YDL130W-A,0,-3.975077,0.1509680151939392,0.6940000057220459,0.3903000056743622
YGR285C,YGR086C,0,-3.9750855,0.15093518793582916,0.6940000057220459,0.3903999924659729
YPL037C,YBR237W,0,-3.9751592,0.1509023755788803,0.6940000057220459,0.390500009059906
YGL019W,YPL089C,0,-3.975282,0.15086956322193146,0.6940000057220459,0.3905999958515167
YHR081W,YDR440W,1,-3.975438,0.15105411410331726,0.6949999928474426,0.3905999958515167
YJL108C,YDR392W,0,-3.9755206,0.1510213017463684,0.6949999928474426,0.39070001244544983
YER162C,YDR071C,0,-3.9757833,0.15098848938941956,0.6949999928474426,0.39079999923706055
YDR170W-A,YPR005C,0,-3.9763944,0.1509556919336319,0.6949999928474426,0.39089998602867126
YBR055C,YNL026W,0,-3.976533,0.15092290937900543,0.6949999928474426,0.39100000262260437
YPL221W,YNL304W,0,-3.9766345,0.15089014172554016,0.6949999928474426,0.3910999894142151
YOR043W,YIL061C,0,-3.9767103,0.15085738897323608,0.6949999928474426,0.3912000060081482
YNL119W,YJL013C,0,-3.9770722,0.1508246511220932,0.6949999928474426,0.3912999927997589
YBL039C,YER027C,0,-3.9771452,0.1507919281721115,0.6949999928474426,0.391400009393692
YHR172W,YHL036W,0,-3.977293,0.15075922012329102,0.6949999928474426,0.39149999618530273
YMR109W,YGL073W,0,-3.9773588,0.1507265269756317,0.6949999928474426,0.39160001277923584
YNL008C,YLR071C,0,-3.977412,0.1506938487291336,0.6949999928474426,0.39169999957084656
YGR162W,YDL245C,0,-3.9774485,0.1506611704826355,0.6949999928474426,0.3917999863624573
YCR093W,YML126C,0,-3.9775524,0.15062852203845978,0.6949999928474426,0.3919000029563904
YGR158C,YPL147W,0,-3.9776,0.15059588849544525,0.6949999928474426,0.3919999897480011
YBR294W,YOL009C,0,-3.977825,0.15056325495243073,0.6949999928474426,0.3921000063419342
YDR078C,YBL106C,0,-3.9782434,0.1505306512117386,0.6949999928474426,0.3921999931335449
YML093W,YBL034C,0,-3.9783154,0.15049804747104645,0.6949999928474426,0.392300009727478
YMR068W,YPL128C,0,-3.9783845,0.1504654735326767,0.6949999928474426,0.39239999651908875
YKL130C,YBR279W,1,-3.9787421,0.15064935386180878,0.6959999799728394,0.39239999651908875
YBR065C,YDL115C,0,-3.9787755,0.15061675012111664,0.6959999799728394,0.39250001311302185
YLR205C,YOR011W,0,-3.978839,0.1505841612815857,0.6959999799728394,0.39259999990463257
YIL007C,YPL046C,0,-3.9789732,0.15055158734321594,0.6959999799728394,0.3926999866962433
YEL061C,YLR032W,0,-3.9792485,0.15051902830600739,0.6959999799728394,0.3928000032901764
YMR227C,YGR191W,0,-3.9792542,0.15048648416996002,0.6959999799728394,0.3928999900817871
YKL194C,YAL024C,0,-3.9793777,0.15045395493507385,0.6959999799728394,0.3930000066757202
YKR081C,YGL094C,0,-3.9794333,0.15042144060134888,0.6959999799728394,0.39309999346733093
YOL069W,YFR003C,0,-3.979762,0.1503889411687851,0.6959999799728394,0.39320001006126404
YHR200W,YDR499W,0,-3.9798079,0.1503564417362213,0.6959999799728394,0.39329999685287476
YLR035C-A,YNL123W,0,-3.9798617,0.15032397210597992,0.6959999799728394,0.39340001344680786
YLR221C,YOR057W,0,-3.9799213,0.15029151737689972,0.6959999799728394,0.3935000002384186
YDR397C,YIR015W,0,-3.9801865,0.15025906264781952,0.6959999799728394,0.3935999870300293
YBR098W,YER104W,1,-3.9809275,0.1504424810409546,0.6970000267028809,0.3935999870300293
YGL058W,YFR052W,0,-3.9810133,0.1504100114107132,0.6970000267028809,0.3937000036239624
YMR055C,YNL248C,0,-3.9814742,0.150377556681633,0.6970000267028809,0.3937999904155731
YDR058C,YPR134W,0,-3.9814947,0.15034513175487518,0.6970000267028809,0.3939000070095062
YMR201C,YLL003W,0,-3.9817398,0.15031270682811737,0.6970000267028809,0.39399999380111694
YPL076W,YJR053W,0,-3.9817772,0.15028029680252075,0.6970000267028809,0.39410001039505005
YML080W,YER089C,0,-3.9820294,0.15024790167808533,0.6970000267028809,0.39419999718666077
YDR361C,YLR181C,0,-3.98216,0.1502155214548111,0.6970000267028809,0.39430001378059387
YOR151C,YBL003C,0,-3.9824777,0.15018315613269806,0.6970000267028809,0.3944000005722046
YPL015C,YPL164C,1,-3.982695,0.15036621689796448,0.6980000138282776,0.3944000005722046
YDR397C,YDL209C,0,-3.9827123,0.15033383667469025,0.6980000138282776,0.3944999873638153
YGR132C,YOR310C,0,-3.9829607,0.1503014713525772,0.6980000138282776,0.3946000039577484
YNL164C,YDL147W,0,-3.9830446,0.15026910603046417,0.6980000138282776,0.39469999074935913
YBR020W,YPR131C,0,-3.9834833,0.15023675560951233,0.6980000138282776,0.39480000734329224
YML073C,YPL130W,0,-3.983685,0.15020443499088287,0.6980000138282776,0.39489999413490295
YPR001W,YNL070W,0,-3.9837744,0.15017211437225342,0.6980000138282776,0.39500001072883606
YPR001W,YGR246C,0,-3.9838789,0.15013980865478516,0.6980000138282776,0.3950999975204468
YLR034C,YJR029W,0,-3.9839149,0.15010753273963928,0.6980000138282776,0.3952000141143799
YAR009C,YDR018C,0,-3.9842544,0.1500752568244934,0.6980000138282776,0.3953000009059906
YNL169C,YBR258C,0,-3.984727,0.15004299581050873,0.6980000138282776,0.3953999876976013
YOR284W,YPR020W,0,-3.9847586,0.15001074969768524,0.6980000138282776,0.3955000042915344
YDR329C,YHR092C,0,-3.9851637,0.14997851848602295,0.6980000138282776,0.39559999108314514
YOR140W,YOL044W,0,-3.9852655,0.14994628727436066,0.6980000138282776,0.39570000767707825
YGL047W,YOR034C,0,-3.9853456,0.14991408586502075,0.6980000138282776,0.39579999446868896
YOR338W,YIL021W,0,-3.9855273,0.14988189935684204,0.6980000138282776,0.39590001106262207
YNL123W,YBR260C,0,-3.985721,0.14984972774982452,0.6980000138282776,0.3959999978542328
YLR132C,YIL049W,0,-3.986117,0.149817556142807,0.6980000138282776,0.3961000144481659
YNL188W,YFR050C,0,-3.986151,0.14978541433811188,0.6980000138282776,0.3962000012397766
YBR193C,YBR158W,0,-3.9863186,0.14975327253341675,0.6980000138282776,0.39629998803138733
YGR055W,YLR055C,0,-3.986982,0.1497211456298828,0.6980000138282776,0.39640000462532043
YLR165C,YGL053W,0,-3.9871638,0.14968904852867126,0.6980000138282776,0.39649999141693115
YGL233W,YNL009W,0,-3.9874687,0.14965695142745972,0.6980000138282776,0.39660000801086426
YOR027W,YMR058W,0,-3.9877105,0.14962486922740936,0.6980000138282776,0.396699994802475
YCR057C,YGL035C,0,-3.9877424,0.1495928019285202,0.6980000138282776,0.3968000113964081
YLR260W,YBR200W,0,-3.9878275,0.14956074953079224,0.6980000138282776,0.3968999981880188
YPL239W,YJR094C,0,-3.9879093,0.14952871203422546,0.6980000138282776,0.3970000147819519
YOL054W,YGR112W,0,-3.98793,0.1494966745376587,0.6980000138282776,0.3971000015735626
YLR032W,YKL110C,0,-3.9880724,0.1494646668434143,0.6980000138282776,0.39719998836517334
YNL026W,YBR114W,0,-3.9883509,0.14943267405033112,0.6980000138282776,0.39730000495910645
YKR087C,YGR272C,0,-3.9887013,0.14940068125724792,0.6980000138282776,0.39739999175071716
YPL045W,YGL236C,0,-3.988841,0.14936871826648712,0.6980000138282776,0.39750000834465027
YKR056W,YLR337C,0,-3.9889288,0.14933675527572632,0.6980000138282776,0.397599995136261
YGR097W,YNR043W,0,-3.9891853,0.1493048071861267,0.6980000138282776,0.3977000117301941
YPR075C,YGL094C,0,-3.9894767,0.1492728888988495,0.6980000138282776,0.3977999985218048
YER045C,YBR244W,0,-3.9894953,0.14924097061157227,0.6980000138282776,0.3978999853134155
YKR054C,YPR141C,0,-3.989543,0.14920906722545624,0.6980000138282776,0.39800000190734863
YLR313C,YPR010C,0,-3.9896555,0.1491771787405014,0.6980000138282776,0.39809998869895935
YBR114W,YBL008W,0,-3.989856,0.14914530515670776,0.6980000138282776,0.39820000529289246
YOR237W,YMR296C,0,-3.9899614,0.14911343157291412,0.6980000138282776,0.3982999920845032
YBR295W,YJR110W,0,-3.9900272,0.14908158779144287,0.6980000138282776,0.3984000086784363
YOR004W,YKL034W,0,-3.9901776,0.1490497589111328,0.6980000138282776,0.398499995470047
YJR103W,YPL190C,0,-3.9901896,0.14901793003082275,0.6980000138282776,0.3986000120639801
YML109W,YNL055C,0,-3.9910114,0.14898613095283508,0.6980000138282776,0.3986999988555908
YLR214W,YIR012W,0,-3.9911375,0.1489543318748474,0.6980000138282776,0.39879998564720154
YLR342W,YER160C,0,-3.9914212,0.14892254769802094,0.6980000138282776,0.39890000224113464
YPL200W,YKL053C-A,0,-3.99144,0.14889077842235565,0.6980000138282776,0.39899998903274536
YJL187C,YPL011C,0,-3.9919806,0.14885903894901276,0.6980000138282776,0.39910000562667847
YPR055W,YGR218W,0,-3.9921093,0.14882729947566986,0.6980000138282776,0.3991999924182892
YKL041W,YLR153C,0,-3.9921103,0.14879556000232697,0.6980000138282776,0.3993000090122223
YDR078C,YHR142W,0,-3.9924316,0.14876385033130646,0.6980000138282776,0.399399995803833
YHR142W,YNL127W,0,-3.9924812,0.14873215556144714,0.6980000138282776,0.3995000123977661
YDR116C,YOR226C,0,-3.9925556,0.14870047569274902,0.6980000138282776,0.39959999918937683
YGL142C,YIL056W,0,-3.993006,0.1486687958240509,0.6980000138282776,0.39969998598098755
YDL201W,YDR159W,0,-3.9930856,0.14863713085651398,0.6980000138282776,0.39980000257492065
YNL133C,YDR163W,0,-3.9930894,0.14860549569129944,0.6980000138282776,0.39989998936653137
YJL140W,YLL061W,0,-3.993117,0.1485738605260849,0.6980000138282776,0.4000000059604645
YPL160W,YFL013C,0,-3.9931235,0.14854224026203156,0.6980000138282776,0.4000999927520752
YLL040C,YDR439W,0,-3.9932327,0.1485106348991394,0.6980000138282776,0.4002000093460083
YDL112W,YJR059W,0,-3.9932437,0.14847904443740845,0.6980000138282776,0.400299996137619
YDL064W,YMR227C,0,-3.9934351,0.14844746887683868,0.6980000138282776,0.4004000127315521
YEL065W,YKL002W,0,-3.9934978,0.14841590821743011,0.6980000138282776,0.40049999952316284
YPR055W,YNL032W,0,-3.9936829,0.14838434755802155,0.6980000138282776,0.40059998631477356
YKL188C,YBR275C,0,-3.994207,0.14835281670093536,0.6980000138282776,0.40070000290870667
YLR226W,YAR019C,0,-3.9942489,0.14832128584384918,0.6980000138282776,0.4007999897003174
YBR012W-A,YOL063C,0,-3.99431,0.1482897847890854,0.6980000138282776,0.4009000062942505
YGL233W,YKR086W,0,-3.99442,0.1482582837343216,0.6980000138282776,0.4009999930858612
YJL148W,YOR351C,0,-3.9947257,0.148226797580719,0.6980000138282776,0.4011000096797943
YOL097C,YGL257C,0,-3.9950252,0.1481953263282776,0.6980000138282776,0.40119999647140503
YLR459W,YDR021W,0,-3.9950733,0.14816386997699738,0.6980000138282776,0.40130001306533813
YDL134C,YDR235W,0,-3.9955747,0.14813242852687836,0.6980000138282776,0.40139999985694885
YDR512C,YGR145W,0,-3.9956617,0.14810100197792053,0.6980000138282776,0.40149998664855957
YNL098C,YFL026W,0,-3.9959493,0.1480695754289627,0.6980000138282776,0.4016000032424927
YGR278W,YNL061W,0,-3.9963374,0.14803817868232727,0.6980000138282776,0.4016999900341034
YOL156W,YLR396C,0,-3.9964514,0.14800678193569183,0.6980000138282776,0.4018000066280365
YPL160W,YGR144W,0,-3.9966755,0.14797541499137878,0.6980000138282776,0.4018999934196472
YGR296W,YOL072W,1,-3.9966817,0.14815600216388702,0.6990000009536743,0.4018999934196472
YBR012W-A,YDR058C,0,-3.9970775,0.1481246054172516,0.6990000009536743,0.4020000100135803
YOL066C,YNR031C,0,-3.9979734,0.14809322357177734,0.6990000009536743,0.40209999680519104
YNL136W,YNL009W,0,-3.998435,0.1480618566274643,0.6990000009536743,0.40220001339912415
YNL139C,YJL208C,1,-3.99884,0.1482422649860382,0.699999988079071,0.40220001339912415
YDL017W,YFL024C,0,-3.998919,0.14821088314056396,0.699999988079071,0.40230000019073486
YNL222W,YOL102C,0,-3.999194,0.14817951619625092,0.699999988079071,0.4023999869823456
YOL068C,YMR284W,1,-3.9993029,0.14835979044437408,0.7009999752044678,0.4023999869823456
YOR213C,YNL197C,0,-3.99932,0.14832839369773865,0.7009999752044678,0.4025000035762787
YNL264C,YGR241C,0,-3.9995928,0.1482970118522644,0.7009999752044678,0.4025999903678894
YML001W,YOR244W,0,-3.9996305,0.14826564490795135,0.7009999752044678,0.4027000069618225
YLR205C,YNL243W,0,-3.999659,0.1482342928647995,0.7009999752044678,0.4027999937534332
YGL094C,YPL008W,0,-3.9997396,0.14820295572280884,0.7009999752044678,0.40290001034736633
YMR049C,YPL116W,0,-3.9997911,0.14817163348197937,0.7009999752044678,0.40299999713897705
YJL048C,YIL063C,0,-3.999802,0.1481403261423111,0.7009999752044678,0.40310001373291016
YPL152W,YNL230C,0,-4.000099,0.14810901880264282,0.7009999752044678,0.4032000005245209
YKL011C,YAR007C,1,-4.0001726,0.14828898012638092,0.7020000219345093,0.4032000005245209
YLR403W,YOR295W,0,-4.000244,0.14825765788555145,0.7020000219345093,0.4032999873161316
YDR181C,YOR140W,0,-4.0002475,0.14822635054588318,0.7020000219345093,0.4034000039100647
YPR164W,YML128C,1,-4.0004497,0.14840616285800934,0.703000009059906,0.4034000039100647
YHR170W,YMR302C,0,-4.0004644,0.14837484061717987,0.703000009059906,0.4034999907016754
YGR214W,YBL075C,0,-4.000767,0.1483435332775116,0.703000009059906,0.4036000072956085
YLR265C,YJL183W,0,-4.0010576,0.14831224083900452,0.703000009059906,0.40369999408721924
YBR095C,YAL024C,0,-4.001261,0.14828094840049744,0.703000009059906,0.40380001068115234
YIL080W,YAL023C,0,-4.0015864,0.14824968576431274,0.703000009059906,0.40389999747276306
YAL002W,YDR021W,0,-4.001718,0.14821842312812805,0.703000009059906,0.40400001406669617
YJR135C,YEL027W,0,-4.001771,0.14818719029426575,0.703000009059906,0.4041000008583069
YPR042C,YKL056C,0,-4.001885,0.14815595746040344,0.703000009059906,0.4041999876499176
YMR281W,YFL010W-A,0,-4.002058,0.14812473952770233,0.703000009059906,0.4043000042438507
YOL156W,YBR215W,0,-4.0021043,0.14809353649616241,0.703000009059906,0.4043999910354614
YOR067C,YKR036C,0,-4.0021243,0.1480623483657837,0.703000009059906,0.40450000762939453
YPR110C,YKR003W,0,-4.002207,0.14803116023540497,0.703000009059906,0.40459999442100525
YDR075W,YOR229W,0,-4.00253,0.14800000190734863,0.703000009059906,0.40470001101493835
YGR040W,YNL119W,0,-4.0028105,0.1479688435792923,0.703000009059906,0.4047999978065491
YGL090W,YOL027C,0,-4.0028863,0.14793771505355835,0.703000009059906,0.4049000144004822
YCL024W,YBR102C,0,-4.003095,0.1479065865278244,0.703000009059906,0.4050000011920929
YJL072C,YFL002C,0,-4.003118,0.14787547290325165,0.703000009059906,0.4050999879837036
YPL231W,YOR174W,0,-4.0033436,0.1478443741798401,0.703000009059906,0.4052000045776367
YGL099W,YDR283C,0,-4.0034013,0.14781329035758972,0.703000009059906,0.40529999136924744
YHR081W,YML095C,1,-4.0035253,0.14799243211746216,0.7039999961853027,0.40529999136924744
YML036W,YPR112C,0,-4.003594,0.1479613333940506,0.7039999961853027,0.40540000796318054
YMR164C,YHR008C,0,-4.004295,0.14793023467063904,0.7039999961853027,0.40549999475479126
YBL025W,YBR205W,0,-4.004463,0.14789916574954987,0.7039999961853027,0.40560001134872437
YMR106C,YOR035C,1,-4.004507,0.14807812869548798,0.7049999833106995,0.40560001134872437
YDR311W,YDR423C,0,-4.004628,0.1480470448732376,0.7049999833106995,0.4056999981403351
YBR175W,YHL040C,0,-4.0046697,0.14801596105098724,0.7049999833106995,0.4058000147342682
YFR055W,YNL214W,0,-4.0049534,0.14798489212989807,0.7049999833106995,0.4059000015258789
YPL151C,YGL048C,0,-4.00498,0.1479538232088089,0.7049999833106995,0.4059999883174896
YDR131C,YKL117W,0,-4.0052,0.14792278409004211,0.7049999833106995,0.40610000491142273
YJR083C,YFL037W,0,-4.0054235,0.14789175987243652,0.7049999833106995,0.40619999170303345
YNL272C,YIR033W,0,-4.005647,0.14786073565483093,0.7049999833106995,0.40630000829696655
YFL024C,YOR195W,0,-4.005658,0.14782972633838654,0.7049999833106995,0.40639999508857727
YDR110W,YLR288C,1,-4.0057616,0.14800839126110077,0.7059999704360962,0.40639999508857727
YNL075W,YDR176W,0,-4.0064883,0.14797736704349518,0.7059999704360962,0.4065000116825104
YML061C,YDR180W,1,-4.0066123,0.14815591275691986,0.7070000171661377,0.4065000116825104
YMR235C,YKL193C,0,-4.006838,0.14812487363815308,0.7070000171661377,0.4065999984741211
YJR102C,YML126C,0,-4.0068507,0.1480938345193863,0.7070000171661377,0.4066999852657318
YMR275C,YBR175W,0,-4.0068517,0.1480628252029419,0.7070000171661377,0.4068000018596649
YDR518W,YNL032W,0,-4.0069175,0.1480318307876587,0.7070000171661377,0.40689998865127563
YGR113W,YGR135W,0,-4.0070415,0.1480008363723755,0.7070000171661377,0.40700000524520874
YIR017C,YBR132C,0,-4.0071383,0.14796985685825348,0.7070000171661377,0.40709999203681946
YBR199W,YOL069W,0,-4.0073004,0.14793889224529266,0.7070000171661377,0.40720000863075256
YNL047C,YOR226C,0,-4.007488,0.14790794253349304,0.7070000171661377,0.4072999954223633
YOL017W,YDR177W,0,-4.0075374,0.14787700772285461,0.7070000171661377,0.4074000120162964
YLR226W,YLR006C,0,-4.0075974,0.14784608781337738,0.7070000171661377,0.4074999988079071
YKL011C,YPL121C,1,-4.007673,0.14802424609661102,0.7080000042915344,0.4074999988079071
YER021W,YGR103W,0,-4.0078945,0.1479933112859726,0.7080000042915344,0.4075999855995178
YIL007C,YLR353W,0,-4.0083027,0.14796237647533417,0.7080000042915344,0.4077000021934509
YLR219W,YNL250W,1,-4.0085015,0.14814041554927826,0.7089999914169312,0.4077000021934509
YLR284C,YGR078C,0,-4.008638,0.14810946583747864,0.7089999914169312,0.40779998898506165
YML032C,YDR113C,1,-4.008884,0.14828738570213318,0.7099999785423279,0.40779998898506165
YJL029C,YJR047C,0,-4.009032,0.14825642108917236,0.7099999785423279,0.40790000557899475
YLR035C-A,YBL009W,0,-4.009144,0.14822547137737274,0.7099999785423279,0.40799999237060547
YBL052C,YGR007W,0,-4.009158,0.14819453656673431,0.7099999785423279,0.4081000089645386
YOR048C,YGL133W,0,-4.0091624,0.1481636017560959,0.7099999785423279,0.4081999957561493
YMR045C,YDR389W,0,-4.009687,0.14813269674777985,0.7099999785423279,0.4083000123500824
YLR035C-A,YMR305C,0,-4.009751,0.1481017917394638,0.7099999785423279,0.4083999991416931
YPL012W,YJL004C,0,-4.009798,0.14807090163230896,0.7099999785423279,0.40849998593330383
YCL040W,YLR215C,0,-4.010075,0.1480400264263153,0.7099999785423279,0.40860000252723694
YPL026C,YBR006W,0,-4.010079,0.14800916612148285,0.7099999785423279,0.40869998931884766
YLR214W,YMR044W,0,-4.010108,0.14797832071781158,0.7099999785423279,0.40880000591278076
YBR135W,YBR247C,0,-4.0103216,0.1479474902153015,0.7099999785423279,0.4088999927043915
YOR067C,YNL053W,0,-4.01038,0.14791665971279144,0.7099999785423279,0.4090000092983246
YPL193W,YOR290C,0,-4.010398,0.14788585901260376,0.7099999785423279,0.4090999960899353
YNL326C,YDR092W,0,-4.0104733,0.14785505831241608,0.7099999785423279,0.4092000126838684
YBR276C,YOL045W,0,-4.0105534,0.1478242725133896,0.7099999785423279,0.4092999994754791
YDR342C,YHR119W,0,-4.01094,0.1477935016155243,0.7099999785423279,0.40939998626708984
YER109C,YPL155C,0,-4.0110106,0.1477627456188202,0.7099999785423279,0.40950000286102295
YPL057C,YBR200W,0,-4.011445,0.14773200452327728,0.7099999785423279,0.40959998965263367
YJL116C,YDR416W,0,-4.0114594,0.14770126342773438,0.7099999785423279,0.4097000062465668
YIL038C,YLL061W,0,-4.0114636,0.14767055213451385,0.7099999785423279,0.4097999930381775
YMR059W,YPL053C,0,-4.0115647,0.14763984084129333,0.7099999785423279,0.4099000096321106
YML065W,YBL106C,0,-4.012128,0.147609144449234,0.7099999785423279,0.4099999964237213
YFR005C,YGR037C,0,-4.0121603,0.14757846295833588,0.7099999785423279,0.4101000130176544
YOL121C,YER123W,0,-4.012279,0.14754779636859894,0.7099999785423279,0.41019999980926514
YOR064C,YEL056W,0,-4.012315,0.1475171446800232,0.7099999785423279,0.41029998660087585
YNL099C,YER045C,0,-4.0124755,0.14748649299144745,0.7099999785423279,0.41040000319480896
YJL030W,YLR450W,0,-4.012795,0.1474558711051941,0.7099999785423279,0.4104999899864197
YBR081C,YGR278W,0,-4.0128894,0.14742524921894073,0.7099999785423279,0.4106000065803528
YPR124W,YJR112W,0,-4.0129113,0.14739464223384857,0.7099999785423279,0.4106999933719635
YDR256C,YDR159W,0,-4.01299,0.1473640501499176,0.7099999785423279,0.4108000099658966
YGR188C,YER120W,0,-4.013112,0.14733347296714783,0.7099999785423279,0.4108999967575073
YDR028C,YGR191W,0,-4.013157,0.14730291068553925,0.7099999785423279,0.41100001335144043
YDL142C,YJR069C,0,-4.0131984,0.14727234840393066,0.7099999785423279,0.41110000014305115
YKR037C,YDR400W,0,-4.0134153,0.14724180102348328,0.7099999785423279,0.41119998693466187
YNL272C,YGL048C,0,-4.013539,0.14721128344535828,0.7099999785423279,0.41130000352859497
YLR409C,YML034W,0,-4.0135818,0.14718076586723328,0.7099999785423279,0.4113999903202057
YER042W,YBL041W,0,-4.0141287,0.14715026319026947,0.7099999785423279,0.4115000069141388
YOL094C,YNR011C,0,-4.0141535,0.14711976051330566,0.7099999785423279,0.4115999937057495
YHR008C,YDR325W,0,-4.0141582,0.14708928763866425,0.7099999785423279,0.4117000102996826
YLR207W,YEL065W,0,-4.0141945,0.14705882966518402,0.7099999785423279,0.41179999709129333
YGR059W,YML019W,0,-4.0143085,0.1470283716917038,0.7099999785423279,0.41190001368522644
YHL006C,YGR089W,0,-4.014363,0.14699792861938477,0.7099999785423279,0.41200000047683716
YPL097W,YOL102C,0,-4.014366,0.14696750044822693,0.7099999785423279,0.4120999872684479
YDL046W,YDR301W,0,-4.014787,0.14693708717823029,0.7099999785423279,0.412200003862381
YPR030W,YDR030C,0,-4.014864,0.14690668880939484,0.7099999785423279,0.4122999906539917
YFL017W-A,YGR047C,0,-4.0150704,0.1468762904405594,0.7099999785423279,0.4124000072479248
YHR150W,YIR004W,0,-4.015396,0.14684592187404633,0.7099999785423279,0.4124999940395355
YKL051W,YNL278W,0,-4.015581,0.14681555330753326,0.7099999785423279,0.41260001063346863
YOL080C,YBL056W,0,-4.015857,0.1467851996421814,0.7099999785423279,0.41269999742507935
YHR090C,YPR155C,0,-4.015909,0.14675486087799072,0.7099999785423279,0.41280001401901245
YCR065W,YER155C,0,-4.015955,0.14672453701496124,0.7099999785423279,0.41290000081062317
YDR306C,YLR401C,0,-4.0163994,0.14669421315193176,0.7099999785423279,0.4129999876022339
YDL097C,YKL095W,0,-4.0170803,0.14666391909122467,0.7099999785423279,0.413100004196167
YGR123C,YKL053C-A,0,-4.0174246,0.14663362503051758,0.7099999785423279,0.4131999909877777
YNL139C,YDR440W,1,-4.017467,0.14680983126163483,0.7110000252723694,0.4131999909877777
YOL108C,YGL207W,0,-4.017919,0.14677952229976654,0.7110000252723694,0.4133000075817108
YNL088W,YJL090C,1,-4.0185237,0.14695562422275543,0.7120000123977661,0.4133000075817108
YKL011C,YGL033W,1,-4.0188293,0.14713165163993835,0.7129999995231628,0.4133000075817108
YIL131C,YPL196W,0,-4.0193977,0.1471012979745865,0.7129999995231628,0.41339999437332153
YHR043C,YLR372W,0,-4.0194564,0.1470709592103958,0.7129999995231628,0.41350001096725464
YBR050C,YLR337C,0,-4.0196977,0.14704062044620514,0.7129999995231628,0.41359999775886536
YGL181W,YJL085W,0,-4.0198636,0.14701031148433685,0.7129999995231628,0.41370001435279846
YKL172W,YNL245C,0,-4.01998,0.14698000252246857,0.7129999995231628,0.4138000011444092
YBR040W,YHR143W-A,0,-4.020203,0.14694970846176147,0.7129999995231628,0.4138999879360199
YLR055C,YJR059W,0,-4.020625,0.14691942930221558,0.7129999995231628,0.414000004529953
YDR322C-A,YPR049C,0,-4.020891,0.14688916504383087,0.7129999995231628,0.4140999913215637
YNL210W,YGL205W,0,-4.0210004,0.14685891568660736,0.7129999995231628,0.4142000079154968
YML061C,YPL164C,1,-4.021306,0.14703460037708282,0.7139999866485596,0.4142000079154968
YHR205W,YOL063C,0,-4.021582,0.14700432121753693,0.7139999866485596,0.41429999470710754
YMR172W,YMR072W,0,-4.0215893,0.14697405695915222,0.7139999866485596,0.41440001130104065
YDR325W,YCR037C,0,-4.0217133,0.1469438225030899,0.7139999866485596,0.41449999809265137
YNL312W,YDR113C,1,-4.021798,0.14711934328079224,0.7149999737739563,0.41449999809265137
YGL038C,YNR072W,0,-4.0218472,0.14708907902240753,0.7149999737739563,0.4146000146865845
YML123C,YBR186W,0,-4.0221686,0.14705882966518402,0.7149999737739563,0.4147000014781952
YJR082C,YGR191W,0,-4.0224814,0.1470285803079605,0.7149999737739563,0.4147999882698059
YNL139C,YOR368W,1,-4.0224833,0.1472039520740509,0.7160000205039978,0.4147999882698059
YJL154C,YDR260C,0,-4.0226483,0.1471736878156662,0.7160000205039978,0.414900004863739
YNL082W,YJR021C,1,-4.022654,0.14734895527362823,0.7170000076293945,0.414900004863739
YPR023C,YAL058W,0,-4.022657,0.14731867611408234,0.7170000076293945,0.41499999165534973
YLR196W,YMR072W,0,-4.022736,0.14728841185569763,0.7170000076293945,0.41510000824928284
YML034W,YDR252W,0,-4.02275,0.14725816249847412,0.7170000076293945,0.41519999504089355
YHL036W,YGL019W,0,-4.022821,0.1472279280424118,0.7170000076293945,0.41530001163482666
YKL079W,YOL124C,0,-4.022846,0.1471976935863495,0.7170000076293945,0.4153999984264374
YHL006C,YBR202W,0,-4.022904,0.14716748893260956,0.7170000076293945,0.4154999852180481
YDR171W,YMR319C,0,-4.022993,0.14713728427886963,0.7170000076293945,0.4156000018119812
YPL043W,YMR162C,0,-4.0235076,0.1471070945262909,0.7170000076293945,0.4156999886035919
YPR163C,YDR516C,0,-4.023954,0.14707691967487335,0.7170000076293945,0.415800005197525
YBR250W,YJL110C,0,-4.0240035,0.147046759724617,0.7170000076293945,0.41589999198913574
YPL160W,YPL065W,0,-4.024033,0.14701661467552185,0.7170000076293945,0.41600000858306885
YKR026C,YJR108W,0,-4.024091,0.1469864696264267,0.7170000076293945,0.41609999537467957
YKR054C,YPL160W,0,-4.024101,0.14695633947849274,0.7170000076293945,0.41620001196861267
YNL008C,YNL093W,0,-4.024196,0.14692622423171997,0.7170000076293945,0.4162999987602234
YKL014C,YNL047C,0,-4.0242205,0.1468961238861084,0.7170000076293945,0.4163999855518341
YDR527W,YER053C,0,-4.0243144,0.14686603844165802,0.7170000076293945,0.4165000021457672
YLR105C,YLR382C,0,-4.0246854,0.14683596789836884,0.7170000076293945,0.41659998893737793
YDL024C,YCR094W,0,-4.0247083,0.14680589735507965,0.7170000076293945,0.41670000553131104
YOR088W,YDR294C,0,-4.024752,0.14677584171295166,0.7170000076293945,0.41679999232292175
YPR032W,YLR447C,0,-4.0248094,0.14674580097198486,0.7170000076293945,0.41690000891685486
YLR466W,YPL121C,1,-4.024912,0.14692039787769318,0.7179999947547913,0.41690000891685486
YPR025C,YNL248C,0,-4.02508,0.14689034223556519,0.7179999947547913,0.4169999957084656
YIR025W,YKL130C,1,-4.0255575,0.14706483483314514,0.718999981880188,0.4169999957084656
YKR079C,YML052W,0,-4.0264316,0.14703476428985596,0.718999981880188,0.4171000123023987
YOR001W,YFL009W,0,-4.0265,0.14700470864772797,0.718999981880188,0.4171999990940094
YDR170W-A,YDL006W,0,-4.0267797,0.14697465300559998,0.718999981880188,0.4172999858856201
YOR178C,YJL146W,0,-4.026863,0.14694461226463318,0.718999981880188,0.4174000024795532
YKR061W,YOL011W,0,-4.0271063,0.14691458642482758,0.718999981880188,0.41749998927116394
YDR093W,YCL069W,0,-4.027154,0.14688457548618317,0.718999981880188,0.41760000586509705
YKL113C,YDR394W,0,-4.0271673,0.14685457944869995,0.718999981880188,0.41769999265670776
YLR033W,YMR104C,0,-4.0272045,0.14682458341121674,0.718999981880188,0.41780000925064087
YER159C,YIR015W,0,-4.0278716,0.1467946171760559,0.718999981880188,0.4178999960422516
YDR440W,YDR110W,1,-4.0281715,0.1469687670469284,0.7200000286102295,0.4178999960422516
YFL010W-A,YOR148C,0,-4.028177,0.1469387710094452,0.7200000286102295,0.4180000126361847
YHR043C,YDL201W,0,-4.0284553,0.14690878987312317,0.7200000286102295,0.4180999994277954
YPL283C,YFL003C,1,-4.028555,0.14708282053470612,0.7210000157356262,0.4180999994277954
YKL148C,YOR005C,0,-4.028615,0.1470528244972229,0.7210000157356262,0.41819998621940613
YPL253C,YDR280W,0,-4.028691,0.14702284336090088,0.7210000157356262,0.41830000281333923
YIL066C,YDR065W,0,-4.0295267,0.14699286222457886,0.7210000157356262,0.41839998960494995
YNL119W,YER100W,0,-4.0296082,0.14696289598941803,0.7210000157356262,0.41850000619888306
YDR176W,YML005W,0,-4.0299377,0.1469329595565796,0.7210000157356262,0.4185999929904938
YGL227W,YDL165W,0,-4.0300303,0.14690300822257996,0.7210000157356262,0.4187000095844269
YOR187W,YOL028C,0,-4.0302577,0.1468730866909027,0.7210000157356262,0.4187999963760376
YLR092W,YCR040W,0,-4.0305247,0.14684318006038666,0.7210000157356262,0.4189000129699707
YOR127W,YLR092W,0,-4.0305967,0.1468132734298706,0.7210000157356262,0.4189999997615814
YGL163C,YNL271C,1,-4.0308027,0.1469869762659073,0.722000002861023,0.4189999997615814
YNL139C,YDR289C,1,-4.0309925,0.1471605896949768,0.7229999899864197,0.4189999997615814
YOR288C,YDR027C,0,-4.031258,0.14713065326213837,0.7229999899864197,0.41909998655319214
YMR273C,YFL009W,0,-4.031851,0.14710071682929993,0.7229999899864197,0.41920000314712524
YPL006W,YFL031W,0,-4.031892,0.14707079529762268,0.7229999899864197,0.41929998993873596
YEL024W,YLR224W,0,-4.0319204,0.14704087376594543,0.7229999899864197,0.41940000653266907
YER042W,YCR008W,0,-4.031989,0.14701098203659058,0.7229999899864197,0.4194999933242798
YDL160C,YFR009W,0,-4.0320244,0.14698109030723572,0.7229999899864197,0.4196000099182129
YDR065W,YGR183C,0,-4.0323086,0.14695121347904205,0.7229999899864197,0.4196999967098236
YNL278W,YGR156W,0,-4.032394,0.14692135155200958,0.7229999899864197,0.4198000133037567
YPR193C,YOR207C,0,-4.0324426,0.1468915045261383,0.7229999899864197,0.41990000009536743
YIL139C,YER089C,0,-4.032675,0.14686167240142822,0.7229999899864197,0.41999998688697815
YDL142C,YGR191W,0,-4.032681,0.14683184027671814,0.7229999899864197,0.42010000348091125
YLR141W,YDR343C,0,-4.032881,0.14680202305316925,0.7229999899864197,0.420199990272522
YDR207C,YOR144C,1,-4.032937,0.14697523415088654,0.7239999771118164,0.420199990272522
YGR244C,YGR140W,0,-4.0331335,0.14694540202617645,0.7239999771118164,0.4203000068664551
YLR035C,YBL034C,0,-4.033394,0.14691558480262756,0.7239999771118164,0.4203999936580658
YDR122W,YDR325W,0,-4.033888,0.14688578248023987,0.7239999771118164,0.4205000102519989
YOR346W,YGR108W,0,-4.0339084,0.14685598015785217,0.7239999771118164,0.4205999970436096
YAL011W,YBR055C,0,-4.034317,0.14682620763778687,0.7239999771118164,0.4207000136375427
YER075C,YPL106C,0,-4.0344205,0.14679643511772156,0.7239999771118164,0.42080000042915344
YIR025W,YMR284W,1,-4.0345087,0.14696939289569855,0.7250000238418579,0.42080000042915344
YDR163W,YDR178W,0,-4.034537,0.14693960547447205,0.7250000238418579,0.42089998722076416
YLR126C,YHR120W,0,-4.034558,0.14690983295440674,0.7250000238418579,0.42100000381469727
YHR089C,YOL089C,0,-4.034589,0.14688006043434143,0.7250000238418579,0.421099990606308
YNL126W,YBL052C,0,-4.034594,0.1468503177165985,0.7250000238418579,0.4212000072002411
YHR070W,YMR039C,0,-4.034611,0.1468205749988556,0.7250000238418579,0.4212999939918518
YER028C,YGR002C,0,-4.0348577,0.14679084718227386,0.7250000238418579,0.4214000105857849
YLR342W,YNL127W,0,-4.0355206,0.14676113426685333,0.7250000238418579,0.42149999737739563
YOR004W,YGL192W,0,-4.0356445,0.146731436252594,0.7250000238418579,0.42160001397132874
YDL190C,YGL012W,0,-4.0358477,0.14670173823833466,0.7250000238418579,0.42170000076293945
YLR409C,YNL135C,0,-4.0359554,0.1466720551252365,0.7250000238418579,0.42179998755455017
YLR022C,YMR054W,0,-4.0363417,0.14664240181446075,0.7250000238418579,0.4219000041484833
YLR263W,YGR143W,0,-4.036481,0.1466127336025238,0.7250000238418579,0.421999990940094
YOR078W,YFL016C,0,-4.037164,0.14658309519290924,0.7250000238418579,0.4221000075340271
YNL147W,YMR042W,0,-4.0373497,0.14655347168445587,0.7250000238418579,0.4221999943256378
YBR186W,YMR270C,0,-4.0374537,0.1465238481760025,0.7250000238418579,0.4223000109195709
YGL195W,YKR031C,0,-4.0377383,0.14649423956871033,0.7250000238418579,0.42239999771118164
YGR296W,YJL208C,1,-4.0377502,0.14666666090488434,0.7260000109672546,0.42239999771118164
YKL220C,YLR272C,0,-4.0377636,0.14663703739643097,0.7260000109672546,0.42250001430511475
YNR035C,YOL124C,0,-4.0379386,0.1466074287891388,0.7260000109672546,0.42260000109672546
YEL061C,YML130C,0,-4.037967,0.1465778350830078,0.7260000109672546,0.4226999878883362
YOR030W,YPR131C,0,-4.0385528,0.14654824137687683,0.7260000109672546,0.4228000044822693
YNL082W,YJL047C,1,-4.038634,0.14672048389911652,0.7269999980926514,0.4228000044822693
YJR031C,YBR244W,0,-4.038725,0.14669087529182434,0.7269999980926514,0.42289999127388
YGR170W,YOL095C,0,-4.03902,0.14666128158569336,0.7269999980926514,0.4230000078678131
YDR309C,YMR302C,0,-4.039119,0.14663170278072357,0.7269999980926514,0.42309999465942383
YPL271W,YOL093W,0,-4.03919,0.14660213887691498,0.7269999980926514,0.42320001125335693
YGL047W,YMR127C,0,-4.0392213,0.14657257497310638,0.7269999980926514,0.42329999804496765
YBL103C,YBR121C,0,-4.039378,0.14654304087162018,0.7269999980926514,0.42340001463890076
YIL035C,YBR169C,0,-4.0394745,0.14651350677013397,0.7269999980926514,0.4235000014305115
YDR170W-A,YGR113W,0,-4.0395,0.14648398756980896,0.7269999980926514,0.4235999882221222
YHR092C,YDR439W,0,-4.0395455,0.14645446836948395,0.7269999980926514,0.4237000048160553
YOL111C,YHR073W,0,-4.0396667,0.14642497897148132,0.7269999980926514,0.423799991607666
YDR165W,YPL167C,0,-4.039709,0.1463954895734787,0.7269999980926514,0.4239000082015991
YFL055W,YBR055C,0,-4.0401325,0.14636601507663727,0.7269999980926514,0.42399999499320984
YBR107C,YDR263C,0,-4.040773,0.14633655548095703,0.7269999980926514,0.42410001158714294
YBR081C,YDR270W,0,-4.04083,0.146307110786438,0.7269999980926514,0.42419999837875366
YMR045C,YDR499W,0,-4.040964,0.14627766609191895,0.7269999980926514,0.4242999851703644
YGL181W,YLR376C,0,-4.041316,0.1462482362985611,0.7269999980926514,0.4244000017642975
YJR049C,YBL075C,0,-4.041906,0.14621882140636444,0.7269999980926514,0.4244999885559082
YDR177W,YPR033C,0,-4.0420184,0.14618942141532898,0.7269999980926514,0.4246000051498413
YDL020C,YMR067C,0,-4.042142,0.1461600363254547,0.7269999980926514,0.424699991941452
YHL006C,YDL143W,0,-4.042177,0.14613065123558044,0.7269999980926514,0.42480000853538513
YOL121C,YIR004W,0,-4.042254,0.14610128104686737,0.7269999980926514,0.42489999532699585
YMR235C,YNR075W,0,-4.04237,0.1460719257593155,0.7269999980926514,0.42500001192092896
YDL185W,YLR288C,1,-4.0424953,0.14624346792697906,0.7279999852180481,0.42500001192092896
YNL271C,YDR113C,1,-4.0429688,0.14641493558883667,0.7289999723434448,0.42500001192092896
YMR042W,YNR006W,0,-4.043004,0.1463855355978012,0.7289999723434448,0.4250999987125397
YDL185W,YNL271C,1,-4.0434937,0.14655691385269165,0.7300000190734863,0.4250999987125397
YKL038W,YPR186C,0,-4.0435176,0.146527498960495,0.7300000190734863,0.4251999855041504
YHR138C,YMR054W,0,-4.043712,0.14649809896945953,0.7300000190734863,0.4253000020980835
YOR191W,YER019W,0,-4.0441093,0.14646869897842407,0.7300000190734863,0.4253999888896942
YOR386W,YFL031W,0,-4.0441184,0.1464393138885498,0.7300000190734863,0.4255000054836273
YKL013C,YMR138W,0,-4.0445867,0.14640994369983673,0.7300000190734863,0.42559999227523804
YJR043C,YPL059W,0,-4.044651,0.14638058841228485,0.7300000190734863,0.42570000886917114
YCR060W,YFL016C,0,-4.0446563,0.14635124802589417,0.7300000190734863,0.42579999566078186
YGR218W,YKL034W,0,-4.044689,0.14632190763950348,0.7300000190734863,0.42590001225471497
YML073C,YJL154C,0,-4.0450077,0.146292582154274,0.7300000190734863,0.4259999990463257
YHR138C,YNL008C,0,-4.045339,0.1462632715702057,0.7300000190734863,0.4260999858379364
YMR284W,YJL047C,1,-4.045394,0.14643429219722748,0.7310000061988831,0.4260999858379364
YOR237W,YGR007W,0,-4.046224,0.14640496671199799,0.7310000061988831,0.4262000024318695
YBR041W,YML060W,0,-4.0468097,0.1463756561279297,0.7310000061988831,0.4262999892234802
YDR182W,YHR066W,0,-4.047076,0.1463463455438614,0.7310000061988831,0.42640000581741333
YNR052C,YOL044W,0,-4.0471864,0.14631704986095428,0.7310000061988831,0.42649999260902405
YPL020C,YNL219C,0,-4.047191,0.14628776907920837,0.7310000061988831,0.42660000920295715
YGL106W,YCL010C,0,-4.047316,0.14625850319862366,0.7310000061988831,0.42669999599456787
YOR168W,YNL314W,0,-4.0479007,0.14622925221920013,0.7310000061988831,0.426800012588501
YLR035C-A,YLR396C,0,-4.0479045,0.1462000012397766,0.7310000061988831,0.4268999993801117
YML038C,YMR042W,0,-4.0483236,0.14617076516151428,0.7310000061988831,0.4269999861717224
YER082C,YML092C,0,-4.0484667,0.14614154398441315,0.7310000061988831,0.4271000027656555
YGR134W,YDR194C,0,-4.048568,0.1461123377084732,0.7310000061988831,0.42719998955726624
YER104W,YPL015C,1,-4.048686,0.14628297090530396,0.7319999933242798,0.42719998955726624
YML095C,YDR440W,1,-4.0487776,0.14645354449748993,0.7329999804496765,0.42719998955726624
YER032W,YLR119W,0,-4.0487943,0.1464242935180664,0.7329999804496765,0.42730000615119934
YNL264C,YGR020C,0,-4.0488086,0.14639504253864288,0.7329999804496765,0.42739999294281006
YDR057W,YGR278W,0,-4.0488544,0.14636582136154175,0.7329999804496765,0.42750000953674316
YKR055W,YBR082C,0,-4.048892,0.1463366001844406,0.7329999804496765,0.4275999963283539
YGR075C,YDR389W,0,-4.048982,0.14630737900733948,0.7329999804496765,0.427700012922287
YJR077C,YDR295C,0,-4.049005,0.14627818763256073,0.7329999804496765,0.4277999997138977
YDL097C,YAL054C,0,-4.049228,0.14624899625778198,0.7329999804496765,0.4278999865055084
YOL133W,YLR117C,0,-4.049267,0.14621983468532562,0.7329999804496765,0.42800000309944153
YDL134C,YGL053W,0,-4.0492973,0.14619067311286926,0.7329999804496765,0.42809998989105225
YDR440W,YER104W,1,-4.0495715,0.14636091887950897,0.734000027179718,0.42809998989105225
YOR035C,YOR368W,1,-4.0497446,0.1465311050415039,0.7350000143051147,0.42809998989105225
YIL061C,YOR122C,0,-4.049837,0.14650189876556396,0.7350000143051147,0.42820000648498535
YMR201C,YLR229C,0,-4.0501566,0.14647269248962402,0.7350000143051147,0.42829999327659607
YLR298C,YOR348C,0,-4.0501575,0.14644351601600647,0.7350000143051147,0.4284000098705292
YGL006W,YLR310C,0,-4.050229,0.14641433954238892,0.7350000143051147,0.4284999966621399
YMR175W,YDR211W,0,-4.0502367,0.14638517796993256,0.7350000143051147,0.428600013256073
YBR216C,YGR135W,0,-4.0504017,0.1463560312986374,0.7350000143051147,0.4287000000476837
YGR218W,YDL188C,0,-4.0504055,0.14632689952850342,0.7350000143051147,0.42879998683929443
YFL010W-A,YHR206W,0,-4.0504375,0.14629776775836945,0.7350000143051147,0.42890000343322754
YOR004W,YIR002C,0,-4.0508265,0.14626865088939667,0.7350000143051147,0.42899999022483826
YML034W,YBL100W-A,0,-4.051176,0.14623954892158508,0.7350000143051147,0.42910000681877136
YGL205W,YKL175W,0,-4.051556,0.1462104618549347,0.7350000143051147,0.4291999936103821
YKL130C,YML128C,1,-4.051627,0.14638027548789978,0.7360000014305115,0.4291999936103821
YOL158C,YGL174W,0,-4.051659,0.146351158618927,0.7360000014305115,0.4293000102043152
YKR101W,YJR143C,0,-4.0516934,0.1463220715522766,0.7360000014305115,0.4293999969959259
YPL239W,YDL029W,0,-4.0518413,0.14629298448562622,0.7360000014305115,0.429500013589859
YPR193C,YKL038W,0,-4.0522056,0.14626391232013702,0.7360000014305115,0.4296000003814697
YLR319C,YGR257C,0,-4.0522876,0.14623485505580902,0.7360000014305115,0.42969998717308044
YPL020C,YKL166C,0,-4.052561,0.14620579779148102,0.7360000014305115,0.42980000376701355
YGL025C,YOL009C,0,-4.0525966,0.1461767554283142,0.7360000014305115,0.42989999055862427
YBR192W,YKL032C,0,-4.053007,0.1461477428674698,0.7360000014305115,0.4300000071525574
YBR072W,YKL005C,0,-4.053281,0.14611871540546417,0.7360000014305115,0.4300999939441681
YMR207C,YHR142W,0,-4.0534177,0.14608971774578094,0.7360000014305115,0.4302000105381012
YJR031C,YBL052C,0,-4.0538263,0.14606072008609772,0.7360000014305115,0.4302999973297119
YGR008C,YPR135W,0,-4.0539947,0.14603175222873688,0.7360000014305115,0.430400013923645
YNL213C,YOR274W,0,-4.0541973,0.14600278437137604,0.7360000014305115,0.43050000071525574
YGL213C,YAR007C,1,-4.054874,0.1461721509695053,0.7369999885559082,0.43050000071525574
YNL197C,YHR152W,0,-4.054992,0.14614316821098328,0.7369999885559082,0.43059998750686646
YHR120W,YDL047W,0,-4.0550027,0.14611420035362244,0.7369999885559082,0.43070000410079956
YDR069C,YKR025W,0,-4.05521,0.1460852324962616,0.7369999885559082,0.4307999908924103
YOR298W,YBR114W,0,-4.0552278,0.14605627954006195,0.7369999885559082,0.4309000074863434
YIL068C,YER120W,0,-4.0557017,0.1460273414850235,0.7369999885559082,0.4309999942779541
YNL103W,YJR102C,0,-4.055793,0.14599841833114624,0.7369999885559082,0.4311000108718872
YBL090W,YDR416W,0,-4.055862,0.14596949517726898,0.7369999885559082,0.4311999976634979
YDR501W,YLR022C,0,-4.0567117,0.14594058692455292,0.7369999885559082,0.43130001425743103
YKL004W,YNL257C,0,-4.0569925,0.14591169357299805,0.7369999885559082,0.43140000104904175
YGL209W,YKL203C,0,-4.0569944,0.14588281512260437,0.7369999885559082,0.43149998784065247
YNL257C,YJL059W,0,-4.057104,0.1458539515733719,0.7369999885559082,0.43160000443458557
YOL090W,YML061C,1,-4.057164,0.1460229456424713,0.7379999756813049,0.43160000443458557
YGR202C,YCL010C,0,-4.057552,0.14599406719207764,0.7379999756813049,0.4316999912261963
YML036W,YAR019C,0,-4.0579376,0.14596518874168396,0.7379999756813049,0.4318000078201294
YLR197W,YIL135C,0,-4.0581365,0.14593632519245148,0.7379999756813049,0.4318999946117401
YNL242W,YJL194W,0,-4.0582232,0.1459074765443802,0.7379999756813049,0.4320000112056732
YGR296W,YML032C,1,-4.0583496,0.14607630670070648,0.7390000224113464,0.4320000112056732
YOR330C,YPL203W,0,-4.058752,0.1460474282503128,0.7390000224113464,0.43209999799728394
YOL116W,YOR056C,0,-4.058794,0.14601857960224152,0.7390000224113464,0.43220001459121704
YDR263C,YFL050C,0,-4.0589037,0.14598973095417023,0.7390000224113464,0.43230000138282776
YIL106W,YNR034W,0,-4.0591006,0.14596089720726013,0.7390000224113464,0.4323999881744385
YOR327C,YNL304W,0,-4.0592594,0.14593206346035004,0.7390000224113464,0.4325000047683716
YDL046W,YAL010C,0,-4.06002,0.14590325951576233,0.7390000224113464,0.4325999915599823
YLR288C,YAL029C,1,-4.060084,0.14607185125350952,0.7400000095367432,0.4325999915599823
YML023C,YBR006W,0,-4.0601325,0.14604301750659943,0.7400000095367432,0.4327000081539154
YIL033C,YKL015W,0,-4.060521,0.14601421356201172,0.7400000095367432,0.4327999949455261
YJR077C,YDL056W,0,-4.0605936,0.14598539471626282,0.7400000095367432,0.43290001153945923
YLR055C,YJR029W,0,-4.0608697,0.1459566056728363,0.7400000095367432,0.43299999833106995
YPL147W,YOL093W,0,-4.061158,0.14592783153057098,0.7400000095367432,0.43309998512268066
YDR207C,YNL139C,1,-4.0611687,0.14609621465206146,0.7409999966621399,0.43309998512268066
YKR038C,YNL053W,0,-4.061264,0.14606741070747375,0.7409999966621399,0.43320000171661377
YER159C,YIL019W,0,-4.061423,0.14603862166404724,0.7409999966621399,0.4332999885082245
YKL206C,YMR042W,0,-4.061859,0.14600984752178192,0.7409999966621399,0.4334000051021576
YPR135W,YKR089C,0,-4.061863,0.1459810882806778,0.7409999966621399,0.4334999918937683
YDR398W,YDL209C,0,-4.0622163,0.14595232903957367,0.7409999966621399,0.4336000084877014
YML031W,YOR030W,0,-4.06282,0.14592358469963074,0.7409999966621399,0.43369999527931213
YDR363W-A,YDR488C,0,-4.063051,0.145894855260849,0.7409999966621399,0.43380001187324524
YPL121C,YPL283C,1,-4.0630736,0.14606298506259918,0.7419999837875366,0.43380001187324524
YDR129C,YOL021C,0,-4.063115,0.14603424072265625,0.7419999837875366,0.43389999866485596
YOR100C,YDR427W,0,-4.063598,0.1460055112838745,0.7419999837875366,0.4339999854564667
YMR275C,YOR056C,0,-4.0636473,0.14597678184509277,0.7419999837875366,0.4341000020503998
YKR007W,YIL121W,0,-4.064361,0.14594806730747223,0.7419999837875366,0.4341999888420105
YPR042C,YJL116C,0,-4.0645022,0.14591936767101288,0.7419999837875366,0.4343000054359436
YDR039C,YCR034W,0,-4.064524,0.14589068293571472,0.7419999837875366,0.4343999922275543
YML015C,YML040W,0,-4.0647836,0.14586199820041656,0.7419999837875366,0.4345000088214874
YGL158W,YCR031C,0,-4.0653353,0.1458333283662796,0.7419999837875366,0.43459999561309814
YJL154C,YMR175W,0,-4.065705,0.14580467343330383,0.7419999837875366,0.43470001220703125
YDR147W,YPR021C,0,-4.065859,0.14577603340148926,0.7419999837875366,0.43479999899864197
YDR092W,YBL030C,0,-4.0659146,0.14574739336967468,0.7419999837875366,0.4348999857902527
YOR284W,YLL061W,0,-4.0659227,0.1457187682390213,0.7419999837875366,0.4350000023841858
YNL261W,YGR086C,0,-4.066227,0.1456901580095291,0.7419999837875366,0.4350999891757965
YBR258C,YGR005C,0,-4.0662546,0.14566156268119812,0.7419999837875366,0.4352000057697296
YHR014W,YOR145C,0,-4.066429,0.14563296735286713,0.7419999837875366,0.43529999256134033
YGL233W,YOR060C,0,-4.066451,0.14560440182685852,0.7419999837875366,0.43540000915527344
YLR176C,YOR198C,0,-4.0664654,0.14557583630084991,0.7419999837875366,0.43549999594688416
YER119C,YOR127W,0,-4.0665426,0.1455472707748413,0.7419999837875366,0.43560001254081726
YJL001W,YGR103W,0,-4.066557,0.1455187350511551,0.7419999837875366,0.435699999332428
YCR053W,YNR010W,0,-4.0665703,0.14549019932746887,0.7419999837875366,0.4357999861240387
YOR304W,YHR116W,0,-4.0668235,0.14546167850494385,0.7419999837875366,0.4359000027179718
YDR126W,YER154W,0,-4.0674663,0.14543315768241882,0.7419999837875366,0.4359999895095825
YMR109W,YDL028C,0,-4.0675907,0.1454046666622162,0.7419999837875366,0.4361000061035156
YEL026W,YGL053W,0,-4.0677695,0.14537617564201355,0.7419999837875366,0.43619999289512634
YGL027C,YLR276C,0,-4.067912,0.1453476995229721,0.7419999837875366,0.43630000948905945
YGR181W,YGL243W,0,-4.0680594,0.14531923830509186,0.7419999837875366,0.43639999628067017
YNL164C,YPL124W,0,-4.068293,0.1452907770872116,0.7419999837875366,0.43650001287460327
YDL077C,YGL014W,0,-4.068672,0.14526233077049255,0.7419999837875366,0.436599999666214
YBL046W,YKL048C,0,-4.0689344,0.1452338993549347,0.7419999837875366,0.4366999864578247
YJL154C,YPR021C,0,-4.069208,0.14520548284053802,0.7419999837875366,0.4368000030517578
YOL090W,YJL208C,1,-4.06949,0.14537271857261658,0.7429999709129333,0.4368000030517578
YDR398W,YIR018W,0,-4.0695558,0.14534428715705872,0.7429999709129333,0.43689998984336853
YHL007C,YDR077W,0,-4.070062,0.14531585574150085,0.7429999709129333,0.43700000643730164
YML031W,YJR059W,0,-4.0701547,0.1452874392271042,0.7429999709129333,0.43709999322891235
YMR247C,YML001W,0,-4.0704126,0.1452590376138687,0.7429999709129333,0.43720000982284546
YMR250W,YHR193C,0,-4.0706253,0.14523065090179443,0.7429999709129333,0.4372999966144562
YLR396C,YJL004C,0,-4.0709085,0.14520226418972015,0.7429999709129333,0.4374000132083893
YPL179W,YOR351C,0,-4.0712543,0.14517389237880707,0.7429999709129333,0.4375
YMR078C,YAL054C,0,-4.071266,0.14514553546905518,0.7429999709129333,0.4375999867916107
YAL005C,YDR120C,0,-4.071386,0.14511719346046448,0.7429999709129333,0.4377000033855438
YMR184W,YLR183C,0,-4.071465,0.14508885145187378,0.7429999709129333,0.43779999017715454
YPL026C,YJL113W,0,-4.0714965,0.14506052434444427,0.7429999709129333,0.43790000677108765
YOR195W,YOL023W,0,-4.0719476,0.14503221213817596,0.7429999709129333,0.43799999356269836
YML061C,YDR113C,1,-4.0720143,0.14519906044006348,0.7440000176429749,0.43799999356269836
YDR205W,YNL257C,0,-4.072229,0.14517073333263397,0.7440000176429749,0.43810001015663147
YLR192C,YDR478W,0,-4.072305,0.14514240622520447,0.7440000176429749,0.4381999969482422
YDR330W,YOR290C,0,-4.072633,0.14511410892009735,0.7440000176429749,0.4383000135421753
YPL093W,YLR131C,0,-4.0726385,0.14508579671382904,0.7440000176429749,0.438400000333786
YGL033W,YBR279W,1,-4.072887,0.14525248110294342,0.7450000047683716,0.438400000333786
YBR295W,YAL054C,0,-4.0730457,0.1452241688966751,0.7450000047683716,0.43849998712539673
YNL147W,YKL203C,0,-4.0732775,0.145195871591568,0.7450000047683716,0.43860000371932983
YDL229W,YPL140C,0,-4.07328,0.14516757428646088,0.7450000047683716,0.43869999051094055
YDR214W,YOR073W,0,-4.073365,0.14513929188251495,0.7450000047683716,0.43880000710487366
YGR070W,YPL130W,0,-4.0734096,0.14511102437973022,0.7450000047683716,0.4388999938964844
YGR091W,YGR145W,0,-4.0743275,0.1450827717781067,0.7450000047683716,0.4390000104904175
YGR275W,YOL020W,0,-4.074349,0.14505451917648315,0.7450000047683716,0.4390999972820282
YOR308C,YKL172W,0,-4.0748086,0.1450262814760208,0.7450000047683716,0.4392000138759613
YKL051W,YKL088W,0,-4.074831,0.14499805867671967,0.7450000047683716,0.439300000667572
YDL185W,YDR289C,1,-4.0748363,0.14516443014144897,0.7459999918937683,0.439300000667572
YOL072W,YJR021C,1,-4.0751123,0.1453307420015335,0.746999979019165,0.439300000667572
YPL121C,YMR284W,1,-4.0753064,0.14549697935581207,0.7480000257492065,0.439300000667572
YIR025W,YDR110W,1,-4.075325,0.14566317200660706,0.7490000128746033,0.439300000667572
YGL047W,YNL012W,0,-4.075472,0.14563484489917755,0.7490000128746033,0.43939998745918274
YER029C,YJR131W,0,-4.075653,0.14560653269290924,0.7490000128746033,0.43950000405311584
YDR384C,YFR050C,0,-4.075709,0.14557823538780212,0.7490000128746033,0.43959999084472656
YNL243W,YDL140C,0,-4.075821,0.145549938082695,0.7490000128746033,0.43970000743865967
YFR003C,YMR305C,0,-4.075878,0.14552165567874908,0.7490000128746033,0.4397999942302704
YDL079C,YLR361C,0,-4.0759306,0.14549338817596436,0.7490000128746033,0.4399000108242035
YDR312W,YOR084W,0,-4.0760016,0.14546513557434082,0.7490000128746033,0.4399999976158142
YCR094W,YMR069W,0,-4.0762067,0.14543689787387848,0.7490000128746033,0.4401000142097473
YKL058W,YDR480W,0,-4.076246,0.14540866017341614,0.7490000128746033,0.44020000100135803
YEL024W,YGR006W,0,-4.0765276,0.145380437374115,0.7490000128746033,0.44029998779296875
YPR125W,YFR053C,0,-4.0766416,0.14535221457481384,0.7490000128746033,0.44040000438690186
YKR087C,YNL112W,0,-4.0770655,0.14532402157783508,0.7490000128746033,0.4404999911785126
YPR134W,YJL210W,0,-4.077092,0.14529582858085632,0.7490000128746033,0.4406000077724457
YDR317W,YJL005W,0,-4.077278,0.14526765048503876,0.7490000128746033,0.4406999945640564
YAL034W-A,YDR027C,0,-4.0777345,0.14523948729038239,0.7490000128746033,0.4408000111579895
YKR053C,YDR120C,0,-4.0779557,0.145211324095726,0.7490000128746033,0.4408999979496002
YDR404C,YLR319C,0,-4.0781565,0.14518317580223083,0.7490000128746033,0.4410000145435333
YPL031C,YDR273W,0,-4.078368,0.14515504240989685,0.7490000128746033,0.44110000133514404
YGR006W,YLR313C,0,-4.0783806,0.14512690901756287,0.7490000128746033,0.44119998812675476
YMR235C,YMR054W,0,-4.0786066,0.14509880542755127,0.7490000128746033,0.44130000472068787
YJL191W,YLR321C,0,-4.0787196,0.14507070183753967,0.7490000128746033,0.4413999915122986
YER093C,YLR442C,0,-4.0789204,0.14504259824752808,0.7490000128746033,0.4415000081062317
YPL194W,YJL047C,1,-4.0793424,0.14520813524723053,0.75,0.4415000081062317
YPR021C,YHR056C,0,-4.079355,0.14518001675605774,0.75,0.4415999948978424
YLR116W,YKL002W,0,-4.0796685,0.14515192806720734,0.75,0.4417000114917755
YNL148C,YKL035W,0,-4.079676,0.14512383937835693,0.75,0.44179999828338623
YNL272C,YMR201C,0,-4.0800223,0.14509576559066772,0.75,0.44190001487731934
YOR061W,YJR110W,0,-4.080243,0.14506769180297852,0.75,0.44200000166893005
YOL158C,YDL142C,0,-4.080373,0.1450396478176117,0.75,0.44209998846054077
YDR323C,YCR088W,0,-4.0808353,0.14501160383224487,0.75,0.4422000050544739
YDR439W,YEL015W,0,-4.081246,0.14498357474803925,0.75,0.4422999918460846
YMR117C,YPR154W,0,-4.0819154,0.14495554566383362,0.75,0.4424000084400177
YNR034W,YDL148C,0,-4.082186,0.14492753148078918,0.75,0.4424999952316284
YIL021W,YAL034W-A,0,-4.0826344,0.14489953219890594,0.75,0.4426000118255615
YMR263W,YGL120C,0,-4.0833287,0.1448715478181839,0.75,0.44269999861717224
YIL068C,YIR002C,0,-4.083639,0.14484356343746185,0.75,0.44279998540878296
YGR247W,YFR009W,0,-4.0838056,0.1448156088590622,0.75,0.44290000200271606
YCR053W,YPL151C,0,-4.0846066,0.14478763937950134,0.75,0.4429999887943268
YGR080W,YDL081C,0,-4.084992,0.14475969970226288,0.75,0.4431000053882599
YGL219C,YOR310C,0,-4.085123,0.14473176002502441,0.75,0.4431999921798706
YHR030C,YIL056W,0,-4.085366,0.14470383524894714,0.75,0.4433000087738037
YIL066C,YDR002W,0,-4.085506,0.14467592537403107,0.75,0.44339999556541443
YLL009C,YDR216W,0,-4.0856194,0.14464803040027618,0.75,0.44350001215934753
YIL062C,YMR270C,0,-4.085885,0.1446201354265213,0.75,0.44359999895095825
YGR112W,YDR137W,0,-4.0860257,0.1445922553539276,0.75,0.44369998574256897
YMR109W,YBL034C,0,-4.0861344,0.14456437528133392,0.75,0.4438000023365021
YNL091W,YDR079C-A,0,-4.0862274,0.14453652501106262,0.75,0.4438999891281128
YFR005C,YPL139C,0,-4.0864854,0.14450867474079132,0.75,0.4440000057220459
YDL190C,YIL123W,0,-4.0865574,0.1444808393716812,0.75,0.4440999925136566
YGR054W,YOL156W,0,-4.0865874,0.1444530040025711,0.75,0.4442000091075897
YDL185W,YDL154W,1,-4.0866113,0.14461775124073029,0.7509999871253967,0.4442000091075897
YDR216W,YNR043W,0,-4.0866194,0.14458991587162018,0.7509999871253967,0.44429999589920044
YJL072C,YMR163C,0,-4.087086,0.14456208050251007,0.7509999871253967,0.44440001249313354
YKL148C,YCL075W,0,-4.087165,0.14453426003456116,0.7509999871253967,0.44449999928474426
YKL034W,YBR084W,0,-4.08728,0.14450643956661224,0.7509999871253967,0.444599986076355
YPL256C,YHR152W,0,-4.087479,0.14447864890098572,0.7509999871253967,0.4447000026702881
YPL122C,YKR050W,0,-4.0877438,0.1444508582353592,0.7509999871253967,0.4447999894618988
YER018C,YLR165C,0,-4.0878277,0.14442308247089386,0.7509999871253967,0.4449000060558319
YOL123W,YGR089W,0,-4.0879006,0.14439530670642853,0.7509999871253967,0.4449999928474426
YER146W,YLR337C,0,-4.087921,0.1443675458431244,0.7509999871253967,0.44510000944137573
YPR001W,YGL020C,0,-4.0879755,0.14433979988098145,0.7509999871253967,0.44519999623298645
YDR473C,YBR010W,0,-4.088067,0.1443120688199997,0.7509999871253967,0.44530001282691956
YLR409C,YER061C,0,-4.088434,0.14428433775901794,0.7509999871253967,0.4453999996185303
YKL049C,YPR154W,0,-4.088678,0.1442566215991974,0.7509999871253967,0.445499986410141
YGR092W,YMR060C,0,-4.0890956,0.14422892034053802,0.7509999871253967,0.4456000030040741
YBL035C,YDR171W,0,-4.089415,0.14420123398303986,0.7509999871253967,0.4456999897956848
YNL251C,YPL046C,0,-4.089732,0.1441735476255417,0.7509999871253967,0.4458000063896179
YMR021C,YJL014W,0,-4.0900993,0.1441458761692047,0.7509999871253967,0.44589999318122864
YKL113C,YJL005W,0,-4.0901346,0.14411820471286774,0.7509999871253967,0.44600000977516174
YJL207C,YOL148C,0,-4.090477,0.14409056305885315,0.7509999871253967,0.44609999656677246
YDR207C,YLR467W,1,-4.0905104,0.14425474405288696,0.7519999742507935,0.44609999656677246
YML015C,YNL053W,0,-4.0905633,0.14422708749771118,0.7519999742507935,0.44620001316070557
YLR409C,YOR317W,0,-4.0906153,0.1441994309425354,0.7519999742507935,0.4462999999523163
YOR123C,YOL063C,0,-4.090636,0.14417177438735962,0.7519999742507935,0.446399986743927
YLR131C,YNL281W,0,-4.091647,0.14414414763450623,0.7519999742507935,0.4465000033378601
YOR279C,YGL207W,0,-4.092014,0.14411652088165283,0.7519999742507935,0.4465999901294708
YLR360W,YOR073W,0,-4.092938,0.14408890902996063,0.7519999742507935,0.44670000672340393
YML036W,YHR090C,0,-4.0931454,0.14406129717826843,0.7519999742507935,0.44679999351501465
YML130C,YOL121C,0,-4.0931864,0.14403371512889862,0.7519999742507935,0.44690001010894775
YKL110C,YMR060C,0,-4.0932074,0.1440061330795288,0.7519999742507935,0.44699999690055847
YML098W,YDR308C,0,-4.093337,0.143978551030159,0.7519999742507935,0.4471000134944916
YJL173C,YGL043W,1,-4.0933986,0.14414241909980774,0.753000020980835,0.4471000134944916
YDR168W,YHR119W,0,-4.093416,0.14411483705043793,0.753000020980835,0.4472000002861023
YPL124W,YOL044W,0,-4.0935984,0.14408725500106812,0.753000020980835,0.447299987077713
YCR034W,YPR057W,0,-4.0939255,0.1440596878528595,0.753000020980835,0.4474000036716461
YLR319C,YNL007C,0,-4.0946035,0.14403213560581207,0.753000020980835,0.44749999046325684
YOR250C,YFL004W,0,-4.095301,0.14400458335876465,0.753000020980835,0.44760000705718994
YBR295W,YGL236C,0,-4.095337,0.1439770609140396,0.753000020980835,0.44769999384880066
YGL111W,YIL030C,0,-4.095367,0.14394953846931458,0.753000020980835,0.44780001044273376
YCL004W,YEL018W,0,-4.0959897,0.14392201602458954,0.753000020980835,0.4478999972343445
YKR039W,YDL014W,0,-4.096333,0.1438945084810257,0.753000020980835,0.4480000138282776
YJR057W,YDL130W-A,0,-4.096451,0.14386703073978424,0.753000020980835,0.4481000006198883
YDL185W,YML061C,1,-4.096719,0.14403055608272552,0.7540000081062317,0.4481000006198883
YBR199W,YNL299W,0,-4.0967703,0.14400304853916168,0.7540000081062317,0.448199987411499
YBR294W,YDR079W,0,-4.097003,0.14397555589675903,0.7540000081062317,0.44830000400543213
YIL131C,YPR008W,0,-4.0970416,0.14394807815551758,0.7540000081062317,0.44839999079704285
YFL037W,YDR018C,0,-4.097068,0.14392060041427612,0.7540000081062317,0.44850000739097595
YPR055W,YPL262W,0,-4.097091,0.14389312267303467,0.7540000081062317,0.44859999418258667
YGR008C,YPL193W,0,-4.097109,0.1438656747341156,0.7540000081062317,0.4487000107765198
YNL329C,YHR060W,0,-4.097228,0.14383822679519653,0.7540000081062317,0.4487999975681305
YOL066C,YLL027W,0,-4.097268,0.14381079375743866,0.7540000081062317,0.4489000141620636
YDR422C,YJR043C,0,-4.097342,0.14378337562084198,0.7540000081062317,0.4490000009536743
YGL172W,YPL001W,0,-4.097438,0.1437559574842453,0.7540000081062317,0.44909998774528503
YPR042C,YDR059C,0,-4.0975213,0.14372855424880981,0.7540000081062317,0.44920000433921814
YML001W,YLR262C,0,-4.097577,0.14370116591453552,0.7540000081062317,0.44929999113082886
YGL003C,YBR095C,0,-4.0979357,0.14367377758026123,0.7540000081062317,0.44940000772476196
YEL063C,YMR179W,0,-4.098229,0.14364640414714813,0.7540000081062317,0.4494999945163727
YIL159W,YHR107C,0,-4.0987983,0.14361904561519623,0.7540000081062317,0.4496000111103058
YGR183C,YJR141W,0,-4.098938,0.14359170198440552,0.7540000081062317,0.4496999979019165
YJL187C,YKL206C,0,-4.0993695,0.1435643583536148,0.7540000081062317,0.4498000144958496
YDL236W,YKL126W,0,-4.0993857,0.1435370296239853,0.7540000081062317,0.4499000012874603
YHR170W,YLR450W,0,-4.099419,0.14350970089435577,0.7540000081062317,0.44999998807907104
YMR087W,YCR042C,0,-4.0994625,0.14348240196704865,0.7540000081062317,0.45010000467300415
YDR208W,YKR059W,0,-4.1000175,0.14345510303974152,0.7540000081062317,0.45019999146461487
YDR129C,YGR195W,0,-4.1005125,0.1434278041124344,0.7540000081062317,0.450300008058548
YNL312W,YNL139C,1,-4.1005783,0.14359071850776672,0.7549999952316284,0.450300008058548
YKL193C,YPL092W,0,-4.1006446,0.1435634195804596,0.7549999952316284,0.4503999948501587
YLR360W,YCR044C,0,-4.100825,0.14353612065315247,0.7549999952316284,0.4505000114440918
YPL130W,YNL248C,0,-4.1011453,0.14350883662700653,0.7549999952316284,0.4505999982357025
YDL046W,YOR229W,0,-4.102002,0.1434815675020218,0.7549999952316284,0.4507000148296356
YJR059W,YKL032C,0,-4.1022396,0.14345429837703705,0.7549999952316284,0.45080000162124634
YNL245C,YBL022C,0,-4.1026382,0.1434270590543747,0.7549999952316284,0.45089998841285706
YOL149W,YBR173C,0,-4.1026564,0.14339980483055115,0.7549999952316284,0.45100000500679016
YKR050W,YBL093C,0,-4.102728,0.14337258040905,0.7549999952316284,0.4510999917984009
YGL111W,YMR058W,0,-4.103491,0.14334535598754883,0.7549999952316284,0.451200008392334
YOR069W,YNR038W,0,-4.10372,0.14331814646720886,0.7549999952316284,0.4512999951839447
YKL188C,YBR253W,0,-4.104672,0.1432909518480301,0.7549999952316284,0.4514000117778778
YDL046W,YDR252W,0,-4.1049953,0.14326375722885132,0.7549999952316284,0.4514999985694885
YBR135W,YAL020C,0,-4.1050344,0.14323657751083374,0.7549999952316284,0.45159998536109924
YOR027W,YDR356W,0,-4.1050477,0.14320941269397736,0.7549999952316284,0.45170000195503235
YHR081W,YPL194W,1,-4.1051207,0.14337189495563507,0.7559999823570251,0.45170000195503235
YPL242C,YOL023W,0,-4.1051717,0.1433447152376175,0.7559999823570251,0.45179998874664307
YOR298C-A,YGR274C,0,-4.1053505,0.14331753551959991,0.7559999823570251,0.45190000534057617
YDR457W,YBR280C,0,-4.105439,0.14329037070274353,0.7559999823570251,0.4519999921321869
YER020W,YBR135W,0,-4.1057186,0.14326322078704834,0.7559999823570251,0.45210000872612
YDR153C,YNL299W,0,-4.1059127,0.14323607087135315,0.7559999823570251,0.4521999955177307
YMR250W,YNL232W,0,-4.105952,0.14320893585681915,0.7559999823570251,0.4523000121116638
YLR207W,YJR084W,0,-4.106581,0.14318181574344635,0.7559999823570251,0.45239999890327454
YGL181W,YHR181W,0,-4.106807,0.14315471053123474,0.7559999823570251,0.45249998569488525
YML093W,YGL011C,0,-4.106815,0.14312760531902313,0.7559999823570251,0.45260000228881836
YOR064C,YGL207W,0,-4.1072946,0.14310051500797272,0.7559999823570251,0.4526999890804291
YMR314W,YLR167W,0,-4.1076965,0.1430734246969223,0.7559999823570251,0.4528000056743622
YKL081W,YDR227W,0,-4.107715,0.14304636418819427,0.7559999823570251,0.4528999924659729
YDR527W,YNR072W,0,-4.10847,0.14301930367946625,0.7559999823570251,0.453000009059906
YER068W,YDR302W,0,-4.108768,0.14299224317073822,0.7559999823570251,0.4530999958515167
YJL157C,YGL066W,0,-4.1089435,0.1429651975631714,0.7559999823570251,0.45320001244544983
YJL187C,YDR142C,0,-4.1090627,0.14293816685676575,0.7559999823570251,0.45329999923706055
YOL011W,YMR288W,0,-4.1093736,0.1429111510515213,0.7559999823570251,0.45339998602867126
YOR281C,YKL085W,0,-4.109426,0.14288415014743805,0.7559999823570251,0.45350000262260437
YHR135C,YJL129C,0,-4.1100545,0.1428571492433548,0.7559999823570251,0.4535999894142151
YLR467W,YOL072W,1,-4.1105204,0.14301908016204834,0.7570000290870667,0.4535999894142151
YHR170W,YIR015W,0,-4.1105924,0.1429920643568039,0.7570000290870667,0.4537000060081482
YOR287C,YAR008W,0,-4.110926,0.14296506345272064,0.7570000290870667,0.4537999927997589
YHL036W,YEL031W,0,-4.111072,0.1429380625486374,0.7570000290870667,0.453900009393692
YDR129C,YOR207C,0,-4.1111093,0.14291107654571533,0.7570000290870667,0.45399999618530273
YKL011C,YER104W,1,-4.1116805,0.14307285845279694,0.7580000162124634,0.45399999618530273
YOR195W,YJL003W,0,-4.111773,0.14304585754871368,0.7580000162124634,0.45410001277923584
YIL122W,YLL009C,0,-4.1122108,0.14301887154579163,0.7580000162124634,0.45419999957084656
YNL008C,YIL035C,0,-4.1122265,0.14299188554286957,0.7580000162124634,0.4542999863624573
YOR078W,YBR214W,0,-4.11243,0.1429649144411087,0.7580000162124634,0.4544000029563904
YDL142C,YBR060C,0,-4.1127377,0.14293795824050903,0.7580000162124634,0.4544999897480011
YJL094C,YLR249W,0,-4.1132407,0.14291101694107056,0.7580000162124634,0.4546000063419342
YLR102C,YMR219W,0,-4.1132503,0.14288407564163208,0.7580000162124634,0.4546999931335449
YHR079C-A,YMR284W,1,-4.1140966,0.1430456042289734,0.7590000033378601,0.4546999931335449
YNL271C,YJL090C,1,-4.1144094,0.14320708811283112,0.7599999904632568,0.4546999931335449
YGR162W,YDR432W,0,-4.1147413,0.14318010210990906,0.7599999904632568,0.454800009727478
YLR284C,YML115C,0,-4.1149373,0.1431531310081482,0.7599999904632568,0.45489999651908875
YDL047W,YCL040W,0,-4.1149726,0.14312617480754852,0.7599999904632568,0.45500001311302185
YLR141W,YHR060W,0,-4.115068,0.14309923350811005,0.7599999904632568,0.45509999990463257
YOR224C,YAL032C,0,-4.115145,0.14307229220867157,0.7599999904632568,0.4551999866962433
YKL173W,YNL188W,0,-4.115282,0.1430453658103943,0.7599999904632568,0.4553000032901764
YCR027C,YDR099W,0,-4.115317,0.143018439412117,0.7599999904632568,0.4553999900817871
YBR228W,YMR211W,0,-4.115471,0.14299152791500092,0.7599999904632568,0.4555000066757202
YGL243W,YKR020W,0,-4.115848,0.14296463131904602,0.7599999904632568,0.45559999346733093
YLR116W,YDR202C,0,-4.1158857,0.14293774962425232,0.7599999904632568,0.45570001006126404
YBL005W-A,YOR127W,0,-4.1160483,0.14291086792945862,0.7599999904632568,0.45579999685287476
YNL164C,YOR295W,0,-4.1165237,0.1428840011358261,0.7599999904632568,0.45590001344680786
YDR075W,YHR142W,0,-4.117051,0.1428571492433548,0.7599999904632568,0.4560000002384186
YMR038C,YOR386W,0,-4.117264,0.14283029735088348,0.7599999904632568,0.4560999870300293
YDR483W,YNR054C,0,-4.117322,0.14280346035957336,0.7599999904632568,0.4562000036239624
YGR285C,YDR517W,0,-4.117522,0.14277662336826324,0.7599999904632568,0.4562999904155731
YDR202C,YPR033C,0,-4.117589,0.1427498161792755,0.7599999904632568,0.4564000070095062
YPL119C,YIL021W,0,-4.1183352,0.14272300899028778,0.7599999904632568,0.45649999380111694
YLR242C,YGR275W,0,-4.118369,0.14269620180130005,0.7599999904632568,0.45660001039505005
YGL111W,YBR188C,0,-4.1184287,0.1426694244146347,0.7599999904632568,0.45669999718666077
YDR166C,YML124C,0,-4.1184435,0.14264264702796936,0.7599999904632568,0.45680001378059387
YJR090C,YBR169C,0,-4.118797,0.14261586964130402,0.7599999904632568,0.4569000005722046
YML032C,YBR130C,1,-4.1189795,0.1427767425775528,0.7609999775886536,0.4569000005722046
YOR330C,YDR302W,0,-4.119133,0.14274995028972626,0.7609999775886536,0.4569999873638153
YLR288C,YJL047C,1,-4.1191463,0.14291073381900787,0.7620000243186951,0.4569999873638153
YBR080C,YHL028W,0,-4.119842,0.14288392663002014,0.7620000243186951,0.4571000039577484
YJR135C,YNR035C,0,-4.1199045,0.1428571492433548,0.7620000243186951,0.45719999074935913
YPL240C,YML060W,0,-4.1200585,0.14283037185668945,0.7620000243186951,0.45730000734329224
YMR281W,YDL170W,0,-4.1206484,0.1428035944700241,0.7620000243186951,0.45739999413490295
YDR205W,YDL101C,0,-4.120662,0.14277684688568115,0.7620000243186951,0.45750001072883606
YER109C,YLR115W,0,-4.120734,0.1427500993013382,0.7620000243186951,0.4575999975204468
YDR303C,YNL133C,0,-4.120888,0.14272335171699524,0.7620000243186951,0.4577000141143799
YNL130C,YCR098C,0,-4.12112,0.14269663393497467,0.7620000243186951,0.4578000009059906
YJL011C,YDR518W,0,-4.1211276,0.1426699161529541,0.7620000243186951,0.4578999876976013
YOL135C,YJR049C,0,-4.121346,0.14264319837093353,0.7620000243186951,0.4580000042915344
YPL140C,YOR130C,0,-4.121395,0.14261651039123535,0.7620000243186951,0.45809999108314514
YGR214W,YLR260W,0,-4.121436,0.14258982241153717,0.7620000243186951,0.45820000767707825
YNR010W,YHR119W,0,-4.1216354,0.14256314933300018,0.7620000243186951,0.45829999446868896
YHR158C,YGR086C,0,-4.1218596,0.1425364762544632,0.7620000243186951,0.45840001106262207
YOR224C,YGR054W,0,-4.1220155,0.1425098180770874,0.7620000243186951,0.4584999978542328
YER031C,YDR484W,0,-4.122383,0.1424831748008728,0.7620000243186951,0.4586000144481659
YNL149C,YDR317W,0,-4.1227036,0.1424565315246582,0.7620000243186951,0.4587000012397766
YOR067C,YIL144W,0,-4.122744,0.1424299031496048,0.7620000243186951,0.45879998803138733
YBR274W,YER082C,0,-4.1228957,0.14240328967571259,0.7620000243186951,0.45890000462532043
YBR228W,YDL130W-A,0,-4.1230197,0.14237667620182037,0.7620000243186951,0.45899999141693115
YDR393W,YOR058C,0,-4.12323,0.14235007762908936,0.7620000243186951,0.45910000801086426
YOL040C,YMR139W,0,-4.1233616,0.14232349395751953,0.7620000243186951,0.459199994802475
YGL127C,YDR260C,0,-4.123397,0.1422969251871109,0.7620000243186951,0.4593000113964081
YGR167W,YGL090W,0,-4.1235366,0.14227035641670227,0.7620000243186951,0.4593999981880188
YGR077C,YIL056W,0,-4.123855,0.14224378764629364,0.7620000243186951,0.4595000147819519
YPL065W,YBR188C,0,-4.1240497,0.1422172486782074,0.7620000243186951,0.4596000015735626
YDL042C,YIL135C,0,-4.124504,0.14219070971012115,0.7620000243186951,0.45969998836517334
YIL008W,YPL011C,0,-4.1245284,0.1421641856431961,0.7620000243186951,0.45980000495910645
YLR210W,YDL130W-A,0,-4.12466,0.14213766157627106,0.7620000243186951,0.45989999175071716
YBR079C,YIL153W,0,-4.124848,0.1421111524105072,0.7620000243186951,0.46000000834465027
YJR043C,YLR272C,0,-4.125049,0.14208465814590454,0.7620000243186951,0.460099995136261
YOL045W,YJR065C,0,-4.125206,0.14205816388130188,0.7620000243186951,0.4602000117301941
YML014W,YBR177C,0,-4.1254287,0.1420316845178604,0.7620000243186951,0.4602999985218048
YMR219W,YHR133C,0,-4.125605,0.14200522005558014,0.7620000243186951,0.4603999853134155
YPL128C,YNR032W,0,-4.1258163,0.14197875559329987,0.7620000243186951,0.46050000190734863
YBL025W,YML129C,0,-4.125871,0.1419523060321808,0.7620000243186951,0.46059998869895935
YHL024W,YDR113C,1,-4.125873,0.1421121209859848,0.7630000114440918,0.46059998869895935
YGL178W,YGL058W,0,-4.1259484,0.14208565652370453,0.7630000114440918,0.46070000529289246
YOR100C,YFL011W,0,-4.1262484,0.14205920696258545,0.7630000114440918,0.4607999920845032
YNL326C,YOR221C,0,-4.1263213,0.14203275740146637,0.7630000114440918,0.4609000086784363
YDR448W,YOL142W,0,-4.1265078,0.14200632274150848,0.7630000114440918,0.460999995470047
YNL153C,YGL216W,0,-4.126966,0.1419799029827118,0.7630000114440918,0.4611000120639801
YLR022C,YEL063C,0,-4.1271825,0.1419534832239151,0.7630000114440918,0.4611999988555908
YMR135C,YFL002C,0,-4.127231,0.1419270783662796,0.7630000114440918,0.46129998564720154
YOR034C,YIR009W,0,-4.127274,0.1419006884098053,0.7630000114440918,0.46140000224113464
YNL163C,YDR419W,0,-4.1274376,0.141874298453331,0.7630000114440918,0.46149998903274536
YKL017C,YBL008W,0,-4.1276803,0.14184792339801788,0.7630000114440918,0.46160000562667847
YKL021C,YML059C,0,-4.1281996,0.14182156324386597,0.7630000114440918,0.4616999924182892
YNL163C,YPL161C,0,-4.128309,0.14179520308971405,0.7630000114440918,0.4618000090122223
YOR191W,YBL079W,0,-4.1283903,0.14176885783672333,0.7630000114440918,0.461899995803833
YPR190C,YOR079C,0,-4.128448,0.1417425274848938,0.7630000114440918,0.4620000123977661
YLL040C,YLR127C,0,-4.1286764,0.14171619713306427,0.7630000114440918,0.46209999918937683
YER162C,YOR377W,0,-4.128742,0.14168988168239594,0.7630000114440918,0.46219998598098755
YLL040C,YNR023W,0,-4.1288695,0.1416635662317276,0.7630000114440918,0.46230000257492065
YDR398W,YPL132W,0,-4.128944,0.14163728058338165,0.7630000114440918,0.46239998936653137
YHL025W,YHR158C,0,-4.1289845,0.1416109800338745,0.7630000114440918,0.4625000059604645
YLR459W,YGL053W,0,-4.1290154,0.14158470928668976,0.7630000114440918,0.4625999927520752
YPR024W,YKL012W,0,-4.12904,0.141558438539505,0.7630000114440918,0.4627000093460083
YHR143W-A,YNL053W,0,-4.1293545,0.14153218269348145,0.7630000114440918,0.462799996137619
YNL163C,YOR130C,0,-4.129475,0.14150594174861908,0.7630000114440918,0.4629000127315521
YPL069C,YLR260W,0,-4.1295695,0.1414797008037567,0.7630000114440918,0.46299999952316284
YJL054W,YCR027C,0,-4.1296725,0.14145345985889435,0.7630000114440918,0.46309998631477356
YGL035C,YIL154C,0,-4.130169,0.14142724871635437,0.7630000114440918,0.46320000290870667
YHR092C,YML038C,0,-4.1302767,0.1414010375738144,0.7630000114440918,0.4632999897003174
YDR318W,YLR221C,0,-4.130302,0.1413748413324356,0.7630000114440918,0.4634000062942505
YLR133W,YPL055C,0,-4.130381,0.14134864509105682,0.7630000114440918,0.4634999930858612
YHR138C,YHR001W-A,0,-4.1304255,0.14132246375083923,0.7630000114440918,0.4636000096797943
YLR206W,YLR009W,0,-4.1311193,0.14129629731178284,0.7630000114440918,0.46369999647140503
YNL312W,YJL090C,1,-4.1312037,0.1414552927017212,0.7639999985694885,0.46369999647140503
YNL257C,YGL244W,0,-4.131396,0.1414290964603424,0.7639999985694885,0.46380001306533813
YJL113W,YLR133W,0,-4.131452,0.141402930021286,0.7639999985694885,0.46389999985694885
YDR398W,YGR002C,0,-4.131875,0.14137676358222961,0.7639999985694885,0.46399998664855957
YKL051W,YKL129C,0,-4.1320124,0.14135059714317322,0.7639999985694885,0.4641000032424927
YOR334W,YFL026W,0,-4.1322436,0.1413244605064392,0.7639999985694885,0.4641999900341034
YOL076W,YCR042C,0,-4.1326714,0.1412983238697052,0.7639999985694885,0.4643000066280365
YKL064W,YLR224W,0,-4.1328044,0.1412721872329712,0.7639999985694885,0.4643999934196472
YLL004W,YPL161C,0,-4.132822,0.14124606549739838,0.7639999985694885,0.4645000100135803
YNL094W,YCR093W,0,-4.132847,0.14121995866298676,0.7639999985694885,0.46459999680519104
YCR031C,YER162C,0,-4.1333003,0.14119386672973633,0.7639999985694885,0.46470001339912415
YPL242C,YGL122C,0,-4.1333194,0.1411677747964859,0.7639999985694885,0.46480000019073486
YJL012C,YPR007C,0,-4.1337366,0.14114169776439667,0.7639999985694885,0.4648999869823456
YDL033C,YOR174W,0,-4.1338453,0.14111562073230743,0.7639999985694885,0.4650000035762787
YPR067W,YOR049C,0,-4.1340575,0.1410895586013794,0.7639999985694885,0.4650999903678894
YKR079C,YDL147W,0,-4.1345296,0.14106351137161255,0.7639999985694885,0.4652000069618225
YEL050C,YPR189W,0,-4.1345577,0.1410374790430069,0.7639999985694885,0.4652999937534332
YHR081W,YOL090W,1,-4.134832,0.14119601249694824,0.7649999856948853,0.4652999937534332
YNL123W,YJL025W,0,-4.1350093,0.1411699503660202,0.7649999856948853,0.46540001034736633
YLR433C,YPR133C,0,-4.1350245,0.14114391803741455,0.7649999856948853,0.46549999713897705
YKL160W,YHR091C,0,-4.1352425,0.1411178708076477,0.7649999856948853,0.46560001373291016
YFL037W,YIL144W,0,-4.1358795,0.14109185338020325,0.7649999856948853,0.4657000005245209
YJR091C,YGL178W,0,-4.1359673,0.1410658359527588,0.7649999856948853,0.4657999873161316
YPR133C,YGR239C,0,-4.136846,0.14103981852531433,0.7649999856948853,0.4659000039100647
YGL012W,YOR057W,0,-4.1368914,0.14101383090019226,0.7649999856948853,0.4659999907016754
YDL181W,YMR058W,0,-4.1372933,0.1409878432750702,0.7649999856948853,0.4661000072956085
YPL244C,YML126C,0,-4.137364,0.14096185564994812,0.7649999856948853,0.46619999408721924
YAL051W,YJL102W,0,-4.1374173,0.14093588292598724,0.7649999856948853,0.46630001068115234
YML005W,YAL054C,0,-4.13772,0.14090992510318756,0.7649999856948853,0.46639999747276306
YBR073W,YML128C,1,-4.1377654,0.14106814563274384,0.765999972820282,0.46639999747276306
YDR515W,YBR280C,0,-4.1377664,0.14104215800762177,0.765999972820282,0.46650001406669617
YOR030W,YMR213W,0,-4.137872,0.14101620018482208,0.765999972820282,0.4666000008583069
YJL204C,YJR135C,0,-4.1383233,0.1409902423620224,0.765999972820282,0.4666999876499176
YMR023C,YPL190C,0,-4.139276,0.1409642994403839,0.765999972820282,0.4668000042438507
YGL169W,YJR046W,0,-4.139541,0.14093835651874542,0.765999972820282,0.4668999910354614
YFR005C,YLR028C,0,-4.139784,0.14091242849826813,0.765999972820282,0.46700000762939453
YDL042C,YDR414C,0,-4.140549,0.14088651537895203,0.765999972820282,0.46709999442100525
YBR009C,YGL071W,0,-4.1407905,0.14086061716079712,0.765999972820282,0.46720001101493835
YIL008W,YGR005C,0,-4.1411157,0.1408347189426422,0.765999972820282,0.4672999978065491
YLR319C,YPR131C,0,-4.141215,0.1408088207244873,0.765999972820282,0.4674000144004822
YNL123W,YGR101W,0,-4.141479,0.1407829374074936,0.765999972820282,0.4675000011920929
YOL045W,YPR052C,0,-4.141755,0.14075706899166107,0.765999972820282,0.4675999879837036
YOR094W,YLR313C,0,-4.1424055,0.14073121547698975,0.765999972820282,0.4677000045776367
YLR205C,YOR316C,0,-4.143053,0.14070536196231842,0.765999972820282,0.46779999136924744
YGL025C,YOL093W,0,-4.1430926,0.1406795233488083,0.765999972820282,0.46790000796318054
YGR077C,YCL032W,0,-4.1431603,0.14065368473529816,0.765999972820282,0.46799999475479126
YNL020C,YHL040C,0,-4.1436706,0.1406278759241104,0.765999972820282,0.46810001134872437
YNL329C,YOR057W,0,-4.144032,0.14060205221176147,0.765999972820282,0.4681999981403351
YBR072W,YDR302W,0,-4.144077,0.14057625830173492,0.765999972820282,0.4683000147342682
YGR241C,YDR018C,0,-4.144239,0.14055046439170837,0.765999972820282,0.4684000015258789
YJR043C,YOR208W,0,-4.144301,0.14052467048168182,0.765999972820282,0.4684999883174896
YJR068W,YBL039C,0,-4.14439,0.14049890637397766,0.765999972820282,0.46860000491142273
YPL239W,YBR080C,0,-4.1444883,0.1404731273651123,0.765999972820282,0.46869999170303345
YNL182C,YDR488C,0,-4.145184,0.14044737815856934,0.765999972820282,0.46880000829696655
YKL052C,YMR078C,0,-4.1452312,0.14042162895202637,0.765999972820282,0.46889999508857727
YGR218W,YGR181W,0,-4.145763,0.1403958946466446,0.765999972820282,0.4690000116825104
YMR047C,YGR129W,0,-4.146157,0.14037016034126282,0.765999972820282,0.4690999984741211
YNL007C,YPL091W,0,-4.1462913,0.14034445583820343,0.765999972820282,0.4691999852657318
YBR253W,YPL178W,0,-4.1467385,0.14031873643398285,0.765999972820282,0.4693000018596649
YJL003W,YOR206W,0,-4.1470985,0.14029304683208466,0.765999972820282,0.46939998865127563
YDR166C,YBR182C,0,-4.1471004,0.14026735723018646,0.765999972820282,0.46950000524520874
YGL245W,YCL055W,0,-4.147296,0.14024166762828827,0.765999972820282,0.46959999203681946
YGR078C,YDR337W,0,-4.14744,0.14021599292755127,0.765999972820282,0.46970000863075256
YLR071C,YLR310C,0,-4.1476274,0.14019033312797546,0.765999972820282,0.4697999954223633
YJR047C,YMR058W,0,-4.1477437,0.14016468822956085,0.765999972820282,0.4699000120162964
YDR328C,YBR072W,0,-4.147761,0.14013904333114624,0.765999972820282,0.4699999988079071
YEL009C,YER021W,0,-4.148015,0.14011341333389282,0.765999972820282,0.4700999855995178
YPL036W,YIL132C,0,-4.148137,0.1400877833366394,0.765999972820282,0.4702000021934509
YPL116W,YAL054C,0,-4.148347,0.14006216824054718,0.765999972820282,0.47029998898506165
YJL012C,YGR086C,0,-4.148482,0.14003656804561615,0.765999972820282,0.47040000557899475
YHR081W,YHL022C,1,-4.148514,0.14019374549388885,0.7670000195503235,0.47040000557899475
YPR104C,YGR262C,0,-4.148626,0.14016813039779663,0.7670000195503235,0.47049999237060547
YDR247W,YJL030W,0,-4.148701,0.1401425153017044,0.7670000195503235,0.4706000089645386
YLL035W,YDR078C,0,-4.1487436,0.14011691510677338,0.7670000195503235,0.4706999957561493
YGL163C,YHL024W,1,-4.1494503,0.14027397334575653,0.7680000066757202,0.4706999957561493
YMR059W,YGL216W,0,-4.1494503,0.1402483582496643,0.7680000066757202,0.4708000123500824
YGL163C,YBR279W,1,-4.1496544,0.1404053270816803,0.7689999938011169,0.4708000123500824
YJL047C,YML061C,1,-4.1503468,0.1405622512102127,0.7699999809265137,0.4708000123500824
YFR024C-A,YMR319C,0,-4.150615,0.1405365914106369,0.7699999809265137,0.4708999991416931
YAL051W,YBR020W,0,-4.150687,0.1405109465122223,0.7699999809265137,0.47099998593330383
YKL129C,YDR393W,0,-4.1507254,0.14048531651496887,0.7699999809265137,0.47110000252723694
YDR182W,YPL244C,0,-4.151144,0.14045968651771545,0.7699999809265137,0.47119998931884766
YMR247C,YBR068C,0,-4.151364,0.14043407142162323,0.7699999809265137,0.47130000591278076
YCR098C,YDR308C,0,-4.1515265,0.140408456325531,0.7699999809265137,0.4713999927043915
YKL206C,YGR103W,0,-4.1516094,0.14038285613059998,0.7699999809265137,0.4715000092983246
YLR033W,YML086C,0,-4.1516447,0.14035727083683014,0.7699999809265137,0.4715999960899353
YGR144W,YLR131C,0,-4.1517477,0.1403317004442215,0.7699999809265137,0.4717000126838684
YPL020C,YLR386W,0,-4.1517735,0.14030611515045166,0.7699999809265137,0.4717999994754791
YPL240C,YOL028C,0,-4.151855,0.1402805596590042,0.7699999809265137,0.47189998626708984
YNL261W,YOR330C,0,-4.151892,0.14025500416755676,0.7699999809265137,0.47200000286102295
YIL125W,YDL247W,0,-4.1522036,0.1402294635772705,0.7699999809265137,0.47209998965263367
YBL084C,YPR135W,0,-4.152316,0.14020393788814545,0.7699999809265137,0.4722000062465668
YLR075W,YIR009W,0,-4.1526423,0.14017841219902039,0.7699999809265137,0.4722999930381775
YLR265C,YPR080W,0,-4.1526675,0.14015290141105652,0.7699999809265137,0.4724000096321106
YMR087W,YNL003C,0,-4.153214,0.14012739062309265,0.7699999809265137,0.4724999964237213
YDR065W,YDL112W,0,-4.1533375,0.14010189473628998,0.7699999809265137,0.4726000130176544
YLR304C,YOR173W,0,-4.153633,0.1400763988494873,0.7699999809265137,0.47269999980926514
YGL142C,YHR070W,0,-4.153739,0.14005093276500702,0.7699999809265137,0.47279998660087585
YCR098C,YDL079C,0,-4.154194,0.14002545177936554,0.7699999809265137,0.47290000319480896
YLR127C,YPR155C,0,-4.154209,0.14000000059604645,0.7699999809265137,0.4729999899864197
YCR066W,YGR211W,0,-4.1544065,0.13997454941272736,0.7699999809265137,0.4731000065803528
YHL025W,YDR361C,0,-4.1544867,0.13994911313056946,0.7699999809265137,0.4731999933719635
YLL009C,YBR009C,0,-4.154599,0.13992367684841156,0.7699999809265137,0.4733000099658966
YML102W,YNL008C,0,-4.1546183,0.13989825546741486,0.7699999809265137,0.4733999967575073
YPL032C,YDL235C,0,-4.154737,0.13987284898757935,0.7699999809265137,0.47350001335144043
YBL030C,YIL135C,0,-4.1549134,0.13984744250774384,0.7699999809265137,0.47360000014305115
YDL017W,YER082C,0,-4.1550303,0.13982205092906952,0.7699999809265137,0.47369998693466187
YFR055W,YJL035C,0,-4.155337,0.1397966593503952,0.7699999809265137,0.47380000352859497
YJL138C,YJR082C,0,-4.1557493,0.13977128267288208,0.7699999809265137,0.4738999903202057
YHR193C,YKL203C,0,-4.1564755,0.13974592089653015,0.7699999809265137,0.4740000069141388
YBL007C,YLR313C,0,-4.1565323,0.13972055912017822,0.7699999809265137,0.4740999937057495
YML031W,YER028C,0,-4.156609,0.1396952122449875,0.7699999809265137,0.4742000102996826
YGL210W,YFL050C,0,-4.156664,0.13966986536979675,0.7699999809265137,0.47429999709129333
YNL206C,YPL015C,1,-4.1568837,0.13982589542865753,0.7710000276565552,0.47429999709129333
YIL122W,YKR101W,0,-4.1573963,0.1398005485534668,0.7710000276565552,0.47440001368522644
YDL046W,YBR202W,0,-4.157754,0.13977520167827606,0.7710000276565552,0.47450000047683716
YDR147W,YMR276W,0,-4.157924,0.13974986970424652,0.7710000276565552,0.4745999872684479
YDR392W,YNR059W,0,-4.1579375,0.13972453773021698,0.7710000276565552,0.474700003862381
YHR089C,YHL028W,0,-4.158001,0.13969922065734863,0.7710000276565552,0.4747999906539917
YOR298W,YAL016W,0,-4.158009,0.13967391848564148,0.7710000276565552,0.4749000072479248
YGR157W,YDL031W,0,-4.1581583,0.13964861631393433,0.7710000276565552,0.4749999940395355
YGL130W,YIL065C,0,-4.1583204,0.13962332904338837,0.7710000276565552,0.47510001063346863
YDL046W,YMR075W,0,-4.158463,0.1395980417728424,0.7710000276565552,0.47519999742507935
YNL313C,YJL050W,0,-4.1585646,0.13957276940345764,0.7710000276565552,0.47530001401901245
YJR135W-A,YPR141C,0,-4.1589394,0.13954751193523407,0.7710000276565552,0.47540000081062317
YOL158C,YML038C,0,-4.1591806,0.1395222544670105,0.7710000276565552,0.4754999876022339
YJL054W,YOL069W,0,-4.1593432,0.13949701189994812,0.7710000276565552,0.475600004196167
YNL148C,YKR066C,0,-4.1595216,0.13947178423404694,0.7710000276565552,0.4756999909877777
YDL200C,YLR166C,0,-4.1595798,0.13944655656814575,0.7710000276565552,0.4758000075817108
YKL059C,YFL005W,0,-4.1596317,0.13942134380340576,0.7710000276565552,0.47589999437332153
YER075C,YPL048W,0,-4.159758,0.13939613103866577,0.7710000276565552,0.47600001096725464
YCR088W,YJL072C,0,-4.159795,0.13937093317508698,0.7710000276565552,0.47609999775886536
YNR002C,YGR095C,0,-4.1599736,0.13934575021266937,0.7710000276565552,0.47620001435279846
YLR222C,YBR258C,0,-4.1600075,0.13932056725025177,0.7710000276565552,0.4763000011444092
YDL200C,YLR254C,0,-4.1601324,0.13929539918899536,0.7710000276565552,0.4763999879360199
YDR270W,YGR200C,0,-4.160376,0.13927023112773895,0.7710000276565552,0.476500004529953
YLR310C,YIL016W,0,-4.160409,0.13924507796764374,0.7710000276565552,0.4765999913215637
YMR283C,YMR001C,0,-4.1606927,0.13921993970870972,0.7710000276565552,0.4767000079154968
YNL106C,YJL198W,0,-4.160904,0.1391948014497757,0.7710000276565552,0.47679999470710754
YFL055W,YHR107C,0,-4.161,0.13916967809200287,0.7710000276565552,0.47690001130104065
YHR084W,YDR027C,0,-4.161001,0.13914455473423004,0.7710000276565552,0.47699999809265137
YDL044C,YIL035C,0,-4.1610017,0.1391194462776184,0.7710000276565552,0.4771000146865845
YOR119C,YIL049W,0,-4.162308,0.13909435272216797,0.7710000276565552,0.4772000014781952
YGR211W,YDR163W,0,-4.1623116,0.13906925916671753,0.7710000276565552,0.4772999882698059
YLR081W,YDR311W,0,-4.1623697,0.13904418051242828,0.7710000276565552,0.477400004863739
YEL050C,YCR028C,0,-4.1628575,0.13901911675930023,0.7710000276565552,0.47749999165534973
YDR202C,YJL204C,0,-4.1631703,0.13899405300617218,0.7710000276565552,0.47760000824928284
YJR060W,YLR396C,0,-4.1631813,0.13896900415420532,0.7710000276565552,0.47769999504089355
YML049C,YHR138C,0,-4.1632667,0.13894395530223846,0.7710000276565552,0.47780001163482666
YNL214W,YML059C,0,-4.1632843,0.1389189213514328,0.7710000276565552,0.4778999984264374
YPR042C,YLR313C,0,-4.163502,0.13889388740062714,0.7710000276565552,0.4779999852180481
YAL056W,YGR222W,0,-4.1636357,0.13886888325214386,0.7710000276565552,0.4781000018119812
YDR088C,YNR026C,0,-4.1638107,0.1388438642024994,0.7710000276565552,0.4781999886035919
YNL272C,YLR034C,0,-4.163911,0.1388188749551773,0.7710000276565552,0.478300005197525
YML021C,YNR049C,0,-4.1639113,0.13879388570785522,0.7710000276565552,0.47839999198913574
YHR138C,YER068W,0,-4.164154,0.13876889646053314,0.7710000276565552,0.47850000858306885
YJR141W,YDR211W,0,-4.164304,0.13874392211437225,0.7710000276565552,0.47859999537467957
YBL025W,YGR278W,0,-4.16439,0.13871896266937256,0.7710000276565552,0.47870001196861267
YBR167C,YPL233W,0,-4.1644516,0.13869400322437286,0.7710000276565552,0.4787999987602234
YOL158C,YCL044C,0,-4.1647754,0.13866905868053436,0.7710000276565552,0.4788999855518341
YDR145W,YJL100W,0,-4.1648083,0.13864412903785706,0.7710000276565552,0.4790000021457672
YLL004W,YPL140C,0,-4.164862,0.13861919939517975,0.7710000276565552,0.47909998893737793
YDR512C,YOR023C,0,-4.1648664,0.13859428465366364,0.7710000276565552,0.47920000553131104
YDR446W,YOL068C,1,-4.164921,0.1387491077184677,0.7720000147819519,0.47920000553131104
YNR031C,YMR056C,0,-4.164935,0.1387241631746292,0.7720000147819519,0.47929999232292175
YJL184W,YIL065C,0,-4.1651115,0.1386992484331131,0.7720000147819519,0.47940000891685486
YOL142W,YOR329C,0,-4.1652784,0.13867433369159698,0.7720000147819519,0.4794999957084656
YBL039C,YMR005W,0,-4.165392,0.13864941895008087,0.7720000147819519,0.4796000123023987
YLR298C,YBR215W,0,-4.1657634,0.13862453401088715,0.7720000147819519,0.4796999990940094
YDR137W,YMR058W,0,-4.165946,0.13859963417053223,0.7720000147819519,0.4797999858856201
YLR191W,YHR019C,0,-4.166939,0.1385747641324997,0.7720000147819519,0.4799000024795532
YJL011C,YDL130W-A,0,-4.166979,0.13854989409446716,0.7720000147819519,0.47999998927116394
YKR048C,YMR068W,0,-4.167139,0.13852502405643463,0.7720000147819519,0.48010000586509705
YCR024C-A,YPL140C,0,-4.167168,0.1385001838207245,0.7720000147819519,0.48019999265670776
YDL079C,YHR085W,0,-4.16718,0.13847534358501434,0.7720000147819519,0.48030000925064087
YMR168C,YOR156C,0,-4.1675386,0.1384505033493042,0.7720000147819519,0.4803999960422516
YIL106W,YCR066W,0,-4.1675777,0.13842567801475525,0.7720000147819519,0.4805000126361847
YLR284C,YOR213C,0,-4.167735,0.1384008675813675,0.7720000147819519,0.4805999994277954
YHR167W,YDL185W,1,-4.167849,0.13855530321598053,0.7730000019073486,0.4805999994277954
YBR198C,YOR085W,0,-4.1679463,0.13853046298027039,0.7730000019073486,0.48069998621940613
YFL031W,YLR285W,0,-4.167978,0.13850563764572144,0.7730000019073486,0.48080000281333923
YDL200C,YDR398W,0,-4.168145,0.13848082721233368,0.7730000019073486,0.48089998960494995
YOR035C,YMR167W,1,-4.1683426,0.13863514363765717,0.7739999890327454,0.48089998960494995
YKR085C,YOR381W,0,-4.168517,0.13861031830310822,0.7739999890327454,0.48100000619888306
YPL012W,YDR168W,0,-4.1685734,0.13858549296855927,0.7739999890327454,0.4810999929904938
YLR335W,YNR049C,0,-4.1685963,0.1385606825351715,0.7739999890327454,0.4812000095844269
YML109W,YOL016C,0,-4.16864,0.13853588700294495,0.7739999890327454,0.4812999963760376
YGL115W,YGR128C,0,-4.1688085,0.13851109147071838,0.7739999890327454,0.4814000129699707
YMR080C,YOR244W,0,-4.169412,0.13848631083965302,0.7739999890327454,0.4814999997615814
YKL129C,YGL187C,0,-4.169616,0.13846154510974884,0.7739999890327454,0.48159998655319214
YOL090W,YER173W,1,-4.169663,0.13861563801765442,0.7749999761581421,0.48159998655319214
YMR270C,YDR427W,0,-4.1700425,0.13859084248542786,0.7749999761581421,0.48170000314712524
YML001W,YLR386W,0,-4.1702433,0.1385660618543625,0.7749999761581421,0.48179998993873596
YNL093W,YGR002C,0,-4.1704764,0.1385412961244583,0.7749999761581421,0.48190000653266907
YPR007C,YDR231C,0,-4.1704884,0.13851653039455414,0.7749999761581421,0.4819999933242798
YLR216C,YIL153W,0,-4.1710753,0.13849177956581116,0.7749999761581421,0.4821000099182129
YMR235C,YBR006W,0,-4.1712623,0.13846702873706818,0.7749999761581421,0.4821999967098236
YNL039W,YHR007C,0,-4.1713653,0.13844230771064758,0.7749999761581421,0.4823000133037567
YGL096W,YGR245C,0,-4.171456,0.1384175717830658,0.7749999761581421,0.48240000009536743
YDR389W,YNL173C,0,-4.1720285,0.1383928507566452,0.7749999761581421,0.48249998688697815
YPL137C,YBL013W,0,-4.172086,0.1383681446313858,0.7749999761581421,0.48260000348091125
YPR104C,YMR092C,0,-4.1721044,0.1383434534072876,0.7749999761581421,0.482699990272522
YBR030W,YBL063W,0,-4.1721153,0.1383187621831894,0.7749999761581421,0.4828000068664551
YDR311W,YNL299W,0,-4.1722713,0.1382940709590912,0.7749999761581421,0.4828999936580658
YKL194C,YMR229C,0,-4.172279,0.13826940953731537,0.7749999761581421,0.4830000102519989
YJR086W,YBR214W,0,-4.172398,0.13824473321437836,0.7749999761581421,0.4830999970436096
YKL093W,YGL048C,0,-4.1725483,0.13822008669376373,0.7749999761581421,0.4832000136375427
YHR012W,YNL273W,0,-4.1726904,0.1381954401731491,0.7749999761581421,0.48330000042915344
YPL156C,YDR429C,0,-4.173019,0.13817079365253448,0.7749999761581421,0.48339998722076416
YOR030W,YBR253W,0,-4.1730247,0.13814616203308105,0.7749999761581421,0.48350000381469727
YHR116W,YLR009W,0,-4.173321,0.13812154531478882,0.7749999761581421,0.483599990606308
YOR023C,YNR035C,0,-4.173343,0.13809692859649658,0.7749999761581421,0.4837000072002411
YBR082C,YGR055W,0,-4.1736703,0.13807232677936554,0.7749999761581421,0.4837999939918518
YNL188W,YOR317W,0,-4.173762,0.1380477398633957,0.7749999761581421,0.4839000105857849
YIR017C,YNL177C,0,-4.173849,0.13802315294742584,0.7749999761581421,0.48399999737739563
YGL209W,YLR399C,0,-4.1742196,0.1379985809326172,0.7749999761581421,0.48410001397132874
YHR082C,YDR265W,0,-4.1742487,0.13797400891780853,0.7749999761581421,0.48420000076293945
YDR075W,YDR432W,0,-4.1745877,0.13794945180416107,0.7749999761581421,0.48429998755455017
YAL005C,YMR246W,0,-4.1746635,0.1379248946905136,0.7749999761581421,0.4844000041484833
YPL053C,YOR294W,0,-4.17467,0.13790035247802734,0.7749999761581421,0.484499990940094
YOR027W,YJL100W,0,-4.17467,0.13787582516670227,0.7749999761581421,0.4846000075340271
YOL023W,YNL064C,0,-4.1746907,0.1378512978553772,0.7749999761581421,0.4846999943256378
YDL185W,YLR234W,1,-4.1747894,0.1380046308040619,0.7760000228881836,0.4846999943256378
YAL030W,YOL020W,0,-4.1751385,0.13798008859157562,0.7760000228881836,0.4848000109195709
YMR177W,YPR018W,0,-4.1754165,0.13795556128025055,0.7760000228881836,0.48489999771118164
YKR035W-A,YJR094C,0,-4.1757226,0.13793103396892548,0.7760000228881836,0.48500001430511475
YOR103C,YGL049C,0,-4.175761,0.1379065215587616,0.7760000228881836,0.48510000109672546
YNL003C,YGR095C,0,-4.175814,0.1378820240497589,0.7760000228881836,0.4851999878883362
YOR079C,YIL139C,0,-4.1758275,0.13785752654075623,0.7760000228881836,0.4853000044822693
YNL166C,YLR383W,0,-4.176552,0.13783304393291473,0.7760000228881836,0.48539999127388
YNL242W,YER051W,0,-4.1768947,0.13780856132507324,0.7760000228881836,0.4855000078678131
YDR201W,YML126C,0,-4.1771407,0.13778409361839294,0.7760000228881836,0.48559999465942383
YML021C,YJL111W,0,-4.1771526,0.13775962591171265,0.7760000228881836,0.48570001125335693
YJL141C,YGR113W,0,-4.1774945,0.13773517310619354,0.7760000228881836,0.48579999804496765
YNL099C,YPL135W,0,-4.1777396,0.13771073520183563,0.7760000228881836,0.48590001463890076
YCR028C-A,YLR313C,0,-4.1782436,0.13768629729747772,0.7760000228881836,0.4860000014305115
YLL035W,YER008C,0,-4.178338,0.137661874294281,0.7760000228881836,0.4860999882221222
YPL145C,YGR140W,0,-4.178776,0.13763746619224548,0.7760000228881836,0.4862000048160553
YKL005C,YOR211C,0,-4.178805,0.13761305809020996,0.7760000228881836,0.486299991607666
YGR134W,YML110C,0,-4.1792493,0.13758864998817444,0.7760000228881836,0.4864000082015991
YNL264C,YER013W,0,-4.179727,0.1375642567873001,0.7760000228881836,0.48649999499320984
YIL035C,YAR008W,0,-4.1797323,0.13753987848758698,0.7760000228881836,0.48660001158714294
YPR199C,YKL146W,0,-4.1808615,0.13751550018787384,0.7760000228881836,0.48669999837875366
YNL166C,YJR035W,0,-4.1809397,0.1374911367893219,0.7760000228881836,0.4867999851703644
YOR334W,YBR081C,0,-4.1812816,0.13746678829193115,0.7760000228881836,0.4869000017642975
YPL167C,YGR222W,0,-4.181379,0.1374424397945404,0.7760000228881836,0.4869999885559082
YDL197C,YEL034W,0,-4.1820774,0.13741809129714966,0.7760000228881836,0.4871000051498413
YMR038C,YAL017W,0,-4.1821423,0.1373937726020813,0.7760000228881836,0.487199991941452
YML049C,YBL063W,0,-4.1821637,0.13736943900585175,0.7760000228881836,0.48730000853538513
YNL126W,YPL049C,0,-4.1823087,0.13734513521194458,0.7760000228881836,0.48739999532699585
YPR083W,YGR078C,0,-4.1826115,0.13732083141803741,0.7760000228881836,0.48750001192092896
YDR518W,YDR484W,0,-4.182784,0.13729652762413025,0.7760000228881836,0.4875999987125397
YER155C,YOL124C,0,-4.1827974,0.13727223873138428,0.7760000228881836,0.4876999855041504
YDR527W,YDR085C,0,-4.1833916,0.1372479647397995,0.7760000228881836,0.4878000020980835
YKL051W,YOR174W,0,-4.1834617,0.13722369074821472,0.7760000228881836,0.4878999888896942
YOL039W,YDR463W,0,-4.1834693,0.13719943165779114,0.7760000228881836,0.4880000054836273
YNL164C,YKL140W,0,-4.1834764,0.13717518746852875,0.7760000228881836,0.48809999227523804
YHR170W,YOR381W,0,-4.1835,0.13715094327926636,0.7760000228881836,0.48820000886917114
YOL040C,YOR132W,0,-4.1835623,0.13712669909000397,0.7760000228881836,0.48829999566078186
YGR185C,YDR314C,0,-4.183893,0.13710246980190277,0.7760000228881836,0.48840001225471497
YDR247W,YNL247W,0,-4.1845374,0.13707825541496277,0.7760000228881836,0.4884999990463257
YNL329C,YHR114W,0,-4.184785,0.13705404102802277,0.7760000228881836,0.4885999858379364
YDR265W,YGL097W,0,-4.1847854,0.13702984154224396,0.7760000228881836,0.4887000024318695
YNL047C,YLR166C,0,-4.184793,0.13700565695762634,0.7760000228881836,0.4887999892234802
YPL116W,YAL016W,0,-4.1853704,0.13698147237300873,0.7760000228881836,0.48890000581741333
YFR024C-A,YJL196C,0,-4.185493,0.1369572877883911,0.7760000228881836,0.48899999260902405
YDL006W,YBR214W,0,-4.185582,0.1369331181049347,0.7760000228881836,0.48910000920295715
YIL016W,YNL127W,0,-4.185688,0.13690896332263947,0.7760000228881836,0.48919999599456787
YAL005C,YLR196W,0,-4.1864123,0.13688480854034424,0.7760000228881836,0.489300012588501
YAL026C,YGL053W,0,-4.1864824,0.1368606686592102,0.7760000228881836,0.4893999993801117
YNL123W,YDR322C-A,0,-4.1864843,0.13683654367923737,0.7760000228881836,0.4894999861717224
YDR270W,YNR031C,0,-4.1869664,0.13681241869926453,0.7760000228881836,0.4896000027656555
YMR046C,YPL212C,0,-4.187291,0.1367882937192917,0.7760000228881836,0.48969998955726624
YDL046W,YJL076W,0,-4.187865,0.13676418364048004,0.7760000228881836,0.48980000615119934
YKL175W,YAL034W-A,0,-4.1880693,0.1367400884628296,0.7760000228881836,0.48989999294281006
YNL121C,YKL008C,0,-4.1882696,0.13671599328517914,0.7760000228881836,0.49000000953674316
YDL185W,YML032C,1,-4.1887364,0.13686805963516235,0.7770000100135803,0.49000000953674316
YLR219W,YBR098W,1,-4.1890087,0.137020081281662,0.777999997138977,0.49000000953674316
YPL076W,YLR047C,0,-4.1898575,0.13699595630168915,0.777999997138977,0.4900999963283539
YJL041W,YGR217W,0,-4.1899233,0.1369718313217163,0.777999997138977,0.490200012922287
YLR330W,YNL102W,0,-4.1901555,0.13694772124290466,0.777999997138977,0.4902999997138977
YKL188C,YPR049C,0,-4.190334,0.13692361116409302,0.777999997138977,0.4903999865055084
YER020W,YKR086W,0,-4.1903343,0.13689953088760376,0.777999997138977,0.49050000309944153
YMR287C,YDR022C,0,-4.1903367,0.1368754357099533,0.777999997138977,0.49059998989105225
YLR330W,YDR503C,0,-4.1904798,0.13685137033462524,0.777999997138977,0.49070000648498535
YAL002W,YDR389W,0,-4.1912317,0.136827290058136,0.777999997138977,0.49079999327659607
YGL163C,YJR021C,1,-4.191253,0.13697907328605652,0.7789999842643738,0.49079999327659607
YPL057C,YIL030C,0,-4.191416,0.13695499300956726,0.7789999842643738,0.4909000098705292
YPL179W,YGR072W,0,-4.1919007,0.136930912733078,0.7789999842643738,0.4909999966621399
YJR017C,YOL148C,0,-4.1919093,0.13690684735774994,0.7789999842643738,0.491100013256073
YIL049W,YLR106C,0,-4.192081,0.13688279688358307,0.7789999842643738,0.4912000000476837
YIR002C,YDL108W,0,-4.1922684,0.1368587464094162,0.7789999842643738,0.49129998683929443
YBR294W,YBR201W,0,-4.192343,0.13683471083641052,0.7789999842643738,0.49140000343322754
YHR019C,YMR161W,0,-4.192574,0.13681067526340485,0.7789999842643738,0.49149999022483826
YLR242C,YHR001W,0,-4.1926503,0.13678665459156036,0.7789999842643738,0.49160000681877136
YDR328C,YDR479C,0,-4.19309,0.13676263391971588,0.7789999842643738,0.4916999936103821
YDL185W,YGL033W,1,-4.1931915,0.13691416382789612,0.7799999713897705,0.4916999936103821
YPL239W,YGL142C,0,-4.1932545,0.13689014315605164,0.7799999713897705,0.4918000102043152
YDL160C,YPL244C,0,-4.1933026,0.13686612248420715,0.7799999713897705,0.4918999969959259
YNL236W,YKL099C,0,-4.1937056,0.13684210181236267,0.7799999713897705,0.492000013589859
YDL185W,YHR079C-A,1,-4.1939936,0.13699351251125336,0.781000018119812,0.492000013589859
YDR448W,YDR182W,0,-4.1942143,0.13696949183940887,0.781000018119812,0.4921000003814697
YIL068C,YJL165C,0,-4.194927,0.1369454711675644,0.781000018119812,0.49219998717308044
YNL111C,YNL090W,0,-4.1949544,0.1369214653968811,0.781000018119812,0.49230000376701355
YGR246C,YER003C,0,-4.1950455,0.13689745962619781,0.781000018119812,0.49239999055862427
YLR242C,YPR182W,0,-4.195121,0.13687346875667572,0.781000018119812,0.4925000071525574
YBR066C,YMR068W,0,-4.195274,0.13684947788715363,0.781000018119812,0.4925999939441681
YML049C,YML094W,0,-4.195457,0.13682550191879272,0.781000018119812,0.4927000105381012
YCL024W,YLR130C,0,-4.195565,0.13680154085159302,0.781000018119812,0.4927999973297119
YLR067C,YCL075W,0,-4.1959844,0.1367775797843933,0.781000018119812,0.492900013923645
YGL097W,YBL106C,0,-4.1962595,0.1367536336183548,0.781000018119812,0.49300000071525574
YNL088W,YER173W,1,-4.196284,0.1369047611951828,0.7820000052452087,0.49300000071525574
YDR453C,YJR143C,0,-4.1963696,0.1368808001279831,0.7820000052452087,0.49309998750686646
YLR219W,YKL011C,1,-4.196775,0.13703185319900513,0.7829999923706055,0.49309998750686646
YNL166C,YGR188C,0,-4.1968174,0.13700787723064423,0.7829999923706055,0.49320000410079956
YLR105C,YGR056W,0,-4.196891,0.13698390126228333,0.7829999923706055,0.4932999908924103
YOR250C,YBR069C,0,-4.197061,0.13695994019508362,0.7829999923706055,0.4934000074863434
YJR083C,YBR110W,0,-4.1970816,0.1369359940290451,0.7829999923706055,0.4934999942779541
YOR100C,YGR135W,0,-4.197119,0.1369120478630066,0.7829999923706055,0.4936000108718872
YMR039C,YER006W,0,-4.1971226,0.13688811659812927,0.7829999923706055,0.4936999976634979
YHR019C,YJR125C,0,-4.197271,0.13686418533325195,0.7829999923706055,0.49380001425743103
YGR108W,YGR005C,0,-4.1976438,0.13684026896953583,0.7829999923706055,0.49390000104904175
YHL028W,YNL001W,0,-4.197699,0.1368163526058197,0.7829999923706055,0.49399998784065247
YLR153C,YCR039C,0,-4.1977434,0.13679245114326477,0.7829999923706055,0.49410000443458557
YPL115C,YGR108W,0,-4.1982903,0.13676856458187103,0.7829999923706055,0.4941999912261963
YOR085W,YLR272C,0,-4.1983733,0.1367446780204773,0.7829999923706055,0.4943000078201294
YBL009W,YNL133C,0,-4.1984596,0.13672079145908356,0.7829999923706055,0.4943999946117401
YHR005C-A,YPR030W,0,-4.198463,0.1366969347000122,0.7829999923706055,0.4945000112056732
YGR246C,YLL001W,0,-4.19874,0.13667306303977966,0.7829999923706055,0.49459999799728394
YDR256C,YML069W,0,-4.19919,0.1366492211818695,0.7829999923706055,0.49470001459121704
YPL048W,YNL039W,0,-4.19923,0.13662536442279816,0.7829999923706055,0.49480000138282776
YAL002W,YBR112C,0,-4.199435,0.1366015374660492,0.7829999923706055,0.4948999881744385
YHL024W,YDL154W,1,-4.1998434,0.1367521435022354,0.7839999794960022,0.4948999881744385
YKR050W,YGL061C,0,-4.199864,0.13672828674316406,0.7839999794960022,0.4950000047683716
YJR121W,YJL014W,0,-4.2002172,0.1367044448852539,0.7839999794960022,0.4950999915599823
YPR005C,YMR025W,0,-4.200291,0.13668061792850494,0.7839999794960022,0.4952000081539154
YPL268W,YDR273W,0,-4.200557,0.13665679097175598,0.7839999794960022,0.4952999949455261
YCR027C,YGR200C,0,-4.200832,0.1366329789161682,0.7839999794960022,0.49540001153945923
YDR023W,YDR079C-A,0,-4.200886,0.13660916686058044,0.7839999794960022,0.49549999833106995
YDR054C,YOR206W,0,-4.201018,0.13658536970615387,0.7839999794960022,0.49559998512268066
YAR019C,YGL096W,0,-4.201025,0.1365615725517273,0.7839999794960022,0.49570000171661377
YMR175W,YAL024C,0,-4.2010565,0.13653779029846191,0.7839999794960022,0.4957999885082245
YGL144C,YDR449C,0,-4.201191,0.13651402294635773,0.7839999794960022,0.4959000051021576
YOL009C,YJL050W,0,-4.2012725,0.13649025559425354,0.7839999794960022,0.4959999918937683
YJR084W,YER089C,0,-4.2017603,0.13646648824214935,0.7839999794960022,0.4961000084877014
YML034W,YPR135W,0,-4.201853,0.13644273579120636,0.7839999794960022,0.49619999527931213
YKL150W,YDR030C,0,-4.202051,0.13641899824142456,0.7839999794960022,0.49630001187324524
YOR144C,YJR021C,1,-4.2024064,0.13656924664974213,0.7850000262260437,0.49630001187324524
YJL183W,YOR330C,0,-4.2024817,0.13654547929763794,0.7850000262260437,0.49639999866485596
YGR008C,YOR168W,0,-4.2026386,0.13652174174785614,0.7850000262260437,0.4964999854564667
YML007W,YJL100W,0,-4.203073,0.13649800419807434,0.7850000262260437,0.4966000020503998
YBR295W,YDR301W,0,-4.20309,0.13647426664829254,0.7850000262260437,0.4966999888420105
YML129C,YMR078C,0,-4.20317,0.13645054399967194,0.7850000262260437,0.4968000054359436
YJL106W,YLR285W,0,-4.2032228,0.13642683625221252,0.7850000262260437,0.4968999922275543
YJR090C,YOL097C,0,-4.203295,0.1364031285047531,0.7850000262260437,0.4970000088214874
YKR008W,YJL053W,0,-4.2033772,0.1363794356584549,0.7850000262260437,0.49709999561309814
YDR518W,YGR211W,0,-4.203403,0.13635574281215668,0.7850000262260437,0.49720001220703125
YDR437W,YNL061W,0,-4.203548,0.13633206486701965,0.7850000262260437,0.49729999899864197
YDR123C,YPR199C,0,-4.2039986,0.13630838692188263,0.7850000262260437,0.4973999857902527
YJL102W,YOL004W,0,-4.204589,0.1362847238779068,0.7850000262260437,0.4975000023841858
YOR027W,YGL073W,0,-4.2046227,0.13626106083393097,0.7850000262260437,0.4975999891757965
YOR239W,YAL054C,0,-4.2048254,0.13623741269111633,0.7850000262260437,0.4977000057697296
YCL035C,YDR418W,0,-4.204982,0.1362137794494629,0.7850000262260437,0.49779999256134033
YJL125C,YKL079W,0,-4.2050343,0.13619014620780945,0.7850000262260437,0.49790000915527344
YPR104C,YCL032W,0,-4.205125,0.1361665278673172,0.7850000262260437,0.49799999594688416
YGR246C,YDR523C,0,-4.2055554,0.13614290952682495,0.7850000262260437,0.49810001254081726
YBR182C,YDL007W,0,-4.205579,0.1361193060874939,0.7850000262260437,0.498199999332428
YKL049C,YJL033W,0,-4.205703,0.13609570264816284,0.7850000262260437,0.4982999861240387
YGL181W,YDR194C,0,-4.2060814,0.13607211410999298,0.7850000262260437,0.4984000027179718
YDR384C,YNR052C,0,-4.206384,0.13604852557182312,0.7850000262260437,0.4984999895095825
YDR464W,YBL075C,0,-4.2065263,0.13602495193481445,0.7850000262260437,0.4986000061035156
YMR104C,YGL208W,0,-4.2066717,0.13600139319896698,0.7850000262260437,0.49869999289512634
YOR004W,YMR293C,0,-4.2068124,0.1359778344631195,0.7850000262260437,0.49880000948905945
YDL147W,YLR249W,0,-4.2070804,0.13595427572727203,0.7850000262260437,0.49889999628067017
YDL223C,YDR423C,0,-4.207208,0.13593073189258575,0.7850000262260437,0.49900001287460327
YDR384C,YKL140W,0,-4.207415,0.13590720295906067,0.7850000262260437,0.499099999666214
YGR113W,YKL117W,0,-4.2075014,0.13588367402553558,0.7850000262260437,0.4991999864578247
YNL098C,YHR143W-A,0,-4.2076497,0.1358601599931717,0.7850000262260437,0.4993000030517578
YPL240C,YMR054W,0,-4.207726,0.1358366459608078,0.7850000262260437,0.49939998984336853
YLR153C,YPR007C,0,-4.2078857,0.1358131468296051,0.7850000262260437,0.49950000643730164
YDR062W,YMR172W,0,-4.207887,0.1357896625995636,0.7850000262260437,0.49959999322891235
YML124C,YPR021C,0,-4.2079387,0.1357661634683609,0.7850000262260437,0.49970000982284546
YOR156C,YCR094W,0,-4.207943,0.1357426941394806,0.7850000262260437,0.4997999966144562
YDL036C,YEL018W,0,-4.208026,0.13571922481060028,0.7850000262260437,0.4999000132083893
YHR081W,YMR224C,1,-4.208038,0.1358686238527298,0.7860000133514404,0.4999000132083893
YJL191W,YAL016W,0,-4.208359,0.1358451396226883,0.7860000133514404,0.5
YBR098W,YAL029C,1,-4.2084126,0.13599446415901184,0.7870000004768372,0.5
YLL026W,YER028C,0,-4.2085905,0.13597097992897034,0.7870000004768372,0.5001000165939331
YLR183C,YHR085W,0,-4.2085996,0.13594748079776764,0.7870000004768372,0.5001999735832214
YHR116W,YLR353W,0,-4.2086835,0.13592401146888733,0.7870000004768372,0.5002999901771545
YJL001W,YPR016C,0,-4.208776,0.13590054214000702,0.7870000004768372,0.5004000067710876
YOR064C,YLR181C,0,-4.2090077,0.1358770728111267,0.7870000004768372,0.5005000233650208
YBR049C,YOL142W,0,-4.209013,0.1358536183834076,0.7870000004768372,0.5005999803543091
YLR240W,YLR131C,0,-4.2091174,0.13583016395568848,0.7870000004768372,0.5006999969482422
YKL002W,YPL042C,0,-4.2092514,0.13580672442913055,0.7870000004768372,0.5008000135421753
YLR370C,YOR381W,0,-4.2096987,0.13578329980373383,0.7870000004768372,0.5008999705314636
YOR237W,YDL140C,0,-4.2097206,0.1357598751783371,0.7870000004768372,0.5009999871253967
YDL112W,YIL125W,0,-4.2099495,0.13573646545410156,0.7870000004768372,0.5011000037193298
YNR054C,YER008C,0,-4.209992,0.13571305572986603,0.7870000004768372,0.5012000203132629
YMR316W,YGR083C,0,-4.2100286,0.1356896609067917,0.7870000004768372,0.5012999773025513
YDL101C,YML132W,0,-4.2100554,0.13566626608371735,0.7870000004768372,0.5013999938964844
YHR172W,YOR061W,0,-4.2101116,0.1356428861618042,0.7870000004768372,0.5015000104904175
YER015W,YLL003W,0,-4.2106247,0.13561950623989105,0.7870000004768372,0.5016000270843506
YEL054C,YCR042C,0,-4.211198,0.1355961412191391,0.7870000004768372,0.5016999840736389
YGL213C,YBR073W,1,-4.2120776,0.13574504852294922,0.7879999876022339,0.5016999840736389
YPL211W,YOR267C,0,-4.21239,0.13572166860103607,0.7879999876022339,0.501800000667572
YPR083W,YIL016W,0,-4.212711,0.13569828867912292,0.7879999876022339,0.5019000172615051
YJR091C,YPR016C,0,-4.2128754,0.13567493855953217,0.7879999876022339,0.5019999742507935
YGR296W,YJL090C,1,-4.2129183,0.13582372665405273,0.7889999747276306,0.5019999742507935
YLR226W,YLR119W,0,-4.212977,0.1358003467321396,0.7889999747276306,0.5020999908447266
YHR052W,YBL099W,0,-4.2132025,0.13577698171138763,0.7889999747276306,0.5022000074386597
YEL009C,YOR058C,0,-4.21325,0.13575361669063568,0.7889999747276306,0.5023000240325928
YJL173C,YHR081W,1,-4.2133064,0.1359022855758667,0.7900000214576721,0.5023000240325928
YML102W,YKR067W,0,-4.2136555,0.13587890565395355,0.7900000214576721,0.5023999810218811
YNL130C,YBR170C,0,-4.2138996,0.1358555406332016,0.7900000214576721,0.5024999976158142
YPR057W,YJL005W,0,-4.2140784,0.13583219051361084,0.7900000214576721,0.5026000142097473
YBR121C,YBL019W,0,-4.214249,0.13580884039402008,0.7900000214576721,0.5026999711990356
YDR470C,YDR211W,0,-4.214307,0.13578549027442932,0.7900000214576721,0.5027999877929688
YJR103W,YMR239C,0,-4.2145658,0.13576215505599976,0.7900000214576721,0.5029000043869019
YHL007C,YDR177W,0,-4.2145915,0.13573883473873138,0.7900000214576721,0.503000020980835
YOR064C,YML028W,0,-4.2147098,0.135715514421463,0.7900000214576721,0.5030999779701233
YML102W,YML132W,0,-4.214797,0.13569220900535583,0.7900000214576721,0.5031999945640564
YKR035W-A,YMR283C,0,-4.2148094,0.13566890358924866,0.7900000214576721,0.5033000111579895
YPL266W,YGR209C,0,-4.214861,0.13564559817314148,0.7900000214576721,0.5034000277519226
YOL133W,YJR043C,0,-4.2151785,0.1356223225593567,0.7900000214576721,0.5034999847412109
YPR173C,YNR011C,0,-4.2152233,0.1355990320444107,0.7900000214576721,0.503600001335144
YKL129C,YMR078C,0,-4.215969,0.1355757713317871,0.7900000214576721,0.5037000179290771
YKR054C,YFL008W,0,-4.216036,0.1355525106191635,0.7900000214576721,0.5037999749183655
YIL131C,YOR080W,0,-4.2160463,0.13552924990653992,0.7900000214576721,0.5038999915122986
YPR112C,YKL117W,0,-4.216087,0.13550600409507751,0.7900000214576721,0.5040000081062317
YLR256W,YOR060C,0,-4.216106,0.1354827582836151,0.7900000214576721,0.5041000247001648
YMR280C,YDL046W,0,-4.216245,0.1354595273733139,0.7900000214576721,0.5041999816894531
YMR038C,YLR052W,0,-4.2163115,0.1354363113641739,0.7900000214576721,0.5042999982833862
YNL098C,YGL162W,0,-4.2163663,0.13541309535503387,0.7900000214576721,0.5044000148773193
YGL213C,YPL022W,1,-4.2164016,0.1355612725019455,0.7910000085830688,0.5044000148773193
YLR165C,YBL016W,0,-4.216438,0.1355380415916443,0.7910000085830688,0.5044999718666077
YCL044C,YPL155C,0,-4.216461,0.13551482558250427,0.7910000085830688,0.5045999884605408
YAL011W,YOR332W,0,-4.216511,0.13549160957336426,0.7910000085830688,0.5047000050544739
YML021C,YER003C,0,-4.2166867,0.13546840846538544,0.7910000085830688,0.504800021648407
YDL017W,YFR037C,0,-4.216901,0.13544520735740662,0.7910000085830688,0.5048999786376953
YPL240C,YKL004W,0,-4.2175684,0.135422021150589,0.7910000085830688,0.5049999952316284
YGR097W,YGR145W,0,-4.2176905,0.13539883494377136,0.7910000085830688,0.5051000118255615
YDR298C,YEL036C,0,-4.218337,0.13537566363811493,0.7910000085830688,0.5052000284194946
YDL101C,YFR009W,0,-4.2189937,0.1353524923324585,0.7910000085830688,0.505299985408783
YNR039C,YOR313C,0,-4.2190065,0.13532933592796326,0.7910000085830688,0.5054000020027161
YOR209C,YOR221C,0,-4.219053,0.1353061944246292,0.7910000085830688,0.5055000185966492
YER093C,YOR381W,0,-4.219132,0.13528305292129517,0.7910000085830688,0.5055999755859375
YEL003W,YHR148W,0,-4.2192936,0.13525991141796112,0.7910000085830688,0.5056999921798706
YLR396C,YNR032W,0,-4.21937,0.13523679971694946,0.7910000085830688,0.5058000087738037
YDR414C,YGR144W,0,-4.2195535,0.1352136731147766,0.7910000085830688,0.5059000253677368
YHR039C-A,YJR094C,0,-4.219985,0.13519056141376495,0.7910000085830688,0.5059999823570251
YEL003W,YIR002C,0,-4.2200904,0.1351674646139145,0.7910000085830688,0.5060999989509583
YKL160W,YGR056W,0,-4.2202573,0.13514436781406403,0.7910000085830688,0.5062000155448914
YDR310C,YHL025W,0,-4.220394,0.13512128591537476,0.7910000085830688,0.5062999725341797
YPL139C,YKL007W,0,-4.220409,0.13509820401668549,0.7910000085830688,0.5063999891281128
YLR466W,YJL208C,1,-4.220723,0.1352459043264389,0.7919999957084656,0.5063999891281128
YLR222C,YGR135W,0,-4.220755,0.13522280752658844,0.7919999957084656,0.5065000057220459
YPR124W,YGR238C,0,-4.220834,0.13519972562789917,0.7919999957084656,0.506600022315979
YBR072W,YMR220W,0,-4.220906,0.1351766586303711,0.7919999957084656,0.5066999793052673
YKL059C,YIL125W,0,-4.220957,0.13515357673168182,0.7919999957084656,0.5067999958992004
YGL130W,YNR026C,0,-4.2211804,0.13513052463531494,0.7919999957084656,0.5069000124931335
YMR104C,YGL244W,0,-4.2212257,0.13510747253894806,0.7919999957084656,0.5070000290870667
YOR089C,YLR043C,0,-4.22136,0.13508442044258118,0.7919999957084656,0.507099986076355
YKL203C,YLR009W,0,-4.2215466,0.13506139814853668,0.7919999957084656,0.5072000026702881
YPL145C,YLR006C,0,-4.2218313,0.135038360953331,0.7919999957084656,0.5073000192642212
YNL139C,YJL090C,1,-4.2220073,0.1351858228445053,0.7929999828338623,0.5073000192642212
YCL024W,YKL002W,0,-4.2220235,0.13516277074813843,0.7929999828338623,0.5073999762535095
YDR093W,YDR393W,0,-4.222059,0.13513973355293274,0.7929999828338623,0.5074999928474426
YDL015C,YJL194W,0,-4.222188,0.13511671125888824,0.7929999828338623,0.5076000094413757
YPR173C,YLR316C,0,-4.222372,0.13509370386600494,0.7929999828338623,0.5077000260353088
YKL011C,YML032C,1,-4.2224193,0.13524101674556732,0.7940000295639038,0.5077000260353088
YDR194C,YER106W,0,-4.2224545,0.13521797955036163,0.7940000295639038,0.5077999830245972
YIL121W,YOL077W-A,0,-4.223449,0.13519495725631714,0.7940000295639038,0.5078999996185303
YOL130W,YOR049C,0,-4.223549,0.13517194986343384,0.7940000295639038,0.5080000162124634
YPL240C,YPL036W,0,-4.2236204,0.13514894247055054,0.7940000295639038,0.5080999732017517
YLR242C,YOL077W-A,0,-4.2239213,0.13512593507766724,0.7940000295639038,0.5081999897956848
YML049C,YLR409C,0,-4.224128,0.13510294258594513,0.7940000295639038,0.5083000063896179
YNL094W,YGL252C,0,-4.224284,0.13507996499538422,0.7940000295639038,0.508400022983551
YDR131C,YPL031C,0,-4.224377,0.1350569874048233,0.7940000295639038,0.5084999799728394
YOR064C,YJL111W,0,-4.2244153,0.1350340098142624,0.7940000295639038,0.5085999965667725
YBR004C,YJL013C,0,-4.2245383,0.13501104712486267,0.7940000295639038,0.5087000131607056
YJL047C,YAR007C,1,-4.2246127,0.13515810668468475,0.7950000166893005,0.5087000131607056
YGR218W,YGL245W,0,-4.2246237,0.13513512909412384,0.7950000166893005,0.5088000297546387
YIL115C,YDL216C,0,-4.2247257,0.13511216640472412,0.7950000166893005,0.508899986743927
YDR488C,YHR206W,0,-4.224981,0.1350892037153244,0.7950000166893005,0.5090000033378601
YAL051W,YLR319C,0,-4.225405,0.13506625592708588,0.7950000166893005,0.5091000199317932
YKR020W,YPL203W,0,-4.2259994,0.13504332304000854,0.7950000166893005,0.5091999769210815
YMR008C,YDR091C,0,-4.2262115,0.13502037525177002,0.7950000166893005,0.5092999935150146
YKL002W,YDR079C-A,0,-4.226443,0.13499745726585388,0.7950000166893005,0.5094000101089478
YNL264C,YDR201W,0,-4.2265387,0.13497453927993774,0.7950000166893005,0.5095000267028809
YGR244C,YLR186W,0,-4.2265663,0.1349516212940216,0.7950000166893005,0.5095999836921692
YDR375C,YIL061C,0,-4.226824,0.13492871820926666,0.7950000166893005,0.5097000002861023
YLR032W,YPL091W,0,-4.227355,0.13490581512451172,0.7950000166893005,0.5098000168800354
YPR201W,YER123W,0,-4.22753,0.13488292694091797,0.7950000166893005,0.5098999738693237
YDL135C,YMR054W,0,-4.2276845,0.1348600536584854,0.7950000166893005,0.5099999904632568
YHR081W,YLR329W,1,-4.2277403,0.13500678539276123,0.7960000038146973,0.5099999904632568
YNL261W,YBR244W,0,-4.228145,0.13498389720916748,0.7960000038146973,0.5101000070571899
YGL106W,YHR016C,0,-4.228744,0.13496100902557373,0.7960000038146973,0.510200023651123
YBR228W,YMR049C,0,-4.228889,0.13493812084197998,0.7960000038146973,0.5102999806404114
YJL173C,YGR296W,1,-4.2289414,0.13508474826812744,0.796999990940094,0.5102999806404114
YOL105C,YGL035C,0,-4.2293587,0.1350618600845337,0.796999990940094,0.5103999972343445
YGL233W,YPR141C,0,-4.2293844,0.13503897190093994,0.796999990940094,0.5105000138282776
YNL082W,YOR035C,1,-4.2294974,0.13518549501895905,0.7979999780654907,0.5105000138282776
YBR098W,YPL283C,1,-4.2295694,0.13533197343349457,0.7990000247955322,0.5105000138282776
YNL088W,YBR073W,1,-4.22966,0.1354784071445465,0.800000011920929,0.5105000138282776
YCR010C,YDR427W,0,-4.2296605,0.13545547425746918,0.800000011920929,0.5105999708175659
YIR015W,YHR114W,0,-4.2298527,0.13543254137039185,0.800000011920929,0.510699987411499
YPL006W,YNL173C,0,-4.230509,0.13540960848331451,0.800000011920929,0.5108000040054321
YLR433C,YNL188W,0,-4.230541,0.13538670539855957,0.800000011920929,0.5109000205993652
YOR348C,YPL146C,0,-4.2305827,0.13536378741264343,0.800000011920929,0.5109999775886536
YDR251W,YGR200C,0,-4.2309866,0.1353408843278885,0.800000011920929,0.5110999941825867
YDR159W,YBR290W,0,-4.2310953,0.13531799614429474,0.800000011920929,0.5112000107765198
YPR055W,YLR106C,0,-4.231101,0.135295107960701,0.800000011920929,0.5113000273704529
YDL003W,YOR230W,0,-4.231344,0.13527223467826843,0.800000011920929,0.5113999843597412
YOR319W,YKL035W,0,-4.2315307,0.13524936139583588,0.800000011920929,0.5115000009536743
YDR039C,YDR423C,0,-4.231747,0.13522650301456451,0.800000011920929,0.5116000175476074
YOR250C,YLR447C,0,-4.232416,0.13520364463329315,0.800000011920929,0.5116999745368958
YBR095C,YLL027W,0,-4.232902,0.13518080115318298,0.800000011920929,0.5117999911308289
YML049C,YPR052C,0,-4.2330775,0.135157972574234,0.800000011920929,0.511900007724762
YGR245C,YIR037W,0,-4.233143,0.13513512909412384,0.800000011920929,0.5120000243186951
YNL312W,YAL029C,1,-4.2332625,0.13528120517730713,0.8009999990463257,0.5120000243186951
YCR091W,YJL045W,0,-4.2334023,0.13525836169719696,0.8009999990463257,0.5120999813079834
YMR117C,YJL074C,0,-4.234468,0.1352355182170868,0.8009999990463257,0.5121999979019165
YLR032W,YBR009C,0,-4.2346234,0.13521268963813782,0.8009999990463257,0.5123000144958496
YOL068C,YAR007C,1,-4.234692,0.13535864651203156,0.8019999861717224,0.5123000144958496
YLR329W,YLR466W,1,-4.2348413,0.1355045586824417,0.8029999732971191,0.5123000144958496
YGR037C,YDR447C,0,-4.234888,0.13548170030117035,0.8029999732971191,0.5123999714851379
YDR310C,YFR046C,0,-4.2349825,0.135458841919899,0.8029999732971191,0.512499988079071
YCL069W,YOR355W,0,-4.2353168,0.13543599843978882,0.8029999732971191,0.5126000046730042
YKL130C,YDR110W,1,-4.235568,0.13558179140090942,0.8040000200271606,0.5126000046730042
YLR221C,YML038C,0,-4.235619,0.13555893301963806,0.8040000200271606,0.5127000212669373
YHR129C,YDR171W,0,-4.235728,0.1355360746383667,0.8040000200271606,0.5127999782562256
YKL081W,YDR078C,0,-4.2358146,0.13551323115825653,0.8040000200271606,0.5128999948501587
YPL200W,YOR173W,0,-4.2360516,0.13549038767814636,0.8040000200271606,0.5130000114440918
YGL163C,YAL029C,1,-4.236304,0.13563606142997742,0.8050000071525574,0.5130000114440918
YCL017C,YER049W,0,-4.236389,0.13561320304870605,0.8050000071525574,0.5131000280380249
YGR013W,YJL210W,0,-4.2365117,0.1355903595685959,0.8050000071525574,0.5131999850273132
YML023C,YNL059C,0,-4.2365665,0.1355675309896469,0.8050000071525574,0.5133000016212463
YPL211W,YMR001C,0,-4.236631,0.13554470241069794,0.8050000071525574,0.5134000182151794
YML130C,YNL102W,0,-4.2370152,0.13552188873291016,0.8050000071525574,0.5134999752044678
YBL105C,YMR075W,0,-4.2371645,0.13549907505512238,0.8050000071525574,0.5135999917984009
YLR459W,YOR191W,0,-4.2372785,0.1354762762784958,0.8050000071525574,0.513700008392334
YDR178W,YER082C,0,-4.2374988,0.1354534775018692,0.8050000071525574,0.5138000249862671
YOL090W,YJR021C,1,-4.2377176,0.13559892773628235,0.8059999942779541,0.5138000249862671
YOR288C,YGR179C,0,-4.237753,0.13557611405849457,0.8059999942779541,0.5138999819755554
YMR239C,YDR145W,0,-4.2378263,0.13555331528186798,0.8059999942779541,0.5139999985694885
YIL068C,YDR145W,0,-4.2379045,0.1355305165052414,0.8059999942779541,0.5141000151634216
YNL003C,YPL092W,0,-4.2384367,0.135507732629776,0.8059999942779541,0.51419997215271
YML058W,YOR195W,0,-4.238719,0.1354849487543106,0.8059999942779541,0.5142999887466431
YJR077C,YAR018C,0,-4.238752,0.1354621797800064,0.8059999942779541,0.5144000053405762
YKL144C,YBR169C,0,-4.239194,0.1354394257068634,0.8059999942779541,0.5145000219345093
YMR023C,YGR200C,0,-4.239198,0.1354166716337204,0.8059999942779541,0.5145999789237976
YMR055C,YLR095C,0,-4.239225,0.1353939175605774,0.8059999942779541,0.5146999955177307
YGL209W,YNR011C,0,-4.239248,0.13537117838859558,0.8059999942779541,0.5148000121116638
YCR024C-A,YDR052C,0,-4.239477,0.13534845411777496,0.8059999942779541,0.5149000287055969
YLL035W,YKL148C,0,-4.240023,0.13532571494579315,0.8059999942779541,0.5149999856948853
YKR066C,YML043C,0,-4.240226,0.13530300557613373,0.8059999942779541,0.5151000022888184
YBR085W,YOR140W,0,-4.2403092,0.1352802962064743,0.8059999942779541,0.5152000188827515
YOR087W,YOR310C,0,-4.2404933,0.13525758683681488,0.8059999942779541,0.5152999758720398
YGL111W,YNL225C,0,-4.2405,0.13523489236831665,0.8059999942779541,0.5153999924659729
YKR054C,YDR118W,0,-4.240755,0.13521221280097961,0.8059999942779541,0.515500009059906
YOL020W,YGL071W,0,-4.2409043,0.13518953323364258,0.8059999942779541,0.5156000256538391
YOR063W,YLR337C,0,-4.240927,0.13516686856746674,0.8059999942779541,0.5156999826431274
YDR486C,YAR008W,0,-4.241014,0.1351442039012909,0.8059999942779541,0.5157999992370605
YLR219W,YMR133W,1,-4.241443,0.13528919219970703,0.8069999814033508,0.5157999992370605
YDR214W,YLL011W,0,-4.242074,0.13526651263237,0.8069999814033508,0.5159000158309937
YDR122W,YLR117C,0,-4.242104,0.13524384796619415,0.8069999814033508,0.515999972820282
YFL014W,YHR165C,0,-4.242274,0.1352211833000183,0.8069999814033508,0.5160999894142151
YFL034C-B,YJL109C,0,-4.2422857,0.13519851863384247,0.8069999814033508,0.5162000060081482
YMR235C,YAL032C,0,-4.2424407,0.135175883769989,0.8069999814033508,0.5163000226020813
YMR117C,YPL200W,0,-4.2424717,0.13515323400497437,0.8069999814033508,0.5163999795913696
YJR021C,YOR368W,1,-4.2425404,0.13529805839061737,0.8080000281333923,0.5163999795913696
YFL013C,YOR329C,0,-4.2429085,0.13527540862560272,0.8080000281333923,0.5164999961853027
YNL245C,YOL142W,0,-4.2432117,0.13525275886058807,0.8080000281333923,0.5166000127792358
YNL318C,YPR080W,0,-4.243373,0.13523012399673462,0.8080000281333923,0.516700029373169
YPL022W,YBR130C,1,-4.2435746,0.13537482917308807,0.8090000152587891,0.516700029373169
YKR019C,YDR518W,0,-4.2436466,0.13535217940807343,0.8090000152587891,0.5167999863624573
YBR223C,YJR145C,0,-4.2443857,0.13532954454421997,0.8090000152587891,0.5169000029563904
YML023C,YNL222W,0,-4.244653,0.13530690968036652,0.8090000152587891,0.5170000195503235
YPL147W,YJR143C,0,-4.2447352,0.13528427481651306,0.8090000152587891,0.5170999765396118
YGL053W,YKL005C,0,-4.24491,0.1352616548538208,0.8090000152587891,0.5171999931335449
YNL164C,YDR310C,0,-4.244918,0.13523904979228973,0.8090000152587891,0.517300009727478
YNL292W,YAL056W,0,-4.245081,0.13521644473075867,0.8090000152587891,0.5174000263214111
YGL049C,YJL004C,0,-4.2451873,0.1351938545703888,0.8090000152587891,0.5174999833106995
YNR072W,YDL056W,0,-4.245283,0.13517126441001892,0.8090000152587891,0.5175999999046326
YHR164C,YPR041W,0,-4.245903,0.13514867424964905,0.8090000152587891,0.5177000164985657
YPL269W,YMR229C,0,-4.245912,0.13512611389160156,0.8090000152587891,0.517799973487854
YNR002C,YJR035W,0,-4.245992,0.13510353863239288,0.8090000152587891,0.5178999900817871
YJR052W,YLR430W,0,-4.2460556,0.1350809782743454,0.8090000152587891,0.5180000066757202
YPL012W,YBR132C,0,-4.2461133,0.1350584328174591,0.8090000152587891,0.5181000232696533
YDR247W,YJR043C,0,-4.2463374,0.13503588736057281,0.8090000152587891,0.5181999802589417
YGL207W,YMR172W,0,-4.2464666,0.13501335680484772,0.8090000152587891,0.5182999968528748
YNL030W,YMR078C,0,-4.2467294,0.13499082624912262,0.8090000152587891,0.5184000134468079
YNL182C,YJR059W,0,-4.24683,0.13496829569339752,0.8090000152587891,0.5184999704360962
YDR429C,YKL108W,0,-4.2472305,0.1349457949399948,0.8090000152587891,0.5185999870300293
YER118C,YHR058C,0,-4.24727,0.1349232792854309,0.8090000152587891,0.5187000036239624
YLR219W,YAR007C,1,-4.2480183,0.13506753742694855,0.8100000023841858,0.5187000036239624
YDR254W,YMR036C,0,-4.2481556,0.13504502177238464,0.8100000023841858,0.5188000202178955
YBR154C,YDR251W,0,-4.2482185,0.13502250611782074,0.8100000023841858,0.5188999772071838
YLR043C,YAL013W,0,-4.24851,0.13500000536441803,0.8100000023841858,0.5189999938011169
YKL112W,YLL019C,0,-4.248814,0.13497750461101532,0.8100000023841858,0.51910001039505
YPR032W,YLR127C,0,-4.248851,0.1349550187587738,0.8100000023841858,0.5192000269889832
YOR034C,YDL035C,0,-4.249087,0.1349325329065323,0.8100000023841858,0.5192999839782715
YKL040C,YOR005C,0,-4.2492213,0.13491006195545197,0.8100000023841858,0.5194000005722046
YMR087W,YOL060C,0,-4.249817,0.13488759100437164,0.8100000023841858,0.5195000171661377
YAL005C,YKR101W,0,-4.249956,0.13486513495445251,0.8100000023841858,0.519599974155426
YNL088W,YMR284W,1,-4.250068,0.13500915467739105,0.8109999895095825,0.519599974155426
YDR254W,YML092C,0,-4.250159,0.13498668372631073,0.8109999895095825,0.5196999907493591
YBR192W,YLR115W,0,-4.2502275,0.1349642276763916,0.8109999895095825,0.5198000073432922
YLR051C,YGL073W,0,-4.2504425,0.13494175672531128,0.8109999895095825,0.5199000239372253
YBL052C,YML132W,0,-4.250855,0.13491931557655334,0.8109999895095825,0.5199999809265137
YDR325W,YDL108W,0,-4.2509174,0.1348968744277954,0.8109999895095825,0.5200999975204468
YJR001W,YLR009W,0,-4.250959,0.13487443327903748,0.8109999895095825,0.5202000141143799
YGL209W,YNL161W,0,-4.2511277,0.13485200703144073,0.8109999895095825,0.5202999711036682
YEL037C,YHR158C,0,-4.251263,0.1348295956850052,0.8109999895095825,0.5203999876976013
YGL142C,YDR115W,0,-4.2518387,0.13480718433856964,0.8109999895095825,0.5205000042915344
YPR055W,YOR304W,0,-4.2524223,0.1347847729921341,0.8109999895095825,0.5206000208854675
YHR160C,YHR165C,0,-4.252547,0.13476237654685974,0.8109999895095825,0.5206999778747559
YDR270W,YDR002W,0,-4.252749,0.13473999500274658,0.8109999895095825,0.520799994468689
YCR094W,YLR190W,0,-4.25303,0.13471761345863342,0.8109999895095825,0.5209000110626221
YLR466W,YCR092C,1,-4.2531905,0.1348613202571869,0.8119999766349792,0.5209000110626221
YLR205C,YHR007C,0,-4.253576,0.13483892381191254,0.8119999766349792,0.5210000276565552
YPL253C,YOL027C,0,-4.253622,0.13481654226779938,0.8119999766349792,0.5210999846458435
YNL133C,YBR036C,0,-4.253631,0.13479416072368622,0.8119999766349792,0.5212000012397766
YPL036W,YML121W,0,-4.25372,0.13477177917957306,0.8119999766349792,0.5213000178337097
YNL251C,YJL100W,0,-4.2540717,0.1347494125366211,0.8119999766349792,0.521399974822998
YLL034C,YOR073W,0,-4.2542486,0.13472706079483032,0.8119999766349792,0.5214999914169312
YLR298C,YIR018W,0,-4.2544246,0.13470470905303955,0.8119999766349792,0.5216000080108643
YPR189W,YBR182C,0,-4.254513,0.13468237221240997,0.8119999766349792,0.5217000246047974
YDL200C,YPR138C,0,-4.2545805,0.1346600353717804,0.8119999766349792,0.5217999815940857
YOR340C,YGL243W,0,-4.2546616,0.13463769853115082,0.8119999766349792,0.5218999981880188
YAL029C,YBR130C,1,-4.254728,0.13478116691112518,0.8130000233650208,0.5218999981880188
YJR068W,YBR070C,0,-4.2551913,0.1347588300704956,0.8130000233650208,0.5220000147819519
YBR112C,YDR021W,0,-4.255533,0.13473649322986603,0.8130000233650208,0.5220999717712402
YCL024W,YNR053C,0,-4.2556725,0.13471417129039764,0.8130000233650208,0.5221999883651733
YGR134W,YMR207C,0,-4.2559447,0.13469184935092926,0.8130000233650208,0.5223000049591064
YHR129C,YKL110C,0,-4.2560096,0.13466954231262207,0.8130000233650208,0.5224000215530396
YGR075C,YCL010C,0,-4.2561555,0.13464723527431488,0.8130000233650208,0.5224999785423279
YML036W,YNL090W,0,-4.2563167,0.13462494313716888,0.8130000233650208,0.522599995136261
YBR059C,YJR094C,0,-4.257169,0.1346026510000229,0.8130000233650208,0.5227000117301941
YMR250W,YER149C,0,-4.2572956,0.13458037376403809,0.8130000233650208,0.5228000283241272
YKL194C,YJL203W,0,-4.257316,0.13455809652805328,0.8130000233650208,0.5228999853134155
YKR089C,YDR308C,0,-4.2573338,0.13453581929206848,0.8130000233650208,0.5230000019073486
YJL013C,YER051W,0,-4.2573504,0.13451357185840607,0.8130000233650208,0.5231000185012817
YPL242C,YDR439W,0,-4.2574735,0.13449130952358246,0.8130000233650208,0.5231999754905701
YDR453C,YOR122C,0,-4.257975,0.13446907699108124,0.8130000233650208,0.5232999920845032
YDL079C,YDR317W,0,-4.2580104,0.13444682955741882,0.8130000233650208,0.5234000086784363
YJL072C,YOR057W,0,-4.2580824,0.1344245970249176,0.8130000233650208,0.5235000252723694
YDR256C,YBR036C,0,-4.258539,0.13440237939357758,0.8130000233650208,0.5235999822616577
YDR163W,YJR046W,0,-4.258893,0.13438016176223755,0.8130000233650208,0.5236999988555908
YKL095W,YOR005C,0,-4.259131,0.13435795903205872,0.8130000233650208,0.5238000154495239
YKR053C,YGL252C,0,-4.2594175,0.13433575630187988,0.8130000233650208,0.5238999724388123
YBL018C,YBL052C,0,-4.2597976,0.13431356847286224,0.8130000233650208,0.5239999890327454
YBR177C,YNR011C,0,-4.2599154,0.1342913806438446,0.8130000233650208,0.5241000056266785
YMR238W,YBR186W,0,-4.2600083,0.13426919281482697,0.8130000233650208,0.5242000222206116
YKL028W,YML092C,0,-4.2603207,0.1342470347881317,0.8130000233650208,0.5242999792098999
YCR060W,YGR238C,0,-4.2603226,0.13422486186027527,0.8130000233650208,0.524399995803833
YDR495C,YDL081C,0,-4.260736,0.13420270383358002,0.8130000233650208,0.5245000123977661
YNL154C,YDR142C,0,-4.2608986,0.13418056070804596,0.8130000233650208,0.5246000289916992
YGL087C,YFL026W,0,-4.260961,0.1341584175825119,0.8130000233650208,0.5246999859809875
YMR046C,YKL004W,0,-4.261158,0.13413627445697784,0.8130000233650208,0.5248000025749207
YLR067C,YGL053W,0,-4.2611594,0.13411416113376617,0.8130000233650208,0.5249000191688538
YKR007W,YLR190W,0,-4.261425,0.1340920329093933,0.8130000233650208,0.5249999761581421
YDR137W,YOR206W,0,-4.26171,0.13406991958618164,0.8130000233650208,0.5250999927520752
YHR150W,YOR217W,0,-4.261713,0.13404782116413116,0.8130000233650208,0.5252000093460083
YHR001W-A,YDR022C,0,-4.2620263,0.1340257227420807,0.8130000233650208,0.5253000259399414
YGL053W,YOR005C,0,-4.262055,0.1340036243200302,0.8130000233650208,0.5253999829292297
YDR308C,YFR053C,0,-4.262339,0.13398154079914093,0.8130000233650208,0.5254999995231628
YPL267W,YOL016C,0,-4.2627387,0.13395947217941284,0.8130000233650208,0.525600016117096
YPL026C,YOR103C,0,-4.2629952,0.13393740355968475,0.8130000233650208,0.5256999731063843
YCR091W,YPR135W,0,-4.263756,0.13391533493995667,0.8130000233650208,0.5257999897003174
YHL040C,YJR029W,0,-4.263786,0.13389328122138977,0.8130000233650208,0.5259000062942505
YHR170W,YBR085W,0,-4.2640634,0.13387122750282288,0.8130000233650208,0.5260000228881836
YFL017W-A,YOR054C,0,-4.264277,0.13384918868541718,0.8130000233650208,0.5260999798774719
YDR283C,YJL087C,0,-4.2642927,0.13382716476917267,0.8130000233650208,0.526199996471405
YKL110C,YPL274W,0,-4.264401,0.13380514085292816,0.8130000233650208,0.5263000130653381
YDL160C,YIL035C,0,-4.264493,0.13378311693668365,0.8130000233650208,0.5264000296592712
YOL004W,YGR048W,0,-4.2647343,0.13376110792160034,0.8130000233650208,0.5264999866485596
YLR332W,YIL065C,0,-4.264793,0.13373909890651703,0.8130000233650208,0.5266000032424927
YLR342W,YNL172W,0,-4.2650023,0.1337171047925949,0.8130000233650208,0.5267000198364258
YOL066C,YOL023W,0,-4.265238,0.1336951106786728,0.8130000233650208,0.5267999768257141
YDR389W,YNL257C,0,-4.2652392,0.13367313146591187,0.8130000233650208,0.5268999934196472
YDR283C,YGR222W,0,-4.2653384,0.13365115225315094,0.8130000233650208,0.5270000100135803
YFR003C,YMR260C,0,-4.2654085,0.1336291879415512,0.8130000233650208,0.5271000266075134
YML010W,YPR191W,0,-4.265594,0.13360722362995148,0.8130000233650208,0.5271999835968018
YGL120C,YGR157W,0,-4.265615,0.13358527421951294,0.8130000233650208,0.5273000001907349
YCR075C,YJR035W,0,-4.2660055,0.1335633248090744,0.8130000233650208,0.527400016784668
YNL130C,YNL148C,0,-4.266322,0.13354139029979706,0.8130000233650208,0.5274999737739563
YPL089C,YHR150W,0,-4.26683,0.13351945579051971,0.8130000233650208,0.5275999903678894
YPL160W,YJL074C,0,-4.2671313,0.13349753618240356,0.8130000233650208,0.5277000069618225
YGL163C,YPL015C,1,-4.267356,0.13363979756832123,0.8140000104904175,0.5277000069618225
YJL100W,YDR301W,0,-4.267383,0.13361786305904388,0.8140000104904175,0.5278000235557556
YBR135W,YDR121W,0,-4.26761,0.13359592854976654,0.8140000104904175,0.527899980545044
YFR031C,YDR081C,0,-4.2680326,0.1335740089416504,0.8140000104904175,0.527999997138977
YGL257C,YML059C,0,-4.2680664,0.13355208933353424,0.8140000104904175,0.5281000137329102
YDL022W,YJR145C,0,-4.2690897,0.13353018462657928,0.8140000104904175,0.5281999707221985
YNL177C,YPR054W,0,-4.2697744,0.13350827991962433,0.8140000104904175,0.5282999873161316
YMR316W,YDL081C,0,-4.2700105,0.13348639011383057,0.8140000104904175,0.5284000039100647
YCL035C,YJL085W,0,-4.2701178,0.1334645003080368,0.8140000104904175,0.5285000205039978
YLR116W,YDR091C,0,-4.2704043,0.13344262540340424,0.8140000104904175,0.5285999774932861
YNL329C,YDL036C,0,-4.2706676,0.13342075049877167,0.8140000104904175,0.5286999940872192
YHR081W,YMR167W,1,-4.2707353,0.13356277346611023,0.8149999976158142,0.5286999940872192
YIL121W,YDR194C,0,-4.270977,0.13354088366031647,0.8149999976158142,0.5288000106811523
YOL072W,YDR110W,1,-4.271144,0.13368283212184906,0.8159999847412109,0.5288000106811523
YDL213C,YOL016C,0,-4.2711487,0.1336609274148941,0.8159999847412109,0.5289000272750854
YBR118W,YMR139W,0,-4.271149,0.13363903760910034,0.8159999847412109,0.5289999842643738
YML043C,YHR041C,0,-4.2713275,0.13361716270446777,0.8159999847412109,0.5291000008583069
YML016C,YNL003C,0,-4.2714458,0.1335952877998352,0.8159999847412109,0.52920001745224
YHR019C,YBR173C,0,-4.271841,0.13357341289520264,0.8159999847412109,0.5292999744415283
YML031W,YGL233W,0,-4.271888,0.13355155289173126,0.8159999847412109,0.5293999910354614
YGL233W,YJL140W,0,-4.2721896,0.13352970778942108,0.8159999847412109,0.5295000076293945
YPR110C,YOR287C,0,-4.2722116,0.1335078477859497,0.8159999847412109,0.5296000242233276
YDR487C,YDR245W,0,-4.272646,0.13348601758480072,0.8159999847412109,0.529699981212616
YDR078C,YCL034W,0,-4.273108,0.13346418738365173,0.8159999847412109,0.5297999978065491
YHR129C,YOR381W,0,-4.2734666,0.13344235718250275,0.8159999847412109,0.5299000144004822
YDL132W,YLL038C,0,-4.273633,0.13342054188251495,0.8159999847412109,0.5299999713897705
YPR138C,YCR040W,0,-4.2739387,0.13339872658252716,0.8159999847412109,0.5300999879837036
YER123W,YOR148C,0,-4.274169,0.13337692618370056,0.8159999847412109,0.5302000045776367
YDR214W,YBR188C,0,-4.2742124,0.13335512578487396,0.8159999847412109,0.5303000211715698
YGL063W,YJL117W,0,-4.2742586,0.13333334028720856,0.8159999847412109,0.5303999781608582
YPR133C,YBL052C,0,-4.274868,0.13331155478954315,0.8159999847412109,0.5304999947547913
YPR199C,YER089C,0,-4.275381,0.13328976929187775,0.8159999847412109,0.5306000113487244
YPL082C,YBL018C,0,-4.2756867,0.13326799869537354,0.8159999847412109,0.5307000279426575
YBR098W,YBR279W,1,-4.2763166,0.1334095299243927,0.8169999718666077,0.5307000279426575
YLR360W,YDR295C,0,-4.276436,0.1333877593278885,0.8169999718666077,0.5307999849319458
YJR068W,YPL112C,0,-4.276698,0.13336597383022308,0.8169999718666077,0.5309000015258789
YNL111C,YLR330W,0,-4.2767506,0.13334421813488007,0.8169999718666077,0.531000018119812
YHR086W,YBR158W,0,-4.2768607,0.13332244753837585,0.8169999718666077,0.5310999751091003
YJR017C,YEL027W,0,-4.2770944,0.13330070674419403,0.8169999718666077,0.5311999917030334
YNL326C,YKR031C,0,-4.2771835,0.133278951048851,0.8169999718666077,0.5313000082969666
YGR167W,YJR108W,0,-4.2772603,0.1332572102546692,0.8169999718666077,0.5314000248908997
YPR036W,YOR206W,0,-4.2774553,0.13323548436164856,0.8169999718666077,0.531499981880188
YKL130C,YOR035C,1,-4.277629,0.133376806974411,0.8180000185966492,0.531499981880188
YKL182W,YCR063W,0,-4.278292,0.1333550661802292,0.8180000185966492,0.5315999984741211
YDL134C,YJL191W,0,-4.2784076,0.13333334028720856,0.8180000185966492,0.5317000150680542
YDL044C,YGR037C,0,-4.2785826,0.13331159949302673,0.8180000185966492,0.5317999720573425
YPR124W,YJR125C,0,-4.278811,0.1332898736000061,0.8180000185966492,0.5318999886512756
YDL064W,YGR246C,0,-4.279131,0.13326816260814667,0.8180000185966492,0.5320000052452087
YLR219W,YFL003C,1,-4.279333,0.13340935111045837,0.8190000057220459,0.5320000052452087
YGR170W,YGR005C,0,-4.279374,0.13338762521743774,0.8190000057220459,0.5321000218391418
YMR012W,YAL009W,0,-4.2795887,0.13336589932441711,0.8190000057220459,0.5321999788284302
YPL122C,YFR003C,0,-4.279685,0.13334418833255768,0.8190000057220459,0.5322999954223633
YBR240C,YKR028W,0,-4.279789,0.13332247734069824,0.8190000057220459,0.5324000120162964
YIL009W,YNR059W,0,-4.280034,0.13330078125,0.8190000057220459,0.5325000286102295
YGL035C,YNL293W,0,-4.2801576,0.13327908515930176,0.8190000057220459,0.5325999855995178
YGL027C,YPR133C,0,-4.2802734,0.1332574039697647,0.8190000057220459,0.5327000021934509
YKR055W,YML034W,0,-4.2804103,0.13323572278022766,0.8190000057220459,0.532800018787384
YFR013W,YFL026W,0,-4.2806754,0.1332140564918518,0.8190000057220459,0.5328999757766724
YMR068W,YLR100W,0,-4.2808247,0.13319239020347595,0.8190000057220459,0.5329999923706055
YDL134C,YJR019C,0,-4.2809,0.1331707388162613,0.8190000057220459,0.5331000089645386
YJL063C,YNL214W,0,-4.28092,0.13314908742904663,0.8190000057220459,0.5332000255584717
YLR305C,YMR182C,0,-4.2810426,0.13312743604183197,0.8190000057220459,0.53329998254776
YGL029W,YKL150W,0,-4.281185,0.1331057995557785,0.8190000057220459,0.5333999991416931
YDR298C,YDR499W,0,-4.2812276,0.13308417797088623,0.8190000057220459,0.5335000157356262
YNL221C,YOL023W,0,-4.2815022,0.13306255638599396,0.8190000057220459,0.5335999727249146
YGL213C,YML128C,1,-4.2816315,0.13320337235927582,0.8199999928474426,0.5335999727249146
YLR396C,YFL002C,0,-4.282261,0.13318175077438354,0.8199999928474426,0.5336999893188477
YFL014W,YHR197W,0,-4.2826266,0.13316011428833008,0.8199999928474426,0.5338000059127808
YJL101C,YER019W,0,-4.2831736,0.1331384927034378,0.8199999928474426,0.5339000225067139
YJR083C,YKL203C,0,-4.283256,0.13311688601970673,0.8199999928474426,0.5339999794960022
YJL108C,YMR056C,0,-4.283369,0.13309527933597565,0.8199999928474426,0.5340999960899353
YFR031C,YPL050C,0,-4.283588,0.13307367265224457,0.8199999928474426,0.5342000126838684
YEL030W,YGL020C,0,-4.2839117,0.13305208086967468,0.8199999928474426,0.5343000292778015
YKR061W,YPL242C,0,-4.2848,0.133030503988266,0.8199999928474426,0.5343999862670898
YOL090W,YDR289C,1,-4.285735,0.13317112624645233,0.8209999799728394,0.5343999862670898
YPL217C,YDR118W,0,-4.285894,0.13314953446388245,0.8209999799728394,0.534500002861023
YPR107C,YNL154C,0,-4.286069,0.13312794268131256,0.8209999799728394,0.534600019454956
YJL006C,YOL016C,0,-4.2861595,0.13310635089874268,0.8209999799728394,0.5346999764442444
YOL135C,YOR001W,0,-4.286336,0.13308477401733398,0.8209999799728394,0.5347999930381775
YOL009C,YNR038W,0,-4.286542,0.1330632120370865,0.8209999799728394,0.5349000096321106
YML032C,YNL206C,1,-4.286806,0.13320370018482208,0.8220000267028809,0.5349000096321106
YGR171C,YBR095C,0,-4.2871776,0.1331821084022522,0.8220000267028809,0.5350000262260437
YMR077C,YKL175W,0,-4.2876477,0.1331605315208435,0.8220000267028809,0.535099983215332
YNL099C,YJL133W,0,-4.2879963,0.133138969540596,0.8220000267028809,0.5351999998092651
YDL112W,YGR144W,0,-4.288255,0.1331174075603485,0.8220000267028809,0.5353000164031982
YLR045C,YNR059W,0,-4.288799,0.1330958604812622,0.8220000267028809,0.5353999733924866
YDR254W,YIL021W,0,-4.288814,0.1330743134021759,0.8220000267028809,0.5354999899864197
YPR036W,YOL021C,0,-4.2890315,0.1330527663230896,0.8220000267028809,0.5356000065803528
YJL005W,YBR060C,0,-4.2891498,0.1330312341451645,0.8220000267028809,0.5357000231742859
YAL035W,YBL022C,0,-4.289737,0.13300970196723938,0.8220000267028809,0.5357999801635742
YBL093C,YDR439W,0,-4.2902718,0.13298818469047546,0.8220000267028809,0.5358999967575073
YML011C,YIR011C,0,-4.290287,0.13296668231487274,0.8220000267028809,0.5360000133514404
YHR090C,YBR142W,0,-4.290354,0.13294516503810883,0.8220000267028809,0.5360999703407288
YKL011C,YNL271C,1,-4.290427,0.13308538496494293,0.8230000138282776,0.5360999703407288
YGL213C,YAL029C,1,-4.2906766,0.13322554528713226,0.8240000009536743,0.5360999703407288
YIL121W,YKL004W,0,-4.2909074,0.13320401310920715,0.8240000009536743,0.5361999869346619
YGR085C,YJR102C,0,-4.291169,0.13318248093128204,0.8240000009536743,0.536300003528595
YFL017W-A,YBR091C,0,-4.2911925,0.13316096365451813,0.8240000009536743,0.5364000201225281
YPR187W,YJL128C,0,-4.2912135,0.1331394463777542,0.8240000009536743,0.5364999771118164
YBR084W,YPL241C,0,-4.291406,0.1331179291009903,0.8240000009536743,0.5365999937057495
YJR031C,YGR200C,0,-4.2914195,0.13309642672538757,0.8240000009536743,0.5367000102996826
YOR034C,YLR006C,0,-4.2916,0.13307493925094604,0.8240000009536743,0.5368000268936157
YPR036W,YJL050W,0,-4.2916007,0.13305345177650452,0.8240000009536743,0.536899983882904
YGL226C-A,YPL217C,0,-4.2917914,0.133031964302063,0.8240000009536743,0.5370000004768372
YNR019W,YDL213C,0,-4.2920656,0.13301049172878265,0.8240000009536743,0.5371000170707703
YPL240C,YBR060C,0,-4.2921686,0.13298901915550232,0.8240000009536743,0.5371999740600586
YML038C,YOR329C,0,-4.292226,0.13296756148338318,0.8240000009536743,0.5372999906539917
YNL271C,YCR092C,1,-4.292239,0.13310745358467102,0.824999988079071,0.5372999906539917
YLL019C,YEL026W,0,-4.2927175,0.13308598101139069,0.824999988079071,0.5374000072479248
YPL283C,YML061C,1,-4.292881,0.13322581350803375,0.8259999752044678,0.5374000072479248
YIL115C,YOR178C,0,-4.2932615,0.13320432603359222,0.8259999752044678,0.5375000238418579
YHR150W,YBR061C,0,-4.2933593,0.1331828385591507,0.8259999752044678,0.5375999808311462
YFR004W,YKL051W,0,-4.293447,0.13316138088703156,0.8259999752044678,0.5376999974250793
YMR276W,YLR399C,0,-4.2936883,0.13313990831375122,0.8259999752044678,0.5378000140190125
YML091C,YEL069C,0,-4.2938886,0.13311845064163208,0.8259999752044678,0.5378999710083008
YAL026C,YPL128C,0,-4.2942166,0.13309700787067413,0.8259999752044678,0.5379999876022339
YLR260W,YDR081C,0,-4.29431,0.1330755650997162,0.8259999752044678,0.538100004196167
YJL173C,YJL047C,1,-4.294505,0.13321520388126373,0.8270000219345093,0.538100004196167
YBR055C,YGR143W,0,-4.295089,0.1331937462091446,0.8270000219345093,0.5382000207901001
YOL009C,YGR048W,0,-4.2953963,0.13317230343818665,0.8270000219345093,0.5382999777793884
YJL133W,YOL094C,0,-4.296086,0.1331508606672287,0.8270000219345093,0.5383999943733215
YDR260C,YPL203W,0,-4.296418,0.13312943279743195,0.8270000219345093,0.5385000109672546
YCL035C,YHR174W,0,-4.296568,0.1331080049276352,0.8270000219345093,0.5386000275611877
YDR153C,YHR050W,0,-4.2966313,0.13308657705783844,0.8270000219345093,0.5386999845504761
YBL079W,YER028C,0,-4.2969546,0.13306516408920288,0.8270000219345093,0.5388000011444092
YBR059C,YDR393W,0,-4.297034,0.13304375112056732,0.8270000219345093,0.5389000177383423
YAL021C,YML059C,0,-4.2970424,0.13302235305309296,0.8270000219345093,0.5389999747276306
YDR419W,YOR001W,0,-4.2970915,0.13300096988677979,0.8270000219345093,0.5390999913215637
YNL207W,YLR361C,0,-4.297627,0.13297957181930542,0.8270000219345093,0.5392000079154968
YFL014W,YCL055W,0,-4.2986813,0.13295820355415344,0.8270000219345093,0.5393000245094299
YDR501W,YOL027C,0,-4.2988114,0.13293682038784027,0.8270000219345093,0.5393999814987183
YLR467W,YOR035C,1,-4.2989583,0.13307617604732513,0.828000009059906,0.5393999814987183
YNL214W,YDR393W,0,-4.299144,0.13305479288101196,0.828000009059906,0.5394999980926514
YPL146C,YLR127C,0,-4.299292,0.13303342461585999,0.828000009059906,0.5396000146865845
YEL003W,YDR270W,0,-4.2993064,0.13301204144954681,0.828000009059906,0.5396999716758728
YKR007W,YPL091W,0,-4.299312,0.13299068808555603,0.828000009059906,0.5397999882698059
YBR154C,YPL065W,0,-4.299354,0.13296931982040405,0.828000009059906,0.539900004863739
YMR045C,YML045W,0,-4.2994885,0.13294798135757446,0.828000009059906,0.5400000214576721
YPR086W,YBR216C,0,-4.2995853,0.13292662799358368,0.828000009059906,0.5400999784469604
YMR059W,YDR027C,0,-4.3000164,0.1329052895307541,0.828000009059906,0.5401999950408936
YDR224C,YPL082C,0,-4.300226,0.1328839659690857,0.828000009059906,0.5403000116348267
YOL135C,YGL245W,0,-4.3003426,0.1328626424074173,0.828000009059906,0.5404000282287598
YDL185W,YBR098W,1,-4.300356,0.13300175964832306,0.8289999961853027,0.5404000282287598
YBR159W,YKL005C,0,-4.300362,0.13298043608665466,0.8289999961853027,0.5404999852180481
YLR219W,YDL164C,1,-4.3005443,0.13311949372291565,0.8299999833106995,0.5404999852180481
YLR060W,YOR221C,0,-4.3008113,0.13309814035892487,0.8299999833106995,0.5406000018119812
YCL024W,YIL031W,0,-4.3011746,0.13307680189609528,0.8299999833106995,0.5407000184059143
YHR081W,YDR180W,1,-4.3011837,0.1332157701253891,0.8309999704360962,0.5407000184059143
YKR007W,YJR125C,0,-4.3011947,0.13319441676139832,0.8309999704360962,0.5407999753952026
YNL088W,YPL164C,1,-4.3015547,0.13333334028720856,0.8320000171661377,0.5407999753952026
YDR449C,YKL052C,0,-4.30163,0.13331197202205658,0.8320000171661377,0.5408999919891357
YER123W,YLR399C,0,-4.3020873,0.1332906186580658,0.8320000171661377,0.5410000085830688
YML058W,YNL169C,0,-4.302113,0.133269265294075,0.8320000171661377,0.541100025177002
YDR418W,YDR227W,0,-4.3022532,0.13324791193008423,0.8320000171661377,0.5411999821662903
YBL080C,YDR397C,0,-4.3022914,0.13322658836841583,0.8320000171661377,0.5412999987602234
YIL031W,YMR211W,0,-4.302365,0.13320524990558624,0.8320000171661377,0.5414000153541565
YDR464W,YGL049C,0,-4.302486,0.13318392634391785,0.8320000171661377,0.5414999723434448
YKL032C,YIL030C,0,-4.3027,0.13316261768341064,0.8320000171661377,0.5415999889373779
YIL048W,YOR288C,0,-4.302832,0.13314130902290344,0.8320000171661377,0.541700005531311
YPL178W,YDR517W,0,-4.3032207,0.13312000036239624,0.8320000171661377,0.5418000221252441
YDL223C,YBR237W,0,-4.3033595,0.13309870660305023,0.8320000171661377,0.5418999791145325
YDL236W,YFR046C,0,-4.3037834,0.13307741284370422,0.8320000171661377,0.5419999957084656
YMR207C,YCL075W,0,-4.3038535,0.1330561339855194,0.8320000171661377,0.5421000123023987
YMR139W,YDR447C,0,-4.3045974,0.1330348551273346,0.8320000171661377,0.5422000288963318
YCR060W,YMR285C,0,-4.3048387,0.13301359117031097,0.8320000171661377,0.5422999858856201
YPR187W,YDR228C,0,-4.3049207,0.13299232721328735,0.8320000171661377,0.5424000024795532
YNL298W,YKL213C,0,-4.3049917,0.13297107815742493,0.8320000171661377,0.5425000190734863
YLR329W,YMR167W,1,-4.305104,0.13310961425304413,0.8330000042915344,0.5425000190734863
YHR085W,YHR106W,0,-4.305299,0.1330883502960205,0.8330000042915344,0.5425999760627747
YBL014C,YLR052W,0,-4.3054867,0.1330670863389969,0.8330000042915344,0.5426999926567078
YFL010W-A,YER062C,0,-4.306084,0.13304583728313446,0.8330000042915344,0.5428000092506409
YLR276C,YIL030C,0,-4.306278,0.13302458822727203,0.8330000042915344,0.542900025844574
YJL157C,YEL030W,0,-4.3065596,0.1330033540725708,0.8330000042915344,0.5429999828338623
YJR135W-A,YDL148C,0,-4.3065677,0.13298211991786957,0.8330000042915344,0.5430999994277954
YDL197C,YDR342C,0,-4.30677,0.13296090066432953,0.8330000042915344,0.5432000160217285
YDR398W,YLR190W,0,-4.3070693,0.1329396814107895,0.8330000042915344,0.5432999730110168
YJL012C,YLL009C,0,-4.307641,0.13291846215724945,0.8330000042915344,0.54339998960495
YOL051W,YDR081C,0,-4.307722,0.1328972578048706,0.8330000042915344,0.5435000061988831
YAL030W,YHR119W,0,-4.307746,0.13287605345249176,0.8330000042915344,0.5436000227928162
YJR021C,YDR113C,1,-4.3082314,0.13301435112953186,0.8339999914169312,0.5436000227928162
YMR287C,YGL044C,0,-4.3083615,0.13299314677715302,0.8339999914169312,0.5436999797821045
YDR404C,YDR129C,0,-4.3086295,0.13297194242477417,0.8339999914169312,0.5437999963760376
YIL031W,YCL075W,0,-4.3087597,0.13295073807239532,0.8339999914169312,0.5439000129699707
YHR174W,YBL063W,0,-4.308779,0.13292954862117767,0.8339999914169312,0.5440000295639038
YDR065W,YML094W,0,-4.309235,0.13290835916996002,0.8339999914169312,0.5440999865531921
YDL132W,YMR058W,0,-4.3099055,0.13288718461990356,0.8339999914169312,0.5442000031471252
YBR276C,YPL001W,0,-4.309949,0.1328660249710083,0.8339999914169312,0.5443000197410583
YKL099C,YFL008W,0,-4.3099685,0.13284485042095184,0.8339999914169312,0.5443999767303467
YLL004W,YGR108W,0,-4.310304,0.13282369077205658,0.8339999914169312,0.5444999933242798
YLR219W,YDR113C,1,-4.310393,0.13296177983283997,0.8349999785423279,0.5444999933242798
YKL125W,YGL014W,0,-4.3107634,0.1329406201839447,0.8349999785423279,0.5446000099182129
YDL008W,YBR121C,0,-4.311234,0.13291944563388824,0.8349999785423279,0.544700026512146
YMR080C,YOR150W,0,-4.311707,0.13289830088615417,0.8349999785423279,0.5447999835014343
YHR170W,YOL133W,0,-4.311761,0.1328771412372589,0.8349999785423279,0.5449000000953674
YHL036W,YNL156C,0,-4.311948,0.13285601139068604,0.8349999785423279,0.5450000166893005
YHR194W,YDR331W,0,-4.3120065,0.13283486664295197,0.8349999785423279,0.5450999736785889
YGL097W,YBR084W,0,-4.312521,0.1328137367963791,0.8349999785423279,0.545199990272522
YCL024W,YML046W,0,-4.312645,0.1327926218509674,0.8349999785423279,0.5453000068664551
YHR014W,YDR301W,0,-4.313094,0.13277150690555573,0.8349999785423279,0.5454000234603882
YPL084W,YLR051C,0,-4.3132944,0.13275039196014404,0.8349999785423279,0.5454999804496765
YOR341W,YLR459W,0,-4.313685,0.13272929191589355,0.8349999785423279,0.5455999970436096
YJL069C,YJL073W,0,-4.3138,0.13270820677280426,0.8349999785423279,0.5457000136375427
YPL271W,YLR285W,0,-4.3139815,0.13268710672855377,0.8349999785423279,0.545799970626831
YBR098W,YLR466W,1,-4.314044,0.13282491266727448,0.8360000252723694,0.545799970626831
YBR296C,YBL018C,0,-4.3140473,0.132803812623024,0.8360000252723694,0.5458999872207642
YDL198C,YDR213W,0,-4.3141165,0.1327827125787735,0.8360000252723694,0.5460000038146973
YGR257C,YHL028W,0,-4.3142133,0.1327616274356842,0.8360000252723694,0.5461000204086304
YER029C,YKL140W,0,-4.3143435,0.1327405571937561,0.8360000252723694,0.5461999773979187
YOR008C,YDR423C,0,-4.314633,0.1327194720506668,0.8360000252723694,0.5462999939918518
YLL040C,YMR025W,0,-4.315073,0.1326984167098999,0.8360000252723694,0.5464000105857849
YPL069C,YLR220W,0,-4.3152013,0.1326773464679718,0.8360000252723694,0.546500027179718
YMR059W,YOR256C,0,-4.3153615,0.1326563060283661,0.8360000252723694,0.5465999841690063
YDR353W,YJR047C,0,-4.3155065,0.13263525068759918,0.8360000252723694,0.5467000007629395
YKR026C,YDR022C,0,-4.3156543,0.13261421024799347,0.8360000252723694,0.5468000173568726
YLR186W,YNL055C,0,-4.31633,0.13259318470954895,0.8360000252723694,0.5468999743461609
YKL081W,YLR313C,0,-4.3164763,0.13257215917110443,0.8360000252723694,0.546999990940094
YCL004W,YGR183C,0,-4.316565,0.1325511336326599,0.8360000252723694,0.5471000075340271
YOR159C,YNR059W,0,-4.3167405,0.1325301229953766,0.8360000252723694,0.5472000241279602
YER021W,YGL210W,0,-4.3169737,0.13250911235809326,0.8360000252723694,0.5472999811172485
YMR104C,YAL035W,0,-4.3174253,0.13248811662197113,0.8360000252723694,0.5473999977111816
YDR256C,YHR150W,0,-4.317577,0.132467120885849,0.8360000252723694,0.5475000143051147
YML021C,YOL005C,0,-4.317847,0.13244614005088806,0.8360000252723694,0.5475999712944031
YBR253W,YGR112W,0,-4.3180437,0.13242515921592712,0.8360000252723694,0.5476999878883362
YDL185W,YOL090W,1,-4.318163,0.1325625628232956,0.8370000123977661,0.5476999878883362
YGR098C,YOR132W,0,-4.3183637,0.13254156708717346,0.8370000123977661,0.5478000044822693
YNL082W,YLR219W,1,-4.318471,0.13267891108989716,0.8379999995231628,0.5478000044822693
YNL139C,YPL015C,1,-4.3184743,0.13281621038913727,0.8389999866485596,0.5478000044822693
YLR310C,YDR317W,0,-4.3188562,0.13279518485069275,0.8389999866485596,0.5479000210762024
YOR150W,YDR181C,0,-4.318865,0.13277417421340942,0.8389999866485596,0.5479999780654907
YJL173C,YGL213C,1,-4.3193088,0.13291139900684357,0.8399999737739563,0.5479999780654907
YGL246C,YMR044W,0,-4.3194156,0.13289035856723785,0.8399999737739563,0.5480999946594238
YFL024C,YOR063W,0,-4.319616,0.13286934792995453,0.8399999737739563,0.5482000112533569
YJR093C,YGL219C,0,-4.319947,0.1328483372926712,0.8399999737739563,0.54830002784729
YML085C,YKL113C,0,-4.3200655,0.13282732665538788,0.8399999737739563,0.5483999848365784
YLR186W,YBR167C,0,-4.320141,0.13280633091926575,0.8399999737739563,0.5485000014305115
YIL002C,YLR248W,0,-4.32036,0.13278533518314362,0.8399999737739563,0.5486000180244446
YIL160C,YKL178C,0,-4.3207154,0.13276433944702148,0.8399999737739563,0.5486999750137329
YLR335W,YOR326W,0,-4.320978,0.13274335861206055,0.8399999737739563,0.548799991607666
YNL002C,YPR057W,0,-4.3217387,0.1327223926782608,0.8399999737739563,0.5489000082015991
YPR110C,YMR021C,0,-4.321748,0.13270142674446106,0.8399999737739563,0.5490000247955322
YPL036W,YJR069C,0,-4.3219395,0.13268046081066132,0.8399999737739563,0.5490999817848206
YPR034W,YLR399C,0,-4.3220143,0.13265950977802277,0.8399999737739563,0.5491999983787537
YMR220W,YJL110C,0,-4.3223724,0.13263855874538422,0.8399999737739563,0.5493000149726868
YDL164C,YPL283C,1,-4.322441,0.13277550041675568,0.8410000205039978,0.5493000149726868
YDR194C,YGR254W,0,-4.3224792,0.13275453448295593,0.8410000205039978,0.5493999719619751
YBR295W,YDL014W,0,-4.322594,0.13273358345031738,0.8410000205039978,0.5494999885559082
YBR030W,YJL033W,0,-4.3226175,0.13271264731884003,0.8410000205039978,0.5496000051498413
YKL014C,YKL144C,0,-4.322653,0.13269169628620148,0.8410000205039978,0.5497000217437744
YGL233W,YDL212W,0,-4.323275,0.13267077505588531,0.8410000205039978,0.5497999787330627
YGL233W,YOR320C,0,-4.3235507,0.13264983892440796,0.8410000205039978,0.5498999953269958
YOR279C,YJL029C,0,-4.323585,0.1326289176940918,0.8410000205039978,0.550000011920929
YFL013C,YIL075C,0,-4.323658,0.13260801136493683,0.8410000205039978,0.5501000285148621
YGL120C,YJL058C,0,-4.323984,0.13258710503578186,0.8410000205039978,0.5501999855041504
YPL045W,YDR258C,0,-4.324027,0.1325661987066269,0.8410000205039978,0.5503000020980835
YMR275C,YER075C,0,-4.324587,0.13254530727863312,0.8410000205039978,0.5504000186920166
YCL008C,YNR039C,0,-4.3246603,0.13252443075180054,0.8410000205039978,0.5504999756813049
YEL009C,YCR093W,0,-4.3246713,0.13250353932380676,0.8410000205039978,0.550599992275238
YDR260C,YML126C,0,-4.325092,0.13248267769813538,0.8410000205039978,0.5507000088691711
YBL035C,YDR427W,0,-4.3253183,0.1324618011713028,0.8410000205039978,0.5508000254631042
YJL073W,YKL038W,0,-4.325444,0.1324409395456314,0.8410000205039978,0.5508999824523926
YPR135W,YFL036W,0,-4.3259892,0.13242009282112122,0.8410000205039978,0.5509999990463257
YHR111W,YDR463W,0,-4.326134,0.13239924609661102,0.8410000205039978,0.5511000156402588
YDR171W,YHR019C,0,-4.3263497,0.13237839937210083,0.8410000205039978,0.5511999726295471
YOL011W,YMR039C,0,-4.3264093,0.13235756754875183,0.8410000205039978,0.5512999892234802
YGL068W,YMR172W,0,-4.3269663,0.13233673572540283,0.8410000205039978,0.5514000058174133
YGR070W,YOR039W,0,-4.3270917,0.13231591880321503,0.8410000205039978,0.5515000224113464
YBL061C,YOR330C,0,-4.327194,0.13229510188102722,0.8410000205039978,0.5515999794006348
YGR134W,YGL142C,0,-4.3273115,0.1322742998600006,0.8410000205039978,0.5516999959945679
YLR242C,YNL177C,0,-4.3276386,0.132253497838974,0.8410000205039978,0.551800012588501
YMR293C,YMR080C,0,-4.3276963,0.13223271071910858,0.8410000205039978,0.5519000291824341
YNL136W,YLR448W,0,-4.327855,0.13221192359924316,0.8410000205039978,0.5519999861717224
YGL011C,YHR142W,0,-4.328126,0.13219113647937775,0.8410000205039978,0.5521000027656555
YLR045C,YKL212W,0,-4.3285823,0.13217036426067352,0.8410000205039978,0.5522000193595886
YDL201W,YMR025W,0,-4.328852,0.1321495920419693,0.8410000205039978,0.552299976348877
YER032W,YOL044W,0,-4.32894,0.13212883472442627,0.8410000205039978,0.5523999929428101
YBR059C,YHR026W,0,-4.3292165,0.13210807740688324,0.8410000205039978,0.5525000095367432
YML094W,YGL187C,0,-4.330486,0.1320873200893402,0.8410000205039978,0.5526000261306763
YPL050C,YNL173C,0,-4.330715,0.13206657767295837,0.8410000205039978,0.5526999831199646
YOR100C,YLL019C,0,-4.3311296,0.13204585015773773,0.8410000205039978,0.5527999997138977
YPL093W,YDR311W,0,-4.331172,0.1320251226425171,0.8410000205039978,0.5529000163078308
YPL242C,YPR005C,0,-4.331296,0.13200439512729645,0.8410000205039978,0.5529999732971191
YKR007W,YKR002W,0,-4.3314147,0.131983682513237,0.8410000205039978,0.5530999898910522
YHL024W,YBR279W,1,-4.3321605,0.13211987912654877,0.8420000076293945,0.5530999898910522
YKR067W,YER126C,0,-4.3325667,0.13209915161132812,0.8420000076293945,0.5532000064849854
YOL102C,YNL161W,0,-4.332589,0.13207842409610748,0.8420000076293945,0.5533000230789185
YLR442C,YDR385W,0,-4.332826,0.13205771148204803,0.8420000076293945,0.5533999800682068
YJL108C,YLR022C,0,-4.333012,0.13203701376914978,0.8420000076293945,0.5534999966621399
YHR039C-A,YDL033C,0,-4.3331404,0.13201630115509033,0.8420000076293945,0.553600013256073
YBL020W,YGR278W,0,-4.3331614,0.13199560344219208,0.8420000076293945,0.5536999702453613
YBL052C,YJL110C,0,-4.3333936,0.13197492063045502,0.8420000076293945,0.5537999868392944
YMR207C,YCL034W,0,-4.3335276,0.13195423781871796,0.8420000076293945,0.5539000034332275
YPL043W,YML034W,0,-4.3335543,0.1319335699081421,0.8420000076293945,0.5540000200271606
YDR330W,YLR220W,0,-4.3336244,0.13191288709640503,0.8420000076293945,0.554099977016449
YBR040W,YDL160C,0,-4.333677,0.13189223408699036,0.8420000076293945,0.5541999936103821
YML129C,YNL128W,0,-4.333801,0.13187158107757568,0.8420000076293945,0.5543000102043152
YML130C,YGL035C,0,-4.3340583,0.131850928068161,0.8420000076293945,0.5544000267982483
YBR253W,YDR424C,0,-4.3340836,0.13183027505874634,0.8420000076293945,0.5544999837875366
YDR247W,YDR081C,0,-4.3341775,0.13180963695049286,0.8420000076293945,0.5546000003814697
YPL036W,YOL146W,0,-4.3343024,0.13178901374340057,0.8420000076293945,0.5547000169754028
YBR199W,YPL069C,0,-4.3346453,0.1317683905363083,0.8420000076293945,0.5547999739646912
YJL186W,YPL128C,0,-4.3350983,0.131747767329216,0.8420000076293945,0.5548999905586243
YFL034C-B,YDR486C,0,-4.3356957,0.1317271590232849,0.8420000076293945,0.5550000071525574
YIL007C,YBL016W,0,-4.336213,0.13170655071735382,0.8420000076293945,0.5551000237464905
YPR018W,YNL172W,0,-4.3362417,0.13168595731258392,0.8420000076293945,0.5551999807357788
YOR094W,YNR060W,0,-4.336254,0.13166536390781403,0.8420000076293945,0.5552999973297119
YPR042C,YEL042W,0,-4.3364425,0.13164478540420532,0.8420000076293945,0.555400013923645
YDR025W,YKL038W,0,-4.33677,0.13162419199943542,0.8420000076293945,0.5554999709129333
YMR012W,YMR044W,0,-4.337102,0.13160362839698792,0.8420000076293945,0.5555999875068665
YDR328C,YHR070W,0,-4.337177,0.1315830647945404,0.8420000076293945,0.5557000041007996
YHR193C,YNL214W,0,-4.3377523,0.1315625011920929,0.8420000076293945,0.5558000206947327
YPL140C,YCL034W,0,-4.337831,0.13154195249080658,0.8420000076293945,0.555899977684021
YOR079C,YJL074C,0,-4.3380733,0.13152140378952026,0.8420000076293945,0.5559999942779541
YDR088C,YOR221C,0,-4.338083,0.13150085508823395,0.8420000076293945,0.5561000108718872
YPL192C,YNL257C,0,-4.3385553,0.13148032128810883,0.8420000076293945,0.5562000274658203
YKL160W,YER119C,0,-4.338776,0.1314598023891449,0.8420000076293945,0.5562999844551086
YDR499W,YFL036W,0,-4.3388076,0.13143926858901978,0.8420000076293945,0.5564000010490417
YAL058W,YHR005C,0,-4.3388453,0.13141876459121704,0.8420000076293945,0.5565000176429749
YCL024W,YOL145C,0,-4.339337,0.1313982456922531,0.8420000076293945,0.5565999746322632
YER095W,YBR279W,1,-4.3395553,0.13153378665447235,0.8429999947547913,0.5565999746322632
YOR355W,YOL093W,0,-4.3395643,0.13151326775550842,0.8429999947547913,0.5566999912261963
YJL183W,YDL003W,0,-4.33958,0.1314927488565445,0.8429999947547913,0.5568000078201294
YPL047W,YOL027C,0,-4.3402414,0.13147224485874176,0.8429999947547913,0.5569000244140625
YMR168C,YJL124C,0,-4.340246,0.13145174086093903,0.8429999947547913,0.5569999814033508
YOR027W,YLR262C,0,-4.340543,0.1314312368631363,0.8429999947547913,0.5570999979972839
YLR368W,YOL142W,0,-4.340778,0.13141076266765594,0.8429999947547913,0.557200014591217
YER148W,YDL132W,0,-4.34104,0.1313902735710144,0.8429999947547913,0.5572999715805054
YPR082C,YPL256C,0,-4.341106,0.13136979937553406,0.8429999947547913,0.5573999881744385
YKL144C,YCR037C,0,-4.3411627,0.1313493251800537,0.8429999947547913,0.5575000047683716
YNL272C,YIL034C,0,-4.341618,0.13132886588573456,0.8429999947547913,0.5576000213623047
YDR423C,YOR386W,0,-4.3420386,0.1313084065914154,0.8429999947547913,0.557699978351593
YMR298W,YOR310C,0,-4.34206,0.13128796219825745,0.8429999947547913,0.5577999949455261
YKR026C,YLL003W,0,-4.342467,0.1312675178050995,0.8429999947547913,0.5579000115394592
YOR346W,YDR002W,0,-4.342508,0.13124707341194153,0.8429999947547913,0.5580000281333923
YMR023C,YAL021C,0,-4.3427234,0.13122664391994476,0.8429999947547913,0.5580999851226807
YMR080C,YIL036W,0,-4.343101,0.1312062293291092,0.8429999947547913,0.5582000017166138
YOR027W,YDL213C,0,-4.343118,0.13118581473827362,0.8429999947547913,0.5583000183105469
YOR056C,YDL235C,0,-4.343717,0.13116540014743805,0.8429999947547913,0.5583999752998352
YLR192C,YKL126W,0,-4.3438272,0.13114498555660248,0.8429999947547913,0.5584999918937683
YKL056C,YCR037C,0,-4.3439584,0.1311245858669281,0.8429999947547913,0.5586000084877014
YMR076C,YDR091C,0,-4.345266,0.13110420107841492,0.8429999947547913,0.5587000250816345
YGL120C,YOL005C,0,-4.34531,0.13108381628990173,0.8429999947547913,0.5587999820709229
YMR312W,YDR080W,0,-4.345772,0.13106343150138855,0.8429999947547913,0.558899998664856
YMR275C,YLL021W,0,-4.3458667,0.13104306161403656,0.8429999947547913,0.5590000152587891
YDL006W,YJL050W,0,-4.3460836,0.13102269172668457,0.8429999947547913,0.5590999722480774
YGR140W,YPL132W,0,-4.34628,0.13100233674049377,0.8429999947547913,0.5591999888420105
YKL020C,YJR082C,0,-4.3466663,0.13098198175430298,0.8429999947547913,0.5593000054359436
YJL048C,YBL052C,0,-4.346732,0.13096162676811218,0.8429999947547913,0.5594000220298767
YBR159W,YBR177C,0,-4.346821,0.13094128668308258,0.8429999947547913,0.559499979019165
YLL043W,YKR072C,0,-4.3468575,0.13092094659805298,0.8429999947547913,0.5595999956130981
YDR434W,YMR239C,0,-4.3469234,0.13090062141418457,0.8429999947547913,0.5597000122070312
YER093C,YLR127C,0,-4.347087,0.13088029623031616,0.8429999947547913,0.5598000288009644
YMR240C,YIL016W,0,-4.3471437,0.13085998594760895,0.8429999947547913,0.5598999857902527
YGL205W,YDR171W,0,-4.347572,0.13083967566490173,0.8429999947547913,0.5600000023841858
YMR241W,YOR191W,0,-4.3476443,0.13081936538219452,0.8429999947547913,0.5601000189781189
YPL097W,YDL036C,0,-4.34789,0.1307990700006485,0.8429999947547913,0.5601999759674072
YBR240C,YPR033C,0,-4.3487496,0.13077877461910248,0.8429999947547913,0.5602999925613403
YJR135W-A,YDL160C,0,-4.348817,0.13075849413871765,0.8429999947547913,0.5604000091552734
YOL069W,YGR055W,0,-4.3488536,0.13073821365833282,0.8429999947547913,0.5605000257492065
YGL219C,YJR069C,0,-4.34891,0.1307179480791092,0.8429999947547913,0.5605999827384949
YPL015C,YBR130C,1,-4.348996,0.13085271418094635,0.843999981880188,0.5605999827384949
YDR309C,YDR322C-A,0,-4.3491263,0.13083243370056152,0.843999981880188,0.560699999332428
YPL012W,YJL012C,0,-4.3491716,0.1308121532201767,0.843999981880188,0.5608000159263611
YJL184W,YGR108W,0,-4.3492317,0.13079187273979187,0.843999981880188,0.5608999729156494
YLR006C,YMR048W,0,-4.3492613,0.13077160716056824,0.843999981880188,0.5609999895095825
YHR194W,YMR184W,0,-4.3493705,0.1307513564825058,0.843999981880188,0.5611000061035156
YNR052C,YPR141C,0,-4.349507,0.13073110580444336,0.843999981880188,0.5612000226974487
YGR123C,YDL002C,0,-4.3498607,0.13071085512638092,0.843999981880188,0.5612999796867371
YCR010C,YBR127C,0,-4.3501616,0.13069061934947968,0.843999981880188,0.5613999962806702
YGL106W,YLL003W,0,-4.3508873,0.13067038357257843,0.843999981880188,0.5615000128746033
YER123W,YPR033C,0,-4.351222,0.13065014779567719,0.843999981880188,0.5616000294685364
YDL190C,YLR260W,0,-4.3513427,0.13062992691993713,0.843999981880188,0.5616999864578247
YLR051C,YCR028C,0,-4.351792,0.13060972094535828,0.843999981880188,0.5618000030517578
YDL209C,YMR047C,0,-4.3519044,0.13058951497077942,0.843999981880188,0.5619000196456909
YPR036W,YLR381W,0,-4.351921,0.13056930899620056,0.843999981880188,0.5619999766349792
YBR040W,YMR216C,0,-4.351923,0.1305491179227829,0.843999981880188,0.5620999932289124
YNL182C,YIL139C,0,-4.352388,0.13052892684936523,0.843999981880188,0.5622000098228455
YOL040C,YGR161C,0,-4.3524094,0.13050873577594757,0.843999981880188,0.5623000264167786
YLR206W,YML019W,0,-4.3525243,0.1304885596036911,0.843999981880188,0.5623999834060669
YGL097W,YGR086C,0,-4.352592,0.13046838343143463,0.843999981880188,0.5625
YDR091C,YGR129W,0,-4.3527527,0.13044822216033936,0.843999981880188,0.5626000165939331
YLR216C,YDR356W,0,-4.3528028,0.13042806088924408,0.843999981880188,0.5626999735832214
YHL025W,YBR290W,0,-4.352871,0.13040791451931,0.843999981880188,0.5627999901771545
YNL112W,YNL188W,0,-4.353176,0.13038776814937592,0.843999981880188,0.5629000067710876
YDR487C,YLR197W,0,-4.353358,0.13036762177944183,0.843999981880188,0.5630000233650208
YGR134W,YBL058W,0,-4.353815,0.13034749031066895,0.843999981880188,0.5630999803543091
YLR165C,YAL032C,0,-4.3540006,0.13032735884189606,0.843999981880188,0.5631999969482422
YIL160C,YLR229C,0,-4.354245,0.13030724227428436,0.843999981880188,0.5633000135421753
YLR459W,YOR261C,0,-4.354733,0.13028712570667267,0.843999981880188,0.5633999705314636
YKR035W-A,YBL052C,0,-4.355278,0.13026700913906097,0.843999981880188,0.5634999871253967
YJR144W,YJL025W,0,-4.3554645,0.13024690747261047,0.843999981880188,0.5636000037193298
YNL251C,YBL056W,0,-4.3560705,0.13022682070732117,0.843999981880188,0.5637000203132629
YDR279W,YDR216W,0,-4.356134,0.13020671904087067,0.843999981880188,0.5637999773025513
YBR294W,YDR284C,0,-4.3563304,0.13018664717674255,0.843999981880188,0.5638999938964844
YER019W,YGR179C,0,-4.3567533,0.13016656041145325,0.843999981880188,0.5640000104904175
YML001W,YOR149C,0,-4.35718,0.13014648854732513,0.843999981880188,0.5641000270843506
YJL072C,YJL110C,0,-4.357222,0.13012643158435822,0.843999981880188,0.5641999840736389
YNL261W,YPL057C,0,-4.357595,0.1301063597202301,0.843999981880188,0.564300000667572
YBR260C,YPL019C,0,-4.3577504,0.13008631765842438,0.843999981880188,0.5644000172615051
YDR334W,YGR143W,0,-4.3578777,0.13006626069545746,0.843999981880188,0.5644999742507935
YDR081C,YDL108W,0,-4.3579984,0.13004621863365173,0.843999981880188,0.5645999908447266
YLR284C,YPL178W,0,-4.3583765,0.1300261914730072,0.843999981880188,0.5647000074386597
YDR205W,YNR059W,0,-4.358382,0.13000616431236267,0.843999981880188,0.5648000240325928
YJL012C,YEL036C,0,-4.3584657,0.12998613715171814,0.843999981880188,0.5648999810218811
YGL213C,YPL283C,1,-4.358535,0.13012011349201202,0.8450000286102295,0.5648999810218811
YOR103C,YIL139C,0,-4.358937,0.1301000714302063,0.8450000286102295,0.5649999976158142
YPR008W,YGL162W,0,-4.3589907,0.13008004426956177,0.8450000286102295,0.5651000142097473
YMR093W,YCR028C-A,0,-4.359162,0.13006003201007843,0.8450000286102295,0.5651999711990356
YML129C,YDR058C,0,-4.3592825,0.1300400197505951,0.8450000286102295,0.5652999877929688
YDR205W,YLR442C,0,-4.3596973,0.13002000749111176,0.8450000286102295,0.5654000043869019
YPR134W,YNL273W,0,-4.3601117,0.12999999523162842,0.8450000286102295,0.565500020980835
YJR102C,YDR308C,0,-4.3601484,0.12997999787330627,0.8450000286102295,0.5655999779701233
YPL036W,YOL121C,0,-4.360745,0.12996001541614532,0.8450000286102295,0.5656999945640564
YGR157W,YPR030W,0,-4.361079,0.12994003295898438,0.8450000286102295,0.5658000111579895
YMR273C,YCR028C,0,-4.361142,0.12992005050182343,0.8450000286102295,0.5659000277519226
YLR033W,YPL202C,0,-4.361205,0.12990008294582367,0.8450000286102295,0.5659999847412109
YML010W,YKR036C,0,-4.3616486,0.1298801153898239,0.8450000286102295,0.566100001335144
YDL190C,YML016C,0,-4.36173,0.12986014783382416,0.8450000286102295,0.5662000179290771
YDR202C,YAR042W,0,-4.361987,0.1298401951789856,0.8450000286102295,0.5662999749183655
YNR059W,YGR179C,0,-4.362184,0.12982024252414703,0.8450000286102295,0.5663999915122986
YDR422C,YMR078C,0,-4.3623066,0.12980030477046967,0.8450000286102295,0.5665000081062317
YKR052C,YGR222W,0,-4.362371,0.1297803670167923,0.8450000286102295,0.5666000247001648
YGR181W,YPL106C,0,-4.362692,0.12976044416427612,0.8450000286102295,0.5666999816894531
YKL095W,YOR049C,0,-4.362931,0.12974052131175995,0.8450000286102295,0.5667999982833862
YNR060W,YCR033W,0,-4.362956,0.12972059845924377,0.8450000286102295,0.5669000148773193
YDL060W,YBR055C,0,-4.3633485,0.1297006905078888,0.8450000286102295,0.5669999718666077
YAL030W,YDR485C,0,-4.3633804,0.1296807825565338,0.8450000286102295,0.5670999884605408
YCR010C,YMR305C,0,-4.3634486,0.12966088950634003,0.8450000286102295,0.5672000050544739
YPL098C,YJL204C,0,-4.363555,0.12964099645614624,0.8450000286102295,0.567300021648407
YOR178C,YIL017C,0,-4.363684,0.12962110340595245,0.8450000286102295,0.5673999786376953
YDL060W,YDR212W,0,-4.3637004,0.12960122525691986,0.8450000286102295,0.5674999952316284
YGL027C,YBL093C,0,-4.364098,0.12958134710788727,0.8450000286102295,0.5676000118255615
YMR241W,YDL006W,0,-4.364128,0.12956148386001587,0.8450000286102295,0.5677000284194946
YGR214W,YLR369W,0,-4.3645267,0.12954162061214447,0.8450000286102295,0.567799985408783
YGR134W,YHR084W,0,-4.3649735,0.12952177226543427,0.8450000286102295,0.5679000020027161
YMR231W,YGR044C,0,-4.3652577,0.12950190901756287,0.8450000286102295,0.5680000185966492
YDL235C,YDR038C,0,-4.3653173,0.12948207557201385,0.8450000286102295,0.5680999755859375
YNL103W,YBR273C,0,-4.365856,0.12946222722530365,0.8450000286102295,0.5681999921798706
YLR212C,YPL057C,0,-4.366102,0.12944240868091583,0.8450000286102295,0.5683000087738037
YHR160C,YDL188C,0,-4.3661175,0.12942257523536682,0.8450000286102295,0.5684000253677368
YLR067C,YIL056W,0,-4.366415,0.129402756690979,0.8450000286102295,0.5684999823570251
YER089C,YDL132W,0,-4.366583,0.1293829381465912,0.8450000286102295,0.5685999989509583
YJL196C,YNR006W,0,-4.3670397,0.12936313450336456,0.8450000286102295,0.5687000155448914
YGL209W,YBR110W,0,-4.3672037,0.12934333086013794,0.8450000286102295,0.5687999725341797
YDR207C,YML128C,1,-4.3675904,0.12947657704353333,0.8460000157356262,0.5687999725341797
YLR165C,YMR146C,0,-4.36767,0.1294567734003067,0.8460000157356262,0.5688999891281128
YOR048C,YOR204W,0,-4.368699,0.12943696975708008,0.8460000157356262,0.5690000057220459
YDL006W,YPR065W,0,-4.3688607,0.12941716611385345,0.8460000157356262,0.569100022315979
YIL144W,YGR113W,0,-4.3689995,0.12939736247062683,0.8460000157356262,0.5691999793052673
YDR312W,YDR062W,0,-4.3692794,0.1293775737285614,0.8460000157356262,0.5692999958992004
YMR210W,YBR280C,0,-4.369322,0.12935779988765717,0.8460000157356262,0.5694000124931335
YBL041W,YOR294W,0,-4.3695602,0.12933802604675293,0.8460000157356262,0.5695000290870667
YJL029C,YKR072C,0,-4.369568,0.1293182522058487,0.8460000157356262,0.569599986076355
YAL040C,YOL009C,0,-4.369678,0.12929849326610565,0.8460000157356262,0.5697000026702881
YNL272C,YDR324C,0,-4.36994,0.1292787343263626,0.8460000157356262,0.5698000192642212
YGL027C,YDR486C,0,-4.3699737,0.12925897538661957,0.8460000157356262,0.5698999762535095
YLR242C,YBL030C,0,-4.370104,0.12923923134803772,0.8460000157356262,0.5699999928474426
YER109C,YDL213C,0,-4.3701534,0.12921948730945587,0.8460000157356262,0.5701000094413757
YNL082W,YHR081W,1,-4.370162,0.12935248017311096,0.847000002861023,0.5701000094413757
YGL068W,YHR164C,0,-4.3702,0.12933272123336792,0.847000002861023,0.5702000260353088
YER005W,YMR069W,0,-4.37043,0.12931297719478607,0.847000002861023,0.5702999830245972
YOL054W,YLR006C,0,-4.370468,0.12929323315620422,0.847000002861023,0.5703999996185303
YOR178C,YOR330C,0,-4.370969,0.12927350401878357,0.847000002861023,0.5705000162124634
YPR007C,YFR009W,0,-4.371095,0.12925377488136292,0.847000002861023,0.5705999732017517
YKR062W,YLL015W,0,-4.3712487,0.12923406064510345,0.847000002861023,0.5706999897956848
YIL062C,YBR200W,0,-4.3715644,0.129214346408844,0.847000002861023,0.5708000063896179
YIL123W,YHL028W,0,-4.371696,0.12919463217258453,0.847000002861023,0.570900022983551
YPR024W,YIL122W,0,-4.372077,0.12917493283748627,0.847000002861023,0.5709999799728394
YLL034C,YHR133C,0,-4.3722568,0.129155233502388,0.847000002861023,0.5710999965667725
YGL207W,YNL009W,0,-4.372295,0.12913553416728973,0.847000002861023,0.5712000131607056
YLL004W,YOR064C,0,-4.372295,0.12911584973335266,0.847000002861023,0.5713000297546387
YDR023W,YNL173C,0,-4.3723655,0.12909618020057678,0.847000002861023,0.571399986743927
YPL036W,YJR060W,0,-4.3727336,0.1290764957666397,0.847000002861023,0.5715000033378601
YPL253C,YDR211W,0,-4.372955,0.12905684113502502,0.847000002861023,0.5716000199317932
YER161C,YNL230C,0,-4.3732395,0.12903717160224915,0.847000002861023,0.5716999769210815
YJL041W,YDR394W,0,-4.3733406,0.12901751697063446,0.847000002861023,0.5717999935150146
YPL221W,YCR065W,0,-4.373395,0.12899786233901978,0.847000002861023,0.5719000101089478
YOR272W,YIL143C,0,-4.3738966,0.12897822260856628,0.847000002861023,0.5720000267028809
YPL178W,YNL161W,0,-4.3739147,0.1289585828781128,0.847000002861023,0.5720999836921692
YOL149W,YPR107C,0,-4.374159,0.1289389580488205,0.847000002861023,0.5722000002861023
YDR256C,YCR091W,0,-4.3741665,0.1289193332195282,0.847000002861023,0.5723000168800354
YML085C,YPL146C,0,-4.374364,0.1288997083902359,0.847000002861023,0.5723999738693237
YDL135C,YOR057W,0,-4.3743896,0.1288800984621048,0.847000002861023,0.5724999904632568
YJL012C-A,YER126C,0,-4.3744874,0.1288604885339737,0.847000002861023,0.5726000070571899
YLR411W,YOR332W,0,-4.374622,0.12884089350700378,0.847000002861023,0.572700023651123
YIL070C,YBR216C,0,-4.375028,0.12882129848003387,0.847000002861023,0.5727999806404114
YCR089W,YIR019C,0,-4.3751416,0.12880170345306396,0.847000002861023,0.5728999972343445
YGL233W,YMR076C,0,-4.3757753,0.12878212332725525,0.847000002861023,0.5730000138282776
YOR316C,YJR135C,0,-4.376156,0.12876254320144653,0.847000002861023,0.5730999708175659
YJL012C-A,YDR490C,0,-4.3761744,0.12874296307563782,0.847000002861023,0.573199987411499
YDR153C,YDR284C,0,-4.3764286,0.1287233978509903,0.847000002861023,0.5733000040054321
YBR215W,YDR143C,0,-4.376549,0.12870384752750397,0.847000002861023,0.5734000205993652
YGR202C,YLR353W,0,-4.376624,0.12868429720401764,0.847000002861023,0.5734999775886536
YDR181C,YHR007C,0,-4.3768406,0.1286647468805313,0.847000002861023,0.5735999941825867
YDR121W,YPL112C,0,-4.37701,0.12864519655704498,0.847000002861023,0.5737000107765198
YOR039W,YOL121C,0,-4.377469,0.12862566113471985,0.847000002861023,0.5738000273704529
YPL135W,YDR065W,0,-4.3775296,0.1286061406135559,0.847000002861023,0.5738999843597412
YPL046C,YBL024W,0,-4.377693,0.12858660519123077,0.847000002861023,0.5740000009536743
YOR257W,YBR275C,0,-4.377857,0.12856708467006683,0.847000002861023,0.5741000175476074
YOL101C,YDR363W,0,-4.378009,0.1285475790500641,0.847000002861023,0.5741999745368958
YGL099W,YDR359C,0,-4.378405,0.12852807343006134,0.847000002861023,0.5742999911308289
YJL138C,YOR217W,0,-4.378459,0.1285085678100586,0.847000002861023,0.574400007724762
YNL207W,YDL147W,0,-4.3784857,0.12848907709121704,0.847000002861023,0.5745000243186951
YMR109W,YLL026W,0,-4.3786516,0.1284695863723755,0.847000002861023,0.5745999813079834
YNL154C,YDR118W,0,-4.378674,0.12845011055469513,0.847000002861023,0.5746999979019165
YNR072W,YJL111W,0,-4.3787465,0.12843063473701477,0.847000002861023,0.5748000144958496
YGR171C,YDR343C,0,-4.379225,0.1284111589193344,0.847000002861023,0.5748999714851379
YDL097C,YDR385W,0,-4.379534,0.12839169800281525,0.847000002861023,0.574999988079071
YDR298C,YMR201C,0,-4.3796215,0.12837223708629608,0.847000002861023,0.5751000046730042
YBL041W,YGL169W,0,-4.3797235,0.12835277616977692,0.847000002861023,0.5752000212669373
YJL138C,YEL063C,0,-4.37994,0.12833333015441895,0.847000002861023,0.5752999782562256
YER095W,YDR110W,1,-4.38027,0.12846538424491882,0.8479999899864197,0.5752999782562256
YNR016C,YDR423C,0,-4.3802953,0.12844592332839966,0.8479999899864197,0.5753999948501587
YOR313C,YPL001W,0,-4.3805594,0.1284264773130417,0.8479999899864197,0.5755000114440918
YBR066C,YJR007W,0,-4.380658,0.12840703129768372,0.8479999899864197,0.5756000280380249
YNL188W,YFL016C,0,-4.380711,0.12838758528232574,0.8479999899864197,0.5756999850273132
YOL016C,YPR189W,0,-4.380733,0.12836815416812897,0.8479999899864197,0.5758000016212463
YAL021C,YDL132W,0,-4.38086,0.1283487230539322,0.8479999899864197,0.5759000182151794
YLR382C,YJR069C,0,-4.381164,0.1283292919397354,0.8479999899864197,0.5759999752044678
YPL020C,YLR119W,0,-4.3813624,0.12830987572669983,0.8479999899864197,0.5760999917984009
YKR085C,YDR379W,0,-4.381536,0.12829047441482544,0.8479999899864197,0.576200008392334
YAL034W-A,YJL091C,0,-4.3818836,0.12827105820178986,0.8479999899864197,0.5763000249862671
YIL002C,YGR214W,0,-4.3824177,0.12825165688991547,0.8479999899864197,0.5763999819755554
YMR312W,YPL174C,0,-4.3824663,0.12823227047920227,0.8479999899864197,0.5764999985694885
YLR205C,YOR148C,0,-4.382532,0.12821288406848907,0.8479999899864197,0.5766000151634216
YGR275W,YHR142W,0,-4.382698,0.12819349765777588,0.8479999899864197,0.57669997215271
YGR135W,YOL023W,0,-4.382826,0.12817412614822388,0.8479999899864197,0.5767999887466431
YML080W,YGL061C,0,-4.3828373,0.12815475463867188,0.8479999899864197,0.5769000053405762
YHR142W,YAR018C,0,-4.383346,0.12813538312911987,0.8479999899864197,0.5770000219345093
YER053C,YAL035W,0,-4.3833466,0.12811602652072906,0.8479999899864197,0.5770999789237976
YGL236C,YMR220W,0,-4.3834486,0.12809666991233826,0.8479999899864197,0.5771999955177307
YDL231C,YBR006W,0,-4.3835745,0.12807732820510864,0.8479999899864197,0.5773000121116638
YNL070W,YGL246C,0,-4.383644,0.12805798649787903,0.8479999899864197,0.5774000287055969
YHL007C,YHR042W,0,-4.3841405,0.1280386596918106,0.8479999899864197,0.5774999856948853
YOR346W,YMR149W,0,-4.3844075,0.128019317984581,0.8479999899864197,0.5776000022888184
YJL157C,YML069W,0,-4.3845387,0.12800000607967377,0.8479999899864197,0.5777000188827515
YLR381W,YDR273W,0,-4.3851557,0.12798067927360535,0.8479999899864197,0.5777999758720398
YDR122W,YKR008W,0,-4.3854785,0.12796136736869812,0.8479999899864197,0.5778999924659729
YKR042W,YOL101C,0,-4.385598,0.1279420703649521,0.8479999899864197,0.578000009059906
YKL020C,YBR058C-A,0,-4.385639,0.12792275846004486,0.8479999899864197,0.5781000256538391
YCR039C,YER174C,0,-4.385789,0.12790347635746002,0.8479999899864197,0.5781999826431274
YOR064C,YHR052W,0,-4.3857903,0.127884179353714,0.8479999899864197,0.5782999992370605
YBL103C,YKL035W,0,-4.385866,0.12786489725112915,0.8479999899864197,0.5784000158309937
YDR023W,YNL128W,0,-4.386179,0.1278456151485443,0.8479999899864197,0.578499972820282
YDR310C,YDR263C,0,-4.3867426,0.12782634794712067,0.8479999899864197,0.5785999894142151
YBR098W,YNL206C,1,-4.3868666,0.1279578059911728,0.8489999771118164,0.5785999894142151
YJR083C,YDR436W,0,-4.387522,0.12793852388858795,0.8489999771118164,0.5787000060081482
YHR200W,YMR220W,0,-4.3875604,0.1279192417860031,0.8489999771118164,0.5788000226020813
YIL007C,YOR002W,0,-4.3877945,0.12789997458457947,0.8489999771118164,0.5788999795913696
YLR330W,YMR235C,0,-4.387825,0.12788070738315582,0.8489999771118164,0.5789999961853027
YER146W,YGL229C,0,-4.3878713,0.12786144018173218,0.8489999771118164,0.5791000127792358
YMR025W,YGR195W,0,-4.38791,0.12784218788146973,0.8489999771118164,0.579200029373169
YJL208C,YML128C,1,-4.3880115,0.1279734969139099,0.8500000238418579,0.579200029373169
YBL014C,YPL151C,0,-4.388571,0.12795424461364746,0.8500000238418579,0.5792999863624573
YBR041W,YMR280C,0,-4.3888936,0.12793497741222382,0.8500000238418579,0.5794000029563904
YAL023C,YKL134C,0,-4.3893704,0.12791572511196136,0.8500000238418579,0.5795000195503235
YLR186W,YBR055C,0,-4.3893886,0.1278964728116989,0.8500000238418579,0.5795999765396118
YGL089C,YGL174W,0,-4.389568,0.12787723541259766,0.8500000238418579,0.5796999931335449
YKL048C,YPR041W,0,-4.389582,0.1278579980134964,0.8500000238418579,0.579800009727478
YKR054C,YOR274W,0,-4.3898873,0.12783877551555634,0.8500000238418579,0.5799000263214111
YBR179C,YJR135C,0,-4.3903394,0.12781955301761627,0.8500000238418579,0.5799999833106995
YBR059C,YHR092C,0,-4.390505,0.1278003305196762,0.8500000238418579,0.5800999999046326
YPL146C,YLR183C,0,-4.390725,0.12778112292289734,0.8500000238418579,0.5802000164985657
YHR193C,YPR073C,0,-4.390765,0.12776191532611847,0.8500000238418579,0.580299973487854
YDR456W,YJL145W,0,-4.3907857,0.1277427077293396,0.8500000238418579,0.5803999900817871
YER093C,YGL048C,0,-4.3910174,0.12772351503372192,0.8500000238418579,0.5805000066757202
YJR144W,YDR523C,0,-4.3910327,0.12770432233810425,0.8500000238418579,0.5806000232696533
YPR018W,YGR254W,0,-4.39136,0.12768514454364777,0.8500000238418579,0.5806999802589417
YNL070W,YLR166C,0,-4.3915553,0.12766596674919128,0.8500000238418579,0.5807999968528748
YML085C,YMR058W,0,-4.392001,0.1276467889547348,0.8500000238418579,0.5809000134468079
YLR219W,YML032C,1,-4.392172,0.12777778506278992,0.8510000109672546,0.5809000134468079
YKR062W,YLR022C,0,-4.392369,0.12775859236717224,0.8510000109672546,0.5809999704360962
YJL012C-A,YPL128C,0,-4.3927164,0.12773941457271576,0.8510000109672546,0.5810999870300293
YJL081C,YGR274C,0,-4.3935204,0.12772025167942047,0.8510000109672546,0.5812000036239624
YKL173W,YLR361C,0,-4.393643,0.127701073884964,0.8510000109672546,0.5813000202178955
YMR055C,YPR182W,0,-4.3938107,0.1276819258928299,0.8510000109672546,0.5813999772071838
YIL063C,YPL190C,0,-4.3940077,0.1276627629995346,0.8510000109672546,0.5814999938011169
YDR329C,YGR241C,0,-4.3941,0.1276436150074005,0.8510000109672546,0.58160001039505
YBL061C,YNR054C,0,-4.394148,0.1276244819164276,0.8510000109672546,0.5817000269889832
YLR016C,YNL248C,0,-4.394433,0.12760533392429352,0.8510000109672546,0.5817999839782715
YNL280C,YDR065W,0,-4.394497,0.12758620083332062,0.8510000109672546,0.5819000005722046
YBR015C,YDR021W,0,-4.394794,0.1275670826435089,0.8510000109672546,0.5820000171661377
YIL068C,YKL056C,0,-4.395147,0.1275479644536972,0.8510000109672546,0.582099974155426
YHR197W,YDR463W,0,-4.395159,0.1275288462638855,0.8510000109672546,0.5821999907493591
YDR153C,YIL147C,0,-4.395421,0.12750974297523499,0.8510000109672546,0.5823000073432922
YFR024C-A,YOR060C,0,-4.3954268,0.12749063968658447,0.8510000109672546,0.5824000239372253
YOR320C,YBR010W,0,-4.3959565,0.12747153639793396,0.8510000109672546,0.5824999809265137
YLR260W,YLR384C,0,-4.3966017,0.12745244801044464,0.8510000109672546,0.5825999975204468
YGL013C,YBL016W,0,-4.3970084,0.12743335962295532,0.8510000109672546,0.5827000141143799
YJL085W,YDL108W,0,-4.3970375,0.1274142861366272,0.8510000109672546,0.5827999711036682
YDR207C,YNL312W,1,-4.3972945,0.12754490971565247,0.8519999980926514,0.5827999711036682
YGL027C,YDR432W,0,-4.397451,0.12752582132816315,0.8519999980926514,0.5828999876976013
YDR150W,YLR032W,0,-4.397472,0.12750673294067383,0.8519999980926514,0.5830000042915344
YAR003W,YGR274C,0,-4.3976493,0.1274876594543457,0.8519999980926514,0.5831000208854675
YNL088W,YLR219W,1,-4.3977075,0.1276181936264038,0.8529999852180481,0.5831000208854675
YER166W,YMR273C,0,-4.3980827,0.1275991052389145,0.8529999852180481,0.5831999778747559
YFL050C,YPR155C,0,-4.3981028,0.12758001685142517,0.8529999852180481,0.583299994468689
YER088C,YGL061C,0,-4.3982754,0.12756094336509705,0.8529999852180481,0.5834000110626221
YJL108C,YFL037W,0,-4.3983736,0.12754186987876892,0.8529999852180481,0.5835000276565552
YDR298C,YML094W,0,-4.398501,0.1275227963924408,0.8529999852180481,0.5835999846458435
YIL070C,YBR188C,0,-4.3989816,0.12750373780727386,0.8529999852180481,0.5837000012397766
YBR214W,YFL013C,0,-4.399051,0.12748467922210693,0.8529999852180481,0.5838000178337097
YAL021C,YDL031W,0,-4.399486,0.1274656355381012,0.8529999852180481,0.583899974822998
YBL006C,YKL220C,0,-4.399579,0.12744659185409546,0.8529999852180481,0.5839999914169312
YAL002W,YMR296C,0,-4.3996935,0.12742754817008972,0.8529999852180481,0.5841000080108643
YHL006C,YPL119C,0,-4.399758,0.12740851938724518,0.8529999852180481,0.5842000246047974
YIL068C,YBR041W,0,-4.4000125,0.12738949060440063,0.8529999852180481,0.5842999815940857
YPL228W,YKL064W,0,-4.4000783,0.1273704618215561,0.8529999852180481,0.5843999981880188
YMR048W,YJL145W,0,-4.400118,0.12735144793987274,0.8529999852180481,0.5845000147819519
YGL233W,YNL075W,0,-4.4002275,0.1273324340581894,0.8529999852180481,0.5845999717712402
YMR184W,YBL019W,0,-4.400337,0.12731343507766724,0.8529999852180481,0.5846999883651733
YGR085C,YCL052C,0,-4.4003496,0.12729443609714508,0.8529999852180481,0.5848000049591064
YOR026W,YOL142W,0,-4.400359,0.12727543711662292,0.8529999852180481,0.5849000215530396
YLR370C,YOL115W,0,-4.4003916,0.12725645303726196,0.8529999852180481,0.5849999785423279
YNL312W,YBR279W,1,-4.4007854,0.12738662958145142,0.8539999723434448,0.5849999785423279
YJR145C,YDL056W,0,-4.4008627,0.12736763060092926,0.8539999723434448,0.585099995136261
YOL121C,YHL028W,0,-4.4009438,0.1273486465215683,0.8539999723434448,0.5852000117301941
YPR112C,YNL135C,0,-4.401038,0.12732966244220734,0.8539999723434448,0.5853000283241272
YGL115W,YOR034C,0,-4.401396,0.12731067836284637,0.8539999723434448,0.5853999853134155
YKL194C,YAL020C,0,-4.4020047,0.1272916942834854,0.8539999723434448,0.5855000019073486
YMR037C,YPL234C,0,-4.4023356,0.12727272510528564,0.8539999723434448,0.5856000185012817
YDL002C,YPL059W,0,-4.4029193,0.12725375592708588,0.8539999723434448,0.5856999754905701
YOR372C,YIL144W,0,-4.403214,0.1272348016500473,0.8539999723434448,0.5857999920845032
YMR125W,YGL191W,0,-4.403307,0.12721584737300873,0.8539999723434448,0.5859000086784363
YGR254W,YMR138W,0,-4.4036074,0.12719690799713135,0.8539999723434448,0.5860000252723694
YCL024W,YNL003C,0,-4.4036264,0.12717795372009277,0.8539999723434448,0.5860999822616577
YGL252C,YJL014W,0,-4.4039793,0.1271590292453766,0.8539999723434448,0.5861999988555908
YOR168W,YOR208W,0,-4.40413,0.1271400898694992,0.8539999723434448,0.5863000154495239
YPL242C,YOR123C,0,-4.404156,0.12712116539478302,0.8539999723434448,0.5863999724388123
YBL039C,YMR015C,0,-4.4047875,0.12710224092006683,0.8539999723434448,0.5864999890327454
YLR190W,YPL137C,0,-4.4052076,0.12708333134651184,0.8539999723434448,0.5866000056266785
YLR192C,YDR216W,0,-4.405451,0.12706442177295685,0.8539999723434448,0.5867000222206116
YOR327C,YDL170W,0,-4.4055743,0.12704552710056305,0.8539999723434448,0.5867999792098999
YNR008W,YGL219C,0,-4.405668,0.12702663242816925,0.8539999723434448,0.586899995803833
YDR207C,YOR035C,1,-4.4058146,0.12715645134449005,0.8550000190734863,0.586899995803833
YGL106W,YGL078C,0,-4.4058213,0.12713754177093506,0.8550000190734863,0.5870000123977661
YKR055W,YEL031W,0,-4.4058294,0.12711864709854126,0.8550000190734863,0.5871000289916992
YJL208C,YDR113C,1,-4.4062505,0.12724840641021729,0.8560000061988831,0.5871000289916992
YOR213C,YFR053C,0,-4.406597,0.1272294819355011,0.8560000061988831,0.5871999859809875
YJR094C,YOL121C,0,-4.40691,0.1272105872631073,0.8560000061988831,0.5873000025749207
YLL026W,YDL188C,0,-4.4071035,0.1271916776895523,0.8560000061988831,0.5874000191688538
YPL065W,YDR322C-A,0,-4.4071693,0.1271727830171585,0.8560000061988831,0.5874999761581421
YCR028C-A,YBL075C,0,-4.4071755,0.1271538883447647,0.8560000061988831,0.5875999927520752
YBR107C,YEL036C,0,-4.407215,0.1271350085735321,0.8560000061988831,0.5877000093460083
YGR171C,YPL115C,0,-4.407272,0.1271161288022995,0.8560000061988831,0.5878000259399414
YLL035W,YDR235W,0,-4.407662,0.1270972490310669,0.8560000061988831,0.5878999829292297
YLR324W,YDL035C,0,-4.407772,0.12707838416099548,0.8560000061988831,0.5879999995231628
YPL069C,YPL161C,0,-4.4083424,0.12705951929092407,0.8560000061988831,0.588100016117096
YPL131W,YIL065C,0,-4.408906,0.12704066932201385,0.8560000061988831,0.5881999731063843
YHR014W,YLR335W,0,-4.409504,0.12702181935310364,0.8560000061988831,0.5882999897003174
YLR103C,YGL087C,0,-4.4098134,0.12700296938419342,0.8560000061988831,0.5884000062942505
YOR212W,YJL101C,0,-4.40995,0.1269841343164444,0.8560000061988831,0.5885000228881836
YPL268W,YFR031C,0,-4.410085,0.12696529924869537,0.8560000061988831,0.5885999798774719
YDR183W,YJR043C,0,-4.4104385,0.12694646418094635,0.8560000061988831,0.588699996471405
YOR168W,YBL046W,0,-4.4108596,0.12692764401435852,0.8560000061988831,0.5888000130653381
YJL148W,YMR264W,0,-4.411447,0.1269088238477707,0.8560000061988831,0.5889000296592712
YPL115C,YHR206W,0,-4.4116297,0.12689000368118286,0.8560000061988831,0.5889999866485596
YMR077C,YJR073C,0,-4.4118085,0.12687119841575623,0.8560000061988831,0.5891000032424927
YGR262C,YBR214W,0,-4.4118752,0.12685240805149078,0.8560000061988831,0.5892000198364258
YPR067W,YDR363W,0,-4.4119596,0.12683360278606415,0.8560000061988831,0.5892999768257141
YGL142C,YJR102C,0,-4.4119754,0.1268148124217987,0.8560000061988831,0.5893999934196472
YGR167W,YKL144C,0,-4.412074,0.12679603695869446,0.8560000061988831,0.5895000100135803
YGR070W,YDR163W,0,-4.4121294,0.12677724659442902,0.8560000061988831,0.5896000266075134
YEL051W,YJL196C,0,-4.412203,0.12675847113132477,0.8560000061988831,0.5896999835968018
YBR091C,YOR217W,0,-4.41234,0.1267397105693817,0.8560000061988831,0.5898000001907349
YPR112C,YML011C,0,-4.412797,0.12672095000743866,0.8560000061988831,0.589900016784668
YNL088W,YAL029C,1,-4.4129915,0.1268502026796341,0.8569999933242798,0.589900016784668
YGL163C,YHR081W,1,-4.413145,0.12697942554950714,0.8579999804496765,0.589900016784668
YNL084C,YDR030C,0,-4.4134216,0.1269606351852417,0.8579999804496765,0.5899999737739563
YJL108C,YBR110W,0,-4.413428,0.12694185972213745,0.8579999804496765,0.5900999903678894
YDR325W,YOR261C,0,-4.4135156,0.1269230842590332,0.8579999804496765,0.5902000069618225
YML052W,YLR442C,0,-4.4137073,0.12690430879592896,0.8579999804496765,0.5903000235557556
YDL064W,YGL166W,0,-4.4138274,0.1268855333328247,0.8579999804496765,0.590399980545044
YBR006W,YJR007W,0,-4.413874,0.12686677277088165,0.8579999804496765,0.590499997138977
YNL002C,YNR052C,0,-4.414131,0.1268480122089386,0.8579999804496765,0.5906000137329102
YDR363W-A,YMR127C,0,-4.4141836,0.12682926654815674,0.8579999804496765,0.5906999707221985
YNL111C,YLR262C,0,-4.4147954,0.12681052088737488,0.8579999804496765,0.5907999873161316
YOR319W,YNL221C,0,-4.4149027,0.1267917901277542,0.8579999804496765,0.5909000039100647
YDL055C,YDR470C,0,-4.4151173,0.12677304446697235,0.8579999804496765,0.5910000205039978
YHL025W,YLR009W,0,-4.415191,0.12675432860851288,0.8579999804496765,0.5910999774932861
YLR240W,YOR244W,0,-4.416013,0.1267355978488922,0.8579999804496765,0.5911999940872192
YLR266C,YBL007C,0,-4.41619,0.12671688199043274,0.8579999804496765,0.5913000106811523
YLL004W,YKL018W,0,-4.416389,0.12669816613197327,0.8579999804496765,0.5914000272750854
YBR155W,YEL036C,0,-4.416412,0.126679465174675,0.8579999804496765,0.5914999842643738
YMR068W,YPR199C,0,-4.416472,0.1266607642173767,0.8579999804496765,0.5916000008583069
YPL140C,YPL212C,0,-4.4170065,0.12664206326007843,0.8579999804496765,0.59170001745224
YKL002W,YHR041C,0,-4.4171157,0.12662337720394135,0.8579999804496765,0.5917999744415283
YKL113C,YLR016C,0,-4.4172306,0.12660469114780426,0.8579999804496765,0.5918999910354614
YLR102C,YGL122C,0,-4.4172573,0.12658601999282837,0.8579999804496765,0.5920000076293945
YDR088C,YMR047C,0,-4.4173036,0.12656733393669128,0.8579999804496765,0.5921000242233276
YLR226W,YDR353W,0,-4.417359,0.1265486776828766,0.8579999804496765,0.592199981212616
YHR072W,YJL033W,0,-4.4173965,0.1265300065279007,0.8579999804496765,0.5922999978065491
YBR095C,YOR002W,0,-4.4174213,0.126511350274086,0.8579999804496765,0.5924000144004822
YDR205W,YOR229W,0,-4.4177456,0.1264927089214325,0.8579999804496765,0.5924999713897705
YDR523C,YNL209W,0,-4.4179273,0.1264740526676178,0.8579999804496765,0.5925999879837036
YNL280C,YPR107C,0,-4.418022,0.1264554113149643,0.8579999804496765,0.5927000045776367
YGR262C,YBR009C,0,-4.4181304,0.12643678486347198,0.8579999804496765,0.5928000211715698
YOR004W,YJR121W,0,-4.418215,0.12641815841197968,0.8579999804496765,0.5928999781608582
YDL077C,YER062C,0,-4.4183674,0.12639953196048737,0.8579999804496765,0.5929999947547913
YIL131C,YNL293W,0,-4.418596,0.12638090550899506,0.8579999804496765,0.5931000113487244
YLR141W,YBL056W,0,-4.4187007,0.12636229395866394,0.8579999804496765,0.5932000279426575
YDL223C,YLR229C,0,-4.418801,0.12634369730949402,0.8579999804496765,0.5932999849319458
YJR110W,YML074C,0,-4.418878,0.1263250857591629,0.8579999804496765,0.5934000015258789
YLR459W,YPL240C,0,-4.4189553,0.12630648910999298,0.8579999804496765,0.593500018119812
YHR081W,YMR284W,1,-4.4190116,0.1264350861310959,0.859000027179718,0.593500018119812
YKR061W,YDR409W,0,-4.419183,0.12641648948192596,0.859000027179718,0.5935999751091003
YGR202C,YHR165C,0,-4.4192863,0.12639787793159485,0.859000027179718,0.5936999917030334
YJR083C,YPL122C,0,-4.419446,0.12637928128242493,0.859000027179718,0.5938000082969666
YDR121W,YGR113W,0,-4.4199786,0.1263606995344162,0.859000027179718,0.5939000248908997
YNL292W,YDR487C,0,-4.419983,0.12634210288524628,0.859000027179718,0.593999981880188
YLR127C,YLR028C,0,-4.4201617,0.12632353603839874,0.859000027179718,0.5940999984741211
YPL101W,YDR409W,0,-4.4207616,0.12630495429039001,0.859000027179718,0.5942000150680542
YNL272C,YBR135W,0,-4.4208283,0.12628638744354248,0.859000027179718,0.5942999720573425
YGR134W,YDR427W,0,-4.421128,0.12626782059669495,0.859000027179718,0.5943999886512756
YNL123W,YMR037C,0,-4.4215035,0.1262492686510086,0.859000027179718,0.5945000052452087
YAL056W,YJR125C,0,-4.421585,0.12623071670532227,0.859000027179718,0.5946000218391418
YCR057C,YFL034C-B,0,-4.4216366,0.12621216475963593,0.859000027179718,0.5946999788284302
YPL057C,YDR227W,0,-4.4216437,0.12619362771511078,0.859000027179718,0.5947999954223633
YNL111C,YGL096W,0,-4.4219217,0.12617509067058563,0.859000027179718,0.5949000120162964
YOR320C,YGR181W,0,-4.421922,0.12615655362606049,0.859000027179718,0.5950000286102295
YKL182W,YGL192W,0,-4.4219685,0.12613803148269653,0.859000027179718,0.5950999855995178
YNL093W,YDL019C,0,-4.422656,0.12611950933933258,0.859000027179718,0.5952000021934509
YJL165C,YDL197C,0,-4.4227257,0.12610100209712982,0.859000027179718,0.595300018787384
YPR005C,YOR244W,0,-4.422848,0.12608249485492706,0.859000027179718,0.5953999757766724
YPL135W,YPL145C,0,-4.422903,0.1260639876127243,0.859000027179718,0.5954999923706055
YOR076C,YNL064C,0,-4.4229913,0.12604549527168274,0.859000027179718,0.5956000089645386
YDR116C,YNL111C,0,-4.423171,0.12602698802947998,0.859000027179718,0.5957000255584717
YIL031W,YPR154W,0,-4.423238,0.1260085105895996,0.859000027179718,0.59579998254776
YMR284W,YOR035C,1,-4.423312,0.1261366903781891,0.8600000143051147,0.59579998254776
YBR215W,YNR049C,0,-4.423409,0.12611819803714752,0.8600000143051147,0.5958999991416931
YDL223C,YJR073C,0,-4.4234667,0.12609970569610596,0.8600000143051147,0.5960000157356262
YHR042W,YKR002W,0,-4.423915,0.1260812133550644,0.8600000143051147,0.5960999727249146
YLR206W,YBR160W,0,-4.4240556,0.12606273591518402,0.8600000143051147,0.5961999893188477
YMR177W,YDR277C,0,-4.424206,0.12604425847530365,0.8600000143051147,0.5963000059127808
YLR293C,YEL069C,0,-4.424405,0.12602579593658447,0.8600000143051147,0.5964000225067139
YNL283C,YHR111W,0,-4.424455,0.1260073333978653,0.8600000143051147,0.5964999794960022
YMR267W,YCR086W,0,-4.4247527,0.12598887085914612,0.8600000143051147,0.5965999960899353
YCR072C,YDR022C,0,-4.4248753,0.12597040832042694,0.8600000143051147,0.5967000126838684
YFL037W,YER149C,0,-4.425007,0.12595196068286896,0.8600000143051147,0.5968000292778015
YDR214W,YFL013C,0,-4.425193,0.12593351304531097,0.8600000143051147,0.5968999862670898
YOL090W,YBR279W,1,-4.4253597,0.12606149911880493,0.8610000014305115,0.5968999862670898
YJR144W,YGL063W,0,-4.425386,0.12604303658008575,0.8610000014305115,0.597000002861023
YNL070W,YJR068W,0,-4.425594,0.12602458894252777,0.8610000014305115,0.597100019454956
YEL030W,YOL060C,0,-4.426346,0.1260061413049698,0.8610000014305115,0.5971999764442444
YER075C,YGR095C,0,-4.4266186,0.125987708568573,0.8610000014305115,0.5972999930381775
YDR251W,YOL039W,0,-4.4267673,0.1259692758321762,0.8610000014305115,0.5974000096321106
YEL063C,YOL016C,0,-4.4268684,0.12595084309577942,0.8610000014305115,0.5975000262260437
YJL045W,YOL102C,0,-4.4271703,0.12593242526054382,0.8610000014305115,0.597599983215332
YOL112W,YAL013W,0,-4.427439,0.12591400742530823,0.8610000014305115,0.5976999998092651
YNL082W,YLR466W,1,-4.4280825,0.12604181468486786,0.8619999885559082,0.5976999998092651
YMR275C,YOL108C,0,-4.4284215,0.12602339684963226,0.8619999885559082,0.5978000164031982
YOR212W,YMR138W,0,-4.428541,0.12600496411323547,0.8619999885559082,0.5978999733924866
YNL127W,YMR058W,0,-4.4286375,0.12598654627799988,0.8619999885559082,0.5979999899864197
YFL031W,YBR060C,0,-4.4288926,0.12596814334392548,0.8619999885559082,0.5981000065803528
YDR480W,YJR007W,0,-4.429106,0.12594974040985107,0.8619999885559082,0.5982000231742859
YPL043W,YNR049C,0,-4.429285,0.12593133747577667,0.8619999885559082,0.5982999801635742
YDR163W,YOR381W,0,-4.4293127,0.12591293454170227,0.8619999885559082,0.5983999967575073
YDR244W,YCL054W,0,-4.429619,0.12589454650878906,0.8619999885559082,0.5985000133514404
YMR104C,YBL102W,0,-4.429693,0.12587617337703705,0.8619999885559082,0.5985999703407288
YBL061C,YFL034C-B,0,-4.429705,0.12585778534412384,0.8619999885559082,0.5986999869346619
YML073C,YKL013C,0,-4.4297476,0.12583941221237183,0.8619999885559082,0.598800003528595
YJR086W,YCR028C-A,0,-4.4297824,0.125821053981781,0.8619999885559082,0.5989000201225281
YMR054W,YOL089C,0,-4.430306,0.125802680850029,0.8619999885559082,0.5989999771118164
YBR098W,YDR113C,1,-4.4303474,0.12593024969100952,0.8629999756813049,0.5989999771118164
YOR061W,YHR158C,0,-4.4303956,0.1259118765592575,0.8629999756813049,0.5990999937057495
YNL206C,YDR289C,1,-4.430514,0.12603938579559326,0.8640000224113464,0.5990999937057495
YBR112C,YGL229C,0,-4.431242,0.12602099776268005,0.8640000224113464,0.5992000102996826
YDR145W,YGR047C,0,-4.431261,0.12600262463092804,0.8640000224113464,0.5993000268936157
YBR041W,YGL058W,0,-4.4314437,0.12598425149917603,0.8640000224113464,0.599399983882904
YJR135C,YMR091C,0,-4.431762,0.125965878367424,0.8640000224113464,0.5995000004768372
YGL209W,YHR005C-A,0,-4.431852,0.1259475201368332,0.8640000224113464,0.5996000170707703
YPL050C,YAL054C,0,-4.4319224,0.12592916190624237,0.8640000224113464,0.5996999740600586
YOL111C,YIL135C,0,-4.4321,0.12591081857681274,0.8640000224113464,0.5997999906539917
YJR021C,YOR035C,1,-4.432344,0.12603817880153656,0.8650000095367432,0.5997999906539917
YGL233W,YFL050C,0,-4.4324117,0.12601982057094574,0.8650000095367432,0.5999000072479248
YMR312W,YLL027W,0,-4.432506,0.12600146234035492,0.8650000095367432,0.6000000238418579
YGL032C,YOR148C,0,-4.433111,0.1259831041097641,0.8650000095367432,0.6000999808311462
YDR385W,YER051W,0,-4.4332147,0.12596476078033447,0.8650000095367432,0.6001999974250793
YMR023C,YBL024W,0,-4.4333563,0.12594641745090485,0.8650000095367432,0.6003000140190125
YNL173C,YBL052C,0,-4.433771,0.1259280890226364,0.8650000095367432,0.6003999710083008
YPL196W,YLL061W,0,-4.4340835,0.1259097456932068,0.8650000095367432,0.6004999876022339
YFR009W,YDR030C,0,-4.4344325,0.12589143216609955,0.8650000095367432,0.600600004196167
YDR069C,YNL106C,0,-4.4347367,0.12587310373783112,0.8650000095367432,0.6007000207901001
YNL068C,YBL102W,0,-4.4353333,0.12585479021072388,0.8650000095367432,0.6007999777793884
YER051W,YNR038W,0,-4.4353905,0.12583649158477783,0.8650000095367432,0.6008999943733215
YLR032W,YGL166W,0,-4.435392,0.1258181780576706,0.8650000095367432,0.6010000109672546
YDR079W,YDR364C,0,-4.4355235,0.12579987943172455,0.8650000095367432,0.6011000275611877
YBL080C,YGR054W,0,-4.4357696,0.1257815957069397,0.8650000095367432,0.6011999845504761
YNL075W,YNL127W,0,-4.4357815,0.12576329708099365,0.8650000095367432,0.6013000011444092
YOL146W,YMR047C,0,-4.4360423,0.12574502825737,0.8650000095367432,0.6014000177383423
YJR121W,YPL267W,0,-4.4364567,0.12572674453258514,0.8650000095367432,0.6014999747276306
YDR392W,YBR010W,0,-4.4365053,0.1257084757089615,0.8650000095367432,0.6015999913215637
YGL073W,YGL053W,0,-4.4368615,0.12569020688533783,0.8650000095367432,0.6017000079154968
YLR115W,YCR081W,0,-4.4369073,0.12567193806171417,0.8650000095367432,0.6018000245094299
YPR024W,YIR009W,0,-4.436919,0.1256536841392517,0.8650000095367432,0.6018999814987183
YGL213C,YDL164C,1,-4.437128,0.12578068673610687,0.8659999966621399,0.6018999814987183
YGR044C,YMR039C,0,-4.437196,0.12576241791248322,0.8659999966621399,0.6019999980926514
YAL009W,YBL030C,0,-4.4373307,0.12574414908885956,0.8659999966621399,0.6021000146865845
YBR186W,YNL061W,0,-4.438003,0.1257258951663971,0.8659999966621399,0.6021999716758728
YLR403W,YAR019C,0,-4.4381604,0.12570765614509583,0.8659999966621399,0.6022999882698059
YLL021W,YER155C,0,-4.438246,0.12568940222263336,0.8659999966621399,0.602400004863739
YJL006C,YJL087C,0,-4.43861,0.1256711632013321,0.8659999966621399,0.6025000214576721
YOL116W,YOR212W,0,-4.4386253,0.12565292418003082,0.8659999966621399,0.6025999784469604
YPL097W,YIL049W,0,-4.4387584,0.12563470005989075,0.8659999966621399,0.6026999950408936
YDL148C,YER027C,0,-4.4395347,0.12561647593975067,0.8659999966621399,0.6028000116348267
YOL068C,YER104W,1,-4.4397078,0.12574328482151031,0.8669999837875366,0.6028000116348267
YLR219W,YMR224C,1,-4.439774,0.12587006390094757,0.8679999709129333,0.6028000116348267
YBR073W,YMR284W,1,-4.439814,0.12599681317806244,0.8690000176429749,0.6028000116348267
YGR246C,YER100W,0,-4.4400344,0.12597854435443878,0.8690000176429749,0.6029000282287598
YGR083C,YKL005C,0,-4.44016,0.12596029043197632,0.8690000176429749,0.6029999852180481
YJR069C,YCL017C,0,-4.4401703,0.12594202160835266,0.8690000176429749,0.6031000018119812
YDR201W,YML023C,0,-4.440237,0.1259237825870514,0.8690000176429749,0.6032000184059143
YOR067C,YAL058W,0,-4.4402413,0.12590552866458893,0.8690000176429749,0.6032999753952026
YDL014W,YHL028W,0,-4.44069,0.12588728964328766,0.8690000176429749,0.6033999919891357
YJL094C,YLR430W,0,-4.440816,0.12586906552314758,0.8690000176429749,0.6035000085830688
YBR159W,YOR195W,0,-4.441031,0.1258508265018463,0.8690000176429749,0.603600025177002
YPL097W,YIL150C,0,-4.4412217,0.12583260238170624,0.8690000176429749,0.6036999821662903
YDL017W,YKL080W,0,-4.4413543,0.12581439316272736,0.8690000176429749,0.6037999987602234
YHR160C,YGR070W,0,-4.4417787,0.12579618394374847,0.8690000176429749,0.6039000153541565
YAL030W,YHR142W,0,-4.4420652,0.1257779747247696,0.8690000176429749,0.6039999723434448
YHR092C,YDL078C,0,-4.4425645,0.1257597655057907,0.8690000176429749,0.6040999889373779
YKL020C,YJL110C,0,-4.4427543,0.12574157118797302,0.8690000176429749,0.604200005531311
YLL021W,YNL127W,0,-4.443132,0.12572337687015533,0.8690000176429749,0.6043000221252441
YML115C,YNL020C,0,-4.4436336,0.12570519745349884,0.8690000176429749,0.6043999791145325
YMR077C,YOR054C,0,-4.443721,0.12568701803684235,0.8690000176429749,0.6044999957084656
YJL173C,YNL088W,1,-4.443732,0.12581345438957214,0.8700000047683716,0.6044999957084656
YNL073W,YDR485C,0,-4.4439144,0.12579526007175446,0.8700000047683716,0.6046000123023987
YCR031C,YBL063W,0,-4.4440436,0.12577706575393677,0.8700000047683716,0.6047000288963318
YKL016C,YER006W,0,-4.444193,0.12575888633728027,0.8700000047683716,0.6047999858856201
YDR265W,YPL065W,0,-4.4444504,0.12574070692062378,0.8700000047683716,0.6049000024795532
YOR193W,YPR199C,0,-4.444482,0.12572254240512848,0.8700000047683716,0.6050000190734863
YJL065C,YLL061W,0,-4.444742,0.12570437788963318,0.8700000047683716,0.6050999760627747
YDL165W,YOR132W,0,-4.4450135,0.12568621337413788,0.8700000047683716,0.6051999926567078
YHR135C,YGR238C,0,-4.4451575,0.12566806375980377,0.8700000047683716,0.6053000092506409
YPL119C,YDR414C,0,-4.445249,0.12564991414546967,0.8700000047683716,0.605400025844574
YBR193C,YBR198C,0,-4.4463644,0.12563176453113556,0.8700000047683716,0.6054999828338623
YDR028C,YLL001W,0,-4.446553,0.12561362981796265,0.8700000047683716,0.6055999994277954
YBR296C,YGR092W,0,-4.446979,0.12559549510478973,0.8700000047683716,0.6057000160217285
YPL036W,YIR015W,0,-4.447168,0.12557736039161682,0.8700000047683716,0.6057999730110168
YEL024W,YEL004W,0,-4.447399,0.1255592405796051,0.8700000047683716,0.60589998960495
YER018C,YDR331W,0,-4.447858,0.12554112076759338,0.8700000047683716,0.6060000061988831
YLR459W,YGL078C,0,-4.4478893,0.12552301585674286,0.8700000047683716,0.6061000227928162
YPL174C,YDR486C,0,-4.4480557,0.12550491094589233,0.8700000047683716,0.6061999797821045
YFR024C-A,YNL133C,0,-4.4481397,0.1254868060350418,0.8700000047683716,0.6062999963760376
YML058W,YNL073W,0,-4.4488654,0.12546870112419128,0.8700000047683716,0.6064000129699707
YDL190C,YGL025C,0,-4.4490547,0.12545061111450195,0.8700000047683716,0.6065000295639038
YOL066C,YKR031C,0,-4.449309,0.12543252110481262,0.8700000047683716,0.6065999865531921
YHR150W,YPL087W,0,-4.449382,0.12541444599628448,0.8700000047683716,0.6067000031471252
YNL020C,YDR260C,0,-4.4495077,0.12539637088775635,0.8700000047683716,0.6068000197410583
YJR060W,YBL075C,0,-4.4495087,0.1253782957792282,0.8700000047683716,0.6068999767303467
YBR049C,YMR015C,0,-4.449892,0.12536023557186127,0.8700000047683716,0.6069999933242798
YFL037W,YKL032C,0,-4.450012,0.12534217536449432,0.8700000047683716,0.6071000099182129
YHR135C,YDL035C,0,-4.450067,0.12532411515712738,0.8700000047683716,0.607200026512146
YGL226C-A,YGR072W,0,-4.4502974,0.12530606985092163,0.8700000047683716,0.6072999835014343
YCR089W,YNL216W,0,-4.450311,0.12528802454471588,0.8700000047683716,0.6074000000953674
YPL012W,YDR508C,0,-4.450659,0.12526997923851013,0.8700000047683716,0.6075000166893005
YLR105C,YDR379W,0,-4.4512057,0.12525194883346558,0.8700000047683716,0.6075999736785889
YGR241C,YNL073W,0,-4.451519,0.12523391842842102,0.8700000047683716,0.607699990272522
YBR004C,YOR001W,0,-4.451888,0.12521588802337646,0.8700000047683716,0.6078000068664551
YDR116C,YPR113W,0,-4.452058,0.1251978725194931,0.8700000047683716,0.6079000234603882
YKL113C,YGR108W,0,-4.4520855,0.12517985701560974,0.8700000047683716,0.6079999804496765
YOL116W,YIL075C,0,-4.4523335,0.12516184151172638,0.8700000047683716,0.6080999970436096
YGR091W,YMR146C,0,-4.4525266,0.1251438409090042,0.8700000047683716,0.6082000136375427
YBR154C,YKL141W,0,-4.4526634,0.12512584030628204,0.8700000047683716,0.608299970626831
YPL084W,YIL019W,0,-4.452975,0.12510785460472107,0.8700000047683716,0.6083999872207642
YOR284W,YMR068W,0,-4.453023,0.1250898689031601,0.8700000047683716,0.6085000038146973
YPL075W,YEL051W,0,-4.453039,0.12507188320159912,0.8700000047683716,0.6086000204086304
YDR436W,YOR011W,0,-4.453453,0.12505389750003815,0.8700000047683716,0.6086999773979187
YDR116C,YDR118W,0,-4.453618,0.12503592669963837,0.8700000047683716,0.6087999939918518
YPL048W,YBR202W,0,-4.4541755,0.1250179558992386,0.8700000047683716,0.6089000105857849
YLR229C,YHR206W,0,-4.4542713,0.125,0.8700000047683716,0.609000027179718
YDL115C,YDR251W,0,-4.4547477,0.12498204410076141,0.8700000047683716,0.6090999841690063
YBR079C,YDL028C,0,-4.454979,0.12496408820152283,0.8700000047683716,0.6092000007629395
YJL141C,YAL059W,0,-4.4549856,0.12494614720344543,0.8700000047683716,0.6093000173568726
YDR480W,YHR019C,0,-4.4550676,0.12492819875478745,0.8700000047683716,0.6093999743461609
YCL055W,YPR154W,0,-4.455238,0.12491026520729065,0.8700000047683716,0.609499990940094
YDL035C,YML046W,0,-4.455305,0.12489233165979385,0.8700000047683716,0.6096000075340271
YGL144C,YNL177C,0,-4.4556904,0.12487440556287766,0.8700000047683716,0.6097000241279602
YAR019C,YPL092W,0,-4.455994,0.12485648691654205,0.8700000047683716,0.6097999811172485
YBR022W,YNL236W,0,-4.456148,0.12483856827020645,0.8700000047683716,0.6098999977111816
YOR151C,YOR073W,0,-4.456753,0.12482065707445145,0.8700000047683716,0.6100000143051147
YOR100C,YDL148C,0,-4.456904,0.12480275332927704,0.8700000047683716,0.6100999712944031
YMR240C,YKL093W,0,-4.4573126,0.12478485703468323,0.8700000047683716,0.6101999878883362
YPL269W,YBL052C,0,-4.45759,0.12476696074008942,0.8700000047683716,0.6103000044822693
YJR065C,YLR381W,0,-4.457767,0.1247490644454956,0.8700000047683716,0.6104000210762024
YKR037C,YFL016C,0,-4.4581923,0.12473118305206299,0.8700000047683716,0.6104999780654907
YNR002C,YGL236C,0,-4.4583936,0.12471330165863037,0.8700000047683716,0.6105999946594238
YJL165C,YOR319W,0,-4.4587226,0.12469542771577835,0.8700000047683716,0.6107000112533569
YHR006W,YNL001W,0,-4.458735,0.12467756122350693,0.8700000047683716,0.61080002784729
YDL042C,YHR001W,0,-4.4588223,0.1246596947312355,0.8700000047683716,0.6108999848365784
YNL093W,YJL033W,0,-4.4590755,0.12464183568954468,0.8700000047683716,0.6110000014305115
YNL048W,YDL105W,0,-4.459116,0.12462397664785385,0.8700000047683716,0.6111000180244446
YPL146C,YBL052C,0,-4.460113,0.12460613250732422,0.8700000047683716,0.6111999750137329
YBR154C,YLR214W,0,-4.4602113,0.12458828836679459,0.8700000047683716,0.611299991607666
YGL003C,YDR030C,0,-4.4604278,0.12457044422626495,0.8700000047683716,0.6114000082015991
YBL105C,YDR314C,0,-4.4604726,0.12455261498689651,0.8700000047683716,0.6115000247955322
YIL084C,YJR047C,0,-4.46063,0.12453478574752808,0.8700000047683716,0.6115999817848206
YMR313C,YJL203W,0,-4.4606757,0.12451695650815964,0.8700000047683716,0.6116999983787537
YPL087W,YLR092W,0,-4.460707,0.12449914216995239,0.8700000047683716,0.6118000149726868
YJL080C,YDR363W,0,-4.4607735,0.12448132783174515,0.8700000047683716,0.6118999719619751
YPL160W,YLR215C,0,-4.46106,0.1244635209441185,0.8700000047683716,0.6119999885559082
YMR250W,YNL219C,0,-4.461383,0.12444571405649185,0.8700000047683716,0.6121000051498413
YNL119W,YOR136W,0,-4.4613905,0.1244279146194458,0.8700000047683716,0.6122000217437744
YNL111C,YER062C,0,-4.4617476,0.12441012263298035,0.8700000047683716,0.6122999787330627
YOL076W,YGL169W,0,-4.4623666,0.12439233809709549,0.8700000047683716,0.6123999953269958
YOR043W,YJR082C,0,-4.4624934,0.12437455356121063,0.8700000047683716,0.612500011920929
YNL272C,YMR001C,0,-4.462882,0.12435677647590637,0.8700000047683716,0.6126000285148621
YHR193C,YBL084C,0,-4.4630537,0.12433899939060211,0.8700000047683716,0.6126999855041504
YPR110C,YDL076C,0,-4.463561,0.12432123720645905,0.8700000047683716,0.6128000020980835
YOR239W,YGR171C,0,-4.46377,0.12430347502231598,0.8700000047683716,0.6129000186920166
YOR281C,YLR310C,0,-4.4638143,0.12428571283817291,0.8700000047683716,0.6129999756813049
YLR368W,YHR069C,0,-4.4638286,0.12426795810461044,0.8700000047683716,0.613099992275238
YBR172C,YDR416W,0,-4.46385,0.12425021082162857,0.8700000047683716,0.6132000088691711
YNL126W,YML027W,0,-4.463917,0.1242324709892273,0.8700000047683716,0.6133000254631042
YHR081W,YNL139C,1,-4.4641294,0.12435750663280487,0.8709999918937683,0.6133000254631042
YOR298W,YPR057W,0,-4.464218,0.124339759349823,0.8709999918937683,0.6133999824523926
YGR040W,YLR028C,0,-4.4642944,0.12432201206684113,0.8709999918937683,0.6134999990463257
YGL047W,YHR058C,0,-4.4644756,0.12430426478385925,0.8709999918937683,0.6136000156402588
YPL093W,YDR353W,0,-4.4650764,0.12428653240203857,0.8709999918937683,0.6136999726295471
YGL120C,YMR293C,0,-4.4651,0.1242688000202179,0.8709999918937683,0.6137999892234802
YGL096W,YKL018W,0,-4.4652066,0.12425106763839722,0.8709999918937683,0.6139000058174133
YPR138C,YGR216C,0,-4.465402,0.12423335015773773,0.8709999918937683,0.6140000224113464
YDR303C,YDR178W,0,-4.4655714,0.12421563267707825,0.8709999918937683,0.6140999794006348
YHL007C,YGR112W,0,-4.4655957,0.12419791519641876,0.8709999918937683,0.6141999959945679
YGL001C,YJR069C,0,-4.465747,0.12418021261692047,0.8709999918937683,0.614300012588501
YMR117C,YBR205W,0,-4.466645,0.12416251003742218,0.8709999918937683,0.6144000291824341
YBR132C,YNL245C,0,-4.4666705,0.12414481490850449,0.8709999918937683,0.6144999861717224
YEL056W,YLL027W,0,-4.466852,0.12412711977958679,0.8709999918937683,0.6146000027656555
YGR171C,YER062C,0,-4.466857,0.1241094321012497,0.8709999918937683,0.6147000193595886
YMR240C,YOR058C,0,-4.4669623,0.1240917518734932,0.8709999918937683,0.614799976348877
YHR170W,YBL058W,0,-4.46711,0.1240740716457367,0.8709999918937683,0.6148999929428101
YKR026C,YLR079W,0,-4.4672146,0.12405639886856079,0.8709999918937683,0.6150000095367432
YFR024C-A,YDR314C,0,-4.4673333,0.12403873354196548,0.8709999918937683,0.6151000261306763
YKL194C,YDR325W,0,-4.4674044,0.12402107566595078,0.8709999918937683,0.6151999831199646
YOR239W,YOL123W,0,-4.4675374,0.12400341778993607,0.8709999918937683,0.6152999997138977
YML086C,YJL035C,0,-4.4677267,0.12398576736450195,0.8709999918937683,0.6154000163078308
YGR278W,YDR294C,0,-4.467836,0.12396811693906784,0.8709999918937683,0.6154999732971191
YBR049C,YCL063W,0,-4.4679813,0.12395047396421432,0.8709999918937683,0.6155999898910522
YBR198C,YFL013C,0,-4.4680123,0.1239328384399414,0.8709999918937683,0.6157000064849854
YCR084C,YER049W,0,-4.468079,0.12391521036624908,0.8709999918937683,0.6158000230789185
YJR083C,YGR132C,0,-4.4681087,0.12389758229255676,0.8709999918937683,0.6158999800682068
YML006C,YDL231C,0,-4.4683156,0.12387996166944504,0.8709999918937683,0.6159999966621399
YJR090C,YDR363W,0,-4.4683857,0.12386234104633331,0.8709999918937683,0.616100013256073
YPL047W,YOR157C,0,-4.468439,0.12384473532438278,0.8709999918937683,0.6161999702453613
YKR062W,YML092C,0,-4.4685764,0.12382712215185165,0.8709999918937683,0.6162999868392944
YBR070C,YER019W,0,-4.468737,0.12380952388048172,0.8709999918937683,0.6164000034332275
YDR058C,YOR057W,0,-4.4688416,0.12379192560911179,0.8709999918937683,0.6165000200271606
YLR335W,YGR097W,0,-4.46889,0.12377433478832245,0.8709999918937683,0.616599977016449
YLR116W,YBR015C,0,-4.469241,0.12375675141811371,0.8709999918937683,0.6166999936103821
YJR017C,YOR173W,0,-4.469336,0.12373916804790497,0.8709999918937683,0.6168000102043152
YOR056C,YNL225C,0,-4.4701695,0.12372159212827682,0.8709999918937683,0.6169000267982483
YLL043W,YGR268C,0,-4.470586,0.12370401620864868,0.8709999918937683,0.6169999837875366
YPL178W,YAL017W,0,-4.4706526,0.12368645519018173,0.8709999918937683,0.6171000003814697
YNL182C,YMR276W,0,-4.4711204,0.12366889417171478,0.8709999918937683,0.6172000169754028
YBR205W,YLR369W,0,-4.471129,0.12365133315324783,0.8709999918937683,0.6172999739646912
YHR086W,YOR361C,0,-4.471917,0.12363377958536148,0.8709999918937683,0.6173999905586243
YJL141C,YGR134W,0,-4.4720635,0.12361623346805573,0.8709999918937683,0.6175000071525574
YGL068W,YLL021W,0,-4.472618,0.12359869480133057,0.8709999918937683,0.6176000237464905
YDR339C,YML007W,0,-4.4730835,0.12358115613460541,0.8709999918937683,0.6176999807357788
YKR008W,YGL245W,0,-4.4732437,0.12356362491846085,0.8709999918937683,0.6177999973297119
YJL048C,YPR021C,0,-4.473587,0.12354610115289688,0.8709999918937683,0.617900013923645
YBR049C,YOR256C,0,-4.4738226,0.12352857738733292,0.8709999918937683,0.6179999709129333
YPL015C,YDL154W,1,-4.47393,0.1236528679728508,0.871999979019165,0.6179999709129333
YNL088W,YER095W,1,-4.4741125,0.1237771138548851,0.8730000257492065,0.6179999709129333
YMR125W,YPL177C,0,-4.474121,0.12375956773757935,0.8730000257492065,0.6180999875068665
YDR078C,YML094W,0,-4.474194,0.12374202907085419,0.8730000257492065,0.6182000041007996
YGL163C,YML032C,1,-4.4743724,0.12386621534824371,0.8740000128746033,0.6182000041007996
YKL016C,YJR131W,0,-4.4745936,0.12384866178035736,0.8740000128746033,0.6183000206947327
YKR002W,YDR208W,0,-4.47498,0.1238311156630516,0.8740000128746033,0.618399977684021
YML128C,YDR180W,1,-4.4757824,0.12395523488521576,0.875,0.618399977684021
YDR283C,YGR238C,0,-4.4758964,0.12393767386674881,0.875,0.6184999942779541
YDR312W,YDL212W,0,-4.476222,0.12392012774944305,0.875,0.6186000108718872
YDR323C,YGL019W,0,-4.4765387,0.1239025741815567,0.875,0.6187000274658203
YMR281W,YDR343C,0,-4.4768085,0.12388503551483154,0.875,0.6187999844551086
YLR103C,YNL036W,0,-4.4768763,0.12386749684810638,0.875,0.6189000010490417
YLR130C,YOR084W,0,-4.476962,0.12384996563196182,0.875,0.6190000176429749
YPL196W,YBR060C,0,-4.477195,0.12383243441581726,0.875,0.6190999746322632
YLR368W,YGR209C,0,-4.477425,0.12381491810083389,0.875,0.6191999912261963
YNL088W,YBR130C,1,-4.477449,0.12393888086080551,0.8759999871253967,0.6191999912261963
YDR116C,YAR018C,0,-4.478173,0.12392134964466095,0.8759999871253967,0.6193000078201294
YLR033W,YDL006W,0,-4.478204,0.12390381842851639,0.8759999871253967,0.6194000244140625
YLR216C,YBR294W,0,-4.4783735,0.12388629466295242,0.8759999871253967,0.6194999814033508
YMR168C,YGR129W,0,-4.4785395,0.12386877834796906,0.8759999871253967,0.6195999979972839
YML008C,YOR069W,0,-4.4787307,0.12385126203298569,0.8759999871253967,0.619700014591217
YGL116W,YFL037W,0,-4.4792476,0.12383376061916351,0.8759999871253967,0.6197999715805054
YGL003C,YBR065C,0,-4.4795003,0.12381625175476074,0.8759999871253967,0.6198999881744385
YGL058W,YNL186W,0,-4.479502,0.12379875779151917,0.8759999871253967,0.6200000047683716
YIL160C,YKL053C-A,0,-4.479525,0.12378126382827759,0.8759999871253967,0.6201000213623047
YER020W,YKR020W,0,-4.4797387,0.12376377731561661,0.8759999871253967,0.620199978351593
YNL267W,YER123W,0,-4.4798055,0.12374629080295563,0.8759999871253967,0.6202999949455261
YLL009C,YJR070C,0,-4.4798326,0.12372881174087524,0.8759999871253967,0.6204000115394592
YDL181W,YKL079W,0,-4.4800134,0.12371134012937546,0.8759999871253967,0.6205000281333923
YOR327C,YHR019C,0,-4.4806566,0.12369386851787567,0.8759999871253967,0.6205999851226807
YML109W,YEL027W,0,-4.480906,0.12367641180753708,0.8759999871253967,0.6207000017166138
YDR181C,YPR025C,0,-4.4809704,0.12365894764661789,0.8759999871253967,0.6208000183105469
YDR310C,YML092C,0,-4.481038,0.1236414983868599,0.8759999871253967,0.6208999752998352
YNL047C,YLR052W,0,-4.4812703,0.1236240491271019,0.8759999871253967,0.6209999918937683
YBR009C,YBL075C,0,-4.4813194,0.1236066073179245,0.8759999871253967,0.6211000084877014
YDL024C,YNL323W,0,-4.4814963,0.1235891655087471,0.8759999871253967,0.6212000250816345
YJL101C,YDL078C,0,-4.4818406,0.1235717311501503,0.8759999871253967,0.6212999820709229
YDR328C,YPL075W,0,-4.4822392,0.1235543042421341,0.8759999871253967,0.621399998664856
YPR086W,YLR324W,0,-4.482282,0.12353687733411789,0.8759999871253967,0.6215000152587891
YMR263W,YBR102C,0,-4.4824,0.12351945787668228,0.8759999871253967,0.6215999722480774
YDR201W,YDR205W,0,-4.482651,0.12350204586982727,0.8759999871253967,0.6216999888420105
YMR250W,YBR198C,0,-4.482869,0.12348463386297226,0.8759999871253967,0.6218000054359436
YGL171W,YBL019W,0,-4.482917,0.12346722930669785,0.8759999871253967,0.6219000220298767
YBL079W,YDR216W,0,-4.482992,0.12344983220100403,0.8759999871253967,0.621999979019165
YML016C,YJL091C,0,-4.4830003,0.12343243509531021,0.8759999871253967,0.6220999956130981
YOR130C,YML043C,0,-4.4836907,0.12341504544019699,0.8759999871253967,0.6222000122070312
YER013W,YKL040C,0,-4.4838176,0.12339766323566437,0.8759999871253967,0.6223000288009644
YDR289C,YER173W,1,-4.4843416,0.12352112680673599,0.8769999742507935,0.6223000288009644
YOL149W,YGL174W,0,-4.4846635,0.12350372970104218,0.8769999742507935,0.6223999857902527
YPL089C,YOR027W,0,-4.4847684,0.12348634004592896,0.8769999742507935,0.6225000023841858
YER119C,YML046W,0,-4.484988,0.12346895784139633,0.8769999742507935,0.6226000189781189
YEL037C,YPL042C,0,-4.485173,0.12345157563686371,0.8769999742507935,0.6226999759674072
YOR023C,YMR139W,0,-4.485342,0.12343420088291168,0.8769999742507935,0.6227999925613403
YMR207C,YNL248C,0,-4.4854226,0.12341683357954025,0.8769999742507935,0.6229000091552734
YGR054W,YDR429C,0,-4.485518,0.12339946627616882,0.8769999742507935,0.6230000257492065
YPL147W,YIL053W,0,-4.4860854,0.12338210642337799,0.8769999742507935,0.6230999827384949
YOR151C,YDR303C,0,-4.486369,0.12336474657058716,0.8769999742507935,0.623199999332428
YGR101W,YNL257C,0,-4.486398,0.12334740161895752,0.8769999742507935,0.6233000159263611
YCR098C,YGL020C,0,-4.486608,0.12333004921674728,0.8769999742507935,0.6233999729156494
YNL213C,YFL036W,0,-4.4866533,0.12331271171569824,0.8769999742507935,0.6234999895095825
YOL066C,YKL193C,0,-4.4868503,0.1232953742146492,0.8769999742507935,0.6236000061035156
YHR039C-A,YLR459W,0,-4.4869523,0.12327804416418076,0.8769999742507935,0.6237000226974487
YNL021W,YPL228W,0,-4.4874516,0.12326071411371231,0.8769999742507935,0.6237999796867371
YLR451W,YMR127C,0,-4.487776,0.12324339151382446,0.8769999742507935,0.6238999962806702
YOR061W,YDR490C,0,-4.488587,0.12322607636451721,0.8769999742507935,0.6240000128746033
YGL066W,YGR070W,0,-4.488924,0.12320876866579056,0.8769999742507935,0.6241000294685364
YKL150W,YLR221C,0,-4.489001,0.1231914609670639,0.8769999742507935,0.6241999864578247
YMR293C,YBR265W,0,-4.4891005,0.12317416071891785,0.8769999742507935,0.6243000030517578
YDR515W,YOR230W,0,-4.4891353,0.12315686047077179,0.8769999742507935,0.6244000196456909
YHR200W,YDR309C,0,-4.489183,0.12313956767320633,0.8769999742507935,0.6244999766349792
YDL006W,YGR214W,0,-4.4895287,0.12312228232622147,0.8769999742507935,0.6245999932289124
YNL079C,YDR314C,0,-4.48965,0.1231049969792366,0.8769999742507935,0.6247000098228455
YOR304W,YIL019W,0,-4.4897037,0.12308771908283234,0.8769999742507935,0.6248000264167786
YDR110W,YPL164C,1,-4.4901576,0.12321078032255173,0.878000020980835,0.6248000264167786
YMR263W,YCR081W,0,-4.4903226,0.12319348752498627,0.878000020980835,0.6248999834060669
YDR353W,YDR488C,0,-4.4906516,0.123176209628582,0.878000020980835,0.625
YNL038W,YBL034C,0,-4.4907722,0.12315893173217773,0.878000020980835,0.6251000165939331
YGL120C,YGR002C,0,-4.4914265,0.12314165383577347,0.878000020980835,0.6251999735832214
YER005W,YMR313C,0,-4.4920273,0.1231243833899498,0.878000020980835,0.6252999901771545
YER062C,YNL032W,0,-4.4921627,0.12310712039470673,0.878000020980835,0.6254000067710876
YBR265W,YDR252W,0,-4.4921794,0.12308986485004425,0.878000020980835,0.6255000233650208
YLR226W,YGR254W,0,-4.492275,0.12307260930538177,0.878000020980835,0.6255999803543091
YML041C,YDR311W,0,-4.492323,0.1230553612112999,0.878000020980835,0.6256999969482422
YLR048W,YJL100W,0,-4.4923277,0.12303811311721802,0.878000020980835,0.6258000135421753
YKL182W,YNL188W,0,-4.492387,0.12302087992429733,0.878000020980835,0.6258999705314636
YIL123W,YLR131C,0,-4.4925575,0.12300363928079605,0.878000020980835,0.6259999871253967
YNR008W,YJR001W,0,-4.4926343,0.12298641353845596,0.878000020980835,0.6261000037193298
YCR008W,YOR381W,0,-4.4926696,0.12296918779611588,0.878000020980835,0.6262000203132629
YOL102C,YGL216W,0,-4.4928694,0.12295196950435638,0.878000020980835,0.6262999773025513
YIL121W,YBR289W,0,-4.49302,0.1229347512125969,0.878000020980835,0.6263999938964844
YEL054C,YDR228C,0,-4.493146,0.122917540371418,0.878000020980835,0.6265000104904175
YMR316W,YNL123W,0,-4.4936576,0.1229003369808197,0.878000020980835,0.6266000270843506
YOR038C,YGL172W,0,-4.4938283,0.1228831335902214,0.878000020980835,0.6266999840736389
YDR451C,YPL146C,0,-4.4938354,0.1228659376502037,0.878000020980835,0.626800000667572
YDL164C,YAL029C,1,-4.4945,0.12298866361379623,0.8790000081062317,0.626800000667572
YGR044C,YGR181W,0,-4.494606,0.12297146022319794,0.8790000081062317,0.6269000172615051
YOR281C,YLR260W,0,-4.49488,0.12295425683259964,0.8790000081062317,0.6269999742507935
YNL261W,YEL051W,0,-4.49508,0.12293706089258194,0.8790000081062317,0.6270999908447266
YAL002W,YCR002C,0,-4.49553,0.12291987240314484,0.8790000081062317,0.6272000074386597
YPL151C,YOR057W,0,-4.495536,0.12290268391370773,0.8790000081062317,0.6273000240325928
YOR100C,YKL188C,0,-4.4956546,0.12288550287485123,0.8790000081062317,0.6273999810218811
YDL035C,YGL087C,0,-4.4957986,0.12286832183599472,0.8790000081062317,0.6274999976158142
YMR281W,YBL018C,0,-4.4960837,0.12285115569829941,0.8790000081062317,0.6276000142097473
YIR026C,YKL079W,0,-4.4963026,0.1228339821100235,0.8790000081062317,0.6276999711990356
YBR049C,YJR049C,0,-4.496381,0.12281682342290878,0.8790000081062317,0.6277999877929688
YBR079C,YPL190C,0,-4.4965544,0.12279966473579407,0.8790000081062317,0.6279000043869019
YBR223C,YNL182C,0,-4.4965625,0.12278251349925995,0.8790000081062317,0.628000020980835
YLR075W,YGL053W,0,-4.4966154,0.12276536226272583,0.8790000081062317,0.6280999779701233
YNL020C,YIL034C,0,-4.4967318,0.12274821847677231,0.8790000081062317,0.6281999945640564
YMR240C,YLR260W,0,-4.4979615,0.12273108214139938,0.8790000081062317,0.6283000111579895
YBL025W,YLR060W,0,-4.4979796,0.12271394580602646,0.8790000081062317,0.6284000277519226
YLL035W,YJL063C,0,-4.4980087,0.12269681692123413,0.8790000081062317,0.6284999847412109
YMR056C,YLR353W,0,-4.498307,0.1226796954870224,0.8790000081062317,0.628600001335144
YLR088W,YNL172W,0,-4.498496,0.12266257405281067,0.8790000081062317,0.6287000179290771
YKR101W,YNR031C,0,-4.49861,0.12264546006917953,0.8790000081062317,0.6287999749183655
YOR058C,YKL089W,0,-4.498681,0.1226283460855484,0.8790000081062317,0.6288999915122986
YKR024C,YNL079C,0,-4.4990115,0.12261123955249786,0.8790000081062317,0.6290000081062317
YCL008C,YLR305C,0,-4.4990377,0.12259414047002792,0.8790000081062317,0.6291000247001648
YBR081C,YDL197C,0,-4.499086,0.12257704883813858,0.8790000081062317,0.6291999816894531
YKL011C,YER173W,1,-4.4990907,0.12269938737154007,0.8799999952316284,0.6291999816894531
YGL105W,YJL035C,0,-4.499357,0.12268228083848953,0.8799999952316284,0.6292999982833862
YLR103C,YDR054C,0,-4.499716,0.12266518175601959,0.8799999952316284,0.6294000148773193
YPL231W,YDR485C,0,-4.5002027,0.12264808267354965,0.8799999952316284,0.6294999718666077
YLR466W,YMR284W,1,-4.5002794,0.12277034670114517,0.8809999823570251,0.6294999718666077
YPL093W,YLR396C,0,-4.5003967,0.12275324016809464,0.8809999823570251,0.6295999884605408
YDR207C,YJL208C,1,-4.5004516,0.12287545204162598,0.8820000290870667,0.6295999884605408
YNL126W,YDR216W,0,-4.5005703,0.12285833805799484,0.8820000290870667,0.6297000050544739
YKR037C,YHR084W,0,-4.500666,0.12284122407436371,0.8820000290870667,0.629800021648407
YJL094C,YJL085W,0,-4.500694,0.12282411754131317,0.8820000290870667,0.6298999786376953
YLR380W,YCL016C,0,-4.500821,0.12280701845884323,0.8820000290870667,0.6299999952316284
YLR079W,YJL184W,0,-4.501336,0.12278991937637329,0.8820000290870667,0.6301000118255615
YOR109W,YLR079W,0,-4.501526,0.12277282774448395,0.8820000290870667,0.6302000284194946
YDL014W,YIL017C,0,-4.5019245,0.1227557435631752,0.8820000290870667,0.630299985408783
YBR154C,YPL042C,0,-4.5019255,0.12273865938186646,0.8820000290870667,0.6304000020027161
YDR389W,YDR464W,0,-4.5021772,0.1227215826511383,0.8820000290870667,0.6305000185966492
YBR030W,YDR121W,0,-4.502248,0.12270450592041016,0.8820000290870667,0.6305999755859375
YCR010C,YPR187W,0,-4.5022774,0.1226874366402626,0.8820000290870667,0.6306999921798706
YKL052C,YKL007W,0,-4.5023565,0.12267037481069565,0.8820000290870667,0.6308000087738037
YNL130C,YMR219W,0,-4.5024147,0.12265331298112869,0.8820000290870667,0.6309000253677368
YNL329C,YBR082C,0,-4.5024557,0.12263626605272293,0.8820000290870667,0.6309999823570251
YGL213C,YDR289C,1,-4.5027933,0.12275823950767517,0.8830000162124634,0.6309999823570251
YPR112C,YDR427W,0,-4.503009,0.12274117022752762,0.8830000162124634,0.6310999989509583
YER106W,YFR009W,0,-4.5032816,0.12272411584854126,0.8830000162124634,0.6312000155448914
YOR064C,YAL030W,0,-4.503392,0.1227070614695549,0.8830000162124634,0.6312999725341797
YJL100W,YBR169C,0,-4.503729,0.12269000709056854,0.8830000162124634,0.6313999891281128
YJL108C,YKR067W,0,-4.5039415,0.12267296761274338,0.8830000162124634,0.6315000057220459
YLR214W,YPL151C,0,-4.503981,0.12265592813491821,0.8830000162124634,0.631600022315979
YGR218W,YKL056C,0,-4.5039916,0.12263888865709305,0.8830000162124634,0.6316999793052673
YOL148C,YGR280C,0,-4.504007,0.12262185662984848,0.8830000162124634,0.6317999958992004
YMR275C,YDR331W,0,-4.504252,0.12260483205318451,0.8830000162124634,0.6319000124931335
YOR321W,YEL054C,0,-4.504297,0.12258780747652054,0.8830000162124634,0.6320000290870667
YDR164C,YDR080W,0,-4.504342,0.12257079035043716,0.8830000162124634,0.632099986076355
YBR172C,YGR037C,0,-4.504386,0.12255378067493439,0.8830000162124634,0.6322000026702881
YFR009W,YER035W,0,-4.5045676,0.12253677845001221,0.8830000162124634,0.6323000192642212
YKL081W,YML005W,0,-4.505167,0.12251976877450943,0.8830000162124634,0.6323999762535095
YBR050C,YPL118W,0,-4.505639,0.12250277400016785,0.8830000162124634,0.6324999928474426
YOL045W,YPL228W,0,-4.505801,0.12248577922582626,0.8830000162124634,0.6326000094413757
YIL021W,YNR049C,0,-4.506522,0.12246879190206528,0.8830000162124634,0.6327000260353088
YJL141C,YOL054W,0,-4.506564,0.12245181202888489,0.8830000162124634,0.6327999830245972
YPR193C,YPR034W,0,-4.506591,0.1224348321557045,0.8830000162124634,0.6328999996185303
YCL024W,YFR005C,0,-4.5069137,0.1224178597331047,0.8830000162124634,0.6330000162124634
YDR062W,YLR260W,0,-4.5071187,0.12240088731050491,0.8830000162124634,0.6330999732017517
YLR033W,YDR245W,0,-4.5072556,0.12238392233848572,0.8830000162124634,0.6331999897956848
YNR072W,YDR447C,0,-4.5074143,0.12236696481704712,0.8830000162124634,0.6333000063896179
YDR363W-A,YOL148C,0,-4.507539,0.12235000729560852,0.8830000162124634,0.633400022983551
YEL037C,YOR217W,0,-4.5075817,0.12233305722475052,0.8830000162124634,0.6334999799728394
YMR316W,YJL111W,0,-4.5077615,0.12231610715389252,0.8830000162124634,0.6335999965667725
YOR140W,YGL162W,0,-4.507844,0.12229917198419571,0.8830000162124634,0.6337000131607056
YEL061C,YBR035C,0,-4.5081863,0.1222822293639183,0.8830000162124634,0.6338000297546387
YBL080C,YGL071W,0,-4.508382,0.1222653016448021,0.8830000162124634,0.633899986743927
YDR298C,YOR221C,0,-4.508614,0.12224837392568588,0.8830000162124634,0.6340000033378601
YDR150W,YOR028C,0,-4.508724,0.12223145365715027,0.8830000162124634,0.6341000199317932
YDR201W,YBL050W,0,-4.50898,0.12221453338861465,0.8830000162124634,0.6341999769210815
YHR005C-A,YNL020C,0,-4.509033,0.12219762057065964,0.8830000162124634,0.6342999935150146
YPL115C,YDR091C,0,-4.5099034,0.12218070775270462,0.8830000162124634,0.6344000101089478
YLR141W,YBR010W,0,-4.510058,0.1221638098359108,0.8830000162124634,0.6345000267028809
YDR182W,YBR202W,0,-4.5107217,0.12214691191911697,0.8830000162124634,0.6345999836921692
YHR081W,YPL283C,1,-4.510968,0.12226832658052444,0.8840000033378601,0.6345999836921692
YAL020C,YPL048W,0,-4.5110245,0.12225142121315002,0.8840000033378601,0.6347000002861023
YER100W,YDR302W,0,-4.5110807,0.1222345158457756,0.8840000033378601,0.6348000168800354
YLL040C,YPR020W,0,-4.5116043,0.12221761047840118,0.8840000033378601,0.6348999738693237
YCL044C,YPL011C,0,-4.511613,0.12220072001218796,0.8840000033378601,0.6349999904632568
YBL075C,YOR381W,0,-4.511635,0.12218382954597473,0.8840000033378601,0.6351000070571899
YKL144C,YIL065C,0,-4.512095,0.1221669465303421,0.8840000033378601,0.635200023651123
YOR094W,YMR021C,0,-4.5124516,0.12215006351470947,0.8840000033378601,0.6352999806404114
YKL150W,YDR002W,0,-4.5125656,0.12213318794965744,0.8840000033378601,0.6353999972343445
YER032W,YBR237W,0,-4.5127177,0.12211631238460541,0.8840000033378601,0.6355000138282776
YOL077W-A,YNL218W,0,-4.51285,0.12209944427013397,0.8840000033378601,0.6355999708175659
YKR061W,YPR101W,0,-4.5133276,0.12208258360624313,0.8840000033378601,0.635699987411499
YIR026C,YER089C,0,-4.5133743,0.12206573039293289,0.8840000033378601,0.6358000040054321
YOR226C,YOL060C,0,-4.51357,0.12204887717962265,0.8840000033378601,0.6359000205993652
YLR411W,YFL005W,0,-4.513633,0.12203202396631241,0.8840000033378601,0.6359999775886536
YLR332W,YKL213C,0,-4.513749,0.12201518565416336,0.8840000033378601,0.6360999941825867
YDR205W,YLR332W,0,-4.5140696,0.12199834734201431,0.8840000033378601,0.6362000107765198
YAL051W,YHR026W,0,-4.5141525,0.12198150902986526,0.8840000033378601,0.6363000273704529
YKL141W,YEL004W,0,-4.5144186,0.12196467816829681,0.8840000033378601,0.6363999843597412
YIL122W,YGR077C,0,-4.514424,0.12194785475730896,0.8840000033378601,0.6365000009536743
YHR176W,YJR073C,0,-4.51464,0.1219310313463211,0.8840000033378601,0.6366000175476074
YJL012C,YPR143W,0,-4.514704,0.12191421538591385,0.8840000033378601,0.6366999745368958
YCR034W,YPR007C,0,-4.5147543,0.12189740687608719,0.8840000033378601,0.6367999911308289
YML014W,YGL236C,0,-4.5147614,0.12188059836626053,0.8840000033378601,0.636900007724762
YLR304C,YJL094C,0,-4.5154953,0.12186379730701447,0.8840000033378601,0.6370000243186951
YPR086W,YFL026W,0,-4.5155067,0.121847003698349,0.8840000033378601,0.6370999813079834
YJL138C,YMR127C,0,-4.515548,0.12183021008968353,0.8840000033378601,0.6371999979019165
YDR389W,YPR155C,0,-4.515561,0.12181342393159866,0.8840000033378601,0.6373000144958496
YBR201W,YPL190C,0,-4.515613,0.1217966377735138,0.8840000033378601,0.6373999714851379
YOL130W,YBL008W,0,-4.515648,0.12177985906600952,0.8840000033378601,0.637499988079071
YDL247W,YKL117W,0,-4.515852,0.12176308780908585,0.8840000033378601,0.6376000046730042
YNL267W,YPL155C,0,-4.515966,0.12174631655216217,0.8840000033378601,0.6377000212669373
YDR045C,YJL204C,0,-4.5159717,0.12172955274581909,0.8840000033378601,0.6377999782562256
YJR060W,YMR001C,0,-4.516451,0.12171278893947601,0.8840000033378601,0.6378999948501587
YDR283C,YKR066C,0,-4.516565,0.12169603258371353,0.8840000033378601,0.6380000114440918
YPL192C,YGR191W,0,-4.5170336,0.12167928367853165,0.8840000033378601,0.6381000280380249
YOL130W,YDR377W,0,-4.517991,0.12166253477334976,0.8840000033378601,0.6381999850273132
YLL021W,YOR148C,0,-4.5180297,0.12164579331874847,0.8840000033378601,0.6383000016212463
YOL005C,YER068W,0,-4.518645,0.12162905931472778,0.8840000033378601,0.6384000182151794
YJR135W-A,YGL142C,0,-4.518969,0.12161232531070709,0.8840000033378601,0.6384999752044678
YAL011W,YBR257W,0,-4.5190125,0.121595598757267,0.8840000033378601,0.6385999917984009
YIR037W,YHL028W,0,-4.519211,0.1215788722038269,0.8840000033378601,0.638700008392334
YNR039C,YBR258C,0,-4.519477,0.12156215310096741,0.8840000033378601,0.6388000249862671
YGR070W,YGL073W,0,-4.5195026,0.12154544144868851,0.8840000033378601,0.6388999819755554
YBR058C-A,YLR047C,0,-4.519581,0.1215287297964096,0.8840000033378601,0.6389999985694885
YLL034C,YML086C,0,-4.519605,0.1215120255947113,0.8840000033378601,0.6391000151634216
YOL146W,YIL038C,0,-4.5201573,0.1214953288435936,0.8840000033378601,0.63919997215271
YOR348C,YPR199C,0,-4.5203648,0.12147863209247589,0.8840000033378601,0.6392999887466431
YLR369W,YHL028W,0,-4.5208225,0.12146194279193878,0.8840000033378601,0.6394000053405762
YDR418W,YKL038W,0,-4.52093,0.12144525349140167,0.8840000033378601,0.6395000219345093
YHR084W,YDR303C,0,-4.5210943,0.12142857164144516,0.8840000033378601,0.6395999789237976
YLR293C,YBL075C,0,-4.521321,0.12141189724206924,0.8840000033378601,0.6396999955177307
YDL201W,YBL041W,0,-4.5214944,0.12139522284269333,0.8840000033378601,0.6398000121116638
YOR067C,YDR427W,0,-4.521578,0.12137855589389801,0.8840000033378601,0.6399000287055969
YNL008C,YNL103W,0,-4.5216193,0.12136188894510269,0.8840000033378601,0.6399999856948853
YNL068C,YDR164C,0,-4.521676,0.12134522944688797,0.8840000033378601,0.6401000022888184
YDL043C,YAL056W,0,-4.521786,0.12132857739925385,0.8840000033378601,0.6402000188827515
YHR086W,YNL061W,0,-4.5217886,0.12131192535161972,0.8840000033378601,0.6402999758720398
YGR246C,YDL004W,0,-4.521926,0.12129528075456619,0.8840000033378601,0.6403999924659729
YCR063W,YNL064C,0,-4.5220146,0.12127863615751266,0.8840000033378601,0.640500009059906
YBL079W,YJL087C,0,-4.5220423,0.12126200646162033,0.8840000033378601,0.6406000256538391
YER166W,YER007W,0,-4.522172,0.1212453693151474,0.8840000033378601,0.6406999826431274
YBR279W,YMR167W,1,-4.522579,0.12136588245630264,0.8849999904632568,0.6406999826431274
YDR260C,YHR158C,0,-4.5232086,0.12134923785924911,0.8849999904632568,0.6407999992370605
YNL293W,YDR231C,0,-4.5237,0.12133260071277618,0.8849999904632568,0.6409000158309937
YER068W,YPL132W,0,-4.5244074,0.12131597101688385,0.8849999904632568,0.640999972820282
YBR035C,YDR181C,0,-4.524641,0.12129934132099152,0.8849999904632568,0.6410999894142151
YKL028W,YHR073W,0,-4.52484,0.12128271907567978,0.8849999904632568,0.6412000060081482
YGR296W,YJL047C,1,-4.524943,0.12140312045812607,0.8859999775886536,0.6412000060081482
YPR181C,YPR178W,0,-4.5253944,0.12138649076223373,0.8859999775886536,0.6413000226020813
YLR360W,YJL076W,0,-4.526208,0.1213698610663414,0.8859999775886536,0.6413999795913696
YPR138C,YML052W,0,-4.526378,0.12135323882102966,0.8859999775886536,0.6414999961853027
YOR027W,YDR463W,0,-4.5264454,0.12133661657571793,0.8859999775886536,0.6416000127792358
YPL240C,YHR160C,0,-4.5269094,0.12132000178098679,0.8859999775886536,0.641700029373169
YNL091W,YDL079C,0,-4.5270643,0.12130339443683624,0.8859999775886536,0.6417999863624573
YBR073W,YER104W,1,-4.527172,0.12142368406057358,0.8870000243186951,0.6417999863624573
YHR116W,YPR154W,0,-4.5274515,0.12140706181526184,0.8870000243186951,0.6419000029563904
YKR050W,YGR007W,0,-4.528405,0.1213904470205307,0.8870000243186951,0.6420000195503235
YMR316W,YJL045W,0,-4.528545,0.12137383967638016,0.8870000243186951,0.6420999765396118
YJR135C,YLR229C,0,-4.5285525,0.12135723233222961,0.8870000243186951,0.6421999931335449
YML014W,YOR230W,0,-4.528931,0.12134063243865967,0.8870000243186951,0.642300009727478
YNL264C,YDR361C,0,-4.528964,0.12132403254508972,0.8870000243186951,0.6424000263214111
YKR060W,YDR456W,0,-4.5292463,0.12130744010210037,0.8870000243186951,0.6424999833106995
YKL051W,YML005W,0,-4.529397,0.12129085510969162,0.8870000243186951,0.6425999999046326
YBR073W,YDR289C,1,-4.529401,0.12141099572181702,0.8880000114440918,0.6425999999046326
YNL088W,YNL271C,1,-4.5295095,0.12153109908103943,0.8889999985694885,0.6425999999046326
YDL014W,YFL014W,0,-4.5297127,0.12151449173688889,0.8889999985694885,0.6427000164985657
YKL028W,YNL112W,0,-4.5297537,0.12149788439273834,0.8889999985694885,0.642799973487854
YDR418W,YDR400W,0,-4.529832,0.1214812770485878,0.8889999985694885,0.6428999900817871
YGL019W,YJL184W,0,-4.5299673,0.12146468460559845,0.8889999985694885,0.6430000066757202
YOL068C,YOL090W,1,-4.5301194,0.1215846985578537,0.8899999856948853,0.6430000066757202
YLR103C,YPR042C,0,-4.530402,0.12156809121370316,0.8899999856948853,0.6431000232696533
YBL080C,YDR392W,0,-4.5306244,0.12155149132013321,0.8899999856948853,0.6431999802589417
YLR220W,YEL056W,0,-4.530683,0.12153489142656326,0.8899999856948853,0.6432999968528748
YGL012W,YHR114W,0,-4.530845,0.12151829898357391,0.8899999856948853,0.6434000134468079
YMR054W,YPL178W,0,-4.530873,0.12150170654058456,0.8899999856948853,0.6434999704360962
YDL164C,YBR279W,1,-4.5313945,0.12162162363529205,0.890999972820282,0.6434999704360962
YGR296W,YAR007C,1,-4.531563,0.12174150347709656,0.8920000195503235,0.6434999704360962
YOR023C,YGL122C,0,-4.531568,0.12172488868236542,0.8920000195503235,0.6435999870300293
YOR054C,YBL016W,0,-4.531583,0.12170828133821487,0.8920000195503235,0.6437000036239624
YNL326C,YOR054C,0,-4.5318103,0.12169168144464493,0.8920000195503235,0.6438000202178955
YOR067C,YML021C,0,-4.5318356,0.12167508155107498,0.8920000195503235,0.6438999772071838
YJL006C,YPR113W,0,-4.5321655,0.12165848165750504,0.8920000195503235,0.6439999938011169
YHR081W,YLR467W,1,-4.5323977,0.12177826464176178,0.8930000066757202,0.6439999938011169
YAL026C,YPL271W,0,-4.5324826,0.12176165729761124,0.8930000066757202,0.64410001039505
YKL016C,YGR002C,0,-4.5326524,0.12174505740404129,0.8930000066757202,0.6442000269889832
YDR487C,YPL128C,0,-4.532687,0.12172846496105194,0.8930000066757202,0.6442999839782715
YNL038W,YDR424C,0,-4.532799,0.12171187251806259,0.8930000066757202,0.6444000005722046
YPL283C,YDR110W,1,-4.5329256,0.12183155864477158,0.8939999938011169,0.6444000005722046
YML093W,YLR399C,0,-4.5330667,0.12181495875120163,0.8939999938011169,0.6445000171661377
YDR279W,YDR028C,0,-4.533682,0.12179836630821228,0.8939999938011169,0.644599974155426
YDR512C,YBR118W,0,-4.5337715,0.12178177386522293,0.8939999938011169,0.6446999907493591
YDL216C,YDR177W,0,-4.5337863,0.12176518887281418,0.8939999938011169,0.6448000073432922
YBR004C,YHR066W,0,-4.5341396,0.12174860388040543,0.8939999938011169,0.6449000239372253
YPL179W,YEL051W,0,-4.5342426,0.12173202633857727,0.8939999938011169,0.6449999809265137
YKR025W,YBR198C,0,-4.5342975,0.12171545624732971,0.8939999938011169,0.6450999975204468
YOR030W,YNL133C,0,-4.5344057,0.12169888615608215,0.8939999938011169,0.6452000141143799
YDR201W,YBL102W,0,-4.5346265,0.1216823160648346,0.8939999938011169,0.6452999711036682
YKR062W,YBR201W,0,-4.534975,0.12166576087474823,0.8939999938011169,0.6453999876976013
YHR138C,YJL128C,0,-4.5353966,0.12164920568466187,0.8939999938011169,0.6455000042915344
YGR134W,YKR089C,0,-4.535406,0.1216326504945755,0.8939999938011169,0.6456000208854675
YNR008W,YLR384C,0,-4.5354757,0.12161611020565033,0.8939999938011169,0.6456999778747559
YLR226W,YOL111C,0,-4.53553,0.12159956246614456,0.8939999938011169,0.645799994468689
YJL196C,YOL023W,0,-4.53572,0.12158302962779999,0.8939999938011169,0.6459000110626221
YBR279W,YOR035C,1,-4.535752,0.12170247733592987,0.8949999809265137,0.6459000110626221
YBR004C,YDL134C,0,-4.53609,0.1216859295964241,0.8949999809265137,0.6460000276565552
YCL035C,YNL323W,0,-4.536607,0.12166938185691833,0.8949999809265137,0.6460999846458435
YPR181C,YDR227W,0,-4.536816,0.12165284901857376,0.8949999809265137,0.6462000012397766
YDR256C,YMR012W,0,-4.537239,0.12163631618022919,0.8949999809265137,0.6463000178337097
YOR267C,YBL018C,0,-4.5372634,0.12161978334188461,0.8949999809265137,0.646399974822998
YDL055C,YLL001W,0,-4.5379415,0.12160325795412064,0.8949999809265137,0.6464999914169312
YER001W,YJL116C,0,-4.538287,0.12158674001693726,0.8949999809265137,0.6466000080108643
YGR218W,YER051W,0,-4.5383296,0.12157022207975388,0.8949999809265137,0.6467000246047974
YDL035C,YLR110C,0,-4.538351,0.12155371159315109,0.8949999809265137,0.6467999815940857
YLR222C,YDR363W-A,0,-4.5386763,0.1215372085571289,0.8949999809265137,0.6468999981880188
YAL059W,YNL059C,0,-4.5387263,0.12152070552110672,0.8949999809265137,0.6470000147819519
YNR016C,YMR287C,0,-4.538892,0.12150420993566513,0.8949999809265137,0.6470999717712402
YGR171C,YEL026W,0,-4.539007,0.12148771435022354,0.8949999809265137,0.6471999883651733
YDR464W,YOR381W,0,-4.5393624,0.12147122621536255,0.8949999809265137,0.6473000049591064
YBL050W,YJL073W,0,-4.539962,0.12145474553108215,0.8949999809265137,0.6474000215530396
YNL267W,YIL053W,0,-4.540287,0.12143826484680176,0.8949999809265137,0.6474999785423279
YDL044C,YCR039C,0,-4.540307,0.12142179161310196,0.8949999809265137,0.647599995136261
YLR105C,YAL002W,0,-4.5404706,0.12140531837940216,0.8949999809265137,0.6477000117301941
YGR080W,YPR005C,0,-4.5411334,0.12138885259628296,0.8949999809265137,0.6478000283241272
YPL097W,YCL054W,0,-4.541334,0.12137238681316376,0.8949999809265137,0.6478999853134155
YJL100W,YBR201W,0,-4.5413976,0.12135592848062515,0.8949999809265137,0.6480000019073486
YDR039C,YDR202C,0,-4.5416946,0.12133947759866714,0.8949999809265137,0.6481000185012817
YLR033W,YNR053C,0,-4.5417047,0.12132303416728973,0.8949999809265137,0.6481999754905701
YDR110W,YNL206C,1,-4.541714,0.12144212424755096,0.8960000276565552,0.6481999754905701
YLR361C,YBR061C,0,-4.5417166,0.12142566591501236,0.8960000276565552,0.6482999920845032
YPR065W,YIL118W,0,-4.5419035,0.12140921503305435,0.8960000276565552,0.6484000086784363
YOR239W,YLR043C,0,-4.542044,0.12139276415109634,0.8960000276565552,0.6485000252723694
YNR019W,YMR163C,0,-4.5423484,0.12137632071971893,0.8960000276565552,0.6485999822616577
YKR061W,YMR012W,0,-4.5425735,0.12135987728834152,0.8960000276565552,0.6486999988555908
YOR316C,YNL293W,0,-4.5427203,0.1213434487581253,0.8960000276565552,0.6488000154495239
YMR285C,YOR316C,0,-4.5432425,0.12132701277732849,0.8960000276565552,0.6488999724388123
YJR135W-A,YNL036W,0,-4.543406,0.12131058424711227,0.8960000276565552,0.6489999890327454
YDR110W,YML061C,1,-4.5435348,0.12142954021692276,0.8970000147819519,0.6489999890327454
YDR456W,YER068W,0,-4.5436044,0.12141310423612595,0.8970000147819519,0.6491000056266785
YKR056W,YOL076W,0,-4.5438538,0.12139666825532913,0.8970000147819519,0.6492000222206116
YPL228W,YNL209W,0,-4.5439806,0.12138024717569351,0.8970000147819519,0.6492999792098999
YLR380W,YJR131W,0,-4.54417,0.1213638186454773,0.8970000147819519,0.649399995803833
YER072W,YML027W,0,-4.5442595,0.12134740501642227,0.8970000147819519,0.6495000123977661
YPR135W,YGR159C,0,-4.544434,0.12133099138736725,0.8970000147819519,0.6496000289916992
YBR080C,YHR016C,0,-4.544519,0.12131457775831223,0.8970000147819519,0.6496999859809875
YHR174W,YML059C,0,-4.5446014,0.1212981715798378,0.8970000147819519,0.6498000025749207
YPL046C,YNL061W,0,-4.5452495,0.12128177285194397,0.8970000147819519,0.6499000191688538
YHR086W,YMR276W,0,-4.545726,0.12126538157463074,0.8970000147819519,0.6499999761581421
YJL204C,YPL266W,0,-4.5462866,0.12124898284673691,0.8970000147819519,0.6500999927520752
YMR281W,YDR418W,0,-4.546407,0.12123259902000427,0.8970000147819519,0.6502000093460083
YOR239W,YBL018C,0,-4.546466,0.12121621519327164,0.8970000147819519,0.6503000259399414
YML032C,YJL047C,1,-4.546509,0.12133495509624481,0.8980000019073486,0.6503000259399414
YMR036C,YEL018W,0,-4.5471992,0.12131856381893158,0.8980000019073486,0.6503999829292297
YDR389W,YDR424C,0,-4.5473194,0.12130217254161835,0.8980000019073486,0.6504999995231628
YLR071C,YJL191W,0,-4.547349,0.12128578871488571,0.8980000019073486,0.650600016117096
YCR075C,YHR070W,0,-4.5476255,0.12126941233873367,0.8980000019073486,0.6506999731063843
YHR150W,YKL085W,0,-4.547942,0.12125303596258163,0.8980000019073486,0.6507999897003174
YPR001W,YCR031C,0,-4.5483136,0.12123666703701019,0.8980000019073486,0.6509000062942505
YBR042C,YNL020C,0,-4.548465,0.12122030556201935,0.8980000019073486,0.6510000228881836
YOL156W,YNL121C,0,-4.5490437,0.1212039440870285,0.8980000019073486,0.6510999798774719
YKL064W,YNR031C,0,-4.5492487,0.12118758261203766,0.8980000019073486,0.651199996471405
YCR081W,YDL077C,0,-4.5493298,0.12117122858762741,0.8980000019073486,0.6513000130653381
YOL146W,YKR053C,0,-4.5497475,0.12115488201379776,0.8980000019073486,0.6514000296592712
YGR098C,YDR245W,0,-4.5498133,0.1211385428905487,0.8980000019073486,0.6514999866485596
YNL278W,YGR116W,0,-4.5498385,0.12112220376729965,0.8980000019073486,0.6516000032424927
YDR039C,YML023C,0,-4.549839,0.1211058646440506,0.8980000019073486,0.6517000198364258
YKL034W,YOR127W,0,-4.5499153,0.12108953297138214,0.8980000019073486,0.6517999768257141
YGL003C,YDR002W,0,-4.5499215,0.12107320874929428,0.8980000019073486,0.6518999934196472
YNR019W,YEL069C,0,-4.550041,0.12105689197778702,0.8980000019073486,0.6520000100135803
YDR078C,YMR005W,0,-4.550108,0.12104057520627975,0.8980000019073486,0.6521000266075134
YMR077C,YML010W,0,-4.550939,0.12102425843477249,0.8980000019073486,0.6521999835968018
YNL241C,YJR035W,0,-4.551184,0.12100794911384583,0.8980000019073486,0.6523000001907349
YGR162W,YDL002C,0,-4.551285,0.12099164724349976,0.8980000019073486,0.652400016784668
YOR332W,YFL050C,0,-4.551797,0.12097534537315369,0.8980000019073486,0.6524999737739563
YKR067W,YIR033W,0,-4.551835,0.12095905095338821,0.8980000019073486,0.6525999903678894
YBR216C,YLR316C,0,-4.5520444,0.12094276398420334,0.8980000019073486,0.6527000069618225
YPR191W,YGL018C,0,-4.552249,0.12092647701501846,0.8980000019073486,0.6528000235557556
YDL044C,YGR241C,0,-4.552684,0.12091019004583359,0.8980000019073486,0.652899980545044
YEL031W,YHR067W,0,-4.5527716,0.1208939179778099,0.8980000019073486,0.652999997138977
YGR280C,YIL075C,0,-4.552815,0.12087763845920563,0.8980000019073486,0.6531000137329102
YKR053C,YPR163C,0,-4.553282,0.12086137384176254,0.8980000019073486,0.6531999707221985
YGL226C-A,YDR484W,0,-4.553393,0.12084510922431946,0.8980000019073486,0.6532999873161316
YML036W,YDR062W,0,-4.5536976,0.12082884460687637,0.8980000019073486,0.6534000039100647
YIL048W,YAL026C,0,-4.553854,0.12081259489059448,0.8980000019073486,0.6535000205039978
YPR187W,YFR046C,0,-4.5540104,0.120796337723732,0.8980000019073486,0.6535999774932861
YOL072W,YDR289C,1,-4.554079,0.12091459333896637,0.8989999890327454,0.6535999774932861
YJR103W,YDR208W,0,-4.5543528,0.12089832872152328,0.8989999890327454,0.6536999940872192
YLR166C,YDL142C,0,-4.5543594,0.1208820790052414,0.8989999890327454,0.6538000106811523
YHR081W,YGR296W,1,-4.5547357,0.1210002675652504,0.8999999761581421,0.6538000106811523
YGR008C,YPL091W,0,-4.5548086,0.12098400294780731,0.8999999761581421,0.6539000272750854
YPR018W,YOL039W,0,-4.555162,0.12096773833036423,0.8999999761581421,0.6539999842643738
YPR094W,YJL146W,0,-4.5555205,0.12095148861408234,0.8999999761581421,0.6541000008583069
YPR034W,YMR276W,0,-4.5556746,0.12093523144721985,0.8999999761581421,0.65420001745224
YOR100C,YLR284C,0,-4.555857,0.12091898173093796,0.8999999761581421,0.6542999744415283
YGL163C,YML128C,1,-4.5561395,0.1210370734333992,0.9010000228881836,0.6542999744415283
YLR071C,YOR149C,0,-4.556165,0.12102081626653671,0.9010000228881836,0.6543999910354614
YNL278W,YGR171C,0,-4.556493,0.12100456655025482,0.9010000228881836,0.6545000076293945
YFL014W,YER082C,0,-4.556517,0.12098831683397293,0.9010000228881836,0.6546000242233276
YIL038C,YBR188C,0,-4.5565586,0.12097207456827164,0.9010000228881836,0.654699981212616
YLR219W,YPR164W,1,-4.5572805,0.12109007686376572,0.9020000100135803,0.654699981212616
YOR334W,YJL063C,0,-4.557529,0.12107382714748383,0.9020000100135803,0.6547999978065491
YOR193W,YFR050C,0,-4.557946,0.12105757743120193,0.9020000100135803,0.6549000144004822
YBR160W,YPL091W,0,-4.5580735,0.12104132771492004,0.9020000100135803,0.6549999713897705
YJL094C,YLR215C,0,-4.558374,0.12102509289979935,0.9020000100135803,0.6550999879837036
YDR201W,YCR028C-A,0,-4.5583754,0.12100885063409805,0.9020000100135803,0.6552000045776367
YBR127C,YAL010C,0,-4.5586853,0.12099262326955795,0.9020000100135803,0.6553000211715698
YIL031W,YDR448W,0,-4.559038,0.12097639590501785,0.9020000100135803,0.6553999781608582
YDR065W,YEL002C,0,-4.559373,0.12096016854047775,0.9020000100135803,0.6554999947547913
YLR216C,YBR061C,0,-4.5597215,0.12094395607709885,0.9020000100135803,0.6556000113487244
YPR023C,YPL217C,0,-4.559802,0.12092773616313934,0.9020000100135803,0.6557000279426575
YNL091W,YFL026W,0,-4.5599003,0.12091153115034103,0.9020000100135803,0.6557999849319458
YOL145C,YDL052C,0,-4.560095,0.12089531868696213,0.9020000100135803,0.6559000015258789
YKL051W,YNL280C,0,-4.5601606,0.12087912112474442,0.9020000100135803,0.656000018119812
YAL030W,YAR003W,0,-4.560275,0.1208629235625267,0.9020000100135803,0.6560999751091003
YJL029C,YDL028C,0,-4.560452,0.12084673345088959,0.9020000100135803,0.6561999917030334
YIL048W,YJL210W,0,-4.560782,0.12083054333925247,0.9020000100135803,0.6563000082969666
YGR091W,YPL266W,0,-4.5611734,0.12081436067819595,0.9020000100135803,0.6564000248908997
YML110C,YJR035W,0,-4.5619383,0.12079817801713943,0.9020000100135803,0.656499981880188
YIL014W,YOL063C,0,-4.5622864,0.12078200280666351,0.9020000100135803,0.6565999984741211
YKL178C,YIL143C,0,-4.5623803,0.12076583504676819,0.9020000100135803,0.6567000150680542
YNL088W,YNL139C,1,-4.562684,0.1208835318684578,0.902999997138977,0.6567000150680542
YKL041W,YGR113W,0,-4.562909,0.12086735665798187,0.902999997138977,0.6567999720573425
YNL329C,YLR130C,0,-4.5636835,0.12085118144750595,0.902999997138977,0.6568999886512756
YGR158C,YGR177C,0,-4.5640187,0.12083500623703003,0.902999997138977,0.6570000052452087
YGR020C,YGR140W,0,-4.5640607,0.1208188384771347,0.902999997138977,0.6571000218391418
YMR061W,YIL009W,0,-4.5642734,0.12080267816781998,0.902999997138977,0.6571999788284302
YOR060C,YER120W,0,-4.5644555,0.12078651785850525,0.902999997138977,0.6572999954223633
YMR164C,YBR030W,0,-4.564473,0.12077036499977112,0.902999997138977,0.6574000120162964
YDR207C,YDR180W,1,-4.564932,0.12088793516159058,0.9039999842643738,0.6574000120162964
YBR135W,YGR085C,0,-4.5650373,0.12087177485227585,0.9039999842643738,0.6575000286102295
YBR091C,YCR044C,0,-4.565479,0.12085561454296112,0.9039999842643738,0.6575999855995178
YOR372C,YHL007C,0,-4.565961,0.12083946168422699,0.9039999842643738,0.6577000021934509
YLR459W,YBL039C,0,-4.5659914,0.12082330882549286,0.9039999842643738,0.657800018787384
YGL058W,YOL005C,0,-4.5660076,0.12080716341733932,0.9039999842643738,0.6578999757766724
YDR485C,YLR117C,0,-4.5661316,0.12079101800918579,0.9039999842643738,0.6579999923706055
YLL001W,YIL139C,0,-4.5662103,0.12077488005161285,0.9039999842643738,0.6581000089645386
YLR433C,YKL035W,0,-4.566391,0.12075874954462051,0.9039999842643738,0.6582000255584717
YOR084W,YLR249W,0,-4.5665674,0.12074261903762817,0.9039999842643738,0.65829998254776
YOL101C,YPR056W,0,-4.566633,0.12072649598121643,0.9039999842643738,0.6583999991416931
YDR260C,YPR033C,0,-4.56666,0.12071037292480469,0.9039999842643738,0.6585000157356262
YDL185W,YJL208C,1,-4.5667214,0.12082777172327042,0.9049999713897705,0.6585000157356262
YER095W,YJL047C,1,-4.566883,0.12094513326883316,0.906000018119812,0.6585000157356262
YJL080C,YGL166W,0,-4.5670033,0.12092898786067963,0.906000018119812,0.6585999727249146
YNL323W,YDR518W,0,-4.5672827,0.12091284990310669,0.906000018119812,0.6586999893188477
YBR107C,YDR529C,0,-4.568344,0.12089671939611435,0.906000018119812,0.6588000059127808
YLL019C,YDR145W,0,-4.568475,0.12088058888912201,0.906000018119812,0.6589000225067139
YHR205W,YAL003W,0,-4.568748,0.12086445838212967,0.906000018119812,0.6589999794960022
YMR229C,YIL065C,0,-4.5688095,0.12084834277629852,0.906000018119812,0.6590999960899353
YML036W,YDR322C-A,0,-4.569209,0.12083221971988678,0.906000018119812,0.6592000126838684
YHR084W,YJR019C,0,-4.5694513,0.12081611156463623,0.906000018119812,0.6593000292778015
YLR191W,YKL085W,0,-4.5694675,0.12080000340938568,0.906000018119812,0.6593999862670898
YOR355W,YGL245W,0,-4.5695558,0.12078389525413513,0.906000018119812,0.659500002861023
YKL112W,YKL002W,0,-4.5700293,0.12076779454946518,0.906000018119812,0.659600019454956
YDL008W,YDR457W,0,-4.5715,0.12075170129537582,0.906000018119812,0.6596999764442444
YNL002C,YNL103W,0,-4.572011,0.12073560804128647,0.906000018119812,0.6597999930381775
YLR105C,YPL233W,0,-4.5722265,0.12071952223777771,0.906000018119812,0.6599000096321106
YKR003W,YFL002C,0,-4.572739,0.12070343643426895,0.906000018119812,0.6600000262260437
YDR397C,YPL075W,0,-4.5729017,0.12068735808134079,0.906000018119812,0.660099983215332
YGR244C,YBR275C,0,-4.5735598,0.12067128717899323,0.906000018119812,0.6601999998092651
YIL048W,YJL184W,0,-4.5737696,0.12065521627664566,0.906000018119812,0.6603000164031982
YDR310C,YIL036W,0,-4.5745134,0.1206391453742981,0.906000018119812,0.6603999733924866
YCR053W,YKL013C,0,-4.5746307,0.12062308937311172,0.906000018119812,0.6604999899864197
YOR341W,YNL079C,0,-4.575009,0.12060702592134476,0.906000018119812,0.6606000065803528
YEL013W,YMR275C,0,-4.575122,0.12059097737073898,0.906000018119812,0.6607000231742859
YIL068C,YMR058W,0,-4.575221,0.12057492882013321,0.906000018119812,0.6607999801635742
YGR097W,YJR019C,0,-4.575507,0.12055888026952744,0.906000018119812,0.6608999967575073
YLR409C,YBL105C,0,-4.575532,0.12054283916950226,0.906000018119812,0.6610000133514404
YOR217W,YLR110C,0,-4.575553,0.12052680552005768,0.906000018119812,0.6610999703407288
YDR409W,YER120W,0,-4.5756893,0.1205107718706131,0.906000018119812,0.6611999869346619
YER015W,YEL051W,0,-4.5758557,0.12049474567174911,0.906000018119812,0.661300003528595
YPR075C,YPL234C,0,-4.576092,0.12047872692346573,0.906000018119812,0.6614000201225281
YLR208W,YNL097C,0,-4.57626,0.12046270072460175,0.906000018119812,0.6614999771118164
YPR135W,YHR175W,0,-4.5763216,0.12044668942689896,0.906000018119812,0.6615999937057495
YPL037C,YML015C,0,-4.5763435,0.12043067812919617,0.906000018119812,0.6617000102996826
YGR134W,YGL122C,0,-4.5765367,0.12041467428207397,0.906000018119812,0.6618000268936157
YER051W,YHR133C,0,-4.5766206,0.12039867043495178,0.906000018119812,0.661899983882904
YOR142W,YGR200C,0,-4.5770464,0.12038267403841019,0.906000018119812,0.6620000004768372
YOR063W,YBR258C,0,-4.577118,0.12036667764186859,0.906000018119812,0.6621000170707703
YDL055C,YGL094C,0,-4.577744,0.12035068869590759,0.906000018119812,0.6621999740600586
YGL029W,YGR129W,0,-4.577851,0.12033470720052719,0.906000018119812,0.6622999906539917
YPL097W,YHR092C,0,-4.578082,0.12031872570514679,0.906000018119812,0.6624000072479248
YDR085C,YFL016C,0,-4.578312,0.12030275166034698,0.906000018119812,0.6625000238418579
YPR008W,YDR308C,0,-4.5783796,0.12028677761554718,0.906000018119812,0.6625999808311462
YOR151C,YMR268C,0,-4.579011,0.12027081102132797,0.906000018119812,0.6626999974250793
YNR010W,YAL016W,0,-4.5790477,0.12025484442710876,0.906000018119812,0.6628000140190125
YPL045W,YLR355C,0,-4.5792513,0.12023888528347015,0.906000018119812,0.6628999710083008
YKR050W,YOR048C,0,-4.5799136,0.12022293359041214,0.906000018119812,0.6629999876022339
YGL227W,YMR184W,0,-4.5799503,0.12020698189735413,0.906000018119812,0.663100004196167
YLR260W,YMR288W,0,-4.579965,0.12019103020429611,0.906000018119812,0.6632000207901001
YBR112C,YJL087C,0,-4.580476,0.1201750859618187,0.906000018119812,0.6632999777793884
YNL297C,YGL094C,0,-4.5808287,0.12015914916992188,0.906000018119812,0.6633999943733215
YPL196W,YAL054C,0,-4.5809155,0.12014321982860565,0.906000018119812,0.6635000109672546
YOL005C,YMR268C,0,-4.5809536,0.12012729048728943,0.906000018119812,0.6636000275611877
YJR135W-A,YAR042W,0,-4.5814085,0.1201113611459732,0.906000018119812,0.6636999845504761
YLR447C,YLL026W,0,-4.581435,0.12009543925523758,0.906000018119812,0.6638000011444092
YNL298W,YJR046W,0,-4.5816603,0.12007952481508255,0.906000018119812,0.6639000177383423
YFR055W,YOR136W,0,-4.5818095,0.12006361037492752,0.906000018119812,0.6639999747276306
YGL027C,YKL117W,0,-4.5822983,0.12004770338535309,0.906000018119812,0.6640999913215637
YLR035C,YMR072W,0,-4.5823555,0.12003179639577866,0.906000018119812,0.6642000079154968
YCL004W,YML115C,0,-4.582404,0.12001589685678482,0.906000018119812,0.6643000245094299
YJL002C,YBL074C,0,-4.582472,0.11999999731779099,0.906000018119812,0.6643999814987183
YKR089C,YDR208W,0,-4.582818,0.11998410522937775,0.906000018119812,0.6644999980926514
YDR039C,YMR270C,0,-4.583051,0.1199682205915451,0.906000018119812,0.6646000146865845
YLR208W,YIL002C,0,-4.583292,0.11995233595371246,0.906000018119812,0.6646999716758728
YNL214W,YJL005W,0,-4.583428,0.11993645876646042,0.906000018119812,0.6647999882698059
YLR165C,YIL035C,0,-4.5836735,0.11992058157920837,0.906000018119812,0.664900004863739
YBR215W,YLR229C,0,-4.583726,0.11990471184253693,0.906000018119812,0.6650000214576721
YBR030W,YLR220W,0,-4.583735,0.11988884210586548,0.906000018119812,0.6650999784469604
YLR130C,YCL026C-A,0,-4.5839033,0.11987297981977463,0.906000018119812,0.6651999950408936
YFR055W,YDR416W,0,-4.5839977,0.11985712498426437,0.906000018119812,0.6653000116348267
YOR073W,YHR042W,0,-4.58447,0.11984127014875412,0.906000018119812,0.6654000282287598
YIL126W,YMR025W,0,-4.5846767,0.11982542276382446,0.906000018119812,0.6654999852180481
YMR298W,YOL112W,0,-4.584793,0.1198095753788948,0.906000018119812,0.6656000018119812
YER125W,YKL005C,0,-4.58494,0.11979373544454575,0.906000018119812,0.6657000184059143
YGR214W,YJL004C,0,-4.585311,0.11977789551019669,0.906000018119812,0.6657999753952026
YIR011C,YIL075C,0,-4.5858274,0.11976206302642822,0.906000018119812,0.6658999919891357
YNR002C,YGR225W,0,-4.585884,0.11974623054265976,0.906000018119812,0.6660000085830688
YBR095C,YKR028W,0,-4.586168,0.1197304055094719,0.906000018119812,0.666100025177002
YBR042C,YOL004W,0,-4.586506,0.11971458792686462,0.906000018119812,0.6661999821662903
YNR002C,YHR050W,0,-4.586748,0.11969877034425735,0.906000018119812,0.6662999987602234
YMR211W,YFR003C,0,-4.587059,0.11968296021223068,0.906000018119812,0.6664000153541565
YCR089W,YIL144W,0,-4.5872955,0.11966715008020401,0.906000018119812,0.6664999723434448
YLR433C,YKL203C,0,-4.588848,0.11965134739875793,0.906000018119812,0.6665999889373779
YBR155W,YDR224C,0,-4.58906,0.11963554471731186,0.906000018119812,0.666700005531311
YOL039W,YOR351C,0,-4.589102,0.11961974948644638,0.906000018119812,0.6668000221252441
YPR182W,YLR131C,0,-4.589203,0.1196039617061615,0.906000018119812,0.6668999791145325
YNL317W,YCR094W,0,-4.5893364,0.11958817392587662,0.906000018119812,0.6669999957084656
YNL127W,YLR138W,0,-4.589472,0.11957239359617233,0.906000018119812,0.6671000123023987
YDR025W,YDL046W,0,-4.5895996,0.11955661326646805,0.906000018119812,0.6672000288963318
YOR063W,YOL021C,0,-4.5897474,0.11954083293676376,0.906000018119812,0.6672999858856201
YJL063C,YLR442C,0,-4.5899177,0.11952506750822067,0.906000018119812,0.6674000024795532
YPL268W,YOR326W,0,-4.5905657,0.11950930207967758,0.906000018119812,0.6675000190734863
YLR219W,YPL194W,1,-4.5906763,0.11962542682886124,0.9070000052452087,0.6675000190734863
YPL262W,YJL129C,0,-4.590891,0.11960965394973755,0.9070000052452087,0.6675999760627747
YHR124W,YNL055C,0,-4.591322,0.11959388107061386,0.9070000052452087,0.6676999926567078
YLR368W,YDR129C,0,-4.5913258,0.11957811564207077,0.9070000052452087,0.6678000092506409
YGL029W,YMR213W,0,-4.591462,0.11956235021352768,0.9070000052452087,0.667900025844574
YLR226W,YKL015W,0,-4.592455,0.11954659223556519,0.9070000052452087,0.6679999828338623
YLR103C,YMR296C,0,-4.5927615,0.11953084170818329,0.9070000052452087,0.6680999994277954
YML036W,YOL112W,0,-4.5930204,0.11951509118080139,0.9070000052452087,0.6682000160217285
YPL231W,YPL167C,0,-4.593158,0.1194993406534195,0.9070000052452087,0.6682999730110168
YJL141C,YKR031C,0,-4.593376,0.1194835975766182,0.9070000052452087,0.66839998960495
YLL015W,YKL005C,0,-4.593712,0.11946786195039749,0.9070000052452087,0.6685000061988831
YMR298W,YNL112W,0,-4.5942197,0.11945212632417679,0.9070000052452087,0.6686000227928162
YMR061W,YHR187W,0,-4.594301,0.11943639814853668,0.9070000052452087,0.6686999797821045
YOR151C,YML019W,0,-4.594815,0.11942066997289658,0.9070000052452087,0.6687999963760376
YOL116W,YIL053W,0,-4.595583,0.11940494924783707,0.9070000052452087,0.6689000129699707
YDR045C,YML021C,0,-4.595783,0.11938923597335815,0.9070000052452087,0.6690000295639038
YGL213C,YPL015C,1,-4.5959196,0.1195051297545433,0.9079999923706055,0.6690000295639038
YPL177C,YFL031W,0,-4.5961323,0.1194894090294838,0.9079999923706055,0.6690999865531921
YIL106W,YNL182C,0,-4.5964537,0.11947368085384369,0.9079999923706055,0.6692000031471252
YKR024C,YLR033W,0,-4.5968695,0.11945796757936478,0.9079999923706055,0.6693000197410583
YCR086W,YMR220W,0,-4.5969768,0.11944225430488586,0.9079999923706055,0.6693999767303467
YIL106W,YHR133C,0,-4.597042,0.11942654103040695,0.9079999923706055,0.6694999933242798
YJR093C,YNR035C,0,-4.5971336,0.11941083520650864,0.9079999923706055,0.6696000099182129
YOR109W,YGR003W,0,-4.597199,0.11939513683319092,0.9079999923706055,0.669700026512146
YJR103W,YOR281C,0,-4.5973506,0.1193794384598732,0.9079999923706055,0.6697999835014343
YDR439W,YBL063W,0,-4.597394,0.11936374753713608,0.9079999923706055,0.6699000000953674
YCR042C,YLR052W,0,-4.5974445,0.11934805661439896,0.9079999923706055,0.6700000166893005
YOR261C,YNL232W,0,-4.5975895,0.11933237314224243,0.9079999923706055,0.6700999736785889
YER029C,YHR165C,0,-4.597796,0.11931668967008591,0.9079999923706055,0.670199990272522
YGR037C,YPL146C,0,-4.5978303,0.11930101364850998,0.9079999923706055,0.6703000068664551
YNL088W,YOR035C,1,-4.598292,0.11941671371459961,0.9089999794960022,0.6703000068664551
YBR072W,YGL032C,0,-4.59834,0.11940102279186249,0.9089999794960022,0.6704000234603882
YJR021C,YPL194W,1,-4.5991917,0.11951667815446854,0.9100000262260437,0.6704000234603882
YPL026C,YBR015C,0,-4.5992155,0.11950098723173141,0.9100000262260437,0.6704999804496765
YKL004W,YGL244W,0,-4.599221,0.1194852963089943,0.9100000262260437,0.6705999970436096
YDL231C,YGL162W,0,-4.5995045,0.11946960538625717,0.9100000262260437,0.6707000136375427
YNL123W,YNL098C,0,-4.599603,0.11945392191410065,0.9100000262260437,0.670799970626831
YPL167C,YPR036W,0,-4.600113,0.11943824589252472,0.9100000262260437,0.6708999872207642
YPR042C,YIL030C,0,-4.6007814,0.11942256987094879,0.9100000262260437,0.6710000038146973
YOL076W,YER005W,0,-4.6007924,0.11940690129995346,0.9100000262260437,0.6711000204086304
YER015W,YOL077W-A,0,-4.600964,0.11939123272895813,0.9100000262260437,0.6711999773979187
YML031W,YOR178C,0,-4.601729,0.1193755716085434,0.9100000262260437,0.6712999939918518
YDR418W,YPR030W,0,-4.6018147,0.11935991793870926,0.9100000262260437,0.6714000105857849
YOR362C,YDR211W,0,-4.601889,0.11934426426887512,0.9100000262260437,0.671500027179718
YMR235C,YKL053C-A,0,-4.6020727,0.11932861059904099,0.9100000262260437,0.6715999841690063
YDR384C,YIL033C,0,-4.602166,0.11931296437978745,0.9100000262260437,0.6717000007629395
YNL267W,YLR401C,0,-4.6024027,0.1192973256111145,0.9100000262260437,0.6718000173568726
YER001W,YBR081C,0,-4.602763,0.11928168684244156,0.9100000262260437,0.6718999743461609
YNR002C,YGL126W,0,-4.6032515,0.11926605552434921,0.9100000262260437,0.671999990940094
YOR004W,YIR021W,0,-4.603489,0.11925042420625687,0.9100000262260437,0.6721000075340271
YPR181C,YDL079C,0,-4.6035295,0.11923480033874512,0.9100000262260437,0.6722000241279602
YKR101W,YKR026C,0,-4.6035995,0.11921917647123337,0.9100000262260437,0.6722999811172485
YMR293C,YKL120W,0,-4.603642,0.11920356005430222,0.9100000262260437,0.6723999977111816
YDR256C,YLR216C,0,-4.6037617,0.11918795108795166,0.9100000262260437,0.6725000143051147
YFL037W,YNL061W,0,-4.6041803,0.1191723421216011,0.9100000262260437,0.6725999712944031
YPR135W,YJL145W,0,-4.604349,0.11915674060583115,0.9100000262260437,0.6726999878883362
YMR184W,YER155C,0,-4.6044207,0.11914113909006119,0.9100000262260437,0.6728000044822693
YMR172W,YIR037W,0,-4.604444,0.11912553757429123,0.9100000262260437,0.6729000210762024
YPR023C,YIL021W,0,-4.604516,0.11910995095968246,0.9100000262260437,0.6729999780654907
YNL294C,YGL018C,0,-4.604756,0.1190943568944931,0.9100000262260437,0.6730999946594238
YKL150W,YDR317W,0,-4.6051064,0.11907877773046494,0.9100000262260437,0.6732000112533569
YEL026W,YPL092W,0,-4.6056185,0.11906319856643677,0.9100000262260437,0.67330002784729
YBR159W,YNL091W,0,-4.6056805,0.1190476194024086,0.9100000262260437,0.6733999848365784
YFR013W,YPL019C,0,-4.6061463,0.11903204768896103,0.9100000262260437,0.6735000014305115
YHL003C,YOR317W,0,-4.606519,0.11901647597551346,0.9100000262260437,0.6736000180244446
YAR019C,YOR308C,0,-4.6065226,0.11900091171264648,0.9100000262260437,0.6736999750137329
YPR124W,YJL058C,0,-4.6067038,0.11898535490036011,0.9100000262260437,0.673799991607666
YJL080C,YOL004W,0,-4.6067467,0.11896979808807373,0.9100000262260437,0.6739000082015991
YFL017W-A,YDR393W,0,-4.606765,0.11895424872636795,0.9100000262260437,0.6740000247955322
YPR075C,YPR080W,0,-4.6071806,0.11893869936466217,0.9100000262260437,0.6740999817848206
YDR164C,YDR147W,0,-4.6075516,0.11892315745353699,0.9100000262260437,0.6741999983787537
YOL090W,YML128C,1,-4.607672,0.11903828382492065,0.9110000133514404,0.6741999983787537
YML073C,YPL053C,0,-4.6076984,0.11902273446321487,0.9110000133514404,0.6743000149726868
YBL080C,YDL014W,0,-4.607803,0.1190071851015091,0.9110000133514404,0.6743999719619751
YPR135W,YLR262C,0,-4.60803,0.11899164319038391,0.9110000133514404,0.6744999885559082
YBR049C,YDL004W,0,-4.6082563,0.11897610127925873,0.9110000133514404,0.6746000051498413
YGL094C,YLR340W,0,-4.608349,0.11896056681871414,0.9110000133514404,0.6747000217437744
YBR072W,YPR008W,0,-4.608394,0.11894503235816956,0.9110000133514404,0.6747999787330627
YKR037C,YOR057W,0,-4.6087384,0.11892950534820557,0.9110000133514404,0.6748999953269958
YDL019C,YJL035C,0,-4.6091075,0.11891397833824158,0.9110000133514404,0.675000011920929
YHR052W,YPR120C,0,-4.609284,0.11889845877885818,0.9110000133514404,0.6751000285148621
YKL194C,YIL053W,0,-4.6094584,0.11888294667005539,0.9110000133514404,0.6751999855041504
YDR079W,YLR442C,0,-4.6095767,0.1188674345612526,0.9110000133514404,0.6753000020980835
YOR094W,YDR142C,0,-4.61023,0.1188519224524498,0.9110000133514404,0.6754000186920166
YER093C,YDR247W,0,-4.610627,0.1188364177942276,0.9110000133514404,0.6754999756813049
YBR073W,YJL047C,1,-4.610748,0.11895135045051575,0.9120000004768372,0.6754999756813049
YLR207W,YGL210W,0,-4.6108103,0.11893583834171295,0.9120000004768372,0.675599992275238
YIL153W,YOL102C,0,-4.610835,0.11892032623291016,0.9120000004768372,0.6757000088691711
YIL014W,YLR131C,0,-4.6110015,0.11890482157468796,0.9120000004768372,0.6758000254631042
YKR037C,YPL175W,0,-4.611109,0.11888932436704636,0.9120000004768372,0.6758999824523926
YOR340C,YJL085W,0,-4.611605,0.11887382715940475,0.9120000004768372,0.6759999990463257
YEL026W,YOR230W,0,-4.611734,0.11885833740234375,0.9120000004768372,0.6761000156402588
YGL011C,YGL216W,0,-4.611802,0.11884284764528275,0.9120000004768372,0.6761999726295471
YDL164C,YDR440W,1,-4.611962,0.11895765364170074,0.9129999876022339,0.6761999726295471
YEL061C,YOR028C,0,-4.6121354,0.11894215643405914,0.9129999876022339,0.6762999892234802
YNL271C,YDL154W,1,-4.6122637,0.11905692517757416,0.9139999747276306,0.6762999892234802
YNL093W,YBR114W,0,-4.612537,0.11904142051935196,0.9139999747276306,0.6764000058174133
YOR122C,YNL032W,0,-4.6127014,0.11902591586112976,0.9139999747276306,0.6765000224113464
YJL133W,YKL038W,0,-4.6128974,0.11901041865348816,0.9139999747276306,0.6765999794006348
YIL126W,YLR386W,0,-4.6130376,0.11899492144584656,0.9139999747276306,0.6766999959945679
YOR239W,YOL005C,0,-4.6135154,0.11897943168878555,0.9139999747276306,0.676800012588501
YLR032W,YKL007W,0,-4.6135426,0.11896394938230515,0.9139999747276306,0.6769000291824341
YDR065W,YPR080W,0,-4.613678,0.11894846707582474,0.9139999747276306,0.6769999861717224
YOL130W,YOL089C,0,-4.613859,0.11893298476934433,0.9139999747276306,0.6771000027656555
YIL144W,YJL048C,0,-4.6139226,0.11891750991344452,0.9139999747276306,0.6772000193595886
YNL231C,YJL109C,0,-4.613951,0.1189020425081253,0.9139999747276306,0.677299976348877
YLR448W,YPR141C,0,-4.614338,0.11888657510280609,0.9139999747276306,0.6773999929428101
YGR083C,YPL091W,0,-4.6143456,0.11887111514806747,0.9139999747276306,0.6775000095367432
YKR056W,YMR077C,0,-4.6145754,0.11885565519332886,0.9139999747276306,0.6776000261306763
YLR259C,YMR179W,0,-4.615302,0.11884020268917084,0.9139999747276306,0.6776999831199646
YKL016C,YPL106C,0,-4.6154675,0.11882475018501282,0.9139999747276306,0.6777999997138977
YMR292W,YPL253C,0,-4.615662,0.1188093051314354,0.9139999747276306,0.6779000163078308
YPL050C,YGR121C,0,-4.6157603,0.11879386752843857,0.9139999747276306,0.6779999732971191
YPL271W,YIL154C,0,-4.615953,0.11877842992544174,0.9139999747276306,0.6780999898910522
YDR069C,YDR201W,0,-4.616005,0.11876299232244492,0.9139999747276306,0.6782000064849854
YDR447C,YDR027C,0,-4.6160774,0.11874756217002869,0.9139999747276306,0.6783000230789185
YDR168W,YGR200C,0,-4.6163745,0.11873213946819305,0.9139999747276306,0.6783999800682068
YNR019W,YMR025W,0,-4.616547,0.11871671676635742,0.9139999747276306,0.6784999966621399
YDL020C,YOR377W,0,-4.616754,0.11870130151510239,0.9139999747276306,0.678600013256073
YNL264C,YPL234C,0,-4.6168785,0.11868588626384735,0.9139999747276306,0.6786999702453613
YJL006C,YNR052C,0,-4.6169176,0.11867047846317291,0.9139999747276306,0.6787999868392944
YJL063C,YPL124W,0,-4.6173816,0.11865507066249847,0.9139999747276306,0.6789000034332275
YOR334W,YDR096W,0,-4.6174135,0.11863967031240463,0.9139999747276306,0.6790000200271606
YDR164C,YDL147W,0,-4.617548,0.11862426996231079,0.9139999747276306,0.679099977016449
YCR053W,YOR157C,0,-4.6177616,0.11860887706279755,0.9139999747276306,0.6791999936103821
YLR219W,YPL022W,1,-4.618492,0.11872323602437973,0.9150000214576721,0.6791999936103821
YER042W,YDR062W,0,-4.61854,0.11870783567428589,0.9150000214576721,0.6793000102043152
YEL015W,YMR060C,0,-4.618766,0.11869243532419205,0.9150000214576721,0.6794000267982483
YER005W,YOR319W,0,-4.619145,0.1186770424246788,0.9150000214576721,0.6794999837875366
YPR110C,YMR272C,0,-4.6205072,0.11866164952516556,0.9150000214576721,0.6796000003814697
YER148W,YMR058W,0,-4.620789,0.11864626407623291,0.9150000214576721,0.6797000169754028
YGR085C,YIR018W,0,-4.62086,0.11863088607788086,0.9150000214576721,0.6797999739646912
YNL169C,YBL052C,0,-4.6210346,0.11861550062894821,0.9150000214576721,0.6798999905586243
YKR002W,YBL063W,0,-4.621092,0.11860013008117676,0.9150000214576721,0.6800000071525574
YCR088W,YML005W,0,-4.6211505,0.1185847595334053,0.9150000214576721,0.6801000237464905
YBR198C,YPL110C,0,-4.6214437,0.11856938898563385,0.9150000214576721,0.6801999807357788
YML028W,YGL166W,0,-4.621478,0.118554025888443,0.9150000214576721,0.6802999973297119
YLR438C-A,YBL079W,0,-4.621831,0.11853867024183273,0.9150000214576721,0.680400013923645
YIL049W,YOR195W,0,-4.6228495,0.11852331459522247,0.9150000214576721,0.6804999709129333
YML129C,YOL112W,0,-4.6231494,0.11850796639919281,0.9150000214576721,0.6805999875068665
YKL112W,YHR111W,0,-4.6232586,0.11849261820316315,0.9150000214576721,0.6807000041007996
YNL147W,YKR039W,0,-4.623287,0.11847727745771408,0.9150000214576721,0.6808000206947327
YOR308C,YML121W,0,-4.6234035,0.11846193671226501,0.9150000214576721,0.680899977684021
YOR076C,YDR227W,0,-4.623867,0.11844660341739655,0.9150000214576721,0.6809999942779541
YGL115W,YER019W,0,-4.623891,0.11843127012252808,0.9150000214576721,0.6811000108718872
YCR002C,YPL139C,0,-4.623993,0.1184159442782402,0.9150000214576721,0.6812000274658203
YAL034W-A,YPL059W,0,-4.6242194,0.11840061843395233,0.9150000214576721,0.6812999844551086
YML128C,YOR368W,1,-4.624504,0.11851468682289124,0.9160000085830688,0.6812999844551086
YLR210W,YDR418W,0,-4.624857,0.11849935352802277,0.9160000085830688,0.6814000010490417
YGR036C,YER100W,0,-4.624921,0.1184840276837349,0.9160000085830688,0.6815000176429749
YPL015C,YAL029C,1,-4.625075,0.11859803646802902,0.9169999957084656,0.6815000176429749
YAL020C,YMR216C,0,-4.6251564,0.11858269572257996,0.9169999957084656,0.6815999746322632
YJL140W,YOL124C,0,-4.62517,0.11856736242771149,0.9169999957084656,0.6816999912261963
YPL097W,YPL160W,0,-4.625514,0.11855203658342361,0.9169999957084656,0.6818000078201294
YMR293C,YNL113W,0,-4.62577,0.11853671073913574,0.9169999957084656,0.6819000244140625
YAL020C,YJL093C,0,-4.62591,0.11852139234542847,0.9169999957084656,0.6819999814033508
YCL024W,YDR363W-A,0,-4.6259227,0.11850607395172119,0.9169999957084656,0.6820999979972839
YNL091W,YDR508C,0,-4.6260395,0.11849076300859451,0.9169999957084656,0.682200014591217
YPL268W,YHR008C,0,-4.626214,0.11847545206546783,0.9169999957084656,0.6822999715805054
YER003C,YPL087W,0,-4.6264987,0.11846014857292175,0.9169999957084656,0.6823999881744385
YDR453C,YLL050C,0,-4.6267385,0.11844484508037567,0.9169999957084656,0.6825000047683716
YDR342C,YJR070C,0,-4.6269083,0.11842954903841019,0.9169999957084656,0.6826000213623047
YMR054W,YMR091C,0,-4.6270323,0.1184142529964447,0.9169999957084656,0.682699978351593
YKL175W,YML098W,0,-4.6270723,0.11839896440505981,0.9169999957084656,0.6827999949455261
YGL025C,YPL146C,0,-4.6271925,0.11838368326425552,0.9169999957084656,0.6829000115394592
YDR447C,YFR052W,0,-4.6272917,0.11836840212345123,0.9169999957084656,0.6830000281333923
YPL221W,YEL054C,0,-4.6274405,0.11835312098264694,0.9169999957084656,0.6830999851226807
YOR304W,YHR187W,0,-4.6274433,0.11833784729242325,0.9169999957084656,0.6832000017166138
YLR191W,YML059C,0,-4.627598,0.11832258105278015,0.9169999957084656,0.6833000183105469
YOR076C,YLR355C,0,-4.6276674,0.11830731481313705,0.9169999957084656,0.6833999752998352
YLR102C,YPL091W,0,-4.6276846,0.11829205602407455,0.9169999957084656,0.6834999918937683
YNL038W,YPR199C,0,-4.6277485,0.11827679723501205,0.9169999957084656,0.6836000084877014
YJL041W,YPR023C,0,-4.627913,0.11826154589653015,0.9169999957084656,0.6837000250816345
YER093C,YJR001W,0,-4.6286335,0.11824629455804825,0.9169999957084656,0.6837999820709229
YMR285C,YDR038C,0,-4.62912,0.11823104321956635,0.9169999957084656,0.683899998664856
YDL216C,YHR106W,0,-4.6292453,0.11821580678224564,0.9169999957084656,0.6840000152587891
YLR105C,YIL075C,0,-4.6292877,0.11820057034492493,0.9169999957084656,0.6840999722480774
YML010W,YPL203W,0,-4.6293116,0.11818533390760422,0.9169999957084656,0.6841999888420105
YGR275W,YDR393W,0,-4.6293535,0.1181701049208641,0.9169999957084656,0.6843000054359436
YHR116W,YGL187C,0,-4.629443,0.11815487593412399,0.9169999957084656,0.6844000220298767
YMR267W,YPR033C,0,-4.6295176,0.11813965439796448,0.9169999957084656,0.684499979019165
YNR023W,YNR010W,0,-4.6297884,0.11812443286180496,0.9169999957084656,0.6845999956130981
YNL020C,YML094W,0,-4.6298714,0.11810921877622604,0.9169999957084656,0.6847000122070312
YDL055C,YIR018W,0,-4.6299105,0.11809401214122772,0.9169999957084656,0.6848000288009644
YNL264C,YLR167W,0,-4.630738,0.1180788055062294,0.9169999957084656,0.6848999857902527
YLR332W,YJR059W,0,-4.6308837,0.11806359887123108,0.9169999957084656,0.6850000023841858
YKL011C,YAL029C,1,-4.6310644,0.1181771382689476,0.9179999828338623,0.6850000023841858
YIL014W,YDL174C,0,-4.6312866,0.11816192418336868,0.9179999828338623,0.6851000189781189
YLR409C,YOR231W,0,-4.631324,0.11814671754837036,0.9179999828338623,0.6851999759674072
YJR103W,YJL154C,0,-4.631436,0.11813151091337204,0.9179999828338623,0.6852999925613403
YDR057W,YLL011W,0,-4.6318746,0.11811631172895432,0.9179999828338623,0.6854000091552734
YPR030W,YJL140W,0,-4.6319294,0.11810111999511719,0.9179999828338623,0.6855000257492065
YEL054C,YDR309C,0,-4.631935,0.11808592826128006,0.9179999828338623,0.6855999827384949
YLR088W,YHR164C,0,-4.6320124,0.11807073652744293,0.9179999828338623,0.685699999332428
YOL009C,YJL025W,0,-4.632169,0.1180555522441864,0.9179999828338623,0.6858000159263611
YMR025W,YNR006W,0,-4.632284,0.11804037541151047,0.9179999828338623,0.6858999729156494
YGL120C,YOR148C,0,-4.6324315,0.11802519857883453,0.9179999828338623,0.6859999895095825
YNL111C,YBL007C,0,-4.632529,0.1180100291967392,0.9179999828338623,0.6861000061035156
YJR040W,YJL100W,0,-4.632639,0.11799485981464386,0.9179999828338623,0.6862000226974487
YBL007C,YNL009W,0,-4.6328254,0.11797969043254852,0.9179999828338623,0.6862999796867371
YPR034W,YDR422C,0,-4.632846,0.11796453595161438,0.9179999828338623,0.6863999962806702
YMR177W,YLR100W,0,-4.6329575,0.11794937402009964,0.9179999828338623,0.6865000128746033
YKL081W,YDR077W,0,-4.6330667,0.1179342269897461,0.9179999828338623,0.6866000294685364
YNL106C,YLR130C,0,-4.633621,0.11791907250881195,0.9179999828338623,0.6866999864578247
YDR460W,YMR200W,0,-4.633914,0.117903932929039,0.9179999828338623,0.6868000030517578
YLR191W,YNR031C,0,-4.6339374,0.11788878589868546,0.9179999828338623,0.6869000196456909
YDL006W,YGR103W,0,-4.6344914,0.1178736537694931,0.9179999828338623,0.6869999766349792
YML007W,YPL055C,0,-4.634519,0.11785852164030075,0.9179999828338623,0.6870999932289124
YOR080W,YGL130W,0,-4.63461,0.1178433895111084,0.9179999828338623,0.6872000098228455
YDR235W,YPR041W,0,-4.6349163,0.11782826483249664,0.9179999828338623,0.6873000264167786
YJL062W,YDR339C,0,-4.634927,0.11781314015388489,0.9179999828338623,0.6873999834060669
YML094W,YDR054C,0,-4.635179,0.11779802292585373,0.9179999828338623,0.6875
YLL004W,YDR317W,0,-4.6355424,0.11778291314840317,0.9179999828338623,0.6876000165939331
YIR015W,YJR059W,0,-4.635692,0.1177678033709526,0.9179999828338623,0.6876999735832214
YKL140W,YMR210W,0,-4.635763,0.11775269359350204,0.9179999828338623,0.6877999901771545
YBR253W,YOR002W,0,-4.6358085,0.11773759126663208,0.9179999828338623,0.6879000067710876
YPR187W,YIR004W,0,-4.6358166,0.11772249639034271,0.9179999828338623,0.6880000233650208
YMR168C,YNL136W,0,-4.636468,0.11770740151405334,0.9179999828338623,0.6880999803543091
YPL006W,YGL142C,0,-4.636549,0.11769230663776398,0.9179999828338623,0.6881999969482422
YOL054W,YGL061C,0,-4.637062,0.1176772192120552,0.9179999828338623,0.6883000135421753
YLR191W,YGR085C,0,-4.637537,0.11766213923692703,0.9179999828338623,0.6883999705314636
YLR138W,YOL060C,0,-4.637621,0.11764705926179886,0.9179999828338623,0.6884999871253967
YJL165C,YDR337W,0,-4.6377697,0.11763198673725128,0.9179999828338623,0.6886000037193298
YBR135W,YER120W,0,-4.6384335,0.1176169142127037,0.9179999828338623,0.6887000203132629
YPL049C,YBR280C,0,-4.638504,0.11760184168815613,0.9179999828338623,0.6887999773025513
YLR219W,YMR167W,1,-4.6389427,0.11771487444639206,0.9190000295639038,0.6887999773025513
YNL098C,YHR041C,0,-4.6393595,0.11769979447126389,0.9190000295639038,0.6888999938964844
YGL246C,YNL084C,0,-4.6399665,0.11768472194671631,0.9190000295639038,0.6890000104904175
YLR304C,YOR209C,0,-4.640155,0.11766965687274933,0.9190000295639038,0.6891000270843506
YGL001C,YLR272C,0,-4.6404686,0.11765459179878235,0.9190000295639038,0.6891999840736389
YDL078C,YOR057W,0,-4.640544,0.11763952672481537,0.9190000295639038,0.689300000667572
YGL227W,YPR154W,0,-4.6408362,0.11762446910142899,0.9190000295639038,0.6894000172615051
YDR265W,YKL146W,0,-4.6411777,0.1176094189286232,0.9190000295639038,0.6894999742507935
YAL032C,YBL045C,0,-4.641225,0.11759436875581741,0.9190000295639038,0.6895999908447266
YGR134W,YLR192C,0,-4.641249,0.11757932603359222,0.9190000295639038,0.6897000074386597
YMR184W,YGL073W,0,-4.642375,0.11756428331136703,0.9190000295639038,0.6898000240325928
YGL171W,YJL012C,0,-4.642391,0.11754924803972244,0.9190000295639038,0.6898999810218811
YOR151C,YGR214W,0,-4.642695,0.11753421276807785,0.9190000295639038,0.6899999976158142
YOL077W-A,YKL129C,0,-4.642881,0.11751918494701385,0.9190000295639038,0.6901000142097473
YIL106W,YDL079C,0,-4.6430902,0.11750415712594986,0.9190000295639038,0.6901999711990356
YEL013W,YOR054C,0,-4.6432247,0.11748913675546646,0.9190000295639038,0.6902999877929688
YKL064W,YML005W,0,-4.6435304,0.11747411638498306,0.9190000295639038,0.6904000043869019
YBR069C,YDR178W,0,-4.643718,0.11745910346508026,0.9190000295639038,0.690500020980835
YOR267C,YDR394W,0,-4.6439323,0.11744409054517746,0.9190000295639038,0.6905999779701233
YDR501W,YLL050C,0,-4.6442323,0.11742908507585526,0.9190000295639038,0.6906999945640564
YML124C,YOR027W,0,-4.64445,0.11741407960653305,0.9190000295639038,0.6908000111579895
YPL239W,YML034W,0,-4.6444983,0.11739908158779144,0.9190000295639038,0.6909000277519226
YNL166C,YLR370C,0,-4.6446466,0.11738408356904984,0.9190000295639038,0.6909999847412109
YHR043C,YMR240C,0,-4.6449003,0.11736909300088882,0.9190000295639038,0.691100001335144
YPR181C,YOL146W,0,-4.645073,0.11735410243272781,0.9190000295639038,0.6912000179290771
YNL280C,YGR225W,0,-4.645199,0.1173391193151474,0.9190000295639038,0.6912999749183655
YGR254W,YBR158W,0,-4.645217,0.11732414364814758,0.9190000295639038,0.6913999915122986
YBR107C,YNL090W,0,-4.645283,0.11730916798114777,0.9190000295639038,0.6915000081062317
YEL061C,YJR047C,0,-4.645347,0.11729419231414795,0.9190000295639038,0.6916000247001648
YDR361C,YKL018W,0,-4.645558,0.11727922409772873,0.9190000295639038,0.6916999816894531
YFL024C,YEL026W,0,-4.645612,0.11726425588130951,0.9190000295639038,0.6917999982833862
YNR016C,YOL077W-A,0,-4.6456256,0.11724929511547089,0.9190000295639038,0.6919000148773193
YIL009W,YBR201W,0,-4.645703,0.11723434180021286,0.9190000295639038,0.6919999718666077
YPR086W,YDR457W,0,-4.646184,0.11721938848495483,0.9190000295639038,0.6920999884605408
YPR086W,YDL115C,0,-4.646517,0.11720443516969681,0.9190000295639038,0.6922000050544739
YKR087C,YDR208W,0,-4.6467586,0.11718948930501938,0.9190000295639038,0.692300021648407
YBR009C,YGR047C,0,-4.646802,0.11717455089092255,0.9190000295639038,0.6923999786376953
YDR057W,YGR007W,0,-4.647051,0.11715961247682571,0.9190000295639038,0.6924999952316284
YLL021W,YGL087C,0,-4.6471815,0.11714468151330948,0.9190000295639038,0.6926000118255615
YOR193W,YLR276C,0,-4.6474695,0.11712975054979324,0.9190000295639038,0.6927000284194946
YGL035C,YDR529C,0,-4.6474705,0.11711481958627701,0.9190000295639038,0.692799985408783
YDR490C,YJL085W,0,-4.648028,0.11709989607334137,0.9190000295639038,0.6929000020027161
YLR009W,YCR008W,0,-4.648126,0.11708498001098633,0.9190000295639038,0.6930000185966492
YOR261C,YFL008W,0,-4.6481633,0.11707006394863129,0.9190000295639038,0.6930999755859375
YIL068C,YDL076C,0,-4.64847,0.11705515533685684,0.9190000295639038,0.6931999921798706
YNL294C,YIL115C,0,-4.6484838,0.1170402467250824,0.9190000295639038,0.6933000087738037
YKL020C,YGL078C,0,-4.6494164,0.11702533811330795,0.9190000295639038,0.6934000253677368
YCR024C-A,YGL172W,0,-4.6494637,0.1170104369521141,0.9190000295639038,0.6934999823570251
YJL093C,YGR005C,0,-4.650073,0.11699554324150085,0.9190000295639038,0.6935999989509583
YBL018C,YKL035W,0,-4.65036,0.1169806495308876,0.9190000295639038,0.6937000155448914
YHR043C,YHR114W,0,-4.650482,0.11696576327085495,0.9190000295639038,0.6937999725341797
YBR080C,YJL145W,0,-4.6504927,0.1169508770108223,0.9190000295639038,0.6938999891281128
YKL034W,YOL097C,0,-4.650583,0.11693599820137024,0.9190000295639038,0.6940000057220459
YOL148C,YDR258C,0,-4.6507044,0.11692111939191818,0.9190000295639038,0.694100022315979
YPL006W,YHR026W,0,-4.650721,0.11690624803304672,0.9190000295639038,0.6941999793052673
YMR267W,YCR038C,0,-4.650762,0.11689137667417526,0.9190000295639038,0.6942999958992004
YGL207W,YLR353W,0,-4.6511803,0.1168765127658844,0.9190000295639038,0.6944000124931335
YNL055C,YDR163W,0,-4.651264,0.11686164885759354,0.9190000295639038,0.6945000290870667
YHR152W,YER049W,0,-4.651646,0.11684679239988327,0.9190000295639038,0.694599986076355
YHR067W,YIR009W,0,-4.651744,0.116831935942173,0.9190000295639038,0.6947000026702881
YPL268W,YOR249C,0,-4.6519847,0.11681708693504333,0.9190000295639038,0.6948000192642212
YBR059C,YGL025C,0,-4.6520715,0.11680223792791367,0.9190000295639038,0.6948999762535095
YDR052C,YOL088C,0,-4.6526933,0.1167873963713646,0.9190000295639038,0.6949999928474426
YJR103W,YER049W,0,-4.652963,0.11677255481481552,0.9190000295639038,0.6951000094413757
YPL019C,YGL187C,0,-4.653211,0.11675772070884705,0.9190000295639038,0.6952000260353088
YPL283C,YPL015C,1,-4.6534705,0.11686991900205612,0.9200000166893005,0.6952000260353088
YGL047W,YDR002W,0,-4.65359,0.11685507744550705,0.9200000166893005,0.6952999830245972
YFR004W,YLR043C,0,-4.65403,0.11684023588895798,0.9200000166893005,0.6953999996185303
YOR103C,YNL102W,0,-4.6542606,0.1168253943324089,0.9200000166893005,0.6955000162124634
YDL002C,YAL016W,0,-4.654436,0.11681056022644043,0.9200000166893005,0.6955999732017517
YDR434W,YNL188W,0,-4.654771,0.11679573357105255,0.9200000166893005,0.6956999897956848
YJL063C,YDR227W,0,-4.6549582,0.11678090691566467,0.9200000166893005,0.6958000063896179
YBR129C,YDR208W,0,-4.654971,0.11676608771085739,0.9200000166893005,0.695900022983551
YAL016W,YNL232W,0,-4.6551228,0.11675126850605011,0.9200000166893005,0.6959999799728394
YBL016W,YMR092C,0,-4.655677,0.11673645675182343,0.9200000166893005,0.6960999965667725
YIL144W,YPL008W,0,-4.655763,0.11672164499759674,0.9200000166893005,0.6962000131607056
YKL052C,YCR084C,0,-4.6560397,0.11670684069395065,0.9200000166893005,0.6963000297546387
YEL061C,YNL281W,0,-4.6564755,0.11669203639030457,0.9200000166893005,0.696399986743927
YBR223C,YOL039W,0,-4.6566153,0.11667723208665848,0.9200000166893005,0.6965000033378601
YDR414C,YDL078C,0,-4.6567764,0.11666244268417358,0.9200000166893005,0.6966000199317932
YBL046W,YER109C,0,-4.656971,0.1166476458311081,0.9200000166893005,0.6966999769210815
YJR125C,YKL038W,0,-4.6571712,0.1166328564286232,0.9200000166893005,0.6967999935150146
YMR036C,YGL210W,0,-4.6574144,0.1166180744767189,0.9200000166893005,0.6969000101089478
YNL283C,YOL108C,0,-4.6576104,0.1166032925248146,0.9200000166893005,0.6970000267028809
YOL102C,YER003C,0,-4.6576777,0.1165885180234909,0.9200000166893005,0.6970999836921692
YLR105C,YER045C,0,-4.657771,0.1165737435221672,0.9200000166893005,0.6972000002861023
YNL294C,YLR285W,0,-4.6578426,0.1165589764714241,0.9200000166893005,0.6973000168800354
YBL105C,YKR054C,0,-4.658311,0.116544209420681,0.9200000166893005,0.6973999738693237
YDR176W,YER161C,0,-4.658617,0.1165294498205185,0.9200000166893005,0.6974999904632568
YOL116W,YNL036W,0,-4.65864,0.11651469022035599,0.9200000166893005,0.6976000070571899
YPL266W,YOR084W,0,-4.659478,0.11649993807077408,0.9200000166893005,0.697700023651123
YPR113W,YOR317W,0,-4.6598997,0.11648518592119217,0.9200000166893005,0.6977999806404114
YKR038C,YML091C,0,-4.6602025,0.11647044122219086,0.9200000166893005,0.6978999972343445
YPL043W,YPL241C,0,-4.66026,0.11645569652318954,0.9200000166893005,0.6980000138282776
YBR179C,YBR200W,0,-4.66043,0.11644095927476883,0.9200000166893005,0.6980999708175659
YKR037C,YDR308C,0,-4.6606526,0.11642622202634811,0.9200000166893005,0.698199987411499
YDR329C,YMR264W,0,-4.6608458,0.116411492228508,0.9200000166893005,0.6983000040054321
YBL080C,YBR102C,0,-4.660858,0.11639676243066788,0.9200000166893005,0.6984000205993652
YGR159C,YPR036W,0,-4.661119,0.11638204008340836,0.9200000166893005,0.6984999775886536
YKR048C,YHR065C,0,-4.6618834,0.11636731773614883,0.9200000166893005,0.6985999941825867
YAL035W,YOL023W,0,-4.661886,0.11635259538888931,0.9200000166893005,0.6987000107765198
YKL150W,YIL143C,0,-4.662086,0.11633788794279099,0.9200000166893005,0.6988000273704529
YOL054W,YBL052C,0,-4.662442,0.11632317304611206,0.9200000166893005,0.6988999843597412
YMR104C,YJL001W,0,-4.662926,0.11630847305059433,0.9200000166893005,0.6990000009536743
YKL099C,YLR310C,0,-4.6631813,0.116293765604496,0.9200000166893005,0.6991000175476074
YOR067C,YNL008C,0,-4.6632495,0.11627907305955887,0.9200000166893005,0.6991999745368958
YKL034W,YHR041C,0,-4.663437,0.11626437306404114,0.9200000166893005,0.6992999911308289
YHR005C-A,YDR245W,0,-4.6637893,0.116249680519104,0.9200000166893005,0.699400007724762
YOR027W,YNL059C,0,-4.6638594,0.11623499542474747,0.9200000166893005,0.6995000243186951
YNL088W,YDR440W,1,-4.6639996,0.11634664237499237,0.9210000038146973,0.6995000243186951
YOR334W,YBR009C,0,-4.6640396,0.11633194237947464,0.9210000038146973,0.6995999813079834
YLR219W,YOL090W,1,-4.665056,0.11644354462623596,0.921999990940094,0.6995999813079834
YGL096W,YDL109C,0,-4.6653256,0.11642884463071823,0.921999990940094,0.6996999979019165
YBR207W,YHR070W,0,-4.6654625,0.1164141446352005,0.921999990940094,0.6998000144958496
YPR104C,YMR200W,0,-4.6654963,0.11639944463968277,0.921999990940094,0.6998999714851379
YOR319W,YNL154C,0,-4.666483,0.11638475209474564,0.921999990940094,0.699999988079071
YNL099C,YPR135W,0,-4.6665287,0.1163700595498085,0.921999990940094,0.7001000046730042
YJR086W,YNL130C,0,-4.6667595,0.11635537445545197,0.921999990940094,0.7002000212669373
YFR055W,YOL121C,0,-4.667143,0.11634069681167603,0.921999990940094,0.7002999782562256
YGR285C,YKL053C-A,0,-4.6672125,0.11632601916790009,0.921999990940094,0.7003999948501587
YCR002C,YER159C,0,-4.667367,0.11631134152412415,0.921999990940094,0.7005000114440918
YOR147W,YER027C,0,-4.6675143,0.1162966713309288,0.921999990940094,0.7006000280380249
YNL267W,YIL121W,0,-4.6678085,0.11628200113773346,0.921999990940094,0.7006999850273132
YPL192C,YHR070W,0,-4.6683016,0.11626733839511871,0.921999990940094,0.7008000016212463
YOL145C,YOR204W,0,-4.6684194,0.11625267565250397,0.921999990940094,0.7009000182151794
YLR319C,YDR054C,0,-4.668494,0.11623802036046982,0.921999990940094,0.7009999752044678
YOR004W,YDR460W,0,-4.6685076,0.11622337251901627,0.921999990940094,0.7010999917984009
YML008C,YDL247W,0,-4.668887,0.11620872467756271,0.921999990940094,0.701200008392334
YIL009W,YNL214W,0,-4.668962,0.11619407683610916,0.921999990940094,0.7013000249862671
YOR313C,YAL003W,0,-4.6690226,0.1161794364452362,0.921999990940094,0.7013999819755554
YHL036W,YEL002C,0,-4.669056,0.11616479605436325,0.921999990940094,0.7014999985694885
YIL121W,YGR167W,0,-4.669619,0.11615016311407089,0.921999990940094,0.7016000151634216
YPL262W,YNL186W,0,-4.6696844,0.11613553017377853,0.921999990940094,0.70169997215271
YLR384C,YLR100W,0,-4.669918,0.11612090468406677,0.921999990940094,0.7017999887466431
YDR328C,YGR195W,0,-4.670167,0.11610628664493561,0.921999990940094,0.7019000053405762
YMR055C,YOR039W,0,-4.6702256,0.11609166115522385,0.921999990940094,0.7020000219345093
YMR238W,YPR041W,0,-4.6707315,0.11607705056667328,0.921999990940094,0.7020999789237976
YGL133W,YGL195W,0,-4.6712236,0.11606243997812271,0.921999990940094,0.7021999955177307
YOR038C,YHR187W,0,-4.6713934,0.11604782938957214,0.921999990940094,0.7023000121116638
YPR183W,YJR141W,0,-4.671692,0.11603322625160217,0.921999990940094,0.7024000287055969
YOR257W,YGL133W,0,-4.6719995,0.1160186231136322,0.921999990940094,0.7024999856948853
YKR050W,YDR385W,0,-4.672102,0.11600402742624283,0.921999990940094,0.7026000022888184
YNL207W,YEL030W,0,-4.6725197,0.11598943173885345,0.921999990940094,0.7027000188827515
YBL050W,YLR190W,0,-4.6725316,0.11597484350204468,0.921999990940094,0.7027999758720398
YDR093W,YIL031W,0,-4.6725383,0.1159602552652359,0.921999990940094,0.7028999924659729
YMR022W,YLR276C,0,-4.672543,0.11594567447900772,0.921999990940094,0.703000009059906
YHR001W,YNL273W,0,-4.6726637,0.11593109369277954,0.921999990940094,0.7031000256538391
YCR091W,YBL052C,0,-4.6727314,0.11591652035713196,0.921999990940094,0.7031999826431274
YHR172W,YPR183W,0,-4.672794,0.11590194702148438,0.921999990940094,0.7032999992370605
YDL200C,YFR009W,0,-4.672837,0.11588738113641739,0.921999990940094,0.7034000158309937
YGR140W,YLR009W,0,-4.6731944,0.1158728152513504,0.921999990940094,0.703499972820282
YKR085C,YCR034W,0,-4.673236,0.11585825681686401,0.921999990940094,0.7035999894142151
YDL185W,YNL312W,1,-4.6739645,0.11596934497356415,0.9229999780654907,0.7035999894142151
YHR196W,YGL073W,0,-4.6743994,0.11595477163791656,0.9229999780654907,0.7037000060081482
YDL112W,YOR244W,0,-4.674404,0.11594020575284958,0.9229999780654907,0.7038000226020813
YMR173W,YDR359C,0,-4.674426,0.11592564731836319,0.9229999780654907,0.7038999795913696
YBR082C,YER174C,0,-4.6744637,0.1159110888838768,0.9229999780654907,0.7039999961853027
YPR075C,YPL240C,0,-4.6755457,0.11589653789997101,0.9229999780654907,0.7041000127792358
YOR351C,YLR448W,0,-4.67582,0.11588198691606522,0.9229999780654907,0.704200029373169
YML102W,YJL048C,0,-4.67601,0.11586743593215942,0.9229999780654907,0.7042999863624573
YBR154C,YMR036C,0,-4.676161,0.11585289239883423,0.9229999780654907,0.7044000029563904
YHR160C,YKR066C,0,-4.676259,0.11583835631608963,0.9229999780654907,0.7045000195503235
YPR082C,YER006W,0,-4.6763525,0.11582382023334503,0.9229999780654907,0.7045999765396118
YLR067C,YIL159W,0,-4.676482,0.11580928415060043,0.9229999780654907,0.7046999931335449
YER075C,YML005W,0,-4.6766024,0.11579475551843643,0.9229999780654907,0.704800009727478
YLR433C,YPL241C,0,-4.6766233,0.11578023433685303,0.9229999780654907,0.7049000263214111
YNL166C,YDR251W,0,-4.6766777,0.11576570570468903,0.9229999780654907,0.7049999833106995
YMR207C,YMR316W,0,-4.676841,0.11575119197368622,0.9229999780654907,0.7050999999046326
YOR028C,YGR140W,0,-4.677129,0.11573667824268341,0.9229999780654907,0.7052000164985657
YDR093W,YBL019W,0,-4.677436,0.1157221645116806,0.9229999780654907,0.705299973487854
YOR321W,YOL044W,0,-4.677476,0.11570765823125839,0.9229999780654907,0.7053999900817871
YMR001C,YLL027W,0,-4.677918,0.11569315940141678,0.9229999780654907,0.7055000066757202
YDR289C,YML061C,1,-4.6780047,0.11580398678779602,0.9240000247955322,0.7055000066757202
YCR028C-A,YAL013W,0,-4.678258,0.11578947305679321,0.9240000247955322,0.7056000232696533
YKL093W,YDR322C-A,0,-4.6783047,0.115774966776371,0.9240000247955322,0.7056999802589417
YKL141W,YHR176W,0,-4.678661,0.11576046049594879,0.9240000247955322,0.7057999968528748
YML128C,YER104W,1,-4.6787357,0.11587122827768326,0.925000011920929,0.7057999968528748
YGL001C,YEL065W,0,-4.678789,0.11585671454668045,0.925000011920929,0.7059000134468079
YDR283C,YNL031C,0,-4.678952,0.11584220081567764,0.925000011920929,0.7059999704360962
YKL014C,YCR028C-A,0,-4.679083,0.11582770198583603,0.925000011920929,0.7060999870300293
YML006C,YDL236W,0,-4.679565,0.11581319570541382,0.925000011920929,0.7062000036239624
YGL097W,YER123W,0,-4.6797266,0.1157986968755722,0.925000011920929,0.7063000202178955
YER019W,YDR356W,0,-4.6798716,0.11578420549631119,0.925000011920929,0.7063999772071838
YDL174C,YBR060C,0,-4.6801515,0.11576971411705017,0.925000011920929,0.7064999938011169
YDR414C,YPL011C,0,-4.680655,0.11575522273778915,0.925000011920929,0.70660001039505
YJL041W,YGL025C,0,-4.6808453,0.11574073880910873,0.925000011920929,0.7067000269889832
YIR021W,YLR386W,0,-4.6812277,0.11572626233100891,0.925000011920929,0.7067999839782715
YOL051W,YNL093W,0,-4.6814404,0.11571178585290909,0.925000011920929,0.7069000005722046
YDR328C,YPR020W,0,-4.6815624,0.11569730937480927,0.925000011920929,0.7070000171661377
YGR285C,YPL253C,0,-4.6820693,0.11568284034729004,0.925000011920929,0.707099974155426
YCL032W,YOR173W,0,-4.682075,0.11566837877035141,0.925000011920929,0.7071999907493591
YGL099W,YGL174W,0,-4.6824465,0.11565391719341278,0.925000011920929,0.7073000073432922
YDR069C,YPL196W,0,-4.682941,0.11563945561647415,0.925000011920929,0.7074000239372253
YLR386W,YJL087C,0,-4.6830482,0.11562500149011612,0.925000011920929,0.7074999809265137
YGR020C,YGR188C,0,-4.6844845,0.11561054736375809,0.925000011920929,0.7075999975204468
YCR028C,YER035W,0,-4.6848197,0.11559610068798065,0.925000011920929,0.7077000141143799
YFL017W-A,YBR167C,0,-4.6850314,0.11558165401220322,0.925000011920929,0.7077999711036682
YNL139C,YOL090W,1,-4.686655,0.1156921535730362,0.9259999990463257,0.7077999711036682
YNR026C,YDR022C,0,-4.6869426,0.11567769944667816,0.9259999990463257,0.7078999876976013
YOR038C,YKL099C,0,-4.6869555,0.11566325277090073,0.9259999990463257,0.7080000042915344
YPR191W,YPR056W,0,-4.687229,0.11564880609512329,0.9259999990463257,0.7081000208854675
YPL203W,YNR038W,0,-4.6875505,0.11563436686992645,0.9259999990463257,0.7081999778747559
YML091C,YOR148C,0,-4.687745,0.11561992764472961,0.9259999990463257,0.708299994468689
YML008C,YGL066W,0,-4.688015,0.11560549587011337,0.9259999990463257,0.7084000110626221
YHR067W,YDR096W,0,-4.6880245,0.11559106409549713,0.9259999990463257,0.7085000276565552
YOR355W,YDR077W,0,-4.688192,0.11557663232088089,0.9259999990463257,0.7085999846458435
YPR138C,YLR262C,0,-4.688315,0.11556220799684525,0.9259999990463257,0.7087000012397766
YAL056W,YDR397C,0,-4.6886244,0.1155477911233902,0.9259999990463257,0.7088000178337097
YJL173C,YER095W,1,-4.6892595,0.11565814167261124,0.9269999861717224,0.7088000178337097
YFR028C,YCL055W,0,-4.6895385,0.115643709897995,0.9269999861717224,0.708899974822998
YOR109W,YDR121W,0,-4.6895823,0.11562928557395935,0.9269999861717224,0.7089999914169312
YOL066C,YGR143W,0,-4.6898746,0.1156148687005043,0.9269999861717224,0.7091000080108643
YNL207W,YDR484W,0,-4.689972,0.11560045182704926,0.9269999861717224,0.7092000246047974
YLR256W,YBR010W,0,-4.690114,0.11558603495359421,0.9269999861717224,0.7092999815940857
YLR166C,YNR075W,0,-4.6901336,0.11557162553071976,0.9269999861717224,0.7093999981880188
YOL116W,YDR178W,0,-4.690141,0.1155572161078453,0.9269999861717224,0.7095000147819519
YBL102W,YJL110C,0,-4.690252,0.11554281413555145,0.9269999861717224,0.7095999717712402
YFR003C,YML059C,0,-4.690467,0.1155284121632576,0.9269999861717224,0.7096999883651733
YER093C,YIL056W,0,-4.6905246,0.11551401764154434,0.9269999861717224,0.7098000049591064
YFR004W,YER062C,0,-4.691045,0.11549962311983109,0.9269999861717224,0.7099000215530396
YJL157C,YDR422C,0,-4.6910963,0.11548523604869843,0.9269999861717224,0.7099999785423279
YBR132C,YNL207W,0,-4.691172,0.11547084897756577,0.9269999861717224,0.710099995136261
YPR124W,YER089C,0,-4.6916246,0.1154564693570137,0.9269999861717224,0.7102000117301941
YAL040C,YPL106C,0,-4.6916623,0.11544208973646164,0.9269999861717224,0.7103000283241272
YER075C,YNL161W,0,-4.691695,0.11542771756649017,0.9269999861717224,0.7103999853134155
YMR241W,YGL205W,0,-4.6917734,0.11541334539651871,0.9269999861717224,0.7105000019073486
YNR039C,YGR129W,0,-4.6920867,0.11539898067712784,0.9269999861717224,0.7106000185012817
YML085C,YLR403W,0,-4.692547,0.11538461595773697,0.9269999861717224,0.7106999754905701
YNL153C,YMR026C,0,-4.692921,0.1153702586889267,0.9269999861717224,0.7107999920845032
YPL203W,YNL001W,0,-4.69313,0.11535590142011642,0.9269999861717224,0.7109000086784363
YGL027C,YBR188C,0,-4.6931314,0.11534154415130615,0.9269999861717224,0.7110000252723694
YMR163C,YJL124C,0,-4.693399,0.11532719433307648,0.9269999861717224,0.7110999822616577
YNL326C,YNL264C,0,-4.693403,0.1153128519654274,0.9269999861717224,0.7111999988555908
YMR270C,YOR290C,0,-4.693615,0.11529850959777832,0.9269999861717224,0.7113000154495239
YNL094W,YDL235C,0,-4.693795,0.11528416723012924,0.9269999861717224,0.7113999724388123
YML094W,YNL293W,0,-4.693941,0.11526983231306076,0.9269999861717224,0.7114999890327454
YHR116W,YCR044C,0,-4.694541,0.11525550484657288,0.9269999861717224,0.7116000056266785
YIL063C,YBL018C,0,-4.694762,0.1152411699295044,0.9269999861717224,0.7117000222206116
YGR217W,YDR451C,0,-4.694919,0.1152268499135971,0.9269999861717224,0.7117999792098999
YML073C,YHL040C,0,-4.694953,0.11521252989768982,0.9269999861717224,0.711899995803833
YDR054C,YFL002C,0,-4.6950665,0.11519820988178253,0.9269999861717224,0.7120000123977661
YGR285C,YDR182W,0,-4.6951265,0.11518389731645584,0.9269999861717224,0.7121000289916992
YBR223C,YDR516C,0,-4.6957383,0.11516958475112915,0.9269999861717224,0.7121999859809875
YHR014W,YMR049C,0,-4.695784,0.11515527963638306,0.9269999861717224,0.7123000025749207
YJL134W,YKL040C,0,-4.6958017,0.11514097452163696,0.9269999861717224,0.7124000191688538
YGL105W,YGR144W,0,-4.696286,0.11512667685747147,0.9269999861717224,0.7124999761581421
YOL011W,YLR259C,0,-4.6964593,0.11511237919330597,0.9269999861717224,0.7125999927520752
YGL144C,YNL030W,0,-4.696604,0.11509808897972107,0.9269999861717224,0.7127000093460083
YBR154C,YNL102W,0,-4.6966367,0.11508379876613617,0.9269999861717224,0.7128000259399414
YPL267W,YLR376C,0,-4.696832,0.11506951600313187,0.9269999861717224,0.7128999829292297
YKR055W,YJR007W,0,-4.6971655,0.11505523324012756,0.9269999861717224,0.7129999995231628
YER146W,YMR184W,0,-4.6971784,0.11504095047712326,0.9269999861717224,0.713100016117096
YKL049C,YML091C,0,-4.6972213,0.11502667516469955,0.9269999861717224,0.7131999731063843
YDR025W,YLL009C,0,-4.697565,0.11501240730285645,0.9269999861717224,0.7132999897003174
YPL112C,YMR075W,0,-4.6979947,0.11499813944101334,0.9269999861717224,0.7134000062942505
YOR026W,YLL038C,0,-4.69823,0.11498387157917023,0.9269999861717224,0.7135000228881836
YBR205W,YGL142C,0,-4.698273,0.11496961116790771,0.9269999861717224,0.7135999798774719
YBR022W,YNL068C,0,-4.69862,0.1149553582072258,0.9269999861717224,0.713699996471405
YDR265W,YOR089C,0,-4.698717,0.11494110524654388,0.9269999861717224,0.7138000130653381
YMR021C,YKR008W,0,-4.6989355,0.11492685228586197,0.9269999861717224,0.7139000296592712
YDR201W,YDR231C,0,-4.698969,0.11491260677576065,0.9269999861717224,0.7139999866485596
YPR189W,YNL307C,0,-4.6993475,0.11489836126565933,0.9269999861717224,0.7141000032424927
YBR022W,YER026C,0,-4.6998982,0.11488412320613861,0.9269999861717224,0.7142000198364258
YER029C,YMR047C,0,-4.7000136,0.11486988514661789,0.9269999861717224,0.7142999768257141
YIL122W,YDR308C,0,-4.700312,0.11485565453767776,0.9269999861717224,0.7143999934196472
YNR039C,YER149C,0,-4.700691,0.11484142392873764,0.9269999861717224,0.7145000100135803
YDL019C,YEL015W,0,-4.700787,0.11482720077037811,0.9269999861717224,0.7146000266075134
YHL028W,YLL027W,0,-4.7009277,0.11481297761201859,0.9269999861717224,0.7146999835968018
YIL016W,YBR188C,0,-4.70102,0.11479876190423965,0.9269999861717224,0.7148000001907349
YOR341W,YOR193W,0,-4.7013426,0.11478454619646072,0.9269999861717224,0.714900016784668
YEL065W,YEL030W,0,-4.701885,0.11477033793926239,0.9269999861717224,0.7149999737739563
YER072W,YIL066C,0,-4.7018948,0.11475612968206406,0.9269999861717224,0.7150999903678894
YNL099C,YLR166C,0,-4.7020316,0.11474192142486572,0.9269999861717224,0.7152000069618225
YHR193C,YEL018W,0,-4.7022047,0.11472772061824799,0.9269999861717224,0.7153000235557556
YJL041W,YIL065C,0,-4.7028713,0.11471352726221085,0.9269999861717224,0.715399980545044
YDL213C,YGL071W,0,-4.702989,0.1146993339061737,0.9269999861717224,0.715499997138977
YHL003C,YDR437W,0,-4.7033033,0.11468514055013657,0.9269999861717224,0.7156000137329102
YGL226C-A,YMR165C,0,-4.7033186,0.11467095464468002,0.9269999861717224,0.7156999707221985
YGR257C,YHL007C,0,-4.7034225,0.11465676873922348,0.9269999861717224,0.7157999873161316
YNR006W,YNL061W,0,-4.70355,0.11464259028434753,0.9269999861717224,0.7159000039100647
YKL011C,YKL130C,1,-4.7038136,0.11475206911563873,0.9279999732971191,0.7159000039100647
YDR312W,YEL003W,0,-4.704048,0.11473788321018219,0.9279999732971191,0.7160000205039978
YGL226C-A,YAL020C,0,-4.704174,0.11472369730472565,0.9279999732971191,0.7160999774932861
YOR304W,YLR022C,0,-4.7044306,0.1147095188498497,0.9279999732971191,0.7161999940872192
YCR088W,YOR156C,0,-4.704517,0.11469534039497375,0.9279999732971191,0.7163000106811523
YPL174C,YOL102C,0,-4.7045965,0.1146811693906784,0.9279999732971191,0.7164000272750854
YKL028W,YDR325W,0,-4.704729,0.11466699838638306,0.9279999732971191,0.7164999842643738
YJL076W,YKL048C,0,-4.7047715,0.11465282738208771,0.9279999732971191,0.7166000008583069
YOR327C,YNR054C,0,-4.704934,0.11463866382837296,0.9279999732971191,0.71670001745224
YHR172W,YKR059W,0,-4.70549,0.1146245077252388,0.9279999732971191,0.7167999744415283
YPL211W,YDL052C,0,-4.7058115,0.11461035162210464,0.9279999732971191,0.7168999910354614
YLR165C,YBR127C,0,-4.705927,0.11459619551897049,0.9279999732971191,0.7170000076293945
YNL099C,YGR003W,0,-4.706258,0.11458204686641693,0.9279999732971191,0.7171000242233276
YLR430W,YJR125C,0,-4.7065306,0.11456789821386337,0.9279999732971191,0.717199981212616
YKL178C,YPR046W,0,-4.706779,0.11455375701189041,0.9279999732971191,0.7172999978065491
YLR240W,YDR325W,0,-4.707029,0.11453962326049805,0.9279999732971191,0.7174000144004822
YKL175W,YGR177C,0,-4.7071085,0.11452548205852509,0.9279999732971191,0.7174999713897705
YMR302C,YFL026W,0,-4.7071857,0.11451135575771332,0.9279999732971191,0.7175999879837036
YOR281C,YDL046W,0,-4.707386,0.11449722200632095,0.9279999732971191,0.7177000045776367
YJL058C,YJL087C,0,-4.708371,0.11448309570550919,0.9279999732971191,0.7178000211715698
YPL069C,YDR079C-A,0,-4.708393,0.11446897685527802,0.9279999732971191,0.7178999781608582
YPL179W,YKL120W,0,-4.708644,0.11445485800504684,0.9279999732971191,0.7179999947547913
YPL097W,YJR007W,0,-4.7087984,0.11444074660539627,0.9279999732971191,0.7181000113487244
YKR035W-A,YNL147W,0,-4.7089057,0.1144266352057457,0.9279999732971191,0.7182000279426575
YGL127C,YBR214W,0,-4.708927,0.11441252380609512,0.9279999732971191,0.7182999849319458
YNL169C,YOR083W,0,-4.709094,0.11439841985702515,0.9279999732971191,0.7184000015258789
YER068W,YOR204W,0,-4.7090955,0.11438432335853577,0.9279999732971191,0.718500018119812
YLR310C,YER149C,0,-4.709777,0.11437022686004639,0.9279999732971191,0.7185999751091003
YBR289W,YGR095C,0,-4.709879,0.114356130361557,0.9279999732971191,0.7186999917030334
YOR168W,YOR084W,0,-4.7109337,0.11434204131364822,0.9279999732971191,0.7188000082969666
YNL156C,YNL222W,0,-4.7110305,0.11432795226573944,0.9279999732971191,0.7189000248908997
YDR176W,YGR275W,0,-4.7110896,0.11431387066841125,0.9279999732971191,0.718999981880188
YBR080C,YBR201W,0,-4.7114654,0.11429978907108307,0.9279999732971191,0.7190999984741211
YHR111W,YDR096W,0,-4.7114735,0.11428571492433548,0.9279999732971191,0.7192000150680542
YOL066C,YOR198C,0,-4.7118063,0.11427164077758789,0.9279999732971191,0.7192999720573425
YIR026C,YDR143C,0,-4.7120695,0.1142575740814209,0.9279999732971191,0.7193999886512756
YOR284W,YOR204W,0,-4.712083,0.1142435073852539,0.9279999732971191,0.7195000052452087
YDR207C,YGL163C,1,-4.7125726,0.11435253918170929,0.9290000200271606,0.7195000052452087
YGR171C,YNL020C,0,-4.7127004,0.1143384650349617,0.9290000200271606,0.7196000218391418
YKR036C,YMR075W,0,-4.7132854,0.11432439088821411,0.9290000200271606,0.7196999788284302
YLR075W,YHR056C,0,-4.7133822,0.11431032419204712,0.9290000200271606,0.7197999954223633
YDL185W,YPL164C,1,-4.713622,0.11441928893327713,0.9300000071525574,0.7197999954223633
YJL100W,YHR181W,0,-4.713632,0.11440521478652954,0.9300000071525574,0.7199000120162964
YMR264W,YKL206C,0,-4.713723,0.11439114063978195,0.9300000071525574,0.7200000286102295
YEL063C,YPL132W,0,-4.7137885,0.11437707394361496,0.9300000071525574,0.7200999855995178
YBL024W,YDR022C,0,-4.7148867,0.11436300724744797,0.9300000071525574,0.7202000021934509
YIL051C,YPL156C,0,-4.715593,0.11434894800186157,0.9300000071525574,0.720300018787384
YDL020C,YPR154W,0,-4.7156906,0.11433488875627518,0.9300000071525574,0.7203999757766724
YOR103C,YPL151C,0,-4.716199,0.11432083696126938,0.9300000071525574,0.7204999923706055
YPL050C,YER123W,0,-4.71622,0.11430678516626358,0.9300000071525574,0.7206000089645386
YFR005C,YPL032C,0,-4.7163625,0.11429273337125778,0.9300000071525574,0.7207000255584717
YER118C,YML110C,0,-4.7165084,0.11427868902683258,0.9300000071525574,0.72079998254776
YCR024C-A,YNL173C,0,-4.7167315,0.11426465213298798,0.9300000071525574,0.7208999991416931
YPL269W,YGL115W,0,-4.717092,0.11425061523914337,0.9300000071525574,0.7210000157356262
YNR002C,YHR160C,0,-4.717131,0.11423657834529877,0.9300000071525574,0.7210999727249146
YPL177C,YJL204C,0,-4.7172155,0.11422254890203476,0.9300000071525574,0.7211999893188477
YLR105C,YKL032C,0,-4.718321,0.11420851945877075,0.9300000071525574,0.7213000059127808
YKR025W,YLR399C,0,-4.7185426,0.11419449746608734,0.9300000071525574,0.7214000225067139
YPL045W,YOR057W,0,-4.719305,0.11418047547340393,0.9300000071525574,0.7214999794960022
YJL208C,YBR279W,1,-4.7198105,0.11428922414779663,0.9309999942779541,0.7214999794960022
YMR139W,YOL017W,0,-4.7199345,0.11427519470453262,0.9309999942779541,0.7215999960899353
YPR042C,YOR149C,0,-4.7202563,0.11426116526126862,0.9309999942779541,0.7217000126838684
YAL005C,YBL019W,0,-4.7205286,0.1142471432685852,0.9309999942779541,0.7218000292778015
YER008C,YMR127C,0,-4.720645,0.11423312872648239,0.9309999942779541,0.7218999862670898
YKR003W,YDR409W,0,-4.720714,0.11421911418437958,0.9309999942779541,0.722000002861023
YCR028C-A,YLL026W,0,-4.7215633,0.11420509964227676,0.9309999942779541,0.722100019454956
YMR239C,YLR340W,0,-4.7217803,0.11419109255075455,0.9309999942779541,0.7221999764442444
YPR173C,YPL092W,0,-4.7227135,0.11417709290981293,0.9309999942779541,0.7222999930381775
YDL213C,YBL022C,0,-4.722828,0.11416309326887131,0.9309999942779541,0.7224000096321106
YPL221W,YEL015W,0,-4.7228456,0.11414909362792969,0.9309999942779541,0.7225000262260437
YPR018W,YEL063C,0,-4.7229342,0.11413510143756866,0.9309999942779541,0.722599983215332
YDR312W,YGR129W,0,-4.723118,0.11412110924720764,0.9309999942779541,0.7226999998092651
YGL066W,YOR063W,0,-4.723323,0.11410712450742722,0.9309999942779541,0.7228000164031982
YLR075W,YNL007C,0,-4.7235365,0.11409313976764679,0.9309999942779541,0.7228999733924866
YIL007C,YOR173W,0,-4.723625,0.11407915502786636,0.9309999942779541,0.7229999899864197
YCR028C-A,YIR004W,0,-4.72373,0.11406517773866653,0.9309999942779541,0.7231000065803528
YDL014W,YDR377W,0,-4.724115,0.1140512079000473,0.9309999942779541,0.7232000231742859
YLL050C,YJL085W,0,-4.72432,0.11403723806142807,0.9309999942779541,0.7232999801635742
YDR202C,YJR084W,0,-4.724349,0.11402326822280884,0.9309999942779541,0.7233999967575073
YBR002C,YIR021W,0,-4.7248025,0.1140093058347702,0.9309999942779541,0.7235000133514404
YBR049C,YIL062C,0,-4.7256813,0.11399534344673157,0.9309999942779541,0.7235999703407288
YGL130W,YCR028C,0,-4.726569,0.11398138850927353,0.9309999942779541,0.7236999869346619
YER159C,YOR116C,0,-4.72668,0.11396744102239609,0.9309999942779541,0.723800003528595
YBL041W,YDR377W,0,-4.726912,0.11395348608493805,0.9309999942779541,0.7239000201225281
YLL040C,YJL030W,0,-4.726919,0.11393953859806061,0.9309999942779541,0.7239999771118164
YEL013W,YMR044W,0,-4.727097,0.11392559856176376,0.9309999942779541,0.7240999937057495
YLR165C,YDR078C,0,-4.7271795,0.11391165852546692,0.9309999942779541,0.7242000102996826
YML016C,YDL235C,0,-4.7273846,0.11389772593975067,0.9309999942779541,0.7243000268936157
YNR013C,YGR089W,0,-4.728345,0.11388379335403442,0.9309999942779541,0.724399983882904
YBL079W,YHR067W,0,-4.7285194,0.11386986076831818,0.9309999942779541,0.7245000004768372
YCR084C,YER155C,0,-4.728595,0.11385593563318253,0.9309999942779541,0.7246000170707703
YMR025W,YPL031C,0,-4.728845,0.11384201794862747,0.9309999942779541,0.7246999740600586
YPL124W,YPL048W,0,-4.729499,0.11382809281349182,0.9309999942779541,0.7247999906539917
YDL231C,YMR220W,0,-4.729732,0.11381418257951736,0.9309999942779541,0.7249000072479248
YAL032C,YER006W,0,-4.7299476,0.11380027234554291,0.9309999942779541,0.7250000238418579
YDR303C,YOR060C,0,-4.730083,0.11378636211156845,0.9309999942779541,0.7250999808311462
YNL188W,YIL056W,0,-4.7302017,0.113772451877594,0.9309999942779541,0.7251999974250793
YEL037C,YNL169C,0,-4.731642,0.11375855654478073,0.9309999942779541,0.7253000140190125
YKL175W,YKR072C,0,-4.731804,0.11374465376138687,0.9309999942779541,0.7253999710083008
YOR094W,YOL130W,0,-4.7318373,0.11373075842857361,0.9309999942779541,0.7254999876022339
YDR143C,YMR072W,0,-4.732396,0.11371687054634094,0.9309999942779541,0.725600004196167
YBR004C,YBL022C,0,-4.7332344,0.11370298266410828,0.9309999942779541,0.7257000207901001
YOR332W,YJR040W,0,-4.7334476,0.11368909478187561,0.9309999942779541,0.7257999777793884
YGL236C,YLR133W,0,-4.733495,0.11367521435022354,0.9309999942779541,0.7258999943733215
YLR048W,YMR293C,0,-4.733551,0.11366133391857147,0.9309999942779541,0.7260000109672546
YER045C,YIR011C,0,-4.734066,0.1136474609375,0.9309999942779541,0.7261000275611877
YCR024C-A,YNL103W,0,-4.734249,0.11363358795642853,0.9309999942779541,0.7261999845504761
YDL052C,YDR258C,0,-4.7342515,0.11361972242593765,0.9309999942779541,0.7263000011444092
YEL009C,YNL090W,0,-4.734327,0.11360585689544678,0.9309999942779541,0.7264000177383423
YIL121W,YJR093C,0,-4.7345624,0.1135919988155365,0.9309999942779541,0.7264999747276306
YBR022W,YOL102C,0,-4.7345724,0.11357814073562622,0.9309999942779541,0.7265999913215637
YNL231C,YBR228W,0,-4.7346992,0.11356428265571594,0.9309999942779541,0.7267000079154968
YNL207W,YKL053C-A,0,-4.734813,0.11355043202638626,0.9309999942779541,0.7268000245094299
YNL084C,YMR042W,0,-4.7351303,0.11353658884763718,0.9309999942779541,0.7268999814987183
YGR285C,YBR195C,0,-4.735283,0.1135227382183075,0.9309999942779541,0.7269999980926514
YDL198C,YLR372W,0,-4.735361,0.11350890249013901,0.9309999942779541,0.7271000146865845
YER021W,YDR270W,0,-4.735435,0.11349505931138992,0.9309999942779541,0.7271999716758728
YPR018W,YOL111C,0,-4.7356415,0.11348123103380203,0.9309999942779541,0.7272999882698059
YJL133W,YNL177C,0,-4.735899,0.11346739530563354,0.9309999942779541,0.727400004863739
YHL006C,YLR355C,0,-4.735997,0.11345356702804565,0.9309999942779541,0.7275000214576721
YMR241W,YDR484W,0,-4.7364097,0.11343974620103836,0.9309999942779541,0.7275999784469604
YBR070C,YGR094W,0,-4.736993,0.11342592537403107,0.9309999942779541,0.7276999950408936
YLR466W,YBR130C,1,-4.737237,0.11353392899036407,0.9319999814033508,0.7276999950408936
YGR092W,YDR419W,0,-4.7373686,0.11352010071277618,0.9319999814033508,0.7278000116348267
YNL177C,YAL017W,0,-4.7374125,0.1135062724351883,0.9319999814033508,0.7279000282287598
YJR143C,YPR141C,0,-4.737689,0.113492451608181,0.9319999814033508,0.7279999852180481
YOL077W-A,YLR028C,0,-4.7379913,0.1134786307811737,0.9319999814033508,0.7281000018119812
YLR248W,YLR045C,0,-4.7383623,0.11346481740474701,0.9319999814033508,0.7282000184059143
YPL231W,YJR102C,0,-4.7384233,0.11345100402832031,0.9319999814033508,0.7282999753952026
YOL112W,YGR037C,0,-4.738824,0.11343719810247421,0.9319999814033508,0.7283999919891357
YOR284W,YGR103W,0,-4.739422,0.11342339217662811,0.9319999814033508,0.7285000085830688
YPL268W,YPR073C,0,-4.7396464,0.11340958625078201,0.9319999814033508,0.728600025177002
YJL102W,YLR047C,0,-4.7403407,0.11339578777551651,0.9319999814033508,0.7286999821662903
YER007W,YMR036C,0,-4.7404985,0.1133819967508316,0.9319999814033508,0.7287999987602234
YOR074C,YDR078C,0,-4.740536,0.1133682057261467,0.9319999814033508,0.7289000153541565
YFL013C,YBR201W,0,-4.740649,0.11335441470146179,0.9319999814033508,0.7289999723434448
YJR145C,YDR317W,0,-4.740664,0.11334063112735748,0.9319999814033508,0.7290999889373779
YML074C,YDR163W,0,-4.741084,0.11332684755325317,0.9319999814033508,0.729200005531311
YCR053W,YGL049C,0,-4.7414804,0.11331307142972946,0.9319999814033508,0.7293000221252441
YPR103W,YGR002C,0,-4.741498,0.11329929530620575,0.9319999814033508,0.7293999791145325
YKL034W,YGL171W,0,-4.74169,0.11328552663326263,0.9319999814033508,0.7294999957084656
YBL058W,YGL191W,0,-4.7425823,0.11327175796031952,0.9319999814033508,0.7296000123023987
YNR002C,YFL008W,0,-4.7430487,0.1132579892873764,0.9319999814033508,0.7297000288963318
YKL160W,YGL038C,0,-4.7430954,0.11324422806501389,0.9319999814033508,0.7297999858856201
YJL080C,YDL209C,0,-4.7432737,0.11323046684265137,0.9319999814033508,0.7299000024795532
YNR019W,YNL047C,0,-4.7433057,0.11321671307086945,0.9319999814033508,0.7300000190734863
YKL016C,YLR210W,0,-4.7433243,0.11320296674966812,0.9319999814033508,0.7300999760627747
YLR459W,YHR001W-A,0,-4.743948,0.1131892129778862,0.9319999814033508,0.7301999926567078
YOR011W,YAL016W,0,-4.7441273,0.11317547410726547,0.9319999814033508,0.7303000092506409
YDR214W,YOR084W,0,-4.744131,0.11316172778606415,0.9319999814033508,0.730400025844574
YGR296W,YNL206C,1,-4.7443314,0.1132693961262703,0.9330000281333923,0.730400025844574
YOR250C,YJL128C,0,-4.744453,0.11325564235448837,0.9330000281333923,0.7304999828338623
YML065W,YHR007C,0,-4.7454224,0.11324189603328705,0.9330000281333923,0.7305999994277954
YGL120C,YOR332W,0,-4.745658,0.11322815716266632,0.9330000281333923,0.7307000160217285
YPR134W,YEL050C,0,-4.745946,0.1132144182920456,0.9330000281333923,0.7307999730110168
YOR026W,YJR007W,0,-4.745966,0.11320067942142487,0.9330000281333923,0.73089998960495
YOR249C,YDR294C,0,-4.7461905,0.11318694800138474,0.9330000281333923,0.7310000061988831
YKR056W,YOR178C,0,-4.746351,0.1131732165813446,0.9330000281333923,0.7311000227928162
YJR082C,YOR002W,0,-4.7463865,0.11315949261188507,0.9330000281333923,0.7311999797821045
YDL033C,YPL274W,0,-4.7466483,0.11314576864242554,0.9330000281333923,0.7312999963760376
YPL145C,YOL115W,0,-4.746678,0.113132044672966,0.9330000281333923,0.7314000129699707
YKR026C,YNL225C,0,-4.746733,0.11311832815408707,0.9330000281333923,0.7315000295639038
YPL043W,YOR304W,0,-4.747011,0.11310461908578873,0.9330000281333923,0.7315999865531921
YJL001W,YKR020W,0,-4.747112,0.11309091001749039,0.9330000281333923,0.7317000031471252
YOR326W,YLR183C,0,-4.747216,0.11307720094919205,0.9330000281333923,0.7318000197410583
YNL312W,YOR035C,1,-4.74741,0.11318468302488327,0.9340000152587891,0.7318000197410583
YOR122C,YOR057W,0,-4.747535,0.11317096650600433,0.9340000152587891,0.7318999767303467
YNL097C,YNL031C,0,-4.74786,0.113157257437706,0.9340000152587891,0.7319999933242798
YNL298W,YDR264C,0,-4.7478924,0.11314354836940765,0.9340000152587891,0.7321000099182129
YGL226C-A,YOL023W,0,-4.7479367,0.11312984675168991,0.9340000152587891,0.732200026512146
YOR136W,YKL178C,0,-4.7481594,0.11311614513397217,0.9340000152587891,0.7322999835014343
YOL112W,YKL141W,0,-4.748235,0.11310244351625443,0.9340000152587891,0.7324000000953674
YJL069C,YJL074C,0,-4.748673,0.11308874934911728,0.9340000152587891,0.7325000166893005
YBR294W,YML074C,0,-4.749129,0.11307506263256073,0.9340000152587891,0.7325999736785889
YKR062W,YJR145C,0,-4.749392,0.11306137591600418,0.9340000152587891,0.732699990272522
YCR053W,YOL108C,0,-4.7497787,0.11304768919944763,0.9340000152587891,0.7328000068664551
YBR118W,YDR120C,0,-4.749975,0.11303400993347168,0.9340000152587891,0.7329000234603882
YDR205W,YOL149W,0,-4.7500362,0.11302033066749573,0.9340000152587891,0.7329999804496765
YGL233W,YBR177C,0,-4.750197,0.11300665140151978,0.9340000152587891,0.7330999970436096
YOR295W,YKR059W,0,-4.7503004,0.11299297958612442,0.9340000152587891,0.7332000136375427
YDL223C,YKR067W,0,-4.751637,0.11297931522130966,0.9340000152587891,0.733299970626831
YPR125W,YGR055W,0,-4.7520986,0.1129656508564949,0.9340000152587891,0.7333999872207642
YJL100W,YGL252C,0,-4.752496,0.11295198649168015,0.9340000152587891,0.7335000038146973
YNL088W,YNL312W,1,-4.752772,0.11305925250053406,0.9350000023841858,0.7335000038146973
YLR095C,YPL244C,0,-4.7529244,0.1130455806851387,0.9350000023841858,0.7336000204086304
YHR042W,YLR320W,0,-4.753463,0.11303191632032394,0.9350000023841858,0.7336999773979187
YKR048C,YJR001W,0,-4.753577,0.11301825195550919,0.9350000023841858,0.7337999939918518
YDR247W,YNL091W,0,-4.7535973,0.11300459504127502,0.9350000023841858,0.7339000105857849
YBL090W,YOL149W,0,-4.7538333,0.11299093812704086,0.9350000023841858,0.734000027179718
YGR202C,YOL040C,0,-4.754428,0.1129772812128067,0.9350000023841858,0.7340999841690063
YDR028C,YNL093W,0,-4.754717,0.11296363174915314,0.9350000023841858,0.7342000007629395
YGR246C,YLL027W,0,-4.755366,0.11294998973608017,0.9350000023841858,0.7343000173568726
YIL121W,YJR102C,0,-4.7554183,0.1129363477230072,0.9350000023841858,0.7343999743461609
YGR072W,YKR031C,0,-4.755658,0.11292270570993423,0.9350000023841858,0.734499990940094
YDR447C,YER123W,0,-4.756428,0.11290907114744186,0.9350000023841858,0.7346000075340271
YDR432W,YIL017C,0,-4.7564735,0.1128954365849495,0.9350000023841858,0.7347000241279602
YLR337C,YFR052W,0,-4.756715,0.11288180947303772,0.9350000023841858,0.7347999811172485
YOR119C,YIR037W,0,-4.7567463,0.11286818236112595,0.9350000023841858,0.7348999977111816
YDR303C,YML043C,0,-4.757043,0.11285455524921417,0.9350000023841858,0.7350000143051147
YBR079C,YPR199C,0,-4.75708,0.112840935587883,0.9350000023841858,0.7350999712944031
YGL025C,YOL113W,0,-4.757538,0.11282732337713242,0.9350000023841858,0.7351999878883362
YJL080C,YDL077C,0,-4.757598,0.11281370371580124,0.9350000023841858,0.7353000044822693
YJL026W,YEL050C,0,-4.7576065,0.11280009895563126,0.9350000023841858,0.7354000210762024
YNL206C,YDR113C,1,-4.7577887,0.11290711909532547,0.9359999895095825,0.7354000210762024
YML085C,YOL011W,0,-4.7578745,0.1128934994339943,0.9359999895095825,0.7354999780654907
YPL269W,YHR114W,0,-4.7583723,0.11287988722324371,0.9359999895095825,0.7355999946594238
YHR039C-A,YJR019C,0,-4.758672,0.11286627501249313,0.9359999895095825,0.7357000112533569
YOL112W,YFR050C,0,-4.758682,0.11285266280174255,0.9359999895095825,0.73580002784729
YPL242C,YOL027C,0,-4.758997,0.11283905804157257,0.9359999895095825,0.7358999848365784
YJL030W,YDL019C,0,-4.7591505,0.11282546073198318,0.9359999895095825,0.7360000014305115
YJL108C,YDR178W,0,-4.7597938,0.1128118634223938,0.9359999895095825,0.7361000180244446
YFR009W,YER026C,0,-4.7606072,0.11279826611280441,0.9359999895095825,0.7361999750137329
YEL013W,YMR216C,0,-4.7606277,0.11278467625379562,0.9359999895095825,0.736299991607666
YAL005C,YPR182W,0,-4.7607207,0.11277108639478683,0.9359999895095825,0.7364000082015991
YNR002C,YHR092C,0,-4.760797,0.11275749653577805,0.9359999895095825,0.7365000247955322
YJL029C,YPR041W,0,-4.7611947,0.11274391412734985,0.9359999895095825,0.7365999817848206
YGR202C,YBL057C,0,-4.761425,0.11273033916950226,0.9359999895095825,0.7366999983787537
YGR231C,YMR227C,0,-4.7617536,0.11271676421165466,0.9359999895095825,0.7368000149726868
YAL002W,YLR138W,0,-4.7623305,0.11270318925380707,0.9359999895095825,0.7368999719619751
YPL196W,YNL001W,0,-4.762638,0.11268962174654007,0.9359999895095825,0.7369999885559082
YOR193W,YFL026W,0,-4.7630467,0.11267605423927307,0.9359999895095825,0.7371000051498413
YHR116W,YOL039W,0,-4.763267,0.11266249418258667,0.9359999895095825,0.7372000217437744
YJL063C,YFL013C,0,-4.7635107,0.11264893412590027,0.9359999895095825,0.7372999787330627
YPL128C,YEL034W,0,-4.764235,0.11263538151979446,0.9359999895095825,0.7373999953269958
YMR293C,YER100W,0,-4.7643056,0.11262182891368866,0.9359999895095825,0.737500011920929
YDR363W-A,YDR516C,0,-4.7644525,0.11260827630758286,0.9359999895095825,0.7376000285148621
YPR133C,YNL135C,0,-4.7646656,0.11259473115205765,0.9359999895095825,0.7376999855041504
YAL005C,YLR051C,0,-4.7649713,0.11258118599653244,0.9359999895095825,0.7378000020980835
YJR007W,YDR030C,0,-4.7651114,0.11256764829158783,0.9359999895095825,0.7379000186920166
YGR037C,YBL018C,0,-4.765693,0.11255411058664322,0.9359999895095825,0.7379999756813049
YLR256W,YOR208W,0,-4.765817,0.1125405803322792,0.9359999895095825,0.738099992275238
YGL097W,YML060W,0,-4.7659287,0.11252705007791519,0.9359999895095825,0.7382000088691711
YGR231C,YLR384C,0,-4.766128,0.11251351982355118,0.9359999895095825,0.7383000254631042
YOL071W,YJR102C,0,-4.7661324,0.11249999701976776,0.9359999895095825,0.7383999824523926
YBR069C,YLR396C,0,-4.7667284,0.11248648166656494,0.9359999895095825,0.7384999990463257
YPL233W,YNL281W,0,-4.766762,0.11247296631336212,0.9359999895095825,0.7386000156402588
YOR362C,YBL099W,0,-4.766837,0.1124594509601593,0.9359999895095825,0.7386999726295471
YDL020C,YMR240C,0,-4.766876,0.11244594305753708,0.9359999895095825,0.7387999892234802
YHR200W,YKL038W,0,-4.7670627,0.11243243515491486,0.9359999895095825,0.7389000058174133
YHR086W,YKL035W,0,-4.767152,0.11241892725229263,0.9359999895095825,0.7390000224113464
YIL115C,YDR002W,0,-4.7674217,0.11240542680025101,0.9359999895095825,0.7390999794006348
YDR384C,YGL019W,0,-4.7674794,0.11239193379878998,0.9359999895095825,0.7391999959945679
YER126C,YDR216W,0,-4.7675047,0.11237843334674835,0.9359999895095825,0.739300012588501
YLR214W,YLR448W,0,-4.7675624,0.11236494779586792,0.9359999895095825,0.7394000291824341
YDR517W,YLR321C,0,-4.7677407,0.11235145479440689,0.9359999895095825,0.7394999861717224
YLL050C,YBR188C,0,-4.7681913,0.11233797669410706,0.9359999895095825,0.7396000027656555
YDR207C,YAL029C,1,-4.768361,0.11244449764490128,0.9369999766349792,0.7396000027656555
YGL011C,YOR008C,0,-4.768601,0.11243100464344025,0.9369999766349792,0.7397000193595886
YJL014W,YNL293W,0,-4.7690277,0.11241751909255981,0.9369999766349792,0.739799976348877
YPL087W,YJR047C,0,-4.7692585,0.11240403354167938,0.9369999766349792,0.7398999929428101
YOR130C,YOL123W,0,-4.76974,0.11239054799079895,0.9369999766349792,0.7400000095367432
YBL080C,YKL038W,0,-4.7697616,0.11237706989049911,0.9369999766349792,0.7401000261306763
YNL294C,YLR433C,0,-4.7700725,0.11236359179019928,0.9369999766349792,0.7401999831199646
YEL051W,YDL047W,0,-4.7701674,0.11235012114048004,0.9369999766349792,0.7402999997138977
YCR002C,YNL003C,0,-4.770441,0.1123366504907608,0.9369999766349792,0.7404000163078308
YLR248W,YFL036W,0,-4.7707043,0.11232318729162216,0.9369999766349792,0.7404999732971191
YNR016C,YFL050C,0,-4.7709093,0.11230972409248352,0.9369999766349792,0.7405999898910522
YCR072C,YIL125W,0,-4.7713766,0.11229626089334488,0.9369999766349792,0.7407000064849854
YBR274W,YOL020W,0,-4.771446,0.11228280514478683,0.9369999766349792,0.7408000230789185
YNL278W,YEL063C,0,-4.7715197,0.11226934939622879,0.9369999766349792,0.7408999800682068
YBR228W,YNL121C,0,-4.7715406,0.11225590109825134,0.9369999766349792,0.7409999966621399
YNR016C,YJL045W,0,-4.771825,0.1122424528002739,0.9369999766349792,0.741100013256073
YMR285C,YLR028C,0,-4.7719307,0.11222901195287704,0.9369999766349792,0.7411999702453613
YOR308C,YDL019C,0,-4.772242,0.1122155711054802,0.9369999766349792,0.7412999868392944
YIR004W,YPL209C,0,-4.772341,0.11220213025808334,0.9369999766349792,0.7414000034332275
YDR361C,YKL034W,0,-4.772626,0.11218869686126709,0.9369999766349792,0.7415000200271606
YBL090W,YKL051W,0,-4.773105,0.11217526346445084,0.9369999766349792,0.741599977016449
YBR084W,YOR034C,0,-4.773245,0.11216183751821518,0.9369999766349792,0.7416999936103821
YOR087W,YJL059W,0,-4.773348,0.11214841157197952,0.9369999766349792,0.7418000102043152
YBR107C,YNL293W,0,-4.773719,0.11213499307632446,0.9369999766349792,0.7419000267982483
YKR061W,YER166W,0,-4.7738533,0.1121215745806694,0.9369999766349792,0.7419999837875366
YDR439W,YOR290C,0,-4.7738676,0.11210816353559494,0.9369999766349792,0.7421000003814697
YOR078W,YOR043W,0,-4.774682,0.11209474503993988,0.9369999766349792,0.7422000169754028
YOR321W,YGR098C,0,-4.7747054,0.11208134144544601,0.9369999766349792,0.7422999739646912
YPR023C,YJL065C,0,-4.774951,0.11206793785095215,0.9369999766349792,0.7423999905586243
YPL128C,YPR036W,0,-4.77513,0.11205453425645828,0.9369999766349792,0.7425000071525574
YPR162C,YBR061C,0,-4.775888,0.11204113066196442,0.9369999766349792,0.7426000237464905
YOR063W,YER155C,0,-4.775892,0.11202773451805115,0.9369999766349792,0.7426999807357788
YGL025C,YPR199C,0,-4.7762146,0.11201434582471848,0.9369999766349792,0.7427999973297119
YOL093W,YDL235C,0,-4.776427,0.1120009571313858,0.9369999766349792,0.742900013923645
YMR267W,YDR028C,0,-4.7768955,0.11198756843805313,0.9369999766349792,0.7429999709129333
YBR198C,YOR147W,0,-4.7770586,0.11197418719530106,0.9369999766349792,0.7430999875068665
YOL054W,YHR016C,0,-4.777109,0.11196080595254898,0.9369999766349792,0.7432000041007996
YLR207W,YLR304C,0,-4.777605,0.1119474321603775,0.9369999766349792,0.7433000206947327
YCR083W,YIL143C,0,-4.777646,0.11193405836820602,0.9369999766349792,0.743399977684021
YGR241C,YDR045C,0,-4.777669,0.11192068457603455,0.9369999766349792,0.7434999942779541
YMR240C,YKL193C,0,-4.7779346,0.11190731823444366,0.9369999766349792,0.7436000108718872
YGR085C,YCL055W,0,-4.7781024,0.11189395934343338,0.9369999766349792,0.7437000274658203
YHL007C,YDR427W,0,-4.7781515,0.1118806004524231,0.9369999766349792,0.7437999844551086
YPL084W,YBR160W,0,-4.7782016,0.11186724156141281,0.9369999766349792,0.7439000010490417
YKL013C,YBR275C,0,-4.7782516,0.11185388267040253,0.9369999766349792,0.7440000176429749
YDR449C,YGR140W,0,-4.778695,0.11184053122997284,0.9369999766349792,0.7440999746322632
YGL122C,YLR229C,0,-4.7787695,0.11182718724012375,0.9369999766349792,0.7441999912261963
YNL094W,YGL087C,0,-4.7796793,0.11181384325027466,0.9369999766349792,0.7443000078201294
YOR250C,YDL134C,0,-4.779945,0.11180049926042557,0.9369999766349792,0.7444000244140625
YKR003W,YKL052C,0,-4.7802057,0.11178716272115707,0.9369999766349792,0.7444999814033508
YGL035C,YKR038C,0,-4.780701,0.11177382618188858,0.9369999766349792,0.7445999979972839
YLR293C,YFL016C,0,-4.781067,0.11176049709320068,0.9369999766349792,0.744700014591217
YDL143W,YMR272C,0,-4.781186,0.11174716800451279,0.9369999766349792,0.7447999715805054
YCR010C,YCR028C-A,0,-4.782032,0.11173383891582489,0.9369999766349792,0.7448999881744385
YMR068W,YNL098C,0,-4.78213,0.11172051727771759,0.9369999766349792,0.7450000047683716
YJL029C,YBR110W,0,-4.782163,0.11170720309019089,0.9369999766349792,0.7451000213623047
YPR124W,YDL081C,0,-4.7821693,0.11169388145208359,0.9369999766349792,0.745199978351593
YGL213C,YOL068C,1,-4.782227,0.11179976165294647,0.9380000233650208,0.745199978351593
YOL149W,YLR167W,0,-4.7828417,0.11178644001483917,0.9380000233650208,0.7452999949455261
YLR380W,YDR096W,0,-4.782876,0.11177311837673187,0.9380000233650208,0.7454000115394592
YDL135C,YLR340W,0,-4.7838526,0.11175979673862457,0.9380000233650208,0.7455000281333923
YBR159W,YMR044W,0,-4.7839513,0.11174648255109787,0.9380000233650208,0.7455999851226807
YKR101W,YPR025C,0,-4.7839746,0.11173317581415176,0.9380000233650208,0.7457000017166138
YPL156C,YJL081C,0,-4.7844324,0.11171986907720566,0.9380000233650208,0.7458000183105469
YNL020C,YPL237W,0,-4.7846985,0.11170656234025955,0.9380000233650208,0.7458999752998352
YKR061W,YFR053C,0,-4.784832,0.11169326305389404,0.9380000233650208,0.7459999918937683
YOL116W,YDR334W,0,-4.785,0.11167996376752853,0.9380000233650208,0.7461000084877014
YDR181C,YNL307C,0,-4.7851334,0.11166666448116302,0.9380000233650208,0.7462000250816345
YOL112W,YDR334W,0,-4.7853227,0.11165337264537811,0.9380000233650208,0.7462999820709229
YBL039C,YDR485C,0,-4.785725,0.1116400882601738,0.9380000233650208,0.746399998664856
YDR251W,YPL234C,0,-4.785865,0.11162679642438889,0.9380000233650208,0.7465000152587891
YDR279W,YJL145W,0,-4.7859664,0.11161351948976517,0.9380000233650208,0.7465999722480774
YPL271W,YBR173C,0,-4.7861986,0.11160023510456085,0.9380000233650208,0.7466999888420105
YNL088W,YPL015C,1,-4.786417,0.11170592159032822,0.9390000104904175,0.7466999888420105
YGR080W,YDL212W,0,-4.786975,0.1116926372051239,0.9390000104904175,0.7468000054359436
YKL141W,YOL113W,0,-4.7873106,0.11167935281991959,0.9390000104904175,0.7469000220298767
YDR079W,YMR229C,0,-4.7876053,0.11166606843471527,0.9390000104904175,0.746999979019165
YER088C,YDR423C,0,-4.787663,0.11165279150009155,0.9390000104904175,0.7470999956130981
YLR206W,YJR046W,0,-4.7877383,0.11163952201604843,0.9390000104904175,0.7472000122070312
YJL207C,YDR258C,0,-4.7877445,0.11162624508142471,0.9390000104904175,0.7473000288009644
YOR067C,YPL087W,0,-4.7883263,0.11161298304796219,0.9390000104904175,0.7473999857902527
YPL069C,YKL032C,0,-4.789172,0.11159971356391907,0.9390000104904175,0.7475000023841858
YER018C,YKR072C,0,-4.789389,0.11158645153045654,0.9390000104904175,0.7476000189781189
YLR075W,YGL011C,0,-4.7896423,0.11157319694757462,0.9390000104904175,0.7476999759674072
YDR123C,YMR173W,0,-4.7896805,0.11155993491411209,0.9390000104904175,0.7477999925613403
YMR015C,YDR252W,0,-4.789755,0.11154668778181076,0.9390000104904175,0.7479000091552734
YIL021W,YLR447C,0,-4.7897925,0.11153343319892883,0.9390000104904175,0.7480000257492065
YHL025W,YOR281C,0,-4.7900367,0.1115201935172081,0.9390000104904175,0.7480999827384949
YMR012W,YDR176W,0,-4.790071,0.11150694638490677,0.9390000104904175,0.748199999332428
YFR013W,YOR267C,0,-4.790501,0.11149370670318604,0.9390000104904175,0.7483000159263611
YOR321W,YKL040C,0,-4.790824,0.1114804670214653,0.9390000104904175,0.7483999729156494
YLL050C,YML091C,0,-4.7910137,0.11146723479032516,0.9390000104904175,0.7484999895095825
YDR309C,YIL075C,0,-4.791115,0.11145400255918503,0.9390000104904175,0.7486000061035156
YDR384C,YAL056W,0,-4.7915154,0.11144077777862549,0.9390000104904175,0.7487000226974487
YEL051W,YDR096W,0,-4.7925763,0.11142755299806595,0.9390000104904175,0.7487999796867371
YKR085C,YKL108W,0,-4.7926817,0.111414335668087,0.9390000104904175,0.7488999962806702
YBR267W,YIL126W,0,-4.7927694,0.11140111833810806,0.9390000104904175,0.7490000128746033
YJL138C,YIR023W,0,-4.793248,0.11138790100812912,0.9390000104904175,0.7491000294685364
YER062C,YOR011W,0,-4.7933674,0.11137469112873077,0.9390000104904175,0.7491999864578247
YDR424C,YPL115C,0,-4.79348,0.11136148124933243,0.9390000104904175,0.7493000030517578
YPL119C,YDR116C,0,-4.793484,0.11134827136993408,0.9390000104904175,0.7494000196456909
YOR281C,YEL034W,0,-4.7937326,0.11133506894111633,0.9390000104904175,0.7494999766349792
YDR486C,YJL110C,0,-4.793832,0.11132187396287918,0.9390000104904175,0.7495999932289124
YCR002C,YER053C,0,-4.7946367,0.11130867898464203,0.9390000104904175,0.7497000098228455
YML034W,YGL073W,0,-4.7947865,0.11129548400640488,0.9390000104904175,0.7498000264167786
YDR153C,YJL210W,0,-4.794887,0.11128229647874832,0.9390000104904175,0.7498999834060669
YDR363W-A,YMR005W,0,-4.794968,0.11126910895109177,0.9390000104904175,0.75
YKR042W,YER045C,0,-4.7949867,0.11125592142343521,0.9390000104904175,0.7501000165939331
YKR039W,YMR047C,0,-4.7950115,0.11124274134635925,0.9390000104904175,0.7501999735832214
YCR024C-A,YHR084W,0,-4.7954063,0.11122956871986389,0.9390000104904175,0.7502999901771545
YHR116W,YFR037C,0,-4.795487,0.11121638864278793,0.9390000104904175,0.7504000067710876
YNL030W,YDR317W,0,-4.795555,0.11120322346687317,0.9390000104904175,0.7505000233650208
YLR130C,YDL033C,0,-4.795594,0.11119005084037781,0.9390000104904175,0.7505999803543091
YDR487C,YMR267W,0,-4.7957478,0.11117688566446304,0.9390000104904175,0.7506999969482422
YOR173W,YJL053W,0,-4.796567,0.11116372793912888,0.9390000104904175,0.7508000135421753
YMR055C,YMR260C,0,-4.796591,0.11115057021379471,0.9390000104904175,0.7508999705314636
YJR144W,YJL187C,0,-4.7966022,0.11113741248846054,0.9390000104904175,0.7509999871253967
YGR241C,YPR010C,0,-4.796673,0.11112426221370697,0.9390000104904175,0.7511000037193298
YGL073W,YJR046W,0,-4.797064,0.1111111119389534,0.9390000104904175,0.7512000203132629
YPL262W,YMR220W,0,-4.797285,0.11109796166419983,0.9390000104904175,0.7512999773025513
YLR033W,YFL036W,0,-4.7982273,0.11108481884002686,0.9390000104904175,0.7513999938964844
YKR066C,YBL106C,0,-4.798868,0.11107168346643448,0.9390000104904175,0.7515000104904175
YML115C,YLR353W,0,-4.7988734,0.1110585480928421,0.9390000104904175,0.7516000270843506
YML073C,YMR216C,0,-4.799498,0.11104541271924973,0.9390000104904175,0.7516999840736389
YOL094C,YMR288W,0,-4.7998037,0.11103227734565735,0.9390000104904175,0.751800000667572
YNL008C,YDL188C,0,-4.799861,0.11101915687322617,0.9390000104904175,0.7519000172615051
YHR005C-A,YOR157C,0,-4.799979,0.11100602895021439,0.9390000104904175,0.7519999742507935
YPR032W,YOR261C,0,-4.8000116,0.1109929084777832,0.9390000104904175,0.7520999908447266
YLR293C,YMR048W,0,-4.8015885,0.11097978800535202,0.9390000104904175,0.7522000074386597
YGL191W,YPL266W,0,-4.8020415,0.11096667498350143,0.9390000104904175,0.7523000240325928
YDR247W,YGL058W,0,-4.8023543,0.11095356196165085,0.9390000104904175,0.7523999810218811
YLR260W,YCL044C,0,-4.802831,0.11094045639038086,0.9390000104904175,0.7524999976158142
YML032C,YML128C,1,-4.8030815,0.1110454797744751,0.9399999976158142,0.7524999976158142
YBR192W,YML085C,0,-4.8033085,0.11103236675262451,0.9399999976158142,0.7526000142097473
YLR376C,YGL191W,0,-4.8036118,0.11101925373077393,0.9399999976158142,0.7526999711990356
YNL329C,YKL160W,0,-4.8044467,0.11100614070892334,0.9399999976158142,0.7527999877929688
YBR055C,YDR081C,0,-4.804699,0.11099303513765335,0.9399999976158142,0.7529000043869019
YER020W,YNL153C,0,-4.804818,0.11097992956638336,0.9399999976158142,0.753000020980835
YDL143W,YOR290C,0,-4.8050127,0.11096683144569397,0.9399999976158142,0.7530999779701233
YPL082C,YLR197W,0,-4.8051715,0.11095373332500458,0.9399999976158142,0.7531999945640564
YPL160W,YPR162C,0,-4.805332,0.11094063520431519,0.9399999976158142,0.7533000111579895
YOR317W,YML060W,0,-4.8054934,0.11092754453420639,0.9399999976158142,0.7534000277519226
YDL039C,YPR080W,0,-4.805526,0.1109144538640976,0.9399999976158142,0.7534999847412109
YPL086C,YGL032C,0,-4.805833,0.1109013706445694,0.9399999976158142,0.753600001335144
YHR067W,YOR157C,0,-4.8062773,0.1108882874250412,0.9399999976158142,0.7537000179290771
YPL283C,YAL029C,1,-4.806472,0.1109931617975235,0.9409999847412109,0.7537000179290771
YPR104C,YNL323W,0,-4.8066554,0.1109800711274147,0.9409999847412109,0.7537999749183655
YNL182C,YPL139C,0,-4.807314,0.11096698045730591,0.9409999847412109,0.7538999915122986
YCR088W,YNL154C,0,-4.8074813,0.11095389723777771,0.9409999847412109,0.7540000081062317
YMR314W,YMR302C,0,-4.8075895,0.11094081401824951,0.9409999847412109,0.7541000247001648
YKL188C,YML074C,0,-4.8085313,0.11092773824930191,0.9409999847412109,0.7541999816894531
YDL230W,YAL031C,0,-4.808608,0.11091466248035431,0.9409999847412109,0.7542999982833862
YOR284W,YCR038C,0,-4.8087296,0.1109015941619873,0.9409999847412109,0.7544000148773193
YPL055C,YDR258C,0,-4.8089814,0.1108885258436203,0.9409999847412109,0.7544999718666077
YDR284C,YPL112C,0,-4.8091555,0.1108754575252533,0.9409999847412109,0.7545999884605408
YJL141C,YBL003C,0,-4.8092194,0.11086239665746689,0.9409999847412109,0.7547000050544739
YDR143C,YHR114W,0,-4.8093305,0.11084933578968048,0.9409999847412109,0.754800021648407
YNL111C,YIR019C,0,-4.809488,0.11083627492189407,0.9409999847412109,0.7548999786376953
YLR319C,YGL011C,0,-4.8102818,0.11082322150468826,0.9409999847412109,0.7549999952316284
YHR092C,YBR182C,0,-4.8103466,0.11081017553806305,0.9409999847412109,0.7551000118255615
YKL113C,YGR128C,0,-4.8109236,0.11079712957143784,0.9409999847412109,0.7552000284194946
YHR196W,YDL035C,0,-4.812601,0.11078408360481262,0.9409999847412109,0.755299985408783
YPL244C,YIL030C,0,-4.8127337,0.110771045088768,0.9409999847412109,0.7554000020027161
YFR024C-A,YOR127W,0,-4.8128633,0.11075800657272339,0.9409999847412109,0.7555000185966492
YDR513W,YDR156W,0,-4.8132963,0.11074496805667877,0.9409999847412109,0.7555999755859375
YKL082C,YFR052W,0,-4.8133664,0.11073193699121475,0.9409999847412109,0.7556999921798706
YDR434W,YML060W,0,-4.813736,0.11071890592575073,0.9409999847412109,0.7558000087738037
YPR163C,YLR361C,0,-4.8142753,0.11070588231086731,0.9409999847412109,0.7559000253677368
YPL012W,YER075C,0,-4.814305,0.11069285869598389,0.9409999847412109,0.7559999823570251
YMR199W,YPL048W,0,-4.8143125,0.11067984253168106,0.9409999847412109,0.7560999989509583
YBR177C,YBR274W,0,-4.8145394,0.11066682636737823,0.9409999847412109,0.7562000155448914
YGL003C,YDL019C,0,-4.814902,0.11065381020307541,0.9409999847412109,0.7562999725341797
YPL147W,YOL027C,0,-4.8152285,0.11064080148935318,0.9409999847412109,0.7563999891281128
YLR216C,YNL236W,0,-4.8153133,0.11062779277563095,0.9409999847412109,0.7565000057220459
YLR119W,YOR187W,0,-4.8165517,0.11061479151248932,0.9409999847412109,0.756600022315979
YOL130W,YGR275W,0,-4.8169384,0.11060179024934769,0.9409999847412109,0.7566999793052673
YOR284W,YPR135W,0,-4.8176966,0.11058878898620605,0.9409999847412109,0.7567999958992004
YDR183W,YOR136W,0,-4.817761,0.11057579517364502,0.9409999847412109,0.7569000124931335
YBR215W,YOR316C,0,-4.8178678,0.11056280136108398,0.9409999847412109,0.7570000290870667
YEL024W,YNL293W,0,-4.8179927,0.11054981499910355,0.9409999847412109,0.757099986076355
YPR162C,YOR206W,0,-4.81845,0.11053682863712311,0.9409999847412109,0.7572000026702881
YLR067C,YPL139C,0,-4.8189235,0.11052384227514267,0.9409999847412109,0.7573000192642212
YMR135C,YJR125C,0,-4.8189583,0.11051086336374283,0.9409999847412109,0.7573999762535095
YPR165W,YML046W,0,-4.819007,0.11049788445234299,0.9409999847412109,0.7574999928474426
YBR179C,YGL106W,0,-4.8196526,0.11048491299152374,0.9409999847412109,0.7576000094413757
YJL186W,YLR409C,0,-4.8198714,0.1104719415307045,0.9409999847412109,0.7577000260353088
YJR077C,YNL293W,0,-4.819943,0.11045897752046585,0.9409999847412109,0.7577999830245972
YGR202C,YDR418W,0,-4.820055,0.1104460060596466,0.9409999847412109,0.7578999996185303
YDR301W,YNL177C,0,-4.820198,0.11043304949998856,0.9409999847412109,0.7580000162124634
YNL206C,YBR130C,1,-4.8203077,0.11053743213415146,0.9419999718666077,0.7580000162124634
YMR038C,YIL106W,0,-4.8210707,0.11052446067333221,0.9419999718666077,0.7580999732017517
YML028W,YDR448W,0,-4.821263,0.11051149666309357,0.9419999718666077,0.7581999897956848
YGR094W,YPL059W,0,-4.8214197,0.11049853265285492,0.9419999718666077,0.7583000063896179
YDL022W,YIL030C,0,-4.8217535,0.11048557609319687,0.9419999718666077,0.758400022983551
YMR039C,YBR036C,0,-4.8218136,0.11047261953353882,0.9419999718666077,0.7584999799728394
YNR035C,YNR059W,0,-4.8224716,0.11045966297388077,0.9419999718666077,0.7585999965667725
YLR048W,YPL031C,0,-4.8225565,0.11044671386480331,0.9419999718666077,0.7587000131607056
YER001W,YMR092C,0,-4.8225803,0.11043376475572586,0.9419999718666077,0.7588000297546387
YLR216C,YHR001W,0,-4.82284,0.11042081564664841,0.9419999718666077,0.758899986743927
YDR437W,YIL056W,0,-4.822995,0.11040787398815155,0.9419999718666077,0.7590000033378601
YLR360W,YOL004W,0,-4.823323,0.11039493978023529,0.9419999718666077,0.7591000199317932
YKR055W,YBR037C,0,-4.823799,0.11038199812173843,0.9419999718666077,0.7591999769210815
YPR082C,YDR409W,0,-4.8241625,0.11036907136440277,0.9419999718666077,0.7592999935150146
YDR260C,YLL026W,0,-4.8241687,0.11035613715648651,0.9419999718666077,0.7594000101089478
YJL183W,YBR129C,0,-4.825403,0.11034321039915085,0.9419999718666077,0.7595000267028809
YGL068W,YGL014W,0,-4.825407,0.11033029109239578,0.9419999718666077,0.7595999836921692
YPR067W,YFR037C,0,-4.826131,0.11031736433506012,0.9419999718666077,0.7597000002861023
YKL193C,YFL021W,0,-4.826676,0.11030445247888565,0.9419999718666077,0.7598000168800354
YMR241W,YJL073W,0,-4.827139,0.11029153317213058,0.9419999718666077,0.7598999738693237
YPL022W,YAL029C,1,-4.8272786,0.11039569228887558,0.9430000185966492,0.7598999738693237
YOR226C,YPR021C,0,-4.828129,0.11038277298212051,0.9430000185966492,0.7599999904632568
YNL188W,YGR145W,0,-4.8284917,0.11036985367536545,0.9430000185966492,0.7601000070571899
YLR103C,YJR093C,0,-4.828808,0.11035693436861038,0.9430000185966492,0.760200023651123
YDR501W,YJR077C,0,-4.8295584,0.11034402251243591,0.9430000185966492,0.7602999806404114
YOR326W,YER008C,0,-4.830394,0.11033111065626144,0.9430000185966492,0.7603999972343445
YGR101W,YCR033W,0,-4.8304424,0.11031820625066757,0.9430000185966492,0.7605000138282776
YDR075W,YOR261C,0,-4.8307977,0.1103053018450737,0.9430000185966492,0.7605999708175659
YER001W,YMR033W,0,-4.8309746,0.11029239743947983,0.9430000185966492,0.760699987411499
YOR076C,YER032W,0,-4.8311377,0.11027950048446655,0.9430000185966492,0.7608000040054321
YLR248W,YOR002W,0,-4.8311534,0.11026660352945328,0.9430000185966492,0.7609000205993652
YBR002C,YLR224W,0,-4.831156,0.1102537140250206,0.9430000185966492,0.7609999775886536
YOR073W,YDR120C,0,-4.831243,0.11024082452058792,0.9430000185966492,0.7610999941825867
YHL003C,YDR448W,0,-4.8315897,0.11022793501615524,0.9430000185966492,0.7612000107765198
YMR106C,YDL185W,1,-4.831715,0.1103319302201271,0.9440000057220459,0.7612000107765198
YGR244C,YIR023W,0,-4.8317385,0.11031904071569443,0.9440000057220459,0.7613000273704529
YER095W,YAR007C,1,-4.832412,0.1104229986667633,0.9449999928474426,0.7613000273704529
YGL097W,YCR094W,0,-4.832671,0.11041009426116943,0.9449999928474426,0.7613999843597412
YCR037C,YNL230C,0,-4.8334036,0.11039719730615616,0.9449999928474426,0.7615000009536743
YPL050C,YAR042W,0,-4.8337,0.11038430035114288,0.9449999928474426,0.7616000175476074
YPL147W,YGR209C,0,-4.833994,0.1103714108467102,0.9449999928474426,0.7616999745368958
YDR168W,YDR422C,0,-4.834609,0.11035852134227753,0.9449999928474426,0.7617999911308289
YDL076C,YJR040W,0,-4.8352504,0.11034563183784485,0.9449999928474426,0.761900007724762
YDR148C,YER006W,0,-4.835785,0.11033274978399277,0.9449999928474426,0.7620000243186951
YGR077C,YJR046W,0,-4.835924,0.11031986773014069,0.9449999928474426,0.7620999813079834
YPR032W,YOR085W,0,-4.8360434,0.1103069931268692,0.9449999928474426,0.7621999979019165
YOL108C,YMR314W,0,-4.836259,0.11029411852359772,0.9449999928474426,0.7623000144958496
YOR284W,YPL101W,0,-4.8364315,0.11028124392032623,0.9449999928474426,0.7623999714851379
YPL020C,YLR355C,0,-4.8365574,0.11026837676763535,0.9449999928474426,0.762499988079071
YER013W,YBR290W,0,-4.8367896,0.11025550961494446,0.9449999928474426,0.7626000046730042
YML115C,YHR062C,0,-4.8371434,0.11024264991283417,0.9449999928474426,0.7627000212669373
YOR209C,YMR247C,0,-4.837166,0.11022979021072388,0.9449999928474426,0.7627999782562256
YBR154C,YOR308C,0,-4.837201,0.11021693795919418,0.9449999928474426,0.7628999948501587
YAL034W-A,YKL117W,0,-4.837901,0.11020407825708389,0.9449999928474426,0.7630000114440918
YDR147W,YPR101W,0,-4.838134,0.1101912334561348,0.9449999928474426,0.7631000280380249
YKL182W,YPR154W,0,-4.838135,0.1101783812046051,0.9449999928474426,0.7631999850273132
YDR153C,YPL190C,0,-4.8388133,0.110165536403656,0.9449999928474426,0.7633000016212463
YNL297C,YCL033C,0,-4.83888,0.1101526990532875,0.9449999928474426,0.7634000182151794
YGR101W,YDR176W,0,-4.838883,0.110139861702919,0.9449999928474426,0.7634999752044678
YGL099W,YCR039C,0,-4.839411,0.1101270243525505,0.9449999928474426,0.7635999917984009
YGR257C,YDR311W,0,-4.839756,0.1101141944527626,0.9449999928474426,0.763700008392334
YNL294C,YGR239C,0,-4.839785,0.1101013645529747,0.9449999928474426,0.7638000249862671
YDR318W,YBR260C,0,-4.8406067,0.1100885346531868,0.9449999928474426,0.7638999819755554
YNL097C,YKL126W,0,-4.841784,0.11007571220397949,0.9449999928474426,0.7639999985694885
YDR201W,YKL051W,0,-4.8418827,0.11006288975477219,0.9449999928474426,0.7641000151634216
YGR054W,YGR103W,0,-4.8419857,0.11005007475614548,0.9449999928474426,0.76419997215271
YDL097C,YKR039W,0,-4.8421044,0.11003725975751877,0.9449999928474426,0.7642999887466431
YJL116C,YCL040W,0,-4.8437934,0.11002445220947266,0.9449999928474426,0.7644000053405762
YGR216C,YHR158C,0,-4.8438787,0.11001164466142654,0.9449999928474426,0.7645000219345093
YLR433C,YKL028W,0,-4.843941,0.10999883711338043,0.9449999928474426,0.7645999789237976
YGR171C,YGL097W,0,-4.8441877,0.10998603701591492,0.9449999928474426,0.7646999955177307
YNL091W,YAL030W,0,-4.844231,0.1099732369184494,0.9449999928474426,0.7648000121116638
YGR132C,YFL008W,0,-4.844796,0.10996043682098389,0.9449999928474426,0.7649000287055969
YBR079C,YDL006W,0,-4.845463,0.10994764417409897,0.9449999928474426,0.7649999856948853
YPL192C,YOL066C,0,-4.8460064,0.10993485152721405,0.9449999928474426,0.7651000022888184
YLR103C,YGL078C,0,-4.846027,0.10992206633090973,0.9449999928474426,0.7652000188827515
YOR224C,YLR447C,0,-4.8462076,0.10990928113460541,0.9449999928474426,0.7652999758720398
YAL023C,YOR295W,0,-4.8472214,0.10989649593830109,0.9449999928474426,0.7653999924659729
YKR061W,YDR485C,0,-4.8474236,0.10988371819257736,0.9449999928474426,0.765500009059906
YKL013C,YPL011C,0,-4.8478003,0.10987094789743423,0.9449999928474426,0.7656000256538391
YDR424C,YIL123W,0,-4.847989,0.10985817015171051,0.9449999928474426,0.7656999826431274
YML091C,YKR031C,0,-4.8480477,0.10984539985656738,0.9449999928474426,0.7657999992370605
YNL219C,YGR123C,0,-4.8481426,0.10983263701200485,0.9449999928474426,0.7659000158309937
YOR361C,YGR092W,0,-4.8486686,0.10981987416744232,0.9449999928474426,0.765999972820282
YHR107C,YMR216C,0,-4.8488216,0.10980711132287979,0.9449999928474426,0.7660999894142151
YKL175W,YOR157C,0,-4.849837,0.10979435592889786,0.9449999928474426,0.7662000060081482
YGL025C,YER005W,0,-4.850316,0.10978160053491592,0.9449999928474426,0.7663000226020813
YBL090W,YPR032W,0,-4.8504634,0.10976884514093399,0.9449999928474426,0.7663999795913696
YDR488C,YDR137W,0,-4.8507314,0.10975609719753265,0.9449999928474426,0.7664999961853027
YDR513W,YDL150W,0,-4.8508453,0.10974334925413132,0.9449999928474426,0.7666000127792358
YER166W,YDR397C,0,-4.8509936,0.10973060876131058,0.9449999928474426,0.766700029373169
YBR070C,YEL012W,0,-4.851162,0.10971786826848984,0.9449999928474426,0.7667999863624573
YER166W,YIL035C,0,-4.851755,0.1097051277756691,0.9449999928474426,0.7669000029563904
YJR060W,YER100W,0,-4.8520217,0.10969239473342896,0.9449999928474426,0.7670000195503235
YNL231C,YMR302C,0,-4.8528194,0.10967966914176941,0.9449999928474426,0.7670999765396118
YKL148C,YDL197C,0,-4.8530326,0.10966693609952927,0.9449999928474426,0.7671999931335449
YNL163C,YJL124C,0,-4.853269,0.10965421050786972,0.9449999928474426,0.767300009727478
YCR042C,YOR147W,0,-4.853529,0.10964149236679077,0.9449999928474426,0.7674000263214111
YPL055C,YMR005W,0,-4.8540726,0.10962876677513123,0.9449999928474426,0.7674999833106995
YOR080W,YNL214W,0,-4.85413,0.10961605608463287,0.9449999928474426,0.7675999999046326
YAR042W,YMR026C,0,-4.854658,0.10960333794355392,0.9449999928474426,0.7677000164985657
YIR017C,YKR066C,0,-4.85495,0.10959062725305557,0.9449999928474426,0.767799973487854
YJL198W,YMR175W,0,-4.8553915,0.10957792401313782,0.9449999928474426,0.7678999900817871
YDR456W,YJL110C,0,-4.856336,0.10956522077322006,0.9449999928474426,0.7680000066757202
YPL115C,YIL124W,0,-4.856356,0.10955251753330231,0.9449999928474426,0.7681000232696533
YDR224C,YML086C,0,-4.856381,0.10953981429338455,0.9449999928474426,0.7681999802589417
YMR211W,YFL026W,0,-4.8568687,0.1095271185040474,0.9449999928474426,0.7682999968528748
YML034W,YDL134C,0,-4.8569746,0.10951443016529083,0.9449999928474426,0.7684000134468079
YHR114W,YGR092W,0,-4.8570366,0.10950174182653427,0.9449999928474426,0.7684999704360962
YPL098C,YFL008W,0,-4.857403,0.10948905348777771,0.9449999928474426,0.7685999870300293
YBL046W,YNL188W,0,-4.8577843,0.10947636514902115,0.9449999928474426,0.7687000036239624
YDL079C,YFL002C,0,-4.857885,0.10946368426084518,0.9449999928474426,0.7688000202178955
YML098W,YGR092W,0,-4.858871,0.10945101082324982,0.9449999928474426,0.7688999772071838
YDR339C,YGR278W,0,-4.859303,0.10943832993507385,0.9449999928474426,0.7689999938011169
YDR078C,YPL110C,0,-4.8593698,0.10942565649747849,0.9449999928474426,0.76910001039505
YDR078C,YLR138W,0,-4.859602,0.10941299051046371,0.9449999928474426,0.7692000269889832
YJL085W,YNL307C,0,-4.860021,0.10940032452344894,0.9449999928474426,0.7692999839782715
YGR121C,YBR009C,0,-4.860196,0.10938765853643417,0.9449999928474426,0.7694000005722046
YHR060W,YGR121C,0,-4.8602114,0.109375,0.9449999928474426,0.7695000171661377
YER020W,YLR191W,0,-4.8604054,0.10936234146356583,0.9449999928474426,0.769599974155426
YJR060W,YOL121C,0,-4.860675,0.10934969037771225,0.9449999928474426,0.7696999907493591
YBL058W,YLR229C,0,-4.860718,0.10933703929185867,0.9449999928474426,0.7698000073432922
YBR118W,YLR240W,0,-4.860794,0.1093243882060051,0.9449999928474426,0.7699000239372253
YBR091C,YOR074C,0,-4.8610983,0.10931174457073212,0.9449999928474426,0.7699999809265137
YNL119W,YML065W,0,-4.8611417,0.10929910093545914,0.9449999928474426,0.7700999975204468
YOR316C,YEL026W,0,-4.861365,0.10928645730018616,0.9449999928474426,0.7702000141143799
YEL054C,YER123W,0,-4.8617983,0.10927382111549377,0.9449999928474426,0.7702999711036682
YER122C,YPL065W,0,-4.862342,0.10926118493080139,0.9449999928474426,0.7703999876976013
YPL122C,YDR039C,0,-4.86241,0.1092485561966896,0.9449999928474426,0.7705000042915344
YGL171W,YOR290C,0,-4.862502,0.10923592746257782,0.9449999928474426,0.7706000208854675
YNL267W,YNL061W,0,-4.8625607,0.10922329872846603,0.9449999928474426,0.7706999778747559
YJR083C,YPL012W,0,-4.862846,0.10921067744493484,0.9449999928474426,0.770799994468689
YGL106W,YDR118W,0,-4.8631415,0.10919805616140366,0.9449999928474426,0.7709000110626221
YIL062C,YPL115C,0,-4.863708,0.10918544232845306,0.9449999928474426,0.7710000276565552
YMR293C,YAL030W,0,-4.8637805,0.10917282849550247,0.9449999928474426,0.7710999846458435
YDR207C,YLR466W,1,-4.8638363,0.10927572846412659,0.9459999799728394,0.7710999846458435
YMR239C,YPL175W,0,-4.8641686,0.1092631071805954,0.9459999799728394,0.7712000012397766
YDR145W,YDR156W,0,-4.864524,0.1092504933476448,0.9459999799728394,0.7713000178337097
YCL010C,YHR205W,0,-4.865094,0.10923787206411362,0.9459999799728394,0.771399974822998
YDR153C,YBR237W,0,-4.8652444,0.10922526568174362,0.9459999799728394,0.7714999914169312
YMR200W,YJL194W,0,-4.865305,0.10921265184879303,0.9459999799728394,0.7716000080108643
YMR314W,YLR229C,0,-4.8653345,0.10920004546642303,0.9459999799728394,0.7717000246047974
YKL160W,YOR231W,0,-4.866173,0.10918743908405304,0.9459999799728394,0.7717999815940857
YDR202C,YDR463W,0,-4.866391,0.10917484015226364,0.9459999799728394,0.7718999981880188
YKL113C,YOL111C,0,-4.866438,0.10916224122047424,0.9459999799728394,0.7720000147819519
YNL156C,YMR033W,0,-4.8664455,0.10914964973926544,0.9459999799728394,0.7720999717712402
YPR182W,YOR147W,0,-4.8666162,0.10913705825805664,0.9459999799728394,0.7721999883651733
YBR089C-A,YBR290W,0,-4.8666477,0.10912446677684784,0.9459999799728394,0.7723000049591064
YGR132C,YBR112C,0,-4.8667765,0.10911188274621964,0.9459999799728394,0.7724000215530396
YPR018W,YJR145C,0,-4.8673844,0.10909929871559143,0.9459999799728394,0.7724999785423279
YGL120C,YCR008W,0,-4.867409,0.10908671468496323,0.9459999799728394,0.772599995136261
YKL007W,YHR030C,0,-4.8676214,0.10907413810491562,0.9459999799728394,0.7727000117301941
YPR134W,YER155C,0,-4.867986,0.10906156152486801,0.9459999799728394,0.7728000283241272
YDR451C,YOL005C,0,-4.868042,0.109048992395401,0.9459999799728394,0.7728999853134155
YDR361C,YHR077C,0,-4.8686604,0.10903642326593399,0.9459999799728394,0.7730000019073486
YLR380W,YPL087W,0,-4.8690796,0.10902385413646698,0.9459999799728394,0.7731000185012817
YLR369W,YOR149C,0,-4.86915,0.10901129245758057,0.9459999799728394,0.7731999754905701
YDR224C,YOL097C,0,-4.869157,0.10899873077869415,0.9459999799728394,0.7732999920845032
YBR072W,YDR529C,0,-4.8695464,0.10898617655038834,0.9459999799728394,0.7734000086784363
YBR234C,YPR120C,0,-4.8705378,0.10897362232208252,0.9459999799728394,0.7735000252723694
YOL133W,YDL134C,0,-4.8714037,0.1089610680937767,0.9459999799728394,0.7735999822616577
YDR486C,YKL126W,0,-4.8719025,0.10894852131605148,0.9459999799728394,0.7736999988555908
YLR006C,YAL054C,0,-4.8720117,0.10893597453832626,0.9459999799728394,0.7738000154495239
YNL283C,YML046W,0,-4.872101,0.10892342776060104,0.9459999799728394,0.7738999724388123
YJR068W,YMR109W,0,-4.872625,0.10891088843345642,0.9459999799728394,0.7739999890327454
YGL058W,YKL193C,0,-4.87292,0.1088983565568924,0.9459999799728394,0.7741000056266785
YEL054C,YDR353W,0,-4.8729215,0.10888581722974777,0.9459999799728394,0.7742000222206116
YER149C,YNL032W,0,-4.87295,0.10887328535318375,0.9459999799728394,0.7742999792098999
YLR119W,YLR110C,0,-4.873002,0.10886076092720032,0.9459999799728394,0.774399995803833
YMR247C,YML005W,0,-4.873906,0.10884823650121689,0.9459999799728394,0.7745000123977661
YCR037C,YOR207C,0,-4.8740635,0.10883571207523346,0.9459999799728394,0.7746000289916992
YJL062W,YPR086W,0,-4.8749766,0.10882318764925003,0.9459999799728394,0.7746999859809875
YDR057W,YPL089C,0,-4.8763165,0.1088106706738472,0.9459999799728394,0.7748000025749207
YKL182W,YML069W,0,-4.876657,0.10879816114902496,0.9459999799728394,0.7749000191688538
YGR262C,YOL094C,0,-4.876678,0.10878565162420273,0.9459999799728394,0.7749999761581421
YBR082C,YDR148C,0,-4.8770943,0.1087731420993805,0.9459999799728394,0.7750999927520752
YPL057C,YER123W,0,-4.8775606,0.10876063257455826,0.9459999799728394,0.7752000093460083
YLR067C,YNL182C,0,-4.878035,0.10874813050031662,0.9459999799728394,0.7753000259399414
YIL062C,YDR419W,0,-4.878272,0.10873563587665558,0.9459999799728394,0.7753999829292297
YOR326W,YML015C,0,-4.878435,0.10872313380241394,0.9459999799728394,0.7754999995231628
YGR134W,YKL178C,0,-4.8787265,0.1087106391787529,0.9459999799728394,0.775600016117096
YKR052C,YGL133W,0,-4.879033,0.10869815200567245,0.9459999799728394,0.7756999731063843
YJR017C,YPR103W,0,-4.879472,0.10868566483259201,0.9459999799728394,0.7757999897003174
YPR018W,YPR008W,0,-4.8795815,0.10867317765951157,0.9459999799728394,0.7759000062942505
YMR292W,YGL216W,0,-4.8805313,0.10866069048643112,0.9459999799728394,0.7760000228881836
YPL193W,YOL021C,0,-4.8809977,0.10864821076393127,0.9459999799728394,0.7760999798774719
YKR014C,YGL087C,0,-4.881309,0.10863573849201202,0.9459999799728394,0.776199996471405
YJR068W,YOR229W,0,-4.881351,0.10862326622009277,0.9459999799728394,0.7763000130653381
YML085C,YHR070W,0,-4.8815985,0.10861079394817352,0.9459999799728394,0.7764000296592712
YIL135C,YDL108W,0,-4.8817973,0.10859832167625427,0.9459999799728394,0.7764999866485596
YMR283C,YGR159C,0,-4.881816,0.10858585685491562,0.9459999799728394,0.7766000032424927
YDR389W,YPL128C,0,-4.882451,0.10857339948415756,0.9459999799728394,0.7767000198364258
YNL283C,YOR281C,0,-4.8828173,0.10856093466281891,0.9459999799728394,0.7767999768257141
YDR434W,YBL074C,0,-4.8829665,0.10854847729206085,0.9459999799728394,0.7768999934196472
YER018C,YDL064W,0,-4.8835073,0.10853602737188339,0.9459999799728394,0.7770000100135803
YOR316C,YMR030W,0,-4.8845563,0.10852357745170593,0.9459999799728394,0.7771000266075134
YHR196W,YHR129C,0,-4.8850937,0.10851112753152847,0.9459999799728394,0.7771999835968018
YJL080C,YOR193W,0,-4.8854675,0.10849867761135101,0.9459999799728394,0.7773000001907349
YOR061W,YGL244W,0,-4.8861585,0.10848623514175415,0.9459999799728394,0.777400016784668
YIL122W,YLR355C,0,-4.8862925,0.10847380012273788,0.9459999799728394,0.7774999737739563
YNL323W,YIR008C,0,-4.886677,0.10846136510372162,0.9459999799728394,0.7775999903678894
YCR027C,YNL098C,0,-4.8867884,0.10844893008470535,0.9459999799728394,0.7777000069618225
YHR120W,YKR072C,0,-4.8870606,0.10843649506568909,0.9459999799728394,0.7778000235557556
YJL076W,YNL307C,0,-4.8871818,0.10842406749725342,0.9459999799728394,0.777899980545044
YLR466W,YKL130C,1,-4.887516,0.10852624475955963,0.9470000267028809,0.777899980545044
YER122C,YLR110C,0,-4.887538,0.10851380974054337,0.9470000267028809,0.777999997138977
YMR061W,YJR090C,0,-4.8875456,0.1085013747215271,0.9470000267028809,0.7781000137329102
YNL312W,YJL047C,1,-4.8875737,0.10860350728034973,0.9480000138282776,0.7781000137329102
YLR067C,YDR389W,0,-4.888442,0.10859106481075287,0.9480000138282776,0.7781999707221985
YMR267W,YGR128C,0,-4.8885417,0.1085786297917366,0.9480000138282776,0.7782999873161316
YLR450W,YCR028C,0,-4.8889,0.10856619477272034,0.9480000138282776,0.7784000039100647
YOR341W,YBR042C,0,-4.8892355,0.10855375975370407,0.9480000138282776,0.7785000205039978
YOL051W,YNL133C,0,-4.8894567,0.1085413321852684,0.9480000138282776,0.7785999774932861
YBR055C,YOR140W,0,-4.8895645,0.10852890461683273,0.9480000138282776,0.7786999940872192
YDR028C,YMR026C,0,-4.889639,0.10851648449897766,0.9480000138282776,0.7788000106811523
YLR166C,YGR121C,0,-4.8898773,0.10850406438112259,0.9480000138282776,0.7789000272750854
YBR121C,YDL108W,0,-4.8898916,0.10849164426326752,0.9480000138282776,0.7789999842643738
YPL135W,YBR082C,0,-4.890052,0.10847923159599304,0.9480000138282776,0.7791000008583069
YLR048W,YCR083W,0,-4.890231,0.10846681892871857,0.9480000138282776,0.77920001745224
YGR185C,YDR508C,0,-4.8908687,0.10845441371202469,0.9480000138282776,0.7792999744415283
YDL198C,YMR314W,0,-4.891794,0.10844200104475021,0.9480000138282776,0.7793999910354614
YKL093W,YBR102C,0,-4.8919544,0.10842960327863693,0.9480000138282776,0.7795000076293945
YNL267W,YIL038C,0,-4.892348,0.10841719806194305,0.9480000138282776,0.7796000242233276
YJR093C,YHL028W,0,-4.8925657,0.10840480029582977,0.9480000138282776,0.779699981212616
YIL023C,YDL130W-A,0,-4.8930964,0.10839240998029709,0.9480000138282776,0.7797999978065491
YDR164C,YNL001W,0,-4.8931875,0.1083800196647644,0.9480000138282776,0.7799000144004822
YOL080C,YOR123C,0,-4.894265,0.10836762934923172,0.9480000138282776,0.7799999713897705
YLR060W,YBR201W,0,-4.894327,0.10835523903369904,0.9480000138282776,0.7800999879837036
YOR067C,YGR238C,0,-4.8945417,0.10834285616874695,0.9480000138282776,0.7802000045776367
YNR039C,YML046W,0,-4.894579,0.10833047330379486,0.9480000138282776,0.7803000211715698
YBL003C,YPL237W,0,-4.8947625,0.10831809788942337,0.9480000138282776,0.7803999781608582
YCL052C,YKL172W,0,-4.894966,0.10830572247505188,0.9480000138282776,0.7804999947547913
YER061C,YOR256C,0,-4.895042,0.10829335451126099,0.9480000138282776,0.7806000113487244
YPL112C,YFL036W,0,-4.8950458,0.1082809790968895,0.9480000138282776,0.7807000279426575
YOL063C,YDR294C,0,-4.8953686,0.1082686185836792,0.9480000138282776,0.7807999849319458
YDL185W,YHR081W,1,-4.895448,0.10837044566869736,0.9490000009536743,0.7807999849319458
YLR370C,YHR041C,0,-4.895569,0.10835807025432587,0.9490000009536743,0.7809000015258789
YJL080C,YOR298W,0,-4.8958535,0.10834570229053497,0.9490000009536743,0.781000018119812
YNR019W,YBR042C,0,-4.895912,0.10833333432674408,0.9490000009536743,0.7810999751091003
YKR001C,YGL018C,0,-4.8959827,0.10832096636295319,0.9490000009536743,0.7811999917030334
YNL241C,YNR031C,0,-4.896106,0.10830860584974289,0.9490000009536743,0.7813000082969666
YGL096W,YPL087W,0,-4.896227,0.10829624533653259,0.9490000009536743,0.7814000248908997
YHR001W,YPL110C,0,-4.8963614,0.1082838922739029,0.9490000009536743,0.781499981880188
YBL090W,YDL052C,0,-4.896796,0.1082715317606926,0.9490000009536743,0.7815999984741211
YJR017C,YDR385W,0,-4.897565,0.1082591861486435,0.9490000009536743,0.7817000150680542
YGL089C,YOR136W,0,-4.8982205,0.1082468330860138,0.9490000009536743,0.7817999720573425
YCL010C,YGL122C,0,-4.8983774,0.10823448747396469,0.9490000009536743,0.7818999886512756
YDL046W,YMR047C,0,-4.8983917,0.10822214931249619,0.9490000009536743,0.7820000052452087
YDR437W,YDR447C,0,-4.8985434,0.10820980370044708,0.9490000009536743,0.7821000218391418
YKR026C,YDR260C,0,-4.8985853,0.10819746553897858,0.9490000009536743,0.7821999788284302
YLR214W,YGR044C,0,-4.8987827,0.10818513482809067,0.9490000009536743,0.7822999954223633
YFR055W,YGL144C,0,-4.8987904,0.10817280411720276,0.9490000009536743,0.7824000120162964
YJL004C,YEL042W,0,-4.8990364,0.10816047340631485,0.9490000009536743,0.7825000286102295
YMR316W,YDL047W,0,-4.8992667,0.10814815014600754,0.9490000009536743,0.7825999855995178
YPL161C,YBR260C,0,-4.9002495,0.10813582688570023,0.9490000009536743,0.7827000021934509
YPL268W,YLR332W,0,-4.900692,0.10812350362539291,0.9490000009536743,0.782800018787384
YLR330W,YBR142W,0,-4.9010324,0.1081111878156662,0.9490000009536743,0.7828999757766724
YGL058W,YOR027W,0,-4.9013114,0.10809887200593948,0.9490000009536743,0.7829999923706055
YDR088C,YOR039W,0,-4.901758,0.10808656364679337,0.9490000009536743,0.7831000089645386
YOR361C,YJL128C,0,-4.901966,0.10807424783706665,0.9490000009536743,0.7832000255584717
YDL022W,YPR020W,0,-4.9020553,0.10806194692850113,0.9490000009536743,0.78329998254776
YNL329C,YDR297W,0,-4.902075,0.10804963856935501,0.9490000009536743,0.7833999991416931
YMR296C,YOL063C,0,-4.9022403,0.10803733766078949,0.9490000009536743,0.7835000157356262
YIL062C,YOL089C,0,-4.902521,0.10802504420280457,0.9490000009536743,0.7835999727249146
YDR221W,YPL137C,0,-4.9031763,0.10801275074481964,0.9490000009536743,0.7836999893188477
YLR034C,YGR056W,0,-4.903899,0.10800045728683472,0.9490000009536743,0.7838000059127808
YBR172C,YOR058C,0,-4.904556,0.10798816382884979,0.9490000009536743,0.7839000225067139
YCR057C,YFR028C,0,-4.904631,0.10797587782144547,0.9490000009536743,0.7839999794960022
YNR049C,YDR002W,0,-4.904788,0.10796359181404114,0.9490000009536743,0.7840999960899353
YNL231C,YDR434W,0,-4.905108,0.10795131325721741,0.9490000009536743,0.7842000126838684
YPR138C,YDR303C,0,-4.9061155,0.10793903470039368,0.9490000009536743,0.7843000292778015
YFL005W,YHR165C,0,-4.906643,0.10792676359415054,0.9490000009536743,0.7843999862670898
YDL076C,YDR361C,0,-4.906752,0.10791448503732681,0.9490000009536743,0.784500002861023
YIL068C,YNL130C,0,-4.9068594,0.10790221393108368,0.9490000009536743,0.784600019454956
YBR049C,YOR211C,0,-4.9070826,0.10788995027542114,0.9490000009536743,0.7846999764442444
YNL188W,YOR002W,0,-4.907221,0.1078776866197586,0.9490000009536743,0.7847999930381775
YKL016C,YFR031C,0,-4.9074955,0.10786542296409607,0.9490000009536743,0.7849000096321106
YJL041W,YNL293W,0,-4.907733,0.10785316675901413,0.9490000009536743,0.7850000262260437
YDR069C,YNL156C,0,-4.9078856,0.10784091055393219,0.9490000009536743,0.785099983215332
YNL271C,YKL130C,1,-4.908368,0.10794227570295334,0.949999988079071,0.785099983215332
YLL001W,YHR107C,0,-4.9097104,0.1079300194978714,0.949999988079071,0.7851999998092651
YOR159C,YMR239C,0,-4.9097285,0.10791775584220886,0.949999988079071,0.7853000164031982
YAR042W,YFL005W,0,-4.910499,0.10790549963712692,0.949999988079071,0.7853999733924866
YOR231W,YMR302C,0,-4.9109197,0.10789324343204498,0.949999988079071,0.7854999899864197
YAL058W,YDR178W,0,-4.910941,0.10788098722696304,0.949999988079071,0.7856000065803528
YBR247C,YOR204W,0,-4.9115076,0.1078687384724617,0.949999988079071,0.7857000231742859
YPL118W,YPR186C,0,-4.9117746,0.10785649716854095,0.949999988079071,0.7857999801635742
YML032C,YPL015C,1,-4.912545,0.10795777291059494,0.9509999752044678,0.7857999801635742
YGL029W,YDR079C-A,0,-4.912669,0.107945516705513,0.9509999752044678,0.7858999967575073
YNL038W,YER001W,0,-4.9127927,0.10793326795101166,0.9509999752044678,0.7860000133514404
YER061C,YMR033W,0,-4.9127984,0.10792101919651031,0.9509999752044678,0.7860999703407288
YER072W,YMR104C,0,-4.913028,0.10790877044200897,0.9509999752044678,0.7861999869346619
YLR103C,YGR167W,0,-4.9130316,0.10789652913808823,0.9509999752044678,0.786300003528595
YOR191W,YIL035C,0,-4.91305,0.10788428783416748,0.9509999752044678,0.7864000201225281
YBR198C,YML069W,0,-4.913485,0.10787205398082733,0.9509999752044678,0.7864999771118164
YIL106W,YER082C,0,-4.9137077,0.10785981267690659,0.9509999752044678,0.7865999937057495
YKR001C,YOL135C,0,-4.9137316,0.10784758627414703,0.9509999752044678,0.7867000102996826
YDR487C,YIL126W,0,-4.913932,0.10783535242080688,0.9509999752044678,0.7868000268936157
YMR125W,YLR305C,0,-4.913968,0.10782312601804733,0.9509999752044678,0.786899983882904
YER031C,YNL149C,0,-4.9142265,0.10781090706586838,0.9509999752044678,0.7870000004768372
YBR294W,YDR099W,0,-4.9147296,0.10779868811368942,0.9509999752044678,0.7871000170707703
YHR190W,YPR143W,0,-4.915016,0.10778646916151047,0.9509999752044678,0.7871999740600586
YJL154C,YKL140W,0,-4.915322,0.10777425020933151,0.9509999752044678,0.7872999906539917
YOR151C,YKL150W,0,-4.915349,0.10776203870773315,0.9509999752044678,0.7874000072479248
YKR014C,YBL057C,0,-4.91591,0.1077498272061348,0.9509999752044678,0.7875000238418579
YNL121C,YMR273C,0,-4.9162636,0.10773762315511703,0.9509999752044678,0.7875999808311462
YMR015C,YLR215C,0,-4.9165487,0.10772541910409927,0.9509999752044678,0.7876999974250793
YDR328C,YDR245W,0,-4.9166474,0.10771321505308151,0.9509999752044678,0.7878000140190125
YIL118W,YNL059C,0,-4.9171176,0.10770101845264435,0.9509999752044678,0.7878999710083008
YAL005C,YOR274W,0,-4.917138,0.10768882185220718,0.9509999752044678,0.7879999876022339
YBR280C,YNL281W,0,-4.9175186,0.10767663270235062,0.9509999752044678,0.788100004196167
YGL227W,YDR077W,0,-4.9179926,0.10766444355249405,0.9509999752044678,0.7882000207901001
YOR334W,YPL256C,0,-4.9184656,0.10765225440263748,0.9509999752044678,0.7882999777793884
YAL029C,YMR167W,1,-4.918814,0.10775325447320938,0.9520000219345093,0.7882999777793884
YDR079W,YBR060C,0,-4.9195194,0.10774105787277222,0.9520000219345093,0.7883999943733215
YHR081W,YLR219W,1,-4.9199142,0.10784202814102173,0.953000009059906,0.7883999943733215
YGR254W,YBL050W,0,-4.9200335,0.10782982409000397,0.953000009059906,0.7885000109672546
YDL076C,YBR142W,0,-4.920058,0.1078176274895668,0.953000009059906,0.7886000275611877
YCR053W,YDR448W,0,-4.9205704,0.10780543088912964,0.953000009059906,0.7886999845504761
YDR118W,YOR173W,0,-4.920962,0.10779323428869247,0.953000009059906,0.7888000011444092
YOR119C,YER027C,0,-4.9215746,0.10778104513883591,0.953000009059906,0.7889000177383423
YGR217W,YKL212W,0,-4.921983,0.10776885598897934,0.953000009059906,0.7889999747276306
YDR045C,YNL098C,0,-4.9221883,0.10775667428970337,0.953000009059906,0.7890999913215637
YBR172C,YNL032W,0,-4.922676,0.1077444851398468,0.953000009059906,0.7892000079154968
YOR334W,YPR138C,0,-4.9228473,0.10773231089115143,0.953000009059906,0.7893000245094299
YDR078C,YKL079W,0,-4.923984,0.10772012919187546,0.953000009059906,0.7893999814987183
YMR061W,YGL087C,0,-4.9244213,0.10770795494318008,0.953000009059906,0.7894999980926514
YGL111W,YFR028C,0,-4.925374,0.10769578814506531,0.953000009059906,0.7896000146865845
YDR503C,YDL130W-A,0,-4.926037,0.10768361389636993,0.953000009059906,0.7896999716758728
YLR433C,YKL018W,0,-4.9262886,0.10767144709825516,0.953000009059906,0.7897999882698059
YGR036C,YMR211W,0,-4.9264627,0.10765928775072098,0.953000009059906,0.789900004863739
YPL221W,YPL244C,0,-4.9269886,0.1076471284031868,0.953000009059906,0.7900000214576721
YNL294C,YGL070C,0,-4.9275045,0.10763496905565262,0.953000009059906,0.7900999784469604
YDR164C,YER148W,0,-4.927628,0.10762280970811844,0.953000009059906,0.7901999950408936
YDR529C,YML126C,0,-4.928237,0.10761065781116486,0.953000009059906,0.7903000116348267
YDR188W,YKL040C,0,-4.92863,0.10759851336479187,0.953000009059906,0.7904000282287598
YML007W,YPL203W,0,-4.9291515,0.10758636146783829,0.953000009059906,0.7904999852180481
YOR119C,YIL123W,0,-4.929224,0.1075742170214653,0.953000009059906,0.7906000018119812
YOL146W,YMR092C,0,-4.929655,0.10756208002567291,0.953000009059906,0.7907000184059143
YER127W,YPL008W,0,-4.929947,0.10754993557929993,0.953000009059906,0.7907999753952026
YDR039C,YDL115C,0,-4.9299974,0.10753779858350754,0.953000009059906,0.7908999919891357
YOL068C,YER173W,1,-4.9301972,0.10763850063085556,0.9539999961853027,0.7908999919891357
YCR024C-A,YMR280C,0,-4.930769,0.10762635618448257,0.9539999961853027,0.7910000085830688
YJL073W,YOR085W,0,-4.9309354,0.10761421173810959,0.9539999961853027,0.791100025177002
YKL041W,YOR049C,0,-4.9316196,0.1076020747423172,0.9539999961853027,0.7911999821662903
YLR133W,YLR340W,0,-4.9317074,0.10758993774652481,0.9539999961853027,0.7912999987602234
YMR008C,YNL059C,0,-4.9319944,0.10757780820131302,0.9539999961853027,0.7914000153541565
YBR022W,YBL105C,0,-4.9323597,0.10756567865610123,0.9539999961853027,0.7914999723434448
YML006C,YGL252C,0,-4.9324903,0.10755354911088943,0.9539999961853027,0.7915999889373779
YPR082C,YMR247C,0,-4.9327364,0.10754142701625824,0.9539999961853027,0.791700005531311
YDR110W,YBR130C,1,-4.933115,0.10764201730489731,0.9549999833106995,0.791700005531311
YML014W,YBL050W,0,-4.933155,0.10762988775968552,0.9549999833106995,0.7918000221252441
YGL044C,YDR231C,0,-4.9333572,0.10761775821447372,0.9549999833106995,0.7918999791145325
YIL014W,YLR052W,0,-4.93338,0.10760563611984253,0.9549999833106995,0.7919999957084656
YML008C,YPL240C,0,-4.9334116,0.10759351402521133,0.9549999833106995,0.7921000123023987
YMR292W,YGL144C,0,-4.933598,0.10758139193058014,0.9549999833106995,0.7922000288963318
YDR145W,YBR009C,0,-4.9336085,0.10756926983594894,0.9549999833106995,0.7922999858856201
YPL130W,YOR230W,0,-4.933707,0.10755715519189835,0.9549999833106995,0.7924000024795532
YNL294C,YAL009W,0,-4.9341536,0.10754504799842834,0.9549999833106995,0.7925000190734863
YNL136W,YPL055C,0,-4.9347057,0.10753293335437775,0.9549999833106995,0.7925999760627747
YLR324W,YPL057C,0,-4.934783,0.10752082616090775,0.9549999833106995,0.7926999926567078
YIL053W,YLL038C,0,-4.9354534,0.10750872641801834,0.9549999833106995,0.7928000092506409
YGR013W,YFR037C,0,-4.936034,0.10749662667512894,0.9549999833106995,0.792900025844574
YGL068W,YDR423C,0,-4.9360485,0.10748452693223953,0.9549999833106995,0.7929999828338623
YMR076C,YKR038C,0,-4.9366255,0.10747242718935013,0.9549999833106995,0.7930999994277954
YPL020C,YBL105C,0,-4.9369283,0.10746033489704132,0.9549999833106995,0.7932000160217285
YJL133W,YKL117W,0,-4.937046,0.10744824260473251,0.9549999833106995,0.7932999730110168
YGL022W,YNL173C,0,-4.937076,0.1074361577630043,0.9549999833106995,0.79339998960495
YNL169C,YMR033W,0,-4.9374495,0.10742407292127609,0.9549999833106995,0.7935000061988831
YEL013W,YGR007W,0,-4.9376206,0.10741198807954788,0.9549999833106995,0.7936000227928162
YJR031C,YEL027W,0,-4.938043,0.10739991068840027,0.9549999833106995,0.7936999797821045
YGR185C,YMR109W,0,-4.93827,0.10738783329725266,0.9549999833106995,0.7937999963760376
YFL055W,YBL045C,0,-4.9386125,0.10737575590610504,0.9549999833106995,0.7939000129699707
YBL030C,YBR273C,0,-4.938711,0.10736368596553802,0.9549999833106995,0.7940000295639038
YBR276C,YBR158W,0,-4.939229,0.10735161602497101,0.9549999833106995,0.7940999865531921
YNL003C,YAL017W,0,-4.939648,0.10733955353498459,0.9549999833106995,0.7942000031471252
YML128C,YER173W,1,-4.9405546,0.10743987560272217,0.9559999704360962,0.7942000031471252
YGR037C,YHR107C,0,-4.940674,0.10742779821157455,0.9559999704360962,0.7943000197410583
YMR211W,YDR027C,0,-4.9422083,0.10741572827100754,0.9559999704360962,0.7943999767303467
YEL009C,YKL034W,0,-4.942541,0.10740366578102112,0.9559999704360962,0.7944999933242798
YNL278W,YNL036W,0,-4.942596,0.1073915958404541,0.9559999704360962,0.7946000099182129
YIL118W,YOR002W,0,-4.9428706,0.10737953335046768,0.9559999704360962,0.794700026512146
YLR205C,YDR099W,0,-4.9428954,0.10736747831106186,0.9559999704360962,0.7947999835014343
YGL111W,YDL140C,0,-4.94298,0.10735541582107544,0.9559999704360962,0.7949000000953674
YBR228W,YKR059W,0,-4.943318,0.10734336078166962,0.9559999704360962,0.7950000166893005
YDR093W,YOR224C,0,-4.9446115,0.10733131319284439,0.9559999704360962,0.7950999736785889
YLR207W,YDR343C,0,-4.9455953,0.10731926560401917,0.9559999704360962,0.795199990272522
YAL026C,YML124C,0,-4.945708,0.10730721801519394,0.9559999704360962,0.7953000068664551
YDR224C,YDR363W-A,0,-4.9458547,0.10729517042636871,0.9559999704360962,0.7954000234603882
YPL020C,YMR054W,0,-4.946329,0.10728313028812408,0.9559999704360962,0.7954999804496765
YDL008W,YAL016W,0,-4.946394,0.10727109760046005,0.9559999704360962,0.7955999970436096
YNR016C,YNL248C,0,-4.9466877,0.10725905746221542,0.9559999704360962,0.7957000136375427
YKL051W,YNR049C,0,-4.947027,0.10724702477455139,0.9559999704360962,0.795799970626831
YJR059W,YGR156W,0,-4.947082,0.10723499953746796,0.9559999704360962,0.7958999872207642
YAL002W,YLR403W,0,-4.947261,0.10722296684980392,0.9559999704360962,0.7960000038146973
YOR334W,YPR010C,0,-4.947525,0.10721094906330109,0.9559999704360962,0.7961000204086304
YKL040C,YKL056C,0,-4.947699,0.10719892382621765,0.9559999704360962,0.7961999773979187
YHR008C,YLR262C,0,-4.9481773,0.10718690603971481,0.9559999704360962,0.7962999939918518
YKL051W,YPR101W,0,-4.9482813,0.10717488825321198,0.9559999704360962,0.7964000105857849
YPL089C,YDL014W,0,-4.9484534,0.10716287046670914,0.9559999704360962,0.796500027179718
YDL076C,YKL049C,0,-4.9486494,0.1071508601307869,0.9559999704360962,0.7965999841690063
YGR241C,YLR052W,0,-4.9489427,0.10713885724544525,0.9559999704360962,0.7967000007629395
YOR187W,YKL032C,0,-4.949113,0.10712684690952301,0.9559999704360962,0.7968000173568726
YBR179C,YJR145C,0,-4.949276,0.10711484402418137,0.9559999704360962,0.7968999743461609
YDR079W,YOL097C,0,-4.949872,0.10710284858942032,0.9559999704360962,0.796999990940094
YER093C,YCR024C-A,0,-4.950209,0.10709084570407867,0.9559999704360962,0.7971000075340271
YDR168W,YMR281W,0,-4.950478,0.10707885026931763,0.9559999704360962,0.7972000241279602
YLR330W,YDL231C,0,-4.9507155,0.10706686228513718,0.9559999704360962,0.7972999811172485
YDL223C,YJL081C,0,-4.9507604,0.10705487430095673,0.9559999704360962,0.7973999977111816
YPL156C,YBL022C,0,-4.950907,0.10704288631677628,0.9559999704360962,0.7975000143051147
YER015W,YIL122W,0,-4.950963,0.10703089833259583,0.9559999704360962,0.7975999712944031
YMR059W,YIL014W,0,-4.951503,0.10701891779899597,0.9559999704360962,0.7976999878883362
YJR086W,YGL087C,0,-4.951538,0.10700693726539612,0.9559999704360962,0.7978000044822693
YKL112W,YJR145C,0,-4.951825,0.10699496418237686,0.9559999704360962,0.7979000210762024
YDR110W,YDR289C,1,-4.9518948,0.1070948988199234,0.9570000171661377,0.7979000210762024
YLR075W,YPL271W,0,-4.952242,0.10708291083574295,0.9570000171661377,0.7979999780654907
YER007W,YBR273C,0,-4.95294,0.1070709303021431,0.9570000171661377,0.7980999946594238
YHR160C,YKR089C,0,-4.9537783,0.10705895721912384,0.9570000171661377,0.7982000112533569
YMR059W,YOR056C,0,-4.9539075,0.10704697668552399,0.9570000171661377,0.79830002784729
YDR194C,YCR031C,0,-4.9545627,0.10703500360250473,0.9570000171661377,0.7983999848365784
YKR035W-A,YGL126W,0,-4.9546213,0.10702303797006607,0.9570000171661377,0.7985000014305115
YKR035W-A,YER053C,0,-4.9558077,0.10701107233762741,0.9570000171661377,0.7986000180244446
YLR372W,YGL075C,0,-4.95601,0.10699910670518875,0.9570000171661377,0.7986999750137329
YBR079C,YKR053C,0,-4.9562397,0.10698714107275009,0.9570000171661377,0.798799991607666
YER127W,YEL036C,0,-4.9564533,0.10697518289089203,0.9570000171661377,0.7989000082015991
YBR257W,YGR086C,0,-4.9569654,0.10696322470903397,0.9570000171661377,0.7990000247955322
YBR132C,YNL026W,0,-4.9574537,0.1069512739777565,0.9570000171661377,0.7990999817848206
YBR279W,YBR130C,1,-4.9574566,0.1070510670542717,0.9580000042915344,0.7990999817848206
YCL040W,YPR080W,0,-4.957467,0.10703910887241364,0.9580000042915344,0.7991999983787537
YDR490C,YGL229C,0,-4.958436,0.10702715069055557,0.9580000042915344,0.7993000149726868
YNL283C,YDR177W,0,-4.9585075,0.10701519250869751,0.9580000042915344,0.7993999719619751
YOR100C,YPL036W,0,-4.9589734,0.10700324177742004,0.9580000042915344,0.7994999885559082
YML016C,YBL056W,0,-4.960024,0.10699129104614258,0.9580000042915344,0.7996000051498413
YER149C,YKL079W,0,-4.961404,0.10697934031486511,0.9580000042915344,0.7997000217437744
YLR433C,YPL122C,0,-4.962445,0.10696739703416824,0.9580000042915344,0.7997999787330627
YMR229C,YGL210W,0,-4.962472,0.10695545375347137,0.9580000042915344,0.7998999953269958
YJL069C,YIL036W,0,-4.962596,0.1069435104727745,0.9580000042915344,0.800000011920929
YIL008W,YDR021W,0,-4.96262,0.10693157464265823,0.9580000042915344,0.8001000285148621
YMR267W,YPL128C,0,-4.9626217,0.10691964626312256,0.9580000042915344,0.8001999855041504
YEL031W,YEL036C,0,-4.963027,0.10690771043300629,0.9580000042915344,0.8003000020980835
YKR066C,YLL003W,0,-4.963845,0.10689578205347061,0.9580000042915344,0.8004000186920166
YKL028W,YLR034C,0,-4.9638476,0.10688385367393494,0.9580000042915344,0.8004999756813049
YDL043C,YBR160W,0,-4.96426,0.10687193274497986,0.9580000042915344,0.800599992275238
YIL126W,YNR049C,0,-4.964817,0.10686001181602478,0.9580000042915344,0.8007000088691711
YOR332W,YOR256C,0,-4.9659986,0.1068480908870697,0.9580000042915344,0.8008000254631042
YKL150W,YER051W,0,-4.96646,0.10683617740869522,0.9580000042915344,0.8008999824523926
YER123W,YDL002C,0,-4.9665737,0.10682426393032074,0.9580000042915344,0.8009999990463257
YCR094W,YER123W,0,-4.966859,0.10681235045194626,0.9580000042915344,0.8011000156402588
YKR087C,YER122C,0,-4.9670973,0.10680044442415237,0.9580000042915344,0.8011999726295471
YER032W,YOL040C,0,-4.96726,0.10678853839635849,0.9580000042915344,0.8012999892234802
YEL013W,YGR214W,0,-4.967795,0.1067766398191452,0.9580000042915344,0.8014000058174133
YGL003C,YDL056W,0,-4.968227,0.10676474124193192,0.9580000042915344,0.8015000224113464
YOL051W,YFL009W,0,-4.968275,0.10675284266471863,0.9580000042915344,0.8015999794006348
YNL048W,YOL066C,0,-4.9686427,0.10674094408750534,0.9580000042915344,0.8016999959945679
YHR066W,YJL110C,0,-4.968814,0.10672905296087265,0.9580000042915344,0.801800012588501
YER019W,YNR013C,0,-4.9688406,0.10671716928482056,0.9580000042915344,0.8019000291824341
YLR305C,YFR050C,0,-4.9698706,0.10670527815818787,0.9580000042915344,0.8019999861717224
YLR034C,YNL053W,0,-4.969982,0.10669339448213577,0.9580000042915344,0.8021000027656555
YHR200W,YKL007W,0,-4.9701366,0.10668151080608368,0.9580000042915344,0.8022000193595886
YDR214W,YBR280C,0,-4.970378,0.10666963458061218,0.9580000042915344,0.802299976348877
YGL025C,YHR070W,0,-4.9706936,0.10665775835514069,0.9580000042915344,0.8023999929428101
YDL185W,YER104W,1,-4.9708614,0.10675720870494843,0.9589999914169312,0.8023999929428101
YPL101W,YNL230C,0,-4.9725466,0.10674532502889633,0.9589999914169312,0.8025000095367432
YPR173C,YGR211W,0,-4.9735007,0.10673344135284424,0.9589999914169312,0.8026000261306763
YBR295W,YHR205W,0,-4.9738193,0.10672156512737274,0.9589999914169312,0.8026999831199646
YCR088W,YOL016C,0,-4.9741545,0.10670968890190125,0.9589999914169312,0.8027999997138977
YOR116C,YMR138W,0,-4.974381,0.10669782012701035,0.9589999914169312,0.8029000163078308
YHR072W,YJL146W,0,-4.9763885,0.10668595135211945,0.9589999914169312,0.8029999732971191
YDR424C,YMR092C,0,-4.9763904,0.10667408257722855,0.9589999914169312,0.8030999898910522
YBR118W,YGL169W,0,-4.976452,0.10666222125291824,0.9589999914169312,0.8032000064849854
YNL048W,YDR270W,0,-4.9773417,0.10665035247802734,0.9589999914169312,0.8033000230789185
YHR114W,YGL216W,0,-4.977581,0.10663849860429764,0.9589999914169312,0.8033999800682068
YOR127W,YDL235C,0,-4.9782953,0.10662663727998734,0.9589999914169312,0.8034999966621399
YER053C,YGR112W,0,-4.9785457,0.10661478340625763,0.9589999914169312,0.803600013256073
YPR042C,YML124C,0,-4.9797087,0.10660293698310852,0.9589999914169312,0.8036999702453613
YBR172C,YDR081C,0,-4.9797935,0.10659108310937881,0.9589999914169312,0.8037999868392944
YLR056W,YER100W,0,-4.9802814,0.1065792366862297,0.9589999914169312,0.8039000034332275
YBR002C,YBR193C,0,-4.981408,0.1065673977136612,0.9589999914169312,0.8040000200271606
YKL182W,YCL063W,0,-4.9819613,0.10655555874109268,0.9589999914169312,0.804099977016449
YBR167C,YHL007C,0,-4.982413,0.10654371976852417,0.9589999914169312,0.8041999936103821
YNR052C,YJL129C,0,-4.9827585,0.10653188079595566,0.9589999914169312,0.8043000102043152
YGR241C,YLR206W,0,-4.9839544,0.10652004927396774,0.9589999914169312,0.8044000267982483
YMR012W,YAL010C,0,-4.984127,0.10650821775197983,0.9589999914169312,0.8044999837875366
YNL297C,YHR142W,0,-4.9844656,0.10649639368057251,0.9589999914169312,0.8046000003814697
YKL112W,YNL002C,0,-4.986575,0.1064845621585846,0.9589999914169312,0.8047000169754028
YLR284C,YPL262W,0,-4.9866557,0.10647274553775787,0.9589999914169312,0.8047999739646912
YMR263W,YDR054C,0,-4.9868073,0.10646092146635056,0.9589999914169312,0.8048999905586243
YKL059C,YLR305C,0,-4.9870214,0.10644910484552383,0.9589999914169312,0.8050000071525574
YML124C,YOR149C,0,-4.987423,0.10643728822469711,0.9589999914169312,0.8051000237464905
YPL118W,YNL248C,0,-4.9874887,0.10642547905445099,0.9589999914169312,0.8051999807357788
YNL206C,YGL043W,1,-4.98868,0.10652463138103485,0.9599999785423279,0.8051999807357788
YGR129W,YDL130W-A,0,-4.988711,0.10651281476020813,0.9599999785423279,0.8052999973297119
YHR019C,YKL064W,0,-4.988765,0.10650099813938141,0.9599999785423279,0.805400013923645
YJL102W,YDL078C,0,-4.989253,0.10648918151855469,0.9599999785423279,0.8054999709129333
YML123C,YGR209C,0,-4.989617,0.10647737234830856,0.9599999785423279,0.8055999875068665
YKR038C,YML132W,0,-4.9896717,0.10646556317806244,0.9599999785423279,0.8057000041007996
YOR074C,YCL054W,0,-4.989895,0.10645376145839691,0.9599999785423279,0.8058000206947327
YDR052C,YER082C,0,-4.9902773,0.10644195228815079,0.9599999785423279,0.805899977684021
YKR003W,YGL049C,0,-4.990469,0.10643015801906586,0.9599999785423279,0.8059999942779541
YPR032W,YDR389W,0,-4.9909315,0.10641835629940033,0.9599999785423279,0.8061000108718872
YDR310C,YER018C,0,-4.990941,0.1064065620303154,0.9599999785423279,0.8062000274658203
YOR284W,YGL144C,0,-4.991473,0.10639476776123047,0.9599999785423279,0.8062999844551086
YDR361C,YMR240C,0,-4.9926224,0.10638298094272614,0.9599999785423279,0.8064000010490417
YDR527W,YPR041W,0,-4.9929614,0.1063711941242218,0.9599999785423279,0.8065000176429749
YGL106W,YJR001W,0,-4.993495,0.10635940730571747,0.9599999785423279,0.8065999746322632
YPL031C,YGR268C,0,-4.9942837,0.10634762048721313,0.9599999785423279,0.8066999912261963
YDR069C,YLR340W,0,-4.994928,0.1063358411192894,0.9599999785423279,0.8068000078201294
YML010W,YJR091C,0,-4.9953556,0.10632406920194626,0.9599999785423279,0.8069000244140625
YML059C,YCL034W,0,-4.9955907,0.10631228983402252,0.9599999785423279,0.8069999814033508
YJR077C,YDR409W,0,-4.9963417,0.10630051791667938,0.9599999785423279,0.8070999979972839
YHR077C,YGR159C,0,-4.9967637,0.10628875344991684,0.9599999785423279,0.807200014591217
YJL138C,YLR028C,0,-4.9983597,0.1062769815325737,0.9599999785423279,0.8072999715805054
YLR191W,YPR042C,0,-4.998387,0.10626521706581116,0.9599999785423279,0.8073999881744385
YIL051C,YNL064C,0,-4.9989986,0.10625346004962921,0.9599999785423279,0.8075000047683716
YJL001W,YDR268W,0,-4.999444,0.10624170303344727,0.9599999785423279,0.8076000213623047
YGR162W,YGR167W,0,-4.999687,0.10622994601726532,0.9599999785423279,0.807699978351593
YBL080C,YOL063C,0,-4.999817,0.10621818900108337,0.9599999785423279,0.8077999949455261
YPR173C,YBR198C,0,-4.999938,0.10620643943548203,0.9599999785423279,0.8079000115394592
YNL280C,YKL108W,0,-5.0005727,0.10619468986988068,0.9599999785423279,0.8080000281333923
YDR069C,YOR204W,0,-5.001208,0.10618294775485992,0.9599999785423279,0.8080999851226807
YKL117W,YFL009W,0,-5.0015545,0.10617119818925858,0.9599999785423279,0.8082000017166138
YPR113W,YBR020W,0,-5.002571,0.10615946352481842,0.9599999785423279,0.8083000183105469
YJL173C,YDL164C,1,-5.0031404,0.10625829547643661,0.9610000252723694,0.8083000183105469
YNL206C,YER104W,1,-5.003338,0.10635710507631302,0.9620000123977661,0.8083000183105469
YDR028C,YLR079W,0,-5.0034204,0.10634534806013107,0.9620000123977661,0.8083999752998352
YNL091W,YLR448W,0,-5.004165,0.10633359104394913,0.9620000123977661,0.8084999918937683
YPR113W,YPR155C,0,-5.004958,0.10632184147834778,0.9620000123977661,0.8086000084877014
YGL219C,YPL065W,0,-5.0064855,0.10631009191274643,0.9620000123977661,0.8087000250816345
YJR103W,YKL028W,0,-5.0066133,0.10629834234714508,0.9620000123977661,0.8087999820709229
YPR173C,YGR097W,0,-5.006654,0.10628660023212433,0.9620000123977661,0.808899998664856
YNL251C,YHR193C,0,-5.0069,0.10627485811710358,0.9620000123977661,0.8090000152587891
YPR173C,YPR056W,0,-5.0072384,0.10626311600208282,0.9620000123977661,0.8090999722480774
YCR053W,YOL071W,0,-5.0073013,0.10625138133764267,0.9620000123977661,0.8091999888420105
YJL100W,YDR091C,0,-5.0083933,0.10623964667320251,0.9620000123977661,0.8093000054359436
YML123C,YMR044W,0,-5.0084085,0.10622791200876236,0.9620000123977661,0.8094000220298767
YOL044W,YHR165C,0,-5.0084877,0.1062161847949028,0.9620000123977661,0.809499979019165
YJL029C,YER174C,0,-5.008664,0.10620445758104324,0.9620000123977661,0.8095999956130981
YGL243W,YDR099W,0,-5.008807,0.10619273781776428,0.9620000123977661,0.8097000122070312
YNL123W,YCL052C,0,-5.0090804,0.10618101805448532,0.9620000123977661,0.8098000288009644
YPR020W,YER068W,0,-5.009223,0.10616929829120636,0.9620000123977661,0.8098999857902527
YDR224C,YLL021W,0,-5.009266,0.1061575785279274,0.9620000123977661,0.8100000023841858
YDR247W,YDR456W,0,-5.0095835,0.10614586621522903,0.9620000123977661,0.8101000189781189
YAR042W,YOL063C,0,-5.009781,0.10613415390253067,0.9620000123977661,0.8101999759674072
YCR060W,YGR094W,0,-5.0104723,0.1061224490404129,0.9620000123977661,0.8102999925613403
YCR044C,YBL039C,0,-5.010598,0.10611074417829514,0.9620000123977661,0.8104000091552734
YCR075C,YCL033C,0,-5.0106964,0.10609903931617737,0.9620000123977661,0.8105000257492065
YCR024C-A,YOR002W,0,-5.0113645,0.1060873419046402,0.9620000123977661,0.8105999827384949
YPR125W,YOL121C,0,-5.0115585,0.10607564449310303,0.9620000123977661,0.810699999332428
YBL045C,YDR030C,0,-5.011666,0.10606394708156586,0.9620000123977661,0.8108000159263611
YDR483W,YGR128C,0,-5.0120506,0.10605225712060928,0.9620000123977661,0.8108999729156494
YDR254W,YOR317W,0,-5.0127535,0.10604056715965271,0.9620000123977661,0.8109999895095825
YHR086W,YBL045C,0,-5.0132713,0.10602887719869614,0.9620000123977661,0.8111000061035156
YLR088W,YCR037C,0,-5.0138273,0.10601719468832016,0.9620000123977661,0.8112000226974487
YGR036C,YJR073C,0,-5.0138397,0.10600551217794418,0.9620000123977661,0.8112999796867371
YOR304W,YOR043W,0,-5.0141153,0.1059938296675682,0.9620000123977661,0.8113999962806702
YLL050C,YDL150W,0,-5.014127,0.10598215460777283,0.9620000123977661,0.8115000128746033
YHR129C,YBL079W,0,-5.014151,0.10597047954797745,0.9620000123977661,0.8116000294685364
YDR039C,YPL233W,0,-5.014172,0.10595880448818207,0.9620000123977661,0.8116999864578247
YPR112C,YJL184W,0,-5.014435,0.10594713687896729,0.9620000123977661,0.8118000030517578
YLR219W,YER104W,1,-5.0146365,0.10604558885097504,0.9629999995231628,0.8118000030517578
YNL312W,YDL164C,1,-5.014637,0.106144018471241,0.9639999866485596,0.8118000030517578
YDL185W,YOL072W,1,-5.014798,0.10624243319034576,0.9649999737739563,0.8118000030517578
YJR103W,YOL111C,0,-5.0149784,0.1062307357788086,0.9649999737739563,0.8119000196456909
YGR257C,YLR212C,0,-5.0153356,0.10621904581785202,0.9649999737739563,0.8119999766349792
YLL043W,YIL036W,0,-5.015546,0.10620734840631485,0.9649999737739563,0.8120999932289124
YER068W,YDL056W,0,-5.016603,0.10619566589593887,0.9649999737739563,0.8122000098228455
YLL043W,YGR262C,0,-5.017636,0.1061839759349823,0.9649999737739563,0.8123000264167786
YGR167W,YIR009W,0,-5.0181694,0.10617229342460632,0.9649999737739563,0.8123999834060669
YLR222C,YGL122C,0,-5.0183716,0.10616061836481094,0.9649999737739563,0.8125
YAL059W,YOL077W-A,0,-5.018489,0.10614893585443497,0.9649999737739563,0.8126000165939331
YIL147C,YNL293W,0,-5.0193987,0.10613726079463959,0.9649999737739563,0.8126999735832214
YBR129C,YGL191W,0,-5.01942,0.1061255931854248,0.9649999737739563,0.8127999901771545
YPL101W,YHR158C,0,-5.0197263,0.10611391812562943,0.9649999737739563,0.8129000067710876
YLR384C,YDR181C,0,-5.019791,0.10610225051641464,0.9649999737739563,0.8130000233650208
YLR212C,YGR044C,0,-5.020499,0.10609059035778046,0.9649999737739563,0.8130999803543091
YPL217C,YDR463W,0,-5.020611,0.10607893019914627,0.9649999737739563,0.8131999969482422
YMR275C,YLR384C,0,-5.0213165,0.10606727004051208,0.9649999737739563,0.8133000135421753
YDR437W,YMR296C,0,-5.0213895,0.1060556098818779,0.9649999737739563,0.8133999705314636
YHR135C,YIR002C,0,-5.0216846,0.10604395717382431,0.9649999737739563,0.8134999871253967
YLR242C,YPR041W,0,-5.021947,0.10603230446577072,0.9649999737739563,0.8136000037193298
YMR061W,YLR117C,0,-5.0220847,0.10602065175771713,0.9649999737739563,0.8137000203132629
YLR100W,YAR042W,0,-5.022566,0.10600900650024414,0.9649999737739563,0.8137999773025513
YLR226W,YER154W,0,-5.022745,0.10599736124277115,0.9649999737739563,0.8138999938964844
YML110C,YDR356W,0,-5.0235167,0.10598572343587875,0.9649999737739563,0.8140000104904175
YDR309C,YGR113W,0,-5.0239997,0.10597408562898636,0.9649999737739563,0.8141000270843506
YLL021W,YBL093C,0,-5.024575,0.10596244782209396,0.9649999737739563,0.8141999840736389
YDR312W,YDR071C,0,-5.025057,0.10595081001520157,0.9649999737739563,0.814300000667572
YKL081W,YPL177C,0,-5.0250974,0.10593917965888977,0.9649999737739563,0.8144000172615051
YPR181C,YGL162W,0,-5.025543,0.10592754930257797,0.9649999737739563,0.8144999742507935
YOR304W,YBL105C,0,-5.0261874,0.10591592639684677,0.9649999737739563,0.8145999908447266
YMR302C,YOR244W,0,-5.0265093,0.10590430349111557,0.9649999737739563,0.8147000074386597
YAR003W,YPR199C,0,-5.027195,0.10589268058538437,0.9649999737739563,0.8148000240325928
YKL020C,YPR036W,0,-5.0274415,0.10588106513023376,0.9649999737739563,0.8148999810218811
YHL003C,YNL242W,0,-5.027464,0.10586944967508316,0.9649999737739563,0.8149999976158142
YDR448W,YML123C,0,-5.0278873,0.10585783421993256,0.9649999737739563,0.8151000142097473
YLR368W,YJL124C,0,-5.027927,0.10584621876478195,0.9649999737739563,0.8151999711990356
YMR267W,YPR190C,0,-5.027952,0.10583461076021194,0.9649999737739563,0.8152999877929688
YMR241W,YAL054C,0,-5.0280614,0.10582301020622253,0.9649999737739563,0.8154000043869019
YLR355C,YNR006W,0,-5.0283427,0.10581140220165253,0.9649999737739563,0.815500020980835
YKL002W,YPL091W,0,-5.0284944,0.10579980164766312,0.9649999737739563,0.8155999779701233
YDL043C,YMR229C,0,-5.0287294,0.1057882010936737,0.9649999737739563,0.8156999945640564
YBL099W,YDL002C,0,-5.0292087,0.10577660799026489,0.9649999737739563,0.8158000111579895
YOL133W,YEL056W,0,-5.029212,0.10576501488685608,0.9649999737739563,0.8159000277519226
YOR073W,YMR039C,0,-5.0293336,0.10575342178344727,0.9649999737739563,0.8159999847412109
YDR302W,YKL035W,0,-5.0297747,0.10574183613061905,0.9649999737739563,0.816100001335144
YOR341W,YBL057C,0,-5.029894,0.10573025047779083,0.9649999737739563,0.8162000179290771
YDR023W,YMR268C,0,-5.0302796,0.10571866482496262,0.9649999737739563,0.8162999749183655
YFR005C,YER126C,0,-5.0304,0.105707086622715,0.9649999737739563,0.8163999915122986
YDR339C,YLR361C,0,-5.030671,0.10569550842046738,0.9649999737739563,0.8165000081062317
YGR275W,YDL078C,0,-5.031406,0.10568393021821976,0.9649999737739563,0.8166000247001648
YLL001W,YNL242W,0,-5.03159,0.10567235946655273,0.9649999737739563,0.8166999816894531
YKL082C,YOL011W,0,-5.031985,0.10566078871488571,0.9649999737739563,0.8167999982833862
YGR072W,YBL057C,0,-5.0328393,0.10564922541379929,0.9649999737739563,0.8169000148773193
YKR001C,YOR316C,0,-5.0329876,0.10563765466213226,0.9649999737739563,0.8169999718666077
YBL079W,YOR084W,0,-5.033666,0.10562609136104584,0.9649999737739563,0.8170999884605408
YGR143W,YEL056W,0,-5.0338335,0.10561453551054001,0.9649999737739563,0.8172000050544739
YOR284W,YBR058C-A,0,-5.033859,0.10560297966003418,0.9649999737739563,0.817300021648407
YOR187W,YPR010C,0,-5.033991,0.10559142380952835,0.9649999737739563,0.8173999786376953
YDR123C,YLR153C,0,-5.034032,0.10557986795902252,0.9649999737739563,0.8174999952316284
YNL030W,YKL007W,0,-5.0343194,0.10556831955909729,0.9649999737739563,0.8176000118255615
YDR247W,YAL023C,0,-5.034702,0.10555677115917206,0.9649999737739563,0.8177000284194946
YPR138C,YPL256C,0,-5.03657,0.10554522275924683,0.9649999737739563,0.817799985408783
YNL294C,YIR004W,0,-5.0369034,0.10553368180990219,0.9649999737739563,0.8179000020027161
YGL025C,YNL001W,0,-5.0378113,0.10552214086055756,0.9649999737739563,0.8180000185966492
YJL080C,YDR258C,0,-5.038483,0.10551060736179352,0.9649999737739563,0.8180999755859375
YDR150W,YFL024C,0,-5.038557,0.10549907386302948,0.9649999737739563,0.8181999921798706
YPR104C,YML074C,0,-5.0385637,0.10548754036426544,0.9649999737739563,0.8183000087738037
YBL041W,YLR330W,0,-5.038742,0.1054760068655014,0.9649999737739563,0.8184000253677368
YIL068C,YJR121W,0,-5.039654,0.10546448081731796,0.9649999737739563,0.8184999823570251
YMR012W,YNR008W,0,-5.039729,0.10545295476913452,0.9649999737739563,0.8185999989509583
YGR244C,YBR170C,0,-5.040783,0.10544143617153168,0.9649999737739563,0.8187000155448914
YOR080W,YLR097C,0,-5.041094,0.10542991012334824,0.9649999737739563,0.8187999725341797
YPR110C,YAL040C,0,-5.0412383,0.10541839897632599,0.9649999737739563,0.8188999891281128
YHR039C-A,YPR034W,0,-5.041534,0.10540688037872314,0.9649999737739563,0.8190000057220459
YPR187W,YPL193W,0,-5.042795,0.1053953692317009,0.9649999737739563,0.819100022315979
YNL271C,YNL206C,1,-5.0429215,0.10549306869506836,0.9660000205039978,0.819100022315979
YBR112C,YLR190W,0,-5.04322,0.10548154264688492,0.9660000205039978,0.8191999793052673
YKL059C,YNL091W,0,-5.0432367,0.10547003149986267,0.9660000205039978,0.8192999958992004
YMR292W,YPL091W,0,-5.043598,0.10545851290225983,0.9660000205039978,0.8194000124931335
YJL101C,YEL024W,0,-5.0436416,0.10544700175523758,0.9660000205039978,0.8195000290870667
YHR138C,YCL040W,0,-5.043647,0.10543549805879593,0.9660000205039978,0.819599986076355
YDR280W,YHR007C,0,-5.043862,0.10542398691177368,0.9660000205039978,0.8197000026702881
YGR078C,YNL102W,0,-5.043964,0.10541248321533203,0.9660000205039978,0.8198000192642212
YBR129C,YOR187W,0,-5.043998,0.10540097951889038,0.9660000205039978,0.8198999762535095
YNL075W,YNL102W,0,-5.0441566,0.10538948327302933,0.9660000205039978,0.8199999928474426
YOR341W,YDR025W,0,-5.0443544,0.10537798702716827,0.9660000205039978,0.8201000094413757
YOR257W,YAL013W,0,-5.044931,0.10536649078130722,0.9660000205039978,0.8202000260353088
YDL150W,YLR285W,0,-5.045456,0.10535500198602676,0.9660000205039978,0.8202999830245972
YGL205W,YOR270C,0,-5.045998,0.10534351319074631,0.9660000205039978,0.8203999996185303
YHR072W,YKL172W,0,-5.0460577,0.10533202439546585,0.9660000205039978,0.8205000162124634
YJR144W,YOL094C,0,-5.046281,0.10532054305076599,0.9660000205039978,0.8205999732017517
YGL213C,YBR279W,1,-5.047427,0.10541807115077972,0.9670000076293945,0.8205999732017517
YJL069C,YPL076W,0,-5.047461,0.10540658235549927,0.9670000076293945,0.8206999897956848
YKL160W,YJL110C,0,-5.047724,0.10539509356021881,0.9670000076293945,0.8208000063896179
YHR001W,YER068W,0,-5.0478697,0.10538361221551895,0.9670000076293945,0.820900022983551
YMR238W,YOL017W,0,-5.048018,0.1053721234202385,0.9670000076293945,0.8209999799728394
YNL280C,YML034W,0,-5.048128,0.10536064207553864,0.9670000076293945,0.8210999965667725
YOR284W,YOR313C,0,-5.0489473,0.10534916818141937,0.9670000076293945,0.8212000131607056
YBR290W,YMR015C,0,-5.049354,0.10533769428730011,0.9670000076293945,0.8213000297546387
YGR128C,YER155C,0,-5.0499516,0.10532622039318085,0.9670000076293945,0.821399986743927
YHL003C,YBL011W,0,-5.0503173,0.10531474649906158,0.9670000076293945,0.8215000033378601
YNR002C,YEL027W,0,-5.050803,0.10530328005552292,0.9670000076293945,0.8216000199317932
YDR449C,YLR310C,0,-5.0516024,0.10529181361198425,0.9670000076293945,0.8216999769210815
YHR069C,YGR262C,0,-5.051757,0.10528034716844559,0.9670000076293945,0.8217999935150146
YBR296C,YDR490C,0,-5.0518208,0.10526888817548752,0.9670000076293945,0.8219000101089478
YOR089C,YPR080W,0,-5.052235,0.10525742918252945,0.9670000076293945,0.8220000267028809
YOR076C,YFR024C-A,0,-5.0532227,0.10524597018957138,0.9670000076293945,0.8220999836921692
YML014W,YER174C,0,-5.0536785,0.10523451864719391,0.9670000076293945,0.8222000002861023
YNL163C,YPL037C,0,-5.0539055,0.10522306710481644,0.9670000076293945,0.8223000168800354
YGL047W,YCR038C,0,-5.0540504,0.10521162301301956,0.9670000076293945,0.8223999738693237
YKL182W,YDR523C,0,-5.0555344,0.10520017147064209,0.9670000076293945,0.8224999904632568
YGR231C,YBL020W,0,-5.055634,0.10518872737884521,0.9670000076293945,0.8226000070571899
YEL065W,YDL143W,0,-5.055936,0.10517729073762894,0.9670000076293945,0.822700023651123
YDR216W,YDL078C,0,-5.056137,0.10516585409641266,0.9670000076293945,0.8227999806404114
YNR026C,YKR031C,0,-5.0563717,0.10515441745519638,0.9670000076293945,0.8228999972343445
YGR285C,YMR001C,0,-5.0575447,0.1051429808139801,0.9670000076293945,0.8230000138282776
YBL099W,YIL063C,0,-5.057553,0.10513155162334442,0.9670000076293945,0.8230999708175659
YER089C,YPL031C,0,-5.057726,0.10512012243270874,0.9670000076293945,0.823199987411499
YOR321W,YDL108W,0,-5.058209,0.10510869324207306,0.9670000076293945,0.8233000040054321
YER051W,YOR206W,0,-5.0582542,0.10509727150201797,0.9670000076293945,0.8234000205993652
YOR004W,YNL329C,0,-5.0583744,0.10508584976196289,0.9670000076293945,0.8234999775886536
YKL028W,YBL011W,0,-5.05921,0.1050744354724884,0.9670000076293945,0.8235999941825867
YMR008C,YJR040W,0,-5.0592513,0.10506301373243332,0.9670000076293945,0.8237000107765198
YLL001W,YIL143C,0,-5.0593853,0.10505159944295883,0.9670000076293945,0.8238000273704529
YNL030W,YCR086W,0,-5.060542,0.10504019260406494,0.9670000076293945,0.8238999843597412
YDR164C,YJR060W,0,-5.0606384,0.10502878576517105,0.9670000076293945,0.8240000009536743
YLR260W,YDL002C,0,-5.06116,0.10501737892627716,0.9670000076293945,0.8241000175476074
YIL126W,YGR181W,0,-5.0615797,0.10500597208738327,0.9670000076293945,0.8241999745368958
YML129C,YNL112W,0,-5.0621405,0.10499457269906998,0.9670000076293945,0.8242999911308289
YCR088W,YLR191W,0,-5.0622587,0.10498317331075668,0.9670000076293945,0.824400007724762
YLR219W,YKL130C,1,-5.0623198,0.10508032888174057,0.9679999947547913,0.824400007724762
YDL164C,YBR073W,1,-5.0623636,0.10517746955156326,0.968999981880188,0.824400007724762
YOR094W,YBL056W,0,-5.062782,0.10516605526208878,0.968999981880188,0.8245000243186951
YPL151C,YHR165C,0,-5.0632257,0.10515464097261429,0.968999981880188,0.8245999813079834
YOR361C,YPL089C,0,-5.063404,0.1051432266831398,0.968999981880188,0.8246999979019165
YER008C,YMR080C,0,-5.0639343,0.10513181984424591,0.968999981880188,0.8248000144958496
YMR168C,YGR214W,0,-5.064078,0.10512041300535202,0.968999981880188,0.8248999714851379
YLR166C,YLR086W,0,-5.0644794,0.10510901361703873,0.968999981880188,0.824999988079071
YER161C,YBR060C,0,-5.0646696,0.10509761422872543,0.968999981880188,0.8251000046730042
YNL267W,YEL027W,0,-5.0646725,0.10508621484041214,0.968999981880188,0.8252000212669373
YGR036C,YGR135W,0,-5.06475,0.10507482290267944,0.968999981880188,0.8252999782562256
YLR210W,YDR211W,0,-5.0647507,0.10506343096494675,0.968999981880188,0.8253999948501587
YPL192C,YML132W,0,-5.0649366,0.10505203902721405,0.968999981880188,0.8255000114440918
YDR265W,YCL033C,0,-5.065028,0.10504064708948135,0.968999981880188,0.8256000280380249
YMR302C,YHR111W,0,-5.0653844,0.10502926260232925,0.968999981880188,0.8256999850273132
YDR424C,YGL216W,0,-5.0665703,0.10501788556575775,0.968999981880188,0.8258000016212463
YPL231W,YBR188C,0,-5.0670376,0.10500650107860565,0.968999981880188,0.8259000182151794
YPR190C,YOR123C,0,-5.067691,0.10499512404203415,0.968999981880188,0.8259999752044678
YPL037C,YDR389W,0,-5.068096,0.10498374700546265,0.968999981880188,0.8260999917984009
YER149C,YLR106C,0,-5.068142,0.10497237741947174,0.968999981880188,0.826200008392334
YBR066C,YIL144W,0,-5.0685368,0.10496100783348083,0.968999981880188,0.8263000249862671
YKR086W,YOL021C,0,-5.06886,0.10494963824748993,0.968999981880188,0.8263999819755554
YGR170W,YDR427W,0,-5.0691624,0.10493826866149902,0.968999981880188,0.8264999985694885
YMR061W,YDR508C,0,-5.069194,0.10492690652608871,0.968999981880188,0.8266000151634216
YDR460W,YKL041W,0,-5.069618,0.1049155443906784,0.968999981880188,0.82669997215271
YMR022W,YMR316W,0,-5.069937,0.1049041897058487,0.968999981880188,0.8267999887466431
YOR284W,YMR039C,0,-5.0701485,0.10489283502101898,0.968999981880188,0.8269000053405762
YLR459W,YEL034W,0,-5.0708714,0.10488148033618927,0.968999981880188,0.8270000219345093
YOR078W,YGR274C,0,-5.070911,0.10487013310194016,0.968999981880188,0.8270999789237976
YER005W,YPL059W,0,-5.071275,0.10485877841711044,0.968999981880188,0.8271999955177307
YHR190W,YLR131C,0,-5.0718307,0.10484743863344193,0.968999981880188,0.8273000121116638
YHR050W,YEL050C,0,-5.071935,0.10483609139919281,0.968999981880188,0.8274000287055969
YBR127C,YMR184W,0,-5.0725365,0.10482475161552429,0.968999981880188,0.8274999856948853
YIL049W,YNL197C,0,-5.072551,0.10481341183185577,0.968999981880188,0.8276000022888184
YBR089C-A,YOR084W,0,-5.0734806,0.10480207949876785,0.968999981880188,0.8277000188827515
YJL091C,YLR285W,0,-5.0737195,0.10479073971509933,0.968999981880188,0.8277999758720398
YDR120C,YJR069C,0,-5.074365,0.10477941483259201,0.968999981880188,0.8278999924659729
YDR297W,YNR031C,0,-5.0744667,0.10476808249950409,0.968999981880188,0.828000009059906
YNL094W,YLL026W,0,-5.074588,0.10475675761699677,0.968999981880188,0.8281000256538391
YNL099C,YDL134C,0,-5.074914,0.10474543273448944,0.968999981880188,0.8281999826431274
YOR355W,YER003C,0,-5.075652,0.10473410785198212,0.968999981880188,0.8282999992370605
YPL196W,YPR041W,0,-5.0760975,0.10472279042005539,0.968999981880188,0.8284000158309937
YML091C,YPR199C,0,-5.0766287,0.10471147298812866,0.968999981880188,0.828499972820282
YHR008C,YLR167W,0,-5.0766706,0.10470016300678253,0.968999981880188,0.8285999894142151
YGR183C,YDR436W,0,-5.076806,0.1046888530254364,0.968999981880188,0.8287000060081482
YBL099W,YPR033C,0,-5.076813,0.10467754304409027,0.968999981880188,0.8288000226020813
YJL117W,YGL018C,0,-5.0770535,0.10466623306274414,0.968999981880188,0.8288999795913696
YPL262W,YAL031C,0,-5.077483,0.10465493053197861,0.968999981880188,0.8289999961853027
YIR021W,YFR052W,0,-5.0780997,0.10464362800121307,0.968999981880188,0.8291000127792358
YJR001W,YDR337W,0,-5.078104,0.10463232547044754,0.968999981880188,0.829200029373169
YDR069C,YMR184W,0,-5.0781136,0.1046210303902626,0.968999981880188,0.8292999863624573
YBR265W,YLR313C,0,-5.0784373,0.10460973531007767,0.968999981880188,0.8294000029563904
YJR145C,YFR009W,0,-5.078571,0.10459844768047333,0.968999981880188,0.8295000195503235
YOL101C,YDR178W,0,-5.078629,0.10458715260028839,0.968999981880188,0.8295999765396118
YGL187C,YJL111W,0,-5.0788007,0.10457587242126465,0.968999981880188,0.8296999931335449
YMR263W,YOR377W,0,-5.0790725,0.10456458479166031,0.968999981880188,0.829800009727478
YDR062W,YDR116C,0,-5.0795794,0.10455330461263657,0.968999981880188,0.8299000263214111
YKR062W,YJL076W,0,-5.079939,0.10454202443361282,0.968999981880188,0.8299999833106995
YCR098C,YOR198C,0,-5.0799885,0.10453074425458908,0.968999981880188,0.8300999999046326
YJR144W,YOR054C,0,-5.0801697,0.10451947152614594,0.968999981880188,0.8302000164985657
YPR183W,YBL008W,0,-5.080271,0.10450819879770279,0.968999981880188,0.830299973487854
YER159C,YLR403W,0,-5.080485,0.10449692606925964,0.968999981880188,0.8303999900817871
YMR235C,YPL075W,0,-5.0810356,0.1044856607913971,0.968999981880188,0.8305000066757202
YKR087C,YML124C,0,-5.08168,0.10447439551353455,0.968999981880188,0.8306000232696533
YBR265W,YBL019W,0,-5.0823064,0.104463130235672,0.968999981880188,0.8306999802589417
YJL062W,YPR032W,0,-5.0835013,0.10445187240839005,0.968999981880188,0.8307999968528748
YGR143W,YBL022C,0,-5.084411,0.1044406145811081,0.968999981880188,0.8309000134468079
YAL030W,YGL032C,0,-5.085184,0.10442935675382614,0.968999981880188,0.8309999704360962
YPL161C,YMR149W,0,-5.0852995,0.10441810637712479,0.968999981880188,0.8310999870300293
YDL029W,YGL130W,0,-5.0853577,0.10440685600042343,0.968999981880188,0.8312000036239624
YDL024C,YDR453C,0,-5.085629,0.10439560562372208,0.968999981880188,0.8313000202178955
YHR206W,YFL026W,0,-5.085758,0.10438435524702072,0.968999981880188,0.8313999772071838
YBR049C,YOR001W,0,-5.086516,0.10437311232089996,0.968999981880188,0.8314999938011169
YKL040C,YJR143C,0,-5.086555,0.1043618768453598,0.968999981880188,0.83160001039505
YML080W,YOL093W,0,-5.0866556,0.10435063391923904,0.968999981880188,0.8317000269889832
YDR164C,YLR396C,0,-5.087201,0.10433939844369888,0.968999981880188,0.8317999839782715
YOR209C,YIR026C,0,-5.088412,0.10432816296815872,0.968999981880188,0.8319000005722046
YOR326W,YOL124C,0,-5.0890303,0.10431693494319916,0.968999981880188,0.8320000171661377
YKL194C,YBL003C,0,-5.0893197,0.1043057069182396,0.968999981880188,0.832099974155426
YKL206C,YMR213W,0,-5.090496,0.10429447889328003,0.968999981880188,0.8321999907493591
YOR054C,YPR041W,0,-5.090839,0.10428325086832047,0.968999981880188,0.8323000073432922
YDR422C,YPR080W,0,-5.0910974,0.1042720302939415,0.968999981880188,0.8324000239372253
YBL016W,YFR050C,0,-5.0915165,0.10426080971956253,0.968999981880188,0.8324999809265137
YPR133C,YNL079C,0,-5.091717,0.10424959659576416,0.968999981880188,0.8325999975204468
YDL014W,YPL209C,0,-5.09202,0.10423838347196579,0.968999981880188,0.8327000141143799
YEL034W,YKL080W,0,-5.092475,0.10422717034816742,0.968999981880188,0.8327999711036682
YML008C,YDR398W,0,-5.0928,0.10421595722436905,0.968999981880188,0.8328999876976013
YNL329C,YMR200W,0,-5.0931587,0.10420475155115128,0.968999981880188,0.8330000042915344
YLL004W,YDL208W,0,-5.093185,0.1041935458779335,0.968999981880188,0.8331000208854675
YHR066W,YHR107C,0,-5.093658,0.10418234765529633,0.968999981880188,0.8331999778747559
YGR257C,YMR229C,0,-5.0939484,0.10417114943265915,0.968999981880188,0.833299994468689
YDR110W,YAL029C,1,-5.0957565,0.10426744073629379,0.9700000286102295,0.833299994468689
YNL070W,YGL049C,0,-5.095896,0.10425623506307602,0.9700000286102295,0.8334000110626221
YGR101W,YMR021C,0,-5.096014,0.10424502938985825,0.9700000286102295,0.8335000276565552
YGR185C,YGR177C,0,-5.0960436,0.10423383116722107,0.9700000286102295,0.8335999846458435
YDR508C,YGR056W,0,-5.0971704,0.1042226254940033,0.9700000286102295,0.8337000012397766
YJR083C,YBR066C,0,-5.0973682,0.10421143472194672,0.9700000286102295,0.8338000178337097
YPL093W,YLR215C,0,-5.097808,0.10420023649930954,0.9700000286102295,0.833899974822998
YDR145W,YLR052W,0,-5.0978594,0.10418904572725296,0.9700000286102295,0.8339999914169312
YKR003W,YNL232W,0,-5.098749,0.10417785495519638,0.9700000286102295,0.8341000080108643
YFR024C-A,YML038C,0,-5.098787,0.1041666641831398,0.9700000286102295,0.8342000246047974
YDR424C,YOR085W,0,-5.098889,0.10415548086166382,0.9700000286102295,0.8342999815940857
YCR031C,YKL035W,0,-5.0989223,0.10414429754018784,0.9700000286102295,0.8343999981880188
YKL082C,YML031W,0,-5.099612,0.10413312166929245,0.9700000286102295,0.8345000147819519
YER109C,YDR419W,0,-5.101466,0.10412193834781647,0.9700000286102295,0.8345999717712402
YKL093W,YDR216W,0,-5.1024494,0.10411076247692108,0.9700000286102295,0.8346999883651733
YGL236C,YMR276W,0,-5.102767,0.10409959405660629,0.9700000286102295,0.8348000049591064
YML028W,YDR303C,0,-5.1034675,0.10408841818571091,0.9700000286102295,0.8349000215530396
YPL097W,YNL161W,0,-5.1038003,0.10407724976539612,0.9700000286102295,0.8349999785423279
YDL164C,YOL090W,1,-5.103835,0.10417336970567703,0.9710000157356262,0.8349999785423279
YLR119W,YDR308C,0,-5.1039653,0.10416219383478165,0.9710000157356262,0.835099995136261
YDR424C,YKR014C,0,-5.1039968,0.10415102541446686,0.9710000157356262,0.8352000117301941
YOL080C,YGR211W,0,-5.1055236,0.10413985699415207,0.9710000157356262,0.8353000283241272
YBR267W,YIL016W,0,-5.1059284,0.10412868857383728,0.9710000157356262,0.8353999853134155
YDR166C,YNR032W,0,-5.1064663,0.10411752015352249,0.9710000157356262,0.8355000019073486
YNL088W,YJL047C,1,-5.106581,0.10421357303857803,0.972000002861023,0.8355000019073486
YOL051W,YAL023C,0,-5.106659,0.10420240461826324,0.972000002861023,0.8356000185012817
YJL081C,YDR208W,0,-5.1072226,0.10419122874736786,0.972000002861023,0.8356999754905701
YLL040C,YDR314C,0,-5.1072726,0.10418006777763367,0.972000002861023,0.8357999920845032
YJR083C,YOL116W,0,-5.1078806,0.10416889935731888,0.972000002861023,0.8359000086784363
YIL131C,YPL093W,0,-5.1082997,0.10415773838758469,0.972000002861023,0.8360000252723694
YDR057W,YMR220W,0,-5.1085596,0.1041465774178505,0.972000002861023,0.8360999822616577
YJL045W,YMR149W,0,-5.1103306,0.1041354164481163,0.972000002861023,0.8361999988555908
YGR132C,YEL063C,0,-5.1106634,0.10412426292896271,0.972000002861023,0.8363000154495239
YIL051C,YAL005C,0,-5.111345,0.10411310940980911,0.972000002861023,0.8363999724388123
YIL118W,YHR019C,0,-5.1116986,0.10410196334123611,0.972000002861023,0.8364999890327454
YDL043C,YCR033W,0,-5.1120768,0.10409080982208252,0.972000002861023,0.8366000056266785
YBR059C,YJL004C,0,-5.112226,0.10407966375350952,0.972000002861023,0.8367000222206116
YBR135W,YMR200W,0,-5.112248,0.10406852513551712,0.972000002861023,0.8367999792098999
YJL148W,YAL023C,0,-5.112811,0.10405737906694412,0.972000002861023,0.836899995803833
YPR094W,YNL103W,0,-5.112878,0.10404624044895172,0.972000002861023,0.8370000123977661
YML031W,YPR036W,0,-5.1128993,0.10403510928153992,0.972000002861023,0.8371000289916992
YMR316W,YMR246W,0,-5.113301,0.10402397066354752,0.972000002861023,0.8371999859809875
YOL115W,YOL124C,0,-5.1134205,0.10401283949613571,0.972000002861023,0.8373000025749207
YKL129C,YEL050C,0,-5.1139135,0.10400170832872391,0.972000002861023,0.8374000191688538
YNL111C,YDR363W-A,0,-5.1140466,0.1039905846118927,0.972000002861023,0.8374999761581421
YGL210W,YJL110C,0,-5.1142707,0.10397946089506149,0.972000002861023,0.8375999927520752
YJR086W,YER001W,0,-5.1144357,0.10396833717823029,0.972000002861023,0.8377000093460083
YGR241C,YPL146C,0,-5.114856,0.10395722091197968,0.972000002861023,0.8378000259399414
YBR022W,YNR039C,0,-5.1156006,0.10394610464572906,0.972000002861023,0.8378999829292297
YCR088W,YOR149C,0,-5.1168585,0.10393498837947845,0.972000002861023,0.8379999995231628
YPL049C,YOR377W,0,-5.117326,0.10392387211322784,0.972000002861023,0.838100016117096
YDR168W,YFR003C,0,-5.117823,0.10391276329755783,0.972000002861023,0.8381999731063843
YLR088W,YNL323W,0,-5.1181736,0.10390165448188782,0.972000002861023,0.8382999897003174
YDL134C,YDR258C,0,-5.1183214,0.1038905531167984,0.972000002861023,0.8384000062942505
YMR316W,YJL048C,0,-5.118883,0.10387945175170898,0.972000002861023,0.8385000228881836
YJR090C,YPL115C,0,-5.1191425,0.10386835038661957,0.972000002861023,0.8385999798774719
YJL208C,YGL043W,1,-5.1191554,0.10396409779787064,0.9729999899864197,0.8385999798774719
YGL106W,YDR176W,0,-5.119588,0.10395298898220062,0.9729999899864197,0.838699996471405
YPL037C,YAL034W-A,0,-5.120091,0.1039418876171112,0.9729999899864197,0.8388000130653381
YAL034W-A,YER120W,0,-5.120419,0.10393078625202179,0.9729999899864197,0.8389000296592712
YML058W,YGR077C,0,-5.120468,0.10391968488693237,0.9729999899864197,0.8389999866485596
YGL097W,YJR065C,0,-5.120929,0.10390858352184296,0.9729999899864197,0.8391000032424927
YHL003C,YPL209C,0,-5.1213064,0.10389748960733414,0.9729999899864197,0.8392000198364258
YMR172W,YGL166W,0,-5.121499,0.10388639569282532,0.9729999899864197,0.8392999768257141
YGR202C,YKL004W,0,-5.121535,0.1038753092288971,0.9729999899864197,0.8393999934196472
YIL051C,YBL019W,0,-5.122418,0.10386421531438828,0.9729999899864197,0.8395000100135803
YDR460W,YJL128C,0,-5.1226707,0.10385313630104065,0.9729999899864197,0.8396000266075134
YNL073W,YIL065C,0,-5.1236377,0.10384204983711243,0.9729999899864197,0.8396999835968018
YER125W,YEL030W,0,-5.1245165,0.1038309708237648,0.9729999899864197,0.8398000001907349
YIL021W,YLL021W,0,-5.125265,0.10381989181041718,0.9729999899864197,0.839900016784668
YOR250C,YBL041W,0,-5.125463,0.10380881279706955,0.9729999899864197,0.8399999737739563
YPL097W,YIR023W,0,-5.1255846,0.10379774123430252,0.9729999899864197,0.8400999903678894
YKR001C,YIL033C,0,-5.125716,0.10378666967153549,0.9729999899864197,0.8402000069618225
YMR200W,YNL222W,0,-5.1257753,0.10377559810876846,0.9729999899864197,0.8403000235557556
YOR076C,YOR304W,0,-5.125972,0.10376452654600143,0.9729999899864197,0.840399980545044
YGL106W,YER021W,0,-5.1260037,0.103753462433815,0.9729999899864197,0.840499997138977
YKL206C,YER161C,0,-5.1295185,0.10374240577220917,0.9729999899864197,0.8406000137329102
YLR102C,YDR318W,0,-5.129533,0.10373134166002274,0.9729999899864197,0.8406999707221985
YJR103W,YJL063C,0,-5.1297283,0.1037202849984169,0.9729999899864197,0.8407999873161316
YKL016C,YBR066C,0,-5.129829,0.10370922833681107,0.9729999899864197,0.8409000039100647
YPR036W,YKL005C,0,-5.1304245,0.10369817912578583,0.9729999899864197,0.8410000205039978
YKL041W,YMR211W,0,-5.131352,0.10368712991476059,0.9729999899864197,0.8410999774932861
YMR109W,YMR047C,0,-5.1313868,0.10367608070373535,0.9729999899864197,0.8411999940872192
YGR020C,YJR060W,0,-5.131461,0.10366503149271011,0.9729999899864197,0.8413000106811523
YPL179W,YPL091W,0,-5.133027,0.10365398973226547,0.9729999899864197,0.8414000272750854
YOR142W,YEL051W,0,-5.1330624,0.10364294797182083,0.9729999899864197,0.8414999842643738
YNL088W,YLR466W,1,-5.1333733,0.10373841971158981,0.9739999771118164,0.8414999842643738
YHR089C,YPR113W,0,-5.1333904,0.10372737050056458,0.9739999771118164,0.8416000008583069
YGL068W,YMR173W,0,-5.133548,0.10371632128953934,0.9739999771118164,0.84170001745224
YJR083C,YML016C,0,-5.1338406,0.1037052795290947,0.9739999771118164,0.8417999744415283
YBR068C,YKL140W,0,-5.13431,0.10369423776865005,0.9739999771118164,0.8418999910354614
YNL070W,YJL029C,0,-5.1344047,0.10368320345878601,0.9739999771118164,0.8420000076293945
YBR207W,YJR145C,0,-5.1348352,0.10367216914892197,0.9739999771118164,0.8421000242233276
YNL030W,YDL134C,0,-5.13496,0.10366113483905792,0.9739999771118164,0.842199981212616
YHR116W,YGL105W,0,-5.136225,0.10365010052919388,0.9739999771118164,0.8422999978065491
YHR084W,YNL221C,0,-5.1375093,0.10363907366991043,0.9739999771118164,0.8424000144004822
YPR042C,YMR161W,0,-5.137622,0.10362804681062698,0.9739999771118164,0.8424999713897705
YNR039C,YGL018C,0,-5.13852,0.10361701995134354,0.9739999771118164,0.8425999879837036
YER018C,YNL111C,0,-5.1387587,0.10360600054264069,0.9739999771118164,0.8427000045776367
YNL073W,YPR154W,0,-5.1388226,0.10359498113393784,0.9739999771118164,0.8428000211715698
YLR442C,YKR028W,0,-5.1388373,0.10358396172523499,0.9739999771118164,0.8428999781608582
YHR085W,YML060W,0,-5.1391516,0.10357294976711273,0.9739999771118164,0.8429999947547913
YLR216C,YBR198C,0,-5.139207,0.10356193780899048,0.9739999771118164,0.8431000113487244
YGL038C,YHR050W,0,-5.1392193,0.10355092585086823,0.9739999771118164,0.8432000279426575
YNL097C,YPL011C,0,-5.140128,0.10353991389274597,0.9739999771118164,0.8432999849319458
YPL098C,YAL026C,0,-5.1401334,0.10352890938520432,0.9739999771118164,0.8434000015258789
YMR109W,YOL060C,0,-5.140193,0.10351790487766266,0.9739999771118164,0.843500018119812
YJL062W,YGR218W,0,-5.1408715,0.1035069078207016,0.9739999771118164,0.8435999751091003
YJL030W,YHR106W,0,-5.14106,0.10349591076374054,0.9739999771118164,0.8436999917030334
YLR197W,YCR084C,0,-5.1416435,0.10348491370677948,0.9739999771118164,0.8438000082969666
YKL178C,YGR144W,0,-5.1420894,0.10347391664981842,0.9739999771118164,0.8439000248908997
YNL048W,YBL018C,0,-5.142131,0.10346292704343796,0.9739999771118164,0.843999981880188
YPR199C,YDL002C,0,-5.143141,0.1034519374370575,0.9739999771118164,0.8440999984741211
YAL056W,YML092C,0,-5.1435394,0.10344095528125763,0.9739999771118164,0.8442000150680542
YPR086W,YOL027C,0,-5.1436954,0.10342996567487717,0.9739999771118164,0.8442999720573425
YBL046W,YJR145C,0,-5.143856,0.1034189835190773,0.9739999771118164,0.8443999886512756
YDL046W,YJR046W,0,-5.1440773,0.10340800881385803,0.9739999771118164,0.8445000052452087
YML010W,YMR241W,0,-5.144642,0.10339702665805817,0.9739999771118164,0.8446000218391418
YMR173W,YLR330W,0,-5.144803,0.1033860519528389,0.9739999771118164,0.8446999788284302
YJR093C,YLR100W,0,-5.1451635,0.10337507724761963,0.9739999771118164,0.8447999954223633
YPL069C,YBR158W,0,-5.1453476,0.10336410999298096,0.9739999771118164,0.8449000120162964
YMR241W,YDR099W,0,-5.145744,0.10335314273834229,0.9739999771118164,0.8450000286102295
YBR058C-A,YOR316C,0,-5.1466904,0.10334217548370361,0.9739999771118164,0.8450999855995178
YNL231C,YDR228C,0,-5.1467085,0.10333120822906494,0.9739999771118164,0.8452000021934509
YOR355W,YHR174W,0,-5.1479063,0.10332024842500687,0.9739999771118164,0.845300018787384
YHR052W,YNL030W,0,-5.1484027,0.10330928862094879,0.9739999771118164,0.8453999757766724
YML094W,YCR028C-A,0,-5.149775,0.10329833626747131,0.9739999771118164,0.8454999923706055
YHR138C,YBR273C,0,-5.150073,0.10328738391399384,0.9739999771118164,0.8456000089645386
YER018C,YDR518W,0,-5.150328,0.10327643156051636,0.9739999771118164,0.8457000255584717
YNL079C,YDR499W,0,-5.1506968,0.10326547920703888,0.9739999771118164,0.84579998254776
YML086C,YAL013W,0,-5.151013,0.103254534304142,0.9739999771118164,0.8458999991416931
YEL054C,YOR377W,0,-5.1512327,0.10324358940124512,0.9739999771118164,0.8460000157356262
YLL019C,YFL036W,0,-5.1512914,0.10323264449834824,0.9739999771118164,0.8460999727249146
YNL241C,YML034W,0,-5.1516457,0.10322170704603195,0.9739999771118164,0.8461999893188477
YKL093W,YFL013C,0,-5.152086,0.10321076959371567,0.9739999771118164,0.8463000059127808
YLR430W,YDR027C,0,-5.1524777,0.10319983214139938,0.9739999771118164,0.8464000225067139
YML006C,YOR122C,0,-5.152852,0.1031888946890831,0.9739999771118164,0.8464999794960022
YLR110C,YDR079C-A,0,-5.1535745,0.10317796468734741,0.9739999771118164,0.8465999960899353
YNR002C,YNL242W,0,-5.153936,0.10316703468561172,0.9739999771118164,0.8467000126838684
YDR342C,YPR080W,0,-5.154167,0.10315611213445663,0.9739999771118164,0.8468000292778015
YHR005C,YOR381W,0,-5.1548986,0.10314518958330154,0.9739999771118164,0.8468999862670898
YPR124W,YBR205W,0,-5.1551723,0.10313426703214645,0.9739999771118164,0.847000002861023
YAR003W,YBR035C,0,-5.1552296,0.10312334448099136,0.9739999771118164,0.847100019454956
YDR025W,YAL031C,0,-5.1553297,0.10311242938041687,0.9739999771118164,0.8471999764442444
YOR355W,YOL142W,0,-5.1558714,0.10310151427984238,0.9739999771118164,0.8472999930381775
YDR045C,YJL134W,0,-5.156702,0.10309059917926788,0.9739999771118164,0.8474000096321106
YKL130C,YNL206C,1,-5.1567864,0.10318551957607269,0.9750000238418579,0.8474000096321106
YGR134W,YOR080W,0,-5.156839,0.1031746044754982,0.9750000238418579,0.8475000262260437
YDR062W,YER123W,0,-5.1581073,0.1031636893749237,0.9750000238418579,0.847599983215332
YFR003C,YIL143C,0,-5.1589355,0.10315277427434921,0.9750000238418579,0.8476999998092651
YPL160W,YHR158C,0,-5.1599092,0.10314185917377472,0.9750000238418579,0.8478000164031982
YER120W,YOR294W,0,-5.160183,0.10313095152378082,0.9750000238418579,0.8478999733924866
YBR069C,YPL075W,0,-5.1602535,0.10312004387378693,0.9750000238418579,0.8479999899864197
YAL051W,YFR052W,0,-5.1603813,0.10310913622379303,0.9750000238418579,0.8481000065803528
YDR150W,YGR280C,0,-5.1603985,0.10309823602437973,0.9750000238418579,0.8482000231742859
YEL002C,YDL007W,0,-5.1605806,0.10308733582496643,0.9750000238418579,0.8482999801635742
YNL048W,YLR216C,0,-5.16115,0.10307643562555313,0.9750000238418579,0.8483999967575073
YER100W,YML126C,0,-5.161393,0.10306553542613983,0.9750000238418579,0.8485000133514404
YDR263C,YPL116W,0,-5.1616735,0.10305464267730713,0.9750000238418579,0.8485999703407288
YJL030W,YLL026W,0,-5.1618695,0.10304375737905502,0.9750000238418579,0.8486999869346619
YDR153C,YBR160W,0,-5.1627474,0.10303286463022232,0.9750000238418579,0.848800003528595
YML058W,YNL281W,0,-5.1630483,0.10302197933197021,0.9750000238418579,0.8489000201225281
YOL051W,YPR030W,0,-5.1638317,0.10301109403371811,0.9750000238418579,0.8489999771118164
YPR023C,YPR155C,0,-5.163867,0.103000208735466,0.9750000238418579,0.8490999937057495
YNR039C,YDL174C,0,-5.164405,0.1029893308877945,0.9750000238418579,0.8492000102996826
YDR378C,YER049W,0,-5.1647043,0.10297845304012299,0.9750000238418579,0.8493000268936157
YDR424C,YIL034C,0,-5.164841,0.10296757519245148,0.9750000238418579,0.849399983882904
YKL051W,YDR302W,0,-5.166048,0.10295670479536057,0.9750000238418579,0.8495000004768372
YCR091W,YDR178W,0,-5.16682,0.10294583439826965,0.9750000238418579,0.8496000170707703
YGL047W,YDL134C,0,-5.166913,0.10293496400117874,0.9750000238418579,0.8496999740600586
YHR084W,YCR072C,0,-5.1670084,0.10292410105466843,0.9750000238418579,0.8497999906539917
YHR043C,YOR150W,0,-5.167264,0.10291323810815811,0.9750000238418579,0.8499000072479248
YPL101W,YML065W,0,-5.1672783,0.1029023751616478,0.9750000238418579,0.8500000238418579
YGR006W,YOR204W,0,-5.167411,0.10289151221513748,0.9750000238418579,0.8500999808311462
YML032C,YDR289C,1,-5.1680217,0.102986179292202,0.9760000109672546,0.8500999808311462
YEL024W,YDR054C,0,-5.169161,0.10297530889511108,0.9760000109672546,0.8501999974250793
YKL017C,YLR095C,0,-5.1692433,0.10296444594860077,0.9760000109672546,0.8503000140190125
YPL268W,YDL134C,0,-5.1694384,0.10295358300209045,0.9760000109672546,0.8503999710083008
YER020W,YPL161C,0,-5.169594,0.10294272750616074,0.9760000109672546,0.8504999876022339
YDR424C,YBR055C,0,-5.1707063,0.10293187201023102,0.9760000109672546,0.850600004196167
YLR304C,YPL231W,0,-5.1710854,0.1029210165143013,0.9760000109672546,0.8507000207901001
YGL011C,YDR331W,0,-5.1713715,0.10291016101837158,0.9760000109672546,0.8507999777793884
YDR392W,YJR049C,0,-5.171508,0.10289931297302246,0.9760000109672546,0.8508999943733215
YCL044C,YPL053C,0,-5.1718245,0.10288846492767334,0.9760000109672546,0.8510000109672546
YDR129C,YAL054C,0,-5.1724987,0.10287762433290482,0.9760000109672546,0.8511000275611877
YBL034C,YLR430W,0,-5.1732388,0.1028667762875557,0.9760000109672546,0.8511999845504761
YDR077W,YHR066W,0,-5.1733,0.10285593569278717,0.9760000109672546,0.8513000011444092
YMR059W,YKR048C,0,-5.173477,0.10284510254859924,0.9760000109672546,0.8514000177383423
YJL011C,YOR239W,0,-5.1736054,0.10283426195383072,0.9760000109672546,0.8514999747276306
YOR080W,YBL057C,0,-5.1737914,0.10282342880964279,0.9760000109672546,0.8515999913215637
YLR450W,YLR051C,0,-5.1747613,0.10281259566545486,0.9760000109672546,0.8517000079154968
YNL231C,YNR023W,0,-5.1749268,0.10280176997184753,0.9760000109672546,0.8518000245094299
YML015C,YDR378C,0,-5.1754456,0.1027909442782402,0.9760000109672546,0.8518999814987183
YER093C,YMR039C,0,-5.1754975,0.10278011858463287,0.9760000109672546,0.8519999980926514
YDL230W,YER054C,0,-5.176257,0.10276929289102554,0.9760000109672546,0.8521000146865845
YBR132C,YJL014W,0,-5.176339,0.10275847464799881,0.9760000109672546,0.8521999716758728
YMR292W,YIL035C,0,-5.176512,0.10274765640497208,0.9760000109672546,0.8522999882698059
YOL102C,YJL140W,0,-5.1765747,0.10273684561252594,0.9760000109672546,0.852400004863739
YMR061W,YGR195W,0,-5.178324,0.1027260273694992,0.9760000109672546,0.8525000214576721
YBR042C,YDR212W,0,-5.178873,0.10271521657705307,0.9760000109672546,0.8525999784469604
YDR486C,YPL128C,0,-5.179273,0.10270440578460693,0.9760000109672546,0.8526999950408936
YJL133W,YDL047W,0,-5.179476,0.1026936024427414,0.9760000109672546,0.8528000116348267
YBR082C,YPR163C,0,-5.179942,0.10268279910087585,0.9760000109672546,0.8529000282287598
YGR241C,YPL153C,0,-5.1802225,0.10267199575901031,0.9760000109672546,0.8529999852180481
YGL172W,YBL008W,0,-5.180957,0.10266119986772537,0.9760000109672546,0.8531000018119812
YGR231C,YML006C,0,-5.1810045,0.10265039652585983,0.9760000109672546,0.8532000184059143
YDR205W,YPR103W,0,-5.181468,0.10263960808515549,0.9760000109672546,0.8532999753952026
YDL135C,YOR002W,0,-5.1818495,0.10262881219387054,0.9760000109672546,0.8533999919891357
YDR486C,YIL154C,0,-5.1818643,0.1026180237531662,0.9760000109672546,0.8535000085830688
YOL112W,YOR355W,0,-5.1822286,0.10260723531246185,0.9760000109672546,0.853600025177002
YHR190W,YOR288C,0,-5.182761,0.10259644687175751,0.9760000109672546,0.8536999821662903
YOL146W,YBR280C,0,-5.1830764,0.10258566588163376,0.9760000109672546,0.8537999987602234
YKR026C,YOL005C,0,-5.183111,0.10257488489151001,0.9760000109672546,0.8539000153541565
YLL043W,YPL128C,0,-5.1843724,0.10256410390138626,0.9760000109672546,0.8539999723434448
YOR270C,YLR276C,0,-5.184438,0.10255332291126251,0.9760000109672546,0.8540999889373779
YLR353W,YBL106C,0,-5.1844463,0.10254254937171936,0.9760000109672546,0.854200005531311
YGR185C,YDR331W,0,-5.184915,0.10253177583217621,0.9760000109672546,0.8543000221252441
YHR005C,YKR089C,0,-5.1854434,0.10252100974321365,0.9760000109672546,0.8543999791145325
YEL037C,YKL085W,0,-5.186013,0.1025102436542511,0.9760000109672546,0.8544999957084656
YOR221C,YMR216C,0,-5.1880436,0.10249947756528854,0.9760000109672546,0.8546000123023987
YFL034C-B,YDR331W,0,-5.188252,0.10248871147632599,0.9760000109672546,0.8547000288963318
YNL156C,YDR297W,0,-5.188779,0.10247795283794403,0.9760000109672546,0.8547999858856201
YHR072W,YOR116C,0,-5.1896563,0.10246719419956207,0.9760000109672546,0.8549000024795532
YDR182W,YJR007W,0,-5.190055,0.10245643556118011,0.9760000109672546,0.8550000190734863
YHL003C,YBR110W,0,-5.1905036,0.10244568437337875,0.9760000109672546,0.8550999760627747
YJR131W,YFR009W,0,-5.190876,0.1024349257349968,0.9760000109672546,0.8551999926567078
YAL020C,YIL021W,0,-5.1909685,0.10242418199777603,0.9760000109672546,0.8553000092506409
YPL239W,YGL049C,0,-5.191123,0.10241343080997467,0.9760000109672546,0.855400025844574
YLR212C,YEL051W,0,-5.191264,0.1024026870727539,0.9760000109672546,0.8554999828338623
YDR025W,YLR304C,0,-5.191685,0.10239194333553314,0.9760000109672546,0.8555999994277954
YDL081C,YGL191W,0,-5.1922164,0.10238119959831238,0.9760000109672546,0.8557000160217285
YLR130C,YDR027C,0,-5.1926403,0.10237046331167221,0.9760000109672546,0.8557999730110168
YDR424C,YJL087C,0,-5.1926513,0.10235972702503204,0.9760000109672546,0.85589998960495
YEL009C,YDL236W,0,-5.193549,0.10234899073839188,0.9760000109672546,0.8560000061988831
YDR447C,YKR066C,0,-5.1940184,0.1023382619023323,0.9760000109672546,0.8561000227928162
YGL018C,YFR050C,0,-5.1945076,0.10232753306627274,0.9760000109672546,0.8561999797821045
YHR067W,YKL126W,0,-5.195246,0.10231680423021317,0.9760000109672546,0.8562999963760376
YML023C,YDR071C,0,-5.195958,0.10230608284473419,0.9760000109672546,0.8564000129699707
YJL004C,YOR123C,0,-5.1961985,0.10229535400867462,0.9760000109672546,0.8565000295639038
YBR118W,YJL012C,0,-5.196468,0.10228463262319565,0.9760000109672546,0.8565999865531921
YDR116C,YPL241C,0,-5.1974115,0.10227391868829727,0.9760000109672546,0.8567000031471252
YLR259C,YKL120W,0,-5.1976542,0.1022632047533989,0.9760000109672546,0.8568000197410583
YKL085W,YPL042C,0,-5.198323,0.10225249081850052,0.9760000109672546,0.8568999767303467
YGL245W,YMR220W,0,-5.1999855,0.10224177688360214,0.9760000109672546,0.8569999933242798
YPL076W,YML065W,0,-5.2011333,0.10223107039928436,0.9760000109672546,0.8571000099182129
YEL037C,YEL002C,0,-5.201991,0.10222036391496658,0.9760000109672546,0.857200026512146
YPL118W,YAR003W,0,-5.2020864,0.1022096574306488,0.9760000109672546,0.8572999835014343
YMR238W,YJR084W,0,-5.202177,0.10219895094633102,0.9760000109672546,0.8574000000953674
YBL035C,YDL213C,0,-5.2022605,0.10218825191259384,0.9760000109672546,0.8575000166893005
YNL164C,YNL112W,0,-5.2035384,0.10217755287885666,0.9760000109672546,0.8575999736785889
YIR023W,YER027C,0,-5.204249,0.10216686129570007,0.9760000109672546,0.857699990272522
YGL122C,YOL123W,0,-5.205017,0.10215616226196289,0.9760000109672546,0.8578000068664551
YER018C,YML132W,0,-5.2051225,0.1021454706788063,0.9760000109672546,0.8579000234603882
YMR177W,YBR069C,0,-5.2061825,0.10213478654623032,0.9760000109672546,0.8579999804496765
YER146W,YGR217W,0,-5.206492,0.10212409496307373,0.9760000109672546,0.8580999970436096
YNL280C,YDR436W,0,-5.207426,0.10211341083049774,0.9760000109672546,0.8582000136375427
YAR042W,YGL257C,0,-5.20747,0.10210272669792175,0.9760000109672546,0.858299970626831
YDL130W-A,YNL009W,0,-5.2076697,0.10209205001592636,0.9760000109672546,0.8583999872207642
YHR069C,YMR128W,0,-5.209545,0.10208137333393097,0.9760000109672546,0.8585000038146973
YGL207W,YBR035C,0,-5.210397,0.10207069665193558,0.9760000109672546,0.8586000204086304
YJR144W,YDR153C,0,-5.2105365,0.10206001996994019,0.9760000109672546,0.8586999773979187
YPL037C,YOR079C,0,-5.211589,0.10204935073852539,0.9760000109672546,0.8587999939918518
YNR052C,YDR488C,0,-5.2119765,0.1020386815071106,0.9760000109672546,0.8589000105857849
YGL070C,YOL020W,0,-5.2123976,0.1020280122756958,0.9760000109672546,0.859000027179718
YAL051W,YML092C,0,-5.2126417,0.1020173504948616,0.9760000109672546,0.8590999841690063
YGR278W,YMR161W,0,-5.213681,0.1020066887140274,0.9760000109672546,0.8592000007629395
YPL221W,YLR130C,0,-5.213733,0.1019960269331932,0.9760000109672546,0.8593000173568726
YGL236C,YDL047W,0,-5.214297,0.1019853726029396,0.9760000109672546,0.8593999743461609
YKL129C,YML092C,0,-5.2148433,0.101974718272686,0.9760000109672546,0.859499990940094
YML010W,YKL056C,0,-5.2166543,0.1019640639424324,0.9760000109672546,0.8596000075340271
YGL246C,YDR361C,0,-5.2170925,0.1019534096121788,0.9760000109672546,0.8597000241279602
YDR309C,YGL195W,0,-5.217718,0.1019427627325058,0.9760000109672546,0.8597999811172485
YDR284C,YER100W,0,-5.2181726,0.1019321158528328,0.9760000109672546,0.8598999977111816
YER019W,YEL034W,0,-5.218425,0.10192146897315979,0.9760000109672546,0.8600000143051147
YLR380W,YBR198C,0,-5.2187195,0.10191082954406738,0.9760000109672546,0.8600999712944031
YKL016C,YBR273C,0,-5.2187448,0.10190019011497498,0.9760000109672546,0.8601999878883362
YJL069C,YGR072W,0,-5.2197075,0.10188955068588257,0.9760000109672546,0.8603000044822693
YOL105C,YHR205W,0,-5.220414,0.10187891125679016,0.9760000109672546,0.8604000210762024
YFL009W,YPR025C,0,-5.2210855,0.10186827927827835,0.9760000109672546,0.8604999780654907
YPL115C,YDL143W,0,-5.222314,0.10185764729976654,0.9760000109672546,0.8605999946594238
YJL062W,YOL121C,0,-5.222614,0.10184702277183533,0.9760000109672546,0.8607000112533569
YOR239W,YJL128C,0,-5.222954,0.10183639079332352,0.9760000109672546,0.86080002784729
YBL079W,YDL197C,0,-5.223634,0.1018257662653923,0.9760000109672546,0.8608999848365784
YDR142C,YNL061W,0,-5.2236853,0.10181514918804169,0.9760000109672546,0.8610000014305115
YKR035W-A,YHR030C,0,-5.2263217,0.10180452466011047,0.9760000109672546,0.8611000180244446
YOR362C,YOR136W,0,-5.226351,0.10179390758275986,0.9760000109672546,0.8611999750137329
YHR039C-A,YPL049C,0,-5.226512,0.10178329050540924,0.9760000109672546,0.861299991607666
YOR327C,YNL097C,0,-5.226531,0.10177268087863922,0.9760000109672546,0.8614000082015991
YOR027W,YOR204W,0,-5.226726,0.1017620712518692,0.9760000109672546,0.8615000247955322
YDR284C,YGR183C,0,-5.226749,0.10175146162509918,0.9760000109672546,0.8615999817848206
YOR109W,YIL030C,0,-5.227138,0.10174085199832916,0.9760000109672546,0.8616999983787537
YKR079C,YBL016W,0,-5.2281995,0.10173024982213974,0.9760000109672546,0.8618000149726868
YOR078W,YPR008W,0,-5.22855,0.10171964764595032,0.9760000109672546,0.8618999719619751
YDR145W,YNR035C,0,-5.2298765,0.1017090454697609,0.9760000109672546,0.8619999885559082
YMR054W,YGR083C,0,-5.230098,0.10169845074415207,0.9760000109672546,0.8621000051498413
YER155C,YPL274W,0,-5.2301726,0.10168784856796265,0.9760000109672546,0.8622000217437744
YLR305C,YOR377W,0,-5.2304125,0.10167726129293442,0.9760000109672546,0.8622999787330627
YDR378C,YLL027W,0,-5.230636,0.10166666656732559,0.9760000109672546,0.8623999953269958
YNL280C,YMR026C,0,-5.2307525,0.10165607929229736,0.9760000109672546,0.862500011920929
YLR208W,YNR039C,0,-5.2314606,0.10164549201726913,0.9760000109672546,0.8626000285148621
YNL231C,YNL091W,0,-5.2319875,0.1016349047422409,0.9760000109672546,0.8626999855041504
YOR195W,YDR054C,0,-5.233081,0.10162432491779327,0.9760000109672546,0.8628000020980835
YEL013W,YBR193C,0,-5.2349176,0.10161374509334564,0.9760000109672546,0.8629000186920166
YNL219C,YDL006W,0,-5.235023,0.10160316526889801,0.9760000109672546,0.8629999756813049
YKL016C,YGR085C,0,-5.235154,0.10159258544445038,0.9760000109672546,0.863099992275238
YJR040W,YOR261C,0,-5.236077,0.10158201307058334,0.9760000109672546,0.8632000088691711
YKR089C,YML005W,0,-5.2363877,0.10157144069671631,0.9760000109672546,0.8633000254631042
YKL002W,YGR078C,0,-5.2372093,0.10156087577342987,0.9760000109672546,0.8633999824523926
YLR222C,YNL298W,0,-5.23805,0.10155030339956284,0.9760000109672546,0.8634999990463257
YDR165W,YMR127C,0,-5.2380724,0.1015397384762764,0.9760000109672546,0.8636000156402588
YCL040W,YDR054C,0,-5.238224,0.10152918100357056,0.9760000109672546,0.8636999726295471
YMR292W,YDR280W,0,-5.238272,0.10151861608028412,0.9760000109672546,0.8637999892234802
YML073C,YDL165W,0,-5.238306,0.10150805860757828,0.9760000109672546,0.8639000058174133
YJR131W,YLR095C,0,-5.2396135,0.10149750113487244,0.9760000109672546,0.8640000224113464
YJL102W,YML086C,0,-5.2399464,0.10148695111274719,0.9760000109672546,0.8640999794006348
YOR100C,YKR014C,0,-5.2401004,0.10147640109062195,0.9760000109672546,0.8641999959945679
YOL080C,YHR062C,0,-5.240214,0.1014658510684967,0.9760000109672546,0.864300012588501
YDR148C,YPL131W,0,-5.240336,0.10145530104637146,0.9760000109672546,0.8644000291824341
YIL147C,YIL023C,0,-5.240475,0.10144475847482681,0.9760000109672546,0.8644999861717224
YPR173C,YEL015W,0,-5.241311,0.10143421590328217,0.9760000109672546,0.8646000027656555
YDR378C,YFL004W,0,-5.2416363,0.10142367333173752,0.9760000109672546,0.8647000193595886
YIL009W,YOR079C,0,-5.2422247,0.10141313076019287,0.9760000109672546,0.864799976348877
YLR214W,YCL025C,0,-5.243165,0.10140259563922882,0.9760000109672546,0.8648999929428101
YJL003W,YAL003W,0,-5.243557,0.10139206051826477,0.9760000109672546,0.8650000095367432
YHR193C,YDR028C,0,-5.24413,0.10138153284788132,0.9760000109672546,0.8651000261306763
YDL039C,YIL150C,0,-5.244211,0.10137099772691727,0.9760000109672546,0.8651999831199646
YJR135W-A,YBR058C-A,0,-5.244243,0.10136047005653381,0.9760000109672546,0.8652999997138977
YOL071W,YDR071C,0,-5.2444944,0.10134994983673096,0.9760000109672546,0.8654000163078308
YHR089C,YOL145C,0,-5.244519,0.1013394221663475,0.9760000109672546,0.8654999732971191
YAL030W,YLR138W,0,-5.2447777,0.10132890194654465,0.9760000109672546,0.8655999898910522
YDR490C,YDR137W,0,-5.2465496,0.10131838172674179,0.9760000109672546,0.8657000064849854
YNL130C,YMR091C,0,-5.2466893,0.10130786895751953,0.9760000109672546,0.8658000230789185
YOR327C,YMR235C,0,-5.246775,0.10129735618829727,0.9760000109672546,0.8658999800682068
YBR192W,YKR079C,0,-5.2469187,0.10128684341907501,0.9760000109672546,0.8659999966621399
YOR332W,YJL145W,0,-5.2472596,0.10127633064985275,0.9760000109672546,0.866100013256073
YGL006W,YKL035W,0,-5.2474246,0.10126582533121109,0.9760000109672546,0.8661999702453613
YGR214W,YLR447C,0,-5.248287,0.10125532001256943,0.9760000109672546,0.8662999868392944
YCR088W,YOR132W,0,-5.248455,0.10124481469392776,0.9760000109672546,0.8664000034332275
YHR150W,YNR035C,0,-5.248768,0.1012343093752861,0.9760000109672546,0.8665000200271606
YEL009C,YIL016W,0,-5.251359,0.10122381150722504,0.9760000109672546,0.866599977016449
YHL003C,YDR409W,0,-5.252219,0.10121331363916397,0.9760000109672546,0.8666999936103821
YLL040C,YBR132C,0,-5.252609,0.1012028232216835,0.9760000109672546,0.8668000102043152
YJL173C,YLR466W,1,-5.2535734,0.10129600763320923,0.9769999980926514,0.8668000102043152
YNL283C,YBR289W,0,-5.253883,0.10128550976514816,0.9769999980926514,0.8669000267982483
YGR132C,YGL018C,0,-5.254095,0.1012750044465065,0.9769999980926514,0.8669999837875366
YEL037C,YOR136W,0,-5.254219,0.10126451402902603,0.9769999980926514,0.8671000003814697
YDL185W,YER095W,1,-5.2543373,0.10135765373706818,0.9779999852180481,0.8671000003814697
YNL267W,YOL051W,0,-5.254896,0.10134714841842651,0.9779999852180481,0.8672000169754028
YHR081W,YJL090C,1,-5.255067,0.10144026577472687,0.9789999723434448,0.8672000169754028
YOR304W,YDR164C,0,-5.255329,0.10142975300550461,0.9789999723434448,0.8672999739646912
YML019W,YLR256W,0,-5.255743,0.10141924768686295,0.9789999723434448,0.8673999905586243
YKL175W,YBR118W,0,-5.2564483,0.10140874236822128,0.9789999723434448,0.8675000071525574
YPL145C,YDR178W,0,-5.256463,0.10139823704957962,0.9789999723434448,0.8676000237464905
YBL034C,YER082C,0,-5.2570767,0.10138773918151855,0.9789999723434448,0.8676999807357788
YLR043C,YDR294C,0,-5.257248,0.10137724131345749,0.9789999723434448,0.8677999973297119
YDL081C,YOR123C,0,-5.257258,0.10136674344539642,0.9789999723434448,0.867900013923645
YPL266W,YLR215C,0,-5.2576213,0.10135624557733536,0.9789999723434448,0.8679999709129333
YPL221W,YJL140W,0,-5.2577243,0.10134575515985489,0.9789999723434448,0.8680999875068665
YMR207C,YMR276W,0,-5.2577868,0.10133526474237442,0.9789999723434448,0.8682000041007996
YMR012W,YHR116W,0,-5.2588205,0.10132477432489395,0.9789999723434448,0.8683000206947327
YPR020W,YLR009W,0,-5.259612,0.10131429135799408,0.9789999723434448,0.868399977684021
YEL054C,YDR212W,0,-5.2602644,0.10130380839109421,0.9789999723434448,0.8684999942779541
YEL063C,YHR007C,0,-5.2606635,0.10129332542419434,0.9789999723434448,0.8686000108718872
YGL106W,YDL056W,0,-5.2606926,0.10128284990787506,0.9789999723434448,0.8687000274658203
YBR112C,YEL032W,0,-5.2607574,0.10127236694097519,0.9789999723434448,0.8687999844551086
YBR199W,YHR135C,0,-5.2608733,0.10126189142465591,0.9789999723434448,0.8689000010490417
YKL117W,YFL016C,0,-5.261633,0.10125142335891724,0.9789999723434448,0.8690000176429749
YLR276C,YKL008C,0,-5.261696,0.10124094784259796,0.9789999723434448,0.8690999746322632
YBR274W,YKL080W,0,-5.262992,0.10123047977685928,0.9789999723434448,0.8691999912261963
YDR194C,YLR190W,0,-5.2636952,0.1012200191617012,0.9789999723434448,0.8693000078201294
YLL027W,YBR102C,0,-5.2640347,0.10120955109596252,0.9789999723434448,0.8694000244140625
YGL195W,YMR033W,0,-5.2640877,0.10119909048080444,0.9789999723434448,0.8694999814033508
YOR159C,YJR070C,0,-5.264961,0.10118862986564636,0.9789999723434448,0.8695999979972839
YHR091C,YLR229C,0,-5.2654085,0.10117816925048828,0.9789999723434448,0.869700014591217
YKL110C,YMR091C,0,-5.2657814,0.1011677160859108,0.9789999723434448,0.8697999715805054
YML028W,YBR296C,0,-5.2661505,0.10115726292133331,0.9789999723434448,0.8698999881744385
YGR231C,YMR036C,0,-5.2665195,0.10114680975675583,0.9789999723434448,0.8700000047683716
YKL172W,YML015C,0,-5.2686577,0.10113636404275894,0.9789999723434448,0.8701000213623047
YGL099W,YMR138W,0,-5.268886,0.10112591832876205,0.9789999723434448,0.870199978351593
YKL141W,YBL057C,0,-5.2690887,0.10111547261476517,0.9789999723434448,0.8702999949455261
YOR080W,YDR002W,0,-5.2694182,0.10110502690076828,0.9789999723434448,0.8704000115394592
YDL076C,YKR026C,0,-5.2696443,0.10109458863735199,0.9789999723434448,0.8705000281333923
YDR379W,YNL055C,0,-5.2698107,0.1010841503739357,0.9789999723434448,0.8705999851226807
YNL084C,YDL108W,0,-5.270091,0.10107371211051941,0.9789999723434448,0.8707000017166138
YGR078C,YOL102C,0,-5.2703495,0.10106328129768372,0.9789999723434448,0.8708000183105469
YOR078W,YBL052C,0,-5.2703705,0.10105285048484802,0.9789999723434448,0.8708999752998352
YER072W,YIL031W,0,-5.270446,0.10104241967201233,0.9789999723434448,0.8709999918937683
YGR143W,YER035W,0,-5.272564,0.10103198885917664,0.9789999723434448,0.8711000084877014
YOL105C,YPL160W,0,-5.2737894,0.10102156549692154,0.9789999723434448,0.8712000250816345
YNL297C,YNR034W,0,-5.274043,0.10101114213466644,0.9789999723434448,0.8712999820709229
YBR068C,YJR040W,0,-5.2746043,0.10100071877241135,0.9789999723434448,0.871399998664856
YGR121C,YAL017W,0,-5.2746725,0.10099030286073685,0.9789999723434448,0.8715000152587891
YML130C,YGL191W,0,-5.2750425,0.10097988694906235,0.9789999723434448,0.8715999722480774
YKL140W,YPR131C,0,-5.275134,0.10096947103738785,0.9789999723434448,0.8716999888420105
YDR194C,YGR246C,0,-5.2754846,0.10095906257629395,0.9789999723434448,0.8718000054359436
YKL041W,YOR084W,0,-5.2760363,0.10094864666461945,0.9789999723434448,0.8719000220298767
YJR103W,YKL175W,0,-5.2766337,0.10093823820352554,0.9789999723434448,0.871999979019165
YPL271W,YLR310C,0,-5.2770042,0.10092783719301224,0.9789999723434448,0.8720999956130981
YER127W,YNL090W,0,-5.2775545,0.10091742873191833,0.9789999723434448,0.8722000122070312
YHL003C,YGL044C,0,-5.277565,0.10090702772140503,0.9789999723434448,0.8723000288009644
YCR083W,YDR342C,0,-5.277912,0.10089662671089172,0.9789999723434448,0.8723999857902527
YMR235C,YER118C,0,-5.277915,0.10088623315095901,0.9789999723434448,0.8725000023841858
YGR094W,YGL210W,0,-5.2783575,0.1008758395910263,0.9789999723434448,0.8726000189781189
YMR239C,YAR014C,0,-5.27899,0.1008654460310936,0.9789999723434448,0.8726999759674072
YGL003C,YNL001W,0,-5.2790227,0.10085505247116089,0.9789999723434448,0.8727999925613403
YLR466W,YGL043W,1,-5.2801857,0.10094767063856125,0.9800000190734863,0.8727999925613403
YDR150W,YML132W,0,-5.281986,0.10093727707862854,0.9800000190734863,0.8729000091552734
YOR074C,YKL193C,0,-5.2839127,0.10092687606811523,0.9800000190734863,0.8730000257492065
YJL012C,YPL244C,0,-5.2844963,0.10091648995876312,0.9800000190734863,0.8730999827384949
YLL031C,YKL053C-A,0,-5.2849064,0.10090609639883041,0.9800000190734863,0.873199999332428
YJL091C,YFL008W,0,-5.2849855,0.1008957102894783,0.9800000190734863,0.8733000159263611
YLR459W,YOL039W,0,-5.285549,0.1008853167295456,0.9800000190734863,0.8733999729156494
YHR066W,YIR004W,0,-5.285718,0.10087493807077408,0.9800000190734863,0.8734999895095825
YBR049C,YGL172W,0,-5.2866955,0.10086455196142197,0.9800000190734863,0.8736000061035156
YNR023W,YGR103W,0,-5.286773,0.10085417330265045,0.9800000190734863,0.8737000226974487
YGL172W,YIL030C,0,-5.286962,0.10084379464387894,0.9800000190734863,0.8737999796867371
YBR121C,YJL191W,0,-5.287525,0.10083341598510742,0.9800000190734863,0.8738999962806702
YPL177C,YJR145C,0,-5.2878046,0.1008230447769165,0.9800000190734863,0.8740000128746033
YOR279C,YJL014W,0,-5.2889028,0.10081267356872559,0.9800000190734863,0.8741000294685364
YML085C,YBR041W,0,-5.2917404,0.10080230236053467,0.9800000190734863,0.8741999864578247
YOR321W,YKL038W,0,-5.2919674,0.10079193860292435,0.9800000190734863,0.8743000030517578
YBL099W,YDL150W,0,-5.2922087,0.10078157484531403,0.9800000190734863,0.8744000196456909
YJL081C,YDL132W,0,-5.2927165,0.1007712110877037,0.9800000190734863,0.8744999766349792
YDR093W,YKR035W-A,0,-5.2931423,0.10076084733009338,0.9800000190734863,0.8745999932289124
YPL268W,YDL150W,0,-5.2936325,0.10075049102306366,0.9800000190734863,0.8747000098228455
YLR330W,YGL252C,0,-5.293951,0.10074013471603394,0.9800000190734863,0.8748000264167786
YOL068C,YML032C,1,-5.2941837,0.10083255916833878,0.9810000061988831,0.8748000264167786
YPL179W,YJR065C,0,-5.295466,0.10082220286130905,0.9810000061988831,0.8748999834060669
YJL080C,YDR529C,0,-5.295583,0.10081183910369873,0.9810000061988831,0.875
YKL141W,YIL017C,0,-5.2963104,0.100801482796669,0.9810000061988831,0.8751000165939331
YMR267W,YGR086C,0,-5.2964497,0.10079112648963928,0.9810000061988831,0.8751999735832214
YAL023C,YGL216W,0,-5.296715,0.10078077018260956,0.9810000061988831,0.8752999901771545
YML028W,YKL038W,0,-5.2972603,0.10077041387557983,0.9810000061988831,0.8754000067710876
YAL023C,YJL033W,0,-5.2973886,0.1007600650191307,0.9810000061988831,0.8755000233650208
YNR016C,YBL105C,0,-5.2984705,0.10074971616268158,0.9810000061988831,0.8755999803543091
YBR290W,YOL142W,0,-5.298727,0.10073937475681305,0.9810000061988831,0.8756999969482422
YBR193C,YDL015C,0,-5.300436,0.10072902590036392,0.9810000061988831,0.8758000135421753
YDR377W,YBL102W,0,-5.301382,0.10071868449449539,0.9810000061988831,0.8758999705314636
YPR199C,YDR517W,0,-5.301446,0.10070834308862686,0.9810000061988831,0.8759999871253967
YDL236W,YOR002W,0,-5.3016486,0.10069800913333893,0.9810000061988831,0.8761000037193298
YHR084W,YKL085W,0,-5.3028574,0.100687675178051,0.9810000061988831,0.8762000203132629
YNL156C,YPR178W,0,-5.3038273,0.10067734122276306,0.9810000061988831,0.8762999773025513
YHL036W,YLR340W,0,-5.3040476,0.10066700726747513,0.9810000061988831,0.8763999938964844
YMR039C,YPR036W,0,-5.304719,0.10065668076276779,0.9810000061988831,0.8765000104904175
YGR157W,YPR010C,0,-5.3049374,0.10064635425806046,0.9810000061988831,0.8766000270843506
YMR281W,YAL023C,0,-5.3052287,0.10063602775335312,0.9810000061988831,0.8766999840736389
YJL063C,YER008C,0,-5.305379,0.10062570869922638,0.9810000061988831,0.876800000667572
YBR089C-A,YOR257W,0,-5.3058114,0.10061538219451904,0.9810000061988831,0.8769000172615051
YPL268W,YLR430W,0,-5.306366,0.1006050631403923,0.9810000061988831,0.8769999742507935
YGR254W,YBL045C,0,-5.3075085,0.10059475153684616,0.9810000061988831,0.8770999908447266
YOR087W,YIL036W,0,-5.308047,0.10058443248271942,0.9810000061988831,0.8772000074386597
YPR086W,YBL007C,0,-5.3084116,0.10057412087917328,0.9810000061988831,0.8773000240325928
YNL206C,YJL208C,1,-5.309263,0.10066632181406021,0.9819999933242798,0.8773000240325928
YPR133C,YGR285C,0,-5.309661,0.10065601021051407,0.9819999933242798,0.8773999810218811
YBL050W,YHR007C,0,-5.311429,0.10064569115638733,0.9819999933242798,0.8774999976158142
YCL008C,YJR049C,0,-5.3116713,0.10063537955284119,0.9819999933242798,0.8776000142097473
YPR024W,YOR149C,0,-5.312905,0.10062506049871445,0.9819999933242798,0.8776999711990356
YPL036W,YEL034W,0,-5.3129745,0.1006147563457489,0.9819999933242798,0.8777999877929688
YER061C,YNR049C,0,-5.3130026,0.10060444474220276,0.9819999933242798,0.8779000043869019
YAL005C,YNL242W,0,-5.313461,0.10059414058923721,0.9819999933242798,0.878000020980835
YDL223C,YKL007W,0,-5.313479,0.10058383643627167,0.9819999933242798,0.8780999779701233
YGR036C,YDR182W,0,-5.314987,0.10057353228330612,0.9819999933242798,0.8781999945640564
YEL054C,YDR488C,0,-5.3150206,0.10056323558092117,0.9819999933242798,0.8783000111579895
YER015W,YHR039C-A,0,-5.317235,0.10055293887853622,0.9819999933242798,0.8784000277519226
YLR304C,YIL008W,0,-5.318218,0.10054264217615128,0.9819999933242798,0.8784999847412109
YML058W,YKL032C,0,-5.3199654,0.10053235292434692,0.9819999933242798,0.878600001335144
YML034W,YML006C,0,-5.320756,0.10052205622196198,0.9819999933242798,0.8787000179290771
YGR121C,YGR143W,0,-5.3207903,0.10051177442073822,0.9819999933242798,0.8787999749183655
YNL267W,YGL044C,0,-5.3213673,0.10050148516893387,0.9819999933242798,0.8788999915122986
YJL065C,YFL002C,0,-5.321621,0.10049119591712952,0.9819999933242798,0.8790000081062317
YIL062C,YOR386W,0,-5.322054,0.10048091411590576,0.9819999933242798,0.8791000247001648
YLR216C,YKR003W,0,-5.3225327,0.1004706397652626,0.9819999933242798,0.8791999816894531
YBL022C,YGR005C,0,-5.3230605,0.10046035796403885,0.9819999933242798,0.8792999982833862
YNL130C,YER118C,0,-5.324234,0.10045008361339569,0.9819999933242798,0.8794000148773193
YOR100C,YMR216C,0,-5.3245506,0.10043980926275253,0.9819999933242798,0.8794999718666077
YEL037C,YLR192C,0,-5.324718,0.10042953491210938,0.9819999933242798,0.8795999884605408
YOR321W,YBR265W,0,-5.325673,0.10041926801204681,0.9819999933242798,0.8797000050544739
YKL203C,YDR301W,0,-5.325917,0.10040900111198425,0.9819999933242798,0.879800021648407
YKL002W,YDR054C,0,-5.326666,0.10039873421192169,0.9819999933242798,0.8798999786376953
YKL020C,YDL150W,0,-5.3270006,0.10038846731185913,0.9819999933242798,0.8799999952316284
YOR321W,YOL089C,0,-5.327254,0.10037820786237717,0.9819999933242798,0.8801000118255615
YDR311W,YMR246W,0,-5.327399,0.1003679484128952,0.9819999933242798,0.8802000284194946
YML028W,YBL093C,0,-5.327491,0.10035768896341324,0.9819999933242798,0.880299985408783
YDR123C,YNL055C,0,-5.3282795,0.10034743696451187,0.9819999933242798,0.8804000020027161
YKL194C,YDL132W,0,-5.328656,0.1003371849656105,0.9819999933242798,0.8805000185966492
YBL026W,YPL237W,0,-5.3292017,0.10032693296670914,0.9819999933242798,0.8805999755859375
YMR238W,YOL102C,0,-5.330792,0.10031668096780777,0.9819999933242798,0.8806999921798706
YOR080W,YHR107C,0,-5.33116,0.100306436419487,0.9819999933242798,0.8808000087738037
YIL106W,YHR067W,0,-5.3312035,0.10029619187116623,0.9819999933242798,0.8809000253677368
YMR292W,YGL044C,0,-5.331499,0.10028594732284546,0.9819999933242798,0.8809999823570251
YNL326C,YOR078W,0,-5.3318367,0.10027571022510529,0.9819999933242798,0.8810999989509583
YDR021W,YNL216W,0,-5.3327117,0.10026546567678452,0.9819999933242798,0.8812000155448914
YDL115C,YDR394W,0,-5.333756,0.10025522857904434,0.9819999933242798,0.8812999725341797
YBR279W,YAL029C,1,-5.3342204,0.10034707933664322,0.9829999804496765,0.8812999725341797
YLR105C,YDR121W,0,-5.334379,0.10033683478832245,0.9829999804496765,0.8813999891281128
YPL026C,YKL020C,0,-5.334624,0.10032659769058228,0.9829999804496765,0.8815000057220459
YJL041W,YOL130W,0,-5.3351564,0.1003163605928421,0.9829999804496765,0.881600022315979
YMR149W,YFL024C,0,-5.335259,0.10030612349510193,0.9829999804496765,0.8816999793052673
YDR088C,YCL052C,0,-5.335658,0.10029588639736176,0.9829999804496765,0.8817999958992004
YOR159C,YBL045C,0,-5.3361945,0.10028565675020218,0.9829999804496765,0.8819000124931335
YDR205W,YBL030C,0,-5.3372707,0.1002754271030426,0.9829999804496765,0.8820000290870667
YDR168W,YNR013C,0,-5.3373046,0.10026519745588303,0.9829999804496765,0.882099986076355
YHR052W,YEL036C,0,-5.338772,0.10025497525930405,0.9829999804496765,0.8822000026702881
YDR312W,YMR288W,0,-5.338944,0.10024474561214447,0.9829999804496765,0.8823000192642212
YLR259C,YNR043W,0,-5.339391,0.10023452341556549,0.9829999804496765,0.8823999762535095
YJR017C,YER119C,0,-5.3394604,0.10022430866956711,0.9829999804496765,0.8824999928474426
YJR112W,YBR084W,0,-5.3395023,0.10021408647298813,0.9829999804496765,0.8826000094413757
YNL099C,YKL110C,0,-5.339654,0.10020387172698975,0.9829999804496765,0.8827000260353088
YGR285C,YKL110C,0,-5.3398676,0.10019365698099136,0.9829999804496765,0.8827999830245972
YGR036C,YOL040C,0,-5.3398676,0.10018344968557358,0.9829999804496765,0.8828999996185303
YJR086W,YCR088W,0,-5.339881,0.10017324239015579,0.9829999804496765,0.8830000162124634
YPL131W,YAR042W,0,-5.340187,0.100163035094738,0.9829999804496765,0.8830999732017517
YBR154C,YCR037C,0,-5.3403,0.10015282779932022,0.9829999804496765,0.8831999897956848
YBL079W,YNL161W,0,-5.340461,0.10014262795448303,0.9829999804496765,0.8833000063896179
YNL098C,YOL004W,0,-5.3404965,0.10013242065906525,0.9829999804496765,0.883400022983551
YNL106C,YGR007W,0,-5.3408155,0.10012222081422806,0.9829999804496765,0.8834999799728394
YOR321W,YPR042C,0,-5.342415,0.10011202841997147,0.9829999804496765,0.8835999965667725
YBR058C-A,YKL035W,0,-5.3439393,0.10010183602571487,0.9829999804496765,0.8837000131607056
YPR124W,YLR304C,0,-5.344038,0.10009164363145828,0.9829999804496765,0.8838000297546387
YDL142C,YJL093C,0,-5.3444157,0.10008145123720169,0.9829999804496765,0.883899986743927
YDL185W,YML128C,1,-5.345263,0.10017306357622147,0.984000027179718,0.883899986743927
YKL051W,YER127W,0,-5.3454313,0.10016286373138428,0.984000027179718,0.8840000033378601
YNL038W,YDR208W,0,-5.3455725,0.10015267133712769,0.984000027179718,0.8841000199317932
YLR034C,YDR294C,0,-5.34577,0.1001424789428711,0.984000027179718,0.8841999769210815
YLR075W,YGL187C,0,-5.3459377,0.1001322865486145,0.984000027179718,0.8842999935150146
YCR028C,YOR207C,0,-5.3462653,0.10012210160493851,0.984000027179718,0.8844000101089478
YDR177W,YDR216W,0,-5.346736,0.10011191666126251,0.984000027179718,0.8845000267028809
YLR105C,YMR288W,0,-5.34743,0.10010173171758652,0.984000027179718,0.8845999836921692
YNL272C,YNL209W,0,-5.3475566,0.10009154677391052,0.984000027179718,0.8847000002861023
YBL030C,YML069W,0,-5.34758,0.10008136928081512,0.984000027179718,0.8848000168800354
YDR343C,YER003C,0,-5.3476305,0.10007119178771973,0.984000027179718,0.8848999738693237
YBR200W,YMR026C,0,-5.349056,0.10006101429462433,0.984000027179718,0.8849999904632568
YMR264W,YGL049C,0,-5.3493304,0.10005083680152893,0.984000027179718,0.8851000070571899
YLR067C,YNL103W,0,-5.3494973,0.10004066675901413,0.984000027179718,0.885200023651123
YPL146C,YFL009W,0,-5.350361,0.10003049671649933,0.984000027179718,0.8852999806404114
YMR200W,YDR126W,0,-5.3507185,0.10002032667398453,0.984000027179718,0.8853999972343445
YIL106W,YDR027C,0,-5.3509607,0.10001016408205032,0.984000027179718,0.8855000138282776
YKL079W,YNL281W,0,-5.3518367,0.10000000149011612,0.984000027179718,0.8855999708175659
YDL020C,YDR516C,0,-5.3529115,0.09998983889818192,0.984000027179718,0.885699987411499
YDR310C,YDL208W,0,-5.3531036,0.09997967630624771,0.984000027179718,0.8858000040054321
YML046W,YEL027W,0,-5.3550873,0.0999695211648941,0.984000027179718,0.8859000205993652
YIL065C,YDR393W,0,-5.3552046,0.0999593660235405,0.984000027179718,0.8859999775886536
YPL271W,YPR154W,0,-5.355569,0.09994921088218689,0.984000027179718,0.8860999941825867
YOR226C,YDR096W,0,-5.355588,0.09993906319141388,0.984000027179718,0.8862000107765198
YJL080C,YIL159W,0,-5.3566723,0.09992891550064087,0.984000027179718,0.8863000273704529
YOL088C,YJL091C,0,-5.357684,0.09991876780986786,0.984000027179718,0.8863999843597412
YER159C,YGL191W,0,-5.357809,0.09990862011909485,0.984000027179718,0.8865000009536743
YLR372W,YBR186W,0,-5.358161,0.09989847987890244,0.984000027179718,0.8866000175476074
YOR284W,YER155C,0,-5.3610473,0.09988833963871002,0.984000027179718,0.8866999745368958
YCR024C-A,YGR280C,0,-5.3613186,0.09987819939851761,0.984000027179718,0.8867999911308289
YML130C,YBR198C,0,-5.3616967,0.0998680591583252,0.984000027179718,0.886900007724762
YGL207W,YGR080W,0,-5.362031,0.09985792636871338,0.984000027179718,0.8870000243186951
YDR436W,YGL229C,0,-5.36222,0.09984779357910156,0.984000027179718,0.8870999813079834
YGL226C-A,YFR005C,0,-5.363717,0.09983766078948975,0.984000027179718,0.8871999979019165
YLR206W,YGR070W,0,-5.3644905,0.09982753545045853,0.984000027179718,0.8873000144958496
YGL027C,YAL026C,0,-5.3672905,0.09981741011142731,0.984000027179718,0.8873999714851379
YPR067W,YFR009W,0,-5.367662,0.09980728477239609,0.984000027179718,0.887499988079071
YIL106W,YOL097C,0,-5.3679323,0.09979715943336487,0.984000027179718,0.8876000046730042
YHR081W,YLR466W,1,-5.369206,0.09988845139741898,0.9850000143051147,0.8876000046730042
YNL123W,YIL036W,0,-5.3699675,0.09987831860780716,0.9850000143051147,0.8877000212669373
YBR015C,YLR138W,0,-5.3703165,0.09986819326877594,0.9850000143051147,0.8877999782562256
YGR231C,YFR046C,0,-5.3711367,0.09985806792974472,0.9850000143051147,0.8878999948501587
YIL106W,YHR115C,0,-5.3713517,0.0998479500412941,0.9850000143051147,0.8880000114440918
YER159C,YPR016C,0,-5.37262,0.09983782470226288,0.9850000143051147,0.8881000280380249
YBR179C,YPR154W,0,-5.3733425,0.09982770681381226,0.9850000143051147,0.8881999850273132
YIL115C,YLR222C,0,-5.3733697,0.09981758892536163,0.9850000143051147,0.8883000016212463
YCL052C,YLL003W,0,-5.3734655,0.09980747848749161,0.9850000143051147,0.8884000182151794
YCR031C,YDR071C,0,-5.3736544,0.09979736804962158,0.9850000143051147,0.8884999752044678
YKL058W,YLR310C,0,-5.3746233,0.09978725761175156,0.9850000143051147,0.8885999917984009
YMR238W,YCR034W,0,-5.374647,0.09977714717388153,0.9850000143051147,0.888700008392334
YNL121C,YOR069W,0,-5.375227,0.0997670441865921,0.9850000143051147,0.8888000249862671
YKL160W,YEL037C,0,-5.3755407,0.09975693374872208,0.9850000143051147,0.8888999819755554
YLR192C,YJL110C,0,-5.375856,0.09974683821201324,0.9850000143051147,0.8889999985694885
YMR146C,YGL173C,0,-5.376447,0.09973673522472382,0.9850000143051147,0.8891000151634216
YLR075W,YKL117W,0,-5.3786726,0.09972663968801498,0.9850000143051147,0.88919997215271
YDR163W,YKR014C,0,-5.3788,0.09971654415130615,0.9850000143051147,0.8892999887466431
YER072W,YPR199C,0,-5.378814,0.09970644861459732,0.9850000143051147,0.8894000053405762
YDR205W,YPL046C,0,-5.379064,0.09969635307788849,0.9850000143051147,0.8895000219345093
YDL076C,YBL093C,0,-5.379849,0.09968626499176025,0.9850000143051147,0.8895999789237976
YBR193C,YNL059C,0,-5.380128,0.09967617690563202,0.9850000143051147,0.8896999955177307
YMR296C,YNL059C,0,-5.380147,0.09966609627008438,0.9850000143051147,0.8898000121116638
YMR293C,YDR385W,0,-5.3801775,0.09965600818395615,0.9850000143051147,0.8899000287055969
YIL147C,YOR123C,0,-5.3813753,0.09964592754840851,0.9850000143051147,0.8899999856948853
YPR187W,YOR073W,0,-5.382162,0.09963584691286087,0.9850000143051147,0.8901000022888184
YHR085W,YJL081C,0,-5.382366,0.09962577372789383,0.9850000143051147,0.8902000188827515
YGL208W,YML048W,0,-5.383068,0.09961569309234619,0.9850000143051147,0.8902999758720398
YJL063C,YGR171C,0,-5.384145,0.09960561990737915,0.9850000143051147,0.8903999924659729
YDR422C,YNL281W,0,-5.3844223,0.0995955541729927,0.9850000143051147,0.890500009059906
YER032W,YDL064W,0,-5.384576,0.09958548098802567,0.9850000143051147,0.8906000256538391
YJR007W,YHR165C,0,-5.3848786,0.09957541525363922,0.9850000143051147,0.8906999826431274
YDR214W,YAL031C,0,-5.3850274,0.09956534951925278,0.9850000143051147,0.8907999992370605
YIL125W,YPL050C,0,-5.385597,0.09955528378486633,0.9850000143051147,0.8909000158309937
YOR226C,YPR005C,0,-5.3864713,0.09954522550106049,0.9850000143051147,0.890999972820282
YJL186W,YKL213C,0,-5.387167,0.09953516721725464,0.9850000143051147,0.8910999894142151
YBL090W,YOL142W,0,-5.387614,0.09952510893344879,0.9850000143051147,0.8912000060081482
YLR056W,YLR183C,0,-5.3878794,0.09951505064964294,0.9850000143051147,0.8913000226020813
YJL184W,YOR123C,0,-5.38865,0.0995049998164177,0.9850000143051147,0.8913999795913696
YJR103W,YJL186W,0,-5.38891,0.09949494898319244,0.9850000143051147,0.8914999961853027
YKL034W,YOR270C,0,-5.391386,0.0994848981499672,0.9850000143051147,0.8916000127792358
YPR082C,YPL234C,0,-5.3916054,0.09947485476732254,0.9850000143051147,0.891700029373169
YGR002C,YJL124C,0,-5.3916492,0.09946481138467789,0.9850000143051147,0.8917999863624573
YOR027W,YDR427W,0,-5.3920918,0.09945476800203323,0.9850000143051147,0.8919000029563904
YIL144W,YOR145C,0,-5.392206,0.09944472461938858,0.9850000143051147,0.8920000195503235
YGL219C,YDR096W,0,-5.3936357,0.09943468868732452,0.9850000143051147,0.8920999765396118
YDR207C,YBR130C,1,-5.393652,0.099525585770607,0.9860000014305115,0.8920999765396118
YLR260W,YDR294C,0,-5.3938627,0.09951554238796234,0.9860000014305115,0.8921999931335449
YBR107C,YER125W,0,-5.394501,0.09950549900531769,0.9860000014305115,0.892300009727478
YNL164C,YGL209W,0,-5.394559,0.09949545562267303,0.9860000014305115,0.8924000263214111
YOR168W,YNR053C,0,-5.3947706,0.09948541969060898,0.9860000014305115,0.8924999833106995
YDR324C,YOR204W,0,-5.3953667,0.09947538375854492,0.9860000014305115,0.8925999999046326
YLR088W,YJR135W-A,0,-5.3961396,0.09946534782648087,0.9860000014305115,0.8927000164985657
YIL049W,YPL244C,0,-5.3968825,0.0994553193449974,0.9860000014305115,0.892799973487854
YGR113W,YGR092W,0,-5.3969865,0.09944528341293335,0.9860000014305115,0.8928999900817871
YPL131W,YML060W,0,-5.397009,0.09943525493144989,0.9860000014305115,0.8930000066757202
YOR076C,YPR057W,0,-5.3971243,0.09942522644996643,0.9860000014305115,0.8931000232696533
YOR076C,YJL081C,0,-5.397145,0.09941520541906357,0.9860000014305115,0.8931999802589417
YBR296C,YOR213C,0,-5.399814,0.0994051843881607,0.9860000014305115,0.8932999968528748
YDL029W,YPL055C,0,-5.4004083,0.09939516335725784,0.9860000014305115,0.8934000134468079
YGL001C,YDR422C,0,-5.4006147,0.09938514232635498,0.9860000014305115,0.8934999704360962
YBR037C,YOR320C,0,-5.4006414,0.09937512874603271,0.9860000014305115,0.8935999870300293
YDR424C,YFR050C,0,-5.4007654,0.09936510771512985,0.9860000014305115,0.8937000036239624
YPR155C,YDR294C,0,-5.401449,0.09935510158538818,0.9860000014305115,0.8938000202178955
YGL097W,YPL128C,0,-5.401709,0.09934508800506592,0.9860000014305115,0.8938999772071838
YLR380W,YDR302W,0,-5.401726,0.09933508187532425,0.9860000014305115,0.8939999938011169
YPL234C,YNL230C,0,-5.401968,0.09932507574558258,0.9860000014305115,0.89410001039505
YLL043W,YOR256C,0,-5.4031363,0.09931506961584091,0.9860000014305115,0.8942000269889832
YIL049W,YBL102W,0,-5.403357,0.09930506348609924,0.9860000014305115,0.8942999839782715
YBR154C,YDR331W,0,-5.403595,0.09929506480693817,0.9860000014305115,0.8944000005722046
YNL272C,YPR113W,0,-5.4039507,0.0992850661277771,0.9860000014305115,0.8945000171661377
YAL059W,YLR105C,0,-5.4041777,0.09927506744861603,0.9860000014305115,0.894599974155426
YGL066W,YER006W,0,-5.404376,0.09926507622003555,0.9860000014305115,0.8946999907493591
YHR092C,YGR044C,0,-5.4051275,0.09925508499145508,0.9860000014305115,0.8948000073432922
YNL097C,YDR258C,0,-5.407695,0.0992450937628746,0.9860000014305115,0.8949000239372253
YNL112W,YLR448W,0,-5.409068,0.09923510253429413,0.9860000014305115,0.8949999809265137
YML008C,YPL019C,0,-5.4096375,0.09922511875629425,0.9860000014305115,0.8950999975204468
YHR175W,YNR043W,0,-5.4104137,0.09921513497829437,0.9860000014305115,0.8952000141143799
YKR081C,YJR143C,0,-5.4111805,0.0992051512002945,0.9860000014305115,0.8952999711036682
YHR072W,YMR216C,0,-5.4112463,0.09919516742229462,0.9860000014305115,0.8953999876976013
YER032W,YER003C,0,-5.4114504,0.09918519109487534,0.9860000014305115,0.8955000042915344
YDR353W,YOR226C,0,-5.4116697,0.09917521476745605,0.9860000014305115,0.8956000208854675
YPL262W,YLR249W,0,-5.412056,0.09916523844003677,0.9860000014305115,0.8956999778747559
YOL068C,YDR289C,1,-5.412099,0.09925583004951477,0.9869999885559082,0.8956999778747559
YDR039C,YOR326W,0,-5.4147863,0.09924585372209549,0.9869999885559082,0.895799994468689
YCR031C,YAL058W,0,-5.41609,0.09923587739467621,0.9869999885559082,0.8959000110626221
YGR090W,YJR043C,0,-5.417569,0.09922589361667633,0.9869999885559082,0.8960000276565552
YOL130W,YLR043C,0,-5.417656,0.09921592473983765,0.9869999885559082,0.8960999846458435
YER072W,YBR274W,0,-5.4185133,0.09920594841241837,0.9869999885559082,0.8962000012397766
YML126C,YAL016W,0,-5.4185815,0.09919597953557968,0.9869999885559082,0.8963000178337097
YOL115W,YIL035C,0,-5.4190383,0.099186010658741,0.9869999885559082,0.896399974822998
YGR128C,YJR143C,0,-5.41978,0.09917604178190231,0.9869999885559082,0.8964999914169312
YNL231C,YNL218W,0,-5.420114,0.09916608035564423,0.9869999885559082,0.8966000080108643
YBR179C,YLR284C,0,-5.42064,0.09915611892938614,0.9869999885559082,0.8967000246047974
YOR039W,YIL049W,0,-5.4234524,0.09914615750312805,0.9869999885559082,0.8967999815940857
YGR231C,YJR047C,0,-5.4236045,0.09913619607686996,0.9869999885559082,0.8968999981880188
YMR184W,YBR110W,0,-5.4248576,0.09912624210119247,0.9869999885559082,0.8970000147819519
YBR058C-A,YMR313C,0,-5.4254813,0.09911628812551498,0.9869999885559082,0.8970999717712402
YOR355W,YDR021W,0,-5.427052,0.0991063341498375,0.9869999885559082,0.8971999883651733
YGR008C,YMR264W,0,-5.4281187,0.0990963876247406,0.9869999885559082,0.8973000049591064
YDR378C,YBR061C,0,-5.4282484,0.09908643364906311,0.9869999885559082,0.8974000215530396
YIL036W,YBL056W,0,-5.4305143,0.09907648712396622,0.9869999885559082,0.8974999785423279
YKR007W,YDR484W,0,-5.4308243,0.09906654804944992,0.9869999885559082,0.897599995136261
YKR067W,YOR239W,0,-5.431181,0.09905660152435303,0.9869999885559082,0.8977000117301941
YOR103C,YHL007C,0,-5.4329853,0.09904666244983673,0.9869999885559082,0.8978000283241272
YNL075W,YGR191W,0,-5.433364,0.09903672337532043,0.9869999885559082,0.8978999853134155
YBR295W,YHR001W,0,-5.4336224,0.09902679175138474,0.9869999885559082,0.8980000019073486
YHR089C,YOR332W,0,-5.433698,0.09901685267686844,0.9869999885559082,0.8981000185012817
YIR023W,YDR463W,0,-5.4370594,0.09900692105293274,0.9869999885559082,0.8981999754905701
YER072W,YPR025C,0,-5.4372587,0.09899698942899704,0.9869999885559082,0.8982999920845032
YKL016C,YLR216C,0,-5.437426,0.09898706525564194,0.9869999885559082,0.8984000086784363
YLR075W,YKL085W,0,-5.4380746,0.09897713363170624,0.9869999885559082,0.8985000252723694
YLL040C,YBR207W,0,-5.438196,0.09896720945835114,0.9869999885559082,0.8985999822616577
YLR276C,YKL166C,0,-5.4383364,0.09895728528499603,0.9869999885559082,0.8986999988555908
YGR241C,YFL016C,0,-5.4392757,0.09894736856222153,0.9869999885559082,0.8988000154495239
YEL031W,YPL042C,0,-5.4396534,0.09893745183944702,0.9869999885559082,0.8988999724388123
YLR051C,YJR047C,0,-5.4398985,0.09892753511667252,0.9869999885559082,0.8989999890327454
YPL098C,YGR170W,0,-5.441657,0.09891761839389801,0.9869999885559082,0.8991000056266785
YJL138C,YJR135W-A,0,-5.4421086,0.0989077091217041,0.9869999885559082,0.8992000222206116
YDR147W,YMR216C,0,-5.4432397,0.0988977923989296,0.9869999885559082,0.8992999792098999
YLR370C,YKL015W,0,-5.443819,0.09888789057731628,0.9869999885559082,0.899399995803833
YKR039W,YIL154C,0,-5.445219,0.09887798130512238,0.9869999885559082,0.8995000123977661
YEL031W,YOR132W,0,-5.4456105,0.09886807203292847,0.9869999885559082,0.8996000289916992
YNL283C,YNL075W,0,-5.4458914,0.09885817021131516,0.9869999885559082,0.8996999859809875
YEL037C,YNL307C,0,-5.44701,0.09884827584028244,0.9869999885559082,0.8998000025749207
YOR159C,YOR084W,0,-5.4477854,0.09883837401866913,0.9869999885559082,0.8999000191688538
YHR067W,YDR038C,0,-5.447936,0.09882847964763641,0.9869999885559082,0.8999999761581421
YPL101W,YLR100W,0,-5.4482126,0.0988185852766037,0.9869999885559082,0.9000999927520752
YPR125W,YJL050W,0,-5.4492273,0.09880869090557098,0.9869999885559082,0.9002000093460083
YOR034C,YPR025C,0,-5.4494467,0.09879879653453827,0.9869999885559082,0.9003000259399414
YDR297W,YNL073W,0,-5.4495444,0.09878890961408615,0.9869999885559082,0.9003999829292297
YKL117W,YGL187C,0,-5.450449,0.09877902269363403,0.9869999885559082,0.9004999995231628
YNL070W,YPL112C,0,-5.450734,0.09876913577318192,0.9869999885559082,0.900600016117096
YOR067C,YDR324C,0,-5.4510064,0.0987592563033104,0.9869999885559082,0.9006999731063843
YCR037C,YIL035C,0,-5.4522786,0.09874937683343887,0.9869999885559082,0.9007999897003174
YOR061W,YLR249W,0,-5.4525166,0.09873949736356735,0.9869999885559082,0.9009000062942505
YNL048W,YHL003C,0,-5.4529085,0.09872961789369583,0.9869999885559082,0.9010000228881836
YLR332W,YAL005C,0,-5.4533334,0.09871974587440491,0.9869999885559082,0.9010999798774719
YJL117W,YOR178C,0,-5.4539685,0.09870987385511398,0.9869999885559082,0.901199996471405
YFL002C,YEL018W,0,-5.454478,0.09870000183582306,0.9869999885559082,0.9013000130653381
YOR004W,YNL197C,0,-5.4545617,0.09869012981653214,0.9869999885559082,0.9014000296592712
YJL025W,YKL120W,0,-5.456422,0.09868026524782181,0.9869999885559082,0.9014999866485596
YMR061W,YDR021W,0,-5.4566727,0.09867040067911148,0.9869999885559082,0.9016000032424927
YMR161W,YFL008W,0,-5.4573073,0.09866053611040115,0.9869999885559082,0.9017000198364258
YDR208W,YNL161W,0,-5.457394,0.09865067154169083,0.9869999885559082,0.9017999768257141
YMR047C,YKR028W,0,-5.457456,0.0986408144235611,0.9869999885559082,0.9018999934196472
YOL121C,YNL232W,0,-5.4578896,0.09863095730543137,0.9869999885559082,0.9020000100135803
YAL030W,YHR030C,0,-5.459008,0.09862110018730164,0.9869999885559082,0.9021000266075134
YDR245W,YLR259C,0,-5.4598866,0.0986112505197525,0.9869999885559082,0.9021999835968018
YML074C,YPL048W,0,-5.461024,0.09860140085220337,0.9869999885559082,0.9023000001907349
YOR355W,YJL111W,0,-5.462877,0.09859155118465424,0.9869999885559082,0.902400016784668
YJR144W,YDR487C,0,-5.4634857,0.0985817015171051,0.9869999885559082,0.9024999737739563
YBR247C,YOL097C,0,-5.4657516,0.09857185930013657,0.9869999885559082,0.9025999903678894
YLR056W,YDR317W,0,-5.4659433,0.09856200963258743,0.9869999885559082,0.9027000069618225
YPR075C,YKL013C,0,-5.4660416,0.0985521748661995,0.9869999885559082,0.9028000235557556
YKR085C,YBR195C,0,-5.4666243,0.09854233264923096,0.9869999885559082,0.902899980545044
YPL069C,YGL019W,0,-5.4673295,0.09853249788284302,0.9869999885559082,0.902999997138977
YGR158C,YOR048C,0,-5.46832,0.09852265566587448,0.9869999885559082,0.9031000137329102
YLR103C,YGL252C,0,-5.4693546,0.09851282835006714,0.9869999885559082,0.9031999707221985
YLR304C,YGL105W,0,-5.4701304,0.0985029935836792,0.9869999885559082,0.9032999873161316
YOL009C,YDR517W,0,-5.4714994,0.09849316626787186,0.9869999885559082,0.9034000039100647
YJL191W,YLR043C,0,-5.4730053,0.09848333895206451,0.9869999885559082,0.9035000205039978
YGR132C,YMR241W,0,-5.4743023,0.09847351163625717,0.9869999885559082,0.9035999774932861
YIL021W,YDR311W,0,-5.4743414,0.09846368432044983,0.9869999885559082,0.9036999940872192
YGL122C,YBL006C,0,-5.474676,0.09845386445522308,0.9869999885559082,0.9038000106811523
YJR091C,YMR281W,0,-5.4761677,0.09844404458999634,0.9869999885559082,0.9039000272750854
YHR114W,YDR208W,0,-5.477584,0.09843422472476959,0.9869999885559082,0.9039999842643738
YLR153C,YLR229C,0,-5.478079,0.09842441231012344,0.9869999885559082,0.9041000008583069
YML019W,YGR238C,0,-5.4785047,0.0984145998954773,0.9869999885559082,0.90420001745224
YNL267W,YEL056W,0,-5.47877,0.09840478748083115,0.9869999885559082,0.9042999744415283
YER031C,YMR001C,0,-5.478901,0.098394975066185,0.9869999885559082,0.9043999910354614
YHR190W,YML094W,0,-5.4789824,0.09838517010211945,0.9869999885559082,0.9045000076293945
YLL031C,YJR135W-A,0,-5.479703,0.0983753576874733,0.9869999885559082,0.9046000242233276
YNR039C,YNL032W,0,-5.4805245,0.09836556017398834,0.9869999885559082,0.904699981212616
YPR094W,YFR050C,0,-5.4825244,0.09835575520992279,0.9869999885559082,0.9047999978065491
YLR097C,YDR268W,0,-5.482605,0.09834595769643784,0.9869999885559082,0.9049000144004822
YBR022W,YIL053W,0,-5.4834547,0.09833615273237228,0.9869999885559082,0.9049999713897705
YBL090W,YMR293C,0,-5.4836407,0.09832636266946793,0.9869999885559082,0.9050999879837036
YOR067C,YNL153C,0,-5.4862337,0.09831656515598297,0.9869999885559082,0.9052000045776367
YDR129C,YDR488C,0,-5.487745,0.09830677509307861,0.9869999885559082,0.9053000211715698
YLR240W,YLL027W,0,-5.488421,0.09829698503017426,0.9869999885559082,0.9053999781608582
YGR167W,YOR069W,0,-5.4887652,0.0982871949672699,0.9869999885559082,0.9054999947547913
YBR002C,YNL225C,0,-5.4894276,0.09827740490436554,0.9869999885559082,0.9056000113487244
YDR394W,YDR393W,0,-5.4896364,0.09826762229204178,0.9869999885559082,0.9057000279426575
YOR034C,YGL173C,0,-5.4896793,0.09825783967971802,0.9869999885559082,0.9057999849319458
YIL118W,YER120W,0,-5.490797,0.09824805706739426,0.9869999885559082,0.9059000015258789
YBL058W,YKL013C,0,-5.4909587,0.09823828190565109,0.9869999885559082,0.906000018119812
YHR060W,YNL304W,0,-5.491064,0.09822850674390793,0.9869999885559082,0.9060999751091003
YCR002C,YGR121C,0,-5.491874,0.09821873158216476,0.9869999885559082,0.9061999917030334
YNL088W,YDR289C,1,-5.492216,0.09830845892429352,0.9879999756813049,0.9061999917030334
YDR129C,YHR007C,0,-5.492792,0.09829867631196976,0.9879999756813049,0.9063000082969666
YKL141W,YOL004W,0,-5.4930253,0.09828890115022659,0.9879999756813049,0.9064000248908997
YCL025C,YLR131C,0,-5.49306,0.09827911853790283,0.9879999756813049,0.906499981880188
YKR085C,YDR424C,0,-5.4931307,0.09826934337615967,0.9879999756813049,0.9065999984741211
YJL093C,YMR246W,0,-5.4939404,0.0982595756649971,0.9879999756813049,0.9067000150680542
YGL115W,YDR377W,0,-5.494945,0.09824980050325394,0.9879999756813049,0.9067999720573425
YNL323W,YDL014W,0,-5.4949937,0.09824003279209137,0.9879999756813049,0.9068999886512756
YKL028W,YJL087C,0,-5.495145,0.0982302650809288,0.9879999756813049,0.9070000052452087
YLR197W,YLR229C,0,-5.495599,0.09822049736976624,0.9879999756813049,0.9071000218391418
YMR200W,YDR080W,0,-5.495698,0.09821073710918427,0.9879999756813049,0.9071999788284302
YNL219C,YBR274W,0,-5.4959145,0.0982009768486023,0.9879999756813049,0.9072999954223633
YER100W,YGR129W,0,-5.4960914,0.09819121658802032,0.9879999756813049,0.9074000120162964
YLL027W,YAL016W,0,-5.4962883,0.09818145632743835,0.9879999756813049,0.9075000286102295
YHR067W,YGL048C,0,-5.4974484,0.09817170351743698,0.9879999756813049,0.9075999855995178
YBR035C,YNR032W,0,-5.498721,0.09816195070743561,0.9879999756813049,0.9077000021934509
YER005W,YNL248C,0,-5.498891,0.09815219789743423,0.9879999756813049,0.907800018787384
YKL028W,YAL013W,0,-5.499535,0.09814244508743286,0.9879999756813049,0.9078999757766724
YPL160W,YOR084W,0,-5.4995546,0.09813269972801208,0.9879999756813049,0.9079999923706055
YMR207C,YOR109W,0,-5.499636,0.09812295436859131,0.9879999756813049,0.9081000089645386
YNL283C,YKR026C,0,-5.5009117,0.09811320900917053,0.9879999756813049,0.9082000255584717
YBL006C,YLR403W,0,-5.5011334,0.09810346364974976,0.9879999756813049,0.90829998254776
YER032W,YOR073W,0,-5.501704,0.09809372574090958,0.9879999756813049,0.9083999991416931
YNL283C,YLL011W,0,-5.5027256,0.0980839878320694,0.9879999756813049,0.9085000157356262
YLL011W,YDR447C,0,-5.5035877,0.09807424992322922,0.9879999756813049,0.9085999727249146
YMR012W,YHR005C-A,0,-5.50418,0.09806451946496964,0.9879999756813049,0.9086999893188477
YJL062W,YOR008C,0,-5.5048895,0.09805478155612946,0.9879999756813049,0.9088000059127808
YBR058C-A,YBR055C,0,-5.506593,0.09804505109786987,0.9879999756813049,0.9089000225067139
YDR311W,YDL056W,0,-5.5090084,0.09803532809019089,0.9879999756813049,0.9089999794960022
YPL135W,YEL024W,0,-5.509615,0.0980255976319313,0.9879999756813049,0.9090999960899353
YOR361C,YGL115W,0,-5.51046,0.09801587462425232,0.9879999756813049,0.9092000126838684
YPR133C,YPL139C,0,-5.5105157,0.09800615161657333,0.9879999756813049,0.9093000292778015
YKL056C,YNL197C,0,-5.5109744,0.09799642860889435,0.9879999756813049,0.9093999862670898
YMR054W,YNR035C,0,-5.511086,0.09798671305179596,0.9879999756813049,0.909500002861023
YML023C,YML123C,0,-5.5112715,0.09797699004411697,0.9879999756813049,0.909600019454956
YER061C,YMR092C,0,-5.5112963,0.09796727448701859,0.9879999756813049,0.9096999764442444
YKR060W,YMR213W,0,-5.5131407,0.0979575663805008,0.9879999756813049,0.9097999930381775
YDR207C,YOL068C,1,-5.51488,0.09804698824882507,0.9890000224113464,0.9097999930381775
YPR075C,YER020W,0,-5.5151033,0.09803727269172668,0.9890000224113464,0.9099000096321106
YGL020C,YJL053W,0,-5.5155444,0.0980275571346283,0.9890000224113464,0.9100000262260437
YOR355W,YJL198W,0,-5.515694,0.09801784157752991,0.9890000224113464,0.910099983215332
YPR112C,YOR140W,0,-5.516363,0.09800812602043152,0.9890000224113464,0.9101999998092651
YMR211W,YGL022W,0,-5.516632,0.09799841791391373,0.9890000224113464,0.9103000164031982
YPL137C,YPR033C,0,-5.5171585,0.09798870235681534,0.9890000224113464,0.9103999733924866
YBR257W,YGL172W,0,-5.5179563,0.09797899425029755,0.9890000224113464,0.9104999899864197
YMR077C,YPL020C,0,-5.51833,0.09796929359436035,0.9890000224113464,0.9106000065803528
YER018C,YOR136W,0,-5.519106,0.09795958548784256,0.9890000224113464,0.9107000231742859
YCL052C,YPR178W,0,-5.519513,0.09794988483190536,0.9890000224113464,0.9107999801635742
YNL169C,YIR023W,0,-5.5195527,0.09794018417596817,0.9890000224113464,0.9108999967575073
YJL080C,YNR031C,0,-5.5196476,0.09793049097061157,0.9890000224113464,0.9110000133514404
YHR115C,YOR148C,0,-5.520448,0.09792079031467438,0.9890000224113464,0.9110999703407288
YLR430W,YDR325W,0,-5.5209193,0.09791109710931778,0.9890000224113464,0.9111999869346619
YOR119C,YDR394W,0,-5.521793,0.09790140390396118,0.9890000224113464,0.911300003528595
YDR188W,YDR308C,0,-5.521797,0.09789171814918518,0.9890000224113464,0.9114000201225281
YBR193C,YOL005C,0,-5.521961,0.09788202494382858,0.9890000224113464,0.9114999771118164
YPL026C,YGL122C,0,-5.523898,0.09787233918905258,0.9890000224113464,0.9115999937057495
YOR151C,YJR093C,0,-5.5244904,0.09786265343427658,0.9890000224113464,0.9117000102996826
YCL025C,YOL113W,0,-5.5247135,0.09785297513008118,0.9890000224113464,0.9118000268936157
YIL021W,YLR060W,0,-5.5253797,0.09784328937530518,0.9890000224113464,0.911899983882904
YJL029C,YJR017C,0,-5.5261993,0.09783361107110977,0.9890000224113464,0.9120000004768372
YER029C,YML073C,0,-5.5264063,0.09782394021749496,0.9890000224113464,0.9121000170707703
YCR024C-A,YNL112W,0,-5.5269747,0.09781426191329956,0.9890000224113464,0.9121999740600586
YOL130W,YNR043W,0,-5.529232,0.09780459105968475,0.9890000224113464,0.9122999906539917
YBR036C,YGL020C,0,-5.529935,0.09779492020606995,0.9890000224113464,0.9124000072479248
YOL009C,YGR135W,0,-5.530265,0.09778524935245514,0.9890000224113464,0.9125000238418579
YIL051C,YOR089C,0,-5.5303335,0.09777557849884033,0.9890000224113464,0.9125999808311462
YNL177C,YMR092C,0,-5.530794,0.09776591509580612,0.9890000224113464,0.9126999974250793
YDL022W,YJL101C,0,-5.5328445,0.09775625169277191,0.9890000224113464,0.9128000140190125
YOR321W,YDR177W,0,-5.5354676,0.0977465882897377,0.9890000224113464,0.9128999710083008
YLL035W,YGL020C,0,-5.5359125,0.09773693233728409,0.9890000224113464,0.9129999876022339
YLR332W,YIL147C,0,-5.538145,0.09772727638483047,0.9890000224113464,0.913100004196167
YGR104C,YPR133C,0,-5.538399,0.09771762043237686,0.9890000224113464,0.9132000207901001
YDL147W,YOR002W,0,-5.5397186,0.09770796447992325,0.9890000224113464,0.9132999777793884
YDL064W,YCR037C,0,-5.53974,0.09769830852746964,0.9890000224113464,0.9133999943733215
YDL035C,YCR028C,0,-5.5397534,0.09768866002559662,0.9890000224113464,0.9135000109672546
YHR008C,YJL091C,0,-5.539774,0.0976790115237236,0.9890000224113464,0.9136000275611877
YER032W,YHR196W,0,-5.5407066,0.09766936302185059,0.9890000224113464,0.9136999845504761
YBR296C,YLL061W,0,-5.543353,0.09765972197055817,0.9890000224113464,0.9138000011444092
YGL019W,YML058W,0,-5.543431,0.09765008091926575,0.9890000224113464,0.9139000177383423
YJL001W,YGL191W,0,-5.5437336,0.09764043986797333,0.9890000224113464,0.9139999747276306
YFR041C,YJR070C,0,-5.5440826,0.09763079881668091,0.9890000224113464,0.9140999913215637
YNL219C,YGR005C,0,-5.5459113,0.09762116521596909,0.9890000224113464,0.9142000079154968
YOL146W,YHR042W,0,-5.54624,0.09761152416467667,0.9890000224113464,0.9143000245094299
YJR131W,YOL004W,0,-5.546254,0.09760189801454544,0.9890000224113464,0.9143999814987183
YGR116W,YGR200C,0,-5.5476747,0.09759226441383362,0.9890000224113464,0.9144999980926514
YDR251W,YER100W,0,-5.547817,0.0975826308131218,0.9890000224113464,0.9146000146865845
YBR082C,YGL020C,0,-5.5487933,0.09757300466299057,0.9890000224113464,0.9146999716758728
YPL082C,YIR012W,0,-5.5488844,0.09756337851285934,0.9890000224113464,0.9147999882698059
YGR132C,YHR174W,0,-5.549028,0.09755375981330872,0.9890000224113464,0.914900004863739
YLR208W,YGR222W,0,-5.549175,0.09754413366317749,0.9890000224113464,0.9150000214576721
YDR284C,YFR052W,0,-5.551656,0.09753451496362686,0.9890000224113464,0.9150999784469604
YJR144W,YOL111C,0,-5.5528,0.09752489626407623,0.9890000224113464,0.9151999950408936
YDR188W,YCL055W,0,-5.552845,0.0975152850151062,0.9890000224113464,0.9153000116348267
YER166W,YGL191W,0,-5.5528755,0.09750566631555557,0.9890000224113464,0.9154000282287598
YJL198W,YNL177C,0,-5.553249,0.09749605506658554,0.9890000224113464,0.9154999852180481
YGL001C,YOR063W,0,-5.5542083,0.09748644381761551,0.9890000224113464,0.9156000018119812
YMR200W,YPL266W,0,-5.554376,0.09747684001922607,0.9890000224113464,0.9157000184059143
YJL186W,YKL028W,0,-5.555088,0.09746722877025604,0.9890000224113464,0.9157999753952026
YKL028W,YNL061W,0,-5.5553293,0.09745762497186661,0.9890000224113464,0.9158999919891357
YER072W,YIL019W,0,-5.559721,0.09744802117347717,0.9890000224113464,0.9160000085830688
YLL043W,YGL195W,0,-5.5598607,0.09743842482566833,0.9890000224113464,0.916100025177002
YOL112W,YDL056W,0,-5.5604157,0.0974288210272789,0.9890000224113464,0.9161999821662903
YHR152W,YPR010C,0,-5.561141,0.09741922467947006,0.9890000224113464,0.9162999987602234
YGR200C,YGL061C,0,-5.5629196,0.09740963578224182,0.9890000224113464,0.9164000153541565
YGR170W,YKL193C,0,-5.563137,0.09740003943443298,0.9890000224113464,0.9164999723434448
YNL130C,YJR131W,0,-5.5667987,0.09739045053720474,0.9890000224113464,0.9165999889373779
YDR424C,YDL212W,0,-5.5675583,0.0973808616399765,0.9890000224113464,0.916700005531311
YAL005C,YML110C,0,-5.568022,0.09737127274274826,0.9890000224113464,0.9168000221252441
YDR194C,YLR459W,0,-5.568472,0.09736168384552002,0.9890000224113464,0.9168999791145325
YML121W,YLR196W,0,-5.569337,0.09735210239887238,0.9890000224113464,0.9169999957084656
YLR248W,YOR230W,0,-5.5694895,0.09734252095222473,0.9890000224113464,0.9171000123023987
YOR151C,YOR122C,0,-5.5701723,0.09733293950557709,0.9890000224113464,0.9172000288963318
YDL150W,YPR189W,0,-5.570578,0.09732335805892944,0.9890000224113464,0.9172999858856201
YBR015C,YMR260C,0,-5.5708866,0.0973137840628624,0.9890000224113464,0.9174000024795532
YML028W,YLR192C,0,-5.5712166,0.09730421006679535,0.9890000224113464,0.9175000190734863
YOR027W,YIR037W,0,-5.5716333,0.0972946360707283,0.9890000224113464,0.9175999760627747
YHR115C,YJL053W,0,-5.571861,0.09728506952524185,0.9890000224113464,0.9176999926567078
YPR075C,YGL219C,0,-5.572316,0.0972754955291748,0.9890000224113464,0.9178000092506409
YNL002C,YGR211W,0,-5.573638,0.09726592898368835,0.9890000224113464,0.917900025844574
YGL099W,YML065W,0,-5.574733,0.0972563698887825,0.9890000224113464,0.9179999828338623
YKR038C,YDL031W,0,-5.5748982,0.09724680334329605,0.9890000224113464,0.9180999994277954
YLR361C,YML038C,0,-5.575144,0.0972372442483902,0.9890000224113464,0.9182000160217285
YML128C,YBR279W,1,-5.575954,0.09732599556446075,0.9900000095367432,0.9182000160217285
YNR016C,YIL106W,0,-5.5767493,0.0973164290189743,0.9900000095367432,0.9182999730110168
YDL055C,YDL201W,0,-5.5768347,0.09730686247348785,0.9900000095367432,0.91839998960495
YKR008W,YDR054C,0,-5.577124,0.0972972959280014,0.9900000095367432,0.9185000061988831
YBL041W,YDL019C,0,-5.5773325,0.09728773683309555,0.9900000095367432,0.9186000227928162
YOR270C,YPL241C,0,-5.5791564,0.0972781777381897,0.9900000095367432,0.9186999797821045
YLL019C,YPR086W,0,-5.579325,0.09726861864328384,0.9900000095367432,0.9187999963760376
YDR384C,YNL197C,0,-5.5802727,0.09725905954837799,0.9900000095367432,0.9189000129699707
YLR222C,YPL048W,0,-5.580282,0.09724950790405273,0.9900000095367432,0.9190000295639038
YFR004W,YNR006W,0,-5.580348,0.09723995625972748,0.9900000095367432,0.9190999865531921
YGR044C,YCL034W,0,-5.5804863,0.09723040461540222,0.9900000095367432,0.9192000031471252
YNL219C,YLR285W,0,-5.5817184,0.09722086042165756,0.9900000095367432,0.9193000197410583
YOR087W,YEL054C,0,-5.58204,0.0972113087773323,0.9900000095367432,0.9193999767303467
YOR168W,YKR072C,0,-5.5824137,0.09720176458358765,0.9900000095367432,0.9194999933242798
YGR159C,YGL187C,0,-5.5824437,0.09719222784042358,0.9900000095367432,0.9196000099182129
YLR370C,YLR256W,0,-5.582738,0.09718268364667892,0.9900000095367432,0.919700026512146
YOR327C,YPR080W,0,-5.5844226,0.09717314690351486,0.9900000095367432,0.9197999835014343
YDR150W,YAL023C,0,-5.584706,0.0971636101603508,0.9900000095367432,0.9199000000953674
YPR103W,YMR056C,0,-5.5861464,0.09715407341718674,0.9900000095367432,0.9200000166893005
YBR110W,YDL002C,0,-5.586294,0.09714453667402267,0.9900000095367432,0.9200999736785889
YMR298W,YDR264C,0,-5.5872774,0.09713500738143921,0.9900000095367432,0.920199990272522
YLL034C,YDR384C,0,-5.5885015,0.09712547808885574,0.9900000095367432,0.9203000068664551
YDR099W,YJL014W,0,-5.5892706,0.09711594879627228,0.9900000095367432,0.9204000234603882
YJL080C,YNL094W,0,-5.5897655,0.09710642695426941,0.9900000095367432,0.9204999804496765
YMR146C,YKL080W,0,-5.590037,0.09709689766168594,0.9900000095367432,0.9205999970436096
YOR377W,YDR337W,0,-5.590382,0.09708737581968307,0.9900000095367432,0.9207000136375427
YHR060W,YDR023W,0,-5.590625,0.0970778614282608,0.9900000095367432,0.920799970626831
YBL045C,YDR054C,0,-5.590728,0.09706833958625793,0.9900000095367432,0.9208999872207642
YOR348C,YOR386W,0,-5.5910473,0.09705882519483566,0.9900000095367432,0.9210000038146973
YGR090W,YMR005W,0,-5.591512,0.09704931080341339,0.9900000095367432,0.9211000204086304
YGR262C,YDL236W,0,-5.593087,0.09703979641199112,0.9900000095367432,0.9211999773979187
YDR276C,YMR025W,0,-5.593541,0.09703028202056885,0.9900000095367432,0.9212999939918518
YER072W,YGR278W,0,-5.5939283,0.09702077507972717,0.9900000095367432,0.9214000105857849
YBR030W,YHR089C,0,-5.5943437,0.0970112681388855,0.9900000095367432,0.921500027179718
YJL054W,YBL039C,0,-5.594472,0.09700176119804382,0.9900000095367432,0.9215999841690063
YMR264W,YOR063W,0,-5.5946617,0.09699226170778275,0.9900000095367432,0.9217000007629395
YPR113W,YOR084W,0,-5.5956993,0.09698276221752167,0.9900000095367432,0.9218000173568726
YEL002C,YGR222W,0,-5.598854,0.09697325527667999,0.9900000095367432,0.9218999743461609
YMR211W,YMR285C,0,-5.599288,0.09696376323699951,0.9900000095367432,0.921999990940094
YDR490C,YOR122C,0,-5.5995274,0.09695426374673843,0.9900000095367432,0.9221000075340271
YLR370C,YKR089C,0,-5.600715,0.09694477170705795,0.9900000095367432,0.9222000241279602
YHR081W,YDR289C,1,-5.600725,0.09703319519758224,0.9909999966621399,0.9222000241279602
YPR155C,YGL087C,0,-5.60144,0.09702369570732117,0.9909999966621399,0.9222999811172485
YLL031C,YNL094W,0,-5.601554,0.09701419621706009,0.9909999966621399,0.9223999977111816
YDR487C,YOR150W,0,-5.6020265,0.09700469672679901,0.9909999966621399,0.9225000143051147
YPL221W,YLL004W,0,-5.6048903,0.09699520468711853,0.9909999966621399,0.9225999712944031
YNL294C,YFR041C,0,-5.6051226,0.09698571264743805,0.9909999966621399,0.9226999878883362
YDR205W,YDR147W,0,-5.605322,0.09697622060775757,0.9909999966621399,0.9228000044822693
YJL183W,YKL058W,0,-5.6058846,0.09696672856807709,0.9909999966621399,0.9229000210762024
YNL070W,YNL030W,0,-5.606187,0.0969572439789772,0.9909999966621399,0.9229999780654907
YPL069C,YLR079W,0,-5.60625,0.09694775938987732,0.9909999966621399,0.9230999946594238
YHR067W,YHR001W,0,-5.6066947,0.09693827480077744,0.9909999966621399,0.9232000112533569
YDR166C,YLR100W,0,-5.607261,0.09692879766225815,0.9909999966621399,0.92330002784729
YCR024C-A,YGL106W,0,-5.607275,0.09691931307315826,0.9909999966621399,0.9233999848365784
YNL312W,YAR007C,1,-5.609288,0.0970076248049736,0.9919999837875366,0.9233999848365784
YHR120W,YHR062C,0,-5.611086,0.09699814021587372,0.9919999837875366,0.9235000014305115
YPR181C,YOL039W,0,-5.612571,0.09698865562677383,0.9919999837875366,0.9236000180244446
YOL068C,YBR279W,1,-5.612661,0.09707693755626678,0.9929999709129333,0.9236000180244446
YLR056W,YPR141C,0,-5.6130486,0.0970674455165863,0.9929999709129333,0.9236999750137329
YPL089C,YMR246W,0,-5.6177835,0.09705796092748642,0.9929999709129333,0.923799991607666
YDR078C,YGL252C,0,-5.618787,0.09704847633838654,0.9929999709129333,0.9239000082015991
YJL080C,YLR092W,0,-5.6191626,0.09703899174928665,0.9929999709129333,0.9240000247955322
YML129C,YKR042W,0,-5.619317,0.09702950716018677,0.9929999709129333,0.9240999817848206
YLR051C,YFL026W,0,-5.6201563,0.09702003002166748,0.9929999709129333,0.9241999983787537
YER125W,YFL016C,0,-5.620798,0.0970105528831482,0.9929999709129333,0.9243000149726868
YOL027C,YOR230W,0,-5.623167,0.0970010757446289,0.9929999709129333,0.9243999719619751
YBL103C,YKR036C,0,-5.6245146,0.09699159860610962,0.9929999709129333,0.9244999885559082
YOR304W,YNL154C,0,-5.6262965,0.09698212891817093,0.9929999709129333,0.9246000051498413
YMR298W,YHR039C-A,0,-5.627224,0.09697265923023224,0.9929999709129333,0.9247000217437744
YKL016C,YJL196C,0,-5.627871,0.09696318954229355,0.9929999709129333,0.9247999787330627
YKL002W,YIL065C,0,-5.628707,0.09695371985435486,0.9929999709129333,0.9248999953269958
YKL034W,YCR094W,0,-5.62881,0.09694425761699677,0.9929999709129333,0.925000011920929
YJL080C,YER026C,0,-5.629195,0.09693478792905807,0.9929999709129333,0.9251000285148621
YMR238W,YJR145C,0,-5.630379,0.09692533314228058,0.9929999709129333,0.9251999855041504
YDR201W,YPL140C,0,-5.631443,0.09691587090492249,0.9929999709129333,0.9253000020980835
YGR143W,YEL027W,0,-5.6315928,0.09690640866756439,0.9929999709129333,0.9254000186920166
YPL241C,YPR010C,0,-5.633717,0.0968969538807869,0.9929999709129333,0.9254999756813049
YNL206C,YBR279W,1,-5.634597,0.09698507189750671,0.9940000176429749,0.9254999756813049
YGR170W,YDR116C,0,-5.636186,0.09697560966014862,0.9940000176429749,0.925599992275238
YDR309C,YDR324C,0,-5.6369686,0.09696614742279053,0.9940000176429749,0.9257000088691711
YLR450W,YKR003W,0,-5.639755,0.09695669263601303,0.9940000176429749,0.9258000254631042
YBR179C,YNL130C,0,-5.64144,0.09694723784923553,0.9940000176429749,0.9258999824523926
YOR130C,YPL131W,0,-5.64404,0.09693778306245804,0.9940000176429749,0.9259999990463257
YKR056W,YOL039W,0,-5.644487,0.09692832827568054,0.9940000176429749,0.9261000156402588
YLR332W,YLR022C,0,-5.6445374,0.09691887348890305,0.9940000176429749,0.9261999726295471
YDR353W,YDL014W,0,-5.6446486,0.09690942615270615,0.9940000176429749,0.9262999892234802
YJL186W,YBR118W,0,-5.6464434,0.09689997881650925,0.9940000176429749,0.9264000058174133
YOR272W,YGL236C,0,-5.6471767,0.09689053148031235,0.9940000176429749,0.9265000224113464
YPL050C,YJL184W,0,-5.648258,0.09688109159469604,0.9940000176429749,0.9265999794006348
YHL025W,YPL237W,0,-5.648748,0.09687165170907974,0.9940000176429749,0.9266999959945679
YNR052C,YLR192C,0,-5.6514654,0.09686221182346344,0.9940000176429749,0.926800012588501
YGL029W,YOR204W,0,-5.6564407,0.09685277193784714,0.9940000176429749,0.9269000291824341
YPR173C,YOR377W,0,-5.658601,0.09684333950281143,0.9940000176429749,0.9269999861717224
YDR418W,YHR042W,0,-5.659053,0.09683389961719513,0.9940000176429749,0.9271000027656555
YDL081C,YJL012C,0,-5.660835,0.09682446718215942,0.9940000176429749,0.9272000193595886
YMR012W,YBL045C,0,-5.660862,0.09681504219770432,0.9940000176429749,0.927299976348877
YBR265W,YBL006C,0,-5.6615148,0.09680560976266861,0.9940000176429749,0.9273999929428101
YDR361C,YCR072C,0,-5.662038,0.0967961847782135,0.9940000176429749,0.9275000095367432
YOR150W,YOR198C,0,-5.66365,0.09678675979375839,0.9940000176429749,0.9276000261306763
YFL004W,YOR001W,0,-5.6638145,0.09677733480930328,0.9940000176429749,0.9276999831199646
YCR060W,YPL050C,0,-5.664256,0.09676790982484818,0.9940000176429749,0.9277999997138977
YGR143W,YOR230W,0,-5.6677866,0.09675849229097366,0.9940000176429749,0.9279000163078308
YJL165C,YLR229C,0,-5.667852,0.09674907475709915,0.9940000176429749,0.9279999732971191
YJL100W,YDR529C,0,-5.6678724,0.09673965722322464,0.9940000176429749,0.9280999898910522
YPL118W,YJL145W,0,-5.6680946,0.09673024713993073,0.9940000176429749,0.9282000064849854
YIL144W,YLR256W,0,-5.6681767,0.09672082960605621,0.9940000176429749,0.9283000230789185
YKL112W,YGR098C,0,-5.668989,0.0967114195227623,0.9940000176429749,0.9283999800682068
YPR124W,YML048W,0,-5.6718016,0.09670201689004898,0.9940000176429749,0.9284999966621399
YDL043C,YDL112W,0,-5.672023,0.09669260680675507,0.9940000176429749,0.928600013256073
YOL020W,YPL175W,0,-5.6726265,0.09668320417404175,0.9940000176429749,0.9286999702453613
YGL122C,YJL140W,0,-5.673464,0.09667380154132843,0.9940000176429749,0.9287999868392944
YPL152W,YDL142C,0,-5.6743817,0.09666439890861511,0.9940000176429749,0.9289000034332275
YKL213C,YKL007W,0,-5.6754904,0.0966549962759018,0.9940000176429749,0.9290000200271606
YLR293C,YMR319C,0,-5.6763935,0.09664560109376907,0.9940000176429749,0.929099977016449
YLR219W,YPL015C,1,-5.676544,0.09673342108726501,0.9950000047683716,0.929099977016449
YML059C,YNL061W,0,-5.677387,0.0967240184545517,0.9950000047683716,0.9291999936103821
YBR002C,YOL066C,0,-5.6777487,0.09671461582183838,0.9950000047683716,0.9293000102043152
YIR004W,YFR053C,0,-5.679123,0.09670522063970566,0.9950000047683716,0.9294000267982483
YCR028C-A,YMR026C,0,-5.680173,0.09669581800699234,0.9950000047683716,0.9294999837875366
YLR409C,YMR296C,0,-5.6814938,0.09668642282485962,0.9950000047683716,0.9296000003814697
YBR121C,YOR332W,0,-5.6827974,0.0966770276427269,0.9950000047683716,0.9297000169754028
YJL080C,YCR044C,0,-5.68355,0.09666763991117477,0.9950000047683716,0.9297999739646912
YDR298C,YPL037C,0,-5.684375,0.09665824472904205,0.9950000047683716,0.9298999905586243
YHR170W,YCR024C-A,0,-5.6868877,0.09664885699748993,0.9950000047683716,0.9300000071525574
YPL274W,YDL031W,0,-5.6885586,0.0966394692659378,0.9950000047683716,0.9301000237464905
YBR015C,YBL079W,0,-5.689802,0.09663008898496628,0.9950000047683716,0.9301999807357788
YOR209C,YBL093C,0,-5.690637,0.09662070125341415,0.9950000047683716,0.9302999973297119
YDR427W,YDL078C,0,-5.691028,0.09661132097244263,0.9950000047683716,0.930400013923645
YKR067W,YER106W,0,-5.693128,0.0966019406914711,0.9950000047683716,0.9304999709129333
YNL103W,YDR378C,0,-5.693166,0.09659256041049957,0.9950000047683716,0.9305999875068665
YPL069C,YBL093C,0,-5.6934123,0.09658318758010864,0.9950000047683716,0.9307000041007996
YGL068W,YPR023C,0,-5.6971254,0.09657381474971771,0.9950000047683716,0.9308000206947327
YIR004W,YFL009W,0,-5.6973624,0.09656444191932678,0.9950000047683716,0.930899977684021
YDR194C,YDL033C,0,-5.699827,0.09655506908893585,0.9950000047683716,0.9309999942779541
YBR070C,YGR214W,0,-5.701425,0.09654570370912552,0.9950000047683716,0.9311000108718872
YCL052C,YLL001W,0,-5.7025146,0.09653633087873459,0.9950000047683716,0.9312000274658203
YGL126W,YPL234C,0,-5.702615,0.09652697294950485,0.9950000047683716,0.9312999844551086
YNR052C,YLR060W,0,-5.7037063,0.09651760756969452,0.9950000047683716,0.9314000010490417
YLR088W,YFR046C,0,-5.705827,0.09650824218988419,0.9950000047683716,0.9315000176429749
YOR326W,YGR158C,0,-5.706008,0.09649888426065445,0.9950000047683716,0.9315999746322632
YIL051C,YNL113W,0,-5.706645,0.09648952633142471,0.9950000047683716,0.9316999912261963
YCL025C,YDR054C,0,-5.707217,0.09648016840219498,0.9950000047683716,0.9318000078201294
YPL242C,YDR027C,0,-5.708839,0.09647081792354584,0.9950000047683716,0.9319000244140625
YJL184W,YFR037C,0,-5.7106504,0.0964614674448967,0.9950000047683716,0.9319999814033508
YHR060W,YDR227W,0,-5.7119236,0.09645210951566696,0.9950000047683716,0.9320999979972839
YBL024W,YGR181W,0,-5.712171,0.09644276648759842,0.9950000047683716,0.932200014591217
YGL087C,YMR092C,0,-5.712365,0.09643341600894928,0.9950000047683716,0.9322999715805054
YKR059W,YKL032C,0,-5.712518,0.09642407298088074,0.9950000047683716,0.9323999881744385
YLR088W,YML001W,0,-5.7127233,0.0964147299528122,0.9950000047683716,0.9325000047683716
YGL226C-A,YAL040C,0,-5.7131057,0.09640538692474365,0.9950000047683716,0.9326000213623047
YKL160W,YLR447C,0,-5.7139864,0.09639604389667511,0.9950000047683716,0.932699978351593
YBR172C,YNL064C,0,-5.7147923,0.09638670831918716,0.9950000047683716,0.9327999949455261
YKL182W,YCL025C,0,-5.715708,0.09637737274169922,0.9950000047683716,0.9329000115394592
YGL171W,YGL105W,0,-5.7189436,0.09636803716421127,0.9950000047683716,0.9330000281333923
YDR508C,YOR174W,0,-5.7200255,0.09635870903730392,0.9950000047683716,0.9330999851226807
YDL064W,YGL097W,0,-5.720249,0.09634937345981598,0.9950000047683716,0.9332000017166138
YGR157W,YCR093W,0,-5.722322,0.09634004533290863,0.9950000047683716,0.9333000183105469
YER093C,YMR015C,0,-5.723858,0.09633071720600128,0.9950000047683716,0.9333999752998352
YOR217W,YEL015W,0,-5.7255726,0.09632139652967453,0.9950000047683716,0.9334999918937683
YLR208W,YNL281W,0,-5.7267404,0.09631206840276718,0.9950000047683716,0.9336000084877014
YMR012W,YDR378C,0,-5.7268963,0.09630274772644043,0.9950000047683716,0.9337000250816345
YNL084C,YOR157C,0,-5.7284217,0.09629342705011368,0.9950000047683716,0.9337999820709229
YJL062W,YDR434W,0,-5.728762,0.09628411382436752,0.9950000047683716,0.933899998664856
YOR043W,YIR023W,0,-5.729387,0.09627479314804077,0.9950000047683716,0.9340000152587891
YDL198C,YEL042W,0,-5.7303286,0.09626547992229462,0.9950000047683716,0.9340999722480774
YMR200W,YML034W,0,-5.7337885,0.09625616669654846,0.9950000047683716,0.9341999888420105
YDR363W-A,YLR447C,0,-5.7341204,0.09624685347080231,0.9950000047683716,0.9343000054359436
YFR024C-A,YJR073C,0,-5.735817,0.09623754769563675,0.9950000047683716,0.9344000220298767
YCR075C,YOR084W,0,-5.7358856,0.09622824192047119,0.9950000047683716,0.934499979019165
YDL076C,YGL210W,0,-5.7371655,0.09621893614530563,0.9950000047683716,0.9345999956130981
YDR265W,YAL016W,0,-5.738188,0.09620963037014008,0.9950000047683716,0.9347000122070312
YMR022W,YOR270C,0,-5.739012,0.09620033204555511,0.9950000047683716,0.9348000288009644
YNL123W,YOL040C,0,-5.740024,0.09619102627038956,0.9950000047683716,0.9348999857902527
YJL165C,YOR054C,0,-5.7406034,0.0961817279458046,0.9950000047683716,0.9350000023841858
YOL027C,YGR077C,0,-5.741111,0.09617243707180023,0.9950000047683716,0.9351000189781189
YOR327C,YOL102C,0,-5.741637,0.09616313874721527,0.9950000047683716,0.9351999759674072
YPL178W,YPL266W,0,-5.7427206,0.09615384787321091,0.9950000047683716,0.9352999925613403
YDL097C,YIL143C,0,-5.7435145,0.09614455699920654,0.9950000047683716,0.9354000091552734
YOR321W,YJR001W,0,-5.744272,0.09613526612520218,0.9950000047683716,0.9355000257492065
YGL207W,YIR037W,0,-5.74468,0.09612597525119781,0.9950000047683716,0.9355999827384949
YJL012C,YNL177C,0,-5.747465,0.09611669182777405,0.9950000047683716,0.935699999332428
YLR056W,YER006W,0,-5.7478757,0.09610740840435028,0.9950000047683716,0.9358000159263611
YHR194W,YBL045C,0,-5.74809,0.09609812498092651,0.9950000047683716,0.9358999729156494
YHR196W,YOL130W,0,-5.748123,0.09608884900808334,0.9950000047683716,0.9359999895095825
YIL106W,YKR014C,0,-5.7481346,0.09607956558465958,0.9950000047683716,0.9361000061035156
YLL019C,YOR054C,0,-5.7491574,0.0960702896118164,0.9950000047683716,0.9362000226974487
YJR145C,YHR148W,0,-5.7492385,0.09606101363897324,0.9950000047683716,0.9362999796867371
YOR002W,YOR157C,0,-5.749295,0.09605174511671066,0.9950000047683716,0.9363999962806702
YGR123C,YNL113W,0,-5.750531,0.09604246914386749,0.9950000047683716,0.9365000128746033
YGR195W,YOL121C,0,-5.7506905,0.09603320062160492,0.9950000047683716,0.9366000294685364
YJL138C,YLR056W,0,-5.7513433,0.09602393209934235,0.9950000047683716,0.9366999864578247
YJL183W,YHR072W,0,-5.7537365,0.09601467102766037,0.9950000047683716,0.9368000030517578
YML124C,YER122C,0,-5.7541285,0.0960054025053978,0.9950000047683716,0.9369000196456909
YBR179C,YKL002W,0,-5.7549353,0.09599614143371582,0.9950000047683716,0.9369999766349792
YNR013C,YML092C,0,-5.7562447,0.09598688036203384,0.9950000047683716,0.9370999932289124
YHR060W,YKR059W,0,-5.757139,0.09597761929035187,0.9950000047683716,0.9372000098228455
YML129C,YEL054C,0,-5.7575445,0.09596836566925049,0.9950000047683716,0.9373000264167786
YHR005C-A,YNL248C,0,-5.7582583,0.09595911204814911,0.9950000047683716,0.9373999834060669
YOR316C,YMR005W,0,-5.7584305,0.09594985842704773,0.9950000047683716,0.9375
YLR220W,YDL081C,0,-5.761323,0.09594060480594635,0.9950000047683716,0.9376000165939331
YDR075W,YKL120W,0,-5.761777,0.09593135118484497,0.9950000047683716,0.9376999735832214
YPR024W,YFL036W,0,-5.763064,0.09592210501432419,0.9950000047683716,0.9377999901771545
YHR193C,YPR173C,0,-5.763871,0.0959128588438034,0.9950000047683716,0.9379000067710876
YML128C,YJL047C,1,-5.7643538,0.09600000083446503,0.9959999918937683,0.9379000067710876
YPL032C,YLR229C,0,-5.76542,0.09599074721336365,0.9959999918937683,0.9380000233650208
YOR103C,YJR019C,0,-5.7660685,0.09598150104284286,0.9959999918937683,0.9380999803543091
YBR234C,YPR183W,0,-5.7663817,0.09597224742174149,0.9959999918937683,0.9381999969482422
YJL069C,YOR067C,0,-5.7668195,0.0959630012512207,0.9959999918937683,0.9383000135421753
YKR014C,YDL007W,0,-5.767449,0.09595375508069992,0.9959999918937683,0.9383999705314636
YMR292W,YGL029W,0,-5.7683573,0.09594451636075974,0.9959999918937683,0.9384999871253967
YJR103W,YBR006W,0,-5.770189,0.09593527019023895,0.9959999918937683,0.9386000037193298
YGL061C,YMR216C,0,-5.7712803,0.09592603147029877,0.9959999918937683,0.9387000203132629
YBR041W,YKR014C,0,-5.7713737,0.09591679275035858,0.9959999918937683,0.9387999773025513
YDL198C,YOR150W,0,-5.7716274,0.09590756148099899,0.9959999918937683,0.9388999938964844
YBR091C,YGR135W,0,-5.7716455,0.09589832276105881,0.9959999918937683,0.9390000104904175
YOR332W,YFL005W,0,-5.7727895,0.09588909149169922,0.9959999918937683,0.9391000270843506
YPR082C,YDR211W,0,-5.773682,0.09587986022233963,0.9959999918937683,0.9391999840736389
YNL323W,YJR040W,0,-5.773803,0.09587062895298004,0.9959999918937683,0.939300000667572
YMR149W,YML091C,0,-5.7741313,0.09586140513420105,0.9959999918937683,0.9394000172615051
YPL118W,YDR463W,0,-5.774183,0.09585218131542206,0.9959999918937683,0.9394999742507935
YNL297C,YFL036W,0,-5.7743077,0.09584295749664307,0.9959999918937683,0.9395999908447266
YML031W,YGL097W,0,-5.774868,0.09583373367786407,0.9959999918937683,0.9397000074386597
YBR084W,YHR062C,0,-5.7752886,0.09582451730966568,0.9959999918937683,0.9398000240325928
YER003C,YLR353W,0,-5.776196,0.09581529349088669,0.9959999918937683,0.9398999810218811
YLR262C,YKR028W,0,-5.7768517,0.0958060771226883,0.9959999918937683,0.9399999976158142
YJL045W,YOL071W,0,-5.77944,0.0957968682050705,0.9959999918937683,0.9401000142097473
YBR121C,YDR297W,0,-5.780123,0.0957876518368721,0.9959999918937683,0.9401999711990356
YDR093W,YMR125W,0,-5.7803574,0.0957784429192543,0.9959999918937683,0.9402999877929688
YBR015C,YNR052C,0,-5.783952,0.0957692340016365,0.9959999918937683,0.9404000043869019
YGR162W,YNR013C,0,-5.785408,0.09576002508401871,0.9959999918937683,0.940500020980835
YBL011W,YML094W,0,-5.786609,0.09575081616640091,0.9959999918937683,0.9405999779701233
YIL031W,YPL093W,0,-5.789585,0.09574161469936371,0.9959999918937683,0.9406999945640564
YPR165W,YOR187W,0,-5.7908945,0.09573241323232651,0.9959999918937683,0.9408000111579895
YDR508C,YGR077C,0,-5.791266,0.0957232117652893,0.9959999918937683,0.9409000277519226
YNL031C,YDL015C,0,-5.7926855,0.0957140102982521,0.9959999918937683,0.9409999847412109
YKR048C,YPL244C,0,-5.793183,0.0957048162817955,0.9959999918937683,0.941100001335144
YBR036C,YFL004W,0,-5.7962027,0.0956956222653389,0.9959999918937683,0.9412000179290771
YDL047W,YMR049C,0,-5.797059,0.0956864282488823,0.9959999918937683,0.9412999749183655
YJL080C,YNL106C,0,-5.797574,0.09567723423242569,0.9959999918937683,0.9413999915122986
YGR245C,YNL186W,0,-5.8003674,0.09566804021596909,0.9959999918937683,0.9415000081062317
YKL146W,YKL038W,0,-5.800655,0.09565885365009308,0.9959999918937683,0.9416000247001648
YJL080C,YMR267W,0,-5.800766,0.09564966708421707,0.9959999918937683,0.9416999816894531
YDL229W,YBL099W,0,-5.8010535,0.09564048051834106,0.9959999918937683,0.9417999982833862
YPR101W,YPR025C,0,-5.801183,0.09563130140304565,0.9959999918937683,0.9419000148773193
YGL181W,YKL007W,0,-5.8013406,0.09562212228775024,0.9959999918937683,0.9419999718666077
YJL069C,YNL030W,0,-5.8023834,0.09561294317245483,0.9959999918937683,0.9420999884605408
YLR056W,YHR089C,0,-5.8043013,0.09560376405715942,0.9959999918937683,0.9422000050544739
YGR257C,YOR136W,0,-5.80843,0.09559458494186401,0.9959999918937683,0.942300021648407
YDL064W,YLR335W,0,-5.8090787,0.0955854132771492,0.9959999918937683,0.9423999786376953
YPR020W,YHR001W-A,0,-5.809668,0.09557624161243439,0.9959999918937683,0.9424999952316284
YGL191W,YLR006C,0,-5.8096943,0.09556706994771957,0.9959999918937683,0.9426000118255615
YLL043W,YOR103C,0,-5.8109016,0.09555789828300476,0.9959999918937683,0.9427000284194946
YKL212W,YOR187W,0,-5.811052,0.09554873406887054,0.9959999918937683,0.942799985408783
YML115C,YNL103W,0,-5.812653,0.09553956985473633,0.9959999918937683,0.9429000020027161
YOR317W,YML048W,0,-5.814211,0.09553040564060211,0.9959999918937683,0.9430000185966492
YOR142W,YKL038W,0,-5.81449,0.0955212414264679,0.9959999918937683,0.9430999755859375
YMR012W,YKR026C,0,-5.814625,0.09551208466291428,0.9959999918937683,0.9431999921798706
YML129C,YGR083C,0,-5.8156047,0.09550292789936066,0.9959999918937683,0.9433000087738037
YML028W,YIL070C,0,-5.816,0.09549377113580704,0.9959999918937683,0.9434000253677368
YIL035C,YOR198C,0,-5.820413,0.09548461437225342,0.9959999918937683,0.9434999823570251
YDR188W,YNL055C,0,-5.8206754,0.0954754576086998,0.9959999918937683,0.9435999989509583
YBL080C,YJR019C,0,-5.8213205,0.09546630829572678,0.9959999918937683,0.9437000155448914
YMR235C,YOL021C,0,-5.8224497,0.09545715898275375,0.9959999918937683,0.9437999725341797
YBR199W,YPL110C,0,-5.822605,0.09544800966978073,0.9959999918937683,0.9438999891281128
YBR177C,YKL017C,0,-5.8232465,0.0954388678073883,0.9959999918937683,0.9440000057220459
YKL014C,YKL004W,0,-5.824336,0.09542971849441528,0.9959999918937683,0.944100022315979
YBR179C,YMR246W,0,-5.824436,0.09542057663202286,0.9959999918937683,0.9441999793052673
YIL062C,YDR153C,0,-5.8244643,0.09541143476963043,0.9959999918937683,0.9442999958992004
YNR016C,YDR517W,0,-5.8247247,0.0954023003578186,0.9959999918937683,0.9444000124931335
YDR298C,YGR143W,0,-5.8266754,0.09539315849542618,0.9959999918937683,0.9445000290870667
YNL048W,YDL035C,0,-5.828366,0.09538402408361435,0.9959999918937683,0.944599986076355
YEL063C,YNR053C,0,-5.8290577,0.09537488967180252,0.9959999918937683,0.9447000026702881
YBR059C,YNL130C,0,-5.8335323,0.09536576271057129,0.9959999918937683,0.9448000192642212
YGR177C,YMR229C,0,-5.8342476,0.09535662829875946,0.9959999918937683,0.9448999762535095
YGR036C,YCR072C,0,-5.8355217,0.09534750133752823,0.9959999918937683,0.9449999928474426
YLR100W,YOR290C,0,-5.835894,0.095338374376297,0.9959999918937683,0.9451000094413757
YER072W,YML110C,0,-5.8373146,0.09532924741506577,0.9959999918937683,0.9452000260353088
YKR056W,YJR047C,0,-5.8396554,0.09532012790441513,0.9959999918937683,0.9452999830245972
YBR177C,YMR264W,0,-5.8398714,0.0953110083937645,0.9959999918937683,0.9453999996185303
YKR048C,YPL128C,0,-5.8446364,0.09530188143253326,0.9959999918937683,0.9455000162124634
YDL132W,YKL117W,0,-5.844792,0.09529276937246323,0.9959999918937683,0.9455999732017517
YDR023W,YKL021C,0,-5.8452206,0.09528364986181259,0.9959999918937683,0.9456999897956848
YER053C,YFR050C,0,-5.8461766,0.09527453780174255,0.9959999918937683,0.9458000063896179
YLR138W,YPL178W,0,-5.846536,0.09526542574167252,0.9959999918937683,0.945900022983551
YMR298W,YJL002C,0,-5.847119,0.09525631368160248,0.9959999918937683,0.9459999799728394
YBR002C,YMR022W,0,-5.84848,0.09524720162153244,0.9959999918937683,0.9460999965667725
YHR042W,YIL016W,0,-5.8491106,0.095238097012043,0.9959999918937683,0.9462000131607056
YKL034W,YML048W,0,-5.850121,0.09522899240255356,0.9959999918937683,0.9463000297546387
YPR075C,YPR154W,0,-5.8508005,0.09521988779306412,0.9959999918937683,0.946399986743927
YER146W,YMR296C,0,-5.854782,0.09521078318357468,0.9959999918937683,0.9465000033378601
YER003C,YNR038W,0,-5.8554907,0.09520167857408524,0.9959999918937683,0.9466000199317932
YKR056W,YHR026W,0,-5.8577924,0.09519258141517639,0.9959999918937683,0.9466999769210815
YBR080C,YKR066C,0,-5.858123,0.09518348425626755,0.9959999918937683,0.9467999935150146
YPR181C,YDL130W-A,0,-5.8591576,0.0951743945479393,0.9959999918937683,0.9469000101089478
YML080W,YKL018W,0,-5.8596516,0.09516529738903046,0.9959999918937683,0.9470000267028809
YEL054C,YLR110C,0,-5.8604403,0.09515620768070221,0.9959999918937683,0.9470999836921692
YLR221C,YKR060W,0,-5.862162,0.09514711797237396,0.9959999918937683,0.9472000002861023
YKL021C,YKL056C,0,-5.8641996,0.09513802826404572,0.9959999918937683,0.9473000168800354
YGR280C,YLL027W,0,-5.86432,0.09512893855571747,0.9959999918937683,0.9473999738693237
YIL125W,YDR490C,0,-5.865676,0.09511985629796982,0.9959999918937683,0.9474999904632568
YDR062W,YDL060W,0,-5.865713,0.09511077404022217,0.9959999918937683,0.9476000070571899
YPL221W,YPR067W,0,-5.8674774,0.09510169178247452,0.9959999918937683,0.947700023651123
YER005W,YIL016W,0,-5.869475,0.09509260952472687,0.9959999918937683,0.9477999806404114
YNL119W,YDR397C,0,-5.8699713,0.09508353471755981,0.9959999918937683,0.9478999972343445
YBR193C,YHR005C,0,-5.870803,0.09507445245981216,0.9959999918937683,0.9480000138282776
YGL022W,YFR037C,0,-5.8712435,0.09506537765264511,0.9959999918937683,0.9480999708175659
YKL082C,YGL236C,0,-5.871949,0.09505631029605865,0.9959999918937683,0.948199987411499
YLR055C,YMR260C,0,-5.8745165,0.0950472354888916,0.9959999918937683,0.9483000040054321
YDR188W,YER082C,0,-5.8788285,0.09503816813230515,0.9959999918937683,0.9484000205993652
YOL068C,YGL043W,1,-5.8800774,0.0951245129108429,0.996999979019165,0.9484000205993652
YDR023W,YIL118W,0,-5.880084,0.09511543810367584,0.996999979019165,0.9484999775886536
YBR079C,YDR188W,0,-5.8802443,0.09510636329650879,0.996999979019165,0.9485999941825867
YBR296C,YDR432W,0,-5.8829737,0.09509728848934174,0.996999979019165,0.9487000107765198
YNR013C,YNR006W,0,-5.8835893,0.09508822113275528,0.996999979019165,0.9488000273704529
YER088C,YBL099W,0,-5.883891,0.09507915377616882,0.996999979019165,0.9488999843597412
YLR335W,YGL172W,0,-5.8844185,0.09507008641958237,0.996999979019165,0.9490000009536743
YPL135W,YBR214W,0,-5.8874397,0.09506101906299591,0.996999979019165,0.9491000175476074
YOR377W,YFL021W,0,-5.8875365,0.09505195915699005,0.996999979019165,0.9491999745368958
YGL038C,YLR259C,0,-5.8875895,0.09504289925098419,0.996999979019165,0.9492999911308289
YMR238W,YLR088W,0,-5.8877554,0.09503383934497833,0.996999979019165,0.949400007724762
YDR483W,YMR146C,0,-5.88787,0.09502477943897247,0.996999979019165,0.9495000243186951
YKR085C,YBR091C,0,-5.891611,0.09501572698354721,0.996999979019165,0.9495999813079834
YML028W,YGR268C,0,-5.8920183,0.09500666707754135,0.996999979019165,0.9496999979019165
YDR079W,YIL125W,0,-5.8926225,0.09499761462211609,0.996999979019165,0.9498000144958496
YBR030W,YDL060W,0,-5.8941956,0.09498856961727142,0.996999979019165,0.9498999714851379
YDR224C,YOR084W,0,-5.8967066,0.09497951716184616,0.996999979019165,0.949999988079071
YPL097W,YOR150W,0,-5.897513,0.0949704721570015,0.996999979019165,0.9501000046730042
YJR121W,YGR098C,0,-5.9000573,0.09496142715215683,0.996999979019165,0.9502000212669373
YBR079C,YKR079C,0,-5.9002857,0.09495238214731216,0.996999979019165,0.9502999782562256
YMR207C,YDL076C,0,-5.901196,0.0949433371424675,0.996999979019165,0.9503999948501587
YJL002C,YEL018W,0,-5.9023314,0.09493429958820343,0.996999979019165,0.9505000114440918
YGR101W,YOR130C,0,-5.903036,0.09492526203393936,0.996999979019165,0.9506000280380249
YGR157W,YPL139C,0,-5.9047947,0.09491622447967529,0.996999979019165,0.9506999850273132
YKR025W,YPR041W,0,-5.9056964,0.09490718692541122,0.996999979019165,0.9508000016212463
YIL035C,YLR262C,0,-5.9063387,0.09489815682172775,0.996999979019165,0.9509000182151794
YML019W,YIL049W,0,-5.907441,0.09488911926746368,0.996999979019165,0.9509999752044678
YHR193C,YDR337W,0,-5.909892,0.09488008916378021,0.996999979019165,0.9510999917984009
YLR186W,YOR281C,0,-5.9112825,0.09487106651067734,0.996999979019165,0.951200008392334
YJR103W,YJL048C,0,-5.912794,0.09486203640699387,0.996999979019165,0.9513000249862671
YLR332W,YER122C,0,-5.916076,0.09485301375389099,0.996999979019165,0.9513999819755554
YKL082C,YDR156W,0,-5.916157,0.09484399110078812,0.996999979019165,0.9514999985694885
YER149C,YNL232W,0,-5.918273,0.09483496844768524,0.996999979019165,0.9516000151634216
YDR188W,YFL005W,0,-5.9186378,0.09482594579458237,0.996999979019165,0.95169997215271
YKL112W,YBR154C,0,-5.9234056,0.09481693059206009,0.996999979019165,0.9517999887466431
YOR078W,YJL076W,0,-5.9235315,0.09480791538953781,0.996999979019165,0.9519000053405762
YDR178W,YOR198C,0,-5.923671,0.09479890018701553,0.996999979019165,0.9520000219345093
YNR032W,YPL091W,0,-5.924185,0.09478988498449326,0.996999979019165,0.9520999789237976
YOR270C,YKL110C,0,-5.924578,0.09478086978197098,0.996999979019165,0.9521999955177307
YBL045C,YKL080W,0,-5.9255157,0.0947718620300293,0.996999979019165,0.9523000121116638
YPR010C,YJL111W,0,-5.925974,0.09476285427808762,0.996999979019165,0.9524000287055969
YBR290W,YGL208W,0,-5.9266214,0.09475384652614594,0.996999979019165,0.9524999856948853
YJL138C,YNL112W,0,-5.927323,0.09474484622478485,0.996999979019165,0.9526000022888184
YDL055C,YDR142C,0,-5.928074,0.09473583847284317,0.996999979019165,0.9527000188827515
YDL135C,YDL236W,0,-5.9289713,0.09472683817148209,0.996999979019165,0.9527999758720398
YDL055C,YML124C,0,-5.9301195,0.094717837870121,0.996999979019165,0.9528999924659729
YGL020C,YHL028W,0,-5.9302626,0.09470884501934052,0.996999979019165,0.953000009059906
YCR024C-A,YHR052W,0,-5.9307885,0.09469984471797943,0.996999979019165,0.9531000256538391
YGL020C,YKL035W,0,-5.931095,0.09469085186719894,0.996999979019165,0.9531999826431274
YMR211W,YMR270C,0,-5.9329233,0.09468185901641846,0.996999979019165,0.9532999992370605
YAL031C,YGR209C,0,-5.936792,0.09467287361621857,0.996999979019165,0.9534000158309937
YNL299W,YMR260C,0,-5.9381113,0.09466388076543808,0.996999979019165,0.953499972820282
YNL068C,YNL154C,0,-5.9409904,0.09465489536523819,0.996999979019165,0.9535999894142151
YJL063C,YDR424C,0,-5.9410744,0.0946459099650383,0.996999979019165,0.9537000060081482
YHR070W,YFL002C,0,-5.941827,0.09463692456483841,0.996999979019165,0.9538000226020813
YDR364C,YDR211W,0,-5.9468637,0.09462793916463852,0.996999979019165,0.9538999795913696
YMR015C,YNR043W,0,-5.9503613,0.09461896121501923,0.996999979019165,0.9539999961853027
YMR238W,YJL006C,0,-5.950406,0.09460998326539993,0.996999979019165,0.9541000127792358
YOR043W,YIL126W,0,-5.9505754,0.09460100531578064,0.996999979019165,0.954200029373169
YJL138C,YEL009C,0,-5.950767,0.09459202736616135,0.996999979019165,0.9542999863624573
YOL130W,YGL014W,0,-5.9528604,0.09458305686712265,0.996999979019165,0.9544000029563904
YGR158C,YGR245C,0,-5.953393,0.09457408636808395,0.996999979019165,0.9545000195503235
YMR022W,YLR110C,0,-5.954054,0.09456511586904526,0.996999979019165,0.9545999765396118
YPR036W,YPL053C,0,-5.9586763,0.09455614537000656,0.996999979019165,0.9546999931335449
YEL031W,YOR147W,0,-5.9593945,0.09454718232154846,0.996999979019165,0.954800009727478
YKL016C,YPL256C,0,-5.960021,0.09453821182250977,0.996999979019165,0.9549000263214111
YCR083W,YDR456W,0,-5.9646273,0.09452924877405167,0.996999979019165,0.9549999833106995
YBR055C,YGR128C,0,-5.9647365,0.09452028572559357,0.996999979019165,0.9550999999046326
YGL035C,YPR008W,0,-5.9656153,0.09451133012771606,0.996999979019165,0.9552000164985657
YBL011W,YMR039C,0,-5.9659677,0.09450236707925797,0.996999979019165,0.955299973487854
YNL079C,YEL027W,0,-5.9720397,0.09449341148138046,0.996999979019165,0.9553999900817871
YJL080C,YFL002C,0,-5.972048,0.09448445588350296,0.996999979019165,0.9555000066757202
YPR110C,YHR041C,0,-5.9728274,0.09447550773620605,0.996999979019165,0.9556000232696533
YPL053C,YFL009W,0,-5.9775233,0.09446655213832855,0.996999979019165,0.9556999802589417
YER031C,YAL035W,0,-5.980033,0.09445760399103165,0.996999979019165,0.9557999968528748
YPL221W,YIL062C,0,-5.981881,0.09444865584373474,0.996999979019165,0.9559000134468079
YNL156C,YNL123W,0,-5.9841304,0.09443970769643784,0.996999979019165,0.9559999704360962
YMR012W,YHR072W,0,-5.986562,0.09443076699972153,0.996999979019165,0.9560999870300293
YLR305C,YMR080C,0,-5.986762,0.09442181885242462,0.996999979019165,0.9562000036239624
YDR059C,YDR394W,0,-5.987051,0.09441287815570831,0.996999979019165,0.9563000202178955
YBR079C,YBR055C,0,-5.9877357,0.094403937458992,0.996999979019165,0.9563999772071838
YGR280C,YNL032W,0,-5.9885178,0.09439500421285629,0.996999979019165,0.9564999938011169
YLR088W,YOR008C,0,-5.989371,0.09438606351613998,0.996999979019165,0.95660001039505
YNR039C,YKL117W,0,-5.992688,0.09437713027000427,0.996999979019165,0.9567000269889832
YGL111W,YKL120W,0,-5.992821,0.09436819702386856,0.996999979019165,0.9567999839782715
YPL091W,YJL128C,0,-5.9947624,0.09435926377773285,0.996999979019165,0.9569000005722046
YGR132C,YPL097W,0,-5.995781,0.09435033798217773,0.996999979019165,0.9570000171661377
YOL039W,YKL021C,0,-5.9964314,0.09434140473604202,0.996999979019165,0.957099974155426
YNL002C,YFR009W,0,-5.997283,0.09433247894048691,0.996999979019165,0.9571999907493591
YLR088W,YKL004W,0,-5.997735,0.09432356059551239,0.996999979019165,0.9573000073432922
YNL231C,YNL059C,0,-5.998118,0.09431463479995728,0.996999979019165,0.9574000239372253
YPL057C,YEL034W,0,-6.0004787,0.09430571645498276,0.996999979019165,0.9574999809265137
YDR414C,YNL061W,0,-6.0022273,0.09429679065942764,0.996999979019165,0.9575999975204468
YDR251W,YBL011W,0,-6.0035114,0.09428787231445312,0.996999979019165,0.9577000141143799
YDR156W,YNL209W,0,-6.0055227,0.0942789614200592,0.996999979019165,0.9577999711036682
YNL323W,YOR148C,0,-6.007143,0.09427004307508469,0.996999979019165,0.9578999876976013
YBR172C,YKL144C,0,-6.008416,0.09426113218069077,0.996999979019165,0.9580000042915344
YLR459W,YPR165W,0,-6.010667,0.09425222128629684,0.996999979019165,0.9581000208854675
YNL048W,YPR155C,0,-6.010798,0.09424331039190292,0.996999979019165,0.9581999778747559
YLR088W,YER008C,0,-6.0112996,0.0942344069480896,0.996999979019165,0.958299994468689
YJR144W,YBR192W,0,-6.012768,0.09422549605369568,0.996999979019165,0.9584000110626221
YGL226C-A,YHR041C,0,-6.013336,0.09421659260988235,0.996999979019165,0.9585000276565552
YBR247C,YOL115W,0,-6.0173926,0.09420768916606903,0.996999979019165,0.9585999846458435
YER061C,YDR394W,0,-6.0187035,0.0941987931728363,0.996999979019165,0.9587000012397766
YBR002C,YJL080C,0,-6.019179,0.09418988972902298,0.996999979019165,0.9588000178337097
YDL213C,YDR177W,0,-6.0208073,0.09418099373579025,0.996999979019165,0.958899974822998
YDL081C,YJL002C,0,-6.0214586,0.09417209774255753,0.996999979019165,0.9589999914169312
YPR024W,YCL044C,0,-6.027113,0.0941632017493248,0.996999979019165,0.9591000080108643
YGR214W,YGL014W,0,-6.0273123,0.09415431320667267,0.996999979019165,0.9592000246047974
YGL012W,YDR002W,0,-6.0281725,0.09414541721343994,0.996999979019165,0.9592999815940857
YNL048W,YMR267W,0,-6.028279,0.09413652867078781,0.996999979019165,0.9593999981880188
YPL087W,YDL007W,0,-6.0290194,0.09412764012813568,0.996999979019165,0.9595000147819519
YJR131W,YOR080W,0,-6.029787,0.09411875903606415,0.996999979019165,0.9595999717712402
YNL149C,YHR062C,0,-6.0318184,0.09410987049341202,0.996999979019165,0.9596999883651733
YER021W,YMR139W,0,-6.0331006,0.09410098940134048,0.996999979019165,0.9598000049591064
YIL048W,YPL106C,0,-6.034321,0.09409210830926895,0.996999979019165,0.9599000215530396
YDL029W,YPL196W,0,-6.035321,0.09408323466777802,0.996999979019165,0.9599999785423279
YDR087C,YDR447C,0,-6.0369477,0.09407435357570648,0.996999979019165,0.960099995136261
YKR024C,YCR031C,0,-6.0377536,0.09406547993421555,0.996999979019165,0.9602000117301941
YMR264W,YJR049C,0,-6.0388875,0.09405660629272461,0.996999979019165,0.9603000283241272
YDR434W,YOL004W,0,-6.039132,0.09404773265123367,0.996999979019165,0.9603999853134155
YPR024W,YLR305C,0,-6.0397215,0.09403885900974274,0.996999979019165,0.9605000019073486
YKL018W,YMR091C,0,-6.0409284,0.0940299928188324,0.996999979019165,0.9606000185012817
YDL197C,YDL132W,0,-6.044164,0.09402112662792206,0.996999979019165,0.9606999754905701
YKR048C,YHR005C,0,-6.045749,0.09401226043701172,0.996999979019165,0.9607999920845032
YDR508C,YLR276C,0,-6.047494,0.09400339424610138,0.996999979019165,0.9609000086784363
YER127W,YOL005C,0,-6.047683,0.09399453550577164,0.996999979019165,0.9610000252723694
YLR186W,YAL003W,0,-6.048921,0.0939856693148613,0.996999979019165,0.9610999822616577
YML086C,YGR094W,0,-6.0491858,0.09397681057453156,0.996999979019165,0.9611999988555908
YBR059C,YJR019C,0,-6.05468,0.09396795183420181,0.996999979019165,0.9613000154495239
YNL280C,YDL143W,0,-6.056767,0.09395910054445267,0.996999979019165,0.9613999724388123
YGL191W,YAL054C,0,-6.0593414,0.09395024180412292,0.996999979019165,0.9614999890327454
YGL044C,YBR061C,0,-6.059558,0.09394139051437378,0.996999979019165,0.9616000056266785
YDR256C,YBL075C,0,-6.0641317,0.09393253922462463,0.996999979019165,0.9617000222206116
YNL243W,YPL118W,0,-6.0660067,0.09392369538545609,0.996999979019165,0.9617999792098999
YEL002C,YPL075W,0,-6.0677,0.09391484409570694,0.996999979019165,0.961899995803833
YOR272W,YLR052W,0,-6.069283,0.09390600025653839,0.996999979019165,0.9620000123977661
YDR188W,YDL165W,0,-6.0706124,0.09389715641736984,0.996999979019165,0.9621000289916992
YNL075W,YHR005C,0,-6.0711417,0.0938883125782013,0.996999979019165,0.9621999859809875
YDR375C,YDR394W,0,-6.0720816,0.09387947618961334,0.996999979019165,0.9623000025749207
YHR072W,YML074C,0,-6.0734243,0.0938706323504448,0.996999979019165,0.9624000191688538
YJR135W-A,YML110C,0,-6.076165,0.09386179596185684,0.996999979019165,0.9624999761581421
YGR257C,YDR434W,0,-6.0770273,0.09385295957326889,0.996999979019165,0.9625999927520752
YMR149W,YDR397C,0,-6.078838,0.09384412318468094,0.996999979019165,0.9627000093460083
YJL054W,YER006W,0,-6.082133,0.09383529424667358,0.996999979019165,0.9628000259399414
YNL121C,YML001W,0,-6.082275,0.09382646530866623,0.996999979019165,0.9628999829292297
YLR335W,YBL018C,0,-6.0828695,0.09381763637065887,0.996999979019165,0.9629999995231628
YER120W,YDR235W,0,-6.083247,0.09380880743265152,0.996999979019165,0.963100016117096
YOR330C,YHR187W,0,-6.084331,0.09379997849464417,0.996999979019165,0.9631999731063843
YIL125W,YDR427W,0,-6.084942,0.09379115700721741,0.996999979019165,0.9632999897003174
YMR285C,YLR321C,0,-6.085685,0.09378233551979065,0.996999979019165,0.9634000062942505
YBL090W,YJL003W,0,-6.086626,0.09377351403236389,0.996999979019165,0.9635000228881836
YPL057C,YDR385W,0,-6.0872602,0.09376469254493713,0.996999979019165,0.9635999798774719
YJR091C,YCR091W,0,-6.0876412,0.09375587850809097,0.996999979019165,0.963699996471405
YGR167W,YLR191W,0,-6.0901437,0.09374706447124481,0.996999979019165,0.9638000130653381
YEL031W,YDR164C,0,-6.0909224,0.09373825043439865,0.996999979019165,0.9639000296592712
YNR016C,YJL134W,0,-6.092998,0.09372943639755249,0.996999979019165,0.9639999866485596
YDR116C,YPR036W,0,-6.0932655,0.09372062236070633,0.996999979019165,0.9641000032424927
YJR103W,YNR035C,0,-6.0946617,0.09371181577444077,0.996999979019165,0.9642000198364258
YKR024C,YBR069C,0,-6.098241,0.0937030091881752,0.996999979019165,0.9642999768257141
YDR384C,YPL234C,0,-6.1027517,0.09369420260190964,0.996999979019165,0.9643999934196472
YLL031C,YGL236C,0,-6.1039405,0.09368539601564407,0.996999979019165,0.9645000100135803
YMR091C,YBR060C,0,-6.104638,0.0936765968799591,0.996999979019165,0.9646000266075134
YGL105W,YPR041W,0,-6.1098614,0.09366779774427414,0.996999979019165,0.9646999835968018
YLR459W,YBR015C,0,-6.1134586,0.09365899115800858,0.996999979019165,0.9648000001907349
YIL124W,YLR285W,0,-6.1141577,0.0936501994729042,0.996999979019165,0.964900016784668
YLR056W,YEL026W,0,-6.1145935,0.09364140033721924,0.996999979019165,0.9649999737739563
YLR192C,YNL221C,0,-6.1148014,0.09363260865211487,0.996999979019165,0.9650999903678894
YDR377W,YDR337W,0,-6.116303,0.0936238169670105,0.996999979019165,0.9652000069618225
YER119C,YCL040W,0,-6.1204357,0.09361502528190613,0.996999979019165,0.9653000235557556
YGL012W,YPL212C,0,-6.122183,0.09360623359680176,0.996999979019165,0.965399980545044
YOR151C,YPL106C,0,-6.1243854,0.09359744936227798,0.996999979019165,0.965499997138977
YIL021W,YNL221C,0,-6.1263294,0.09358865767717361,0.996999979019165,0.9656000137329102
YHL003C,YHR041C,0,-6.12654,0.09357987344264984,0.996999979019165,0.9656999707221985
YNL130C,YER154W,0,-6.1271725,0.09357109665870667,0.996999979019165,0.9657999873161316
YKR052C,YLR248W,0,-6.1272745,0.09356231242418289,0.996999979019165,0.9659000039100647
YOL130W,YGL195W,0,-6.131179,0.09355353564023972,0.996999979019165,0.9660000205039978
YBR177C,YDL165W,0,-6.134938,0.09354475140571594,0.996999979019165,0.9660999774932861
YDR194C,YPR143W,0,-6.1359377,0.09353598207235336,0.996999979019165,0.9661999940872192
YPR103W,YPL048W,0,-6.13986,0.09352720528841019,0.996999979019165,0.9663000106811523
YDL229W,YNL209W,0,-6.14594,0.09351842850446701,0.996999979019165,0.9664000272750854
YHR181W,YGL187C,0,-6.146414,0.09350965917110443,0.996999979019165,0.9664999842643738
YLR222C,YMR285C,0,-6.1469903,0.09350088983774185,0.996999979019165,0.9666000008583069
YOL121C,YPL266W,0,-6.1495514,0.09349212050437927,0.996999979019165,0.96670001745224
YGL099W,YMR246W,0,-6.1524982,0.09348335862159729,0.996999979019165,0.9667999744415283
YGL191W,YCR008W,0,-6.157531,0.09347458928823471,0.996999979019165,0.9668999910354614
YGL226C-A,YNL243W,0,-6.1577425,0.09346582740545273,0.996999979019165,0.9670000076293945
YER126C,YHR107C,0,-6.159251,0.09345706552267075,0.996999979019165,0.9671000242233276
YLR130C,YML001W,0,-6.1597657,0.09344831109046936,0.996999979019165,0.967199981212616
YGR159C,YJL145W,0,-6.167882,0.09343954920768738,0.996999979019165,0.9672999978065491
YJR019C,YGR268C,0,-6.170745,0.09343079477548599,0.996999979019165,0.9674000144004822
YNL149C,YAL031C,0,-6.171732,0.0934220403432846,0.996999979019165,0.9674999713897705
YOR094W,YER082C,0,-6.1729693,0.09341328591108322,0.996999979019165,0.9675999879837036
YDR245W,YOL021C,0,-6.1763363,0.09340453147888184,0.996999979019165,0.9677000045776367
YMR285C,YKL172W,0,-6.1794868,0.09339578449726105,0.996999979019165,0.9678000211715698
YNR016C,YAL035W,0,-6.183614,0.09338703751564026,0.996999979019165,0.9678999781608582
YKR039W,YFR053C,0,-6.183977,0.09337829053401947,0.996999979019165,0.9679999947547913
YBL011W,YCL040W,0,-6.186148,0.09336954355239868,0.996999979019165,0.9681000113487244
YKR085C,YNL123W,0,-6.1885977,0.09336080402135849,0.996999979019165,0.9682000279426575
YNL048W,YJR125C,0,-6.191563,0.0933520570397377,0.996999979019165,0.9682999849319458
YEL024W,YMR072W,0,-6.191924,0.09334331750869751,0.996999979019165,0.9684000015258789
YEL013W,YGR044C,0,-6.192009,0.09333457797765732,0.996999979019165,0.968500018119812
YPL087W,YDL015C,0,-6.1921062,0.09332584589719772,0.996999979019165,0.9685999751091003
YNL292W,YBR267W,0,-6.1988354,0.09331710636615753,0.996999979019165,0.9686999917030334
YGL068W,YPL091W,0,-6.19897,0.09330837428569794,0.996999979019165,0.9688000082969666
YER122C,YMR246W,0,-6.2014036,0.09329964220523834,0.996999979019165,0.9689000248908997
YLR034C,YBL056W,0,-6.208707,0.09329091757535934,0.996999979019165,0.968999981880188
YIL070C,YGL020C,0,-6.2087183,0.09328218549489975,0.996999979019165,0.9690999984741211
YCR075C,YBR265W,0,-6.209494,0.09327346086502075,0.996999979019165,0.9692000150680542
YLR355C,YKL212W,0,-6.2142224,0.09326473623514175,0.996999979019165,0.9692999720573425
YMR241W,YER118C,0,-6.2143507,0.09325601160526276,0.996999979019165,0.9693999886512756
YJR135W-A,YCR028C-A,0,-6.2162037,0.09324728697538376,0.996999979019165,0.9695000052452087
YPL217C,YPR190C,0,-6.2166076,0.09323856979608536,0.996999979019165,0.9696000218391418
YKL034W,YNL098C,0,-6.2199974,0.09322984516620636,0.996999979019165,0.9696999788284302
YOR362C,YDR129C,0,-6.2244797,0.09322112798690796,0.996999979019165,0.9697999954223633
YGR162W,YKR025W,0,-6.226577,0.09321241825819016,0.996999979019165,0.9699000120162964
YLR130C,YFL034C-B,0,-6.226858,0.09320370107889175,0.996999979019165,0.9700000286102295
YKL016C,YKL150W,0,-6.2276926,0.09319499135017395,0.996999979019165,0.9700999855995178
YLR206W,YOR221C,0,-6.228634,0.09318628162145615,0.996999979019165,0.9702000021934509
YOL071W,YMR302C,0,-6.2307887,0.09317757189273834,0.996999979019165,0.970300018787384
YOR004W,YBR158W,0,-6.2323084,0.09316886216402054,0.996999979019165,0.9703999757766724
YDR202C,YER053C,0,-6.233763,0.09316015988588333,0.996999979019165,0.9704999923706055
YDR093W,YBR265W,0,-6.2340183,0.09315145015716553,0.996999979019165,0.9706000089645386
YCR024C-A,YHR042W,0,-6.235033,0.09314274787902832,0.996999979019165,0.9707000255584717
YNL292W,YKL014C,0,-6.235834,0.09313405305147171,0.996999979019165,0.97079998254776
YNL113W,YFR009W,0,-6.2361135,0.0931253507733345,0.996999979019165,0.9708999991416931
YDL014W,YBL018C,0,-6.2403164,0.0931166559457779,0.996999979019165,0.9710000157356262
YOR119C,YGR123C,0,-6.24579,0.09310795366764069,0.996999979019165,0.9710999727249146
YGR077C,YOR002W,0,-6.248824,0.09309925884008408,0.996999979019165,0.9711999893188477
YOL040C,YBL018C,0,-6.25222,0.09309057146310806,0.996999979019165,0.9713000059127808
YDR062W,YNL241C,0,-6.2537622,0.09308187663555145,0.996999979019165,0.9714000225067139
YDR424C,YCR033W,0,-6.254348,0.09307318925857544,0.996999979019165,0.9714999794960022
YDL014W,YMR235C,0,-6.255373,0.09306450188159943,0.996999979019165,0.9715999960899353
YMR298W,YDR214W,0,-6.2562637,0.09305581450462341,0.996999979019165,0.9717000126838684
YLR088W,YBR107C,0,-6.2591686,0.0930471271276474,0.996999979019165,0.9718000292778015
YNL163C,YNL112W,0,-6.2594233,0.09303844720125198,0.996999979019165,0.9718999862670898
YMR298W,YGL219C,0,-6.2595415,0.09302976727485657,0.996999979019165,0.972000002861023
YIL124W,YGL210W,0,-6.263688,0.09302108734846115,0.996999979019165,0.972100019454956
YLL035W,YKR036C,0,-6.2651505,0.09301240742206573,0.996999979019165,0.9721999764442444
YJR143C,YBR009C,0,-6.2652483,0.09300373494625092,0.996999979019165,0.9722999930381775
YNL048W,YGL099W,0,-6.265848,0.0929950550198555,0.996999979019165,0.9724000096321106
YBL045C,YKL038W,0,-6.268384,0.09298638254404068,0.996999979019165,0.9725000262260437
YIL115C,YOR361C,0,-6.2714663,0.09297771006822586,0.996999979019165,0.972599983215332
YGR080W,YOR142W,0,-6.273323,0.09296904504299164,0.996999979019165,0.9726999998092651
YKR003W,YLR240W,0,-6.2742724,0.09296037256717682,0.996999979019165,0.9728000164031982
YCL052C,YER122C,0,-6.2754703,0.0929517075419426,0.996999979019165,0.9728999733924866
YGR132C,YBL057C,0,-6.2776155,0.09294304251670837,0.996999979019165,0.9729999899864197
YDR331W,YBL045C,0,-6.277731,0.09293437749147415,0.996999979019165,0.9731000065803528
YPL211W,YGR094W,0,-6.278691,0.09292571246623993,0.996999979019165,0.9732000231742859
YCR028C-A,YGL195W,0,-6.279456,0.0929170548915863,0.996999979019165,0.9732999801635742
YKR079C,YBR142W,0,-6.2816706,0.09290839731693268,0.996999979019165,0.9733999967575073
YDL046W,YLL050C,0,-6.2836914,0.09289973974227905,0.996999979019165,0.9735000133514404
YIL049W,YKR059W,0,-6.2857933,0.09289108216762543,0.996999979019165,0.9735999703407288
YNL113W,YDR447C,0,-6.2895465,0.0928824320435524,0.996999979019165,0.9736999869346619
YKR056W,YHR062C,0,-6.2902255,0.09287377446889877,0.996999979019165,0.973800003528595
YJR145C,YCL054W,0,-6.2904634,0.09286512434482574,0.996999979019165,0.9739000201225281
YGR185C,YMR312W,0,-6.293112,0.09285647422075272,0.996999979019165,0.9739999771118164
YER072W,YFR024C-A,0,-6.2949896,0.09284783154726028,0.996999979019165,0.9740999937057495
YGR080W,YKL129C,0,-6.2956553,0.09283918142318726,0.996999979019165,0.9742000102996826
YDL132W,YDR027C,0,-6.2972174,0.09283053874969482,0.996999979019165,0.9743000268936157
YDR145W,YNR052C,0,-6.2990913,0.09282189607620239,0.996999979019165,0.974399983882904
YLR433C,YLR355C,0,-6.2995043,0.09281325340270996,0.996999979019165,0.9745000004768372
YDL015C,YDR002W,0,-6.3018594,0.09280461817979813,0.996999979019165,0.9746000170707703
YKL082C,YGL058W,0,-6.304108,0.0927959755063057,0.996999979019165,0.9746999740600586
YDR297W,YOR195W,0,-6.305094,0.09278734028339386,0.996999979019165,0.9747999906539917
YBR069C,YBR172C,0,-6.3051195,0.09277870506048203,0.996999979019165,0.9749000072479248
YML086C,YKL212W,0,-6.3084555,0.09277007728815079,0.996999979019165,0.9750000238418579
YGR185C,YAL059W,0,-6.314033,0.09276144206523895,0.996999979019165,0.9750999808311462
YKL093W,YPR030W,0,-6.3186564,0.09275281429290771,0.996999979019165,0.9751999974250793
YGR200C,YIR012W,0,-6.3240733,0.09274418652057648,0.996999979019165,0.9753000140190125
YJL117W,YGR238C,0,-6.3259115,0.09273555874824524,0.996999979019165,0.9753999710083008
YLR105C,YGR191W,0,-6.326054,0.092726930975914,0.996999979019165,0.9754999876022339
YLL019C,YML048W,0,-6.3262887,0.09271831065416336,0.996999979019165,0.975600004196167
YIL118W,YPR080W,0,-6.328746,0.09270969033241272,0.996999979019165,0.9757000207901001
YMR049C,YKL120W,0,-6.329726,0.09270107001066208,0.996999979019165,0.9757999777793884
YMR264W,YLR450W,0,-6.3302646,0.09269244968891144,0.996999979019165,0.9758999943733215
YKL004W,YPL106C,0,-6.334179,0.0926838368177414,0.996999979019165,0.9760000109672546
YEL002C,YJR007W,0,-6.334504,0.09267521649599075,0.996999979019165,0.9761000275611877
YDR337W,YER026C,0,-6.33871,0.09266660362482071,0.996999979019165,0.9761999845504761
YJL183W,YIL049W,0,-6.3388824,0.09265799075365067,0.996999979019165,0.9763000011444092
YNL243W,YKL002W,0,-6.339177,0.09264938533306122,0.996999979019165,0.9764000177383423
YNL231C,YBR002C,0,-6.3397956,0.09264077246189117,0.996999979019165,0.9764999747276306
YOR150W,YPL132W,0,-6.340853,0.09263216704130173,0.996999979019165,0.9765999913215637
YAL023C,YLR043C,0,-6.343536,0.09262356162071228,0.996999979019165,0.9767000079154968
YOR198C,YPL212C,0,-6.34474,0.09261495620012283,0.996999979019165,0.9768000245094299
YJL198W,YLR100W,0,-6.352419,0.09260635077953339,0.996999979019165,0.9768999814987183
YGL029W,YBL093C,0,-6.356639,0.09259775280952454,0.996999979019165,0.9769999980926514
YLR167W,YDL031W,0,-6.357173,0.09258915483951569,0.996999979019165,0.9771000146865845
YGR085C,YHR174W,0,-6.3607054,0.09258055686950684,0.996999979019165,0.9771999716758728
YMR238W,YLR304C,0,-6.3664083,0.09257195889949799,0.996999979019165,0.9772999882698059
YKR039W,YDR456W,0,-6.37225,0.09256336092948914,0.996999979019165,0.977400004863739
YBR002C,YKR036C,0,-6.372974,0.09255477041006088,0.996999979019165,0.9775000214576721
YJL080C,YIL070C,0,-6.3738365,0.09254617989063263,0.996999979019165,0.9775999784469604
YJL069C,YKL056C,0,-6.3748894,0.09253758937120438,0.996999979019165,0.9776999950408936
YMR264W,YNL242W,0,-6.3777447,0.09252899885177612,0.996999979019165,0.9778000116348267
YHR206W,YOR204W,0,-6.378932,0.09252041578292847,0.996999979019165,0.9779000282287598
YDL201W,YDR002W,0,-6.379154,0.09251183271408081,0.996999979019165,0.9779999852180481
YML028W,YKR066C,0,-6.379931,0.09250324964523315,0.996999979019165,0.9781000018119812
YPR125W,YGL058W,0,-6.380466,0.0924946665763855,0.996999979019165,0.9782000184059143
YGR257C,YOR230W,0,-6.3813195,0.09248608350753784,0.996999979019165,0.9782999753952026
YHR065C,YBL016W,0,-6.3834686,0.09247750788927078,0.996999979019165,0.9783999919891357
YDR182W,YBL045C,0,-6.383812,0.09246893227100372,0.996999979019165,0.9785000085830688
YGR101W,YBR068C,0,-6.3991737,0.09246035665273666,0.996999979019165,0.978600025177002
YER146W,YER049W,0,-6.403987,0.0924517810344696,0.996999979019165,0.9786999821662903
YHR052W,YLR448W,0,-6.4055743,0.09244320541620255,0.996999979019165,0.9787999987602234
YER148W,YPR041W,0,-6.407698,0.09243463724851608,0.996999979019165,0.9789000153541565
YBL022C,YAL016W,0,-6.4080935,0.09242606908082962,0.996999979019165,0.9789999723434448
YML031W,YPR041W,0,-6.4160852,0.09241750091314316,0.996999979019165,0.9790999889373779
YDL031W,YPR010C,0,-6.426195,0.0924089327454567,0.996999979019165,0.979200005531311
YER166W,YIL135C,0,-6.428619,0.09240037202835083,0.996999979019165,0.9793000221252441
YNR013C,YNL103W,0,-6.4371977,0.09239181131124496,0.996999979019165,0.9793999791145325
YJL081C,YGL210W,0,-6.4377923,0.0923832431435585,0.996999979019165,0.9794999957084656
YJL076W,YBL024W,0,-6.4381294,0.09237468987703323,0.996999979019165,0.9796000123023987
YDL076C,YKL193C,0,-6.4384866,0.09236612915992737,0.996999979019165,0.9797000288963318
YHR042W,YNL061W,0,-6.443253,0.0923575758934021,0.996999979019165,0.9797999858856201
YCL040W,YJL003W,0,-6.4477377,0.09234901517629623,0.996999979019165,0.9799000024795532
YDR294C,YOL060C,0,-6.4543653,0.09234046190977097,0.996999979019165,0.9800000190734863
YIL049W,YOR230W,0,-6.4554253,0.0923319160938263,0.996999979019165,0.9800999760627747
YGL012W,YAL003W,0,-6.456226,0.09232336282730103,0.996999979019165,0.9801999926567078
YCR024C-A,YBR265W,0,-6.4579144,0.09231481701135635,0.996999979019165,0.9803000092506409
YLR447C,YOR377W,0,-6.4580145,0.09230627119541168,0.996999979019165,0.980400025844574
YDL142C,YPL203W,0,-6.463194,0.09229772537946701,0.996999979019165,0.9804999828338623
YDR434W,YMR173W,0,-6.4633274,0.09228917956352234,0.996999979019165,0.9805999994277954
YBR069C,YDL212W,0,-6.4773746,0.09228063374757767,0.996999979019165,0.9807000160217285
YLR088W,YDR302W,0,-6.4866705,0.09227209538221359,0.996999979019165,0.9807999730110168
YJL138C,YDR025W,0,-6.493905,0.09226355701684952,0.996999979019165,0.98089998960495
YGL111W,YOL093W,0,-6.496521,0.09225501865148544,0.996999979019165,0.9810000061988831
YIL124W,YBR169C,0,-6.499633,0.09224648773670197,0.996999979019165,0.9811000227928162
YKL082C,YMR246W,0,-6.5003886,0.09223794937133789,0.996999979019165,0.9811999797821045
YOR298C-A,YDL007W,0,-6.504754,0.09222941845655441,0.996999979019165,0.9812999963760376
YDR062W,YKR048C,0,-6.506888,0.09222088754177094,0.996999979019165,0.9814000129699707
YKL150W,YBR214W,0,-6.5090322,0.09221235662698746,0.996999979019165,0.9815000295639038
YDR093W,YDR302W,0,-6.513646,0.09220382571220398,0.996999979019165,0.9815999865531921
YDR071C,YKL110C,0,-6.520545,0.0921953022480011,0.996999979019165,0.9817000031471252
YPL152W,YOR173W,0,-6.520786,0.09218677878379822,0.996999979019165,0.9818000197410583
YKL056C,YGL078C,0,-6.5294027,0.09217825531959534,0.996999979019165,0.9818999767303467
YOR272W,YNL186W,0,-6.5304523,0.09216973185539246,0.996999979019165,0.9819999933242798
YDR062W,YPL177C,0,-6.5309916,0.09216121584177017,0.996999979019165,0.9821000099182129
YOR321W,YDR517W,0,-6.5312414,0.09215269237756729,0.996999979019165,0.982200026512146
YKR026C,YDR156W,0,-6.540039,0.09214417636394501,0.996999979019165,0.9822999835014343
YKL141W,YOR317W,0,-6.549443,0.09213566035032272,0.996999979019165,0.9824000000953674
YML023C,YPL266W,0,-6.555926,0.09212715178728104,0.996999979019165,0.9825000166893005
YNL219C,YLR028C,0,-6.5608983,0.09211863577365875,0.996999979019165,0.9825999736785889
YPR125W,YGL120C,0,-6.562274,0.09211012721061707,0.996999979019165,0.982699990272522
YHR190W,YDL019C,0,-6.5626435,0.09210161864757538,0.996999979019165,0.9828000068664551
YCR053W,YDR211W,0,-6.563016,0.09209311008453369,0.996999979019165,0.9829000234603882
YPL019C,YPL106C,0,-6.5657845,0.092084601521492,0.996999979019165,0.9829999804496765
YDR062W,YOR142W,0,-6.5669127,0.09207610040903091,0.996999979019165,0.9830999970436096
YLR466W,YLR467W,1,-6.57444,0.0921599417924881,0.9980000257492065,0.9830999970436096
YBL050W,YDR394W,0,-6.5766563,0.09215143322944641,0.9980000257492065,0.9832000136375427
YDR071C,YKL120W,0,-6.5786724,0.09214292466640472,0.9980000257492065,0.983299970626831
YIR008C,YMR260C,0,-6.5852013,0.09213441610336304,0.9980000257492065,0.9833999872207642
YJL183W,YKL056C,0,-6.5867214,0.09212591499090195,0.9980000257492065,0.9835000038146973
YML073C,YER049W,0,-6.5868464,0.09211740642786026,0.9980000257492065,0.9836000204086304
YLL027W,YDL147W,0,-6.587986,0.09210890531539917,0.9980000257492065,0.9836999773979187
YOR317W,YDR099W,0,-6.5912876,0.09210040420293808,0.9980000257492065,0.9837999939918518
YMR235C,YGR195W,0,-6.5933228,0.09209191054105759,0.9980000257492065,0.9839000105857849
YKR038C,YJR007W,0,-6.6016397,0.0920834094285965,0.9980000257492065,0.984000027179718
YNL153C,YJL125C,0,-6.60358,0.092074915766716,0.9980000257492065,0.9840999841690063
YDL076C,YBL102W,0,-6.606803,0.09206642210483551,0.9980000257492065,0.9842000007629395
YMR093W,YHR065C,0,-6.607855,0.09205792844295502,0.9980000257492065,0.9843000173568726
YLR197W,YOL097C,0,-6.609962,0.09204943478107452,0.9980000257492065,0.9843999743461609
YBR267W,YKR026C,0,-6.610612,0.09204094856977463,0.9980000257492065,0.984499990940094
YPR181C,YBR234C,0,-6.620522,0.09203246235847473,0.9980000257492065,0.9846000075340271
YCR053W,YAL035W,0,-6.626736,0.09202397614717484,0.9980000257492065,0.9847000241279602
YBR069C,YNL232W,0,-6.6343536,0.09201548993587494,0.9980000257492065,0.9847999811172485
YOR116C,YGR159C,0,-6.6448193,0.09200700372457504,0.9980000257492065,0.9848999977111816
YMR200W,YMR005W,0,-6.646913,0.09199852496385574,0.9980000257492065,0.9850000143051147
YDR449C,YLR355C,0,-6.6482563,0.09199004620313644,0.9980000257492065,0.9850999712944031
YCL025C,YNL307C,0,-6.653441,0.09198156744241714,0.9980000257492065,0.9851999878883362
YEL013W,YGR086C,0,-6.654455,0.09197308868169785,0.9980000257492065,0.9853000044822693
YPL087W,YJL003W,0,-6.6549487,0.09196461737155914,0.9980000257492065,0.9854000210762024
YGL019W,YPL178W,0,-6.660575,0.09195613861083984,0.9980000257492065,0.9854999780654907
YBR110W,YJR001W,0,-6.6606174,0.09194766730070114,0.9980000257492065,0.9855999946594238
YLR355C,YDR121W,0,-6.6626616,0.09193919599056244,0.9980000257492065,0.9857000112533569
YNL280C,YDL229W,0,-6.6659613,0.09193073213100433,0.9980000257492065,0.98580002784729
YMR022W,YJR040W,0,-6.6695814,0.09192226082086563,0.9980000257492065,0.9858999848365784
YOL142W,YGR145W,0,-6.671356,0.09191379696130753,0.9980000257492065,0.9860000014305115
YHR175W,YHR115C,0,-6.678236,0.09190533310174942,0.9980000257492065,0.9861000180244446
YML129C,YHR175W,0,-6.685695,0.09189686924219131,0.9980000257492065,0.9861999750137329
YBR177C,YGL011C,0,-6.6866584,0.09188840538263321,0.9980000257492065,0.986299991607666
YDR221W,YML110C,0,-6.688899,0.0918799489736557,0.9980000257492065,0.9864000082015991
YKL146W,YER027C,0,-6.6941266,0.09187149256467819,0.9980000257492065,0.9865000247955322
YNL075W,YHR148W,0,-6.70705,0.09186303615570068,0.9980000257492065,0.9865999817848206
YPL076W,YLR138W,0,-6.7095876,0.09185457974672318,0.9980000257492065,0.9866999983787537
YHR190W,YGR077C,0,-6.714144,0.09184612333774567,0.9980000257492065,0.9868000149726868
YBR089C-A,YKL141W,0,-6.7143307,0.09183767437934875,0.9980000257492065,0.9868999719619751
YKR024C,YPL101W,0,-6.7177625,0.09182922542095184,0.9980000257492065,0.9869999885559082
YGR162W,YJL111W,0,-6.725462,0.09182077646255493,0.9980000257492065,0.9871000051498413
YBR290W,YPL091W,0,-6.727353,0.09181232750415802,0.9980000257492065,0.9872000217437744
YJR121W,YJL003W,0,-6.729265,0.09180387854576111,0.9980000257492065,0.9872999787330627
YHR008C,YOL027C,0,-6.734085,0.0917954370379448,0.9980000257492065,0.9873999953269958
YML023C,YLR447C,0,-6.7370443,0.09178699553012848,0.9980000257492065,0.987500011920929
YMR200W,YNL121C,0,-6.7407413,0.09177855402231216,0.9980000257492065,0.9876000285148621
YDR221W,YGR135W,0,-6.7421803,0.09177011251449585,0.9980000257492065,0.9876999855041504
YBR192W,YPL118W,0,-6.7433286,0.09176167845726013,0.9980000257492065,0.9878000020980835
YDL015C,YGL087C,0,-6.7592444,0.09175324440002441,0.9980000257492065,0.9879000186920166
YGR078C,YNL154C,0,-6.760065,0.0917448028922081,0.9980000257492065,0.9879999756813049
YBR155W,YJL011C,0,-6.7609673,0.09173637628555298,0.9980000257492065,0.988099992275238
YGR162W,YPR190C,0,-6.767307,0.09172794222831726,0.9980000257492065,0.9882000088691711
YLR466W,YPL283C,1,-6.7680526,0.0918114110827446,0.9990000128746033,0.9882000088691711
YDR077W,YCR008W,0,-6.7772665,0.09180297702550888,0.9990000128746033,0.9883000254631042
YJL069C,YGR094W,0,-6.7871046,0.09179454296827316,0.9990000128746033,0.9883999824523926
YCR072C,YMR229C,0,-6.788866,0.09178610891103745,0.9990000128746033,0.9884999990463257
YDR284C,YNL098C,0,-6.794037,0.09177767485380173,0.9990000128746033,0.9886000156402588
YGR191W,YOL142W,0,-6.797243,0.0917692482471466,0.9990000128746033,0.9886999726295471
YHR069C,YPL237W,0,-6.800583,0.09176081418991089,0.9990000128746033,0.9887999892234802
YHR170W,YGR090W,0,-6.8024344,0.09175238758325577,0.9990000128746033,0.9889000058174133
YLR342W,YPL012W,0,-6.8084707,0.09174396097660065,0.9990000128746033,0.9890000224113464
YAL059W,YBR172C,0,-6.8090706,0.09173553436994553,0.9990000128746033,0.9890999794006348
YBR234C,YMR072W,0,-6.8158927,0.091727115213871,0.9990000128746033,0.9891999959945679
YDR077W,YER120W,0,-6.8167295,0.09171869605779648,0.9990000128746033,0.989300012588501
YPL146C,YMR146C,0,-6.819684,0.09171026945114136,0.9990000128746033,0.9894000291824341
YAL059W,YLR249W,0,-6.8347836,0.09170185774564743,0.9990000128746033,0.9894999861717224
YNL323W,YKR066C,0,-6.8532815,0.0916934385895729,0.9990000128746033,0.9896000027656555
YKL146W,YML110C,0,-6.859358,0.09168501943349838,0.9990000128746033,0.9897000193595886
YBR265W,YML123C,0,-6.869953,0.09167660772800446,0.9990000128746033,0.989799976348877
YDR077W,YKL007W,0,-6.887582,0.09166819602251053,0.9990000128746033,0.9898999929428101
YGR095C,YGL105W,0,-6.8974094,0.0916597843170166,0.9990000128746033,0.9900000095367432
YAL059W,YDR429C,0,-6.8980904,0.09165137261152267,0.9990000128746033,0.9901000261306763
YMR022W,YAL031C,0,-6.9022202,0.09164296835660934,0.9990000128746033,0.9901999831199646
YMR241W,YOR355W,0,-6.9144335,0.09163456410169601,0.9990000128746033,0.9902999997138977
YGR157W,YDR077W,0,-6.9198914,0.09162615984678268,0.9990000128746033,0.9904000163078308
YJL148W,YPR187W,0,-6.9236813,0.09161775559186935,0.9990000128746033,0.9904999732971191
YGR162W,YLR222C,0,-6.92418,0.09160935133695602,0.9990000128746033,0.9905999898910522
YER125W,YIL125W,0,-6.934458,0.09160095453262329,0.9990000128746033,0.9907000064849854
YHR066W,YJL033W,0,-6.945292,0.09159255772829056,0.9990000128746033,0.9908000230789185
YLR293C,YAL023C,0,-6.946335,0.09158416092395782,0.9990000128746033,0.9908999800682068
YNR013C,YPL234C,0,-6.949737,0.09157576411962509,0.9990000128746033,0.9909999966621399
YOR340C,YLR340W,0,-6.9613876,0.09156736731529236,0.9990000128746033,0.991100013256073
YNL241C,YKL117W,0,-6.967437,0.09155897796154022,0.9990000128746033,0.9911999702453613
YKL172W,YOL124C,0,-6.971759,0.09155058860778809,0.9990000128746033,0.9912999868392944
YDR120C,YHR085W,0,-6.9724665,0.09154219925403595,0.9990000128746033,0.9914000034332275
YPR113W,YMR276W,0,-6.9752016,0.09153380990028381,0.9990000128746033,0.9915000200271606
YOR272W,YPL212C,0,-6.9863505,0.09152542054653168,0.9990000128746033,0.991599977016449
YJL133W,YBR121C,0,-6.998316,0.09151703864336014,0.9990000128746033,0.9916999936103821
YBR002C,YHR085W,0,-7.0095634,0.0915086567401886,0.9990000128746033,0.9918000102043152
YLR222C,YPR163C,0,-7.018862,0.09150027483701706,0.9990000128746033,0.9919000267982483
YBR072W,YOR173W,0,-7.0548086,0.09149189293384552,0.9990000128746033,0.9919999837875366
YKR085C,YBL090W,0,-7.058146,0.09148351848125458,0.9990000128746033,0.9921000003814697
YPL237W,YKL120W,0,-7.068615,0.09147513657808304,0.9990000128746033,0.9922000169754028
YEL031W,YER122C,0,-7.1070824,0.0914667621254921,0.9990000128746033,0.9922999739646912
YMR296C,YLR196W,0,-7.1137924,0.09145838767290115,0.9990000128746033,0.9923999905586243
YBR142W,YLR249W,0,-7.117815,0.09145002067089081,0.9990000128746033,0.9925000071525574
YNR013C,YOR079C,0,-7.1236567,0.09144164621829987,0.9990000128746033,0.9926000237464905
YNR013C,YLR197W,0,-7.1518507,0.09143327921628952,0.9990000128746033,0.9926999807357788
YNL153C,YMR049C,0,-7.155232,0.09142491221427917,0.9990000128746033,0.9927999973297119
YBR037C,YML048W,0,-7.157103,0.09141654521226883,0.9990000128746033,0.992900013923645
YBR002C,YDR310C,0,-7.189556,0.09140817821025848,0.9990000128746033,0.9929999709129333
YKR066C,YDL019C,0,-7.208992,0.09139981865882874,0.9990000128746033,0.9930999875068665
YNL219C,YBR234C,0,-7.2135553,0.09139145910739899,0.9990000128746033,0.9932000041007996
YER072W,YLR186W,0,-7.217932,0.09138309210538864,0.9990000128746033,0.9933000206947327
YMR149W,YOL142W,0,-7.2235713,0.09137474000453949,0.9990000128746033,0.993399977684021
YMR149W,YJR007W,0,-7.2265306,0.09136638045310974,0.9990000128746033,0.9934999942779541
YNL280C,YMR272C,0,-7.228057,0.09135802835226059,0.9990000128746033,0.9936000108718872
YBR154C,YOR281C,0,-7.2283487,0.09134966880083084,0.9990000128746033,0.9937000274658203
YPL043W,YBR084W,0,-7.2326555,0.09134131669998169,0.9990000128746033,0.9937999844551086
YOR332W,YLR229C,0,-7.234828,0.09133296459913254,0.9990000128746033,0.9939000010490417
YCL052C,YFR052W,0,-7.248557,0.09132461994886398,0.9990000128746033,0.9940000176429749
YOR224C,YPR163C,0,-7.2638464,0.09131626784801483,0.9990000128746033,0.9940999746322632
YDR148C,YPR036W,0,-7.2697563,0.09130792319774628,0.9990000128746033,0.9941999912261963
YDR077W,YOL016C,0,-7.269894,0.09129957854747772,0.9990000128746033,0.9943000078201294
YHR197W,YMR229C,0,-7.2839503,0.09129123389720917,0.9990000128746033,0.9944000244140625
YFR024C-A,YOR261C,0,-7.284359,0.09128289669752121,0.9990000128746033,0.9944999814033508
YIL065C,YDL007W,0,-7.284807,0.09127455204725266,0.9990000128746033,0.9945999979972839
YHR019C,YPL266W,0,-7.287327,0.0912662148475647,0.9990000128746033,0.994700014591217
YMR128W,YJR070C,0,-7.334058,0.09125787764787674,0.9990000128746033,0.9947999715805054
YBR002C,YPL101W,0,-7.353551,0.09124954044818878,0.9990000128746033,0.9948999881744385
YJL198W,YJR069C,0,-7.36268,0.09124121069908142,0.9990000128746033,0.9950000047683716
YGL029W,YPL086C,0,-7.3654466,0.09123287349939346,0.9990000128746033,0.9951000213623047
YLR186W,YDL208W,0,-7.3971853,0.0912245437502861,0.9990000128746033,0.995199978351593
YJL148W,YGR128C,0,-7.399082,0.09121621400117874,0.9990000128746033,0.9952999949455261
YPL086C,YMR260C,0,-7.4048204,0.09120789170265198,0.9990000128746033,0.9954000115394592
YMR200W,YIL063C,0,-7.416347,0.09119956195354462,0.9990000128746033,0.9955000281333923
YNL156C,YKL150W,0,-7.4192615,0.09119123965501785,0.9990000128746033,0.9955999851226807
YNL292W,YBR084W,0,-7.426891,0.09118290990591049,0.9990000128746033,0.9957000017166138
YGR191W,YOR204W,0,-7.432606,0.09117459505796432,0.9990000128746033,0.9958000183105469
YGR086C,YDR231C,0,-7.4362144,0.09116627275943756,0.9990000128746033,0.9958999752998352
YPL211W,YPL160W,0,-7.4409246,0.0911579504609108,0.9990000128746033,0.9959999918937683
YGR245C,YHR066W,0,-7.4944205,0.09114963561296463,0.9990000128746033,0.9961000084877014
YHR069C,YHR085W,0,-7.5127563,0.09114132076501846,0.9990000128746033,0.9962000250816345
YDR312W,YOR361C,0,-7.559473,0.0911330059170723,0.9990000128746033,0.9962999820709229
YMR239C,YKR025W,0,-7.5747347,0.09112469106912613,0.9990000128746033,0.996399998664856
YOR145C,YJL033W,0,-7.591555,0.09111638367176056,0.9990000128746033,0.9965000152587891
YKR085C,YDR337W,0,-7.5972548,0.09110806882381439,0.9990000128746033,0.9965999722480774
YGL171W,YER127W,0,-7.6061335,0.09109976142644882,0.9990000128746033,0.9966999888420105
YAL023C,YDL047W,0,-7.613962,0.09109145402908325,0.9990000128746033,0.9968000054359436
YEL002C,YNL177C,0,-7.6720285,0.09108315408229828,0.9990000128746033,0.9969000220298767
YJL198W,YPR041W,0,-7.6827517,0.09107484668493271,0.9990000128746033,0.996999979019165
YHR069C,YBR061C,0,-7.6919003,0.09106654673814774,0.9990000128746033,0.9970999956130981
YGR195W,YPL266W,0,-7.776558,0.09105824679136276,0.9990000128746033,0.9972000122070312
YOL080C,YNR053C,0,-7.7788863,0.09104994684457779,0.9990000128746033,0.9973000288009644
YGL226C-A,YLR448W,0,-7.79021,0.09104164689779282,0.9990000128746033,0.9973999857902527
YHR089C,YOR340C,0,-7.8009977,0.09103335440158844,0.9990000128746033,0.9975000023841858
YJL125C,YPL237W,0,-7.805043,0.09102505445480347,0.9990000128746033,0.9976000189781189
YDL060W,YDL201W,0,-7.8109913,0.09101676195859909,0.9990000128746033,0.9976999759674072
YFR050C,YBR173C,0,-7.8222704,0.09100846946239471,0.9990000128746033,0.9977999925613403
YDR148C,YDR284C,0,-7.8308673,0.09100018441677094,0.9990000128746033,0.9979000091552734
YKL150W,YDL078C,0,-7.834264,0.09099189192056656,0.9990000128746033,0.9980000257492065
YLR466W,YGR296W,1,-7.8348365,0.09107468277215958,1.0,0.9980000257492065
YCL052C,YKL085W,0,-7.862177,0.0910663902759552,1.0,0.9980999827384949
YDR284C,YPL087W,0,-7.8743734,0.09105809777975082,1.0,0.998199999332428
YLR409C,YDR398W,0,-7.9276967,0.09104980528354645,1.0,0.9983000159263611
YDR322C-A,YOR187W,0,-7.949937,0.09104151278734207,1.0,0.9983999729156494
YEL054C,YDR447C,0,-8.035691,0.09103322774171829,1.0,0.9984999895095825
YPL043W,YKR025W,0,-8.052147,0.09102494269609451,1.0,0.9986000061035156
YOR078W,YIR012W,0,-8.120939,0.09101665765047073,1.0,0.9987000226974487
YMR200W,YLR028C,0,-8.163095,0.09100837260484695,1.0,0.9987999796867371
YHR190W,YDR129C,0,-8.2113695,0.09100008755922318,1.0,0.9988999962806702
YHR170W,YNL061W,0,-8.269695,0.09099180996417999,1.0,0.9990000128746033
YOR272W,YMR229C,0,-8.297426,0.09098353236913681,1.0,0.9991000294685364
YER126C,YFL002C,0,-8.325556,0.09097525477409363,1.0,0.9991999864578247
YHR065C,YDL148C,0,-8.330255,0.09096697717905045,1.0,0.9993000030517578
YBR273C,YFR050C,0,-8.408436,0.09095870703458786,1.0,0.9994000196456909
YOR004W,YLR197W,0,-8.473992,0.09095042943954468,1.0,0.9994999766349792
YJL148W,YGR095C,0,-8.606605,0.09094215929508209,1.0,0.9995999932289124
YGR103W,YLR196W,0,-8.766492,0.0909338891506195,1.0,0.9997000098228455
YKR081C,YOR272W,0,-8.910475,0.09092562645673752,1.0,0.9998000264167786
YKR081C,YOR078W,0,-8.988651,0.09091735631227493,1.0,0.9998999834060669
YOR004W,YJL050W,0,-9.186843,0.09090909361839294,1.0,1.0
