Gene A,Gene B,Label,Score,Precision,Recall,False Positive Rate
YBR073W,YFL008W,1,-1.737226,1.0,0.0011614401591941714,0.0
YKL005C,YJL203W,0,-1.98966,0.5,0.0011614401591941714,0.00011614401591941714
YOR037W,YIL063C,0,-2.1328707,0.3333333432674408,0.0011614401591941714,0.00023228803183883429
YPL177C,YOR064C,0,-2.230224,0.25,0.0011614401591941714,0.00034843204775825143
YJL203W,YDR478W,0,-2.253327,0.20000000298023224,0.0011614401591941714,0.00046457606367766857
YBR278W,YDR460W,1,-2.2591896,0.3333333432674408,0.002322880318388343,0.00046457606367766857
YAL032C,YNR023W,0,-2.2824302,0.2857142984867096,0.002322880318388343,0.0005807200795970857
YDL017W,YAR008W,0,-2.3466365,0.25,0.002322880318388343,0.0006968640955165029
YDR386W,YDR460W,1,-2.3511531,0.3333333432674408,0.003484320593997836,0.0006968640955165029
YBR278W,YDL200C,1,-2.371641,0.4000000059604645,0.004645760636776686,0.0006968640955165029
YBR258C,YPL253C,0,-2.3935065,0.3636363744735718,0.004645760636776686,0.00081300811143592
YMR091C,YKL095W,0,-2.4255419,0.3333333432674408,0.004645760636776686,0.0009291521273553371
YOR144C,YMR224C,1,-2.4272053,0.38461539149284363,0.005807200912386179,0.0009291521273553371
YBR185C,YDR337W,0,-2.4515297,0.3571428656578064,0.005807200912386179,0.0010452962014824152
YDL175C,YNL311C,0,-2.4855459,0.3333333432674408,0.005807200912386179,0.0011614401591941714
YJR140C,YPR046W,0,-2.5049596,0.3125,0.005807200912386179,0.0012775842333212495
YFR028C,YNL304W,0,-2.5160394,0.29411765933036804,0.005807200912386179,0.0013937281910330057
YIL159W,YIL002C,0,-2.516753,0.2777777910232544,0.005807200912386179,0.0015098722651600838
YMR021C,YPR046W,0,-2.5184588,0.2631579041481018,0.005807200912386179,0.00162601622287184
YBL009W,YLR424W,0,-2.5290234,0.25,0.005807200912386179,0.001742160296998918
YLR127C,YLR431C,0,-2.5348887,0.2380952388048172,0.005807200912386179,0.0018583042547106743
YJL090C,YOR144C,1,-2.5384927,0.27272728085517883,0.006968641187995672,0.0018583042547106743
YML062C,YAL032C,0,-2.539033,0.260869562625885,0.006968641187995672,0.0019744483288377523
YOR144C,YPL153C,1,-2.5400107,0.2916666567325592,0.008130080997943878,0.0019744483288377523
YKL042W,YNL304W,0,-2.561302,0.2800000011920929,0.008130080997943878,0.0020905924029648304
YBR278W,YOL043C,1,-2.5660117,0.3076923191547394,0.009291521273553371,0.0020905924029648304
YJL154C,YER031C,0,-2.5768182,0.29629629850387573,0.009291521273553371,0.002206736244261265
YKL139W,YHR119W,0,-2.5835202,0.2857142984867096,0.009291521273553371,0.002322880318388343
YBR278W,YBR073W,1,-2.598492,0.3103448152542114,0.010452961549162865,0.002322880318388343
YBL009W,YDR208W,0,-2.6003292,0.30000001192092896,0.010452961549162865,0.002439024392515421
YNL088W,YJR102C,0,-2.6067817,0.29032257199287415,0.010452961549162865,0.002555168466642499
YGR033C,YDL058W,0,-2.6092896,0.28125,0.010452961549162865,0.002671312540769577
YGR262C,YGL003C,0,-2.6108615,0.27272728085517883,0.010452961549162865,0.0027874563820660114
YNR023W,YML098W,0,-2.6209195,0.2647058963775635,0.010452961549162865,0.0029036004561930895
YJR022W,YHR034C,0,-2.625414,0.2571428716182709,0.010452961549162865,0.0030197445303201675
YOL045W,YHR119W,0,-2.627834,0.25,0.010452961549162865,0.0031358886044472456
YOR171C,YOR172W,0,-2.6346443,0.2432432472705841,0.010452961549162865,0.00325203244574368
YBR211C,YPR025C,0,-2.6354542,0.2368421107530594,0.010452961549162865,0.003368176519870758
YPR025C,YLR268W,0,-2.6363099,0.23076923191547394,0.010452961549162865,0.003484320593997836
YBR278W,YMR201C,1,-2.6440792,0.25,0.011614401824772358,0.003484320593997836
YOR241W,YFR034C,0,-2.646693,0.24390244483947754,0.011614401824772358,0.003600464668124914
YPR025C,YOR322C,0,-2.6531851,0.2380952388048172,0.011614401824772358,0.0037166085094213486
YKL146W,YJR140C,0,-2.6583512,0.23255814611911774,0.011614401824772358,0.0038327525835484266
YBR278W,YNL136W,1,-2.6590502,0.25,0.012775842100381851,0.0038327525835484266
YBR278W,YDR180W,1,-2.6640813,0.2666666805744171,0.013937282375991344,0.0038327525835484266
YLR127C,YER075C,0,-2.6665757,0.260869562625885,0.013937282375991344,0.003948896657675505
YMR026C,YFR031C,0,-2.6726563,0.25531914830207825,0.013937282375991344,0.004065040498971939
YOL045W,YIL063C,0,-2.6748402,0.25,0.013937282375991344,0.004181184805929661
YGR227W,YPR095C,0,-2.6810386,0.2448979616165161,0.013937282375991344,0.004297328647226095
YER169W,YDR359C,1,-2.6851327,0.25999999046325684,0.015098722651600838,0.004297328647226095
YPR025C,YML049C,0,-2.6882455,0.2549019753932953,0.015098722651600838,0.00441347248852253
YDR478W,YHR084W,0,-2.691084,0.25,0.015098722651600838,0.004529616795480251
YGL003C,YKL139W,0,-2.691628,0.24528302252292633,0.015098722651600838,0.004645760636776686
YBR278W,YOR346W,1,-2.6976185,0.25925925374031067,0.016260161995887756,0.004645760636776686
YDR524C,YOR212W,0,-2.707887,0.2545454502105713,0.016260161995887756,0.004761904943734407
YKL112W,YDR460W,1,-2.7080567,0.2678571343421936,0.017421603202819824,0.004761904943734407
YDL087C,YAL043C,0,-2.7170637,0.2631579041481018,0.017421603202819824,0.004878048785030842
YDR480W,YHR119W,0,-2.7177997,0.2586206793785095,0.017421603202819824,0.004994192626327276
YBR129C,YML097C,0,-2.7204568,0.2542372941970825,0.017421603202819824,0.005110336933284998
YDR191W,YCR009C,0,-2.7259405,0.25,0.017421603202819824,0.005226480774581432
YDR386W,YMR201C,1,-2.7351482,0.26229506731033325,0.018583042547106743,0.005226480774581432
YPL153C,YBR073W,1,-2.7419477,0.27419355511665344,0.01974448375403881,0.005226480774581432
YJL090C,YML023C,1,-2.7523177,0.2857142984867096,0.02090592309832573,0.005226480774581432
YFL025C,YBR258C,0,-2.752581,0.28125,0.02090592309832573,0.005342625081539154
YML102W,YDR180W,1,-2.7535057,0.29230770468711853,0.022067364305257797,0.005342625081539154
YBR210W,YPL060W,0,-2.7540483,0.28787878155708313,0.022067364305257797,0.0054587689228355885
YGR003W,YAR008W,0,-2.756181,0.28358209133148193,0.022067364305257797,0.005574912764132023
YGR224W,YPR086W,0,-2.7613847,0.27941176295280457,0.022067364305257797,0.005691057071089745
YBR210W,YJL139C,0,-2.7626588,0.2753623127937317,0.022067364305257797,0.005807200912386179
YNL136W,YOR346W,1,-2.7646616,0.2857142984867096,0.023228803649544716,0.005807200912386179
YJL006C,YFR034C,0,-2.764776,0.28169015049934387,0.023228803649544716,0.005923344753682613
YML103C,YPL268W,0,-2.772607,0.2777777910232544,0.023228803649544716,0.006039489060640335
YDL200C,YDR386W,1,-2.7765563,0.2876712381839752,0.024390242993831635,0.006039489060640335
YKL005C,YJL006C,0,-2.7769692,0.28378379344940186,0.024390242993831635,0.0061556329019367695
YNL136W,YFL008W,1,-2.783465,0.2933333218097687,0.025551684200763702,0.0061556329019367695
YLR078C,YDL098C,0,-2.7842715,0.28947368264198303,0.025551684200763702,0.006271777208894491
YIL159W,YDR081C,0,-2.7870042,0.2857142984867096,0.025551684200763702,0.006387921050190926
YJR076C,YNL084C,0,-2.7878816,0.28205129504203796,0.025551684200763702,0.00650406489148736
YHR167W,YOR064C,0,-2.7937663,0.27848100662231445,0.025551684200763702,0.006620209198445082
YFR028C,YPL101W,0,-2.7974823,0.2750000059604645,0.025551684200763702,0.006736353039741516
YBR049C,YDR485C,0,-2.797746,0.2716049253940582,0.025551684200763702,0.0068524968810379505
YDR076W,YBR073W,1,-2.8021047,0.2804878056049347,0.02671312354505062,0.0068524968810379505
YER114C,YCL014W,0,-2.8021538,0.27710843086242676,0.02671312354505062,0.006968641187995672
YDR460W,YMR284W,1,-2.8023026,0.2857142984867096,0.02787456475198269,0.006968641187995672
YDL142C,YNL167C,0,-2.8023357,0.2823529541492462,0.02787456475198269,0.007084785029292107
YER114C,YOR319W,0,-2.804046,0.27906978130340576,0.02787456475198269,0.007200929336249828
YKL005C,YDR081C,0,-2.8099668,0.27586206793785095,0.02787456475198269,0.007317073177546263
YKL005C,YDR289C,0,-2.8106496,0.27272728085517883,0.02787456475198269,0.007433217018842697
YDR180W,YDR460W,1,-2.814964,0.2808988690376282,0.029036004096269608,0.007433217018842697
YDL200C,YDR180W,1,-2.8188746,0.2888889014720917,0.030197445303201675,0.007433217018842697
YDL088C,YJL203W,0,-2.8208296,0.2857142984867096,0.030197445303201675,0.007549361325800419
YNL136W,YBR073W,1,-2.8219156,0.29347825050354004,0.03135888651013374,0.007549361325800419
YKL112W,YDR386W,1,-2.8228433,0.301075279712677,0.03252032399177551,0.007549361325800419
YKL005C,YKL101W,0,-2.823842,0.2978723347187042,0.03252032399177551,0.007665505167096853
YBR278W,YPL153C,1,-2.8256052,0.3052631616592407,0.03368176519870758,0.007665505167096853
YIL159W,YPR072W,0,-2.8274198,0.3020833432674408,0.03368176519870758,0.007781649474054575
YOL063C,YDR485C,0,-2.8289025,0.2989690601825714,0.03368176519870758,0.00789779331535101
YPR134W,YDL128W,0,-2.8322706,0.29591837525367737,0.03368176519870758,0.008013937622308731
YGR227W,YGR033C,0,-2.8351405,0.2929292917251587,0.03368176519870758,0.008130080997943878
YPR188C,YOR106W,0,-2.8380992,0.28999999165534973,0.03368176519870758,0.0082462253049016
YMR224C,YDL042C,1,-2.8383236,0.2970297038555145,0.03484320640563965,0.0082462253049016
YNL032W,YKL079W,0,-2.8389792,0.29411765933036804,0.03484320640563965,0.008362369611859322
YDL080C,YCL063W,0,-2.8406432,0.291262149810791,0.03484320640563965,0.008478512987494469
YMR138W,YNR023W,0,-2.8407497,0.2884615361690521,0.03484320640563965,0.00859465729445219
YDR478W,YGR033C,0,-2.8416908,0.2857142984867096,0.03484320640563965,0.008710801601409912
YLR025W,YPR095C,0,-2.8421483,0.2830188572406769,0.03484320640563965,0.00882694497704506
YDR480W,YHR158C,0,-2.8458922,0.28037384152412415,0.03484320640563965,0.008943089284002781
YLR263W,YHR167W,0,-2.8473618,0.2777777910232544,0.03484320640563965,0.009059233590960503
YBR278W,YNL262W,1,-2.8503268,0.2844036817550659,0.036004647612571716,0.009059233590960503
YER169W,YLR005W,1,-2.8522453,0.290909081697464,0.037166085094213486,0.009059233590960503
YDR423C,YOR037W,0,-2.8527515,0.28828829526901245,0.037166085094213486,0.009175377897918224
YDR386W,YGR258C,1,-2.8531344,0.2946428656578064,0.038327526301145554,0.009175377897918224
YGL151W,YDR142C,0,-2.854346,0.29203540086746216,0.038327526301145554,0.009291521273553371
YHR158C,YBR231C,0,-2.8556478,0.28947368264198303,0.038327526301145554,0.009407665580511093
YJL203W,YPR094W,0,-2.855995,0.2869565188884735,0.038327526301145554,0.009523809887468815
YML102W,YDL042C,1,-2.8593643,0.2931034564971924,0.03948896750807762,0.009523809887468815
YPL153C,YLR005W,1,-2.8611634,0.29914531111717224,0.04065040498971939,0.009523809887468815
YMR162C,YBR218C,0,-2.8625696,0.29661017656326294,0.04065040498971939,0.009639953263103962
YGL175C,YDR460W,1,-2.8634427,0.3025210201740265,0.04181184619665146,0.009639953263103962
YJR076C,YML049C,0,-2.8640854,0.30000001192092896,0.04181184619665146,0.009756097570061684
YEL037C,YML032C,1,-2.8843193,0.3057851195335388,0.04297328740358353,0.009756097570061684
YJL111W,YKL173W,0,-2.8858407,0.30327868461608887,0.04297328740358353,0.009872241877019405
YIL128W,YMR224C,1,-2.8861527,0.30894309282302856,0.044134728610515594,0.009872241877019405
YOR036W,YAL032C,0,-2.886723,0.30645161867141724,0.044134728610515594,0.009988385252654552
YBR278W,YDR386W,1,-2.8868577,0.31200000643730164,0.045296166092157364,0.009988385252654552
YJR083C,YNL088W,0,-2.8919208,0.3095238208770752,0.045296166092157364,0.010104529559612274
YOR144C,YFL008W,1,-2.8938787,0.31496062874794006,0.04645760729908943,0.010104529559612274
YFL003C,YPL033C,0,-2.894249,0.3125,0.04645760729908943,0.010220673866569996
YDR386W,YDR076W,1,-2.8951833,0.3178294599056244,0.0476190485060215,0.010220673866569996
YJR076C,YNL304W,0,-2.8954017,0.3153846263885498,0.0476190485060215,0.010336817242205143
YDR081C,YJL154C,0,-2.895633,0.3129771053791046,0.0476190485060215,0.010452961549162865
YOR144C,YOL043C,1,-2.898126,0.3181818127632141,0.04878048598766327,0.010452961549162865
YBR065C,YMR076C,0,-2.8984468,0.31578946113586426,0.04878048598766327,0.010569105856120586
YBR211C,YKL095W,0,-2.8985536,0.31343284249305725,0.04878048598766327,0.010685250163078308
YER142C,YFL008W,1,-2.898945,0.3185185194015503,0.04994192719459534,0.010685250163078308
YJR076C,YOL069W,0,-2.8998249,0.31617647409439087,0.04994192719459534,0.010801393538713455
YKL197C,YKL034W,0,-2.9005837,0.31386861205101013,0.04994192719459534,0.010917537845671177
YLR381W,YHL009C,0,-2.913901,0.3115941882133484,0.04994192719459534,0.011033682152628899
YJR022W,YOL009C,0,-2.9151337,0.3093525171279907,0.04994192719459534,0.011149825528264046
YJL006C,YJR102C,0,-2.9156,0.30714285373687744,0.04994192719459534,0.011265969835221767
YDR386W,YBR087W,1,-2.9197052,0.3120567500591278,0.051103368401527405,0.011265969835221767
YDL087C,YLR026C,0,-2.924648,0.30985915660858154,0.051103368401527405,0.01138211414217949
YAL015C,YBR087W,1,-2.9259994,0.31468531489372253,0.05226480960845947,0.01138211414217949
YDR386W,YOL043C,1,-2.9273486,0.3194444477558136,0.05342624709010124,0.01138211414217949
YGL151W,YGR186W,0,-2.927428,0.317241370677948,0.05342624709010124,0.011498257517814636
YLR263W,YGR024C,0,-2.9276807,0.31506848335266113,0.05342624709010124,0.011614401824772358
YGL073W,YBR049C,0,-2.9291742,0.31292515993118286,0.05342624709010124,0.01173054613173008
YLR135W,YCL032W,0,-2.929566,0.31081080436706543,0.05342624709010124,0.011846689507365227
YDR480W,YOL108C,0,-2.9305713,0.3087248206138611,0.05342624709010124,0.011962833814322948
YJL090C,YMR106C,1,-2.9321594,0.31333333253860474,0.05458768829703331,0.011962833814322948
YOR099W,YJR010C-A,0,-2.9373696,0.3112582862377167,0.05458768829703331,0.01207897812128067
YLR078C,YNL084C,0,-2.9382503,0.30921053886413574,0.05458768829703331,0.012195121496915817
YDL008W,YJL154C,0,-2.9385307,0.30718955397605896,0.05458768829703331,0.012311265803873539
YML023C,YPL153C,1,-2.9408312,0.31168830394744873,0.05574912950396538,0.012311265803873539
YBR211C,YDR480W,0,-2.943242,0.3096774220466614,0.05574912950396538,0.01242741011083126
YLR242C,YNL088W,0,-2.9441667,0.3076923191547394,0.05574912950396538,0.012543554417788982
YCL014W,YDR013W,0,-2.9453707,0.30573248863220215,0.05574912950396538,0.01265969779342413
YFR013W,YNL154C,0,-2.9465902,0.3037974536418915,0.05574912950396538,0.012775842100381851
YLR078C,YOL045W,0,-2.9491937,0.30188679695129395,0.05574912950396538,0.012891986407339573
YNR026C,YHR167W,0,-2.9519253,0.30000001192092896,0.05574912950396538,0.01300812978297472
YKL025C,YER169W,1,-2.951936,0.30434781312942505,0.056910570710897446,0.01300812978297472
YKL197C,YJR010C-A,0,-2.9520462,0.3024691343307495,0.056910570710897446,0.013124274089932442
YHR158C,YBR049C,0,-2.9557369,0.30061349272727966,0.056910570710897446,0.013240418396890163
YLR007W,YBR073W,1,-2.9572947,0.3048780560493469,0.058072008192539215,0.013240418396890163
YLR431C,YAR008W,0,-2.9604928,0.3030303120613098,0.058072008192539215,0.01335656177252531
YDR386W,YER169W,1,-2.9627414,0.3072289228439331,0.05923344939947128,0.01335656177252531
YER068W,YGR202C,0,-2.964382,0.3053892254829407,0.05923344939947128,0.013472706079483032
YNL032W,YGR059W,0,-2.9653943,0.3035714328289032,0.05923344939947128,0.013588850386440754
YML102W,YOR144C,1,-2.9657612,0.3076923191547394,0.06039489060640335,0.013588850386440754
YKR086W,YDL150W,0,-2.9662478,0.30588236451148987,0.06039489060640335,0.013704993762075901
YDR480W,YMR197C,0,-2.9663594,0.3040935695171356,0.06039489060640335,0.013821138069033623
YJR140C,YDL154W,0,-2.9665477,0.302325576543808,0.06039489060640335,0.013937282375991344
YMR047C,YFR052W,0,-2.9668167,0.3005780279636383,0.06039489060640335,0.014053426682949066
YDR180W,YLR005W,1,-2.9688585,0.3045977056026459,0.06155632808804512,0.014053426682949066
YPL153C,YDR460W,1,-2.9694505,0.3085714280605316,0.06271777302026749,0.014053426682949066
YBR258C,YGR033C,0,-2.9697318,0.3068181872367859,0.06271777302026749,0.014169570058584213
YER169W,YMR106C,1,-2.969895,0.31073445081710815,0.06387920677661896,0.014169570058584213
YJL090C,YLR007W,1,-2.971569,0.31460675597190857,0.06504064798355103,0.014169570058584213
YDR207C,YDL235C,0,-2.973691,0.31284916400909424,0.06504064798355103,0.014285714365541935
YOR346W,YDR460W,1,-2.9750955,0.3166666626930237,0.0662020891904831,0.014285714365541935
YHR160C,YHR150W,0,-2.9756587,0.31491711735725403,0.0662020891904831,0.014401858672499657
YKL139W,YOR212W,0,-2.9761946,0.3131868243217468,0.0662020891904831,0.014518002048134804
YJR083C,YKL173W,0,-2.97899,0.31147539615631104,0.0662020891904831,0.014634146355092525
YCL055W,YCL063W,0,-2.9800475,0.30978259444236755,0.0662020891904831,0.014750290662050247
YBL080C,YNL311C,0,-2.980535,0.3081081211566925,0.0662020891904831,0.014866434037685394
YIL131C,YDR515W,0,-2.981624,0.30645161867141724,0.0662020891904831,0.014982578344643116
YOL043C,YBR073W,1,-2.985593,0.31016042828559875,0.06736353039741516,0.014982578344643116
YOR144C,YLR005W,1,-2.9877338,0.31382977962493896,0.06852497160434723,0.014982578344643116
YNL039W,YNL118C,0,-2.989746,0.31216931343078613,0.06852497160434723,0.015098722651600838
YPL269W,YNL222W,0,-2.9901023,0.3105263113975525,0.06852497160434723,0.015214866027235985
YPL192C,YPL151C,0,-2.9907277,0.30890053510665894,0.06852497160434723,0.015331010334193707
YBR211C,YOR329C,0,-2.9911175,0.3072916567325592,0.06852497160434723,0.015447154641151428
YPR057W,YBR275C,0,-2.992783,0.3056994676589966,0.06852497160434723,0.01556329894810915
YDR208W,YPL190C,0,-2.993521,0.3041236996650696,0.06852497160434723,0.01567944325506687
YJL203W,YML049C,0,-2.993531,0.3025641143321991,0.06852497160434723,0.01579558663070202
YDR386W,YPL153C,1,-2.9944403,0.30612245202064514,0.0696864128112793,0.01579558663070202
YPR018W,YCR042C,0,-2.994634,0.3045685291290283,0.0696864128112793,0.015911730006337166
YBR275C,YKL095W,0,-2.9948957,0.3030303120613098,0.0696864128112793,0.016027875244617462
YMR224C,YPL153C,1,-2.9950757,0.3065326511859894,0.07084785401821136,0.016027875244617462
YDL008W,YCR042C,0,-3.0002763,0.3050000071525574,0.07084785401821136,0.01614401862025261
YKL112W,YBR278W,1,-3.001362,0.30845770239830017,0.07200929522514343,0.01614401862025261
YPR072W,YMR076C,0,-3.0019023,0.30693069100379944,0.07200929522514343,0.016260161995887756
YDL117W,YLR277C,0,-3.002885,0.3054187297821045,0.07200929522514343,0.016376307234168053
YNL282W,YER005W,0,-3.003445,0.30392158031463623,0.07200929522514343,0.0164924506098032
YKL197C,YOR149C,0,-3.0043828,0.30243903398513794,0.07200929522514343,0.016608593985438347
YML102W,YFL008W,1,-3.0045736,0.30582523345947266,0.0731707289814949,0.016608593985438347
YFL008W,YLR005W,1,-3.0061774,0.30917873978614807,0.07433217018842697,0.016608593985438347
YDR480W,YPR104C,0,-3.0067449,0.3076923191547394,0.07433217018842697,0.016724739223718643
YNL147W,YPR094W,0,-3.0073707,0.30622008442878723,0.07433217018842697,0.01684088259935379
YLR381W,YKR055W,0,-3.0085936,0.3047619163990021,0.07433217018842697,0.016957025974988937
YPL248C,YNL009W,0,-3.0086648,0.3033175468444824,0.07433217018842697,0.017073171213269234
YBR185C,YDL098C,0,-3.009833,0.30188679695129395,0.07433217018842697,0.01718931458890438
YJL090C,YMR224C,1,-3.0125043,0.30516430735588074,0.07549361139535904,0.01718931458890438
YKL173W,YDL080C,0,-3.0135467,0.3037383258342743,0.07549361139535904,0.017305457964539528
YKL025C,YNL262W,1,-3.0135937,0.3069767355918884,0.07665505260229111,0.017305457964539528
YOR249C,YDR013W,0,-3.0137258,0.3055555522441864,0.07665505260229111,0.017421603202819824
YLR135W,YJL154C,0,-3.013799,0.3041474521160126,0.07665505260229111,0.01753774657845497
YKL025C,YBR073W,1,-3.013872,0.30733945965766907,0.07781649380922318,0.01753774657845497
YER035W,YDR379W,0,-3.0143716,0.3059360682964325,0.07781649380922318,0.01765388995409012
YJR093C,YMR091C,0,-3.0150158,0.30454546213150024,0.07781649380922318,0.017770035192370415
YJL090C,YLR005W,1,-3.018761,0.3076923191547394,0.07897793501615524,0.017770035192370415
YDR181C,YBR231C,0,-3.0188348,0.30630630254745483,0.07897793501615524,0.017886178568005562
YDL088C,YFR028C,0,-3.018887,0.30493274331092834,0.07897793501615524,0.018002323806285858
YCL004W,YDL217C,0,-3.0196078,0.3035714328289032,0.07897793501615524,0.018118467181921005
YDR515W,YCL054W,0,-3.0206082,0.30222222208976746,0.07897793501615524,0.018234610557556152
YBR065C,YML015C,0,-3.0209765,0.3008849620819092,0.07897793501615524,0.01835075579583645
YDR076W,YDL042C,1,-3.0211222,0.303964763879776,0.08013937622308731,0.01835075579583645
YML102W,YNL262W,1,-3.0225174,0.3070175349712372,0.08130080997943878,0.01835075579583645
YPL242C,YBR275C,0,-3.022806,0.3056768476963043,0.08130080997943878,0.018466899171471596
YJL090C,YOL043C,1,-3.0228932,0.30869564414024353,0.08246225118637085,0.018466899171471596
YNL039W,YGL151W,0,-3.0242622,0.3073593080043793,0.08246225118637085,0.018583042547106743
YDR386W,YFL008W,1,-3.024265,0.3103448152542114,0.08362369239330292,0.018583042547106743
YJL006C,YDL058W,0,-3.0244691,0.30901288986206055,0.08362369239330292,0.01869918778538704
YHR150W,YBL093C,0,-3.0257986,0.3076923191547394,0.08362369239330292,0.018815331161022186
YLR127C,YHR167W,0,-3.0267425,0.3063829839229584,0.08362369239330292,0.018931474536657333
YFL011W,YPR155C,0,-3.0292172,0.3050847351551056,0.08362369239330292,0.01904761977493763
YNL136W,YIL128W,1,-3.0294492,0.3080168664455414,0.08478513360023499,0.01904761977493763
YJL203W,YDR202C,0,-3.0296538,0.3067227005958557,0.08478513360023499,0.019163763150572777
YNL027W,YDL058W,0,-3.0317485,0.3054393231868744,0.08478513360023499,0.019279906526207924
YOR144C,YBR073W,1,-3.0349605,0.3083333373069763,0.08594657480716705,0.019279906526207924
YOR322C,YEL051W,0,-3.0368085,0.30705395340919495,0.08594657480716705,0.01939605176448822
YHR158C,YLR277C,0,-3.0372448,0.3057851195335388,0.08594657480716705,0.019512195140123367
YBR211C,YKL034W,0,-3.0381305,0.30452674627304077,0.08594657480716705,0.019628338515758514
YHR158C,YJL203W,0,-3.0389545,0.30327868461608887,0.08594657480716705,0.01974448375403881
YBR278W,YHR099W,1,-3.0390947,0.30612245202064514,0.08710801601409912,0.01974448375403881
YDR163W,YIL063C,0,-3.039934,0.3048780560493469,0.08710801601409912,0.019860627129673958
YNL127W,YOR330C,0,-3.0417783,0.30364373326301575,0.08710801601409912,0.019976770505309105
YGL016W,YDL058W,0,-3.0436208,0.30241936445236206,0.08710801601409912,0.0200929157435894
YKL042W,YDR207C,0,-3.0439997,0.3012048304080963,0.08710801601409912,0.02020905911922455
YFL009W,YHR150W,0,-3.04427,0.30000001192092896,0.08710801601409912,0.020325202494859695
YNL136W,YPL153C,1,-3.0445473,0.3027888536453247,0.08826945722103119,0.020325202494859695
YLR394W,YJR102C,0,-3.0458732,0.30158731341362,0.08826945722103119,0.020441347733139992
YGL016W,YOL045W,0,-3.0461152,0.30039525032043457,0.08826945722103119,0.02055749110877514
YGL065C,YNL167C,0,-3.0476005,0.29921260476112366,0.08826945722103119,0.020673634484410286
YOL069W,YHR034C,0,-3.047757,0.2980392277240753,0.08826945722103119,0.020789779722690582
YEL037C,YDR460W,1,-3.0489187,0.30078125,0.08943089097738266,0.020789779722690582
YPR046W,YGL004C,0,-3.0495155,0.2996108829975128,0.08943089097738266,0.02090592309832573
YDR379W,YBL058W,0,-3.0530298,0.2984496057033539,0.08943089097738266,0.021022066473960876
YJL194W,YDL117W,0,-3.0555966,0.29729729890823364,0.08943089097738266,0.021138211712241173
YOR260W,YOR319W,0,-3.0562408,0.29615384340286255,0.08943089097738266,0.02125435508787632
YPR104C,YIL131C,0,-3.0578184,0.29501914978027344,0.08943089097738266,0.021370500326156616
YBR278W,YOR386W,1,-3.05799,0.2977099120616913,0.09059233218431473,0.021370500326156616
YMR224C,YBR087W,1,-3.0582163,0.30038022994995117,0.0917537733912468,0.021370500326156616
YOL045W,YNL222W,0,-3.0586252,0.29924243688583374,0.0917537733912468,0.021486643701791763
YPR104C,YOL066C,0,-3.0597823,0.2981131970882416,0.0917537733912468,0.02160278707742691
YBR278W,YFL008W,1,-3.0606332,0.30075186491012573,0.09291521459817886,0.02160278707742691
YCL016C,YDR485C,0,-3.0663717,0.2996254563331604,0.09291521459817886,0.021718932315707207
YML102W,YPL153C,1,-3.066676,0.302238792181015,0.09407665580511093,0.021718932315707207
YDR460W,YHR099W,1,-3.067684,0.30483272671699524,0.095238097012043,0.021718932315707207
YDR386W,YKL025C,1,-3.068012,0.307407408952713,0.09639953821897507,0.021718932315707207
YMR091C,YDR207C,0,-3.068629,0.30627307295799255,0.09639953821897507,0.021835075691342354
YPL151C,YAR008W,0,-3.070001,0.30514705181121826,0.09639953821897507,0.0219512190669775
YGR033C,YJL129C,0,-3.0702932,0.30402931571006775,0.09639953821897507,0.022067364305257797
YDR460W,YDR359C,1,-3.0703037,0.30656933784484863,0.09756097197532654,0.022067364305257797
YPR083W,YFR031C,0,-3.0703318,0.3054545521736145,0.09756097197532654,0.022183507680892944
YLR319C,YDL003W,0,-3.0714066,0.30434781312942505,0.09756097197532654,0.02229965105652809
YGR258C,YFL008W,1,-3.0715566,0.30685919523239136,0.0987224131822586,0.02229965105652809
YDL154W,YLR263W,0,-3.0733788,0.3057554066181183,0.0987224131822586,0.022415796294808388
YIR041W,YOR344C,0,-3.0735414,0.30465948581695557,0.0987224131822586,0.022531939670443535
YJR092W,YKL173W,0,-3.0741718,0.3035714328289032,0.0987224131822586,0.022648083046078682
YFL013C,YER008C,0,-3.0754907,0.30249109864234924,0.0987224131822586,0.02276422828435898
YBR210W,YBL105C,0,-3.0774038,0.3014184534549713,0.0987224131822586,0.022880371659994125
YLR381W,YGL192W,0,-3.0789752,0.30035334825515747,0.0987224131822586,0.022996515035629272
YGL003C,YGL124C,0,-3.0795305,0.2992957830429077,0.0987224131822586,0.02311266027390957
YNL136W,YDR386W,1,-3.0808043,0.3017543852329254,0.09988385438919067,0.02311266027390957
YGL092W,YJL025W,0,-3.0823357,0.30069929361343384,0.09988385438919067,0.023228803649544716
YMR153W,YGR229C,0,-3.0827265,0.299651563167572,0.09988385438919067,0.023344947025179863
YHR084W,YDL080C,0,-3.0839603,0.2986111044883728,0.09988385438919067,0.02346109226346016
YGR222W,YOR064C,0,-3.0842485,0.2975778579711914,0.09988385438919067,0.023577235639095306
YBR065C,YKR095W,0,-3.0850115,0.29655173420906067,0.09988385438919067,0.023693379014730453
YML023C,YNL262W,1,-3.085206,0.2989690601825714,0.10104529559612274,0.023693379014730453
YOR144C,YLR007W,1,-3.0878613,0.30136987566947937,0.10220673680305481,0.023693379014730453
YNL118C,YPR018W,0,-3.0882149,0.30034130811691284,0.10220673680305481,0.02380952425301075
YBR201W,YOR330C,0,-3.089103,0.29931971430778503,0.10220673680305481,0.023925667628645897
YNL136W,YAL015C,1,-3.0893347,0.30169492959976196,0.10336817800998688,0.023925667628645897
YJL090C,YOR217W,1,-3.0897112,0.30405405163764954,0.10452961921691895,0.023925667628645897
YIL159W,YDR498C,0,-3.089774,0.3030303120613098,0.10452961921691895,0.024041811004281044
YNL027W,YDR480W,0,-3.0923197,0.30201342701911926,0.10452961921691895,0.02415795624256134
YML062C,YFR052W,0,-3.092985,0.3010033369064331,0.10452961921691895,0.024274099618196487
YHR061C,YDL036C,0,-3.0940974,0.30000001192092896,0.10452961921691895,0.024390242993831635
YBR258C,YML093W,0,-3.0943692,0.29900333285331726,0.10452961921691895,0.02450638823211193
YIL128W,YOL043C,1,-3.09455,0.3013245165348053,0.10569106042385101,0.02450638823211193
YML049C,YDR310C,0,-3.0961642,0.3003300428390503,0.10569106042385101,0.024622531607747078
YOR144C,YGL175C,1,-3.0972526,0.30263158679008484,0.10685249418020248,0.024622531607747078
YOL063C,YOL031C,0,-3.0983365,0.3016393482685089,0.10685249418020248,0.024738676846027374
YBR278W,YMR284W,1,-3.098353,0.30392158031463623,0.10801393538713455,0.024738676846027374
YDR386W,YBR073W,1,-3.0992446,0.3061889111995697,0.10917537659406662,0.024738676846027374
YBR087W,YDR460W,1,-3.0996122,0.30844154953956604,0.11033681780099869,0.024738676846027374
YDR524C,YBL016W,0,-3.099715,0.30744338035583496,0.11033681780099869,0.02485482022166252
YOL043C,YGL175C,1,-3.1010025,0.3096774220466614,0.11149825900793076,0.02485482022166252
YPL268W,YOR307C,0,-3.1035879,0.3086816668510437,0.11149825900793076,0.02497096359729767
YJL111W,YPR046W,0,-3.1036,0.3076923191547394,0.11149825900793076,0.025087108835577965
YOR160W,YPR095C,0,-3.1036756,0.30670925974845886,0.11149825900793076,0.025203252211213112
YJR092W,YNL084C,0,-3.1039627,0.30573248863220215,0.11149825900793076,0.02531939558684826
YNL147W,YML049C,0,-3.1042671,0.3047619163990021,0.11149825900793076,0.025435540825128555
YHR119W,YKL042W,0,-3.1044643,0.3037974536418915,0.11149825900793076,0.025551684200763702
YOR329C,YNL154C,0,-3.105606,0.30283913016319275,0.11149825900793076,0.02566782757639885
YOL043C,YNL262W,1,-3.1059082,0.3050314486026764,0.11265970021486282,0.02566782757639885
YPR057W,YOL108C,0,-3.106609,0.3040752410888672,0.11265970021486282,0.025783972814679146
YNL136W,YMR224C,1,-3.107649,0.3062500059604645,0.11382114142179489,0.025783972814679146
YOR037W,YNL014W,0,-3.1085474,0.3052959442138672,0.11382114142179489,0.025900116190314293
YJR092W,YIR018W,0,-3.1085863,0.30434781312942505,0.11382114142179489,0.02601625956594944
YJR093C,YPR094W,0,-3.109098,0.3034055829048157,0.11382114142179489,0.026132404804229736
YGL098W,YJR102C,0,-3.1109605,0.3024691343307495,0.11382114142179489,0.026248548179864883
YER032W,YER028C,0,-3.1115203,0.30153846740722656,0.11382114142179489,0.02636469155550003
YDR301W,YMR153W,0,-3.1117396,0.30061349272727966,0.11382114142179489,0.026480836793780327
YEL037C,YFL008W,1,-3.1154258,0.302752286195755,0.11498257517814636,0.026480836793780327
YGL151W,YIL030C,0,-3.1156452,0.3018292784690857,0.11498257517814636,0.026596980169415474
YPL153C,YBR087W,1,-3.1157312,0.3039513826370239,0.11614401638507843,0.026596980169415474
YFL041W,YKL173W,0,-3.116166,0.3030303120613098,0.11614401638507843,0.02671312354505062
YFL003C,YJR110W,0,-3.1165662,0.3021148145198822,0.11614401638507843,0.026829268783330917
YDL200C,YLR005W,1,-3.1166914,0.3042168617248535,0.1173054575920105,0.026829268783330917
YOR144C,YML032C,1,-3.1168745,0.30630630254745483,0.11846689879894257,0.026829268783330917
YNL136W,YDR460W,1,-3.1173832,0.3083832263946533,0.11962834000587463,0.026829268783330917
YGR229C,YOR149C,0,-3.118376,0.3074626922607422,0.11962834000587463,0.026945412158966064
YHR169W,YIR041W,0,-3.1186893,0.306547611951828,0.11962834000587463,0.02706155553460121
YHR200W,YHR119W,0,-3.1187222,0.30563798546791077,0.11962834000587463,0.027177700772881508
YDL154W,YMR283C,0,-3.1204517,0.3047337234020233,0.11962834000587463,0.027293844148516655
YJL184W,YOR106W,0,-3.1211112,0.30383479595184326,0.11962834000587463,0.027409987524151802
YGR229C,YNL222W,0,-3.1214244,0.3029411733150482,0.11962834000587463,0.0275261327624321
YDL042C,YLR005W,1,-3.1215618,0.3049853444099426,0.1207897812128067,0.0275261327624321
YPR094W,YGR033C,0,-3.1218667,0.3040935695171356,0.1207897812128067,0.027642276138067245
YBR059C,YJL207C,0,-3.122018,0.30320701003074646,0.1207897812128067,0.027758419513702393
YLR007W,YDL042C,1,-3.1225975,0.30523255467414856,0.12195122241973877,0.027758419513702393
YJL090C,YER169W,1,-3.1229825,0.3072463870048523,0.12311265617609024,0.027758419513702393
YDR301W,YIL030C,0,-3.124876,0.30635836720466614,0.12311265617609024,0.02787456475198269
YBR152W,YKL018W,0,-3.1272771,0.30547550320625305,0.12311265617609024,0.027990708127617836
YIR005W,YOL045W,0,-3.1286504,0.3045977056026459,0.12311265617609024,0.028106853365898132
YLR329W,YJR102C,0,-3.1286607,0.30372491478919983,0.12311265617609024,0.02822299674153328
YBR278W,YGL175C,1,-3.1287522,0.30571427941322327,0.12427409738302231,0.02822299674153328
YGR227W,YOR087W,0,-3.1301086,0.30484330654144287,0.12427409738302231,0.028339140117168427
YOL049W,YBR275C,0,-3.1301908,0.30397728085517883,0.12427409738302231,0.028455285355448723
YKL112W,YOL043C,1,-3.1306403,0.30594900250434875,0.12543554604053497,0.028455285355448723
YNL026W,YER008C,0,-3.130867,0.3050847351551056,0.12543554604053497,0.02857142873108387
YOL043C,YDR180W,1,-3.1313746,0.3070422410964966,0.12659698724746704,0.02857142873108387
YKR055W,YBR258C,0,-3.131849,0.3061797618865967,0.12659698724746704,0.028687572106719017
YBR073W,YER169W,1,-3.1329873,0.30812326073646545,0.12775841355323792,0.028687572106719017
YNL262W,YBR073W,1,-3.1333325,0.31005585193634033,0.12891985476016998,0.028687572106719017
YPR057W,YGL151W,0,-3.1334388,0.3091922104358673,0.12891985476016998,0.028803717344999313
YPL209C,YAL043C,0,-3.1338954,0.3083333373069763,0.12891985476016998,0.02891986072063446
YNR075W,YER089C,0,-3.1367104,0.30747923254966736,0.12891985476016998,0.029036004096269608
YPL202C,YKL220C,0,-3.1378188,0.30662983655929565,0.12891985476016998,0.029152149334549904
YGR261C,YPR070W,0,-3.1379676,0.3057851195335388,0.12891985476016998,0.02926829271018505
YNL222W,YDR325W,0,-3.1382434,0.30494505167007446,0.12891985476016998,0.029384436085820198
YOR217W,YDR460W,1,-3.1409166,0.30684930086135864,0.13008129596710205,0.029384436085820198
YPR086W,YHL009C,0,-3.141703,0.3060109317302704,0.13008129596710205,0.029500581324100494
YMR138W,YNL323W,0,-3.1424453,0.30517712235450745,0.13008129596710205,0.02961672469973564
YFL017W-A,YNL304W,0,-3.143306,0.30434781312942505,0.13008129596710205,0.02973286807537079
YJL090C,YDL042C,1,-3.1438336,0.3062330484390259,0.13124273717403412,0.02973286807537079
YML103C,YLR240W,0,-3.1441,0.3054054081439972,0.13124273717403412,0.029849013313651085
YOR144C,YML023C,1,-3.1445355,0.3072776198387146,0.1324041783809662,0.029849013313651085
YBR211C,YDR276C,0,-3.1450481,0.30645161867141724,0.1324041783809662,0.029965156689286232
YDL154W,YMR091C,0,-3.1453278,0.30563002824783325,0.1324041783809662,0.03008130006492138
YJL008C,YLR116W,0,-3.1466043,0.30481284856796265,0.1324041783809662,0.030197445303201675
YHR034C,YNL222W,0,-3.1468265,0.30399999022483826,0.1324041783809662,0.030313588678836823
YHR150W,YBL050W,0,-3.1468487,0.30319148302078247,0.1324041783809662,0.03042973205447197
YBR234C,YOR221C,0,-3.1472874,0.3023872673511505,0.1324041783809662,0.030545877292752266
YDL098C,YBR240C,0,-3.1487958,0.30158731341362,0.1324041783809662,0.030662020668387413
YMR162C,YPL209C,0,-3.1501849,0.30079156160354614,0.1324041783809662,0.03077816404402256
YOR319W,YGL035C,0,-3.1502092,0.30000001192092896,0.1324041783809662,0.030894309282302856
YHR150W,YAL032C,0,-3.1511033,0.29921260476112366,0.1324041783809662,0.031010452657938004
YBR258C,YJL139C,0,-3.1520169,0.29842931032180786,0.1324041783809662,0.0311265978962183
YER075C,YOR212W,0,-3.1532495,0.29765012860298157,0.1324041783809662,0.031242741271853447
YOL108C,YAR008W,0,-3.1539335,0.296875,0.1324041783809662,0.03135888651013374
YER028C,YER001W,0,-3.154216,0.29610389471054077,0.1324041783809662,0.03147502988576889
YHR200W,YIL061C,0,-3.1542408,0.2953367829322815,0.1324041783809662,0.03159117326140404
YJL090C,YBR073W,1,-3.1543195,0.2971576154232025,0.13356561958789825,0.03159117326140404
YNL136W,YOR217W,1,-3.1544616,0.2989690601825714,0.13472706079483032,0.03159117326140404
YMR026C,YPR018W,0,-3.15651,0.2982005178928375,0.13472706079483032,0.031707316637039185
YCL016C,YMR005W,0,-3.1575081,0.2974359095096588,0.13472706079483032,0.03182346001267433
YER032W,YPR072W,0,-3.1579363,0.2966752052307129,0.13472706079483032,0.03193960338830948
YMR021C,YMR013C,0,-3.1580057,0.29591837525367737,0.13472706079483032,0.032055750489234924
YGL065C,YIL112W,0,-3.1587489,0.29516538977622986,0.13472706079483032,0.03217189386487007
YDR379W,YBL061C,0,-3.159437,0.29441624879837036,0.13472706079483032,0.03228803724050522
YPR057W,YBL050W,0,-3.1596282,0.2936708927154541,0.13472706079483032,0.032404180616140366
YDR163W,YAL009W,0,-3.1611526,0.2929292917251587,0.13472706079483032,0.03252032399177551
YDR040C,YKL173W,0,-3.1631467,0.29219144582748413,0.13472706079483032,0.03263646736741066
YLR025W,YOR172W,0,-3.1632206,0.29145729541778564,0.13472706079483032,0.032752614468336105
YMR224C,YGL175C,1,-3.164118,0.29323309659957886,0.1358885020017624,0.032752614468336105
YOL108C,YOR064C,0,-3.1653364,0.29249998927116394,0.1358885020017624,0.03286875784397125
YKL112W,YJL090C,1,-3.1658123,0.2942643463611603,0.13704994320869446,0.03286875784397125
YLR431C,YOR148C,0,-3.1665032,0.2935323417186737,0.13704994320869446,0.0329849012196064
YDL117W,YPR083W,0,-3.1689277,0.29280397295951843,0.13704994320869446,0.03310104459524155
YOR144C,YDR386W,1,-3.1702545,0.2945544421672821,0.13821138441562653,0.03310104459524155
YKL112W,YER169W,1,-3.1703515,0.29629629850387573,0.1393728256225586,0.03310104459524155
YPL101W,YMR021C,0,-3.1705468,0.29556649923324585,0.1393728256225586,0.033217187970876694
YCL014W,YOL009C,0,-3.1717348,0.2948403060436249,0.1393728256225586,0.03333333507180214
YMR224C,YBR073W,1,-3.1726248,0.2965686321258545,0.14053426682949066,0.03333333507180214
YDR208W,YLR277C,0,-3.1729686,0.2958435118198395,0.14053426682949066,0.033449478447437286
YOR005C,YDL042C,1,-3.1733568,0.29756098985671997,0.14169570803642273,0.033449478447437286
YBR278W,YLR007W,1,-3.1738608,0.29927006363868713,0.1428571492433548,0.033449478447437286
YGL003C,YLR193C,0,-3.1739333,0.29854369163513184,0.1428571492433548,0.033565621823072433
YDR423C,YIL030C,0,-3.1740606,0.2978208363056183,0.1428571492433548,0.03368176519870758
YCL014W,YMR026C,0,-3.1741235,0.2971014380455017,0.1428571492433548,0.03379790857434273
YLR319C,YML114C,0,-3.1741898,0.2963855564594269,0.1428571492433548,0.033914051949977875
YDR202C,YPR182W,0,-3.1754405,0.29567307233810425,0.1428571492433548,0.03403019905090332
YLR263W,YML049C,0,-3.1761248,0.2949640154838562,0.1428571492433548,0.03414634242653847
YFR028C,YCL016C,0,-3.1761575,0.29425838589668274,0.1428571492433548,0.034262485802173615
YDL098C,YLR262C,0,-3.176172,0.2935560941696167,0.1428571492433548,0.03437862917780876
YMR225C,YDR478W,0,-3.176662,0.2928571403026581,0.1428571492433548,0.03449477255344391
YPL153C,YGL175C,1,-3.178027,0.294536828994751,0.14401859045028687,0.03449477255344391
YKL146W,YNR015W,0,-3.1786737,0.29383885860443115,0.14401859045028687,0.034610915929079056
YDL006W,YHR119W,0,-3.178686,0.29314419627189636,0.14401859045028687,0.0347270630300045
YFL023W,YML062C,0,-3.1796322,0.2924528419971466,0.14401859045028687,0.03484320640563965
YPL153C,YDR076W,1,-3.1812747,0.29411765933036804,0.14518001675605774,0.03484320640563965
YDR480W,YBL080C,0,-3.181461,0.2934272289276123,0.14518001675605774,0.034959349781274796
YBR211C,YDL036C,0,-3.1822734,0.2927400469779968,0.14518001675605774,0.03507549315690994
YDL042C,YFL008W,1,-3.1831272,0.29439252614974976,0.1463414579629898,0.03507549315690994
YML062C,YGR063C,0,-3.1838057,0.2937062978744507,0.1463414579629898,0.03519163653254509
YLL015W,YMR109W,0,-3.1839914,0.2930232584476471,0.1463414579629898,0.03530777990818024
YJL065C,YHR034C,0,-3.184212,0.2923433780670166,0.1463414579629898,0.03542392700910568
YBL102W,YEL004W,0,-3.1847713,0.2916666567325592,0.1463414579629898,0.03554007038474083
YBL026W,YJR102C,0,-3.1852074,0.2909930646419525,0.1463414579629898,0.03565621376037598
YOR005C,YDL200C,1,-3.185818,0.2926267385482788,0.14750289916992188,0.03565621376037598
YGL124C,YLR425W,0,-3.185908,0.29195401072502136,0.14750289916992188,0.035772357136011124
YER114C,YDL080C,0,-3.1877406,0.2912844121456146,0.14750289916992188,0.03588850051164627
YDR386W,YNL262W,1,-3.187822,0.29290616512298584,0.14866434037685394,0.03588850051164627
YGL124C,YMR076C,0,-3.1881788,0.29223743081092834,0.14866434037685394,0.036004647612571716
YLR215C,YBR231C,0,-3.1884034,0.2915717661380768,0.14866434037685394,0.03612079098820686
YNL136W,YEL037C,1,-3.1885402,0.29318180680274963,0.149825781583786,0.03612079098820686
YDR515W,YMR197C,0,-3.1886146,0.2925170063972473,0.149825781583786,0.03623693436384201
YMR201C,YER169W,1,-3.1892517,0.29411765933036804,0.15098722279071808,0.03623693436384201
YMR052W,YML015C,0,-3.189677,0.29345372319221497,0.15098722279071808,0.03635307773947716
YNL262W,YER169W,1,-3.1898987,0.29504504799842834,0.15214866399765015,0.03635307773947716
YJR022W,YGL124C,0,-3.1908777,0.2943820357322693,0.15214866399765015,0.036469221115112305
YMR026C,YJL203W,0,-3.1910298,0.2937219738960266,0.15214866399765015,0.03658536449074745
YKL139W,YIL008W,0,-3.1914551,0.2930648624897003,0.15214866399765015,0.0367015115916729
YPR086W,YHR012W,0,-3.1920626,0.2924107015132904,0.15214866399765015,0.036817654967308044
YOR160W,YKL055C,0,-3.1931899,0.2917594611644745,0.15214866399765015,0.03693379834294319
YCL014W,YCR044C,0,-3.193257,0.2911111116409302,0.15214866399765015,0.03704994171857834
YNL222W,YCL032W,0,-3.1938977,0.2904656231403351,0.15214866399765015,0.037166085094213486
YMR021C,YGR229C,0,-3.1954448,0.2898229956626892,0.15214866399765015,0.03728222846984863
YOR005C,YDR180W,1,-3.1956127,0.29139071702957153,0.15331010520458221,0.03728222846984863
YLR059C,YFR052W,0,-3.198899,0.2907488942146301,0.15331010520458221,0.03739837557077408
YNL127W,YNL167C,0,-3.1991858,0.29010990262031555,0.15331010520458221,0.037514518946409225
YNL312W,YFL008W,1,-3.1997707,0.2916666567325592,0.15447154641151428,0.037514518946409225
YFL017W-A,YKL095W,0,-3.2008398,0.2910284399986267,0.15447154641151428,0.03763066232204437
YDL008W,YKL079W,0,-3.2014177,0.29039302468299866,0.15447154641151428,0.03774680569767952
YPR182W,YMR089C,0,-3.2031431,0.2897603511810303,0.15447154641151428,0.03786294907331467
YML032C,YOR217W,1,-3.2047796,0.291304349899292,0.15563298761844635,0.03786294907331467
YHR150W,YLR135W,0,-3.205397,0.2906724512577057,0.15563298761844635,0.037979092448949814
YBR295W,YJR102C,0,-3.205724,0.29004329442977905,0.15563298761844635,0.03809523954987526
YCR042C,YOR106W,0,-3.2057488,0.2894168496131897,0.15563298761844635,0.038211382925510406
YOL108C,YOL069W,0,-3.2061355,0.2887931168079376,0.15563298761844635,0.038327526301145554
YGL065C,YOR037W,0,-3.2068536,0.28817203640937805,0.15563298761844635,0.0384436696767807
YJR092W,YPR070W,0,-3.2071054,0.2875536382198334,0.15563298761844635,0.03855981305241585
YDR301W,YHR023W,0,-3.2095082,0.2869378924369812,0.15563298761844635,0.038675956428050995
YJL203W,YDR363W-A,0,-3.211558,0.28632479906082153,0.15563298761844635,0.03879210352897644
YDL195W,YIL030C,0,-3.2137551,0.2857142984867096,0.15563298761844635,0.03890824690461159
YJL165C,YFR052W,0,-3.214257,0.2851063907146454,0.15563298761844635,0.039024390280246735
YPR020W,YMR138W,0,-3.214729,0.2845010757446289,0.15563298761844635,0.03914053365588188
YFL013C,YHR161C,0,-3.2160804,0.2838982939720154,0.15563298761844635,0.03925667703151703
YBR278W,YER142C,1,-3.2164469,0.2854122519493103,0.15679442882537842,0.03925667703151703
YPL242C,YFL036W,0,-3.216485,0.2848101258277893,0.15679442882537842,0.039372824132442474
YPL190C,YOR329C,0,-3.2165196,0.28421053290367126,0.15679442882537842,0.03948896750807762
YKR002W,YDR289C,0,-3.2166228,0.2836134433746338,0.15679442882537842,0.03960511088371277
YPR155C,YKL034W,0,-3.2175996,0.2830188572406769,0.15679442882537842,0.039721254259347916
YDR386W,YOR386W,1,-3.217619,0.284518837928772,0.15795587003231049,0.039721254259347916
YOR330C,YOL038W,0,-3.217985,0.2839248478412628,0.15795587003231049,0.03983739763498306
YNL039W,YFL023W,0,-3.218216,0.28333333134651184,0.15795587003231049,0.03995354101061821
YLR007W,YDR076W,1,-3.2198217,0.28482329845428467,0.15911731123924255,0.03995354101061821
YJL090C,YBR087W,1,-3.2204309,0.28630706667900085,0.16027875244617462,0.03995354101061821
YKL025C,YOR217W,1,-3.2206209,0.2877846658229828,0.1614401787519455,0.03995354101061821
YDR386W,YMR284W,1,-3.2209883,0.28925618529319763,0.16260161995887756,0.03995354101061821
YHR023W,YLR166C,0,-3.222173,0.2886597812175751,0.16260161995887756,0.040069688111543655
YLR319C,YJL065C,0,-3.2230184,0.2880658507347107,0.16260161995887756,0.0401858314871788
YGR230W,YIL131C,0,-3.2238367,0.2874743342399597,0.16260161995887756,0.04030197486281395
YPR025C,YDR021W,0,-3.2259972,0.28688523173332214,0.16260161995887756,0.0404181182384491
YAR008W,YHR012W,0,-3.2262456,0.28629857301712036,0.16260161995887756,0.040534261614084244
YMR029C,YBR275C,0,-3.2281988,0.2857142984867096,0.16260161995887756,0.04065040498971939
YLR166C,YMR013C,0,-3.2286642,0.28513237833976746,0.16260161995887756,0.040766552090644836
YDR276C,YOL031C,0,-3.2290776,0.28455284237861633,0.16260161995887756,0.040882695466279984
YIL159W,YNR006W,0,-3.2323143,0.28397566080093384,0.16260161995887756,0.04099883884191513
YHR160C,YNL131W,0,-3.2326891,0.2834008038043976,0.16260161995887756,0.04111498221755028
YNL053W,YLR147C,0,-3.232724,0.28282827138900757,0.16260161995887756,0.041231125593185425
YPL248C,YGR033C,0,-3.2329807,0.2822580635547638,0.16260161995887756,0.04134726896882057
YGR261C,YML015C,0,-3.2330477,0.28169015049934387,0.16260161995887756,0.04146341606974602
YDR205W,YNL167C,0,-3.2335556,0.2811245024204254,0.16260161995887756,0.041579559445381165
YLR381W,YHR187W,0,-3.2345994,0.2805611193180084,0.16260161995887756,0.04169570282101631
YHR160C,YNR023W,0,-3.2350442,0.2800000011920929,0.16260161995887756,0.04181184619665146
YBR073W,YDR460W,1,-3.2354877,0.28143712878227234,0.16376306116580963,0.04181184619665146
YOR307C,YNR023W,0,-3.235697,0.280876487493515,0.16376306116580963,0.041927989572286606
YMR073C,YGR129W,0,-3.2368655,0.28031808137893677,0.16376306116580963,0.04204413294792175
YGL143C,YKL034W,0,-3.2368667,0.2797619104385376,0.16376306116580963,0.0421602800488472
YMR047C,YBL080C,0,-3.237235,0.27920791506767273,0.16376306116580963,0.042276423424482346
YJL207C,YPL151C,0,-3.2376435,0.27865612506866455,0.16376306116580963,0.04239256680011749
YKL173W,YDL170W,0,-3.2379277,0.2781065106391907,0.16376306116580963,0.04250871017575264
YKL146W,YIL109C,0,-3.2380068,0.2775590419769287,0.16376306116580963,0.04262485355138779
YKL025C,YDL042C,1,-3.2411964,0.2789783775806427,0.1649245023727417,0.04262485355138779
YPL153C,YFL008W,1,-3.2413504,0.2803921699523926,0.16608594357967377,0.04262485355138779
YDR515W,YHR084W,0,-3.2415357,0.27984344959259033,0.16608594357967377,0.04274100065231323
YHR169W,YDR515W,0,-3.242309,0.279296875,0.16608594357967377,0.04285714402794838
YKR055W,YMR283C,0,-3.2434149,0.2787524461746216,0.16608594357967377,0.04297328740358353
YIL128W,YMR201C,1,-3.243718,0.28015562891960144,0.16724738478660583,0.04297328740358353
YDL200C,YDR460W,1,-3.243779,0.28155338764190674,0.1684088259935379,0.04297328740358353
YOR037W,YHR124W,0,-3.244664,0.2810077667236328,0.1684088259935379,0.043089430779218674
YLR127C,YMR091C,0,-3.2449155,0.28046420216560364,0.1684088259935379,0.04320557415485382
YPL268W,YJR010C-A,0,-3.2453659,0.2799227833747864,0.1684088259935379,0.04332171753048897
YKL112W,YDL200C,1,-3.2454154,0.28131020069122314,0.16957026720046997,0.04332171753048897
YDR301W,YPL253C,0,-3.2458818,0.2807692289352417,0.16957026720046997,0.04343786463141441
YPL153C,YNL312W,1,-3.2462716,0.28214970231056213,0.17073170840740204,0.04343786463141441
YBR231C,YCR060W,0,-3.2467854,0.2816092073917389,0.17073170840740204,0.04355400800704956
YDL079C,YDR207C,0,-3.2493768,0.281070739030838,0.17073170840740204,0.04367015138268471
YGL190C,YGL098W,0,-3.2495506,0.2805343568325043,0.17073170840740204,0.043786294758319855
YPR095C,YKL034W,0,-3.2507179,0.2800000011920929,0.17073170840740204,0.043902438133955
YLR078C,YNL068C,0,-3.2511234,0.2794676721096039,0.17073170840740204,0.04401858150959015
YOR005C,YDR386W,1,-3.2511456,0.2808349132537842,0.1718931496143341,0.04401858150959015
YPR070W,YNL070W,0,-3.2520325,0.280303031206131,0.1718931496143341,0.044134728610515594
YBL009W,YEL004W,0,-3.252259,0.27977314591407776,0.1718931496143341,0.04425087198615074
YCR009C,YMR214W,0,-3.2533119,0.2792452871799469,0.1718931496143341,0.04436701536178589
YHR061C,YDR181C,0,-3.253687,0.27871939539909363,0.1718931496143341,0.044483158737421036
YGR041W,YLR263W,0,-3.2541335,0.27819550037384033,0.1718931496143341,0.04459930211305618
YDR301W,YEL004W,0,-3.2542632,0.27767354249954224,0.1718931496143341,0.04471544548869133
YMR224C,YDR460W,1,-3.254838,0.27902621030807495,0.17305459082126617,0.04471544548869133
YBL047C,YPL269W,0,-3.2549279,0.2785046696662903,0.17305459082126617,0.044831592589616776
YCR038C,YMR225C,0,-3.2555938,0.2779850661754608,0.17305459082126617,0.04494773596525192
YKL146W,YKL042W,0,-3.255716,0.27746739983558655,0.17305459082126617,0.04506387934088707
YEL016C,YDL225W,0,-3.2564752,0.2769516706466675,0.17305459082126617,0.04518002271652222
YBR049C,YML049C,0,-3.2566519,0.2764378488063812,0.17305459082126617,0.045296166092157364
YJL090C,YKL025C,1,-3.256787,0.2777777910232544,0.17421603202819824,0.045296166092157364
YNL027W,YKL042W,0,-3.257538,0.2772643268108368,0.17421603202819824,0.04541230946779251
YJL111W,YKR008W,0,-3.2580934,0.276752769947052,0.17421603202819824,0.04552845656871796
YLR078C,YIL131C,0,-3.2583742,0.27624309062957764,0.17421603202819824,0.045644599944353104
YMR029C,YPR032W,0,-3.258423,0.2757352888584137,0.17421603202819824,0.04576074331998825
YDR425W,YGR033C,0,-3.2586105,0.2752293646335602,0.17421603202819824,0.0458768866956234
YNL282W,YLR424W,0,-3.2603137,0.2747252881526947,0.17421603202819824,0.045993030071258545
YCR083W,YOR064C,0,-3.2609508,0.2742230296134949,0.17421603202819824,0.04610917717218399
YBR210W,YJL128C,0,-3.2613199,0.2737226188182831,0.17421603202819824,0.04622532054781914
YJR150C,YKL212W,0,-3.261824,0.2732240557670593,0.17421603202819824,0.046341463923454285
YMR109W,YOR329C,0,-3.262131,0.27272728085517883,0.17421603202819824,0.04645760729908943
YDL175C,YMR047C,0,-3.2627065,0.2722322940826416,0.17421603202819824,0.04657375067472458
YOR322C,YGL124C,0,-3.2632363,0.27173912525177,0.17421603202819824,0.046689894050359726
YGR129W,YJR102C,0,-3.2635503,0.2712477445602417,0.17421603202819824,0.04680604115128517
YBR073W,YDL042C,1,-3.2659671,0.2725631892681122,0.1753774732351303,0.04680604115128517
YNL136W,YNL262W,1,-3.2669847,0.27387386560440063,0.17653891444206238,0.04680604115128517
YNL210W,YKL042W,0,-3.2671125,0.2733812928199768,0.17653891444206238,0.04692218452692032
YMR224C,YDR076W,1,-3.268007,0.2746858298778534,0.17770035564899445,0.04692218452692032
YNL118C,YAL043C,0,-3.2686477,0.27419355511665344,0.17770035564899445,0.047038327902555466
YKL025C,YGR258C,1,-3.2689188,0.27549195289611816,0.17886178195476532,0.047038327902555466
YNL268W,YDL170W,0,-3.2691739,0.2750000059604645,0.17886178195476532,0.04715447127819061
YDL217C,YKL095W,0,-3.2694123,0.27450981736183167,0.17886178195476532,0.04727061465382576
YIL036W,YGL013C,0,-3.2696087,0.27402135729789734,0.17886178195476532,0.04738675802946091
YCL027W,YDR310C,0,-3.2699914,0.2735346257686615,0.17886178195476532,0.04750290513038635
YIL109C,YDR310C,0,-3.2703617,0.27304965257644653,0.17886178195476532,0.0476190485060215
YLR007W,YOL043C,1,-3.2712338,0.2743362784385681,0.1800232231616974,0.0476190485060215
YNL027W,YKL018W,0,-3.272474,0.273851603269577,0.1800232231616974,0.04773519188165665
YER075C,YPR086W,0,-3.2730663,0.27336859703063965,0.1800232231616974,0.047851335257291794
YPL202C,YPR018W,0,-3.2733727,0.27288731932640076,0.1800232231616974,0.04796747863292694
YNL039W,YBR038W,0,-3.2736259,0.27240774035453796,0.1800232231616974,0.04808362200856209
YMR201C,YDR460W,1,-3.2752554,0.27368420362472534,0.18118466436862946,0.04808362200856209
YLR007W,YOR346W,1,-3.2754102,0.27495622634887695,0.18234610557556152,0.04808362200856209
YOR144C,YKL025C,1,-3.276213,0.2762237787246704,0.1835075467824936,0.04808362200856209
YKL101W,YNL032W,0,-3.2766702,0.27574169635772705,0.1835075467824936,0.048199769109487534
YDR174W,YBR273C,0,-3.276686,0.2752613127231598,0.1835075467824936,0.04831591248512268
YDR191W,YMR270C,0,-3.277383,0.27478259801864624,0.1835075467824936,0.04843205586075783
YOL009C,YMR197C,0,-3.2783377,0.2743055522441864,0.1835075467824936,0.048548199236392975
YNL164C,YDR207C,0,-3.2788718,0.2738301455974579,0.1835075467824936,0.04866434261202812
YBL080C,YAL032C,0,-3.2796543,0.2733564078807831,0.1835075467824936,0.04878048598766327
YGR229C,YGR129W,0,-3.2807868,0.2728842794895172,0.1835075467824936,0.048896633088588715
YAL009W,YEL004W,0,-3.2813246,0.27241379022598267,0.1835075467824936,0.04901277646422386
YBR278W,YDL042C,1,-3.281405,0.2736660838127136,0.18466898798942566,0.04901277646422386
YDR386W,YAL015C,1,-3.2819116,0.27491408586502075,0.18583042919635773,0.04901277646422386
YIL159W,YLR319C,0,-3.282077,0.27444252371788025,0.18583042919635773,0.04912891983985901
YKL112W,YPL153C,1,-3.2832694,0.2756849229335785,0.1869918704032898,0.04912891983985901
YLR116W,YNR015W,0,-3.2833724,0.27521368861198425,0.1869918704032898,0.049245063215494156
YNL312W,YER169W,1,-3.2833917,0.276450514793396,0.18815331161022186,0.049245063215494156
YDR013W,YIL030C,0,-3.283953,0.27597954869270325,0.18815331161022186,0.0493612065911293
YPL208W,YHR119W,0,-3.2849185,0.27551019191741943,0.18815331161022186,0.04947735369205475
YPL210C,YPR086W,0,-3.2853615,0.27504244446754456,0.18815331161022186,0.049593497067689896
YNL014W,YIL063C,0,-3.2862744,0.2745762765407562,0.18815331161022186,0.04970964044332504
YLR026C,YJR110W,0,-3.286544,0.27411168813705444,0.18815331161022186,0.04982578381896019
YJR022W,YLR240W,0,-3.2870514,0.2736486494541168,0.18815331161022186,0.04994192719459534
YOR322C,YNR023W,0,-3.2875187,0.27318719029426575,0.18815331161022186,0.050058070570230484
YOL043C,YPL153C,1,-3.28848,0.27441078424453735,0.18931475281715393,0.050058070570230484
YGR224W,YNL088W,0,-3.2889316,0.27394959330558777,0.18931475281715393,0.05017421767115593
YHR160C,YBR231C,0,-3.2896113,0.27348992228507996,0.18931475281715393,0.05029036104679108
YKL005C,YOR159C,0,-3.2900069,0.2730318307876587,0.18931475281715393,0.050406504422426224
YDL017W,YPR094W,0,-3.290273,0.2725752592086792,0.18931475281715393,0.05052264779806137
YOR037W,YOL066C,0,-3.2903757,0.2721202075481415,0.18931475281715393,0.05063879117369652
YOR160W,YGL172W,0,-3.2908843,0.27166667580604553,0.18931475281715393,0.050754934549331665
YDR058C,YOR064C,0,-3.2910693,0.27121463418006897,0.18931475281715393,0.05087108165025711
YPR046W,YJL203W,0,-3.2910714,0.2707641124725342,0.18931475281715393,0.05098722502589226
YOR036W,YDL098C,0,-3.291586,0.2703150808811188,0.18931475281715393,0.051103368401527405
YBR278W,YDR076W,1,-3.2916882,0.2715231776237488,0.190476194024086,0.051103368401527405
YKR086W,YPL239W,0,-3.2924445,0.2710743844509125,0.190476194024086,0.05121951177716255
YDL088C,YLR381W,0,-3.292694,0.27062705159187317,0.190476194024086,0.0513356551527977
YGL124C,YDL135C,0,-3.294149,0.27018120884895325,0.190476194024086,0.051451798528432846
YKL150W,YHR001W-A,0,-3.2942638,0.2697368562221527,0.190476194024086,0.05156794562935829
YMR201C,YFL008W,1,-3.2943459,0.27093595266342163,0.19163763523101807,0.05156794562935829
YNL148C,YBR240C,0,-3.294965,0.2704918086528778,0.19163763523101807,0.05168408900499344
YHR084W,YGR129W,0,-3.295523,0.2700490951538086,0.19163763523101807,0.051800232380628586
YML102W,YOR217W,1,-3.2956026,0.27124184370040894,0.19279907643795013,0.051800232380628586
YML102W,YER169W,1,-3.2958176,0.2724306583404541,0.1939605176448822,0.051800232380628586
YMR224C,YMR106C,1,-3.2958958,0.27361562848091125,0.19512194395065308,0.051800232380628586
YOR144C,YBR087W,1,-3.2966866,0.2747967541217804,0.19628338515758514,0.051800232380628586
YIL159W,YDR372C,0,-3.2982938,0.274350643157959,0.19628338515758514,0.05191637575626373
YLR127C,YGR059W,0,-3.2989972,0.27390599250793457,0.19628338515758514,0.05203251913189888
YNL009W,YJR074W,0,-3.2995427,0.27346277236938477,0.19628338515758514,0.05214866250753403
YOR036W,YNL304W,0,-3.2997713,0.27302101254463196,0.19628338515758514,0.05226480960845947
YDR208W,YFR034C,0,-3.2998261,0.27258065342903137,0.19628338515758514,0.05238095298409462
YNL136W,YDL042C,1,-3.301599,0.27375200390815735,0.1974448263645172,0.05238095298409462
YBR258C,YHL009C,0,-3.3028517,0.27331188321113586,0.1974448263645172,0.05249709635972977
YHR073W,YMR197C,0,-3.303198,0.272873193025589,0.1974448263645172,0.052613239735364914
YBR065C,YMR073C,0,-3.3033347,0.27243590354919434,0.1974448263645172,0.05272938311100006
YNL118C,YHR073W,0,-3.3038785,0.2720000147819519,0.1974448263645172,0.05284553021192551
YOR322C,YNL222W,0,-3.303922,0.2715654969215393,0.1974448263645172,0.052961673587560654
YOR144C,YIL128W,1,-3.3043687,0.27272728085517883,0.19860626757144928,0.052961673587560654
YCL055W,YDL036C,0,-3.3046486,0.27229300141334534,0.19860626757144928,0.0530778169631958
YOL108C,YLR135W,0,-3.3054557,0.2718600928783417,0.19860626757144928,0.05319396033883095
YDR397C,YLR425W,0,-3.3054655,0.27142858505249023,0.19860626757144928,0.053310103714466095
YLR242C,YDR425W,0,-3.306351,0.27099841833114624,0.19860626757144928,0.05342624709010124
YFL025C,YML098W,0,-3.3073304,0.2705696225166321,0.19860626757144928,0.05354239419102669
YGR227W,YDR325W,0,-3.307883,0.27014216780662537,0.19860626757144928,0.053658537566661835
YGL065C,YKR008W,0,-3.3079083,0.2697160840034485,0.19860626757144928,0.05377468094229698
YDL017W,YBR155W,0,-3.308324,0.26929134130477905,0.19860626757144928,0.05389082431793213
YDL145C,YIR018W,0,-3.3093045,0.2688679099082947,0.19860626757144928,0.054006967693567276
YEL037C,YPL153C,1,-3.3093867,0.270015686750412,0.19976770877838135,0.054006967693567276
YJL025W,YIL063C,0,-3.3098633,0.2695924639701843,0.19976770877838135,0.05412311106920242
YML102W,YML032C,1,-3.3103533,0.2707355320453644,0.20092914998531342,0.05412311106920242
YOL049W,YJR010C-A,0,-3.3103852,0.27031248807907104,0.20092914998531342,0.05423925817012787
YBR077C,YDR478W,0,-3.311575,0.26989078521728516,0.20092914998531342,0.054355401545763016
YLR127C,YPR070W,0,-3.3118536,0.2694703936576843,0.20092914998531342,0.05447154492139816
YOL077W-A,YIR033W,0,-3.3118885,0.26905131340026855,0.20092914998531342,0.05458768829703331
YNL230C,YJR017C,0,-3.3121822,0.26863354444503784,0.20092914998531342,0.05470383167266846
YOR330C,YLR268W,0,-3.3122036,0.2682170569896698,0.20092914998531342,0.054819975048303604
YMR224C,YKL025C,1,-3.3134286,0.2693498432636261,0.20209059119224548,0.054819975048303604
YGL175C,YDR359C,1,-3.3134472,0.27047914266586304,0.20325203239917755,0.054819975048303604
YPL268W,YEL004W,0,-3.3135865,0.270061731338501,0.20325203239917755,0.05493612214922905
YLR431C,YGR003W,0,-3.3136585,0.2696456015110016,0.20325203239917755,0.0550522655248642
YJR093C,YBR231C,0,-3.3139775,0.26923078298568726,0.20325203239917755,0.055168408900499344
YPR104C,YPR018W,0,-3.3139899,0.2688172161579132,0.20325203239917755,0.05528455227613449
YNL262W,YDR460W,1,-3.314288,0.2699386477470398,0.20441347360610962,0.05528455227613449
YOR039W,YEL060C,0,-3.3147087,0.2695252597332001,0.20441347360610962,0.05540069565176964
YJR076C,YOR171C,0,-3.315194,0.269113153219223,0.20441347360610962,0.055516839027404785
YMR162C,YPR046W,0,-3.3152506,0.26870229840278625,0.20441347360610962,0.05563298612833023
YOL043C,YHR099W,1,-3.3160262,0.2698170840740204,0.2055749148130417,0.05563298612833023
YHR061C,YNL328C,0,-3.3161004,0.26940637826919556,0.2055749148130417,0.05574912950396538
YIL112W,YLR262C,0,-3.3163373,0.2689969539642334,0.2055749148130417,0.055865272879600525
YDR142C,YAL032C,0,-3.316657,0.2685887813568115,0.2055749148130417,0.05598141625523567
YAR008W,YHR167W,0,-3.3171027,0.26818183064460754,0.2055749148130417,0.05609755963087082
YBR152W,YMR197C,0,-3.3173554,0.26777610182762146,0.2055749148130417,0.056213706731796265
YGR258C,YMR284W,1,-3.317635,0.2688821852207184,0.20673635601997375,0.056213706731796265
YMR224C,YDR180W,1,-3.3182824,0.2699849307537079,0.20789779722690582,0.056213706731796265
YMR283C,YMR005W,0,-3.3184662,0.26957830786705017,0.20789779722690582,0.05632985010743141
YDR423C,YDR142C,0,-3.3192115,0.26917293667793274,0.20789779722690582,0.05644599348306656
YDL175C,YIR005W,0,-3.3194416,0.2687687575817108,0.20789779722690582,0.056562136858701706
YGR033C,YMR197C,0,-3.3195698,0.2683658301830292,0.20789779722690582,0.05667828023433685
YDR524C,YOR106W,0,-3.320084,0.26796406507492065,0.20789779722690582,0.056794423609972
YPL177C,YOR330C,0,-3.32047,0.26756352186203003,0.20789779722690582,0.056910570710897446
YNL118C,YDR207C,0,-3.3223894,0.2671641707420349,0.20789779722690582,0.05702671408653259
YDL008W,YAL016W,0,-3.322589,0.2667660117149353,0.20789779722690582,0.05714285746216774
YOR005C,YMR284W,1,-3.322676,0.2678571343421936,0.2090592384338379,0.05714285746216774
YNL032W,YDR325W,0,-3.3227456,0.26745912432670593,0.2090592384338379,0.05725900083780289
YJR083C,YGR033C,0,-3.322828,0.26706230640411377,0.2090592384338379,0.057375144213438034
YJL090C,YDR386W,1,-3.322986,0.26814815402030945,0.21022067964076996,0.057375144213438034
YKL025C,YFL008W,1,-3.3231118,0.26923078298568726,0.21138212084770203,0.057375144213438034
YAL032C,YMR089C,0,-3.3235424,0.26883310079574585,0.21138212084770203,0.05749128758907318
YKL146W,YDL045C,0,-3.3235567,0.26843658089637756,0.21138212084770203,0.05760743468999863
YHR034C,YJL025W,0,-3.3236074,0.2680412232875824,0.21138212084770203,0.057723578065633774
YBL093C,YPR086W,0,-3.3246386,0.26764705777168274,0.21138212084770203,0.05783972144126892
YOR034C,YIL118W,0,-3.324925,0.2672540247440338,0.21138212084770203,0.05795586481690407
YPR070W,YHR084W,0,-3.3251102,0.2668621838092804,0.21138212084770203,0.058072008192539215
YKL112W,YMR224C,1,-3.3258913,0.267935574054718,0.2125435471534729,0.058072008192539215
YBR278W,YKL025C,1,-3.3259435,0.26900583505630493,0.21370498836040497,0.058072008192539215
YDR076W,YDR180W,1,-3.3263533,0.2700729966163635,0.21486642956733704,0.058072008192539215
YFR052W,YJL139C,0,-3.3265793,0.26967930793762207,0.21486642956733704,0.05818815156817436
YIL112W,YDR205W,0,-3.32668,0.26928675174713135,0.21486642956733704,0.05830429866909981
YPR018W,YHL009C,0,-3.3267035,0.26889535784721375,0.21486642956733704,0.058420442044734955
YML129C,YOR106W,0,-3.3272817,0.2685050666332245,0.21486642956733704,0.0585365854203701
YCR038C,YKL095W,0,-3.3278294,0.26811593770980835,0.21486642956733704,0.05865272879600525
YHR124W,YHR119W,0,-3.328154,0.26772794127464294,0.21486642956733704,0.058768872171640396
YKR008W,YOR149C,0,-3.3285806,0.2673410475254059,0.21486642956733704,0.05888501927256584
YMR153W,YLR425W,0,-3.3287148,0.26695525646209717,0.21486642956733704,0.05900116264820099
YOL045W,YDR515W,0,-3.3289182,0.2665705978870392,0.21486642956733704,0.059117306023836136
YOL069W,YLR059C,0,-3.3296692,0.26618704199790955,0.21486642956733704,0.05923344939947128
YNR010W,YKL205W,0,-3.3302627,0.26580458879470825,0.21486642956733704,0.05934959277510643
YBL105C,YML055W,0,-3.3306081,0.2654232382774353,0.21486642956733704,0.05946573615074158
YJL090C,YBR278W,1,-3.3307087,0.266475647687912,0.2160278707742691,0.05946573615074158
YMR201C,YBR073W,1,-3.3311527,0.2675250470638275,0.21718931198120117,0.05946573615074158
YCR044C,YJR010C-A,0,-3.3314083,0.2671428620815277,0.21718931198120117,0.05958188325166702
YBR089C-A,YOL069W,0,-3.3318064,0.26676177978515625,0.21718931198120117,0.05969802662730217
YDR076W,YLR005W,1,-3.3318274,0.2678062617778778,0.21835075318813324,0.05969802662730217
YDL135C,YKR008W,0,-3.331898,0.2674253284931183,0.21835075318813324,0.05981417000293732
YML102W,YGL175C,1,-3.331927,0.26846590638160706,0.2195121943950653,0.05981417000293732
YBR201W,YOL002C,0,-3.3323395,0.2680850923061371,0.2195121943950653,0.059930313378572464
YHR167W,YEL004W,0,-3.3327034,0.26770538091659546,0.2195121943950653,0.06004645675420761
YML127W,YNL304W,0,-3.3331125,0.2673267424106598,0.2195121943950653,0.06016260012984276
YOR171C,YKL021C,0,-3.3337917,0.2669491469860077,0.2195121943950653,0.060278747230768204
YKL112W,YBR087W,1,-3.3340113,0.267983078956604,0.22067363560199738,0.060278747230768204
YFR028C,YMR214W,0,-3.3342004,0.26760563254356384,0.22067363560199738,0.06039489060640335
YOR037W,YPR046W,0,-3.3344371,0.26722925901412964,0.22067363560199738,0.0605110339820385
YPL101W,YOL031C,0,-3.334575,0.266853928565979,0.22067363560199738,0.060627177357673645
YMR201C,YNL312W,1,-3.334872,0.26788219809532166,0.22183507680892944,0.060627177357673645
YJL065C,YMR052W,0,-3.3351629,0.26750701665878296,0.22183507680892944,0.06074332073330879
YJL008C,YHR034C,0,-3.3353055,0.26713287830352783,0.22183507680892944,0.06085946410894394
YJL008C,YDL013W,0,-3.3353143,0.2667597830295563,0.22183507680892944,0.060975611209869385
YDR076W,YGL175C,1,-3.3354728,0.26778241991996765,0.2229965180158615,0.060975611209869385
YDR142C,YDR013W,0,-3.3358452,0.26740947365760803,0.2229965180158615,0.06109175458550453
YJL010C,YNL222W,0,-3.3360755,0.2670375406742096,0.2229965180158615,0.06120789796113968
YJL183W,YLR248W,0,-3.3372166,0.2666666805744171,0.2229965180158615,0.061324041336774826
YBR278W,YDR359C,1,-3.338753,0.2676837742328644,0.22415795922279358,0.061324041336774826
YIR005W,YLR417W,0,-3.3389003,0.26731303334236145,0.22415795922279358,0.06144018471240997
YNL262W,YBR087W,1,-3.339063,0.26832643151283264,0.22531940042972565,0.06144018471240997
YER032W,YKL197C,0,-3.339084,0.26795580983161926,0.22531940042972565,0.06155632808804512
YMR021C,YPL253C,0,-3.3407373,0.26758620142936707,0.22531940042972565,0.061672475188970566
YCL004W,YLR417W,0,-3.3408117,0.26721763610839844,0.22531940042972565,0.06178861856460571
YFL048C,YJL184W,0,-3.3412015,0.2668500542640686,0.22531940042972565,0.06190476194024086
YDR231C,YKL160W,0,-3.3413432,0.26648351550102234,0.22531940042972565,0.06202090531587601
YNR026C,YPR036W,0,-3.3414924,0.26611796021461487,0.22531940042972565,0.062137048691511154
YOL043C,YER169W,1,-3.3419034,0.267123281955719,0.22648084163665771,0.062137048691511154
YIL112W,YOR036W,0,-3.3437626,0.26675787568092346,0.22648084163665771,0.0622531957924366
YCL014W,YGL238W,0,-3.3447168,0.2663934528827667,0.22648084163665771,0.06236933916807175
YOL049W,YML055W,0,-3.3450224,0.2660300135612488,0.22648084163665771,0.062485482543706894
YDL003W,YNL222W,0,-3.3461394,0.265667587518692,0.22648084163665771,0.06260162591934204
YAR033W,YKL197C,0,-3.3463728,0.26530611515045166,0.22648084163665771,0.06271777302026749
YCR038C,YLR215C,0,-3.3463802,0.2649456560611725,0.22648084163665771,0.06283391267061234
YFR013W,YDL170W,0,-3.3467395,0.2645861506462097,0.22648084163665771,0.06295005977153778
YHR150W,YDR425W,0,-3.346968,0.26422762870788574,0.22648084163665771,0.06306619942188263
YBR211C,YHR167W,0,-3.347408,0.26387009024620056,0.22648084163665771,0.06318234652280807
YLR319C,YNL014W,0,-3.3476822,0.2635135054588318,0.22648084163665771,0.06329849362373352
YPR065W,YFL036W,0,-3.3485718,0.2631579041481018,0.22648084163665771,0.06341463327407837
YMR138W,YKR038C,0,-3.348871,0.26280322670936584,0.22648084163665771,0.06353078037500381
YNL136W,YER142C,1,-3.3492575,0.2637954354286194,0.22764228284358978,0.06353078037500381
YBR278W,YOR144C,1,-3.3492644,0.26478493213653564,0.22880372405052185,0.06353078037500381
YBR087W,YDR180W,1,-3.349939,0.2657718062400818,0.22996515035629272,0.06353078037500381
YBR210W,YJL207C,0,-3.3502696,0.2654155492782593,0.22996515035629272,0.06364692002534866
YML049C,YHR163W,0,-3.3503544,0.2650602459907532,0.22996515035629272,0.06376306712627411
YPL060W,YDR013W,0,-3.3505404,0.2647058963775635,0.22996515035629272,0.06387920677661896
YHR012W,YJL154C,0,-3.3505578,0.2643524706363678,0.22996515035629272,0.0639953538775444
YHR181W,YDR325W,0,-3.3507185,0.2639999985694885,0.22996515035629272,0.06411150097846985
YOL069W,YBR077C,0,-3.3512948,0.26364848017692566,0.22996515035629272,0.0642276406288147
YOR144C,YER169W,1,-3.3521836,0.2646276652812958,0.2311265915632248,0.0642276406288147
YKL139W,YPL242C,0,-3.352339,0.2642762362957001,0.2311265915632248,0.06434378772974014
YER164W,YKL101W,0,-3.3524432,0.2639257311820984,0.2311265915632248,0.06445992738008499
YOR123C,YKR055W,0,-3.3528674,0.2635761499404907,0.2311265915632248,0.06457607448101044
YLR007W,YBR087W,1,-3.3533032,0.26455026865005493,0.23228803277015686,0.06457607448101044
YBR002C,YLR277C,0,-3.3534892,0.2642008066177368,0.23228803277015686,0.06469222158193588
YMR041C,YMR089C,0,-3.3538454,0.26385223865509033,0.23228803277015686,0.06480836123228073
YGL190C,YLR135W,0,-3.354808,0.26350462436676025,0.23228803277015686,0.06492450833320618
YBR234C,YOR149C,0,-3.3555615,0.2631579041481018,0.23228803277015686,0.06504064798355103
YBR275C,YNL154C,0,-3.3567338,0.262812077999115,0.23228803277015686,0.06515679508447647
YKL112W,YOR144C,1,-3.3570511,0.26377952098846436,0.23344947397708893,0.06515679508447647
YNR015W,YKL095W,0,-3.358194,0.2634338140487671,0.23344947397708893,0.06527293473482132
YDR174W,YMR089C,0,-3.3583133,0.26308900117874146,0.23344947397708893,0.06538908183574677
YMR138W,YOL038W,0,-3.3589892,0.26274511218070984,0.23344947397708893,0.06550522893667221
YLR007W,YFL008W,1,-3.3595026,0.26370757818222046,0.234610915184021,0.06550522893667221
YDL017W,YOL045W,0,-3.3601158,0.2633637487888336,0.234610915184021,0.06562136858701706
YOR319W,YDL087C,0,-3.3603284,0.2630208432674408,0.234610915184021,0.0657375156879425
YGL155W,YLR394W,0,-3.3603337,0.2626788020133972,0.234610915184021,0.06585365533828735
YDL017W,YLR166C,0,-3.3606324,0.26233765482902527,0.234610915184021,0.0659698024392128
YDR081C,YLR147C,0,-3.360707,0.26199740171432495,0.234610915184021,0.06608594954013824
YKL112W,YMR284W,1,-3.3617272,0.26295337080955505,0.23577235639095306,0.06608594954013824
YBR278W,YGR258C,1,-3.3617437,0.263906866312027,0.23693379759788513,0.06608594954013824
YML102W,YBR073W,1,-3.3618324,0.2648578882217407,0.2380952388048172,0.06608594954013824
YOR005C,YLR007W,1,-3.3622377,0.2658064663410187,0.23925668001174927,0.06608594954013824
YHR158C,YMR197C,0,-3.3633564,0.2654639184474945,0.23925668001174927,0.0662020891904831
YML103C,YDR310C,0,-3.3636932,0.26512226462364197,0.23925668001174927,0.06631823629140854
YKL005C,YDR372C,0,-3.3639467,0.26478150486946106,0.23925668001174927,0.06643437594175339
YBL009W,YNR067C,0,-3.3645055,0.264441579580307,0.23925668001174927,0.06655052304267883
YOR144C,YDR076W,1,-3.3645236,0.26538461446762085,0.24041812121868134,0.06655052304267883
YML102W,YNL136W,1,-3.364833,0.2663252353668213,0.2415795624256134,0.06655052304267883
YHR124W,YCR060W,0,-3.367467,0.2659846544265747,0.2415795624256134,0.06666667014360428
YCR028C,YFR005C,0,-3.367902,0.26564496755599976,0.2415795624256134,0.06678280979394913
YHR034C,YDL138W,0,-3.3680394,0.26530611515045166,0.2415795624256134,0.06689895689487457
YJR045C,YGR181W,0,-3.3685908,0.2649681568145752,0.2415795624256134,0.06701509654521942
YMR201C,YPL153C,1,-3.3689444,0.2659032940864563,0.24274100363254547,0.06701509654521942
YOR039W,YPR070W,0,-3.3690274,0.265565425157547,0.24274100363254547,0.06713124364614487
YGL190C,YER005W,0,-3.369869,0.26522842049598694,0.24274100363254547,0.06724738329648972
YBR278W,YMR106C,1,-3.3709397,0.26615968346595764,0.24390244483947754,0.06724738329648972
YPR083W,YML098W,0,-3.3713067,0.26582279801368713,0.24390244483947754,0.06736353039741516
YOR144C,YDR460W,1,-3.371831,0.2667509615421295,0.2450638860464096,0.06736353039741516
YOL045W,YER075C,0,-3.37217,0.2664141356945038,0.2450638860464096,0.0674796774983406
YBR275C,YHR167W,0,-3.3726141,0.2660781741142273,0.2450638860464096,0.06759581714868546
YPR046W,YHR023W,0,-3.3727872,0.26574307680130005,0.2450638860464096,0.0677119642496109
YIL112W,YNL044W,0,-3.3730943,0.26540881395339966,0.2450638860464096,0.06782810389995575
YML102W,YBR087W,1,-3.3737729,0.26633167266845703,0.24622531235218048,0.06782810389995575
YCR044C,YDR478W,0,-3.374139,0.2659974992275238,0.24622531235218048,0.0679442510008812
YOR144C,YGR258C,1,-3.3741891,0.26691728830337524,0.24738675355911255,0.0679442510008812
YML114C,YOR064C,0,-3.3743858,0.26658323407173157,0.24738675355911255,0.06806039810180664
YPR104C,YDL013W,0,-3.374528,0.26625001430511475,0.24738675355911255,0.06817653775215149
YBR278W,YAL015C,1,-3.3746936,0.26716604828834534,0.24854819476604462,0.06817653775215149
YPR046W,YDL135C,0,-3.3747892,0.2668329179286957,0.24854819476604462,0.06829268485307693
YFR034C,YMR263W,0,-3.375717,0.2665006220340729,0.24854819476604462,0.06840882450342178
YJR022W,YDR337W,0,-3.3757923,0.26616916060447693,0.24854819476604462,0.06852497160434723
YDL200C,YGL175C,1,-3.3758128,0.26708075404167175,0.24970963597297668,0.06852497160434723
YBL093C,YOR254C,0,-3.3758543,0.26674938201904297,0.24970963597297668,0.06864111870527267
YLR248W,YFL004W,0,-3.377362,0.26641884446144104,0.24970963597297668,0.06875725835561752
YOL038W,YPR018W,0,-3.3777533,0.2660891115665436,0.24970963597297668,0.06887340545654297
YBR039W,YPL209C,0,-3.3778317,0.2657601833343506,0.24970963597297668,0.06898954510688782
YIL128W,YDR386W,1,-3.3779209,0.2666666805744171,0.25087109208106995,0.06898954510688782
YHR175W,YHR084W,0,-3.3797874,0.2663378417491913,0.25087109208106995,0.06910569220781326
YOR329C,YKL173W,0,-3.3800774,0.2660098373889923,0.25087109208106995,0.06922183185815811
YPL209C,YOR307C,0,-3.380594,0.2656826674938202,0.25087109208106995,0.06933797895908356
YLR007W,YDR460W,1,-3.381128,0.26658475399017334,0.2520325183868408,0.06933797895908356
YBR129C,YHR012W,0,-3.381747,0.2662576735019684,0.2520325183868408,0.069454126060009
YIR015W,YNL222W,0,-3.382219,0.2659313678741455,0.2520325183868408,0.06957026571035385
YNL118C,YIL131C,0,-3.3823464,0.2656058669090271,0.2520325183868408,0.0696864128112793
YDL008W,YCL055W,0,-3.3824716,0.26528117060661316,0.2520325183868408,0.06980255246162415
YBR129C,YJL139C,0,-3.382673,0.2649572789669037,0.2520325183868408,0.06991869956254959
YMR013C,YGR059W,0,-3.3829086,0.2646341323852539,0.2520325183868408,0.07003484666347504
YDL013W,YDL019C,0,-3.383525,0.264311820268631,0.2520325183868408,0.07015098631381989
YMR001C,YPR134W,0,-3.383776,0.26399025321006775,0.2520325183868408,0.07026713341474533
YNL039W,YLR135W,0,-3.38391,0.263669490814209,0.2520325183868408,0.07038327306509018
YML102W,YJL090C,1,-3.3840196,0.26456311345100403,0.2531939744949341,0.07038327306509018
YPR018W,YEL051W,0,-3.3841927,0.26424241065979004,0.2531939744949341,0.07049942016601562
YOR144C,YDL042C,1,-3.384554,0.26513317227363586,0.25435540080070496,0.07049942016601562
YER075C,YGR229C,0,-3.3860505,0.2648125886917114,0.25435540080070496,0.07061555981636047
YNL230C,YLR059C,0,-3.386109,0.2644927501678467,0.25435540080070496,0.07073170691728592
YLR431C,YBL105C,0,-3.3864214,0.2641737163066864,0.25435540080070496,0.07084785401821136
YBR008C,YJL207C,0,-3.3878706,0.2638554275035858,0.25435540080070496,0.07096399366855621
YPL101W,YOL038W,0,-3.3884673,0.2635379135608673,0.25435540080070496,0.07108014076948166
YML102W,YKL025C,1,-3.3886654,0.26442307233810425,0.25551682710647583,0.07108014076948166
YBR073W,YLR005W,1,-3.3898084,0.26530611515045166,0.2566782832145691,0.07108014076948166
YNL164C,YLR262C,0,-3.3903506,0.2649880051612854,0.2566782832145691,0.07119628041982651
YER142C,YDL200C,1,-3.3905215,0.26586827635765076,0.25783970952033997,0.07119628041982651
YKL025C,YEL037C,1,-3.3909936,0.2667464017868042,0.2590011656284332,0.07119628041982651
YER164W,YDR142C,0,-3.3911278,0.2664277255535126,0.2590011656284332,0.07131242752075195
YNL148C,YNL230C,0,-3.391456,0.26610979437828064,0.2590011656284332,0.0714285746216774
YKL112W,YMR201C,1,-3.3918839,0.2669844925403595,0.2601625919342041,0.0714285746216774
YGR262C,YBR273C,0,-3.392001,0.2666666805744171,0.2601625919342041,0.07154471427202225
YCR107W,YJR083C,0,-3.3922808,0.26634958386421204,0.2601625919342041,0.07166086137294769
YCR038C,YHL009C,0,-3.3925903,0.26603326201438904,0.2601625919342041,0.07177700102329254
YBR278W,YEL037C,1,-3.3936408,0.26690390706062317,0.26132404804229736,0.07177700102329254
YFL013C,YNL053W,0,-3.393973,0.26658767461776733,0.26132404804229736,0.07189314812421799
YKL146W,YOR171C,0,-3.3945687,0.2662721872329712,0.26132404804229736,0.07200929522514343
YDR397C,YMR005W,0,-3.3946617,0.26595744490623474,0.26132404804229736,0.07212543487548828
YPR086W,YMR005W,0,-3.3950584,0.265643447637558,0.26132404804229736,0.07224158197641373
YJR093C,YJL154C,0,-3.3953056,0.2653301954269409,0.26132404804229736,0.07235772162675858
YOR005C,YOL043C,1,-3.3959749,0.26619553565979004,0.26248547434806824,0.07235772162675858
YML032C,YPL153C,1,-3.3959877,0.2670588195323944,0.2636469304561615,0.07235772162675858
YGR097W,YMR013C,0,-3.3971999,0.266745001077652,0.2636469304561615,0.07247386872768402
YMR224C,YDR359C,1,-3.3972723,0.26760563254356384,0.2648083567619324,0.07247386872768402
YKR086W,YDR083W,0,-3.3980155,0.2672919034957886,0.2648083567619324,0.07259000837802887
YDL088C,YOL066C,0,-3.3981051,0.266978919506073,0.2648083567619324,0.07270615547895432
YMR201C,YGL175C,1,-3.398371,0.26783624291419983,0.26596981287002563,0.07270615547895432
YPL018W,YJL214W,0,-3.3985758,0.2675233781337738,0.26596981287002563,0.07282230257987976
YGL016W,YNL053W,0,-3.3990588,0.2672111988067627,0.26596981287002563,0.07293844223022461
YDL143W,YKR007W,0,-3.3996766,0.2668997645378113,0.26596981287002563,0.07305458933115005
YGL013C,YGR132C,0,-3.4001215,0.26658904552459717,0.26596981287002563,0.0731707289814949
YBR275C,YOR148C,0,-3.4002666,0.26627907156944275,0.26596981287002563,0.07328687608242035
YOL038W,YDL098C,0,-3.4004474,0.26596981287002563,0.26596981287002563,0.0734030231833458
YNL009W,YOR149C,0,-3.4006093,0.26566123962402344,0.26596981287002563,0.07351916283369064
YLR215C,YLR011W,0,-3.400769,0.26535341143608093,0.26596981287002563,0.07363530993461609
YLR242C,YFL025C,0,-3.4009025,0.26504629850387573,0.26596981287002563,0.07375144958496094
YOL043C,YDR460W,1,-3.401511,0.2658959627151489,0.2671312391757965,0.07375144958496094
YER068W,YKL080W,0,-3.401513,0.2655889093875885,0.2671312391757965,0.07386759668588638
YNL282W,YBR192W,0,-3.401694,0.2652825713157654,0.2671312391757965,0.07398373633623123
YML127W,YJR102C,0,-3.4017637,0.26497694849967957,0.2671312391757965,0.07409988343715668
YOR144C,YNL262W,1,-3.402228,0.26582279801368713,0.26829269528388977,0.07409988343715668
YOR005C,YOR386W,1,-3.4022639,0.2666666805744171,0.26945412158966064,0.07409988343715668
YFR013W,YER072W,0,-3.4023514,0.26636049151420593,0.26945412158966064,0.07421603053808212
YIL120W,YBR275C,0,-3.4030278,0.26605504751205444,0.26945412158966064,0.07433217018842697
YKL197C,YMR266W,0,-3.40314,0.26575028896331787,0.26945412158966064,0.07444831728935242
YNL027W,YPR072W,0,-3.4032133,0.2654462158679962,0.26945412158966064,0.07456445693969727
YJL183W,YDR379W,0,-3.4032805,0.26514285802841187,0.26945412158966064,0.07468060404062271
YDR116C,YLR147C,0,-3.403311,0.26484018564224243,0.26945412158966064,0.07479675114154816
YKL025C,YPL153C,1,-3.403688,0.26567843556404114,0.2706155776977539,0.07479675114154816
YBR211C,YDR202C,0,-3.4037511,0.26537585258483887,0.2706155776977539,0.074912890791893
YFL025C,YGL190C,0,-3.4040985,0.2650739550590515,0.2706155776977539,0.07502903789281845
YBR211C,YMR089C,0,-3.404217,0.2647727131843567,0.2706155776977539,0.0751451775431633
YML080W,YDR515W,0,-3.4048135,0.26447218656539917,0.2706155776977539,0.07526132464408875
YMR072W,YPL118W,0,-3.4050252,0.26417234539985657,0.2706155776977539,0.07537747174501419
YML032C,YBR087W,1,-3.405388,0.2650056481361389,0.2717770040035248,0.07537747174501419
YKR007W,YBR049C,0,-3.4055803,0.2647058963775635,0.2717770040035248,0.07549361139535904
YNL127W,YLR166C,0,-3.4059985,0.2644067704677582,0.2717770040035248,0.07560975849628448
YNL222W,YDL235C,0,-3.4062593,0.2641083598136902,0.2717770040035248,0.07572589814662933
YGL155W,YIL036W,0,-3.4068148,0.2638106048107147,0.2717770040035248,0.07584204524755478
YPL235W,YPR095C,0,-3.4068847,0.2635135054588318,0.2717770040035248,0.07595818489789963
YGL190C,YMR153W,0,-3.4072406,0.26321709156036377,0.2717770040035248,0.07607433199882507
YGL247W,YKL160W,0,-3.4074197,0.26292136311531067,0.2717770040035248,0.07619047909975052
YIL128W,YEL037C,1,-3.4075944,0.2637485861778259,0.27293843030929565,0.07619047909975052
YJL010C,YPR095C,0,-3.4078295,0.2634529173374176,0.27293843030929565,0.07630661875009537
YPR057W,YDR202C,0,-3.408334,0.2631579041481018,0.27293843030929565,0.07642276585102081
YMR073C,YIR005W,0,-3.4083915,0.26286354660987854,0.27293843030929565,0.07653890550136566
YOR123C,YDR181C,0,-3.4085085,0.2625698447227478,0.27293843030929565,0.07665505260229111
YMR216C,YNL088W,0,-3.408866,0.2622767984867096,0.27293843030929565,0.07677119970321655
YML023C,YDR460W,1,-3.4093182,0.26309922337532043,0.2740998864173889,0.07677119970321655
YMR001C,YKL139W,0,-3.4094908,0.262806236743927,0.2740998864173889,0.0768873393535614
YER075C,YDR289C,0,-3.4100049,0.2625139057636261,0.2740998864173889,0.07700348645448685
YOR329C,YJR102C,0,-3.4109154,0.2622222304344177,0.2740998864173889,0.0771196261048317
YCR084C,YIR018W,0,-3.4116225,0.2619311809539795,0.2740998864173889,0.07723577320575714
YDR301W,YHR161C,0,-3.4119732,0.2616407871246338,0.2740998864173889,0.07735191285610199
YKR007W,YHR160C,0,-3.4122403,0.2613510489463806,0.2740998864173889,0.07746805995702744
YLR007W,YGL175C,1,-3.4122992,0.26216813921928406,0.2752613127231598,0.07746805995702744
YFR034C,YAR008W,0,-3.4131956,0.26187846064567566,0.2752613127231598,0.07758420705795288
YGL065C,YDL135C,0,-3.4140618,0.2615894079208374,0.2752613127231598,0.07770034670829773
YKR038C,YLR424W,0,-3.414438,0.2613009810447693,0.2752613127231598,0.07781649380922318
YCR038C,YKL122C,0,-3.414666,0.2610132098197937,0.2752613127231598,0.07793263345956802
YAL007C,YOL066C,0,-3.4147651,0.26072606444358826,0.2752613127231598,0.07804878056049347
YLR078C,YMR216C,0,-3.414845,0.26043957471847534,0.2752613127231598,0.07816492766141891
YOL117W,YDR485C,0,-3.4149048,0.2601536810398102,0.2752613127231598,0.07828106731176376
YJR140C,YDR289C,0,-3.4150379,0.25986841320991516,0.2752613127231598,0.07839721441268921
YAL015C,YOL043C,1,-3.4156873,0.26067906618118286,0.27642276883125305,0.07839721441268921
YJL133W,YKL197C,0,-3.4163268,0.260393887758255,0.27642276883125305,0.07851335406303406
YAL022C,YGL062W,0,-3.4164712,0.2601092755794525,0.27642276883125305,0.0786295011639595
YPR083W,YHR084W,0,-3.4165447,0.25982531905174255,0.27642276883125305,0.07874564826488495
YNL136W,YLR007W,1,-3.4166045,0.2606324851512909,0.2775841951370239,0.07874564826488495
YLR329W,YOL105C,0,-3.4167185,0.2603485882282257,0.2775841951370239,0.0788617879152298
YDR337W,YOL069W,0,-3.4167628,0.2600652873516083,0.2775841951370239,0.07897793501615524
YOR249C,YIL112W,0,-3.4172733,0.259782612323761,0.2775841951370239,0.07909407466650009
YOR034C,YBR211C,0,-3.4181716,0.25950053334236145,0.2775841951370239,0.07921022176742554
YPL209C,YDL225W,0,-3.4185705,0.25921908020973206,0.2775841951370239,0.07932636141777039
YHR034C,YIL008W,0,-3.4188964,0.2589382529258728,0.2775841951370239,0.07944250851869583
YGL098W,YDL235C,0,-3.4195993,0.2586580216884613,0.2775841951370239,0.07955865561962128
YGR227W,YPR032W,0,-3.4198782,0.25837838649749756,0.2775841951370239,0.07967479526996613
YDL143W,YPR032W,0,-3.4199612,0.25809934735298157,0.2775841951370239,0.07979094237089157
YER032W,YOL069W,0,-3.4199836,0.2578209340572357,0.2775841951370239,0.07990708202123642
YIL128W,YOR217W,1,-3.420943,0.2586206793785095,0.2787456512451172,0.07990708202123642
YNL230C,YBR231C,0,-3.4210231,0.25834229588508606,0.2787456512451172,0.08002322912216187
YGR230W,YKL208W,0,-3.4212332,0.25806450843811035,0.2787456512451172,0.08013937622308731
YGL105W,YMR216C,0,-3.42129,0.2577873170375824,0.2787456512451172,0.08025551587343216
YLR011W,YHR124W,0,-3.4213474,0.2575107216835022,0.2787456512451172,0.0803716629743576
YJR092W,YIL131C,0,-3.4215314,0.25723472237586975,0.2787456512451172,0.08048780262470245
YBR278W,YML023C,1,-3.4218295,0.258029967546463,0.27990707755088806,0.08048780262470245
YPR070W,YAL032C,0,-3.4219491,0.25775399804115295,0.27990707755088806,0.0806039497256279
YNL088W,YOR106W,0,-3.4223697,0.25747862458229065,0.27990707755088806,0.08072008937597275
YPL060W,YJR102C,0,-3.4229305,0.2572038471698761,0.27990707755088806,0.0808362364768982
YHR119W,YBR258C,0,-3.4231231,0.2569296360015869,0.27990707755088806,0.08095238357782364
YKR002W,YPL268W,0,-3.4232216,0.2566560208797455,0.27990707755088806,0.08106852322816849
YHR194W,YGL124C,0,-3.4236891,0.2563829720020294,0.27990707755088806,0.08118467032909393
YBR256C,YMR089C,0,-3.4249678,0.2561105191707611,0.27990707755088806,0.08130080997943878
YGR262C,YJR110W,0,-3.4250133,0.25583863258361816,0.27990707755088806,0.08141695708036423
YDR116C,YBR050C,0,-3.4256237,0.255567342042923,0.27990707755088806,0.08153310418128967
YGR010W,YFL004W,0,-3.4267209,0.25529661774635315,0.27990707755088806,0.08164924383163452
YPR072W,YLR425W,0,-3.4282787,0.2550264596939087,0.27990707755088806,0.08176539093255997
YDR040C,YLR147C,0,-3.4291747,0.2547568678855896,0.27990707755088806,0.08188153058290482
YDR337W,YDR397C,0,-3.4293294,0.2544878423213959,0.27990707755088806,0.08199767768383026
YMR184W,YML098W,0,-3.4295084,0.2542194128036499,0.27990707755088806,0.0821138247847557
YDR205W,YCR053W,0,-3.4297092,0.2539515197277069,0.27990707755088806,0.08222996443510056
YBR211C,YPL010W,0,-3.4302619,0.25368422269821167,0.27990707755088806,0.082346111536026
YIL128W,YDR460W,1,-3.4305017,0.25446897745132446,0.2810685336589813,0.082346111536026
YBR073W,YDR180W,1,-3.4312842,0.25525209307670593,0.2822299599647522,0.082346111536026
YPL268W,YKL166C,0,-3.431884,0.2549842596054077,0.2822299599647522,0.08246225118637085
YKL101W,YDR208W,0,-3.4319026,0.25471699237823486,0.2822299599647522,0.0825783982872963
YMR153W,YHR119W,0,-3.4322114,0.254450261592865,0.2822299599647522,0.08269453793764114
YDR180W,YDL042C,1,-3.4324372,0.2552301287651062,0.28339141607284546,0.08269453793764114
YNL164C,YDR289C,0,-3.4327877,0.2549634277820587,0.28339141607284546,0.08281068503856659
YPL100W,YOR123C,0,-3.4334087,0.2546972930431366,0.28339141607284546,0.08292683213949203
YGL011C,YIL063C,0,-3.4335308,0.25443169474601746,0.28339141607284546,0.08304297178983688
YOR217W,YDL042C,1,-3.4341667,0.2552083432674408,0.28455284237861633,0.08304297178983688
YAR008W,YLR010C,0,-3.4348817,0.25494277477264404,0.28455284237861633,0.08315911889076233
YPL269W,YOR241W,0,-3.435275,0.25467774271965027,0.28455284237861633,0.08327525854110718
YNL210W,YGR059W,0,-3.4363286,0.25441327691078186,0.28455284237861633,0.08339140564203262
YNL014W,YEL004W,0,-3.4365385,0.2541493773460388,0.28455284237861633,0.08350755274295807
YOR123C,YCR009C,0,-3.4368196,0.25388601422309875,0.28455284237861633,0.08362369239330292
YBR164C,YKR079C,0,-3.4372933,0.25362318754196167,0.28455284237861633,0.08373983949422836
YMR013C,YPL253C,0,-3.438709,0.25336089730262756,0.28455284237861633,0.08385597914457321
YBR065C,YIR015W,0,-3.438916,0.2530991733074188,0.28455284237861633,0.08397212624549866
YCL016C,YPR188C,0,-3.4389753,0.25283798575401306,0.28455284237861633,0.0840882658958435
YPL248C,YGR181W,0,-3.439363,0.2525773048400879,0.28455284237861633,0.08420441299676895
YML093W,YLR277C,0,-3.4394708,0.2523171901702881,0.28455284237861633,0.0843205600976944
YFL029C,YDL058W,0,-3.4397457,0.25205761194229126,0.28455284237861633,0.08443669974803925
YDR059C,YNR006W,0,-3.4417593,0.2517985701560974,0.28455284237861633,0.08455284684896469
YPR155C,YOR148C,0,-3.441869,0.25154003500938416,0.28455284237861633,0.08466898649930954
YNL262W,YDR076W,1,-3.4422927,0.2523076832294464,0.2857142984867096,0.08466898649930954
YLR147C,YPR032W,0,-3.4423778,0.25204917788505554,0.2857142984867096,0.08478513360023499
YPR155C,YDL217C,0,-3.4425023,0.25179120898246765,0.2857142984867096,0.08490128070116043
YFL017W-A,YCR042C,0,-3.4425454,0.25153374671936035,0.2857142984867096,0.08501742035150528
YNL084C,YHR012W,0,-3.4431684,0.25127682089805603,0.2857142984867096,0.08513356745243073
YLR007W,YML023C,1,-3.4435813,0.2520408034324646,0.28687572479248047,0.08513356745243073
YDR040C,YHR161C,0,-3.443844,0.25178390741348267,0.28687572479248047,0.08524970710277557
YGL016W,YML015C,0,-3.44389,0.25152748823165894,0.28687572479248047,0.08536585420370102
YFR028C,YMR263W,0,-3.4441187,0.2512716054916382,0.28687572479248047,0.08548200130462646
YLL015W,YMR029C,0,-3.4442952,0.2510162591934204,0.28687572479248047,0.08559814095497131
YDR013W,YNL311C,0,-3.4454467,0.2507614195346832,0.28687572479248047,0.08571428805589676
YHR005C,YPL151C,0,-3.445796,0.25050708651542664,0.28687572479248047,0.08583042770624161
YDR075W,YLR166C,0,-3.4462025,0.250253289937973,0.28687572479248047,0.08594657480716705
YDR318W,YLR335W,0,-3.4463995,0.25,0.28687572479248047,0.0860627144575119
YMR041C,YLR381W,0,-3.446624,0.24974721670150757,0.28687572479248047,0.08617886155843735
YKL173W,YLR010C,0,-3.4478223,0.24949495494365692,0.28687572479248047,0.08629500865936279
YER164W,YBR127C,0,-3.4480307,0.24924318492412567,0.28687572479248047,0.08641114830970764
YER167W,YJL184W,0,-3.449031,0.2489919364452362,0.28687572479248047,0.08652729541063309
YOL133W,YMR197C,0,-3.449253,0.24874119460582733,0.28687572479248047,0.08664343506097794
YNR075W,YAR033W,0,-3.4492862,0.24849094450473785,0.28687572479248047,0.08675958216190338
YBR107C,YPR018W,0,-3.4494298,0.24824120104312897,0.28687572479248047,0.08687572926282883
YGR258C,YBR073W,1,-3.4495265,0.24899598956108093,0.28803718090057373,0.08687572926282883
YKL025C,YNL312W,1,-3.4497025,0.24974924325942993,0.2891986072063446,0.08687572926282883
YDR335W,YMR153W,0,-3.4500809,0.24949899315834045,0.2891986072063446,0.08699186891317368
YMR150C,YNL074C,0,-3.4503007,0.24924924969673157,0.2891986072063446,0.08710801601409912
YOR144C,YDR359C,1,-3.4506145,0.25,0.2903600335121155,0.08710801601409912
YGL238W,YGR003W,0,-3.4508512,0.2497502565383911,0.2903600335121155,0.08722415566444397
YIL128W,YGL175C,1,-3.4509575,0.25049901008605957,0.29152148962020874,0.08722415566444397
YJL090C,YNL136W,1,-3.4510815,0.25124627351760864,0.2926829159259796,0.08722415566444397
YBR164C,YDR086C,0,-3.4511106,0.25099602341651917,0.2926829159259796,0.08734030276536942
YMR224C,YDR386W,1,-3.451556,0.25174129009246826,0.2938443720340729,0.08734030276536942
YPL208W,YKL095W,0,-3.4518692,0.2514910399913788,0.2938443720340729,0.08745644241571426
YDR298C,YBR258C,0,-3.452206,0.2512412965297699,0.2938443720340729,0.08757258951663971
YOR239W,YGR227W,0,-3.452225,0.2509920597076416,0.2938443720340729,0.08768873661756516
YDL013W,YPR065W,0,-3.4523344,0.2507432997226715,0.2938443720340729,0.08780487626791
YNL136W,YNL312W,1,-3.4524305,0.251485139131546,0.29500579833984375,0.08780487626791
YBR059C,YOL108C,0,-3.4526732,0.2512364089488983,0.29500579833984375,0.08792102336883545
YPL153C,YOR346W,1,-3.4530432,0.25197628140449524,0.296167254447937,0.08792102336883545
YBR073W,YGL175C,1,-3.4539938,0.25271472334861755,0.2973286807537079,0.08792102336883545
YJL194W,YBR201W,0,-3.4545474,0.25246548652648926,0.2973286807537079,0.0880371630191803
YNL008C,YPR094W,0,-3.4554589,0.25221675634384155,0.2973286807537079,0.08815331012010574
YCL014W,YOR179C,0,-3.4555387,0.25196850299835205,0.2973286807537079,0.08826945722103119
YNL210W,YDR308C,0,-3.455557,0.25172075629234314,0.2973286807537079,0.08838559687137604
YJL090C,YDR359C,1,-3.455572,0.25245580077171326,0.29849013686180115,0.08838559687137604
YPR001W,YJL133W,0,-3.4557908,0.25220805406570435,0.29849013686180115,0.08850174397230148
YML092C,YML097C,0,-3.4560757,0.25196078419685364,0.29849013686180115,0.08861788362264633
YOL043C,YFL008W,1,-3.4563334,0.25269344449043274,0.299651563167572,0.08861788362264633
YPL100W,YDR075W,0,-3.4563992,0.25244617462158203,0.299651563167572,0.08873403072357178
YDR301W,YJL128C,0,-3.4568655,0.2521994113922119,0.299651563167572,0.08885017782449722
YIL131C,YOR179C,0,-3.456978,0.251953125,0.299651563167572,0.08896631747484207
YML103C,YDR058C,0,-3.4572532,0.2517073154449463,0.299651563167572,0.08908246457576752
YOR099W,YDR276C,0,-3.4575615,0.2514619827270508,0.299651563167572,0.08919860422611237
YDR386W,YOR217W,1,-3.4576263,0.25219085812568665,0.3008130192756653,0.08919860422611237
YKL197C,YIL120W,0,-3.4580846,0.25194552540779114,0.3008130192756653,0.08931475132703781
YML023C,YOR217W,1,-3.4581606,0.2526724934577942,0.30197444558143616,0.08931475132703781
YNL230C,YFL041W,0,-3.4587305,0.25242719054222107,0.30197444558143616,0.08943089097738266
YPL059W,YBR283C,0,-3.4589148,0.25218233466148376,0.30197444558143616,0.0895470380783081
YGR224W,YDR335W,0,-3.4592097,0.25193798542022705,0.30197444558143616,0.08966318517923355
YDR310C,YNL304W,0,-3.459626,0.25169408321380615,0.30197444558143616,0.0897793248295784
YNL084C,YGR033C,0,-3.4599433,0.25145068764686584,0.30197444558143616,0.08989547193050385
YDR320C-A,YMR013C,0,-3.4599662,0.25120773911476135,0.30197444558143616,0.0900116115808487
YPL210C,YLR417W,0,-3.4604976,0.2509652376174927,0.30197444558143616,0.09012775868177414
YNL039W,YOR329C,0,-3.461682,0.2507232427597046,0.30197444558143616,0.09024390578269958
YKL112W,YIL128W,1,-3.461841,0.25144508481025696,0.3031359016895294,0.09024390578269958
YBR049C,YDR393W,0,-3.4620097,0.25120308995246887,0.3031359016895294,0.09036004543304443
YOR346W,YDL042C,1,-3.4623923,0.2519230842590332,0.3042973279953003,0.09036004543304443
YJL194W,YMR216C,0,-3.4632516,0.2516810894012451,0.3042973279953003,0.09047619253396988
YJL006C,YHL009C,0,-3.4633265,0.25143954157829285,0.3042973279953003,0.09059233218431473
YMR162C,YML055W,0,-3.4634216,0.2511984705924988,0.3042973279953003,0.09070847928524017
YKR095W,YDR207C,0,-3.4642227,0.2509578466415405,0.3042973279953003,0.09082461893558502
YDR276C,YML049C,0,-3.4643111,0.2507176995277405,0.3042973279953003,0.09094076603651047
YNL148C,YDL128W,0,-3.4646075,0.25047799944877625,0.3042973279953003,0.09105691313743591
YKL146W,YMR013C,0,-3.4647105,0.2502387762069702,0.3042973279953003,0.09117305278778076
YBR073W,YDR359C,1,-3.4653718,0.25095421075820923,0.30545875430107117,0.09117305278778076
YGL124C,YML015C,0,-3.4661088,0.2507149577140808,0.30545875430107117,0.09128919988870621
YGL073W,YNL222W,0,-3.466251,0.2504761815071106,0.30545875430107117,0.09140533953905106
YHR041C,YHL009C,0,-3.467105,0.2502378821372986,0.30545875430107117,0.0915214866399765
YBR160W,YHR167W,0,-3.4671931,0.25,0.30545875430107117,0.09163763374090195
YLR192C,YKR007W,0,-3.4672153,0.24976257979869843,0.30545875430107117,0.0917537733912468
YJL165C,YJL133W,0,-3.4675057,0.24952562153339386,0.30545875430107117,0.09186992049217224
YIL128W,YML023C,1,-3.4675634,0.25023695826530457,0.30662021040916443,0.09186992049217224
YML023C,YKL025C,1,-3.4676833,0.250946968793869,0.3077816367149353,0.09186992049217224
YDL042C,YDR460W,1,-3.468366,0.251655638217926,0.30894309282302856,0.09186992049217224
YHR012W,YJR110W,0,-3.4691038,0.25141775608062744,0.30894309282302856,0.09198606014251709
YER106W,YOL001W,0,-3.4691434,0.25118035078048706,0.30894309282302856,0.09210220724344254
YDL200C,YPL153C,1,-3.4696524,0.251886785030365,0.31010451912879944,0.09210220724344254
YNL312W,YMR284W,1,-3.4699104,0.25259190797805786,0.3112659752368927,0.09210220724344254
YDL087C,YER106W,0,-3.4700077,0.25235405564308167,0.3112659752368927,0.09221835434436798
YMR076C,YDL128W,0,-3.4715774,0.2521166503429413,0.3112659752368927,0.09233449399471283
YAL015C,YDR460W,1,-3.472416,0.2528195381164551,0.3124274015426636,0.09233449399471283
YJR140C,YOL009C,0,-3.472562,0.2525821626186371,0.3124274015426636,0.09245064109563828
YDR174W,YPL060W,0,-3.472844,0.2523452043533325,0.3124274015426636,0.09256678074598312
YOR005C,YPL153C,1,-3.4729092,0.253045916557312,0.31358885765075684,0.09256678074598312
YNL262W,YLR005W,1,-3.4730976,0.25374531745910645,0.3147502839565277,0.09256678074598312
YFL008W,YDR460W,1,-3.4739687,0.2544434070587158,0.31591174006462097,0.09256678074598312
YDL013W,YDR181C,0,-3.474162,0.2542056143283844,0.31591174006462097,0.09268292784690857
YMR138W,YOR254C,0,-3.4743168,0.2539682686328888,0.31591174006462097,0.09279906749725342
YBR087W,YHR099W,1,-3.4746764,0.25466418266296387,0.31707316637039185,0.09279906749725342
YAL032C,YNL311C,0,-3.4753633,0.25442683696746826,0.31707316637039185,0.09291521459817886
YBL105C,YBL102W,0,-3.475603,0.25418993830680847,0.31707316637039185,0.09303136169910431
YDL135C,YPR094W,0,-3.4759338,0.2539534866809845,0.31707316637039185,0.09314750134944916
YBL105C,YOR149C,0,-3.4760838,0.25371748208999634,0.31707316637039185,0.0932636484503746
YIL070C,YPR155C,0,-3.4767413,0.2534818947315216,0.31707316637039185,0.09337978810071945
YNL136W,YGR258C,1,-3.476999,0.2541744112968445,0.3182346224784851,0.09337978810071945
YGL178W,YNL186W,0,-3.478099,0.25393882393836975,0.3182346224784851,0.0934959352016449
YJL006C,YPR018W,0,-3.4786224,0.2537037134170532,0.3182346224784851,0.09361208230257034
YOL043C,YKL025C,1,-3.4792552,0.2543940842151642,0.319396048784256,0.09361208230257034
YPR188C,YNR006W,0,-3.479448,0.25415897369384766,0.319396048784256,0.09372822195291519
YIL120W,YOR149C,0,-3.4797413,0.25392428040504456,0.319396048784256,0.09384436905384064
YPR155C,YEL041W,0,-3.480355,0.25369003415107727,0.319396048784256,0.09396050870418549
YKL146W,YPR155C,0,-3.4805505,0.2534562349319458,0.319396048784256,0.09407665580511093
YDR040C,YCR061W,0,-3.4807947,0.25322282314300537,0.319396048784256,0.09419279545545578
YMR029C,YDR310C,0,-3.4812458,0.25298988819122314,0.319396048784256,0.09430894255638123
YJR093C,YLR424W,0,-3.4817514,0.25275734066963196,0.319396048784256,0.09442508965730667
YCL014W,YML055W,0,-3.4818745,0.2525252401828766,0.319396048784256,0.09454122930765152
YNL136W,YMR201C,1,-3.4822123,0.25321102142333984,0.32055750489234924,0.09454122930765152
YML023C,YHR099W,1,-3.4823644,0.25389552116394043,0.3217189311981201,0.09454122930765152
YBR275C,YLR135W,0,-3.4825118,0.25366300344467163,0.3217189311981201,0.09465737640857697
YDR181C,YDL225W,0,-3.48323,0.25343093276023865,0.3217189311981201,0.09477351605892181
YNL148C,YBR050C,0,-3.4836023,0.2531992793083191,0.3217189311981201,0.09488966315984726
YDL200C,YNL262W,1,-3.4837797,0.2538812756538391,0.322880357503891,0.09488966315984726
YJR076C,YGR222W,0,-3.483962,0.25364962220191956,0.322880357503891,0.0950058102607727
YFR013W,YNL210W,0,-3.4842384,0.2534184157848358,0.322880357503891,0.09512194991111755
YIL131C,YIR005W,0,-3.484387,0.2531876266002655,0.322880357503891,0.095238097012043
YNL053W,YPR086W,0,-3.4851177,0.25295722484588623,0.322880357503891,0.09535423666238785
YOR005C,YFL008W,1,-3.4851627,0.25363636016845703,0.32404181361198425,0.09535423666238785
YLR319C,YCR044C,0,-3.4852734,0.25340598821640015,0.32404181361198425,0.0954703837633133
YMR029C,YAR008W,0,-3.4858806,0.2531760334968567,0.32404181361198425,0.09558653086423874
YNL068C,YGR129W,0,-3.4859285,0.25294649600982666,0.32404181361198425,0.09570267051458359
YDL003W,YNL304W,0,-3.4867027,0.25271740555763245,0.32404181361198425,0.09581881761550903
YIL030C,YJR102C,0,-3.4873357,0.2524887025356293,0.32404181361198425,0.09593495726585388
YLR127C,YJR010C-A,0,-3.487954,0.25226038694381714,0.32404181361198425,0.09605110436677933
YFL048C,YGR181W,0,-3.4883127,0.2520325183868408,0.32404181361198425,0.09616724401712418
YPR200C,YNL147W,0,-3.4887118,0.25180506706237793,0.32404181361198425,0.09628339111804962
YOR144C,YDR180W,1,-3.488792,0.2524797022342682,0.3252032399177551,0.09628339111804962
YLR010C,YHR012W,0,-3.488806,0.2522522509098053,0.3252032399177551,0.09639953821897507
YOR221C,YLR335W,0,-3.488845,0.25202521681785583,0.3252032399177551,0.09651567786931992
YDL138W,YOR307C,0,-3.4890308,0.2517985701560974,0.3252032399177551,0.09663182497024536
YLR011W,YIL070C,0,-3.4896038,0.2515723407268524,0.3252032399177551,0.09674796462059021
YHR171W,YJR131W,0,-3.4897234,0.25134649872779846,0.3252032399177551,0.09686411172151566
YGR224W,YOR319W,0,-3.4897544,0.25112107396125793,0.3252032399177551,0.0969802588224411
YOR037W,YPL208W,0,-3.4900658,0.25089606642723083,0.3252032399177551,0.09709639847278595
YBR278W,YMR224C,1,-3.490416,0.25156670808792114,0.3263646960258484,0.09709639847278595
YLL015W,YML055W,0,-3.4908655,0.25134167075157166,0.3263646960258484,0.0972125455737114
YLR381W,YKL220C,0,-3.4912329,0.251117080450058,0.3263646960258484,0.09732868522405624
YNL068C,YDR081C,0,-3.4913447,0.25089284777641296,0.3263646960258484,0.09744483232498169
YHR187W,YBL033C,0,-3.4920938,0.25066903233528137,0.3263646960258484,0.09756097197532654
YGL190C,YOR039W,0,-3.4926443,0.2504456341266632,0.3263646960258484,0.09767711907625198
YPL209C,YJR131W,0,-3.4928153,0.2502226233482361,0.3263646960258484,0.09779326617717743
YJR083C,YFL011W,0,-3.49342,0.25,0.3263646960258484,0.09790940582752228
YOR037W,YDR480W,0,-3.493699,0.24977777898311615,0.3263646960258484,0.09802555292844772
YNL270C,YPL268W,0,-3.4942734,0.24955594539642334,0.3263646960258484,0.09814169257879257
YBL009W,YFR031C,0,-3.494338,0.24933451414108276,0.3263646960258484,0.09825783967971802
YDL036C,YPR095C,0,-3.4946191,0.24911347031593323,0.3263646960258484,0.09837398678064346
YFL009W,YLR135W,0,-3.4948752,0.24889282882213593,0.3263646960258484,0.09849012643098831
YLR431C,YLR335W,0,-3.4952033,0.24867255985736847,0.3263646960258484,0.09860627353191376
YNL210W,YKR055W,0,-3.4957538,0.24845269322395325,0.3263646960258484,0.0987224131822586
YKL208W,YDR013W,0,-3.4960246,0.24823321402072906,0.3263646960258484,0.09883856028318405
YDR076W,YFL008W,1,-3.4961221,0.2488967329263687,0.32752612233161926,0.09883856028318405
YDR142C,YNL131W,0,-3.4965506,0.24867725372314453,0.32752612233161926,0.0989547073841095
YDL088C,YDL225W,0,-3.4971902,0.2484581470489502,0.32752612233161926,0.09907084703445435
YMR224C,YAL015C,1,-3.4982388,0.24911971390247345,0.3286875784397125,0.09907084703445435
YJL065C,YFL048C,0,-3.4982722,0.2489006221294403,0.3286875784397125,0.09918699413537979
YBR164C,YJL010C,0,-3.499181,0.248681902885437,0.3286875784397125,0.09930313378572464
YGL178W,YBR283C,0,-3.4994771,0.24846357107162476,0.3286875784397125,0.09941928088665009
YPL118W,YHR181W,0,-3.4997146,0.24824561178684235,0.3286875784397125,0.09953542053699493
YJL194W,YLR006C,0,-3.4997442,0.24802803993225098,0.3286875784397125,0.09965156763792038
YPL242C,YPL190C,0,-3.49994,0.24781085550785065,0.3286875784397125,0.09976771473884583
YOR322C,YGR249W,0,-3.5002248,0.24759404361248016,0.3286875784397125,0.09988385438919067
YBR278W,YLR005W,1,-3.5002544,0.2482517510652542,0.3298490047454834,0.09988385438919067
YKL005C,YNL328C,0,-3.5008252,0.24803493916988373,0.3298490047454834,0.10000000149011612
YIL128W,YDL042C,1,-3.500891,0.24869109690189362,0.33101046085357666,0.10000000149011612
YNL136W,YBR087W,1,-3.5020063,0.24934612214565277,0.33217188715934753,0.10000000149011612
YIL159W,YJL214W,0,-3.5024912,0.24912892282009125,0.33217188715934753,0.10011614114046097
YNL147W,YDR337W,0,-3.5027735,0.24891209602355957,0.33217188715934753,0.10023228824138641
YJR093C,YPL268W,0,-3.5035903,0.24869565665721893,0.33217188715934753,0.10034843534231186
YLR381W,YJL006C,0,-3.5038378,0.24847958981990814,0.33217188715934753,0.10046457499265671
YBL009W,YDR191W,0,-3.503989,0.2482638955116272,0.33217188715934753,0.10058072209358215
YGL180W,YNL127W,0,-3.5040166,0.2480485737323761,0.33217188715934753,0.100696861743927
YLR059C,YDR207C,0,-3.5044606,0.24783362448215485,0.33217188715934753,0.10081300884485245
YDR076W,YNL312W,1,-3.5050201,0.24848484992980957,0.3333333432674408,0.10081300884485245
YPR104C,YDR058C,0,-3.5054414,0.24826990067958832,0.3333333432674408,0.1009291484951973
YPL082C,YML098W,0,-3.5061185,0.24805530905723572,0.3333333432674408,0.10104529559612274
YMR224C,YFL008W,1,-3.5063655,0.24870465695858002,0.33449476957321167,0.10104529559612274
YNL149C,YLR262C,0,-3.506778,0.2484900802373886,0.33449476957321167,0.10116144269704819
YOR103C,YDR478W,0,-3.5074415,0.24827586114406586,0.33449476957321167,0.10127758234739304
YGL092W,YJR010C-A,0,-3.5076082,0.24806201457977295,0.33449476957321167,0.10139372944831848
YJR092W,YDR318W,0,-3.5076523,0.2478485405445099,0.33449476957321167,0.10150986909866333
YPR134W,YKL197C,0,-3.5082102,0.24763542413711548,0.33449476957321167,0.10162601619958878
YBR038W,YNL282W,0,-3.5093486,0.24742268025875092,0.33449476957321167,0.10174216330051422
YGR224W,YDR083W,0,-3.5093834,0.247210294008255,0.33449476957321167,0.10185830295085907
YBR073W,YBR087W,1,-3.509508,0.24785591661930084,0.33565622568130493,0.10185830295085907
YPL060W,YNL282W,0,-3.5095994,0.24764353036880493,0.33565622568130493,0.10197445005178452
YFR052W,YNL304W,0,-3.5096366,0.24743150174617767,0.33565622568130493,0.10209058970212936
YDR208W,YLR424W,0,-3.5102232,0.24721984565258026,0.33565622568130493,0.10220673680305481
YDL200C,YER169W,1,-3.5102892,0.24786324799060822,0.3368176519870758,0.10220673680305481
YGL065C,YOL121C,0,-3.5104005,0.2476515769958496,0.3368176519870758,0.10232288390398026
YBR160W,YDR325W,0,-3.5104628,0.24744027853012085,0.3368176519870758,0.1024390235543251
YER032W,YML103C,0,-3.510762,0.24722932279109955,0.3368176519870758,0.10255517065525055
YKL112W,YBR073W,1,-3.511309,0.247870534658432,0.33797910809516907,0.10255517065525055
YGL065C,YBR008C,0,-3.511942,0.2476595789194107,0.33797910809516907,0.1026713103055954
YHR073W,YDR325W,0,-3.5121408,0.24744898080825806,0.33797910809516907,0.10278745740652084
YNL084C,YFR013W,0,-3.5121922,0.24723874032497406,0.33797910809516907,0.10290359705686569
YML102W,YIL128W,1,-3.5126965,0.24787776172161102,0.33914053440093994,0.10290359705686569
YCR060W,YGR033C,0,-3.5127084,0.24766752123832703,0.33914053440093994,0.10301974415779114
YKR086W,YIL084C,0,-3.5129144,0.2474576234817505,0.33914053440093994,0.10313589125871658
YGL016W,YIL030C,0,-3.5132174,0.2472480982542038,0.33914053440093994,0.10325203090906143
YDR081C,YBL093C,0,-3.5132904,0.24703891575336456,0.33914053440093994,0.10336817800998688
YIL120W,YPL258C,0,-3.5133598,0.24683009088039398,0.33914053440093994,0.10348431766033173
YPL208W,YBR273C,0,-3.5143213,0.24662162363529205,0.33914053440093994,0.10360046476125717
YNL164C,YNL154C,0,-3.5146053,0.24641349911689758,0.33914053440093994,0.10371661186218262
YPR001W,YDR205W,0,-3.5152817,0.24620573222637177,0.33914053440093994,0.10383275151252747
YBR050C,YMR203W,0,-3.5156665,0.2459983080625534,0.33914053440093994,0.10394889861345291
YGR224W,YPL101W,0,-3.515955,0.2457912415266037,0.33914053440093994,0.10406503826379776
YDR425W,YKL042W,0,-3.5164602,0.24558451771736145,0.33914053440093994,0.1041811853647232
YLR263W,YGR059W,0,-3.5165405,0.24537815153598785,0.33914053440093994,0.10429732501506805
YLR319C,YGL172W,0,-3.5165756,0.24517212808132172,0.33914053440093994,0.1044134721159935
YBR087W,YFL008W,1,-3.516662,0.24580536782741547,0.3403019607067108,0.1044134721159935
YKL146W,YBR049C,0,-3.5167544,0.24559932947158813,0.3403019607067108,0.10452961921691895
YNL288W,YLR329W,0,-3.5173056,0.24539363384246826,0.3403019607067108,0.1046457588672638
YAL015C,YNL312W,1,-3.5174272,0.24602510035037994,0.3414634168148041,0.1046457588672638
YER164W,YGL016W,0,-3.5181339,0.24581940472126007,0.3414634168148041,0.10476190596818924
YLR329W,YDR289C,0,-3.5184906,0.24561403691768646,0.3414634168148041,0.10487804561853409
YJL194W,YMR138W,0,-3.5190418,0.2454090118408203,0.3414634168148041,0.10499419271945953
YML062C,YDL080C,0,-3.5195944,0.24520434439182281,0.3414634168148041,0.10511033982038498
YER169W,YDR180W,1,-3.520167,0.24583333730697632,0.34262484312057495,0.10511033982038498
YLR431C,YCL004W,0,-3.5202358,0.24562864005565643,0.34262484312057495,0.10522647947072983
YLL018C-A,YNL222W,0,-3.5204215,0.245424285531044,0.34262484312057495,0.10534262657165527
YGL098W,YJL154C,0,-3.520756,0.24522028863430023,0.34262484312057495,0.10545876622200012
YDL200C,YMR201C,1,-3.5208519,0.2458471804857254,0.3437862992286682,0.10545876622200012
YFR005C,YBR024W,0,-3.5219014,0.24564315378665924,0.3437862992286682,0.10557491332292557
YPL101W,YMR263W,0,-3.5221765,0.24543946981430054,0.3437862992286682,0.10569106042385101
YLR319C,YIL063C,0,-3.5225966,0.2452361285686493,0.3437862992286682,0.10580720007419586
YGL172W,YLR262C,0,-3.523358,0.2450331151485443,0.3437862992286682,0.10592334717512131
YFL025C,YDR081C,0,-3.5245445,0.2448304444551468,0.3437862992286682,0.10603948682546616
YOR386W,YER169W,1,-3.5249379,0.2454545497894287,0.3449477255344391,0.10603948682546616
YIL106W,YHR073W,0,-3.5253015,0.24525186419487,0.3449477255344391,0.1061556339263916
YNL148C,YOR254C,0,-3.525635,0.24504950642585754,0.3449477255344391,0.10627177357673645
YPR025C,YGL172W,0,-3.5262816,0.24484749138355255,0.3449477255344391,0.1063879206776619
YOR217W,YFL008W,1,-3.5264752,0.24546952545642853,0.34610918164253235,0.1063879206776619
YFR028C,YLR135W,0,-3.5265062,0.24526749551296234,0.34610918164253235,0.10650406777858734
YLR007W,YDR180W,1,-3.5268004,0.24588815867900848,0.3472706079483032,0.10650406777858734
YJL076W,YKL055C,0,-3.5269,0.2456861138343811,0.3472706079483032,0.10662020742893219
YOR148C,YDR207C,0,-3.5269709,0.2454843968153,0.3472706079483032,0.10673635452985764
YMR138W,YOL108C,0,-3.5270715,0.24528302252292633,0.3472706079483032,0.10685249418020248
YLR007W,YMR201C,1,-3.527705,0.24590164422988892,0.3484320640563965,0.10685249418020248
YER169W,YHR099W,1,-3.5295851,0.24651925265789032,0.34959349036216736,0.10685249418020248
YJL214W,YOL001W,0,-3.5297933,0.24631750583648682,0.34959349036216736,0.10696864128112793
YOL066C,YML093W,0,-3.531019,0.24611610174179077,0.34959349036216736,0.10708478838205338
YDR116C,YKR086W,0,-3.5311055,0.245915025472641,0.34959349036216736,0.10720092803239822
YDL088C,YDL143W,0,-3.531354,0.24571429193019867,0.34959349036216736,0.10731707513332367
YER114C,YKR086W,0,-3.531686,0.24551387131214142,0.34959349036216736,0.10743321478366852
YDL150W,YCR042C,0,-3.5320427,0.24531377851963043,0.34959349036216736,0.10754936188459396
YNL027W,YKL021C,0,-3.5327504,0.2451140135526657,0.34959349036216736,0.10766550153493881
YFL025C,YLR248W,0,-3.533902,0.24491456151008606,0.34959349036216736,0.10778164863586426
YJL076W,YLR263W,0,-3.534272,0.24471545219421387,0.34959349036216736,0.1078977957367897
YBR278W,YIL128W,1,-3.5352106,0.24532900750637054,0.3507549464702606,0.1078977957367897
YDL098C,YGR181W,0,-3.535301,0.24512986838817596,0.3507549464702606,0.10801393538713455
YDR379W,YOL117W,0,-3.5353992,0.24493105709552765,0.3507549464702606,0.10813008248806
YOR034C,YLR215C,0,-3.5359354,0.2447325736284256,0.3507549464702606,0.10824622213840485
YPR057W,YGL035C,0,-3.5360353,0.2445344179868698,0.3507549464702606,0.10836236923933029
YDR231C,YML055W,0,-3.5370042,0.2443365752696991,0.3507549464702606,0.10847851634025574
YNL014W,YOL108C,0,-3.537213,0.24413904547691345,0.3507549464702606,0.10859465599060059
YDL017W,YOR180C,0,-3.5375998,0.24394184350967407,0.3507549464702606,0.10871080309152603
YFR005C,YLR166C,0,-3.5376558,0.24374495446681976,0.3507549464702606,0.10882694274187088
YOR037W,YOR159C,0,-3.5376754,0.24354839324951172,0.3507549464702606,0.10894308984279633
YFL025C,YFL013C,0,-3.5381052,0.24335213005542755,0.3507549464702606,0.10905923694372177
YDR075W,YMR175W,0,-3.538313,0.24315619468688965,0.3507549464702606,0.10917537659406662
YAL043C,YDR289C,0,-3.5383801,0.24296057224273682,0.3507549464702606,0.10929152369499207
YIL084C,YDL225W,0,-3.5385606,0.24276527762413025,0.3507549464702606,0.10940766334533691
YOR322C,YKL166C,0,-3.5388758,0.24257028102874756,0.3507549464702606,0.10952381044626236
YOR322C,YMR139W,0,-3.5392673,0.24237559735774994,0.3507549464702606,0.10963995009660721
YCL055W,YMR047C,0,-3.5393922,0.24218124151229858,0.3507549464702606,0.10975609719753265
YGL065C,YJR102C,0,-3.5396965,0.2419871836900711,0.3507549464702606,0.1098722442984581
YOR002W,YLR329W,0,-3.5400836,0.2417934387922287,0.3507549464702606,0.10998838394880295
YBR087W,YMR284W,1,-3.540125,0.24240000545978546,0.3519163727760315,0.10998838394880295
YLR381W,YAL022C,0,-3.5401819,0.24220623075962067,0.3519163727760315,0.1101045310497284
YDL217C,YNR006W,0,-3.5401857,0.24201278388500214,0.3519163727760315,0.11022067070007324
YGL016W,YOR148C,0,-3.5414047,0.24181963503360748,0.3519163727760315,0.11033681780099869
YPR155C,YLR010C,0,-3.5416033,0.2416267991065979,0.3519163727760315,0.11045296490192413
YBL061C,YPR095C,0,-3.5417655,0.2414342612028122,0.3519163727760315,0.11056910455226898
YER142C,YKL025C,1,-3.5423067,0.24203822016716003,0.35307782888412476,0.11056910455226898
YLR425W,YGL098W,0,-3.5424898,0.24184566736221313,0.35307782888412476,0.11068525165319443
YOR180C,YMR069W,0,-3.5433486,0.2416534125804901,0.35307782888412476,0.11080139130353928
YPL100W,YHR124W,0,-3.5436046,0.24146147072315216,0.35307782888412476,0.11091753840446472
YBL105C,YDR075W,0,-3.5445032,0.24126984179019928,0.35307782888412476,0.11103367805480957
YOR037W,YHR034C,0,-3.5445113,0.24107851088047028,0.35307782888412476,0.11114982515573502
YMR270C,YJR086W,0,-3.5446625,0.24088747799396515,0.35307782888412476,0.11126597225666046
YBL026W,YBR240C,0,-3.5449097,0.2406967580318451,0.35307782888412476,0.11138211190700531
YKR055W,YOR212W,0,-3.545186,0.2405063360929489,0.35307782888412476,0.11149825900793076
YDL013W,YOR149C,0,-3.5457237,0.2403162121772766,0.35307782888412476,0.1116143986582756
YLR219W,YGL151W,0,-3.5458307,0.24012638628482819,0.35307782888412476,0.11173054575920105
YGR258C,YPL153C,1,-3.5461788,0.24072612822055817,0.35423925518989563,0.11173054575920105
YDL088C,YDR425W,0,-3.5466518,0.24053627252578735,0.35423925518989563,0.1118466928601265
YFL029C,YNL088W,0,-3.5472734,0.2403467297554016,0.35423925518989563,0.11196283251047134
YER106W,YOR179C,0,-3.5477989,0.24015748500823975,0.35423925518989563,0.11207897961139679
YGL178W,YMR076C,0,-3.5479765,0.23996852338314056,0.35423925518989563,0.11219511926174164
YOR034C,YNL167C,0,-3.5493104,0.23977987468242645,0.35423925518989563,0.11231126636266708
YIL056W,YJL154C,0,-3.549347,0.23959150910377502,0.35423925518989563,0.11242741346359253
YMR076C,YCR084C,0,-3.549525,0.23940345644950867,0.35423925518989563,0.11254355311393738
YOR005C,YNL312W,1,-3.5497754,0.23999999463558197,0.3554007112979889,0.11254355311393738
YAL043C,YCR042C,0,-3.5498385,0.23981191217899323,0.3554007112979889,0.11265970021486282
YGL065C,YKR095W,0,-3.5498796,0.23962411284446716,0.3554007112979889,0.11277583986520767
YPR057W,YKL197C,0,-3.5506809,0.23943662643432617,0.3554007112979889,0.11289198696613312
YEL037C,YBR073W,1,-3.551239,0.24003127217292786,0.35656213760375977,0.11289198696613312
YLR329W,YOR212W,0,-3.5512612,0.23984375596046448,0.35656213760375977,0.11300812661647797
YMR201C,YBR087W,1,-3.5513542,0.24043716490268707,0.35772356390953064,0.11300812661647797
YOL069W,YHR073W,0,-3.5515535,0.2402496039867401,0.35772356390953064,0.11312427371740341
YBR152W,YPL033C,0,-3.5515575,0.24006235599517822,0.35772356390953064,0.11324042081832886
YJR083C,YJL208C,0,-3.5517328,0.23987539112567902,0.35772356390953064,0.1133565604686737
YNL127W,YMR283C,0,-3.5519972,0.2396887093782425,0.35772356390953064,0.11347270756959915
YML102W,YDR386W,1,-3.552554,0.2402799427509308,0.3588850200176239,0.11347270756959915
YPL153C,YDR359C,1,-3.552588,0.24087023735046387,0.3600464463233948,0.11347270756959915
YDR191W,YKR008W,0,-3.5526497,0.24068322777748108,0.3600464463233948,0.113588847219944
YPL100W,YPR188C,0,-3.5530503,0.24049651622772217,0.3600464463233948,0.11370499432086945
YGL065C,YOR079C,0,-3.5532324,0.24031007289886475,0.3600464463233948,0.11382114142179489
YDR337W,YMR069W,0,-3.5536296,0.2401239275932312,0.3600464463233948,0.11393728107213974
YIL128W,YLR007W,1,-3.5536816,0.24071207642555237,0.36120790243148804,0.11393728107213974
YBR201W,YMR270C,0,-3.5537252,0.24052590131759644,0.36120790243148804,0.11405342817306519
YJR017C,YHR200W,0,-3.5538056,0.24034002423286438,0.36120790243148804,0.11416956782341003
YMR076C,YOR064C,0,-3.5538442,0.2401544451713562,0.36120790243148804,0.11428571492433548
YFR013W,YDR393W,0,-3.5541441,0.2399691343307495,0.36120790243148804,0.11440186202526093
YOR239W,YIL036W,0,-3.5549533,0.2397841215133667,0.36120790243148804,0.11451800167560577
YOL045W,YDR181C,0,-3.5554163,0.23959937691688538,0.36120790243148804,0.11463414877653122
YPL224C,YLR059C,0,-3.555895,0.23941493034362793,0.36120790243148804,0.11475028842687607
YLR215C,YPL269W,0,-3.5564172,0.23923076689243317,0.36120790243148804,0.11486643552780151
YOL063C,YDL087C,0,-3.557092,0.2390468865633011,0.36120790243148804,0.11498257517814636
YJL183W,YCL043C,0,-3.557344,0.2388632893562317,0.36120790243148804,0.11509872227907181
YDR331W,YBR077C,0,-3.5574026,0.23867997527122498,0.36120790243148804,0.11521486937999725
YKR008W,YNL026W,0,-3.5575578,0.23849692940711975,0.36120790243148804,0.1153310090303421
YNL323W,YHL009C,0,-3.5581176,0.2383141815662384,0.36120790243148804,0.11544715613126755
YIL128W,YFL008W,1,-3.558411,0.2388973981142044,0.3623693287372589,0.11544715613126755
YGL175C,YDL042C,1,-3.559201,0.23947972059249878,0.3635307848453522,0.11544715613126755
YDL003W,YIL120W,0,-3.5597217,0.23929663002490997,0.3635307848453522,0.1155632957816124
YIL128W,YML032C,1,-3.5599492,0.23987777531147003,0.36469221115112305,0.1155632957816124
YGL247W,YOR037W,0,-3.5602305,0.23969465494155884,0.36469221115112305,0.11567944288253784
YLR133W,YKR007W,0,-3.56067,0.23951181769371033,0.36469221115112305,0.11579558998346329
YOR260W,YOR330C,0,-3.5607474,0.2393292635679245,0.36469221115112305,0.11591172963380814
YOL043C,YMR201C,1,-3.561292,0.2399086058139801,0.3658536672592163,0.11591172963380814
YMR224C,YOR217W,1,-3.5615566,0.24048706889152527,0.3670150935649872,0.11591172963380814
YGR262C,YLR011W,0,-3.5617058,0.24030418694019318,0.3670150935649872,0.11602787673473358
YBR278W,YML032C,1,-3.5618966,0.24088145792484283,0.36817654967308044,0.11602787673473358
YPR083W,YGL143C,0,-3.5619063,0.24069856107234955,0.36817654967308044,0.11614401638507843
YLR090W,YDL235C,0,-3.5633585,0.24051593244075775,0.36817654967308044,0.11626016348600388
YAL015C,YBR073W,1,-3.5635808,0.2410917431116104,0.3693379759788513,0.11626016348600388
YML032C,YDR180W,1,-3.5638087,0.24166665971279144,0.3704994320869446,0.11626016348600388
YOL066C,YBR273C,0,-3.564289,0.24148371815681458,0.3704994320869446,0.11637630313634872
YOR249C,YOL066C,0,-3.5642993,0.2413010597229004,0.3704994320869446,0.11649245023727417
YPR001W,YHR124W,0,-3.5643294,0.2411186695098877,0.3704994320869446,0.11660859733819962
YIL084C,YLR147C,0,-3.5646925,0.24093656241893768,0.3704994320869446,0.11672473698854446
YDR386W,YDL042C,1,-3.5648217,0.24150943756103516,0.37166085839271545,0.11672473698854446
YDR480W,YDR122W,0,-3.5650234,0.24132730066776276,0.37166085839271545,0.11684088408946991
YPL209C,YJL102W,0,-3.5650876,0.24114544689655304,0.37166085839271545,0.11695702373981476
YHR174W,YPR181C,0,-3.5653546,0.2409638613462448,0.37166085839271545,0.1170731708407402
YDL003W,YKL018W,0,-3.5655773,0.24078254401683807,0.37166085839271545,0.11718931794166565
YMR283C,YIL080W,0,-3.5658803,0.24060150980949402,0.37166085839271545,0.1173054575920105
YLR127C,YBR155W,0,-3.5662358,0.24042072892189026,0.37166085839271545,0.11742160469293594
YOR005C,YLR005W,1,-3.5663822,0.2409909963607788,0.3728223145008087,0.11742160469293594
YOR037W,YLR240W,0,-3.5667431,0.24081020057201385,0.3728223145008087,0.11753774434328079
YPL153C,YDR180W,1,-3.5671403,0.24137930572032928,0.3739837408065796,0.11753774434328079
YJL165C,YCL055W,0,-3.5671656,0.24119849503040314,0.3739837408065796,0.11765389144420624
YPL153C,YER169W,1,-3.567391,0.24176646769046783,0.37514516711235046,0.11765389144420624
YHR187W,YLR011W,0,-3.567889,0.2415856420993805,0.37514516711235046,0.11777003854513168
YOR002W,YNL020C,0,-3.5682733,0.24140508472919464,0.37514516711235046,0.11788617819547653
YPL101W,YMR183C,0,-3.5682933,0.24122479557991028,0.37514516711235046,0.11800232529640198
YOR330C,YCR061W,0,-3.568444,0.2410447746515274,0.37514516711235046,0.11811846494674683
YNL312W,YDR460W,1,-3.569432,0.24161073565483093,0.3763066232204437,0.11811846494674683
YJL165C,YPL151C,0,-3.5695846,0.24143069982528687,0.3763066232204437,0.11823461204767227
YBR256C,YAR008W,0,-3.5696585,0.2412509322166443,0.3763066232204437,0.11835075169801712
YDR205W,YMR079W,0,-3.5699012,0.2410714328289032,0.3763066232204437,0.11846689879894257
YDR386W,YNL312W,1,-3.570472,0.24163569509983063,0.3774680495262146,0.11846689879894257
YGL142C,YLR026C,0,-3.570624,0.24145616590976715,0.3774680495262146,0.11858304589986801
YPL153C,YDL042C,1,-3.5709593,0.24201929569244385,0.37862950563430786,0.11858304589986801
YIL128W,YKL025C,1,-3.5710847,0.24258160591125488,0.37979093194007874,0.11858304589986801
YFR013W,YLR147C,0,-3.5714169,0.24240177869796753,0.37979093194007874,0.11869918555021286
YKR008W,YOR307C,0,-3.571513,0.24222221970558167,0.37979093194007874,0.1188153326511383
YKL101W,YJL203W,0,-3.5715582,0.2420429289340973,0.37979093194007874,0.11893147230148315
YOL066C,YCR060W,0,-3.5717332,0.2418639063835144,0.37979093194007874,0.1190476194024086
YMR224C,YER169W,1,-3.571873,0.24242424964904785,0.380952388048172,0.1190476194024086
YPL100W,YDL098C,0,-3.572438,0.24224519729614258,0.380952388048172,0.11916376650333405
YMR224C,YNL262W,1,-3.572449,0.2428044229745865,0.38211381435394287,0.11916376650333405
YCR084C,YOR106W,0,-3.5730364,0.2426253706216812,0.38211381435394287,0.1192799061536789
YGL155W,YKR008W,0,-3.5730803,0.24244657158851624,0.38211381435394287,0.11939605325460434
YBR002C,YIL109C,0,-3.5734756,0.24226804077625275,0.38211381435394287,0.11951219290494919
YCR107W,YDR205W,0,-3.5737422,0.24208977818489075,0.38211381435394287,0.11962834000587463
YEL037C,YDR359C,1,-3.5744066,0.24264705181121826,0.38327527046203613,0.11962834000587463
YFR028C,YNL127W,0,-3.5746362,0.24246877431869507,0.38327527046203613,0.11974447965621948
YIR015W,YIL061C,0,-3.5753462,0.24229075014591217,0.38327527046203613,0.11986062675714493
YOR005C,YBR087W,1,-3.575902,0.24284666776657104,0.384436696767807,0.11986062675714493
YGR224W,YMR052W,0,-3.576071,0.24266862869262695,0.384436696767807,0.11997677385807037
YHR073W,YHR012W,0,-3.5762842,0.24249084293842316,0.384436696767807,0.12009291350841522
YGL151W,YJL139C,0,-3.5769584,0.24231332540512085,0.384436696767807,0.12020906060934067
YJL090C,YDR460W,1,-3.5770261,0.2428675889968872,0.38559815287590027,0.12020906060934067
YKL101W,YPL060W,0,-3.5773685,0.2426900565624237,0.38559815287590027,0.12032520025968552
YDL008W,YNL084C,0,-3.5775924,0.2425127774477005,0.38559815287590027,0.12044134736061096
YMR201C,YDL042C,1,-3.5778296,0.2430656999349594,0.38675957918167114,0.12044134736061096
YKL005C,YMR183C,0,-3.5782158,0.242888405919075,0.38675957918167114,0.12055749446153641
YNL230C,YIL063C,0,-3.5782173,0.2427113652229309,0.38675957918167114,0.12067363411188126
YFR034C,YDR310C,0,-3.5785098,0.2425345927476883,0.38675957918167114,0.1207897812128067
YOR221C,YMR153W,0,-3.5792694,0.24235807359218597,0.38675957918167114,0.12090592086315155
YLR011W,YMR076C,0,-3.5795474,0.24218182265758514,0.38675957918167114,0.121022067964077
YGL084C,YOR254C,0,-3.5797467,0.24200581014156342,0.38675957918167114,0.12113821506500244
YDR478W,YML097C,0,-3.5798082,0.24183006584644318,0.38675957918167114,0.12125435471534729
YPR082C,YOR330C,0,-3.5800707,0.24165457487106323,0.38675957918167114,0.12137050181627274
YNL136W,YML023C,1,-3.580209,0.24220450222492218,0.3879210352897644,0.12137050181627274
YFR052W,YPR182W,0,-3.5802474,0.24202898144721985,0.3879210352897644,0.12148664146661758
YDR480W,YOL133W,0,-3.5805135,0.241853728890419,0.3879210352897644,0.12160278856754303
YOR144C,YMR106C,1,-3.580849,0.2424023151397705,0.3890824615955353,0.12160278856754303
YNL039W,YKL191W,0,-3.5809343,0.24222704768180847,0.3890824615955353,0.12171892821788788
YMR052W,YNL070W,0,-3.5813367,0.24205201864242554,0.3890824615955353,0.12183507531881332
YDR423C,YNL323W,0,-3.5815547,0.2418772578239441,0.3890824615955353,0.12195122241973877
YDR359C,YMR106C,1,-3.5817254,0.24242424964904785,0.39024388790130615,0.12195122241973877
YCR038C,YOR349W,0,-3.582382,0.24224945902824402,0.39024388790130615,0.12206736207008362
YKL191W,YOL066C,0,-3.5828927,0.24207492172718048,0.39024388790130615,0.12218350917100906
YOL077W-A,YML120C,0,-3.5829842,0.24190065264701843,0.39024388790130615,0.12229964882135391
YDR301W,YGR222W,0,-3.5830843,0.24172662198543549,0.39024388790130615,0.12241579592227936
YOL031C,YCL008C,0,-3.5833585,0.24155284464359283,0.39024388790130615,0.1225319430232048
YLR263W,YDR478W,0,-3.5836515,0.24137930572032928,0.39024388790130615,0.12264808267354965
YKL112W,YNL262W,1,-3.5838366,0.24192389845848083,0.3914053440093994,0.12264808267354965
YMR119W,YIL159W,0,-3.5838478,0.24175035953521729,0.3914053440093994,0.1227642297744751
YBR234C,YGL053W,0,-3.5840573,0.24157705903053284,0.3914053440093994,0.12288036942481995
YJL194W,YCL055W,0,-3.5842113,0.24140401184558868,0.3914053440093994,0.12299651652574539
YDR163W,YGL092W,0,-3.5845897,0.24123120307922363,0.3914053440093994,0.12311265617609024
YDR524C,YKL042W,0,-3.585092,0.24105866253376007,0.3914053440093994,0.12322880327701569
YKL112W,YDR359C,1,-3.5851538,0.2416011393070221,0.3925667703151703,0.12322880327701569
YJL207C,YJL128C,0,-3.5853004,0.24142856895923615,0.3925667703151703,0.12334495037794113
YDR386W,YLR007W,1,-3.5855634,0.2419700175523758,0.39372822642326355,0.12334495037794113
YDL006W,YMR270C,0,-3.5855796,0.24179743230342865,0.39372822642326355,0.12346109002828598
YOR079C,YMR069W,0,-3.585769,0.2416250854730606,0.39372822642326355,0.12357723712921143
YBR234C,YNL323W,0,-3.5857732,0.24145299196243286,0.39372822642326355,0.12369337677955627
YNR026C,YNR015W,0,-3.5860584,0.24128113687038422,0.39372822642326355,0.12380952388048172
YMR119W,YBR038W,0,-3.5862887,0.24110953509807587,0.39372822642326355,0.12392567098140717
YGL003C,YPR094W,0,-3.5866675,0.24093817174434662,0.39372822642326355,0.12404181063175201
YNL136W,YHR099W,1,-3.586693,0.24147726595401764,0.3948896527290344,0.12404181063175201
YNL262W,YMR284W,1,-3.5873673,0.24201561510562897,0.3960511088371277,0.12404181063175201
YOL066C,YIL061C,0,-3.5881755,0.24184396862983704,0.3960511088371277,0.12415795773267746
YOL156W,YML055W,0,-3.5885925,0.2416725754737854,0.3960511088371277,0.12427409738302231
YPR134W,YOL001W,0,-3.5893016,0.24150142073631287,0.3960511088371277,0.12439024448394775
YDL029W,YOR172W,0,-3.5898235,0.24133050441741943,0.3960511088371277,0.1245063915848732
YDL197C,YDR208W,0,-3.589974,0.2411598265171051,0.3960511088371277,0.12462253123521805
YOR249C,YGL171W,0,-3.5900576,0.24098940193653107,0.3960511088371277,0.1247386783361435
YDR379W,YPR032W,0,-3.5902703,0.24081921577453613,0.3960511088371277,0.12485481798648834
YLR127C,YPL192C,0,-3.5904562,0.2406492531299591,0.3960511088371277,0.12497096508741379
YOR036W,YJL072C,0,-3.5909078,0.24047954380512238,0.3960511088371277,0.12508711218833923
YDL117W,YOL133W,0,-3.5915926,0.24031007289886475,0.3960511088371277,0.12520325183868408
YER169W,YGL175C,1,-3.5916038,0.24084506928920746,0.39721253514289856,0.12520325183868408
YOL077W-A,YJR045C,0,-3.5918987,0.24067558348178864,0.39721253514289856,0.12531939148902893
YJR139C,YDR478W,0,-3.5928996,0.2405063360929489,0.39721253514289856,0.12543554604053497
YGR261C,YLR381W,0,-3.593097,0.2403373122215271,0.39721253514289856,0.12555168569087982
YMR138W,YOR148C,0,-3.5932536,0.24016854166984558,0.39721253514289856,0.12566782534122467
YOL049W,YHR158C,0,-3.5938528,0.23999999463558197,0.39721253514289856,0.12578396499156952
YFL048C,YBR129C,0,-3.5939586,0.23983170092105865,0.39721253514289856,0.12590011954307556
YNL222W,YIL063C,0,-3.5939798,0.23966363072395325,0.39721253514289856,0.1260162591934204
YDR359C,YMR284W,1,-3.5945635,0.2401960790157318,0.3983739912509918,0.1260162591934204
YMR224C,YLR007W,1,-3.5945776,0.24072778224945068,0.3995354175567627,0.1260162591934204
YOR039W,YPL235W,0,-3.5947459,0.2405594438314438,0.3995354175567627,0.12613239884376526
YOL045W,YLR240W,0,-3.595011,0.2403913289308548,0.3995354175567627,0.1262485533952713
YDR142C,YJL139C,0,-3.5955718,0.2402234673500061,0.3995354175567627,0.12636469304561615
YBR201W,YGR010W,0,-3.5958395,0.24005582928657532,0.3995354175567627,0.126480832695961
YKR095W,YOL142W,0,-3.5959253,0.23988842964172363,0.3995354175567627,0.12659698724746704
YMR029C,YDR181C,0,-3.5964081,0.23972125351428986,0.3995354175567627,0.1267131268978119
YBR002C,YOL105C,0,-3.5967891,0.23955431580543518,0.3995354175567627,0.12682926654815674
YGR041W,YJL139C,0,-3.5970259,0.2393876165151596,0.3995354175567627,0.1269454061985016
YLR205C,YLR193C,0,-3.5981576,0.23922114074230194,0.3995354175567627,0.12706156075000763
YPL209C,YHR160C,0,-3.5982184,0.23905490338802338,0.3995354175567627,0.12717770040035248
YGR258C,YMR106C,1,-3.5987127,0.2395833283662796,0.40069687366485596,0.12717770040035248
YIL128W,YBR073W,1,-3.5987408,0.24011103808879852,0.40185829997062683,0.12717770040035248
YPR155C,YDR397C,0,-3.5992131,0.23994451761245728,0.40185829997062683,0.12729384005069733
YKL165C,YMR026C,0,-3.6001039,0.23977823555469513,0.40185829997062683,0.12740999460220337
YLR263W,YER070W,0,-3.6001184,0.23961219191551208,0.40185829997062683,0.12752613425254822
YDR331W,YLR329W,0,-3.6001809,0.23944637179374695,0.40185829997062683,0.12764227390289307
YJR076C,YDR021W,0,-3.6004703,0.23928077518939972,0.40185829997062683,0.12775841355323792
YKL011C,YLR262C,0,-3.6004922,0.2391154170036316,0.40185829997062683,0.12787456810474396
YIR005W,YPL239W,0,-3.6006691,0.23895028233528137,0.40185829997062683,0.1279907077550888
YJL072C,YGR186W,0,-3.6007926,0.23878537118434906,0.40185829997062683,0.12810684740543365
YDR009W,YGL068W,0,-3.6008565,0.23862068355083466,0.40185829997062683,0.1282230019569397
YGL011C,YBR240C,0,-3.6010325,0.23845623433589935,0.40185829997062683,0.12833914160728455
YBR010W,YML015C,0,-3.6010778,0.23829200863838196,0.40185829997062683,0.1284552812576294
YGR224W,YOR123C,0,-3.601323,0.23812800645828247,0.40185829997062683,0.12857143580913544
YBR155W,YKL042W,0,-3.601362,0.23796424269676208,0.40185829997062683,0.12868757545948029
YML032C,YFL008W,1,-3.6015704,0.23848797380924225,0.4030197560787201,0.12868757545948029
YMR091C,YGL013C,0,-3.6021097,0.23832418024539948,0.4030197560787201,0.12880371510982513
YPR134W,YPL033C,0,-3.602273,0.2381606101989746,0.4030197560787201,0.12891985476016998
YKL139W,YHR023W,0,-3.602545,0.23799726366996765,0.4030197560787201,0.12903600931167603
YMR162C,YDR081C,0,-3.6026914,0.2378341257572174,0.4030197560787201,0.12915214896202087
YFL041W,YDL235C,0,-3.6031635,0.23767122626304626,0.4030197560787201,0.12926828861236572
YJR022W,YJL108C,0,-3.60339,0.23750855028629303,0.4030197560787201,0.12938444316387177
YKL112W,YKL025C,1,-3.6034214,0.2380300909280777,0.40418118238449097,0.12938444316387177
YGL151W,YDR181C,0,-3.6050463,0.23786740005016327,0.40418118238449097,0.1295005828142166
YGL238W,YDL225W,0,-3.6054058,0.23770491778850555,0.40418118238449097,0.12961672246456146
YJL090C,YNL262W,1,-3.6071727,0.23822525143623352,0.40534263849258423,0.12961672246456146
YER167W,YKL101W,0,-3.6077313,0.2380627542734146,0.40534263849258423,0.1297328621149063
YCR038C,YGL092W,0,-3.6078641,0.2379004806280136,0.40534263849258423,0.12984901666641235
YJR131W,YDR335W,0,-3.6083288,0.23773841559886932,0.40534263849258423,0.1299651563167572
YEL062W,YHR084W,0,-3.6087449,0.23757658898830414,0.40534263849258423,0.13008129596710205
YDL008W,YDR195W,0,-3.6087852,0.23741497099399567,0.40534263849258423,0.1301974505186081
YLR431C,YBR077C,0,-3.609019,0.2372535616159439,0.40534263849258423,0.13031359016895294
YDR478W,YEL004W,0,-3.609108,0.23709239065647125,0.40534263849258423,0.1304297298192978
YML023C,YOL043C,1,-3.609966,0.237610325217247,0.4065040647983551,0.1304297298192978
YBR201W,YKL160W,0,-3.6100047,0.23744912445545197,0.4065040647983551,0.13054586946964264
YNL230C,YER005W,0,-3.6100464,0.23728813230991364,0.4065040647983551,0.13066202402114868
YNL164C,YDR318W,0,-3.6100602,0.2371273785829544,0.4065040647983551,0.13077816367149353
YNR010W,YAL042W,0,-3.6103756,0.2369668185710907,0.4065040647983551,0.13089430332183838
YFR013W,YCL008C,0,-3.6104274,0.2368064969778061,0.4065040647983551,0.13101045787334442
YNL129W,YMR026C,0,-3.6106765,0.2366463840007782,0.4065040647983551,0.13112659752368927
YGL219C,YCL032W,0,-3.6108549,0.23648647964000702,0.4065040647983551,0.13124273717403412
YDL088C,YGL068W,0,-3.6113908,0.23632679879665375,0.4065040647983551,0.13135889172554016
YNL262W,YGL175C,1,-3.6116774,0.2368421107530594,0.407665491104126,0.13135889172554016
YLR127C,YML127W,0,-3.6119847,0.23668240010738373,0.407665491104126,0.131475031375885
YLR127C,YML097C,0,-3.6120756,0.23652291297912598,0.407665491104126,0.13159117102622986
YOR180C,YPL021W,0,-3.6123888,0.23636363446712494,0.407665491104126,0.1317073106765747
YMR232W,YEL016C,0,-3.6126535,0.2362045794725418,0.407665491104126,0.13182346522808075
YJL065C,YLR424W,0,-3.6132207,0.2360457330942154,0.407665491104126,0.1319396048784256
YER169W,YDR460W,1,-3.6135638,0.23655913770198822,0.40882694721221924,0.1319396048784256
YGL247W,YMR052W,0,-3.6137798,0.23640026152133942,0.40882694721221924,0.13205574452877045
YJL111W,YKL197C,0,-3.6137805,0.23624160885810852,0.40882694721221924,0.1321718990802765
YPL188W,YJL048C,0,-3.6141398,0.23608316481113434,0.40882694721221924,0.13228803873062134
YGL143C,YAL032C,0,-3.6148372,0.23592492938041687,0.40882694721221924,0.1324041783809662
YBR077C,YOR172W,0,-3.6148798,0.2357669174671173,0.40882694721221924,0.13252031803131104
YBL009W,YKL018W,0,-3.6150494,0.23560909926891327,0.40882694721221924,0.13263647258281708
YOR039W,YLR394W,0,-3.615142,0.23545150458812714,0.40882694721221924,0.13275261223316193
YCR048W,YJR092W,0,-3.615435,0.23529411852359772,0.40882694721221924,0.13286875188350677
YMR041C,YOR330C,0,-3.6155088,0.235136941075325,0.40882694721221924,0.13298490643501282
YAL032C,YER075C,0,-3.6155877,0.23497997224330902,0.40882694721221924,0.13310104608535767
YML055W,YGR059W,0,-3.6156542,0.23482321202754974,0.40882694721221924,0.13321718573570251
YDL232W,YKR055W,0,-3.61678,0.23466666042804718,0.40882694721221924,0.13333334028720856
YJL008C,YKL197C,0,-3.617043,0.23451033234596252,0.40882694721221924,0.1334494799375534
YPL268W,YML098W,0,-3.6173823,0.2343541979789734,0.40882694721221924,0.13356561958789825
YGL219C,YHR124W,0,-3.6173847,0.23419827222824097,0.40882694721221924,0.1336817592382431
YBR073W,YMR284W,1,-3.617943,0.23470744490623474,0.4099883735179901,0.1336817592382431
YER142C,YPL153C,1,-3.618033,0.2352159470319748,0.4111498296260834,0.1336817592382431
YJL214W,YDL217C,0,-3.6180847,0.23505976796150208,0.4111498296260834,0.13379791378974915
YMR052W,YER008C,0,-3.6180956,0.23490378260612488,0.4111498296260834,0.133914053440094
YJR093C,YDR398W,0,-3.6186717,0.2347480058670044,0.4111498296260834,0.13403019309043884
YOR346W,YMR106C,1,-3.6189406,0.2352551370859146,0.41231125593185425,0.13403019309043884
YGL155W,YOR148C,0,-3.6190646,0.23509933054447174,0.41231125593185425,0.13414634764194489
YOL113W,YML114C,0,-3.6197195,0.23494374752044678,0.41231125593185425,0.13426248729228973
YMR001C,YPL239W,0,-3.61998,0.23478835821151733,0.41231125593185425,0.13437862694263458
YPL118W,YDL098C,0,-3.6201918,0.2346331775188446,0.41231125593185425,0.13449476659297943
YBR211C,YGL151W,0,-3.6203477,0.2344782054424286,0.41231125593185425,0.13461092114448547
YAL015C,YFL008W,1,-3.6203847,0.23498350381851196,0.4134727120399475,0.13461092114448547
YOR005C,YBR278W,1,-3.6206033,0.2354881316423416,0.4146341383457184,0.13461092114448547
YGR218W,YOR221C,0,-3.6206636,0.2353328913450241,0.4146341383457184,0.13472706079483032
YNL118C,YOL031C,0,-3.6211836,0.23517785966396332,0.4146341383457184,0.13484320044517517
YMR224C,YML023C,1,-3.6212358,0.23568136990070343,0.41579559445381165,0.13484320044517517
YGR261C,YKR095W,0,-3.6215055,0.23552630841732025,0.41579559445381165,0.1349593549966812
YEL016C,YBR295W,0,-3.6215842,0.23537147045135498,0.41579559445381165,0.13507549464702606
YBR145W,YEL027W,0,-3.6217906,0.23521682620048523,0.41579559445381165,0.1351916342973709
YMR224C,YOR346W,1,-3.6221967,0.2357189804315567,0.4169570207595825,0.1351916342973709
YOR217W,YDR180W,1,-3.622298,0.23622047901153564,0.4181184768676758,0.1351916342973709
YPR046W,YML127W,0,-3.6224134,0.2360655665397644,0.4181184768676758,0.13530778884887695
YPR082C,YJL139C,0,-3.6226442,0.23591087758541107,0.4181184768676758,0.1354239284992218
YIL034C,YML120C,0,-3.622997,0.23575638234615326,0.4181184768676758,0.13554006814956665
YNL262W,YOR217W,1,-3.6236055,0.23625653982162476,0.41927990317344666,0.13554006814956665
YOR249C,YKL101W,0,-3.6238377,0.23610202968120575,0.41927990317344666,0.1356562077999115
YMR041C,YMR119W,0,-3.6241245,0.23594771325588226,0.41927990317344666,0.13577236235141754
YPR188C,YMR089C,0,-3.624315,0.2357936054468155,0.41927990317344666,0.1358885020017624
YML080W,YHL009C,0,-3.6246338,0.23563969135284424,0.41927990317344666,0.13600464165210724
YFR052W,YNL222W,0,-3.6248047,0.2354859709739685,0.41927990317344666,0.13612079620361328
YMR072W,YMR263W,0,-3.625617,0.2353324592113495,0.41927990317344666,0.13623693585395813
YOL001W,YLR425W,0,-3.6256382,0.23517915606498718,0.41927990317344666,0.13635307550430298
YKL112W,YMR106C,1,-3.625725,0.2356770783662796,0.4204413592815399,0.13635307550430298
YMR041C,YNL328C,0,-3.6257896,0.2355237454175949,0.4204413592815399,0.13646921515464783
YMR162C,YDR372C,0,-3.6264102,0.23537060618400574,0.4204413592815399,0.13658536970615387
YDR386W,YLR005W,1,-3.6264198,0.235867440700531,0.4216027855873108,0.13658536970615387
YJR150C,YDR379W,0,-3.6265085,0.23571428656578064,0.4216027855873108,0.13670150935649872
YDL175C,YFL036W,0,-3.626631,0.2355613261461258,0.4216027855873108,0.13681764900684357
YDR309C,YNL328C,0,-3.6269667,0.23540855944156647,0.4216027855873108,0.1369338035583496
YLR242C,YLR008C,0,-3.6273413,0.23525600135326385,0.4216027855873108,0.13704994320869446
YBR192W,YOR064C,0,-3.6275904,0.23510362207889557,0.4216027855873108,0.1371660828590393
YBR275C,YKL079W,0,-3.6284158,0.234951451420784,0.4216027855873108,0.13728223741054535
YJR140C,YML103C,0,-3.6285107,0.23479948937892914,0.4216027855873108,0.1373983770608902
YFR034C,YBR273C,0,-3.6285748,0.2346477061510086,0.4216027855873108,0.13751451671123505
YAL022C,YNL053W,0,-3.628676,0.2344961166381836,0.4216027855873108,0.1376306563615799
YOR148C,YEL051W,0,-3.6288264,0.2343447357416153,0.4216027855873108,0.13774681091308594
YJR131W,YDR181C,0,-3.6290772,0.23419354856014252,0.4216027855873108,0.1378629505634308
YJR140C,YAL032C,0,-3.629131,0.23404255509376526,0.4216027855873108,0.13797909021377563
YBR201W,YLR025W,0,-3.6291702,0.23389175534248352,0.4216027855873108,0.13809524476528168
YFR028C,YLR193C,0,-3.6293213,0.2337411493062973,0.4216027855873108,0.13821138441562653
YML023C,YGL175C,1,-3.6294234,0.23423422873020172,0.42276424169540405,0.13821138441562653
YCL055W,YJL183W,0,-3.629628,0.2340836077928543,0.42276424169540405,0.13832752406597137
YJR092W,YDL135C,0,-3.6305628,0.23393316566944122,0.42276424169540405,0.13844366371631622
YNL053W,YHR012W,0,-3.6314297,0.23378291726112366,0.42276424169540405,0.13855981826782227
YFL013C,YAL032C,0,-3.6315634,0.2336328625679016,0.42276424169540405,0.13867595791816711
YNL262W,YHR099W,1,-3.6315665,0.23412443697452545,0.4239256680011749,0.13867595791816711
YER142C,YNL312W,1,-3.6321084,0.23461538553237915,0.4250870943069458,0.13867595791816711
YPR057W,YOR039W,0,-3.6322126,0.234465092420578,0.4250870943069458,0.13879209756851196
YDR386W,YHR099W,1,-3.6326554,0.23495519161224365,0.42624855041503906,0.13879209756851196
YBR192W,YHR119W,0,-3.6336203,0.23480486869812012,0.42624855041503906,0.138908252120018
YMR021C,YBR240C,0,-3.634186,0.2346547245979309,0.42624855041503906,0.13902439177036285
YHR158C,YIL008W,0,-3.634465,0.2345047891139984,0.42624855041503906,0.1391405314207077
YMR073C,YLL011W,0,-3.634598,0.23435504734516144,0.42624855041503906,0.13925667107105255
YML023C,YML032C,1,-3.6349046,0.2348436564207077,0.42740997672080994,0.13925667107105255
YER142C,YDR180W,1,-3.6352284,0.23533163964748383,0.4285714328289032,0.13925667107105255
YJR017C,YCR044C,0,-3.635524,0.23518164455890656,0.4285714328289032,0.1393728256225586
YBL009W,YJL010C,0,-3.6355805,0.2350318431854248,0.4285714328289032,0.13948896527290344
YCL027W,YGR024C,0,-3.6358335,0.23488223552703857,0.4285714328289032,0.1396051049232483
YCL004W,YKL095W,0,-3.6358683,0.23473282158374786,0.4285714328289032,0.13972125947475433
YNL136W,YMR106C,1,-3.6362288,0.2352193295955658,0.4297328591346741,0.13972125947475433
YIL084C,YMR197C,0,-3.636552,0.2350698858499527,0.4297328591346741,0.13983739912509918
YBR065C,YHR073W,0,-3.6367855,0.23492063581943512,0.4297328591346741,0.13995353877544403
YJR139C,YMR073C,0,-3.636868,0.23477157950401306,0.4297328591346741,0.14006969332695007
YHR119W,YDR189W,0,-3.636957,0.23462270200252533,0.4297328591346741,0.14018583297729492
YGL192W,YJL203W,0,-3.6372159,0.23447401821613312,0.4297328591346741,0.14030197262763977
YBR278W,YOR217W,1,-3.6378868,0.23495882749557495,0.43089431524276733,0.14030197262763977
YLR319C,YOL038W,0,-3.6380842,0.23481012880802155,0.43089431524276733,0.14041811227798462
YDR515W,YOR307C,0,-3.6387022,0.23466160893440247,0.43089431524276733,0.14053426682949066
YOR039W,YFL016C,0,-3.6394014,0.2345132678747177,0.43089431524276733,0.1406504064798355
YNL136W,YDR076W,1,-3.6394467,0.23499684035778046,0.4320557415485382,0.1406504064798355
YIR022W,YNL131W,0,-3.6403687,0.2348484843969345,0.4320557415485382,0.14076654613018036
YER169W,YMR284W,1,-3.6405365,0.2353312373161316,0.43321719765663147,0.14076654613018036
YFL009W,YOL113W,0,-3.6407275,0.23518285155296326,0.43321719765663147,0.1408827006816864
YPR200C,YDR075W,0,-3.6407745,0.23503465950489044,0.43321719765663147,0.14099884033203125
YOR005C,YOR144C,1,-3.640795,0.23551636934280396,0.43437862396240234,0.14099884033203125
YMR138W,YNR010W,0,-3.6408954,0.23536816239356995,0.43437862396240234,0.1411149799823761
YOR349W,YKR008W,0,-3.6411633,0.23522011935710907,0.43437862396240234,0.14123111963272095
YDR276C,YMR013C,0,-3.6412694,0.2350722849369049,0.43437862396240234,0.141347274184227
YGL151W,YCR009C,0,-3.6415193,0.23492462933063507,0.43437862396240234,0.14146341383457184
YLR127C,YPL033C,0,-3.6415963,0.23477715253829956,0.43437862396240234,0.1415795534849167
YAL015C,YGL175C,1,-3.6417615,0.23525720834732056,0.4355400800704956,0.1415795534849167
YDL017W,YDR058C,0,-3.6418927,0.23510971665382385,0.4355400800704956,0.14169570803642273
YNL148C,YIL109C,0,-3.6430888,0.23496240377426147,0.4355400800704956,0.14181184768676758
YOR064C,YNL304W,0,-3.6431553,0.23481528460979462,0.4355400800704956,0.14192798733711243
YGL124C,YDR379W,0,-3.6432147,0.2346683293581009,0.4355400800704956,0.14204414188861847
YOL043C,YOR217W,1,-3.6435125,0.23514696955680847,0.4367015063762665,0.14204414188861847
YNL026W,YJL139C,0,-3.6435359,0.23499999940395355,0.4367015063762665,0.14216028153896332
YBR186W,YJL121C,0,-3.644133,0.23485322296619415,0.4367015063762665,0.14227642118930817
YNL153C,YPL209C,0,-3.644139,0.23470661044120789,0.4367015063762665,0.14239256083965302
YOR180C,YKL173W,0,-3.6443594,0.23456020653247833,0.4367015063762665,0.14250871539115906
YML102W,YDR076W,1,-3.6445816,0.2350374013185501,0.43786296248435974,0.14250871539115906
YLR081W,YPL248C,0,-3.6447566,0.23489096760749817,0.43786296248435974,0.1426248550415039
YNL328C,YNL032W,0,-3.6450424,0.23474471271038055,0.43786296248435974,0.14274099469184875
YDR331W,YOL049W,0,-3.645377,0.23459863662719727,0.43786296248435974,0.1428571492433548
YMR301C,YIL063C,0,-3.645397,0.2344527393579483,0.43786296248435974,0.14297328889369965
YCL032W,YHR006W,0,-3.6454246,0.23430702090263367,0.43786296248435974,0.1430894285440445
YBR211C,YPR104C,0,-3.645526,0.23416149616241455,0.43786296248435974,0.14320556819438934
YMR224C,YLR005W,1,-3.6457973,0.23463687300682068,0.4390243887901306,0.14320556819438934
YBR278W,YBR087W,1,-3.6463418,0.23511166870594025,0.4401858448982239,0.14320556819438934
YBL105C,YDR485C,0,-3.6465414,0.23496590554714203,0.4401858448982239,0.14332172274589539
YJL207C,YHR167W,0,-3.6469767,0.23482032120227814,0.4401858448982239,0.14343786239624023
YKL016C,YLR394W,0,-3.6482737,0.23467491567134857,0.4401858448982239,0.14355400204658508
YOL133W,YML015C,0,-3.6483283,0.23452970385551453,0.4401858448982239,0.14367015659809113
YBR065C,YMR232W,0,-3.6484149,0.2343846559524536,0.4401858448982239,0.14378629624843597
YJL008C,YLR424W,0,-3.6484826,0.23423980176448822,0.4401858448982239,0.14390243589878082
YDL138W,YIL118W,0,-3.6490195,0.23409512639045715,0.4401858448982239,0.14401859045028687
YBL026W,YNL210W,0,-3.6499052,0.23395061492919922,0.4401858448982239,0.1441347301006317
YOL069W,YDL080C,0,-3.650101,0.2338062971830368,0.4401858448982239,0.14425086975097656
YMR153W,YOL066C,0,-3.650318,0.23366214334964752,0.4401858448982239,0.1443670094013214
YNL070W,YEL004W,0,-3.6505058,0.23351818323135376,0.4401858448982239,0.14448316395282745
YMR029C,YJR102C,0,-3.6505182,0.23337438702583313,0.4401858448982239,0.1445993036031723
YOR149C,YMR197C,0,-3.6507468,0.23323076963424683,0.4401858448982239,0.14471544325351715
YMR138W,YLR377C,0,-3.65082,0.23308733105659485,0.4401858448982239,0.1448315978050232
YKL205W,YHR119W,0,-3.651198,0.2329440712928772,0.4401858448982239,0.14494773745536804
YFR013W,YBR152W,0,-3.6512103,0.23280097544193268,0.4401858448982239,0.1450638771057129
YBR160W,YMR005W,0,-3.6518276,0.23265807330608368,0.4401858448982239,0.14518001675605774
YFL023W,YOL108C,0,-3.6519692,0.2325153350830078,0.4401858448982239,0.14529617130756378
YER028C,YNL304W,0,-3.6521049,0.23237277567386627,0.4401858448982239,0.14541231095790863
YDL088C,YGL155W,0,-3.652346,0.23223039507865906,0.4401858448982239,0.14552845060825348
YNL148C,YDR318W,0,-3.6529076,0.23208817839622498,0.4401858448982239,0.14564460515975952
YJL194W,YBL058W,0,-3.6529117,0.23194614052772522,0.4401858448982239,0.14576074481010437
YDR301W,YOR039W,0,-3.6532516,0.2318042814731598,0.4401858448982239,0.14587688446044922
YGL180W,YNL149C,0,-3.653258,0.2316625863313675,0.4401858448982239,0.14599302411079407
YGL190C,YIL063C,0,-3.653415,0.23152107000350952,0.4401858448982239,0.1461091786623001
YHR158C,YHR034C,0,-3.6535347,0.23137973248958588,0.4401858448982239,0.14622531831264496
YNL074C,YBL061C,0,-3.6535494,0.23123855888843536,0.4401858448982239,0.1463414579629898
YBL026W,YNL167C,0,-3.6536934,0.23109756410121918,0.4401858448982239,0.14645761251449585
YOR037W,YEL051W,0,-3.6541536,0.23095673322677612,0.4401858448982239,0.1465737521648407
YIL128W,YDR076W,1,-3.654689,0.23142509162425995,0.44134727120399475,0.1465737521648407
YOL001W,YNL070W,0,-3.6547368,0.2312842309474945,0.44134727120399475,0.14668989181518555
YJL090C,YPL153C,1,-3.654945,0.23175182938575745,0.4425086975097656,0.14668989181518555
YMR138W,YDR191W,0,-3.6558964,0.23161093890666962,0.4425086975097656,0.1468060463666916
YOR005C,YIL128W,1,-3.6560004,0.23207776248455048,0.4436701536178589,0.1468060463666916
YKL139W,YDL036C,0,-3.6562908,0.23193685710430145,0.4436701536178589,0.14692218601703644
YGL073W,YAL043C,0,-3.656613,0.23179611563682556,0.4436701536178589,0.1470383256673813
YFL025C,YPR082C,0,-3.6568992,0.231655552983284,0.4436701536178589,0.14715446531772614
YNL307C,YML032C,1,-3.656952,0.23212121427059174,0.44483157992362976,0.14715446531772614
YDL019C,YKL042W,0,-3.6572917,0.23198062181472778,0.44483157992362976,0.14727061986923218
YPL091W,YMR197C,0,-3.6579149,0.23184019327163696,0.44483157992362976,0.14738675951957703
YOR123C,YPL190C,0,-3.6581151,0.23169994354248047,0.44483157992362976,0.14750289916992188
YHR061C,YDR205W,0,-3.6582553,0.2315598577260971,0.44483157992362976,0.14761905372142792
YBL047C,YBL102W,0,-3.6582716,0.23141993582248688,0.44483157992362976,0.14773519337177277
YGL226C-A,YNL088W,0,-3.6583612,0.23128019273281097,0.44483157992362976,0.14785133302211761
YDR116C,YLR135W,0,-3.658368,0.2311406135559082,0.44483157992362976,0.14796747267246246
YDR195W,YNL032W,0,-3.6584868,0.23100121319293976,0.44483157992362976,0.1480836272239685
YPL268W,YOR149C,0,-3.6590502,0.23086196184158325,0.44483157992362976,0.14819976687431335
YFL018C,YBL033C,0,-3.6591115,0.23072288930416107,0.44483157992362976,0.1483159065246582
YJL183W,YJR102C,0,-3.6591148,0.23058398067951202,0.44483157992362976,0.14843206107616425
YNL136W,YOR144C,1,-3.6593697,0.23104692995548248,0.445993036031723,0.14843206107616425
YOL009C,YHR124W,0,-3.6597729,0.23090799152851105,0.445993036031723,0.1485482007265091
YLR195C,YGL004C,0,-3.6603088,0.23076923191547394,0.445993036031723,0.14866434037685394
YDR331W,YHR150W,0,-3.6606357,0.23063063621520996,0.445993036031723,0.14878049492835999
YJL111W,YML114C,0,-3.6611023,0.23049218952655792,0.445993036031723,0.14889663457870483
YGR158C,YDR498C,0,-3.6616004,0.2303539365530014,0.445993036031723,0.14901277422904968
YLL015W,YLR166C,0,-3.662505,0.23021583259105682,0.445993036031723,0.14912891387939453
YBL093C,YBR258C,0,-3.6627247,0.23007789254188538,0.445993036031723,0.14924506843090057
YNL088W,YOR064C,0,-3.6627586,0.22994011640548706,0.445993036031723,0.14936120808124542
YDR013W,YBR231C,0,-3.6629827,0.22980251908302307,0.445993036031723,0.14947734773159027
YLR110C,YPL091W,0,-3.6631877,0.22966507077217102,0.445993036031723,0.1495935022830963
YOL113W,YPL253C,0,-3.6633036,0.2295278012752533,0.445993036031723,0.14970964193344116
YBR087W,YDL042C,1,-3.6638129,0.22998805344104767,0.4471544623374939,0.14970964193344116
YER164W,YML049C,0,-3.6641285,0.22985073924064636,0.4471544623374939,0.149825781583786
YGL195W,YNL210W,0,-3.664368,0.22971360385417938,0.4471544623374939,0.14994192123413086
YPL021W,YNL304W,0,-3.665273,0.22957661747932434,0.4471544623374939,0.1500580757856369
YOR144C,YHR099W,1,-3.665736,0.23003575205802917,0.44831591844558716,0.1500580757856369
YER075C,YHR006W,0,-3.6661592,0.22989875078201294,0.44831591844558716,0.15017421543598175
YJL208C,YHR034C,0,-3.6662905,0.22976189851760864,0.44831591844558716,0.1502903550863266
YJR074W,YER008C,0,-3.6664915,0.22962522506713867,0.44831591844558716,0.15040650963783264
YBR152W,YER005W,0,-3.6669257,0.22948870062828064,0.44831591844558716,0.1505226492881775
YKL025C,YMR284W,1,-3.6670644,0.22994652390480042,0.44947734475135803,0.1505226492881775
YOR322C,YEL004W,0,-3.6677725,0.22980996966362,0.44947734475135803,0.15063878893852234
YER142C,YDR386W,1,-3.6682494,0.23026706278324127,0.4506388008594513,0.15063878893852234
YOR079C,YLR329W,0,-3.6686137,0.23013049364089966,0.4506388008594513,0.15075494349002838
YDR379W,YIR022W,0,-3.6686704,0.22999407351016998,0.4506388008594513,0.15087108314037323
YNL039W,YNL230C,0,-3.6689482,0.22985781729221344,0.4506388008594513,0.15098722279071808
YLR424W,YGR186W,0,-3.6690826,0.22972172498703003,0.4506388008594513,0.15110336244106293
YPL091W,YOL108C,0,-3.6692438,0.22958579659461975,0.4506388008594513,0.15121951699256897
YML032C,YDR460W,1,-3.6701488,0.23004139959812164,0.45180022716522217,0.15121951699256897
YML062C,YIL129C,0,-3.670693,0.22990544140338898,0.45180022716522217,0.15133565664291382
YGL105W,YGR218W,0,-3.6711783,0.22976964712142944,0.45180022716522217,0.15145179629325867
YBR177C,YAL032C,0,-3.6719606,0.22963400185108185,0.45180022716522217,0.1515679508447647
YLR007W,YNL262W,1,-3.671974,0.2300885021686554,0.45296168327331543,0.1515679508447647
YOR144C,YMR201C,1,-3.672601,0.23054245114326477,0.4541231095790863,0.1515679508447647
YPL163C,YIL022W,0,-3.673628,0.23040659725666046,0.4541231095790863,0.15168409049510956
YOL009C,YOR148C,0,-3.673848,0.23027090728282928,0.4541231095790863,0.1518002301454544
YHL040C,YKR002W,0,-3.673867,0.23013536632061005,0.4541231095790863,0.15191636979579926
YKL160W,YBR077C,0,-3.6745996,0.23000000417232513,0.4541231095790863,0.1520325243473053
YPL235W,YOL031C,0,-3.6746266,0.22986479103565216,0.4541231095790863,0.15214866399765015
YDL142C,YJR140C,0,-3.6751397,0.22972972691059113,0.4541231095790863,0.152264803647995
YDR331W,YKR055W,0,-3.6754227,0.22959482669830322,0.4541231095790863,0.15238095819950104
YPL100W,YNL323W,0,-3.675548,0.22946009039878845,0.4541231095790863,0.1524970978498459
YGR239C,YNL311C,0,-3.6756494,0.22932551801204681,0.4541231095790863,0.15261323750019073
YHR158C,YGR158C,0,-3.6758008,0.22919109463691711,0.4541231095790863,0.15272937715053558
YKL160W,YJR131W,0,-3.6758296,0.22905682027339935,0.4541231095790863,0.15284553170204163
YMR021C,YLR116W,0,-3.675841,0.22892270982265472,0.4541231095790863,0.15296167135238647
YJL090C,YIL128W,1,-3.676101,0.22937390208244324,0.45528456568717957,0.15296167135238647
YBR186W,YDR013W,0,-3.6769412,0.22923976182937622,0.45528456568717957,0.15307781100273132
YNL014W,YJL139C,0,-3.6770506,0.22910578548908234,0.45528456568717957,0.15319396555423737
YOL063C,YHL009C,0,-3.6770902,0.2289719581604004,0.45528456568717957,0.15331010520458221
YPL210C,YJL154C,0,-3.677575,0.22883829474449158,0.45528456568717957,0.15342624485492706
YPL208W,YNR026C,0,-3.6777785,0.2287047803401947,0.45528456568717957,0.1535423994064331
YDL088C,YPR086W,0,-3.6778066,0.22857142984867096,0.45528456568717957,0.15365853905677795
YDL175C,YKR038C,0,-3.67784,0.22843822836875916,0.45528456568717957,0.1537746787071228
YFL009W,YPR094W,0,-3.6781404,0.22830519080162048,0.45528456568717957,0.15389081835746765
YGL219C,YKL055C,0,-3.6781971,0.22817228734493256,0.45528456568717957,0.1540069729089737
YJL214W,YGL124C,0,-3.678411,0.22803956270217896,0.45528456568717957,0.15412311255931854
YDR163W,YNR015W,0,-3.6787994,0.2279069721698761,0.45528456568717957,0.1542392522096634
YLL019C,YDL235C,0,-3.6789334,0.22777454555034637,0.45528456568717957,0.15435540676116943
YDL117W,YPL242C,0,-3.6793082,0.22764228284358978,0.45528456568717957,0.15447154641151428
YNL088W,YEL004W,0,-3.6793616,0.22751015424728394,0.45528456568717957,0.15458768606185913
YFL003C,YLR166C,0,-3.6795268,0.22737818956375122,0.45528456568717957,0.15470382571220398
YGL073W,YPL192C,0,-3.6795294,0.22724637389183044,0.45528456568717957,0.15481998026371002
YMR109W,YHR119W,0,-3.6798375,0.2271147221326828,0.45528456568717957,0.15493611991405487
YFL009W,YPR134W,0,-3.6799023,0.2269832044839859,0.45528456568717957,0.15505225956439972
YNL118C,YLR195C,0,-3.68106,0.22685185074806213,0.45528456568717957,0.15516841411590576
YGL190C,YBR038W,0,-3.681441,0.2267206460237503,0.45528456568717957,0.1552845537662506
YAL015C,YGR258C,1,-3.6814592,0.22716763615608215,0.45644599199295044,0.1552845537662506
YGL151W,YMR139W,0,-3.681568,0.22703640162944794,0.45644599199295044,0.15540069341659546
YPL268W,YOR179C,0,-3.6822484,0.22690531611442566,0.45644599199295044,0.1555168479681015
YPL059W,YML049C,0,-3.6824043,0.22677437961101532,0.45644599199295044,0.15563298761844635
YFL041W,YGL073W,0,-3.6827433,0.22664359211921692,0.45644599199295044,0.1557491272687912
YJL214W,YDR478W,0,-3.6830416,0.22651296854019165,0.45644599199295044,0.15586526691913605
YLR011W,YDR515W,0,-3.6831079,0.22638249397277832,0.45644599199295044,0.1559814214706421
YFR013W,YBR162C,0,-3.6831548,0.22625215351581573,0.45644599199295044,0.15609756112098694
YEL037C,YER169W,1,-3.68317,0.22669735550880432,0.4576074481010437,0.15609756112098694
YBR233W-A,YBR002C,0,-3.683205,0.22656698524951935,0.4576074481010437,0.1562137007713318
YLR332W,YFR031C,0,-3.6832244,0.2264367789030075,0.4576074481010437,0.15632985532283783
YOL069W,YDR207C,0,-3.6832495,0.2263067215681076,0.4576074481010437,0.15644599497318268
YAL032C,YLR193C,0,-3.6836116,0.22617681324481964,0.4576074481010437,0.15656213462352753
YIL159W,YBR295W,0,-3.684664,0.22604703903198242,0.4576074481010437,0.15667827427387238
YPR155C,YGL011C,0,-3.6849425,0.22591742873191833,0.4576074481010437,0.15679442882537842
YOR386W,YMR106C,1,-3.6865633,0.22636103630065918,0.4587688744068146,0.15679442882537842
YBR218C,YDR485C,0,-3.6869166,0.2262313812971115,0.4587688744068146,0.15691056847572327
YNL147W,YLR248W,0,-3.6874373,0.22610189020633698,0.4587688744068146,0.15702670812606812
YLR081W,YDL058W,0,-3.687485,0.22597253322601318,0.4587688744068146,0.15714286267757416
YPR046W,YOL142W,0,-3.687553,0.22584334015846252,0.4587688744068146,0.157259002327919
YOR249C,YFR052W,0,-3.6876886,0.2257142812013626,0.4587688744068146,0.15737514197826385
YGR003W,YDL045C,0,-3.6881316,0.22558538615703583,0.4587688744068146,0.1574912965297699
YNL262W,YGR258C,1,-3.6881506,0.22602739930152893,0.45993030071258545,0.1574912965297699
YGL219C,YDL154W,0,-3.688321,0.22589845955371857,0.45993030071258545,0.15760743618011475
YGL238W,YLR417W,0,-3.6905832,0.22576966881752014,0.45993030071258545,0.1577235758304596
YGL155W,YIL129C,0,-3.6907508,0.22564102709293365,0.45993030071258545,0.15783971548080444
YFL008W,YHR099W,1,-3.6907923,0.2260819971561432,0.4610917568206787,0.15783971548080444
YKL025C,YDR460W,1,-3.690942,0.22652247548103333,0.4622531831264496,0.15783971548080444
YDL175C,YDR276C,0,-3.6909668,0.22639362514019012,0.4622531831264496,0.15795587003231049
YML055W,YLR277C,0,-3.6909876,0.22626492381095886,0.4622531831264496,0.15807200968265533
YLR319C,YPL033C,0,-3.691606,0.22613635659217834,0.4622531831264496,0.15818814933300018
YLR005W,YHR099W,1,-3.6916363,0.2265758067369461,0.46341463923454285,0.15818814933300018
YDR335W,YCR009C,0,-3.6918476,0.2264472246170044,0.46341463923454285,0.15830430388450623
YOR217W,YGL175C,1,-3.6918945,0.22688598930835724,0.4645760655403137,0.15830430388450623
YOR144C,YMR284W,1,-3.692035,0.22732426226139069,0.465737521648407,0.15830430388450623
YOL069W,YOR329C,0,-3.6920602,0.22719547152519226,0.465737521648407,0.15842044353485107
YGR014W,YNL053W,0,-3.6923604,0.22706681489944458,0.465737521648407,0.15853658318519592
YDR021W,YER005W,0,-3.6925204,0.22693830728530884,0.465737521648407,0.15865272283554077
YKL173W,YML097C,0,-3.692534,0.22680994868278503,0.465737521648407,0.15876887738704681
YPR200C,YJL139C,0,-3.6926746,0.22668173909187317,0.465737521648407,0.15888501703739166
YNL027W,YGR063C,0,-3.6929524,0.22655367851257324,0.465737521648407,0.1590011566877365
YOR123C,YOR212W,0,-3.6930318,0.22642575204372406,0.465737521648407,0.15911731123924255
YBR218C,YNL070W,0,-3.6932,0.22629797458648682,0.465737521648407,0.1592334508895874
YFR013W,YBR231C,0,-3.6933553,0.22617033123970032,0.465737521648407,0.15934959053993225
YPR104C,YJR022W,0,-3.6942155,0.22604283690452576,0.465737521648407,0.1594657301902771
YLR166C,YIR018W,0,-3.6945364,0.22591549158096313,0.465737521648407,0.15958188474178314
YOL130W,YGL013C,0,-3.6947324,0.22578829526901245,0.465737521648407,0.159698024392128
YHR006W,YBR231C,0,-3.694761,0.2256612330675125,0.465737521648407,0.15981416404247284
YOR037W,YBL102W,0,-3.6948483,0.22553430497646332,0.465737521648407,0.15993031859397888
YIL131C,YOR149C,0,-3.6948886,0.22540752589702606,0.465737521648407,0.16004645824432373
YOR386W,YPL153C,1,-3.6953042,0.2258426994085312,0.46689894795417786,0.16004645824432373
YBR038W,YKL042W,0,-3.6953604,0.22571589052677155,0.46689894795417786,0.16016259789466858
YNL020C,YMR153W,0,-3.6955407,0.22558923065662384,0.46689894795417786,0.16027875244617462
YIL120W,YGL229C,0,-3.6955898,0.22546270489692688,0.46689894795417786,0.16039489209651947
YDL143W,YGL219C,0,-3.6957583,0.22533632814884186,0.46689894795417786,0.16051103174686432
YNL127W,YDL154W,0,-3.695874,0.22521008551120758,0.46689894795417786,0.16062717139720917
YKL055C,YDL225W,0,-3.695954,0.22508399188518524,0.46689894795417786,0.1607433259487152
YGR003W,YMR069W,0,-3.6963093,0.22495803236961365,0.46689894795417786,0.16085946559906006
YMR201C,YOR217W,1,-3.6964328,0.22539149224758148,0.4680604040622711,0.16085946559906006
YMR072W,YML049C,0,-3.696562,0.2252655178308487,0.4680604040622711,0.1609756052494049
YAL022C,YLR425W,0,-3.6966126,0.22513966262340546,0.4680604040622711,0.16109175980091095
YBR278W,YNL312W,1,-3.6968825,0.22557230293750763,0.469221830368042,0.16109175980091095
YGL065C,YOR160W,0,-3.696899,0.2254464328289032,0.469221830368042,0.1612078994512558
YDL036C,YNL222W,0,-3.697462,0.2253206968307495,0.469221830368042,0.16132403910160065
YAL007C,YDL006W,0,-3.6976564,0.22519509494304657,0.469221830368042,0.1614401787519455
YER142C,YNL262W,1,-3.6976712,0.22562673687934875,0.47038328647613525,0.1614401787519455
YFR028C,YGL092W,0,-3.697893,0.22550112009048462,0.47038328647613525,0.16155633330345154
YNL186W,YNR006W,0,-3.6979856,0.22537562251091003,0.47038328647613525,0.1616724729537964
YOL066C,YMR197C,0,-3.6982644,0.2252502739429474,0.47038328647613525,0.16178861260414124
YLR011W,YDL170W,0,-3.698306,0.22512507438659668,0.47038328647613525,0.16190476715564728
YBR164C,YCL055W,0,-3.6986246,0.22499999403953552,0.47038328647613525,0.16202090680599213
YLR319C,YOR212W,0,-3.6986501,0.2248750627040863,0.47038328647613525,0.16213704645633698
YNL147W,YDR498C,0,-3.6986723,0.22475028038024902,0.47038328647613525,0.16225320100784302
YDR207C,YNL154C,0,-3.6989923,0.2246256172657013,0.47038328647613525,0.16236934065818787
YNL110C,YNL222W,0,-3.6990082,0.2245011031627655,0.47038328647613525,0.16248548030853271
YPR182W,YNL131W,0,-3.69907,0.22437673807144165,0.47038328647613525,0.16260161995887756
YGL003C,YIL002C,0,-3.6991708,0.22425249218940735,0.47038328647613525,0.1627177745103836
YNL307C,YOR217W,1,-3.6992056,0.2246817946434021,0.47154471278190613,0.1627177745103836
YPL202C,YNL020C,0,-3.6995144,0.2245575189590454,0.47154471278190613,0.16283391416072845
YDR205W,YBL061C,0,-3.6995366,0.22443339228630066,0.47154471278190613,0.1629500538110733
YDR202C,YDR289C,0,-3.6998234,0.22430938482284546,0.47154471278190613,0.16306620836257935
YBR037C,YIL030C,0,-3.7000005,0.2241855263710022,0.47154471278190613,0.1631823480129242
YDL029W,YOR254C,0,-3.7003596,0.22406181693077087,0.47154471278190613,0.16329848766326904
YJL090C,YMR201C,1,-3.7004275,0.22448979318141937,0.4727061688899994,0.16329848766326904
YKL055C,YDR181C,0,-3.7004921,0.22436603903770447,0.4727061688899994,0.1634146273136139
YDR087C,YLR417W,0,-3.7008283,0.2242424190044403,0.4727061688899994,0.16353078186511993
YJL076W,YJL203W,0,-3.7010868,0.22411894798278809,0.4727061688899994,0.16364692151546478
YLR242C,YMR029C,0,-3.7014177,0.22399559617042542,0.4727061688899994,0.16376306116580963
YDR386W,YEL037C,1,-3.7014701,0.22442243993282318,0.47386759519577026,0.16376306116580963
YFL048C,YJR131W,0,-3.7028248,0.22429905831813812,0.47386759519577026,0.16387921571731567
YIL002C,YDL058W,0,-3.7029011,0.224175825715065,0.47386759519577026,0.16399535536766052
YGL247W,YIL061C,0,-3.7030025,0.22405271232128143,0.47386759519577026,0.16411149501800537
YBR038W,YDL232W,0,-3.703231,0.2239297479391098,0.47386759519577026,0.1642276495695114
YFL018C,YEL016C,0,-3.703437,0.22380691766738892,0.47386759519577026,0.16434378921985626
YMR109W,YJL129C,0,-3.703852,0.22368420660495758,0.47386759519577026,0.1644599288702011
YPR025C,YKL166C,0,-3.7039998,0.22356164455413818,0.47386759519577026,0.16457606852054596
YNL167C,YMR203W,0,-3.7043417,0.22343921661376953,0.47386759519577026,0.164692223072052
YPL096C-A,YKL165C,0,-3.7045534,0.22331690788269043,0.47386759519577026,0.16480836272239685
YDL019C,YPR032W,0,-3.7048836,0.22319474816322327,0.47386759519577026,0.1649245023727417
YFL003C,YMR203W,0,-3.704892,0.22307272255420685,0.47386759519577026,0.16504065692424774
YNL282W,YMR005W,0,-3.705407,0.22295081615447998,0.47386759519577026,0.1651567965745926
YDR309C,YCL008C,0,-3.7054222,0.22282905876636505,0.47386759519577026,0.16527293622493744
YNL307C,YMR284W,1,-3.7058537,0.2232532799243927,0.47502902150154114,0.16527293622493744
YFR031C,YAL016W,0,-3.7058709,0.2231314778327942,0.47502902150154114,0.1653890758752823
YNL014W,YFL016C,0,-3.7060177,0.22300980985164642,0.47502902150154114,0.16550523042678833
YFR034C,YDL217C,0,-3.7061832,0.2228882759809494,0.47502902150154114,0.16562137007713318
YNL136W,YGL175C,1,-3.7064483,0.22331154346466064,0.4761904776096344,0.16562137007713318
YNR067C,YPR032W,0,-3.7069552,0.22318997979164124,0.4761904776096344,0.16573750972747803
YDR021W,YFR029W,0,-3.7071948,0.22306855022907257,0.4761904776096344,0.16585366427898407
YMR263W,YBL102W,0,-3.7089672,0.22294725477695465,0.4761904776096344,0.16596980392932892
YKL005C,YCR009C,0,-3.7098446,0.22282609343528748,0.4761904776096344,0.16608594357967377
YAR033W,YOR103C,0,-3.7099917,0.22270505130290985,0.4761904776096344,0.16620208323001862
YOR144C,YDL200C,1,-3.710005,0.22312703728675842,0.4773519039154053,0.16620208323001862
YPR057W,YJL008C,0,-3.7100236,0.2230059653520584,0.4773519039154053,0.16631823778152466
YBR087W,YLR005W,1,-3.7100413,0.22342732548713684,0.47851336002349854,0.16631823778152466
YOR349W,YDR207C,0,-3.7101846,0.22330623865127563,0.47851336002349854,0.1664343774318695
YLR263W,YFL004W,0,-3.7103045,0.22318527102470398,0.47851336002349854,0.16655051708221436
YPR025C,YJL154C,0,-3.7103403,0.22306442260742188,0.47851336002349854,0.1666666716337204
YDR301W,YOR064C,0,-3.710573,0.2229437232017517,0.47851336002349854,0.16678281128406525
YDL013W,YEL062W,0,-3.7105873,0.2228231430053711,0.47851336002349854,0.1668989509344101
YLR116W,YKR079C,0,-3.7108428,0.22270269691944122,0.47851336002349854,0.16701510548591614
YOR346W,YDR359C,1,-3.7109227,0.22312264144420624,0.4796747863292694,0.16701510548591614
YKR008W,YBL102W,0,-3.7110662,0.22300216555595398,0.4796747863292694,0.167131245136261
YOR039W,YGL122C,0,-3.7113645,0.22288180887699127,0.4796747863292694,0.16724738478660583
YHR005C,YJL207C,0,-3.711714,0.2227616012096405,0.4796747863292694,0.16736352443695068
YEL016C,YHR181W,0,-3.7118037,0.22264151275157928,0.4796747863292694,0.16747967898845673
YKL208W,YHR001W-A,0,-3.7118795,0.2225215584039688,0.4796747863292694,0.16759581863880157
YOR319W,YMR175W,0,-3.7120874,0.2224017232656479,0.4796747863292694,0.16771195828914642
YPL059W,YFL011W,0,-3.7123444,0.2222820222377777,0.4796747863292694,0.16782811284065247
YNR075W,YJL025W,0,-3.7123697,0.22216245532035828,0.4796747863292694,0.16794425249099731
YPL209C,YOL117W,0,-3.7125504,0.2220430076122284,0.4796747863292694,0.16806039214134216
YDL230W,YKL080W,0,-3.7132616,0.22192369401454926,0.4796747863292694,0.168176531791687
YPR072W,YEL004W,0,-3.7137265,0.22180451452732086,0.4796747863292694,0.16829268634319305
YNL328C,YOL031C,0,-3.7138126,0.22168545424938202,0.4796747863292694,0.1684088259935379
YDR081C,YDR142C,0,-3.7139065,0.22156652808189392,0.4796747863292694,0.16852496564388275
YPL082C,YHR084W,0,-3.7140927,0.22144772112369537,0.4796747863292694,0.1686411201953888
YJR076C,YDR058C,0,-3.714166,0.22132904827594757,0.4796747863292694,0.16875725984573364
YPL209C,YCL008C,0,-3.7145948,0.22121049463748932,0.4796747863292694,0.1688733994960785
YOR005C,YNL262W,1,-3.7148516,0.22162741422653198,0.48083624243736267,0.1688733994960785
YOR180C,YIL030C,0,-3.715557,0.22150883078575134,0.48083624243736267,0.16898955404758453
YDR122W,YPR086W,0,-3.7156987,0.22139038145542145,0.48083624243736267,0.16910569369792938
YPR082C,YGR181W,0,-3.7160814,0.2212720513343811,0.48083624243736267,0.16922183334827423
YIL036W,YGL092W,0,-3.7160885,0.2211538404226303,0.48083624243736267,0.16933797299861908
YFL041W,YBR129C,0,-3.7160938,0.22103577852249146,0.48083624243736267,0.16945412755012512
YOR241W,YMR283C,0,-3.7167628,0.22091782093048096,0.48083624243736267,0.16957026720046997
YKR055W,YFR005C,0,-3.7170637,0.2207999974489212,0.48083624243736267,0.16968640685081482
YFL008W,YMR284W,1,-3.717255,0.2212153524160385,0.48199766874313354,0.16968640685081482
YDL006W,YBR240C,0,-3.7173622,0.22109749913215637,0.48199766874313354,0.16980256140232086
YMR052W,YOR103C,0,-3.717522,0.22097976505756378,0.48199766874313354,0.1699187010526657
YOR209C,YJL072C,0,-3.7176762,0.22086216509342194,0.48199766874313354,0.17003484070301056
YLR329W,YLR263W,0,-3.7176845,0.22074468433856964,0.48199766874313354,0.1701509803533554
YOR039W,YDR318W,0,-3.7178338,0.2206273227930069,0.48199766874313354,0.17026713490486145
YIL128W,YBR087W,1,-3.7181842,0.22104144096374512,0.4831591248512268,0.17026713490486145
YNL262W,YDL042C,1,-3.718228,0.22145512700080872,0.4843205511569977,0.17026713490486145
YOL043C,YEL037C,1,-3.7185595,0.2218683660030365,0.48548200726509094,0.17026713490486145
YDL017W,YPR086W,0,-3.7187042,0.2217506617307663,0.48548200726509094,0.1703832745552063
YGL190C,YIL002C,0,-3.71916,0.22163309156894684,0.48548200726509094,0.17049941420555115
YDL013W,YHR084W,0,-3.719696,0.22151564061641693,0.48548200726509094,0.1706155687570572
YOR377W,YKR008W,0,-3.7199087,0.22139830887317657,0.48548200726509094,0.17073170840740204
YOR319W,YOR307C,0,-3.7199237,0.22128109633922577,0.48548200726509094,0.1708478480577469
YHR158C,YKR002W,0,-3.7199805,0.2211640179157257,0.48548200726509094,0.17096400260925293
YCL027W,YPR086W,0,-3.720135,0.2210470587015152,0.48548200726509094,0.17108014225959778
YPL177C,YNL053W,0,-3.7203288,0.22093023359775543,0.48548200726509094,0.17119628190994263
YPL235W,YOL122C,0,-3.7204485,0.22081352770328522,0.48548200726509094,0.17131242156028748
YJR076C,YGR003W,0,-3.7206295,0.22069694101810455,0.48548200726509094,0.17142857611179352
YMR029C,YHL009C,0,-3.7208269,0.22058047354221344,0.48548200726509094,0.17154471576213837
YHR005C,YML103C,0,-3.7210073,0.22046414017677307,0.48548200726509094,0.17166085541248322
YPR082C,YCR028C,0,-3.7212222,0.22034791111946106,0.48548200726509094,0.17177700996398926
YDR524C,YEL004W,0,-3.7212648,0.2202318161725998,0.48548200726509094,0.1718931496143341
YDR301W,YNL153C,0,-3.7214062,0.22011585533618927,0.48548200726509094,0.17200928926467896
YJL102W,YIR022W,0,-3.7219114,0.2199999988079071,0.48548200726509094,0.1721254289150238
YBR073W,YOR217W,1,-3.7222314,0.2204103171825409,0.4866434335708618,0.1721254289150238
YPL153C,YOR217W,1,-3.7223508,0.22082018852233887,0.4878048896789551,0.1721254289150238
YKL005C,YJL010C,0,-3.722517,0.22070415318012238,0.4878048896789551,0.17224158346652985
YOL069W,YDR363W-A,0,-3.722916,0.22058823704719543,0.4878048896789551,0.1723577231168747
YNL262W,YMR201C,1,-3.7235088,0.2209973782300949,0.48896631598472595,0.1723577231168747
YNL148C,YGR230W,0,-3.723723,0.22088143229484558,0.48896631598472595,0.17247386276721954
YJR022W,YOL066C,0,-3.7237594,0.2207656055688858,0.48896631598472595,0.17259001731872559
YAL015C,YEL037C,1,-3.7238207,0.22117400169372559,0.4901277720928192,0.17259001731872559
YCL016C,YDL006W,0,-3.7238367,0.22105814516544342,0.4901277720928192,0.17270615696907043
YDL008W,YPR155C,0,-3.7244332,0.2209424078464508,0.4901277720928192,0.17282229661941528
YML127W,YML014W,0,-3.7246282,0.22082678973674774,0.4901277720928192,0.17293843626976013
YDR116C,YIL120W,0,-3.7246327,0.22071129083633423,0.4901277720928192,0.17305459082126617
YDR191W,YMR073C,0,-3.724642,0.22059592604637146,0.4901277720928192,0.17317073047161102
YPR104C,YMR197C,0,-3.725126,0.22048066556453705,0.4901277720928192,0.17328687012195587
YLR007W,YMR106C,1,-3.7252204,0.22088773548603058,0.4912891983985901,0.17328687012195587
YNL147W,YLR135W,0,-3.7252867,0.22077244520187378,0.4912891983985901,0.17340302467346191
YLR110C,YOL038W,0,-3.7253556,0.22065727412700653,0.4912891983985901,0.17351916432380676
YDL079C,YNL070W,0,-3.7253969,0.22054223716259003,0.4912891983985901,0.1736353039741516
YMR162C,YNL323W,0,-3.7254322,0.22042730450630188,0.4912891983985901,0.17375145852565765
YIR015W,YIL022W,0,-3.7255852,0.22031250596046448,0.4912891983985901,0.1738675981760025
YKL005C,YNL153C,0,-3.726133,0.22019781172275543,0.4912891983985901,0.17398373782634735
YCL026C-A,YKR095W-A,0,-3.7262132,0.22008325159549713,0.4912891983985901,0.1740998774766922
YNR067C,YMR021C,0,-3.7264564,0.2199687957763672,0.4912891983985901,0.17421603202819824
YEL037C,YHR099W,1,-3.7264595,0.2203742265701294,0.49245062470436096,0.17421603202819824
YNL222W,YML014W,0,-3.7271128,0.22025974094867706,0.49245062470436096,0.1743321716785431
YMR153W,YDL170W,0,-3.7273982,0.22014537453651428,0.49245062470436096,0.17444831132888794
YLR127C,YFR052W,0,-3.7274866,0.22003114223480225,0.49245062470436096,0.17456446588039398
YML032C,YGL175C,1,-3.727617,0.22043567895889282,0.4936120808124542,0.17456446588039398
YDR040C,YIL008W,0,-3.727901,0.2203214168548584,0.4936120808124542,0.17468060553073883
YLL019C,YDL154W,0,-3.728287,0.22020725905895233,0.4936120808124542,0.17479674518108368
YIL036W,YLR262C,0,-3.7286034,0.22009322047233582,0.4936120808124542,0.17491288483142853
YGR224W,YPR134W,0,-3.728792,0.21997930109500885,0.4936120808124542,0.17502903938293457
YOL043C,YML032C,1,-3.7288144,0.22038282454013824,0.4947735071182251,0.17502903938293457
YHR005C,YPR072W,0,-3.7289531,0.2202688753604889,0.4947735071182251,0.17514517903327942
YCL016C,YDR393W,0,-3.7295794,0.2201550453901291,0.4947735071182251,0.17526131868362427
YJL090C,YER142C,1,-3.7297204,0.22055785357952118,0.49593496322631836,0.17526131868362427
YDR075W,YOR212W,0,-3.7297456,0.2204439789056778,0.49593496322631836,0.1753774732351303
YCR028C,YPR094W,0,-3.7302558,0.22033023834228516,0.49593496322631836,0.17549361288547516
YNR067C,YMR216C,0,-3.7305324,0.22021660208702087,0.49593496322631836,0.17560975253582
YNL014W,YGL035C,0,-3.7306206,0.22010309994220734,0.49593496322631836,0.17572590708732605
YNL312W,YDR359C,1,-3.7306862,0.22050489485263824,0.49709638953208923,0.17572590708732605
YJL194W,YDR021W,0,-3.7308514,0.22039134800434113,0.49709638953208923,0.1758420467376709
YGL013C,YJL129C,0,-3.7309363,0.22027792036533356,0.49709638953208923,0.17595818638801575
YKL112W,YDR180W,1,-3.7309642,0.22067901492118835,0.4982578456401825,0.17595818638801575
YJR086W,YPL253C,0,-3.7310946,0.2205655574798584,0.4982578456401825,0.1760743260383606
YFL010W-A,YER003C,0,-3.7316153,0.2204522043466568,0.4982578456401825,0.17619048058986664
YKL208W,YPR188C,0,-3.7318974,0.22033898532390594,0.4982578456401825,0.1763066202402115
YOR149C,YNL154C,0,-3.7321026,0.22022587060928345,0.4982578456401825,0.17642275989055634
YDL019C,YGR033C,0,-3.7322357,0.2201128751039505,0.4982578456401825,0.17653891444206238
YDL079C,YGR024C,0,-3.7323506,0.2199999988079071,0.4982578456401825,0.17665505409240723
YDL017W,YDR337W,0,-3.7325654,0.21988724172115326,0.4982578456401825,0.17677119374275208
YJR140C,YDR308C,0,-3.7326741,0.21977458894252777,0.4982578456401825,0.17688733339309692
YPL096C-A,YHR203C,0,-3.733104,0.21966205537319183,0.4982578456401825,0.17700348794460297
YGL065C,YGL016W,0,-3.7335067,0.21954964101314545,0.4982578456401825,0.17711962759494781
YIL131C,YPL192C,0,-3.733664,0.2194373458623886,0.4982578456401825,0.17723576724529266
YPR057W,YGL013C,0,-3.7340987,0.21932515501976013,0.4982578456401825,0.1773519217967987
YNL210W,YNL149C,0,-3.734194,0.2192130833864212,0.4982578456401825,0.17746806144714355
YLR394W,YDR425W,0,-3.734472,0.21910113096237183,0.4982578456401825,0.1775842010974884
YBR211C,YNL241C,0,-3.7345955,0.2189892828464508,0.4982578456401825,0.17770035564899445
YJR017C,YMR139W,0,-3.7352204,0.21887755393981934,0.4982578456401825,0.1778164952993393
YBR059C,YDR331W,0,-3.7354558,0.21876592934131622,0.4982578456401825,0.17793263494968414
YLR431C,YLR081W,0,-3.7355568,0.21865443885326385,0.4982578456401825,0.178048774600029
YFL036W,YIL008W,0,-3.735799,0.21854305267333984,0.4982578456401825,0.17816492915153503
YPL100W,YNL149C,0,-3.7358842,0.2184317708015442,0.4982578456401825,0.17828106880187988
YDL200C,YFL008W,1,-3.7359073,0.21882951259613037,0.49941927194595337,0.17828106880187988
YCR107W,YGL226C-A,0,-3.7363708,0.21871821582317352,0.49941927194595337,0.17839720845222473
YER003C,YLR090W,0,-3.7368224,0.21860700845718384,0.49941927194595337,0.17851336300373077
YMR301C,YGR239C,0,-3.7373114,0.2184959352016449,0.49941927194595337,0.17862950265407562
YCL014W,YDL098C,0,-3.737367,0.21838496625423431,0.49941927194595337,0.17874564230442047
YOR330C,YIR018W,0,-3.7374966,0.21827411651611328,0.49941927194595337,0.17886178195476532
YNL136W,YDR359C,1,-3.7378097,0.21867072582244873,0.5005807280540466,0.17886178195476532
YML102W,YEL037C,1,-3.7379212,0.21906693279743195,0.5017421841621399,0.17886178195476532
YOR171C,YOR123C,0,-3.738004,0.2189559042453766,0.5017421841621399,0.17897793650627136
YJR074W,YLR025W,0,-3.7380483,0.21884498000144958,0.5017421841621399,0.1790940761566162
YPR018W,YDL170W,0,-3.7380724,0.21873417496681213,0.5017421841621399,0.17921021580696106
YLR127C,YNL328C,0,-3.738335,0.21862348914146423,0.5017421841621399,0.1793263703584671
YNL136W,YDR180W,1,-3.7383807,0.21901871263980865,0.5029035806655884,0.1793263703584671
YPR057W,YPL082C,0,-3.738456,0.21890798211097717,0.5029035806655884,0.17944251000881195
YNL068C,YCL008C,0,-3.738662,0.21879737079143524,0.5029035806655884,0.1795586496591568
YEL027W,YPL060W,0,-3.7386677,0.21868686378002167,0.5029035806655884,0.17967478930950165
YJL183W,YMR283C,0,-3.7388425,0.21857647597789764,0.5029035806655884,0.1797909438610077
YDR386W,YDR180W,1,-3.738941,0.21897073090076447,0.5040650367736816,0.1797909438610077
YOL156W,YOR160W,0,-3.7389946,0.21886031329631805,0.5040650367736816,0.17990708351135254
YOR349W,YDL058W,0,-3.7390025,0.21875,0.5040650367736816,0.1800232231616974
YFL048C,YOR036W,0,-3.7393827,0.2186398059129715,0.5040650367736816,0.18013937771320343
YJR010C-A,YNR006W,0,-3.7398322,0.21852970123291016,0.5040650367736816,0.18025551736354828
YOL130W,YPL224C,0,-3.7401187,0.21841973066329956,0.5040650367736816,0.18037165701389313
YBR267W,YDR515W,0,-3.7401206,0.21830986440181732,0.5040650367736816,0.18048781156539917
YLR025W,YNL154C,0,-3.7402318,0.21820010244846344,0.5040650367736816,0.18060395121574402
YNL281W,YDR289C,0,-3.7405384,0.2180904597043991,0.5040650367736816,0.18072009086608887
YPR057W,YOR210W,0,-3.7408168,0.21798092126846313,0.5040650367736816,0.18083623051643372
YPL153C,YHR099W,1,-3.741473,0.21837349236011505,0.5052264928817749,0.18083623051643372
YOR349W,YLR166C,0,-3.741512,0.2182639241218567,0.5052264928817749,0.18095238506793976
YCR107W,YNL282W,0,-3.7416205,0.21815446019172668,0.5052264928817749,0.1810685247182846
YGL092W,YGR129W,0,-3.7416427,0.21804511547088623,0.5052264928817749,0.18118466436862946
YBR145W,YIR033W,0,-3.7418416,0.21793587505817413,0.5052264928817749,0.1813008189201355
YDR337W,YGL013C,0,-3.7418637,0.2178267389535904,0.5052264928817749,0.18141695857048035
YOR005C,YOR217W,1,-3.7419717,0.21821822226047516,0.5063879489898682,0.18141695857048035
YBR186W,YDL080C,0,-3.7425082,0.21810905635356903,0.5063879489898682,0.1815330982208252
YPL202C,YPL146C,0,-3.7427716,0.21799999475479126,0.5063879489898682,0.18164923787117004
YOL049W,YJL183W,0,-3.7429483,0.21789105236530304,0.5063879489898682,0.1817653924226761
YER019W,YDR379W,0,-3.7429614,0.21778221428394318,0.5063879489898682,0.18188153207302094
YMR150C,YCL004W,0,-3.7430985,0.21767349541187286,0.5063879489898682,0.18199767172336578
YOL009C,YKL034W,0,-3.743365,0.21756486594676971,0.5063879489898682,0.18211382627487183
YPL100W,YOL108C,0,-3.743371,0.21745635569095612,0.5063879489898682,0.18222996592521667
YGR224W,YML114C,0,-3.74344,0.21734794974327087,0.5063879489898682,0.18234610557556152
YOR144C,YEL037C,1,-3.743518,0.21773791313171387,0.5075493454933167,0.18234610557556152
YLL015W,YOR064C,0,-3.7441308,0.21762947738170624,0.5075493454933167,0.18246226012706757
YNL307C,YBR087W,1,-3.7441342,0.21801891922950745,0.5087108016014099,0.18246226012706757
YPL091W,YKR095W-A,0,-3.7443106,0.21791045367717743,0.5087108016014099,0.18257839977741241
YDR174W,YFR034C,0,-3.7449641,0.21780209243297577,0.5087108016014099,0.18269453942775726
YJL090C,YOR386W,1,-3.7452016,0.21819084882736206,0.5098722577095032,0.18269453942775726
YGL219C,YKL018W,0,-3.74522,0.218082457780838,0.5098722577095032,0.1828106790781021
YMR298W,YIL119C,0,-3.745438,0.21797418594360352,0.5098722577095032,0.18292683362960815
YNL222W,YKL166C,0,-3.7455058,0.21786600351333618,0.5098722577095032,0.183042973279953
YOR254C,YGR186W,0,-3.74563,0.2177579402923584,0.5098722577095032,0.18315911293029785
YNL288W,YBL058W,0,-3.7460477,0.21764998137950897,0.5098722577095032,0.1832752674818039
YGL084C,YJR140C,0,-3.7464154,0.2175421267747879,0.5098722577095032,0.18339140713214874
YLR026C,YJR102C,0,-3.7470329,0.2174343764781952,0.5098722577095032,0.1835075467824936
YGL035C,YCR083W,0,-3.747074,0.21732673048973083,0.5098722577095032,0.18362368643283844
YPR018W,YKL095W,0,-3.7472568,0.21721920371055603,0.5098722577095032,0.18373984098434448
YPL202C,YIL131C,0,-3.7474601,0.2171117663383484,0.5098722577095032,0.18385598063468933
YLR078C,YNL129W,0,-3.7480628,0.2170044481754303,0.5098722577095032,0.18397212028503418
YJR093C,YPL146C,0,-3.7484555,0.21689723432064056,0.5098722577095032,0.18408827483654022
YGR268C,YBL080C,0,-3.7485912,0.2167901247739792,0.5098722577095032,0.18420441448688507
YLR319C,YML055W,0,-3.7486188,0.21668311953544617,0.5098722577095032,0.18432055413722992
YCL016C,YPL101W,0,-3.7492914,0.2165762186050415,0.5098722577095032,0.18443670868873596
YDL079C,YPR094W,0,-3.7500198,0.2164694219827652,0.5098722577095032,0.1845528483390808
YNL164C,YBR258C,0,-3.7502878,0.21636274456977844,0.5098722577095032,0.18466898798942566
YKL112W,YLR005W,1,-3.7506793,0.21674877405166626,0.5110336542129517,0.18466898798942566
YLR242C,YBL047C,0,-3.7507718,0.21664205193519592,0.5110336542129517,0.1847851276397705
YOL001W,YJL129C,0,-3.7507946,0.21653543412685394,0.5110336542129517,0.18490128219127655
YOR221C,YOR307C,0,-3.7515166,0.21642892062664032,0.5110336542129517,0.1850174218416214
YBR087W,YDR359C,1,-3.7522357,0.21681416034698486,0.5121951103210449,0.1850174218416214
YLR011W,YDR456W,0,-3.7522924,0.21670761704444885,0.5121951103210449,0.18513356149196625
YPR200C,YPR188C,0,-3.7525856,0.2166011780500412,0.5121951103210449,0.1852497160434723
YOL156W,YPL192C,0,-3.7527657,0.2164948433637619,0.5121951103210449,0.18536585569381714
YER073W,YBR129C,0,-3.7528517,0.21638861298561096,0.5121951103210449,0.185481995344162
YBL047C,YPR086W,0,-3.7532644,0.21628248691558838,0.5121951103210449,0.18559813499450684
YJR092W,YGR059W,0,-3.753489,0.21617646515369415,0.5121951103210449,0.18571428954601288
YMR026C,YNL032W,0,-3.7536647,0.21607054769992828,0.5121951103210449,0.18583042919635773
YMR109W,YBL105C,0,-3.753855,0.21596473455429077,0.5121951103210449,0.18594656884670258
YOR005C,YEL037C,1,-3.7538633,0.21634851396083832,0.5133565664291382,0.18594656884670258
YBR211C,YPL096C-A,0,-3.7539883,0.21624265611171722,0.5133565664291382,0.18606272339820862
YOR217W,YBR087W,1,-3.7540033,0.21662591397762299,0.5145180225372314,0.18606272339820862
YGR003W,YLR193C,0,-3.754165,0.2165200412273407,0.5145180225372314,0.18617886304855347
YBR233W-A,YDR308C,0,-3.754286,0.21641425788402557,0.5145180225372314,0.18629500269889832
YKL101W,YFR034C,0,-3.7542918,0.21630859375,0.5145180225372314,0.18641115725040436
YCL026C-A,YJL203W,0,-3.7544804,0.2162030190229416,0.5145180225372314,0.1865272969007492
YKR086W,YOL031C,0,-3.7545226,0.21609756350517273,0.5145180225372314,0.18664343655109406
YDL017W,YKL055C,0,-3.7550726,0.21599219739437103,0.5145180225372314,0.1867595762014389
YOR123C,YGL151W,0,-3.7553213,0.2158869355916977,0.5145180225372314,0.18687573075294495
YOL038W,YGR192C,0,-3.7559552,0.2157817780971527,0.5145180225372314,0.1869918704032898
YOR322C,YKL197C,0,-3.7563014,0.21567672491073608,0.5145180225372314,0.18710801005363464
YML062C,YGL122C,0,-3.7563593,0.21557177603244781,0.5145180225372314,0.18722416460514069
YOR249C,YDL058W,0,-3.756624,0.2154669314622879,0.5145180225372314,0.18734030425548553
YDR432W,YNL186W,0,-3.756995,0.21536217629909515,0.5145180225372314,0.18745644390583038
YCL004W,YGR181W,0,-3.7572703,0.21525752544403076,0.5145180225372314,0.18757258355617523
YOL001W,YOL122C,0,-3.7573428,0.21515299379825592,0.5145180225372314,0.18768873810768127
YNL070W,YPL239W,0,-3.757377,0.21504853665828705,0.5145180225372314,0.18780487775802612
YGL004C,YKL173W,0,-3.7575684,0.21494419872760773,0.5145180225372314,0.18792101740837097
YDR309C,YPL209C,0,-3.7577708,0.21483996510505676,0.5145180225372314,0.18803717195987701
YER142C,YGR258C,1,-3.7585206,0.21522055566310883,0.5156794190406799,0.18803717195987701
YOR034C,YDR480W,0,-3.758703,0.21511627733707428,0.5156794190406799,0.18815331161022186
YNL136W,YLR005W,1,-3.759062,0.21549636125564575,0.5168408751487732,0.18815331161022186
YLR329W,YDR393W,0,-3.7592785,0.21539206802845,0.5168408751487732,0.1882694512605667
YNL323W,YDR116C,0,-3.7593088,0.21528786420822144,0.5168408751487732,0.18838559091091156
YDR202C,YCR060W,0,-3.7600217,0.21518374979496002,0.5168408751487732,0.1885017454624176
YKL112W,YML032C,1,-3.7600265,0.2155630737543106,0.5180023312568665,0.1885017454624176
YCL027W,YHR012W,0,-3.7602298,0.215458944439888,0.5180023312568665,0.18861788511276245
YMR201C,YHR099W,1,-3.7606294,0.215837761759758,0.5191637873649597,0.18861788511276245
YBL009W,YML103C,0,-3.760848,0.2157335877418518,0.5191637873649597,0.1887340247631073
YMR013C,YCL063W,0,-3.7612984,0.21562951803207397,0.5191637873649597,0.18885017931461334
YDR081C,YLR467W,0,-3.7613804,0.2155255526304245,0.5191637873649597,0.1889663189649582
YMR011W,YJL139C,0,-3.7615232,0.21542169153690338,0.5191637873649597,0.18908245861530304
YGL155W,YDR021W,0,-3.762166,0.21531791985034943,0.5191637873649597,0.18919861316680908
YOR180C,YPR052C,0,-3.762333,0.21521425247192383,0.5191637873649597,0.18931475281715393
YFL003C,YHR200W,0,-3.7623837,0.2151106894016266,0.5191637873649597,0.18943089246749878
YAL015C,YPL153C,1,-3.762408,0.21548821032047272,0.5203251838684082,0.18943089246749878
YLR384C,YOR148C,0,-3.7625558,0.2153846174478531,0.5203251838684082,0.18954703211784363
YDL087C,YLR008C,0,-3.7626011,0.21528111398220062,0.5203251838684082,0.18966318666934967
YBR038W,YPR018W,0,-3.7631657,0.2151777148246765,0.5203251838684082,0.18977932631969452
YMR021C,YKL122C,0,-3.7632005,0.21507440507411957,0.5203251838684082,0.18989546597003937
YGL142C,YBR129C,0,-3.763269,0.21497121453285217,0.5203251838684082,0.1900116205215454
YMR047C,YGR211W,0,-3.7633088,0.21486809849739075,0.5203251838684082,0.19012776017189026
YLR025W,YAL009W,0,-3.7637086,0.21476510167121887,0.5203251838684082,0.1902438998222351
YHR150W,YPR032W,0,-3.764145,0.21466219425201416,0.5203251838684082,0.19036003947257996
YPL059W,YDR337W,0,-3.7642443,0.2145593911409378,0.5203251838684082,0.190476194024086
YGL190C,YMR203W,0,-3.7647033,0.2144566774368286,0.5203251838684082,0.19059233367443085
YGL192W,YIR005W,0,-3.7648032,0.21435406804084778,0.5203251838684082,0.1907084733247757
YDR524C,YLR192C,0,-3.7651522,0.2142515480518341,0.5203251838684082,0.19082462787628174
YJL065C,YDL087C,0,-3.765747,0.2141491323709488,0.5203251838684082,0.1909407675266266
YOR005C,YHR099W,1,-3.765768,0.21452461183071136,0.5214866399765015,0.1909407675266266
YER142C,YDR460W,1,-3.765924,0.2148997187614441,0.5226480960845947,0.1909407675266266
YFL023W,YLR329W,0,-3.765938,0.21479713916778564,0.5226480960845947,0.19105690717697144
YGR158C,YOR172W,0,-3.7663438,0.21469466388225555,0.5226480960845947,0.19117306172847748
YBR038W,YKR055W,0,-3.766541,0.21459227800369263,0.5226480960845947,0.19128920137882233
YPR188C,YBR152W,0,-3.766814,0.21448999643325806,0.5226480960845947,0.19140534102916718
YPL269W,YIL063C,0,-3.7668688,0.21438780426979065,0.5226480960845947,0.19152148067951202
YOR180C,YIR022W,0,-3.7669876,0.2142857164144516,0.5226480960845947,0.19163763523101807
YLR215C,YBR218C,0,-3.7670527,0.2141837179660797,0.5226480960845947,0.19175377488136292
YJR022W,YOR212W,0,-3.7674363,0.21408182382583618,0.5226480960845947,0.19186991453170776
YBR234C,YJL203W,0,-3.7677648,0.213980033993721,0.5226480960845947,0.1919860690832138
YML092C,YJR086W,0,-3.7678952,0.213878333568573,0.5226480960845947,0.19210220873355865
YDR076W,YOR217W,1,-3.768155,0.2142517864704132,0.523809552192688,0.19210220873355865
YPL190C,YLR263W,0,-3.7685063,0.21415004134178162,0.523809552192688,0.1922183483839035
YCR048W,YJL065C,0,-3.7692592,0.21404841542243958,0.523809552192688,0.19233448803424835
YDR231C,YKR095W-A,0,-3.7695477,0.2139468640089035,0.523809552192688,0.1924506425857544
YNL068C,YHR073W,0,-3.769997,0.21384543180465698,0.523809552192688,0.19256678223609924
YKL011C,YPL192C,0,-3.7701232,0.21374407410621643,0.523809552192688,0.1926829218864441
YOR249C,YOL117W,0,-3.7705739,0.21364282071590424,0.523809552192688,0.19279907643795013
YAL022C,YNR006W,0,-3.7705762,0.2135416716337204,0.523809552192688,0.19291521608829498
YPL059W,YKR095W-A,0,-3.7706342,0.21344061195850372,0.523809552192688,0.19303135573863983
YLR133W,YJL139C,0,-3.7708943,0.2133396416902542,0.523809552192688,0.19314751029014587
YNL312W,YGL175C,1,-3.7711556,0.21371158957481384,0.5249709486961365,0.19314751029014587
YPL171C,YDL058W,0,-3.771587,0.21361058950424194,0.5249709486961365,0.19326364994049072
YMR162C,YBR258C,0,-3.771732,0.2135096788406372,0.5249709486961365,0.19337978959083557
YDL175C,YPL118W,0,-3.771885,0.21340887248516083,0.5249709486961365,0.19349592924118042
YMR225C,YIL030C,0,-3.7719688,0.2133081704378128,0.5249709486961365,0.19361208379268646
YAL009W,YHR161C,0,-3.7720227,0.21320754289627075,0.5249709486961365,0.1937282234430313
YER088C,YML012W,0,-3.7721498,0.21310701966285706,0.5249709486961365,0.19384436309337616
YOR039W,YPL248C,0,-3.7723377,0.21300660073757172,0.5249709486961365,0.1939605176448822
YAL015C,YOR217W,1,-3.772508,0.21337729692459106,0.5261324048042297,0.1939605176448822
YML032C,YDR359C,1,-3.7732272,0.21374765038490295,0.527293860912323,0.1939605176448822
YAL042W,YGR059W,0,-3.773292,0.2136470526456833,0.527293860912323,0.19407665729522705
YIL128W,YHR099W,1,-3.773573,0.21401692926883698,0.5284552574157715,0.19407665729522705
YDL217C,YML097C,0,-3.773578,0.21391631662845612,0.5284552574157715,0.1941927969455719
YMR201C,YEL037C,1,-3.773917,0.2142857164144516,0.5296167135238647,0.1941927969455719
YOL130W,YPR095C,0,-3.7743886,0.21418505907058716,0.5296167135238647,0.19430893659591675
YPR032W,YCR084C,0,-3.7745688,0.21408450603485107,0.5296167135238647,0.1944250911474228
YBR275C,YHR161C,0,-3.7747252,0.21398404240608215,0.5296167135238647,0.19454123079776764
YNL230C,YLR425W,0,-3.7752252,0.2138836830854416,0.5296167135238647,0.1946573704481125
YGL035C,YKL166C,0,-3.775379,0.213783398270607,0.5296167135238647,0.19477352499961853
YDR320C-A,YNL210W,0,-3.7753904,0.21368321776390076,0.5296167135238647,0.19488966464996338
YIL084C,YDL098C,0,-3.7754836,0.21358314156532288,0.5296167135238647,0.19500580430030823
YGL011C,YPR032W,0,-3.7757208,0.21348313987255096,0.5296167135238647,0.19512194395065308
YGR227W,YIL129C,0,-3.7759035,0.2133832424879074,0.5296167135238647,0.19523809850215912
YGL190C,YDR310C,0,-3.7760012,0.2132834494113922,0.5296167135238647,0.19535423815250397
YML023C,YOR346W,1,-3.7763107,0.21365123987197876,0.530778169631958,0.19535423815250397
YFL048C,YNL241C,0,-3.776459,0.21355140209197998,0.530778169631958,0.19547037780284882
YLR135W,YKL080W,0,-3.7764797,0.21345165371894836,0.530778169631958,0.19558653235435486
YHR005C,YPL190C,0,-3.7769482,0.2133520096540451,0.530778169631958,0.1957026720046997
YPL177C,YLR135W,0,-3.7770193,0.213252454996109,0.530778169631958,0.19581881165504456
YJL090C,YNL312W,1,-3.7777572,0.2136193960905075,0.5319396257400513,0.19581881165504456
YPL258C,YJR102C,0,-3.7777646,0.21351981163024902,0.5319396257400513,0.1959349662065506
YBR065C,YNR015W,0,-3.7779336,0.2134203165769577,0.5319396257400513,0.19605110585689545
YER019W,YER008C,0,-3.7781322,0.21332091093063354,0.5319396257400513,0.1961672455072403
YNL222W,YJL129C,0,-3.7785535,0.21322159469127655,0.5319396257400513,0.19628338515758514
YCR009C,YDR181C,0,-3.7787635,0.2131223827600479,0.5319396257400513,0.1963995397090912
YKL112W,YOR217W,1,-3.7788084,0.21348837018013,0.5331010222434998,0.1963995397090912
YNL039W,YGR211W,0,-3.7790434,0.21338912844657898,0.5331010222434998,0.19651567935943604
YKL005C,YBR159W,0,-3.7792933,0.21328996121883392,0.5331010222434998,0.19663181900978088
YKL025C,YLR005W,1,-3.7795079,0.21365536749362946,0.534262478351593,0.19663181900978088
YBL061C,YGR024C,0,-3.779917,0.213556170463562,0.534262478351593,0.19674797356128693
YNL020C,YPR070W,0,-3.7804337,0.21345707774162292,0.534262478351593,0.19686411321163177
YLR431C,YPR057W,0,-3.7805965,0.213358074426651,0.534262478351593,0.19698025286197662
YOR002W,YKL079W,0,-3.7807066,0.21325916051864624,0.534262478351593,0.19709639251232147
YGL195W,YPL110C,0,-3.7807846,0.21316033601760864,0.534262478351593,0.19721254706382751
YGL143C,YMR076C,0,-3.780794,0.2130616009235382,0.534262478351593,0.19732868671417236
YKL055C,YHR084W,0,-3.7809107,0.21296297013759613,0.534262478351593,0.1974448263645172
YJL008C,YLR090W,0,-3.7809887,0.21286441385746002,0.534262478351593,0.19756098091602325
YFR028C,YOL038W,0,-3.7818213,0.21276596188545227,0.534262478351593,0.1976771205663681
YML062C,YBR273C,0,-3.7818835,0.2126675844192505,0.534262478351593,0.19779326021671295
YHR073W,YMR283C,0,-3.7819135,0.21256931126117706,0.534262478351593,0.197909414768219
YDR180W,YMR284W,1,-3.7819383,0.2129330188035965,0.5354239344596863,0.197909414768219
YDR335W,YOR106W,0,-3.7821999,0.21283471584320068,0.5354239344596863,0.19802555441856384
YOL077W-A,YJR092W,0,-3.7823308,0.21273650228977203,0.5354239344596863,0.1981416940689087
YMR225C,YBR024W,0,-3.7824461,0.21263837814331055,0.5354239344596863,0.19825783371925354
YGR155W,YIL084C,0,-3.7825983,0.21254034340381622,0.5354239344596863,0.19837398827075958
YDR379W,YOL122C,0,-3.7826266,0.21244239807128906,0.5354239344596863,0.19849012792110443
YBR008C,YJL128C,0,-3.7827065,0.21234454214572906,0.5354239344596863,0.19860626757144928
YER032W,YBR077C,0,-3.7829173,0.21224677562713623,0.5354239344596863,0.19872242212295532
YNL230C,YKL122C,0,-3.783004,0.21214909851551056,0.5354239344596863,0.19883856177330017
YMR012W,YMR029C,0,-3.7831671,0.21205151081085205,0.5354239344596863,0.19895470142364502
YNR026C,YLR425W,0,-3.7832599,0.2119540274143219,0.5354239344596863,0.19907084107398987
YDR456W,YHR181W,0,-3.783354,0.21185661852359772,0.5354239344596863,0.1991869956254959
YLR335W,YDL080C,0,-3.7843525,0.2117592990398407,0.5354239344596863,0.19930313527584076
YIL159W,YGR186W,0,-3.7844355,0.21166206896305084,0.5354239344596863,0.1994192749261856
YCL027W,YMR069W,0,-3.78447,0.21156494319438934,0.5354239344596863,0.19953542947769165
YNL270C,YPL192C,0,-3.785011,0.2114678919315338,0.5354239344596863,0.1996515691280365
YNL262W,YML032C,1,-3.7850282,0.21182943880558014,0.5365853905677795,0.1996515691280365
YLR166C,YKL095W,0,-3.7853794,0.21173235774040222,0.5365853905677795,0.19976770877838135
YNR054C,YER075C,0,-3.7867467,0.21163536608219147,0.5365853905677795,0.1998838633298874
YIL036W,YJL076W,0,-3.7868664,0.21153846383094788,0.5365853905677795,0.20000000298023224
YAR033W,YPR032W,0,-3.7868884,0.21144165098667145,0.5365853905677795,0.2001161426305771
YBR089C-A,YNL311C,0,-3.7869127,0.21134492754936218,0.5365853905677795,0.20023228228092194
YIL070C,YLR026C,0,-3.7870367,0.2112482786178589,0.5365853905677795,0.20034843683242798
YGL003C,YLR335W,0,-3.7881136,0.21115173399448395,0.5365853905677795,0.20046457648277283
YNL268W,YMR109W,0,-3.7882016,0.21105527877807617,0.5365853905677795,0.20058071613311768
YER142C,YEL037C,1,-3.7882955,0.21141552925109863,0.537746787071228,0.20058071613311768
YJR083C,YDR083W,0,-3.7886608,0.21131902933120728,0.537746787071228,0.20069687068462372
YML103C,YGR229C,0,-3.7887337,0.21122263371944427,0.537746787071228,0.20081301033496857
YNL282W,YIL109C,0,-3.7887418,0.21112631261348724,0.537746787071228,0.20092914998531342
YPL060W,YLR329W,0,-3.7894657,0.21103008091449738,0.537746787071228,0.20104528963565826
YOL043C,YBR087W,1,-3.7894723,0.21138952672481537,0.5389082431793213,0.20104528963565826
YNL032W,YDR189W,0,-3.7895787,0.2112932652235031,0.5389082431793213,0.2011614441871643
YNL053W,YPR036W,0,-3.7896845,0.21119709312915802,0.5389082431793213,0.20127758383750916
YGL256W,YJR110W,0,-3.7897823,0.2111009955406189,0.5389082431793213,0.201393723487854
YGR261C,YKL166C,0,-3.789798,0.21100500226020813,0.5389082431793213,0.20150987803936005
YKL005C,YDR116C,0,-3.789892,0.21090908348560333,0.5389082431793213,0.2016260176897049
YLR195C,YLR268W,0,-3.7899542,0.2108132690191269,0.5389082431793213,0.20174215734004974
YML102W,YMR224C,1,-3.7902672,0.21117165684700012,0.5400696992874146,0.20174215734004974
YBR267W,YLR424W,0,-3.7904556,0.2110758125782013,0.5400696992874146,0.2018582969903946
YER028C,YGL098W,0,-3.7905219,0.21098004281520844,0.5400696992874146,0.20197445154190063
YMR263W,YER008C,0,-3.7905414,0.21088434755802155,0.5400696992874146,0.20209059119224548
YMR232W,YDL225W,0,-3.7908432,0.210788756608963,0.5400696992874146,0.20220673084259033
YKL112W,YFL008W,1,-3.790953,0.21114635467529297,0.5412311553955078,0.20220673084259033
YNL312W,YDL042C,1,-3.791298,0.21150362491607666,0.5423925518989563,0.20220673084259033
YFL029C,YDL013W,0,-3.7919037,0.211407870054245,0.5423925518989563,0.20232288539409637
YKL146W,YML062C,0,-3.7920272,0.2113122195005417,0.5423925518989563,0.20243902504444122
YOL156W,YIR018W,0,-3.7921467,0.21121664345264435,0.5423925518989563,0.20255516469478607
YGR218W,YML098W,0,-3.7927597,0.21112115681171417,0.5423925518989563,0.20267131924629211
YNL039W,YML047C,0,-3.7930214,0.21102575957775116,0.5423925518989563,0.20278745889663696
YMR224C,YNL312W,1,-3.7931502,0.21138212084770203,0.5435540080070496,0.20278745889663696
YDR180W,YHR099W,1,-3.7932496,0.21173815429210663,0.5447154641151428,0.20278745889663696
YMR296C,YPR032W,0,-3.7937305,0.21164259314537048,0.5447154641151428,0.2029035985469818
YDL143W,YJR093C,0,-3.7939727,0.2115471363067627,0.5447154641151428,0.20301973819732666
YNL136W,YER169W,1,-3.7942884,0.21190261840820312,0.5458768606185913,0.20301973819732666
YDL088C,YGL142C,0,-3.794926,0.21180711686611176,0.5458768606185913,0.2031358927488327
YLR431C,YBR240C,0,-3.7952964,0.21171170473098755,0.5458768606185913,0.20325203239917755
YCR107W,YEL062W,0,-3.795375,0.2116163820028305,0.5458768606185913,0.2033681720495224
YDL175C,YDR318W,0,-3.7959993,0.21152114868164062,0.5458768606185913,0.20348432660102844
YDL235C,YPL033C,0,-3.7961085,0.2114260047674179,0.5458768606185913,0.2036004662513733
YLL061W,YPR094W,0,-3.7962492,0.21133093535900116,0.5458768606185913,0.20371660590171814
YKR095W-A,YNL154C,0,-3.7963698,0.21123595535755157,0.5458768606185913,0.203832745552063
YDR480W,YJR017C,0,-3.7968266,0.21114106476306915,0.5458768606185913,0.20394890010356903
YIL036W,YPL096C-A,0,-3.7968333,0.2110462486743927,0.5458768606185913,0.20406503975391388
YMR162C,YDR098C,0,-3.7972984,0.2109515219926834,0.5458768606185913,0.20418117940425873
YJR083C,YHR158C,0,-3.7976005,0.21085688471794128,0.5458768606185913,0.20429733395576477
YNL149C,YNL088W,0,-3.7978432,0.21076233685016632,0.5458768606185913,0.20441347360610962
YGL238W,YMR197C,0,-3.7989576,0.21066786348819733,0.5458768606185913,0.20452961325645447
YLR215C,YBR186W,0,-3.7995276,0.2105734795331955,0.5458768606185913,0.2046457678079605
YGR261C,YOL031C,0,-3.7997139,0.21047917008399963,0.5458768606185913,0.20476190745830536
YDR456W,YBL050W,0,-3.799854,0.21038496494293213,0.5458768606185913,0.2048780471086502
YDL200C,YOR386W,1,-3.8000195,0.21073825657367706,0.5470383167266846,0.2048780471086502
YLR195C,YMR283C,0,-3.800034,0.21064400672912598,0.5470383167266846,0.20499418675899506
YMR029C,YLR277C,0,-3.8004344,0.21054984629154205,0.5470383167266846,0.2051103413105011
YKL025C,YDR180W,1,-3.8006878,0.21090258657932281,0.5481997728347778,0.2051103413105011
YDL197C,YHR161C,0,-3.8007724,0.2108083963394165,0.5481997728347778,0.20522648096084595
YIL159W,YHL036W,0,-3.8012502,0.21071428060531616,0.5481997728347778,0.2053426206111908
YDR174W,YLR277C,0,-3.801287,0.21062025427818298,0.5481997728347778,0.20545877516269684
YDL098C,YLR455W,0,-3.801377,0.21052631735801697,0.5481997728347778,0.2055749148130417
YBR185C,YDR208W,0,-3.8018305,0.21043245494365692,0.5481997728347778,0.20569105446338654
YJL025W,YNL154C,0,-3.802263,0.21033868193626404,0.5481997728347778,0.20580719411373138
YGL105W,YBR008C,0,-3.8022854,0.21024498343467712,0.5481997728347778,0.20592334866523743
YPR200C,YDR301W,0,-3.8022888,0.21015137434005737,0.5481997728347778,0.20603948831558228
YIL002C,YJR131W,0,-3.8028328,0.21005785465240479,0.5481997728347778,0.20615562796592712
YGL190C,YNL167C,0,-3.8028715,0.20996440947055817,0.5481997728347778,0.20627178251743317
YNL053W,YNL186W,0,-3.802987,0.2098710536956787,0.5481997728347778,0.20638792216777802
YDR393W,YDR425W,0,-3.8033512,0.20977777242660522,0.5481997728347778,0.20650406181812286
YNR023W,YJR010C-A,0,-3.8034499,0.2096845805644989,0.5481997728347778,0.2066202163696289
YDR301W,YDR328C,0,-3.803599,0.20959147810935974,0.5481997728347778,0.20673635601997375
YML023C,YLR005W,1,-3.8043406,0.2099422961473465,0.5493612289428711,0.20673635601997375
YOL164W,YLR026C,0,-3.8043802,0.20984916388988495,0.5493612289428711,0.2068524956703186
YJR092W,YGR181W,0,-3.80556,0.20975609123706818,0.5493612289428711,0.20696863532066345
YDR331W,YLR332W,0,-3.805568,0.20966312289237976,0.5493612289428711,0.2070847898721695
YFL017W-A,YIL030C,0,-3.805654,0.20957022905349731,0.5493612289428711,0.20720092952251434
YGR202C,YHR150W,0,-3.805844,0.20947740972042084,0.5493612289428711,0.2073170691728592
YJL090C,YFL008W,1,-3.8060203,0.20982736349105835,0.5505226254463196,0.2073170691728592
YPL153C,YMR284W,1,-3.8060558,0.2101769894361496,0.5516840815544128,0.2073170691728592
YOR079C,YHR061C,0,-3.8063245,0.21008403599262238,0.5516840815544128,0.20743322372436523
YCL016C,YIR015W,0,-3.8063965,0.20999115705490112,0.5516840815544128,0.20754936337471008
YPR104C,YMR109W,0,-3.8065026,0.20989836752414703,0.5516840815544128,0.20766550302505493
YFL029C,YOR307C,0,-3.807206,0.2098056524991989,0.5516840815544128,0.20778164267539978
YBR145W,YOL002C,0,-3.8080118,0.20971302688121796,0.5516840815544128,0.20789779722690582
YOL043C,YNL312W,1,-3.8080297,0.21006178855895996,0.5528455376625061,0.20789779722690582
YGR222W,YDR276C,0,-3.8086214,0.20996911823749542,0.5528455376625061,0.20801393687725067
YOL013C,YNL026W,0,-3.8087153,0.20987653732299805,0.5528455376625061,0.20813007652759552
YPL010W,YNL026W,0,-3.8094494,0.20978404581546783,0.5528455376625061,0.20824623107910156
YJR074W,YKL197C,0,-3.80946,0.2096916288137436,0.5528455376625061,0.2083623707294464
YJL111W,YHR119W,0,-3.8096402,0.2095993012189865,0.5528455376625061,0.20847851037979126
YOL049W,YLR147C,0,-3.809761,0.2095070481300354,0.5528455376625061,0.2085946500301361
YNL053W,YDR075W,0,-3.8101552,0.20941486954689026,0.5528455376625061,0.20871080458164215
YGL247W,YDL143W,0,-3.8105652,0.20932278037071228,0.5528455376625061,0.208826944231987
YJL184W,YDR075W,0,-3.810622,0.20923076570034027,0.5528455376625061,0.20894308388233185
YHR171W,YHR041C,0,-3.8106308,0.20913884043693542,0.5528455376625061,0.2090592384338379
YDR432W,YDL232W,0,-3.8107882,0.20904698967933655,0.5528455376625061,0.20917537808418274
YGL092W,YIL120W,0,-3.8108952,0.20895522832870483,0.5528455376625061,0.2092915177345276
YIR041W,YIL008W,0,-3.8109975,0.2088635414838791,0.5528455376625061,0.20940767228603363
YLR242C,YNR023W,0,-3.8112519,0.20877192914485931,0.5528455376625061,0.20952381193637848
YNL302C,YPR086W,0,-3.8112848,0.2086804062128067,0.5528455376625061,0.20963995158672333
YOR249C,YFL011W,0,-3.8114512,0.20858895778656006,0.5528455376625061,0.20975609123706818
YCL014W,YBR155W,0,-3.8124635,0.20849758386611938,0.5528455376625061,0.20987224578857422
YNL129W,YGR229C,0,-3.81297,0.20840629935264587,0.5528455376625061,0.20998838543891907
YAL007C,YPL235W,0,-3.8131058,0.20831510424613953,0.5528455376625061,0.21010452508926392
YKR086W,YBL033C,0,-3.8131456,0.20822396874427795,0.5528455376625061,0.21022067964076996
YGL084C,YPR032W,0,-3.81315,0.20813292264938354,0.5528455376625061,0.2103368192911148
YOR260W,YIL106W,0,-3.8133686,0.2080419510602951,0.5528455376625061,0.21045295894145966
YMR162C,YMR153W,0,-3.813399,0.20795106887817383,0.5528455376625061,0.2105690985918045
YIR005W,YGR063C,0,-3.8135016,0.20786026120185852,0.5528455376625061,0.21068525314331055
YOR171C,YKL018W,0,-3.8135798,0.20776952803134918,0.5528455376625061,0.2108013927936554
YDR289C,YPR032W,0,-3.813677,0.207678884267807,0.5528455376625061,0.21091753244400024
YDR363W-A,YHR161C,0,-3.8137434,0.2075883150100708,0.5528455376625061,0.2110336869955063
YER019W,YDR481C,0,-3.8141246,0.20749782025814056,0.5528455376625061,0.21114982664585114
YCL027W,YLR424W,0,-3.8141475,0.2074074000120163,0.5528455376625061,0.21126596629619598
YNL008C,YLR147C,0,-3.8147628,0.2073170691728592,0.5528455376625061,0.21138212084770203
YKL112W,YNL312W,1,-3.8147657,0.2076621651649475,0.5540069937705994,0.21138212084770203
YKL025C,YHR099W,1,-3.8151934,0.20800696313381195,0.5551683902740479,0.21138212084770203
YGR258C,YOR217W,1,-3.8154352,0.20835146307945251,0.5563298463821411,0.21138212084770203
YDR180W,YDR359C,1,-3.815533,0.208695650100708,0.5574913024902344,0.21138212084770203
YOR099W,YER075C,0,-3.8155537,0.20860496163368225,0.5574913024902344,0.21149826049804688
YOR144C,YOR217W,1,-3.8156126,0.2089487463235855,0.5586527585983276,0.21149826049804688
YGL151W,YOR149C,0,-3.8157763,0.20885801315307617,0.5586527585983276,0.21161440014839172
YNR026C,YMR005W,0,-3.8159282,0.2087673544883728,0.5586527585983276,0.21173053979873657
YJL128C,YNL088W,0,-3.8164306,0.2086767852306366,0.5586527585983276,0.21184669435024261
YKR095W,YIL120W,0,-3.816666,0.20858629047870636,0.5586527585983276,0.21196283400058746
YDR174W,YBR107C,0,-3.817094,0.2084958851337433,0.5586527585983276,0.2120789736509323
YNL270C,YBR024W,0,-3.8174531,0.208405539393425,0.5586527585983276,0.21219512820243835
YLR005W,YMR106C,1,-3.8175433,0.20874837040901184,0.5598141551017761,0.21219512820243835
YOR249C,YDL003W,0,-3.8182073,0.20865800976753235,0.5598141551017761,0.2123112678527832
YMR052W,YHR084W,0,-3.8183177,0.20856772363185883,0.5598141551017761,0.21242740750312805
YOR005C,YDR460W,1,-3.818868,0.2089100331068039,0.5609756112098694,0.21242740750312805
YOL156W,YCL063W,0,-3.8192134,0.20881971716880798,0.5609756112098694,0.2125435471534729
YGL142C,YNL210W,0,-3.8193452,0.20872947573661804,0.5609756112098694,0.21265970170497894
YJR140C,YDR363W-A,0,-3.8194153,0.20863930881023407,0.5609756112098694,0.2127758413553238
YDR337W,YKR079C,0,-3.8197522,0.20854921638965607,0.5609756112098694,0.21289198100566864
YGL003C,YIL119C,0,-3.8198318,0.20845921337604523,0.5609756112098694,0.21300813555717468
YKL205W,YGL011C,0,-3.8202376,0.20836928486824036,0.5609756112098694,0.21312427520751953
YBR211C,YPL210C,0,-3.8204496,0.20827943086624146,0.5609756112098694,0.21324041485786438
YKL112W,YOR005C,1,-3.8205924,0.20862068235874176,0.5621370673179626,0.21324041485786438
YMR041C,YOL009C,0,-3.8211904,0.20853079855442047,0.5621370673179626,0.21335656940937042
YML023C,YGR258C,1,-3.8212094,0.20887166261672974,0.5632984638214111,0.21335656940937042
YKL165C,YIR033W,0,-3.8214717,0.20878174901008606,0.5632984638214111,0.21347270905971527
YOL130W,YKL095W,0,-3.8217843,0.20869190990924835,0.5632984638214111,0.21358884871006012
YDR298C,YMR153W,0,-3.8218896,0.2086021453142166,0.5632984638214111,0.21370498836040497
YGR158C,YDR181C,0,-3.8219488,0.20851247012615204,0.5632984638214111,0.213821142911911
YKR086W,YNR006W,0,-3.8219752,0.20842286944389343,0.5632984638214111,0.21393728256225586
YDL087C,YMR214W,0,-3.8222847,0.2083333283662796,0.5632984638214111,0.2140534222126007
YIL128W,YLR005W,1,-3.8222954,0.20867325365543365,0.5644599199295044,0.2140534222126007
YNL282W,YDR195W,0,-3.8223102,0.20858369767665863,0.5644599199295044,0.21416957676410675
YCR038C,YLR006C,0,-3.8225825,0.20849420130252838,0.5644599199295044,0.2142857164144516
YDR013W,YHR200W,0,-3.8228402,0.2084048092365265,0.5644599199295044,0.21440185606479645
YLR008C,YHR167W,0,-3.823021,0.20831547677516937,0.5644599199295044,0.2145179957151413
YNL009W,YBL080C,0,-3.8235304,0.20822621881961823,0.5644599199295044,0.21463415026664734
YMR298W,YIL120W,0,-3.8236806,0.20813705027103424,0.5644599199295044,0.2147502899169922
YJR086W,YHL009C,0,-3.8237646,0.20804794132709503,0.5644599199295044,0.21486642956733704
YER032W,YHR006W,0,-3.8237839,0.20795892179012299,0.5644599199295044,0.21498258411884308
YBL026W,YNL088W,0,-3.8238935,0.2078699767589569,0.5644599199295044,0.21509872376918793
YDR386W,YGL175C,1,-3.8243415,0.20820863544940948,0.5656213760375977,0.21509872376918793
YLR394W,YKL122C,0,-3.82437,0.20811966061592102,0.5656213760375977,0.21521486341953278
YHR187W,YNR006W,0,-3.8245265,0.20803076028823853,0.5656213760375977,0.21533100306987762
YOR005C,YBR073W,1,-3.824591,0.2083689123392105,0.5667828321456909,0.21533100306987762
YDL117W,YMR203W,0,-3.8250659,0.20827998220920563,0.5667828321456909,0.21544715762138367
YIL036W,YNL129W,0,-3.8254614,0.2081911265850067,0.5667828321456909,0.21556329727172852
YLR133W,YMR026C,0,-3.8265107,0.20810234546661377,0.5667828321456909,0.21567943692207336
YLR219W,YFR034C,0,-3.826645,0.2080136388540268,0.5667828321456909,0.2157955914735794
YGR041W,YDL080C,0,-3.8266666,0.2079250067472458,0.5667828321456909,0.21591173112392426
YDR320C-A,YKR007W,0,-3.827327,0.20783644914627075,0.5667828321456909,0.2160278707742691
YGR003W,YPL190C,0,-3.8273666,0.20774798095226288,0.5667828321456909,0.21614402532577515
YOR241W,YMR197C,0,-3.827491,0.20765957236289978,0.5667828321456909,0.21626016497612
YNL210W,YPR188C,0,-3.8277047,0.20757125318050385,0.5667828321456909,0.21637630462646484
YDR189W,YOR106W,0,-3.8277497,0.20748299360275269,0.5667828321456909,0.2164924442768097
YKL220C,YIL106W,0,-3.8284643,0.2073948085308075,0.5667828321456909,0.21660859882831573
YDL175C,YLR192C,0,-3.8286934,0.20730671286582947,0.5667828321456909,0.21672473847866058
YGL180W,YML062C,0,-3.828971,0.20721867680549622,0.5667828321456909,0.21684087812900543
YLR078C,YBR231C,0,-3.8291059,0.20713073015213013,0.5667828321456909,0.21695703268051147
YNL039W,YCL005W-A,0,-3.8291235,0.20704285800457,0.5667828321456909,0.21707317233085632
YEL037C,YDR180W,1,-3.8291967,0.20737913250923157,0.5679442286491394,0.21707317233085632
YOR005C,YJL090C,1,-3.8300197,0.20771513879299164,0.5691056847572327,0.21707317233085632
YML023C,YFL008W,1,-3.8300283,0.20805084705352783,0.5702671408653259,0.21707317233085632
YAL043C,YDR308C,0,-3.8302808,0.20796272158622742,0.5702671408653259,0.21718931198120117
YFL036W,YNL222W,0,-3.8302927,0.20787468552589417,0.5702671408653259,0.21730545163154602
YDR231C,YPR018W,0,-3.8306603,0.2077867090702057,0.5702671408653259,0.21742160618305206
YAL042W,YGR222W,0,-3.8307955,0.20769882202148438,0.5702671408653259,0.2175377458333969
YLR335W,YHR073W,0,-3.8309724,0.20761099457740784,0.5702671408653259,0.21765388548374176
YBL026W,YBL102W,0,-3.8309739,0.20752324163913727,0.5702671408653259,0.2177700400352478
YML062C,YLR263W,0,-3.8313076,0.20743557810783386,0.5702671408653259,0.21788617968559265
YMR225C,YOR064C,0,-3.8314316,0.20734797418117523,0.5702671408653259,0.2180023193359375
YGL175C,YFL008W,1,-3.8320973,0.2076825648546219,0.5714285969734192,0.2180023193359375
YOR217W,YMR106C,1,-3.8321097,0.20801687240600586,0.5725899934768677,0.2180023193359375
YML129C,YNL009W,0,-3.8321855,0.20792914927005768,0.5725899934768677,0.21811847388744354
YDL017W,YGR229C,0,-3.8323786,0.20784148573875427,0.5725899934768677,0.2182346135377884
YKL112W,YGR258C,1,-3.832398,0.20817530155181885,0.5737514495849609,0.2182346135377884
YHR005C,YPR095C,0,-3.8326938,0.20808762311935425,0.5737514495849609,0.21835075318813324
YFL029C,YML127W,0,-3.8327022,0.20800000429153442,0.5737514495849609,0.2184668928384781
YJL111W,YBR152W,0,-3.8329442,0.20791245996952057,0.5737514495849609,0.21858304738998413
YCR009C,YPR032W,0,-3.8330412,0.20782499015331268,0.5737514495849609,0.21869918704032898
YBR211C,YOR340C,0,-3.8331587,0.20773759484291077,0.5737514495849609,0.21881532669067383
YLR381W,YIL119C,0,-3.8336115,0.20765027403831482,0.5737514495849609,0.21893148124217987
YDR013W,YIL084C,0,-3.8336644,0.20756302773952484,0.5737514495849609,0.21904762089252472
YGR014W,YNL129W,0,-3.8336818,0.20747585594654083,0.5737514495849609,0.21916376054286957
YPR052C,YPR165W,0,-3.8337185,0.2073887437582016,0.5737514495849609,0.21927990019321442
YGL192W,YJL034W,0,-3.8340645,0.20730172097682953,0.5737514495849609,0.21939605474472046
YHR073W,YBR267W,0,-3.8342113,0.20721475780010223,0.5737514495849609,0.2195121943950653
YGL238W,YKR079C,0,-3.834272,0.2071278840303421,0.5737514495849609,0.21962833404541016
YDL197C,YKR055W,0,-3.8342974,0.20704106986522675,0.5737514495849609,0.2197444885969162
YKL220C,YKL205W,0,-3.8343527,0.20695433020591736,0.5737514495849609,0.21986062824726105
YDR142C,YHR181W,0,-3.8343587,0.20686766505241394,0.5737514495849609,0.2199767678976059
YFL009W,YBR295W,0,-3.8346932,0.2067810744047165,0.5737514495849609,0.22009292244911194
YEL016C,YML098W,0,-3.8347588,0.206694558262825,0.5737514495849609,0.2202090620994568
YBR211C,YOR210W,0,-3.8348763,0.2066081166267395,0.5737514495849609,0.22032520174980164
YOR386W,YDR076W,1,-3.8353095,0.20693980157375336,0.5749129056930542,0.22032520174980164
YOR249C,YIL084C,0,-3.8353322,0.20685331523418427,0.5749129056930542,0.22044134140014648
YKR055W,YDR498C,0,-3.835382,0.20676691830158234,0.5749129056930542,0.22055749595165253
YGL092W,YCR084C,0,-3.835421,0.20668058097362518,0.5749129056930542,0.22067363560199738
YDR398W,YJL139C,0,-3.8355486,0.206594318151474,0.5749129056930542,0.22078977525234222
YPR104C,YPL190C,0,-3.8355572,0.20650812983512878,0.5749129056930542,0.22090592980384827
YMR001C,YAL043C,0,-3.8355796,0.20642201602458954,0.5749129056930542,0.22102206945419312
YOR034C,YMR162C,0,-3.835892,0.20633597671985626,0.5749129056930542,0.22113820910453796
YLR007W,YPL153C,1,-3.835985,0.20666666328907013,0.5760743618011475,0.22113820910453796
YPR057W,YLR277C,0,-3.8361025,0.20658059418201447,0.5760743618011475,0.2212543487548828
YPL269W,YER028C,0,-3.8362558,0.20649458467960358,0.5760743618011475,0.22137050330638885
YCR038C,YLR332W,0,-3.836424,0.20640864968299866,0.5760743618011475,0.2214866429567337
YMR301C,YOR039W,0,-3.836558,0.2063227891921997,0.5760743618011475,0.22160278260707855
YFR013W,YHR073W,0,-3.836759,0.20623700320720673,0.5760743618011475,0.2217189371585846
YER142C,YOL043C,1,-3.8368466,0.2065669149160385,0.577235758304596,0.2217189371585846
YPL110C,YHR181W,0,-3.8375273,0.20648109912872314,0.577235758304596,0.22183507680892944
YAL007C,YHR150W,0,-3.83788,0.20639534294605255,0.577235758304596,0.2219512164592743
YDL088C,YPR095C,0,-3.838045,0.20630967617034912,0.577235758304596,0.22206735610961914
YLR195C,YLR335W,0,-3.838197,0.20622406899929047,0.577235758304596,0.22218351066112518
YAL044C,YKL212W,0,-3.838207,0.20613853633403778,0.577235758304596,0.22229965031147003
YNL027W,YOL117W,0,-3.8383067,0.20605306327342987,0.577235758304596,0.22241578996181488
YJL065C,YBR210W,0,-3.838772,0.20596767961978912,0.577235758304596,0.22253194451332092
YNL148C,YIL159W,0,-3.8388054,0.20588235557079315,0.577235758304596,0.22264808416366577
YFL010W-A,YGL006W,0,-3.83889,0.20579710602760315,0.577235758304596,0.22276422381401062
YGR097W,YHR012W,0,-3.838915,0.20571191608905792,0.577235758304596,0.22288037836551666
YGR258C,YDR460W,1,-3.8391035,0.20604054629802704,0.5783972144126892,0.22288037836551666
YDL098C,YDR207C,0,-3.8394005,0.20595534145832062,0.5783972144126892,0.2229965180158615
YKL025C,YDR359C,1,-3.8397157,0.2062835842370987,0.5795586705207825,0.2229965180158615
YKL021C,YCL032W,0,-3.8401291,0.20619834959506989,0.5795586705207825,0.22311265766620636
YLR242C,YKL205W,0,-3.840142,0.20611317455768585,0.5795586705207825,0.2232287973165512
YJL121C,YOL105C,0,-3.8402984,0.2060280740261078,0.5795586705207825,0.22334495186805725
YOL009C,YGR158C,0,-3.8403504,0.2059430480003357,0.5795586705207825,0.2234610915184021
YGL151W,YDR165W,0,-3.8407943,0.20585808157920837,0.5795586705207825,0.22357723116874695
YHR158C,YLR268W,0,-3.8414521,0.20577318966388702,0.5795586705207825,0.223693385720253
YPR083W,YOL031C,0,-3.8414555,0.20568837225437164,0.5795586705207825,0.22380952537059784
YMR184W,YOR249C,0,-3.8414733,0.20560362935066223,0.5795586705207825,0.2239256650209427
YPR018W,YMR197C,0,-3.8417015,0.2055189460515976,0.5795586705207825,0.22404180467128754
YOL130W,YDL080C,0,-3.8418047,0.20543433725833893,0.5795586705207825,0.22415795922279358
YOR005C,YGR258C,1,-3.841849,0.20576131343841553,0.580720067024231,0.22415795922279358
YNL328C,YOR307C,0,-3.8420348,0.20567667484283447,0.580720067024231,0.22427409887313843
YDL200C,YMR284W,1,-3.84209,0.20600329339504242,0.5818815231323242,0.22427409887313843
YGR218W,YOL142W,0,-3.8424976,0.20591862499713898,0.5818815231323242,0.22439023852348328
YDL135C,YOL113W,0,-3.8426764,0.2058340162038803,0.5818815231323242,0.22450639307498932
YJR070C,YDR432W,0,-3.842715,0.2057494819164276,0.5818815231323242,0.22462253272533417
YJL008C,YIL061C,0,-3.8431108,0.20566502213478088,0.5818815231323242,0.22473867237567902
YNL270C,YDL170W,0,-3.8431485,0.20558063685894012,0.5818815231323242,0.22485482692718506
YFL009W,YLR262C,0,-3.843532,0.20549631118774414,0.5818815231323242,0.2249709665775299
YOR123C,YBR231C,0,-3.8435571,0.20541206002235413,0.5818815231323242,0.22508710622787476
YER142C,YMR284W,1,-3.8436115,0.20573770999908447,0.5830429792404175,0.22508710622787476
YJR150C,YBR240C,0,-3.8438368,0.20565341413021088,0.5830429792404175,0.2252032458782196
YGL016W,YPL258C,0,-3.8440578,0.20556920766830444,0.5830429792404175,0.22531940042972565
YNL148C,YOL164W,0,-3.8441308,0.20548506081104279,0.5830429792404175,0.2254355400800705
YPL153C,YMR106C,1,-3.8443081,0.20581014454364777,0.5842044353485107,0.2254355400800705
YDR320C-A,YMR089C,0,-3.844784,0.20572596788406372,0.5842044353485107,0.22555167973041534
YFL003C,YOR307C,0,-3.845063,0.20564186573028564,0.5842044353485107,0.2256678342819214
YMR201C,YDR180W,1,-3.8452098,0.20596648752689362,0.5853658318519592,0.2256678342819214
YHR169W,YDL006W,0,-3.8452961,0.20588235557079315,0.5853658318519592,0.22578397393226624
YGR258C,YHR099W,1,-3.8460472,0.20620661973953247,0.5865272879600525,0.22578397393226624
YML032C,YBR073W,1,-3.84609,0.2065306156873703,0.5876887440681458,0.22578397393226624
YIL159W,YKL021C,0,-3.8461125,0.2064463496208191,0.5876887440681458,0.22590011358261108
YNR075W,YML080W,0,-3.8463557,0.20636215806007385,0.5876887440681458,0.22601625323295593
YML023C,YBR087W,1,-3.8464737,0.20668569207191467,0.588850200176239,0.22601625323295593
YJL090C,YML032C,1,-3.8467011,0.207008957862854,0.5900115966796875,0.22601625323295593
YML102W,YOR005C,1,-3.847001,0.20733197033405304,0.5911730527877808,0.22601625323295593
YMR162C,YBR256C,0,-3.847232,0.2072475552558899,0.5911730527877808,0.22613240778446198
YCL008C,YJR110W,0,-3.847235,0.20716319978237152,0.5911730527877808,0.22624854743480682
YGR041W,YDR318W,0,-3.8472514,0.20707891881465912,0.5911730527877808,0.22636468708515167
YGL092W,YKR086W,0,-3.8473303,0.20699471235275269,0.5911730527877808,0.22648084163665771
YJL034W,YPR095C,0,-3.8477774,0.20691056549549103,0.5911730527877808,0.22659698128700256
YOR330C,YOR087W,0,-3.848007,0.20682649314403534,0.5911730527877808,0.2267131209373474
YER169W,YFL008W,1,-3.8487103,0.20714865624904633,0.592334508895874,0.2267131209373474
YKR076W,YKR055W,0,-3.8489482,0.20706455409526825,0.592334508895874,0.22682927548885345
YJL203W,YDR059C,0,-3.849372,0.20698052644729614,0.592334508895874,0.2269454151391983
YBR231C,YLR240W,0,-3.8495104,0.2068965584039688,0.592334508895874,0.22706155478954315
YMR001C,YGL124C,0,-3.8498743,0.20681264996528625,0.592334508895874,0.227177694439888
YDL088C,YPL082C,0,-3.850235,0.20672881603240967,0.592334508895874,0.22729384899139404
YNL262W,YDR359C,1,-3.850396,0.20705024898052216,0.5934959053993225,0.22729384899139404
YDR116C,YHR150W,0,-3.850671,0.20696638524532318,0.5934959053993225,0.2274099886417389
YDL008W,YOL077W-A,0,-3.850705,0.20688259601593018,0.5934959053993225,0.22752612829208374
YBR201W,YPR083W,0,-3.8511603,0.20679886639118195,0.5934959053993225,0.22764228284358978
YNL307C,YHR099W,1,-3.8513472,0.20711974799633026,0.5946573615074158,0.22764228284358978
YOR039W,YGL238W,0,-3.851428,0.20703598856925964,0.5946573615074158,0.22775842249393463
YJR150C,YGL142C,0,-3.8517966,0.206952303647995,0.5946573615074158,0.22787456214427948
YHR124W,YBR024W,0,-3.8518689,0.20686869323253632,0.5946573615074158,0.22799070179462433
YNR075W,YIL109C,0,-3.852445,0.2067851424217224,0.5946573615074158,0.22810685634613037
YOL013C,YPL163C,0,-3.8526335,0.20670165121555328,0.5946573615074158,0.22822299599647522
YDR524C,YGL180W,0,-3.8530052,0.20661823451519012,0.5946573615074158,0.22833913564682007
YLR381W,YGR010W,0,-3.8535488,0.20653489232063293,0.5946573615074158,0.2284552901983261
YLR381W,YDR131C,0,-3.8536716,0.20645160973072052,0.5946573615074158,0.22857142984867096
YPL060W,YIR033W,0,-3.8536956,0.20636840164661407,0.5946573615074158,0.2286875694990158
YER019W,YPR095C,0,-3.85414,0.2062852531671524,0.5946573615074158,0.22880372405052185
YGR227W,YOR241W,0,-3.854254,0.2062021791934967,0.5946573615074158,0.2289198637008667
YIL036W,YKL080W,0,-3.8542836,0.20611916482448578,0.5946573615074158,0.22903600335121155
YPL190C,YMR047C,0,-3.8546598,0.20603621006011963,0.5946573615074158,0.2291521430015564
YMR214W,YFL004W,0,-3.8546855,0.20595334470272064,0.5946573615074158,0.22926829755306244
YIL112W,YOR123C,0,-3.8547122,0.20587052404880524,0.5946573615074158,0.2293844372034073
YOR239W,YLR248W,0,-3.8549001,0.2057877779006958,0.5946573615074158,0.22950057685375214
YKL018W,YLR090W,0,-3.8552978,0.20570510625839233,0.5946573615074158,0.22961673140525818
YNL262W,YPL153C,1,-3.8553467,0.20602409541606903,0.595818817615509,0.22961673140525818
YPR104C,YML093W,0,-3.8554752,0.20594139397144318,0.595818817615509,0.22973287105560303
YIL106W,YIL022W,0,-3.8556373,0.2058587521314621,0.595818817615509,0.22984901070594788
YOL043C,YLR005W,1,-3.8557146,0.20617729425430298,0.5969802737236023,0.22984901070594788
YAR033W,YDL140C,0,-3.8558998,0.2060946226119995,0.5969802737236023,0.22996515035629272
YGR202C,YPR181C,0,-3.8562908,0.20601202547550201,0.5969802737236023,0.23008130490779877
YML058W-A,YOL002C,0,-3.8563204,0.2059294879436493,0.5969802737236023,0.23019744455814362
YML049C,YPL234C,0,-3.8564904,0.20584701001644135,0.5969802737236023,0.23031358420848846
YGL065C,YDR397C,0,-3.8571577,0.20576460659503937,0.5969802737236023,0.2304297387599945
YLR384C,YLR424W,0,-3.857433,0.20568227767944336,0.5969802737236023,0.23054587841033936
YGL238W,YOR106W,0,-3.8575418,0.20559999346733093,0.5969802737236023,0.2306620180606842
YPR082C,YMR197C,0,-3.8578947,0.20551779866218567,0.5969802737236023,0.23077815771102905
YFL003C,YGL004C,0,-3.858269,0.205435648560524,0.5969802737236023,0.2308943122625351
YDL170W,YLR262C,0,-3.858494,0.20535357296466827,0.5969802737236023,0.23101045191287994
YBR211C,YPL192C,0,-3.8589096,0.20527157187461853,0.5969802737236023,0.2311265915632248
YDL126C,YGL151W,0,-3.8590004,0.20518961548805237,0.5969802737236023,0.23124274611473083
YER167W,YKR076W,0,-3.8593066,0.20510774850845337,0.5969802737236023,0.23135888576507568
YJL102W,YOL066C,0,-3.8594294,0.20502592623233795,0.5969802737236023,0.23147502541542053
YMR119W,YPR082C,0,-3.8598444,0.2049441784620285,0.5969802737236023,0.23159117996692657
YBL033C,YGR033C,0,-3.8598733,0.20486249029636383,0.5969802737236023,0.23170731961727142
YMR153W,YPR018W,0,-3.8599536,0.20478087663650513,0.5969802737236023,0.23182345926761627
YBR186W,YNR015W,0,-3.8602653,0.2046993225812912,0.5969802737236023,0.23193959891796112
YBR164C,YLR078C,0,-3.8606565,0.20461782813072205,0.5969802737236023,0.23205575346946716
YEL027W,YPL110C,0,-3.8607454,0.20453640818595886,0.5969802737236023,0.232171893119812
YCR107W,YDR480W,0,-3.8607664,0.20445504784584045,0.5969802737236023,0.23228803277015686
YDR076W,YDR460W,1,-3.8608704,0.20477136969566345,0.5981416702270508,0.23228803277015686
YNL053W,YPL163C,0,-3.8609173,0.20468997955322266,0.5981416702270508,0.2324041873216629
YMR119W,YER032W,0,-3.860966,0.20460866391658783,0.5981416702270508,0.23252032697200775
YBR234C,YGR041W,0,-3.861591,0.20452740788459778,0.5981416702270508,0.2326364666223526
YER114C,YGL006W,0,-3.861755,0.2044462114572525,0.5981416702270508,0.23275260627269745
YOR031W,YDR189W,0,-3.8619387,0.204365074634552,0.5981416702270508,0.2328687608242035
YDR191W,YKR007W,0,-3.862231,0.20428401231765747,0.5981416702270508,0.23298490047454834
YFR013W,YDR058C,0,-3.8623655,0.20420300960540771,0.5981416702270508,0.2331010401248932
YPL118W,YHR041C,0,-3.862437,0.20412208139896393,0.5981416702270508,0.23321719467639923
YGL195W,YDR425W,0,-3.8627229,0.20404119789600372,0.5981416702270508,0.23333333432674408
YMR162C,YGL011C,0,-3.8627613,0.2039603888988495,0.5981416702270508,0.23344947397708893
YGL143C,YBL080C,0,-3.8628285,0.20387965440750122,0.5981416702270508,0.23356562852859497
YNL262W,YNL312W,1,-3.8632388,0.20419469475746155,0.599303126335144,0.23356562852859497
YOL077W-A,YNL068C,0,-3.8632486,0.2041139304637909,0.599303126335144,0.23368176817893982
YNL270C,YGL053W,0,-3.8639166,0.20403321087360382,0.599303126335144,0.23379790782928467
YGL065C,YDR276C,0,-3.864254,0.20395256578922272,0.599303126335144,0.23391404747962952
YOR144C,YOR386W,1,-3.8642962,0.20426708459854126,0.6004645824432373,0.23391404747962952
YNL307C,YIL128W,1,-3.864305,0.2045813649892807,0.6016260385513306,0.23391404747962952
YOR039W,YKR095W-A,0,-3.8644269,0.20450058579444885,0.6016260385513306,0.23403020203113556
YMR298W,YNL088W,0,-3.8647268,0.20441989600658417,0.6016260385513306,0.2341463416814804
YOR171C,YNL323W,0,-3.8653204,0.20433925092220306,0.6016260385513306,0.23426248133182526
YDL008W,YJL165C,0,-3.8653598,0.20425868034362793,0.6016260385513306,0.2343786358833313
YNL210W,YBL102W,0,-3.8653858,0.20417816936969757,0.6016260385513306,0.23449477553367615
YLR377C,YBR107C,0,-3.8655827,0.204097718000412,0.6016260385513306,0.234610915184021
YFL029C,YIL063C,0,-3.8660524,0.20401732623577118,0.6016260385513306,0.23472705483436584
YBL033C,YJR010C-A,0,-3.8660667,0.20393700897693634,0.6016260385513306,0.2348432093858719
YLR394W,YMR214W,0,-3.866337,0.20385675132274628,0.6016260385513306,0.23495934903621674
YGL065C,YDR423C,0,-3.866347,0.203776553273201,0.6016260385513306,0.23507548868656158
YBR010W,YGL192W,0,-3.8663876,0.20369641482830048,0.6016260385513306,0.23519164323806763
YLR319C,YPL163C,0,-3.866845,0.20361635088920593,0.6016260385513306,0.23530778288841248
YLR215C,YBR201W,0,-3.8668566,0.20353634655475616,0.6016260385513306,0.23542392253875732
YNL074C,YAL009W,0,-3.8673966,0.20345640182495117,0.6016260385513306,0.23554007709026337
YGR261C,YGR180C,0,-3.8677363,0.20337651669979095,0.6016260385513306,0.23565621674060822
YGL238W,YOL031C,0,-3.8684218,0.2032967060804367,0.6016260385513306,0.23577235639095306
YIL128W,YAL015C,1,-3.8684332,0.20360925793647766,0.602787435054779,0.23577235639095306
YPR070W,YHR150W,0,-3.8686254,0.20352941751480103,0.602787435054779,0.2358884960412979
YKL025C,YMR201C,1,-3.8688245,0.20384162664413452,0.6039488911628723,0.2358884960412979
YLR068W,YDR337W,0,-3.8688705,0.2037617564201355,0.6039488911628723,0.23600465059280396
YJL128C,YDR189W,0,-3.868985,0.20368194580078125,0.6039488911628723,0.2361207902431488
YNR054C,YIR041W,0,-3.8690622,0.20360219478607178,0.6039488911628723,0.23623692989349365
YLR377C,YJL025W,0,-3.8694284,0.20352250337600708,0.6039488911628723,0.2363530844449997
YIL022W,YML014W,0,-3.8696158,0.20344288647174835,0.6039488911628723,0.23646922409534454
YBR231C,YEL051W,0,-3.8696208,0.2033633142709732,0.6039488911628723,0.2365853637456894
YPL021W,YNL328C,0,-3.869921,0.20328381657600403,0.6039488911628723,0.23670150339603424
YBR155W,YJR102C,0,-3.8701925,0.20320437848567963,0.6039488911628723,0.23681765794754028
YIL131C,YHR006W,0,-3.8709483,0.203125,0.6039488911628723,0.23693379759788513
YOR180C,YFL036W,0,-3.8716214,0.20304568111896515,0.6039488911628723,0.23704993724822998
YER164W,YBR283C,0,-3.871658,0.20296643674373627,0.6039488911628723,0.23716609179973602
YOR002W,YDR174W,0,-3.8718247,0.20288723707199097,0.6039488911628723,0.23728223145008087
YPL010W,YHR006W,0,-3.872473,0.20280811190605164,0.6039488911628723,0.23739837110042572
YML032C,YHR099W,1,-3.8725972,0.20311890542507172,0.6051103472709656,0.23739837110042572
YOL043C,YMR106C,1,-3.8726683,0.2034294605255127,0.6062718033790588,0.23739837110042572
YHR041C,YDL080C,0,-3.8729947,0.2033502161502838,0.6062718033790588,0.23751451075077057
YPL010W,YMR183C,0,-3.8732097,0.2032710313796997,0.6062718033790588,0.2376306653022766
YOL133W,YLR248W,0,-3.8734405,0.20319190621376038,0.6062718033790588,0.23774680495262146
YOL038W,YMR142C,0,-3.8735185,0.20311284065246582,0.6062718033790588,0.2378629446029663
YPR200C,YIR015W,0,-3.8736727,0.20303383469581604,0.6062718033790588,0.23797909915447235
YDL135C,YPR032W,0,-3.8744318,0.20295490324497223,0.6062718033790588,0.2380952388048172
YMR119W,YNL118C,0,-3.8751945,0.202876016497612,0.6062718033790588,0.23821137845516205
YHR124W,YNL044W,0,-3.875434,0.20279720425605774,0.6062718033790588,0.2383275330066681
YOL164W,YMR216C,0,-3.875601,0.20271845161914825,0.6062718033790588,0.23844367265701294
YIR005W,YER005W,0,-3.8757746,0.20263975858688354,0.6062718033790588,0.2385598123073578
YNL268W,YBR186W,0,-3.8757823,0.20256111025810242,0.6062718033790588,0.23867595195770264
YHR163W,YGR181W,0,-3.87663,0.20248255133628845,0.6062718033790588,0.23879210650920868
YBR107C,YKR008W,0,-3.8767042,0.20240403711795807,0.6062718033790588,0.23890824615955353
YNL270C,YKL220C,0,-3.8771105,0.20232558250427246,0.6062718033790588,0.23902438580989838
YLR127C,YDR372C,0,-3.8771622,0.20224718749523163,0.6062718033790588,0.23914054036140442
YBR164C,YPL010W,0,-3.8776171,0.20216886699199677,0.6062718033790588,0.23925668001174927
YIL128W,YGR258C,1,-3.877621,0.20247773826122284,0.6074331998825073,0.23925668001174927
YBR155W,YPL060W,0,-3.8776557,0.2023993879556656,0.6074331998825073,0.23937281966209412
YGR181W,YDL058W,0,-3.8779414,0.20232108235359192,0.6074331998825073,0.23948895931243896
YIL128W,YPL153C,1,-3.8780875,0.20262953639030457,0.6085946559906006,0.23948895931243896
YJR139C,YOL045W,0,-3.8783932,0.2025512158870697,0.6085946559906006,0.239605113863945
YLR384C,YPR070W,0,-3.8789423,0.20247295498847961,0.6085946559906006,0.23972125351428986
YLR381W,YER031C,0,-3.8789666,0.2023947536945343,0.6085946559906006,0.2398373931646347
YGL219C,YOL066C,0,-3.8789833,0.20231659710407257,0.6085946559906006,0.23995354771614075
YBL016W,YHR167W,0,-3.8790882,0.2022385150194168,0.6085946559906006,0.2400696873664856
YFL004W,YKL095W,0,-3.8795574,0.20216049253940582,0.6085946559906006,0.24018582701683044
YHR171W,YGR284C,0,-3.8795674,0.2020825296640396,0.6085946559906006,0.2403019815683365
YDL080C,YNL154C,0,-3.8797476,0.20200462639331818,0.6085946559906006,0.24041812121868134
YOL077W-A,YPR104C,0,-3.8798068,0.20192678272724152,0.6085946559906006,0.24053426086902618
YER142C,YMR201C,1,-3.8798687,0.2022342085838318,0.6097561120986938,0.24053426086902618
YNL020C,YPL082C,0,-3.8801074,0.20215633511543274,0.6097561120986938,0.24065040051937103
YDL142C,YDL138W,0,-3.8802078,0.20207852125167847,0.6097561120986938,0.24076655507087708
YMR069W,YDL150W,0,-3.8802974,0.20200076699256897,0.6097561120986938,0.24088269472122192
YKR008W,YOR087W,0,-3.8804948,0.20192307233810425,0.6097561120986938,0.24099883437156677
YOR149C,YEL041W,0,-3.8805106,0.2018454372882843,0.6097561120986938,0.24111498892307281
YBR210W,YPR002W,0,-3.8806117,0.20176787674427032,0.6097561120986938,0.24123112857341766
YIL159W,YDR231C,0,-3.8808706,0.20169036090373993,0.6097561120986938,0.2413472682237625
YER073W,YDL145C,0,-3.8810446,0.2016129046678543,0.6097561120986938,0.24146340787410736
YJL025W,YML014W,0,-3.8815122,0.20153550803661346,0.6097561120986938,0.2415795624256134
YOL049W,YGL219C,0,-3.8819942,0.2014581710100174,0.6097561120986938,0.24169570207595825
YGR097W,YCL027W,0,-3.8822055,0.2013808935880661,0.6097561120986938,0.2418118417263031
YKL055C,YIL022W,0,-3.8822556,0.20130367577075958,0.6097561120986938,0.24192799627780914
YDR180W,YMR106C,1,-3.8824244,0.201609805226326,0.6109175086021423,0.24192799627780914
YDL140C,YNL167C,0,-3.8825698,0.20153257250785828,0.6109175086021423,0.242044135928154
YKL165C,YIL053W,0,-3.8827584,0.20145538449287415,0.6109175086021423,0.24216027557849884
YDR331W,YGL226C-A,0,-3.882922,0.2013782560825348,0.6109175086021423,0.24227643013000488
YPR104C,YPR094W,0,-3.8829396,0.2013011872768402,0.6109175086021423,0.24239256978034973
YMR224C,YMR284W,1,-3.8829782,0.20160673558712006,0.6120789647102356,0.24239256978034973
YBL016W,YBR273C,0,-3.883148,0.2015296369791031,0.6120789647102356,0.24250870943069458
YPL101W,YBR295W,0,-3.8831754,0.2014525979757309,0.6120789647102356,0.24262484908103943
YMR150C,YNR023W,0,-3.8832324,0.20137561857700348,0.6120789647102356,0.24274100363254547
YLR242C,YHR175W,0,-3.8833325,0.20129869878292084,0.6120789647102356,0.24285714328289032
YKL093W,YIL119C,0,-3.8834112,0.20122183859348297,0.6120789647102356,0.24297328293323517
YER068W,YIL120W,0,-3.8836668,0.20114503800868988,0.6120789647102356,0.2430894374847412
YIL131C,YOR330C,0,-3.883697,0.20106829702854156,0.6120789647102356,0.24320557713508606
YOR217W,YLR005W,1,-3.8837392,0.20137299597263336,0.6132404208183289,0.24320557713508606
YDR335W,YGR129W,0,-3.8839986,0.20129622519016266,0.6132404208183289,0.2433217167854309
YER035W,YJL184W,0,-3.8843892,0.20121951401233673,0.6132404208183289,0.24343785643577576
YDR386W,YML032C,1,-3.884498,0.2015238106250763,0.6144018769264221,0.24343785643577576
YGL238W,YML015C,0,-3.8845484,0.20144706964492798,0.6144018769264221,0.2435540109872818
YIL030C,YHL009C,0,-3.8847637,0.20137038826942444,0.6144018769264221,0.24367015063762665
YFR052W,YNL131W,0,-3.885064,0.20129376649856567,0.6144018769264221,0.2437862902879715
YDL140C,YOR106W,0,-3.8852737,0.2012171894311905,0.6144018769264221,0.24390244483947754
YML008C,YER075C,0,-3.8852937,0.20114068686962128,0.6144018769264221,0.2440185844898224
YOR346W,YHR099W,1,-3.8853505,0.20144431293010712,0.6155632734298706,0.2440185844898224
YPR070W,YMR263W,0,-3.8860888,0.20136778056621552,0.6155632734298706,0.24413472414016724
YPR104C,YOR221C,0,-3.88634,0.2012913078069687,0.6155632734298706,0.24425086379051208
YGL003C,YDR372C,0,-3.8864548,0.20121487975120544,0.6155632734298706,0.24436701834201813
YBL009W,YDR189W,0,-3.886473,0.20113852620124817,0.6155632734298706,0.24448315799236298
YIL112W,YJL072C,0,-3.8864977,0.20106221735477448,0.6155632734298706,0.24459929764270782
YFR028C,YDR320C-A,0,-3.8872228,0.20098596811294556,0.6155632734298706,0.24471545219421387
YNL148C,YDL135C,0,-3.8872607,0.2009097784757614,0.6155632734298706,0.24483159184455872
YJR083C,YDR478W,0,-3.8873055,0.20083364844322205,0.6155632734298706,0.24494773149490356
YNL136W,YOL043C,1,-3.88742,0.20113636553287506,0.6167247295379639,0.24494773149490356
YLR078C,YJL208C,0,-3.8874946,0.2010602056980133,0.6167247295379639,0.2450638860464096
YER089C,YFL004W,0,-3.88751,0.20098410546779633,0.6167247295379639,0.24518002569675446
YFL023W,YDR205W,0,-3.8877573,0.20090806484222412,0.6167247295379639,0.2452961653470993
YMR201C,YGR258C,1,-3.8880131,0.20121029019355774,0.6178861856460571,0.2452961653470993
YAL043C,YMR283C,0,-3.88821,0.20113421976566315,0.6178861856460571,0.24541230499744415
YDL042C,YMR106C,1,-3.88856,0.2014361321926117,0.6190476417541504,0.24541230499744415
YGL180W,YMR073C,0,-3.8888505,0.20136003196239471,0.6190476417541504,0.2455284595489502
YLR242C,YMR119W,0,-3.8889623,0.2012839913368225,0.6190476417541504,0.24564459919929504
YML080W,YDR372C,0,-3.8889954,0.20120801031589508,0.6190476417541504,0.2457607388496399
YHR041C,YNL222W,0,-3.889432,0.20113207399845123,0.6190476417541504,0.24587689340114594
YPL096C-A,YDR341C,0,-3.8894668,0.20105621218681335,0.6190476417541504,0.24599303305149078
YDR276C,YCR061W,0,-3.8895988,0.20098039507865906,0.6190476417541504,0.24610917270183563
YDR524C,YOR002W,0,-3.8897448,0.20090463757514954,0.6190476417541504,0.24622531235218048
YGR097W,YNL210W,0,-3.889842,0.2008289396762848,0.6190476417541504,0.24634146690368652
YMR216C,YBR240C,0,-3.8899662,0.20075330138206482,0.6190476417541504,0.24645760655403137
YFL048C,YDR398W,0,-3.89047,0.20067770779132843,0.6190476417541504,0.24657374620437622
YDR276C,YPR181C,0,-3.8905315,0.200602188706398,0.6190476417541504,0.24668990075588226
YOR210W,YBR152W,0,-3.8906465,0.20052671432495117,0.6190476417541504,0.2468060404062271
YOL001W,YCL005W-A,0,-3.890937,0.2004512995481491,0.6190476417541504,0.24692218005657196
YMR283C,YLR090W,0,-3.8910892,0.20037594437599182,0.6190476417541504,0.247038334608078
YDR331W,YPR138C,0,-3.891235,0.20030063390731812,0.6190476417541504,0.24715447425842285
YML103C,YDL150W,0,-3.8914735,0.20022539794445038,0.6190476417541504,0.2472706139087677
YJL207C,YFR005C,0,-3.8916552,0.20015020668506622,0.6190476417541504,0.24738675355911255
YFL018C,YIR033W,0,-3.891668,0.20007507503032684,0.6190476417541504,0.2475029081106186
YMR224C,YOL043C,1,-3.891935,0.20037522912025452,0.6202090382575989,0.2475029081106186
YMR021C,YER031C,0,-3.892016,0.20030006766319275,0.6202090382575989,0.24761904776096344
YOR002W,YER035W,0,-3.8921173,0.20022496581077576,0.6202090382575989,0.2477351874113083
YGL238W,YGR059W,0,-3.8927143,0.20014992356300354,0.6202090382575989,0.24785134196281433
YOL002C,YPL060W,0,-3.8928423,0.2000749409198761,0.6202090382575989,0.24796748161315918
YOR144C,YAL015C,1,-3.8929625,0.2003745287656784,0.6213704943656921,0.24796748161315918
YDR301W,YDR308C,0,-3.8930633,0.20029951632022858,0.6213704943656921,0.24808362126350403
YLR242C,YMR214W,0,-3.893189,0.20022454857826233,0.6213704943656921,0.24819976091384888
YDL045C,YPL208W,0,-3.8934174,0.20014964044094086,0.6213704943656921,0.24831591546535492
YOR005C,YER169W,1,-3.8934476,0.20044876635074615,0.6225319504737854,0.24831591546535492
YDL017W,YKL088W,0,-3.8934739,0.2003738284111023,0.6225319504737854,0.24843205511569977
YML102W,YDR460W,1,-3.8936074,0.20067264139652252,0.6236934065818787,0.24843205511569977
YLR215C,YOR159C,0,-3.894366,0.20059768855571747,0.6236934065818787,0.24854819476604462
YBR049C,YPL235W,0,-3.894406,0.200522780418396,0.6236934065818787,0.24866434931755066
YJL183W,YCR084C,0,-3.8949792,0.2004479318857193,0.6236934065818787,0.2487804889678955
YMR301C,YNL053W,0,-3.8950522,0.20037312805652618,0.6236934065818787,0.24889662861824036
YOR386W,YFL008W,1,-3.8955548,0.20067138969898224,0.6248548030853271,0.24889662861824036
YPR001W,YDR456W,0,-3.8957028,0.20059657096862793,0.6248548030853271,0.2490127831697464
YPL202C,YOL133W,0,-3.8961346,0.2005217969417572,0.6248548030853271,0.24912892282009125
YGL003C,YJL034W,0,-3.8962667,0.20044709742069244,0.6248548030853271,0.2492450624704361
YLR007W,YOR217W,1,-3.8962724,0.2007448822259903,0.6260162591934204,0.2492450624704361
YBR065C,YDR276C,0,-3.8963768,0.20067013800144196,0.6260162591934204,0.24936120212078094
YKL025C,YML032C,1,-3.896445,0.20096762478351593,0.6271777153015137,0.24936120212078094
YDR393W,YHR161C,0,-3.8964453,0.2008928507566452,0.6271777153015137,0.249477356672287
YMR072W,YNL127W,0,-3.8965642,0.20081815123558044,0.6271777153015137,0.24959349632263184
YOR148C,YML114C,0,-3.8967035,0.20074349641799927,0.6271777153015137,0.24970963597297668
YOR005C,YDR359C,1,-3.8968437,0.20104050636291504,0.6283391118049622,0.24970963597297668
YBR039W,YKL011C,0,-3.8968623,0.20096582174301147,0.6283391118049622,0.24982579052448273
YPR182W,YKL086W,0,-3.896993,0.20089119672775269,0.6283391118049622,0.24994193017482758
YDR363W-A,YHR119W,0,-3.8970978,0.20081663131713867,0.6283391118049622,0.2500580847263336
YPL268W,YGR024C,0,-3.8979762,0.20074211061000824,0.6283391118049622,0.25017422437667847
YJR093C,YMR183C,0,-3.8980415,0.20066764950752258,0.6283391118049622,0.2502903640270233
YNL230C,YPL239W,0,-3.8988206,0.2005932480096817,0.6283391118049622,0.25040650367736816
YGL013C,YLR166C,0,-3.8995445,0.2005189061164856,0.6283391118049622,0.250522643327713
YDR320C-A,YGL004C,0,-3.8995934,0.20044460892677307,0.6283391118049622,0.25063878297805786
YOL043C,YGR258C,1,-3.89974,0.2007407397031784,0.6295005679130554,0.25063878297805786
YMR073C,YFR052W,0,-3.9000032,0.2006664127111435,0.6295005679130554,0.2507549226284027
YDR040C,YDR098C,0,-3.900163,0.20059216022491455,0.6295005679130554,0.25087109208106995
YAL015C,YMR106C,1,-3.9001694,0.20088790357112885,0.6306620240211487,0.25087109208106995
YOR217W,YHR099W,1,-3.9002573,0.20118343830108643,0.6318234801292419,0.25087109208106995
YOL009C,YBR152W,0,-3.9006693,0.20110905170440674,0.6318234801292419,0.2509872317314148
YLR005W,YDR460W,1,-3.9012535,0.20140428841114044,0.6329848766326904,0.2509872317314148
YDL126C,YPR083W,0,-3.9013314,0.20132988691329956,0.6329848766326904,0.25110337138175964
YBR177C,YNR023W,0,-3.901334,0.20125554502010345,0.6329848766326904,0.2512195110321045
YER167W,YIL002C,0,-3.9013565,0.20118124783039093,0.6329848766326904,0.25133565068244934
YAL015C,YNL262W,1,-3.9014475,0.20147600769996643,0.6341463327407837,0.25133565068244934
YGL238W,YHR073W,0,-3.9014566,0.2014016956090927,0.6341463327407837,0.2514517903327942
YJL184W,YGL143C,0,-3.901671,0.20132742822170258,0.6341463327407837,0.25156792998313904
YIL084C,YLR034C,0,-3.901702,0.20125322043895721,0.6341463327407837,0.2516840994358063
YGL190C,YLR006C,0,-3.9019015,0.20117907226085663,0.6341463327407837,0.2518002390861511
YKL011C,YJR093C,0,-3.901997,0.20110496878623962,0.6341463327407837,0.25191637873649597
YML023C,YDR180W,1,-3.9022524,0.20139911770820618,0.635307788848877,0.25191637873649597
YPL082C,YMR214W,0,-3.9025333,0.20132498443126678,0.635307788848877,0.2520325183868408
YOL031C,YOR087W,0,-3.9029481,0.20125092566013336,0.635307788848877,0.25214865803718567
YPL118W,YHR023W,0,-3.9030707,0.20117689669132233,0.635307788848877,0.2522647976875305
YGR003W,YJL214W,0,-3.9031742,0.20110294222831726,0.635307788848877,0.25238096714019775
YPL192C,YIL120W,0,-3.9035718,0.20102903246879578,0.635307788848877,0.2524971067905426
YJL128C,YIL061C,0,-3.9037623,0.20095518231391907,0.635307788848877,0.25261324644088745
YER142C,YBR073W,1,-3.9037654,0.20124861598014832,0.6364692449569702,0.25261324644088745
YBR275C,YOR210W,0,-3.9038303,0.20117473602294922,0.6364692449569702,0.2527293860912323
YLR384C,YDR205W,0,-3.9038515,0.2011009156703949,0.6364692449569702,0.25284552574157715
YBR065C,YDR398W,0,-3.904092,0.20102714002132416,0.6364692449569702,0.252961665391922
YBR107C,YGR222W,0,-3.9041386,0.2009534239768982,0.6364692449569702,0.25307780504226685
YCL014W,YJL194W,0,-3.904268,0.200879767537117,0.6364692449569702,0.2531939744949341
YBR087W,YMR106C,1,-3.904587,0.2011725902557373,0.6376306414604187,0.2531939744949341
YJR150C,YDR013W,0,-3.904784,0.20109890401363373,0.6376306414604187,0.25331011414527893
YML012W,YJL121C,0,-3.9051535,0.20102526247501373,0.6376306414604187,0.2534262537956238
YGR227W,YHR073W,0,-3.9054244,0.2009516805410385,0.6376306414604187,0.25354239344596863
YPR057W,YGL172W,0,-3.905472,0.20087815821170807,0.6376306414604187,0.2536585330963135
YOR002W,YMR266W,0,-3.905615,0.2008046805858612,0.6376306414604187,0.2537746727466583
YDR174W,YPR181C,0,-3.9057858,0.20073126256465912,0.6376306414604187,0.2538908123970032
YDL154W,YDR308C,0,-3.9059656,0.2006578892469406,0.6376306414604187,0.2540069818496704
YJL090C,YDR076W,1,-3.9064891,0.20094995200634003,0.638792097568512,0.2540069818496704
YOR322C,YGL013C,0,-3.9065347,0.20087654888629913,0.638792097568512,0.25412312150001526
YIL131C,YCL063W,0,-3.9065988,0.2008032202720642,0.638792097568512,0.2542392611503601
YLR078C,YDR098C,0,-3.9068835,0.20072992146015167,0.638792097568512,0.25435540080070496
YNR067C,YHL009C,0,-3.907255,0.2006566971540451,0.638792097568512,0.2544715404510498
YDR040C,YPL242C,0,-3.9074519,0.20058351755142212,0.638792097568512,0.25458768010139465
YGL175C,YHR099W,1,-3.9077356,0.2008749544620514,0.6399535536766052,0.25458768010139465
YJL090C,YDR180W,1,-3.9079256,0.20116618275642395,0.6411150097846985,0.25458768010139465
YGL219C,YPL151C,0,-3.908433,0.2010928988456726,0.6411150097846985,0.2547038197517395
YDL003W,YPL239W,0,-3.908435,0.20101965963840485,0.6411150097846985,0.25481998920440674
YDL225W,YER031C,0,-3.9085824,0.20094648003578186,0.6411150097846985,0.2549361288547516
YPL096C-A,YLR195C,0,-3.9085858,0.20087336003780365,0.6411150097846985,0.25505226850509644
YGR258C,YDR359C,1,-3.908796,0.20116406679153442,0.642276406288147,0.25505226850509644
YMR283C,YPR095C,0,-3.909051,0.20109090209007263,0.642276406288147,0.2551684081554413
YGR180C,YNL032W,0,-3.9093196,0.2010178118944168,0.642276406288147,0.25528454780578613
YHR099W,YDR359C,1,-3.9094002,0.20130814611911774,0.6434378623962402,0.25528454780578613
YFL008W,YDR359C,1,-3.909425,0.20159825682640076,0.6445993185043335,0.25528454780578613
YNL008C,YDL013W,0,-3.909599,0.20152504742145538,0.6445993185043335,0.255400687456131
YMR026C,YER070W,0,-3.90963,0.20145191252231598,0.6445993185043335,0.25551682710647583
YBR275C,YKL212W,0,-3.9097202,0.20137880742549896,0.6445993185043335,0.25563299655914307
YPL192C,YBR283C,0,-3.9102502,0.20130576193332672,0.6445993185043335,0.2557491362094879
YGL192W,YMR089C,0,-3.9102943,0.20123277604579926,0.6445993185043335,0.25586527585983276
YOL156W,YML092C,0,-3.9107516,0.20115983486175537,0.6445993185043335,0.2559814155101776
YKR095W-A,YGR180C,0,-3.9112768,0.20108695328235626,0.6445993185043335,0.25609755516052246
YFR029W,YCL005W-A,0,-3.9113562,0.20101413130760193,0.6445993185043335,0.2562136948108673
YJR131W,YPR032W,0,-3.9114788,0.20094135403633118,0.6445993185043335,0.25632983446121216
YMR073C,YOR148C,0,-3.911606,0.200868621468544,0.6445993185043335,0.2564460039138794
YNL268W,YIL022W,0,-3.911607,0.2007959485054016,0.6445993185043335,0.25656214356422424
YMR029C,YPR181C,0,-3.9118006,0.2007233202457428,0.6445993185043335,0.2566782832145691
YKR086W,YER031C,0,-3.9119294,0.20065076649188995,0.6445993185043335,0.25679442286491394
YGL151W,YNL026W,0,-3.912084,0.2005782425403595,0.6445993185043335,0.2569105625152588
YER164W,YBR186W,0,-3.9121728,0.20050577819347382,0.6445993185043335,0.25702670216560364
YPL210C,YIL063C,0,-3.9124832,0.2004333734512329,0.6445993185043335,0.2571428716182709
YAL015C,YDL042C,1,-3.9125795,0.20072202384471893,0.645760715007782,0.2571428716182709
YMR184W,YJR074W,0,-3.9125903,0.20064958930015564,0.645760715007782,0.2572590112686157
YNL136W,YKL025C,1,-3.912592,0.20093795657157898,0.6469221711158752,0.2572590112686157
YJL207C,YDR189W,0,-3.9126093,0.2008654922246933,0.6469221711158752,0.25737515091896057
YDR076W,YDR359C,1,-3.9126832,0.20115356147289276,0.6480836272239685,0.25737515091896057
YBR211C,YGR155W,0,-3.912707,0.2010810822248459,0.6480836272239685,0.2574912905693054
YPR072W,YER008C,0,-3.9127762,0.2010086476802826,0.6480836272239685,0.25760743021965027
YFR005C,YKL122C,0,-3.9128406,0.20093625783920288,0.6480836272239685,0.2577235698699951
YNL129W,YLR455W,0,-3.9135528,0.20086392760276794,0.6480836272239685,0.25783970952033997
YGR227W,YKL018W,0,-3.9136727,0.20079165697097778,0.6480836272239685,0.2579558789730072
YDR309C,YML015C,0,-3.913734,0.2007194310426712,0.6480836272239685,0.25807201862335205
YGR262C,YLR166C,0,-3.9137394,0.2006472498178482,0.6480836272239685,0.2581881582736969
YFL013C,YDR325W,0,-3.9140568,0.20057512819766998,0.6480836272239685,0.25830429792404175
YMR298W,YER165W,0,-3.9143255,0.20050305128097534,0.6480836272239685,0.2584204375743866
YIL159W,YGL084C,0,-3.914475,0.20043103396892548,0.6480836272239685,0.25853657722473145
YHR158C,YCL005W-A,0,-3.914518,0.2003590613603592,0.6480836272239685,0.2586527168750763
YOR149C,YNL131W,0,-3.9147909,0.20028714835643768,0.6480836272239685,0.25876888632774353
YDL045C,YPL110C,0,-3.9149678,0.20021528005599976,0.6480836272239685,0.2588850259780884
YBR107C,YCL008C,0,-3.9151485,0.2001434713602066,0.6480836272239685,0.2590011656284332
YIR033W,YKR095W-A,0,-3.9151657,0.20007170736789703,0.6480836272239685,0.2591173052787781
YFR034C,YLR166C,0,-3.9156542,0.20000000298023224,0.6480836272239685,0.2592334449291229
YLL019C,YLR135W,0,-3.9159882,0.19992834329605103,0.6480836272239685,0.2593495845794678
YOL069W,YMR026C,0,-3.9166453,0.1998567283153534,0.6480836272239685,0.2594657242298126
YLR007W,YDR359C,1,-3.9168248,0.2001432180404663,0.6492450833320618,0.2594657242298126
YDR432W,YPR181C,0,-3.917264,0.20007158815860748,0.6492450833320618,0.25958189368247986
YNL032W,YPL258C,0,-3.9176776,0.20000000298023224,0.6492450833320618,0.2596980333328247
YCL063W,YDL235C,0,-3.9176862,0.19992846250534058,0.6492450833320618,0.25981417298316956
YOR221C,YAL032C,0,-3.9176986,0.19985699653625488,0.6492450833320618,0.2599303126335144
YDR456W,YLR059C,0,-3.9177868,0.19978556036949158,0.6492450833320618,0.26004645228385925
YMR021C,YGL008C,0,-3.9178493,0.19971418380737305,0.6492450833320618,0.2601625919342041
YER179W,YNL210W,0,-3.9180896,0.1996428519487381,0.6492450833320618,0.26027873158454895
YGL172W,YLR008C,0,-3.9181595,0.19957157969474792,0.6492450833320618,0.2603949010372162
YOL049W,YDL098C,0,-3.9181626,0.19950035214424133,0.6492450833320618,0.26051104068756104
YDR310C,YDR453C,0,-3.918257,0.19942918419837952,0.6492450833320618,0.2606271803379059
YKR095W-A,YCR042C,0,-3.9185047,0.19935806095600128,0.6492450833320618,0.26074331998825073
YBR275C,YDR165W,0,-3.9185393,0.19928698241710663,0.6492450833320618,0.2608594596385956
YKL093W,YBR231C,0,-3.918653,0.19921596348285675,0.6492450833320618,0.26097559928894043
YFL008W,YMR106C,1,-3.918897,0.19950124621391296,0.6504064798355103,0.26097559928894043
YFR013W,YER106W,0,-3.919213,0.1994301974773407,0.6504064798355103,0.2610917389392853
YBR152W,YKR079C,0,-3.919522,0.1993592083454132,0.6504064798355103,0.2612079083919525
YGR041W,YFL029C,0,-3.9196126,0.1992882490158081,0.6504064798355103,0.26132404804229736
YLR394W,YCL008C,0,-3.919944,0.19921736419200897,0.6504064798355103,0.2614401876926422
YFR028C,YGR063C,0,-3.9201355,0.19914650917053223,0.6504064798355103,0.26155632734298706
YEL037C,YDR076W,1,-3.920299,0.19943121075630188,0.6515679359436035,0.26155632734298706
YGL178W,YOL038W,0,-3.9204571,0.19936034083366394,0.6515679359436035,0.2616724669933319
YML012W,YLR262C,0,-3.9205606,0.19928951561450958,0.6515679359436035,0.26178860664367676
YKL160W,YBR273C,0,-3.9206884,0.19921875,0.6515679359436035,0.261904776096344
YOR031W,YIL119C,0,-3.9211152,0.199148029088974,0.6515679359436035,0.26202091574668884
YDR480W,YPL091W,0,-3.9212496,0.19907735288143158,0.6515679359436035,0.2621370553970337
YNL068C,YFR034C,0,-3.9213107,0.19900673627853394,0.6515679359436035,0.26225319504737854
YJR092W,YHR084W,0,-3.9218147,0.19893616437911987,0.6515679359436035,0.2623693346977234
YOR099W,YDL079C,0,-3.9221165,0.19886565208435059,0.6515679359436035,0.26248547434806824
YMR001C,YGR229C,0,-3.9225705,0.19879518449306488,0.6515679359436035,0.2626016139984131
YGL190C,YOR037W,0,-3.923401,0.19872476160526276,0.6515679359436035,0.2627177834510803
YGL195W,YBR240C,0,-3.9237134,0.1986543983221054,0.6515679359436035,0.26283392310142517
YPR057W,YER070W,0,-3.924359,0.19858406484127045,0.6515679359436035,0.26295006275177
YDR386W,YDR359C,1,-3.9244187,0.19886766374111176,0.6527293920516968,0.26295006275177
YDL017W,YBR283C,0,-3.9247272,0.1987973153591156,0.6527293920516968,0.26306620240211487
YDR301W,YHR167W,0,-3.92565,0.19872701168060303,0.6527293920516968,0.2631823420524597
YDL200C,YDR076W,1,-3.925748,0.19901025295257568,0.65389084815979,0.2631823420524597
YNL210W,YGR186W,0,-3.9261858,0.19893993437290192,0.65389084815979,0.26329848170280457
YIL036W,YML092C,0,-3.9262526,0.19886966049671173,0.65389084815979,0.2634146213531494
YER035W,YDL098C,0,-3.926656,0.19879943132400513,0.65389084815979,0.26353079080581665
YLR394W,YGL178W,0,-3.927045,0.1987292617559433,0.65389084815979,0.2636469304561615
YMR052W,YER031C,0,-3.9272878,0.19865913689136505,0.65389084815979,0.26376307010650635
YKL165C,YNL167C,0,-3.9274046,0.19858907163143158,0.65389084815979,0.2638792097568512
YMR224C,YGR258C,1,-3.9276521,0.1988716572523117,0.6550522446632385,0.2638792097568512
YHR124W,YDR456W,0,-3.9276626,0.19880154728889465,0.6550522446632385,0.26399534940719604
YOR180C,YLR068W,0,-3.9278386,0.19873149693012238,0.6550522446632385,0.2641114890575409
YNL230C,YDL045C,0,-3.9281628,0.19866150617599487,0.6550522446632385,0.26422762870788574
YJL090C,YGR258C,1,-3.9282749,0.19894365966320038,0.6562137007713318,0.26422762870788574
YOL164W,YIL159W,0,-3.9285834,0.1988736391067505,0.6562137007713318,0.264343798160553
YOR144C,YER142C,1,-3.9286892,0.1991555243730545,0.657375156879425,0.264343798160553
YAL022C,YJR045C,0,-3.9289963,0.19908547401428223,0.657375156879425,0.2644599378108978
YOL043C,YDL042C,1,-3.9290936,0.19936709105968475,0.6585366129875183,0.2644599378108978
YNL020C,YGR229C,0,-3.9293754,0.1992970108985901,0.6585366129875183,0.2645760774612427
YLR431C,YPR002W,0,-3.9296088,0.1992269903421402,0.6585366129875183,0.2646922171115875
YJR017C,YHR041C,0,-3.9296303,0.1991570144891739,0.6585366129875183,0.2648083567619324
YOL001W,YPR094W,0,-3.9297247,0.19908708333969116,0.6585366129875183,0.2649244964122772
YJL072C,YNR006W,0,-3.9299183,0.19901719689369202,0.6585366129875183,0.26504063606262207
YML032C,YDL042C,1,-3.93003,0.19929824769496918,0.6596980094909668,0.26504063606262207
YBR273C,YEL051W,0,-3.9301097,0.19922834634780884,0.6596980094909668,0.2651568055152893
YNL084C,YBR240C,0,-3.9302366,0.19915848970413208,0.6596980094909668,0.26527294516563416
YCR107W,YFL036W,0,-3.930263,0.1990886777639389,0.6596980094909668,0.265389084815979
YCR028C,YNL153C,0,-3.930302,0.1990189254283905,0.6596980094909668,0.26550522446632385
YJR102C,YLR240W,0,-3.930392,0.19894921779632568,0.6596980094909668,0.2656213641166687
YCR048W,YJR131W,0,-3.9304512,0.19887955486774445,0.6596980094909668,0.26573750376701355
YDR318W,YDR485C,0,-3.9304914,0.1988099366426468,0.6596980094909668,0.2658536732196808
YMR224C,YMR201C,1,-3.9306686,0.19909027218818665,0.6608594655990601,0.2658536732196808
YKR066C,YML015C,0,-3.9308565,0.1990206390619278,0.6608594655990601,0.26596981287002563
YKL139W,YGL122C,0,-3.930974,0.19895105063915253,0.6608594655990601,0.2660859525203705
YNL129W,YPR086W,0,-3.931352,0.19888150691986084,0.6608594655990601,0.26620209217071533
YFL025C,YNR067C,0,-3.931362,0.19881202280521393,0.6608594655990601,0.2663182318210602
YBR129C,YDR059C,0,-3.932321,0.1987425833940506,0.6608594655990601,0.26643437147140503
YLR381W,YBR231C,0,-3.9324448,0.19867318868637085,0.6608594655990601,0.2665505111217499
YCR107W,YOL002C,0,-3.9324806,0.19860383868217468,0.6608594655990601,0.2666666805744171
YFL013C,YDL006W,0,-3.9325316,0.1985345482826233,0.6608594655990601,0.26678282022476196
YNR067C,YDR289C,0,-3.932801,0.1984652876853943,0.6608594655990601,0.2668989598751068
YJL111W,YFL013C,0,-3.9328077,0.19839610159397125,0.6608594655990601,0.26701509952545166
YPL096C-A,YOR209C,0,-3.932903,0.1983269453048706,0.6608594655990601,0.2671312391757965
YOR149C,YGR059W,0,-3.9332817,0.19825783371925354,0.6608594655990601,0.26724737882614136
YOR217W,YER169W,1,-3.9333875,0.19853709638118744,0.6620209217071533,0.26724737882614136
YDL197C,YLR277C,0,-3.933682,0.19846796989440918,0.6620209217071533,0.2673635184764862
YGL035C,YDR205W,0,-3.9337084,0.1983988881111145,0.6620209217071533,0.26747968792915344
YOR386W,YGR258C,1,-3.9338028,0.19867780804634094,0.6631823182106018,0.26747968792915344
YOR148C,YLR006C,0,-3.933978,0.19860869646072388,0.6631823182106018,0.2675958275794983
YDL013W,YDR276C,0,-3.9342346,0.1985396444797516,0.6631823182106018,0.26771196722984314
YGR227W,YMR298W,0,-3.9347696,0.19847062230110168,0.6631823182106018,0.267828106880188
YAL015C,YOR386W,1,-3.9347935,0.1987491250038147,0.6643437743186951,0.267828106880188
YKL112W,YAL015C,1,-3.9350953,0.1990274339914322,0.6655052304267883,0.267828106880188
YBR107C,YMR214W,0,-3.93516,0.19895833730697632,0.6655052304267883,0.26794424653053284
YGR258C,YEL037C,1,-3.935434,0.19923637807369232,0.6666666865348816,0.26794424653053284
YKL220C,YHR034C,0,-3.9354918,0.19916725158691406,0.6666666865348816,0.2680603861808777
YFR013W,YJL207C,0,-3.9355073,0.1990981549024582,0.6666666865348816,0.26817652583122253
YGR218W,YMR091C,0,-3.935944,0.1990291327238083,0.6666666865348816,0.26829269528388977
YMR184W,YEL051W,0,-3.9360032,0.19896014034748077,0.6666666865348816,0.2684088349342346
YMR005W,YCR053W,0,-3.936065,0.19889119267463684,0.6666666865348816,0.26852497458457947
YER167W,YPL146C,0,-3.936418,0.19882230460643768,0.6666666865348816,0.2686411142349243
YMR021C,YNL070W,0,-3.9366004,0.1987534612417221,0.6666666865348816,0.26875725388526917
YGR239C,YML092C,0,-3.9372184,0.1986846625804901,0.6666666865348816,0.268873393535614
YNL084C,YNL328C,0,-3.937403,0.1986159235239029,0.6666666865348816,0.26898953318595886
YMR021C,YDL235C,0,-3.937454,0.19854721426963806,0.6666666865348816,0.2691057026386261
YNL307C,YDR460W,1,-3.9375336,0.19882434606552124,0.6678280830383301,0.2691057026386261
YOR221C,YJL025W,0,-3.9378653,0.19875562191009521,0.6678280830383301,0.26922184228897095
YBR008C,YBL080C,0,-3.938758,0.19868694245815277,0.6678280830383301,0.2693379819393158
YBR010W,YKR095W-A,0,-3.9388666,0.1986183077096939,0.6678280830383301,0.26945412158966064
YMR301C,YKR095W,0,-3.9389668,0.19854971766471863,0.6678280830383301,0.2695702612400055
YDL017W,YOR287C,0,-3.9390109,0.19848118722438812,0.6678280830383301,0.26968640089035034
YER089C,YBR218C,0,-3.9391396,0.1984127014875412,0.6678280830383301,0.2698025405406952
YOR386W,YHR099W,1,-3.939468,0.19868920743465424,0.6689895391464233,0.2698025405406952
YEL037C,YOR217W,1,-3.939759,0.19896551966667175,0.6701509952545166,0.2698025405406952
YKL112W,YOR386W,1,-3.9398172,0.19924163818359375,0.6713124513626099,0.2698025405406952
YOL108C,YGR186W,0,-3.9403164,0.1991729885339737,0.6713124513626099,0.2699187099933624
YPL192C,YLR066W,0,-3.9403625,0.19910436868667603,0.6713124513626099,0.2700348496437073
YKL208W,YMR214W,0,-3.9406369,0.19903580844402313,0.6713124513626099,0.2701509892940521
YPL060W,YBR240C,0,-3.9410055,0.19896729290485382,0.6713124513626099,0.270267128944397
YOR064C,YGR285C,0,-3.9412382,0.19889883697032928,0.6713124513626099,0.2703832685947418
YPL190C,YBR152W,0,-3.9412947,0.19883041083812714,0.6713124513626099,0.27049940824508667
YNL222W,YEL041W,0,-3.9413478,0.19876202940940857,0.6713124513626099,0.2706155776977539
YPR025C,YPR155C,0,-3.9414365,0.19869370758533478,0.6713124513626099,0.27073171734809875
YNL282W,YCL008C,0,-3.9414475,0.19862543046474457,0.6713124513626099,0.2708478569984436
YMR079W,YJL154C,0,-3.9419422,0.19855719804763794,0.6713124513626099,0.27096399664878845
YOR386W,YLR005W,1,-3.9421704,0.1988324224948883,0.6724738478660583,0.27096399664878845
YDL200C,YKL025C,1,-3.9425194,0.19910745322704315,0.6736353039741516,0.27096399664878845
YOR322C,YGL053W,0,-3.94259,0.19903911650180817,0.6736353039741516,0.2710801362991333
YKL146W,YDR320C-A,0,-3.9427278,0.19897083938121796,0.6736353039741516,0.27119627594947815
YGR222W,YFR034C,0,-3.9428174,0.19890260696411133,0.6736353039741516,0.271312415599823
YPL021W,YML092C,0,-3.9429164,0.19883441925048828,0.6736353039741516,0.27142858505249023
YBR233W-A,YGR229C,0,-3.9429986,0.19876627624034882,0.6736353039741516,0.2715447247028351
YFL023W,YPL192C,0,-3.9431088,0.19869817793369293,0.6736353039741516,0.27166086435317993
YJL214W,YDR397C,0,-3.9432344,0.19863013923168182,0.6736353039741516,0.2717770040035248
YGR268C,YFL011W,0,-3.9435744,0.1985621303319931,0.6736353039741516,0.27189314365386963
YDR076W,YOR346W,1,-3.9438365,0.19883641600608826,0.6747967600822449,0.27189314365386963
YMR069W,YIL022W,0,-3.9438622,0.19876839220523834,0.6747967600822449,0.2720092833042145
YLR219W,YDR498C,0,-3.9439704,0.198700413107872,0.6747967600822449,0.2721254229545593
YOL063C,YHR019C,0,-3.9441948,0.19863247871398926,0.6747967600822449,0.27224159240722656
YDR320C-A,YMR175W,0,-3.9452198,0.1985645890235901,0.6747967600822449,0.2723577320575714
YAL007C,YDR372C,0,-3.9452455,0.1984967589378357,0.6747967600822449,0.27247387170791626
YCR107W,YOR179C,0,-3.9455996,0.1984289586544037,0.6747967600822449,0.2725900113582611
YML032C,YNL312W,1,-3.9457643,0.1987026333808899,0.6759582161903381,0.2725900113582611
YMR224C,YOR386W,1,-3.945832,0.19897611439228058,0.6771196126937866,0.2725900113582611
YGR261C,YIL070C,0,-3.9460142,0.1989082247018814,0.6771196126937866,0.27270615100860596
YLL015W,YIR022W,0,-3.946022,0.19884037971496582,0.6771196126937866,0.2728222906589508
YGR227W,YNL074C,0,-3.9460838,0.198772594332695,0.6771196126937866,0.27293843030929565
YDR320C-A,YHR073W,0,-3.9462478,0.19870483875274658,0.6771196126937866,0.2730545997619629
YOR239W,YLR147C,0,-3.9464943,0.19863714277744293,0.6771196126937866,0.27317073941230774
YJL090C,YGL175C,1,-3.946584,0.19891008734703064,0.6782810688018799,0.27317073941230774
YPL234C,YJL154C,0,-3.9469216,0.1988423615694046,0.6782810688018799,0.2732868790626526
YPL096C-A,YFL018C,0,-3.9471924,0.19877468049526215,0.6782810688018799,0.27340301871299744
YOR209C,YPL192C,0,-3.9474883,0.19870704412460327,0.6782810688018799,0.2735191583633423
YPL146C,YBR240C,0,-3.9475062,0.19863945245742798,0.6782810688018799,0.27363529801368713
YPL192C,YNL044W,0,-3.9478593,0.19857192039489746,0.6782810688018799,0.273751437664032
YOL113W,YPR086W,0,-3.947999,0.19850441813468933,0.6782810688018799,0.2738676071166992
YDR345C,YLR263W,0,-3.9481213,0.19843697547912598,0.6782810688018799,0.27398374676704407
YIR005W,YNL044W,0,-3.9481637,0.198369562625885,0.6782810688018799,0.2740998864173889
YOR322C,YCL054W,0,-3.9482882,0.19830220937728882,0.6782810688018799,0.27421602606773376
YHR174W,YLR259C,0,-3.948931,0.1982349008321762,0.6782810688018799,0.2743321657180786
YDR320C-A,YPL106C,0,-3.9490337,0.198167622089386,0.6782810688018799,0.27444830536842346
YCL043C,YIL053W,0,-3.9490767,0.19810040295124054,0.6782810688018799,0.2745644748210907
YOR386W,YNL262W,1,-3.949474,0.19837233424186707,0.6794425249099731,0.2745644748210907
YOL105C,YPL033C,0,-3.949559,0.19830508530139923,0.6794425249099731,0.27468061447143555
YOR386W,YDR180W,1,-3.9502616,0.19857674837112427,0.6806039214134216,0.27468061447143555
YCL055W,YIL084C,0,-3.9504378,0.19850948452949524,0.6806039214134216,0.2747967541217804
YOR103C,YIL063C,0,-3.9504488,0.1984422653913498,0.6806039214134216,0.27491289377212524
YDR180W,YFL008W,1,-3.9504955,0.19871361553668976,0.6817653775215149,0.27491289377212524
YGL016W,YHR084W,0,-3.950609,0.19864636659622192,0.6817653775215149,0.2750290334224701
YLR059C,YKL042W,0,-3.9506953,0.19857916235923767,0.6817653775215149,0.27514517307281494
YER088C,YHR119W,0,-3.9507291,0.198512002825737,0.6817653775215149,0.2752613127231598
YMR139W,YKL042W,0,-3.9507828,0.1984448879957199,0.6817653775215149,0.275377482175827
YBR278W,YER169W,1,-3.9508593,0.19871577620506287,0.6829268336296082,0.275377482175827
YER088C,YNL280C,0,-3.951186,0.19864864647388458,0.6829268336296082,0.2754936218261719
YCR107W,YKL195W,0,-3.9512045,0.19858156144618988,0.6829268336296082,0.2756097614765167
YDL088C,YBR077C,0,-3.9512136,0.19851452112197876,0.6829268336296082,0.2757259011268616
YDL017W,YBR201W,0,-3.9513338,0.19844752550125122,0.6829268336296082,0.2758420407772064
YBR233W-A,YMR232W,0,-3.9515703,0.19838055968284607,0.6829268336296082,0.27595818042755127
YDL195W,YBL061C,0,-3.9517078,0.1983136534690857,0.6829268336296082,0.2760743200778961
YFR052W,YOR064C,0,-3.9517772,0.1982467919588089,0.6829268336296082,0.27619048953056335
YHR034C,YLR268W,0,-3.952386,0.19817997515201569,0.6829268336296082,0.2763066291809082
YKL160W,YDR397C,0,-3.95253,0.19811320304870605,0.6829268336296082,0.27642276883125305
YCR038C,YPL190C,0,-3.9525828,0.19804647564888,0.6829268336296082,0.2765389084815979
YIL118W,YCR084C,0,-3.9529421,0.19797979295253754,0.6829268336296082,0.27665504813194275
YPL268W,YMR183C,0,-3.952973,0.19791315495967865,0.6829268336296082,0.2767711877822876
YNL039W,YBR160W,0,-3.9530172,0.19784656167030334,0.6829268336296082,0.27688732743263245
YPR057W,YJL214W,0,-3.953501,0.19778001308441162,0.6829268336296082,0.2770034968852997
YDR308C,YEL051W,0,-3.9536536,0.19771352410316467,0.6829268336296082,0.27711963653564453
YNL039W,YIL002C,0,-3.9538155,0.1976470649242401,0.6829268336296082,0.2772357761859894
YBL033C,YCL005W-A,0,-3.9538171,0.19758065044879913,0.6829268336296082,0.27735191583633423
YBR073W,YHR099W,1,-3.9538965,0.19785018265247345,0.6840882897377014,0.27735191583633423
YNL009W,YPR182W,0,-3.95403,0.19778375327587128,0.6840882897377014,0.2774680554866791
YLR068W,YMR073C,0,-3.954075,0.1977173537015915,0.6840882897377014,0.2775841951370239
YDL200C,YMR224C,1,-3.9544396,0.19798657298088074,0.6852496862411499,0.2775841951370239
YBR186W,YNR023W,0,-3.95449,0.19792015850543976,0.6852496862411499,0.2777003347873688
YBL009W,YPL210C,0,-3.9546492,0.19785378873348236,0.6852496862411499,0.277816504240036
YOL013C,YPR095C,0,-3.9549263,0.19778746366500854,0.6852496862411499,0.27793264389038086
YDL042C,YMR284W,1,-3.9550066,0.19805629551410675,0.6864111423492432,0.27793264389038086
YBR073W,YMR106C,1,-3.9552689,0.19832496345043182,0.6875725984573364,0.27793264389038086
YML023C,YBR073W,1,-3.9555302,0.19859343767166138,0.6887340545654297,0.27793264389038086
YDR163W,YNL053W,0,-3.9557743,0.19852694869041443,0.6887340545654297,0.2780487835407257
YOR210W,YPR032W,0,-3.9560828,0.19846050441265106,0.6887340545654297,0.27816492319107056
YOR002W,YHR161C,0,-3.956756,0.19839410483837128,0.6887340545654297,0.2782810628414154
YGL006W,YPL151C,0,-3.9568155,0.19832776486873627,0.6887340545654297,0.27839720249176025
YDL088C,YPR032W,0,-3.9574378,0.19826145470142365,0.6887340545654297,0.2785133421421051
YFL048C,YDR393W,0,-3.9576452,0.1981951892375946,0.6887340545654297,0.27862951159477234
YBR186W,YER070W,0,-3.9583142,0.19812896847724915,0.6887340545654297,0.2787456512451172
YKL055C,YDR498C,0,-3.9583862,0.19806279242038727,0.6887340545654297,0.27886179089546204
YDR289C,YNL070W,0,-3.9586213,0.19799666106700897,0.6887340545654297,0.2789779305458069
YNL210W,YML127W,0,-3.9588292,0.19793057441711426,0.6887340545654297,0.27909407019615173
YDL045C,YOR319W,0,-3.958933,0.19786453247070312,0.6887340545654297,0.2792102098464966
YFL009W,YNL053W,0,-3.959272,0.19779853522777557,0.6887340545654297,0.2793263792991638
YBR201W,YGR014W,0,-3.9593782,0.1977325826883316,0.6887340545654297,0.27944251894950867
YHL040C,YOL001W,0,-3.9594505,0.19766665995121002,0.6887340545654297,0.2795586585998535
YOR171C,YIL080W,0,-3.9596481,0.19760079681873322,0.6887340545654297,0.27967479825019836
YFR034C,YLR135W,0,-3.9597807,0.19753497838974,0.6887340545654297,0.2797909379005432
YOL009C,YNL032W,0,-3.9602506,0.19746920466423035,0.6887340545654297,0.27990707755088806
YNL282W,YKL018W,0,-3.9603794,0.1974034607410431,0.6887340545654297,0.2800232172012329
YFL017W-A,YGR285C,0,-3.960404,0.1973377764225006,0.6887340545654297,0.28013938665390015
YJL214W,YBL061C,0,-3.9604363,0.19727212190628052,0.6887340545654297,0.280255526304245
YPR095C,YGR192C,0,-3.9604385,0.197206512093544,0.6887340545654297,0.28037166595458984
YCR044C,YER089C,0,-3.9604847,0.19714096188545227,0.6887340545654297,0.2804878056049347
YJL090C,YAL015C,1,-3.9607475,0.1974077820777893,0.6898954510688782,0.2804878056049347
YKL197C,YDR075W,0,-3.9610522,0.197342187166214,0.6898954510688782,0.28060394525527954
YOR005C,YMR224C,1,-3.9611108,0.19760876893997192,0.6910569071769714,0.28060394525527954
YPR070W,YFR052W,0,-3.9611168,0.1975431591272354,0.6910569071769714,0.2807200849056244
YNR010W,YNL328C,0,-3.9616582,0.19747759401798248,0.6910569071769714,0.28083622455596924
YGL155W,YKL101W,0,-3.9619634,0.19741207361221313,0.6910569071769714,0.2809523940086365
YHR005C,YBR002C,0,-3.9619856,0.19734659790992737,0.6910569071769714,0.2810685336589813
YHR061C,YDL138W,0,-3.962221,0.19728116691112518,0.6910569071769714,0.28118467330932617
YGR218W,YER001W,0,-3.9622576,0.19721578061580658,0.6910569071769714,0.281300812959671
YDR397C,YPL253C,0,-3.9629695,0.19715042412281036,0.6910569071769714,0.28141695261001587
YKL208W,YGR003W,0,-3.9630663,0.19708512723445892,0.6910569071769714,0.2815330922603607
YPL101W,YPL258C,0,-3.96327,0.19701986014842987,0.6910569071769714,0.28164923191070557
YGR230W,YLR116W,0,-3.9636257,0.1969546526670456,0.6910569071769714,0.2817654013633728
YDL135C,YFL017W-A,0,-3.9636707,0.1968894749879837,0.6910569071769714,0.28188154101371765
YOL077W-A,YEL016C,0,-3.9637744,0.1968243420124054,0.6910569071769714,0.2819976806640625
YJR092W,YBL026W,0,-3.9638789,0.19675925374031067,0.6910569071769714,0.28211382031440735
YNL068C,YKL018W,0,-3.9640985,0.19669421017169952,0.6910569071769714,0.2822299599647522
YOL108C,YMR013C,0,-3.9642143,0.19662921130657196,0.6910569071769714,0.28234609961509705
YER142C,YMR224C,1,-3.9642665,0.19689461588859558,0.6922183632850647,0.28234609961509705
YNL262W,YEL037C,1,-3.9643672,0.19715984165668488,0.693379819393158,0.28234609961509705
YEL062W,YGR063C,0,-3.9643729,0.19709475338459015,0.693379819393158,0.2824622392654419
YGR158C,YOL105C,0,-3.9646404,0.197029709815979,0.693379819393158,0.28257840871810913
YHR158C,YDL138W,0,-3.9652407,0.19696469604969025,0.693379819393158,0.282694548368454
YEL016C,YHR006W,0,-3.965468,0.19689974188804626,0.693379819393158,0.28281068801879883
YAR008W,YCR084C,0,-3.9655013,0.19683481752872467,0.693379819393158,0.2829268276691437
YMR138W,YDL036C,0,-3.9658449,0.19676993787288666,0.693379819393158,0.2830429673194885
YCL016C,YDR328C,0,-3.9659994,0.19670510292053223,0.693379819393158,0.2831591069698334
YKR002W,YBL105C,0,-3.966223,0.19664031267166138,0.693379819393158,0.2832752466201782
YCL016C,YGL004C,0,-3.9663417,0.1965755671262741,0.693379819393158,0.28339141607284546
YCL014W,YHR006W,0,-3.9663498,0.19651086628437042,0.693379819393158,0.2835075557231903
YML129C,YNL304W,0,-3.9667528,0.19644619524478912,0.693379819393158,0.28362369537353516
YNL270C,YGR180C,0,-3.9671052,0.1963815838098526,0.693379819393158,0.28373983502388
YDL019C,YPL268W,0,-3.9677436,0.19631700217723846,0.693379819393158,0.28385597467422485
YPL021W,YOR319W,0,-3.9679267,0.1962524652481079,0.693379819393158,0.2839721143245697
YHR116W,YGR024C,0,-3.9679606,0.19618797302246094,0.693379819393158,0.28408828377723694
YOR386W,YDR460W,1,-3.96854,0.1964520364999771,0.6945412158966064,0.28408828377723694
YER142C,YNL307C,1,-3.9685447,0.19671592116355896,0.6957026720046997,0.28408828377723694
YKL205W,YDL006W,0,-3.9685729,0.19665133953094482,0.6957026720046997,0.2842044234275818
YBR049C,YPL163C,0,-3.9689138,0.19658680260181427,0.6957026720046997,0.28432056307792664
YLR008C,YML097C,0,-3.9690225,0.1965223103761673,0.6957026720046997,0.2844367027282715
YGR132C,YCL005W-A,0,-3.9691346,0.1964578479528427,0.6957026720046997,0.28455284237861633
YMR296C,YML055W,0,-3.9691675,0.1963934451341629,0.6957026720046997,0.2846689820289612
YGL143C,YGL004C,0,-3.9692347,0.19632907211780548,0.6957026720046997,0.28478512167930603
YBR089C-A,YPL268W,0,-3.9693565,0.19626474380493164,0.6957026720046997,0.28490129113197327
YKL005C,YLR205C,0,-3.9696074,0.19620046019554138,0.6957026720046997,0.2850174307823181
YER008C,YML097C,0,-3.969722,0.1961362212896347,0.6957026720046997,0.28513357043266296
YBR164C,YOL069W,0,-3.9698303,0.19607201218605042,0.6957026720046997,0.2852497100830078
YOR037W,YPL258C,0,-3.969864,0.1960078477859497,0.6957026720046997,0.28536584973335266
YDR393W,YGR063C,0,-3.9698792,0.19594374299049377,0.6957026720046997,0.2854819893836975
YGR014W,YDL019C,0,-3.9699209,0.19587965309619904,0.6957026720046997,0.28559812903404236
YBR164C,YLR025W,0,-3.9700918,0.19581562280654907,0.6957026720046997,0.2857142984867096
YJL090C,YEL037C,1,-3.970465,0.19607843458652496,0.696864128112793,0.2857142984867096
YER167W,YCR038C,0,-3.9705117,0.1960143744945526,0.696864128112793,0.28583043813705444
YDL117W,YHR034C,0,-3.9705422,0.19595035910606384,0.696864128112793,0.2859465777873993
YBR160W,YCL005W-A,0,-3.970778,0.19588638842105865,0.696864128112793,0.28606271743774414
YGR268C,YAL043C,0,-3.9710088,0.19582244753837585,0.696864128112793,0.286178857088089
YKL191W,YLR259C,0,-3.971444,0.19575856626033783,0.696864128112793,0.28629499673843384
YDL154W,YOL122C,0,-3.971854,0.1956947147846222,0.696864128112793,0.2864111363887787
YFL025C,YDR308C,0,-3.9722664,0.19563090801239014,0.696864128112793,0.2865273058414459
YOR031W,YNL304W,0,-3.9723158,0.19556714594364166,0.696864128112793,0.28664344549179077
YOR002W,YFL013C,0,-3.9725955,0.19550342857837677,0.696864128112793,0.2867595851421356
YMR175W,YML055W,0,-3.9727614,0.19543974101543427,0.696864128112793,0.28687572479248047
YMR232W,YER028C,0,-3.972767,0.19537609815597534,0.696864128112793,0.2869918644428253
YDL200C,YDL042C,1,-3.9728909,0.1956380158662796,0.6980255246162415,0.2869918644428253
YOL142W,YNL032W,0,-3.9729965,0.19557435810565948,0.6980255246162415,0.28710800409317017
YBL050W,YJR086W,0,-3.9731686,0.19551073014736176,0.6980255246162415,0.287224143743515
YDR524C,YNL044W,0,-3.9733405,0.1954471617937088,0.6980255246162415,0.28734031319618225
YPR200C,YDR009W,0,-3.9736347,0.19538360834121704,0.6980255246162415,0.2874564528465271
YBR008C,YEL016C,0,-3.9736784,0.19532011449337006,0.6980255246162415,0.28757259249687195
YOR002W,YFL009W,0,-3.9737437,0.19525666534900665,0.6980255246162415,0.2876887321472168
YGL155W,YLR384C,0,-3.974017,0.19519324600696564,0.6980255246162415,0.28780487179756165
YDL003W,YPL208W,0,-3.9742262,0.1951298713684082,0.6980255246162415,0.2879210114479065
YMR296C,YBR240C,0,-3.974624,0.19506654143333435,0.6980255246162415,0.28803718090057373
YLR026C,YJL129C,0,-3.9747798,0.19500324130058289,0.6980255246162415,0.2881533205509186
YBR185C,YOR160W,0,-3.9748027,0.1949400007724762,0.6980255246162415,0.2882694602012634
YML102W,YLR005W,1,-3.9750588,0.19520103931427002,0.6991869807243347,0.2882694602012634
YPR025C,YFL041W,0,-3.9752793,0.19513776898384094,0.6991869807243347,0.2883855998516083
YGR218W,YFR052W,0,-3.9753592,0.19507452845573425,0.6991869807243347,0.2885017395019531
YHR061C,YJR139C,0,-3.975423,0.19501133263111115,0.6991869807243347,0.288617879152298
YDR195W,YPL208W,0,-3.9759104,0.19494818150997162,0.6991869807243347,0.2887340188026428
YGR224W,YDR318W,0,-3.9760153,0.19488507509231567,0.6991869807243347,0.28885018825531006
YPL177C,YLR059C,0,-3.9761028,0.1948220133781433,0.6991869807243347,0.2889663279056549
YNL053W,YOL045W,0,-3.9763565,0.19475898146629333,0.6991869807243347,0.28908246755599976
YBR234C,YHR084W,0,-3.9764009,0.19469599425792694,0.6991869807243347,0.2891986072063446
YIR022W,YOL105C,0,-3.976549,0.19463303685188293,0.6991869807243347,0.28931474685668945
YOL049W,YER001W,0,-3.9767177,0.1945701390504837,0.6991869807243347,0.2894308865070343
YKR008W,YJL145W,0,-3.9768755,0.19450727105140686,0.6991869807243347,0.28954702615737915
YBR039W,YIL063C,0,-3.9769354,0.1944444477558136,0.6991869807243347,0.2896631956100464
YLR011W,YJL052W,0,-3.9771454,0.19438165426254272,0.6991869807243347,0.28977933526039124
YBR186W,YOR148C,0,-3.9771824,0.19431892037391663,0.6991869807243347,0.2898954749107361
YML058W-A,YCR102C,0,-3.9772258,0.19425621628761292,0.6991869807243347,0.29001161456108093
YPL190C,YJL129C,0,-3.977651,0.1941935420036316,0.6991869807243347,0.2901277542114258
YMR301C,YKL088W,0,-3.9780324,0.19413092732429504,0.6991869807243347,0.29024389386177063
YML023C,YDR076W,1,-3.978057,0.19439071416854858,0.700348436832428,0.29024389386177063
YFL009W,YML049C,0,-3.9780786,0.19432806968688965,0.700348436832428,0.2903600335121155
YGL016W,YBR172C,0,-3.9781263,0.1942654699087143,0.700348436832428,0.2904762029647827
YOL164W,YGL098W,0,-3.978285,0.19420289993286133,0.700348436832428,0.29059234261512756
YIL118W,YOR212W,0,-3.978286,0.19414037466049194,0.700348436832428,0.2907084822654724
YOR005C,YDR076W,1,-3.978627,0.19439974427223206,0.7015098929405212,0.2907084822654724
YIL036W,YLR425W,0,-3.9787943,0.19433718919754028,0.7015098929405212,0.29082462191581726
YPR134W,YDR425W,0,-3.97881,0.1942746937274933,0.7015098929405212,0.2909407615661621
YBR186W,YIL119C,0,-3.9788225,0.19421221315860748,0.7015098929405212,0.29105690121650696
YJR076C,YFL021W,0,-3.9788344,0.19414979219436646,0.7015098929405212,0.2911730408668518
YJR092W,YCL005W-A,0,-3.9790704,0.19408740103244781,0.7015098929405212,0.29128921031951904
YGR262C,YGL195W,0,-3.97944,0.19402505457401276,0.7015098929405212,0.2914053499698639
YPR134W,YPL192C,0,-3.9795222,0.19396275281906128,0.7015098929405212,0.29152148962020874
YOR319W,YFR003C,0,-3.979643,0.1939004808664322,0.7015098929405212,0.2916376292705536
YEL027W,YMR296C,0,-3.9800773,0.19383825361728668,0.7015098929405212,0.29175376892089844
YER142C,YAL015C,1,-3.9802287,0.1940968930721283,0.7026712894439697,0.29175376892089844
YFL029C,YDL045C,0,-3.9803884,0.1940346360206604,0.7026712894439697,0.2918699085712433
YPR057W,YBL058W,0,-3.9805334,0.1939724236726761,0.7026712894439697,0.29198604822158813
YKL139W,YFR052W,0,-3.9806263,0.19391025602817535,0.7026712894439697,0.29210221767425537
YNL268W,YLR135W,0,-3.9809744,0.193848118185997,0.7026712894439697,0.2922183573246002
YOR249C,YGR132C,0,-3.9809957,0.19378603994846344,0.7026712894439697,0.29233449697494507
YKL208W,YBR038W,0,-3.9811046,0.19372397661209106,0.7026712894439697,0.2924506366252899
YDL200C,YBR087W,1,-3.98119,0.1939820796251297,0.703832745552063,0.2924506366252899
YJR074W,YLR277C,0,-3.9812558,0.19392000138759613,0.703832745552063,0.29256677627563477
YFL013C,YKL122C,0,-3.9813762,0.19385796785354614,0.703832745552063,0.2926829159259796
YHR171W,YOR087W,0,-3.9815476,0.19379596412181854,0.703832745552063,0.29279908537864685
YGR262C,YBR008C,0,-3.9817984,0.19373401999473572,0.703832745552063,0.2929152250289917
YPR200C,YER072W,0,-3.9818094,0.19367210566997528,0.703832745552063,0.29303136467933655
YLR263W,YCR060W,0,-3.9821498,0.19361022114753723,0.703832745552063,0.2931475043296814
YLR007W,YMR284W,1,-3.982183,0.1938677728176117,0.7049942016601562,0.2931475043296814
YDL145C,YKR095W,0,-3.9822962,0.19380587339401245,0.7049942016601562,0.29326364398002625
YAR008W,YLL056C,0,-3.982518,0.1937440186738968,0.7049942016601562,0.2933797836303711
YFL029C,YGR181W,0,-3.9826512,0.19368219375610352,0.7049942016601562,0.29349592328071594
YMR052W,YOR171C,0,-3.9826899,0.19362041354179382,0.7049942016601562,0.2936120927333832
YBR256C,YOL031C,0,-3.982775,0.1935586780309677,0.7049942016601562,0.293728232383728
YOR099W,YLR332W,0,-3.9828393,0.193496972322464,0.7049942016601562,0.2938443720340729
YOL043C,YDR076W,1,-3.98289,0.19375398755073547,0.7061556577682495,0.2938443720340729
YOL130W,YHR200W,0,-3.982952,0.19369225203990936,0.7061556577682495,0.2939605116844177
YKR002W,YDL080C,0,-3.983289,0.19363057613372803,0.7061556577682495,0.2940766513347626
YDL003W,YJL128C,0,-3.9835258,0.19356893002986908,0.7061556577682495,0.2941927909851074
YHR061C,YCL008C,0,-3.9836543,0.19350731372833252,0.7061556577682495,0.29430893063545227
YPL118W,YPL208W,0,-3.9836726,0.19344575703144073,0.7061556577682495,0.2944251000881195
YJL203W,YKL086W,0,-3.9837344,0.19338423013687134,0.7061556577682495,0.29454123973846436
YLR011W,YMR013C,0,-3.9838037,0.19332273304462433,0.7061556577682495,0.2946573793888092
YBR008C,YLR268W,0,-3.9841075,0.1932612806558609,0.7061556577682495,0.29477351903915405
YKR076W,YDR515W,0,-3.9841313,0.19319987297058105,0.7061556577682495,0.2948896586894989
YPL101W,YOR209C,0,-3.9845822,0.1931384950876236,0.7061556577682495,0.29500579833984375
YOR349W,YJR022W,0,-3.9847946,0.19307716190814972,0.7061556577682495,0.2951219379901886
YMR298W,YGR063C,0,-3.9854667,0.19301587343215942,0.7061556577682495,0.29523810744285583
YHR175W,YLR332W,0,-3.985477,0.19295461475849152,0.7061556577682495,0.2953542470932007
YLR242C,YDL195W,0,-3.9857185,0.1928934007883072,0.7061556577682495,0.29547038674354553
YFL021W,YMR225C,0,-3.9857795,0.19283221662044525,0.7061556577682495,0.2955865263938904
YBL080C,YER005W,0,-3.9857862,0.1927710771560669,0.7061556577682495,0.29570266604423523
YPR057W,YDR328C,0,-3.9858756,0.19270998239517212,0.7061556577682495,0.2958188056945801
YMR224C,YEL037C,1,-3.9867985,0.1929657757282257,0.707317054271698,0.2958188056945801
YDL008W,YFL029C,0,-3.9869955,0.19290465116500854,0.707317054271698,0.2959349453449249
YPR181C,YGR192C,0,-3.9870255,0.19284357130527496,0.707317054271698,0.29605111479759216
YMR109W,YDL109C,0,-3.98715,0.19278252124786377,0.707317054271698,0.296167254447937
YER068W,YNL131W,0,-3.9872446,0.19272151589393616,0.707317054271698,0.29628339409828186
YCR107W,YDR481C,0,-3.9876206,0.19266055524349213,0.707317054271698,0.2963995337486267
YDR163W,YPL188W,0,-3.9880784,0.19259962439537048,0.707317054271698,0.29651567339897156
YMR150C,YLR147C,0,-3.9882023,0.19253872334957123,0.707317054271698,0.2966318130493164
YDL013W,YGL171W,0,-3.9882226,0.19247788190841675,0.707317054271698,0.29674795269966125
YLR078C,YIL063C,0,-3.9882705,0.19241705536842346,0.707317054271698,0.2968641221523285
YPL059W,YMR091C,0,-3.9891462,0.19235628843307495,0.707317054271698,0.29698026180267334
YPR070W,YBR152W,0,-3.9892051,0.19229555130004883,0.707317054271698,0.2970964014530182
YLR377C,YHR084W,0,-3.9892392,0.1922348439693451,0.707317054271698,0.29721254110336304
YPR020W,YKL208W,0,-3.9892828,0.19217418134212494,0.707317054271698,0.2973286807537079
YLR381W,YHR039C,0,-3.989294,0.19211356341838837,0.707317054271698,0.29744482040405273
YBL102W,YHR012W,0,-3.9896376,0.19205297529697418,0.707317054271698,0.29756098985671997
YLR007W,YKL025C,1,-3.9897404,0.19230769574642181,0.7084785103797913,0.29756098985671997
YOR039W,YGR211W,0,-3.9899926,0.19224707782268524,0.7084785103797913,0.2976771295070648
YMR072W,YJL165C,0,-3.9900594,0.19218651950359344,0.7084785103797913,0.29779326915740967
YNL288W,YER008C,0,-3.9900832,0.19212599098682404,0.7084785103797913,0.2979094088077545
YJL065C,YNR054C,0,-3.9905627,0.19206549227237701,0.7084785103797913,0.29802554845809937
YLR384C,YLR455W,0,-3.9906838,0.19200503826141357,0.7084785103797913,0.2981416881084442
YFR028C,YCL005W-A,0,-3.9908264,0.19194461405277252,0.7084785103797913,0.29825782775878906
YFR028C,YDR308C,0,-3.9910223,0.19188423454761505,0.7084785103797913,0.2983739972114563
YMR069W,YLR008C,0,-3.991759,0.19182389974594116,0.7084785103797913,0.29849013686180115
YDR318W,YDR142C,0,-3.991996,0.19176359474658966,0.7084785103797913,0.298606276512146
YNL039W,YDR341C,0,-3.9920526,0.19170333445072174,0.7084785103797913,0.29872241616249084
YCR048W,YGR014W,0,-3.9924707,0.1916431039571762,0.7084785103797913,0.2988385558128357
YOL164W,YJL145W,0,-3.9935367,0.19158291816711426,0.7084785103797913,0.29895469546318054
YGL175C,YDR180W,1,-3.9936943,0.19183672964572906,0.7096399664878845,0.29895469546318054
YDL232W,YER117W,0,-3.9938982,0.19177652895450592,0.7096399664878845,0.2990708351135254
YKL016C,YJL065C,0,-3.994168,0.19171634316444397,0.7096399664878845,0.2991870045661926
YBR155W,YLR195C,0,-3.9942153,0.1916562169790268,0.7096399664878845,0.2993031442165375
YPL234C,YDL235C,0,-3.99484,0.1915961056947708,0.7096399664878845,0.2994192838668823
YPR082C,YER001W,0,-3.9949167,0.1915360540151596,0.7096399664878845,0.2995354235172272
YPR104C,YJL183W,0,-3.9950924,0.1914760321378708,0.7096399664878845,0.299651563167572
YKL139W,YPL177C,0,-3.9952614,0.19141604006290436,0.7096399664878845,0.29976770281791687
YIL128W,YNL262W,1,-3.9953756,0.1916692703962326,0.7108014225959778,0.29976770281791687
YDR013W,YGR033C,0,-3.9957564,0.19160926342010498,0.7108014225959778,0.2998838424682617
YJL214W,YBL105C,0,-3.9960606,0.19154930114746094,0.7108014225959778,0.30000001192092896
YJR017C,YOL156W,0,-3.9962113,0.19148936867713928,0.7108014225959778,0.3001161515712738
YOR039W,YOL129W,0,-3.9968843,0.19142946600914001,0.7108014225959778,0.30023229122161865
YDR098C,YGL219C,0,-3.9969947,0.19136960804462433,0.7108014225959778,0.3003484308719635
YGR218W,YLR135W,0,-3.9971297,0.19130977988243103,0.7108014225959778,0.30046457052230835
YDR013W,YFR003C,0,-3.9972587,0.1912499964237213,0.7108014225959778,0.3005807101726532
YCL055W,YMR013C,0,-3.9972808,0.19119025766849518,0.7108014225959778,0.30069684982299805
YML023C,YNL312W,1,-3.9978738,0.1914428472518921,0.7119628190994263,0.30069684982299805
YLR319C,YGL011C,0,-3.998012,0.19138307869434357,0.7119628190994263,0.3008130192756653
YGL098W,YNL339C,0,-3.9980874,0.19132333993911743,0.7119628190994263,0.30092915892601013
YNL136W,YDL200C,1,-3.998447,0.19157566130161285,0.7131242752075195,0.30092915892601013
YIR033W,YKL095W,0,-3.998886,0.19151590764522552,0.7131242752075195,0.301045298576355
YBR164C,YPL082C,0,-3.999234,0.19145618379116058,0.7131242752075195,0.30116143822669983
YDR195W,YJL129C,0,-3.9992497,0.19139650464057922,0.7131242752075195,0.3012775778770447
YBR211C,YHR163W,0,-3.9997394,0.19133687019348145,0.7131242752075195,0.3013937175273895
YAL015C,YKL025C,1,-3.9999173,0.19158878922462463,0.7142857313156128,0.3013937175273895
YMR073C,YOL105C,0,-3.9999528,0.19152912497520447,0.7142857313156128,0.30150988698005676
YHR005C,YOL031C,0,-4.0001144,0.1914694905281067,0.7142857313156128,0.3016260266304016
YGR224W,YLR263W,0,-4.000805,0.1914099007844925,0.7142857313156128,0.30174216628074646
YGL219C,YDR515W,0,-4.0012584,0.19135034084320068,0.7142857313156128,0.3018583059310913
YBR177C,YPR155C,0,-4.001372,0.19129082560539246,0.7142857313156128,0.30197444558143616
YLR133W,YDR276C,0,-4.001392,0.19123134016990662,0.7142857313156128,0.302090585231781
YMR150C,YML049C,0,-4.001432,0.19117189943790436,0.7142857313156128,0.30220672488212585
YIR005W,YLL011W,0,-4.0021214,0.1911124885082245,0.7142857313156128,0.3023228943347931
YPL209C,YER003C,0,-4.002196,0.1910531222820282,0.7142857313156128,0.30243903398513794
YDR524C,YER167W,0,-4.0022483,0.1909937858581543,0.7142857313156128,0.3025551736354828
YNR075W,YJL072C,0,-4.0022783,0.19093449413776398,0.7142857313156128,0.30267131328582764
YNL307C,YKL025C,1,-4.00274,0.1911855936050415,0.7154471278190613,0.30267131328582764
YOL009C,YBR037C,0,-4.0029593,0.19112628698349,0.7154471278190613,0.3027874529361725
YLR394W,YML047C,0,-4.003046,0.19106699526309967,0.7154471278190613,0.30290359258651733
YLL019C,YPR046W,0,-4.0033984,0.19100774824619293,0.7154471278190613,0.3030197322368622
YGR158C,YPL192C,0,-4.003839,0.19094854593276978,0.7154471278190613,0.3031359016895294
YLR007W,YLR005W,1,-4.0040298,0.19119925796985626,0.7166085839271545,0.3031359016895294
YLR008C,YIL084C,0,-4.0044217,0.19114002585411072,0.7166085839271545,0.30325204133987427
YMR029C,YLR424W,0,-4.004482,0.19108082354068756,0.7166085839271545,0.3033681809902191
YJL207C,YKL095W,0,-4.0044994,0.19102166593074799,0.7166085839271545,0.30348432064056396
YLR259C,YMR142C,0,-4.004551,0.190962553024292,0.7166085839271545,0.3036004602909088
YGL247W,YHR119W,0,-4.0048203,0.1909034699201584,0.7166085839271545,0.30371659994125366
YCL026C-A,YNL222W,0,-4.00492,0.19084441661834717,0.7166085839271545,0.3038327395915985
YOR002W,YDR481C,0,-4.005154,0.19078540802001953,0.7166085839271545,0.30394890904426575
YDR460W,YMR106C,1,-4.005584,0.19103555381298065,0.7177700400352478,0.30394890904426575
YBR039W,YPL151C,0,-4.0056744,0.19097651541233063,0.7177700400352478,0.3040650486946106
YDR335W,YIR022W,0,-4.005804,0.19091752171516418,0.7177700400352478,0.30418118834495544
YFL009W,YHR200W,0,-4.005987,0.19085855782032013,0.7177700400352478,0.3042973279953003
YDL200C,YNL312W,1,-4.0060344,0.1911083608865738,0.7189314961433411,0.3042973279953003
YGL247W,YBR273C,0,-4.006099,0.19104938209056854,0.7189314961433411,0.30441346764564514
YPR165W,YML127W,0,-4.0067506,0.19099043309688568,0.7189314961433411,0.30452960729599
YLR259C,YML114C,0,-4.006801,0.1909315288066864,0.7189314961433411,0.30464574694633484
YDR195W,YMR013C,0,-4.00685,0.1908726543188095,0.7189314961433411,0.3047619163990021
YPR155C,YNL032W,0,-4.007161,0.190813809633255,0.7189314961433411,0.3048780560493469
YPL151C,YHR041C,0,-4.0072026,0.19075500965118408,0.7189314961433411,0.3049941956996918
YNR010W,YMR203W,0,-4.0072036,0.19069623947143555,0.7189314961433411,0.3051103353500366
YOR241W,YJL076W,0,-4.007513,0.1906375139951706,0.7189314961433411,0.30522647500038147
YPR082C,YDR335W,0,-4.0076027,0.19057881832122803,0.7189314961433411,0.3053426146507263
YKL101W,YKL079W,0,-4.007852,0.19052016735076904,0.7189314961433411,0.30545875430107117
YBR159W,YDR425W,0,-4.0083346,0.19046153128147125,0.7189314961433411,0.3055749237537384
YIL106W,YGR129W,0,-4.008375,0.19040295481681824,0.7189314961433411,0.30569106340408325
YJR150C,YMR162C,0,-4.008981,0.1903444081544876,0.7189314961433411,0.3058072030544281
YKL165C,YLR135W,0,-4.008991,0.19028589129447937,0.7189314961433411,0.30592334270477295
YBL026W,YGR181W,0,-4.0090103,0.1902274191379547,0.7189314961433411,0.3060394823551178
YFL029C,YDR075W,0,-4.009572,0.19016897678375244,0.7189314961433411,0.30615562200546265
YNL030W,YNL147W,0,-4.009588,0.19011056423187256,0.7189314961433411,0.3062717914581299
YBR038W,YKL220C,0,-4.0099473,0.19005219638347626,0.7189314961433411,0.30638793110847473
YGR202C,YLR066W,0,-4.010168,0.18999385833740234,0.7189314961433411,0.3065040707588196
YNL131W,YLR417W,0,-4.0104322,0.189935564994812,0.7189314961433411,0.30662021040916443
YOR346W,YOR217W,1,-4.0105486,0.19018404185771942,0.7200928926467896,0.30662021040916443
YDL200C,YBR073W,1,-4.010617,0.1904323846101761,0.7212543487548828,0.30662021040916443
YBR159W,YPR046W,0,-4.0107903,0.1903740018606186,0.7212543487548828,0.3067363500595093
YDL017W,YGL195W,0,-4.011178,0.19031566381454468,0.7212543487548828,0.3068524897098541
YFR028C,YER106W,0,-4.0118327,0.19025735557079315,0.7212543487548828,0.306968629360199
YKL112W,YEL037C,1,-4.0119276,0.19050535559654236,0.7224158048629761,0.306968629360199
YGL035C,YDR087C,0,-4.0122676,0.19044703245162964,0.7224158048629761,0.3070847988128662
YLR026C,YMR089C,0,-4.012313,0.1903887391090393,0.7224158048629761,0.30720093846321106
YDL150W,YMR216C,0,-4.0124674,0.19033047556877136,0.7224158048629761,0.3073170781135559
YOR002W,YOR037W,0,-4.012596,0.190272256731987,0.7224158048629761,0.30743321776390076
YFL009W,YPL234C,0,-4.0127497,0.19021406769752502,0.7224158048629761,0.3075493574142456
YML102W,YBR278W,1,-4.0128193,0.1904616355895996,0.7235772609710693,0.3075493574142456
YLR090W,YGR285C,0,-4.013229,0.19040341675281525,0.7235772609710693,0.30766549706459045
YIL106W,YDL154W,0,-4.0136757,0.19034524261951447,0.7235772609710693,0.3077816367149353
YDR393W,YLR262C,0,-4.013839,0.19028711318969727,0.7235772609710693,0.30789780616760254
YLR242C,YOL038W,0,-4.0142016,0.19022901356220245,0.7235772609710693,0.3080139458179474
YPR188C,YGR111W,0,-4.0142603,0.19017094373703003,0.7235772609710693,0.30813008546829224
YOR103C,YLR135W,0,-4.014462,0.19011290371418,0.7235772609710693,0.3082462251186371
YBL032W,YHR023W,0,-4.014944,0.19005490839481354,0.7235772609710693,0.30836236476898193
YGL175C,YMR284W,1,-4.015129,0.19030192494392395,0.7247386574745178,0.30836236476898193
YML062C,YDR372C,0,-4.0151763,0.1902438998222351,0.7247386574745178,0.3084785044193268
YGL003C,YNL044W,0,-4.0152373,0.19018591940402985,0.7247386574745178,0.30859464406967163
YER073W,YDR189W,0,-4.015246,0.19012796878814697,0.7247386574745178,0.30871081352233887
YKR086W,YDR131C,0,-4.0152874,0.19007006287574768,0.7247386574745178,0.3088269531726837
YAL007C,YMR091C,0,-4.0153456,0.19001218676567078,0.7247386574745178,0.30894309282302856
YHR169W,YDR308C,0,-4.01566,0.18995434045791626,0.7247386574745178,0.3090592324733734
YBR201W,YJL184W,0,-4.0160413,0.18989652395248413,0.7247386574745178,0.30917537212371826
YLR081W,YBR037C,0,-4.016105,0.18983875215053558,0.7247386574745178,0.3092915117740631
YGL068W,YNL304W,0,-4.0165124,0.18978102505207062,0.7247386574745178,0.30940765142440796
YOL156W,YBR037C,0,-4.017182,0.18972331285476685,0.7247386574745178,0.3095238208770752
YBR258C,YLR346C,0,-4.017515,0.18966566026210785,0.7247386574745178,0.30963996052742004
YHR160C,YDR013W,0,-4.018384,0.18960802257061005,0.7247386574745178,0.3097561001777649
YOR079C,YER028C,0,-4.0185323,0.18955042958259583,0.7247386574745178,0.30987223982810974
YER003C,YGL062W,0,-4.018574,0.189492866396904,0.7247386574745178,0.3099883794784546
YDR337W,YEL041W,0,-4.0185933,0.18943533301353455,0.7247386574745178,0.31010451912879944
YNL030W,YKL166C,0,-4.018706,0.18937784433364868,0.7247386574745178,0.3102206587791443
YHR019C,YCL008C,0,-4.018797,0.1893203854560852,0.7247386574745178,0.3103368282318115
YKL021C,YMR005W,0,-4.019014,0.1892629712820053,0.7247386574745178,0.31045296788215637
YJR140C,YGR211W,0,-4.0196953,0.1892055720090866,0.7247386574745178,0.3105691075325012
YLR242C,YEL062W,0,-4.0197253,0.18914823234081268,0.7247386574745178,0.31068524718284607
YHR039C,YDR058C,0,-4.0200934,0.18909090757369995,0.7247386574745178,0.3108013868331909
YGL092W,YGL062W,0,-4.0202994,0.1890336275100708,0.7247386574745178,0.31091752648353577
YLR293C,YDR393W,0,-4.0214405,0.18897637724876404,0.7247386574745178,0.311033695936203
YER073W,YKR059W,0,-4.021704,0.18891917169094086,0.7247386574745178,0.31114983558654785
YPR057W,YBR024W,0,-4.021886,0.18886198103427887,0.7247386574745178,0.3112659752368927
YGR258C,YDR180W,1,-4.022092,0.18910741806030273,0.7259001135826111,0.3112659752368927
YOL077W-A,YJL052W,0,-4.022203,0.18905021250247955,0.7259001135826111,0.31138211488723755
YOL142W,YER008C,0,-4.022422,0.18899305164813995,0.7259001135826111,0.3114982545375824
YLR319C,YDR202C,0,-4.0224323,0.18893590569496155,0.7259001135826111,0.31161439418792725
YBL105C,YIL063C,0,-4.022439,0.18887881934642792,0.7259001135826111,0.3117305338382721
YFL023W,YDL006W,0,-4.0224943,0.18882174789905548,0.7259001135826111,0.31184670329093933
YDR181C,YCL005W-A,0,-4.022923,0.18876472115516663,0.7259001135826111,0.3119628429412842
YFL025C,YNL110C,0,-4.0230217,0.18870772421360016,0.7259001135826111,0.31207898259162903
YPL248C,YPL258C,0,-4.0233564,0.18865077197551727,0.7259001135826111,0.3121951222419739
YCR107W,YGL013C,0,-4.0233593,0.18859384953975677,0.7259001135826111,0.3123112618923187
YMR029C,YLR116W,0,-4.0237355,0.18853695690631866,0.7259001135826111,0.3124274015426636
YOR099W,YHR161C,0,-4.02379,0.18848009407520294,0.7259001135826111,0.3125435411930084
YBR068C,YKL191W,0,-4.023916,0.1884232759475708,0.7259001135826111,0.31265971064567566
YPL018W,YOR099W,0,-4.0240273,0.18836648762226105,0.7259001135826111,0.3127758502960205
YFL029C,YKR002W,0,-4.0241017,0.18830972909927368,0.7259001135826111,0.31289198994636536
YGL180W,YPL239W,0,-4.0242066,0.1882530152797699,0.7259001135826111,0.3130081295967102
YNL323W,YIL029C,0,-4.024491,0.1881963312625885,0.7259001135826111,0.31312426924705505
YNL307C,YMR224C,1,-4.024661,0.1884406954050064,0.7270615696907043,0.31312426924705505
YJL133W,YDR308C,0,-4.024669,0.18838399648666382,0.7270615696907043,0.3132404088973999
YNL230C,YNL186W,0,-4.024795,0.18832731246948242,0.7270615696907043,0.31335654854774475
YDR386W,YML023C,1,-4.0248065,0.18857142329216003,0.7282230257987976,0.31335654854774475
YPR086W,YDR485C,0,-4.024822,0.18851473927497864,0.7282230257987976,0.313472718000412
YOR322C,YCL005W-A,0,-4.0248647,0.18845807015895844,0.7282230257987976,0.31358885765075684
YGR180C,YMR175W,0,-4.02506,0.18840144574642181,0.7282230257987976,0.3137049973011017
YJR139C,YMR076C,0,-4.0251017,0.18834485113620758,0.7282230257987976,0.31382113695144653
YNL026W,YOR329C,0,-4.0252995,0.18828828632831573,0.7282230257987976,0.3139372766017914
YPR083W,YMR216C,0,-4.025556,0.18823176622390747,0.7282230257987976,0.31405341625213623
YGR261C,YMR139W,0,-4.025923,0.1881752759218216,0.7282230257987976,0.3141695559024811
YOR349W,YBR273C,0,-4.025936,0.1881188154220581,0.7282230257987976,0.3142857253551483
YLR034C,YCR084C,0,-4.0259852,0.188062384724617,0.7282230257987976,0.31440186500549316
YOL031C,YHR041C,0,-4.026133,0.18800599873065948,0.7282230257987976,0.314518004655838
YNL210W,YDL140C,0,-4.0261426,0.18794964253902435,0.7282230257987976,0.31463414430618286
YNL020C,YIR018W,0,-4.026162,0.1878933161497116,0.7282230257987976,0.3147502839565277
YKL101W,YMR079W,0,-4.026278,0.18783703446388245,0.7282230257987976,0.31486642360687256
YBR210W,YGR249W,0,-4.0264792,0.18778076767921448,0.7282230257987976,0.3149825930595398
YBR050C,YKL095W,0,-4.0269485,0.1877245455980301,0.7282230257987976,0.31509873270988464
YBR087W,YGL175C,1,-4.026959,0.1879676729440689,0.7293844223022461,0.31509873270988464
YDR524C,YDR341C,0,-4.027446,0.18791143596172333,0.7293844223022461,0.3152148723602295
YNR075W,YPL268W,0,-4.027793,0.18785521388053894,0.7293844223022461,0.31533101201057434
YMR224C,YHR099W,1,-4.0278635,0.18809808790683746,0.7305458784103394,0.31533101201057434
YKL034W,YBR273C,0,-4.0278697,0.18804185092449188,0.7305458784103394,0.3154471516609192
YDR379W,YGR180C,0,-4.028112,0.18798565864562988,0.7305458784103394,0.31556329131126404
YML012W,YMR183C,0,-4.028178,0.18792949616909027,0.7305458784103394,0.3156794309616089
YGR132C,YOR329C,0,-4.028241,0.18787336349487305,0.7305458784103394,0.3157956004142761
YCR009C,YLR346C,0,-4.0283966,0.1878172606229782,0.7305458784103394,0.31591174006462097
YNL008C,YJR074W,0,-4.0285993,0.18776118755340576,0.7305458784103394,0.3160278797149658
YGL013C,YPR181C,0,-4.0286584,0.1877051591873169,0.7305458784103394,0.31614401936531067
YPL091W,YOL121C,0,-4.028747,0.18764916062355042,0.7305458784103394,0.3162601590156555
YCR028C,YDR453C,0,-4.029336,0.18759320676326752,0.7305458784103394,0.31637629866600037
YHR150W,YHR012W,0,-4.0293937,0.1875372678041458,0.7305458784103394,0.3164924383163452
YMR047C,YKR079C,0,-4.0296564,0.1874813735485077,0.7305458784103394,0.31660860776901245
YKL195W,YKL122C,0,-4.0297265,0.18742550909519196,0.7305458784103394,0.3167247474193573
YOR005C,YER142C,1,-4.029752,0.18766756355762482,0.7317073345184326,0.3167247474193573
YNL186W,YKL080W,0,-4.0300465,0.1876116693019867,0.7317073345184326,0.31684088706970215
YGR041W,YKL018W,0,-4.0303683,0.18755581974983215,0.7317073345184326,0.316957026720047
YGR268C,YML058W-A,0,-4.030377,0.1875,0.7317073345184326,0.31707316637039185
YIL131C,YDL135C,0,-4.0307326,0.18744421005249023,0.7317073345184326,0.3171893060207367
YMR266W,YLR346C,0,-4.030927,0.18738846480846405,0.7317073345184326,0.31730544567108154
YMR072W,YBR234C,0,-4.03136,0.18733273446559906,0.7317073345184326,0.3174216151237488
YKL101W,YBR077C,0,-4.0313783,0.18727704882621765,0.7317073345184326,0.31753775477409363
YOR239W,YMR073C,0,-4.0319457,0.18722139298915863,0.7317073345184326,0.3176538944244385
YNL009W,YMR270C,0,-4.0322056,0.1871657818555832,0.7317073345184326,0.3177700340747833
YIL118W,YDL225W,0,-4.0324364,0.18711018562316895,0.7317073345184326,0.3178861737251282
YHR116W,YPR095C,0,-4.032439,0.18705463409423828,0.7317073345184326,0.318002313375473
YDL013W,YJR091C,0,-4.032844,0.18699911236763,0.7317073345184326,0.31811845302581787
YEL051W,YNL154C,0,-4.0340886,0.18694362044334412,0.7317073345184326,0.3182346224784851
YJL090C,YMR284W,1,-4.0343847,0.18718481063842773,0.7328687310218811,0.3182346224784851
YHR175W,YGR158C,0,-4.034481,0.18712930381298065,0.7328687310218811,0.31835076212882996
YBR240C,YDL080C,0,-4.0347533,0.18707382678985596,0.7328687310218811,0.3184669017791748
YNL230C,YHR073W,0,-4.0351768,0.18701837956905365,0.7328687310218811,0.31858304142951965
YDL197C,YMR139W,0,-4.0353,0.18696296215057373,0.7328687310218811,0.3186991810798645
YCR048W,YCR009C,0,-4.035798,0.1869075894355774,0.7328687310218811,0.31881532073020935
YLL015W,YLR268W,0,-4.0358343,0.18685223162174225,0.7328687310218811,0.3189314603805542
YGL180W,YPL146C,0,-4.035933,0.18679691851139069,0.7328687310218811,0.31904762983322144
YDR456W,YKR008W,0,-4.036255,0.1867416352033615,0.7328687310218811,0.3191637694835663
YGR262C,YOR098C,0,-4.036379,0.18668639659881592,0.7328687310218811,0.31927990913391113
YBR177C,YJR010C-A,0,-4.036637,0.18663117289543152,0.7328687310218811,0.319396048784256
YJR150C,YMR011W,0,-4.0366387,0.1865759938955307,0.7328687310218811,0.31951218843460083
YML113W,YPR086W,0,-4.0366764,0.18652084469795227,0.7328687310218811,0.3196283280849457
YFL025C,YOL117W,0,-4.0369954,0.18646572530269623,0.7328687310218811,0.3197444975376129
YNL136W,YNL307C,1,-4.0370207,0.1867060512304306,0.7340301871299744,0.3197444975376129
YMR052W,YNL044W,0,-4.0374227,0.18665091693401337,0.7340301871299744,0.31986063718795776
YMR041C,YLR248W,0,-4.0375323,0.18659581243991852,0.7340301871299744,0.3199767768383026
YOR254C,YIL008W,0,-4.037604,0.18654073774814606,0.7340301871299744,0.32009291648864746
YNL153C,YER019W,0,-4.0379753,0.18648569285869598,0.7340301871299744,0.3202090561389923
YOR039W,YDR310C,0,-4.038435,0.1864306777715683,0.7340301871299744,0.32032519578933716
YPR070W,YMR139W,0,-4.0388303,0.1863757073879242,0.7340301871299744,0.320441335439682
YGR041W,YLL056C,0,-4.0394096,0.18632075190544128,0.7340301871299744,0.32055750489234924
YEL060C,YOR149C,0,-4.039496,0.18626584112644196,0.7340301871299744,0.3206736445426941
YML113W,YKR038C,0,-4.039973,0.18621096014976501,0.7340301871299744,0.32078978419303894
YPR083W,YER005W,0,-4.040067,0.18615610897541046,0.7340301871299744,0.3209059238433838
YNL149C,YOR148C,0,-4.040703,0.1861013025045395,0.7340301871299744,0.32102206349372864
YCR028C,YMR225C,0,-4.040926,0.1860465109348297,0.7340301871299744,0.3211382031440735
YNL288W,YDR195W,0,-4.041606,0.18599176406860352,0.7340301871299744,0.32125434279441833
YFL004W,YOR064C,0,-4.041948,0.1859370470046997,0.7340301871299744,0.32137051224708557
YPL171C,YIL120W,0,-4.0420046,0.1858823597431183,0.7340301871299744,0.3214866518974304
YOR241W,YOR149C,0,-4.0420246,0.18582770228385925,0.7340301871299744,0.32160279154777527
YJL006C,YDL150W,0,-4.0420804,0.1857730746269226,0.7340301871299744,0.3217189311981201
YJL214W,YIR022W,0,-4.042158,0.18571847677230835,0.7340301871299744,0.32183507084846497
YDR191W,YCL005W-A,0,-4.0421658,0.18566392362117767,0.7340301871299744,0.3219512104988098
YHR193C,YBL093C,0,-4.0426393,0.18560940027236938,0.7340301871299744,0.32206735014915466
YOL156W,YHR084W,0,-4.042767,0.18555490672588348,0.7340301871299744,0.3221835196018219
YAL015C,YDR359C,1,-4.0428414,0.1857939511537552,0.7351916432380676,0.3221835196018219
YPL118W,YOR172W,0,-4.0428605,0.1857394427061081,0.7351916432380676,0.32229965925216675
YDL197C,YBR233W-A,0,-4.0435057,0.1856849491596222,0.7351916432380676,0.3224157989025116
YHR158C,YOR171C,0,-4.043644,0.18563050031661987,0.7351916432380676,0.32253193855285645
YKL197C,YGR129W,0,-4.043771,0.18557608127593994,0.7351916432380676,0.3226480782032013
YPL151C,YPL033C,0,-4.044022,0.1855216920375824,0.7351916432380676,0.32276421785354614
YLR394W,YPL239W,0,-4.0441537,0.18546733260154724,0.7351916432380676,0.322880357503891
YOR239W,YOR254C,0,-4.044612,0.18541300296783447,0.7351916432380676,0.3229965269565582
YNR010W,YPL177C,0,-4.0446763,0.18535871803760529,0.7351916432380676,0.3231126666069031
YOR034C,YDR309C,0,-4.0452447,0.1853044480085373,0.7351916432380676,0.3232288062572479
YPL091W,YFL013C,0,-4.0457883,0.18525022268295288,0.7351916432380676,0.3233449459075928
YOR377W,YJL139C,0,-4.045869,0.18519602715969086,0.7351916432380676,0.3234610855579376
YOR377W,YMR109W,0,-4.0459313,0.18514186143875122,0.7351916432380676,0.32357722520828247
YGL053W,YIL084C,0,-4.045943,0.18508772552013397,0.7351916432380676,0.3236933946609497
YMR001C,YDR498C,0,-4.0460014,0.1850336194038391,0.7351916432380676,0.32380953431129456
YDR298C,YDR320C-A,0,-4.0462637,0.18497954308986664,0.7351916432380676,0.3239256739616394
YER088C,YIL123W,0,-4.0463996,0.18492549657821655,0.7351916432380676,0.32404181361198425
YDR298C,YOR171C,0,-4.0464144,0.18487149477005005,0.7351916432380676,0.3241579532623291
YPL268W,YLR090W,0,-4.0465055,0.18481752276420593,0.7351916432380676,0.32427409291267395
YDL003W,YGR063C,0,-4.046543,0.184763565659523,0.7351916432380676,0.3243902325630188
YNL020C,YKR095W,0,-4.0465565,0.18470965325832367,0.7351916432380676,0.32450640201568604
YDL088C,YER114C,0,-4.046741,0.18465577065944672,0.7351916432380676,0.3246225416660309
YOR034C,YKR008W,0,-4.047,0.18460191786289215,0.7351916432380676,0.32473868131637573
YPL248C,YCR053W,0,-4.0470037,0.18454810976982117,0.7351916432380676,0.3248548209667206
YJR083C,YJL034W,0,-4.0470834,0.18449431657791138,0.7351916432380676,0.32497096061706543
YER070W,YPR036W,0,-4.047087,0.18444055318832397,0.7351916432380676,0.3250871002674103
YGL035C,YMR109W,0,-4.047737,0.18438683450222015,0.7351916432380676,0.3252032399177551
YIL120W,YOR254C,0,-4.0482073,0.18433314561843872,0.7351916432380676,0.32531940937042236
YEL016C,YOL122C,0,-4.048271,0.18427947163581848,0.7351916432380676,0.3254355490207672
YCR044C,YHR203C,0,-4.0487304,0.18422584235668182,0.7351916432380676,0.32555168867111206
YHR181W,YHR138C,0,-4.048885,0.18417224287986755,0.7351916432380676,0.3256678283214569
YER142C,YLR005W,1,-4.049028,0.18440954387187958,0.7363530993461609,0.3256678283214569
YER028C,YBR152W,0,-4.04956,0.18435591459274292,0.7363530993461609,0.32578396797180176
YLR135W,YNL186W,0,-4.049999,0.18430233001708984,0.7363530993461609,0.3259001076221466
YNL262W,YFL008W,1,-4.0502305,0.18453937768936157,0.7375144958496094,0.3259001076221466
YPL209C,YMR079W,0,-4.0503592,0.1844857633113861,0.7375144958496094,0.32601624727249146
YGL016W,YIL080W,0,-4.0504923,0.18443217873573303,0.7375144958496094,0.3261324167251587
YDR310C,YDL217C,0,-4.050558,0.18437862396240234,0.7375144958496094,0.32624855637550354
YPL010W,YLR026C,0,-4.0506425,0.18432511389255524,0.7375144958496094,0.3263646960258484
YBR155W,YJR086W,0,-4.05073,0.18427161872386932,0.7375144958496094,0.32648083567619324
YLR011W,YER001W,0,-4.050813,0.1842181533575058,0.7375144958496094,0.3265969753265381
YDR328C,YDR308C,0,-4.050829,0.18416473269462585,0.7375144958496094,0.32671311497688293
YBR068C,YPR155C,0,-4.0509562,0.1841113418340683,0.7375144958496094,0.3268292546272278
YJL026W,YML049C,0,-4.0510364,0.18405796587467194,0.7375144958496094,0.326945424079895
YDL126C,YPL209C,0,-4.0511813,0.18400463461875916,0.7375144958496094,0.32706156373023987
YOR346W,YLR005W,1,-4.0512733,0.18424102663993835,0.7386759519577026,0.32706156373023987
YFL010W-A,YJL133W,0,-4.051324,0.18418766558170319,0.7386759519577026,0.3271777033805847
YDL098C,YDR086C,0,-4.051339,0.1841343343257904,0.7386759519577026,0.32729384303092957
YKL139W,YOR180C,0,-4.0513806,0.1840810477733612,0.7386759519577026,0.3274099826812744
YGL172W,YFL004W,0,-4.0514765,0.1840277761220932,0.7386759519577026,0.32752612233161926
YKL025C,YBR087W,1,-4.051819,0.18426381051540375,0.7398374080657959,0.32752612233161926
YDL175C,YBL016W,0,-4.052036,0.18421052396297455,0.7398374080657959,0.3276422619819641
YDL008W,YGR063C,0,-4.0522733,0.18415726721286774,0.7398374080657959,0.32775843143463135
YGR262C,YBR231C,0,-4.052306,0.1841040402650833,0.7398374080657959,0.3278745710849762
YKL205W,YFL036W,0,-4.0523596,0.18405085802078247,0.7398374080657959,0.32799071073532104
YDL008W,YNL127W,0,-4.0526032,0.18399769067764282,0.7398374080657959,0.3281068503856659
YNL280C,YHR138C,0,-4.053306,0.18394455313682556,0.7398374080657959,0.32822299003601074
YGL151W,YOL129W,0,-4.0536666,0.18389146029949188,0.7398374080657959,0.3283391296863556
YEL037C,YNL312W,1,-4.053777,0.18412698805332184,0.7409988641738892,0.3283391296863556
YOR034C,YOR179C,0,-4.053806,0.18407386541366577,0.7409988641738892,0.3284552991390228
YDL197C,YGR202C,0,-4.0543637,0.1840207725763321,0.7409988641738892,0.3285714387893677
YDL197C,YIL084C,0,-4.054491,0.1839677095413208,0.7409988641738892,0.3286875784397125
YCR084C,YLR193C,0,-4.0546665,0.1839146763086319,0.7409988641738892,0.3288037180900574
YGR041W,YDL006W,0,-4.0551877,0.18386167287826538,0.7409988641738892,0.3289198577404022
YGR097W,YMR047C,0,-4.0552278,0.18380869925022125,0.7409988641738892,0.32903599739074707
YHR001W-A,YLR424W,0,-4.055441,0.1837557554244995,0.7409988641738892,0.3291521370410919
YPL100W,YKL205W,0,-4.0555267,0.18370285630226135,0.7409988641738892,0.32926830649375916
YIL106W,YPR155C,0,-4.055813,0.1836499720811844,0.7409988641738892,0.329384446144104
YGR177C,YLR417W,0,-4.056062,0.1835971176624298,0.7409988641738892,0.32950058579444885
YPL101W,YPL146C,0,-4.056088,0.1835443079471588,0.7409988641738892,0.3296167254447937
YBR107C,YDL128W,0,-4.0562778,0.183491513133049,0.7409988641738892,0.32973286509513855
YER142C,YDL042C,1,-4.0563154,0.18372628092765808,0.7421602606773376,0.32973286509513855
YFL011W,YPR072W,0,-4.056325,0.18367347121238708,0.7421602606773376,0.3298490047454834
YBR039W,YLR355C,0,-4.0563803,0.18362069129943848,0.7421602606773376,0.32996514439582825
YOL156W,YNL026W,0,-4.05645,0.18356794118881226,0.7421602606773376,0.3300813138484955
YNL148C,YMR076C,0,-4.0565324,0.18351522088050842,0.7421602606773376,0.33019745349884033
YDR202C,YAR008W,0,-4.0571837,0.18346253037452698,0.7421602606773376,0.3303135931491852
YJL194W,YMR139W,0,-4.0573416,0.18340986967086792,0.7421602606773376,0.33042973279953003
YML102W,YDR359C,1,-4.0577164,0.18364419043064117,0.7433217167854309,0.33042973279953003
YNL268W,YNR023W,0,-4.0579596,0.18359151482582092,0.7433217167854309,0.3305458724498749
YHR187W,YKL055C,0,-4.058298,0.18353885412216187,0.7433217167854309,0.3306620121002197
YJL065C,YOR123C,0,-4.0583534,0.1834862381219864,0.7433217167854309,0.3307781517505646
YMR041C,YKR008W,0,-4.0583644,0.1834336519241333,0.7433217167854309,0.3308943212032318
YFL018C,YMR089C,0,-4.058462,0.1833810955286026,0.7433217167854309,0.33101046085357666
YJL090C,YDL200C,1,-4.0584893,0.18361501395702362,0.7444831728935242,0.33101046085357666
YBL047C,YMR089C,0,-4.0584903,0.18356242775917053,0.7444831728935242,0.3311266005039215
YOR386W,YDR359C,1,-4.0586066,0.18379616737365723,0.7456446290016174,0.3311266005039215
YLR219W,YPL188W,0,-4.0587153,0.18374356627464294,0.7456446290016174,0.33124274015426636
YMR138W,YOL013C,0,-4.0590024,0.18369098007678986,0.7456446290016174,0.3313588798046112
YOR180C,YOL122C,0,-4.0590153,0.18363843858242035,0.7456446290016174,0.33147501945495605
YFR013W,YBR295W,0,-4.059188,0.18358592689037323,0.7456446290016174,0.3315911591053009
YPR046W,YGL013C,0,-4.0592804,0.1835334450006485,0.7456446290016174,0.33170732855796814
YBL105C,YCL005W-A,0,-4.059384,0.18348099291324615,0.7456446290016174,0.331823468208313
YOR005C,YGL175C,1,-4.0595903,0.18371428549289703,0.7468060255050659,0.331823468208313
YLR219W,YFR031C,0,-4.059857,0.1836618036031723,0.7468060255050659,0.33193960785865784
YAR008W,YMR089C,0,-4.059937,0.18360936641693115,0.7468060255050659,0.3320557475090027
YKL112W,YDR076W,1,-4.0599947,0.18384242057800293,0.7479674816131592,0.3320557475090027
YPL202C,YFL018C,0,-4.060698,0.1837899535894394,0.7479674816131592,0.33217188715934753
YBR038W,YPL224C,0,-4.0608187,0.18373751640319824,0.7479674816131592,0.3322880268096924
YBR089C-A,YOR159C,0,-4.0610127,0.18368510901927948,0.7479674816131592,0.33240416646003723
YGL247W,YJR150C,0,-4.061339,0.1836327314376831,0.7479674816131592,0.33252033591270447
YDR076W,YBR087W,1,-4.06191,0.18386545777320862,0.7491289377212524,0.33252033591270447
YLL019C,YKR086W,0,-4.06227,0.18381305038928986,0.7491289377212524,0.3326364755630493
YIL128W,YMR106C,1,-4.0622716,0.18404558300971985,0.7502903342247009,0.3326364755630493
YNL148C,YJR076C,0,-4.062359,0.1839931607246399,0.7502903342247009,0.33275261521339417
YNL270C,YJL006C,0,-4.062549,0.18394076824188232,0.7502903342247009,0.332868754863739
YKL220C,YNR015W,0,-4.062683,0.18388842046260834,0.7502903342247009,0.33298489451408386
YOR330C,YNL154C,0,-4.0627766,0.18383608758449554,0.7502903342247009,0.3331010341644287
YDL088C,YMR301C,0,-4.063101,0.18378378450870514,0.7502903342247009,0.33321720361709595
YOL121C,YOR329C,0,-4.063323,0.18373151123523712,0.7502903342247009,0.3333333432674408
YNL164C,YER106W,0,-4.063451,0.1836792677640915,0.7502903342247009,0.33344948291778564
YBR201W,YER044C,0,-4.063579,0.18362705409526825,0.7502903342247009,0.3335656225681305
YPL248C,YOR149C,0,-4.0637403,0.1835748851299286,0.7502903342247009,0.33368176221847534
YOR123C,YGL013C,0,-4.0637884,0.18352273106575012,0.7502903342247009,0.3337979018688202
YBR155W,YHR158C,0,-4.0639057,0.18347060680389404,0.7502903342247009,0.33391404151916504
YFL021W,YCL004W,0,-4.0643444,0.18341851234436035,0.7502903342247009,0.3340302109718323
YFL029C,YIL119C,0,-4.0644236,0.18336644768714905,0.7502903342247009,0.3341463506221771
YGL035C,YHR167W,0,-4.064542,0.18331441283226013,0.7502903342247009,0.334262490272522
YLR081W,YOR172W,0,-4.065325,0.1832624077796936,0.7502903342247009,0.3343786299228668
YJR076C,YKR086W,0,-4.065581,0.18321043252944946,0.7502903342247009,0.33449476957321167
YPR138C,YJL025W,0,-4.0656157,0.1831584870815277,0.7502903342247009,0.3346109092235565
YBR186W,YDR075W,0,-4.065635,0.18310657143592834,0.7502903342247009,0.33472704887390137
YDR276C,YHR181W,0,-4.0659375,0.18305468559265137,0.7502903342247009,0.3348432183265686
YBR186W,YDR195W,0,-4.0671067,0.18300282955169678,0.7502903342247009,0.33495935797691345
YPR025C,YJR010C-A,0,-4.067267,0.18295100331306458,0.7502903342247009,0.3350754976272583
YJR074W,YIL109C,0,-4.0674005,0.18289920687675476,0.7502903342247009,0.33519163727760315
YGL175C,YLR005W,1,-4.067879,0.18313048779964447,0.7514517903327942,0.33519163727760315
YPL096C-A,YGL062W,0,-4.067921,0.18307866156101227,0.7514517903327942,0.335307776927948
YGR258C,YNL312W,1,-4.0679398,0.18330976366996765,0.7526132464408875,0.335307776927948
YKL005C,YLR066W,0,-4.068004,0.18325792253017426,0.7526132464408875,0.33542391657829285
YGL122C,YGR285C,0,-4.0680447,0.18320611119270325,0.7526132464408875,0.3355400562286377
YLR259C,YPR181C,0,-4.0690894,0.18315432965755463,0.7526132464408875,0.33565622568130493
YML102W,YOL043C,1,-4.069177,0.18338513374328613,0.7537747025489807,0.33565622568130493
YBR049C,YLR166C,0,-4.069304,0.18333333730697632,0.7537747025489807,0.3357723653316498
YGR041W,YDR320C-A,0,-4.0695386,0.1832815557718277,0.7537747025489807,0.33588850498199463
YOL113W,YHR163W,0,-4.069655,0.18322981894016266,0.7537747025489807,0.3360046446323395
YPL100W,YJL128C,0,-4.0703635,0.1831780970096588,0.7537747025489807,0.3361207842826843
YOR005C,YML032C,1,-4.0709853,0.18340857326984406,0.7549360990524292,0.3361207842826843
YDL088C,YPL211W,0,-4.0711293,0.18335683643817902,0.7549360990524292,0.3362369239330292
YNL136W,YMR284W,1,-4.0714455,0.18358713388442993,0.7560975551605225,0.3362369239330292
YDR309C,YJL207C,0,-4.0714974,0.1835353821516037,0.7560975551605225,0.336353063583374
YOR103C,YJL072C,0,-4.0716314,0.18348364531993866,0.7560975551605225,0.33646923303604126
YDR363W-A,YLR090W,0,-4.071706,0.1834319531917572,0.7560975551605225,0.3365853726863861
YJR150C,YLR332W,0,-4.0717635,0.18338027596473694,0.7560975551605225,0.33670151233673096
YOL043C,YMR284W,1,-4.0718365,0.1836102455854416,0.7572590112686157,0.33670151233673096
YJR010C-A,YGR129W,0,-4.0720406,0.18355855345726013,0.7572590112686157,0.3368176519870758
YBR038W,YOR039W,0,-4.0720677,0.18350689113140106,0.7572590112686157,0.33693379163742065
YPR025C,YEL004W,0,-4.0721207,0.18345525860786438,0.7572590112686157,0.3370499312877655
YCR028C,YJL139C,0,-4.0722203,0.18340365588665009,0.7572590112686157,0.33716610074043274
YGR268C,YGL192W,0,-4.072493,0.18335208296775818,0.7572590112686157,0.3372822403907776
YHR042W,YBR058C-A,0,-4.0726185,0.18330053985118866,0.7572590112686157,0.33739838004112244
YLR011W,YDR202C,0,-4.0728564,0.18324901163578033,0.7572590112686157,0.3375145196914673
YJR074W,YDR131C,0,-4.072968,0.1831975281238556,0.7572590112686157,0.33763065934181213
YAR008W,YDR059C,0,-4.0731263,0.18314607441425323,0.7572590112686157,0.337746798992157
YNL074C,YIL022W,0,-4.073198,0.18309463560581207,0.7572590112686157,0.33786293864250183
YDR231C,YGL073W,0,-4.073355,0.1830432415008545,0.7572590112686157,0.33797910809516907
YDR301W,YOR123C,0,-4.07348,0.1829918622970581,0.7572590112686157,0.3380952477455139
YOR260W,YLR135W,0,-4.0735908,0.1829405128955841,0.7572590112686157,0.33821138739585876
YNL148C,YOL013C,0,-4.0736866,0.1828891932964325,0.7572590112686157,0.3383275270462036
YDR432W,YER165W,0,-4.0744185,0.18283791840076447,0.7572590112686157,0.33844366669654846
YJL010C,YKR086W,0,-4.074451,0.18278665840625763,0.7572590112686157,0.3385598063468933
YCR028C,YBR273C,0,-4.0745215,0.18273542821407318,0.7572590112686157,0.33867594599723816
YNL153C,YCR044C,0,-4.07465,0.18268422782421112,0.7572590112686157,0.3387921154499054
YER142C,YOR217W,1,-4.0750976,0.1829131692647934,0.758420467376709,0.3387921154499054
YPL242C,YMR225C,0,-4.0754023,0.18286193907260895,0.758420467376709,0.33890825510025024
YFL021W,YPL208W,0,-4.075574,0.18281075358390808,0.758420467376709,0.3390243947505951
YOR034C,YPR001W,0,-4.076182,0.1827595829963684,0.758420467376709,0.33914053440093994
YMR092C,YDR276C,0,-4.076342,0.18270845711231232,0.758420467376709,0.3392566740512848
YDR081C,YOL142W,0,-4.07636,0.18265734612941742,0.758420467376709,0.33937281370162964
YOR386W,YNL312W,1,-4.076563,0.18288590013980865,0.7595818638801575,0.33937281370162964
YPL100W,YPL224C,0,-4.0766253,0.18283477425575256,0.7595818638801575,0.3394889533519745
YMR298W,YBR049C,0,-4.0767283,0.18278367817401886,0.7595818638801575,0.3396051228046417
YGR268C,YDR335W,0,-4.0769105,0.18273261189460754,0.7595818638801575,0.3397212624549866
YBR211C,YPR165W,0,-4.076979,0.18268156051635742,0.7595818638801575,0.3398374021053314
YNR054C,YGL098W,0,-4.077,0.18263055384159088,0.7595818638801575,0.33995354175567627
YDL232W,YKR059W,0,-4.0770497,0.18257956206798553,0.7595818638801575,0.3400696814060211
YPR057W,YOR340C,0,-4.0770745,0.18252860009670258,0.7595818638801575,0.34018582105636597
YNL323W,YIL008W,0,-4.077085,0.1824776828289032,0.7595818638801575,0.3403019607067108
YER019W,YIR018W,0,-4.0778074,0.18242678046226501,0.7595818638801575,0.34041813015937805
YBL098W,YMR270C,0,-4.0779614,0.18237590789794922,0.7595818638801575,0.3405342698097229
YDR320C-A,YGL124C,0,-4.077979,0.1823250651359558,0.7595818638801575,0.34065040946006775
YGL016W,YJL128C,0,-4.078522,0.1822742521762848,0.7595818638801575,0.3407665491104126
YGL013C,YMR005W,0,-4.0787396,0.18222345411777496,0.7595818638801575,0.34088268876075745
YDR191W,YMR026C,0,-4.079863,0.18217270076274872,0.7595818638801575,0.3409988284111023
YGL037C,YPR165W,0,-4.0800743,0.18212197721004486,0.7595818638801575,0.34111496806144714
YJL129C,YDR325W,0,-4.080173,0.1820712685585022,0.7595818638801575,0.3412311375141144
YOR123C,YDR425W,0,-4.0802755,0.18202058970928192,0.7595818638801575,0.34134727716445923
YBR127C,YOR172W,0,-4.080361,0.18196995556354523,0.7595818638801575,0.3414634168148041
YBR083W,YDR485C,0,-4.080912,0.18191933631896973,0.7595818638801575,0.3415795564651489
YIL112W,YDL195W,0,-4.0809164,0.1818687468767166,0.7595818638801575,0.3416956961154938
YNL311C,YGR229C,0,-4.0809608,0.1818181872367859,0.7595818638801575,0.3418118357658386
YIR033W,YNR006W,0,-4.081094,0.18176764249801636,0.7595818638801575,0.34192800521850586
YBR002C,YDR515W,0,-4.081104,0.1817171424627304,0.7595818638801575,0.3420441448688507
YHR194W,YER031C,0,-4.081305,0.18166667222976685,0.7595818638801575,0.34216028451919556
YCL014W,YDL079C,0,-4.0816255,0.18161621689796448,0.7595818638801575,0.3422764241695404
YML023C,YAL015C,1,-4.0818777,0.18184341490268707,0.7607433199882507,0.3422764241695404
YGR227W,YIL123W,0,-4.0819006,0.1817929446697235,0.7607433199882507,0.34239256381988525
YMR011W,YGL192W,0,-4.0820723,0.18174250423908234,0.7607433199882507,0.3425087034702301
YER167W,YDR423C,0,-4.0821495,0.18169209361076355,0.7607433199882507,0.34262484312057495
YPL202C,YIL084C,0,-4.0824103,0.18164171278476715,0.7607433199882507,0.3427410125732422
YBR024W,YDR451C,0,-4.0824275,0.18159134685993195,0.7607433199882507,0.34285715222358704
YFL025C,YLL019C,0,-4.0826635,0.18154102563858032,0.7607433199882507,0.3429732918739319
YIL034C,YPR181C,0,-4.0828056,0.1814907193183899,0.7607433199882507,0.34308943152427673
YDR163W,YIL109C,0,-4.083052,0.18144044280052185,0.7607433199882507,0.3432055711746216
YDR298C,YLL019C,0,-4.0834656,0.1813901960849762,0.7607433199882507,0.34332171082496643
YBR038W,YDR205W,0,-4.0837874,0.18133997917175293,0.7607433199882507,0.3434378504753113
YMR298W,YGL011C,0,-4.084357,0.18128979206085205,0.7607433199882507,0.3435540199279785
YDR318W,YML062C,0,-4.084529,0.18123961985111237,0.7607433199882507,0.34367015957832336
YNL323W,YMR214W,0,-4.085188,0.18118949234485626,0.7607433199882507,0.3437862992286682
YPL242C,YFL018C,0,-4.085323,0.18113937973976135,0.7607433199882507,0.34390243887901306
YBL016W,YOR241W,0,-4.0857973,0.18108929693698883,0.7607433199882507,0.3440185785293579
YPR018W,YHR163W,0,-4.085889,0.1810392439365387,0.7607433199882507,0.34413471817970276
YGL143C,YHR167W,0,-4.0859485,0.18098922073841095,0.7607433199882507,0.3442508578300476
YLL061W,YBL058W,0,-4.0859594,0.1809392273426056,0.7607433199882507,0.34436702728271484
YOR144C,YNL312W,1,-4.0861363,0.1811654269695282,0.761904776096344,0.34436702728271484
YPR154W,YHR161C,0,-4.0863843,0.18111540377140045,0.761904776096344,0.3444831669330597
YIL120W,YBL093C,0,-4.0870748,0.1810654103755951,0.761904776096344,0.34459930658340454
YDL029W,YML033W,0,-4.087113,0.18101544678211212,0.761904776096344,0.3447154462337494
YBL047C,YJL025W,0,-4.0872464,0.18096551299095154,0.761904776096344,0.34483158588409424
YGR222W,YKL166C,0,-4.08726,0.18091560900211334,0.761904776096344,0.3449477255344391
YGR258C,YML032C,1,-4.0873466,0.1811414361000061,0.7630661725997925,0.3449477255344391
YNL262W,YMR106C,1,-4.0879526,0.18136714398860931,0.7642276287078857,0.3449477255344391
YJR150C,YDL019C,0,-4.088631,0.18131716549396515,0.7642276287078857,0.34506386518478394
YKL093W,YHR012W,0,-4.0886536,0.18126721680164337,0.7642276287078857,0.34518003463745117
YOR037W,YNL044W,0,-4.0888047,0.18121729791164398,0.7642276287078857,0.345296174287796
YGL084C,YFR052W,0,-4.088816,0.1811673939228058,0.7642276287078857,0.34541231393814087
YPR070W,YOL038W,0,-4.0889173,0.18111753463745117,0.7642276287078857,0.3455284535884857
YEL062W,YJL154C,0,-4.0889764,0.18106769025325775,0.7642276287078857,0.34564459323883057
YKL150W,YNL026W,0,-4.089095,0.18101787567138672,0.7642276287078857,0.3457607328891754
YPR057W,YKL011C,0,-4.0891366,0.18096809089183807,0.7642276287078857,0.34587687253952026
YLL015W,YOR159C,0,-4.089206,0.18091833591461182,0.7642276287078857,0.3459930419921875
YLR377C,YDR325W,0,-4.0892982,0.18086861073970795,0.7642276287078857,0.34610918164253235
YJL065C,YGR181W,0,-4.089507,0.18081890046596527,0.7642276287078857,0.3462253212928772
YER167W,YPL209C,0,-4.0896087,0.18076923489570618,0.7642276287078857,0.34634146094322205
YML102W,YNL307C,1,-4.0897937,0.18099422752857208,0.765389084815979,0.34634146094322205
YBR201W,YHR006W,0,-4.090291,0.1809445321559906,0.765389084815979,0.3464576005935669
YDL143W,YPR182W,0,-4.090423,0.1808948665857315,0.765389084815979,0.34657374024391174
YER164W,YKL122C,0,-4.090503,0.1808452308177948,0.765389084815979,0.346689909696579
YBR267W,YKL095W,0,-4.09078,0.1807956099510193,0.765389084815979,0.34680604934692383
YFL025C,YJL048C,0,-4.0907893,0.18074601888656616,0.765389084815979,0.3469221889972687
YBL009W,YBL080C,0,-4.0909667,0.18069645762443542,0.765389084815979,0.3470383286476135
YLR116W,YDL230W,0,-4.091242,0.18064692616462708,0.765389084815979,0.3471544682979584
YNL323W,YGR181W,0,-4.0914555,0.1805974245071411,0.765389084815979,0.3472706079483032
YDL142C,YPR083W,0,-4.0914764,0.18054795265197754,0.765389084815979,0.34738674759864807
YMR266W,YBR258C,0,-4.0915623,0.18049849569797516,0.765389084815979,0.3475029170513153
YDR205W,YKL095W,0,-4.091622,0.18044906854629517,0.765389084815979,0.34761905670166016
YER167W,YPR072W,0,-4.0917377,0.18039967119693756,0.765389084815979,0.347735196352005
YKL079W,YHL009C,0,-4.0917883,0.18035030364990234,0.765389084815979,0.34785133600234985
YAR033W,YMR091C,0,-4.0918064,0.18030095100402832,0.765389084815979,0.3479674756526947
YMR026C,YMR079W,0,-4.0921116,0.18025164306163788,0.765389084815979,0.34808361530303955
YOR346W,YGL175C,1,-4.0921125,0.18047580122947693,0.7665505409240723,0.34808361530303955
YOL117W,YGR186W,0,-4.0921636,0.1804264634847641,0.7665505409240723,0.3481997549533844
YDL088C,YGL171W,0,-4.0923533,0.18037715554237366,0.7665505409240723,0.34831592440605164
YJL008C,YDR363W-A,0,-4.092497,0.1803278625011444,0.7665505409240723,0.3484320640563965
YJR150C,YFL018C,0,-4.092689,0.18027861416339874,0.7665505409240723,0.34854820370674133
YKL208W,YOR099W,0,-4.0931067,0.18022938072681427,0.7665505409240723,0.3486643433570862
YOR034C,YLR193C,0,-4.0931325,0.18018017709255219,0.7665505409240723,0.34878048300743103
YER073W,YGR224W,0,-4.093412,0.1801310032606125,0.7665505409240723,0.3488966226577759
YNL230C,YJL128C,0,-4.0935125,0.18008185923099518,0.7665505409240723,0.3490127623081207
YML102W,YML023C,1,-4.093529,0.18030551075935364,0.7677119374275208,0.3490127623081207
YJR092W,YER089C,0,-4.0936074,0.18025633692741394,0.7677119374275208,0.34912893176078796
YKR066C,YDR310C,0,-4.0940976,0.18020719289779663,0.7677119374275208,0.3492450714111328
YKL011C,YKL079W,0,-4.0941825,0.1801580786705017,0.7677119374275208,0.34936121106147766
YLR192C,YGL172W,0,-4.09483,0.18010899424552917,0.7677119374275208,0.3494773507118225
YBR129C,YGL013C,0,-4.095142,0.18005992472171783,0.7677119374275208,0.34959349036216736
YIL120W,YDL135C,0,-4.095199,0.18001089990139008,0.7677119374275208,0.3497096300125122
YPR057W,YGR111W,0,-4.0953646,0.1799618899822235,0.7677119374275208,0.34982576966285706
YFR013W,YLR467W,0,-4.0956583,0.17991289496421814,0.7677119374275208,0.3499419391155243
YCR048W,YJR093C,0,-4.095843,0.17986394464969635,0.7677119374275208,0.35005807876586914
YOR039W,YBL102W,0,-4.0958757,0.17981500923633575,0.7677119374275208,0.350174218416214
YLR242C,YDL117W,0,-4.095904,0.17976611852645874,0.7677119374275208,0.35029035806655884
YBR065C,YNL302C,0,-4.096795,0.17971724271774292,0.7677119374275208,0.3504064977169037
YKL112W,YGL175C,1,-4.097035,0.17994019389152527,0.768873393535614,0.3504064977169037
YOL063C,YFL011W,0,-4.097066,0.17989130318164825,0.768873393535614,0.35052263736724854
YDR098C,YJR102C,0,-4.097293,0.17984242737293243,0.768873393535614,0.35063880681991577
YDL135C,YGR063C,0,-4.0973067,0.1797935962677002,0.768873393535614,0.3507549464702606
YGR261C,YDR189W,0,-4.097626,0.17974478006362915,0.768873393535614,0.35087108612060547
YNL148C,YBR162C,0,-4.0976863,0.1796959787607193,0.768873393535614,0.3509872257709503
YPL110C,YIR015W,0,-4.0977883,0.17964722216129303,0.768873393535614,0.35110336542129517
YLR147C,YCL005W-A,0,-4.0978427,0.17959848046302795,0.768873393535614,0.35121950507164
YOR005C,YNL136W,1,-4.0979447,0.17982099950313568,0.7700348496437073,0.35121950507164
YNL167C,YLL011W,0,-4.0980945,0.17977222800254822,0.7700348496437073,0.35133564472198486
YNL222W,YDR341C,0,-4.0983977,0.17972350120544434,0.7700348496437073,0.3514518141746521
YJR076C,YOL013C,0,-4.098891,0.17967478930950165,0.7700348496437073,0.35156795382499695
YBR065C,YOR307C,0,-4.099092,0.17962612211704254,0.7700348496437073,0.3516840934753418
YOR005C,YOR346W,1,-4.099357,0.179848313331604,0.7711963057518005,0.3516840934753418
YCR048W,YOR241W,0,-4.0994186,0.1797996163368225,0.7711963057518005,0.35180023312568665
YDL232W,YAL009W,0,-4.0994782,0.1797509491443634,0.7711963057518005,0.3519163727760315
YGL065C,YFR052W,0,-4.099521,0.1797022968530655,0.7711963057518005,0.35203251242637634
YDR195W,YKR055W,0,-4.099564,0.17965367436408997,0.7711963057518005,0.3521486520767212
YDL175C,YMR216C,0,-4.0996614,0.17960508167743683,0.7711963057518005,0.3522648215293884
YDR318W,YOR179C,0,-4.099896,0.17955651879310608,0.7711963057518005,0.3523809611797333
YCR048W,YBR258C,0,-4.100003,0.17950797080993652,0.7711963057518005,0.3524971008300781
YOL013C,YKL095W,0,-4.1003633,0.17945945262908936,0.7711963057518005,0.352613240480423
YPL224C,YKL018W,0,-4.1004086,0.17941096425056458,0.7711963057518005,0.3527293801307678
YDL217C,YDL109C,0,-4.1004252,0.17936250567436218,0.7711963057518005,0.35284551978111267
YDR524C,YDR398W,0,-4.1008286,0.17931407690048218,0.7711963057518005,0.3529616594314575
YFL018C,YNL074C,0,-4.1008916,0.17926566302776337,0.7711963057518005,0.35307782888412476
YJL207C,YIL061C,0,-4.101049,0.17921727895736694,0.7711963057518005,0.3531939685344696
YER073W,YPL096C-A,0,-4.101399,0.1791689097881317,0.7711963057518005,0.35331010818481445
YGR014W,YCR044C,0,-4.1018014,0.17912058532238007,0.7711963057518005,0.3534262478351593
YNL065W,YCR102C,0,-4.1025653,0.1790722757577896,0.7711963057518005,0.35354238748550415
YDR453C,YFL004W,0,-4.102576,0.17902399599552155,0.7711963057518005,0.353658527135849
YDL143W,YMR216C,0,-4.1037855,0.17897574603557587,0.7711963057518005,0.35377466678619385
YMR201C,YML032C,1,-4.103827,0.17919698357582092,0.772357702255249,0.35377466678619385
YGL003C,YJR045C,0,-4.10397,0.17914870381355286,0.772357702255249,0.3538908362388611
YFL018C,YFR031C,0,-4.103997,0.17910045385360718,0.772357702255249,0.35400697588920593
YER032W,YPL192C,0,-4.104436,0.1790522336959839,0.772357702255249,0.3541231155395508
YIL128W,YDR180W,1,-4.104466,0.17927321791648865,0.7735191583633423,0.3541231155395508
YOR079C,YBR275C,0,-4.1047997,0.17922496795654297,0.7735191583633423,0.35423925518989563
YCL026C-A,YNL153C,0,-4.1048636,0.17917676270008087,0.7735191583633423,0.3543553948402405
YIL034C,YFL017W-A,0,-4.105035,0.17912855744361877,0.7735191583633423,0.3544715344905853
YML129C,YMR089C,0,-4.105307,0.17908039689064026,0.7735191583633423,0.3545876741409302
YGL178W,YOR172W,0,-4.1057954,0.17903225123882294,0.7735191583633423,0.3547038435935974
YNL307C,YNL262W,1,-4.1061735,0.17925289273262024,0.7746806144714355,0.3547038435935974
YML129C,YDL235C,0,-4.1061926,0.17920473217964172,0.7746806144714355,0.35481998324394226
YGR097W,YDR277C,0,-4.1062694,0.1791566014289856,0.7746806144714355,0.3549361228942871
YBL026W,YDR116C,0,-4.106399,0.17910848557949066,0.7746806144714355,0.35505226254463196
YPR020W,YPR001W,0,-4.1065784,0.17906039953231812,0.7746806144714355,0.3551684021949768
YAR033W,YDR393W,0,-4.1066246,0.17901234328746796,0.7746806144714355,0.35528454184532166
YJR076C,YPR036W,0,-4.106843,0.17896431684494019,0.7746806144714355,0.3554007112979889
YKL085W,YNL222W,0,-4.1070967,0.1789163053035736,0.7746806144714355,0.35551685094833374
YOL031C,YGR186W,0,-4.107267,0.17886832356452942,0.7746806144714355,0.3556329905986786
YAL009W,YNL241C,0,-4.107272,0.17882037162780762,0.7746806144714355,0.35574913024902344
YGR218W,YLR455W,0,-4.1073437,0.1787724494934082,0.7746806144714355,0.3558652698993683
YDL013W,YHR187W,0,-4.107643,0.17872454226016998,0.7746806144714355,0.35598140954971313
YAL009W,YFR003C,0,-4.1077394,0.17867666482925415,0.7746806144714355,0.356097549200058
YOL069W,YER072W,0,-4.107749,0.1786288172006607,0.7746806144714355,0.3562137186527252
YER028C,YKR002W,0,-4.1083403,0.17858098447322845,0.7746806144714355,0.35632985830307007
YMR162C,YIL022W,0,-4.1083927,0.17853319644927979,0.7746806144714355,0.3564459979534149
YGR227W,YLR068W,0,-4.1087537,0.1784854233264923,0.7746806144714355,0.35656213760375977
YPR046W,YDR456W,0,-4.108771,0.17843766510486603,0.7746806144714355,0.3566782772541046
YHR084W,YDR131C,0,-4.1090107,0.17838993668556213,0.7746806144714355,0.35679441690444946
YFL048C,YDR098C,0,-4.1090326,0.17834225296974182,0.7746806144714355,0.3569105565547943
YCR053W,YJL154C,0,-4.109043,0.1782945692539215,0.7746806144714355,0.35702672600746155
YDR195W,YBR024W,0,-4.109184,0.17824693024158478,0.7746806144714355,0.3571428656578064
YDL170W,YCL019W,0,-4.109243,0.17819930613040924,0.7746806144714355,0.35725900530815125
YNL020C,YJR086W,0,-4.1093354,0.1781517118215561,0.7746806144714355,0.3573751449584961
YMR029C,YPL082C,0,-4.109649,0.17810413241386414,0.7746806144714355,0.35749128460884094
YKL197C,YBR162C,0,-4.109745,0.17805659770965576,0.7746806144714355,0.3576074242591858
YJR076C,YDR309C,0,-4.1097894,0.17800907790660858,0.7746806144714355,0.35772356390953064
YHR006W,YPR036W,0,-4.1100726,0.1779615730047226,0.7746806144714355,0.3578397333621979
YFL041W,YML014W,0,-4.1101007,0.1779141128063202,0.7746806144714355,0.3579558730125427
YGL229C,YBR152W,0,-4.11023,0.17786666750907898,0.7746806144714355,0.3580720126628876
YIL159W,YCL005W-A,0,-4.1104183,0.17781925201416016,0.7746806144714355,0.3581881523132324
YPR020W,YJR093C,0,-4.1104627,0.17777185142040253,0.7746806144714355,0.35830429196357727
YLR008C,YLR025W,0,-4.110919,0.17772448062896729,0.7746806144714355,0.3584204316139221
YDR388W,YMR183C,0,-4.1113,0.17767713963985443,0.7746806144714355,0.35853657126426697
YGL238W,YPL208W,0,-4.111403,0.17762982845306396,0.7746806144714355,0.3586527407169342
YGR003W,YHR160C,0,-4.1114354,0.1775825321674347,0.7746806144714355,0.35876888036727905
YGL178W,YGR014W,0,-4.1114383,0.1775352656841278,0.7746806144714355,0.3588850200176239
YGR258C,YDL042C,1,-4.111562,0.17775411903858185,0.7758420705795288,0.3588850200176239
YNL307C,YEL037C,1,-4.1118617,0.17797286808490753,0.7770034670829773,0.3588850200176239
YGR227W,YPL235W,0,-4.111936,0.17792552709579468,0.7770034670829773,0.35900115966796875
YBR008C,YHR073W,0,-4.1122174,0.1778782308101654,0.7770034670829773,0.3591172993183136
YCR028C,YAL044C,0,-4.1122737,0.17783093452453613,0.7770034670829773,0.35923343896865845
YDL170W,YDR398W,0,-4.1123424,0.17778368294239044,0.7770034670829773,0.3593495786190033
YJL145W,YGL098W,0,-4.1124578,0.17773644626140594,0.7770034670829773,0.35946574807167053
YPL235W,YDR388W,0,-4.1125655,0.17768923938274384,0.7770034670829773,0.3595818877220154
YBR145W,YJR074W,0,-4.1127534,0.1776420623064041,0.7770034670829773,0.35969802737236023
YKR066C,YIL106W,0,-4.112834,0.17759490013122559,0.7770034670829773,0.3598141670227051
YJL184W,YDR195W,0,-4.1131763,0.17754776775836945,0.7770034670829773,0.3599303066730499
YKR095W,YOR210W,0,-4.1134667,0.1775006651878357,0.7770034670829773,0.3600464463233948
YFL018C,YPR155C,0,-4.1134815,0.17745357751846313,0.7770034670829773,0.360162615776062
YEL037C,YGL175C,1,-4.113531,0.17767170071601868,0.7781649231910706,0.360162615776062
YOL009C,YLR455W,0,-4.113668,0.17762459814548492,0.7781649231910706,0.36027875542640686
YOL001W,YHR001W-A,0,-4.113753,0.17757752537727356,0.7781649231910706,0.3603948950767517
YFL048C,YBL026W,0,-4.113846,0.1775304675102234,0.7781649231910706,0.36051103472709656
YGR230W,YLR277C,0,-4.114166,0.1774834394454956,0.7781649231910706,0.3606271743774414
YKL205W,YOL113W,0,-4.1143427,0.1774364411830902,0.7781649231910706,0.36074331402778625
YNL327W,YHR200W,0,-4.114629,0.177389457821846,0.7781649231910706,0.3608594536781311
YBR283C,YLL056C,0,-4.114632,0.1773425042629242,0.7781649231910706,0.36097562313079834
YML062C,YBR218C,0,-4.1147413,0.17729558050632477,0.7781649231910706,0.3610917627811432
YML023C,YER169W,1,-4.114974,0.1775132268667221,0.7793263792991638,0.3610917627811432
YDL170W,YML097C,0,-4.115194,0.1774662733078003,0.7793263792991638,0.36120790243148804
YDR524C,YDR335W,0,-4.1155767,0.17741934955120087,0.7793263792991638,0.3613240420818329
YEL037C,YBR087W,1,-4.115777,0.17763680219650269,0.7804877758026123,0.3613240420818329
YML058W-A,YOR212W,0,-4.1158586,0.17758984863758087,0.7804877758026123,0.36144018173217773
YOR036W,YOL066C,0,-4.116038,0.17754293978214264,0.7804877758026123,0.3615563213825226
YOL133W,YER089C,0,-4.116101,0.1774960309267044,0.7804877758026123,0.36167246103286743
YFL009W,YNR010W,0,-4.1162753,0.17744916677474976,0.7804877758026123,0.36178863048553467
YGR097W,YBR049C,0,-4.116593,0.1774023175239563,0.7804877758026123,0.3619047701358795
YIL053W,YGL030W,0,-4.116723,0.17735549807548523,0.7804877758026123,0.36202090978622437
YOL108C,YML047C,0,-4.1167736,0.17730870842933655,0.7804877758026123,0.3621370494365692
YJR083C,YGR041W,0,-4.1170154,0.17726193368434906,0.7804877758026123,0.36225318908691406
YJL111W,YKL042W,0,-4.1175427,0.17721518874168396,0.7804877758026123,0.3623693287372589
YIL112W,YFR030W,0,-4.117631,0.17716847360134125,0.7804877758026123,0.36248546838760376
YDL019C,YBR049C,0,-4.117866,0.17712177336215973,0.7804877758026123,0.362601637840271
YNL210W,YOR272W,0,-4.11796,0.1770751029253006,0.7804877758026123,0.36271777749061584
YDL197C,YFR013W,0,-4.1185393,0.17702844738960266,0.7804877758026123,0.3628339171409607
YER142C,YGL175C,1,-4.118692,0.17724519968032837,0.7816492319107056,0.3628339171409607
YML008C,YGL004C,0,-4.118696,0.17719852924346924,0.7816492319107056,0.36295005679130554
YAL044C,YIL120W,0,-4.118854,0.1771518886089325,0.7816492319107056,0.3630661964416504
YPL151C,YBR127C,0,-4.118867,0.17710526287555695,0.7816492319107056,0.36318233609199524
YOL156W,YFR029W,0,-4.1194377,0.17705866694450378,0.7816492319107056,0.3632984757423401
YOR239W,YML098W,0,-4.1199193,0.177012100815773,0.7816492319107056,0.3634146451950073
YIR022W,YOR159C,0,-4.1201,0.17696554958820343,0.7816492319107056,0.3635307848453522
YKL208W,YOL066C,0,-4.120362,0.17691902816295624,0.7816492319107056,0.363646924495697
YJL076W,YMR079W,0,-4.120629,0.17687253654003143,0.7816492319107056,0.36376306414604187
YFL011W,YHR001W-A,0,-4.120852,0.17682605981826782,0.7816492319107056,0.3638792037963867
YNL039W,YKL093W,0,-4.1209784,0.1767796128988266,0.7816492319107056,0.36399534344673157
YGR262C,YMR183C,0,-4.1211967,0.17673319578170776,0.7816492319107056,0.3641115128993988
YOR002W,YGR268C,0,-4.1213565,0.17668679356575012,0.7816492319107056,0.36422765254974365
YOR330C,YPL258C,0,-4.1215043,0.17664042115211487,0.7816492319107056,0.3643437922000885
YMR092C,YLR157C,0,-4.1217217,0.1765940636396408,0.7816492319107056,0.36445993185043335
YER035W,YDR372C,0,-4.121758,0.17654775083065033,0.7816492319107056,0.3645760715007782
YMR091C,YOR179C,0,-4.1218047,0.17650143802165985,0.7816492319107056,0.36469221115112305
YPR001W,YKR055W,0,-4.122145,0.17645516991615295,0.7816492319107056,0.3648083508014679
YEL037C,YMR284W,1,-4.122156,0.17667102813720703,0.7828106880187988,0.3648083508014679
YDR478W,YDL128W,0,-4.122185,0.17662474513053894,0.7828106880187988,0.36492452025413513
YKL085W,YML055W,0,-4.1223426,0.17657846212387085,0.7828106880187988,0.36504065990448
YHR187W,YMR225C,0,-4.1225276,0.17653220891952515,0.7828106880187988,0.36515679955482483
YNR075W,YEL027W,0,-4.1227045,0.17648598551750183,0.7828106880187988,0.3652729392051697
YNL129W,YLR268W,0,-4.12273,0.1764397919178009,0.7828106880187988,0.3653890788555145
YDL008W,YJR010C-A,0,-4.1231704,0.17639361321926117,0.7828106880187988,0.3655052185058594
YAL015C,YMR201C,1,-4.1231847,0.1766090989112854,0.7839721441268921,0.3655052185058594
YPL096C-A,YLR384C,0,-4.1235027,0.17656290531158447,0.7839721441268921,0.3656213581562042
YCL027W,YLR135W,0,-4.123563,0.17651674151420593,0.7839721441268921,0.36573752760887146
YGR218W,YMR162C,0,-4.1235766,0.1764705926179886,0.7839721441268921,0.3658536672592163
YPL269W,YEL041W,0,-4.1236086,0.17642445862293243,0.7839721441268921,0.36596980690956116
YMR092C,YBR211C,0,-4.1237044,0.17637836933135986,0.7839721441268921,0.366085946559906
YNL262W,YOR346W,1,-4.124292,0.17659352719783783,0.7851335406303406,0.366085946559906
YHR061C,YIL120W,0,-4.124735,0.17654740810394287,0.7851335406303406,0.36620208621025085
YDR086C,YOR064C,0,-4.125245,0.1765013039112091,0.7851335406303406,0.3663182258605957
YLR006C,YDR207C,0,-4.125406,0.17645522952079773,0.7851335406303406,0.36643436551094055
YML103C,YML092C,0,-4.125594,0.17640918493270874,0.7851335406303406,0.3665505349636078
YNL148C,YMR263W,0,-4.1256833,0.17636315524578094,0.7851335406303406,0.36666667461395264
YIL002C,YNL311C,0,-4.1261497,0.17631715536117554,0.7851335406303406,0.3667828142642975
YKL160W,YMR283C,0,-4.1263776,0.17627118527889252,0.7851335406303406,0.36689895391464233
YDR081C,YHR203C,0,-4.126422,0.1762252300977707,0.7851335406303406,0.3670150935649872
YPL018W,YMR026C,0,-4.1264625,0.17617930471897125,0.7851335406303406,0.36713123321533203
YFL013C,YFL017W-A,0,-4.1265664,0.1761334091424942,0.7851335406303406,0.3672473728656769
YIL106W,YCR044C,0,-4.126894,0.17608752846717834,0.7851335406303406,0.3673635423183441
YJR093C,YNL268W,0,-4.127057,0.17604166269302368,0.7851335406303406,0.36747968196868896
YOL063C,YJL133W,0,-4.12707,0.1759958416223526,0.7851335406303406,0.3675958216190338
YPL059W,YML131W,0,-4.1274505,0.17595002055168152,0.7851335406303406,0.36771196126937866
YHR042W,YLR417W,0,-4.127462,0.17590424418449402,0.7851335406303406,0.3678281009197235
YDL150W,YAR009C,0,-4.1275043,0.1758584827184677,0.7851335406303406,0.36794424057006836
YNL274C,YBL102W,0,-4.1276093,0.1758127510547638,0.7851335406303406,0.3680603802204132
YGR010W,YPR095C,0,-4.1276965,0.17576703429222107,0.7851335406303406,0.36817654967308044
YNL027W,YDR163W,0,-4.1282372,0.17572134733200073,0.7851335406303406,0.3682926893234253
YBR159W,YBR077C,0,-4.12825,0.1756756752729416,0.7851335406303406,0.36840882897377014
YDL006W,YLR166C,0,-4.128578,0.17563003301620483,0.7851335406303406,0.368524968624115
YPL269W,YPR086W,0,-4.128675,0.17558442056179047,0.7851335406303406,0.36864110827445984
YLR011W,YPL033C,0,-4.1288266,0.1755388230085373,0.7851335406303406,0.3687572479248047
YJL111W,YPR104C,0,-4.1291003,0.1754932552576065,0.7851335406303406,0.3688734173774719
YLR381W,YCR053W,0,-4.12916,0.17544770240783691,0.7851335406303406,0.3689895570278168
YHR150W,YFL017W-A,0,-4.129313,0.1754021793603897,0.7851335406303406,0.3691056966781616
YKL101W,YDL235C,0,-4.1294646,0.1753566861152649,0.7851335406303406,0.36922183632850647
YPL059W,YMR216C,0,-4.1298175,0.17531120777130127,0.7851335406303406,0.3693379759788513
YHR073W,YHR160C,0,-4.1298537,0.17526574432849884,0.7851335406303406,0.36945411562919617
YDR174W,YPL234C,0,-4.1298604,0.17522032558918,0.7851335406303406,0.369570255279541
YML103C,YJL145W,0,-4.130558,0.17517492175102234,0.7851335406303406,0.36968642473220825
YGL172W,YKR059W,0,-4.1305757,0.17512953281402588,0.7851335406303406,0.3698025643825531
YNL154C,YNL044W,0,-4.1307178,0.1750841736793518,0.7851335406303406,0.36991870403289795
YOL108C,YER072W,0,-4.1310377,0.17503884434700012,0.7851335406303406,0.3700348436832428
YDR276C,YLR090W,0,-4.1310964,0.17499352991580963,0.7851335406303406,0.37015098333358765
YNL307C,YLR005W,1,-4.1311307,0.17520703375339508,0.7862949967384338,0.37015098333358765
YOL009C,YGR059W,0,-4.1311545,0.1751617044210434,0.7862949967384338,0.3702671229839325
YAL043C,YNL186W,0,-4.1312804,0.1751164048910141,0.7862949967384338,0.37038326263427734
YPL118W,YDR372C,0,-4.131325,0.175071120262146,0.7862949967384338,0.3704994320869446
YJL065C,YMR216C,0,-4.1314363,0.1750258505344391,0.7862949967384338,0.37061557173728943
YCR009C,YOR064C,0,-4.131472,0.17498061060905457,0.7862949967384338,0.3707317113876343
YLL015W,YKL018W,0,-4.1315966,0.17493540048599243,0.7862949967384338,0.3708478510379791
YLR078C,YIR018W,0,-4.1316185,0.1748902052640915,0.7862949967384338,0.370963990688324
YMR139W,YKL086W,0,-4.131702,0.17484503984451294,0.7862949967384338,0.3710801303386688
YFL057C,YGR227W,0,-4.13198,0.17479988932609558,0.7862949967384338,0.37119626998901367
YGR177C,YPR032W,0,-4.132173,0.1747547686100006,0.7862949967384338,0.3713124394416809
YKL016C,YPL060W,0,-4.133149,0.17470967769622803,0.7862949967384338,0.37142857909202576
YHR171W,YKL079W,0,-4.133652,0.17466460168361664,0.7862949967384338,0.3715447187423706
YLR248W,YFL036W,0,-4.133943,0.17461955547332764,0.7862949967384338,0.37166085839271545
YDL143W,YOL156W,0,-4.134279,0.17457452416419983,0.7862949967384338,0.3717769980430603
YPL177C,YJR074W,0,-4.1350436,0.1745295226573944,0.7862949967384338,0.37189313769340515
YPR057W,YPL021W,0,-4.135691,0.17448453605175018,0.7862949967384338,0.37200927734375
YOL009C,YGR063C,0,-4.136058,0.17443957924842834,0.7862949967384338,0.37212544679641724
YNL323W,YDR432W,0,-4.136081,0.1743946373462677,0.7862949967384338,0.3722415864467621
YDR163W,YBR267W,0,-4.136496,0.17434972524642944,0.7862949967384338,0.37235772609710693
YLL015W,YLR467W,0,-4.1369195,0.17430484294891357,0.7862949967384338,0.3724738657474518
YML123C,YCL074W,0,-4.136956,0.1742599755525589,0.7862949967384338,0.37259000539779663
YHR150W,YIL008W,0,-4.1372313,0.1742151379585266,0.7862949967384338,0.3727061450481415
YIR033W,YPL210C,0,-4.1378756,0.17417031526565552,0.7862949967384338,0.3728223145008087
YBR129C,YLL056C,0,-4.137979,0.17412550747394562,0.7862949967384338,0.37293845415115356
YGL006W,YOR254C,0,-4.138219,0.1740807443857193,0.7862949967384338,0.3730545938014984
YGR284C,YLR059C,0,-4.138262,0.17403599619865417,0.7862949967384338,0.37317073345184326
YBR132C,YKL042W,0,-4.1382847,0.17399126291275024,0.7862949967384338,0.3732868731021881
YAR033W,YMR283C,0,-4.138346,0.1739465594291687,0.7862949967384338,0.37340301275253296
YFR029W,YMR013C,0,-4.1383634,0.17390187084674835,0.7862949967384338,0.3735191524028778
YNL032W,YDL235C,0,-4.138412,0.1738572120666504,0.7862949967384338,0.37363532185554504
YPL018W,YBR231C,0,-4.138416,0.17381258308887482,0.7862949967384338,0.3737514615058899
YER165W,YIL053W,0,-4.1393356,0.17376796901226044,0.7862949967384338,0.37386760115623474
YML123C,YIL061C,0,-4.1393757,0.17372336983680725,0.7862949967384338,0.3739837408065796
YMR001C,YJL072C,0,-4.1396394,0.17367881536483765,0.7862949967384338,0.37409988045692444
YMR201C,YOR346W,1,-4.1399055,0.17389073967933655,0.7874564528465271,0.37409988045692444
YNL009W,YGL011C,0,-4.1403446,0.17384615540504456,0.7874564528465271,0.3742160201072693
YHR116W,YDR498C,0,-4.1404033,0.17380158603191376,0.7874564528465271,0.37433215975761414
YPL202C,YNL110C,0,-4.140432,0.17375704646110535,0.7874564528465271,0.37444832921028137
YFL010W-A,YMR013C,0,-4.140647,0.17371252179145813,0.7874564528465271,0.3745644688606262
YBR201W,YCL075W,0,-4.1407905,0.1736680269241333,0.7874564528465271,0.37468060851097107
YCR072C,YML049C,0,-4.1412406,0.17362356185913086,0.7874564528465271,0.3747967481613159
YOR079C,YOR319W,0,-4.141863,0.1735791116952896,0.7874564528465271,0.37491288781166077
YGR132C,YOR307C,0,-4.142094,0.17353467643260956,0.7874564528465271,0.3750290274620056
YCR107W,YJL108C,0,-4.1421,0.1734902709722519,0.7874564528465271,0.37514516711235046
YGL247W,YJL006C,0,-4.1423507,0.1734458953142166,0.7874564528465271,0.3752613365650177
YLR268W,YLR034C,0,-4.1426167,0.17340153455734253,0.7874564528465271,0.37537747621536255
YDR423C,YGR155W,0,-4.1429048,0.17335720360279083,0.7874564528465271,0.3754936158657074
YDR083W,YEL051W,0,-4.143055,0.17331288754940033,0.7874564528465271,0.37560975551605225
YHL040C,YPR057W,0,-4.1430583,0.17326858639717102,0.7874564528465271,0.3757258951663971
YAL015C,YOR346W,1,-4.14346,0.1734798103570938,0.7886179089546204,0.3757258951663971
YOL013C,YAR033W,0,-4.1441665,0.1734355092048645,0.7886179089546204,0.37584203481674194
YML102W,YMR106C,1,-4.144172,0.17364658415317535,0.7897793054580688,0.37584203481674194
YIL063C,YMR089C,0,-4.144385,0.17360225319862366,0.7897793054580688,0.3759581744670868
YAL009W,YHR041C,0,-4.1446137,0.17355793714523315,0.7897793054580688,0.37607434391975403
YKL195W,YDR328C,0,-4.144652,0.17351365089416504,0.7897793054580688,0.3761904835700989
YDR386W,YMR106C,1,-4.144734,0.1737244874238968,0.7909407615661621,0.3761904835700989
YER142C,YHR099W,1,-4.14492,0.17393521964550018,0.7921022176742554,0.3761904835700989
YHR174W,YML012W,0,-4.1449933,0.1738908737897873,0.7921022176742554,0.3763066232204437
YMR184W,YJL072C,0,-4.145367,0.1738465428352356,0.7921022176742554,0.3764227628707886
YOR180C,YFL003C,0,-4.145563,0.1738022416830063,0.7921022176742554,0.3765389025211334
YOL142W,YEL051W,0,-4.1456003,0.17375795543193817,0.7921022176742554,0.37665504217147827
YNL110C,YHL009C,0,-4.1457133,0.17371369898319244,0.7921022176742554,0.3767711818218231
YPL021W,YFR005C,0,-4.1462173,0.1736694723367691,0.7921022176742554,0.37688735127449036
YGR268C,YDR363W-A,0,-4.1462755,0.17362526059150696,0.7921022176742554,0.3770034909248352
YFL036W,YGR111W,0,-4.146293,0.173581063747406,0.7921022176742554,0.37711963057518005
YML023C,YMR106C,1,-4.146381,0.17379134893417358,0.7932636737823486,0.37711963057518005
YGL143C,YDR055W,0,-4.1465697,0.17374713718891144,0.7932636737823486,0.3772357702255249
YDL175C,YGR158C,0,-4.1465783,0.17370295524597168,0.7932636737823486,0.37735190987586975
YAL032C,YLR034C,0,-4.146794,0.17365878820419312,0.7932636737823486,0.3774680495262146
YKL165C,YCL005W-A,0,-4.146929,0.17361463606357574,0.7932636737823486,0.37758421897888184
YJL128C,YHR160C,0,-4.147158,0.17357051372528076,0.7932636737823486,0.3777003586292267
YPL242C,YBR172C,0,-4.147369,0.17352642118930817,0.7932636737823486,0.37781649827957153
YIL128W,YDR359C,1,-4.147436,0.1737363487482071,0.7944250702857971,0.37781649827957153
YIL128W,YNL312W,1,-4.1476674,0.17394617199897766,0.7955865263938904,0.37781649827957153
YPL010W,YDL217C,0,-4.1479025,0.1739020049571991,0.7955865263938904,0.3779326379299164
YBR059C,YOR377W,0,-4.1479545,0.17385786771774292,0.7955865263938904,0.37804877758026123
YDL200C,YMR106C,1,-4.148003,0.17406749725341797,0.7967479825019836,0.37804877758026123
YER142C,YML032C,1,-4.1480355,0.17427702248096466,0.7979093790054321,0.37804877758026123
YDL143W,YEL051W,0,-4.1480355,0.17423281073570251,0.7979093790054321,0.3781649172306061
YAL022C,YOL045W,0,-4.148106,0.17418864369392395,0.7979093790054321,0.3782810568809509
YHR203C,YML049C,0,-4.1481237,0.17414449155330658,0.7979093790054321,0.37839722633361816
YFL021W,YIL112W,0,-4.14867,0.1741003543138504,0.7979093790054321,0.378513365983963
YFL021W,YPL209C,0,-4.1489043,0.1740562468767166,0.7979093790054321,0.37862950563430786
YER106W,YBL050W,0,-4.1490717,0.17401215434074402,0.7979093790054321,0.3787456452846527
YLR384C,YNL210W,0,-4.1492553,0.1739680916070938,0.7979093790054321,0.37886178493499756
YDR515W,YMR089C,0,-4.1495643,0.1739240437746048,0.7979093790054321,0.3789779245853424
YMR232W,YCL032W,0,-4.149604,0.17388002574443817,0.7979093790054321,0.37909406423568726
YLR384C,YNL304W,0,-4.149712,0.17383603751659393,0.7979093790054321,0.3792102336883545
YGL062W,YIL129C,0,-4.1497703,0.1737920492887497,0.7979093790054321,0.37932637333869934
YML102W,YGR258C,1,-4.1498733,0.17400100827217102,0.7990708351135254,0.37932637333869934
YGL219C,YNL074C,0,-4.150435,0.17395702004432678,0.7990708351135254,0.3794425129890442
YJL065C,YDL230W,0,-4.1504383,0.17391304671764374,0.7990708351135254,0.37955865263938904
YOL164W,YER068W,0,-4.1507025,0.1738690882921219,0.7990708351135254,0.3796747922897339
YGL256W,YJL207C,0,-4.15091,0.17382515966892242,0.7990708351135254,0.37979093194007874
YDR524C,YJL148W,0,-4.1510253,0.17378126084804535,0.7990708351135254,0.3799070715904236
YJL111W,YKR059W,0,-4.1511664,0.17373737692832947,0.7990708351135254,0.3800232410430908
YLR078C,YBR127C,0,-4.1511674,0.17369350790977478,0.7990708351135254,0.38013938069343567
YGR003W,YLR346C,0,-4.15184,0.17364966869354248,0.7990708351135254,0.3802555203437805
YPL151C,YPR032W,0,-4.151901,0.17360585927963257,0.7990708351135254,0.38037165999412537
YBR185C,YBR295W,0,-4.151936,0.17356206476688385,0.7990708351135254,0.3804877996444702
YMR079W,YNL167C,0,-4.1520057,0.17351828515529633,0.7990708351135254,0.38060393929481506
YPL091W,YBR258C,0,-4.152008,0.1734745353460312,0.7990708351135254,0.3807200789451599
YCL014W,YNL153C,0,-4.152233,0.17343080043792725,0.7990708351135254,0.38083624839782715
YML102W,YLR007W,1,-4.1527963,0.17363911867141724,0.8002322912216187,0.38083624839782715
YMR001C,YMR139W,0,-4.153003,0.1735953688621521,0.8002322912216187,0.380952388048172
YJL006C,YPR036W,0,-4.1530094,0.17355163395404816,0.8002322912216187,0.38106852769851685
YIL034C,YFL036W,0,-4.153233,0.1735079288482666,0.8002322912216187,0.3811846673488617
YLR355C,YKL173W,0,-4.1537027,0.17346425354480743,0.8002322912216187,0.38130080699920654
YDL197C,YPL163C,0,-4.153836,0.17342059314250946,0.8002322912216187,0.3814169466495514
YPL059W,YJL207C,0,-4.1539187,0.17337694764137268,0.8002322912216187,0.38153308629989624
YLL018C-A,YKL101W,0,-4.153979,0.1733333319425583,0.8002322912216187,0.3816492557525635
YPL096C-A,YML127W,0,-4.154652,0.1732897311449051,0.8002322912216187,0.3817653954029083
YMR021C,YGR249W,0,-4.154896,0.17324616014957428,0.8002322912216187,0.3818815350532532
YML023C,YMR201C,1,-4.155,0.17345400154590607,0.8013937473297119,0.3818815350532532
YDR308C,YLR467W,0,-4.1552906,0.17341040074825287,0.8013937473297119,0.381997674703598
YFR003C,YPL033C,0,-4.155467,0.17336682975292206,0.8013937473297119,0.38211381435394287
YNL307C,YBR073W,1,-4.155483,0.17357447743415833,0.8025551438331604,0.38211381435394287
YNL281W,YIL109C,0,-4.1560493,0.17353089153766632,0.8025551438331604,0.3822299540042877
YDL087C,YBL102W,0,-4.156177,0.1734873205423355,0.8025551438331604,0.38234612345695496
YKL025C,YDR076W,1,-4.1562195,0.17369477450847626,0.8037165999412537,0.38234612345695496
YCL054W,YLR455W,0,-4.1562543,0.17365118861198425,0.8037165999412537,0.3824622631072998
YER167W,YDR289C,0,-4.1567416,0.17360763251781464,0.8037165999412537,0.38257840275764465
YDL088C,YOR319W,0,-4.1570306,0.17356407642364502,0.8037165999412537,0.3826945424079895
YHR042W,YIL053W,0,-4.1571307,0.17352056503295898,0.8037165999412537,0.38281068205833435
YML102W,YHR099W,1,-4.1573925,0.17372775077819824,0.8048780560493469,0.38281068205833435
YJR131W,YDR289C,0,-4.1574354,0.17368420958518982,0.8048780560493469,0.3829268217086792
YPR072W,YBR256C,0,-4.157705,0.17364069819450378,0.8048780560493469,0.38304296135902405
YNR015W,YAL009W,0,-4.1578155,0.17359720170497894,0.8048780560493469,0.3831591308116913
YOL043C,YOR346W,1,-4.157836,0.1738041639328003,0.8060395121574402,0.3831591308116913
YAR033W,YKL212W,0,-4.1579623,0.17376063764095306,0.8060395121574402,0.38327527046203613
YOR005C,YKL025C,1,-4.1582685,0.17396746575832367,0.8072009086608887,0.38327527046203613
YOL133W,YMR214W,0,-4.15827,0.17392392456531525,0.8072009086608887,0.383391410112381
YFL016C,YMR270C,0,-4.158562,0.1738804131746292,0.8072009086608887,0.38350754976272583
YGR230W,YNR026C,0,-4.1586537,0.17383691668510437,0.8072009086608887,0.3836236894130707
YNL327W,YKR086W,0,-4.158833,0.17379344999790192,0.8072009086608887,0.3837398290634155
YBR177C,YPR018W,0,-4.1588645,0.17374999821186066,0.8072009086608887,0.3838559687137604
YOR239W,YHR203C,0,-4.158912,0.17370657622814178,0.8072009086608887,0.3839721381664276
YGR224W,YPL258C,0,-4.1591187,0.1736631691455841,0.8072009086608887,0.38408827781677246
YDL200C,YLR007W,1,-4.159278,0.17386959493160248,0.8083623647689819,0.38408827781677246
YBR065C,YJR131W,0,-4.1597056,0.1738261729478836,0.8083623647689819,0.3842044174671173
YGL238W,YNR067C,0,-4.1598096,0.17378276586532593,0.8083623647689819,0.38432055711746216
YLR219W,YJR010C-A,0,-4.1598125,0.17373938858509064,0.8083623647689819,0.384436696767807
YKL112W,YML102W,1,-4.1598716,0.1739455908536911,0.8095238208770752,0.384436696767807
YJL065C,YMR283C,0,-4.1599746,0.17390219867229462,0.8095238208770752,0.38455283641815186
YDR337W,YML114C,0,-4.1600747,0.17385882139205933,0.8095238208770752,0.3846689760684967
YPR057W,YKR002W,0,-4.1606236,0.17381545901298523,0.8095238208770752,0.38478514552116394
YNL230C,YOL002C,0,-4.160724,0.17377212643623352,0.8095238208770752,0.3849012851715088
YJL065C,YLR268W,0,-4.1608663,0.173728808760643,0.8095238208770752,0.38501742482185364
YKR095W-A,YGR222W,0,-4.1610074,0.17368552088737488,0.8095238208770752,0.3851335644721985
YDR480W,YHR163W,0,-4.161077,0.17364224791526794,0.8095238208770752,0.38524970412254333
YMR153W,YML097C,0,-4.1615996,0.1735990047454834,0.8095238208770752,0.3853658437728882
YGL226C-A,YDR308C,0,-4.1621184,0.17355577647686005,0.8095238208770752,0.38548198342323303
YJL111W,YMR138W,0,-4.1623173,0.17351257801055908,0.8095238208770752,0.38559815287590027
YPL010W,YHL009C,0,-4.1623683,0.1734693944454193,0.8095238208770752,0.3857142925262451
YDL200C,YEL037C,1,-4.16242,0.1736750453710556,0.8106852769851685,0.3857142925262451
YLR277C,YAR009C,0,-4.162493,0.17363184690475464,0.8106852769851685,0.38583043217658997
YDL150W,YIL080W,0,-4.1630282,0.17358866333961487,0.8106852769851685,0.3859465718269348
YIL036W,YNL070W,0,-4.163135,0.1735454946756363,0.8106852769851685,0.38606271147727966
YBR065C,YER072W,0,-4.1631827,0.1735023558139801,0.8106852769851685,0.3861788511276245
YNL210W,YMR047C,0,-4.163535,0.1734592467546463,0.8106852769851685,0.38629502058029175
YDR318W,YPL118W,0,-4.1636147,0.1734161525964737,0.8106852769851685,0.3864111602306366
YNL014W,YMR216C,0,-4.1636295,0.17337307333946228,0.8106852769851685,0.38652729988098145
YHR006W,YGR129W,0,-4.1640577,0.17333002388477325,0.8106852769851685,0.3866434395313263
YER088C,YIL112W,0,-4.1646323,0.17328698933124542,0.8106852769851685,0.38675957918167114
YNL307C,YDL042C,1,-4.164719,0.1734921783208847,0.8118466734886169,0.38675957918167114
YBR177C,YMR076C,0,-4.164905,0.17344912886619568,0.8118466734886169,0.386875718832016
YBR008C,YKL042W,0,-4.165112,0.17340610921382904,0.8118466734886169,0.38699185848236084
YBR107C,YHR161C,0,-4.165229,0.1733630895614624,0.8118466734886169,0.3871080279350281
YEL060C,YFR029W,0,-4.1655498,0.17332011461257935,0.8118466734886169,0.3872241675853729
YNL312W,YDR180W,1,-4.1655984,0.17352503538131714,0.8130081295967102,0.3872241675853729
YBR177C,YHR203C,0,-4.1658216,0.1734820306301117,0.8130081295967102,0.3873403072357178
YHR061C,YCR061W,0,-4.1660585,0.17343905568122864,0.8130081295967102,0.3874564468860626
YHR023W,YIR022W,0,-4.1661897,0.17339608073234558,0.8130081295967102,0.38757258653640747
YFR052W,YKL080W,0,-4.166882,0.1733531504869461,0.8130081295967102,0.3876887261867523
YBR177C,YIL112W,0,-4.1670284,0.17331022024154663,0.8130081295967102,0.38780486583709717
YPL235W,YDR189W,0,-4.1671014,0.17326731979846954,0.8130081295967102,0.3879210352897644
YGL143C,YDR195W,0,-4.1673903,0.17322444915771484,0.8130081295967102,0.38803717494010925
YHL040C,YOL009C,0,-4.1675706,0.17318159341812134,0.8130081295967102,0.3881533145904541
YMR076C,YLL056C,0,-4.167635,0.17313875257968903,0.8130081295967102,0.38826945424079895
YDR478W,YCL005W-A,0,-4.167669,0.1730959415435791,0.8130081295967102,0.3883855938911438
YLR219W,YKL034W,0,-4.1678586,0.17305314540863037,0.8130081295967102,0.38850173354148865
YBL032W,YLR259C,0,-4.1678867,0.17301037907600403,0.8130081295967102,0.3886178731918335
YBR068C,YNL268W,0,-4.167889,0.17296762764453888,0.8130081295967102,0.38873404264450073
YER003C,YLR166C,0,-4.167992,0.17292490601539612,0.8130081295967102,0.3888501822948456
YER167W,YCL016C,0,-4.168229,0.17288219928741455,0.8130081295967102,0.38896632194519043
YJL133W,YEL041W,0,-4.168402,0.17283950746059418,0.8130081295967102,0.3890824615955353
YPL082C,YOL069W,0,-4.1687737,0.1727968454360962,0.8130081295967102,0.3891986012458801
YML129C,YJL034W,0,-4.169096,0.1727541983127594,0.8130081295967102,0.389314740896225
YHR073W,YJL145W,0,-4.169474,0.1727115660905838,0.8130081295967102,0.3894308805465698
YHR116W,YDR075W,0,-4.1697345,0.1726689636707306,0.8130081295967102,0.38954704999923706
YPR181C,YER005W,0,-4.1699834,0.17262639105319977,0.8130081295967102,0.3896631896495819
YPL100W,YJL102W,0,-4.170535,0.17258383333683014,0.8130081295967102,0.38977932929992676
YIL128W,YMR284W,1,-4.1706705,0.17278777062892914,0.8141695857048035,0.38977932929992676
YML129C,YGR181W,0,-4.1711073,0.17274519801139832,0.8141695857048035,0.3898954689502716
YOR249C,YKL165C,0,-4.171174,0.1727026402950287,0.8141695857048035,0.39001160860061646
YER179W,YOL113W,0,-4.1713185,0.17266009747982025,0.8141695857048035,0.3901277482509613
YGL073W,YOR340C,0,-4.1713295,0.1726175844669342,0.8141695857048035,0.39024388790130615
YNL127W,YDR328C,0,-4.1714582,0.17257508635520935,0.8141695857048035,0.3903600573539734
YOR329C,YPR181C,0,-4.1714854,0.17253261804580688,0.8141695857048035,0.39047619700431824
YJR092W,YNL070W,0,-4.171531,0.1724901646375656,0.8141695857048035,0.3905923366546631
YOR103C,YMR139W,0,-4.1716027,0.17244772613048553,0.8141695857048035,0.39070847630500793
YFL048C,YDR432W,0,-4.171619,0.17240531742572784,0.8141695857048035,0.3908246159553528
YOR099W,YLR262C,0,-4.172276,0.17236292362213135,0.8141695857048035,0.39094075560569763
YJL154C,YDR341C,0,-4.1725764,0.17232054471969604,0.8141695857048035,0.39105692505836487
YHR119W,YIR018W,0,-4.1728115,0.17227819561958313,0.8141695857048035,0.3911730647087097
YJL010C,YFL017W-A,0,-4.1731377,0.1722358763217926,0.8141695857048035,0.39128920435905457
YJR140C,YIR033W,0,-4.1732354,0.17219355702400208,0.8141695857048035,0.3914053440093994
YAR008W,YEL041W,0,-4.1732407,0.17215128242969513,0.8141695857048035,0.39152148365974426
YJR092W,YDL154W,0,-4.1734047,0.17210900783538818,0.8141695857048035,0.3916376233100891
YDL142C,YDR174W,0,-4.1735616,0.17206676304340363,0.8141695857048035,0.39175376296043396
YMR150C,YPR182W,0,-4.1736765,0.17202453315258026,0.8141695857048035,0.3918699324131012
YOR160W,YBL102W,0,-4.1736913,0.17198233306407928,0.8141695857048035,0.39198607206344604
YPR165W,YDR515W,0,-4.1737494,0.1719401478767395,0.8141695857048035,0.3921022117137909
YOR036W,YBL058W,0,-4.1743097,0.1718979924917221,0.8141695857048035,0.39221835136413574
YOL164W,YBR256C,0,-4.174672,0.1718558520078659,0.8141695857048035,0.3923344910144806
YKR086W,YBL102W,0,-4.1752925,0.1718137264251709,0.8141695857048035,0.39245063066482544
YPL096C-A,YJL102W,0,-4.1754622,0.17177163064479828,0.8141695857048035,0.3925667703151703
YDL230W,YOR254C,0,-4.1756825,0.17172954976558685,0.8141695857048035,0.3926829397678375
YOR087W,YGR054W,0,-4.1758256,0.17168748378753662,0.8141695857048035,0.3927990794181824
YHR171W,YMR052W,0,-4.17583,0.17164544761180878,0.8141695857048035,0.3929152190685272
YPR155C,YCR042C,0,-4.1761675,0.17160342633724213,0.8141695857048035,0.39303135871887207
YER164W,YIL120W,0,-4.1762614,0.17156143486499786,0.8141695857048035,0.3931474983692169
YDL079C,YGL226C-A,0,-4.1763735,0.1715194582939148,0.8141695857048035,0.39326363801956177
YDR046C,YOL164W,0,-4.176472,0.17147749662399292,0.8141695857048035,0.3933797776699066
YBL102W,YCR053W,0,-4.1766877,0.17143556475639343,0.8141695857048035,0.39349594712257385
YJL034W,YPR046W,0,-4.1768613,0.17139364778995514,0.8141695857048035,0.3936120867729187
YER142C,YIL128W,1,-4.1770062,0.17159618437290192,0.815330982208252,0.3936120867729187
YJL133W,YNR006W,0,-4.1778655,0.17155425250530243,0.815330982208252,0.39372822642326355
YKL139W,YOR260W,0,-4.1779017,0.17151233553886414,0.815330982208252,0.3938443660736084
YNL280C,YDR122W,0,-4.178128,0.17147044837474823,0.815330982208252,0.39396050572395325
YPL096C-A,YFR034C,0,-4.178191,0.17142857611179352,0.815330982208252,0.3940766453742981
YDR478W,YLL056C,0,-4.178279,0.17138671875,0.815330982208252,0.39419278502464294
YGL068W,YBL058W,0,-4.178713,0.17134489119052887,0.815330982208252,0.3943089544773102
YPL208W,YMR203W,0,-4.1789346,0.17130307853221893,0.815330982208252,0.39442509412765503
YJR093C,YLR384C,0,-4.17921,0.1712612807750702,0.815330982208252,0.3945412337779999
YJL128C,YML033W,0,-4.1793594,0.17121951282024384,0.815330982208252,0.3946573734283447
YML062C,YER117W,0,-4.1795907,0.17117775976657867,0.815330982208252,0.3947735130786896
YGR229C,YPR095C,0,-4.179859,0.1711360365152359,0.815330982208252,0.3948896527290344
YDR524C,YPL258C,0,-4.1803207,0.17109432816505432,0.815330982208252,0.3950057923793793
YBR132C,YBL033C,0,-4.180447,0.17105263471603394,0.815330982208252,0.3951219618320465
YMR052W,YDR453C,0,-4.1805882,0.17101095616817474,0.815330982208252,0.39523810148239136
YNL020C,YGL092W,0,-4.1807795,0.17096930742263794,0.815330982208252,0.3953542411327362
YDL029W,YPL269W,0,-4.1810174,0.17092768847942352,0.815330982208252,0.39547038078308105
YNL164C,YDR116C,0,-4.181441,0.1708860695362091,0.815330982208252,0.3955865204334259
YDL230W,YCL005W-A,0,-4.1818275,0.17084448039531708,0.815330982208252,0.39570266008377075
YGL073W,YDL019C,0,-4.1823955,0.17080292105674744,0.815330982208252,0.395818829536438
YDL008W,YML047C,0,-4.182503,0.170761376619339,0.815330982208252,0.39593496918678284
YBL050W,YCR061W,0,-4.182624,0.17071984708309174,0.815330982208252,0.3960511088371277
YPL110C,YJL128C,0,-4.182693,0.17067833244800568,0.815330982208252,0.39616724848747253
YOL156W,YBR058C-A,0,-4.1827416,0.170636847615242,0.815330982208252,0.3962833881378174
YBR039W,YLR335W,0,-4.1828365,0.17059537768363953,0.815330982208252,0.39639952778816223
YAL043C,YKL086W,0,-4.182862,0.17055393755435944,0.815330982208252,0.3965156674385071
YDR345C,YJL208C,0,-4.183454,0.17051251232624054,0.815330982208252,0.3966318368911743
YLR381W,YJL208C,0,-4.1836677,0.17047110199928284,0.815330982208252,0.39674797654151917
YAL015C,YMR284W,1,-4.1841707,0.1706724911928177,0.8164924383163452,0.39674797654151917
YPL021W,YNL167C,0,-4.184175,0.1706310659646988,0.8164924383163452,0.396864116191864
YER169W,YDL042C,1,-4.1850553,0.1708323210477829,0.8176538944244385,0.396864116191864
YPR083W,YCL063W,0,-4.1856,0.1707908809185028,0.8176538944244385,0.39698025584220886
YHR163W,YMR203W,0,-4.185787,0.1707494556903839,0.8176538944244385,0.3970963954925537
YKL112W,YML023C,1,-4.185962,0.1709505319595337,0.8188153505325317,0.3970963954925537
YDR116C,YDR081C,0,-4.1860785,0.1709090918302536,0.8188153505325317,0.39721253514289856
YDR083W,YNL167C,0,-4.1865273,0.1708676666021347,0.8188153505325317,0.3973286747932434
YJR074W,YHR041C,0,-4.1868253,0.1708262711763382,0.8188153505325317,0.39744484424591064
YBL016W,YBL032W,0,-4.186836,0.17078489065170288,0.8188153505325317,0.3975609838962555
YOL117W,YIL030C,0,-4.187171,0.17074352502822876,0.8188153505325317,0.39767712354660034
YOL156W,YMR076C,0,-4.187285,0.17070217430591583,0.8188153505325317,0.3977932631969452
YKL195W,YDR515W,0,-4.1874175,0.1706608533859253,0.8188153505325317,0.39790940284729004
YDL126C,YGR192C,0,-4.1874995,0.17061954736709595,0.8188153505325317,0.3980255424976349
YPL265W,YHR039C,0,-4.187707,0.170578271150589,0.8188153505325317,0.39814168214797974
YHR187W,YGL192W,0,-4.1878176,0.17053700983524323,0.8188153505325317,0.398257851600647
YDR040C,YPL188W,0,-4.187902,0.17049576342105865,0.8188153505325317,0.3983739912509918
YGL180W,YNL268W,0,-4.1882625,0.17045454680919647,0.8188153505325317,0.39849013090133667
YER028C,YBR295W,0,-4.188383,0.17041334509849548,0.8188153505325317,0.3986062705516815
YBR258C,YCL075W,0,-4.1884828,0.1703721582889557,0.8188153505325317,0.39872241020202637
YDR524C,YGL078C,0,-4.188734,0.17033100128173828,0.8188153505325317,0.3988385498523712
YKL029C,YDL140C,0,-4.189347,0.17028985917568207,0.8188153505325317,0.39895468950271606
YIL120W,YDL128W,0,-4.1897163,0.17024873197078705,0.8188153505325317,0.3990708589553833
YAR033W,YMR069W,0,-4.1899176,0.17020763456821442,0.8188153505325317,0.39918699860572815
YPR025C,YBL047C,0,-4.190292,0.17016655206680298,0.8188153505325317,0.399303138256073
YBR010W,YPR188C,0,-4.190453,0.17012548446655273,0.8188153505325317,0.39941927790641785
YJL021C,YBR008C,0,-4.190579,0.17008443176746368,0.8188153505325317,0.3995354175567627
YJR074W,YPR018W,0,-4.190762,0.17004340887069702,0.8188153505325317,0.39965155720710754
YDR432W,YDL150W,0,-4.1909165,0.17000241577625275,0.8188153505325317,0.3997677266597748
YPL018W,YKR095W-A,0,-4.1913867,0.16996142268180847,0.8188153505325317,0.39988386631011963
YMR029C,YDL006W,0,-4.1914363,0.16992045938968658,0.8188153505325317,0.4000000059604645
YER019W,YBL058W,0,-4.191587,0.1698795109987259,0.8188153505325317,0.4001161456108093
YBR258C,YLR467W,0,-4.1916294,0.16983859241008759,0.8188153505325317,0.4002322852611542
YMR232W,YCR042C,0,-4.1917033,0.16979768872261047,0.8188153505325317,0.400348424911499
YMR072W,YBL080C,0,-4.192034,0.16975679993629456,0.8188153505325317,0.40046456456184387
YML008C,YLR010C,0,-4.192164,0.16971594095230103,0.8188153505325317,0.4005807340145111
YDL079C,YMR270C,0,-4.1923904,0.1696750968694687,0.8188153505325317,0.40069687366485596
YMR162C,YHR001W-A,0,-4.1923976,0.16963426768779755,0.8188153505325317,0.4008130133152008
YFL017W-A,YDR131C,0,-4.1926403,0.1695934534072876,0.8188153505325317,0.40092915296554565
YOR217W,YDR359C,1,-4.192681,0.16979317367076874,0.8199767470359802,0.40092915296554565
YBR068C,YBR267W,0,-4.1926823,0.1697523444890976,0.8199767470359802,0.4010452926158905
YPR032W,YPL239W,0,-4.193019,0.16971154510974884,0.8199767470359802,0.40116143226623535
YPL224C,YOR160W,0,-4.1930366,0.16967074573040009,0.8199767470359802,0.4012775719165802
YEL062W,YER075C,0,-4.1931143,0.1696299910545349,0.8199767470359802,0.40139374136924744
YLR377C,YJR110W,0,-4.1932006,0.16958923637866974,0.8199767470359802,0.4015098810195923
YDR379W,YJR027W,0,-4.1933923,0.16954851150512695,0.8199767470359802,0.40162602066993713
YJL021C,YOR329C,0,-4.193775,0.16950780153274536,0.8199767470359802,0.401742160320282
YDR320C-A,YLR332W,0,-4.1940446,0.16946712136268616,0.8199767470359802,0.40185829997062683
YLR195C,YAL009W,0,-4.1941276,0.16942644119262695,0.8199767470359802,0.4019744396209717
YGL016W,YDR498C,0,-4.1945024,0.16938579082489014,0.8199767470359802,0.40209057927131653
YHR116W,YPR083W,0,-4.194736,0.1693451702594757,0.8199767470359802,0.40220674872398376
YDL143W,YGL122C,0,-4.19492,0.16930454969406128,0.8199767470359802,0.4023228883743286
YPL091W,YLR455W,0,-4.1949587,0.16926395893096924,0.8199767470359802,0.40243902802467346
YDR040C,YNL304W,0,-4.1950164,0.16922339797019958,0.8199767470359802,0.4025551676750183
YLR355C,YBL058W,0,-4.195105,0.16918283700942993,0.8199767470359802,0.40267130732536316
YDR021W,YER075C,0,-4.1954026,0.16914230585098267,0.8199767470359802,0.402787446975708
YDR335W,YCR084C,0,-4.1954527,0.1691017895936966,0.8199767470359802,0.40290358662605286
YOR099W,YDR086C,0,-4.1955953,0.1690613031387329,0.8199767470359802,0.4030197560787201
YFL016C,YNL282W,0,-4.1957707,0.16902083158493042,0.8199767470359802,0.40313589572906494
YCR028C,YLR293C,0,-4.195861,0.16898037493228912,0.8199767470359802,0.4032520353794098
YGL073W,YLR240W,0,-4.1961184,0.16893993318080902,0.8199767470359802,0.40336817502975464
YBL058W,YPR086W,0,-4.196506,0.1688995212316513,0.8199767470359802,0.4034843146800995
YKR095W,YMR266W,0,-4.1967373,0.16885912418365479,0.8199767470359802,0.40360045433044434
YBL047C,YCL063W,0,-4.1967435,0.16881874203681946,0.8199767470359802,0.4037165939807892
YFL025C,YBR233W-A,0,-4.196876,0.16877838969230652,0.8199767470359802,0.4038327634334564
YGL035C,YLR240W,0,-4.197046,0.16873805224895477,0.8199767470359802,0.40394890308380127
YFL048C,YKL018W,0,-4.197334,0.16869772970676422,0.8199767470359802,0.4040650427341461
YHR194W,YGL151W,0,-4.1978207,0.16865743696689606,0.8199767470359802,0.40418118238449097
YGR227W,YDL109C,0,-4.198546,0.1686171442270279,0.8199767470359802,0.4042973220348358
YGR041W,YBL016W,0,-4.1988845,0.16857688128948212,0.8199767470359802,0.40441346168518066
YPR200C,YJL129C,0,-4.1992908,0.16853664815425873,0.8199767470359802,0.4045296311378479
YBR038W,YDL195W,0,-4.1995616,0.16849641501903534,0.8199767470359802,0.40464577078819275
YBR160W,YIR018W,0,-4.19966,0.16845621168613434,0.8199767470359802,0.4047619104385376
YKL195W,YLR417W,0,-4.1996846,0.16841602325439453,0.8199767470359802,0.40487805008888245
YHR171W,YGL226C-A,0,-4.1996913,0.1683758646249771,0.8199767470359802,0.4049941897392273
YDR363W-A,YPR086W,0,-4.2000346,0.1683357208967209,0.8199767470359802,0.40511032938957214
YIL155C,YKL042W,0,-4.200174,0.16829559206962585,0.8199767470359802,0.405226469039917
YIL022W,YNL241C,0,-4.200274,0.16825547814369202,0.8199767470359802,0.40534263849258423
YOL043C,YOR386W,1,-4.2006154,0.1684536635875702,0.8211382031440735,0.40534263849258423
YOR239W,YDR276C,0,-4.2008433,0.16841353476047516,0.8211382031440735,0.4054587781429291
YIR033W,YLR059C,0,-4.200851,0.16837342083454132,0.8211382031440735,0.4055749177932739
YBR159W,YIL029C,0,-4.201015,0.16833333671092987,0.8211382031440735,0.4056910574436188
YIL112W,YNL186W,0,-4.201097,0.16829326748847961,0.8211382031440735,0.4058071970939636
YPL021W,YML055W,0,-4.201137,0.16825321316719055,0.8211382031440735,0.40592333674430847
YKL165C,YOR212W,0,-4.2012916,0.16821317374706268,0.8211382031440735,0.4060394763946533
YHR175W,YDR131C,0,-4.2017164,0.1681731641292572,0.8211382031440735,0.40615564584732056
YPR104C,YOR209C,0,-4.201779,0.16813316941261292,0.8211382031440735,0.4062717854976654
YMR047C,YJL108C,0,-4.2022777,0.16809320449829102,0.8211382031440735,0.40638792514801025
YGR129W,YKL056C,0,-4.2024555,0.16805323958396912,0.8211382031440735,0.4065040647983551
YOR171C,YGL008C,0,-4.2024674,0.1680133044719696,0.8211382031440735,0.40662020444869995
YHR171W,YIL034C,0,-4.2025657,0.1679733842611313,0.8211382031440735,0.4067363440990448
YKR095W,YHL036W,0,-4.202844,0.16793349385261536,0.8211382031440735,0.40685248374938965
YPL059W,YDR055W,0,-4.2033677,0.16789361834526062,0.8211382031440735,0.4069686532020569
YDR310C,YDR451C,0,-4.2035403,0.16785375773906708,0.8211382031440735,0.40708479285240173
YBL105C,YNL282W,0,-4.2038136,0.16781391203403473,0.8211382031440735,0.4072009325027466
YJL021C,YKL173W,0,-4.203853,0.16777408123016357,0.8211382031440735,0.40731707215309143
YIL061C,YKL086W,0,-4.2039914,0.1677342802286148,0.8211382031440735,0.4074332118034363
YGL011C,YLR425W,0,-4.204243,0.16769449412822723,0.8211382031440735,0.40754935145378113
YDR363W-A,YEL041W,0,-4.2045727,0.16765473783016205,0.8211382031440735,0.407665491104126
YKR086W,YNL167C,0,-4.204639,0.16761498153209686,0.8211382031440735,0.4077816605567932
YHR175W,YBR233W-A,0,-4.204822,0.16757525503635406,0.8211382031440735,0.40789780020713806
YER088C,YOR212W,0,-4.20484,0.16753554344177246,0.8211382031440735,0.4080139398574829
YER088C,YEL004W,0,-4.204883,0.16749584674835205,0.8211382031440735,0.40813007950782776
YJR076C,YBR267W,0,-4.204886,0.16745617985725403,0.8211382031440735,0.4082462191581726
YBL093C,YCR102C,0,-4.2050157,0.1674165278673172,0.8211382031440735,0.40836235880851746
YOR346W,YDR180W,1,-4.205032,0.16761364042758942,0.8222996592521667,0.40836235880851746
YOL001W,YFL036W,0,-4.2050614,0.1675739586353302,0.8222996592521667,0.4084784984588623
YFL021W,YOL122C,0,-4.2054057,0.16753430664539337,0.8222996592521667,0.40859466791152954
YDL135C,YOR329C,0,-4.2056403,0.16749468445777893,0.8222996592521667,0.4087108075618744
YKL016C,YGL192W,0,-4.205836,0.1674550622701645,0.8222996592521667,0.40882694721221924
YEL027W,YGR229C,0,-4.2060103,0.16741546988487244,0.8222996592521667,0.4089430868625641
YNL129W,YEL051W,0,-4.206164,0.16737589240074158,0.8222996592521667,0.40905922651290894
YDL045C,YCL075W,0,-4.2062135,0.1673363298177719,0.8222996592521667,0.4091753661632538
YIR022W,YJR102C,0,-4.2067018,0.16729678213596344,0.8222996592521667,0.409291535615921
YNL148C,YIL029C,0,-4.2069173,0.16725726425647736,0.8222996592521667,0.40940767526626587
YNL030W,YMR225C,0,-4.2071986,0.16721776127815247,0.8222996592521667,0.4095238149166107
YNL008C,YNL288W,0,-4.207461,0.16717827320098877,0.8222996592521667,0.40963995456695557
YGR268C,YPR095C,0,-4.2075486,0.16713881492614746,0.8222996592521667,0.4097560942173004
YHR169W,YBR008C,0,-4.2077165,0.16709935665130615,0.8222996592521667,0.40987223386764526
YPL091W,YFR013W,0,-4.20772,0.16705992817878723,0.8222996592521667,0.4099883735179901
YLR332W,YKR055W,0,-4.207853,0.1670205295085907,0.8222996592521667,0.41010454297065735
YJR017C,YGL092W,0,-4.2080975,0.16698113083839417,0.8222996592521667,0.4102206826210022
YJL207C,YHR119W,0,-4.208579,0.16694176197052002,0.8222996592521667,0.41033682227134705
YPL151C,YCL008C,0,-4.2086835,0.16690240800380707,0.8222996592521667,0.4104529619216919
YGL013C,YDR325W,0,-4.2087255,0.1668630689382553,0.8222996592521667,0.41056910157203674
YIR033W,YGL008C,0,-4.208741,0.16682374477386475,0.8222996592521667,0.4106852412223816
YMR013C,YLR425W,0,-4.2088475,0.16678445041179657,0.8222996592521667,0.41080138087272644
YGL065C,YGL084C,0,-4.208894,0.1667451709508896,0.8222996592521667,0.4109175503253937
YKL112W,YDL042C,1,-4.209163,0.16694137454032898,0.82346111536026,0.4109175503253937
YNL280C,YBL080C,0,-4.2093735,0.1669020652770996,0.82346111536026,0.4110336899757385
YPR083W,YCL005W-A,0,-4.2094636,0.16686278581619263,0.82346111536026,0.4111498296260834
YDR320C-A,YLR116W,0,-4.209519,0.16682353615760803,0.82346111536026,0.4112659692764282
YNL270C,YNL154C,0,-4.209661,0.16678428649902344,0.82346111536026,0.41138210892677307
YOR386W,YMR201C,1,-4.209914,0.16698025166988373,0.8246225118637085,0.41138210892677307
YIL034C,YGR227W,0,-4.210302,0.16694098711013794,0.8246225118637085,0.4114982485771179
YMR047C,YNL186W,0,-4.2103095,0.16690173745155334,0.8246225118637085,0.41161438822746277
YGR132C,YGR063C,0,-4.210379,0.16686251759529114,0.8246225118637085,0.41173055768013
YGR261C,YNL147W,0,-4.2108817,0.16682331264019012,0.8246225118637085,0.41184669733047485
YDR331W,YFL017W-A,0,-4.21094,0.1667841225862503,0.8246225118637085,0.4119628369808197
YJR017C,YFR003C,0,-4.2110114,0.16674494743347168,0.8246225118637085,0.41207897663116455
YJL208C,YIL084C,0,-4.211145,0.16670580208301544,0.8246225118637085,0.4121951162815094
YKL191W,YIL106W,0,-4.2114773,0.1666666716337204,0.8246225118637085,0.41231125593185425
YGL035C,YBR256C,0,-4.211617,0.16662755608558655,0.8246225118637085,0.4124273955821991
YIL084C,YLR346C,0,-4.211684,0.1665884554386139,0.8246225118637085,0.41254356503486633
YBR068C,YKL208W,0,-4.211692,0.16654938459396362,0.8246225118637085,0.4126597046852112
YPL235W,YJR027W,0,-4.2117305,0.16651031374931335,0.8246225118637085,0.41277584433555603
YKR095W-A,YPL033C,0,-4.2118015,0.16647127270698547,0.8246225118637085,0.4128919839859009
YOL049W,YPR052C,0,-4.211947,0.16643226146697998,0.8246225118637085,0.4130081236362457
YEL060C,YLR135W,0,-4.212048,0.1663932502269745,0.8246225118637085,0.4131242632865906
YOR079C,YDR276C,0,-4.212135,0.16635426878929138,0.8246225118637085,0.4132404327392578
YCL004W,YBR050C,0,-4.212229,0.16631530225276947,0.8246225118637085,0.41335657238960266
YNL008C,YML129C,0,-4.2124543,0.16627635061740875,0.8246225118637085,0.4134727120399475
YNL136W,YML032C,1,-4.2126384,0.16647155582904816,0.8257839679718018,0.4134727120399475
YDL145C,YPR182W,0,-4.213079,0.16643258929252625,0.8257839679718018,0.41358885169029236
YFR028C,YJR045C,0,-4.2132707,0.16639363765716553,0.8257839679718018,0.4137049913406372
YOR386W,YGL175C,1,-4.213369,0.1665886789560318,0.826945424079895,0.4137049913406372
YER164W,YOL020W,0,-4.213515,0.1665497124195099,0.826945424079895,0.41382113099098206
YAL022C,YGL092W,0,-4.213616,0.16651076078414917,0.826945424079895,0.4139372706413269
YOR239W,YHR124W,0,-4.213673,0.16647182404994965,0.826945424079895,0.41405344009399414
YNL262W,YDR180W,1,-4.213859,0.1666666716337204,0.8281068801879883,0.41405344009399414
YLR059C,YGR186W,0,-4.2140017,0.16662771999835968,0.8281068801879883,0.414169579744339
YGL062W,YOR088W,0,-4.214147,0.16658878326416016,0.8281068801879883,0.41428571939468384
YER044C,YEL016C,0,-4.2142053,0.16654987633228302,0.8281068801879883,0.4144018590450287
YBR065C,YHR001W-A,0,-4.214207,0.16651096940040588,0.8281068801879883,0.41451799869537354
YMR162C,YLR066W,0,-4.214275,0.16647209227085114,0.8281068801879883,0.4146341383457184
YBR210W,YIR022W,0,-4.214389,0.16643324494361877,0.8281068801879883,0.41475027799606323
YFR013W,YLR090W,0,-4.214398,0.1663943976163864,0.8281068801879883,0.41486644744873047
YFL011W,YHR187W,0,-4.214474,0.16635558009147644,0.8281068801879883,0.4149825870990753
YOR002W,YMR005W,0,-4.214502,0.16631677746772766,0.8281068801879883,0.41509872674942017
YFL029C,YDL140C,0,-4.214622,0.16627798974514008,0.8281068801879883,0.415214866399765
YNL220W,YOL156W,0,-4.214657,0.16623921692371368,0.8281068801879883,0.41533100605010986
YGL195W,YGR063C,0,-4.2153993,0.1662004590034485,0.8281068801879883,0.4154471457004547
YNR075W,YNR023W,0,-4.215446,0.16616173088550568,0.8281068801879883,0.41556328535079956
YEL062W,YMR283C,0,-4.215984,0.16612301766872406,0.8281068801879883,0.4156794548034668
YDR328C,YLR277C,0,-4.216419,0.16608431935310364,0.8281068801879883,0.41579559445381165
YGL180W,YCL027W,0,-4.216457,0.1660456508398056,0.8281068801879883,0.4159117341041565
YGR003W,YGR059W,0,-4.2165465,0.16600698232650757,0.8281068801879883,0.41602787375450134
YJR131W,YDR341C,0,-4.216627,0.16596834361553192,0.8281068801879883,0.4161440134048462
YKL101W,YGL006W,0,-4.2171435,0.16592971980571747,0.8281068801879883,0.41626015305519104
YGR202C,YDL128W,0,-4.2177606,0.1658911108970642,0.8281068801879883,0.4163762927055359
YER075C,YNL044W,0,-4.2178864,0.16585251688957214,0.8281068801879883,0.4164924621582031
YNL312W,YMR106C,1,-4.218865,0.16604651510715485,0.8292682766914368,0.4164924621582031
YGL068W,YPL190C,0,-4.2189918,0.1660079061985016,0.8292682766914368,0.416608601808548
YDR301W,YER179W,0,-4.219145,0.16596931219100952,0.8292682766914368,0.4167247414588928
YOR005C,YMR106C,1,-4.2192597,0.1661631464958191,0.83042973279953,0.4167247414588928
YBR068C,YBR162C,0,-4.2193866,0.16612453758716583,0.83042973279953,0.41684088110923767
YBR132C,YOR330C,0,-4.2198873,0.16608594357967377,0.83042973279953,0.4169570207595825
YNL014W,YMR089C,0,-4.219971,0.1660473793745041,0.83042973279953,0.41707316040992737
YLL061W,YNR015W,0,-4.220461,0.1660088300704956,0.83042973279953,0.4171893000602722
YNL030W,YPL192C,0,-4.2205577,0.16597028076648712,0.83042973279953,0.41730546951293945
YKL055C,YPL033C,0,-4.220653,0.16593177616596222,0.83042973279953,0.4174216091632843
YAL043C,YIL029C,0,-4.2208385,0.16589327156543732,0.83042973279953,0.41753774881362915
YMR153W,YKL122C,0,-4.2211347,0.1658547967672348,0.83042973279953,0.417653888463974
YDL154W,YMR079W,0,-4.221307,0.1658163219690323,0.83042973279953,0.41777002811431885
YMR150C,YPR070W,0,-4.221342,0.16577787697315216,0.83042973279953,0.4178861677646637
YER019W,YIL080W,0,-4.222983,0.16573944687843323,0.83042973279953,0.41800233721733093
YMR119W,YOR036W,0,-4.22312,0.16570104658603668,0.83042973279953,0.4181184768676758
YBL032W,YDR308C,0,-4.223759,0.16566264629364014,0.83042973279953,0.41823461651802063
YOR221C,YLR329W,0,-4.223842,0.16562427580356598,0.83042973279953,0.4183507561683655
YDR086C,YPL239W,0,-4.223905,0.16558592021465302,0.83042973279953,0.4184668958187103
YMR073C,YER072W,0,-4.223908,0.16554757952690125,0.83042973279953,0.4185830354690552
YGL062W,YNL032W,0,-4.224036,0.16550925374031067,0.83042973279953,0.4186991751194
YNL274C,YDL154W,0,-4.2241187,0.16547095775604248,0.83042973279953,0.41881534457206726
YDR481C,YPR018W,0,-4.2244964,0.16543267667293549,0.83042973279953,0.4189314842224121
YMR069W,YML093W,0,-4.2247105,0.1653943955898285,0.83042973279953,0.41904762387275696
YGL172W,YGR192C,0,-4.224759,0.16535614430904388,0.83042973279953,0.4191637635231018
YML055W,YPL258C,0,-4.2247787,0.16531792283058167,0.83042973279953,0.41927990317344666
YML129C,YGL219C,0,-4.224837,0.16527970135211945,0.83042973279953,0.4193960428237915
YMR026C,YMR013C,0,-4.225039,0.16524150967597961,0.83042973279953,0.41951218247413635
YNL220W,YFR013W,0,-4.225127,0.16520333290100098,0.83042973279953,0.4196283519268036
YBR073W,YOR346W,1,-4.2253056,0.16539616882801056,0.8315911889076233,0.4196283519268036
YJR022W,YLR219W,0,-4.2256217,0.16535796225070953,0.8315911889076233,0.41974449157714844
YNL148C,YEL027W,0,-4.2260523,0.1653197854757309,0.8315911889076233,0.4198606312274933
YPL082C,YDL195W,0,-4.2260747,0.16528162360191345,0.8315911889076233,0.41997677087783813
YNL020C,YPL060W,0,-4.226192,0.1652434766292572,0.8315911889076233,0.420092910528183
YNL068C,YNL323W,0,-4.226221,0.16520535945892334,0.8315911889076233,0.42020905017852783
YNL210W,YDR181C,0,-4.2262235,0.16516724228858948,0.8315911889076233,0.4203251898288727
YDR191W,YDR456W,0,-4.2262363,0.165129154920578,0.8315911889076233,0.4204413592815399
YPL248C,YDL235C,0,-4.226276,0.16509108245372772,0.8315911889076233,0.42055749893188477
YFL025C,YDR098C,0,-4.2264223,0.16505302488803864,0.8315911889076233,0.4206736385822296
YKR095W-A,YOR307C,0,-4.22651,0.16501498222351074,0.8315911889076233,0.42078977823257446
YHR041C,YLR193C,0,-4.2265177,0.16497695446014404,0.8315911889076233,0.4209059178829193
YOR034C,YJL108C,0,-4.2265363,0.16493895649909973,0.8315911889076233,0.42102205753326416
YNL327W,YLR006C,0,-4.226585,0.1649009734392166,0.8315911889076233,0.421138197183609
YOL039W,YBR058C-A,0,-4.2267623,0.1648630052804947,0.8315911889076233,0.42125436663627625
YDR481C,YIL109C,0,-4.226766,0.16482505202293396,0.8315911889076233,0.4213705062866211
YDR309C,YMR005W,0,-4.2268586,0.16478711366653442,0.8315911889076233,0.42148664593696594
YJR092W,YPL110C,0,-4.2268867,0.16474919021129608,0.8315911889076233,0.4216027855873108
YDL006W,YLR455W,0,-4.2269692,0.16471129655838013,0.8315911889076233,0.42171892523765564
YOL121C,YIL029C,0,-4.226997,0.16467341780662537,0.8315911889076233,0.4218350648880005
YOR241W,YBR273C,0,-4.227473,0.1646355539560318,0.8315911889076233,0.4219512343406677
YJR083C,YHR193C,0,-4.2275386,0.16459770500659943,0.8315911889076233,0.4220673739910126
YIL036W,YGL011C,0,-4.2276797,0.16455987095832825,0.8315911889076233,0.4221835136413574
YDL142C,YJL214W,0,-4.227799,0.16452205181121826,0.8315911889076233,0.42229965329170227
YOR206W,YDL170W,0,-4.2285304,0.16448426246643066,0.8315911889076233,0.4224157929420471
YPL060W,YCR072C,0,-4.2286115,0.16444648802280426,0.8315911889076233,0.42253193259239197
YJL021C,YDR165W,0,-4.2290263,0.16440872848033905,0.8315911889076233,0.4226480722427368
YCR038C,YIR022W,0,-4.2290273,0.16437098383903503,0.8315911889076233,0.42276424169540405
YER114C,YPL234C,0,-4.229131,0.1643332540988922,0.8315911889076233,0.4228803813457489
YDR320C-A,YNL302C,0,-4.2292547,0.16429555416107178,0.8315911889076233,0.42299652099609375
YJR083C,YGL238W,0,-4.22985,0.16425785422325134,0.8315911889076233,0.4231126606464386
YOL049W,YDR397C,0,-4.2298884,0.1642201840877533,0.8315911889076233,0.42322880029678345
YNR006W,YOL105C,0,-4.229898,0.16418252885341644,0.8315911889076233,0.4233449399471283
YDR397C,YCL074W,0,-4.229915,0.16414488852024078,0.8315911889076233,0.42346107959747314
YER114C,YEL004W,0,-4.23016,0.16410726308822632,0.8315911889076233,0.4235772490501404
YDR524C,YOR340C,0,-4.230247,0.16406966745853424,0.8315911889076233,0.42369338870048523
YNL312W,YLR005W,1,-4.23034,0.16426116228103638,0.8327525854110718,0.42369338870048523
YFL003C,YDL019C,0,-4.2303967,0.1642235517501831,0.8327525854110718,0.4238095283508301
YDR386W,YOR346W,1,-4.2304664,0.1644149273633957,0.833914041519165,0.4238095283508301
YML058W-A,YJR010C-A,0,-4.230598,0.16437728703022003,0.833914041519165,0.4239256680011749
YPR200C,YHR042W,0,-4.2307653,0.16433966159820557,0.833914041519165,0.4240418076515198
YNL032W,YCR084C,0,-4.2308135,0.1643020659685135,0.833914041519165,0.4241579473018646
YNL149C,YMR089C,0,-4.230887,0.1642644703388214,0.833914041519165,0.4242740869522095
YDR453C,YIL063C,0,-4.231322,0.16422690451145172,0.833914041519165,0.4243902564048767
YPR036W,YNL154C,0,-4.231585,0.16418933868408203,0.833914041519165,0.42450639605522156
YIR041W,YNL222W,0,-4.2316437,0.16415180265903473,0.833914041519165,0.4246225357055664
YNR026C,YLR066W,0,-4.23179,0.16411428153514862,0.833914041519165,0.42473867535591125
YLL015W,YBR283C,0,-4.2318807,0.1640767753124237,0.833914041519165,0.4248548150062561
YDR174W,YIL053W,0,-4.23202,0.16403929889202118,0.833914041519165,0.42497095465660095
YGL105W,YLR319C,0,-4.2320414,0.16400182247161865,0.833914041519165,0.4250870943069458
YJL207C,YFL016C,0,-4.2320623,0.1639643758535385,0.833914041519165,0.42520326375961304
YGR010W,YBL105C,0,-4.2322097,0.16392694413661957,0.833914041519165,0.4253194034099579
YGR041W,YER070W,0,-4.2324843,0.16388952732086182,0.833914041519165,0.42543554306030273
YMR296C,YNL302C,0,-4.2327113,0.16385212540626526,0.833914041519165,0.4255516827106476
YMR201C,YDR359C,1,-4.232943,0.1640428900718689,0.8350754976272583,0.4255516827106476
YDL135C,YER070W,0,-4.2332025,0.16400547325611115,0.8350754976272583,0.42566782236099243
YHR116W,YNL186W,0,-4.233359,0.1639680713415146,0.8350754976272583,0.4257839620113373
YIR041W,YBR024W,0,-4.233415,0.16393068432807922,0.8350754976272583,0.42590010166168213
YNL327W,YDL109C,0,-4.233689,0.16389332711696625,0.8350754976272583,0.42601627111434937
YJL065C,YPR155C,0,-4.233993,0.16385596990585327,0.8350754976272583,0.4261324107646942
YDR273W,YDR393W,0,-4.2340903,0.16381864249706268,0.8350754976272583,0.42624855041503906
YMR069W,YER031C,0,-4.2341943,0.1637813150882721,0.8350754976272583,0.4263646900653839
YGR033C,YNL154C,0,-4.2342544,0.1637440174818039,0.8350754976272583,0.42648082971572876
YML008C,YOL108C,0,-4.234298,0.1637067347764969,0.8350754976272583,0.4265969693660736
YAL054C,YGR230W,0,-4.2344337,0.16366946697235107,0.8350754976272583,0.42671313881874084
YOL164W,YML092C,0,-4.2346225,0.16363222897052765,0.8350754976272583,0.4268292784690857
YIL084C,YPL258C,0,-4.2352166,0.16359499096870422,0.8350754976272583,0.42694541811943054
YAR033W,YBL105C,0,-4.235741,0.16355778276920319,0.8350754976272583,0.4270615577697754
YNL307C,YGR258C,1,-4.2357674,0.16374801099300385,0.8362369537353516,0.4270615577697754
YJL129C,YNL241C,0,-4.23591,0.16371077299118042,0.8362369537353516,0.42717769742012024
YDL232W,YBR283C,0,-4.2362237,0.16367356479167938,0.8362369537353516,0.4272938370704651
YBR186W,YJR086W,0,-4.2363906,0.16363635659217834,0.8362369537353516,0.42740997672080994
YKL085W,YDR308C,0,-4.2364693,0.1635991781949997,0.8362369537353516,0.4275261461734772
YJL021C,YKL055C,0,-4.236524,0.16356201469898224,0.8362369537353516,0.427642285823822
YLR007W,YEL037C,1,-4.2365494,0.1637519896030426,0.8373983502388,0.427642285823822
YDR432W,YDL006W,0,-4.2368407,0.16371481120586395,0.8373983502388,0.42775842547416687
YLR304C,YIL120W,0,-4.2370963,0.1636776328086853,0.8373983502388,0.4278745651245117
YNR067C,YJL208C,0,-4.2373548,0.16364048421382904,0.8373983502388,0.42799070477485657
YMR026C,YPL026C,0,-4.237504,0.16360336542129517,0.8373983502388,0.4281068444252014
YPL091W,YMR183C,0,-4.23754,0.1635662466287613,0.8373983502388,0.42822298407554626
YAL007C,YJR086W,0,-4.237676,0.1635291427373886,0.8373983502388,0.4283391535282135
YNL020C,YBR240C,0,-4.237777,0.16349206864833832,0.8373983502388,0.42845529317855835
YFL010W-A,YLR010C,0,-4.238089,0.16345499455928802,0.8373983502388,0.4285714328289032
YNL027W,YLR192C,0,-4.2381015,0.16341795027256012,0.8373983502388,0.42868757247924805
YOR386W,YOR346W,1,-4.238239,0.16360752284526825,0.8385598063468933,0.42868757247924805
YOL049W,YGR054W,0,-4.2383885,0.16357046365737915,0.8385598063468933,0.4288037121295929
YKR055W,YJR086W,0,-4.238771,0.16353340446949005,0.8385598063468933,0.42891985177993774
YOR239W,YOL156W,0,-4.238821,0.16349637508392334,0.8385598063468933,0.4290359914302826
YPL190C,YMR175W,0,-4.238855,0.16345936059951782,0.8385598063468933,0.42915216088294983
YML033W,YBR283C,0,-4.2393217,0.1634223610162735,0.8385598063468933,0.4292683005332947
YBR211C,YNR075W,0,-4.239439,0.16338537633419037,0.8385598063468933,0.4293844401836395
YML129C,YJL214W,0,-4.239441,0.16334842145442963,0.8385598063468933,0.4295005798339844
YDR425W,YBR083W,0,-4.2396646,0.16331146657466888,0.8385598063468933,0.4296167194843292
YIL142W,YDR318W,0,-4.239844,0.16327454149723053,0.8385598063468933,0.4297328591346741
YDR214W,YFL017W-A,0,-4.239887,0.16323761641979218,0.8385598063468933,0.4298489987850189
YBR210W,YIL022W,0,-4.2402434,0.1632007211446762,0.8385598063468933,0.42996516823768616
YKR095W-A,YLR248W,0,-4.240441,0.16316384077072144,0.8385598063468933,0.430081307888031
YLR242C,YLR068W,0,-4.2404485,0.16312697529792786,0.8385598063468933,0.43019744753837585
YGR262C,YDR081C,0,-4.2405734,0.16309012472629547,0.8385598063468933,0.4303135871887207
YNL268W,YKR086W,0,-4.2407885,0.16305330395698547,0.8385598063468933,0.43042972683906555
YOR206W,YOR106W,0,-4.240869,0.16301648318767548,0.8385598063468933,0.4305458664894104
YOR330C,YLL056C,0,-4.2412715,0.16297967731952667,0.8385598063468933,0.43066200613975525
YNL307C,YDR386W,1,-4.241476,0.16316857933998108,0.8397212624549866,0.43066200613975525
YHL040C,YGR262C,0,-4.2416587,0.16313177347183228,0.8397212624549866,0.4307781755924225
YLR319C,YHL036W,0,-4.2419333,0.16309496760368347,0.8397212624549866,0.43089431524276733
YGL226C-A,YKL173W,0,-4.2420163,0.16305819153785706,0.8397212624549866,0.4310104548931122
YDR320C-A,YJL184W,0,-4.2421527,0.16302141547203064,0.8397212624549866,0.43112659454345703
YMR072W,YOL156W,0,-4.2429194,0.1629846692085266,0.8397212624549866,0.4312427341938019
YNL148C,YLR425W,0,-4.2430573,0.16294793784618378,0.8397212624549866,0.43135887384414673
YBR218C,YBR050C,0,-4.243523,0.16291122138500214,0.8397212624549866,0.43147504329681396
YAR033W,YBL058W,0,-4.2437205,0.1628745198249817,0.8397212624549866,0.4315911829471588
YNL009W,YNL210W,0,-4.2439885,0.16283783316612244,0.8397212624549866,0.43170732259750366
YMR021C,YGR158C,0,-4.2440023,0.16280117630958557,0.8397212624549866,0.4318234622478485
YOR039W,YPL210C,0,-4.2440557,0.1627645194530487,0.8397212624549866,0.43193960189819336
YKR002W,YDR498C,0,-4.2441564,0.16272789239883423,0.8397212624549866,0.4320557415485382
YNL009W,YGR180C,0,-4.244161,0.16269126534461975,0.8397212624549866,0.43217188119888306
YLR205C,YLR059C,0,-4.2445536,0.16265466809272766,0.8397212624549866,0.4322880506515503
YFL029C,YER028C,0,-4.2448425,0.16261808574199677,0.8397212624549866,0.43240419030189514
YBR059C,YGL004C,0,-4.2449484,0.16258151829242706,0.8397212624549866,0.43252032995224
YMR153W,YOL121C,0,-4.24519,0.16254496574401855,0.8397212624549866,0.43263646960258484
YLL018C-A,YGL238W,0,-4.245297,0.16250842809677124,0.8397212624549866,0.4327526092529297
YIR033W,YOR230W,0,-4.245301,0.16247190535068512,0.8397212624549866,0.43286874890327454
YPL100W,YIL080W,0,-4.2453494,0.1624354124069214,0.8397212624549866,0.4329848885536194
YPR020W,YGR249W,0,-4.2455726,0.16239891946315765,0.8397212624549866,0.4331010580062866
YDR515W,YLR455W,0,-4.2456098,0.1623624563217163,0.8397212624549866,0.43321719765663147
YML098W,YML131W,0,-4.245729,0.16232599318027496,0.8397212624549866,0.4333333373069763
YER164W,YDL079C,0,-4.245815,0.162289559841156,0.8397212624549866,0.43344947695732117
YJR091C,YJR102C,0,-4.245826,0.16225314140319824,0.8397212624549866,0.433565616607666
YER044C,YCL074W,0,-4.245953,0.16221673786640167,0.8397212624549866,0.43368175625801086
YAL015C,YHR099W,1,-4.2462554,0.16240467131137848,0.8408827185630798,0.43368175625801086
YLR355C,YNR006W,0,-4.246324,0.16236823797225952,0.8408827185630798,0.4337978959083557
YNL280C,YER044C,0,-4.2466288,0.16233183443546295,0.8408827185630798,0.43391406536102295
YLR006C,YCR102C,0,-4.246729,0.16229544579982758,0.8408827185630798,0.4340302050113678
YBL058W,YHR041C,0,-4.2468553,0.1622590720653534,0.8408827185630798,0.43414634466171265
YLL061W,YOR087W,0,-4.2470393,0.1622227132320404,0.8408827185630798,0.4342624843120575
YGR261C,YPL091W,0,-4.247208,0.1621863842010498,0.8408827185630798,0.43437862396240234
YMR263W,YGR211W,0,-4.247249,0.1621500551700592,0.8408827185630798,0.4344947636127472
YML049C,YDR059C,0,-4.2474747,0.1621137410402298,0.8408827185630798,0.43461090326309204
YAR033W,YBR050C,0,-4.2476707,0.16207745671272278,0.8408827185630798,0.4347270727157593
YGL003C,YER138C,0,-4.247708,0.16204118728637695,0.8408827185630798,0.4348432123661041
YPL269W,YHR163W,0,-4.2477646,0.16200491786003113,0.8408827185630798,0.434959352016449
YML023C,YMR284W,1,-4.248245,0.16219238936901093,0.8420441150665283,0.434959352016449
YFL057C,YMR214W,0,-4.2482944,0.1621561199426651,0.8420441150665283,0.4350754916667938
YMR026C,YIL080W,0,-4.248401,0.16211985051631927,0.8420441150665283,0.43519163131713867
YMR119W,YGR111W,0,-4.2485156,0.16208361089229584,0.8420441150665283,0.4353077709674835
YER032W,YLR059C,0,-4.248541,0.1620473861694336,0.8420441150665283,0.43542394042015076
YPR138C,YMR139W,0,-4.248567,0.16201117634773254,0.8420441150665283,0.4355400800704956
YDL013W,YJR074W,0,-4.2485805,0.1619749814271927,0.8420441150665283,0.43565621972084045
YOL156W,YOR272W,0,-4.2487454,0.16193880140781403,0.8420441150665283,0.4357723593711853
YOL077W-A,YDL138W,0,-4.2487903,0.16190263628959656,0.8420441150665283,0.43588849902153015
YPR104C,YJL108C,0,-4.2489133,0.16186648607254028,0.8420441150665283,0.436004638671875
YHR116W,YDR009W,0,-4.249319,0.1618303507566452,0.8420441150665283,0.43612077832221985
YNR054C,YNL032W,0,-4.2493567,0.1617942452430725,0.8420441150665283,0.4362369477748871
YKL005C,YML058W-A,0,-4.2493606,0.16175813972949982,0.8420441150665283,0.43635308742523193
YEL016C,YML047C,0,-4.249362,0.1617220640182495,0.8420441150665283,0.4364692270755768
YKR095W,YPR036W,0,-4.2494493,0.1616859883069992,0.8420441150665283,0.43658536672592163
YBR233W-A,YAL044C,0,-4.2495394,0.1616499423980713,0.8420441150665283,0.4367015063762665
YER001W,YBL050W,0,-4.2500267,0.16161391139030457,0.8420441150665283,0.43681764602661133
YOR241W,YOL105C,0,-4.2501435,0.16157789528369904,0.8420441150665283,0.4369337856769562
YKL173W,YDL109C,0,-4.250171,0.1615418940782547,0.8420441150665283,0.4370499551296234
YJR131W,YCR053W,0,-4.2502217,0.16150590777397156,0.8420441150665283,0.43716609477996826
YML080W,YML098W,0,-4.25027,0.1614699363708496,0.8420441150665283,0.4372822344303131
YHL036W,YMR079W,0,-4.2509065,0.16143397986888885,0.8420441150665283,0.43739837408065796
YJL121C,YBR127C,0,-4.251233,0.1613980382680893,0.8420441150665283,0.4375145137310028
YPL242C,YBR192W,0,-4.251328,0.16136211156845093,0.8420441150665283,0.43763065338134766
YIL128W,YER169W,1,-4.25138,0.16154873371124268,0.8432055711746216,0.43763065338134766
YKR095W-A,YHR163W,0,-4.2514634,0.16151279211044312,0.8432055711746216,0.4377467930316925
YKL021C,YOL122C,0,-4.2517467,0.16147686541080475,0.8432055711746216,0.43786296248435974
YNL027W,YNL327W,0,-4.251925,0.16144095361232758,0.8432055711746216,0.4379791021347046
YIR041W,YNL088W,0,-4.2520328,0.1614050716161728,0.8432055711746216,0.43809524178504944
YGR158C,YKL166C,0,-4.252374,0.161369189620018,0.8432055711746216,0.4382113814353943
YNL323W,YOR307C,0,-4.2524486,0.1613333374261856,0.8432055711746216,0.43832752108573914
YBR050C,YHR167W,0,-4.2528124,0.1612974852323532,0.8432055711746216,0.438443660736084
YFL057C,YIR033W,0,-4.2529187,0.1612616628408432,0.8432055711746216,0.43855980038642883
YML058W-A,YPR181C,0,-4.2529187,0.16122585535049438,0.8432055711746216,0.43867596983909607
YLR011W,YGR249W,0,-4.2530665,0.16119004786014557,0.8432055711746216,0.4387921094894409
YFR028C,YPL010W,0,-4.2531343,0.16115427017211914,0.8432055711746216,0.43890824913978577
YOR346W,YMR284W,1,-4.2531543,0.16134043037891388,0.8443670272827148,0.43890824913978577
YNL065W,YBR038W,0,-4.2533927,0.16130463778972626,0.8443670272827148,0.4390243887901306
YJL090C,YHR099W,1,-4.2534404,0.16149067878723145,0.8455284833908081,0.4390243887901306
YKL191W,YPR086W,0,-4.253607,0.16145487129688263,0.8455284833908081,0.43914052844047546
YGL180W,YGR284C,0,-4.2538924,0.1614190638065338,0.8455284833908081,0.4392566680908203
YMR225C,YDR081C,0,-4.2539687,0.16138328611850739,0.8455284833908081,0.43937280774116516
YOR103C,YNL311C,0,-4.2542286,0.16134752333164215,0.8455284833908081,0.4394889771938324
YJR083C,YKL086W,0,-4.2545896,0.16131176054477692,0.8455284833908081,0.43960511684417725
YPL021W,YDL181W,0,-4.2548914,0.16127602756023407,0.8455284833908081,0.4397212564945221
YMR012W,YKL034W,0,-4.255037,0.16124030947685242,0.8455284833908081,0.43983739614486694
YPL091W,YLR135W,0,-4.2553,0.16120460629463196,0.8455284833908081,0.4399535357952118
YML032C,YDR076W,1,-4.255399,0.1613903045654297,0.8466898798942566,0.4399535357952118
YGR155W,YML033W,0,-4.2555604,0.16135458648204803,0.8466898798942566,0.44006967544555664
YKL165C,YLR417W,0,-4.2555795,0.16131888329982758,0.8466898798942566,0.4401858448982239
YPR134W,YHR012W,0,-4.2555842,0.16128318011760712,0.8466898798942566,0.4403019845485687
YOL108C,YOR221C,0,-4.2556953,0.16124750673770905,0.8466898798942566,0.4404181241989136
YBR059C,YPL269W,0,-4.2558684,0.16121184825897217,0.8466898798942566,0.4405342638492584
YKL122C,YCR084C,0,-4.2560005,0.16117620468139648,0.8466898798942566,0.44065040349960327
YDL088C,YMR150C,0,-4.2560854,0.1611405909061432,0.8466898798942566,0.4407665431499481
YDL195W,YHR181W,0,-4.2564178,0.1611049771308899,0.8466898798942566,0.44088268280029297
YGL053W,YIL129C,0,-4.256492,0.1610693782567978,0.8466898798942566,0.4409988522529602
YML047C,YBR049C,0,-4.256719,0.16103379428386688,0.8466898798942566,0.44111499190330505
YLR192C,YOL045W,0,-4.2567587,0.16099824011325836,0.8466898798942566,0.4412311315536499
YJL034W,YJR131W,0,-4.25689,0.16096268594264984,0.8466898798942566,0.44134727120399475
YJL090C,YNL307C,1,-4.2569137,0.16114790737628937,0.8478513360023499,0.44134727120399475
YGL065C,YKL011C,0,-4.257208,0.16111233830451965,0.8478513360023499,0.4414634108543396
YFL013C,YIR022W,0,-4.2576385,0.16107678413391113,0.8478513360023499,0.44157955050468445
YKR002W,YDR398W,0,-4.257699,0.161041259765625,0.8478513360023499,0.4416956901550293
YDR345C,YLR166C,0,-4.2577276,0.16100573539733887,0.8478513360023499,0.44181185960769653
YJL208C,YAL032C,0,-4.257919,0.16097022593021393,0.8478513360023499,0.4419279992580414
YPL101W,YDR335W,0,-4.258344,0.16093474626541138,0.8478513360023499,0.44204413890838623
YBR068C,YGR059W,0,-4.258468,0.16089926660060883,0.8478513360023499,0.4421602785587311
YNL009W,YML047C,0,-4.2584844,0.16086381673812866,0.8478513360023499,0.4422764182090759
YGR268C,YOR322C,0,-4.2589107,0.1608283817768097,0.8478513360023499,0.4423925578594208
YHR039C,YGL092W,0,-4.2590528,0.16079294681549072,0.8478513360023499,0.4425086975097656
YNL065W,YDR205W,0,-4.259119,0.16075754165649414,0.8478513360023499,0.44262486696243286
YLR160C,YKR055W,0,-4.2596736,0.16072215139865875,0.8478513360023499,0.4427410066127777
YPL202C,YDR398W,0,-4.2597623,0.16068677604198456,0.8478513360023499,0.44285714626312256
YDL195W,YNL304W,0,-4.260208,0.16065141558647156,0.8478513360023499,0.4429732859134674
YKL112W,YNL136W,1,-4.2604027,0.1608360856771469,0.8490127921104431,0.4429732859134674
YLR034C,YDL217C,0,-4.260419,0.16080071032047272,0.8490127921104431,0.44308942556381226
YMR047C,YPR065W,0,-4.260788,0.16076533496379852,0.8490127921104431,0.4432055652141571
YMR079W,YBL102W,0,-4.260875,0.16072998940944672,0.8490127921104431,0.44332170486450195
YNL074C,YGR014W,0,-4.261195,0.1606946587562561,0.8490127921104431,0.4434378743171692
YJL108C,YOR172W,0,-4.261205,0.16065934300422668,0.8490127921104431,0.44355401396751404
YPL192C,YIL109C,0,-4.2612267,0.16062404215335846,0.8490127921104431,0.4436701536178589
YGR227W,YKR076W,0,-4.2613015,0.16058875620365143,0.8490127921104431,0.44378629326820374
YDL013W,YKL165C,0,-4.2614174,0.1605534851551056,0.8490127921104431,0.4439024329185486
YDR480W,YGL068W,0,-4.2614446,0.16051822900772095,0.8490127921104431,0.44401857256889343
YNL274C,YCL019W,0,-4.2615724,0.1604829877614975,0.8490127921104431,0.4441347122192383
YLR431C,YNL153C,0,-4.261882,0.16044776141643524,0.8490127921104431,0.4442508816719055
YLR110C,YPR095C,0,-4.2620144,0.16041254997253418,0.8490127921104431,0.44436702132225037
YFL021W,YPR032W,0,-4.2621646,0.1603773534297943,0.8490127921104431,0.4444831609725952
YOR034C,YOR008C-A,0,-4.2623096,0.16034218668937683,0.8490127921104431,0.44459930062294006
YBR073W,YNL312W,1,-4.2623405,0.1605263203382492,0.8501741886138916,0.44459930062294006
YDL117W,YBR186W,0,-4.262613,0.16049112379550934,0.8501741886138916,0.4447154402732849
YEL016C,YGL151W,0,-4.262654,0.16045594215393066,0.8501741886138916,0.44483157992362976
YKL005C,YGR111W,0,-4.263323,0.16042077541351318,0.8501741886138916,0.444947749376297
YOL133W,YOL117W,0,-4.263398,0.1603856235742569,0.8501741886138916,0.44506388902664185
YDR076W,YER169W,1,-4.2637334,0.16056954860687256,0.8513356447219849,0.44506388902664185
YER106W,YOR160W,0,-4.263792,0.16053438186645508,0.8513356447219849,0.4451800286769867
YBR201W,YMR089C,0,-4.2638745,0.1604992300271988,0.8513356447219849,0.44529616832733154
YBR164C,YBL102W,0,-4.264069,0.1604640930891037,0.8513356447219849,0.4454123079776764
YPR082C,YGR222W,0,-4.2643275,0.1604289710521698,0.8513356447219849,0.44552844762802124
YFL010W-A,YBL080C,0,-4.2645183,0.1603938788175583,0.8513356447219849,0.4456445872783661
YDR309C,YGL013C,0,-4.265038,0.16035878658294678,0.8513356447219849,0.4457607567310333
YOR346W,YBR087W,1,-4.2651634,0.16054242849349976,0.8524971008300781,0.4457607567310333
YGL105W,YHR006W,0,-4.265205,0.16050732135772705,0.8524971008300781,0.4458768963813782
YLR010C,YNL044W,0,-4.2653565,0.16047222912311554,0.8524971008300781,0.445993036031723
YKL208W,YGR202C,0,-4.26556,0.16043715178966522,0.8524971008300781,0.44610917568206787
YJL108C,YLR263W,0,-4.265914,0.1604021042585373,0.8524971008300781,0.4462253153324127
YNL302C,YKL056C,0,-4.2659507,0.16036705672740936,0.8524971008300781,0.44634145498275757
YBL026W,YIL022W,0,-4.2659817,0.16033202409744263,0.8524971008300781,0.4464575946331024
YML113W,YML033W,0,-4.2662845,0.16029700636863708,0.8524971008300781,0.44657376408576965
YKL016C,YNL281W,0,-4.2663074,0.16026200354099274,0.8524971008300781,0.4466899037361145
YLR116W,YML092C,0,-4.266722,0.16022703051567078,0.8524971008300781,0.44680604338645935
YHL040C,YBL058W,0,-4.266887,0.16019205749034882,0.8524971008300781,0.4469221830368042
YOL043C,YDR359C,1,-4.2671294,0.16037529706954956,0.8536585569381714,0.4469221830368042
YFL009W,YNL186W,0,-4.2672095,0.1603403091430664,0.8536585569381714,0.44703832268714905
YIL120W,YBL033C,0,-4.2672153,0.16030533611774445,0.8536585569381714,0.4471544623374939
YGR158C,YGR033C,0,-4.26761,0.16027039289474487,0.8536585569381714,0.44727060198783875
YDL017W,YGL053W,0,-4.267882,0.1602354496717453,0.8536585569381714,0.447386771440506
YER035W,YCL027W,0,-4.2687454,0.16020052134990692,0.8536585569381714,0.44750291109085083
YFL021W,YDR142C,0,-4.2688146,0.16016560792922974,0.8536585569381714,0.4476190507411957
YPL043W,YHR119W,0,-4.2688384,0.16013072431087494,0.8536585569381714,0.4477351903915405
YDR021W,YOL049W,0,-4.268995,0.16009584069252014,0.8536585569381714,0.4478513300418854
YDR345C,YGR192C,0,-4.2691846,0.16006097197532654,0.8536585569381714,0.4479674696922302
YHR171W,YOL038W,0,-4.2693057,0.16002613306045532,0.8536585569381714,0.4480836093425751
YJL121C,YML039W,0,-4.269625,0.1599912941455841,0.8536585569381714,0.4481997787952423
YDL181W,YLR008C,0,-4.269634,0.15995647013187408,0.8536585569381714,0.44831591844558716
YMR041C,YDR478W,0,-4.2699523,0.15992167592048645,0.8536585569381714,0.448432058095932
YCL014W,YGL068W,0,-4.269999,0.15988688170909882,0.8536585569381714,0.44854819774627686
YML033W,YDR325W,0,-4.270118,0.15985210239887238,0.8536585569381714,0.4486643373966217
YKL146W,YMR012W,0,-4.2702146,0.15981735289096832,0.8536585569381714,0.44878047704696655
YLR424W,YDL128W,0,-4.2702694,0.15978260338306427,0.8536585569381714,0.4488966464996338
YFL023W,YBR127C,0,-4.2704544,0.1597478836774826,0.8536585569381714,0.44901278614997864
YIL142W,YOL117W,0,-4.2704587,0.15971316397190094,0.8536585569381714,0.4491289258003235
YGR041W,YGR010W,0,-4.270606,0.15967847406864166,0.8536585569381714,0.44924506545066833
YFL036W,YJR010C-A,0,-4.270615,0.15964378416538239,0.8536585569381714,0.4493612051010132
YDL019C,YJR086W,0,-4.2708364,0.1596091240644455,0.8536585569381714,0.44947734475135803
YOL063C,YPR036W,0,-4.2708607,0.1595744639635086,0.8536585569381714,0.4495934844017029
YJL008C,YPL235W,0,-4.270908,0.1595398336648941,0.8536585569381714,0.4497096538543701
YLR431C,YKR066C,0,-4.2709856,0.1595052033662796,0.8536585569381714,0.44982579350471497
YER106W,YJL026W,0,-4.271223,0.1594706028699875,0.8536585569381714,0.4499419331550598
YGL219C,YIR033W,0,-4.271281,0.15943600237369537,0.8536585569381714,0.45005807280540466
YCL026C-A,YCL075W,0,-4.271917,0.15940143167972565,0.8536585569381714,0.4501742124557495
YKL220C,YDR202C,0,-4.272155,0.15936687588691711,0.8536585569381714,0.45029035210609436
YMR001C,YGR158C,0,-4.2722926,0.15933232009410858,0.8536585569381714,0.4504064917564392
YDL230W,YNL304W,0,-4.2730746,0.15929779410362244,0.8536585569381714,0.45052266120910645
YER068W,YBR129C,0,-4.2732167,0.1592632681131363,0.8536585569381714,0.4506388008594513
YEL062W,YPR002W,0,-4.2732606,0.15922877192497253,0.8536585569381714,0.45075494050979614
YPL091W,YLR335W,0,-4.2732825,0.15919427573680878,0.8536585569381714,0.450871080160141
YNL070W,YDR341C,0,-4.2733254,0.1591598093509674,0.8536585569381714,0.45098721981048584
YBR201W,YDR276C,0,-4.2734203,0.15912535786628723,0.8536585569381714,0.4511033594608307
YIL084C,YCL075W,0,-4.273495,0.15909090638160706,0.8536585569381714,0.45121949911117554
YDR046C,YDR432W,0,-4.273807,0.15905648469924927,0.8536585569381714,0.4513356685638428
YOL001W,YDR451C,0,-4.2740006,0.15902206301689148,0.8536585569381714,0.4514518082141876
YML120C,YLR346C,0,-4.274114,0.15898767113685608,0.8536585569381714,0.45156794786453247
YNL065W,YOL077W-A,0,-4.2742605,0.15895329415798187,0.8536585569381714,0.4516840875148773
YDR202C,YHR006W,0,-4.2744346,0.15891891717910767,0.8536585569381714,0.45180022716522217
YGR218W,YDR059C,0,-4.2745814,0.15888457000255585,0.8536585569381714,0.451916366815567
YMR201C,YLR005W,1,-4.274653,0.1590663492679596,0.8548199534416199,0.451916366815567
YGR249W,YER072W,0,-4.27481,0.1590319722890854,0.8548199534416199,0.45203250646591187
YJL090C,YOR346W,1,-4.27505,0.15921364724636078,0.8559814095497131,0.45203250646591187
YER031C,YLR277C,0,-4.2753816,0.15917927026748657,0.8559814095497131,0.4521486759185791
YBR058C-A,YJL154C,0,-4.275436,0.15914489328861237,0.8559814095497131,0.45226481556892395
YBR201W,YLR166C,0,-4.2758584,0.15911053121089935,0.8559814095497131,0.4523809552192688
YLR006C,YDR485C,0,-4.275932,0.15907619893550873,0.8559814095497131,0.45249709486961365
YNL230C,YBR267W,0,-4.2762113,0.1590418666601181,0.8559814095497131,0.4526132345199585
YNL009W,YER075C,0,-4.2762513,0.15900754928588867,0.8559814095497131,0.45272937417030334
YPL235W,YPR182W,0,-4.276678,0.15897324681282043,0.8559814095497131,0.4528455138206482
YBR233W-A,YDR075W,0,-4.276931,0.15893897414207458,0.8559814095497131,0.45296168327331543
YGL247W,YCR102C,0,-4.276953,0.15890470147132874,0.8559814095497131,0.4530778229236603
YBR129C,YDR498C,0,-4.277038,0.15887044370174408,0.8559814095497131,0.4531939625740051
YPL091W,YHR200W,0,-4.27704,0.15883620083332062,0.8559814095497131,0.45331010222435
YOR307C,YFR003C,0,-4.277124,0.15880198776721954,0.8559814095497131,0.4534262418746948
YFL016C,YLR262C,0,-4.277264,0.15876777470111847,0.8559814095497131,0.4535423815250397
YCR048W,YLR195C,0,-4.2776995,0.1587335765361786,0.8559814095497131,0.4536585509777069
YLR090W,YLR467W,0,-4.2777047,0.1586993932723999,0.8559814095497131,0.45377469062805176
YGR224W,YMR001C,0,-4.278666,0.1586652249097824,0.8559814095497131,0.4538908302783966
YDR335W,YHR084W,0,-4.27887,0.1586310863494873,0.8559814095497131,0.45400696992874146
YOR079C,YGR059W,0,-4.2794003,0.1585969477891922,0.8559814095497131,0.4541231095790863
YMR011W,YPR046W,0,-4.2796793,0.1585628241300583,0.8559814095497131,0.45423924922943115
YKL080W,YFL004W,0,-4.279941,0.15852871537208557,0.8559814095497131,0.454355388879776
YLL018C-A,YMR175W,0,-4.280044,0.15849462151527405,0.8559814095497131,0.45447155833244324
YIL142W,YKR038C,0,-4.2801824,0.15846054255962372,0.8559814095497131,0.4545876979827881
YKL088W,YLL056C,0,-4.2802777,0.15842647850513458,0.8559814095497131,0.45470383763313293
YGL084C,YMR089C,0,-4.2803864,0.15839242935180664,0.8559814095497131,0.4548199772834778
YPL059W,YHR161C,0,-4.2804446,0.1583583950996399,0.8559814095497131,0.45493611693382263
YOL129W,YLR262C,0,-4.2805495,0.15832437574863434,0.8559814095497131,0.4550522565841675
YFL025C,YJL183W,0,-4.280617,0.15829037129878998,0.8559814095497131,0.45516839623451233
YOR330C,YBR050C,0,-4.280759,0.1582563817501068,0.8559814095497131,0.45528456568717957
YNL009W,YHR039C,0,-4.2809286,0.15822240710258484,0.8559814095497131,0.4554007053375244
YNL268W,YBR172C,0,-4.2815824,0.15818844735622406,0.8559814095497131,0.45551684498786926
YFL009W,YMR079W,0,-4.28173,0.15815450251102448,0.8559814095497131,0.4556329846382141
YDR524C,YBR172C,0,-4.281858,0.15812057256698608,0.8559814095497131,0.45574912428855896
YML102W,YMR284W,1,-4.2819686,0.15830115973949432,0.8571428656578064,0.45574912428855896
YMR012W,YLR219W,0,-4.282005,0.15826721489429474,0.8571428656578064,0.4558652639389038
YOL002C,YOR036W,0,-4.282188,0.15823327004909515,0.8571428656578064,0.45598140358924866
YPL209C,YOR221C,0,-4.2823195,0.15819935500621796,0.8571428656578064,0.4560975730419159
YJL145W,YPL239W,0,-4.282502,0.15816545486450195,0.8571428656578064,0.45621371269226074
YER165W,YLR059C,0,-4.282971,0.15813155472278595,0.8571428656578064,0.4563298523426056
YFR030W,YOR088W,0,-4.2831187,0.15809768438339233,0.8571428656578064,0.45644599199295044
YKL197C,YCL019W,0,-4.283124,0.1580638289451599,0.8571428656578064,0.4565621316432953
YEL062W,YGR054W,0,-4.2833323,0.1580299735069275,0.8571428656578064,0.45667827129364014
YNL307C,YGL175C,1,-4.2835784,0.15821023285388947,0.8583043217658997,0.45667827129364014
YKL191W,YFR031C,0,-4.2837014,0.15817636251449585,0.8583043217658997,0.456794410943985
YGL247W,YDR309C,0,-4.2838326,0.15814252197742462,0.8583043217658997,0.4569105803966522
YBR068C,YMR069W,0,-4.2839437,0.1581086814403534,0.8583043217658997,0.45702672004699707
YML097C,YDR451C,0,-4.2842116,0.15807487070560455,0.8583043217658997,0.4571428596973419
YLR008C,YGR229C,0,-4.284396,0.1580410599708557,0.8583043217658997,0.45725899934768677
YOR241W,YCR060W,0,-4.2844386,0.15800726413726807,0.8583043217658997,0.4573751389980316
YNL281W,YER068W,0,-4.2846656,0.1579734981060028,0.8583043217658997,0.45749127864837646
YPR020W,YGL142C,0,-4.285369,0.15793973207473755,0.8583043217658997,0.4576074481010437
YAL044C,YLR006C,0,-4.28544,0.15790598094463348,0.8583043217658997,0.45772358775138855
YPR057W,YBR162C,0,-4.2857556,0.1578722447156906,0.8583043217658997,0.4578397274017334
YLR329W,YGR186W,0,-4.28632,0.15783852338790894,0.8583043217658997,0.45795586705207825
YER003C,YDR059C,0,-4.2863708,0.15780483186244965,0.8583043217658997,0.4580720067024231
YNR023W,YHR041C,0,-4.2863946,0.15777114033699036,0.8583043217658997,0.45818814635276794
YDL045C,YLR248W,0,-4.286472,0.15773746371269226,0.8583043217658997,0.4583042860031128
YLL015W,YBL105C,0,-4.2864957,0.15770380198955536,0.8583043217658997,0.45842045545578003
YOR005C,YML023C,1,-4.286652,0.15788350999355316,0.8594657182693481,0.45842045545578003
YPR083W,YOL113W,0,-4.2870936,0.15784983336925507,0.8594657182693481,0.4585365951061249
YNL164C,YFR024C,0,-4.287542,0.15781617164611816,0.8594657182693481,0.4586527347564697
YFL011W,YGL016W,0,-4.287694,0.15778250992298126,0.8594657182693481,0.4587688744068146
YPR025C,YNL044W,0,-4.2879124,0.15774887800216675,0.8594657182693481,0.4588850140571594
YGL068W,YJL154C,0,-4.288511,0.15771526098251343,0.8594657182693481,0.4590011537075043
YDR320C-A,YOR160W,0,-4.288611,0.1576816588640213,0.8594657182693481,0.4591172933578491
YER179W,YOR008C-A,0,-4.288751,0.15764805674552917,0.8594657182693481,0.45923346281051636
YER019W,YDR277C,0,-4.2889023,0.15761448442935944,0.8594657182693481,0.4593496024608612
YIL119C,YOR148C,0,-4.289062,0.1575809270143509,0.8594657182693481,0.45946574211120605
YER089C,YLR346C,0,-4.289394,0.15754736959934235,0.8594657182693481,0.4595818817615509
YMR073C,YGR285C,0,-4.289459,0.1575138419866562,0.8594657182693481,0.45969802141189575
YDR318W,YJR086W,0,-4.2898717,0.15748031437397003,0.8594657182693481,0.4598141610622406
YGL065C,YOR180C,0,-4.2899942,0.15744680166244507,0.8594657182693481,0.45993030071258545
YNL281W,YFR005C,0,-4.290095,0.1574133187532425,0.8594657182693481,0.4600464701652527
YIL128W,YDL200C,1,-4.290195,0.1575925201177597,0.8606271743774414,0.4600464701652527
YCR028C,YOR008C-A,0,-4.2902894,0.15755900740623474,0.8606271743774414,0.46016260981559753
YKL212W,YLR467W,0,-4.2904687,0.15752550959587097,0.8606271743774414,0.4602787494659424
YBL050W,YOR008C-A,0,-4.2905016,0.1574920266866684,0.8606271743774414,0.46039488911628723
YMR150C,YNL210W,0,-4.290567,0.15745855867862701,0.8606271743774414,0.4605110287666321
YBR050C,YDR328C,0,-4.290709,0.15742510557174683,0.8606271743774414,0.46062716841697693
YGL065C,YLR026C,0,-4.290809,0.15739166736602783,0.8606271743774414,0.4607433080673218
YOL142W,YKR079C,0,-4.290854,0.15735824406147003,0.8606271743774414,0.460859477519989
YBR218C,YLR262C,0,-4.2909746,0.15732483565807343,0.8606271743774414,0.46097561717033386
YOL069W,YDR453C,0,-4.291001,0.157291442155838,0.8606271743774414,0.4610917568206787
YGR261C,YEL062W,0,-4.2911553,0.1572580635547638,0.8606271743774414,0.46120789647102356
YCR044C,YHR034C,0,-4.291493,0.15722469985485077,0.8606271743774414,0.4613240361213684
YLL018C-A,YJL025W,0,-4.291659,0.15719135105609894,0.8606271743774414,0.46144017577171326
YGL122C,YDL140C,0,-4.29168,0.1571580022573471,0.8606271743774414,0.4615563154220581
YBR177C,YNL281W,0,-4.291696,0.15712468326091766,0.8606271743774414,0.46167248487472534
YDR310C,YEL041W,0,-4.2917085,0.15709136426448822,0.8606271743774414,0.4617886245250702
YGL256W,YHR006W,0,-4.2917647,0.15705807507038116,0.8606271743774414,0.46190476417541504
YBL026W,YDR058C,0,-4.2920732,0.1570248007774353,0.8606271743774414,0.4620209038257599
YLR007W,YER169W,1,-4.2921615,0.15720339119434357,0.8617886304855347,0.4620209038257599
YPR020W,YGR227W,0,-4.2921724,0.15717008709907532,0.8617886304855347,0.46213704347610474
YIL002C,YER072W,0,-4.2923455,0.15713681280612946,0.8617886304855347,0.4622531831264496
YGR158C,YCR060W,0,-4.292833,0.1571035385131836,0.8617886304855347,0.4623693525791168
YNL030W,YBR186W,0,-4.292836,0.15707027912139893,0.8617886304855347,0.46248549222946167
YBR087W,YER169W,1,-4.293476,0.15724867582321167,0.8629500865936279,0.46248549222946167
YBR164C,YDL045C,0,-4.293652,0.1572154015302658,0.8629500865936279,0.4626016318798065
YBR159W,YCL032W,0,-4.2937174,0.15718214213848114,0.8629500865936279,0.46271777153015137
YCR044C,YOR087W,0,-4.2939777,0.15714889764785767,0.8629500865936279,0.4628339111804962
YLR377C,YPL033C,0,-4.294064,0.15711566805839539,0.8629500865936279,0.46295005083084106
YJL111W,YPR001W,0,-4.2942114,0.1570824533700943,0.8629500865936279,0.4630661904811859
YJR010C-A,YHR016C,0,-4.294601,0.1570492535829544,0.8629500865936279,0.46318235993385315
YHR194W,YOR160W,0,-4.294991,0.15701605379581451,0.8629500865936279,0.463298499584198
YNL281W,YMR021C,0,-4.2949967,0.156982883810997,0.8629500865936279,0.46341463923454285
YHR061C,YAL016W,0,-4.2950425,0.1569497287273407,0.8629500865936279,0.4635307788848877
YPL110C,YJL129C,0,-4.295632,0.1569165736436844,0.8629500865936279,0.46364691853523254
YGL068W,YMR175W,0,-4.2957616,0.15688344836235046,0.8629500865936279,0.4637630581855774
YCR028C,YKR007W,0,-4.296457,0.15685032308101654,0.8629500865936279,0.46387919783592224
YBR211C,YLL056C,0,-4.296459,0.156817227602005,0.8629500865936279,0.4639953672885895
YEL027W,YOL045W,0,-4.296498,0.15678413212299347,0.8629500865936279,0.4641115069389343
YDL197C,YBR065C,0,-4.2968197,0.15675105154514313,0.8629500865936279,0.4642276465892792
YOL002C,YLR329W,0,-4.2968416,0.15671798586845398,0.8629500865936279,0.464343786239624
YER114C,YGL084C,0,-4.297218,0.15668494999408722,0.8629500865936279,0.46445992588996887
YJR091C,YKR095W,0,-4.297317,0.15665191411972046,0.8629500865936279,0.4645760655403137
YCL027W,YFR052W,0,-4.2974467,0.1566188931465149,0.8629500865936279,0.46469220519065857
YMR011W,YDL232W,0,-4.2976103,0.15658588707447052,0.8629500865936279,0.4648083746433258
YOR319W,YDR397C,0,-4.297613,0.15655288100242615,0.8629500865936279,0.46492451429367065
YHR169W,YNR023W,0,-4.297729,0.15651990473270416,0.8629500865936279,0.4650406539440155
YER106W,YKR095W-A,0,-4.2977586,0.15648694336414337,0.8629500865936279,0.46515679359436035
YMR069W,YFR029W,0,-4.29802,0.15645399689674377,0.8629500865936279,0.4652729332447052
YML132W,YCL016C,0,-4.2982984,0.15642105042934418,0.8629500865936279,0.46538907289505005
YPL043W,YDL232W,0,-4.298561,0.15638813376426697,0.8629500865936279,0.4655052125453949
YKL220C,YFL021W,0,-4.299189,0.15635521709918976,0.8629500865936279,0.46562138199806213
YGL092W,YGL008C,0,-4.299257,0.15632231533527374,0.8629500865936279,0.465737521648407
YHR073W,YPR165W,0,-4.2995,0.15628944337368011,0.8629500865936279,0.46585366129875183
YER167W,YCL055W,0,-4.2999396,0.1562565714120865,0.8629500865936279,0.4659698009490967
YOR002W,YNL153C,0,-4.3000464,0.15622371435165405,0.8629500865936279,0.46608594059944153
YML015C,YLR455W,0,-4.3000956,0.1561908721923828,0.8629500865936279,0.4662020802497864
YLR384C,YBR058C-A,0,-4.30036,0.15615804493427277,0.8629500865936279,0.4663182199001312
YPL242C,YER019W,0,-4.3006587,0.1561252325773239,0.8629500865936279,0.46643438935279846
YER035W,YMR069W,0,-4.3008513,0.15609243512153625,0.8629500865936279,0.4665505290031433
YBR186W,YFR034C,0,-4.300944,0.1560596525669098,0.8629500865936279,0.46666666865348816
YGR041W,YPL021W,0,-4.3009562,0.15602688491344452,0.8629500865936279,0.466782808303833
YFL041W,YHR203C,0,-4.3014016,0.15599411725997925,0.8629500865936279,0.46689894795417786
YDL145C,YOR287C,0,-4.3014083,0.15596137940883636,0.8629500865936279,0.4670150876045227
YPR070W,YCL074W,0,-4.301522,0.15592864155769348,0.8629500865936279,0.46713125705718994
YER164W,YML055W,0,-4.3015637,0.15589593350887299,0.8629500865936279,0.4672473967075348
YPL082C,YOR103C,0,-4.301769,0.1558632254600525,0.8629500865936279,0.46736353635787964
YNL110C,YKL055C,0,-4.3017926,0.1558305323123932,0.8629500865936279,0.4674796760082245
YGL035C,YLR166C,0,-4.302045,0.15579785406589508,0.8629500865936279,0.46759581565856934
YOR241W,YML047C,0,-4.3021717,0.15576520562171936,0.8629500865936279,0.4677119553089142
YKL191W,YDL232W,0,-4.3022637,0.15573255717754364,0.8629500865936279,0.46782809495925903
YAL015C,YDR076W,1,-4.302547,0.1559094786643982,0.8641114830970764,0.46782809495925903
YER142C,YOR386W,1,-4.302639,0.15608632564544678,0.8652729392051697,0.46782809495925903
YIL002C,YLR026C,0,-4.3026695,0.15605361759662628,0.8652729392051697,0.46794426441192627
YEL027W,YML127W,0,-4.302831,0.15602093935012817,0.8652729392051697,0.4680604040622711
YML008C,YPL060W,0,-4.3028803,0.15598827600479126,0.8652729392051697,0.46817654371261597
YNL339C,YOR172W,0,-4.302959,0.15595562756061554,0.8652729392051697,0.4682926833629608
YDR388W,YOR172W,0,-4.302999,0.15592297911643982,0.8652729392051697,0.46840882301330566
YBR240C,YNR006W,0,-4.3031473,0.1558903604745865,0.8652729392051697,0.4685249626636505
YCL055W,YGL219C,0,-4.303761,0.15585774183273315,0.8652729392051697,0.46864110231399536
YDR142C,YGR285C,0,-4.3038406,0.15582513809204102,0.8652729392051697,0.4687572717666626
YHR084W,YLR467W,0,-4.3040023,0.15579254925251007,0.8652729392051697,0.46887341141700745
YKR059W,YER005W,0,-4.304371,0.1557599902153015,0.8652729392051697,0.4689895510673523
YOR098C,YCL005W-A,0,-4.30452,0.15572743117809296,0.8652729392051697,0.46910569071769714
YJR076C,YDR165W,0,-4.3045917,0.1556948870420456,0.8652729392051697,0.469221830368042
YJL076W,YKL166C,0,-4.304686,0.15566234290599823,0.8652729392051697,0.46933797001838684
YLR329W,YLR467W,0,-4.3050804,0.15562982857227325,0.8652729392051697,0.4694541096687317
YKR007W,YFL004W,0,-4.3051744,0.15559732913970947,0.8652729392051697,0.4695702791213989
YJR139C,YER005W,0,-4.305184,0.1555648297071457,0.8652729392051697,0.4696864187717438
YNL084C,YMR298W,0,-4.305529,0.1555323600769043,0.8652729392051697,0.4698025584220886
YFL010W-A,YLR319C,0,-4.3056006,0.1554998904466629,0.8652729392051697,0.46991869807243347
YLR034C,YOR008C-A,0,-4.305612,0.1554674506187439,0.8652729392051697,0.4700348377227783
YBL047C,YDR318W,0,-4.30584,0.1554350107908249,0.8652729392051697,0.47015097737312317
YFL018C,YIL109C,0,-4.306622,0.15540258586406708,0.8652729392051697,0.470267117023468
YLR008C,YDR393W,0,-4.3066583,0.15537017583847046,0.8652729392051697,0.47038328647613525
YER164W,YDR131C,0,-4.3069777,0.15533778071403503,0.8652729392051697,0.4704994261264801
YDR195W,YGL171W,0,-4.3070126,0.1553054004907608,0.8652729392051697,0.47061556577682495
YML129C,YPL060W,0,-4.307102,0.15527303516864777,0.8652729392051697,0.4707317054271698
YDR046C,YNL164C,0,-4.307285,0.15524066984653473,0.8652729392051697,0.47084784507751465
YLR048W,YLR090W,0,-4.307339,0.15520833432674408,0.8652729392051697,0.4709639847278595
YBR295W,YKR008W,0,-4.3078527,0.15517599880695343,0.8652729392051697,0.47108015418052673
YKR007W,YER008C,0,-4.307898,0.15514369308948517,0.8652729392051697,0.4711962938308716
YER164W,YMR216C,0,-4.308048,0.1551113873720169,0.8652729392051697,0.47131243348121643
YOR386W,YEL037C,1,-4.308479,0.1552872657775879,0.8664343953132629,0.47131243348121643
YBR132C,YGL192W,0,-4.309005,0.15525494515895844,0.8664343953132629,0.4714285731315613
YPL248C,YCL004W,0,-4.3090363,0.15522263944149017,0.8664343953132629,0.47154471278190613
YDR298C,YKL086W,0,-4.3092465,0.1551903486251831,0.8664343953132629,0.471660852432251
YMR001C,YBR058C-A,0,-4.3093114,0.15515807271003723,0.8664343953132629,0.4717769920825958
YIL034C,YOL129W,0,-4.3094196,0.15512581169605255,0.8664343953132629,0.47189316153526306
YDR298C,YCL005W-A,0,-4.309715,0.15509355068206787,0.8664343953132629,0.4720093011856079
YER114C,YMR012W,0,-4.3097234,0.15506131947040558,0.8664343953132629,0.47212544083595276
YMR184W,YCL075W,0,-4.309829,0.1550290882587433,0.8664343953132629,0.4722415804862976
YFL023W,YDR276C,0,-4.3102136,0.15499688684940338,0.8664343953132629,0.47235772013664246
YOR206W,YDR372C,0,-4.310636,0.15496468544006348,0.8664343953132629,0.4724738597869873
YAL007C,YOR179C,0,-4.310707,0.15493249893188477,0.8664343953132629,0.47258999943733215
YJL021C,YGR158C,0,-4.3107104,0.15490032732486725,0.8664343953132629,0.4727061688899994
YDR524C,YKL093W,0,-4.3109136,0.15486817061901093,0.8664343953132629,0.47282230854034424
YNR067C,YGL172W,0,-4.310982,0.1548360288143158,0.8664343953132629,0.4729384481906891
YLR133W,YDR231C,0,-4.3112082,0.15480390191078186,0.8664343953132629,0.47305458784103394
YBL026W,YJR074W,0,-4.311445,0.15477178990840912,0.8664343953132629,0.4731707274913788
YKR066C,YDR478W,0,-4.311467,0.15473967790603638,0.8664343953132629,0.47328686714172363
YKL093W,YGR024C,0,-4.3118234,0.15470759570598602,0.8664343953132629,0.4734030067920685
YDR331W,YJR022W,0,-4.3119664,0.15467551350593567,0.8664343953132629,0.4735191762447357
YIL159W,YBR010W,0,-4.3119864,0.1546434462070465,0.8664343953132629,0.47363531589508057
YDL200C,YOR217W,1,-4.312086,0.15481865406036377,0.8675957918167114,0.47363531589508057
YMR072W,YGR054W,0,-4.312136,0.15478657186031342,0.8675957918167114,0.4737514555454254
YGR218W,YMR298W,0,-4.312374,0.15475450456142426,0.8675957918167114,0.47386759519577026
YJL021C,YIR018W,0,-4.3126416,0.1547224521636963,0.8675957918167114,0.4739837348461151
YDR202C,YNR015W,0,-4.31307,0.15469041466712952,0.8675957918167114,0.47409987449645996
YBL009W,YMR266W,0,-4.3134303,0.15465839207172394,0.8675957918167114,0.4742160141468048
YNL164C,YPL033C,0,-4.313477,0.15462636947631836,0.8675957918167114,0.47433218359947205
YJL034W,YMR139W,0,-4.3135505,0.15459437668323517,0.8675957918167114,0.4744483232498169
YNL311C,YOL105C,0,-4.3137865,0.15456238389015198,0.8675957918167114,0.47456446290016174
YER142C,YOR346W,1,-4.3138623,0.15473727881908417,0.8687572479248047,0.47456446290016174
YPR138C,YFL036W,0,-4.3139305,0.15470527112483978,0.8687572479248047,0.4746806025505066
YKR002W,YLR135W,0,-4.31405,0.1546732783317566,0.8687572479248047,0.47479674220085144
YOR349W,YGL142C,0,-4.314165,0.1546413004398346,0.8687572479248047,0.4749128818511963
YDL142C,YMR270C,0,-4.314265,0.1546093374490738,0.8687572479248047,0.47502902150154114
YLR319C,YBR105C,0,-4.3151417,0.15457738935947418,0.8687572479248047,0.4751451909542084
YML023C,YDL042C,1,-4.315192,0.15475206077098846,0.869918704032898,0.4751451909542084
YLR242C,YHR119W,0,-4.3154416,0.15472009778022766,0.869918704032898,0.4752613306045532
YEL027W,YBR049C,0,-4.3154435,0.15468814969062805,0.869918704032898,0.47537747025489807
YPL018W,YBR089C-A,0,-4.3156657,0.15465620160102844,0.869918704032898,0.4754936099052429
YOR386W,YDL042C,1,-4.3158803,0.1548307240009308,0.8710801601409912,0.4754936099052429
YMR029C,YOR087W,0,-4.316238,0.15479876101016998,0.8710801601409912,0.47560974955558777
YBR068C,YLR010C,0,-4.3163924,0.15476681292057037,0.8710801601409912,0.4757258892059326
YDR298C,YLR090W,0,-4.3168206,0.15473489463329315,0.8710801601409912,0.47584205865859985
YOR079C,YPL096C-A,0,-4.3170094,0.15470297634601593,0.8710801601409912,0.4759581983089447
YOR034C,YIL119C,0,-4.317141,0.1546710729598999,0.8710801601409912,0.47607433795928955
YNL030W,YKL093W,0,-4.3172865,0.15463916957378387,0.8710801601409912,0.4761904776096344
YAR033W,YHL009C,0,-4.317386,0.15460729598999023,0.8710801601409912,0.47630661725997925
YLR329W,YMR089C,0,-4.3174195,0.1545754373073578,0.8710801601409912,0.4764227569103241
YJL214W,YOR098C,0,-4.317961,0.15454357862472534,0.8710801601409912,0.47653889656066895
YGR218W,YBR172C,0,-4.3184605,0.15451174974441528,0.8710801601409912,0.4766550660133362
YER106W,YNR006W,0,-4.318511,0.15447992086410522,0.8710801601409912,0.47677120566368103
YMR184W,YHL009C,0,-4.3186517,0.15444810688495636,0.8710801601409912,0.4768873453140259
YJL021C,YMR011W,0,-4.318818,0.1544163078069687,0.8710801601409912,0.4770034849643707
YOL156W,YLR455W,0,-4.3188806,0.1543845236301422,0.8710801601409912,0.4771196246147156
YMR184W,YPR094W,0,-4.319197,0.15435275435447693,0.8710801601409912,0.4772357642650604
YOR079C,YHR023W,0,-4.3193502,0.15432098507881165,0.8710801601409912,0.4773519039154053
YOR036W,YBR037C,0,-4.3194094,0.15428924560546875,0.8710801601409912,0.4774680733680725
YNL164C,YGL092W,0,-4.3194146,0.15425750613212585,0.8710801601409912,0.47758421301841736
YPL192C,YCL054W,0,-4.3197,0.15422578155994415,0.8710801601409912,0.4777003526687622
YMR047C,YPL163C,0,-4.3197064,0.15419407188892365,0.8710801601409912,0.47781649231910706
YDR202C,YCL075W,0,-4.3202043,0.15416237711906433,0.8710801601409912,0.4779326319694519
YIL061C,YKL080W,0,-4.3203025,0.1541306972503662,0.8710801601409912,0.47804877161979675
YMR183C,YLR346C,0,-4.320355,0.15409903228282928,0.8710801601409912,0.4781649112701416
YFR024C,YOR106W,0,-4.3206143,0.15406738221645355,0.8710801601409912,0.47828108072280884
YOR239W,YOR034C,0,-4.3209205,0.15403573215007782,0.8710801601409912,0.4783972203731537
YGR155W,YNL167C,0,-4.3210483,0.15400411188602448,0.8710801601409912,0.47851336002349854
YGR158C,YDR328C,0,-4.3214297,0.15397249162197113,0.8710801601409912,0.4786294996738434
YKL112W,YER142C,1,-4.321508,0.15414613485336304,0.8722415566444397,0.4786294996738434
YLR240W,YIL080W,0,-4.3216815,0.1541145145893097,0.8722415566444397,0.47874563932418823
YIR033W,YMR139W,0,-4.321991,0.15408289432525635,0.8722415566444397,0.4788617789745331
YMR175W,YLR424W,0,-4.3220983,0.1540512889623642,0.8722415566444397,0.47897791862487793
YJL076W,YER031C,0,-4.3221416,0.15401968359947205,0.8722415566444397,0.47909408807754517
YJL008C,YKL166C,0,-4.3221745,0.15398810803890228,0.8722415566444397,0.47921022772789
YBR278W,YNL307C,1,-4.322582,0.15416154265403748,0.873403012752533,0.47921022772789
YNL280C,YFR029W,0,-4.322663,0.15412993729114532,0.873403012752533,0.47932636737823486
YDR208W,YCL074W,0,-4.3226714,0.15409836173057556,0.873403012752533,0.4794425070285797
YMR012W,YAL016W,0,-4.322809,0.1540667861700058,0.873403012752533,0.47955864667892456
YCL016C,YHL036W,0,-4.3230515,0.15403522551059723,0.873403012752533,0.4796747863292694
YDR276C,YJL108C,0,-4.3242173,0.15400367975234985,0.873403012752533,0.47979092597961426
YBL098W,YHL009C,0,-4.3250184,0.15397214889526367,0.873403012752533,0.4799070954322815
YLR081W,YDR318W,0,-4.32509,0.15394063293933868,0.873403012752533,0.48002323508262634
YLR195C,YOL122C,0,-4.3251853,0.1539091318845749,0.873403012752533,0.4801393747329712
YHR194W,YMR079W,0,-4.325414,0.1538776308298111,0.873403012752533,0.48025551438331604
YGL073W,YCR009C,0,-4.3256903,0.1538461595773697,0.873403012752533,0.4803716540336609
YGL053W,YNL044W,0,-4.325894,0.15381468832492828,0.873403012752533,0.48048779368400574
YFL010W-A,YFL011W,0,-4.3259463,0.15378323197364807,0.873403012752533,0.480603963136673
YNL030W,YPR032W,0,-4.3265243,0.15375179052352905,0.873403012752533,0.4807201027870178
YKR076W,YHR073W,0,-4.3265934,0.15372036397457123,0.873403012752533,0.48083624243736267
YLR116W,YNL070W,0,-4.3270216,0.1536889374256134,0.873403012752533,0.4809523820877075
YHR099W,YMR284W,1,-4.3271008,0.153861865401268,0.8745644688606262,0.4809523820877075
YGR003W,YPL026C,0,-4.3274145,0.15383043885231018,0.8745644688606262,0.48106852173805237
YMR150C,YBR162C,0,-4.327663,0.15379901230335236,0.8745644688606262,0.4811846613883972
YNL307C,YML023C,1,-4.328089,0.1539718210697174,0.8757259249687195,0.4811846613883972
YDL008W,YIL022W,0,-4.3283987,0.1539403796195984,0.8757259249687195,0.48130080103874207
YDR174W,YOL117W,0,-4.3285832,0.15390896797180176,0.8757259249687195,0.4814169704914093
YLR424W,YJR086W,0,-4.32861,0.15387755632400513,0.8757259249687195,0.48153311014175415
YBR059C,YLR081W,0,-4.329093,0.1538461595773697,0.8757259249687195,0.481649249792099
YGR218W,YNL268W,0,-4.329465,0.15381476283073425,0.8757259249687195,0.48176538944244385
YFR005C,YMR175W,0,-4.3295074,0.1537833958864212,0.8757259249687195,0.4818815290927887
YOL038W,YFR052W,0,-4.329744,0.15375204384326935,0.8757259249687195,0.48199766874313354
YPR057W,YLR081W,0,-4.329844,0.1537206918001175,0.8757259249687195,0.4821138083934784
YOR217W,YMR284W,1,-4.329968,0.15389318764209747,0.876887321472168,0.4821138083934784
YMR138W,YJL010C,0,-4.3301816,0.15386183559894562,0.876887321472168,0.48222997784614563
YDL197C,YPL235W,0,-4.330351,0.15383048355579376,0.876887321472168,0.4823461174964905
YOL156W,YGR222W,0,-4.330444,0.1537991464138031,0.876887321472168,0.4824622571468353
YFL025C,YBR295W,0,-4.330516,0.15376782417297363,0.876887321472168,0.4825783967971802
YGL180W,YLR455W,0,-4.3306127,0.15373651683330536,0.876887321472168,0.482694536447525
YBR164C,YLR262C,0,-4.3307858,0.15370520949363708,0.876887321472168,0.4828106760978699
YML102W,YNL312W,1,-4.3311305,0.15387746691703796,0.8780487775802612,0.4828106760978699
YKL205W,YER106W,0,-4.3317447,0.1538461595773697,0.8780487775802612,0.4829268157482147
YLR259C,YNL154C,0,-4.331839,0.15381485223770142,0.8780487775802612,0.48304298520088196
YMR153W,YIL063C,0,-4.3321033,0.15378355979919434,0.8780487775802612,0.4831591248512268
YDR337W,YHR001W-A,0,-4.3323884,0.15375228226184845,0.8780487775802612,0.48327526450157166
YNL039W,YER089C,0,-4.332469,0.15372101962566376,0.8780487775802612,0.4833914041519165
YGL256W,YKL197C,0,-4.332524,0.15368977189064026,0.8780487775802612,0.48350754380226135
YJL034W,YOL009C,0,-4.3327966,0.15365853905677795,0.8780487775802612,0.4836236834526062
YIL002C,YHR161C,0,-4.333134,0.15362730622291565,0.8780487775802612,0.48373982310295105
YER028C,YML033W,0,-4.3332925,0.15359610319137573,0.8780487775802612,0.4838559925556183
YNR010W,YER117W,0,-4.333507,0.15356490015983582,0.8780487775802612,0.48397213220596313
YLR242C,YIL106W,0,-4.333848,0.1535337120294571,0.8780487775802612,0.484088271856308
YDR398W,YCL074W,0,-4.3339114,0.15350253880023956,0.8780487775802612,0.48420441150665283
YOR180C,YMR232W,0,-4.3340597,0.15347138047218323,0.8780487775802612,0.4843205511569977
YDR098C,YOL069W,0,-4.334563,0.1534402221441269,0.8780487775802612,0.48443669080734253
YNL014W,YNL074C,0,-4.334736,0.15340909361839294,0.8780487775802612,0.48455286026000977
YNR002C,YJR045C,0,-4.3351994,0.153377965092659,0.8780487775802612,0.4846689999103546
YER001W,YMR263W,0,-4.3354845,0.15334685146808624,0.8780487775802612,0.48478513956069946
YEL027W,YBR008C,0,-4.3357844,0.15331575274467468,0.8780487775802612,0.4849012792110443
YGL190C,YKL086W,0,-4.3362827,0.15328466892242432,0.8780487775802612,0.48501741886138916
YER089C,YML098W,0,-4.3367114,0.15325360000133514,0.8780487775802612,0.485133558511734
YOR031W,YNL210W,0,-4.3367467,0.15322253108024597,0.8780487775802612,0.48524969816207886
YCL055W,YGR285C,0,-4.337048,0.1531914919614792,0.8780487775802612,0.4853658676147461
YOR031W,YJL121C,0,-4.33725,0.1531604528427124,0.8780487775802612,0.48548200726509094
YKL173W,YJR028W,0,-4.337252,0.1531294286251068,0.8780487775802612,0.4855981469154358
YHR171W,YOR179C,0,-4.337506,0.15309841930866241,0.8780487775802612,0.48571428656578064
YGL142C,YER005W,0,-4.3375497,0.1530674248933792,0.8780487775802612,0.4858304262161255
YBR132C,YDR425W,0,-4.3376317,0.153036430478096,0.8780487775802612,0.48594656586647034
YDR081C,YML093W,0,-4.337799,0.1530054658651352,0.8780487775802612,0.4860627055168152
YBR068C,YOR209C,0,-4.3378587,0.15297450125217438,0.8780487775802612,0.4861788749694824
YCL014W,YMR150C,0,-4.3379455,0.15294355154037476,0.8780487775802612,0.48629501461982727
YCL014W,YNL274C,0,-4.3381605,0.15291261672973633,0.8780487775802612,0.4864111542701721
YPL177C,YLR010C,0,-4.338282,0.1528816968202591,0.8780487775802612,0.48652729392051697
YBR107C,YEL060C,0,-4.338384,0.15285079181194305,0.8780487775802612,0.4866434335708618
YNL074C,YKL034W,0,-4.338654,0.15281988680362701,0.8780487775802612,0.48675957322120667
YKR002W,YLL056C,0,-4.339336,0.15278901159763336,0.8780487775802612,0.4868757128715515
YJR091C,YOL066C,0,-4.33967,0.1527581363916397,0.8780487775802612,0.48699188232421875
YNL327W,YDR309C,0,-4.3397083,0.15272727608680725,0.8780487775802612,0.4871080219745636
YCR060W,YLL056C,0,-4.3397517,0.152696430683136,0.8780487775802612,0.48722416162490845
YPR020W,YER005W,0,-4.3398438,0.15266558527946472,0.8780487775802612,0.4873403012752533
YHR116W,YIL036W,0,-4.3399796,0.15263476967811584,0.8780487775802612,0.48745644092559814
YMR301C,YDL195W,0,-4.3399973,0.15260395407676697,0.8780487775802612,0.487572580575943
YBR210W,YDR456W,0,-4.3401504,0.15257315337657928,0.8780487775802612,0.48768872022628784
YKR076W,YML049C,0,-4.3401604,0.1525423675775528,0.8780487775802612,0.4878048896789551
YPR138C,YGR229C,0,-4.340763,0.1525115966796875,0.8780487775802612,0.4879210293292999
YCR048W,YIL002C,0,-4.340918,0.1524808406829834,0.8780487775802612,0.4880371689796448
YGR218W,YOR088W,0,-4.3410325,0.1524500846862793,0.8780487775802612,0.4881533086299896
YMR041C,YGL229C,0,-4.3410397,0.15241935849189758,0.8780487775802612,0.4882694482803345
YGL195W,YGR129W,0,-4.341209,0.15238863229751587,0.8780487775802612,0.4883855879306793
YHR194W,YDR276C,0,-4.3412986,0.15235792100429535,0.8780487775802612,0.48850172758102417
YML014W,YLL056C,0,-4.341308,0.15232722461223602,0.8780487775802612,0.4886178970336914
YHR160C,YML047C,0,-4.3413296,0.1522965282201767,0.8780487775802612,0.48873403668403625
YNL129W,YLL056C,0,-4.341535,0.15226586163043976,0.8780487775802612,0.4888501763343811
YPL268W,YCL074W,0,-4.341635,0.15223519504070282,0.8780487775802612,0.48896631598472595
YKL195W,YPR032W,0,-4.3416905,0.15220454335212708,0.8780487775802612,0.4890824556350708
YJR017C,YHL036W,0,-4.3417816,0.15217390656471252,0.8780487775802612,0.48919859528541565
YOL156W,YDR337W,0,-4.3419547,0.15214328467845917,0.8780487775802612,0.4893147647380829
YBR089C-A,YLR263W,0,-4.34226,0.152112677693367,0.8780487775802612,0.48943090438842773
YJR131W,YML097C,0,-4.3428206,0.15208207070827484,0.8780487775802612,0.4895470440387726
YKL220C,YLR116W,0,-4.34283,0.15205149352550507,0.8780487775802612,0.48966318368911743
YDR345C,YJL129C,0,-4.342908,0.1520209163427353,0.8780487775802612,0.4897793233394623
YGR284C,YIL119C,0,-4.343,0.1519903540611267,0.8780487775802612,0.48989546298980713
YFL010W-A,YJL128C,0,-4.343045,0.15195979177951813,0.8780487775802612,0.490011602640152
YNL008C,YFR005C,0,-4.343222,0.15192925930023193,0.8780487775802612,0.4901277720928192
YCR107W,YIL129C,0,-4.343591,0.15189872682094574,0.8780487775802612,0.49024391174316406
YFL016C,YNL131W,0,-4.3435974,0.15186822414398193,0.8780487775802612,0.4903600513935089
YNL288W,YKL212W,0,-4.343698,0.15183772146701813,0.8780487775802612,0.49047619104385376
YDL088C,YER070W,0,-4.3439317,0.15180723369121552,0.8780487775802612,0.4905923306941986
YDL008W,YJR027W,0,-4.3442335,0.1517767459154129,0.8780487775802612,0.49070847034454346
YMR047C,YHR203C,0,-4.3443327,0.15174628794193268,0.8780487775802612,0.4908246099948883
YNL061W,YOR088W,0,-4.344438,0.15171582996845245,0.8780487775802612,0.49094077944755554
YLR277C,YCL075W,0,-4.3449917,0.15168538689613342,0.8780487775802612,0.4910569190979004
YBR177C,YGR033C,0,-4.345121,0.15165495872497559,0.8780487775802612,0.49117305874824524
YLR335W,YDL230W,0,-4.345409,0.15162454545497894,0.8780487775802612,0.4912891983985901
YHR169W,YCL075W,0,-4.3454776,0.1515941470861435,0.8780487775802612,0.49140533804893494
YGR268C,YNR023W,0,-4.345706,0.15156374871730804,0.8780487775802612,0.4915214776992798
YOL126C,YIL120W,0,-4.345761,0.15153338015079498,0.8780487775802612,0.49163761734962463
YML102W,YOR346W,1,-4.345787,0.15170340240001678,0.8792102336883545,0.49163761734962463
YGR041W,YDR456W,0,-4.3457894,0.15167300403118134,0.8792102336883545,0.49175378680229187
YNL020C,YGR186W,0,-4.346172,0.15164263546466827,0.8792102336883545,0.4918699264526367
YJR091C,YNL210W,0,-4.346411,0.15161225199699402,0.8792102336883545,0.49198606610298157
YFR034C,YOR148C,0,-4.3464894,0.15158189833164215,0.8792102336883545,0.4921022057533264
YER165W,YPR165W,0,-4.3466973,0.15155154466629028,0.8792102336883545,0.49221834540367126
YPL096C-A,YOR272W,0,-4.346743,0.1515212208032608,0.8792102336883545,0.4923344850540161
YDL126C,YNL118C,0,-4.346831,0.15149089694023132,0.8792102336883545,0.49245062470436096
YMR301C,YFL023W,0,-4.3468432,0.15146058797836304,0.8792102336883545,0.4925667941570282
YFR052W,YLR417W,0,-4.3469253,0.15143027901649475,0.8792102336883545,0.49268293380737305
YPR134W,YJL025W,0,-4.3472867,0.15139999985694885,0.8792102336883545,0.4927990734577179
YJL021C,YGR041W,0,-4.3474007,0.15136972069740295,0.8792102336883545,0.49291521310806274
YDL036C,YKR055W,0,-4.347555,0.15133947134017944,0.8792102336883545,0.4930313527584076
YJL021C,YGL178W,0,-4.347789,0.15130920708179474,0.8792102336883545,0.49314749240875244
YCL043C,YCL019W,0,-4.347962,0.15127897262573242,0.8792102336883545,0.4932636320590973
YGR224W,YOL142W,0,-4.348402,0.1512487530708313,0.8792102336883545,0.4933798015117645
YDL143W,YHR061C,0,-4.348581,0.15121853351593018,0.8792102336883545,0.4934959411621094
YIL120W,YCL075W,0,-4.348607,0.15118834376335144,0.8792102336883545,0.4936120808124542
YDL117W,YCL005W-A,0,-4.348878,0.1511581540107727,0.8792102336883545,0.4937282204627991
YHL036W,YKL034W,0,-4.349089,0.15112796425819397,0.8792102336883545,0.4938443601131439
YGR261C,YBL032W,0,-4.349355,0.15109780430793762,0.8792102336883545,0.49396049976348877
YDR046C,YKR059W,0,-4.3496237,0.15106764435768127,0.8792102336883545,0.494076669216156
YJL208C,YMR203W,0,-4.3496785,0.15103751420974731,0.8792102336883545,0.49419280886650085
YBL047C,YFR024C,0,-4.3499446,0.15100738406181335,0.8792102336883545,0.4943089485168457
YLR319C,YBR050C,0,-4.3500233,0.1509772688150406,0.8792102336883545,0.49442508816719055
YFR053C,YMR150C,0,-4.350152,0.15094715356826782,0.8792102336883545,0.4945412278175354
YOL049W,YOL031C,0,-4.3502107,0.15091706812381744,0.8792102336883545,0.49465736746788025
YNL288W,YML131W,0,-4.3502755,0.15088698267936707,0.8792102336883545,0.4947735071182251
YPL210C,YPL253C,0,-4.35032,0.15085691213607788,0.8792102336883545,0.49488967657089233
YNL323W,YPL146C,0,-4.3503385,0.1508268564939499,0.8792102336883545,0.4950058162212372
YDR205W,YFL036W,0,-4.350881,0.1507968157529831,0.8792102336883545,0.49512195587158203
YMR296C,YDL080C,0,-4.3509727,0.1507667750120163,0.8792102336883545,0.4952380955219269
YLR005W,YDR359C,1,-4.3510184,0.15093588829040527,0.8803716897964478,0.4952380955219269
YGL035C,YGR063C,0,-4.351331,0.15090583264827728,0.8803716897964478,0.49535423517227173
YDR277C,YCL075W,0,-4.3515058,0.15087579190731049,0.8803716897964478,0.4954703748226166
YNR006W,YDL109C,0,-4.351541,0.15084576606750488,0.8803716897964478,0.4955865144729614
YNL147W,YGL226C-A,0,-4.3515534,0.15081575512886047,0.8803716897964478,0.49570268392562866
YCR107W,YDR398W,0,-4.3518333,0.15078575909137726,0.8803716897964478,0.4958188235759735
YDR524C,YCL075W,0,-4.352215,0.15075576305389404,0.8803716897964478,0.49593496322631836
YDL197C,YNL230C,0,-4.352218,0.15072579681873322,0.8803716897964478,0.4960511028766632
YDR163W,YML113W,0,-4.352225,0.1506958305835724,0.8803716897964478,0.49616724252700806
YDR076W,YHR099W,1,-4.3525414,0.1508646458387375,0.8815330862998962,0.49616724252700806
YAL042W,YJR145C,0,-4.352548,0.15083466470241547,0.8815330862998962,0.4962833821773529
YGL178W,YDR453C,0,-4.352549,0.15080468356609344,0.8815330862998962,0.49639952182769775
YMR224C,YML032C,1,-4.3525968,0.150973379611969,0.8826945424079895,0.49639952182769775
YIL036W,YJR027W,0,-4.3530827,0.15094339847564697,0.8826945424079895,0.496515691280365
YML120C,YLR277C,0,-4.353418,0.15091341733932495,0.8826945424079895,0.49663183093070984
YDR055W,YGR111W,0,-4.353622,0.15088346600532532,0.8826945424079895,0.4967479705810547
YNL307C,YDR076W,1,-4.353706,0.15105199813842773,0.8838559985160828,0.4967479705810547
YDR301W,YKR059W,0,-4.353844,0.1510220319032669,0.8838559985160828,0.49686411023139954
YMR301C,YLR335W,0,-4.353926,0.15099206566810608,0.8838559985160828,0.4969802498817444
YGL219C,YJL121C,0,-4.354799,0.15096211433410645,0.8838559985160828,0.49709638953208923
YDR397C,YBR295W,0,-4.3554287,0.1509321630001068,0.8838559985160828,0.4972125291824341
YGR097W,YBR107C,0,-4.3555284,0.15090224146842957,0.8838559985160828,0.4973286986351013
YBR132C,YOL130W,0,-4.3558464,0.15087231993675232,0.8838559985160828,0.49744483828544617
YNL327W,YBR152W,0,-4.355971,0.15084241330623627,0.8838559985160828,0.497560977935791
YOR349W,YBL016W,0,-4.356032,0.1508125215768814,0.8838559985160828,0.49767711758613586
YPR200C,YIL029C,0,-4.3562207,0.15078264474868774,0.8838559985160828,0.4977932572364807
YAL042W,YJL128C,0,-4.3562236,0.15075276792049408,0.8838559985160828,0.49790939688682556
YDR009W,YOR064C,0,-4.3564615,0.1507229208946228,0.8838559985160828,0.4980255663394928
YJR092W,YPL101W,0,-4.3566656,0.15069307386875153,0.8838559985160828,0.49814170598983765
YDL143W,YDR393W,0,-4.356882,0.15066324174404144,0.8838559985160828,0.4982578456401825
YFL013C,YGR054W,0,-4.357117,0.15063340961933136,0.8838559985160828,0.49837398529052734
YKL208W,YKL173W,0,-4.357124,0.15060360729694366,0.8838559985160828,0.4984901249408722
YBR155W,YBR273C,0,-4.3571563,0.15057380497455597,0.8838559985160828,0.49860626459121704
YJL021C,YJL154C,0,-4.3572717,0.15054401755332947,0.8838559985160828,0.4987224042415619
YNL186W,YDL170W,0,-4.357305,0.15051424503326416,0.8838559985160828,0.4988385736942291
YDR456W,YIR015W,0,-4.357347,0.15048447251319885,0.8838559985160828,0.498954713344574
YDR456W,YPR036W,0,-4.357569,0.15045472979545593,0.8838559985160828,0.4990708529949188
YER073W,YNL241C,0,-4.3576107,0.150424987077713,0.8838559985160828,0.49918699264526367
YDR046C,YDL140C,0,-4.3577194,0.1503952592611313,0.8838559985160828,0.4993031322956085
YJL208C,YPR065W,0,-4.357901,0.15036554634571075,0.8838559985160828,0.49941927194595337
YLR133W,YDR318W,0,-4.3579106,0.15033583343029022,0.8838559985160828,0.4995354115962982
YKL191W,YIR005W,0,-4.358093,0.15030613541603088,0.8838559985160828,0.49965158104896545
YLR110C,YML129C,0,-4.3583355,0.15027646720409393,0.8838559985160828,0.4997677206993103
YKR066C,YJR131W,0,-4.3586516,0.15024679899215698,0.8838559985160828,0.49988386034965515
YBR234C,YDL230W,0,-4.3587866,0.15021713078022003,0.8838559985160828,0.5
YCL055W,YGL226C-A,0,-4.3592997,0.15018749237060547,0.8838559985160828,0.5001161694526672
YGR258C,YER169W,1,-4.359344,0.15035517513751984,0.8850173950195312,0.5001161694526672
YHR175W,YGL004C,0,-4.3593454,0.15032550692558289,0.8850173950195312,0.5002322793006897
YFL018C,YBR218C,0,-4.3595033,0.15029585361480713,0.8850173950195312,0.5003484487533569
YBL016W,YLR006C,0,-4.359632,0.15026621520519257,0.8850173950195312,0.5004645586013794
YFL016C,YHL009C,0,-4.3600984,0.1502365916967392,0.8850173950195312,0.5005807280540466
YMR153W,YCL043C,0,-4.3601217,0.15020698308944702,0.8850173950195312,0.5006968379020691
YNL281W,YKL095W,0,-4.3604035,0.15017737448215485,0.8850173950195312,0.5008130073547363
YNL153C,YDR363W-A,0,-4.3604393,0.15014778077602386,0.8850173950195312,0.5009291768074036
YBR201W,YFL021W,0,-4.360476,0.15011820197105408,0.8850173950195312,0.501045286655426
YBR050C,YMR005W,0,-4.3605113,0.15008863806724548,0.8850173950195312,0.5011614561080933
YJL034W,YOR088W,0,-4.3606505,0.1500590741634369,0.8850173950195312,0.5012775659561157
YBR211C,YOL039W,0,-4.3608675,0.15002954006195068,0.8850173950195312,0.501393735408783
YFL011W,YLR262C,0,-4.3611097,0.15000000596046448,0.8850173950195312,0.5015098452568054
YMR029C,YBL032W,0,-4.361131,0.14997047185897827,0.8850173950195312,0.5016260147094727
YNL307C,YOR346W,1,-4.3612127,0.1501377373933792,0.8861788511276245,0.5016260147094727
YFR030W,YPR188C,0,-4.3615694,0.150108203291893,0.8861788511276245,0.5017421841621399
YCR028C,YGL073W,0,-4.36163,0.150078684091568,0.8861788511276245,0.5018582940101624
YKL208W,YBR162C,0,-4.3619423,0.15004916489124298,0.8861788511276245,0.5019744634628296
YBR010W,YJL154C,0,-4.361979,0.15001966059207916,0.8861788511276245,0.502090573310852
YPL021W,YGL073W,0,-4.3620324,0.14999017119407654,0.8861788511276245,0.5022067427635193
YJR022W,YCR061W,0,-4.3620687,0.1499606966972351,0.8861788511276245,0.5023228526115417
YMR072W,YJR017C,0,-4.3620834,0.14993122220039368,0.8861788511276245,0.502439022064209
YDR231C,YDL128W,0,-4.3623424,0.14990176260471344,0.8861788511276245,0.5025551915168762
YMR021C,YOR159C,0,-4.362352,0.1498723179101944,0.8861788511276245,0.5026713013648987
YPR046W,YLR248W,0,-4.362411,0.14984288811683655,0.8861788511276245,0.5027874708175659
YDR195W,YKL088W,0,-4.362516,0.1498134732246399,0.8861788511276245,0.5029035806655884
YFL013C,YJL133W,0,-4.3626757,0.14978405833244324,0.8861788511276245,0.5030197501182556
YLR384C,YMR089C,0,-4.36286,0.14975465834140778,0.8861788511276245,0.5031358599662781
YOR098C,YLR135W,0,-4.3628917,0.1497252732515335,0.8861788511276245,0.5032520294189453
YMR266W,YNL167C,0,-4.3629565,0.14969590306282043,0.8861788511276245,0.5033681988716125
YKL139W,YDR131C,0,-4.362988,0.14966653287410736,0.8861788511276245,0.503484308719635
YOR349W,YIL112W,0,-4.363229,0.14963717758655548,0.8861788511276245,0.5036004781723022
YCR107W,YOR171C,0,-4.363482,0.1496078372001648,0.8861788511276245,0.5037165880203247
YKL016C,YLR240W,0,-4.363528,0.1495785117149353,0.8861788511276245,0.5038327574729919
YNL307C,YFL008W,1,-4.3635364,0.14974519610404968,0.8873403072357178,0.5038327574729919
YMR301C,YER008C,0,-4.3639617,0.149715855717659,0.8873403072357178,0.5039488673210144
YNL153C,YBL093C,0,-4.3641014,0.1496865153312683,0.8873403072357178,0.5040650367736816
YOR239W,YER088C,0,-4.3643246,0.1496572047472,0.8873403072357178,0.5041812062263489
YOL069W,YKR079C,0,-4.3643584,0.1496278941631317,0.8873403072357178,0.5042973160743713
YNR067C,YGR158C,0,-4.3650393,0.14959858357906342,0.8873403072357178,0.5044134855270386
YHR194W,YML114C,0,-4.365375,0.1495693027973175,0.8873403072357178,0.504529595375061
YBR105C,YLR455W,0,-4.3653903,0.1495400220155716,0.8873403072357178,0.5046457648277283
YBR089C-A,YKR086W,0,-4.365456,0.14951075613498688,0.8873403072357178,0.5047619342803955
YHR181W,YLL056C,0,-4.365596,0.14948150515556335,0.8873403072357178,0.504878044128418
YML047C,YBL061C,0,-4.365662,0.14945226907730103,0.8873403072357178,0.5049942135810852
YLR011W,YCR083W,0,-4.3657336,0.1494230329990387,0.8873403072357178,0.5051103234291077
YHR174W,YNL323W,0,-4.366511,0.14939382672309875,0.8873403072357178,0.5052264928817749
YPL242C,YNL131W,0,-4.3665338,0.1493646204471588,0.8873403072357178,0.5053426027297974
YER070W,YER008C,0,-4.3665557,0.14933541417121887,0.8873403072357178,0.5054587721824646
YHR169W,YMR263W,0,-4.366566,0.14930623769760132,0.8873403072357178,0.5055749416351318
YLL019C,YGR054W,0,-4.366649,0.14927706122398376,0.8873403072357178,0.5056910514831543
YJL165C,YDR345C,0,-4.3667426,0.1492478996515274,0.8873403072357178,0.5058072209358215
YML129C,YEL051W,0,-4.366822,0.14921875298023224,0.8873403072357178,0.505923330783844
YMR012W,YLR277C,0,-4.3670926,0.14918960630893707,0.8873403072357178,0.5060395002365112
YDL200C,YAL015C,1,-4.367371,0.1493557244539261,0.888501763343811,0.5060395002365112
YPL269W,YDR451C,0,-4.36743,0.14932656288146973,0.888501763343811,0.5061556100845337
YMR073C,YML033W,0,-4.367473,0.14929743111133575,0.888501763343811,0.5062717795372009
YML055W,YIL022W,0,-4.3674803,0.14926829934120178,0.888501763343811,0.5063879489898682
YLL015W,YDL140C,0,-4.3681684,0.1492391675710678,0.888501763343811,0.5065040588378906
YJL026W,YGL098W,0,-4.3681946,0.14921006560325623,0.888501763343811,0.5066202282905579
YNL164C,YBR295W,0,-4.3687625,0.14918096363544464,0.888501763343811,0.5067363381385803
YOR106W,YLR346C,0,-4.369307,0.14915187656879425,0.888501763343811,0.5068525075912476
YJR091C,YCR102C,0,-4.3695107,0.14912280440330505,0.888501763343811,0.50696861743927
YKL146W,YBR295W,0,-4.36955,0.14909374713897705,0.888501763343811,0.5070847868919373
YGR284C,YDL195W,0,-4.369715,0.14906468987464905,0.888501763343811,0.5072009563446045
YFR005C,YLL011W,0,-4.3697286,0.14903564751148224,0.888501763343811,0.507317066192627
YPR070W,YIL084C,0,-4.36974,0.14900662004947662,0.888501763343811,0.5074332356452942
YPL190C,YMR026C,0,-4.3698807,0.1489776074886322,0.888501763343811,0.5075493454933167
YBL047C,YLR147C,0,-4.3700624,0.14894859492778778,0.888501763343811,0.5076655149459839
YOR180C,YHR138C,0,-4.370225,0.14891959726810455,0.888501763343811,0.5077816247940063
YOL164W,YLR319C,0,-4.370929,0.14889061450958252,0.888501763343811,0.5078977942466736
YOL063C,YJL214W,0,-4.370992,0.14886164665222168,0.888501763343811,0.5080139636993408
YKL029C,YDL109C,0,-4.3710246,0.14883267879486084,0.888501763343811,0.5081300735473633
YCL055W,YJR074W,0,-4.3715796,0.1488037407398224,0.888501763343811,0.5082462430000305
YER142C,YDR076W,1,-4.3717074,0.14896927773952484,0.8896631598472595,0.5082462430000305
YMR150C,YOR099W,0,-4.3717275,0.148940309882164,0.8896631598472595,0.508362352848053
YPL021W,YLR262C,0,-4.371856,0.14891135692596436,0.8896631598472595,0.5084785223007202
YHL040C,YMR109W,0,-4.372075,0.1488824039697647,0.8896631598472595,0.5085946321487427
YPL018W,YCL074W,0,-4.3720922,0.14885348081588745,0.8896631598472595,0.5087108016014099
YGL256W,YPR046W,0,-4.3723793,0.1488245576620102,0.8896631598472595,0.5088269710540771
YAL044C,YLL056C,0,-4.3726954,0.14879564940929413,0.8896631598472595,0.5089430809020996
YNL149C,YGR180C,0,-4.3728585,0.14876675605773926,0.8896631598472595,0.5090592503547668
YDR397C,YHR161C,0,-4.37299,0.1487378627061844,0.8896631598472595,0.5091753602027893
YER068W,YGL171W,0,-4.373158,0.1487089842557907,0.8896631598472595,0.5092915296554565
YIL034C,YER028C,0,-4.3733296,0.14868012070655823,0.8896631598472595,0.509407639503479
YFL009W,YOR088W,0,-4.3733754,0.14865127205848694,0.8896631598472595,0.5095238089561462
YGR239C,YJL025W,0,-4.3735304,0.14862242341041565,0.8896631598472595,0.5096399784088135
YKL005C,YGR054W,0,-4.373601,0.14859360456466675,0.8896631598472595,0.5097560882568359
YKL079W,YPL106C,0,-4.3736463,0.14856478571891785,0.8896631598472595,0.5098722577095032
YIL128W,YOR346W,1,-4.373868,0.14872987568378448,0.8908246159553528,0.5098722577095032
YCL063W,YJR027W,0,-4.373882,0.1487010419368744,0.8908246159553528,0.5099883675575256
YMR001C,YBR038W,0,-4.373902,0.1486722230911255,0.8908246159553528,0.5101045370101929
YKR066C,YBR231C,0,-4.373956,0.1486434042453766,0.8908246159553528,0.5102206468582153
YDL175C,YPR138C,0,-4.37398,0.14861461520195007,0.8908246159553528,0.5103368163108826
YKL212W,YGR024C,0,-4.3740335,0.14858582615852356,0.8908246159553528,0.5104529857635498
YCR048W,YJR070C,0,-4.374168,0.14855703711509705,0.8908246159553528,0.5105690956115723
YKR002W,YER117W,0,-4.3752093,0.14852827787399292,0.8908246159553528,0.5106852650642395
YJR091C,YOR106W,0,-4.375235,0.1484995186328888,0.8908246159553528,0.510801374912262
YJR045C,YNL154C,0,-4.375314,0.14847077429294586,0.8908246159553528,0.5109175443649292
YOL164W,YIL129C,0,-4.3754525,0.14844202995300293,0.8908246159553528,0.5110336542129517
YDL045C,YOL002C,0,-4.3757625,0.14841331541538239,0.8908246159553528,0.5111498236656189
YLR242C,YGL053W,0,-4.3760552,0.14838460087776184,0.8908246159553528,0.5112659931182861
YJL184W,YML055W,0,-4.3766184,0.1483559012413025,0.8908246159553528,0.5113821029663086
YBR164C,YOR329C,0,-4.376688,0.14832721650600433,0.8908246159553528,0.5114982724189758
YDR142C,YDL036C,0,-4.3768945,0.14829853177070618,0.8908246159553528,0.5116143822669983
YOR322C,YBR185C,0,-4.3775444,0.1482698619365692,0.8908246159553528,0.5117305517196655
YOR386W,YOR217W,1,-4.377554,0.14843447506427765,0.891986072063446,0.5117305517196655
YGL065C,YNL302C,0,-4.377557,0.1484057903289795,0.891986072063446,0.511846661567688
YPL026C,YOR064C,0,-4.377564,0.14837712049484253,0.891986072063446,0.5119628310203552
YHR203C,YIL030C,0,-4.377593,0.14834846556186676,0.891986072063446,0.5120790004730225
YOR346W,YER169W,1,-4.3776884,0.14851294457912445,0.8931475281715393,0.5120790004730225
YDL003W,YLR195C,0,-4.3781314,0.1484842598438263,0.8931475281715393,0.5121951103210449
YLR081W,YDR325W,0,-4.378144,0.14845560491085052,0.8931475281715393,0.5123112797737122
YOL049W,YER106W,0,-4.378159,0.14842694997787476,0.8931475281715393,0.5124273896217346
YKL055C,YJL148W,0,-4.378494,0.148398295044899,0.8931475281715393,0.5125435590744019
YOR221C,YDR451C,0,-4.378571,0.1483696699142456,0.8931475281715393,0.5126596689224243
YNL230C,YHR042W,0,-4.378697,0.14834104478359222,0.8931475281715393,0.5127758383750916
YLR010C,YDL109C,0,-4.3787675,0.14831243455410004,0.8931475281715393,0.5128920078277588
YNR002C,YBR038W,0,-4.3789854,0.14828383922576904,0.8931475281715393,0.5130081176757812
YMR072W,YJL010C,0,-4.379016,0.14825525879859924,0.8931475281715393,0.5131242871284485
YGL247W,YOR179C,0,-4.379183,0.14822667837142944,0.8931475281715393,0.513240396976471
YHR005C,YDR122W,0,-4.3794885,0.14819811284542084,0.8931475281715393,0.5133565664291382
YER167W,YLR219W,0,-4.3797255,0.14816956222057343,0.8931475281715393,0.5134727358818054
YGL006W,YCR009C,0,-4.38004,0.148141011595726,0.8931475281715393,0.5135888457298279
YLR078C,YIL022W,0,-4.3802876,0.1481124758720398,0.8931475281715393,0.5137050151824951
YFR003C,YJL139C,0,-4.38058,0.14808395504951477,0.8931475281715393,0.5138211250305176
YPL082C,YDR165W,0,-4.3807793,0.14805544912815094,0.8931475281715393,0.5139372944831848
YIR033W,YAR009C,0,-4.3809514,0.1480269432067871,0.8931475281715393,0.5140534043312073
YDR116C,YJL128C,0,-4.380964,0.14799846708774567,0.8931475281715393,0.5141695737838745
YLR007W,YNL312W,1,-4.3814616,0.14816239476203918,0.8943089246749878,0.5141695737838745
YJR074W,YJR028W,0,-4.381573,0.14813390374183655,0.8943089246749878,0.5142857432365417
YDR205W,YNL131W,0,-4.3816676,0.14810539782047272,0.8943089246749878,0.5144018530845642
YGL073W,YDL135C,0,-4.3816943,0.14807692170143127,0.8943089246749878,0.5145180225372314
YGL142C,YDR341C,0,-4.3818994,0.14804844558238983,0.8943089246749878,0.5146341323852539
YBR273C,YDR341C,0,-4.382028,0.14801999926567078,0.8943089246749878,0.5147503018379211
YKL208W,YLR219W,0,-4.3820643,0.14799153804779053,0.8943089246749878,0.5148664116859436
YGR218W,YBR089C-A,0,-4.3829246,0.14796310663223267,0.8943089246749878,0.5149825811386108
YPL091W,YBR107C,0,-4.382999,0.1479346752166748,0.8943089246749878,0.5150987505912781
YFL057C,YGR059W,0,-4.3831983,0.14790625870227814,0.8943089246749878,0.5152148604393005
YPR001W,YDR289C,0,-4.383283,0.14787785708904266,0.8943089246749878,0.5153310298919678
YML129C,YJL026W,0,-4.3834558,0.1478494554758072,0.8943089246749878,0.5154471397399902
YCR053W,YOL105C,0,-4.3835635,0.1478210836648941,0.8943089246749878,0.5155633091926575
YPL118W,YPL239W,0,-4.384135,0.14779271185398102,0.8943089246749878,0.5156794190406799
YLL061W,YER165W,0,-4.384227,0.14776434004306793,0.8943089246749878,0.5157955884933472
YCL014W,YCL043C,0,-4.384686,0.14773599803447723,0.8943089246749878,0.5159117579460144
YNL032W,YCR102C,0,-4.384876,0.14770765602588654,0.8943089246749878,0.5160278677940369
YJR139C,YLR262C,0,-4.384953,0.14767932891845703,0.8943089246749878,0.5161440372467041
YOR319W,YBR058C-A,0,-4.3850355,0.14765100181102753,0.8943089246749878,0.5162601470947266
YLR110C,YGL142C,0,-4.3851438,0.1476227045059204,0.8943089246749878,0.5163763165473938
YFR024C,YPL235W,0,-4.3853865,0.1475944072008133,0.8943089246749878,0.5164924263954163
YBR132C,YBR089C-A,0,-4.385515,0.14756610989570618,0.8943089246749878,0.5166085958480835
YER117W,YPL210C,0,-4.3855567,0.14753784239292145,0.8943089246749878,0.5167247653007507
YOL063C,YCL027W,0,-4.3855963,0.14750957489013672,0.8943089246749878,0.5168408751487732
YJR092W,YBR172C,0,-4.3862643,0.14748132228851318,0.8943089246749878,0.5169570446014404
YPR082C,YBR159W,0,-4.386742,0.14745308458805084,0.8943089246749878,0.5170731544494629
YMR150C,YJL128C,0,-4.3868814,0.1474248468875885,0.8943089246749878,0.5171893239021301
YLR384C,YIR015W,0,-4.3871894,0.14739662408828735,0.8943089246749878,0.5173054337501526
YDL200C,YDR359C,1,-4.387756,0.14755980670452118,0.895470380783081,0.5173054337501526
YNR054C,YPL190C,0,-4.387886,0.14753156900405884,0.895470380783081,0.5174216032028198
YGR218W,YKL088W,0,-4.38806,0.1475033462047577,0.895470380783081,0.5175377726554871
YDR478W,YGR192C,0,-4.3882365,0.14747513830661774,0.895470380783081,0.5176538825035095
YHL040C,YLR215C,0,-4.3887067,0.14744693040847778,0.895470380783081,0.5177700519561768
YLR304C,YBR159W,0,-4.3889356,0.14741873741149902,0.895470380783081,0.5178861618041992
YBR107C,YOR008C-A,0,-4.3889823,0.14739055931568146,0.895470380783081,0.5180023312568665
YDL225W,YCL075W,0,-4.3891616,0.1473623812198639,0.895470380783081,0.5181184411048889
YHR187W,YFR024C,0,-4.3891644,0.14733421802520752,0.895470380783081,0.5182346105575562
YBL080C,YIL008W,0,-4.3893743,0.14730606973171234,0.895470380783081,0.5183507800102234
YBR210W,YIL029C,0,-4.389586,0.14727793633937836,0.895470380783081,0.5184668898582458
YNL020C,YGR262C,0,-4.389623,0.14724980294704437,0.895470380783081,0.5185830593109131
YLR259C,YMR216C,0,-4.3900127,0.14722168445587158,0.895470380783081,0.5186991691589355
YDR309C,YJL203W,0,-4.39002,0.14719358086585999,0.895470380783081,0.5188153386116028
YML129C,YHR194W,0,-4.3902087,0.14716549217700958,0.895470380783081,0.5189314484596252
YGL256W,YCL026C-A,0,-4.3903413,0.14713740348815918,0.895470380783081,0.5190476179122925
YKR002W,YBR283C,0,-4.3903584,0.14710932970046997,0.895470380783081,0.5191637873649597
YGR218W,YOR159C,0,-4.3904667,0.14708127081394196,0.895470380783081,0.5192798972129822
YDR195W,YGR054W,0,-4.3907084,0.14705321192741394,0.895470380783081,0.5193960666656494
YDR432W,YNL044W,0,-4.3908095,0.14702516794204712,0.895470380783081,0.5195121765136719
YJL010C,YNL167C,0,-4.3909516,0.1469971388578415,0.895470380783081,0.5196283459663391
YGL078C,YER028C,0,-4.3910394,0.14696912467479706,0.895470380783081,0.5197444558143616
YHR174W,YGL195W,0,-4.3911433,0.14694111049175262,0.895470380783081,0.5198606252670288
YKL025C,YMR106C,1,-4.391217,0.14710365235805511,0.8966318368911743,0.5198606252670288
YLR248W,YNL304W,0,-4.391506,0.14707563817501068,0.8966318368911743,0.519976794719696
YOR031W,YER031C,0,-4.3916907,0.14704762399196625,0.8966318368911743,0.5200929045677185
YGR155W,YFL018C,0,-4.3919454,0.14701960980892181,0.8966318368911743,0.5202090740203857
YAR033W,YJL139C,0,-4.392016,0.14699162542819977,0.8966318368911743,0.5203251838684082
YIL036W,YNL268W,0,-4.392689,0.14696364104747772,0.8966318368911743,0.5204413533210754
YDR055W,YOR149C,0,-4.392732,0.14693567156791687,0.8966318368911743,0.5205574631690979
YPR155C,YGR054W,0,-4.3927474,0.14690770208835602,0.8966318368911743,0.5206736326217651
YNL280C,YJR010C-A,0,-4.392802,0.14687976241111755,0.8966318368911743,0.5207898020744324
YBR211C,YLR332W,0,-4.3928924,0.1468518227338791,0.8966318368911743,0.5209059119224548
YBR089C-A,YDR058C,0,-4.3933125,0.14682388305664062,0.8966318368911743,0.5210220813751221
YDR298C,YML015C,0,-4.393664,0.14679597318172455,0.8966318368911743,0.5211381912231445
YMR005W,YCR062W,0,-4.3936644,0.14676806330680847,0.8966318368911743,0.5212543606758118
YCL014W,YCL075W,0,-4.3937206,0.1467401683330536,0.8966318368911743,0.5213704705238342
YOL009C,YML093W,0,-4.394032,0.1467122733592987,0.8966318368911743,0.5214866399765015
YOL133W,YJR028W,0,-4.3940682,0.14668439328670502,0.8966318368911743,0.5216028094291687
YFR028C,YLR467W,0,-4.394254,0.14665652811527252,0.8966318368911743,0.5217189192771912
YKL139W,YKL088W,0,-4.3943133,0.14662867784500122,0.8966318368911743,0.5218350887298584
YLR377C,YOR064C,0,-4.3946567,0.1466008424758911,0.8966318368911743,0.5219511985778809
YJL111W,YGR229C,0,-4.394662,0.146573007106781,0.8966318368911743,0.5220673680305481
YDR195W,YLR346C,0,-4.3947387,0.1465451717376709,0.8966318368911743,0.5221834778785706
YMR150C,YDR388W,0,-4.3949466,0.14651736617088318,0.8966318368911743,0.5222996473312378
YFL009W,YBL058W,0,-4.3949475,0.14648956060409546,0.8966318368911743,0.522415816783905
YGL105W,YJR110W,0,-4.3951583,0.14646176993846893,0.8966318368911743,0.5225319266319275
YHR116W,YNL153C,0,-4.395167,0.1464339941740036,0.8966318368911743,0.5226480960845947
YFL013C,YLR455W,0,-4.3956065,0.14640621840953827,0.8966318368911743,0.5227642059326172
YHR019C,YGL172W,0,-4.3956146,0.14637845754623413,0.8966318368911743,0.5228803753852844
YLR133W,YGL122C,0,-4.3959293,0.1463507115840912,0.8966318368911743,0.5229965448379517
YCR038C,YDR432W,0,-4.396052,0.14632296562194824,0.8966318368911743,0.5231126546859741
YGR177C,YPR001W,0,-4.396129,0.14629524946212769,0.8966318368911743,0.5232288241386414
YMR225C,YJR110W,0,-4.396297,0.14626751840114594,0.8966318368911743,0.5233449339866638
YER035W,YPL060W,0,-4.3963537,0.14623981714248657,0.8966318368911743,0.523461103439331
YNL129W,YLR006C,0,-4.3964224,0.1462121158838272,0.8966318368911743,0.5235772132873535
YDR273W,YKR095W,0,-4.396527,0.14618442952632904,0.8966318368911743,0.5236933827400208
YPR001W,YDR453C,0,-4.39685,0.14615675806999207,0.8966318368911743,0.523809552192688
YER028C,YHL009C,0,-4.396851,0.1461290866136551,0.8966318368911743,0.5239256620407104
YML102W,YMR201C,1,-4.397388,0.14629068970680237,0.8977932929992676,0.5239256620407104
YNL288W,YBR201W,0,-4.397612,0.1462630033493042,0.8977932929992676,0.5240418314933777
YIL142W,YNL131W,0,-4.3976364,0.14623533189296722,0.8977932929992676,0.5241579413414001
YDR191W,YHR161C,0,-4.3978367,0.14620767533779144,0.8977932929992676,0.5242741107940674
YMR263W,YDR131C,0,-4.398213,0.14618003368377686,0.8977932929992676,0.5243902206420898
YJL008C,YER089C,0,-4.39823,0.14615239202976227,0.8977932929992676,0.5245063900947571
YKL112W,YLR007W,1,-4.3983073,0.14631380140781403,0.8989546895027161,0.5245063900947571
YDL045C,YNL281W,0,-4.398439,0.14628614485263824,0.8989546895027161,0.5246225595474243
YDR046C,YKR002W,0,-4.3986564,0.14625850319862366,0.8989546895027161,0.5247386693954468
YPL177C,YLR240W,0,-4.398706,0.14623087644577026,0.8989546895027161,0.524854838848114
YNL074C,YDR208W,0,-4.399118,0.14620324969291687,0.8989546895027161,0.5249709486961365
YAL044C,YGL006W,0,-4.399119,0.14617563784122467,0.8989546895027161,0.5250871181488037
YOL009C,YPL146C,0,-4.399402,0.14614804089069366,0.8989546895027161,0.5252032279968262
YEL027W,YLR219W,0,-4.3994412,0.14612044394016266,0.8989546895027161,0.5253193974494934
YPL146C,YER075C,0,-4.3994517,0.14609286189079285,0.8989546895027161,0.5254355669021606
YPL211W,YPL192C,0,-4.399697,0.14606529474258423,0.8989546895027161,0.5255516767501831
YKL112W,YHR099W,1,-4.3998046,0.1462264209985733,0.9001161456108093,0.5255516767501831
YDR165W,YOR088W,0,-4.399896,0.1461988240480423,0.9001161456108093,0.5256678462028503
YHR073W,YIR041W,0,-4.4002643,0.14617125689983368,0.9001161456108093,0.5257839560508728
YFL003C,YDR379W,0,-4.400816,0.14614368975162506,0.9001161456108093,0.52590012550354
YKR086W,YBR105C,0,-4.4009976,0.14611613750457764,0.9001161456108093,0.5260162353515625
YDL195W,YJL052W,0,-4.401026,0.1460886001586914,0.9001161456108093,0.5261324048042297
YLR219W,YER031C,0,-4.4011397,0.14606106281280518,0.9001161456108093,0.526248574256897
YKR086W,YDL109C,0,-4.401522,0.14603354036808014,0.9001161456108093,0.5263646841049194
YML102W,YAL015C,1,-4.4017863,0.1461944282054901,0.9012776017189026,0.5263646841049194
YBR152W,YGR211W,0,-4.40179,0.14616689085960388,0.9012776017189026,0.5264808535575867
YLR332W,YMR005W,0,-4.4018703,0.14613935351371765,0.9012776017189026,0.5265969634056091
YFL010W-A,YGR180C,0,-4.4021926,0.1461118459701538,0.9012776017189026,0.5267131328582764
YDR318W,YER068W,0,-4.402371,0.14608433842658997,0.9012776017189026,0.5268292427062988
YER035W,YPL091W,0,-4.402599,0.14605684578418732,0.9012776017189026,0.5269454121589661
YNL153C,YJL154C,0,-4.40337,0.14602935314178467,0.9012776017189026,0.5270615816116333
YLR215C,YCL074W,0,-4.403402,0.1460018754005432,0.9012776017189026,0.5271776914596558
YOR106W,YGR111W,0,-4.403528,0.14597441256046295,0.9012776017189026,0.527293860912323
YDL013W,YOL001W,0,-4.403998,0.14594696462154388,0.9012776017189026,0.5274099707603455
YOR330C,YAR033W,0,-4.404416,0.14591951668262482,0.9012776017189026,0.5275261402130127
YFL041W,YJL102W,0,-4.4044228,0.14589208364486694,0.9012776017189026,0.5276422500610352
YHR124W,YPR065W,0,-4.4044256,0.14586466550827026,0.9012776017189026,0.5277584195137024
YIL036W,YPR046W,0,-4.404642,0.14583724737167358,0.9012776017189026,0.5278745889663696
YEL037C,YLR005W,1,-4.4055076,0.14599774777889252,0.9024389982223511,0.5278745889663696
YGR003W,YPL091W,0,-4.405609,0.14597031474113464,0.9024389982223511,0.5279906988143921
YNL147W,YNL241C,0,-4.4057217,0.14594289660453796,0.9024389982223511,0.5281068682670593
YGR177C,YDL230W,0,-4.4057875,0.14591549336910248,0.9024389982223511,0.5282229781150818
YNL008C,YDR481C,0,-4.4064837,0.145888090133667,0.9024389982223511,0.528339147567749
YNL009W,YOR098C,0,-4.406701,0.1458607167005539,0.9024389982223511,0.5284552574157715
YKL025C,YOR346W,1,-4.407034,0.1460210233926773,0.9036004543304443,0.5284552574157715
YBR145W,YPL171C,0,-4.407129,0.14599362015724182,0.9036004543304443,0.5285714268684387
YPR086W,YPL234C,0,-4.4076896,0.14596623182296753,0.9036004543304443,0.528687596321106
YJL008C,YOR212W,0,-4.407754,0.14593884348869324,0.9036004543304443,0.5288037061691284
YNL274C,YIL080W,0,-4.4079204,0.14591148495674133,0.9036004543304443,0.5289198756217957
YFL013C,YBR183W,0,-4.408679,0.14588411152362823,0.9036004543304443,0.5290359854698181
YOR319W,YNR006W,0,-4.4088426,0.14585676789283752,0.9036004543304443,0.5291521549224854
YLR248W,YLR455W,0,-4.4089417,0.14582942426204681,0.9036004543304443,0.5292682647705078
YHR194W,YDR397C,0,-4.4096274,0.1458020955324173,0.9036004543304443,0.529384434223175
YDR122W,YJL026W,0,-4.4098477,0.14577478170394897,0.9036004543304443,0.5295006036758423
YHR160C,YML093W,0,-4.4100013,0.14574746787548065,0.9036004543304443,0.5296167135238647
YDR009W,YBR185C,0,-4.410494,0.14572016894817352,0.9036004543304443,0.529732882976532
YIL109C,YCL075W,0,-4.410707,0.1456928849220276,0.9036004543304443,0.5298489928245544
YAL032C,YBL033C,0,-4.410849,0.14566560089588165,0.9036004543304443,0.5299651622772217
YDR189W,YDR308C,0,-4.411026,0.1456383317708969,0.9036004543304443,0.5300812721252441
YDR480W,YDR498C,0,-4.411144,0.14561107754707336,0.9036004543304443,0.5301974415779114
YJR091C,YOR148C,0,-4.4113836,0.145583838224411,0.9036004543304443,0.5303136110305786
YER114C,YML039W,0,-4.411501,0.14555659890174866,0.9036004543304443,0.5304297208786011
YGR258C,YGL175C,1,-4.411527,0.14571642875671387,0.9047619104385376,0.5304297208786011
YGL247W,YNL070W,0,-4.411979,0.14568917453289032,0.9047619104385376,0.5305458903312683
YIL119C,YHR161C,0,-4.4120164,0.14566193521022797,0.9047619104385376,0.5306620001792908
YOL049W,YLR026C,0,-4.412515,0.1456346958875656,0.9047619104385376,0.530778169631958
YNL129W,YOR087W,0,-4.412886,0.14560747146606445,0.9047619104385376,0.5308942794799805
YBL105C,YML033W,0,-4.412898,0.1455802619457245,0.9047619104385376,0.5310104489326477
YOL121C,YLR346C,0,-4.412913,0.14555306732654572,0.9047619104385376,0.5311266183853149
YJL111W,YGL053W,0,-4.4132547,0.14552587270736694,0.9047619104385376,0.5312427282333374
YLR157C,YBR233W-A,0,-4.41336,0.14549869298934937,0.9047619104385376,0.5313588976860046
YOR036W,YPL163C,0,-4.4134445,0.14547152817249298,0.9047619104385376,0.5314750075340271
YNL008C,YOR160W,0,-4.4139724,0.1454443633556366,0.9047619104385376,0.5315911769866943
YCR107W,YLR277C,0,-4.4140115,0.1454172134399414,0.9047619104385376,0.5317073464393616
YGL098W,YCL019W,0,-4.4140687,0.14539006352424622,0.9047619104385376,0.531823456287384
YDR009W,YAR009C,0,-4.4141746,0.1453629434108734,0.9047619104385376,0.5319396257400513
YPL234C,YOR230W,0,-4.41441,0.1453358232975006,0.9047619104385376,0.5320557355880737
YJL010C,YDL135C,0,-4.4144225,0.145308718085289,0.9047619104385376,0.532171905040741
YOL142W,YOL031C,0,-4.414598,0.1452816128730774,0.9047619104385376,0.5322880148887634
YDR320C-A,YPR082C,0,-4.415049,0.14525452256202698,0.9047619104385376,0.5324041843414307
YIL034C,YMR091C,0,-4.4150577,0.14522744715213776,0.9047619104385376,0.5325203537940979
YBR068C,YOL069W,0,-4.4150977,0.14520037174224854,0.9047619104385376,0.5326364636421204
YNL032W,YPL163C,0,-4.4158015,0.1451733112335205,0.9047619104385376,0.5327526330947876
YMR041C,YJR045C,0,-4.4160414,0.14514626562595367,0.9047619104385376,0.5328687429428101
YCR083W,YDL128W,0,-4.416253,0.14511922001838684,0.9047619104385376,0.5329849123954773
YJR091C,YOR221C,0,-4.416312,0.1450921893119812,0.9047619104385376,0.5331010222434998
YJL214W,YNL129W,0,-4.4164414,0.14506517350673676,0.9047619104385376,0.533217191696167
YFL025C,YOL126C,0,-4.416447,0.1450381726026535,0.9047619104385376,0.5333333611488342
YOL009C,YGR054W,0,-4.4167895,0.14501117169857025,0.9047619104385376,0.5334494709968567
YJL184W,YPR032W,0,-4.4168625,0.1449841856956482,0.9047619104385376,0.5335656404495239
YJL133W,YDL140C,0,-4.416881,0.14495719969272614,0.9047619104385376,0.5336817502975464
YPL210C,YNL154C,0,-4.417398,0.14493022859096527,0.9047619104385376,0.5337979197502136
YOR171C,YOL142W,0,-4.4175057,0.1449032723903656,0.9047619104385376,0.5339140295982361
YFL021W,YPL163C,0,-4.4176593,0.14487633109092712,0.9047619104385376,0.5340301990509033
YBR145W,YDR009W,0,-4.41795,0.14484938979148865,0.9047619104385376,0.5341463685035706
YBR162C,YML039W,0,-4.4184675,0.14482246339321136,0.9047619104385376,0.534262478351593
YDR195W,YIL022W,0,-4.418612,0.14479553699493408,0.9047619104385376,0.5343786478042603
YDL150W,YER138C,0,-4.4190326,0.144768625497818,0.9047619104385376,0.5344947576522827
YGL037C,YAR009C,0,-4.41951,0.1447417289018631,0.9047619104385376,0.53461092710495
YHR005C,YOL013C,0,-4.420361,0.1447148472070694,0.9047619104385376,0.5347270369529724
YER068W,YFL017W-A,0,-4.4206357,0.1446879655122757,0.9047619104385376,0.5348432064056396
YLL015W,YBL033C,0,-4.4207177,0.1446610987186432,0.9047619104385376,0.5349593758583069
YLR192C,YGL122C,0,-4.421314,0.14463423192501068,0.9047619104385376,0.5350754857063293
YGL073W,YPR052C,0,-4.4217415,0.14460739493370056,0.9047619104385376,0.5351916551589966
YMR011W,YJR091C,0,-4.4217567,0.14458054304122925,0.9047619104385376,0.535307765007019
YOR079C,YOL121C,0,-4.4219036,0.14455372095108032,0.9047619104385376,0.5354239344596863
YOL164W,YJL026W,0,-4.422195,0.1445268988609314,0.9047619104385376,0.5355400443077087
YML008C,YFR003C,0,-4.422418,0.14450009167194366,0.9047619104385376,0.535656213760376
YDR328C,YKL173W,0,-4.4224477,0.14447329938411713,0.9047619104385376,0.5357723832130432
YPL110C,YCR044C,0,-4.4224916,0.1444465070962906,0.9047619104385376,0.5358884930610657
YOR239W,YBR234C,0,-4.422499,0.14441972970962524,0.9047619104385376,0.5360046625137329
YAL022C,YJL133W,0,-4.4227395,0.1443929523229599,0.9047619104385376,0.5361207723617554
YPR036W,YER072W,0,-4.422754,0.14436618983745575,0.9047619104385376,0.5362369418144226
YMR266W,YDR341C,0,-4.4229236,0.1443394422531128,0.9047619104385376,0.5363530516624451
YKR095W,YJR045C,0,-4.422934,0.14431270956993103,0.9047619104385376,0.5364692211151123
YBR233W-A,YGR249W,0,-4.4229817,0.14428597688674927,0.9047619104385376,0.5365853905677795
YDL042C,YDR359C,1,-4.423035,0.14444445073604584,0.9059233665466309,0.5365853905677795
YDL088C,YBR008C,0,-4.4231153,0.14441770315170288,0.9059233665466309,0.536701500415802
YJR076C,YGL143C,0,-4.4231853,0.14439097046852112,0.9059233665466309,0.5368176698684692
YLR005W,YMR284W,1,-4.4234047,0.14454932510852814,0.9070847630500793,0.5368176698684692
YBR065C,YML047C,0,-4.423472,0.14452257752418518,0.9070847630500793,0.5369337797164917
YKL086W,YFR003C,0,-4.423509,0.14449582993984222,0.9070847630500793,0.5370499491691589
YAL015C,YER169W,1,-4.423585,0.14465409517288208,0.9082462191581726,0.5370499491691589
YHR042W,YCL074W,0,-4.423788,0.14462733268737793,0.9082462191581726,0.5371660590171814
YML093W,YCL074W,0,-4.4237933,0.14460058510303497,0.9082462191581726,0.5372822284698486
YNL009W,YOR172W,0,-4.4238124,0.1445738524198532,0.9082462191581726,0.5373983979225159
YNL281W,YPL242C,0,-4.423936,0.14454713463783264,0.9082462191581726,0.5375145077705383
YFR024C,YOR241W,0,-4.4240155,0.14452041685581207,0.9082462191581726,0.5376306772232056
YFL057C,YKL088W,0,-4.424153,0.1444937139749527,0.9082462191581726,0.537746787071228
YDL117W,YBR283C,0,-4.4242206,0.14446702599525452,0.9082462191581726,0.5378629565238953
YOL126C,YLR059C,0,-4.424425,0.14444033801555634,0.9082462191581726,0.5379790663719177
YMR052W,YHR039C,0,-4.4244266,0.14441366493701935,0.9082462191581726,0.538095235824585
YPL209C,YBR050C,0,-4.424646,0.14438700675964355,0.9082462191581726,0.5382114052772522
YLR025W,YDR165W,0,-4.424745,0.14436034858226776,0.9082462191581726,0.5383275151252747
YGL142C,YCL074W,0,-4.424752,0.14433370530605316,0.9082462191581726,0.5384436845779419
YOR209C,YCR060W,0,-4.424811,0.14430706202983856,0.9082462191581726,0.5385597944259644
YEL037C,YDL042C,1,-4.424866,0.14446493983268738,0.9094076752662659,0.5385597944259644
YOR249C,YBL033C,0,-4.4249196,0.14443829655647278,0.9094076752662659,0.5386759638786316
YER138C,YLR455W,0,-4.425316,0.14441165328025818,0.9094076752662659,0.538792073726654
YPL208W,YML039W,0,-4.4255853,0.14438502490520477,0.9094076752662659,0.5389082431793213
YCR083W,YOR008C-A,0,-4.4257665,0.14435841143131256,0.9094076752662659,0.5390244126319885
YLR394W,YGL062W,0,-4.425776,0.14433179795742035,0.9094076752662659,0.539140522480011
YIL155C,YEL016C,0,-4.4259095,0.14430519938468933,0.9094076752662659,0.5392566919326782
YNL074C,YHL036W,0,-4.4259615,0.1442786008119583,0.9094076752662659,0.5393728017807007
YGR284C,YOR260W,0,-4.4261007,0.14425203204154968,0.9094076752662659,0.5394889712333679
YNL270C,YER044C,0,-4.426225,0.14422546327114105,0.9094076752662659,0.5396050810813904
YBR256C,YML039W,0,-4.4262643,0.14419889450073242,0.9094076752662659,0.5397212505340576
YMR216C,YLR010C,0,-4.4263067,0.14417234063148499,0.9094076752662659,0.5398374199867249
YHR116W,YGL142C,0,-4.4263997,0.14414580166339874,0.9094076752662659,0.5399535298347473
YDR165W,YLR262C,0,-4.4269323,0.1441192775964737,0.9094076752662659,0.5400696992874146
YLR192C,YPR036W,0,-4.4270277,0.14409275352954865,0.9094076752662659,0.540185809135437
YOR239W,YPL239W,0,-4.4270473,0.1440662443637848,0.9094076752662659,0.5403019785881042
YGL105W,YDL128W,0,-4.427203,0.14403973519802094,0.9094076752662659,0.5404181480407715
YHR163W,YER138C,0,-4.427564,0.14401324093341827,0.9094076752662659,0.540534257888794
YDL200C,YML032C,1,-4.4279637,0.14417065680027008,0.9105691313743591,0.540534257888794
YPR104C,YMR296C,0,-4.428086,0.14414414763450623,0.9105691313743591,0.5406504273414612
YFL010W-A,YOR212W,0,-4.428139,0.14411765336990356,0.9105691313743591,0.5407665371894836
YFL041W,YJL133W,0,-4.4282546,0.1440911591053009,0.9105691313743591,0.5408827066421509
YOR005C,YAL015C,1,-4.4284396,0.14424844086170197,0.9117305278778076,0.5408827066421509
YHR116W,YGL016W,0,-4.428821,0.1442219316959381,0.9117305278778076,0.5409988164901733
YDL003W,YGR111W,0,-4.4289412,0.14419543743133545,0.9117305278778076,0.5411149859428406
YLR078C,YCR080W,0,-4.4290266,0.14416895806789398,0.9117305278778076,0.5412311553955078
YKR007W,YCR061W,0,-4.4296165,0.1441424936056137,0.9117305278778076,0.5413472652435303
YGR218W,YOR031W,0,-4.429645,0.14411602914333344,0.9117305278778076,0.5414634346961975
YCL004W,YDR202C,0,-4.429772,0.14408957958221436,0.9117305278778076,0.54157954454422
YDL175C,YJL034W,0,-4.429845,0.14406313002109528,0.9117305278778076,0.5416957139968872
YBR155W,YIR015W,0,-4.4303417,0.1440366953611374,0.9117305278778076,0.5418118238449097
YNR026C,YOL129W,0,-4.4304547,0.1440102756023407,0.9117305278778076,0.5419279932975769
YER019W,YJL052W,0,-4.4305196,0.143983855843544,0.9117305278778076,0.5420441627502441
YNL312W,YOR217W,1,-4.4305816,0.1441408395767212,0.9128919839859009,0.5420441627502441
YBL032W,YGR059W,0,-4.430619,0.1441144049167633,0.9128919839859009,0.5421602725982666
YHR061C,YOR103C,0,-4.4307446,0.1440880000591278,0.9128919839859009,0.5422764420509338
YGL180W,YIL036W,0,-4.4308515,0.14406158030033112,0.9128919839859009,0.5423925518989563
YGR268C,YNR026C,0,-4.4316764,0.1440351903438568,0.9128919839859009,0.5425087213516235
YML113W,YDR142C,0,-4.432013,0.1440088003873825,0.9128919839859009,0.542624831199646
YGR261C,YPR155C,0,-4.4320893,0.1439824104309082,0.9128919839859009,0.5427410006523132
YPR104C,YDL079C,0,-4.432265,0.1439560502767563,0.9128919839859009,0.5428571701049805
YOR123C,YHR160C,0,-4.4323874,0.14392969012260437,0.9128919839859009,0.5429732799530029
YAL009W,YMR183C,0,-4.432422,0.14390332996845245,0.9128919839859009,0.5430894494056702
YPL190C,YER138C,0,-4.4326673,0.14387698471546173,0.9128919839859009,0.5432055592536926
YLR319C,YGR155W,0,-4.432675,0.1438506543636322,0.9128919839859009,0.5433217287063599
YFL010W-A,YOL129W,0,-4.4327474,0.14382433891296387,0.9128919839859009,0.5434378385543823
YBR258C,YHR016C,0,-4.4331126,0.14379802346229553,0.9128919839859009,0.5435540080070496
YPL248C,YCL032W,0,-4.433145,0.1437717229127884,0.9128919839859009,0.5436701774597168
YBR145W,YGR097W,0,-4.4334397,0.14374542236328125,0.9128919839859009,0.5437862873077393
YPL269W,YCR053W,0,-4.4339395,0.1437191516160965,0.9128919839859009,0.5439024567604065
YMR073C,YML039W,0,-4.434773,0.14369286596775055,0.9128919839859009,0.544018566608429
YNL147W,YDR310C,0,-4.434978,0.143666610121727,0.9128919839859009,0.5441347360610962
YIL036W,YBR177C,0,-4.435136,0.14364035427570343,0.9128919839859009,0.5442508459091187
YJL006C,YCR044C,0,-4.43524,0.14361409842967987,0.9128919839859009,0.5443670153617859
YHR116W,YER019W,0,-4.4352837,0.1435878723859787,0.9128919839859009,0.5444831848144531
YIR018W,YCL019W,0,-4.4353585,0.14356164634227753,0.9128919839859009,0.5445992946624756
YIL112W,YJL025W,0,-4.435491,0.14353542029857635,0.9128919839859009,0.5447154641151428
YGL142C,YFL011W,0,-4.435745,0.14350922405719757,0.9128919839859009,0.5448315739631653
YMR283C,YDR087C,0,-4.435759,0.1434830278158188,0.9128919839859009,0.5449477434158325
YMR079W,YHR161C,0,-4.4358478,0.14345683157444,0.9128919839859009,0.545063853263855
YMR012W,YGR129W,0,-4.436003,0.1434306502342224,0.9128919839859009,0.5451800227165222
YMR069W,YGR222W,0,-4.436277,0.14340448379516602,0.9128919839859009,0.5452961921691895
YPL242C,YHR138C,0,-4.4363074,0.1433783322572708,0.9128919839859009,0.5454123020172119
YPL177C,YER008C,0,-4.436506,0.1433521807193756,0.9128919839859009,0.5455284714698792
YPL096C-A,YKR059W,0,-4.436768,0.1433260440826416,0.9128919839859009,0.5456445813179016
YMR029C,YFR030W,0,-4.4368114,0.1432999074459076,0.9128919839859009,0.5457607507705688
YIL120W,YOR344C,0,-4.436939,0.14327378571033478,0.9128919839859009,0.5458768606185913
YKL146W,YML012W,0,-4.4369645,0.14324767887592316,0.9128919839859009,0.5459930300712585
YOR039W,YDL138W,0,-4.437014,0.14322157204151154,0.9128919839859009,0.5461091995239258
YGL084C,YKR002W,0,-4.4373584,0.1431954801082611,0.9128919839859009,0.5462253093719482
YCL014W,YFR053C,0,-4.437403,0.14316940307617188,0.9128919839859009,0.5463414788246155
YJL076W,YML098W,0,-4.437423,0.14314332604408264,0.9128919839859009,0.5464575886726379
YML103C,YHR203C,0,-4.4375777,0.1431172639131546,0.9128919839859009,0.5465737581253052
YPR094W,YPR181C,0,-4.4377465,0.14309120178222656,0.9128919839859009,0.5466898679733276
YJL021C,YGR229C,0,-4.437926,0.14306515455245972,0.9128919839859009,0.5468060374259949
YPL248C,YBR186W,0,-4.437962,0.14303912222385406,0.9128919839859009,0.5469222068786621
YGR261C,YER003C,0,-4.438133,0.1430131047964096,0.9128919839859009,0.5470383167266846
YDR046C,YOR241W,0,-4.438229,0.14298708736896515,0.9128919839859009,0.5471544861793518
YLR384C,YBR256C,0,-4.4383636,0.1429610699415207,0.9128919839859009,0.5472705960273743
YMR047C,YJR028W,0,-4.4384847,0.14293508231639862,0.9128919839859009,0.5473867654800415
YPR057W,YHR193C,0,-4.4387712,0.14290909469127655,0.9128919839859009,0.547502875328064
YNL154C,YOR088W,0,-4.438956,0.14288310706615448,0.9128919839859009,0.5476190447807312
YJL148W,YLR346C,0,-4.4393196,0.1428571492433548,0.9128919839859009,0.5477352142333984
YOL020W,YER072W,0,-4.4396434,0.14283117651939392,0.9128919839859009,0.5478513240814209
YFL057C,YPL096C-A,0,-4.4397645,0.14280523359775543,0.9128919839859009,0.5479674935340881
YCL016C,YJL026W,0,-4.440109,0.14277929067611694,0.9128919839859009,0.5480836033821106
YGR249W,YMR089C,0,-4.4401793,0.14275336265563965,0.9128919839859009,0.5481997728347778
YKL085W,YDL217C,0,-4.440247,0.14272743463516235,0.9128919839859009,0.5483158826828003
YGR010W,YHR160C,0,-4.440366,0.14270152151584625,0.9128919839859009,0.5484320521354675
YGR222W,YGR033C,0,-4.4405503,0.14267562329769135,0.9128919839859009,0.5485482215881348
YBR065C,YIR033W,0,-4.4407244,0.14264972507953644,0.9128919839859009,0.5486643314361572
YDL181W,YDR325W,0,-4.4408946,0.14262384176254272,0.9128919839859009,0.5487805008888245
YLL061W,YDL079C,0,-4.441754,0.1425979733467102,0.9128919839859009,0.5488966107368469
YPR065W,YGR033C,0,-4.441796,0.14257210493087769,0.9128919839859009,0.5490127801895142
YPR018W,YOL127W,0,-4.44204,0.14254625141620636,0.9128919839859009,0.5491289496421814
YPL091W,YLR346C,0,-4.4420824,0.14252039790153503,0.9128919839859009,0.5492450594902039
YJR083C,YJR070C,0,-4.4421973,0.1424945592880249,0.9128919839859009,0.5493612289428711
YPR154W,YAL043C,0,-4.442226,0.14246873557567596,0.9128919839859009,0.5494773387908936
YMR041C,YIL056W,0,-4.4427934,0.14244291186332703,0.9128919839859009,0.5495935082435608
YJR150C,YDR165W,0,-4.4428525,0.14241710305213928,0.9128919839859009,0.5497096180915833
YML132W,YPL082C,0,-4.443237,0.14239130914211273,0.9128919839859009,0.5498257875442505
YHR023W,YLR034C,0,-4.44331,0.14236551523208618,0.9128919839859009,0.5499419569969177
YDR393W,YEL004W,0,-4.44343,0.14233973622322083,0.9128919839859009,0.5500580668449402
YHL036W,YHR012W,0,-4.4436574,0.14231395721435547,0.9128919839859009,0.5501742362976074
YDL232W,YOR088W,0,-4.443839,0.1422881931066513,0.9128919839859009,0.5502903461456299
YJL145W,YFL004W,0,-4.4439025,0.14226244390010834,0.9128919839859009,0.5504065155982971
YGR202C,YCR062W,0,-4.444184,0.14223669469356537,0.9128919839859009,0.5505226254463196
YGR129W,YOR008C-A,0,-4.444411,0.1422109603881836,0.9128919839859009,0.5506387948989868
YHR171W,YDR289C,0,-4.444731,0.142185240983963,0.9128919839859009,0.550754964351654
YJL034W,YIL118W,0,-4.444801,0.14215952157974243,0.9128919839859009,0.5508710741996765
YJL102W,YJR028W,0,-4.4448924,0.14213381707668304,0.9128919839859009,0.5509872436523438
YNL084C,YAL016W,0,-4.4450207,0.14210811257362366,0.9128919839859009,0.5511033535003662
YFL036W,YNL186W,0,-4.445041,0.14208242297172546,0.9128919839859009,0.5512195229530334
YIL070C,YGR054W,0,-4.445395,0.14205674827098846,0.9128919839859009,0.5513356328010559
YNR054C,YML039W,0,-4.445402,0.14203107357025146,0.9128919839859009,0.5514518022537231
YNL008C,YDR337W,0,-4.4455113,0.14200541377067566,0.9128919839859009,0.5515679717063904
YJL214W,YLR263W,0,-4.445817,0.14197976887226105,0.9128919839859009,0.5516840815544128
YGR239C,YPL163C,0,-4.4463677,0.14195412397384644,0.9128919839859009,0.5518002510070801
YNL027W,YDR131C,0,-4.4466987,0.14192849397659302,0.9128919839859009,0.5519163608551025
YMR011W,YMR069W,0,-4.447182,0.1419028639793396,0.9128919839859009,0.5520325303077698
YOL013C,YML033W,0,-4.4473977,0.14187724888324738,0.9128919839859009,0.5521486401557922
YJL128C,YJR027W,0,-4.447659,0.14185164868831635,0.9128919839859009,0.5522648096084595
YBR172C,YDR372C,0,-4.4482284,0.14182604849338531,0.9128919839859009,0.5523809790611267
YNL131W,YML039W,0,-4.4483094,0.14180046319961548,0.9128919839859009,0.5524970889091492
YJR076C,YOR210W,0,-4.448397,0.14177489280700684,0.9128919839859009,0.5526132583618164
YKL021C,YOR241W,0,-4.4484277,0.1417493224143982,0.9128919839859009,0.5527293682098389
YJL021C,YBR066C,0,-4.4484334,0.14172376692295074,0.9128919839859009,0.5528455376625061
YJL133W,YDR432W,0,-4.448449,0.1416982114315033,0.9128919839859009,0.5529616475105286
YDR059C,YMR089C,0,-4.448529,0.14167267084121704,0.9128919839859009,0.5530778169631958
YFL010W-A,YOR172W,0,-4.4486604,0.14164714515209198,0.9128919839859009,0.553193986415863
YDR325W,YER138C,0,-4.448939,0.14162161946296692,0.9128919839859009,0.5533100962638855
YOL164W,YHR181W,0,-4.449144,0.14159610867500305,0.9128919839859009,0.5534262657165527
YNR075W,YJR139C,0,-4.449277,0.14157059788703918,0.9128919839859009,0.5535423755645752
YER019W,YLL019C,0,-4.4493184,0.1415451169013977,0.9128919839859009,0.5536585450172424
YLR319C,YML012W,0,-4.4496937,0.14151962101459503,0.9128919839859009,0.5537746548652649
YFL018C,YER031C,0,-4.4497066,0.14149415493011475,0.9128919839859009,0.5538908243179321
YMR011W,YKL095W,0,-4.4501624,0.14146868884563446,0.9128919839859009,0.5540069937705994
YMR216C,YER138C,0,-4.450297,0.14144322276115417,0.9128919839859009,0.5541231036186218
YDR456W,YOR159C,0,-4.450429,0.14141777157783508,0.9128919839859009,0.5542392730712891
YOR307C,YGR054W,0,-4.4511,0.14139233529567719,0.9128919839859009,0.5543553829193115
YGR261C,YGL068W,0,-4.4512763,0.14136691391468048,0.9128919839859009,0.5544715523719788
YML102W,YDL200C,1,-4.451289,0.14152130484580994,0.9140534400939941,0.5544715523719788
YLR304C,YDR328C,0,-4.4513345,0.14149586856365204,0.9140534400939941,0.5545876622200012
YDL079C,YML049C,0,-4.4513354,0.14147043228149414,0.9140534400939941,0.5547038316726685
YIR022W,YOR148C,0,-4.45134,0.14144501090049744,0.9140534400939941,0.5548200011253357
YNL270C,YPL118W,0,-4.4517474,0.14141958951950073,0.9140534400939941,0.5549361109733582
YNL270C,YBR155W,0,-4.451825,0.14139418303966522,0.9140534400939941,0.5550522804260254
YNL307C,YER169W,1,-4.4522023,0.14154841005802155,0.9152148962020874,0.5550522804260254
YNL280C,YNL304W,0,-4.4523144,0.14152298867702484,0.9152148962020874,0.5551683902740479
YPL151C,YER138C,0,-4.4524217,0.14149758219718933,0.9152148962020874,0.5552845597267151
YDR379W,YIL123W,0,-4.452879,0.14147217571735382,0.9152148962020874,0.5554006695747375
YMR153W,YDL230W,0,-4.4533534,0.1414467841386795,0.9152148962020874,0.5555168390274048
YMR183C,YLR455W,0,-4.453677,0.1414213925600052,0.9152148962020874,0.555633008480072
YIR041W,YOR307C,0,-4.4536843,0.14139601588249207,0.9152148962020874,0.5557491183280945
YOL130W,YBL032W,0,-4.4537015,0.14137065410614014,0.9152148962020874,0.5558652877807617
YOR260W,YLR026C,0,-4.453846,0.1413452923297882,0.9152148962020874,0.5559813976287842
YCR028C,YPL248C,0,-4.453916,0.14131994545459747,0.9152148962020874,0.5560975670814514
YJL214W,YHR041C,0,-4.453922,0.14129459857940674,0.9152148962020874,0.5562136769294739
YPL163C,YOL129W,0,-4.454044,0.1412692666053772,0.9152148962020874,0.5563298463821411
YPL091W,YIL070C,0,-4.4542027,0.14124394953250885,0.9152148962020874,0.5564460158348083
YMR225C,YLR010C,0,-4.4545026,0.1412186324596405,0.9152148962020874,0.5565621256828308
YIL053W,YCL074W,0,-4.454531,0.14119333028793335,0.9152148962020874,0.556678295135498
YBR083W,YCL074W,0,-4.4545364,0.1411680430173874,0.9152148962020874,0.5567944049835205
YOL009C,YAR033W,0,-4.4546304,0.14114275574684143,0.9152148962020874,0.5569105744361877
YDR524C,YFR024C,0,-4.454927,0.14111748337745667,0.9152148962020874,0.5570266842842102
YLR219W,YMR216C,0,-4.4549413,0.1410922110080719,0.9152148962020874,0.5571428537368774
YPL177C,YML012W,0,-4.4553914,0.14106695353984833,0.9152148962020874,0.5572590231895447
YLR008C,YIL120W,0,-4.455981,0.14104171097278595,0.9152148962020874,0.5573751330375671
YBR059C,YBR283C,0,-4.4564548,0.14101646840572357,0.9152148962020874,0.5574913024902344
YPL171C,YLR147C,0,-4.4564805,0.1409912258386612,0.9152148962020874,0.5576074123382568
YPL151C,YOR287C,0,-4.4565115,0.1409660130739212,0.9152148962020874,0.5577235817909241
YNL131W,YOR064C,0,-4.45661,0.1409408003091812,0.9152148962020874,0.5578396916389465
YJL006C,YAR009C,0,-4.4566236,0.14091558754444122,0.9152148962020874,0.5579558610916138
YMR266W,YBR077C,0,-4.4568877,0.14089040458202362,0.9152148962020874,0.558072030544281
YGR010W,YDL138W,0,-4.457003,0.14086520671844482,0.9152148962020874,0.5581881403923035
YNL068C,YDR277C,0,-4.457133,0.14084003865718842,0.9152148962020874,0.5583043098449707
YOR386W,YML032C,1,-4.4571767,0.14099356532096863,0.9163762927055359,0.5583043098449707
YGR258C,YBR087W,1,-4.457229,0.14114704728126526,0.9175377488136292,0.5583043098449707
YJL034W,YOR036W,0,-4.457243,0.14112183451652527,0.9175377488136292,0.5584204196929932
YOR239W,YER019W,0,-4.457395,0.14109662175178528,0.9175377488136292,0.5585365891456604
YML123C,YIL029C,0,-4.4575434,0.14107142388820648,0.9175377488136292,0.5586527585983276
YNL065W,YGL226C-A,0,-4.4575453,0.14104624092578888,0.9175377488136292,0.5587688684463501
YOR260W,YNL129W,0,-4.457657,0.14102105796337128,0.9175377488136292,0.5588850378990173
YPL253C,YJR027W,0,-4.4580283,0.14099588990211487,0.9175377488136292,0.5590011477470398
YIL053W,YCR080W,0,-4.458255,0.14097073674201965,0.9175377488136292,0.559117317199707
YNR054C,YGR181W,0,-4.45832,0.14094558358192444,0.9175377488136292,0.5592334270477295
YLR110C,YOR149C,0,-4.458767,0.14092044532299042,0.9175377488136292,0.5593495965003967
YBR211C,YJR139C,0,-4.458995,0.1408953070640564,0.9175377488136292,0.559465765953064
YNL053W,YER117W,0,-4.45929,0.14087018370628357,0.9175377488136292,0.5595818758010864
YML058W-A,YHR158C,0,-4.459522,0.14084507524967194,0.9175377488136292,0.5596980452537537
YJL214W,YFR024C,0,-4.4596705,0.1408199667930603,0.9175377488136292,0.5598141551017761
YFL025C,YLL011W,0,-4.460013,0.14079487323760986,0.9175377488136292,0.5599303245544434
YDL140C,YOL031C,0,-4.460178,0.14076977968215942,0.9175377488136292,0.5600464344024658
YNR002C,YCL075W,0,-4.4602427,0.14074470102787018,0.9175377488136292,0.5601626038551331
YOR206W,YOR149C,0,-4.4604273,0.14071962237358093,0.9175377488136292,0.5602787733078003
YPL192C,YHR161C,0,-4.460585,0.14069457352161407,0.9175377488136292,0.5603948831558228
YBR186W,YBR083W,0,-4.460619,0.14066950976848602,0.9175377488136292,0.56051105260849
YLL018C-A,YKL079W,0,-4.460877,0.14064447581768036,0.9175377488136292,0.5606271624565125
YDR388W,YLL056C,0,-4.461268,0.1406194418668747,0.9175377488136292,0.5607433319091797
YPL177C,YKL080W,0,-4.461533,0.14059440791606903,0.9175377488136292,0.5608594417572021
YMR092C,YDR318W,0,-4.4615817,0.14056938886642456,0.9175377488136292,0.5609756112098694
YFR028C,YCL043C,0,-4.461643,0.14054438471794128,0.9175377488136292,0.5610917806625366
YMR301C,YML132W,0,-4.461745,0.1405193954706192,0.9175377488136292,0.5612078905105591
YNL088W,YAR009C,0,-4.46182,0.14049439132213593,0.9175377488136292,0.5613240599632263
YPL101W,YGR111W,0,-4.462603,0.14046941697597504,0.9175377488136292,0.5614401698112488
YER142C,YDR359C,1,-4.462896,0.14062222838401794,0.9186992049217224,0.5614401698112488
YPR057W,YMR298W,0,-4.463172,0.14059722423553467,0.9186992049217224,0.561556339263916
YJL026W,YBR273C,0,-4.4633527,0.14057223498821259,0.9186992049217224,0.5616724491119385
YGR258C,YLR005W,1,-4.4635134,0.14072494208812714,0.9198606014251709,0.5616724491119385
YPL269W,YPR002W,0,-4.4635406,0.14069995284080505,0.9198606014251709,0.5617886185646057
YML058W-A,YML049C,0,-4.463637,0.14067494869232178,0.9198606014251709,0.561904788017273
YAL044C,YHR039C,0,-4.4637218,0.1406499743461609,0.9198606014251709,0.5620208978652954
YKL165C,YLL061W,0,-4.463757,0.140625,0.9198606014251709,0.5621370673179626
YGL192W,YJR070C,0,-4.4639087,0.1406000405550003,0.9198606014251709,0.5622531771659851
YER179W,YDR325W,0,-4.464415,0.1405750811100006,0.9198606014251709,0.5623693466186523
YMR298W,YDR202C,0,-4.464432,0.1405501365661621,0.9198606014251709,0.5624854564666748
YPR057W,YDL126C,0,-4.464492,0.1405251920223236,0.9198606014251709,0.562601625919342
YLR078C,YCL075W,0,-4.4645643,0.1405002623796463,0.9198606014251709,0.5627177953720093
YJL065C,YOR319W,0,-4.4651766,0.1404753476381302,0.9198606014251709,0.5628339052200317
YNL274C,YBR275C,0,-4.4652715,0.14045043289661407,0.9198606014251709,0.562950074672699
YOR148C,YDR316W-B,0,-4.4653177,0.14042553305625916,0.9198606014251709,0.5630661845207214
YML062C,YOR206W,0,-4.465423,0.14040063321590424,0.9198606014251709,0.5631823539733887
YDR524C,YPR057W,0,-4.465856,0.1403757482767105,0.9198606014251709,0.5632984638214111
YOR002W,YPL211W,0,-4.46602,0.14035087823867798,0.9198606014251709,0.5634146332740784
YFL009W,YFL018C,0,-4.466198,0.14032600820064545,0.9198606014251709,0.5635308027267456
YNR026C,YDR451C,0,-4.466556,0.1403011530637741,0.9198606014251709,0.5636469125747681
YER003C,YJR027W,0,-4.466601,0.14027629792690277,0.9198606014251709,0.5637630820274353
YML058W-A,YLR262C,0,-4.4666014,0.14025145769119263,0.9198606014251709,0.5638791918754578
YNL268W,YML039W,0,-4.466661,0.14022663235664368,0.9198606014251709,0.563995361328125
YKL025C,YGL175C,1,-4.4668083,0.14037883281707764,0.9210220575332642,0.563995361328125
YNL328C,YML033W,0,-4.466921,0.1403539776802063,0.9210220575332642,0.5641114711761475
YFR028C,YPR052C,0,-4.467036,0.14032915234565735,0.9210220575332642,0.5642276406288147
YMR225C,YPL106C,0,-4.467287,0.1403043121099472,0.9210220575332642,0.5643438100814819
YMR263W,YIL029C,0,-4.4672914,0.14027950167655945,0.9210220575332642,0.5644599199295044
YDR298C,YBR008C,0,-4.4674344,0.1402546912431717,0.9210220575332642,0.5645760893821716
YDR116C,YER117W,0,-4.467726,0.14022988080978394,0.9210220575332642,0.5646921992301941
YDL042C,YHR099W,1,-4.467893,0.14038190245628357,0.9221835136413574,0.5646921992301941
YDR456W,YML039W,0,-4.46797,0.14035707712173462,0.9221835136413574,0.5648083686828613
YMR232W,YHR073W,0,-4.4681277,0.14033226668834686,0.9221835136413574,0.5649244785308838
YOL002C,YBR275C,0,-4.4681387,0.1403074711561203,0.9221835136413574,0.565040647983551
YDR379W,YPR165W,0,-4.468249,0.14028269052505493,0.9221835136413574,0.5651568174362183
YBR129C,YIL022W,0,-4.4682503,0.14025790989398956,0.9221835136413574,0.5652729272842407
YJL021C,YMR005W,0,-4.4684854,0.1402331292629242,0.9221835136413574,0.565389096736908
YER075C,YGR180C,0,-4.4689817,0.14020836353302002,0.9221835136413574,0.5655052065849304
YAL032C,YOR287C,0,-4.4690614,0.14018361270427704,0.9221835136413574,0.5656213760375977
YAL044C,YOR160W,0,-4.469266,0.14015887677669525,0.9221835136413574,0.5657374858856201
YBR155W,YNL070W,0,-4.4694037,0.14013414084911346,0.9221835136413574,0.5658536553382874
YJR092W,YKL205W,0,-4.4694695,0.14010940492153168,0.9221835136413574,0.5659698247909546
YGR284C,YLR332W,0,-4.469819,0.14008468389511108,0.9221835136413574,0.566085934638977
YLL018C-A,YCR072C,0,-4.4699187,0.14005997776985168,0.9221835136413574,0.5662021040916443
YNL270C,YKL088W,0,-4.4701924,0.14003527164459229,0.9221835136413574,0.5663182139396667
YPL224C,YPL235W,0,-4.4705553,0.14001058042049408,0.9221835136413574,0.566434383392334
YNR002C,YBR186W,0,-4.4707103,0.13998588919639587,0.9221835136413574,0.5665504932403564
YKR079C,YER138C,0,-4.4707775,0.13996121287345886,0.9221835136413574,0.5666666626930237
YFL010W-A,YJR028W,0,-4.470817,0.13993655145168304,0.9221835136413574,0.5667828321456909
YBR159W,YMR013C,0,-4.4714723,0.13991189002990723,0.9221835136413574,0.5668989419937134
YDL045C,YFR024C,0,-4.4717727,0.1398872435092926,0.9221835136413574,0.5670151114463806
YHR073W,YER138C,0,-4.4722934,0.13986259698867798,0.9221835136413574,0.5671312212944031
YOL063C,YNR054C,0,-4.472426,0.13983796536922455,0.9221835136413574,0.5672473907470703
YLR394W,YPL210C,0,-4.472488,0.1398133486509323,0.9221835136413574,0.5673635601997375
YFL023W,YER072W,0,-4.47249,0.13978873193264008,0.9221835136413574,0.56747967004776
YNL307C,YOL043C,1,-4.4725823,0.13994015753269196,0.9233449697494507,0.56747967004776
YDR331W,YML047C,0,-4.4727225,0.13991552591323853,0.9233449697494507,0.5675958395004272
YGR041W,YBR050C,0,-4.4727693,0.1398909091949463,0.9233449697494507,0.5677119493484497
YBR038W,YHR042W,0,-4.4731135,0.13986629247665405,0.9233449697494507,0.5678281188011169
YMR119W,YIL131C,0,-4.4735756,0.139841690659523,0.9233449697494507,0.5679442286491394
YKL165C,YKL080W,0,-4.473595,0.13981708884239197,0.9233449697494507,0.5680603981018066
YER142C,YBR087W,1,-4.473697,0.13996835052967072,0.9245063662528992,0.5680603981018066
YOR099W,YML039W,0,-4.474173,0.13994373381137848,0.9245063662528992,0.5681765675544739
YDL200C,YHR099W,1,-4.4741797,0.14009492099285126,0.9256678223609924,0.5681765675544739
YMR184W,YJL021C,0,-4.474214,0.14007030427455902,0.9256678223609924,0.5682926774024963
YOR079C,YIL080W,0,-4.4742265,0.14004568755626678,0.9256678223609924,0.5684088468551636
YBL047C,YDL003W,0,-4.4742365,0.14002108573913574,0.9256678223609924,0.568524956703186
YNL282W,YHR163W,0,-4.474291,0.1399964839220047,0.9256678223609924,0.5686411261558533
YPL235W,YCR084C,0,-4.4743657,0.13997189700603485,0.9256678223609924,0.5687572360038757
YJL021C,YOL133W,0,-4.474474,0.1399473249912262,0.9256678223609924,0.568873405456543
YMR298W,YPL211W,0,-4.4745526,0.13992275297641754,0.9256678223609924,0.5689895749092102
YNL068C,YFR024C,0,-4.4755454,0.13989819586277008,0.9256678223609924,0.5691056847572327
YBR256C,YKL088W,0,-4.4756827,0.13987363874912262,0.9256678223609924,0.5692218542098999
YJL021C,YDL143W,0,-4.4760203,0.13984909653663635,0.9256678223609924,0.5693379640579224
YKL055C,YGL229C,0,-4.47623,0.13982455432415009,0.9256678223609924,0.5694541335105896
YOL117W,YIL123W,0,-4.4766173,0.1398000419139862,0.9256678223609924,0.5695702433586121
YNL220W,YMR301C,0,-4.476746,0.13977551460266113,0.9256678223609924,0.5696864128112793
YBR010W,YDL170W,0,-4.476874,0.13975100219249725,0.9256678223609924,0.5698025822639465
YDR363W-A,YMR203W,0,-4.4773955,0.13972650468349457,0.9256678223609924,0.569918692111969
YKR038C,YHR124W,0,-4.477451,0.13970202207565308,0.9256678223609924,0.5700348615646362
YHL040C,YER114C,0,-4.477487,0.13967753946781158,0.9256678223609924,0.5701509714126587
YML113W,YOR322C,0,-4.477965,0.1396530568599701,0.9256678223609924,0.5702671408653259
YDR309C,YOL069W,0,-4.478058,0.1396285891532898,0.9256678223609924,0.5703832507133484
YPR165W,YJR028W,0,-4.4781413,0.1396041363477707,0.9256678223609924,0.5704994201660156
YML023C,YEL037C,1,-4.478254,0.13975481688976288,0.9268292784690857,0.5704994201660156
YML080W,YPL248C,0,-4.4789023,0.13973034918308258,0.9268292784690857,0.5706155896186829
YBL009W,YBR083W,0,-4.4789233,0.13970588147640228,0.9268292784690857,0.5707316994667053
YGR192C,YKL088W,0,-4.4790187,0.13968142867088318,0.9268292784690857,0.5708478689193726
YLR116W,YCL075W,0,-4.479175,0.13965697586536407,0.9268292784690857,0.570963978767395
YNL129W,YML114C,0,-4.479268,0.13963255286216736,0.9268292784690857,0.5710801482200623
YJR150C,YOR008C-A,0,-4.47928,0.13960811495780945,0.9268292784690857,0.5711962580680847
YBR039W,YLR116W,0,-4.479647,0.13958369195461273,0.9268292784690857,0.571312427520752
YKR055W,YKL056C,0,-4.479846,0.1395592838525772,0.9268292784690857,0.5714285969734192
YER106W,YNL186W,0,-4.4804344,0.13953489065170288,0.9268292784690857,0.5715447068214417
YOR386W,YBR087W,1,-4.480496,0.13968531787395477,0.927990734577179,0.5715447068214417
YNL014W,YPR188C,0,-4.480595,0.13966089487075806,0.927990734577179,0.5716608762741089
YPL110C,YLR417W,0,-4.480614,0.13963648676872253,0.927990734577179,0.5717769861221313
YLR268W,YDR328C,0,-4.4806285,0.1396120935678482,0.927990734577179,0.5718931555747986
YGR155W,YHR181W,0,-4.4806437,0.13958770036697388,0.927990734577179,0.572009265422821
YPL059W,YNL268W,0,-4.4810395,0.13956332206726074,0.927990734577179,0.5721254348754883
YDR191W,YMR142C,0,-4.4811163,0.1395389437675476,0.927990734577179,0.5722416043281555
YKL018W,YJR028W,0,-4.4811206,0.13951458036899567,0.927990734577179,0.572357714176178
YBL016W,YJL010C,0,-4.4812255,0.13949021697044373,0.927990734577179,0.5724738836288452
YGL124C,YER138C,0,-4.481235,0.13946586847305298,0.927990734577179,0.5725899934768677
YGL178W,YPR165W,0,-4.4817286,0.13944153487682343,0.927990734577179,0.5727061629295349
YFL057C,YKL160W,0,-4.4818316,0.13941720128059387,0.927990734577179,0.5728222727775574
YBR010W,YGR211W,0,-4.481934,0.1393928825855255,0.927990734577179,0.5729384422302246
YFR030W,YMR183C,0,-4.4821377,0.13936856389045715,0.927990734577179,0.5730546116828918
YDL088C,YOR036W,0,-4.482455,0.13934426009655,0.927990734577179,0.5731707215309143
YMR026C,YCR009C,0,-4.4825387,0.13931997120380402,0.927990734577179,0.5732868909835815
YGR097W,YLR268W,0,-4.482557,0.13929568231105804,0.927990734577179,0.573403000831604
YKL021C,YDL232W,0,-4.4826794,0.13927139341831207,0.927990734577179,0.5735191702842712
YMR201C,YMR106C,1,-4.48273,0.13942140340805054,0.9291521310806274,0.5735191702842712
YGR024C,YBR273C,0,-4.4828315,0.13939711451530457,0.9291521310806274,0.5736352801322937
YOR123C,YNL110C,0,-4.4828453,0.1393728256225586,0.9291521310806274,0.5737514495849609
YNL032W,YCL074W,0,-4.4829345,0.13934855163097382,0.9291521310806274,0.5738676190376282
YKL160W,YOR159C,0,-4.483207,0.13932427763938904,0.9291521310806274,0.5739837288856506
YLR240W,YDR451C,0,-4.4832892,0.13930001854896545,0.9291521310806274,0.5740998983383179
YNL164C,YPR181C,0,-4.483396,0.13927575945854187,0.9291521310806274,0.5742160081863403
YGL195W,YDR478W,0,-4.4835305,0.13925153017044067,0.9291521310806274,0.5743321776390076
YER165W,YER008C,0,-4.4835377,0.13922728598117828,0.9291521310806274,0.57444828748703
YFR024C,YKR059W,0,-4.484324,0.1392030566930771,0.9291521310806274,0.5745644569396973
YER165W,YMR013C,0,-4.484749,0.13917884230613708,0.9291521310806274,0.5746806263923645
YER005W,YER138C,0,-4.484805,0.13915464282035828,0.9291521310806274,0.574796736240387
YOR206W,YDL098C,0,-4.485296,0.13913042843341827,0.9291521310806274,0.5749129056930542
YDL200C,YOL043C,1,-4.4853344,0.13928012549877167,0.9303135871887207,0.5749129056930542
YPL146C,YNR026C,0,-4.4854417,0.13925591111183167,0.9303135871887207,0.5750290155410767
YDL225W,YCR060W,0,-4.4854426,0.13923171162605286,0.9303135871887207,0.5751451849937439
YOR005C,YMR201C,1,-4.48557,0.1393813043832779,0.931475043296814,0.5751451849937439
YHR175W,YCL074W,0,-4.485622,0.1393570750951767,0.931475043296814,0.5752612948417664
YOR103C,YDL217C,0,-4.485662,0.1393328756093979,0.931475043296814,0.5753774642944336
YFR034C,YIL008W,0,-4.485768,0.13930866122245789,0.931475043296814,0.5754936337471008
YFL009W,YCR028C,0,-4.485822,0.13928447663784027,0.931475043296814,0.5756097435951233
YMR119W,YKL088W,0,-4.48601,0.13926029205322266,0.931475043296814,0.5757259130477905
YEL037C,YMR106C,1,-4.486076,0.13940972089767456,0.9326364398002625,0.5757259130477905
YGR285C,YER138C,0,-4.4864297,0.13938552141189575,0.9326364398002625,0.575842022895813
YDR432W,YHR161C,0,-4.486533,0.13936133682727814,0.9326364398002625,0.5759581923484802
YCR038C,YHR005C,0,-4.4865355,0.13933715224266052,0.9326364398002625,0.5760743618011475
YBR129C,YOR008C-A,0,-4.4869223,0.1393129825592041,0.9326364398002625,0.5761904716491699
YML012W,YMR047C,0,-4.486973,0.13928881287574768,0.9326364398002625,0.5763066411018372
YLR195C,YBR162C,0,-4.4869905,0.13926465809345245,0.9326364398002625,0.5764227509498596
YGL171W,YCR060W,0,-4.487168,0.13924050331115723,0.9326364398002625,0.5765389204025269
YBR058C-A,YNR006W,0,-4.48723,0.1392163634300232,0.9326364398002625,0.5766550302505493
YDR276C,YJR086W,0,-4.4873433,0.13919223845005035,0.9326364398002625,0.5767711997032166
YBR002C,YDR058C,0,-4.487421,0.13916811347007751,0.9326364398002625,0.5768873691558838
YJL183W,YCR062W,0,-4.4878154,0.13914398849010468,0.9326364398002625,0.5770034790039062
YHL040C,YKR086W,0,-4.487972,0.13911989331245422,0.9326364398002625,0.5771196484565735
YGR249W,YOR287C,0,-4.488179,0.13909579813480377,0.9326364398002625,0.577235758304596
YPR155C,YKR079C,0,-4.4882655,0.13907170295715332,0.9326364398002625,0.5773519277572632
YGR218W,YOR099W,0,-4.488382,0.13904762268066406,0.9326364398002625,0.5774680376052856
YBR039W,YML039W,0,-4.4885335,0.1390235424041748,0.9326364398002625,0.5775842070579529
YLR259C,YIR015W,0,-4.4886146,0.13899947702884674,0.9326364398002625,0.5777003765106201
YPR002W,YDR013W,0,-4.4887853,0.13897542655467987,0.9326364398002625,0.5778164863586426
YKL173W,YAR009C,0,-4.488952,0.138951376080513,0.9326364398002625,0.5779326558113098
YMR296C,YKR055W,0,-4.489153,0.13892734050750732,0.9326364398002625,0.5780487656593323
YNR026C,YAR009C,0,-4.489159,0.13890330493450165,0.9326364398002625,0.5781649351119995
YPR155C,YBR129C,0,-4.4892774,0.13887928426265717,0.9326364398002625,0.578281044960022
YJL034W,YCL074W,0,-4.4900618,0.13885526359081268,0.9326364398002625,0.5783972144126892
YDR075W,YDL150W,0,-4.4902153,0.1388312578201294,0.9326364398002625,0.5785133838653564
YBR129C,YCR062W,0,-4.4902387,0.1388072669506073,0.9326364398002625,0.5786294937133789
YML058W-A,YDL003W,0,-4.490431,0.1387832760810852,0.9326364398002625,0.5787456631660461
YOL156W,YJR028W,0,-4.490728,0.1387592852115631,0.9326364398002625,0.5788617730140686
YLL018C-A,YKL029C,0,-4.491064,0.1387353092432022,0.9326364398002625,0.5789779424667358
YDR298C,YPL106C,0,-4.491118,0.1387113481760025,0.9326364398002625,0.5790940523147583
YIR018W,YCL074W,0,-4.491612,0.1386873871088028,0.9326364398002625,0.5792102217674255
YLR293C,YLR035C-A,0,-4.491735,0.13866344094276428,0.9326364398002625,0.5793263912200928
YNL327W,YNR006W,0,-4.4918714,0.13863950967788696,0.9326364398002625,0.5794425010681152
YFL023W,YKL208W,0,-4.492392,0.13861556351184845,0.9326364398002625,0.5795586705207825
YML132W,YNL147W,0,-4.4925737,0.13859164714813232,0.9326364398002625,0.5796747803688049
YGL003C,YGR285C,0,-4.4926677,0.1385677307844162,0.9326364398002625,0.5797909498214722
YDR301W,YMR011W,0,-4.492704,0.13854382932186127,0.9326364398002625,0.5799070596694946
YDR040C,YML092C,0,-4.492739,0.13851992785930634,0.9326364398002625,0.5800232291221619
YNL307C,YNL312W,1,-4.493417,0.1386685073375702,0.9337978959083557,0.5800232291221619
YJL008C,YGR054W,0,-4.4935746,0.13864459097385406,0.9337978959083557,0.5801393985748291
YBL047C,YDR277C,0,-4.493598,0.13862068951129913,0.9337978959083557,0.5802555084228516
YNL039W,YIR041W,0,-4.493729,0.1385967880487442,0.9337978959083557,0.5803716778755188
YJL129C,YPL239W,0,-4.493739,0.13857290148735046,0.9337978959083557,0.5804877877235413
YGR033C,YBR105C,0,-4.4938807,0.13854902982711792,0.9337978959083557,0.5806039571762085
YGL226C-A,YIL061C,0,-4.4941497,0.13852515816688538,0.9337978959083557,0.580720067024231
YMR052W,YOR099W,0,-4.495076,0.13850128650665283,0.9337978959083557,0.5808362364768982
YPL059W,YJL108C,0,-4.4951367,0.13847742974758148,0.9337978959083557,0.5809524059295654
YDL029W,YDR325W,0,-4.495259,0.13845358788967133,0.9337978959083557,0.5810685157775879
YJR139C,YML131W,0,-4.4953623,0.13842974603176117,0.9337978959083557,0.5811846852302551
YNL014W,YDR432W,0,-4.495605,0.1384059190750122,0.9337978959083557,0.5813007950782776
YDR174W,YML015C,0,-4.495786,0.13838210701942444,0.9337978959083557,0.5814169645309448
YJL111W,YJR150C,0,-4.495951,0.13835828006267548,0.9337978959083557,0.5815330743789673
YPL242C,YOL001W,0,-4.496075,0.1383344829082489,0.9337978959083557,0.5816492438316345
YMR216C,YOL020W,0,-4.496095,0.13831068575382233,0.9337978959083557,0.5817654132843018
YHR039C,YGL004C,0,-4.496097,0.13828688859939575,0.9337978959083557,0.5818815231323242
YLR304C,YDR393W,0,-4.4968405,0.13826310634613037,0.9337978959083557,0.5819976925849915
YDR335W,YOL129W,0,-4.4968457,0.13823933899402618,0.9337978959083557,0.5821138024330139
YNR067C,YKL122C,0,-4.497015,0.138215571641922,0.9337978959083557,0.5822299718856812
YAR008W,YBR058C-A,0,-4.4973497,0.138191819190979,0.9337978959083557,0.5823460817337036
YJR017C,YJL076W,0,-4.4974074,0.138168066740036,0.9337978959083557,0.5824622511863708
YJL203W,YBR105C,0,-4.4975057,0.1381443291902542,0.9337978959083557,0.5825784206390381
YGL068W,YDR335W,0,-4.497745,0.1381205916404724,0.9337978959083557,0.5826945304870605
YER167W,YBR210W,0,-4.498421,0.1380968689918518,0.9337978959083557,0.5828106999397278
YMR184W,YPL118W,0,-4.4986205,0.1380731612443924,0.9337978959083557,0.5829268097877502
YOR221C,YPR018W,0,-4.498965,0.13804945349693298,0.9337978959083557,0.5830429792404175
YGR218W,YJL203W,0,-4.499369,0.13802574574947357,0.9337978959083557,0.5831590890884399
YPR138C,YDR397C,0,-4.4998274,0.13800205290317535,0.9337978959083557,0.5832752585411072
YJL111W,YPL110C,0,-4.5004516,0.13797837495803833,0.9337978959083557,0.5833914279937744
YGR129W,YMR197C,0,-4.501139,0.1379546970129013,0.9337978959083557,0.5835075378417969
YJR017C,YNL302C,0,-4.5012813,0.13793103396892548,0.9337978959083557,0.5836237072944641
YOR260W,YCR102C,0,-4.5013127,0.13790737092494965,0.9337978959083557,0.5837398171424866
YDR298C,YHR001W-A,0,-4.501655,0.137883722782135,0.9337978959083557,0.5838559865951538
YLR110C,YFL011W,0,-4.501663,0.13786008954048157,0.9337978959083557,0.5839720964431763
YMR092C,YOR079C,0,-4.501934,0.13783644139766693,0.9337978959083557,0.5840882658958435
YBL016W,YDL138W,0,-4.50215,0.13781282305717468,0.9337978959083557,0.5842044353485107
YML058W-A,YDR058C,0,-4.50236,0.13778920471668243,0.9337978959083557,0.5843205451965332
YJL128C,YOL020W,0,-4.502394,0.13776558637619019,0.9337978959083557,0.5844367146492004
YBL093C,YKL088W,0,-4.502521,0.13774199783802032,0.9337978959083557,0.5845528244972229
YBR177C,YGL084C,0,-4.50255,0.13771839439868927,0.9337978959083557,0.5846689939498901
YMR162C,YOL031C,0,-4.502719,0.1376948058605194,0.9337978959083557,0.5847851037979126
YKL146W,YFL017W-A,0,-4.502841,0.13767123222351074,0.9337978959083557,0.5849012732505798
YLR332W,YKR095W-A,0,-4.503323,0.13764765858650208,0.9337978959083557,0.5850174427032471
YOL031C,YOL113W,0,-4.50388,0.1376240998506546,0.9337978959083557,0.5851335525512695
YJL010C,YMR203W,0,-4.5039644,0.13760054111480713,0.9337978959083557,0.5852497220039368
YBR218C,YPL010W,0,-4.504079,0.13757699728012085,0.9337978959083557,0.5853658318519592
YLR335W,YOR036W,0,-4.5040812,0.13755346834659576,0.9337978959083557,0.5854820013046265
YDR423C,YGR222W,0,-4.504399,0.13752993941307068,0.9337978959083557,0.5855981707572937
YBR008C,YDR393W,0,-4.5044055,0.1375064104795456,0.9337978959083557,0.5857142806053162
YLL018C-A,YML039W,0,-4.5044065,0.1374828964471817,0.9337978959083557,0.5858304500579834
YNL053W,YJL145W,0,-4.504517,0.137459397315979,0.9337978959083557,0.5859465599060059
YNR010W,YCL075W,0,-4.5046287,0.1374358981847763,0.9337978959083557,0.5860627293586731
YBR218C,YLR193C,0,-4.5046983,0.1374124139547348,0.9337978959083557,0.5861788392066956
YBR267W,YPR036W,0,-4.5047917,0.1373889297246933,0.9337978959083557,0.5862950086593628
YLR110C,YPR094W,0,-4.5048575,0.137365460395813,0.9337978959083557,0.58641117811203
YBL032W,YNL222W,0,-4.505057,0.13734199106693268,0.9337978959083557,0.5865272879600525
YBR210W,YJL052W,0,-4.5051017,0.13731853663921356,0.9337978959083557,0.5866434574127197
YJR139C,YOL039W,0,-4.50547,0.13729508221149445,0.9337978959083557,0.5867595672607422
YNL061W,YKL042W,0,-4.5054755,0.13727164268493652,0.9337978959083557,0.5868757367134094
YLR127C,YAR009C,0,-4.50582,0.1372482031583786,0.9337978959083557,0.5869918465614319
YOL126C,YHR160C,0,-4.5060635,0.13722477853298187,0.9337978959083557,0.5871080160140991
YBR172C,YHR006W,0,-4.50611,0.13720136880874634,0.9337978959083557,0.5872241854667664
YGL122C,YGR132C,0,-4.50625,0.1371779590845108,0.9337978959083557,0.5873402953147888
YOR377W,YMR073C,0,-4.506621,0.13715454936027527,0.9337978959083557,0.587456464767456
YDL017W,YPL188W,0,-4.5067153,0.13713115453720093,0.9337978959083557,0.5875725746154785
YAL015C,YLR005W,1,-4.507054,0.13727830350399017,0.934959352016449,0.5875725746154785
YDR098C,YKR079C,0,-4.5073376,0.13725490868091583,0.934959352016449,0.5876887440681458
YNR075W,YJR102C,0,-4.5079684,0.1372314989566803,0.934959352016449,0.5878048539161682
YKL025C,YOR386W,1,-4.5083385,0.13737855851650238,0.9361208081245422,0.5878048539161682
YOL039W,YBL058W,0,-4.508399,0.13735514879226685,0.9361208081245422,0.5879210233688354
YHR099W,YMR106C,1,-4.5086164,0.13750213384628296,0.9372822046279907,0.5879210233688354
YKL093W,YNL282W,0,-4.5086617,0.13747870922088623,0.9372822046279907,0.5880371928215027
YCR083W,YOR344C,0,-4.5087414,0.1374552845954895,0.9372822046279907,0.5881533026695251
YHL009C,YDR341C,0,-4.508793,0.13743187487125397,0.9372822046279907,0.5882694721221924
YDR425W,YGR054W,0,-4.50883,0.13740848004817963,0.9372822046279907,0.5883855819702148
YGL084C,YLR205C,0,-4.508867,0.13738508522510529,0.9372822046279907,0.5885017514228821
YHR124W,YKL088W,0,-4.5089107,0.13736170530319214,0.9372822046279907,0.5886178612709045
YOL156W,YIL129C,0,-4.509775,0.137338325381279,0.9372822046279907,0.5887340307235718
YFL011W,YKL056C,0,-4.509841,0.13731496036052704,0.9372822046279907,0.588850200176239
YNL270C,YNL288W,0,-4.509991,0.13729159533977509,0.9372822046279907,0.5889663100242615
YFL057C,YGR218W,0,-4.5100517,0.13726824522018433,0.9372822046279907,0.5890824794769287
YBL098W,YKL150W,0,-4.5101256,0.13724489510059357,0.9372822046279907,0.5891985893249512
YER165W,YML114C,0,-4.510328,0.137221559882164,0.9372822046279907,0.5893147587776184
YDR524C,YIL119C,0,-4.5105004,0.13719822466373444,0.9372822046279907,0.5894308686256409
YFR028C,YBR295W,0,-4.5107064,0.13717490434646606,0.9372822046279907,0.5895470380783081
YLR384C,YFR013W,0,-4.5107226,0.1371515989303589,0.9372822046279907,0.5896632075309753
YGR041W,YNL241C,0,-4.510763,0.1371282935142517,0.9372822046279907,0.5897793173789978
YGR258C,YOR346W,1,-4.510864,0.13727489113807678,0.938443660736084,0.5897793173789978
YGR041W,YMR079W,0,-4.5109878,0.1372515708208084,0.938443660736084,0.589895486831665
YDR301W,YCR080W,0,-4.5118318,0.13722826540470123,0.938443660736084,0.5900115966796875
YGR097W,YKL086W,0,-4.511917,0.13720495998859406,0.938443660736084,0.5901277661323547
YOL113W,YEL041W,0,-4.512234,0.13718166947364807,0.938443660736084,0.5902438759803772
YHR039C,YBR162C,0,-4.5125413,0.1371583789587021,0.938443660736084,0.5903600454330444
YJL008C,YLR259C,0,-4.512586,0.1371351033449173,0.938443660736084,0.5904762148857117
YDL181W,YJR027W,0,-4.5126247,0.1371118277311325,0.938443660736084,0.5905923247337341
YNL302C,YMR203W,0,-4.512633,0.1370885670185089,0.938443660736084,0.5907084941864014
YGR222W,YDR083W,0,-4.512669,0.13706530630588531,0.938443660736084,0.5908246040344238
YPL146C,YKL018W,0,-4.512671,0.1370420604944229,0.938443660736084,0.5909407734870911
YJL021C,YPL010W,0,-4.512836,0.1370188295841217,0.938443660736084,0.5910568833351135
YOR346W,YFL008W,1,-4.5128713,0.1371651440858841,0.9396051168441772,0.5910568833351135
YOL069W,YKR059W,0,-4.5130944,0.1371418833732605,0.9396051168441772,0.5911730527877808
YNL053W,YIL084C,0,-4.513116,0.1371186375617981,0.9396051168441772,0.591289222240448
YLR259C,YDL230W,0,-4.5131598,0.1370954066514969,0.9396051168441772,0.5914053320884705
YCR084C,YNL044W,0,-4.5135612,0.13707217574119568,0.9396051168441772,0.5915215015411377
YBR159W,YBL061C,0,-4.5144176,0.13704895973205566,0.9396051168441772,0.5916376113891602
YPR138C,YAL016W,0,-4.5146365,0.13702574372291565,0.9396051168441772,0.5917537808418274
YBR210W,YOR329C,0,-4.5147285,0.13700254261493683,0.9396051168441772,0.5918698906898499
YHR116W,YJR028W,0,-4.5147824,0.136979341506958,0.9396051168441772,0.5919860601425171
YDR309C,YLR263W,0,-4.514932,0.13695615530014038,0.9396051168441772,0.5921022295951843
YGL122C,YDR059C,0,-4.515023,0.13693296909332275,0.9396051168441772,0.5922183394432068
YOR002W,YCR060W,0,-4.515269,0.13690979778766632,0.9396051168441772,0.592334508895874
YKL208W,YOR088W,0,-4.5154476,0.1368866264820099,0.9396051168441772,0.5924506187438965
YJL214W,YCR061W,0,-4.515634,0.13686347007751465,0.9396051168441772,0.5925667881965637
YML008C,YGR059W,0,-4.515817,0.1368403285741806,0.9396051168441772,0.5926828980445862
YFL029C,YPL210C,0,-4.5160956,0.13681718707084656,0.9396051168441772,0.5927990674972534
YER164W,YIL029C,0,-4.5162587,0.1367940455675125,0.9396051168441772,0.5929152369499207
YDL088C,YGL035C,0,-4.516436,0.13677091896533966,0.9396051168441772,0.5930313467979431
YEL027W,YFR024C,0,-4.516514,0.136747807264328,0.9396051168441772,0.5931475162506104
YER106W,YML093W,0,-4.5166698,0.13672469556331635,0.9396051168441772,0.5932636260986328
YPL188W,YNL186W,0,-4.517485,0.1367015838623047,0.9396051168441772,0.5933797955513
YBR050C,YBR283C,0,-4.517504,0.13667848706245422,0.9396051168441772,0.5934959053993225
YGL084C,YPL026C,0,-4.5179386,0.13665540516376495,0.9396051168441772,0.5936120748519897
YDL013W,YHR016C,0,-4.5184054,0.13663232326507568,0.9396051168441772,0.593728244304657
YLR431C,YPR065W,0,-4.5186696,0.1366092562675476,0.9396051168441772,0.5938443541526794
YDR453C,YNL304W,0,-4.5190043,0.13658618927001953,0.9396051168441772,0.5939605236053467
YJL065C,YDL140C,0,-4.519317,0.13656313717365265,0.9396051168441772,0.5940766334533691
YNL307C,YOR386W,1,-4.5194592,0.13670885562896729,0.9407665729522705,0.5940766334533691
YLR467W,YOR272W,0,-4.5195103,0.1366857886314392,0.9407665729522705,0.5941928029060364
YGR284C,YCR028C,0,-4.519673,0.13666273653507233,0.9407665729522705,0.5943089723587036
YHR116W,YDR163W,0,-4.5199986,0.13663966953754425,0.9407665729522705,0.5944250822067261
YDR122W,YJR027W,0,-4.5201983,0.13661663234233856,0.9407665729522705,0.5945412516593933
YHR039C,YJR028W,0,-4.5203004,0.13659359514713287,0.9407665729522705,0.5946573615074158
YKL150W,YOR221C,0,-4.5204015,0.13657055795192719,0.9407665729522705,0.594773530960083
YGL247W,YER117W,0,-4.5204144,0.1365475356578827,0.9407665729522705,0.5948896408081055
YPL096C-A,YPL043W,0,-4.520576,0.1365245282649994,0.9407665729522705,0.5950058102607727
YDR116C,YML120C,0,-4.5206246,0.1365015208721161,0.9407665729522705,0.5951219797134399
YER003C,YKL079W,0,-4.5206847,0.1364785134792328,0.9407665729522705,0.5952380895614624
YER019W,YKL079W,0,-4.520773,0.13645552098751068,0.9407665729522705,0.5953542590141296
YNL008C,YGR014W,0,-4.5208926,0.13643254339694977,0.9407665729522705,0.5954703688621521
YHR200W,YKL034W,0,-4.520946,0.13640956580638885,0.9407665729522705,0.5955865383148193
YDL170W,YGR038C-B,0,-4.521491,0.13638660311698914,0.9407665729522705,0.5957026481628418
YNL307C,YDR180W,1,-4.521554,0.1365319937467575,0.941927969455719,0.5957026481628418
YJR150C,YGL172W,0,-4.521863,0.1365090012550354,0.941927969455719,0.595818817615509
YCR028C,YDL140C,0,-4.5220203,0.13648603856563568,0.941927969455719,0.5959349870681763
YDL013W,YOL142W,0,-4.522122,0.13646306097507477,0.941927969455719,0.5960510969161987
YER068W,YML055W,0,-4.522511,0.13644011318683624,0.941927969455719,0.596167266368866
YNL136W,YOR386W,1,-4.5228148,0.13658536970615387,0.9430894255638123,0.596167266368866
YLL011W,YGR024C,0,-4.52291,0.13656239211559296,0.9430894255638123,0.5962833762168884
YJR139C,YLR424W,0,-4.5231137,0.13653942942619324,0.9430894255638123,0.5963995456695557
YDL088C,YBL098W,0,-4.5232844,0.1365164816379547,0.9430894255638123,0.5965156555175781
YBR275C,YCL054W,0,-4.523314,0.1364935338497162,0.9430894255638123,0.5966318249702454
YCR028C,YPL258C,0,-4.5233617,0.13647058606147766,0.9430894255638123,0.5967479944229126
YDR122W,YKL079W,0,-4.5233865,0.13644765317440033,0.9430894255638123,0.5968641042709351
YOR160W,YLR346C,0,-4.5234013,0.1364247351884842,0.9430894255638123,0.5969802737236023
YGL192W,YDR398W,0,-4.5234733,0.13640181720256805,0.9430894255638123,0.5970963835716248
YBL026W,YEL062W,0,-4.5236354,0.13637889921665192,0.9430894255638123,0.597212553024292
YPR052C,YKL212W,0,-4.5240264,0.13635599613189697,0.9430894255638123,0.5973286628723145
YML129C,YJL102W,0,-4.52415,0.13633310794830322,0.9430894255638123,0.5974448323249817
YAL032C,YDL140C,0,-4.5242457,0.13631021976470947,0.9430894255638123,0.5975610017776489
YOR079C,YMR001C,0,-4.5242906,0.13628734648227692,0.9430894255638123,0.5976771116256714
YGR284C,YPR072W,0,-4.524595,0.13626447319984436,0.9430894255638123,0.5977932810783386
YNL307C,YDL200C,1,-4.524797,0.13640940189361572,0.9442508816719055,0.5977932810783386
YDR328C,YBR183W,0,-4.52497,0.13638651371002197,0.9442508816719055,0.5979093909263611
YIL106W,YIL129C,0,-4.525278,0.13636364042758942,0.9442508816719055,0.5980255603790283
YOL142W,YLR066W,0,-4.525287,0.13634076714515686,0.9442508816719055,0.5981416702270508
YHR174W,YIL084C,0,-4.5254774,0.1363179087638855,0.9442508816719055,0.598257839679718
YNL153C,YDL195W,0,-4.525499,0.13629505038261414,0.9442508816719055,0.5983740091323853
YNL210W,YKR086W,0,-4.5255036,0.13627220690250397,0.9442508816719055,0.5984901189804077
YOR239W,YGR177C,0,-4.525662,0.136249378323555,0.9442508816719055,0.598606288433075
YFR030W,YML014W,0,-4.5261645,0.13622653484344482,0.9442508816719055,0.5987223982810974
YNL164C,YBR002C,0,-4.526264,0.13620372116565704,0.9442508816719055,0.5988385677337646
YPL021W,YKR079C,0,-4.5262933,0.13618090748786926,0.9442508816719055,0.5989546775817871
YER003C,YPL151C,0,-4.5263257,0.13615809381008148,0.9442508816719055,0.5990708470344543
YCL016C,YHR138C,0,-4.526478,0.1361352950334549,0.9442508816719055,0.5991870164871216
YDR273W,YDR335W,0,-4.5268908,0.1361125111579895,0.9442508816719055,0.599303126335144
YFL023W,YDL045C,0,-4.526928,0.1360897272825241,0.9442508816719055,0.5994192957878113
YLR110C,YIR005W,0,-4.5269737,0.13606694340705872,0.9442508816719055,0.5995354056358337
YDL117W,YJL026W,0,-4.5269895,0.13604417443275452,0.9442508816719055,0.599651575088501
YGR261C,YFL011W,0,-4.527706,0.1360214203596115,0.9442508816719055,0.5997676849365234
YKL055C,YKR059W,0,-4.527712,0.1359986662864685,0.9442508816719055,0.5998838543891907
YNL020C,YOL108C,0,-4.527894,0.1359759122133255,0.9442508816719055,0.6000000238418579
YDR277C,YPL010W,0,-4.5280633,0.1359531730413437,0.9442508816719055,0.6001161336898804
YFR024C,YPL224C,0,-4.5280848,0.13593044877052307,0.9442508816719055,0.6002323031425476
YIL131C,YML092C,0,-4.52811,0.13590772449970245,0.9442508816719055,0.6003484129905701
YOR230W,YIR018W,0,-4.528148,0.13588500022888184,0.9442508816719055,0.6004645824432373
YFR028C,YHR175W,0,-4.5281568,0.1358623057603836,0.9442508816719055,0.6005806922912598
YPL209C,YER089C,0,-4.5282197,0.13583959639072418,0.9442508816719055,0.600696861743927
YPR134W,YGR024C,0,-4.5283847,0.13581690192222595,0.9442508816719055,0.6008130311965942
YNR054C,YER008C,0,-4.5287757,0.13579422235488892,0.9442508816719055,0.6009291410446167
YGR132C,YKR079C,0,-4.5292625,0.13577154278755188,0.9442508816719055,0.6010453104972839
YML120C,YDL235C,0,-4.529515,0.13574887812137604,0.9442508816719055,0.6011614203453064
YOR377W,YKL160W,0,-4.5298476,0.1357262134552002,0.9442508816719055,0.6012775897979736
YDR423C,YML120C,0,-4.5306,0.13570354878902435,0.9442508816719055,0.6013936996459961
YNL288W,YOR212W,0,-4.5307918,0.1356809139251709,0.9442508816719055,0.6015098690986633
YBR008C,YPL082C,0,-4.5309424,0.13565826416015625,0.9442508816719055,0.6016260385513306
YJR074W,YHR023W,0,-4.530947,0.1356356292963028,0.9442508816719055,0.601742148399353
YFL011W,YDR372C,0,-4.53101,0.13561300933361053,0.9442508816719055,0.6018583178520203
YDR310C,YOL129W,0,-4.5310745,0.13559038937091827,0.9442508816719055,0.6019744277000427
YBR038W,YKR079C,0,-4.5310855,0.1355677843093872,0.9442508816719055,0.60209059715271
YMR052W,YOR210W,0,-4.531296,0.13554517924785614,0.9442508816719055,0.6022067070007324
YHR200W,YAR009C,0,-4.5313134,0.13552258908748627,0.9442508816719055,0.6023228764533997
YPR025C,YPR036W,0,-4.5314813,0.1354999989271164,0.9442508816719055,0.6024390459060669
YJL165C,YGL178W,0,-4.531592,0.13547742366790771,0.9442508816719055,0.6025551557540894
YLR127C,YLR035C-A,0,-4.5316577,0.13545484840869904,0.9442508816719055,0.6026713252067566
YHL040C,YGR192C,0,-4.5316615,0.13543228805065155,0.9442508816719055,0.602787435054779
YDL135C,YGR285C,0,-4.531771,0.13540972769260406,0.9442508816719055,0.6029036045074463
YPL043W,YMR263W,0,-4.531797,0.13538718223571777,0.9442508816719055,0.6030197739601135
YOR002W,YCL075W,0,-4.532022,0.13536463677883148,0.9442508816719055,0.603135883808136
YER142C,YLR007W,1,-4.5320573,0.13550856709480286,0.9454123377799988,0.603135883808136
YOL117W,YIL109C,0,-4.532347,0.13548602163791656,0.9454123377799988,0.6032520532608032
YNR002C,YKL197C,0,-4.532386,0.13546347618103027,0.9454123377799988,0.6033681631088257
YJL021C,YPR104C,0,-4.532409,0.13544093072414398,0.9454123377799988,0.6034843325614929
YFL029C,YLR008C,0,-4.532416,0.13541840016841888,0.9454123377799988,0.6036004424095154
YLR116W,YGL006W,0,-4.532425,0.1353958696126938,0.9454123377799988,0.6037166118621826
YKL160W,YOL122C,0,-4.5327115,0.13537335395812988,0.9454123377799988,0.6038327813148499
YEL016C,YML014W,0,-4.5327883,0.13535085320472717,0.9454123377799988,0.6039488911628723
YHR174W,YJR110W,0,-4.5331492,0.13532835245132446,0.9454123377799988,0.6040650606155396
YLR147C,YGR248W,0,-4.533523,0.13530585169792175,0.9454123377799988,0.604181170463562
YDL126C,YMR109W,0,-4.5337777,0.13528336584568024,0.9454123377799988,0.6042973399162292
YGL226C-A,YDR325W,0,-4.5338387,0.13526087999343872,0.9454123377799988,0.6044134497642517
YMR091C,YCR080W,0,-4.534638,0.1352384090423584,0.9454123377799988,0.604529619216919
YDR098C,YNL026W,0,-4.534664,0.13521595299243927,0.9454123377799988,0.6046457886695862
YGL142C,YBL032W,0,-4.5347075,0.13519348204135895,0.9454123377799988,0.6047618985176086
YNL127W,YDL109C,0,-4.5361557,0.135171040892601,0.9454123377799988,0.6048780679702759
YLR090W,YNL044W,0,-4.5362473,0.13514859974384308,0.9454123377799988,0.6049941778182983
YLR192C,YHR084W,0,-4.536385,0.13512615859508514,0.9454123377799988,0.6051103472709656
YDR076W,YMR106C,1,-4.536448,0.13526971638202667,0.9465737342834473,0.6051103472709656
YJL021C,YDR425W,0,-4.536697,0.13524726033210754,0.9465737342834473,0.605226457118988
YMR162C,YIL119C,0,-4.536872,0.1352248191833496,0.9465737342834473,0.6053426265716553
YDL126C,YML092C,0,-4.537188,0.13520239293575287,0.9465737342834473,0.6054587960243225
YDR231C,YOR123C,0,-4.537472,0.13517996668815613,0.9465737342834473,0.605574905872345
YDR345C,YBR192W,0,-4.537474,0.1351575404405594,0.9465737342834473,0.6056910753250122
YPL177C,YIR015W,0,-4.5375075,0.13513512909412384,0.9465737342834473,0.6058071851730347
YOR241W,YPL234C,0,-4.5378957,0.1351127326488495,0.9465737342834473,0.6059233546257019
YER179W,YGL084C,0,-4.538304,0.13509033620357513,0.9465737342834473,0.6060394644737244
YPL190C,YGL008C,0,-4.538348,0.13506795465946198,0.9465737342834473,0.6061556339263916
YFL021W,YCL074W,0,-4.5383554,0.13504557311534882,0.9465737342834473,0.6062718033790588
YKL016C,YJL021C,0,-4.5385194,0.13502319157123566,0.9465737342834473,0.6063879132270813
YFR053C,YML033W,0,-4.5386424,0.1350008249282837,0.9465737342834473,0.6065040826797485
YBL105C,YOR344C,0,-4.5386577,0.13497847318649292,0.9465737342834473,0.606620192527771
YGL238W,YFL017W-A,0,-4.5389757,0.13495612144470215,0.9465737342834473,0.6067363619804382
YER028C,YML131W,0,-4.5391555,0.13493376970291138,0.9465737342834473,0.6068524718284607
YCR107W,YOL164W,0,-4.5393085,0.1349114328622818,0.9465737342834473,0.6069686412811279
YER117W,YDR328C,0,-4.5394516,0.13488911092281342,0.9465737342834473,0.6070848107337952
YGL180W,YJR139C,0,-4.5398097,0.13486678898334503,0.9465737342834473,0.6072009205818176
YHR012W,YDR341C,0,-4.5398955,0.13484446704387665,0.9465737342834473,0.6073170900344849
YFR029W,YNL044W,0,-4.539981,0.13482216000556946,0.9465737342834473,0.6074331998825073
YJL111W,YOR088W,0,-4.540011,0.13479986786842346,0.9465737342834473,0.6075493693351746
YAL054C,YOL130W,0,-4.5400167,0.13477757573127747,0.9465737342834473,0.607665479183197
YLR205C,YML055W,0,-4.540095,0.13475528359413147,0.9465737342834473,0.6077816486358643
YHR200W,YKL212W,0,-4.540149,0.13473300635814667,0.9465737342834473,0.6078978180885315
YDR214W,YFR028C,0,-4.5402865,0.13471074402332306,0.9465737342834473,0.608013927936554
YBL102W,YNL186W,0,-4.5404696,0.13468848168849945,0.9465737342834473,0.6081300973892212
YMR072W,YPR182W,0,-4.540562,0.13466621935367584,0.9465737342834473,0.6082462072372437
YKL011C,YGR158C,0,-4.541144,0.13464397192001343,0.9465737342834473,0.6083623766899109
YPR094W,YJR045C,0,-4.5414014,0.1346217393875122,0.9465737342834473,0.6084784865379333
YNL268W,YDR086C,0,-4.5418506,0.134599506855011,0.9465737342834473,0.6085946559906006
YMR026C,YMR139W,0,-4.542258,0.13457727432250977,0.9465737342834473,0.6087108254432678
YDR189W,YOR287C,0,-4.5424066,0.13455505669116974,0.9465737342834473,0.6088269352912903
YIL131C,YKR038C,0,-4.5425186,0.1345328539609909,0.9465737342834473,0.6089431047439575
YMR184W,YGR268C,0,-4.542544,0.13451065123081207,0.9465737342834473,0.60905921459198
YDR298C,YER005W,0,-4.5427585,0.13448844850063324,0.9465737342834473,0.6091753840446472
YFR024C,YFR030W,0,-4.542831,0.1344662606716156,0.9465737342834473,0.6092914938926697
YGL011C,YOL129W,0,-4.5429053,0.13444407284259796,0.9465737342834473,0.6094076633453369
YFR024C,YHR160C,0,-4.542952,0.13442189991474152,0.9465737342834473,0.6095238327980042
YJL121C,YDR372C,0,-4.542986,0.13439974188804626,0.9465737342834473,0.6096399426460266
YOR037W,YGR111W,0,-4.5434337,0.13437756896018982,0.9465737342834473,0.6097561120986938
YDL143W,YML113W,0,-4.5434575,0.13435542583465576,0.9465737342834473,0.6098722219467163
YOL066C,YJR028W,0,-4.5435834,0.1343332827091217,0.9465737342834473,0.6099883913993835
YJR091C,YDR013W,0,-4.5439067,0.13431113958358765,0.9465737342834473,0.610104501247406
YPR002W,YBR267W,0,-4.544348,0.13428901135921478,0.9465737342834473,0.6102206707000732
YDR208W,YDL014W,0,-4.544558,0.13426688313484192,0.9465737342834473,0.6103368401527405
YGR230W,YJL108C,0,-4.5447087,0.13424476981163025,0.9465737342834473,0.6104529500007629
YGR041W,YPL101W,0,-4.5452943,0.13422265648841858,0.9465737342834473,0.6105691194534302
YPL018W,YBL093C,0,-4.5453334,0.1342005580663681,0.9465737342834473,0.6106852293014526
YJL111W,YOR179C,0,-4.545359,0.13417845964431763,0.9465737342834473,0.6108013987541199
YCR038C,YPR165W,0,-4.545465,0.13415637612342834,0.9465737342834473,0.6109175086021423
YDL170W,YGR111W,0,-4.545774,0.13413429260253906,0.9465737342834473,0.6110336780548096
YNL270C,YPL210C,0,-4.5459094,0.13411222398281097,0.9465737342834473,0.6111498475074768
YNL027W,YBR089C-A,0,-4.5460076,0.13409015536308289,0.9465737342834473,0.6112659573554993
YJL072C,YAR009C,0,-4.5465055,0.134068101644516,0.9465737342834473,0.6113821268081665
YGR180C,YDR325W,0,-4.5468564,0.1340460479259491,0.9465737342834473,0.611498236656189
YMR026C,YGL053W,0,-4.546989,0.1340240091085434,0.9465737342834473,0.6116144061088562
YFL057C,YPR154W,0,-4.5470443,0.1340019702911377,0.9465737342834473,0.6117305755615234
YPL018W,YGR284C,0,-4.547099,0.1339799463748932,0.9465737342834473,0.6118466854095459
YNL009W,YCR083W,0,-4.547137,0.13395792245864868,0.9465737342834473,0.6119628548622131
YFL010W-A,YMR214W,0,-4.54748,0.13393591344356537,0.9465737342834473,0.6120789647102356
YAL044C,YDR345C,0,-4.5475802,0.13391390442848206,0.9465737342834473,0.6121951341629028
YNL020C,YML080W,0,-4.547622,0.13389189541339874,0.9465737342834473,0.6123112440109253
YDL230W,YCR053W,0,-4.547938,0.13386990129947662,0.9465737342834473,0.6124274134635925
YIL112W,YML093W,0,-4.54798,0.1338479220867157,0.9465737342834473,0.6125435829162598
YLR007W,YML032C,1,-4.5480075,0.13399015367031097,0.9477351903915405,0.6125435829162598
YDL175C,YPL010W,0,-4.5481725,0.13396814465522766,0.9477351903915405,0.6126596927642822
YOL069W,YNR026C,0,-4.5481877,0.13394616544246674,0.9477351903915405,0.6127758622169495
YOL077W-A,YBR002C,0,-4.548245,0.13392417132854462,0.9477351903915405,0.6128919720649719
YHR169W,YNL147W,0,-4.548556,0.1339021921157837,0.9477351903915405,0.6130081415176392
YOR079C,YGL035C,0,-4.5485873,0.13388022780418396,0.9477351903915405,0.6131242513656616
YDR298C,YER028C,0,-4.5488596,0.13385826349258423,0.9477351903915405,0.6132404208183289
YMR092C,YML127W,0,-4.5488977,0.1338363140821457,0.9477351903915405,0.6133565902709961
YBL016W,YML093W,0,-4.5492463,0.13381436467170715,0.9477351903915405,0.6134727001190186
YGL084C,YHR012W,0,-4.5493784,0.1337924301624298,0.9477351903915405,0.6135888695716858
YML103C,YBR037C,0,-4.549538,0.13377049565315247,0.9477351903915405,0.6137049794197083
YHR171W,YDR009W,0,-4.5498767,0.13374856114387512,0.9477351903915405,0.6138211488723755
YLL018C-A,YGR054W,0,-4.550013,0.13372664153575897,0.9477351903915405,0.613937258720398
YDR013W,YOR340C,0,-4.550199,0.13370473682880402,0.9477351903915405,0.6140534281730652
YGR097W,YPL082C,0,-4.550218,0.13368283212184906,0.9477351903915405,0.6141695976257324
YBR155W,YIL056W,0,-4.550258,0.1336609274148941,0.9477351903915405,0.6142857074737549
YPL021W,YHR001W-A,0,-4.5504656,0.13363903760910034,0.9477351903915405,0.6144018769264221
YER117W,YHL009C,0,-4.550535,0.13361716270446777,0.9477351903915405,0.6145179867744446
YNL068C,YMR203W,0,-4.5505905,0.1335952877998352,0.9477351903915405,0.6146341562271118
YLR007W,YOR386W,1,-4.550708,0.13373710215091705,0.9488966464996338,0.6146341562271118
YPL248C,YPL268W,0,-4.550938,0.13371522724628448,0.9488966464996338,0.6147502660751343
YOR159C,YGR054W,0,-4.5509667,0.13369333744049072,0.9488966464996338,0.6148664355278015
YDR087C,YDR478W,0,-4.5509686,0.13367146253585815,0.9488966464996338,0.6149826049804688
YNL148C,YJL111W,0,-4.5510373,0.13364960253238678,0.9488966464996338,0.6150987148284912
YDR214W,YGR227W,0,-4.551066,0.1336277425289154,0.9488966464996338,0.6152148842811584
YBR155W,YMR021C,0,-4.551231,0.13360588252544403,0.9488966464996338,0.6153309941291809
YBR132C,YDL079C,0,-4.551372,0.13358403742313385,0.9488966464996338,0.6154471635818481
YOR031W,YOR344C,0,-4.551726,0.13356220722198486,0.9488966464996338,0.6155632734298706
YDL045C,YLL011W,0,-4.55185,0.13354037702083588,0.9488966464996338,0.6156794428825378
YCL026C-A,YML039W,0,-4.55196,0.1335185468196869,0.9488966464996338,0.6157956123352051
YDR098C,YOR088W,0,-4.552009,0.1334967315196991,0.9488966464996338,0.6159117221832275
YGR010W,YAR009C,0,-4.5526586,0.1334749162197113,0.9488966464996338,0.6160278916358948
YOR260W,YCR060W,0,-4.5527177,0.1334531158208847,0.9488966464996338,0.6161440014839172
YFL018C,YKL173W,0,-4.5528,0.1334313303232193,0.9488966464996338,0.6162601709365845
YDR524C,YMR175W,0,-4.5528874,0.1334095299243927,0.9488966464996338,0.6163762807846069
YKL191W,YJL108C,0,-4.5529323,0.1333877593278885,0.9488966464996338,0.6164924502372742
YLR248W,YML033W,0,-4.5530896,0.13336597383022308,0.9488966464996338,0.6166086196899414
YGL105W,YDR276C,0,-4.553271,0.13334421813488007,0.9488966464996338,0.6167247295379639
YFR034C,YNL241C,0,-4.553288,0.13332244753837585,0.9488966464996338,0.6168408989906311
YLR160C,YKL212W,0,-4.553325,0.13330070674419403,0.9488966464996338,0.6169570088386536
YLL018C-A,YLR059C,0,-4.553662,0.133278951048851,0.9488966464996338,0.6170731782913208
YIR005W,YBR240C,0,-4.5537233,0.1332572102546692,0.9488966464996338,0.6171892881393433
YLR008C,YGR211W,0,-4.554208,0.13323548436164856,0.9488966464996338,0.6173054575920105
YFL041W,YDL170W,0,-4.555038,0.13321375846862793,0.9488966464996338,0.6174216270446777
YIR015W,YKL056C,0,-4.5551057,0.1331920474767685,0.9488966464996338,0.6175377368927002
YGL178W,YCR080W,0,-4.5551553,0.13317033648490906,0.9488966464996338,0.6176539063453674
YDL019C,YKL088W,0,-4.5551925,0.13314862549304962,0.9488966464996338,0.6177700161933899
YPL188W,YJL154C,0,-4.555225,0.13312692940235138,0.9488966464996338,0.6178861856460571
YMR153W,YGR111W,0,-4.555304,0.13310524821281433,0.9488966464996338,0.6180022954940796
YKL150W,YNL070W,0,-4.555574,0.13308356702327728,0.9488966464996338,0.6181184649467468
YDR432W,YDL080C,0,-4.5558763,0.13306188583374023,0.9488966464996338,0.6182346343994141
YDR432W,YNR006W,0,-4.556174,0.13304021954536438,0.9488966464996338,0.6183507442474365
YPR001W,YGL092W,0,-4.556512,0.13301856815814972,0.9488966464996338,0.6184669137001038
YIL120W,YMR005W,0,-4.557392,0.13299690186977386,0.9488966464996338,0.6185830235481262
YHR150W,YLL056C,0,-4.557473,0.1329752653837204,0.9488966464996338,0.6186991930007935
YBR039W,YHR167W,0,-4.5577664,0.13295361399650574,0.9488966464996338,0.6188153028488159
YMR184W,YLR011W,0,-4.557895,0.13293199241161346,0.9488966464996338,0.6189314723014832
YML012W,YOR230W,0,-4.557957,0.13291035592556,0.9488966464996338,0.6190476417541504
YOR005C,YNL307C,1,-4.5579696,0.13305139541625977,0.9500580430030823,0.6190476417541504
YNL274C,YNR023W,0,-4.558042,0.1330297589302063,0.9500580430030823,0.6191637516021729
YKR002W,YDL140C,0,-4.558113,0.13300813734531403,0.9500580430030823,0.6192799210548401
YMR298W,YJR027W,0,-4.5583563,0.13298650085926056,0.9500580430030823,0.6193960309028625
YKL166C,YBR058C-A,0,-4.5584,0.13296489417552948,0.9500580430030823,0.6195122003555298
YGL247W,YNL009W,0,-4.5586333,0.1329432725906372,0.9500580430030823,0.6196283102035522
YOR103C,YJL129C,0,-4.559033,0.13292168080806732,0.9500580430030823,0.6197444796562195
YMR079W,YNL311C,0,-4.559038,0.13290007412433624,0.9500580430030823,0.6198606491088867
YER088C,YOL156W,0,-4.5590982,0.13287849724292755,0.9500580430030823,0.6199767589569092
YNL307C,YAL015C,1,-4.5591226,0.1330193281173706,0.9512194991111755,0.6199767589569092
YBR155W,YOR319W,0,-4.5593686,0.13299772143363953,0.9512194991111755,0.6200929284095764
YBL009W,YPL234C,0,-4.5598874,0.13297612965106964,0.9512194991111755,0.6202090382575989
YER003C,YDR478W,0,-4.5601506,0.13295455276966095,0.9512194991111755,0.6203252077102661
YMR119W,YML033W,0,-4.5601745,0.13293296098709106,0.9512194991111755,0.6204413175582886
YER165W,YPL258C,0,-4.560386,0.13291139900684357,0.9512194991111755,0.6205574870109558
YDR046C,YLR262C,0,-4.560502,0.13288982212543488,0.9512194991111755,0.620673656463623
YKL016C,YML033W,0,-4.5607047,0.13286826014518738,0.9512194991111755,0.6207897663116455
YMR284W,YMR106C,1,-4.5610247,0.1330089271068573,0.9523809552192688,0.6207897663116455
YGR129W,YBR058C-A,0,-4.5611854,0.1329873502254486,0.9523809552192688,0.6209059357643127
YIL118W,YLR034C,0,-4.561587,0.1329657882452011,0.9523809552192688,0.6210220456123352
YDR009W,YNL088W,0,-4.561691,0.1329442262649536,0.9523809552192688,0.6211382150650024
YOL156W,YOL121C,0,-4.561891,0.1329226791858673,0.9523809552192688,0.6212543845176697
YLR116W,YKL034W,0,-4.5619664,0.132901132106781,0.9523809552192688,0.6213704943656921
YKL018W,YER138C,0,-4.562529,0.1328795999288559,0.9523809552192688,0.6214866638183594
YDR046C,YOR106W,0,-4.562721,0.1328580677509308,0.9523809552192688,0.6216027736663818
YER167W,YPL163C,0,-4.562773,0.13283655047416687,0.9523809552192688,0.6217189431190491
YPL258C,YDR451C,0,-4.5630937,0.13281503319740295,0.9523809552192688,0.6218350529670715
YOR079C,YGL122C,0,-4.5631366,0.13279351592063904,0.9523809552192688,0.6219512224197388
YDR116C,YGL229C,0,-4.563457,0.13277201354503632,0.9523809552192688,0.622067391872406
YPR134W,YNR015W,0,-4.5635033,0.1327505260705948,0.9523809552192688,0.6221835017204285
YMR001C,YDL235C,0,-4.563578,0.13272903859615326,0.9523809552192688,0.6222996711730957
YFL029C,YLL011W,0,-4.5639806,0.13270755112171173,0.9523809552192688,0.6224157810211182
YGR268C,YOR098C,0,-4.5642323,0.1326860785484314,0.9523809552192688,0.6225319504737854
YNR075W,YPL234C,0,-4.5642962,0.13266462087631226,0.9523809552192688,0.6226480603218079
YPL209C,YML131W,0,-4.564591,0.13264316320419312,0.9523809552192688,0.6227642297744751
YDR453C,YNL044W,0,-4.564972,0.13262170553207397,0.9523809552192688,0.6228803992271423
YJL008C,YOR210W,0,-4.5653105,0.13260026276111603,0.9523809552192688,0.6229965090751648
YER179W,YOR159C,0,-4.5654964,0.13257881999015808,0.9523809552192688,0.623112678527832
YER003C,YKL080W,0,-4.565708,0.13255739212036133,0.9523809552192688,0.6232287883758545
YMR283C,YLL011W,0,-4.5657105,0.13253596425056458,0.9523809552192688,0.6233449578285217
YDL087C,YGL229C,0,-4.565825,0.13251455128192902,0.9523809552192688,0.6234610676765442
YIL034C,YBR295W,0,-4.566072,0.13249313831329346,0.9523809552192688,0.6235772371292114
YGL084C,YDR181C,0,-4.5661397,0.1324717253446579,0.9523809552192688,0.6236934065818787
YJR022W,YPR065W,0,-4.566184,0.13245032727718353,0.9523809552192688,0.6238095164299011
YFL009W,YKL088W,0,-4.566257,0.13242894411087036,0.9523809552192688,0.6239256858825684
YCR028C,YDL079C,0,-4.566298,0.1324075609445572,0.9523809552192688,0.6240417957305908
YPR200C,YNL118C,0,-4.566486,0.13238617777824402,0.9523809552192688,0.6241579651832581
YDR040C,YMR005W,0,-4.5667987,0.13236480951309204,0.9523809552192688,0.6242740750312805
YJR145C,YCR009C,0,-4.5669074,0.13234344124794006,0.9523809552192688,0.6243902444839478
YNL009W,YGR059W,0,-4.5669084,0.13232208788394928,0.9523809552192688,0.624506413936615
YLR248W,YJR086W,0,-4.56706,0.1323007494211197,0.9523809552192688,0.6246225237846375
YML033W,YDR058C,0,-4.5671763,0.1322793960571289,0.9523809552192688,0.6247386932373047
YGL178W,YOR036W,0,-4.567373,0.13225805759429932,0.9523809552192688,0.6248548030853271
YBR008C,YOR106W,0,-4.5682206,0.13223673403263092,0.9523809552192688,0.6249709725379944
YOR031W,YKL088W,0,-4.5685077,0.13221541047096252,0.9523809552192688,0.6250870823860168
YPR134W,YHR138C,0,-4.568527,0.13219410181045532,0.9523809552192688,0.6252032518386841
YGL084C,YJL102W,0,-4.5687356,0.13217279314994812,0.9523809552192688,0.6253194212913513
YMR225C,YER117W,0,-4.568944,0.13215148448944092,0.9523809552192688,0.6254355311393738
YMR092C,YJL052W,0,-4.569017,0.1321301907300949,0.9523809552192688,0.625551700592041
YML015C,YCR102C,0,-4.5690403,0.1321089118719101,0.9523809552192688,0.6256678104400635
YLR394W,YER138C,0,-4.5691314,0.13208763301372528,0.9523809552192688,0.6257839798927307
YLR066W,YJR028W,0,-4.5692477,0.13206635415554047,0.9523809552192688,0.6259000897407532
YFL003C,YJL148W,0,-4.569609,0.13204509019851685,0.9523809552192688,0.6260162591934204
YIR022W,YLR424W,0,-4.570067,0.13202382624149323,0.9523809552192688,0.6261324286460876
YNL129W,YMR139W,0,-4.5701528,0.1320025771856308,0.9523809552192688,0.6262485384941101
YGL175C,YMR106C,1,-4.570364,0.13214227557182312,0.9535424113273621,0.6262485384941101
YGR097W,YDL080C,0,-4.570414,0.1321210116147995,0.9535424113273621,0.6263647079467773
YBR089C-A,YGL006W,0,-4.570573,0.13209976255893707,0.9535424113273621,0.6264808177947998
YLR127C,YGL078C,0,-4.5708885,0.13207851350307465,0.9535424113273621,0.626596987247467
YDR328C,YOR149C,0,-4.570905,0.13205726444721222,0.9535424113273621,0.6267130970954895
YDR009W,YNL129W,0,-4.570938,0.132036030292511,0.9535424113273621,0.6268292665481567
YKR008W,YDR328C,0,-4.5709434,0.13201479613780975,0.9535424113273621,0.626945436000824
YER088C,YCL075W,0,-4.571007,0.13199356198310852,0.9535424113273621,0.6270615458488464
YGL219C,YPR154W,0,-4.5711627,0.13197235763072968,0.9535424113273621,0.6271777153015137
YDL143W,YML120C,0,-4.5713573,0.13195113837718964,0.9535424113273621,0.6272938251495361
YDL036C,YAR009C,0,-4.571425,0.1319299340248108,0.9535424113273621,0.6274099946022034
YBL009W,YKL093W,0,-4.5717883,0.13190874457359314,0.9535424113273621,0.6275261044502258
YGR033C,YOR008C-A,0,-4.57262,0.1318875551223755,0.9535424113273621,0.6276422739028931
YPR155C,YGR111W,0,-4.572888,0.13186636567115784,0.9535424113273621,0.6277584433555603
YKL093W,YFR052W,0,-4.5728984,0.13184519112110138,0.9535424113273621,0.6278745532035828
YJR022W,YBR083W,0,-4.573247,0.13182401657104492,0.9535424113273621,0.62799072265625
YNL327W,YOR329C,0,-4.5733395,0.13180285692214966,0.9535424113273621,0.6281068325042725
YLR008C,YCR044C,0,-4.5736303,0.1317816972732544,0.9535424113273621,0.6282230019569397
YLR025W,YLR066W,0,-4.574119,0.13176055252552032,0.9535424113273621,0.6283391118049622
YNL008C,YLR066W,0,-4.574434,0.13173940777778625,0.9535424113273621,0.6284552812576294
YMR052W,YDR087C,0,-4.574464,0.13171827793121338,0.9535424113273621,0.6285714507102966
YAL054C,YCR061W,0,-4.574658,0.1316971480846405,0.9535424113273621,0.6286875605583191
YHR042W,YHR006W,0,-4.5748296,0.13167601823806763,0.9535424113273621,0.6288037300109863
YBR024W,YMR203W,0,-4.574998,0.13165490329265594,0.9535424113273621,0.6289198398590088
YBL033C,YBR127C,0,-4.575047,0.13163380324840546,0.9535424113273621,0.629036009311676
YHR119W,YGR054W,0,-4.575127,0.13161270320415497,0.9535424113273621,0.6291521191596985
YMR301C,YBR010W,0,-4.575176,0.13159160315990448,0.9535424113273621,0.6292682886123657
YMR052W,YOR230W,0,-4.575541,0.13157051801681519,0.9535424113273621,0.629384458065033
YFR028C,YDR481C,0,-4.5756745,0.1315494328737259,0.9535424113273621,0.6295005679130554
YFR024C,YBR192W,0,-4.575825,0.1315283626317978,0.9535424113273621,0.6296167373657227
YPL265W,YJR010C-A,0,-4.575926,0.1315072923898697,0.9535424113273621,0.6297328472137451
YIL131C,YGR249W,0,-4.576076,0.1314862221479416,0.9535424113273621,0.6298490166664124
YJL021C,YNL032W,0,-4.5762167,0.13146516680717468,0.9535424113273621,0.6299651861190796
YHL040C,YNL222W,0,-4.5762286,0.13144412636756897,0.9535424113273621,0.630081295967102
YBR107C,YLR011W,0,-4.5762725,0.13142308592796326,0.9535424113273621,0.6301974654197693
YLR215C,YML012W,0,-4.576817,0.13140204548835754,0.9535424113273621,0.6303135752677917
YMR298W,YDR335W,0,-4.5773854,0.13138101994991302,0.9535424113273621,0.630429744720459
YCR028C,YAR009C,0,-4.57739,0.1313599944114685,0.9535424113273621,0.6305458545684814
YJL214W,YKL085W,0,-4.577393,0.13133898377418518,0.9535424113273621,0.6306620240211487
YNL127W,YCR061W,0,-4.5777864,0.13131797313690186,0.9535424113273621,0.6307781934738159
YMR283C,YBR183W,0,-4.5780506,0.13129697740077972,0.9535424113273621,0.6308943033218384
YLR157C,YJR028W,0,-4.5781693,0.1312759816646576,0.9535424113273621,0.6310104727745056
YOR079C,YML113W,0,-4.578337,0.13125500082969666,0.9535424113273621,0.6311265826225281
YNR026C,YHR161C,0,-4.578519,0.13123401999473572,0.9535424113273621,0.6312427520751953
YOL031C,YGR059W,0,-4.5785356,0.13121303915977478,0.9535424113273621,0.6313588619232178
YML008C,YNL304W,0,-4.578608,0.13119207322597504,0.9535424113273621,0.631475031375885
YLR025W,YCR102C,0,-4.5787597,0.1311711072921753,0.9535424113273621,0.6315912008285522
YGR132C,YHR200W,0,-4.5788035,0.13115015625953674,0.9535424113273621,0.6317073106765747
YDL079C,YIL008W,0,-4.5792503,0.1311292052268982,0.9535424113273621,0.6318234801292419
YNR002C,YDR163W,0,-4.5799203,0.13110826909542084,0.9535424113273621,0.6319395899772644
YDR202C,YLR034C,0,-4.5800195,0.13108733296394348,0.9535424113273621,0.6320557594299316
YLR192C,YGR038C-A,0,-4.5800643,0.13106641173362732,0.9535424113273621,0.6321718692779541
YOL002C,YGL013C,0,-4.580099,0.13104549050331116,0.9535424113273621,0.6322880387306213
YLR116W,YML047C,0,-4.5806932,0.1310245841741562,0.9535424113273621,0.6324042081832886
YMR119W,YER031C,0,-4.5810065,0.13100366294384003,0.9535424113273621,0.632520318031311
YPL091W,YAR009C,0,-4.5810113,0.13098277151584625,0.9535424113273621,0.6326364874839783
YOL013C,YLR262C,0,-4.5811653,0.13096188008785248,0.9535424113273621,0.6327525973320007
YKL080W,YOR287C,0,-4.5811806,0.1309409886598587,0.9535424113273621,0.632868766784668
YFL029C,YPR086W,0,-4.5813856,0.13092011213302612,0.9535424113273621,0.6329848766326904
YPL163C,YCL063W,0,-4.5814834,0.13089923560619354,0.9535424113273621,0.6331010460853577
YEL027W,YLR263W,0,-4.581701,0.13087837398052216,0.9535424113273621,0.6332172155380249
YJR091C,YOL038W,0,-4.5817094,0.13085751235485077,0.9535424113273621,0.6333333253860474
YKR059W,YDL109C,0,-4.5818405,0.13083665072917938,0.9535424113273621,0.6334494948387146
YGR230W,YNL030W,0,-4.5819035,0.1308158040046692,0.9535424113273621,0.6335656046867371
YHR193C,YBL033C,0,-4.5819244,0.1307949721813202,0.9535424113273621,0.6336817741394043
YFL041W,YNL281W,0,-4.581978,0.13077412545681,0.9535424113273621,0.6337978839874268
YKL029C,YLR425W,0,-4.5825825,0.1307533085346222,0.9535424113273621,0.633914053440094
YDR083W,YOR088W,0,-4.582736,0.1307324767112732,0.9535424113273621,0.6340302228927612
YPR070W,YJL148W,0,-4.582898,0.13071167469024658,0.9535424113273621,0.6341463327407837
YNL281W,YDR393W,0,-4.5829005,0.13069085776805878,0.9535424113273621,0.6342625021934509
YGR284C,YKR007W,0,-4.5829453,0.13067005574703217,0.9535424113273621,0.6343786120414734
YMR232W,YNL061W,0,-4.583139,0.13064926862716675,0.9535424113273621,0.6344947814941406
YML012W,YHR001W-A,0,-4.5833592,0.13062848150730133,0.9535424113273621,0.6346108913421631
YML113W,YBL033C,0,-4.5835457,0.1306076943874359,0.9535424113273621,0.6347270607948303
YML120C,YJR027W,0,-4.5836263,0.1305869221687317,0.9535424113273621,0.6348432302474976
YCR080W,YPL253C,0,-4.583812,0.13056616485118866,0.9535424113273621,0.63495934009552
YPL100W,YJL048C,0,-4.584147,0.13054539263248444,0.9535424113273621,0.6350755095481873
YNL065W,YNR067C,0,-4.584185,0.1305246353149414,0.9535424113273621,0.6351916193962097
YNL065W,YHR023W,0,-4.584329,0.13050389289855957,0.9535424113273621,0.635307788848877
YJL026W,YOR008C-A,0,-4.5849557,0.13048315048217773,0.9535424113273621,0.6354238986968994
YOL156W,YIL080W,0,-4.585078,0.1304624229669571,0.9535424113273621,0.6355400681495667
YAL015C,YDR180W,1,-4.5853915,0.13060057163238525,0.9547038078308105,0.6355400681495667
YGL142C,YLR219W,0,-4.585463,0.13057982921600342,0.9547038078308105,0.6356562376022339
YML008C,YAL007C,0,-4.5857606,0.13055908679962158,0.9547038078308105,0.6357723474502563
YGL180W,YDR451C,0,-4.585966,0.13053834438323975,0.9547038078308105,0.6358885169029236
YAR008W,YOR088W,0,-4.5860205,0.1305176317691803,0.9547038078308105,0.636004626750946
YKL165C,YPR158W-A,0,-4.5861964,0.13049690425395966,0.9547038078308105,0.6361207962036133
YOR260W,YDR165W,0,-4.586329,0.1304761916399002,0.9547038078308105,0.6362369060516357
YBL009W,YLR034C,0,-4.586359,0.13045547902584076,0.9547038078308105,0.636353075504303
YLR110C,YJL154C,0,-4.586867,0.1304347813129425,0.9547038078308105,0.6364692449569702
YFR052W,YOR179C,0,-4.587404,0.13041408360004425,0.9547038078308105,0.6365853548049927
YMR072W,YJL072C,0,-4.5874643,0.1303934007883072,0.9547038078308105,0.6367015242576599
YML032C,YER169W,1,-4.5875874,0.13053132593631744,0.9558652639389038,0.6367015242576599
YCL055W,YPL224C,0,-4.587838,0.1305106282234192,0.9558652639389038,0.6368176341056824
YBR164C,YKR059W,0,-4.5882545,0.13048993051052094,0.9558652639389038,0.6369338035583496
YGR033C,YDR451C,0,-4.5883255,0.13046924769878387,0.9558652639389038,0.6370499134063721
YGR014W,YOR210W,0,-4.5884542,0.13044856488704681,0.9558652639389038,0.6371660828590393
YLR304C,YPL248C,0,-4.588515,0.13042789697647095,0.9558652639389038,0.6372822523117065
YFL013C,YBR267W,0,-4.589166,0.13040722906589508,0.9558652639389038,0.637398362159729
YNL065W,YAL043C,0,-4.5893617,0.1303865611553192,0.9558652639389038,0.6375145316123962
YFL010W-A,YKL101W,0,-4.5893917,0.13036590814590454,0.9558652639389038,0.6376306414604187
YLR195C,YIL080W,0,-4.589538,0.13034527003765106,0.9558652639389038,0.6377468109130859
YBR186W,YJR045C,0,-4.589578,0.1303246170282364,0.9558652639389038,0.6378629207611084
YGR222W,YOL129W,0,-4.5898023,0.1303039938211441,0.9558652639389038,0.6379790902137756
YLR195C,YDR451C,0,-4.5898457,0.13028335571289062,0.9558652639389038,0.6380952596664429
YOR002W,YOR344C,0,-4.589931,0.13026274740695953,0.9558652639389038,0.6382113695144653
YOR209C,YLR335W,0,-4.5901103,0.13024212419986725,0.9558652639389038,0.6383275389671326
YLR192C,YCL074W,0,-4.590136,0.13022151589393616,0.9558652639389038,0.638443648815155
YPL059W,YLR035C-A,0,-4.590164,0.13020092248916626,0.9558652639389038,0.6385598182678223
YDR328C,YHR138C,0,-4.590235,0.13018032908439636,0.9558652639389038,0.6386759877204895
YMR142C,YDR372C,0,-4.5902696,0.13015973567962646,0.9558652639389038,0.638792097568512
YMR092C,YIL036W,0,-4.5903854,0.13013915717601776,0.9558652639389038,0.6389082670211792
YFL011W,YEL016C,0,-4.5904393,0.13011857867240906,0.9558652639389038,0.6390243768692017
YHR001W-A,YIR018W,0,-4.590565,0.13009801506996155,0.9558652639389038,0.6391405463218689
YLR011W,YDL235C,0,-4.590816,0.13007745146751404,0.9558652639389038,0.6392566561698914
YFL041W,YIL063C,0,-4.590875,0.13005688786506653,0.9558652639389038,0.6393728256225586
YML132W,YPL258C,0,-4.5909014,0.1300363391637802,0.9558652639389038,0.6394889950752258
YJL214W,YDR451C,0,-4.591193,0.1300157904624939,0.9558652639389038,0.6396051049232483
YKR002W,YIL029C,0,-4.5912433,0.12999525666236877,0.9558652639389038,0.6397212743759155
YML047C,YLR417W,0,-4.59141,0.12997473776340485,0.9558652639389038,0.639837384223938
YDL006W,YLR240W,0,-4.591533,0.12995420396327972,0.9558652639389038,0.6399535536766052
YBR129C,YGR285C,0,-4.5916457,0.1299336850643158,0.9558652639389038,0.6400696635246277
YDR289C,YPR181C,0,-4.591823,0.12991318106651306,0.9558652639389038,0.6401858329772949
YEL027W,YDR276C,0,-4.5918746,0.12989267706871033,0.9558652639389038,0.6403020024299622
YMR029C,YDR481C,0,-4.592118,0.1298721730709076,0.9558652639389038,0.6404181122779846
YFL017W-A,YOL129W,0,-4.5924006,0.12985168397426605,0.9558652639389038,0.6405342817306519
YMR011W,YNL167C,0,-4.5924025,0.1298312097787857,0.9558652639389038,0.6406503915786743
YMR184W,YOR142W-B,0,-4.5925307,0.12981072068214417,0.9558652639389038,0.6407665610313416
YBR010W,YJR131W,0,-4.5925508,0.12979024648666382,0.9558652639389038,0.640882670879364
YBR010W,YKL085W,0,-4.592617,0.12976978719234467,0.9558652639389038,0.6409988403320312
YLR242C,YLR011W,0,-4.5927386,0.1297493278980255,0.9558652639389038,0.6411150097846985
YNL274C,YKL088W,0,-4.5927744,0.12972888350486755,0.9558652639389038,0.641231119632721
YBR160W,YDR131C,0,-4.5929313,0.1297084391117096,0.9558652639389038,0.6413472890853882
YMR092C,YJL183W,0,-4.592979,0.12968799471855164,0.9558652639389038,0.6414633989334106
YCL019W,YHR138C,0,-4.5930295,0.12966756522655487,0.9558652639389038,0.6415795683860779
YGR284C,YNL281W,0,-4.593119,0.1296471357345581,0.9558652639389038,0.6416956782341003
YML098W,YCR062W,0,-4.593249,0.12962670624256134,0.9558652639389038,0.6418118476867676
YLR133W,YMR263W,0,-4.5937924,0.12960630655288696,0.9558652639389038,0.6419280171394348
YKL080W,YCR062W,0,-4.5941396,0.1295858919620514,0.9558652639389038,0.6420441269874573
YNL110C,YPL192C,0,-4.5942054,0.12956549227237701,0.9558652639389038,0.6421602964401245
YJL207C,YKL088W,0,-4.594276,0.12954509258270264,0.9558652639389038,0.642276406288147
YGL084C,YLR135W,0,-4.594315,0.12952470779418945,0.9558652639389038,0.6423925757408142
YJL207C,YDR337W,0,-4.5943174,0.12950432300567627,0.9558652639389038,0.6425086855888367
YML120C,YNR015W,0,-4.594835,0.12948395311832428,0.9558652639389038,0.6426248550415039
YBR008C,YBR192W,0,-4.5951653,0.1294635832309723,0.9558652639389038,0.6427410244941711
YOR031W,YDL128W,0,-4.595182,0.1294432282447815,0.9558652639389038,0.6428571343421936
YDR075W,YCR009C,0,-4.5961266,0.1294228583574295,0.9558652639389038,0.6429733037948608
YNL065W,YPL224C,0,-4.5964055,0.1294025182723999,0.9558652639389038,0.6430894136428833
YMR109W,YCR080W,0,-4.5964236,0.1293821781873703,0.9558652639389038,0.6432055830955505
YPL100W,YDL109C,0,-4.5966053,0.1293618381023407,0.9558652639389038,0.643321692943573
YCR028C,YFR003C,0,-4.5971622,0.1293415129184723,0.9558652639389038,0.6434378623962402
YIR041W,YGL011C,0,-4.5971637,0.12932118773460388,0.9558652639389038,0.6435540318489075
YHR042W,YDL170W,0,-4.597239,0.12930086255073547,0.9558652639389038,0.6436701416969299
YNR075W,YDR181C,0,-4.5974917,0.12928055226802826,0.9558652639389038,0.6437863111495972
YOR123C,YNL339C,0,-4.5978017,0.12926024198532104,0.9558652639389038,0.6439024209976196
YMR012W,YGL151W,0,-4.5979657,0.12923994660377502,0.9558652639389038,0.6440185904502869
YNL328C,YIL008W,0,-4.598267,0.129219651222229,0.9558652639389038,0.6441347002983093
YDL045C,YNL129W,0,-4.5983467,0.12919937074184418,0.9558652639389038,0.6442508697509766
YMR283C,YOL020W,0,-4.5986524,0.12917909026145935,0.9558652639389038,0.6443670392036438
YLR205C,YJL072C,0,-4.5987325,0.12915882468223572,0.9558652639389038,0.6444831490516663
YMR052W,YCR062W,0,-4.598904,0.12913855910301208,0.9558652639389038,0.6445993185043335
YNL281W,YCL074W,0,-4.5989375,0.12911829352378845,0.9558652639389038,0.644715428352356
YDL154W,YDR086C,0,-4.5990386,0.129098042845726,0.9558652639389038,0.6448315978050232
YPR165W,YCL075W,0,-4.5996103,0.12907779216766357,0.9558652639389038,0.6449477076530457
YGL151W,YMR013C,0,-4.6008058,0.12905755639076233,0.9558652639389038,0.6450638771057129
YER142C,YER169W,1,-4.6012454,0.12919411063194275,0.9570267200469971,0.6450638771057129
YDL200C,YML023C,1,-4.6016765,0.1293306201696396,0.9581881761550903,0.6450638771057129
YIL142W,YJL111W,0,-4.601839,0.12931033968925476,0.9581881761550903,0.6451800465583801
YNL074C,YPL151C,0,-4.6019864,0.12929007411003113,0.9581881761550903,0.6452961564064026
YDL145C,YOL129W,0,-4.6022935,0.1292698234319687,0.9581881761550903,0.6454123258590698
YER001W,YCR072C,0,-4.6025825,0.12924957275390625,0.9581881761550903,0.6455284357070923
YKL146W,YLR133W,0,-4.6028695,0.1292293220758438,0.9581881761550903,0.6456446051597595
YLR034C,YPL033C,0,-4.603292,0.12920908629894257,0.9581881761550903,0.645760715007782
YKL191W,YOL156W,0,-4.603598,0.12918885052204132,0.9581881761550903,0.6458768844604492
YNL230C,YCL074W,0,-4.6036015,0.12916862964630127,0.9581881761550903,0.6459930539131165
YBR234C,YCR102C,0,-4.603666,0.12914840877056122,0.9581881761550903,0.6461091637611389
YDR328C,YDR372C,0,-4.6037908,0.12912818789482117,0.9581881761550903,0.6462253332138062
YHR161C,YOR142W-B,0,-4.6038527,0.1291079819202423,0.9581881761550903,0.6463414430618286
YIL036W,YPR065W,0,-4.604017,0.12908777594566345,0.9581881761550903,0.6464576125144958
YOL077W-A,YJR074W,0,-4.604675,0.1290675848722458,0.9581881761550903,0.6465737223625183
YJL207C,YKL195W,0,-4.604773,0.12904739379882812,0.9581881761550903,0.6466898918151855
YBR192W,YFL004W,0,-4.605308,0.12902721762657166,0.9581881761550903,0.6468060612678528
YFL021W,YDL128W,0,-4.60539,0.12900704145431519,0.9581881761550903,0.6469221711158752
YLR007W,YAL015C,1,-4.6056232,0.12914320826530457,0.9593495726585388,0.6469221711158752
YNL008C,YHR116W,0,-4.6061087,0.1291230320930481,0.9593495726585388,0.6470383405685425
YDL013W,YLR006C,0,-4.60618,0.12910284101963043,0.9593495726585388,0.6471544504165649
YDR273W,YCL055W,0,-4.606276,0.12908266484737396,0.9593495726585388,0.6472706198692322
YGL016W,YFR024C,0,-4.6064696,0.1290625035762787,0.9593495726585388,0.6473867893218994
YAL054C,YMR029C,0,-4.606485,0.1290423423051834,0.9593495726585388,0.6475028991699219
YPL177C,YDR310C,0,-4.6067095,0.12902218103408813,0.9593495726585388,0.6476190686225891
YNL068C,YPR065W,0,-4.606755,0.12900203466415405,0.9593495726585388,0.6477351784706116
YNL312W,YHR099W,1,-4.6067557,0.1291380375623703,0.9605110287666321,0.6477351784706116
YDL109C,YHR138C,0,-4.606908,0.12911787629127502,0.9605110287666321,0.6478513479232788
YPR025C,YBR218C,0,-4.606945,0.12909771502017975,0.9605110287666321,0.6479674577713013
YFR034C,YNL070W,0,-4.6070266,0.12907756865024567,0.9605110287666321,0.6480836272239685
YBR145W,YJL139C,0,-4.607368,0.12905742228031158,0.9605110287666321,0.6481997966766357
YKR066C,YBR186W,0,-4.607485,0.1290372908115387,0.9605110287666321,0.6483159065246582
YPL224C,YDR397C,0,-4.6078506,0.1290171593427658,0.9605110287666321,0.6484320759773254
YGR041W,YLR384C,0,-4.607883,0.1289970427751541,0.9605110287666321,0.6485481858253479
YDL145C,YCR083W,0,-4.607944,0.12897691130638123,0.9605110287666321,0.6486643552780151
YNL210W,YOR088W,0,-4.6085377,0.12895680963993073,0.9605110287666321,0.6487804651260376
YDR423C,YCR080W,0,-4.608587,0.12893670797348022,0.9605110287666321,0.6488966345787048
YNL270C,YDR423C,0,-4.60869,0.12891660630702972,0.9605110287666321,0.6490128040313721
YDR098C,YHR181W,0,-4.60996,0.12889650464057922,0.9605110287666321,0.6491289138793945
YKL016C,YKL197C,0,-4.6103997,0.12887641787528992,0.9605110287666321,0.6492450833320618
YLR268W,YIL029C,0,-4.610809,0.1288563460111618,0.9605110287666321,0.6493611931800842
YLR219W,YLR417W,0,-4.6108484,0.1288362741470337,0.9605110287666321,0.6494773626327515
YJL034W,YGR111W,0,-4.610871,0.12881620228290558,0.9605110287666321,0.6495934724807739
YIL142W,YIL129C,0,-4.610913,0.12879613041877747,0.9605110287666321,0.6497096419334412
YNL323W,YGR038C-B,0,-4.6109405,0.12877608835697174,0.9605110287666321,0.6498258113861084
YLR242C,YDR298C,0,-4.6109786,0.12875603139400482,0.9605110287666321,0.6499419212341309
YHL040C,YMR150C,0,-4.611835,0.1287359893321991,0.9605110287666321,0.6500580906867981
YFR052W,YBR024W,0,-4.611935,0.12871594727039337,0.9605110287666321,0.6501742005348206
YGL229C,YER138C,0,-4.61223,0.12869592010974884,0.9605110287666321,0.6502903699874878
YDR480W,YPR138C,0,-4.6122727,0.1286758929491043,0.9605110287666321,0.6504064798355103
YBR210W,YDR013W,0,-4.612274,0.12865588068962097,0.9605110287666321,0.6505226492881775
YFR013W,YMR142C,0,-4.6124463,0.12863586843013763,0.9605110287666321,0.6506388187408447
YER089C,YCR053W,0,-4.612619,0.1286158561706543,0.9605110287666321,0.6507549285888672
YPR018W,YER138C,0,-4.612629,0.12859585881233215,0.9605110287666321,0.6508710980415344
YBL047C,YCR080W,0,-4.6127186,0.1285758763551712,0.9605110287666321,0.6509872078895569
YIL118W,YFL004W,0,-4.613066,0.12855587899684906,0.9605110287666321,0.6511033773422241
YJR139C,YCL074W,0,-4.613128,0.1285358965396881,0.9605110287666321,0.6512194871902466
YNL148C,YML123C,0,-4.6133204,0.12851592898368835,0.9605110287666321,0.6513356566429138
YJL034W,YPL234C,0,-4.613423,0.1284959614276886,0.9605110287666321,0.651451826095581
YLR127C,YJL052W,0,-4.6134677,0.12847599387168884,0.9605110287666321,0.6515679359436035
YOR241W,YPL253C,0,-4.6138406,0.12845604121685028,0.9605110287666321,0.6516841053962708
YPL110C,YER138C,0,-4.613891,0.12843608856201172,0.9605110287666321,0.6518002152442932
YPL059W,YBL033C,0,-4.613927,0.12841615080833435,0.9605110287666321,0.6519163846969604
YKL021C,YGR111W,0,-4.614803,0.12839621305465698,0.9605110287666321,0.6520324945449829
YDR345C,YCR060W,0,-4.6155105,0.12837627530097961,0.9605110287666321,0.6521486639976501
YGR262C,YER072W,0,-4.6156735,0.12835635244846344,0.9605110287666321,0.6522648334503174
YBR058C-A,YDR207C,0,-4.616313,0.12833642959594727,0.9605110287666321,0.6523809432983398
YOL002C,YDL232W,0,-4.6163244,0.12831652164459229,0.9605110287666321,0.6524971127510071
YER088C,YLR425W,0,-4.6163516,0.1282966136932373,0.9605110287666321,0.6526132225990295
YDL232W,YJR027W,0,-4.6163883,0.12827672064304352,0.9605110287666321,0.6527293920516968
YFR005C,YDL109C,0,-4.616988,0.12825682759284973,0.9605110287666321,0.6528455018997192
YKL016C,YFR029W,0,-4.617474,0.12823693454265594,0.9605110287666321,0.6529616713523865
YCL055W,YCR080W,0,-4.617601,0.12821705639362335,0.9605110287666321,0.6530778408050537
YML058W-A,YML097C,0,-4.617617,0.12819717824459076,0.9605110287666321,0.6531939506530762
YNL307C,YLR007W,1,-4.6178803,0.12833230197429657,0.9616724848747253,0.6531939506530762
YBR059C,YIL080W,0,-4.617983,0.12831240892410278,0.9616724848747253,0.6533101201057434
YLL015W,YFR028C,0,-4.618095,0.1282925307750702,0.9616724848747253,0.6534262299537659
YDL128W,YBR183W,0,-4.618193,0.1282726526260376,0.9616724848747253,0.6535423994064331
YJL214W,YJL034W,0,-4.61832,0.1282527893781662,0.9616724848747253,0.6536585092544556
YNL220W,YGR111W,0,-4.618488,0.1282329261302948,0.9616724848747253,0.6537746787071228
YGR041W,YDR453C,0,-4.6186204,0.1282130628824234,0.9616724848747253,0.65389084815979
YMR232W,YJR086W,0,-4.6187377,0.1281932145357132,0.9616724848747253,0.6540069580078125
YOR098C,YCR009C,0,-4.6188064,0.12817338109016418,0.9616724848747253,0.6541231274604797
YFL057C,YGR155W,0,-4.6188655,0.12815353274345398,0.9616724848747253,0.6542392373085022
YML008C,YGL084C,0,-4.619037,0.12813369929790497,0.9616724848747253,0.6543554067611694
YPL208W,YML114C,0,-4.619075,0.12811388075351715,0.9616724848747253,0.6544715166091919
YHR175W,YDR337W,0,-4.6192183,0.12809406220912933,0.9616724848747253,0.6545876860618591
YDR040C,YJL208C,0,-4.6192617,0.12807424366474152,0.9616724848747253,0.6547038555145264
YDL145C,YML012W,0,-4.62006,0.1280544400215149,0.9616724848747253,0.6548199653625488
YLR081W,YDL195W,0,-4.620092,0.12803463637828827,0.9616724848747253,0.6549361348152161
YOR031W,YER179W,0,-4.620108,0.12801484763622284,0.9616724848747253,0.6550522446632385
YFL036W,YJL129C,0,-4.62025,0.1279950588941574,0.9616724848747253,0.6551684141159058
YKL165C,YDR081C,0,-4.6202803,0.12797527015209198,0.9616724848747253,0.6552845239639282
YGR239C,YOL129W,0,-4.620497,0.12795549631118774,0.9616724848747253,0.6554006934165955
YFR028C,YDR345C,0,-4.620602,0.1279357224702835,0.9616724848747253,0.6555168628692627
YKR008W,YHR138C,0,-4.621081,0.12791596353054047,0.9616724848747253,0.6556329727172852
YBR172C,YGR054W,0,-4.621642,0.12789620459079742,0.9616724848747253,0.6557491421699524
YPL151C,YCL075W,0,-4.621687,0.12787644565105438,0.9616724848747253,0.6558652520179749
YMR011W,YGL124C,0,-4.6217446,0.12785670161247253,0.9616724848747253,0.6559814214706421
YDR498C,YGR111W,0,-4.622018,0.12783695757389069,0.9616724848747253,0.6560975313186646
YPR020W,YFL025C,0,-4.6223636,0.12781722843647003,0.9616724848747253,0.6562137007713318
YDR298C,YBL016W,0,-4.6226335,0.12779749929904938,0.9616724848747253,0.656329870223999
YOL130W,YLR410W-B,0,-4.6228147,0.12777778506278992,0.9616724848747253,0.6564459800720215
YDR372C,YCR062W,0,-4.6228786,0.12775805592536926,0.9616724848747253,0.6565621495246887
YHR042W,YOL117W,0,-4.623051,0.127738356590271,0.9616724848747253,0.6566782593727112
YMR201C,YDR076W,1,-4.623323,0.12787289917469025,0.9628339409828186,0.6566782593727112
YIL070C,YIR033W,0,-4.6235137,0.1278531700372696,0.9628339409828186,0.6567944288253784
YOL031C,YAR009C,0,-4.6235914,0.12783345580101013,0.9628339409828186,0.6569105982780457
YKR066C,YLR035C-A,0,-4.623725,0.12781375646591187,0.9628339409828186,0.6570267081260681
YKR076W,YGR038C-B,0,-4.6245313,0.1277940422296524,0.9628339409828186,0.6571428775787354
YMR138W,YDR345C,0,-4.6246495,0.12777435779571533,0.9628339409828186,0.6572589874267578
YPL248C,YNL154C,0,-4.625095,0.12775465846061707,0.9628339409828186,0.657375156879425
YOL121C,YGL229C,0,-4.625728,0.12773497402668,0.9628339409828186,0.6574912667274475
YIL129C,YNL131W,0,-4.625928,0.1277153044939041,0.9628339409828186,0.6576074361801147
YOL001W,YGL008C,0,-4.625976,0.12769562005996704,0.9628339409828186,0.657723605632782
YBR234C,YLR160C,0,-4.626007,0.12767596542835236,0.9628339409828186,0.6578397154808044
YDL197C,YOL164W,0,-4.626395,0.12765629589557648,0.9628339409828186,0.6579558849334717
YER088C,YDR059C,0,-4.627193,0.1276366412639618,0.9628339409828186,0.6580719947814941
YJL021C,YDR122W,0,-4.6272583,0.1276170015335083,0.9628339409828186,0.6581881642341614
YJR150C,YLL019C,0,-4.62729,0.12759734690189362,0.9628339409828186,0.6583042740821838
YAL022C,YGR222W,0,-4.627393,0.12757772207260132,0.9628339409828186,0.6584204435348511
YLR262C,YGR038C-A,0,-4.6278644,0.12755808234214783,0.9628339409828186,0.6585366129875183
YGR222W,YPR036W,0,-4.6281705,0.12753845751285553,0.9628339409828186,0.6586527228355408
YMR283C,YNL044W,0,-4.6281714,0.12751884758472443,0.9628339409828186,0.658768892288208
YHR041C,YCL019W,0,-4.6283364,0.12749923765659332,0.9628339409828186,0.6588850021362305
YGL092W,YCR061W,0,-4.6285996,0.12747962772846222,0.9628339409828186,0.6590011715888977
YDL117W,YDL138W,0,-4.628995,0.12746001780033112,0.9628339409828186,0.6591172814369202
YGL143C,YBL061C,0,-4.6290717,0.1274404376745224,0.9628339409828186,0.6592334508895874
YJR074W,YKR086W,0,-4.629222,0.1274208426475525,0.9628339409828186,0.6593496203422546
YLL018C-A,YMR214W,0,-4.6293416,0.12740126252174377,0.9628339409828186,0.6594657301902771
YBL098W,YBR160W,0,-4.629358,0.12738168239593506,0.9628339409828186,0.6595818996429443
YHR187W,YCR009C,0,-4.6294007,0.12736211717128754,0.9628339409828186,0.6596980094909668
YMR296C,YOR087W,0,-4.62941,0.12734255194664001,0.9628339409828186,0.659814178943634
YOR209C,YER159C-A,0,-4.6296816,0.1273229867219925,0.9628339409828186,0.6599302887916565
YNL311C,YDR098C-A,0,-4.629782,0.12730343639850616,0.9628339409828186,0.6600464582443237
YHR061C,YNR015W,0,-4.629935,0.12728390097618103,0.9628339409828186,0.660162627696991
YBR059C,YPL101W,0,-4.630261,0.1272643506526947,0.9628339409828186,0.6602787375450134
YJL034W,YHR041C,0,-4.6304297,0.12724481523036957,0.9628339409828186,0.6603949069976807
YMR012W,YPL021W,0,-4.63056,0.12722529470920563,0.9628339409828186,0.6605110168457031
YDL126C,YML008C,0,-4.630925,0.1272057741880417,0.9628339409828186,0.6606271862983704
YDR174W,YCR080W,0,-4.6310887,0.12718625366687775,0.9628339409828186,0.6607432961463928
YJR145C,YER138C,0,-4.631165,0.127166748046875,0.9628339409828186,0.6608594655990601
YPL258C,YKL034W,0,-4.6314535,0.12714724242687225,0.9628339409828186,0.6609756350517273
YAL016W,YML097C,0,-4.631681,0.1271277368068695,0.9628339409828186,0.6610917448997498
YER075C,YDR398W,0,-4.6319356,0.12710824608802795,0.9628339409828186,0.661207914352417
YOL038W,YBR273C,0,-4.6321225,0.1270887702703476,0.9628339409828186,0.6613240242004395
YLR078C,YAL044C,0,-4.6321917,0.12706927955150604,0.9628339409828186,0.6614401936531067
YJL207C,YPL190C,0,-4.632667,0.12704980373382568,0.9628339409828186,0.6615563035011292
YHR171W,YPL190C,0,-4.632714,0.12703034281730652,0.9628339409828186,0.6616724729537964
YNL020C,YDR087C,0,-4.6329274,0.12701088190078735,0.9628339409828186,0.6617886424064636
YGL008C,YJR145C,0,-4.632928,0.1269914209842682,0.9628339409828186,0.6619047522544861
YJR150C,YNR006W,0,-4.6331077,0.12697197496891022,0.9628339409828186,0.6620209217071533
YNR002C,YHR174W,0,-4.633476,0.12695252895355225,0.9628339409828186,0.6621370315551758
YPR036W,YJR102C,0,-4.6342645,0.12693308293819427,0.9628339409828186,0.662253201007843
YPL248C,YGL122C,0,-4.6343036,0.1269136518239975,0.9628339409828186,0.6623693108558655
YDR345C,YPR094W,0,-4.634675,0.12689423561096191,0.9628339409828186,0.6624854803085327
YOR031W,YNL044W,0,-4.6346784,0.12687480449676514,0.9628339409828186,0.6626016497612
YKL085W,YDL109C,0,-4.635224,0.12685538828372955,0.9628339409828186,0.6627177596092224
YOR149C,YLR035C-A,0,-4.635405,0.12683598697185516,0.9628339409828186,0.6628339290618896
YOR377W,YPL026C,0,-4.63545,0.12681658565998077,0.9628339409828186,0.6629500389099121
YDR076W,YMR284W,1,-4.6356683,0.12695014476776123,0.9639953374862671,0.6629500389099121
YLR277C,YLL056C,0,-4.6356993,0.12693072855472565,0.9639953374862671,0.6630662083625793
YDR456W,YOR106W,0,-4.6357646,0.12691131234169006,0.9639953374862671,0.6631823182106018
YJR093C,YDR086C,0,-4.6358,0.12689191102981567,0.9639953374862671,0.663298487663269
YLR133W,YAL042W,0,-4.6358256,0.12687250971794128,0.9639953374862671,0.6634146571159363
YGL124C,YPL235W,0,-4.6359534,0.1268531233072281,0.9639953374862671,0.6635307669639587
YKR095W,YKL212W,0,-4.6359706,0.1268337368965149,0.9639953374862671,0.663646936416626
YOR002W,YBR066C,0,-4.636046,0.1268143653869629,0.9639953374862671,0.6637630462646484
YLR242C,YLR410W-B,0,-4.636584,0.1267949938774109,0.9639953374862671,0.6638792157173157
YGR132C,YIL029C,0,-4.636614,0.1267756223678589,0.9639953374862671,0.6639953255653381
YDL079C,YPR072W,0,-4.6366696,0.12675626575946808,0.9639953374862671,0.6641114950180054
YJR083C,YOL126C,0,-4.6367297,0.12673690915107727,0.9639953374862671,0.6642276644706726
YJL184W,YLR035C-A,0,-4.636849,0.12671755254268646,0.9639953374862671,0.6643437743186951
YPL209C,YNL268W,0,-4.637154,0.12669821083545685,0.9639953374862671,0.6644599437713623
YER035W,YDR098C-A,0,-4.6371694,0.12667888402938843,0.9639953374862671,0.6645760536193848
YPR002W,YML097C,0,-4.6372337,0.1266595423221588,0.9639953374862671,0.664692223072052
YPL060W,YDL083C,0,-4.6372886,0.1266402155160904,0.9639953374862671,0.6648083329200745
YGR218W,YPL091W,0,-4.637544,0.12662090361118317,0.9639953374862671,0.6649245023727417
YLL011W,YML114C,0,-4.6377835,0.12660159170627594,0.9639953374862671,0.6650406718254089
YHR181W,YNL044W,0,-4.6379952,0.1265822798013687,0.9639953374862671,0.6651567816734314
YLR205C,YLR417W,0,-4.6383095,0.12656298279762268,0.9639953374862671,0.6652729511260986
YHR193C,YFR013W,0,-4.6384106,0.12654368579387665,0.9639953374862671,0.6653890609741211
YLR007W,YGR258C,1,-4.6385484,0.12667682766914368,0.9651567935943604,0.6653890609741211
YML023C,YDR359C,1,-4.63884,0.12680993974208832,0.9663182497024536,0.6653890609741211
YIL129C,YDR365W-B,0,-4.639024,0.1267906129360199,0.9663182497024536,0.6655052304267883
YDR046C,YKR095W-A,0,-4.6391664,0.12677130103111267,0.9663182497024536,0.6656213998794556
YHL040C,YFL013C,0,-4.639341,0.12675197422504425,0.9663182497024536,0.665737509727478
YJL184W,YIL118W,0,-4.639734,0.12673267722129822,0.9663182497024536,0.6658536791801453
YPL096C-A,YCR062W,0,-4.639749,0.126713365316391,0.9663182497024536,0.6659697890281677
YLR377C,YFR024C,0,-4.6397877,0.12669408321380615,0.9663182497024536,0.666085958480835
YIL070C,YML014W,0,-4.639848,0.12667478621006012,0.9663182497024536,0.6662020683288574
YNL030W,YLR195C,0,-4.6401277,0.12665550410747528,0.9663182497024536,0.6663182377815247
YHR039C,YDR398W,0,-4.6403637,0.12663622200489044,0.9663182497024536,0.6664344072341919
YFL041W,YPL239W,0,-4.640408,0.1266169548034668,0.9663182497024536,0.6665505170822144
YMR225C,YBR172C,0,-4.6405663,0.12659768760204315,0.9663182497024536,0.6666666865348816
YJL133W,YLR346C,0,-4.640721,0.1265784204006195,0.9663182497024536,0.666782796382904
YDR277C,YPR158W-A,0,-4.6407895,0.12655916810035706,0.9663182497024536,0.6668989658355713
YPL091W,YFL018C,0,-4.6409764,0.1265399307012558,0.9663182497024536,0.6670150756835938
YFL041W,YER138C,0,-4.6411686,0.12652067840099335,0.9663182497024536,0.667131245136261
YLR384C,YIL070C,0,-4.6413894,0.1265014410018921,0.9663182497024536,0.6672474145889282
YGR088W,YJL207C,0,-4.641439,0.12648221850395203,0.9663182497024536,0.6673635244369507
YNL009W,YLR066W,0,-4.6415315,0.12646298110485077,0.9663182497024536,0.6674796938896179
YCL026C-A,YNL131W,0,-4.6422796,0.1264437735080719,0.9663182497024536,0.6675958037376404
YML129C,YGR111W,0,-4.642383,0.12642455101013184,0.9663182497024536,0.6677119731903076
YJL128C,YPR165W,0,-4.6424026,0.12640534341335297,0.9663182497024536,0.6678280830383301
YOR212W,YML039W,0,-4.6425824,0.1263861507177353,0.9663182497024536,0.6679442524909973
YHR160C,YOR340C,0,-4.642856,0.12636694312095642,0.9663182497024536,0.6680604219436646
YER167W,YML073C,0,-4.643101,0.12634776532649994,0.9663182497024536,0.668176531791687
YER028C,YBL093C,0,-4.6432223,0.12632857263088226,0.9663182497024536,0.6682927012443542
YBR267W,YIL084C,0,-4.6433387,0.12630939483642578,0.9663182497024536,0.6684088110923767
YPL021W,YHR161C,0,-4.643356,0.1262902319431305,0.9663182497024536,0.668524980545044
YFL003C,YML093W,0,-4.643386,0.126271054148674,0.9663182497024536,0.6686410903930664
YKL160W,YFR024C,0,-4.6434474,0.12625189125537872,0.9663182497024536,0.6687572598457336
YKR038C,YAR033W,0,-4.643617,0.12623274326324463,0.9663182497024536,0.6688734292984009
YPR082C,YDR087C,0,-4.6442866,0.12621359527111053,0.9663182497024536,0.6689895391464233
YMR013C,YDR363W-A,0,-4.644504,0.12619444727897644,0.9663182497024536,0.6691057085990906
YHR042W,YDR310C,0,-4.6446824,0.12617531418800354,0.9663182497024536,0.669221818447113
YFL018C,YOR210W,0,-4.644953,0.12615618109703064,0.9663182497024536,0.6693379878997803
YPL224C,YOR106W,0,-4.645456,0.12613704800605774,0.9663182497024536,0.6694540977478027
YDR214W,YHR016C,0,-4.6456494,0.12611792981624603,0.9663182497024536,0.66957026720047
YOL002C,YPR158W-A,0,-4.6456895,0.12609881162643433,0.9663182497024536,0.6696864366531372
YGR024C,YJR027W,0,-4.6457744,0.1260797083377838,0.9663182497024536,0.6698025465011597
YPL190C,YGR059W,0,-4.645847,0.1260606050491333,0.9663182497024536,0.6699187159538269
YOL113W,YGR063C,0,-4.646194,0.1260415017604828,0.9663182497024536,0.6700348258018494
YGL016W,YPR182W,0,-4.6461987,0.12602241337299347,0.9663182497024536,0.6701509952545166
YNL074C,YKL086W,0,-4.6463456,0.12600332498550415,0.9663182497024536,0.6702671051025391
YIL036W,YDR345C,0,-4.646376,0.12598425149917603,0.9663182497024536,0.6703832745552063
YMR005W,YKR059W,0,-4.6464744,0.1259651780128479,0.9663182497024536,0.6704994440078735
YOR319W,YGL053W,0,-4.6465287,0.12594610452651978,0.9663182497024536,0.670615553855896
YML073C,YGR038C-B,0,-4.6466813,0.12592704594135284,0.9663182497024536,0.6707317233085632
YOR099W,YNL074C,0,-4.6468616,0.1259079873561859,0.9663182497024536,0.6708478331565857
YGL073W,YDR098C-A,0,-4.6468654,0.12588894367218018,0.9663182497024536,0.6709640026092529
YKL085W,YAR008W,0,-4.6469555,0.12586989998817444,0.9663182497024536,0.6710801124572754
YIL129C,YNL070W,0,-4.647082,0.1258508563041687,0.9663182497024536,0.6711962819099426
YOL063C,YLL019C,0,-4.6472683,0.12583182752132416,0.9663182497024536,0.6713124513626099
YML058W-A,YLR135W,0,-4.6476636,0.12581279873847961,0.9663182497024536,0.6714285612106323
YNR067C,YGR010W,0,-4.647736,0.12579376995563507,0.9663182497024536,0.6715447306632996
YNL020C,YOR087W,0,-4.6478133,0.12577475607395172,0.9663182497024536,0.671660840511322
YNL020C,YAR009C,0,-4.6478887,0.12575574219226837,0.9663182497024536,0.6717770099639893
YLR215C,YHR187W,0,-4.6480417,0.12573674321174622,0.9663182497024536,0.6718931198120117
YOL049W,YIL053W,0,-4.64823,0.12571774423122406,0.9663182497024536,0.672009289264679
YDR276C,YHR203C,0,-4.648351,0.1256987452507019,0.9663182497024536,0.6721254587173462
YAL032C,YPR181C,0,-4.648375,0.12567976117134094,0.9663182497024536,0.6722415685653687
YJL165C,YCL075W,0,-4.6484246,0.12566077709197998,0.9663182497024536,0.6723577380180359
YDR423C,YBR273C,0,-4.6485677,0.12564179301261902,0.9663182497024536,0.6724738478660583
YNL148C,YJL102W,0,-4.6488557,0.12562282383441925,0.9663182497024536,0.6725900173187256
YML132W,YOR254C,0,-4.648999,0.12560386955738068,0.9663182497024536,0.672706127166748
YLR304C,YNL027W,0,-4.649013,0.1255849003791809,0.9663182497024536,0.6728222966194153
YLR008C,YMR076C,0,-4.649265,0.12556594610214233,0.9663182497024536,0.6729384660720825
YBL093C,YNL070W,0,-4.649351,0.12554700672626495,0.9663182497024536,0.673054575920105
YDR309C,YKR038C,0,-4.6494203,0.12552806735038757,0.9663182497024536,0.6731707453727722
YKL011C,YBR233W-A,0,-4.6494327,0.1255091279745102,0.9663182497024536,0.6732868552207947
YBR192W,YOR307C,0,-4.6495557,0.125490203499794,0.9663182497024536,0.6734030246734619
YMR069W,YGR038C-B,0,-4.6497827,0.12547126412391663,0.9663182497024536,0.6735191345214844
YPL209C,YML039W,0,-4.649792,0.12545235455036163,0.9663182497024536,0.6736353039741516
YJL133W,YOR159C,0,-4.650089,0.12543344497680664,0.9663182497024536,0.6737514734268188
YBR089C-A,YOL121C,0,-4.650311,0.12541453540325165,0.9663182497024536,0.6738675832748413
YHR175W,YOL113W,0,-4.650637,0.12539562582969666,0.9663182497024536,0.6739837527275085
YOL049W,YCR083W,0,-4.650962,0.12537673115730286,0.9663182497024536,0.674099862575531
YDL126C,YKL195W,0,-4.651116,0.12535783648490906,0.9663182497024536,0.6742160320281982
YER073W,YDR131C,0,-4.65124,0.12533895671367645,0.9663182497024536,0.6743322014808655
YFL011W,YDR341C,0,-4.6512475,0.12532007694244385,0.9663182497024536,0.6744483113288879
YGL003C,YKL085W,0,-4.6520915,0.12530121207237244,0.9663182497024536,0.6745644807815552
YLR335W,YER165W,0,-4.652901,0.12528233230113983,0.9663182497024536,0.6746805906295776
YML123C,YBL058W,0,-4.6531677,0.12526346743106842,0.9663182497024536,0.6747967600822449
YPL091W,YKL018W,0,-4.6535606,0.1252446174621582,0.9663182497024536,0.6749128699302673
YDR214W,YNL230C,0,-4.6535635,0.12522576749324799,0.9663182497024536,0.6750290393829346
YBR066C,YDL235C,0,-4.653609,0.12520691752433777,0.9663182497024536,0.6751452088356018
YNL222W,YDR098C-A,0,-4.6536345,0.12518808245658875,0.9663182497024536,0.6752613186836243
YNL312W,YBR087W,1,-4.653984,0.1253196895122528,0.9674796462059021,0.6752613186836243
YOL001W,YML039W,0,-4.6548944,0.1253008395433426,0.9674796462059021,0.6753774881362915
YOR239W,YHR174W,0,-4.654942,0.12528200447559357,0.9674796462059021,0.675493597984314
YDR081C,YGR063C,0,-4.65515,0.12526315450668335,0.9674796462059021,0.6756097674369812
YMR001C,YJR028W,0,-4.6551805,0.12524431943893433,0.9674796462059021,0.6757258772850037
YER075C,YML039W,0,-4.655331,0.1252254992723465,0.9674796462059021,0.6758420467376709
YCR083W,YOL103W-A,0,-4.6553407,0.12520667910575867,0.9674796462059021,0.6759582161903381
YKR066C,YPR188C,0,-4.6556945,0.12518785893917084,0.9674796462059021,0.6760743260383606
YCR084C,YDR207C,0,-4.655852,0.125169038772583,0.9674796462059021,0.6761904954910278
YGR063C,YDR451C,0,-4.656318,0.12515023350715637,0.9674796462059021,0.6763066053390503
YDL154W,YER138C,0,-4.656408,0.12513144314289093,0.9674796462059021,0.6764227747917175
YCR038C,YPL106C,0,-4.656426,0.1251126527786255,0.9674796462059021,0.67653888463974
YGL247W,YCR080W,0,-4.65653,0.12509386241436005,0.9674796462059021,0.6766550540924072
YMR203W,YDR316W-B,0,-4.6566854,0.1250750720500946,0.9674796462059021,0.6767712235450745
YBR077C,YDR365W-B,0,-4.656811,0.12505629658699036,0.9674796462059021,0.6768873333930969
YLR248W,YCL063W,0,-4.656884,0.1250375211238861,0.9674796462059021,0.6770035028457642
YNL074C,YNL302C,0,-4.6569705,0.12501876056194305,0.9674796462059021,0.6771196126937866
YPR020W,YOR039W,0,-4.6570163,0.125,0.9674796462059021,0.6772357821464539
YGL256W,YDR372C,0,-4.657546,0.12498124688863754,0.9674796462059021,0.6773518919944763
YNL307C,YPL153C,1,-4.657717,0.12511251866817474,0.9686411023139954,0.6773518919944763
YNL074C,YCL032W,0,-4.657816,0.1250937432050705,0.9686411023139954,0.6774680614471436
YLL019C,YLR346C,0,-4.6579957,0.12507498264312744,0.9686411023139954,0.6775842308998108
YML103C,YOR210W,0,-4.6580133,0.12505623698234558,0.9686411023139954,0.6777003407478333
YGR177C,YOL013C,0,-4.658328,0.12503747642040253,0.9686411023139954,0.6778165102005005
YHR019C,YGL226C-A,0,-4.658355,0.12501873075962067,0.9686411023139954,0.677932620048523
YDL109C,YGR111W,0,-4.6584697,0.125,0.9686411023139954,0.6780487895011902
YGL084C,YDR289C,0,-4.65879,0.12498126924037933,0.9686411023139954,0.6781648993492126
YNL323W,YGL008C,0,-4.6589212,0.12496253848075867,0.9686411023139954,0.6782810688018799
YLR205C,YKL122C,0,-4.6591334,0.1249438226222992,0.9686411023139954,0.6783972382545471
YJL194W,YOR088W,0,-4.659461,0.12492510676383972,0.9686411023139954,0.6785133481025696
YML012W,YMR104C,0,-4.659469,0.12490639835596085,0.9686411023139954,0.6786295175552368
YMR119W,YOR159C,0,-4.659558,0.12488768994808197,0.9686411023139954,0.6787456274032593
YNL065W,YKL079W,0,-4.6595607,0.12486898899078369,0.9686411023139954,0.6788617968559265
YJL034W,YLR035C-A,0,-4.6597447,0.1248503029346466,0.9686411023139954,0.678977906703949
YHR169W,YMR026C,0,-4.659852,0.12483160942792892,0.9686411023139954,0.6790940761566162
YDR021W,YNL030W,0,-4.6598754,0.12481293082237244,0.9686411023139954,0.6792102456092834
YDR388W,YLR066W,0,-4.6601663,0.12479425221681595,0.9686411023139954,0.6793263554573059
YPL242C,YGR229C,0,-4.660225,0.12477558106184006,0.9686411023139954,0.6794425249099731
YER167W,YNL154C,0,-4.660374,0.12475691735744476,0.9686411023139954,0.6795586347579956
YML008C,YBR010W,0,-4.6605,0.12473826110363007,0.9686411023139954,0.6796748042106628
YFL003C,YML123C,0,-4.660871,0.12471960484981537,0.9686411023139954,0.6797909140586853
YLR355C,YDR208W,0,-4.661142,0.12470095604658127,0.9686411023139954,0.6799070835113525
YNR006W,YCR102C,0,-4.661411,0.12468231469392776,0.9686411023139954,0.6800232529640198
YPL248C,YOL126C,0,-4.661634,0.12466368079185486,0.9686411023139954,0.6801393628120422
YBR185C,YDR365W-B,0,-4.661637,0.12464504688978195,0.9686411023139954,0.6802555322647095
YDL087C,YDR453C,0,-4.661721,0.12462642043828964,0.9686411023139954,0.6803716421127319
YCL054W,YPR158W-A,0,-4.661734,0.12460780143737793,0.9686411023139954,0.6804878115653992
YMR250W,YKL088W,0,-4.6618705,0.12458918243646622,0.9686411023139954,0.6806039214134216
YLL018C-A,YPL239W,0,-4.6619563,0.1245705783367157,0.9686411023139954,0.6807200908660889
YDL142C,YKR079C,0,-4.6620126,0.12455197423696518,0.9686411023139954,0.6808362603187561
YJL021C,YML012W,0,-4.662102,0.12453337013721466,0.9686411023139954,0.6809523701667786
YDR276C,YPR065W,0,-4.662206,0.12451478093862534,0.9686411023139954,0.6810685396194458
YEL016C,YOL103W-A,0,-4.662758,0.12449619174003601,0.9686411023139954,0.6811846494674683
YOL108C,YCR080W,0,-4.663142,0.12447760999202728,0.9686411023139954,0.6813008189201355
YJL034W,YML055W,0,-4.6632476,0.12445903569459915,0.9686411023139954,0.681416928768158
YML047C,YHR138C,0,-4.663296,0.12444046884775162,0.9686411023139954,0.6815330982208252
YHR023W,YOL103W-A,0,-4.66344,0.12442190200090408,0.9686411023139954,0.6816492676734924
YNL061W,YML131W,0,-4.6637015,0.12440334260463715,0.9686411023139954,0.6817653775215149
YDR423C,YOL127W,0,-4.663719,0.1243847906589508,0.9686411023139954,0.6818815469741821
YFL021W,YMR283C,0,-4.6639686,0.12436623871326447,0.9686411023139954,0.6819976568222046
YOR079C,YHR175W,0,-4.664566,0.12434769421815872,0.9686411023139954,0.6821138262748718
YFR024C,YLR025W,0,-4.6650157,0.12432915717363358,0.9686411023139954,0.6822299361228943
YOR221C,YOL103W-A,0,-4.6658163,0.12431062757968903,0.9686411023139954,0.6823461055755615
YER044C,YDL080C,0,-4.6661553,0.12429209798574448,0.9686411023139954,0.6824622750282288
YBR172C,YBR273C,0,-4.666264,0.12427358329296112,0.9686411023139954,0.6825783848762512
YER028C,YCL019W,0,-4.6663723,0.12425506860017776,0.9686411023139954,0.6826945543289185
YNR067C,YER003C,0,-4.666391,0.12423655390739441,0.9686411023139954,0.6828106641769409
YPL060W,YCR080W,0,-4.6664367,0.12421805411577225,0.9686411023139954,0.6829268336296082
YCR053W,YMR104C,0,-4.6665406,0.12419955432415009,0.9686411023139954,0.6830430030822754
YNL222W,YCL019W,0,-4.666633,0.12418106198310852,0.9686411023139954,0.6831591129302979
YOR036W,YOR142W-B,0,-4.6666675,0.12416256964206696,0.9686411023139954,0.6832752823829651
YLR329W,YIL053W,0,-4.6667223,0.12414409220218658,0.9686411023139954,0.6833913922309875
YMR109W,YMR142C,0,-4.666899,0.12412561476230621,0.9686411023139954,0.6835075616836548
YHR061C,YPR052C,0,-4.6672916,0.12410714477300644,0.9686411023139954,0.6836236715316772
YJL121C,YGR063C,0,-4.667451,0.12408867478370667,0.9686411023139954,0.6837398409843445
YMR069W,YMR026C,0,-4.6679883,0.12407021969556808,0.9686411023139954,0.6838560104370117
YDR456W,YFR005C,0,-4.668412,0.1240517646074295,0.9686411023139954,0.6839721202850342
YGR268C,YML039W,0,-4.6684976,0.12403331696987152,0.9686411023139954,0.6840882897377014
YDL197C,YDR055W,0,-4.6686726,0.12401486933231354,0.9686411023139954,0.6842043995857239
YER070W,YLR035C-A,0,-4.6686993,0.12399642914533615,0.9686411023139954,0.6843205690383911
YBR089C-A,YDR098C-A,0,-4.668898,0.12397799640893936,0.9686411023139954,0.6844366788864136
YDL230W,YPR158W-A,0,-4.6689215,0.12395957112312317,0.9686411023139954,0.6845528483390808
YLR431C,YCL054W,0,-4.669128,0.12394115328788757,0.9686411023139954,0.684669017791748
YGL053W,YOL129W,0,-4.6693645,0.12392273545265198,0.9686411023139954,0.6847851276397705
YBR010W,YIL008W,0,-4.669437,0.12390432506799698,0.9686411023139954,0.6849012970924377
YDR205W,YJL121C,0,-4.6694894,0.12388591468334198,0.9686411023139954,0.6850174069404602
YNL328C,YPR182W,0,-4.669809,0.12386751919984818,0.9686411023139954,0.6851335763931274
YOR159C,YLL011W,0,-4.6698985,0.12384912371635437,0.9686411023139954,0.6852496862411499
YPL021W,YDR310C,0,-4.6700006,0.12383073568344116,0.9686411023139954,0.6853658556938171
YDL142C,YNL154C,0,-4.67008,0.12381235510110855,0.9686411023139954,0.6854820251464844
YJL108C,YGL171W,0,-4.670199,0.12379397451877594,0.9686411023139954,0.6855981349945068
YJL010C,YIL056W,0,-4.6704426,0.12377560138702393,0.9686411023139954,0.6857143044471741
YDL029W,YHR203C,0,-4.671369,0.12375723570585251,0.9686411023139954,0.6858304142951965
YHR005C,YDR098C,0,-4.671685,0.12373887002468109,0.9686411023139954,0.6859465837478638
YDL019C,YER003C,0,-4.67182,0.12372051924467087,0.9686411023139954,0.6860626935958862
YDR142C,YDR165W,0,-4.6718373,0.12370216846466064,0.9686411023139954,0.6861788630485535
YHR175W,YJL076W,0,-4.671979,0.12368381768465042,0.9686411023139954,0.6862950325012207
YGL195W,YNL131W,0,-4.6722655,0.12366548180580139,0.9686411023139954,0.6864111423492432
YPR052C,YER165W,0,-4.672302,0.12364714592695236,0.9686411023139954,0.6865273118019104
YKR007W,YBR172C,0,-4.6724787,0.12362881749868393,0.9686411023139954,0.6866434216499329
YDR040C,YOR123C,0,-4.672529,0.1236104965209961,0.9686411023139954,0.6867595911026001
YNL282W,YLR147C,0,-4.673001,0.12359217554330826,0.9686411023139954,0.6868757009506226
YBR210W,YNL131W,0,-4.673468,0.12357386201620102,0.9686411023139954,0.6869918704032898
YER179W,YER005W,0,-4.6734977,0.12355555593967438,0.9686411023139954,0.687108039855957
YHL040C,YBR201W,0,-4.673683,0.12353725731372833,0.9686411023139954,0.6872241497039795
YLR384C,YOL113W,0,-4.6736865,0.12351895868778229,0.9686411023139954,0.6873403191566467
YAL042W,YFR024C,0,-4.673782,0.12350066751241684,0.9686411023139954,0.6874564290046692
YMR041C,YNL020C,0,-4.6741934,0.12348238378763199,0.9686411023139954,0.6875725984573364
YAL007C,YNL186W,0,-4.6746097,0.12346410006284714,0.9686411023139954,0.6876887083053589
YKL212W,YJR086W,0,-4.6747017,0.12344582378864288,0.9686411023139954,0.6878048777580261
YKL146W,YHR160C,0,-4.67513,0.12342755496501923,0.9686411023139954,0.6879210472106934
YJR010C-A,YML015C,0,-4.6754546,0.12340929359197617,0.9686411023139954,0.6880371570587158
YGR180C,YER117W,0,-4.6755166,0.1233910322189331,0.9686411023139954,0.6881533265113831
YNL030W,YOL069W,0,-4.6755567,0.12337277829647064,0.9686411023139954,0.6882694363594055
YHL040C,YKL005C,0,-4.675847,0.12335453182458878,0.9686411023139954,0.6883856058120728
YML012W,YGR129W,0,-4.6759458,0.1233362928032875,0.9686411023139954,0.6885017156600952
YLR259C,YNR026C,0,-4.676065,0.12331805378198624,0.9686411023139954,0.6886178851127625
YMR011W,YML098W,0,-4.676206,0.12329982221126556,0.9686411023139954,0.6887340545654297
YOL126C,YPL188W,0,-4.6765304,0.12328159809112549,0.9686411023139954,0.6888501644134521
YML102W,YER142C,1,-4.6766157,0.12341117113828659,0.9698025584220886,0.6888501644134521
YLR293C,YPL033C,0,-4.676638,0.12339293956756592,0.9698025584220886,0.6889663338661194
YDL017W,YDR009W,0,-4.6767464,0.12337470799684525,0.9698025584220886,0.6890824437141418
YNL307C,YMR201C,1,-4.676905,0.12350421398878098,0.9709640145301819,0.6890824437141418
YGL004C,YGL011C,0,-4.6769996,0.12348596751689911,0.9709640145301819,0.6891986131668091
YGR041W,YIL119C,0,-4.6770396,0.12346772849559784,0.9709640145301819,0.6893147230148315
YER179W,YHR200W,0,-4.6772857,0.12344949692487717,0.9709640145301819,0.6894308924674988
YOL077W-A,YDL230W,0,-4.677389,0.12343127280473709,0.9709640145301819,0.689547061920166
YKL191W,YPR018W,0,-4.677508,0.12341304868459702,0.9709640145301819,0.6896631717681885
YIL142W,YMR232W,0,-4.677625,0.12339483201503754,0.9709640145301819,0.6897793412208557
YMR263W,YGR038C-A,0,-4.6776934,0.12337662279605865,0.9709640145301819,0.6898954510688782
YNL129W,YBR186W,0,-4.677916,0.12335842102766037,0.9709640145301819,0.6900116205215454
YPR025C,YCR083W,0,-4.678,0.12334021925926208,0.9709640145301819,0.6901277303695679
YIL070C,YDR365W-B,0,-4.678258,0.1233220249414444,0.9709640145301819,0.6902438998222351
YLR293C,YJL203W,0,-4.6784225,0.1233038380742073,0.9709640145301819,0.6903600692749023
YOR272W,YJR027W,0,-4.678516,0.12328565120697021,0.9709640145301819,0.6904761791229248
YOR212W,YPR158W-A,0,-4.6785398,0.12326747179031372,0.9709640145301819,0.690592348575592
YPL192C,YDR365W-B,0,-4.6786637,0.12324929982423782,0.9709640145301819,0.6907084584236145
YLR332W,YOR210W,0,-4.6789384,0.12323113530874252,0.9709640145301819,0.6908246278762817
YBL098W,YDR116C,0,-4.67897,0.12321297079324722,0.9709640145301819,0.6909407377243042
YNL065W,YGR224W,0,-4.679072,0.12319481372833252,0.9709640145301819,0.6910569071769714
YML058W-A,YPR002W,0,-4.67919,0.12317666411399841,0.9709640145301819,0.6911730766296387
YKR076W,YOR344C,0,-4.6791987,0.1231585144996643,0.9709640145301819,0.6912891864776611
YML103C,YML123C,0,-4.679231,0.1231403723359108,0.9709640145301819,0.6914053559303284
YKL195W,YPL106C,0,-4.679297,0.12312223762273788,0.9709640145301819,0.6915214657783508
YDR195W,YKR059W,0,-4.679358,0.12310411036014557,0.9709640145301819,0.6916376352310181
YJR022W,YGL171W,0,-4.679395,0.12308598309755325,0.9709640145301819,0.6917537450790405
YPL021W,YPR138C,0,-4.6797633,0.12306786328554153,0.9709640145301819,0.6918699145317078
YGL084C,YML039W,0,-4.6798,0.12304975092411041,0.9709640145301819,0.691986083984375
YDL140C,YPR158W-A,0,-4.679899,0.12303163856267929,0.9709640145301819,0.6921021938323975
YBR267W,YFR031C,0,-4.680181,0.12301353365182877,0.9709640145301819,0.6922183632850647
YNL061W,YDR316W-B,0,-4.680375,0.12299543619155884,0.9709640145301819,0.6923344731330872
YDL200C,YOR346W,1,-4.6804137,0.12312445044517517,0.9721254110336304,0.6923344731330872
YAL044C,YEL016C,0,-4.680493,0.12310633808374405,0.9721254110336304,0.6924506425857544
YGR222W,YOR254C,0,-4.6807714,0.12308823317289352,0.9721254110336304,0.6925668120384216
YFL018C,YNL044W,0,-4.680833,0.1230701357126236,0.9721254110336304,0.6926829218864441
YIR005W,YNL131W,0,-4.68116,0.12305204570293427,0.9721254110336304,0.6927990913391113
YKL056C,YNL154C,0,-4.681922,0.12303395569324493,0.9721254110336304,0.6929152011871338
YIR022W,YGR024C,0,-4.682056,0.1230158731341362,0.9721254110336304,0.693031370639801
YDR273W,YML049C,0,-4.6823273,0.12299779802560806,0.9721254110336304,0.6931474804878235
YLR355C,YBR083W,0,-4.682338,0.12297972291707993,0.9721254110336304,0.6932636499404907
YBR068C,YGL238W,0,-4.6824956,0.12296165525913239,0.9721254110336304,0.693379819393158
YBR295W,YGR038C-B,0,-4.68255,0.12294359505176544,0.9721254110336304,0.6934959292411804
YHR019C,YNL323W,0,-4.6826844,0.1229255422949791,0.9721254110336304,0.6936120986938477
YML008C,YLR166C,0,-4.683112,0.12290748953819275,0.9721254110336304,0.6937282085418701
YCR028C,YIL063C,0,-4.6835847,0.122889444231987,0.9721254110336304,0.6938443779945374
YGR097W,YIR022W,0,-4.6837063,0.12287140637636185,0.9721254110336304,0.6939604878425598
YOR210W,YNL054W-A,0,-4.6839776,0.1228533685207367,0.9721254110336304,0.694076657295227
YIL120W,YGR285C,0,-4.6840296,0.12283533811569214,0.9721254110336304,0.6941928267478943
YDL117W,YDR365W-B,0,-4.6849685,0.12281731516122818,0.9721254110336304,0.6943089365959167
YNL339C,YJR027W,0,-4.685063,0.12279929220676422,0.9721254110336304,0.694425106048584
YDR456W,YJL052W,0,-4.6855707,0.12278128415346146,0.9721254110336304,0.6945412158966064
YHR169W,YPL248C,0,-4.686629,0.12276327610015869,0.9721254110336304,0.6946573853492737
YJL203W,YBR127C,0,-4.6867547,0.12274526804685593,0.9721254110336304,0.6947734951972961
YGR041W,YBR160W,0,-4.687022,0.12272727489471436,0.9721254110336304,0.6948896646499634
YPL096C-A,YCR080W,0,-4.6871552,0.12270928174257278,0.9721254110336304,0.6950058341026306
YDR345C,YLL019C,0,-4.6873126,0.12269129604101181,0.9721254110336304,0.6951219439506531
YPR165W,YJR045C,0,-4.6873574,0.12267331033945084,0.9721254110336304,0.6952381134033203
YGR010W,YDR365W-B,0,-4.6874175,0.12265533208847046,0.9721254110336304,0.6953542232513428
YDR432W,YJR110W,0,-4.6875105,0.12263736128807068,0.9721254110336304,0.69547039270401
YBL093C,YDR131C,0,-4.687655,0.1226193979382515,0.9721254110336304,0.6955865025520325
YJL025W,YPR158W-A,0,-4.687732,0.12260143458843231,0.9721254110336304,0.6957026720046997
YOL049W,YGR132C,0,-4.68875,0.12258347868919373,0.9721254110336304,0.6958188414573669
YGL068W,YJR028W,0,-4.688788,0.12256553024053574,0.9721254110336304,0.6959349513053894
YNL186W,YML097C,0,-4.6888866,0.12254758179187775,0.9721254110336304,0.6960511207580566
YBR068C,YPR082C,0,-4.6889653,0.12252964079380035,0.9721254110336304,0.6961672306060791
YDL128W,YDR098C-A,0,-4.689162,0.12251170724630356,0.9721254110336304,0.6962834000587463
YDL140C,YOR344C,0,-4.6892743,0.12249378114938736,0.9721254110336304,0.6963995099067688
YKL122C,YCL019W,0,-4.68928,0.12247585505247116,0.9721254110336304,0.696515679359436
YBR210W,YJR028W,0,-4.6892896,0.12245793640613556,0.9721254110336304,0.6966318488121033
YDR174W,YIL063C,0,-4.689442,0.12244002521038055,0.9721254110336304,0.6967479586601257
YPR095C,YHR138C,0,-4.689654,0.12242211401462555,0.9721254110336304,0.696864128112793
YFL048C,YDR372C,0,-4.689854,0.12240421026945114,0.9721254110336304,0.6969802379608154
YDR301W,YNL280C,0,-4.6905603,0.12238631397485733,0.9721254110336304,0.6970964074134827
YML120C,YLR135W,0,-4.690728,0.12236841768026352,0.9721254110336304,0.6972125172615051
YDL142C,YMR069W,0,-4.6907773,0.1223505362868309,0.9721254110336304,0.6973286867141724
YNR010W,YNL054W-A,0,-4.691209,0.12233265489339828,0.9721254110336304,0.6974448561668396
YBR089C-A,YOR064C,0,-4.691547,0.12231477349996567,0.9721254110336304,0.6975609660148621
YLL018C-A,YOL127W,0,-4.692054,0.12229689955711365,0.9721254110336304,0.6976771354675293
YMR150C,YNL147W,0,-4.6920633,0.12227903306484222,0.9721254110336304,0.6977932453155518
YNL039W,YHR001W-A,0,-4.692078,0.1222611740231514,0.9721254110336304,0.697909414768219
YER167W,YGL068W,0,-4.6921153,0.12224331498146057,0.9721254110336304,0.6980255246162415
YLR081W,YGL062W,0,-4.6922307,0.12222547084093094,0.9721254110336304,0.6981416940689087
YOR079C,YDL140C,0,-4.6928782,0.12220761924982071,0.9721254110336304,0.6982578635215759
YLR394W,YER117W,0,-4.6929812,0.12218978255987167,0.9721254110336304,0.6983739733695984
YMR150C,YOL105C,0,-4.693088,0.12217194586992264,0.9721254110336304,0.6984901428222656
YER117W,YHR138C,0,-4.6938033,0.1221541166305542,0.9721254110336304,0.6986062526702881
YMR001C,YML073C,0,-4.6938972,0.12213628739118576,0.9721254110336304,0.6987224221229553
YKR066C,YBR083W,0,-4.694028,0.12211847305297852,0.9721254110336304,0.6988385319709778
YDR191W,YJR070C,0,-4.694059,0.12210065871477127,0.9721254110336304,0.698954701423645
YOL013C,YML103C,0,-4.694078,0.12208284437656403,0.9721254110336304,0.6990708708763123
YBR160W,YHR150W,0,-4.694179,0.12206504493951797,0.9721254110336304,0.6991869807243347
YPR188C,YNL044W,0,-4.694215,0.12204724550247192,0.9721254110336304,0.699303150177002
YNL026W,YDR365W-B,0,-4.6944547,0.12202945351600647,0.9721254110336304,0.6994192600250244
YML058W-A,YLR166C,0,-4.6944766,0.12201166152954102,0.9721254110336304,0.6995354294776917
YOL122C,YDR316W-B,0,-4.694534,0.12199387699365616,0.9721254110336304,0.6996515393257141
YBR192W,YLR240W,0,-4.694588,0.1219760999083519,0.9721254110336304,0.6997677087783813
YIR033W,YCL043C,0,-4.694656,0.12195833027362823,0.9721254110336304,0.6998838782310486
YNL088W,YBR127C,0,-4.694732,0.12194056063890457,0.9721254110336304,0.699999988079071
YCR044C,YER159C-A,0,-4.6947923,0.1219227984547615,0.9721254110336304,0.7001161575317383
YLR160C,YJL128C,0,-4.695009,0.12190503627061844,0.9721254110336304,0.7002322673797607
YOL108C,YOR344C,0,-4.695127,0.12188728898763657,0.9721254110336304,0.700348436832428
YBR164C,YIL120W,0,-4.695332,0.1218695417046547,0.9721254110336304,0.7004645466804504
YHR158C,YCR062W,0,-4.6955,0.12185179442167282,0.9721254110336304,0.7005807161331177
YIL036W,YIL120W,0,-4.6955056,0.12183406203985214,0.9721254110336304,0.7006968855857849
YBR164C,YDL217C,0,-4.695782,0.12181632965803146,0.9721254110336304,0.7008129954338074
YDL181W,YOL103W-A,0,-4.695883,0.12179860472679138,0.9721254110336304,0.7009291648864746
YCR080W,YBR083W,0,-4.6958942,0.1217808797955513,0.9721254110336304,0.7010452747344971
YLR110C,YGR211W,0,-4.6960387,0.12176316231489182,0.9721254110336304,0.7011614441871643
YNL281W,YDR098C-A,0,-4.6962266,0.12174545228481293,0.9721254110336304,0.7012776136398315
YDR214W,YML098W,0,-4.6964345,0.12172774970531464,0.9721254110336304,0.701393723487854
YPL106C,YLR256W-A,0,-4.696751,0.12171004712581635,0.9721254110336304,0.7015098929405212
YNL280C,YOR123C,0,-4.697007,0.12169235199689865,0.9721254110336304,0.7016260027885437
YMR225C,YDR316W-B,0,-4.697311,0.12167466431856155,0.9721254110336304,0.7017421722412109
YJL021C,YHR169W,0,-4.6978445,0.12165697664022446,0.9721254110336304,0.7018582820892334
YFL023W,YOL038W,0,-4.697966,0.12163929641246796,0.9721254110336304,0.7019744515419006
YIL022W,YLR467W,0,-4.698074,0.12162162363529205,0.9721254110336304,0.7020906209945679
YOR377W,YER072W,0,-4.698144,0.12160395085811615,0.9721254110336304,0.7022067308425903
YMR283C,YGR192C,0,-4.698312,0.12158628553152084,0.9721254110336304,0.7023229002952576
YJL111W,YJL183W,0,-4.6984963,0.12156862765550613,0.9721254110336304,0.70243901014328
YBR059C,YAL016W,0,-4.698579,0.12155096977949142,0.9721254110336304,0.7025551795959473
YLR007W,YHR099W,1,-4.69886,0.12167852371931076,0.9732868671417236,0.7025551795959473
YKL150W,YJL072C,0,-4.6989045,0.12166085839271545,0.9732868671417236,0.7026712894439697
YJL010C,YCR080W,0,-4.6990066,0.12164320051670074,0.9732868671417236,0.702787458896637
YNR075W,YGL142C,0,-4.699146,0.12162554264068604,0.9732868671417236,0.7029036283493042
YJR091C,YLR455W,0,-4.699241,0.12160789221525192,0.9732868671417236,0.7030197381973267
YNL307C,YMR106C,1,-4.699447,0.1217353418469429,0.9744483232498169,0.7030197381973267
YMR047C,YOR142W-B,0,-4.6994834,0.12171768397092819,0.9744483232498169,0.7031359076499939
YFL048C,YLR467W,0,-4.699531,0.12170002609491348,0.9744483232498169,0.7032520174980164
YHR174W,YOR036W,0,-4.699636,0.12168237566947937,0.9744483232498169,0.7033681869506836
YHR193C,YBL058W,0,-4.69979,0.12166473269462585,0.9744483232498169,0.703484296798706
YOL127W,YLR026C,0,-4.6999,0.12164708971977234,0.9744483232498169,0.7036004662513733
YPR138C,YOR272W,0,-4.70003,0.12162945419549942,0.9744483232498169,0.7037166357040405
YKL139W,YOR142W-B,0,-4.700396,0.1216118261218071,0.9744483232498169,0.703832745552063
YCR072C,YCR084C,0,-4.700618,0.12159420549869537,0.9744483232498169,0.7039489150047302
YFL010W-A,YMR076C,0,-4.700717,0.12157658487558365,0.9744483232498169,0.7040650248527527
YNL302C,YMR270C,0,-4.7007203,0.12155897170305252,0.9744483232498169,0.7041811943054199
YOL002C,YNL070W,0,-4.700766,0.12154135853052139,0.9744483232498169,0.7042973041534424
YKL005C,YER072W,0,-4.7012887,0.12152375280857086,0.9744483232498169,0.7044134736061096
YOL077W-A,YDL109C,0,-4.7013535,0.12150615453720093,0.9744483232498169,0.7045296430587769
YDR009W,YGL037C,0,-4.701387,0.12148856371641159,0.9744483232498169,0.7046457529067993
YER028C,YDR086C,0,-4.7017198,0.12147097289562225,0.9744483232498169,0.7047619223594666
YLL018C-A,YGR063C,0,-4.7017226,0.12145338952541351,0.9744483232498169,0.704878032207489
YNL270C,YNL026W,0,-4.7018113,0.12143580615520477,0.9744483232498169,0.7049942016601562
YGR041W,YJR045C,0,-4.7022214,0.12141823768615723,0.9744483232498169,0.7051103115081787
YOR106W,YDR210C-C,0,-4.7025466,0.12140066921710968,0.9744483232498169,0.705226480960846
YNR002C,YIL106W,0,-4.702657,0.12138310074806213,0.9744483232498169,0.7053426504135132
YEL037C,YOR346W,1,-4.7027507,0.12151020020246506,0.9756097793579102,0.7053426504135132
YMR011W,YDR478W,0,-4.7027745,0.12149262428283691,0.9756097793579102,0.7054587602615356
YHR181W,YGR054W,0,-4.7031093,0.12147505581378937,0.9756097793579102,0.7055749297142029
YOL127W,YLR147C,0,-4.7032905,0.12145748734474182,0.9756097793579102,0.7056910395622253
YKL011C,YIR041W,0,-4.703345,0.12143993377685547,0.9756097793579102,0.7058072090148926
YKL195W,YML039W,0,-4.703389,0.12142237275838852,0.9756097793579102,0.705923318862915
YAL042W,YMR216C,0,-4.7033925,0.12140482664108276,0.9756097793579102,0.7060394883155823
YDL140C,YDL109C,0,-4.7035184,0.12138728052377701,0.9756097793579102,0.7061556577682495
YDL143W,YDL140C,0,-4.7035933,0.12136974185705185,0.9756097793579102,0.706271767616272
YDR453C,YJL154C,0,-4.703631,0.12135221064090729,0.9756097793579102,0.7063879370689392
YOR239W,YPR155C,0,-4.7038665,0.12133467942476273,0.9756097793579102,0.7065040469169617
YDL200C,YGR258C,1,-4.7038674,0.12146158516407013,0.9767711758613586,0.7065040469169617
YPR020W,YDR131C,0,-4.7045207,0.12144404649734497,0.9767711758613586,0.7066202163696289
YDR116C,YDL140C,0,-4.704667,0.12142650783061981,0.9767711758613586,0.7067363262176514
YMR047C,YIL123W,0,-4.705025,0.12140897661447525,0.9767711758613586,0.7068524956703186
YNR010W,YDR273W,0,-4.7051563,0.12139145284891129,0.9767711758613586,0.7069686651229858
YJL021C,YMR296C,0,-4.705459,0.12137393653392792,0.9767711758613586,0.7070847749710083
YAL007C,YLR240W,0,-4.7058144,0.12135642021894455,0.9767711758613586,0.7072009444236755
YLR008C,YOR142W-B,0,-4.7059426,0.12133891135454178,0.9767711758613586,0.707317054271698
YML032C,YMR284W,1,-4.7062216,0.12146566808223724,0.9779326319694519,0.707317054271698
YOR340C,YNL070W,0,-4.7064185,0.12144814431667328,0.9779326319694519,0.7074332237243652
YHR005C,YDR210C-C,0,-4.7070317,0.12143062800168991,0.9779326319694519,0.7075493335723877
YOR034C,YAL016W,0,-4.7072296,0.12141311913728714,0.9779326319694519,0.7076655030250549
YIR005W,YDR365W-B,0,-4.7073674,0.12139561772346497,0.9779326319694519,0.7077816724777222
YDR174W,YHR042W,0,-4.707376,0.12137811630964279,0.9779326319694519,0.7078977823257446
YOR346W,YNL312W,1,-4.7074914,0.1215047538280487,0.9790940880775452,0.7078977823257446
YDR478W,YJR027W,0,-4.7076445,0.12148724496364594,0.9790940880775452,0.7080139517784119
YPL268W,YER159C-A,0,-4.7078876,0.12146974354982376,0.9790940880775452,0.7081300616264343
YNL026W,YPL210C,0,-4.707892,0.12145224213600159,0.9790940880775452,0.7082462310791016
YPR188C,YDR341C,0,-4.7082024,0.12143474817276001,0.9790940880775452,0.708362340927124
YBR024W,YDR365W-B,0,-4.7083144,0.12141725420951843,0.9790940880775452,0.7084785103797913
YBR192W,YBR105C,0,-4.7086716,0.12139976769685745,0.9790940880775452,0.7085946798324585
YFR031C,YCR062W,0,-4.7088504,0.12138228863477707,0.9790940880775452,0.708710789680481
YNL149C,YDL230W,0,-4.7091675,0.12136481702327728,0.9790940880775452,0.7088269591331482
YBR024W,YAL016W,0,-4.709272,0.1213473454117775,0.9790940880775452,0.7089430689811707
YER035W,YFL041W,0,-4.7093186,0.1213298812508583,0.9790940880775452,0.7090592384338379
YIR041W,YGR038C-A,0,-4.7094436,0.12131241708993912,0.9790940880775452,0.7091753482818604
YGL155W,YEL027W,0,-4.7099133,0.12129496037960052,0.9790940880775452,0.7092915177345276
YOL126C,YOR254C,0,-4.709978,0.12127751111984253,0.9790940880775452,0.7094076871871948
YLL061W,YJR074W,0,-4.7101445,0.12126006931066513,0.9790940880775452,0.7095237970352173
YHL036W,YBR256C,0,-4.710424,0.12124262750148773,0.9790940880775452,0.7096399664878845
YDR040C,YDR116C,0,-4.7107553,0.12122519314289093,0.9790940880775452,0.709756076335907
YDR456W,YER159C-A,0,-4.7107663,0.12120776623487473,0.9790940880775452,0.7098722457885742
YFR013W,YBR105C,0,-4.711112,0.12119033932685852,0.9790940880775452,0.7099884152412415
YPL146C,YDL128W,0,-4.711214,0.12117291986942291,0.9790940880775452,0.7101045250892639
YOR002W,YKR066C,0,-4.711572,0.1211555078625679,0.9790940880775452,0.7102206945419312
YDL003W,YKL165C,0,-4.711893,0.12113809585571289,0.9790940880775452,0.7103368043899536
YDR009W,YDR345C,0,-4.711936,0.12112069129943848,0.9790940880775452,0.7104529738426208
YGL030W,YIL030C,0,-4.711949,0.12110328674316406,0.9790940880775452,0.7105690836906433
YFR029W,YHR138C,0,-4.7128873,0.12108589708805084,0.9790940880775452,0.7106852531433105
YFR031C,YJR045C,0,-4.713059,0.12106850743293762,0.9790940880775452,0.7108014225959778
YAL044C,YPL234C,0,-4.7134,0.1210511177778244,0.9790940880775452,0.7109175324440002
YLR026C,YER159C-A,0,-4.713655,0.12103374302387238,0.9790940880775452,0.7110337018966675
YGR284C,YPR104C,0,-4.7139726,0.12101636826992035,0.9790940880775452,0.7111498117446899
YDR328C,YOR287C,0,-4.7140126,0.12099899351596832,0.9790940880775452,0.7112659811973572
YDR009W,YKL029C,0,-4.7140765,0.12098163366317749,0.9790940880775452,0.7113820910453796
YER070W,YKL080W,0,-4.714168,0.12096427381038666,0.9790940880775452,0.7114982604980469
YLR195C,YER138C,0,-4.7142997,0.12094691395759583,0.9790940880775452,0.7116144299507141
YMR047C,YPR158W-A,0,-4.7143264,0.12092956900596619,0.9790940880775452,0.7117305397987366
YLR215C,YLR008C,0,-4.714724,0.12091221660375595,0.9790940880775452,0.7118467092514038
YFR013W,YGR038C-B,0,-4.7152953,0.12089487910270691,0.9790940880775452,0.7119628190994263
YPL210C,YEL004W,0,-4.7153835,0.12087754160165787,0.9790940880775452,0.7120789885520935
YGR041W,YKL160W,0,-4.715745,0.12086021155118942,0.9790940880775452,0.712195098400116
YBR068C,YOR087W,0,-4.715974,0.12084288895130157,0.9790940880775452,0.7123112678527832
YBR283C,YGR038C-B,0,-4.716042,0.12082556635141373,0.9790940880775452,0.7124274373054504
YNR075W,YLR147C,0,-4.7163634,0.12080825120210648,0.9790940880775452,0.7125435471534729
YJR070C,YER005W,0,-4.7167053,0.12079094350337982,0.9790940880775452,0.7126597166061401
YEL016C,YGL030W,0,-4.7168765,0.12077363580465317,0.9790940880775452,0.7127758264541626
YKL220C,YGL008C,0,-4.71693,0.12075633555650711,0.9790940880775452,0.7128919959068298
YPL171C,YPL253C,0,-4.7169642,0.12073904275894165,0.9790940880775452,0.7130081057548523
YCL026C-A,YDR456W,0,-4.7173753,0.12072174996137619,0.9790940880775452,0.7131242752075195
YLR110C,YGR186W,0,-4.717489,0.12070446461439133,0.9790940880775452,0.7132404446601868
YER164W,YDR388W,0,-4.717665,0.12068718671798706,0.9790940880775452,0.7133565545082092
YKL165C,YER072W,0,-4.717723,0.1206699088215828,0.9790940880775452,0.7134727239608765
YML012W,YLR346C,0,-4.7178893,0.12065263837575912,0.9790940880775452,0.7135888338088989
YHR174W,YMR225C,0,-4.717933,0.12063537538051605,0.9790940880775452,0.7137050032615662
YML132W,YDL036C,0,-4.7181563,0.12061811238527298,0.9790940880775452,0.7138211131095886
YML032C,YLR005W,1,-4.718236,0.12074392288923264,0.9802555441856384,0.7138211131095886
YKL029C,YHR073W,0,-4.7182894,0.12072664499282837,0.9802555441856384,0.7139372825622559
YDL143W,YBR256C,0,-4.7183394,0.1207093819975853,0.9802555441856384,0.7140534520149231
YOL077W-A,YOL103W-A,0,-4.7184987,0.12069211900234222,0.9802555441856384,0.7141695618629456
YDR298C,YCR053W,0,-4.7185373,0.12067486345767975,0.9802555441856384,0.7142857313156128
YLR166C,YPL026C,0,-4.718613,0.12065761536359787,0.9802555441856384,0.7144018411636353
YDL145C,YJL010C,0,-4.7186627,0.12064036726951599,0.9802555441856384,0.7145180106163025
YCR048W,YML080W,0,-4.7188544,0.12062312662601471,0.9802555441856384,0.714634120464325
YIL123W,YPL210C,0,-4.7190175,0.12060588598251343,0.9802555441856384,0.7147502899169922
YKL195W,YNL054W-A,0,-4.719045,0.12058865278959274,0.9802555441856384,0.7148664593696594
YKL112W,YOR346W,1,-4.7191625,0.12071428447961807,0.9814169406890869,0.7148664593696594
YGR284C,YGL143C,0,-4.719808,0.12069704383611679,0.9814169406890869,0.7149825692176819
YAL054C,YML058W-A,0,-4.719852,0.12067980319261551,0.9814169406890869,0.7150987386703491
YGR024C,YNL241C,0,-4.720081,0.12066256999969482,0.9814169406890869,0.7152148485183716
YEL027W,YDR098C-A,0,-4.720231,0.12064534425735474,0.9814169406890869,0.7153310179710388
YDL175C,YJR150C,0,-4.720753,0.12062812596559525,0.9814169406890869,0.7154471278190613
YML098W,YDR210C-C,0,-4.7208533,0.12061090767383575,0.9814169406890869,0.7155632972717285
YDL098C,YOR142W-B,0,-4.7212477,0.12059368938207626,0.9814169406890869,0.7156794667243958
YFL011W,YMR214W,0,-4.7214003,0.12057648599147797,0.9814169406890869,0.7157955765724182
YJL128C,YDR083W,0,-4.721568,0.12055928260087967,0.9814169406890869,0.7159117460250854
YFL010W-A,YDR122W,0,-4.7221932,0.12054207921028137,0.9814169406890869,0.7160278558731079
YOR180C,YGR038C-A,0,-4.7223144,0.12052489072084427,0.9814169406890869,0.7161440253257751
YJR092W,YER117W,0,-4.7223477,0.12050770223140717,0.9814169406890869,0.7162601351737976
YGR177C,YJL006C,0,-4.7224574,0.12049052119255066,0.9814169406890869,0.7163763046264648
YGR010W,YDL128W,0,-4.7228317,0.12047334015369415,0.9814169406890869,0.7164924740791321
YGL030W,YLR193C,0,-4.72297,0.12045616656541824,0.9814169406890869,0.7166085839271545
YKR066C,YKR059W,0,-4.7231812,0.12043899297714233,0.9814169406890869,0.7167247533798218
YHR193C,YIR033W,0,-4.723333,0.12042183429002762,0.9814169406890869,0.7168408632278442
YMR073C,YDR210C-C,0,-4.723355,0.1204046756029129,0.9814169406890869,0.7169570326805115
YDR046C,YNL288W,0,-4.7234206,0.12038751691579819,0.9814169406890869,0.7170731425285339
YDR013W,YDR210C-C,0,-4.7234483,0.12037037312984467,0.9814169406890869,0.7171893119812012
YOL126C,YML093W,0,-4.7235446,0.12035322934389114,0.9814169406890869,0.7173054814338684
YER142C,YMR106C,1,-4.723829,0.12047849595546722,0.9825783967971802,0.7173054814338684
YOL133W,YKL086W,0,-4.724219,0.1204613447189331,0.9825783967971802,0.7174215912818909
YDL087C,YGR211W,0,-4.7243323,0.12044419348239899,0.9825783967971802,0.7175377607345581
YPR094W,YKL166C,0,-4.7248883,0.12042704969644547,0.9825783967971802,0.7176538705825806
YBR129C,YLR256W-A,0,-4.7252545,0.12040990591049194,0.9825783967971802,0.7177700400352478
YMR011W,YOR064C,0,-4.725304,0.12039276957511902,0.9825783967971802,0.7178861498832703
YOR340C,YDL195W,0,-4.72531,0.12037564069032669,0.9825783967971802,0.7180023193359375
YPL082C,YER165W,0,-4.725347,0.12035851180553436,0.9825783967971802,0.7181184887886047
YPL190C,YGR063C,0,-4.725386,0.12034139037132263,0.9825783967971802,0.7182345986366272
YKL101W,YPL171C,0,-4.7254386,0.1203242763876915,0.9825783967971802,0.7183507680892944
YKL191W,YBL102W,0,-4.7258754,0.12030716985464096,0.9825783967971802,0.7184668779373169
YBL105C,YER070W,0,-4.7260947,0.12029006332159042,0.9825783967971802,0.7185830473899841
YPR070W,YLR410W-B,0,-4.7261243,0.12027295678853989,0.9825783967971802,0.7186991572380066
YBL016W,YML039W,0,-4.726233,0.12025586515665054,0.9825783967971802,0.7188153266906738
YOR034C,YMR089C,0,-4.726842,0.1202387735247612,0.9825783967971802,0.7189314961433411
YKR066C,YML014W,0,-4.727089,0.12022168189287186,0.9825783967971802,0.7190476059913635
YFL011W,YJL034W,0,-4.727117,0.12020460516214371,0.9825783967971802,0.7191637754440308
YBR185C,YGR054W,0,-4.7271447,0.12018752843141556,0.9825783967971802,0.7192798852920532
YAL043C,YPR165W,0,-4.7272353,0.12017045170068741,0.9825783967971802,0.7193960547447205
YBR155W,YER159C-A,0,-4.727498,0.12015338987112045,0.9825783967971802,0.7195122241973877
YCR080W,YGR024C,0,-4.72752,0.1201363280415535,0.9825783967971802,0.7196283340454102
YLR133W,YGR155W,0,-4.7278275,0.12011926621198654,0.9825783967971802,0.7197445034980774
YLR078C,YPL033C,0,-4.7279325,0.12010221183300018,0.9825783967971802,0.7198606133460999
YCR028C,YBR283C,0,-4.7279735,0.12008516490459442,0.9825783967971802,0.7199767827987671
YLR160C,YOL129W,0,-4.727983,0.12006812542676926,0.9825783967971802,0.7200928926467896
YAL042W,YOL045W,0,-4.7281404,0.12005108594894409,0.9825783967971802,0.7202090620994568
YDR086C,YCR053W,0,-4.728339,0.12003405392169952,0.9825783967971802,0.720325231552124
YLR384C,YDR122W,0,-4.7285433,0.12001702189445496,0.9825783967971802,0.7204413414001465
YJR027W,YNL054W-A,0,-4.7286077,0.11999999731779099,0.9825783967971802,0.7205575108528137
YOR180C,YFL004W,0,-4.7290325,0.11998298019170761,0.9825783967971802,0.7206736207008362
YHR174W,YLR384C,0,-4.7290406,0.11996597051620483,0.9825783967971802,0.7207897901535034
YIR033W,YHL009C,0,-4.7291255,0.11994896084070206,0.9825783967971802,0.7209059000015259
YOL013C,YNL054W-A,0,-4.7296004,0.11993195116519928,0.9825783967971802,0.7210220694541931
YPL082C,YCR083W,0,-4.729742,0.1199149563908577,0.9825783967971802,0.7211382389068604
YER167W,YOR307C,0,-4.7305493,0.11989796161651611,0.9825783967971802,0.7212543487548828
YKL160W,YDL170W,0,-4.7307453,0.11988096684217453,0.9825783967971802,0.72137051820755
YDR318W,YDR316W-B,0,-4.731188,0.11986398696899414,0.9825783967971802,0.7214866280555725
YIL117C,YER031C,0,-4.731289,0.11984700709581375,0.9825783967971802,0.7216027975082397
YKL165C,YML014W,0,-4.731548,0.11983002722263336,0.9825783967971802,0.7217189073562622
YDR142C,YOR142W-B,0,-4.7317214,0.11981305480003357,0.9825783967971802,0.7218350768089294
YOL130W,YJL183W,0,-4.731733,0.11979608982801437,0.9825783967971802,0.7219512462615967
YHR084W,YLR410W-B,0,-4.731812,0.11977913230657578,0.9825783967971802,0.7220673561096191
YGL013C,YOR142W-B,0,-4.7321,0.11976217478513718,0.9825783967971802,0.7221835255622864
YOL103W-A,YPL033C,0,-4.7326636,0.11974522471427917,0.9825783967971802,0.7222996354103088
YPR070W,YER159C-A,0,-4.732743,0.11972827464342117,0.9825783967971802,0.7224158048629761
YPL188W,YKL079W,0,-4.7327437,0.11971133202314377,0.9825783967971802,0.7225319147109985
YLR116W,YNL131W,0,-4.7328515,0.11969439685344696,0.9825783967971802,0.7226480841636658
YHR001W-A,YDR365W-B,0,-4.732964,0.11967746168375015,0.9825783967971802,0.722764253616333
YOL105C,YOR142W-B,0,-4.7329783,0.11966053396463394,0.9825783967971802,0.7228803634643555
YMR301C,YEL060C,0,-4.7330375,0.11964361369609833,0.9825783967971802,0.7229965329170227
YER003C,YGL011C,0,-4.73363,0.11962669342756271,0.9825783967971802,0.7231126427650452
YPL242C,YGR180C,0,-4.7340713,0.1196097806096077,0.9825783967971802,0.7232288122177124
YBL033C,YLR256W-A,0,-4.7343745,0.11959287524223328,0.9825783967971802,0.7233449220657349
YIL123W,YHR041C,0,-4.7344356,0.11957596987485886,0.9825783967971802,0.7234610915184021
YKL085W,YOL105C,0,-4.7345266,0.11955907195806503,0.9825783967971802,0.7235772609710693
YML012W,YGR038C-B,0,-4.7350698,0.1195421814918518,0.9825783967971802,0.7236933708190918
YER088C,YPR158W-A,0,-4.735222,0.11952529102563858,0.9825783967971802,0.723809540271759
YHR041C,YOR172W,0,-4.7353272,0.11950840801000595,0.9825783967971802,0.7239256501197815
YIL118W,YJR010C-A,0,-4.735575,0.11949152499437332,0.9825783967971802,0.7240418195724487
YDL098C,YER159C-A,0,-4.7356467,0.11947464942932129,0.9825783967971802,0.7241579294204712
YNL288W,YOL103W-A,0,-4.7356935,0.11945778131484985,0.9825783967971802,0.7242740988731384
YJL203W,YER031C,0,-4.7357683,0.11944091320037842,0.9825783967971802,0.7243902683258057
YOL164W,YDR009W,0,-4.7358603,0.11942405253648758,0.9825783967971802,0.7245063781738281
YGR088W,YOR307C,0,-4.736709,0.11940719932317734,0.9825783967971802,0.7246225476264954
YDL230W,YNL088W,0,-4.736998,0.1193903461098671,0.9825783967971802,0.7247386574745178
YMR153W,YGR038C-A,0,-4.737249,0.11937350034713745,0.9825783967971802,0.7248548269271851
YGL155W,YPL026C,0,-4.7373443,0.1193566620349884,0.9825783967971802,0.7249709367752075
YMR029C,YOL103W-A,0,-4.737536,0.11933982372283936,0.9825783967971802,0.7250871062278748
YNL030W,YJL102W,0,-4.7375665,0.1193229928612709,0.9825783967971802,0.725203275680542
YBR240C,YPR158W-A,0,-4.737608,0.11930616199970245,0.9825783967971802,0.7253193855285645
YKL139W,YER159C-A,0,-4.738011,0.1192893385887146,0.9825783967971802,0.7254355549812317
YBL093C,YNL054W-A,0,-4.738052,0.11927252262830734,0.9825783967971802,0.7255516648292542
YLR157C,YHR171W,0,-4.7383084,0.11925570666790009,0.9825783967971802,0.7256678342819214
YOR260W,YPR182W,0,-4.7390304,0.11923889815807343,0.9825783967971802,0.7257839441299438
YDR214W,YHR158C,0,-4.739348,0.11922209709882736,0.9825783967971802,0.7259001135826111
YCL014W,YDL014W,0,-4.73962,0.1192052960395813,0.9825783967971802,0.7260162830352783
YDR142C,YDR453C,0,-4.739697,0.11918850243091583,0.9825783967971802,0.7261323928833008
YDL145C,YML132W,0,-4.7397943,0.11917171627283096,0.9825783967971802,0.726248562335968
YML129C,YIL056W,0,-4.740004,0.1191549301147461,0.9825783967971802,0.7263646721839905
YHR005C,YGL013C,0,-4.740089,0.11913815140724182,0.9825783967971802,0.7264808416366577
YIL131C,YHR194W,0,-4.7401834,0.11912137269973755,0.9825783967971802,0.7265969514846802
YPR082C,YGR038C-A,0,-4.7402406,0.11910460144281387,0.9825783967971802,0.7267131209373474
YGL238W,YDR098C-A,0,-4.7403226,0.1190878376364708,0.9825783967971802,0.7268292903900146
YDR189W,YEL041W,0,-4.740331,0.11907107383012772,0.9825783967971802,0.7269454002380371
YOR241W,YLR256W-A,0,-4.740486,0.11905431747436523,0.9825783967971802,0.7270615696907043
YFR030W,YKR008W,0,-4.7411113,0.11903756856918335,0.9825783967971802,0.7271776795387268
YBR065C,YBR256C,0,-4.741278,0.11902081966400146,0.9825783967971802,0.727293848991394
YDL225W,YMR175W,0,-4.7414484,0.11900407820940018,0.9825783967971802,0.7274099588394165
YDL079C,YER159C-A,0,-4.7416472,0.11898734420537949,0.9825783967971802,0.7275261282920837
YER001W,YGL229C,0,-4.741663,0.1189706102013588,0.9825783967971802,0.727642297744751
YDR098C,YGR038C-A,0,-4.741783,0.1189538836479187,0.9825783967971802,0.7277584075927734
YML073C,YDR210C-C,0,-4.741822,0.11893715709447861,0.9825783967971802,0.7278745770454407
YBL009W,YDR098C-A,0,-4.7419767,0.11892043799161911,0.9825783967971802,0.7279906868934631
YNL020C,YDR316W-B,0,-4.7419963,0.11890372633934021,0.9825783967971802,0.7281068563461304
YGL006W,YML097C,0,-4.7421875,0.11888701468706131,0.9825783967971802,0.7282230257987976
YHR034C,YLR256W-A,0,-4.742209,0.118870310485363,0.9825783967971802,0.7283391356468201
YHR158C,YGR038C-B,0,-4.742432,0.1188536137342453,0.9825783967971802,0.7284553050994873
YNL274C,YMR109W,0,-4.742914,0.1188369169831276,0.9825783967971802,0.7285714149475098
YGL092W,YOL031C,0,-4.7429247,0.11882022768259048,0.9825783967971802,0.728687584400177
YER072W,YOL105C,0,-4.743057,0.11880353838205338,0.9825783967971802,0.7288036942481995
YKL021C,YNL131W,0,-4.743179,0.11878685653209686,0.9825783967971802,0.7289198637008667
YGR222W,YJL108C,0,-4.743524,0.11877018213272095,0.9825783967971802,0.7290360331535339
YPR188C,YLR034C,0,-4.743526,0.11875350773334503,0.9825783967971802,0.7291521430015564
YML132W,YER088C,0,-4.743542,0.11873684078454971,0.9825783967971802,0.7292683124542236
YPR070W,YAL016W,0,-4.743556,0.11872018128633499,0.9825783967971802,0.7293844223022461
YJR091C,YHR161C,0,-4.743654,0.11870352178812027,0.9825783967971802,0.7295005917549133
YPL188W,YKR086W,0,-4.7436986,0.11868686974048615,0.9825783967971802,0.7296167016029358
YJR150C,YLR259C,0,-4.744,0.11867021769285202,0.9825783967971802,0.729732871055603
YGL142C,YML093W,0,-4.7442117,0.11865357309579849,0.9825783967971802,0.7298490405082703
YOR179C,YDR365W-B,0,-4.7442546,0.11863693594932556,0.9825783967971802,0.7299651503562927
YNL027W,YPL188W,0,-4.7443166,0.11862030625343323,0.9825783967971802,0.73008131980896
YMR296C,YPL060W,0,-4.7444377,0.1186036765575409,0.9825783967971802,0.7301974296569824
YBR192W,YLR256W-A,0,-4.7446256,0.11858704686164856,0.9825783967971802,0.7303135991096497
YER003C,YGR038C-B,0,-4.7446866,0.11857042461633682,0.9825783967971802,0.7304297089576721
YER164W,YHR169W,0,-4.74513,0.11855380982160568,0.9825783967971802,0.7305458784103394
YBR010W,YDR131C,0,-4.745171,0.11853720247745514,0.9825783967971802,0.7306620478630066
YLR010C,YPR158W-A,0,-4.745725,0.1185205951333046,0.9825783967971802,0.730778157711029
YLR425W,YGR038C-B,0,-4.746034,0.11850399523973465,0.9825783967971802,0.7308943271636963
YMR201C,YMR284W,1,-4.746116,0.11862745136022568,0.9837398529052734,0.7308943271636963
YJL203W,YLR256W-A,0,-4.746269,0.11861083656549454,0.9837398529052734,0.7310104370117188
YGR261C,YDR365W-B,0,-4.7464643,0.118594229221344,0.9837398529052734,0.731126606464386
YLL061W,YML073C,0,-4.746535,0.11857762932777405,0.9837398529052734,0.7312427163124084
YAL022C,YDR365W-B,0,-4.7465863,0.1185610294342041,0.9837398529052734,0.7313588857650757
YDL013W,YOL129W,0,-4.7466187,0.11854443699121475,0.9837398529052734,0.7314750552177429
YDL154W,YOL103W-A,0,-4.746737,0.1185278445482254,0.9837398529052734,0.7315911650657654
YKR076W,YOL122C,0,-4.747021,0.11851126700639725,0.9837398529052734,0.7317073345184326
YBR145W,YDR210C-C,0,-4.747316,0.1184946820139885,0.9837398529052734,0.7318234443664551
YDL135C,YLR240W,0,-4.74756,0.11847811192274094,0.9837398529052734,0.7319396138191223
YBR164C,YCR083W,0,-4.747639,0.11846154183149338,0.9837398529052734,0.7320557236671448
YBR010W,YBL061C,0,-4.747784,0.11844497174024582,0.9837398529052734,0.732171893119812
YPR082C,YOL103W-A,0,-4.747789,0.11842840909957886,0.9837398529052734,0.7322880625724792
YGL219C,YER159C-A,0,-4.7482934,0.11841185390949249,0.9837398529052734,0.7324041724205017
YDL232W,YLR455W,0,-4.74861,0.11839530616998672,0.9837398529052734,0.732520341873169
YCL026C-A,YGL073W,0,-4.748648,0.11837875843048096,0.9837398529052734,0.7326364517211914
YIL109C,YLR410W-B,0,-4.7490106,0.11836221069097519,0.9837398529052734,0.7327526211738586
YBL058W,YNL054W-A,0,-4.7490454,0.11834567785263062,0.9837398529052734,0.7328687310218811
YHR174W,YNL054W-A,0,-4.7490554,0.11832914501428604,0.9837398529052734,0.7329849004745483
YDR116C,YPR158W-A,0,-4.749189,0.11831261217594147,0.9837398529052734,0.7331010699272156
YGR155W,YJR022W,0,-4.7492833,0.11829608678817749,0.9837398529052734,0.733217179775238
YPL171C,YHR012W,0,-4.7495837,0.11827956885099411,0.9837398529052734,0.7333333492279053
YLR006C,YNR006W,0,-4.749703,0.11826305836439133,0.9837398529052734,0.7334494590759277
YCR038C,YDR365W-B,0,-4.749726,0.11824654787778854,0.9837398529052734,0.733565628528595
YBR172C,YDL098C,0,-4.749794,0.11823003739118576,0.9837398529052734,0.7336817383766174
YDR425W,YOR344C,0,-4.74992,0.11821353435516357,0.9837398529052734,0.7337979078292847
YFL057C,YKL212W,0,-4.750055,0.11819703876972198,0.9837398529052734,0.7339140772819519
YHR160C,YJL148W,0,-4.7500644,0.11818055063486099,0.9837398529052734,0.7340301871299744
YIL056W,YOL103W-A,0,-4.7505155,0.1181640625,0.9837398529052734,0.7341463565826416
YAL009W,YLR410W-B,0,-4.7506843,0.1181475818157196,0.9837398529052734,0.7342624664306641
YIL061C,YDR210C-C,0,-4.75075,0.11813110113143921,0.9837398529052734,0.7343786358833313
YMR142C,YHR200W,0,-4.7509475,0.11811462789773941,0.9837398529052734,0.7344947457313538
YBR164C,YDR098C-A,0,-4.7512913,0.11809816211462021,0.9837398529052734,0.734610915184021
YJL184W,YOL122C,0,-4.75173,0.11808169633150101,0.9837398529052734,0.7347270846366882
YMR091C,YDR365W-B,0,-4.751902,0.1180652379989624,0.9837398529052734,0.7348431944847107
YPR181C,YDR210C-C,0,-4.7520194,0.1180487796664238,0.9837398529052734,0.7349593639373779
YNL280C,YMR005W,0,-4.7520943,0.11803232878446579,0.9837398529052734,0.7350754737854004
YPL210C,YML131W,0,-4.7521806,0.11801588535308838,0.9837398529052734,0.7351916432380676
YBR132C,YMR092C,0,-4.752427,0.11799944192171097,0.9837398529052734,0.7353077530860901
YNL149C,YPR165W,0,-4.752517,0.11798300594091415,0.9837398529052734,0.7354239225387573
YFR003C,YDR365W-B,0,-4.752708,0.11796657741069794,0.9837398529052734,0.7355400919914246
YLR006C,YML097C,0,-4.752793,0.11795014888048172,0.9837398529052734,0.735656201839447
YJL111W,YOL103W-A,0,-4.75311,0.1179337203502655,0.9837398529052734,0.7357723712921143
YDR086C,YHR138C,0,-4.753207,0.11791730672121048,0.9837398529052734,0.7358884811401367
YGR010W,YGR054W,0,-4.7533236,0.11790089309215546,0.9837398529052734,0.736004650592804
YOR148C,YGR054W,0,-4.753336,0.11788447946310043,0.9837398529052734,0.7361207604408264
YCR028C,YGR239C,0,-4.7535615,0.11786807328462601,0.9837398529052734,0.7362369298934937
YLR335W,YBR050C,0,-4.75385,0.11785167455673218,0.9837398529052734,0.7363530993461609
YPL059W,YKL205W,0,-4.7539268,0.11783528327941895,0.9837398529052734,0.7364692091941833
YCL005W-A,YCR062W,0,-4.7539687,0.11781889200210571,0.9837398529052734,0.7365853786468506
YKL029C,YPL171C,0,-4.754,0.11780250072479248,0.9837398529052734,0.736701488494873
YCR048W,YDR098C-A,0,-4.7544,0.11778612434864044,0.9837398529052734,0.7368176579475403
YPR083W,YDR365W-B,0,-4.754582,0.1177697405219078,0.9837398529052734,0.7369338274002075
YBL033C,YJL121C,0,-4.7546163,0.11775337159633636,0.9837398529052734,0.73704993724823
YDR009W,YOL133W,0,-4.754797,0.11773700267076492,0.9837398529052734,0.7371661067008972
YPR082C,YML073C,0,-4.7550397,0.11772064119577408,0.9837398529052734,0.7372822165489197
YER075C,YER159C-A,0,-4.7554235,0.11770427972078323,0.9837398529052734,0.7373983860015869
YDL143W,YLR256W-A,0,-4.755446,0.11768792569637299,0.9837398529052734,0.7375144958496094
YNL270C,YFR003C,0,-4.7555113,0.11767157912254333,0.9837398529052734,0.7376306653022766
YNL127W,YOR340C,0,-4.755764,0.11765523254871368,0.9837398529052734,0.7377468347549438
YML127W,YGR038C-B,0,-4.7558827,0.11763888597488403,0.9837398529052734,0.7378629446029663
YBR231C,YER159C-A,0,-4.756188,0.11762255430221558,0.9837398529052734,0.7379791140556335
YKL205W,YMR109W,0,-4.756494,0.11760622262954712,0.9837398529052734,0.738095223903656
YER089C,YNL088W,0,-4.756505,0.11758989095687866,0.9837398529052734,0.7382113933563232
YDR456W,YLR256W-A,0,-4.7566967,0.1175735667347908,0.9837398529052734,0.7383275032043457
YLR192C,YPL224C,0,-4.756946,0.11755724996328354,0.9837398529052734,0.7384436726570129
YKR038C,YJR028W,0,-4.7571654,0.11754094064235687,0.9837398529052734,0.7385598421096802
YFR028C,YDR098C-A,0,-4.7571683,0.1175246313214302,0.9837398529052734,0.7386759519577026
YOR037W,YDR316W-B,0,-4.757192,0.11750832200050354,0.9837398529052734,0.7387921214103699
YLL026W,YDR456W,0,-4.7574086,0.11749202758073807,0.9837398529052734,0.7389082312583923
YCL026C-A,YKL034W,0,-4.757507,0.117475725710392,0.9837398529052734,0.7390244007110596
YDR337W,YOR142W-B,0,-4.7577014,0.11745943874120712,0.9837398529052734,0.739140510559082
YPR134W,YCL054W,0,-4.757995,0.11744315177202225,0.9837398529052734,0.7392566800117493
YJL034W,YGR038C-B,0,-4.758059,0.11742686480283737,0.9837398529052734,0.7393728494644165
YGR155W,YOL009C,0,-4.758112,0.11741059273481369,0.9837398529052734,0.739488959312439
YPL211W,YMR047C,0,-4.758409,0.11739432066679001,0.9837398529052734,0.7396051287651062
YOL121C,YDR059C,0,-4.758486,0.11737804859876633,0.9837398529052734,0.7397212386131287
YNR010W,YOL103W-A,0,-4.7585087,0.11736178398132324,0.9837398529052734,0.7398374080657959
YKL016C,YDR316W-B,0,-4.7586536,0.11734552681446075,0.9837398529052734,0.7399535179138184
YML032C,YMR106C,1,-4.7587733,0.11746779084205627,0.9849012494087219,0.7399535179138184
YJR076C,YER003C,0,-4.7588305,0.11745152622461319,0.9849012494087219,0.7400696873664856
YOR206W,YHR163W,0,-4.7589154,0.1174352616071701,0.9849012494087219,0.7401858568191528
YDL087C,YOL103W-A,0,-4.7591577,0.11741899698972702,0.9849012494087219,0.7403019666671753
YPL151C,YDR365W-B,0,-4.759312,0.11740273982286453,0.9849012494087219,0.7404181361198425
YER019W,YLR256W-A,0,-4.759496,0.11738649010658264,0.9849012494087219,0.740534245967865
YGR202C,YKL034W,0,-4.7598815,0.11737024039030075,0.9849012494087219,0.7406504154205322
YOL066C,YDR316W-B,0,-4.760114,0.11735399812459946,0.9849012494087219,0.7407665252685547
YGL226C-A,YPR158W-A,0,-4.760417,0.11733776330947876,0.9849012494087219,0.7408826947212219
YPL101W,YOL103W-A,0,-4.760986,0.11732152849435806,0.9849012494087219,0.7409988641738892
YOL156W,YDR210C-C,0,-4.7612376,0.11730530112981796,0.9849012494087219,0.7411149740219116
YDR423C,YDR098C-A,0,-4.761374,0.11728907376527786,0.9849012494087219,0.7412311434745789
YLL061W,YDR098C-A,0,-4.7616324,0.11727285385131836,0.9849012494087219,0.7413472533226013
YGL226C-A,YBL061C,0,-4.761686,0.11725663393735886,0.9849012494087219,0.7414634227752686
YBR273C,YDR098C-A,0,-4.7618604,0.11724042892456055,0.9849012494087219,0.741579532623291
YJR092W,YPL211W,0,-4.7621527,0.11722421646118164,0.9849012494087219,0.7416957020759583
YFR030W,YDR277C,0,-4.762312,0.11720801889896393,0.9849012494087219,0.7418118715286255
YOR036W,YIL120W,0,-4.7623625,0.11719182133674622,0.9849012494087219,0.741927981376648
YOL129W,YGR038C-B,0,-4.762954,0.1171756237745285,0.9849012494087219,0.7420441508293152
YML049C,YLR256W-A,0,-4.7630115,0.11715943366289139,0.9849012494087219,0.7421602606773376
YDR480W,YLR256W-A,0,-4.763085,0.11714325100183487,0.9849012494087219,0.7422764301300049
YNL118C,YOR142W-B,0,-4.763389,0.11712706834077835,0.9849012494087219,0.7423925399780273
YDL175C,YER159C-A,0,-4.763451,0.11711089313030243,0.9849012494087219,0.7425087094306946
YER088C,YBR058C-A,0,-4.763536,0.1170947253704071,0.9849012494087219,0.7426248788833618
YMR232W,YGR038C-A,0,-4.763537,0.11707855761051178,0.9849012494087219,0.7427409887313843
YBL098W,YDR320C-A,0,-4.763593,0.11706239730119705,0.9849012494087219,0.7428571581840515
YIL109C,YNL054W-A,0,-4.7636,0.11704623699188232,0.9849012494087219,0.742973268032074
YMR225C,YOR340C,0,-4.763821,0.1170300841331482,0.9849012494087219,0.7430894374847412
YNL026W,YPR158W-A,0,-4.7638483,0.11701393872499466,0.9849012494087219,0.7432055473327637
YJR083C,YLR256W-A,0,-4.7639036,0.11699779331684113,0.9849012494087219,0.7433217167854309
YBR039W,YHR203C,0,-4.763939,0.11698165535926819,0.9849012494087219,0.7434378862380981
YMR250W,YHL009C,0,-4.7639766,0.11696551740169525,0.9849012494087219,0.7435539960861206
YDR393W,YLR410W-B,0,-4.7639933,0.11694938689470291,0.9849012494087219,0.7436701655387878
YBR162C,YDR365W-B,0,-4.764054,0.11693325638771057,0.9849012494087219,0.7437862753868103
YJL008C,YDR365W-B,0,-4.7641487,0.11691714078187943,0.9849012494087219,0.7439024448394775
YNL074C,YDL006W,0,-4.7641797,0.11690101772546768,0.9849012494087219,0.7440185546875
YER068W,YDR210C-C,0,-4.764253,0.11688490957021713,0.9849012494087219,0.7441347241401672
YER035W,YLR410W-B,0,-4.764378,0.11686880141496658,0.9849012494087219,0.7442508935928345
YNL147W,YER159C-A,0,-4.7644544,0.11685269325971603,0.9849012494087219,0.7443670034408569
YLR110C,YOL103W-A,0,-4.764626,0.11683659255504608,0.9849012494087219,0.7444831728935242
YIL120W,YPL235W,0,-4.764754,0.11682049930095673,0.9849012494087219,0.7445992827415466
YPL235W,YDR365W-B,0,-4.7647977,0.11680440604686737,0.9849012494087219,0.7447154521942139
YBR145W,YDL217C,0,-4.7648964,0.11678832024335861,0.9849012494087219,0.7448315620422363
YPL234C,YDR316W-B,0,-4.7648997,0.11677224189043045,0.9849012494087219,0.7449477314949036
YER114C,YDR388W,0,-4.764939,0.11675616353750229,0.9849012494087219,0.7450639009475708
YLR160C,YPR165W,0,-4.7653103,0.11674008518457413,0.9849012494087219,0.7451800107955933
YDR397C,YOL001W,0,-4.765359,0.11672402173280716,0.9849012494087219,0.7452961802482605
YHR016C,YLR410W-B,0,-4.765581,0.11670795828104019,0.9849012494087219,0.745412290096283
YGL172W,YOR142W-B,0,-4.765651,0.11669189482927322,0.9849012494087219,0.7455284595489502
YJL102W,YPR158W-A,0,-4.7657595,0.11667583882808685,0.9849012494087219,0.7456446290016174
YER019W,YNL339C,0,-4.7658477,0.11665979027748108,0.9849012494087219,0.7457607388496399
YER088C,YPR154W,0,-4.765927,0.1166437417268753,0.9849012494087219,0.7458769083023071
YBR185C,YDR098C-A,0,-4.7659874,0.11662770062685013,0.9849012494087219,0.7459930181503296
YPL091W,YOR142W-B,0,-4.7660336,0.11661165952682495,0.9849012494087219,0.7461091876029968
YPR002W,YDR098C-A,0,-4.7660413,0.11659562587738037,0.9849012494087219,0.7462252974510193
YOL077W-A,YLR256W-A,0,-4.7664323,0.11657959967851639,0.9849012494087219,0.7463414669036865
YGR155W,YJL034W,0,-4.766459,0.1165635734796524,0.9849012494087219,0.7464576363563538
YKL165C,YPL082C,0,-4.766653,0.11654755473136902,0.9849012494087219,0.7465737462043762
YDR191W,YDR365W-B,0,-4.7669816,0.11653153598308563,0.9849012494087219,0.7466899156570435
YGL143C,YLR256W-A,0,-4.767072,0.11651552468538284,0.9849012494087219,0.7468060255050659
YPL177C,YHR124W,0,-4.7671695,0.11649952083826065,0.9849012494087219,0.7469221949577332
YGL073W,YOR142W-B,0,-4.7673354,0.11648351699113846,0.9849012494087219,0.7470383048057556
YFR053C,YDR210W-C,0,-4.767361,0.11646752059459686,0.9849012494087219,0.7471544742584229
YKL197C,YDR210W-C,0,-4.767361,0.11645152419805527,0.9849012494087219,0.7472706437110901
YDL181W,YDR210W-C,0,-4.767361,0.11643553525209427,0.9849012494087219,0.7473867535591125
YDR320C-A,YIL029C,0,-4.767361,0.11641954630613327,0.9849012494087219,0.7475029230117798
YIL159W,YER159C-A,0,-4.767361,0.11640357226133347,0.9849012494087219,0.7476190328598022
YPL096C-A,YCL074W,0,-4.767361,0.11638759076595306,0.9849012494087219,0.7477352023124695
YCL005W-A,YKL088W,0,-4.767361,0.11637162417173386,0.9849012494087219,0.7478513121604919
YGL053W,YDR210W-C,0,-4.767361,0.11635565012693405,0.9849012494087219,0.7479674816131592
YKL205W,YDR210W-C,0,-4.767361,0.11633969098329544,0.9849012494087219,0.7480836510658264
YML033W,YIL029C,0,-4.767361,0.11632373183965683,0.9849012494087219,0.7481997609138489
YGR211W,YDR210W-C,0,-4.767361,0.11630778014659882,0.9849012494087219,0.7483159303665161
YFL029C,YLR410W-B,0,-4.767361,0.1162918284535408,0.9849012494087219,0.7484320402145386
YCR062W,YGR038C-A,0,-4.767361,0.11627588421106339,0.9849012494087219,0.7485482096672058
YJR022W,YDR210W-C,0,-4.767361,0.11625993996858597,0.9849012494087219,0.7486643195152283
YPL096C-A,YDR098C-A,0,-4.767361,0.11624400317668915,0.9849012494087219,0.7487804889678955
YCL005W-A,YCL075W,0,-4.767361,0.11622807383537292,0.9849012494087219,0.7488966584205627
YKR076W,YDR210W-C,0,-4.767361,0.1162121444940567,0.9849012494087219,0.7490127682685852
YGL008C,YDR210W-C,0,-4.767361,0.11619621515274048,0.9849012494087219,0.7491289377212524
YGL037C,YDR210W-C,0,-4.767361,0.11618030071258545,0.9849012494087219,0.7492450475692749
YJL021C,YDR316W-B,0,-4.767361,0.11616438627243042,0.9849012494087219,0.7493612170219421
YHR039C,YGR038C-B,0,-4.767361,0.11614847183227539,0.9849012494087219,0.7494773268699646
YBR233W-A,YIL029C,0,-4.767361,0.11613256484270096,0.9849012494087219,0.7495934963226318
YKL055C,YDR210W-C,0,-4.767361,0.11611666530370712,0.9849012494087219,0.7497096657752991
YAL007C,YDR210W-C,0,-4.767361,0.11610076576471329,0.9849012494087219,0.7498257756233215
YBR210W,YDR210W-C,0,-4.767361,0.11608487367630005,0.9849012494087219,0.7499419450759888
YBR058C-A,YJR028W,0,-4.767361,0.11606898158788681,0.9849012494087219,0.7500580549240112
YCL032W,YDR210W-C,0,-4.767361,0.11605309695005417,0.9849012494087219,0.7501742243766785
YCR083W,YDR210W-C,0,-4.767361,0.11603721976280212,0.9849012494087219,0.7502903342247009
YCL005W-A,YCL019W,0,-4.767361,0.11602134257555008,0.9849012494087219,0.7504065036773682
YBL016W,YDR210W-C,0,-4.767361,0.11600547283887863,0.9849012494087219,0.7505226731300354
YGR063C,YDR210W-C,0,-4.767361,0.11598960310220718,0.9849012494087219,0.7506387829780579
YNL065W,YDR210W-C,0,-4.767361,0.11597374081611633,0.9849012494087219,0.7507549524307251
YER164W,YDR316W-B,0,-4.767361,0.11595788598060608,0.9849012494087219,0.7508710622787476
YMR013C,YDR210W-C,0,-4.767361,0.11594203114509583,0.9849012494087219,0.7509872317314148
YDR481C,YLR467W,0,-4.7673984,0.11592617630958557,0.9849012494087219,0.7511033415794373
YLR205C,YKR095W-A,0,-4.7675433,0.11591033637523651,0.9849012494087219,0.7512195110321045
YDR040C,YNL070W,0,-4.767549,0.11589448899030685,0.9849012494087219,0.7513356804847717
YMR001C,YOR142W-B,0,-4.7676063,0.11587865650653839,0.9849012494087219,0.7514517903327942
YJR045C,YLR410W-B,0,-4.767614,0.11586282402276993,0.9849012494087219,0.7515679597854614
YML129C,YDR341C,0,-4.767879,0.11584699153900146,0.9849012494087219,0.7516840696334839
YOR098C,YKL212W,0,-4.7680793,0.1158311739563942,0.9849012494087219,0.7518002390861511
YAL016W,YGR038C-A,0,-4.768094,0.11581534892320633,0.9849012494087219,0.7519163489341736
YJR140C,YDR365W-B,0,-4.768094,0.11579953879117966,0.9849012494087219,0.7520325183868408
YLR332W,YGR038C-A,0,-4.768267,0.11578372120857239,0.9849012494087219,0.7521486878395081
YKR008W,YGR038C-B,0,-4.7682753,0.11576791852712631,0.9849012494087219,0.7522647976875305
YKL093W,YKL150W,0,-4.768329,0.11575211584568024,0.9849012494087219,0.7523809671401978
YER072W,YLR256W-A,0,-4.768467,0.11573632061481476,0.9849012494087219,0.7524970769882202
YBR049C,YLR256W-A,0,-4.7685266,0.11572052538394928,0.9849012494087219,0.7526132464408875
YDR046C,YOR142W-B,0,-4.768659,0.1157047376036644,0.9849012494087219,0.7527293562889099
YPR138C,YER159C-A,0,-4.768909,0.11568894982337952,0.9849012494087219,0.7528455257415771
YDR485C,YLR256W-A,0,-4.7691264,0.11567316949367523,0.9849012494087219,0.7529616951942444
YNL220W,YOR307C,0,-4.7692056,0.11565738916397095,0.9849012494087219,0.7530778050422668
YIR005W,YNL054W-A,0,-4.7692294,0.11564162373542786,0.9849012494087219,0.7531939744949341
YHR193C,YPL101W,0,-4.76928,0.11562585085630417,0.9849012494087219,0.7533100843429565
YNL054W-A,YPL033C,0,-4.7693195,0.11561008542776108,0.9849012494087219,0.7534262537956238
YOR322C,YPR158W-A,0,-4.7693324,0.11559432744979858,0.9849012494087219,0.7535423636436462
YPL248C,YOL103W-A,0,-4.7693834,0.11557857692241669,0.9849012494087219,0.7536585330963135
YIL120W,YDR210C-C,0,-4.7695146,0.11556282639503479,0.9849012494087219,0.7537747025489807
YKR086W,YDR210C-C,0,-4.769525,0.1155470758676529,0.9849012494087219,0.7538908123970032
YER035W,YPR158W-A,0,-4.769631,0.11553133279085159,0.9849012494087219,0.7540069818496704
YML015C,YNL044W,0,-4.7698646,0.11551559716463089,0.9849012494087219,0.7541230916976929
YMR232W,YDR205W,0,-4.7698817,0.11549986153841019,0.9849012494087219,0.7542392611503601
YGR258C,YDR076W,1,-4.7699466,0.11562031507492065,0.9860627055168152,0.7542392611503601
YML047C,YDR098C-A,0,-4.7700925,0.11560457199811935,0.9860627055168152,0.7543553709983826
YPR154W,YOL103W-A,0,-4.77018,0.11558883637189865,0.9860627055168152,0.7544715404510498
YER044C,YGR284C,0,-4.770205,0.11557310074567795,0.9860627055168152,0.754587709903717
YIL008W,YDR365W-B,0,-4.770333,0.11555737257003784,0.9860627055168152,0.7547038197517395
YDL126C,YCR102C,0,-4.770369,0.11554164439439774,0.9860627055168152,0.7548199892044067
YPR070W,YDR210C-C,0,-4.770392,0.11552592366933823,0.9860627055168152,0.7549360990524292
YPL018W,YLR268W,0,-4.7704225,0.11551020294427872,0.9860627055168152,0.7550522685050964
YDR524C,YAL042W,0,-4.7707734,0.1154944896697998,0.9860627055168152,0.7551684379577637
YCR107W,YDR098C-A,0,-4.7708488,0.11547878384590149,0.9860627055168152,0.7552845478057861
YAL044C,YGR038C-B,0,-4.7709823,0.11546307802200317,0.9860627055168152,0.7554007172584534
YNL288W,YFL011W,0,-4.7710156,0.11544737219810486,0.9860627055168152,0.7555168271064758
YBR039W,YOR099W,0,-4.771024,0.11543168127536774,0.9860627055168152,0.7556329965591431
YJL154C,YGR038C-B,0,-4.7710557,0.11541599035263062,0.9860627055168152,0.7557491064071655
YER167W,YDR098C-A,0,-4.7710843,0.1154002994298935,0.9860627055168152,0.7558652758598328
YDL003W,YDR365W-B,0,-4.7711024,0.11538461595773697,0.9860627055168152,0.7559814453125
YIL022W,YLR410W-B,0,-4.7711024,0.11536893248558044,0.9860627055168152,0.7560975551605225
YCL063W,YDR365W-B,0,-4.7711496,0.11535326391458511,0.9860627055168152,0.7562137246131897
YDR432W,YCL032W,0,-4.7712865,0.11533758789300919,0.9860627055168152,0.7563298344612122
YBR068C,YDR210C-C,0,-4.7712903,0.11532192677259445,0.9860627055168152,0.7564460039138794
YDR273W,YDR098C-A,0,-4.771294,0.11530625820159912,0.9860627055168152,0.7565621137619019
YLL018C-A,YDR210C-C,0,-4.7713575,0.11529060453176498,0.9860627055168152,0.7566782832145691
YER089C,YLR410W-B,0,-4.77136,0.11527495086193085,0.9860627055168152,0.7567944526672363
YDR210C-C,YOR142W-B,0,-4.771424,0.11525929719209671,0.9860627055168152,0.7569105625152588
YFL057C,YKR008W,0,-4.7714334,0.11524365097284317,0.9860627055168152,0.757026731967926
YOR098C,YNL054W-A,0,-4.7714458,0.11522801220417023,0.9860627055168152,0.7571428418159485
YLR424W,YKL056C,0,-4.771529,0.11521237343549728,0.9860627055168152,0.7572590112686157
YHR181W,YGR038C-A,0,-4.7715917,0.11519674211740494,0.9860627055168152,0.7573751211166382
YCR038C,YGR038C-B,0,-4.7716193,0.11518111824989319,0.9860627055168152,0.7574912905693054
YGL151W,YLR410W-B,0,-4.771622,0.11516549438238144,0.9860627055168152,0.7576074600219727
YLR010C,YDR316W-B,0,-4.77163,0.11514987051486969,0.9860627055168152,0.7577235698699951
YNL230C,YNL054W-A,0,-4.771636,0.11513425409793854,0.9860627055168152,0.7578397393226624
YIL142W,YML055W,0,-4.7716703,0.11511864513158798,0.9860627055168152,0.7579558491706848
YGR155W,YDR098C-A,0,-4.7717233,0.11510303616523743,0.9860627055168152,0.758072018623352
YER073W,YMR104C,0,-4.7717443,0.11508743464946747,0.9860627055168152,0.7581881284713745
YHR012W,YDR098C-A,0,-4.7717633,0.11507183313369751,0.9860627055168152,0.7583042979240417
YDL175C,YOL103W-A,0,-4.771794,0.11505623906850815,0.9860627055168152,0.758420467376709
YLR319C,YNL280C,0,-4.771798,0.11504065245389938,0.9860627055168152,0.7585365772247314
YKL018W,YDR098C-A,0,-4.771811,0.11502506583929062,0.9860627055168152,0.7586527466773987
YLL061W,YMR142C,0,-4.7718167,0.11500947922468185,0.9860627055168152,0.7587688565254211
YJR091C,YDR210C-C,0,-4.771832,0.11499390751123428,0.9860627055168152,0.7588850259780884
YDR309C,YER159C-A,0,-4.7718344,0.11497832834720612,0.9860627055168152,0.7590011358261108
YER044C,YPL234C,0,-4.7718415,0.11496276408433914,0.9860627055168152,0.7591173052787781
YPL106C,YPR158W-A,0,-4.7718577,0.11494719982147217,0.9860627055168152,0.7592334747314453
YNL065W,YDR210C-C,0,-4.7718883,0.1149316355586052,0.9860627055168152,0.7593495845794678
YPL060W,YGR180C,0,-4.7719946,0.11491607874631882,0.9860627055168152,0.759465754032135
YHR116W,YJL108C,0,-4.772842,0.11490052938461304,0.9860627055168152,0.7595818638801575
YOL130W,YPR083W,0,-4.77295,0.11488498002290726,0.9860627055168152,0.7596980333328247
YML008C,YBR089C-A,0,-4.7729545,0.11486943811178207,0.9860627055168152,0.7598141431808472
YDR308C,YNL186W,0,-4.7729645,0.11485389620065689,0.9860627055168152,0.7599303126335144
YIL142W,YMR001C,0,-4.7732263,0.1148383617401123,0.9860627055168152,0.7600464820861816
YOL002C,YMR026C,0,-4.773397,0.11482282727956772,0.9860627055168152,0.7601625919342041
YDR345C,YOL020W,0,-4.7735424,0.11480730026960373,0.9860627055168152,0.7602787613868713
YJR076C,YPL258C,0,-4.7737017,0.11479178071022034,0.9860627055168152,0.7603948712348938
YBL047C,YCR083W,0,-4.774224,0.11477626115083694,0.9860627055168152,0.760511040687561
YBR233W-A,YBL093C,0,-4.774251,0.11476074904203415,0.9860627055168152,0.7606271505355835
YPL118W,YER089C,0,-4.7743807,0.11474523693323135,0.9860627055168152,0.7607433199882507
YGL192W,YGR222W,0,-4.7744,0.11472973227500916,0.9860627055168152,0.760859489440918
YPL224C,YDR075W,0,-4.7744317,0.11471422761678696,0.9860627055168152,0.7609755992889404
YER001W,YML114C,0,-4.7744403,0.11469873040914536,0.9860627055168152,0.7610917687416077
YGL078C,YDR325W,0,-4.774534,0.11468323320150375,0.9860627055168152,0.7612078785896301
YOL105C,YNL044W,0,-4.774965,0.11466774344444275,0.9860627055168152,0.7613240480422974
YMR052W,YGL037C,0,-4.775347,0.11465226113796234,0.9860627055168152,0.7614401578903198
YKL011C,YPR181C,0,-4.775463,0.11463677883148193,0.9860627055168152,0.7615563273429871
YGR222W,YCR102C,0,-4.775575,0.11462130397558212,0.9860627055168152,0.7616724967956543
YER032W,YMR266W,0,-4.775728,0.11460582911968231,0.9860627055168152,0.7617886066436768
YMR270C,YLL011W,0,-4.7758336,0.1145903617143631,0.9860627055168152,0.761904776096344
YPL248C,YAL044C,0,-4.776216,0.11457490175962448,0.9860627055168152,0.7620208859443665
YPL265W,YJL165C,0,-4.7764964,0.11455944180488586,0.9860627055168152,0.7621370553970337
YLR034C,YJR028W,0,-4.7766566,0.11454398185014725,0.9860627055168152,0.7622531652450562
YPL190C,YOR272W,0,-4.777034,0.11452852934598923,0.9860627055168152,0.7623693346977234
YDR174W,YPL163C,0,-4.777036,0.1145130842924118,0.9860627055168152,0.7624855041503906
YBR039W,YNL339C,0,-4.7771783,0.11449763923883438,0.9860627055168152,0.7626016139984131
YLR048W,YCL074W,0,-4.777235,0.11448220163583755,0.9860627055168152,0.7627177834510803
YML032C,YOR346W,1,-4.777271,0.11460158973932266,0.9872241616249084,0.7627177834510803
YNL014W,YML123C,0,-4.77745,0.11458614468574524,0.9872241616249084,0.7628338932991028
YER114C,YKL011C,0,-4.7780366,0.11457069963216782,0.9872241616249084,0.76295006275177
YDL029W,YDR086C,0,-4.7784286,0.1145552545785904,0.9872241616249084,0.7630661725997925
YGL178W,YGR186W,0,-4.7784815,0.11453981697559357,0.9872241616249084,0.7631823420524597
YDR214W,YPR072W,0,-4.7785277,0.11452438682317734,0.9872241616249084,0.763298511505127
YOR034C,YAR009C,0,-4.779349,0.11450895667076111,0.9872241616249084,0.7634146213531494
YDR524C,YLR205C,0,-4.779394,0.11449353396892548,0.9872241616249084,0.7635307908058167
YEL027W,YML055W,0,-4.7800345,0.11447811126708984,0.9872241616249084,0.7636469006538391
YDR273W,YCL054W,0,-4.78013,0.11446269601583481,0.9872241616249084,0.7637630701065063
YER167W,YMR011W,0,-4.7801642,0.11444728821516037,0.9872241616249084,0.7638792395591736
YBL032W,YGL016W,0,-4.780839,0.11443188041448593,0.9872241616249084,0.763995349407196
YPL171C,YCR044C,0,-4.7813444,0.11441647261381149,0.9872241616249084,0.7641115188598633
YGR177C,YHR174W,0,-4.7816463,0.11440107971429825,0.9872241616249084,0.7642276287078857
YIL036W,YBR058C-A,0,-4.782026,0.1143856793642044,0.9872241616249084,0.764343798160553
YGL078C,YGL016W,0,-4.7820597,0.11437029391527176,0.9872241616249084,0.7644599080085754
YMR225C,YCL019W,0,-4.7820916,0.11435490101575851,0.9872241616249084,0.7645760774612427
YNL088W,YML014W,0,-4.7820992,0.11433952301740646,0.9872241616249084,0.7646922469139099
YOL130W,YNL339C,0,-4.7822285,0.11432414501905441,0.9872241616249084,0.7648083567619324
YIL119C,YKL079W,0,-4.7825365,0.11430876702070236,0.9872241616249084,0.7649245262145996
YGL195W,YBR231C,0,-4.7826304,0.11429339647293091,0.9872241616249084,0.7650406360626221
YLR219W,YDR481C,0,-4.7826695,0.11427803337574005,0.9872241616249084,0.7651568055152893
YLR319C,YML008C,0,-4.7827415,0.1142626702785492,0.9872241616249084,0.7652729153633118
YNL068C,YFR052W,0,-4.782853,0.11424731463193893,0.9872241616249084,0.765389084815979
YDR273W,YOR212W,0,-4.7830567,0.11423195898532867,0.9872241616249084,0.7655052542686462
YBL016W,YOR210W,0,-4.7833505,0.11421661078929901,0.9872241616249084,0.7656213641166687
YER028C,YJL052W,0,-4.783467,0.11420126259326935,0.9872241616249084,0.7657375335693359
YOR002W,YLL026W,0,-4.783701,0.11418592184782028,0.9872241616249084,0.7658536434173584
YJL034W,YIL106W,0,-4.784047,0.11417058110237122,0.9872241616249084,0.7659698128700256
YNL027W,YKL029C,0,-4.7840924,0.11415524780750275,0.9872241616249084,0.7660859227180481
YPL209C,YKL056C,0,-4.784186,0.11413992196321487,0.9872241616249084,0.7662020921707153
YML132W,YAL032C,0,-4.785665,0.114124596118927,0.9872241616249084,0.7663182616233826
YIL131C,YOR272W,0,-4.7862587,0.11410927772521973,0.9872241616249084,0.766434371471405
YMR298W,YGR222W,0,-4.7867684,0.11409395933151245,0.9872241616249084,0.7665505409240723
YJL076W,YOL129W,0,-4.7874265,0.11407864838838577,0.9872241616249084,0.7666666507720947
YOL113W,YLL056C,0,-4.7877946,0.1140633374452591,0.9872241616249084,0.766782820224762
YJL208C,YHR001W-A,0,-4.78875,0.11404803395271301,0.9872241616249084,0.7668989300727844
YBR089C-A,YPR181C,0,-4.788762,0.11403273046016693,0.9872241616249084,0.7670150995254517
YDR318W,YNL241C,0,-4.7892194,0.11401743441820145,0.9872241616249084,0.7671312689781189
YPL021W,YBR177C,0,-4.789382,0.11400214582681656,0.9872241616249084,0.7672473788261414
YGR239C,YDR289C,0,-4.7895284,0.11398685723543167,0.9872241616249084,0.7673635482788086
YMR072W,YER003C,0,-4.7895474,0.11397157609462738,0.9872241616249084,0.767479658126831
YFR053C,YGR054W,0,-4.7896075,0.11395629495382309,0.9872241616249084,0.7675958275794983
YNL288W,YER138C,0,-4.7897344,0.1139410212635994,0.9872241616249084,0.7677119374275208
YGL229C,YHR138C,0,-4.790545,0.1139257475733757,0.9872241616249084,0.767828106880188
YML062C,YPR052C,0,-4.7906237,0.1139104813337326,0.9872241616249084,0.7679442763328552
YGL122C,YMR283C,0,-4.790807,0.11389521509408951,0.9872241616249084,0.7680603861808777
YCR048W,YER035W,0,-4.7908287,0.11387995630502701,0.9872241616249084,0.7681765556335449
YOR260W,YLR384C,0,-4.7910275,0.1138647049665451,0.9872241616249084,0.7682926654815674
YER019W,YML123C,0,-4.7911906,0.1138494536280632,0.9872241616249084,0.7684088349342346
YJL194W,YOL002C,0,-4.7914147,0.1138342022895813,0.9872241616249084,0.7685249447822571
YHL040C,YIL109C,0,-4.7914367,0.11381895840167999,0.9872241616249084,0.7686411142349243
YPL059W,YIL053W,0,-4.7916617,0.11380372196435928,0.9872241616249084,0.7687572836875916
YJR093C,YGR181W,0,-4.7918363,0.11378848552703857,0.9872241616249084,0.768873393535614
YDR009W,YDR451C,0,-4.791981,0.11377325654029846,0.9872241616249084,0.7689895629882812
YOR159C,YCL054W,0,-4.7922378,0.11375802755355835,0.9872241616249084,0.7691056728363037
YKR008W,YBR162C,0,-4.7924185,0.11374280601739883,0.9872241616249084,0.769221842288971
YOL002C,YPR134W,0,-4.792456,0.11372759193181992,0.9872241616249084,0.7693379521369934
YPR002W,YBR283C,0,-4.792641,0.113712377846241,0.9872241616249084,0.7694541215896606
YPL101W,YPL248C,0,-4.7927737,0.11369716376066208,0.9872241616249084,0.7695702910423279
YHR116W,YER138C,0,-4.7930408,0.11368195712566376,0.9872241616249084,0.7696864008903503
YPR082C,YDL036C,0,-4.7933445,0.11366675794124603,0.9872241616249084,0.7698025703430176
YHR116W,YCR042C,0,-4.7933717,0.11365155875682831,0.9872241616249084,0.76991868019104
YKR002W,YER072W,0,-4.7934384,0.11363636702299118,0.9872241616249084,0.7700348496437073
YDL140C,YDR451C,0,-4.7939353,0.11362117528915405,0.9872241616249084,0.7701509594917297
YNL009W,YLR011W,0,-4.793946,0.11360599100589752,0.9872241616249084,0.770267128944397
YML129C,YNL302C,0,-4.7941747,0.11359080672264099,0.9872241616249084,0.7703832983970642
YOR221C,YJL145W,0,-4.7946267,0.11357562988996506,0.9872241616249084,0.7704994082450867
YLR008C,YPL163C,0,-4.7946835,0.11356045305728912,0.9872241616249084,0.7706155776977539
YPR001W,YLR467W,0,-4.794768,0.11354528367519379,0.9872241616249084,0.7707316875457764
YBR233W-A,YNL009W,0,-4.7949,0.11353012174367905,0.9872241616249084,0.7708478569984436
YHR005C,YNL167C,0,-4.795279,0.1135149598121643,0.9872241616249084,0.7709639668464661
YGL068W,YLR193C,0,-4.7956896,0.11349979788064957,0.9872241616249084,0.7710801362991333
YLR135W,YHR016C,0,-4.795902,0.11348464339971542,0.9872241616249084,0.7711963057518005
YBR024W,YKR059W,0,-4.795902,0.11346949636936188,0.9872241616249084,0.771312415599823
YFL057C,YOR180C,0,-4.796267,0.11345434933900833,0.9872241616249084,0.7714285850524902
YHR169W,YBR295W,0,-4.796891,0.11343920975923538,0.9872241616249084,0.7715446949005127
YJL214W,YDL003W,0,-4.7968965,0.11342407017946243,0.9872241616249084,0.7716608643531799
YOR241W,YHR138C,0,-4.797153,0.11340893805027008,0.9872241616249084,0.7717769742012024
YFL057C,YGR181W,0,-4.7973332,0.11339381337165833,0.9872241616249084,0.7718931436538696
YDR388W,YBR231C,0,-4.7974195,0.11337868124246597,0.9872241616249084,0.7720093131065369
YAL054C,YDR273W,0,-4.797531,0.11336356401443481,0.9872241616249084,0.7721254229545593
YGR249W,YNL061W,0,-4.7975583,0.11334844678640366,0.9872241616249084,0.7722415924072266
YHR042W,YOL020W,0,-4.797569,0.1133333370089531,0.9872241616249084,0.772357702255249
YOL126C,YCR083W,0,-4.7976017,0.11331822723150253,0.9872241616249084,0.7724738717079163
YLR110C,YPL163C,0,-4.797632,0.11330311745405197,0.9872241616249084,0.7725900411605835
YDR009W,YML039W,0,-4.7976804,0.113288015127182,0.9872241616249084,0.772706151008606
YDL142C,YJL145W,0,-4.7979107,0.11327292025089264,0.9872241616249084,0.7728223204612732
YPR046W,YIR033W,0,-4.797925,0.11325782537460327,0.9872241616249084,0.7729384303092957
YDR273W,YLR068W,0,-4.7980404,0.1132427379488945,0.9872241616249084,0.7730545997619629
YBR201W,YDR393W,0,-4.7981853,0.11322765052318573,0.9872241616249084,0.7731707096099854
YDR301W,YHR138C,0,-4.7984967,0.11321257054805756,0.9872241616249084,0.7732868790626526
YGL084C,YNL268W,0,-4.7987895,0.11319749802350998,0.9872241616249084,0.7734030485153198
YPL211W,YLR147C,0,-4.799133,0.1131824254989624,0.9872241616249084,0.7735191583633423
YOR079C,YDL126C,0,-4.7991405,0.11316735297441483,0.9872241616249084,0.7736353278160095
YOR386W,YBR073W,1,-4.7996826,0.11328540742397308,0.9883856177330017,0.7736353278160095
YLR425W,YBR183W,0,-4.799692,0.1132703348994255,0.9883856177330017,0.773751437664032
YBR132C,YNL268W,0,-4.799847,0.11325525492429733,0.9883856177330017,0.7738676071166992
YMR150C,YPR018W,0,-4.8000703,0.11324018985033035,0.9883856177330017,0.7739837169647217
YLR304C,YNL127W,0,-4.8001127,0.11322511732578278,0.9883856177330017,0.7740998864173889
YOL045W,YIL029C,0,-4.800192,0.11321005970239639,0.9883856177330017,0.7742160558700562
YJR070C,YBL061C,0,-4.800412,0.11319500207901001,0.9883856177330017,0.7743321657180786
YGL065C,YGL062W,0,-4.8004394,0.11317994445562363,0.9883856177330017,0.7744483351707458
YOL039W,YML015C,0,-4.801042,0.11316489428281784,0.9883856177330017,0.7745644450187683
YCL043C,YKL197C,0,-4.80107,0.11314984411001205,0.9883856177330017,0.7746806144714355
YJR093C,YOL127W,0,-4.8010793,0.11313480138778687,0.9883856177330017,0.774796724319458
YML012W,YJR070C,0,-4.801502,0.11311976611614227,0.9883856177330017,0.7749128937721252
YDR432W,YBL093C,0,-4.801862,0.11310473084449768,0.9883856177330017,0.7750290632247925
YPL100W,YBR267W,0,-4.8021817,0.11308970302343369,0.9883856177330017,0.7751451730728149
YOL121C,YLR025W,0,-4.802685,0.11307467520236969,0.9883856177330017,0.7752613425254822
YDR040C,YDR174W,0,-4.80298,0.11305965483188629,0.9883856177330017,0.7753774523735046
YBR050C,YDL150W,0,-4.8030133,0.1130446344614029,0.9883856177330017,0.7754936218261719
YFL011W,YGR192C,0,-4.803045,0.11302962154150009,0.9883856177330017,0.7756097316741943
YPL248C,YJR028W,0,-4.8030567,0.11301460862159729,0.9883856177330017,0.7757259011268616
YLR068W,YNL129W,0,-4.8031144,0.11299960315227509,0.9883856177330017,0.7758420705795288
YDL170W,YLL056C,0,-4.8032126,0.11298459768295288,0.9883856177330017,0.7759581804275513
YER142C,YML023C,1,-4.8032174,0.11310234665870667,0.9895470142364502,0.7759581804275513
YOR098C,YDR481C,0,-4.803272,0.11308733373880386,0.9895470142364502,0.7760743498802185
YML008C,YKL086W,0,-4.803782,0.11307232826948166,0.9895470142364502,0.776190459728241
YLR219W,YEL041W,0,-4.803833,0.11305732280015945,0.9895470142364502,0.7763066291809082
YIL084C,YHR016C,0,-4.8041096,0.11304232478141785,0.9895470142364502,0.7764227390289307
YDR122W,YOR254C,0,-4.8059416,0.11302732676267624,0.9895470142364502,0.7765389084815979
YNL127W,YKL093W,0,-4.806461,0.11301233619451523,0.9895470142364502,0.7766550779342651
YLR262C,YPL033C,0,-4.80662,0.11299734562635422,0.9895470142364502,0.7767711877822876
YBR132C,YNL230C,0,-4.8066335,0.1129823625087738,0.9895470142364502,0.7768873572349548
YLR384C,YGR054W,0,-4.806784,0.11296737939119339,0.9895470142364502,0.7770034670829773
YDL019C,YML123C,0,-4.807032,0.11295240372419357,0.9895470142364502,0.7771196365356445
YJL214W,YML127W,0,-4.807155,0.11293743550777435,0.9895470142364502,0.777235746383667
YEL060C,YDR515W,0,-4.8071914,0.11292246729135513,0.9895470142364502,0.7773519158363342
YHR001W-A,YER117W,0,-4.8073883,0.11290749907493591,0.9895470142364502,0.7774680852890015
YNL220W,YDR308C,0,-4.807471,0.11289253830909729,0.9895470142364502,0.7775841951370239
YBR068C,YDR453C,0,-4.80771,0.11287758499383926,0.9895470142364502,0.7777003645896912
YBR267W,YMR175W,0,-4.8077493,0.11286263167858124,0.9895470142364502,0.7778164744377136
YNL220W,YBR283C,0,-4.8080983,0.11284768581390381,0.9895470142364502,0.7779326438903809
YNR002C,YAL044C,0,-4.8083944,0.11283273994922638,0.9895470142364502,0.7780487537384033
YGL256W,YDR393W,0,-4.808605,0.11281779408454895,0.9895470142364502,0.7781649231910706
YER073W,YHR061C,0,-4.8088093,0.11280286312103271,0.9895470142364502,0.7782810926437378
YDR337W,YPL210C,0,-4.808912,0.11278792470693588,0.9895470142364502,0.7783972024917603
YDR524C,YPL265W,0,-4.8090634,0.11277300119400024,0.9895470142364502,0.7785133719444275
YBL026W,YGL178W,0,-4.8090787,0.11275807023048401,0.9895470142364502,0.77862948179245
YML012W,YNL014W,0,-4.8092403,0.11274315416812897,0.9895470142364502,0.7787456512451172
YFL023W,YDR098C,0,-4.8093977,0.11272823810577393,0.9895470142364502,0.7788617610931396
YPR052C,YOR329C,0,-4.8094373,0.11271332204341888,0.9895470142364502,0.7789779305458069
YDR116C,YDL128W,0,-4.809645,0.11269841343164444,0.9895470142364502,0.7790940999984741
YDL225W,YIL129C,0,-4.809722,0.11268350481987,0.9895470142364502,0.7792102098464966
YLR133W,YER031C,0,-4.8101177,0.11266860365867615,0.9895470142364502,0.7793263792991638
YDR174W,YGR268C,0,-4.8102365,0.1126537099480629,0.9895470142364502,0.7794424891471863
YDL230W,YBR083W,0,-4.8102813,0.11263881623744965,0.9895470142364502,0.7795586585998535
YIL142W,YOR098C,0,-4.8103204,0.1126239225268364,0.9895470142364502,0.779674768447876
YNL288W,YHR039C,0,-4.8104115,0.11260904371738434,0.9895470142364502,0.7797909379005432
YLR008C,YBL033C,0,-4.8108435,0.11259415745735168,0.9895470142364502,0.7799071073532104
YOL020W,YJL052W,0,-4.81108,0.11257927864789963,0.9895470142364502,0.7800232172012329
YNL220W,YKL086W,0,-4.811188,0.11256440728902817,0.9895470142364502,0.7801393866539001
YNL009W,YAL043C,0,-4.8116064,0.11254953593015671,0.9895470142364502,0.7802554965019226
YMR184W,YDL088C,0,-4.8116345,0.11253467202186584,0.9895470142364502,0.7803716659545898
YKL029C,YBL093C,0,-4.811737,0.11251980811357498,0.9895470142364502,0.7804877758026123
YPL208W,YBR083W,0,-4.811973,0.11250495165586472,0.9895470142364502,0.7806039452552795
YDL088C,YEL041W,0,-4.812107,0.11249009519815445,0.9895470142364502,0.7807201147079468
YJL133W,YGR111W,0,-4.8125787,0.11247524619102478,0.9895470142364502,0.7808362245559692
YBR010W,YMR216C,0,-4.8127656,0.11246040463447571,0.9895470142364502,0.7809523940086365
YLR160C,YHR016C,0,-4.812807,0.11244555562734604,0.9895470142364502,0.7810685038566589
YLL019C,YML093W,0,-4.813418,0.11243072152137756,0.9895470142364502,0.7811846733093262
YOL126C,YDR277C,0,-4.8138833,0.11241588741540909,0.9895470142364502,0.7813008427619934
YNL327W,YER003C,0,-4.8140726,0.11240105330944061,0.9895470142364502,0.7814169526100159
YHR023W,YNL241C,0,-4.814255,0.11238622665405273,0.9895470142364502,0.7815331220626831
YEL027W,YGR211W,0,-4.8143673,0.11237140744924545,0.9895470142364502,0.7816492319107056
YCR053W,YPL033C,0,-4.815543,0.11235658824443817,0.9895470142364502,0.7817654013633728
YKL021C,YDR372C,0,-4.815567,0.11234176903963089,0.9895470142364502,0.7818815112113953
YOR206W,YLR025W,0,-4.815901,0.1123269647359848,0.9895470142364502,0.7819976806640625
YML123C,YDR425W,0,-4.81593,0.11231215298175812,0.9895470142364502,0.7821138501167297
YPR046W,YIL117C,0,-4.816619,0.11229734867811203,0.9895470142364502,0.7822299599647522
YLR377C,YML098W,0,-4.81694,0.11228255182504654,0.9895470142364502,0.7823461294174194
YMR072W,YNR054C,0,-4.8172374,0.11226775497198105,0.9895470142364502,0.7824622392654419
YDR214W,YOR180C,0,-4.817793,0.11225296556949615,0.9895470142364502,0.7825784087181091
YKL160W,YPL163C,0,-4.817902,0.11223817616701126,0.9895470142364502,0.7826945185661316
YPL202C,YJL026W,0,-4.8191752,0.11222339421510696,0.9895470142364502,0.7828106880187988
YOL127W,YCL019W,0,-4.8193126,0.11220861226320267,0.9895470142364502,0.7829268574714661
YBR068C,YDL014W,0,-4.8193774,0.11219383776187897,0.9895470142364502,0.7830429673194885
YOR221C,YML047C,0,-4.8194995,0.11217906326055527,0.9895470142364502,0.7831591367721558
YDL181W,YJL121C,0,-4.820068,0.11216429620981216,0.9895470142364502,0.7832752466201782
YML073C,YIL030C,0,-4.820317,0.11214952915906906,0.9895470142364502,0.7833914160728455
YHR039C,YDR195W,0,-4.8209295,0.11213476955890656,0.9895470142364502,0.7835075259208679
YDR320C-A,YIL155C,0,-4.8213043,0.11212001740932465,0.9895470142364502,0.7836236953735352
YJL008C,YMR175W,0,-4.821317,0.11210526525974274,0.9895470142364502,0.7837398648262024
YOR209C,YNL302C,0,-4.8213882,0.11209051311016083,0.9895470142364502,0.7838559746742249
YLR384C,YPL171C,0,-4.8220143,0.11207576841115952,0.9895470142364502,0.7839721441268921
YER073W,YKL095W,0,-4.822066,0.1120610311627388,0.9895470142364502,0.7840882539749146
YMR026C,YNL339C,0,-4.822202,0.11204629391431808,0.9895470142364502,0.7842044234275818
YML103C,YJL121C,0,-4.822287,0.11203155666589737,0.9895470142364502,0.7843205332756042
YMR296C,YFL018C,0,-4.822677,0.11201682686805725,0.9895470142364502,0.7844367027282715
YLL018C-A,YJL184W,0,-4.823398,0.11200210452079773,0.9895470142364502,0.7845528721809387
YKL021C,YDR363W-A,0,-4.823524,0.11198738217353821,0.9895470142364502,0.7846689820289612
YKR038C,YEL041W,0,-4.8236184,0.11197266727685928,0.9895470142364502,0.7847851514816284
YLR157C,YBR210W,0,-4.823664,0.11195795238018036,0.9895470142364502,0.7849012613296509
YMR225C,YDL150W,0,-4.823664,0.11194323748350143,0.9895470142364502,0.7850174307823181
YJR093C,YGR192C,0,-4.823717,0.1119285374879837,0.9895470142364502,0.7851335406303406
YOL108C,YLR219W,0,-4.823778,0.11191383004188538,0.9895470142364502,0.7852497100830078
YER019W,YBR273C,0,-4.82435,0.11189913004636765,0.9895470142364502,0.785365879535675
YNL323W,YBR267W,0,-4.825313,0.11188443750143051,0.9895470142364502,0.7854819893836975
YFL057C,YCL043C,0,-4.8257284,0.11186974495649338,0.9895470142364502,0.7855981588363647
YML120C,YML103C,0,-4.825803,0.11185505986213684,0.9895470142364502,0.7857142686843872
YDL197C,YGL008C,0,-4.825957,0.1118403747677803,0.9895470142364502,0.7858304381370544
YDR515W,YPL234C,0,-4.8263116,0.11182569712400436,0.9895470142364502,0.7859465479850769
YDR174W,YKL034W,0,-4.8265743,0.11181102693080902,0.9895470142364502,0.7860627174377441
YLR110C,YDR276C,0,-4.82749,0.11179634928703308,0.9895470142364502,0.7861788868904114
YGL084C,YNR023W,0,-4.827769,0.11178168654441833,0.9895470142364502,0.7862949967384338
YPL177C,YOL031C,0,-4.8279405,0.11176702380180359,0.9895470142364502,0.7864111661911011
YDR189W,YML131W,0,-4.8284426,0.11175236105918884,0.9895470142364502,0.7865272760391235
YML113W,YJR091C,0,-4.828484,0.1117377057671547,0.9895470142364502,0.7866434454917908
YBR234C,YBL093C,0,-4.828664,0.11172305047512054,0.9895470142364502,0.7867595553398132
YGR097W,YPR032W,0,-4.82877,0.11170840263366699,0.9895470142364502,0.7868757247924805
YER070W,YML015C,0,-4.829131,0.11169376224279404,0.9895470142364502,0.7869918942451477
YER032W,YER003C,0,-4.829414,0.11167912185192108,0.9895470142364502,0.7871080040931702
YJL006C,YLR259C,0,-4.8296323,0.11166448146104813,0.9895470142364502,0.7872241735458374
YML092C,YLR166C,0,-4.829717,0.11164984852075577,0.9895470142364502,0.7873402833938599
YOL013C,YNL074C,0,-4.8297267,0.111635223031044,0.9895470142364502,0.7874564528465271
YCR009C,YKL034W,0,-4.8298726,0.11162059754133224,0.9895470142364502,0.7875725626945496
YLL018C-A,YJR091C,0,-4.829985,0.11160597205162048,0.9895470142364502,0.7876887321472168
YAL042W,YJR110W,0,-4.8301787,0.11159135401248932,0.9895470142364502,0.787804901599884
YHR169W,YPR065W,0,-4.830204,0.11157674342393875,0.9895470142364502,0.7879210114479065
YHR042W,YLR010C,0,-4.830313,0.11156213283538818,0.9895470142364502,0.7880371809005737
YKL086W,YDR086C,0,-4.8320584,0.11154752224683762,0.9895470142364502,0.7881532907485962
YJR076C,YHR039C,0,-4.832223,0.11153292655944824,0.9895470142364502,0.7882694602012634
YGL037C,YML098W,0,-4.8322387,0.11151832342147827,0.9895470142364502,0.7883855700492859
YIL070C,YIL119C,0,-4.833523,0.1115037277340889,0.9895470142364502,0.7885017395019531
YGL053W,YOR212W,0,-4.83367,0.11148913949728012,0.9895470142364502,0.7886179089546204
YCL026C-A,YDR195W,0,-4.833888,0.11147455126047134,0.9895470142364502,0.7887340188026428
YGR249W,YDR058C,0,-4.8339067,0.11145997047424316,0.9895470142364502,0.7888501882553101
YBR160W,YIL119C,0,-4.834007,0.11144538968801498,0.9895470142364502,0.7889662981033325
YOR319W,YBR066C,0,-4.834171,0.1114308163523674,0.9895470142364502,0.7890824675559998
YPR154W,YKL212W,0,-4.8343444,0.11141624301671982,0.9895470142364502,0.7891985774040222
YBL026W,YPL224C,0,-4.835036,0.11140167713165283,0.9895470142364502,0.7893147468566895
YAL054C,YML008C,0,-4.83599,0.11138711124658585,0.9895470142364502,0.7894309163093567
YDR397C,YER003C,0,-4.8365507,0.11137254536151886,0.9895470142364502,0.7895470261573792
YDR214W,YMR197C,0,-4.8366647,0.11135799437761307,0.9895470142364502,0.7896631956100464
YML058W-A,YGR222W,0,-4.8367205,0.11134343594312668,0.9895470142364502,0.7897793054580688
YCR048W,YDR481C,0,-4.837018,0.11132889240980148,0.9895470142364502,0.7898954749107361
YBR008C,YEL051W,0,-4.8370442,0.11131434887647629,0.9895470142364502,0.7900115847587585
YNL153C,YNL030W,0,-4.8373313,0.11129980534315109,0.9895470142364502,0.7901277542114258
YLR377C,YML092C,0,-4.838781,0.1112852692604065,0.9895470142364502,0.790243923664093
YDL045C,YHR161C,0,-4.8388324,0.1112707331776619,0.9895470142364502,0.7903600335121155
YKR095W,YPL171C,0,-4.8394294,0.1112562045454979,0.9895470142364502,0.7904762029647827
YBR059C,YFL018C,0,-4.8394794,0.11124167591333389,0.9895470142364502,0.7905923128128052
YBR160W,YHR138C,0,-4.8395963,0.11122715473175049,0.9895470142364502,0.7907084822654724
YGL226C-A,YJL121C,0,-4.8397965,0.11121263355016708,0.9895470142364502,0.7908246517181396
YBR183W,YER138C,0,-4.8398004,0.11119811981916428,0.9895470142364502,0.7909407615661621
YIR005W,YCR083W,0,-4.839884,0.11118360608816147,0.9895470142364502,0.7910569310188293
YLR034C,YLR277C,0,-4.840467,0.11116909980773926,0.9895470142364502,0.7911730408668518
YBR201W,YHR193C,0,-4.840771,0.11115460097789764,0.9895470142364502,0.791289210319519
YAL043C,YMR203W,0,-4.841747,0.11114010214805603,0.9895470142364502,0.7914053201675415
YDR309C,YIR033W,0,-4.841933,0.11112560331821442,0.9895470142364502,0.7915214896202087
YGL229C,YCR084C,0,-4.8425508,0.1111111119389534,0.9895470142364502,0.791637659072876
YBL061C,YFR003C,0,-4.842608,0.11109662055969238,0.9895470142364502,0.7917537689208984
YGL062W,YDR453C,0,-4.842648,0.11108213663101196,0.9895470142364502,0.7918699383735657
YLR081W,YNL110C,0,-4.8427496,0.11106766015291214,0.9895470142364502,0.7919860482215881
YOL063C,YDL083C,0,-4.843082,0.11105318367481232,0.9895470142364502,0.7921022176742554
YLL018C-A,YOR099W,0,-4.8433766,0.1110387071967125,0.9895470142364502,0.7922183275222778
YBL098W,YER031C,0,-4.8434453,0.11102423816919327,0.9895470142364502,0.7923344969749451
YCL008C,YKL034W,0,-4.8435817,0.11100976914167404,0.9895470142364502,0.7924506664276123
YFR052W,YER005W,0,-4.8436246,0.11099530756473541,0.9895470142364502,0.7925667762756348
YDR337W,YER070W,0,-4.843819,0.11098085343837738,0.9895470142364502,0.792682945728302
YDL088C,YDR040C,0,-4.8440804,0.11096639931201935,0.9895470142364502,0.7927990555763245
YDR116C,YCR053W,0,-4.8447976,0.11095194518566132,0.9895470142364502,0.7929152250289917
YDR191W,YEL060C,0,-4.8450007,0.11093749850988388,0.9895470142364502,0.7930313348770142
YDR046C,YNL281W,0,-4.845354,0.11092305928468704,0.9895470142364502,0.7931475043296814
YOR249C,YER003C,0,-4.845548,0.1109086200594902,0.9895470142364502,0.7932636737823486
YNL030W,YGR033C,0,-4.8461404,0.11089418083429337,0.9895470142364502,0.7933797836303711
YBL016W,YOR103C,0,-4.8464217,0.11087974905967712,0.9895470142364502,0.7934959530830383
YFL018C,YKR079C,0,-4.8465686,0.11086532473564148,0.9895470142364502,0.7936120629310608
YPR154W,YDR189W,0,-4.8473425,0.11085090041160583,0.9895470142364502,0.793728232383728
YBL050W,YDR398W,0,-4.847549,0.11083647608757019,0.9895470142364502,0.7938443422317505
YGL062W,YDR131C,0,-4.8477626,0.11082205921411514,0.9895470142364502,0.7939605116844177
YLL018C-A,YPR154W,0,-4.848653,0.11080764979124069,0.9895470142364502,0.794076681137085
YKR008W,YIL056W,0,-4.8491726,0.11079324036836624,0.9895470142364502,0.7941927909851074
YLR195C,YNL302C,0,-4.8494754,0.11077883094549179,0.9895470142364502,0.7943089604377747
YDR298C,YDL145C,0,-4.8496017,0.11076442897319794,0.9895470142364502,0.7944250702857971
YPL265W,YDL080C,0,-4.8498793,0.11075003445148468,0.9895470142364502,0.7945412397384644
YPL248C,YOR212W,0,-4.850188,0.11073563992977142,0.9895470142364502,0.7946573495864868
YBR145W,YFL041W,0,-4.850291,0.11072124540805817,0.9895470142364502,0.794773519039154
YNL270C,YIL034C,0,-4.8507323,0.1107068583369255,0.9895470142364502,0.7948896884918213
YFL023W,YOL142W,0,-4.851013,0.11069247871637344,0.9895470142364502,0.7950057983398438
YDR328C,YOR179C,0,-4.8515577,0.11067809909582138,0.9895470142364502,0.795121967792511
YNL129W,YGL172W,0,-4.851588,0.11066371947526932,0.9895470142364502,0.7952380776405334
YLR335W,YBR024W,0,-4.8520317,0.11064934730529785,0.9895470142364502,0.7953542470932007
YDR524C,YLR259C,0,-4.8523,0.11063498258590698,0.9895470142364502,0.7954703569412231
YER035W,YKL122C,0,-4.85237,0.11062061786651611,0.9895470142364502,0.7955865263938904
YHR116W,YBR256C,0,-4.8526235,0.11060626059770584,0.9895470142364502,0.7957026958465576
YOR099W,YIL008W,0,-4.8528786,0.11059190332889557,0.9895470142364502,0.7958188056945801
YFL016C,YNL088W,0,-4.853352,0.1105775460600853,0.9895470142364502,0.7959349751472473
YNR002C,YNL068C,0,-4.853497,0.11056319624185562,0.9895470142364502,0.7960510849952698
YLR304C,YCR053W,0,-4.853642,0.11054885387420654,0.9895470142364502,0.796167254447937
YLR377C,YJR139C,0,-4.853935,0.11053451150655746,0.9895470142364502,0.7962833642959595
YDL088C,YKL165C,0,-4.8541694,0.11052016913890839,0.9895470142364502,0.7963995337486267
YOR377W,YML080W,0,-4.854275,0.1105058342218399,0.9895470142364502,0.796515703201294
YBR185C,YPL258C,0,-4.8544536,0.11049150675535202,0.9895470142364502,0.7966318130493164
YMR184W,YGR239C,0,-4.854508,0.11047717928886414,0.9895470142364502,0.7967479825019836
YJL121C,YLR006C,0,-4.854733,0.11046285182237625,0.9895470142364502,0.7968640923500061
YKR095W,YPL224C,0,-4.8555264,0.11044853180646896,0.9895470142364502,0.7969802618026733
YLR394W,YIR041W,0,-4.8556366,0.11043421924114227,0.9895470142364502,0.7970963716506958
YBR132C,YLR034C,0,-4.8560967,0.11041990667581558,0.9895470142364502,0.797212541103363
YNR075W,YDL128W,0,-4.856213,0.11040560156106949,0.9895470142364502,0.7973287105560303
YJL102W,YCL008C,0,-4.8565125,0.1103912964463234,0.9895470142364502,0.7974448204040527
YPR138C,YIR018W,0,-4.856526,0.1103769913315773,0.9895470142364502,0.79756098985672
YFL029C,YDL232W,0,-4.85681,0.1103626936674118,0.9895470142364502,0.7976770997047424
YOR377W,YGR155W,0,-4.856848,0.1103484034538269,0.9895470142364502,0.7977932691574097
YKL150W,YBR037C,0,-4.8570285,0.110334113240242,0.9895470142364502,0.7979093790054321
YLL018C-A,YGL195W,0,-4.8572183,0.1103198230266571,0.9895470142364502,0.7980255484580994
YFL010W-A,YMR011W,0,-4.8574195,0.1103055402636528,0.9895470142364502,0.7981417179107666
YLR116W,YPL163C,0,-4.857512,0.1102912649512291,0.9895470142364502,0.7982578277587891
YGR088W,YFL048C,0,-4.8575563,0.11027698963880539,0.9895470142364502,0.7983739972114563
YMR011W,YHR041C,0,-4.857619,0.11026271432638168,0.9895470142364502,0.7984901070594788
YNL065W,YGL084C,0,-4.857865,0.11024844646453857,0.9895470142364502,0.798606276512146
YFR029W,YGR211W,0,-4.8580003,0.11023418605327606,0.9895470142364502,0.7987223863601685
YGR155W,YPR018W,0,-4.8580337,0.11021992564201355,0.9895470142364502,0.7988385558128357
YIL036W,YLR205C,0,-4.858145,0.11020566523075104,0.9895470142364502,0.7989547252655029
YMR012W,YHR001W-A,0,-4.8582134,0.11019141227006912,0.9895470142364502,0.7990708351135254
YER032W,YCR083W,0,-4.859428,0.11017715930938721,0.9895470142364502,0.7991870045661926
YHR171W,YIR041W,0,-4.859482,0.11016291379928589,0.9895470142364502,0.7993031144142151
YPL242C,YLL061W,0,-4.8598967,0.11014867573976517,0.9895470142364502,0.7994192838668823
YNL008C,YFL003C,0,-4.8600106,0.11013443768024445,0.9895470142364502,0.7995354533195496
YNL014W,YDR398W,0,-4.860086,0.11012019962072372,0.9895470142364502,0.799651563167572
YBL032W,YDR087C,0,-4.860144,0.1101059690117836,0.9895470142364502,0.7997677326202393
YBL098W,YNL110C,0,-4.861174,0.11009174585342407,0.9895470142364502,0.7998838424682617
YJL108C,YOL020W,0,-4.862431,0.11007752269506454,0.9895470142364502,0.800000011920929
YOR206W,YBR231C,0,-4.8632855,0.11006329953670502,0.9895470142364502,0.8001161217689514
YBR068C,YPR188C,0,-4.8633533,0.11004908382892609,0.9895470142364502,0.8002322912216187
YOL009C,YNL339C,0,-4.8635216,0.11003486812114716,0.9895470142364502,0.8003484606742859
YKL085W,YIL053W,0,-4.8638988,0.11002065986394882,0.9895470142364502,0.8004645705223083
YKR095W,YPR002W,0,-4.8641934,0.11000645905733109,0.9895470142364502,0.8005807399749756
YDR231C,YDL036C,0,-4.864351,0.10999225080013275,0.9895470142364502,0.800696849822998
YKL212W,YGR285C,0,-4.8649364,0.10997805744409561,0.9895470142364502,0.8008130192756653
YGL238W,YGR054W,0,-4.8651743,0.10996386408805847,0.9895470142364502,0.8009291291236877
YGR177C,YJL154C,0,-4.8671727,0.10994967073202133,0.9895470142364502,0.801045298576355
YJR091C,YBL033C,0,-4.8672423,0.10993548482656479,0.9895470142364502,0.8011614680290222
YOL121C,YDR453C,0,-4.867286,0.10992129892110825,0.9895470142364502,0.8012775778770447
YGL084C,YML073C,0,-4.8673577,0.1099071204662323,0.9895470142364502,0.8013937473297119
YGR097W,YNL147W,0,-4.86767,0.10989294201135635,0.9895470142364502,0.8015098571777344
YFL010W-A,YBR172C,0,-4.8706717,0.109878771007061,0.9895470142364502,0.8016260266304016
YHL040C,YBR058C-A,0,-4.870805,0.10986460000276566,0.9895470142364502,0.8017421364784241
YOR034C,YMR142C,0,-4.870979,0.1098504364490509,0.9895470142364502,0.8018583059310913
YER164W,YDR075W,0,-4.8710074,0.10983628034591675,0.9895470142364502,0.8019744753837585
YJL148W,YIL022W,0,-4.8711123,0.109822116792202,0.9895470142364502,0.802090585231781
YLR293C,YDL080C,0,-4.871674,0.10980796813964844,0.9895470142364502,0.8022067546844482
YKL205W,YPR165W,0,-4.871755,0.10979381203651428,0.9895470142364502,0.8023228645324707
YGL053W,YIL118W,0,-4.8718076,0.10977967083454132,0.9895470142364502,0.8024390339851379
YML102W,YOR386W,1,-4.872112,0.10989435762166977,0.9907084703445435,0.8024390339851379
YKL208W,YGL008C,0,-4.872273,0.10988020151853561,0.9907084703445435,0.8025551438331604
YDR021W,YMR011W,0,-4.872907,0.10986604541540146,0.9907084703445435,0.8026713132858276
YOL013C,YDR055W,0,-4.872971,0.1098518967628479,0.9907084703445435,0.8027874827384949
YGL180W,YNL164C,0,-4.8730006,0.10983775556087494,0.9907084703445435,0.8029035925865173
YKL093W,YBR218C,0,-4.873033,0.10982361435890198,0.9907084703445435,0.8030197620391846
YCL025C,YLR215C,0,-4.8732533,0.10980947315692902,0.9907084703445435,0.803135871887207
YBL032W,YOL122C,0,-4.8736744,0.10979533940553665,0.9907084703445435,0.8032520413398743
YER068W,YJR145C,0,-4.873832,0.10978121310472488,0.9907084703445435,0.8033681511878967
YLL026W,YPR032W,0,-4.8738375,0.10976707935333252,0.9907084703445435,0.803484320640564
YHR005C,YGL192W,0,-4.873954,0.10975296050310135,0.9907084703445435,0.8036004900932312
YFL025C,YGL008C,0,-4.874512,0.10973884165287018,0.9907084703445435,0.8037165999412537
YLL019C,YHR124W,0,-4.8746405,0.10972472280263901,0.9907084703445435,0.8038327693939209
YPR182W,YMR104C,0,-4.8750625,0.10971061140298843,0.9907084703445435,0.8039488792419434
YHR119W,YBR083W,0,-4.8755145,0.10969650000333786,0.9907084703445435,0.8040650486946106
YLR384C,YER070W,0,-4.875729,0.10968239605426788,0.9907084703445435,0.8041811585426331
YOL013C,YCR042C,0,-4.876012,0.1096682921051979,0.9907084703445435,0.8042973279953003
YDL230W,YMR139W,0,-4.8764596,0.10965419560670853,0.9907084703445435,0.8044134974479675
YML129C,YLR026C,0,-4.8765182,0.10964009910821915,0.9907084703445435,0.80452960729599
YMR298W,YGL098W,0,-4.877107,0.10962601006031036,0.9907084703445435,0.8046457767486572
YNL020C,YCL043C,0,-4.8772216,0.10961192846298218,0.9907084703445435,0.8047618865966797
YMR162C,YLR006C,0,-4.8772354,0.1095978394150734,0.9907084703445435,0.8048780560493469
YPR086W,YGR054W,0,-4.877844,0.1095837652683258,0.9907084703445435,0.8049941658973694
YGL053W,YMR079W,0,-4.878431,0.10956968367099762,0.9907084703445435,0.8051103353500366
YGR155W,YDL225W,0,-4.878431,0.10955560952425003,0.9907084703445435,0.8052265048027039
YLR116W,YDR058C,0,-4.8784537,0.10954154282808304,0.9907084703445435,0.8053426146507263
YJR145C,YDR131C,0,-4.87902,0.10952747613191605,0.9907084703445435,0.8054587841033936
YNL270C,YGL238W,0,-4.8793197,0.10951341688632965,0.9907084703445435,0.805574893951416
YML120C,YHR034C,0,-4.8794293,0.10949935764074326,0.9907084703445435,0.8056910634040833
YMR184W,YBL026W,0,-4.879612,0.10948530584573746,0.9907084703445435,0.8058071732521057
YBL033C,YGL011C,0,-4.879721,0.10947125405073166,0.9907084703445435,0.805923342704773
YHR150W,YNL339C,0,-4.8797746,0.10945720225572586,0.9907084703445435,0.8060395121574402
YDR195W,YCR072C,0,-4.8799133,0.10944315791130066,0.9907084703445435,0.8061556220054626
YML123C,YJR010C-A,0,-4.880408,0.10942912101745605,0.9907084703445435,0.8062717914581299
YER089C,YEL041W,0,-4.881313,0.10941508412361145,0.9907084703445435,0.8063879013061523
YLL026W,YBR083W,0,-4.8816915,0.10940105468034744,0.9907084703445435,0.8065040707588196
YCL026C-A,YPL211W,0,-4.881881,0.10938702523708344,0.9907084703445435,0.806620180606842
YML012W,YER032W,0,-4.8818917,0.10937299579381943,0.9907084703445435,0.8067363500595093
YLR304C,YNL311C,0,-4.8819833,0.10935897380113602,0.9907084703445435,0.8068525195121765
YHR193C,YBR008C,0,-4.8822174,0.1093449592590332,0.9907084703445435,0.806968629360199
YGL078C,YFL041W,0,-4.8825026,0.10933093726634979,0.9907084703445435,0.8070847988128662
YNL147W,YHR016C,0,-4.883044,0.10931693017482758,0.9907084703445435,0.8072009086608887
YLR160C,YEL016C,0,-4.8834023,0.10930292308330536,0.9907084703445435,0.8073170781135559
YPL177C,YPR052C,0,-4.883681,0.10928891599178314,0.9907084703445435,0.8074331879615784
YDR214W,YIL061C,0,-4.8839126,0.10927491635084152,0.9907084703445435,0.8075493574142456
YPL059W,YDL003W,0,-4.8841386,0.1092609167098999,0.9907084703445435,0.8076655268669128
YOR159C,YNR006W,0,-4.8845205,0.10924692451953888,0.9907084703445435,0.8077816367149353
YMR092C,YMR138W,0,-4.884576,0.10923293977975845,0.9907084703445435,0.8078978061676025
YBR295W,YDR058C,0,-4.8853436,0.10921894758939743,0.9907084703445435,0.808013916015625
YOR212W,YBR162C,0,-4.885511,0.1092049703001976,0.9907084703445435,0.8081300854682922
YER028C,YDR277C,0,-4.885806,0.10919098556041718,0.9907084703445435,0.8082462549209595
YML129C,YNR067C,0,-4.8868856,0.10917701572179794,0.9907084703445435,0.8083623647689819
YIR005W,YCR084C,0,-4.886887,0.10916303843259811,0.9907084703445435,0.8084785342216492
YCL026C-A,YBL061C,0,-4.8869066,0.10914906859397888,0.9907084703445435,0.8085946440696716
YGR239C,YMR266W,0,-4.886973,0.10913510620594025,0.9907084703445435,0.8087108135223389
YJL008C,YMR012W,0,-4.8872457,0.10912114381790161,0.9907084703445435,0.8088269233703613
YKL212W,YDR398W,0,-4.887859,0.10910718888044357,0.9907084703445435,0.8089430928230286
YGL192W,YGR111W,0,-4.888001,0.10909323394298553,0.9907084703445435,0.8090592622756958
YMR011W,YNL339C,0,-4.8880424,0.1090792864561081,0.9907084703445435,0.8091753721237183
YDL117W,YDL195W,0,-4.888302,0.10906533896923065,0.9907084703445435,0.8092915415763855
YPL242C,YER001W,0,-4.888339,0.10905139148235321,0.9907084703445435,0.809407651424408
YNL068C,YKL056C,0,-4.8897505,0.10903745144605637,0.9907084703445435,0.8095238208770752
YNL307C,YDR359C,1,-4.889913,0.10915132611989975,0.9918699264526367,0.8095238208770752
YER001W,YJL010C,0,-4.890027,0.10913737863302231,0.9918699264526367,0.8096399307250977
YMR092C,YNL230C,0,-4.8904185,0.10912343114614487,0.9918699264526367,0.8097561001777649
YDR046C,YIR022W,0,-4.891063,0.10910949110984802,0.9918699264526367,0.8098722696304321
YDR379W,YDL109C,0,-4.891895,0.10909555107355118,0.9918699264526367,0.8099883794784546
YGR262C,YKL191W,0,-4.8920627,0.10908161848783493,0.9918699264526367,0.8101045489311218
YFL010W-A,YGR158C,0,-4.892404,0.10906768590211868,0.9918699264526367,0.8102206587791443
YBR068C,YDR163W,0,-4.89366,0.10905376076698303,0.9918699264526367,0.8103368282318115
YMR011W,YNL222W,0,-4.8944864,0.10903983563184738,0.9918699264526367,0.810452938079834
YFR028C,YER179W,0,-4.8948493,0.10902591794729233,0.9918699264526367,0.8105691075325012
YOL127W,YDR189W,0,-4.8954034,0.10901200026273727,0.9918699264526367,0.8106852769851685
YBR160W,YPL026C,0,-4.8955646,0.10899808257818222,0.9918699264526367,0.8108013868331909
YDR231C,YGL172W,0,-4.8960433,0.10898417234420776,0.9918699264526367,0.8109175562858582
YBR039W,YGL151W,0,-4.897156,0.1089702695608139,0.9918699264526367,0.8110336661338806
YHR181W,YAR009C,0,-4.897269,0.10895636677742004,0.9918699264526367,0.8111498355865479
YDL232W,YNL339C,0,-4.897817,0.10894246399402618,0.9918699264526367,0.8112659454345703
YBL098W,YKR055W,0,-4.899613,0.10892856866121292,0.9918699264526367,0.8113821148872375
YIL128W,YOR386W,1,-4.9004602,0.1090422123670578,0.99303138256073,0.8113821148872375
YPL258C,YBR162C,0,-4.900582,0.10902830958366394,0.99303138256073,0.8114982843399048
YNL149C,YOL142W,0,-4.901248,0.10901440680027008,0.99303138256073,0.8116143941879272
YCR072C,YOR087W,0,-4.90126,0.10900051146745682,0.99303138256073,0.8117305636405945
YML047C,YKL086W,0,-4.9013886,0.10898661613464355,0.99303138256073,0.8118466734886169
YJR070C,YPR052C,0,-4.901508,0.10897272825241089,0.99303138256073,0.8119628429412842
YPL043W,YHR203C,0,-4.9017234,0.10895884037017822,0.99303138256073,0.8120789527893066
YPR188C,YLR467W,0,-4.9020987,0.10894495248794556,0.99303138256073,0.8121951222419739
YLL018C-A,YLR135W,0,-4.902357,0.10893107205629349,0.99303138256073,0.8123112916946411
YBL080C,YOR344C,0,-4.902741,0.10891719907522202,0.99303138256073,0.8124274015426636
YMR119W,YLR026C,0,-4.9034696,0.10890332609415054,0.99303138256073,0.8125435709953308
YFL025C,YGR155W,0,-4.9036074,0.10888945311307907,0.99303138256073,0.8126596808433533
YLR332W,YDL138W,0,-4.903728,0.1088755875825882,0.99303138256073,0.8127758502960205
YOL126C,YLR006C,0,-4.903795,0.10886172950267792,0.99303138256073,0.812891960144043
YNL065W,YPL177C,0,-4.903841,0.10884786397218704,0.99303138256073,0.8130081295967102
YGL078C,YOL113W,0,-4.9043984,0.10883401334285736,0.99303138256073,0.8131242990493774
YJL102W,YOL031C,0,-4.9045734,0.10882016271352768,0.99303138256073,0.8132404088973999
YPR165W,YBL093C,0,-4.9050274,0.108806312084198,0.99303138256073,0.8133565783500671
YKL085W,YPR155C,0,-4.9051433,0.10879246890544891,0.99303138256073,0.8134726881980896
YML012W,YJL108C,0,-4.9053035,0.10877862572669983,0.99303138256073,0.8135888576507568
YJL148W,YLR090W,0,-4.9055543,0.10876478999853134,0.99303138256073,0.8137049674987793
YCL026C-A,YEL060C,0,-4.9057703,0.10875095427036285,0.99303138256073,0.8138211369514465
YGL195W,YNL302C,0,-4.905902,0.10873712599277496,0.99303138256073,0.8139373064041138
YPL171C,YCL043C,0,-4.9063153,0.10872329771518707,0.99303138256073,0.8140534162521362
YML047C,YGL030W,0,-4.9063363,0.10870946943759918,0.99303138256073,0.8141695857048035
YJL108C,YHR167W,0,-4.9065804,0.10869564861059189,0.99303138256073,0.8142856955528259
YKL122C,YKR079C,0,-4.9065814,0.10868183523416519,0.99303138256073,0.8144018650054932
YKL011C,YDR207C,0,-4.9066505,0.1086680218577385,0.99303138256073,0.8145179748535156
YMR119W,YNR026C,0,-4.9069333,0.1086542159318924,0.99303138256073,0.8146341443061829
YNL127W,YOL020W,0,-4.907555,0.1086404100060463,0.99303138256073,0.8147503137588501
YOL126C,YHR073W,0,-4.907848,0.1086266040802002,0.99303138256073,0.8148664236068726
YDR009W,YJL207C,0,-4.9078994,0.10861280560493469,0.99303138256073,0.8149825930595398
YCR107W,YDR451C,0,-4.9079394,0.10859900712966919,0.99303138256073,0.8150987029075623
YLL061W,YGL098W,0,-4.908019,0.10858521610498428,0.99303138256073,0.8152148723602295
YMR150C,YKR059W,0,-4.9080234,0.10857142508029938,0.99303138256073,0.815330982208252
YKL011C,YCR102C,0,-4.9080744,0.10855764150619507,0.99303138256073,0.8154471516609192
YJL008C,YBL016W,0,-4.9081845,0.10854386538267136,0.99303138256073,0.8155633211135864
YBR201W,YNL281W,0,-4.9084926,0.10853008180856705,0.99303138256073,0.8156794309616089
YHR001W-A,YDR363W-A,0,-4.9085956,0.10851630568504333,0.99303138256073,0.8157956004142761
YGR249W,YDR337W,0,-4.9088798,0.10850253701210022,0.99303138256073,0.8159117102622986
YPR082C,YOR230W,0,-4.908981,0.1084887683391571,0.99303138256073,0.8160278797149658
YOR349W,YBR010W,0,-4.909006,0.10847500711679459,0.99303138256073,0.8161439895629883
YML073C,YOR172W,0,-4.9091253,0.10846124589443207,0.99303138256073,0.8162601590156555
YGL180W,YGR088W,0,-4.909345,0.10844749212265015,0.99303138256073,0.8163763284683228
YPR134W,YBR105C,0,-4.909532,0.10843373835086823,0.99303138256073,0.8164924383163452
YNL147W,YOL020W,0,-4.909659,0.1084199845790863,0.99303138256073,0.8166086077690125
YDL142C,YOR209C,0,-4.909969,0.10840623825788498,0.99303138256073,0.8167247176170349
YJL072C,YMR175W,0,-4.910146,0.10839249193668365,0.99303138256073,0.8168408870697021
YIL070C,YNR015W,0,-4.9102755,0.10837875306606293,0.99303138256073,0.8169569969177246
YFL057C,YAL007C,0,-4.9106216,0.1083650216460228,0.99303138256073,0.8170731663703918
YHR194W,YBR024W,0,-4.9106865,0.10835128277540207,0.99303138256073,0.8171893358230591
YNL268W,YML131W,0,-4.9108043,0.10833755880594254,0.99303138256073,0.8173054456710815
YMR029C,YOL002C,0,-4.9108176,0.108323834836483,0.99303138256073,0.8174216151237488
YDR478W,YJL052W,0,-4.910896,0.10831011086702347,0.99303138256073,0.8175377249717712
YGL105W,YOR377W,0,-4.9112163,0.10829638689756393,0.99303138256073,0.8176538944244385
YOR160W,YPL026C,0,-4.9115353,0.1082826778292656,0.99303138256073,0.8177700638771057
YML093W,YMR089C,0,-4.9115534,0.10826896131038666,0.99303138256073,0.8178861737251282
YBR160W,YMR296C,0,-4.9118304,0.10825525224208832,0.99303138256073,0.8180023431777954
YOR098C,YOR148C,0,-4.912055,0.10824155062437057,0.99303138256073,0.8181184530258179
YBR089C-A,YDL150W,0,-4.9125314,0.10822784900665283,0.99303138256073,0.8182346224784851
YHR174W,YDR453C,0,-4.912556,0.10821414738893509,0.99303138256073,0.8183507323265076
YDR174W,YJR045C,0,-4.912843,0.10820045322179794,0.99303138256073,0.8184669017791748
YDR046C,YMR052W,0,-4.9129558,0.1081867665052414,0.99303138256073,0.818583071231842
YPR165W,YOL129W,0,-4.9129624,0.10817307978868484,0.99303138256073,0.8186991810798645
YNL147W,YGR285C,0,-4.9130425,0.1081593930721283,0.99303138256073,0.8188153505325317
YFR030W,YDR116C,0,-4.913052,0.10814571380615234,0.99303138256073,0.8189314603805542
YIL022W,YGR211W,0,-4.9140964,0.10813203454017639,0.99303138256073,0.8190476298332214
YFL011W,YLR425W,0,-4.9148526,0.10811836272478104,0.99303138256073,0.8191637396812439
YBR039W,YMR232W,0,-4.9161344,0.10810469090938568,0.99303138256073,0.8192799091339111
YPL224C,YCR083W,0,-4.9161625,0.10809102654457092,0.99303138256073,0.8193960785865784
YGR239C,YOL121C,0,-4.9162273,0.10807736217975616,0.99303138256073,0.8195121884346008
YPR070W,YCR083W,0,-4.916669,0.1080636978149414,0.99303138256073,0.8196283578872681
YDL013W,YML131W,0,-4.9168425,0.10805004090070724,0.99303138256073,0.8197444677352905
YLR293C,YOL108C,0,-4.917394,0.10803639143705368,0.99303138256073,0.8198606371879578
YLR259C,YCR060W,0,-4.917418,0.10802274197340012,0.99303138256073,0.8199767470359802
YDR009W,YOL049W,0,-4.9175267,0.10800909250974655,0.99303138256073,0.8200929164886475
YBR160W,YNL074C,0,-4.9176855,0.10799545049667358,0.99303138256073,0.8202090859413147
YEL060C,YMR216C,0,-4.9179573,0.10798181593418121,0.99303138256073,0.8203251957893372
YDL145C,YBL026W,0,-4.9182673,0.10796818137168884,0.99303138256073,0.8204413652420044
YMR092C,YLR332W,0,-4.9183946,0.10795454680919647,0.99303138256073,0.8205574750900269
YMR232W,YDR425W,0,-4.9192166,0.1079409196972847,0.99303138256073,0.8206736445426941
YPL265W,YAL007C,0,-4.9202356,0.10792729258537292,0.99303138256073,0.8207897543907166
YBR038W,YMR203W,0,-4.920414,0.10791366547346115,0.99303138256073,0.8209059238433838
YBR164C,YHR039C,0,-4.9209876,0.10790005326271057,0.99303138256073,0.821022093296051
YHR174W,YDL154W,0,-4.9210935,0.1078864336013794,0.99303138256073,0.8211382031440735
YOL164W,YLR467W,0,-4.9210973,0.10787282139062881,0.99303138256073,0.8212543725967407
YBR008C,YBR240C,0,-4.9212904,0.10785921663045883,0.99303138256073,0.8213704824447632
YNL220W,YNL009W,0,-4.9214406,0.10784561187028885,0.99303138256073,0.8214866518974304
YGL122C,YBL093C,0,-4.9215884,0.10783200711011887,0.99303138256073,0.8216027617454529
YGL155W,YNL281W,0,-4.9220405,0.10781840980052948,0.99303138256073,0.8217189311981201
YOR377W,YKR038C,0,-4.922051,0.10780481994152069,0.99303138256073,0.8218351006507874
YIL142W,YML058W-A,0,-4.922157,0.1077912226319313,0.99303138256073,0.8219512104988098
YJL183W,YCR083W,0,-4.922254,0.10777764022350311,0.99303138256073,0.822067379951477
YBR049C,YKL080W,0,-4.9229364,0.10776405036449432,0.99303138256073,0.8221834897994995
YBL093C,YPL106C,0,-4.9246135,0.10775047540664673,0.99303138256073,0.8222996592521667
YOR034C,YFL041W,0,-4.924854,0.10773689299821854,0.99303138256073,0.8224157691001892
YPR182W,YER072W,0,-4.9252477,0.10772331804037094,0.99303138256073,0.8225319385528564
YKL208W,YBR218C,0,-4.9252486,0.10770975053310394,0.99303138256073,0.8226481080055237
YGR158C,YCL043C,0,-4.9253197,0.10769618302583694,0.99303138256073,0.8227642178535461
YOR002W,YML093W,0,-4.9254174,0.10768262296915054,0.99303138256073,0.8228803873062134
YIL070C,YPR052C,0,-4.9254746,0.10766906291246414,0.99303138256073,0.8229964971542358
YAL054C,YIL080W,0,-4.9255786,0.10765550285577774,0.99303138256073,0.8231126666069031
YJR017C,YDR397C,0,-4.9256063,0.10764195024967194,0.99303138256073,0.8232287764549255
YDR423C,YML113W,0,-4.925629,0.10762839764356613,0.99303138256073,0.8233449459075928
YBR038W,YCL054W,0,-4.926108,0.10761485248804092,0.99303138256073,0.82346111536026
YHR174W,YOR103C,0,-4.9261317,0.10760130733251572,0.99303138256073,0.8235772252082825
YFL011W,YDL019C,0,-4.9266896,0.1075877696275711,0.99303138256073,0.8236933946609497
YOR144C,YNL307C,1,-4.927316,0.10770004987716675,0.9941927790641785,0.8236933946609497
YHL040C,YDL150W,0,-4.9277472,0.10768650472164154,0.9941927790641785,0.8238095045089722
YCL014W,YBR083W,0,-4.9283147,0.10767295956611633,0.9941927790641785,0.8239256739616394
YGL011C,YKL056C,0,-4.9298162,0.10765941441059113,0.9941927790641785,0.8240417838096619
YAL022C,YPL253C,0,-4.929892,0.10764587670564651,0.9941927790641785,0.8241579532623291
YJR102C,YOR287C,0,-4.930033,0.1076323390007019,0.9941927790641785,0.8242741227149963
YNL065W,YDR481C,0,-4.9302983,0.10761880874633789,0.9941927790641785,0.8243902325630188
YKL160W,YNL061W,0,-4.931023,0.10760527849197388,0.9941927790641785,0.824506402015686
YNL074C,YLR346C,0,-4.931063,0.10759175568819046,0.9941927790641785,0.8246225118637085
YML014W,YER072W,0,-4.9314036,0.10757823288440704,0.9941927790641785,0.8247386813163757
YBR177C,YDR451C,0,-4.9316883,0.10756471753120422,0.9941927790641785,0.8248547911643982
YHR019C,YJL026W,0,-4.932611,0.1075512021780014,0.9941927790641785,0.8249709606170654
YMR092C,YGL011C,0,-4.933017,0.10753768682479858,0.9941927790641785,0.8250871300697327
YBL098W,YMR012W,0,-4.9334455,0.10752417892217636,0.9941927790641785,0.8252032399177551
YIL155C,YJL102W,0,-4.9341555,0.10751067847013474,0.9941927790641785,0.8253194093704224
YIL159W,YJL052W,0,-4.9342933,0.10749717801809311,0.9941927790641785,0.8254355192184448
YML092C,YCR061W,0,-4.9343133,0.10748367756605148,0.9941927790641785,0.8255516886711121
YLR355C,YGR249W,0,-4.9343367,0.10747018456459045,0.9941927790641785,0.8256677985191345
YNL065W,YDL230W,0,-4.9344015,0.10745669156312943,0.9941927790641785,0.8257839679718018
YGR003W,YML008C,0,-4.934487,0.10744320601224899,0.9941927790641785,0.825900137424469
YCL014W,YOL039W,0,-4.934711,0.10742972046136856,0.9941927790641785,0.8260162472724915
YDR098C,YJR070C,0,-4.9352226,0.10741623491048813,0.9941927790641785,0.8261324167251587
YMR296C,YCL063W,0,-4.9354086,0.1074027568101883,0.9941927790641785,0.8262485265731812
YFL025C,YGR180C,0,-4.935882,0.10738928616046906,0.9941927790641785,0.8263646960258484
YDR046C,YNL167C,0,-4.9361444,0.10737581551074982,0.9941927790641785,0.8264808654785156
YNL065W,YIL106W,0,-4.9363513,0.10736234486103058,0.9941927790641785,0.8265969753265381
YIL155C,YDL087C,0,-4.9364204,0.10734888166189194,0.9941927790641785,0.8267131447792053
YNL148C,YDR273W,0,-4.936729,0.10733542591333389,0.9941927790641785,0.8268292546272278
YHR169W,YGR285C,0,-4.936971,0.10732196271419525,0.9941927790641785,0.826945424079895
YMR266W,YJL145W,0,-4.937005,0.1073085144162178,0.9941927790641785,0.8270615339279175
YMR301C,YNL186W,0,-4.937021,0.10729505866765976,0.9941927790641785,0.8271777033805847
YLR332W,YCL043C,0,-4.937116,0.10728161782026291,0.9941927790641785,0.827293872833252
YNL068C,YER089C,0,-4.9375596,0.10726816952228546,0.9941927790641785,0.8274099826812744
YDR055W,YMR203W,0,-4.938084,0.10725472867488861,0.9941927790641785,0.8275261521339417
YBR068C,YIL084C,0,-4.9390564,0.10724129527807236,0.9941927790641785,0.8276422619819641
YPR155C,YGL172W,0,-4.9399962,0.1072278618812561,0.9941927790641785,0.8277584314346313
YGR248W,YIL063C,0,-4.9405537,0.10721442848443985,0.9941927790641785,0.8278745412826538
YDR423C,YPL026C,0,-4.941006,0.1072010025382042,0.9941927790641785,0.827990710735321
YPL091W,YBR192W,0,-4.9419703,0.10718757659196854,0.9941927790641785,0.8281068801879883
YIL118W,YER031C,0,-4.9421573,0.10717415809631348,0.9941927790641785,0.8282229900360107
YPL209C,YNL074C,0,-4.942304,0.10716073960065842,0.9941927790641785,0.828339159488678
YER003C,YDL140C,0,-4.942385,0.10714732855558395,0.9941927790641785,0.8284552693367004
YMR012W,YLR081W,0,-4.942865,0.10713391751050949,0.9941927790641785,0.8285714387893677
YIR015W,YCR061W,0,-4.942972,0.10712051391601562,0.9941927790641785,0.8286875486373901
YJR070C,YOL066C,0,-4.94303,0.10710711032152176,0.9941927790641785,0.8288037180900574
YGL004C,YCR072C,0,-4.9433846,0.1070937067270279,0.9941927790641785,0.8289198875427246
YHR193C,YGL068W,0,-4.944717,0.10708031058311462,0.9941927790641785,0.8290359973907471
YPL188W,YMR175W,0,-4.944944,0.10706691443920135,0.9941927790641785,0.8291521668434143
YMR072W,YAL007C,0,-4.944985,0.10705352574586868,0.9941927790641785,0.8292682766914368
YLR304C,YBL009W,0,-4.94506,0.10704013705253601,0.9941927790641785,0.829384446144104
YBR155W,YAL016W,0,-4.946413,0.10702675580978394,0.9941927790641785,0.8295005559921265
YDR055W,YAL043C,0,-4.946626,0.10701337456703186,0.9941927790641785,0.8296167254447937
YOL013C,YHR161C,0,-4.94663,0.10700000077486038,0.9941927790641785,0.8297328948974609
YBR132C,YER068W,0,-4.947644,0.1069866269826889,0.9941927790641785,0.8298490047454834
YPR046W,YHR042W,0,-4.948177,0.10697325319051743,0.9941927790641785,0.8299651741981506
YML008C,YEL060C,0,-4.9482455,0.10695988684892654,0.9941927790641785,0.8300812840461731
YOR239W,YGL092W,0,-4.9482784,0.10694652795791626,0.9941927790641785,0.8301974534988403
YKL150W,YLR193C,0,-4.94846,0.10693316906690598,0.9941927790641785,0.8303135633468628
YBR233W-A,YBR183W,0,-4.9484935,0.10691981017589569,0.9941927790641785,0.83042973279953
YOL133W,YNL241C,0,-4.948628,0.106906458735466,0.9941927790641785,0.8305459022521973
YOR210W,YLR147C,0,-4.9500823,0.10689310729503632,0.9941927790641785,0.8306620121002197
YCL025C,YGL084C,0,-4.9503007,0.10687976330518723,0.9941927790641785,0.830778181552887
YJR140C,YPR154W,0,-4.9507875,0.10686641931533813,0.9941927790641785,0.8308942914009094
YOR099W,YHR001W-A,0,-4.950982,0.10685307532548904,0.9941927790641785,0.8310104608535767
YOR221C,YOR340C,0,-4.950988,0.10683973878622055,0.9941927790641785,0.8311265707015991
YGL105W,YAL022C,0,-4.951751,0.10682640969753265,0.9941927790641785,0.8312427401542664
YBR177C,YCR053W,0,-4.9520354,0.10681308060884476,0.9941927790641785,0.8313589096069336
YML120C,YDR372C,0,-4.9520392,0.10679975152015686,0.9941927790641785,0.831475019454956
YDL175C,YJL048C,0,-4.9524546,0.10678642988204956,0.9941927790641785,0.8315911889076233
YOL045W,YNL186W,0,-4.952768,0.10677310824394226,0.9941927790641785,0.8317072987556458
YLR008C,YJL052W,0,-4.9532537,0.10675979405641556,0.9941927790641785,0.831823468208313
YKL195W,YJL025W,0,-4.953358,0.10674647986888885,0.9941927790641785,0.8319395780563354
YMR012W,YMR091C,0,-4.9543214,0.10673316568136215,0.9941927790641785,0.8320557475090027
YJL034W,YDR195W,0,-4.9546757,0.10671985894441605,0.9941927790641785,0.8321719169616699
YPR072W,YGL229C,0,-4.9551764,0.10670655965805054,0.9941927790641785,0.8322880268096924
YNL030W,YPL106C,0,-4.955297,0.10669326037168503,0.9941927790641785,0.8324041962623596
YGR010W,YML055W,0,-4.9567304,0.10667996108531952,0.9941927790641785,0.8325203061103821
YLR242C,YBR172C,0,-4.956824,0.1066666692495346,0.9941927790641785,0.8326364755630493
YDR046C,YDR131C,0,-4.9573026,0.1066533774137497,0.9941927790641785,0.8327525854110718
YDR046C,YIR018W,0,-4.957729,0.10664009302854538,0.9941927790641785,0.832868754863739
YDR480W,YLR293C,0,-4.957886,0.10662680864334106,0.9941927790641785,0.8329849243164062
YAL042W,YOL039W,0,-4.9579597,0.10661352425813675,0.9941927790641785,0.8331010341644287
YGL247W,YPR052C,0,-4.9588532,0.10660024732351303,0.9941927790641785,0.833217203617096
YNL220W,YGL229C,0,-4.9589157,0.10658697783946991,0.9941927790641785,0.8333333134651184
YML058W-A,YMR104C,0,-4.9589252,0.10657370835542679,0.9941927790641785,0.8334494829177856
YLR008C,YDL138W,0,-4.9590554,0.10656043887138367,0.9941927790641785,0.8335655927658081
YDL230W,YOR106W,0,-4.9593205,0.10654717683792114,0.9941927790641785,0.8336817622184753
YKL146W,YMR232W,0,-4.959498,0.10653391480445862,0.9941927790641785,0.8337979316711426
YIR033W,YLR346C,0,-4.959681,0.10652066022157669,0.9941927790641785,0.833914041519165
YKR038C,YMR079W,0,-4.9598184,0.10650740563869476,0.9941927790641785,0.8340302109718323
YLR160C,YML098W,0,-4.9601207,0.10649415105581284,0.9941927790641785,0.8341463208198547
YDR195W,YDR453C,0,-4.960131,0.1064809039235115,0.9941927790641785,0.834262490272522
YLR293C,YGL016W,0,-4.9602065,0.10646766424179077,0.9941927790641785,0.8343786001205444
YFL048C,YMR079W,0,-4.9607673,0.10645442456007004,0.9941927790641785,0.8344947695732117
YHR124W,YHR016C,0,-4.961371,0.1064411848783493,0.9941927790641785,0.8346109390258789
YDL126C,YGL016W,0,-4.9614596,0.10642795264720917,0.9941927790641785,0.8347270488739014
YDL145C,YHR016C,0,-4.961709,0.10641472041606903,0.9941927790641785,0.8348432183265686
YDR277C,YAL043C,0,-4.961756,0.1064014881849289,0.9941927790641785,0.8349593281745911
YHR039C,YIL008W,0,-4.962332,0.10638827085494995,0.9941927790641785,0.8350754976272583
YKL197C,YBR183W,0,-4.9632144,0.10637504607439041,0.9941927790641785,0.8351916670799255
YER165W,YIL061C,0,-4.9633746,0.10636182874441147,0.9941927790641785,0.835307776927948
YBR164C,YLR205C,0,-4.963768,0.10634861141443253,0.9941927790641785,0.8354239463806152
YHR171W,YDL079C,0,-4.964191,0.10633540153503418,0.9941927790641785,0.8355400562286377
YNL280C,YPR182W,0,-4.964538,0.10632219910621643,0.9941927790641785,0.8356562256813049
YDR174W,YLR259C,0,-4.964934,0.10630898922681808,0.9941927790641785,0.8357723355293274
YBR233W-A,YIL155C,0,-4.965146,0.10629578679800034,0.9941927790641785,0.8358885049819946
YER019W,YGL037C,0,-4.9651976,0.10628259181976318,0.9941927790641785,0.8360046744346619
YNL088W,YNL044W,0,-4.965817,0.10626939684152603,0.9941927790641785,0.8361207842826843
YPR083W,YPR181C,0,-4.9662275,0.10625620931386948,0.9941927790641785,0.8362369537353516
YER001W,YNL131W,0,-4.9666057,0.10624302178621292,0.9941927790641785,0.836353063583374
YGL256W,YER032W,0,-4.9666553,0.10622983425855637,0.9941927790641785,0.8364692330360413
YMR263W,YCR102C,0,-4.967186,0.10621665418148041,0.9941927790641785,0.8365853428840637
YOR221C,YDR453C,0,-4.9689646,0.10620347410440445,0.9941927790641785,0.836701512336731
YLR259C,YKL195W,0,-4.969625,0.10619030147790909,0.9941927790641785,0.8368176817893982
YHR174W,YJR091C,0,-4.9700723,0.10617712885141373,0.9941927790641785,0.8369337916374207
YFL057C,YDR013W,0,-4.9701915,0.10616395622491837,0.9941927790641785,0.8370499610900879
YOR002W,YLL011W,0,-4.970406,0.1061507910490036,0.9941927790641785,0.8371660709381104
YNR002C,YDR498C,0,-4.9707017,0.10613763332366943,0.9941927790641785,0.8372822403907776
YLR011W,YGL030W,0,-4.971142,0.10612447559833527,0.9941927790641785,0.8373983502388
YLR048W,YBR152W,0,-4.9711576,0.1061113178730011,0.9941927790641785,0.8375145196914673
YPL190C,YDR086C,0,-4.9716325,0.10609816759824753,0.9941927790641785,0.8376306891441345
YMR092C,YDL003W,0,-4.972835,0.10608501732349396,0.9941927790641785,0.837746798992157
YDL045C,YPR032W,0,-4.973041,0.10607187449932098,0.9941927790641785,0.8378629684448242
YBR010W,YDR083W,0,-4.9732895,0.10605873167514801,0.9941927790641785,0.8379790782928467
YCR048W,YHL040C,0,-4.9740176,0.10604558885097504,0.9941927790641785,0.8380952477455139
YGL124C,YOR272W,0,-4.974031,0.10603245347738266,0.9941927790641785,0.8382113575935364
YOR377W,YCL043C,0,-4.9741344,0.10601931810379028,0.9941927790641785,0.8383275270462036
YDR075W,YDL036C,0,-4.974588,0.1060061901807785,0.9941927790641785,0.8384436964988708
YDL197C,YLL011W,0,-4.974632,0.10599306225776672,0.9941927790641785,0.8385598063468933
YGL068W,YOR159C,0,-4.9746776,0.10597994178533554,0.9941927790641785,0.8386759757995605
YBR068C,YIL036W,0,-4.974729,0.10596682131290436,0.9941927790641785,0.838792085647583
YGR224W,YNL129W,0,-4.9747763,0.10595370829105377,0.9941927790641785,0.8389082551002502
YEL060C,YIL056W,0,-4.97489,0.10594059526920319,0.9941927790641785,0.8390243649482727
YFL016C,YGR129W,0,-4.9754715,0.1059274822473526,0.9941927790641785,0.8391405344009399
YKL093W,YDL195W,0,-4.975555,0.10591437667608261,0.9941927790641785,0.8392567038536072
YPR200C,YNL339C,0,-4.9759994,0.10590127110481262,0.9941927790641785,0.8393728137016296
YBR008C,YDR379W,0,-4.9760294,0.10588817298412323,0.9941927790641785,0.8394889831542969
YHR150W,YGL037C,0,-4.97664,0.10587507486343384,0.9941927790641785,0.8396050930023193
YPR052C,YGL037C,0,-4.976641,0.10586198419332504,0.9941927790641785,0.8397212624549866
YGR248W,YDL217C,0,-4.9766746,0.10584889352321625,0.9941927790641785,0.839837372303009
YNL282W,YER117W,0,-4.9771194,0.10583580285310745,0.9941927790641785,0.8399535417556763
YMR138W,YJL121C,0,-4.977512,0.10582271963357925,0.9941927790641785,0.8400697112083435
YOL129W,YML131W,0,-4.9786706,0.10580964386463165,0.9941927790641785,0.840185821056366
YDL126C,YBR192W,0,-4.9786735,0.10579656064510345,0.9941927790641785,0.8403019905090332
YNL008C,YGR211W,0,-4.9789414,0.10578349232673645,0.9941927790641785,0.8404181003570557
YGL195W,YBR192W,0,-4.9790034,0.10577041655778885,0.9941927790641785,0.8405342698097229
YLL061W,YOL105C,0,-4.9792824,0.10575734823942184,0.9941927790641785,0.8406503796577454
YIL070C,YHR023W,0,-4.9794307,0.10574428737163544,0.9941927790641785,0.8407665491104126
YMR072W,YMR266W,0,-4.9796977,0.10573122650384903,0.9941927790641785,0.8408827185630798
YFL018C,YDL036C,0,-4.979817,0.10571816563606262,0.9941927790641785,0.8409988284111023
YGL256W,YJR017C,0,-4.9798465,0.10570511221885681,0.9941927790641785,0.8411149978637695
YFL057C,YJL052W,0,-4.980046,0.105692058801651,0.9941927790641785,0.841231107711792
YIL034C,YFR003C,0,-4.980839,0.10567901283502579,0.9941927790641785,0.8413472771644592
YJL214W,YNL164C,0,-4.9808626,0.10566596686840057,0.9941927790641785,0.8414633870124817
YFL009W,YJR070C,0,-4.981132,0.10565292835235596,0.9941927790641785,0.8415795564651489
YLR259C,YCR009C,0,-4.9815335,0.10563988983631134,0.9941927790641785,0.8416957259178162
YDL232W,YDR055W,0,-4.981712,0.10562685132026672,0.9941927790641785,0.8418118357658386
YHR005C,YJL145W,0,-4.9819703,0.1056138202548027,0.9941927790641785,0.8419280052185059
YKR066C,YKL166C,0,-4.982192,0.10560078918933868,0.9941927790641785,0.8420441150665283
YLR160C,YBR105C,0,-4.9822326,0.10558776557445526,0.9941927790641785,0.8421602845191956
YLR355C,YOL038W,0,-4.9823546,0.10557474195957184,0.9941927790641785,0.842276394367218
YJR091C,YPL082C,0,-4.9825063,0.10556171834468842,0.9941927790641785,0.8423925638198853
YBR083W,YDL217C,0,-4.982899,0.10554870218038559,0.9941927790641785,0.8425087332725525
YBR068C,YNR075W,0,-4.9830174,0.10553569346666336,0.9941927790641785,0.842624843120575
YDL014W,YPL234C,0,-4.98303,0.10552268475294113,0.9941927790641785,0.8427410125732422
YFR030W,YGR059W,0,-4.98323,0.1055096760392189,0.9941927790641785,0.8428571224212646
YBL026W,YOL127W,0,-4.9833894,0.10549667477607727,0.9941927790641785,0.8429732918739319
YBR132C,YIL109C,0,-4.983453,0.10548367351293564,0.9941927790641785,0.8430894017219543
YDR231C,YDL232W,0,-4.98387,0.105470672249794,0.9941927790641785,0.8432055711746216
YDR432W,YPR002W,0,-4.983872,0.10545767843723297,0.9941927790641785,0.8433217406272888
YLR025W,YPL106C,0,-4.984172,0.10544469207525253,0.9941927790641785,0.8434378504753113
YNL061W,YOL069W,0,-4.98544,0.1054317057132721,0.9941927790641785,0.8435540199279785
YBR068C,YNL068C,0,-4.985664,0.10541871935129166,0.9941927790641785,0.843670129776001
YMR011W,YDR498C,0,-4.9864283,0.10540574043989182,0.9941927790641785,0.8437862992286682
YDR163W,YHR019C,0,-4.986734,0.10539276152849197,0.9941927790641785,0.8439024686813354
YBR024W,YGR192C,0,-4.9874806,0.10537978261709213,0.9941927790641785,0.8440185785293579
YCL055W,YDL083C,0,-4.9891486,0.10536681115627289,0.9941927790641785,0.8441347479820251
YLR160C,YDR425W,0,-4.9892344,0.10535384714603424,0.9941927790641785,0.8442508578300476
YNR002C,YDL126C,0,-4.989859,0.1053408831357956,0.9941927790641785,0.8443670272827148
YCR072C,YHR041C,0,-4.990019,0.10532791912555695,0.9941927790641785,0.8444831371307373
YGR155W,YDR086C,0,-4.990107,0.1053149625658989,0.9941927790641785,0.8445993065834045
YPL021W,YGR248W,0,-4.9902873,0.10530200600624084,0.9941927790641785,0.8447154760360718
YMR216C,YPL239W,0,-4.9905763,0.1052890494465828,0.9941927790641785,0.8448315858840942
YNL030W,YOR099W,0,-4.9916987,0.10527610033750534,0.9941927790641785,0.8449477553367615
YOL126C,YOL129W,0,-4.992843,0.10526315867900848,0.9941927790641785,0.8450638651847839
YBL032W,YMR104C,0,-4.9929643,0.10525021702051163,0.9941927790641785,0.8451800346374512
YCL025C,YLR133W,0,-4.9933057,0.10523727536201477,0.9941927790641785,0.8452961444854736
YGR132C,YGL008C,0,-4.9938216,0.10522434115409851,0.9941927790641785,0.8454123139381409
YFL023W,YLR110C,0,-4.995095,0.10521140694618225,0.9941927790641785,0.8455284833908081
YLR215C,YDR021W,0,-4.9957857,0.10519847273826599,0.9941927790641785,0.8456445932388306
YJR017C,YFL004W,0,-4.9957995,0.10518554598093033,0.9941927790641785,0.8457607626914978
YNL008C,YGR097W,0,-4.9974623,0.10517262667417526,0.9941927790641785,0.8458768725395203
YCR028C,YGR211W,0,-4.9974995,0.1051597073674202,0.9941927790641785,0.8459930419921875
YDR055W,YJL145W,0,-4.9975057,0.10514678806066513,0.9941927790641785,0.84610915184021
YBR050C,YDR341C,0,-4.997681,0.10513387620449066,0.9941927790641785,0.8462253212928772
YBR089C-A,YER138C,0,-4.9981236,0.10512096434831619,0.9941927790641785,0.8463414907455444
YOR144C,YOR346W,1,-4.9982533,0.10523084551095963,0.9953542351722717,0.8463414907455444
YGL105W,YKR079C,0,-4.9983478,0.10521792620420456,0.9953542351722717,0.8464576005935669
YJL102W,YHR012W,0,-4.9984727,0.1052050068974495,0.9953542351722717,0.8465737700462341
YGR010W,YJL025W,0,-4.9988465,0.10519209504127502,0.9953542351722717,0.8466898798942566
YFR031C,YML093W,0,-4.9988656,0.10517918318510056,0.9953542351722717,0.8468060493469238
YNR002C,YPL177C,0,-4.9989305,0.10516627877950668,0.9953542351722717,0.8469221591949463
YLR192C,YKR038C,0,-4.999268,0.10515337437391281,0.9953542351722717,0.8470383286476135
YLR059C,YGR063C,0,-4.999485,0.10514046996831894,0.9953542351722717,0.8471544981002808
YDR202C,YGR111W,0,-4.9997916,0.10512757301330566,0.9953542351722717,0.8472706079483032
YPR188C,YPR181C,0,-5.000237,0.10511468350887299,0.9953542351722717,0.8473867774009705
YPR032W,YEL041W,0,-5.0003757,0.10510179400444031,0.9953542351722717,0.8475028872489929
YCL014W,YML120C,0,-5.0004115,0.10508890450000763,0.9953542351722717,0.8476190567016602
YPR082C,YIL056W,0,-5.000447,0.10507601499557495,0.9953542351722717,0.8477351665496826
YPL043W,YML114C,0,-5.0008664,0.10506313294172287,0.9953542351722717,0.8478513360023499
YGR158C,YGR192C,0,-5.0009894,0.10505025833845139,0.9953542351722717,0.8479675054550171
YPL106C,YPL258C,0,-5.0017962,0.1050373837351799,0.9953542351722717,0.8480836153030396
YNR002C,YHR073W,0,-5.002203,0.10502450913190842,0.9953542351722717,0.8481997847557068
YLR355C,YKL197C,0,-5.00241,0.10501164197921753,0.9953542351722717,0.8483158946037292
YOR206W,YPR165W,0,-5.0025268,0.10499877482652664,0.9953542351722717,0.8484320640563965
YKR086W,YCR053W,0,-5.002567,0.10498591512441635,0.9953542351722717,0.848548173904419
YER003C,YHR012W,0,-5.0028563,0.10497305542230606,0.9953542351722717,0.8486643433570862
YML132W,YHR023W,0,-5.002913,0.10496019572019577,0.9953542351722717,0.8487805128097534
YDL154W,YIR041W,0,-5.0029216,0.10494734346866608,0.9953542351722717,0.8488966226577759
YKL093W,YMR266W,0,-5.0032716,0.10493449121713638,0.9953542351722717,0.8490127921104431
YMR092C,YNR002C,0,-5.003324,0.10492164641618729,0.9953542351722717,0.8491289019584656
YNL220W,YNL186W,0,-5.003414,0.10490880161523819,0.9953542351722717,0.8492450714111328
YBR059C,YDR432W,0,-5.0035415,0.10489596426486969,0.9953542351722717,0.8493611812591553
YLR160C,YDL143W,0,-5.0035515,0.10488312691450119,0.9953542351722717,0.8494773507118225
YJR131W,YBL093C,0,-5.0038104,0.10487028956413269,0.9953542351722717,0.8495935201644897
YPL146C,YDR058C,0,-5.0043225,0.10485745966434479,0.9953542351722717,0.8497096300125122
YCR072C,YLR034C,0,-5.0044103,0.10484462976455688,0.9953542351722717,0.8498257994651794
YPR072W,YCR061W,0,-5.004743,0.10483180731534958,0.9953542351722717,0.8499419093132019
YDR379W,YML131W,0,-5.004988,0.10481898486614227,0.9953542351722717,0.8500580787658691
YKL112W,YNL307C,1,-5.005403,0.10492845624685287,0.996515691280365,0.8500580787658691
YIL159W,YML073C,0,-5.0054126,0.10491562634706497,0.996515691280365,0.8501741886138916
YJL184W,YJL183W,0,-5.005977,0.10490279644727707,0.996515691280365,0.8502903580665588
YHL040C,YGR268C,0,-5.006129,0.10488997399806976,0.996515691280365,0.8504065275192261
YJL214W,YNL110C,0,-5.0061593,0.10487715154886246,0.996515691280365,0.8505226373672485
YNL153C,YOL121C,0,-5.007261,0.10486433655023575,0.996515691280365,0.8506388068199158
YLR157C,YDR207C,0,-5.0088177,0.10485152155160904,0.996515691280365,0.8507549166679382
YMR092C,YOL105C,0,-5.0088377,0.10483870655298233,0.996515691280365,0.8508710861206055
YBR145W,YKL085W,0,-5.009133,0.10482589900493622,0.996515691280365,0.8509871959686279
YER088C,YMR197C,0,-5.0091643,0.1048130989074707,0.996515691280365,0.8511033654212952
YPL026C,YBR152W,0,-5.0097523,0.10480029135942459,0.996515691280365,0.8512195348739624
YDR214W,YPL091W,0,-5.0097585,0.10478749126195908,0.996515691280365,0.8513356447219849
YBR050C,YOR148C,0,-5.0098686,0.10477469861507416,0.996515691280365,0.8514518141746521
YER114C,YKL208W,0,-5.0100775,0.10476190596818924,0.996515691280365,0.8515679240226746
YPL265W,YPL242C,0,-5.0119963,0.10474911332130432,0.996515691280365,0.8516840934753418
YIL034C,YJL026W,0,-5.012234,0.104736328125,0.996515691280365,0.8518002033233643
YOL002C,YMR225C,0,-5.0123277,0.10472354292869568,0.996515691280365,0.8519163727760315
YNL030W,YEL016C,0,-5.012339,0.10471076518297195,0.996515691280365,0.8520325422286987
YPL177C,YPL106C,0,-5.012408,0.10469798743724823,0.996515691280365,0.8521486520767212
YKR038C,YNL074C,0,-5.01281,0.1046852096915245,0.996515691280365,0.8522648215293884
YLR205C,YMR150C,0,-5.012983,0.10467243939638138,0.996515691280365,0.8523809313774109
YIR005W,YGL178W,0,-5.013108,0.10465967655181885,0.996515691280365,0.8524971008300781
YDR481C,YDL225W,0,-5.0136256,0.10464690625667572,0.996515691280365,0.8526132106781006
YML123C,YNL339C,0,-5.0137205,0.10463414341211319,0.996515691280365,0.8527293801307678
YJL010C,YMR175W,0,-5.013975,0.10462138801813126,0.996515691280365,0.8528455495834351
YOR386W,YMR284W,1,-5.0149007,0.10473055392503738,0.9976771473884583,0.8528455495834351
YOL126C,YPR188C,0,-5.0156274,0.10471778362989426,0.9976771473884583,0.8529616594314575
YLR248W,YLR026C,0,-5.015998,0.10470502078533173,0.9976771473884583,0.8530778288841248
YNL280C,YDR174W,0,-5.0165,0.1046922579407692,0.9976771473884583,0.8531939387321472
YCL027W,YOL127W,0,-5.0166564,0.10467950254678726,0.9976771473884583,0.8533101081848145
YOL164W,YPL110C,0,-5.017117,0.10466674715280533,0.9976771473884583,0.8534262776374817
YGL180W,YOR098C,0,-5.0178685,0.10465399920940399,0.9976771473884583,0.8535423874855042
YLR304C,YNL304W,0,-5.017882,0.10464124381542206,0.9976771473884583,0.8536585569381714
YLR293C,YBR077C,0,-5.0189233,0.10462850332260132,0.9976771473884583,0.8537746667861938
YGL062W,YLR025W,0,-5.0191464,0.10461576282978058,0.9976771473884583,0.8538908362388611
YGL171W,YJR045C,0,-5.0192237,0.10460302233695984,0.9976771473884583,0.8540069460868835
YLR335W,YCR061W,0,-5.019731,0.1045902818441391,0.9976771473884583,0.8541231155395508
YGR211W,YGR111W,0,-5.019933,0.10457754880189896,0.9976771473884583,0.854239284992218
YBR039W,YOL129W,0,-5.0210576,0.10456482321023941,0.9976771473884583,0.8543553948402405
YML129C,YDR098C,0,-5.021381,0.10455209016799927,0.9976771473884583,0.8544715642929077
YPL190C,YBR162C,0,-5.021433,0.10453937202692032,0.9976771473884583,0.8545876741409302
YDR480W,YGL008C,0,-5.0218854,0.10452664643526077,0.9976771473884583,0.8547038435935974
YLR205C,YHR023W,0,-5.0221295,0.10451392829418182,0.9976771473884583,0.8548199534416199
YPL265W,YGL172W,0,-5.0223775,0.10450121760368347,0.9976771473884583,0.8549361228942871
YGL062W,YOR149C,0,-5.022454,0.10448850691318512,0.9976771473884583,0.8550522923469543
YLR215C,YBR083W,0,-5.022744,0.10447579622268677,0.9976771473884583,0.8551684021949768
YPL171C,YDR087C,0,-5.0234494,0.10446309298276901,0.9976771473884583,0.855284571647644
YBR129C,YLR048W,0,-5.0244355,0.10445038974285126,0.9976771473884583,0.8554006814956665
YNR067C,YPR052C,0,-5.0246277,0.1044376865029335,0.9976771473884583,0.8555168509483337
YER073W,YKL195W,0,-5.0251174,0.10442499071359634,0.9976771473884583,0.8556329607963562
YHR174W,YOR098C,0,-5.02691,0.10441230237483978,0.9976771473884583,0.8557491302490234
YIL142W,YGR054W,0,-5.0269456,0.10439961403608322,0.9976771473884583,0.8558652997016907
YPL082C,YER117W,0,-5.0271535,0.10438692569732666,0.9976771473884583,0.8559814095497131
YFR030W,YPL118W,0,-5.027599,0.1043742373585701,0.9976771473884583,0.8560975790023804
YPL248C,YGL142C,0,-5.0278883,0.10436155647039413,0.9976771473884583,0.8562136888504028
YPR052C,YIR041W,0,-5.0280814,0.10434888303279877,0.9976771473884583,0.8563298583030701
YML132W,YCR072C,0,-5.028181,0.1043362095952034,0.9976771473884583,0.8564459681510925
YJL010C,YGR181W,0,-5.0282893,0.10432353615760803,0.9976771473884583,0.8565621376037598
YER044C,YDR310C,0,-5.0284104,0.10431087017059326,0.9976771473884583,0.856678307056427
YIL123W,YPL253C,0,-5.0290837,0.10429820418357849,0.9976771473884583,0.8567944169044495
YCL055W,YGL068W,0,-5.029802,0.10428553819656372,0.9976771473884583,0.8569105863571167
YAL015C,YML032C,1,-5.02998,0.10439427196979523,0.9988385438919067,0.8569105863571167
YCR053W,YOR344C,0,-5.0304613,0.10438159853219986,0.9988385438919067,0.8570266962051392
YOL002C,YOR064C,0,-5.030565,0.10436893254518509,0.9988385438919067,0.8571428656578064
YPL010W,YIL118W,0,-5.030985,0.10435626655817032,0.9988385438919067,0.8572589755058289
YGR111W,YML131W,0,-5.031055,0.10434360802173615,0.9988385438919067,0.8573751449584961
YBR283C,YER072W,0,-5.0311894,0.10433094948530197,0.9988385438919067,0.8574913144111633
YKR059W,YGL098W,0,-5.032522,0.1043182909488678,0.9988385438919067,0.8576074242591858
YGL105W,YBR037C,0,-5.0328283,0.10430563986301422,0.9988385438919067,0.857723593711853
YNL327W,YBR127C,0,-5.0335655,0.10429298877716064,0.9988385438919067,0.8578397035598755
YJR131W,YNL339C,0,-5.0339456,0.10428034514188766,0.9988385438919067,0.8579558730125427
YJR139C,YDL225W,0,-5.034418,0.10426770150661469,0.9988385438919067,0.8580719828605652
YGR132C,YOL129W,0,-5.034497,0.1042550578713417,0.9988385438919067,0.8581881523132324
YMR012W,YKL166C,0,-5.035064,0.10424242168664932,0.9988385438919067,0.8583043217658997
YHR203C,YOL129W,0,-5.0352993,0.10422979295253754,0.9988385438919067,0.8584204316139221
YMR283C,YGL030W,0,-5.0355053,0.10421715676784515,0.9988385438919067,0.8585366010665894
YLR205C,YOR330C,0,-5.035833,0.10420452803373337,0.9988385438919067,0.8586527109146118
YMR250W,YOR172W,0,-5.0359573,0.10419190675020218,0.9988385438919067,0.858768880367279
YDR480W,YGR248W,0,-5.035974,0.10417928546667099,0.9988385438919067,0.8588849902153015
YGL238W,YJR145C,0,-5.036184,0.1041666641831398,0.9988385438919067,0.8590011596679688
YIL142W,YMR150C,0,-5.0368004,0.10415405035018921,0.9988385438919067,0.859117329120636
YMR029C,YNL241C,0,-5.0370326,0.10414143651723862,0.9988385438919067,0.8592334389686584
YML098W,YBR162C,0,-5.0371737,0.10412883013486862,0.9988385438919067,0.8593496084213257
YBL058W,YPR036W,0,-5.039035,0.10411622375249863,0.9988385438919067,0.8594657182693481
YPL265W,YBR283C,0,-5.039162,0.10410361737012863,0.9988385438919067,0.8595818877220154
YLR219W,YNR006W,0,-5.039942,0.10409101843833923,0.9988385438919067,0.8596979975700378
YBR050C,YCR061W,0,-5.0399995,0.10407841950654984,0.9988385438919067,0.8598141670227051
YER073W,YOL164W,0,-5.04057,0.10406582802534103,0.9988385438919067,0.8599303364753723
YJL034W,YDL150W,0,-5.0411115,0.10405323654413223,0.9988385438919067,0.8600464463233948
YER179W,YER165W,0,-5.041158,0.10404064506292343,0.9988385438919067,0.860162615776062
YOR079C,YBR037C,0,-5.041343,0.10402806103229523,0.9988385438919067,0.8602787256240845
YDR009W,YCR053W,0,-5.041866,0.10401548445224762,0.9988385438919067,0.8603948950767517
YIL106W,YGR192C,0,-5.0422707,0.10400290042161942,0.9988385438919067,0.8605110049247742
YHR019C,YBL026W,0,-5.0423603,0.10399032384157181,0.9988385438919067,0.8606271743774414
YNL274C,YLR025W,0,-5.0434346,0.1039777547121048,0.9988385438919067,0.8607433438301086
YLR157C,YER068W,0,-5.0435653,0.10396518558263779,0.9988385438919067,0.8608594536781311
YGR097W,YOR087W,0,-5.0440125,0.10395261645317078,0.9988385438919067,0.8609756231307983
YBL102W,YKR079C,0,-5.0440683,0.10394005477428436,0.9988385438919067,0.8610917329788208
YGR155W,YDL013W,0,-5.0441456,0.10392749309539795,0.9988385438919067,0.861207902431488
YBR295W,YLL011W,0,-5.044232,0.10391493141651154,0.9988385438919067,0.8613240122795105
YER075C,YBR172C,0,-5.0445857,0.10390237718820572,0.9988385438919067,0.8614401817321777
YML073C,YOR087W,0,-5.044686,0.1038898304104805,0.9988385438919067,0.861556351184845
YER035W,YKR079C,0,-5.04514,0.10387727618217468,0.9988385438919067,0.8616724610328674
YKL016C,YLL019C,0,-5.045423,0.10386473685503006,0.9988385438919067,0.8617886304855347
YJL111W,YBR172C,0,-5.046533,0.10385219007730484,0.9988385438919067,0.8619047403335571
YAL022C,YHR005C,0,-5.0466113,0.10383965075016022,0.9988385438919067,0.8620209097862244
YDL019C,YFR003C,0,-5.0467978,0.10382711887359619,0.9988385438919067,0.8621370792388916
YPR036W,YHR016C,0,-5.0468507,0.10381457954645157,0.9988385438919067,0.8622531890869141
YPR018W,YMR104C,0,-5.0469737,0.10380205512046814,0.9988385438919067,0.8623693585395813
YGL078C,YHR160C,0,-5.0477653,0.10378952324390411,0.9988385438919067,0.8624854683876038
YHR169W,YDR393W,0,-5.0493493,0.10377699881792068,0.9988385438919067,0.862601637840271
YPL043W,YAL043C,0,-5.049418,0.10376448184251785,0.9988385438919067,0.8627177476882935
YML080W,YNL281W,0,-5.0496387,0.10375195741653442,0.9988385438919067,0.8628339171409607
YLR293C,YGR024C,0,-5.050112,0.10373944789171219,0.9988385438919067,0.8629500865936279
YDR432W,YIL117C,0,-5.0502763,0.10372693091630936,0.9988385438919067,0.8630661964416504
YBL047C,YGL062W,0,-5.0508914,0.10371442139148712,0.9988385438919067,0.8631823658943176
YNL274C,YBR127C,0,-5.051229,0.10370191931724548,0.9988385438919067,0.8632984757423401
YJL102W,YBR283C,0,-5.051805,0.10368941724300385,0.9988385438919067,0.8634146451950073
YPR002W,YFR052W,0,-5.0527964,0.10367691516876221,0.9988385438919067,0.8635307550430298
YLR081W,YKL029C,0,-5.0533547,0.10366441309452057,0.9988385438919067,0.863646924495697
YNL274C,YMR047C,0,-5.0533724,0.10365192592144012,0.9988385438919067,0.8637630939483643
YDR214W,YKR038C,0,-5.054152,0.10363943129777908,0.9988385438919067,0.8638792037963867
YNL327W,YER106W,0,-5.0542903,0.10362694412469864,0.9988385438919067,0.863995373249054
YBR068C,YKR038C,0,-5.0545783,0.1036144569516182,0.9988385438919067,0.8641114830970764
YBR039W,YHR016C,0,-5.054587,0.10360197722911835,0.9988385438919067,0.8642276525497437
YBR210W,YOL127W,0,-5.054913,0.1035894975066185,0.9988385438919067,0.8643437623977661
YER035W,YBR089C-A,0,-5.0551844,0.10357701778411865,0.9988385438919067,0.8644599318504333
YNL230C,YOL039W,0,-5.055448,0.1035645455121994,0.9988385438919067,0.8645761013031006
YHR174W,YDL080C,0,-5.0559096,0.10355208069086075,0.9988385438919067,0.864692211151123
YJR139C,YLL026W,0,-5.0559187,0.1035396084189415,0.9988385438919067,0.8648083806037903
YNL302C,YPL258C,0,-5.05621,0.10352714359760284,0.9988385438919067,0.8649244904518127
YDL079C,YPL163C,0,-5.056564,0.10351468622684479,0.9988385438919067,0.86504065990448
YML012W,YNL153C,0,-5.057451,0.10350222885608673,0.9988385438919067,0.8651567697525024
YDR009W,YLR195C,0,-5.0581155,0.10348977148532867,0.9988385438919067,0.8652729392051697
YGL247W,YNL327W,0,-5.0586343,0.10347732156515121,0.9988385438919067,0.8653891086578369
YNR010W,YDL014W,0,-5.058638,0.10346487164497375,0.9988385438919067,0.8655052185058594
YGL053W,YLR467W,0,-5.060069,0.1034524217247963,0.9988385438919067,0.8656213879585266
YGR158C,YOR254C,0,-5.06012,0.10343997925519943,0.9988385438919067,0.8657374978065491
YOR319W,YHR203C,0,-5.0613065,0.10342754423618317,0.9988385438919067,0.8658536672592163
YGR155W,YDR451C,0,-5.0617414,0.1034151017665863,0.9988385438919067,0.8659697771072388
YDL175C,YBR058C-A,0,-5.0618434,0.10340266674757004,0.9988385438919067,0.866085946559906
YDR273W,YNL210W,0,-5.062769,0.10339023917913437,0.9988385438919067,0.8662021160125732
YGL172W,YGL226C-A,0,-5.0631022,0.1033778116106987,0.9988385438919067,0.8663182258605957
YJL052W,YDL217C,0,-5.0632358,0.10336538404226303,0.9988385438919067,0.8664343953132629
YGR180C,YOL039W,0,-5.0640054,0.10335296392440796,0.9988385438919067,0.8665505051612854
YJR150C,YPR002W,0,-5.0642276,0.10334054380655289,0.9988385438919067,0.8666666746139526
YBR037C,YOL105C,0,-5.064285,0.10332812368869781,0.9988385438919067,0.8667827844619751
YBR192W,YMR104C,0,-5.0647883,0.10331571102142334,0.9988385438919067,0.8668989539146423
YNL268W,YHR039C,0,-5.065187,0.10330330580472946,0.9988385438919067,0.8670151233673096
YJR074W,YNL302C,0,-5.0653386,0.10329089313745499,0.9988385438919067,0.867131233215332
YNL008C,YOR099W,0,-5.0655336,0.1032784953713417,0.9988385438919067,0.8672474026679993
YDR331W,YNL186W,0,-5.0657573,0.10326609015464783,0.9988385438919067,0.8673635125160217
YLR068W,YBR127C,0,-5.066023,0.10325369238853455,0.9988385438919067,0.867479681968689
YCL025C,YDR174W,0,-5.0665665,0.10324129462242126,0.9988385438919067,0.8675957918167114
YER068W,YDL232W,0,-5.0669,0.10322890430688858,0.9988385438919067,0.8677119612693787
YDR388W,YPL210C,0,-5.068362,0.1032165139913559,0.9988385438919067,0.8678281307220459
YPL010W,YCR102C,0,-5.0686073,0.10320413112640381,0.9988385438919067,0.8679442405700684
YLR059C,YJL048C,0,-5.0690675,0.10319174826145172,0.9988385438919067,0.8680604100227356
YPL101W,YGL068W,0,-5.0695624,0.10317936539649963,0.9988385438919067,0.8681765198707581
YPL265W,YGL143C,0,-5.0700097,0.10316698998212814,0.9988385438919067,0.8682926893234253
YIL155C,YCL004W,0,-5.0700374,0.10315461456775665,0.9988385438919067,0.8684087991714478
YDR046C,YER164W,0,-5.0703893,0.10314223915338516,0.9988385438919067,0.868524968624115
YBR132C,YLR215C,0,-5.0707374,0.10312987118959427,0.9988385438919067,0.8686411380767822
YOL126C,YHR167W,0,-5.071565,0.10311750322580338,0.9988385438919067,0.8687572479248047
YIL155C,YKR095W,0,-5.071841,0.10310514271259308,0.9988385438919067,0.8688734173774719
YIL155C,YLR329W,0,-5.0720773,0.10309278219938278,0.9988385438919067,0.8689895272254944
YGR285C,YHR138C,0,-5.072903,0.10308042913675308,0.9988385438919067,0.8691056966781616
YCR038C,YPR002W,0,-5.072947,0.10306807607412338,0.9988385438919067,0.8692218065261841
YOR031W,YGR155W,0,-5.0736785,0.10305572301149368,0.9988385438919067,0.8693379759788513
YDL014W,YIL030C,0,-5.0737915,0.10304337739944458,0.9988385438919067,0.8694541454315186
YDR328C,YGR248W,0,-5.0740876,0.10303103178739548,0.9988385438919067,0.869570255279541
YGL122C,YLR467W,0,-5.0742707,0.10301868617534637,0.9988385438919067,0.8696864247322083
YDR046C,YPL209C,0,-5.076531,0.10300634801387787,0.9988385438919067,0.8698025345802307
YNL268W,YER070W,0,-5.077962,0.10299400985240936,0.9988385438919067,0.869918704032898
YOR002W,YJL208C,0,-5.07881,0.10298167914152145,0.9988385438919067,0.8700348138809204
YCL025C,YLR455W,0,-5.0796666,0.10296934843063354,0.9988385438919067,0.8701509833335876
YIL142W,YJR131W,0,-5.0803757,0.10295701771974564,0.9988385438919067,0.8702671527862549
YJL208C,YCL043C,0,-5.080425,0.10294469445943832,0.9988385438919067,0.8703832626342773
YHR171W,YGR059W,0,-5.0818286,0.10293237864971161,0.9988385438919067,0.8704994320869446
YKL160W,YMR216C,0,-5.0818763,0.1029200553894043,0.9988385438919067,0.870615541934967
YDR055W,YDR478W,0,-5.0820193,0.10290773957967758,0.9988385438919067,0.8707317113876343
YGR248W,YBR105C,0,-5.0821443,0.10289543122053146,0.9988385438919067,0.8708478808403015
YHL040C,YKL093W,0,-5.0823913,0.10288312286138535,0.9988385438919067,0.870963990688324
YPL010W,YLR240W,0,-5.08303,0.10287081450223923,0.9988385438919067,0.8710801601409912
YGR268C,YBR186W,0,-5.083137,0.10285850614309311,0.9988385438919067,0.8711962699890137
YLR078C,YOL129W,0,-5.0837407,0.10284621268510818,0.9988385438919067,0.8713124394416809
YDR098C,YKL093W,0,-5.084289,0.10283391177654266,0.9988385438919067,0.8714285492897034
YMR225C,YIL117C,0,-5.0844436,0.10282161831855774,0.9988385438919067,0.8715447187423706
YGL124C,YGR285C,0,-5.0848584,0.10280932486057281,0.9988385438919067,0.8716608881950378
YIL053W,YNL088W,0,-5.085074,0.10279703885316849,0.9988385438919067,0.8717769980430603
YGL030W,YDR328C,0,-5.0862236,0.10278475284576416,0.9988385438919067,0.8718931674957275
YOL002C,YFR052W,0,-5.086723,0.10277246683835983,0.9988385438919067,0.87200927734375
YGL037C,YNL167C,0,-5.0869355,0.1027601882815361,0.9988385438919067,0.8721254467964172
YKR076W,YBR295W,0,-5.087026,0.10274790972471237,0.9988385438919067,0.8722415566444397
YGL073W,YJR091C,0,-5.087582,0.10273563861846924,0.9988385438919067,0.8723577260971069
YJL184W,YLR066W,0,-5.08776,0.10272336006164551,0.9988385438919067,0.8724738955497742
YNL302C,YLR026C,0,-5.088183,0.10271109640598297,0.9988385438919067,0.8725900053977966
YFR030W,YOR287C,0,-5.088631,0.10269883275032043,0.9988385438919067,0.8727061748504639
YMR184W,YLR068W,0,-5.088659,0.1026865690946579,0.9988385438919067,0.8728222846984863
YEL027W,YOR148C,0,-5.0890603,0.10267430543899536,0.9988385438919067,0.8729384541511536
YFL009W,YOR272W,0,-5.0892844,0.10266204923391342,0.9988385438919067,0.873054563999176
YNL280C,YMR089C,0,-5.089559,0.10264980047941208,0.9988385438919067,0.8731707334518433
YHR042W,YMR175W,0,-5.0896716,0.10263754427433014,0.9988385438919067,0.8732869029045105
YER035W,YIL155C,0,-5.089986,0.1026252955198288,0.9988385438919067,0.873403012752533
YGL247W,YBR162C,0,-5.0902257,0.10261305421590805,0.9988385438919067,0.8735191822052002
YFR028C,YOL129W,0,-5.090285,0.1026008129119873,0.9988385438919067,0.8736352920532227
YKL146W,YLR048W,0,-5.0907655,0.10258857160806656,0.9988385438919067,0.8737514615058899
YDL003W,YJR045C,0,-5.091297,0.10257633775472641,0.9988385438919067,0.8738675713539124
YLR081W,YLR467W,0,-5.091625,0.10256410390138626,0.9988385438919067,0.8739837408065796
YGL142C,YPL211W,0,-5.0922503,0.10255187004804611,0.9988385438919067,0.8740999102592468
YDR276C,YNL302C,0,-5.0923514,0.10253964364528656,0.9988385438919067,0.8742160201072693
YNL323W,YGR054W,0,-5.092509,0.10252741724252701,0.9988385438919067,0.8743321895599365
YGL068W,YPL163C,0,-5.0928526,0.10251519829034805,0.9988385438919067,0.874448299407959
YBL093C,YJR045C,0,-5.093086,0.1025029793381691,0.9988385438919067,0.8745644688606262
YBR177C,YLR240W,0,-5.093367,0.10249076038599014,0.9988385438919067,0.8746805787086487
YEL051W,YBR183W,0,-5.0942225,0.10247854888439178,0.9988385438919067,0.8747967481613159
YNL030W,YBL093C,0,-5.095494,0.10246633738279343,0.9988385438919067,0.8749129176139832
YAL042W,YDR451C,0,-5.0957212,0.10245413333177567,0.9988385438919067,0.8750290274620056
YFR053C,YGR014W,0,-5.096142,0.1024419292807579,0.9988385438919067,0.8751451969146729
YNL147W,YER165W,0,-5.0964665,0.10242972522974014,0.9988385438919067,0.8752613067626953
YER032W,YIR041W,0,-5.0965905,0.10241752862930298,0.9988385438919067,0.8753774762153625
YHR019C,YDL045C,0,-5.0968604,0.10240533202886581,0.9988385438919067,0.875493586063385
YER164W,YGR010W,0,-5.09744,0.10239314287900925,0.9988385438919067,0.8756097555160522
YOR098C,YGR111W,0,-5.097455,0.10238095372915268,0.9988385438919067,0.8757259249687195
YJR074W,YGR202C,0,-5.0975785,0.10236876457929611,0.9988385438919067,0.8758420348167419
YLR157C,YHR163W,0,-5.0978627,0.10235658288002014,0.9988385438919067,0.8759582042694092
YBR089C-A,YKL122C,0,-5.097935,0.10234440118074417,0.9988385438919067,0.8760743141174316
YOR099W,YJL108C,0,-5.09835,0.1023322194814682,0.9988385438919067,0.8761904835700989
YBR132C,YDL135C,0,-5.098532,0.10232004523277283,0.9988385438919067,0.8763065934181213
YLR081W,YKL165C,0,-5.0988135,0.10230787843465805,0.9988385438919067,0.8764227628707886
YER179W,YOL038W,0,-5.099668,0.10229570418596268,0.9988385438919067,0.8765389323234558
YDR046C,YIL056W,0,-5.0999107,0.1022835373878479,0.9988385438919067,0.8766550421714783
YGR088W,YDR181C,0,-5.1001854,0.10227137804031372,0.9988385438919067,0.8767712116241455
YDR009W,YLL061W,0,-5.1005034,0.10225921869277954,0.9988385438919067,0.876887321472168
YMR092C,YLR193C,0,-5.1005597,0.10224705934524536,0.9988385438919067,0.8770034909248352
YIL109C,YOR344C,0,-5.1015763,0.10223489999771118,0.9988385438919067,0.8771196007728577
YPR155C,YIR041W,0,-5.101625,0.1022227481007576,0.9988385438919067,0.8772357702255249
YGR132C,YMR175W,0,-5.1020284,0.10221060365438461,0.9988385438919067,0.8773519396781921
YFL016C,YOR209C,0,-5.1024184,0.10219845175743103,0.9988385438919067,0.8774680495262146
YLR268W,YPL026C,0,-5.1030607,0.10218631476163864,0.9988385438919067,0.8775842189788818
YAL044C,YGL053W,0,-5.1046844,0.10217417031526566,0.9988385438919067,0.8777003288269043
YHR175W,YLR025W,0,-5.1050525,0.10216203331947327,0.9988385438919067,0.8778164982795715
YOR221C,YGL062W,0,-5.105636,0.10214989632368088,0.9988385438919067,0.877932608127594
YGL078C,YPR065W,0,-5.10665,0.10213776677846909,0.9988385438919067,0.8780487775802612
YGL065C,YGR248W,0,-5.10673,0.1021256372332573,0.9988385438919067,0.8781649470329285
YOL063C,YDL181W,0,-5.1068306,0.1021135151386261,0.9988385438919067,0.8782810568809509
YDR298C,YJL025W,0,-5.1069255,0.1021013855934143,0.9988385438919067,0.8783972263336182
YDR046C,YFR003C,0,-5.1069655,0.10208927094936371,0.9988385438919067,0.8785133361816406
YGL219C,YJL148W,0,-5.107164,0.10207714885473251,0.9988385438919067,0.8786295056343079
YDL150W,YDR087C,0,-5.1072793,0.10206503421068192,0.9988385438919067,0.8787456154823303
YIL123W,YDR308C,0,-5.107435,0.10205292701721191,0.9988385438919067,0.8788617849349976
YNL008C,YBR267W,0,-5.107654,0.10204081982374191,0.9988385438919067,0.8789779543876648
YDR277C,YGL008C,0,-5.107914,0.10202871263027191,0.9988385438919067,0.8790940642356873
YPL202C,YOR377W,0,-5.1081233,0.10201660543680191,0.9988385438919067,0.8792102336883545
YBL047C,YDR451C,0,-5.1085534,0.1020045056939125,0.9988385438919067,0.879326343536377
YJL165C,YGR268C,0,-5.109689,0.1019924134016037,0.9988385438919067,0.8794425129890442
YDR276C,YDR388W,0,-5.110361,0.1019803136587143,0.9988385438919067,0.8795586824417114
YNL039W,YEL060C,0,-5.110411,0.10196822136640549,0.9988385438919067,0.8796747922897339
YJL184W,YDL036C,0,-5.1107116,0.10195613652467728,0.9988385438919067,0.8797909617424011
YOR099W,YKL086W,0,-5.111631,0.10194405168294907,0.9988385438919067,0.8799070715904236
YFL016C,YOL121C,0,-5.112507,0.10193196684122086,0.9988385438919067,0.8800232410430908
YGL013C,YDR165W,0,-5.112933,0.10191988945007324,0.9988385438919067,0.8801393508911133
YNL220W,YOR171C,0,-5.113488,0.10190781205892563,0.9988385438919067,0.8802555203437805
YGL008C,YCR083W,0,-5.1135736,0.10189573466777802,0.9988385438919067,0.8803716897964478
YKL021C,YLR066W,0,-5.11386,0.101883664727211,0.9988385438919067,0.8804877996444702
YGL122C,YER165W,0,-5.1141,0.10187159478664398,0.9988385438919067,0.8806039690971375
YER070W,YPL106C,0,-5.114362,0.10185953229665756,0.9988385438919067,0.8807200789451599
YLL018C-A,YJL102W,0,-5.1144643,0.10184746235609055,0.9988385438919067,0.8808362483978271
YDL225W,YHR016C,0,-5.1151433,0.10183540731668472,0.9988385438919067,0.8809523582458496
YAL054C,YLR025W,0,-5.1154523,0.1018233448266983,0.9988385438919067,0.8810685276985168
YDR276C,YJL148W,0,-5.1156487,0.10181129723787308,0.9988385438919067,0.8811846971511841
YJL008C,YOL039W,0,-5.1164985,0.10179924219846725,0.9988385438919067,0.8813008069992065
YGR132C,YPL258C,0,-5.116962,0.10178719460964203,0.9988385438919067,0.8814169764518738
YPL171C,YMR175W,0,-5.117457,0.1017751470208168,0.9988385438919067,0.8815330862998962
YPL188W,YFR029W,0,-5.117846,0.10176310688257217,0.9988385438919067,0.8816492557525635
YJR074W,YML114C,0,-5.11789,0.10175106674432755,0.9988385438919067,0.8817653656005859
YOL130W,YDR456W,0,-5.118513,0.10173902660608292,0.9988385438919067,0.8818815350532532
YLR205C,YLL026W,0,-5.1187253,0.10172699391841888,0.9988385438919067,0.8819977045059204
YML080W,YPR134W,0,-5.1212125,0.10171496123075485,0.9988385438919067,0.8821138143539429
YKL165C,YOL031C,0,-5.121364,0.10170293599367142,0.9988385438919067,0.8822299838066101
YHR169W,YMR089C,0,-5.121452,0.10169090330600739,0.9988385438919067,0.8823460936546326
YPR057W,YML123C,0,-5.121689,0.10167888551950455,0.9988385438919067,0.8824622631072998
YLR431C,YLL061W,0,-5.121755,0.10166686028242111,0.9988385438919067,0.8825783729553223
YBR105C,YPL239W,0,-5.1220927,0.10165484994649887,0.9988385438919067,0.8826945424079895
YPL060W,YML131W,0,-5.1228814,0.10164283215999603,0.9988385438919067,0.8828107118606567
YLR133W,YPL026C,0,-5.1244035,0.10163082182407379,0.9988385438919067,0.8829268217086792
YNL270C,YGR158C,0,-5.126207,0.10161881148815155,0.9988385438919067,0.8830429911613464
YGR262C,YIL117C,0,-5.126364,0.1016068086028099,0.9988385438919067,0.8831591010093689
YNL030W,YHR161C,0,-5.1285114,0.10159480571746826,0.9988385438919067,0.8832752704620361
YBR077C,YML131W,0,-5.1286645,0.10158280283212662,0.9988385438919067,0.8833913803100586
YGL190C,YML120C,0,-5.129126,0.10157080739736557,0.9988385438919067,0.8835075497627258
YPL018W,YPL146C,0,-5.129268,0.10155881196260452,0.9988385438919067,0.8836237192153931
YER044C,YDL217C,0,-5.1294446,0.10154681652784348,0.9988385438919067,0.8837398290634155
YOR340C,YGR063C,0,-5.1312346,0.10153482854366302,0.9988385438919067,0.8838559985160828
YMR298W,YKR079C,0,-5.1313567,0.10152284055948257,0.9988385438919067,0.8839721083641052
YLR160C,YJR091C,0,-5.13139,0.10151086002588272,0.9988385438919067,0.8840882778167725
YHL040C,YLL011W,0,-5.1319566,0.10149887949228287,0.9988385438919067,0.8842043876647949
YER073W,YPR025C,0,-5.132079,0.10148689895868301,0.9988385438919067,0.8843205571174622
YHR061C,YIL117C,0,-5.132978,0.10147492587566376,0.9988385438919067,0.8844367265701294
YHL040C,YOL121C,0,-5.133407,0.1014629527926445,0.9988385438919067,0.8845528364181519
YNR002C,YHR175W,0,-5.134011,0.10145098716020584,0.9988385438919067,0.8846690058708191
YGL068W,YMR079W,0,-5.134895,0.10143902152776718,0.9988385438919067,0.8847851157188416
YER001W,YDL079C,0,-5.1353145,0.10142705589532852,0.9988385438919067,0.8849012851715088
YER114C,YER072W,0,-5.1360774,0.10141509771347046,0.9988385438919067,0.8850173950195312
YJL133W,YOL039W,0,-5.1369014,0.1014031395316124,0.9988385438919067,0.8851335644721985
YJL008C,YHR175W,0,-5.137883,0.10139118134975433,0.9988385438919067,0.8852497339248657
YMR139W,YGR111W,0,-5.1388245,0.10137923061847687,0.9988385438919067,0.8853658437728882
YHL036W,YER003C,0,-5.1390896,0.1013672798871994,0.9988385438919067,0.8854820132255554
YMR298W,YBR273C,0,-5.140125,0.10135533660650253,0.9988385438919067,0.8855981230735779
YMR069W,YML120C,0,-5.1404896,0.10134338587522507,0.9988385438919067,0.8857142925262451
YMR069W,YOR344C,0,-5.1410184,0.1013314500451088,0.9988385438919067,0.8858304023742676
YLL061W,YDR013W,0,-5.1411405,0.10131950676441193,0.9988385438919067,0.8859465718269348
YOR377W,YMR138W,0,-5.1412854,0.10130757093429565,0.9988385438919067,0.886062741279602
YGL105W,YHR016C,0,-5.1414504,0.10129564255475998,0.9988385438919067,0.8861788511276245
YOR039W,YAL044C,0,-5.1418114,0.1012837141752243,0.9988385438919067,0.8862950205802917
YKL016C,YOR329C,0,-5.1434264,0.10127178579568863,0.9988385438919067,0.8864111304283142
YLR157C,YHR084W,0,-5.144163,0.10125985741615295,0.9988385438919067,0.8865272998809814
YFL016C,YMR079W,0,-5.1441693,0.10124793648719788,0.9988385438919067,0.8866434097290039
YDR273W,YBL016W,0,-5.145335,0.1012360230088234,0.9988385438919067,0.8867595791816711
YNL147W,YKL165C,0,-5.1473308,0.10122410207986832,0.9988385438919067,0.8868757486343384
YLR068W,YLR219W,0,-5.1484838,0.10121219605207443,0.9988385438919067,0.8869918584823608
YFL010W-A,YML014W,0,-5.149509,0.10120028257369995,0.9988385438919067,0.8871080279350281
YDR116C,YIL056W,0,-5.150849,0.10118837654590607,0.9988385438919067,0.8872241377830505
YJL006C,YGL008C,0,-5.1517406,0.10117647051811218,0.9988385438919067,0.8873403072357178
YCR044C,YPL026C,0,-5.151799,0.1011645719408989,0.9988385438919067,0.8874564170837402
YER106W,YGL037C,0,-5.152887,0.10115267336368561,0.9988385438919067,0.8875725865364075
YGL078C,YPL163C,0,-5.153156,0.10114077478647232,0.9988385438919067,0.8876887559890747
YMR250W,YDL098C,0,-5.153268,0.10112888365983963,0.9988385438919067,0.8878048658370972
YDR372C,YOR230W,0,-5.154435,0.10111699253320694,0.9988385438919067,0.8879210352897644
YGR088W,YHR167W,0,-5.1545806,0.10110510140657425,0.9988385438919067,0.8880371451377869
YPL091W,YPL033C,0,-5.1555104,0.10109321773052216,0.9988385438919067,0.8881533145904541
YAL054C,YOL117W,0,-5.1556993,0.10108133405447006,0.9988385438919067,0.8882694244384766
YBR155W,YGL143C,0,-5.1560073,0.10106945782899857,0.9988385438919067,0.8883855938911438
YIR033W,YBR105C,0,-5.1563306,0.10105758160352707,0.9988385438919067,0.888501763343811
YNR054C,YPL234C,0,-5.1571155,0.10104570537805557,0.9988385438919067,0.8886178731918335
YBL098W,YOL039W,0,-5.158256,0.10103383660316467,0.9988385438919067,0.8887340426445007
YHR171W,YLL061W,0,-5.159253,0.10102196782827377,0.9988385438919067,0.8888501524925232
YGR284C,YMR142C,0,-5.159284,0.10101009905338287,0.9988385438919067,0.8889663219451904
YDR524C,YER179W,0,-5.1595597,0.10099823772907257,0.9988385438919067,0.8890824913978577
YML120C,YKL088W,0,-5.1600156,0.10098637640476227,0.9988385438919067,0.8891986012458801
YDR083W,YIL008W,0,-5.160093,0.10097452253103256,0.9988385438919067,0.8893147706985474
YOL127W,YJL154C,0,-5.1602902,0.10096266865730286,0.9988385438919067,0.8894308805465698
YNR002C,YGR010W,0,-5.1603646,0.10095081478357315,0.9988385438919067,0.8895470499992371
YNL061W,YLR008C,0,-5.160375,0.10093896836042404,0.9988385438919067,0.8896631598472595
YGL006W,YHR084W,0,-5.160687,0.10092712193727493,0.9988385438919067,0.8897793292999268
YBL047C,YOR206W,0,-5.1608524,0.10091527551412582,0.9988385438919067,0.889895498752594
YLR160C,YIL109C,0,-5.161219,0.10090343654155731,0.9988385438919067,0.8900116086006165
YIL155C,YGR248W,0,-5.1613626,0.1008915975689888,0.9988385438919067,0.8901277780532837
YNL127W,YDR453C,0,-5.1621833,0.10087976604700089,0.9988385438919067,0.8902438879013062
YHR169W,YKL018W,0,-5.1623282,0.10086793452501297,0.9988385438919067,0.8903600573539734
YPL208W,YDR083W,0,-5.162953,0.10085610300302505,0.9988385438919067,0.8904761672019958
YNL065W,YBR275C,0,-5.162979,0.10084427893161774,0.9988385438919067,0.8905923366546631
YDL117W,YCL026C-A,0,-5.16312,0.10083245486021042,0.9988385438919067,0.8907085061073303
YJL121C,YNL302C,0,-5.163683,0.1008206307888031,0.9988385438919067,0.8908246159553528
YPL265W,YCR061W,0,-5.1645036,0.10080881416797638,0.9988385438919067,0.89094078540802
YER114C,YDR086C,0,-5.165761,0.10079699754714966,0.9988385438919067,0.8910568952560425
YHR001W-A,YJL154C,0,-5.1659327,0.10078518837690353,0.9988385438919067,0.8911730647087097
YGR088W,YHR039C,0,-5.16618,0.10077337920665741,0.9988385438919067,0.8912891745567322
YNL220W,YKR002W,0,-5.1671634,0.10076157003641129,0.9988385438919067,0.8914053440093994
YOR249C,YFR030W,0,-5.1672854,0.10074976831674576,0.9988385438919067,0.8915215134620667
YER028C,YGL143C,0,-5.1680856,0.10073796659708023,0.9988385438919067,0.8916376233100891
YGL180W,YPR001W,0,-5.168511,0.1007261648774147,0.9988385438919067,0.8917537927627563
YBR155W,YNL280C,0,-5.1692376,0.10071437060832977,0.9988385438919067,0.8918699026107788
YBL098W,YHR203C,0,-5.1695533,0.10070257633924484,0.9988385438919067,0.891986072063446
YCL026C-A,YGR211W,0,-5.169798,0.10069078207015991,0.9988385438919067,0.8921021819114685
YLR394W,YFR030W,0,-5.1705384,0.10067899525165558,0.9988385438919067,0.8922183513641357
YBL050W,YKL056C,0,-5.17096,0.10066721588373184,0.9988385438919067,0.892334520816803
YDR277C,YDL230W,0,-5.171281,0.10065542906522751,0.9988385438919067,0.8924506306648254
YPL059W,YPL258C,0,-5.171319,0.10064364969730377,0.9988385438919067,0.8925668001174927
YDL014W,YDR276C,0,-5.1713815,0.10063187777996063,0.9988385438919067,0.8926829099655151
YHR194W,YDL150W,0,-5.171619,0.1006200984120369,0.9988385438919067,0.8927990794181824
YKL011C,YLR293C,0,-5.1722236,0.10060832649469376,0.9988385438919067,0.8929151892662048
YPR001W,YGR158C,0,-5.172772,0.10059656202793121,0.9988385438919067,0.8930313587188721
YDR116C,YBR127C,0,-5.1740594,0.10058479756116867,0.9988385438919067,0.8931475281715393
YMR001C,YJL048C,0,-5.174439,0.10057303309440613,0.9988385438919067,0.8932636380195618
YNL127W,YGL008C,0,-5.1745853,0.10056126862764359,0.9988385438919067,0.893379807472229
YDL045C,YBR089C-A,0,-5.175632,0.10054951161146164,0.9988385438919067,0.8934959173202515
YGR088W,YOL105C,0,-5.176657,0.10053776204586029,0.9988385438919067,0.8936120867729187
YGR014W,YPR002W,0,-5.1777344,0.10052600502967834,0.9988385438919067,0.8937281966209412
YML008C,YHR039C,0,-5.1778245,0.100514255464077,0.9988385438919067,0.8938443660736084
YDR087C,YOR087W,0,-5.17835,0.10050251334905624,0.9988385438919067,0.8939605355262756
YOR377W,YOR036W,0,-5.178592,0.10049077123403549,0.9988385438919067,0.8940766453742981
YPL177C,YGL006W,0,-5.178671,0.10047902911901474,0.9988385438919067,0.8941928148269653
YAL042W,YNL068C,0,-5.180936,0.10046728700399399,0.9988385438919067,0.8943089246749878
YNL274C,YIL022W,0,-5.1809998,0.10045555233955383,0.9988385438919067,0.894425094127655
YHR039C,YKR002W,0,-5.1810565,0.10044382512569427,0.9988385438919067,0.8945412039756775
YPR154W,YLR248W,0,-5.181668,0.10043209046125412,0.9988385438919067,0.8946573734283447
YAL054C,YDR083W,0,-5.182282,0.10042036324739456,0.9988385438919067,0.894773542881012
YDL014W,YML114C,0,-5.182595,0.1004086434841156,0.9988385438919067,0.8948896527290344
YBL016W,YIL129C,0,-5.1843677,0.10039691627025604,0.9988385438919067,0.8950058221817017
YKL005C,YPL224C,0,-5.1846166,0.10038519650697708,0.9988385438919067,0.8951219320297241
YDR480W,YJL148W,0,-5.1846433,0.10037348419427872,0.9988385438919067,0.8952381014823914
YDR163W,YPR165W,0,-5.1846757,0.10036177188158035,0.9988385438919067,0.8953542113304138
YHR061C,YNL302C,0,-5.184703,0.10035005956888199,0.9988385438919067,0.895470380783081
YML129C,YKL029C,0,-5.184703,0.10033834725618362,0.9988385438919067,0.8955865502357483
YGL006W,YCR083W,0,-5.1855063,0.10032664239406586,0.9988385438919067,0.8957026600837708
YBR159W,YPR134W,0,-5.1855087,0.10031494498252869,0.9988385438919067,0.895818829536438
YHR203C,YDR308C,0,-5.1862664,0.10030324012041092,0.9988385438919067,0.8959349393844604
YER165W,YJL121C,0,-5.186601,0.10029154270887375,0.9988385438919067,0.8960511088371277
YNL327W,YNL186W,0,-5.188334,0.10027985274791718,0.9988385438919067,0.8961672186851501
YBR295W,YIL053W,0,-5.1886554,0.10026815533638,0.9988385438919067,0.8962833881378174
YFL057C,YBR295W,0,-5.189256,0.10025647282600403,0.9988385438919067,0.8963995575904846
YNL061W,YHR138C,0,-5.1893344,0.10024478286504745,0.9988385438919067,0.8965156674385071
YBR039W,YLR006C,0,-5.1894865,0.10023310035467148,0.9988385438919067,0.8966318368911743
YOR377W,YLR259C,0,-5.189517,0.1002214178442955,0.9988385438919067,0.8967479467391968
YKL029C,YOR330C,0,-5.1909566,0.10020974278450012,0.9988385438919067,0.896864116191864
YML123C,YLR240W,0,-5.191074,0.10019806772470474,0.9988385438919067,0.8969802260398865
YER032W,YBR066C,0,-5.191755,0.10018639266490936,0.9988385438919067,0.8970963954925537
YGL143C,YNL110C,0,-5.1919007,0.10017472505569458,0.9988385438919067,0.897212564945221
YNL129W,YOR344C,0,-5.191915,0.1001630574464798,0.9988385438919067,0.8973286747932434
YDR009W,YKL122C,0,-5.1920433,0.10015138983726501,0.9988385438919067,0.8974448442459106
YKL146W,YFR030W,0,-5.192346,0.10013972967863083,0.9988385438919067,0.8975609540939331
YDR214W,YFL048C,0,-5.1925035,0.10012806951999664,0.9988385438919067,0.8976771235466003
YOL117W,YGL229C,0,-5.1926513,0.10011641681194305,0.9988385438919067,0.8977932929992676
YGL062W,YDR289C,0,-5.1930237,0.10010476410388947,0.9988385438919067,0.89790940284729
YML123C,YCR053W,0,-5.193613,0.10009311139583588,0.9988385438919067,0.8980255722999573
YNL220W,YLR026C,0,-5.1938787,0.10008145868778229,0.9988385438919067,0.8981416821479797
YOR221C,YGR063C,0,-5.1939726,0.1000698134303093,0.9988385438919067,0.898257851600647
YNL282W,YJL026W,0,-5.1946616,0.1000581756234169,0.9988385438919067,0.8983739614486694
YBR185C,YCR072C,0,-5.195336,0.10004653036594391,0.9988385438919067,0.8984901309013367
YDR231C,YDR273W,0,-5.1955504,0.10003489255905151,0.9988385438919067,0.8986063003540039
YHR034C,YJR045C,0,-5.1964016,0.10002326220273972,0.9988385438919067,0.8987224102020264
YLR048W,YMR079W,0,-5.1966586,0.10001163184642792,0.9988385438919067,0.8988385796546936
YJL026W,YDR398W,0,-5.1968775,0.10000000149011612,0.9988385438919067,0.8989546895027161
YPL265W,YGR284C,0,-5.1983137,0.09998837113380432,0.9988385438919067,0.8990708589553833
YKL029C,YPL210C,0,-5.199016,0.09997674822807312,0.9988385438919067,0.8991869688034058
YML023C,YOR386W,1,-5.1991506,0.10008136928081512,1.0,0.8991869688034058
YOL164W,YLR355C,0,-5.1993394,0.10006973147392273,1.0,0.899303138256073
YPL235W,YMR175W,0,-5.199958,0.10005810856819153,1.0,0.8994193077087402
YHR174W,YBL102W,0,-5.2005734,0.10004647821187973,1.0,0.8995354175567627
YLR078C,YBR008C,0,-5.201552,0.10003485530614853,1.0,0.8996515870094299
YBL016W,YKL029C,0,-5.203461,0.10002323240041733,1.0,0.8997676968574524
YBR172C,YJR010C-A,0,-5.2037845,0.10001161694526672,1.0,0.8998838663101196
YPR181C,YLL011W,0,-5.204253,0.10000000149011612,1.0,0.8999999761581421
YGR088W,YNL281W,0,-5.204552,0.09998838603496552,1.0,0.9001161456108093
YOR037W,YDL014W,0,-5.2049766,0.09997677803039551,1.0,0.9002323150634766
YPL192C,YJR145C,0,-5.2051024,0.0999651700258255,1.0,0.900348424911499
YGR155W,YIL123W,0,-5.205109,0.0999535620212555,1.0,0.9004645943641663
YKR076W,YNL327W,0,-5.205273,0.09994196146726608,1.0,0.9005807042121887
YKR038C,YOR272W,0,-5.206346,0.09993036091327667,1.0,0.900696873664856
YBR192W,YHR041C,0,-5.2071815,0.09991876780986786,1.0,0.9008129835128784
YDR423C,YML123C,0,-5.207196,0.09990717470645905,1.0,0.9009291529655457
YNL061W,YBR127C,0,-5.2074947,0.09989558160305023,1.0,0.9010453224182129
YDR345C,YJL148W,0,-5.207578,0.09988398849964142,1.0,0.9011614322662354
YGR248W,YOR087W,0,-5.2082486,0.0998724028468132,1.0,0.9012776017189026
YDR273W,YJL139C,0,-5.208985,0.09986082464456558,1.0,0.901393711566925
YKL205W,YBR024W,0,-5.209,0.09984923899173737,1.0,0.9015098810195923
YBR132C,YOL113W,0,-5.209481,0.09983766078948975,1.0,0.9016259908676147
YLR157C,YJL139C,0,-5.210222,0.09982609003782272,1.0,0.901742160320282
YER106W,YML120C,0,-5.210771,0.0998145118355751,1.0,0.9018583297729492
YDR273W,YJR010C-A,0,-5.2116046,0.09980294108390808,1.0,0.9019744396209717
YFL021W,YEL041W,0,-5.21191,0.09979137778282166,1.0,0.9020906090736389
YNL164C,YKL150W,0,-5.2135286,0.09977981448173523,1.0,0.9022067189216614
YDL036C,YLR248W,0,-5.2139096,0.0997682511806488,1.0,0.9023228883743286
YMR298W,YBR295W,0,-5.2139335,0.09975668787956238,1.0,0.9024389982223511
YBR038W,YLR293C,0,-5.214173,0.09974513202905655,1.0,0.9025551676750183
YIL155C,YPL118W,0,-5.2142353,0.09973358362913132,1.0,0.9026713371276855
YJL214W,YNL061W,0,-5.214323,0.09972202777862549,1.0,0.902787446975708
YOL126C,YML098W,0,-5.2150683,0.09971047937870026,1.0,0.9029036164283752
YGL006W,YKL086W,0,-5.2151384,0.09969893097877502,1.0,0.9030197262763977
YNL030W,YJR074W,0,-5.2153897,0.09968739002943039,1.0,0.9031358957290649
YJR010C-A,YOL020W,0,-5.216224,0.09967584908008575,1.0,0.9032520055770874
YLL026W,YPR134W,0,-5.2165084,0.09966431558132172,1.0,0.9033681750297546
YOL077W-A,YPR154W,0,-5.217878,0.09965277463197708,1.0,0.9034843444824219
YPR154W,YMR263W,0,-5.2188606,0.09964124858379364,1.0,0.9036004543304443
YDR393W,YBR162C,0,-5.219264,0.0996297150850296,1.0,0.9037166237831116
YFL021W,YGL006W,0,-5.2194734,0.09961818903684616,1.0,0.903832733631134
YPL177C,YIL053W,0,-5.2198424,0.09960666298866272,1.0,0.9039489030838013
YMR011W,YOL129W,0,-5.22049,0.09959514439105988,1.0,0.9040650129318237
YJL214W,YOR272W,0,-5.220913,0.09958362579345703,1.0,0.904181182384491
YAL044C,YMR298W,0,-5.2213464,0.09957210719585419,1.0,0.9042973518371582
YGR088W,YIL106W,0,-5.2215877,0.09956058859825134,1.0,0.9044134616851807
YNL039W,YGL037C,0,-5.2216563,0.0995490774512291,1.0,0.9045296311378479
YJL048C,YKL080W,0,-5.221779,0.09953757375478745,1.0,0.9046457409858704
YJL026W,YKL042W,0,-5.22249,0.0995260700583458,1.0,0.9047619104385376
YBR049C,YNL302C,0,-5.2232203,0.09951456636190414,1.0,0.9048780202865601
YBR267W,YLR059C,0,-5.2236094,0.0995030626654625,1.0,0.9049941897392273
YGR088W,YIL063C,0,-5.223656,0.09949156641960144,1.0,0.9051103591918945
YHL036W,YDR372C,0,-5.2236733,0.09948007017374039,1.0,0.905226469039917
YMR092C,YKL042W,0,-5.2238326,0.09946857392787933,1.0,0.9053426384925842
YGL180W,YCR102C,0,-5.223927,0.09945708513259888,1.0,0.9054587483406067
YGR003W,YCL043C,0,-5.224465,0.09944559633731842,1.0,0.9055749177932739
YGL190C,YHR001W-A,0,-5.224872,0.09943411499261856,1.0,0.9056910276412964
YLR157C,YDR165W,0,-5.225959,0.0994226336479187,1.0,0.9058071970939636
YPR018W,YOR210W,0,-5.2270226,0.09941115230321884,1.0,0.9059233665466309
YER106W,YFL036W,0,-5.227315,0.09939967840909958,1.0,0.9060394763946533
YOL126C,YBL080C,0,-5.227352,0.09938820451498032,1.0,0.9061556458473206
YLR160C,YGR003W,0,-5.228619,0.09937673062086105,1.0,0.906271755695343
YAL044C,YOL049W,0,-5.2288065,0.09936526417732239,1.0,0.9063879251480103
YMR041C,YBR010W,0,-5.2304707,0.09935379773378372,1.0,0.9065040946006775
YCL016C,YNL302C,0,-5.2326107,0.09934233129024506,1.0,0.9066202044487
YKL208W,YHR169W,0,-5.23284,0.09933087229728699,1.0,0.9067363739013672
YBR132C,YCL008C,0,-5.2331424,0.09931941330432892,1.0,0.9068524837493896
YDR087C,YGR033C,0,-5.2336116,0.09930796176195145,1.0,0.9069686532020569
YHR174W,YLR066W,0,-5.233694,0.09929650276899338,1.0,0.9070847630500793
YFL013C,YBR127C,0,-5.233706,0.0992850586771965,1.0,0.9072009325027466
YKL122C,YCR083W,0,-5.234033,0.09927360713481903,1.0,0.9073171019554138
YLR377C,YCR102C,0,-5.2346163,0.09926216304302216,1.0,0.9074332118034363
YLR160C,YFR052W,0,-5.234685,0.09925071895122528,1.0,0.9075493812561035
YDL154W,YML123C,0,-5.2347803,0.099239282310009,1.0,0.907665491104126
YBR155W,YJL184W,0,-5.235625,0.09922784566879272,1.0,0.9077816605567932
YBR160W,YDL014W,0,-5.2364163,0.09921640902757645,1.0,0.9078977704048157
YOR103C,YER117W,0,-5.236421,0.09920497983694077,1.0,0.9080139398574829
YMR142C,YBR273C,0,-5.2369275,0.09919355064630508,1.0,0.9081301093101501
YER106W,YGR285C,0,-5.2375884,0.0991821214556694,1.0,0.9082462191581726
YLR127C,YGR248W,0,-5.2380815,0.09917069971561432,1.0,0.9083623886108398
YBL098W,YML127W,0,-5.238625,0.09915927797555923,1.0,0.9084784984588623
YDL083C,YLR455W,0,-5.2393484,0.09914785623550415,1.0,0.9085946679115295
YPL100W,YNL110C,0,-5.239636,0.09913644194602966,1.0,0.908710777759552
YIL117C,YFR003C,0,-5.2403774,0.09912502765655518,1.0,0.9088269472122192
YLR192C,YOR159C,0,-5.241075,0.09911362081766129,1.0,0.9089431166648865
YIL034C,YGR268C,0,-5.2442603,0.0991022065281868,1.0,0.9090592265129089
YCL025C,YLR147C,0,-5.246026,0.0990908071398735,1.0,0.9091753959655762
YDL079C,YLR048W,0,-5.246228,0.09907940030097961,1.0,0.9092915058135986
YDR021W,YBR037C,0,-5.2466803,0.09906800091266632,1.0,0.9094076752662659
YHR193C,YPL234C,0,-5.246857,0.09905660152435303,1.0,0.9095237851142883
YBL032W,YNR015W,0,-5.2470965,0.09904520958662033,1.0,0.9096399545669556
YIL034C,YPL082C,0,-5.2473526,0.09903381764888763,1.0,0.9097561240196228
YAL044C,YDR081C,0,-5.247624,0.09902242571115494,1.0,0.9098722338676453
YGR177C,YER032W,0,-5.248235,0.09901104122400284,1.0,0.9099884033203125
YJR091C,YAL016W,0,-5.2487254,0.09899965673685074,1.0,0.910104513168335
YLR157C,YJR139C,0,-5.24935,0.09898827224969864,1.0,0.9102206826210022
YJR093C,YML120C,0,-5.250028,0.09897689521312714,1.0,0.9103367924690247
YHR171W,YEL027W,0,-5.2507997,0.09896551817655563,1.0,0.9104529619216919
YBR164C,YGL030W,0,-5.252582,0.09895414113998413,1.0,0.9105691313743591
YNL280C,YDR481C,0,-5.2529745,0.09894277155399323,1.0,0.9106852412223816
YER088C,YNL009W,0,-5.252978,0.09893140196800232,1.0,0.9108014106750488
YGL073W,YGR059W,0,-5.253018,0.09892003983259201,1.0,0.9109175205230713
YER088C,YML114C,0,-5.253798,0.0989086702466011,1.0,0.9110336899757385
YMR012W,YNR054C,0,-5.254105,0.09889731556177139,1.0,0.911149799823761
YGR268C,YJR086W,0,-5.25454,0.09888595342636108,1.0,0.9112659692764282
YDR298C,YML008C,0,-5.2548413,0.09887459874153137,1.0,0.9113821387290955
YMR026C,YDR276C,0,-5.2548747,0.09886324405670166,1.0,0.9114982485771179
YKL195W,YOL020W,0,-5.255284,0.09885189682245255,1.0,0.9116144180297852
YDR298C,YGR285C,0,-5.2557864,0.09884054958820343,1.0,0.9117305278778076
YBR038W,YPL163C,0,-5.256928,0.09882920235395432,1.0,0.9118466973304749
YLR355C,YIR022W,0,-5.2574153,0.0988178551197052,1.0,0.9119628071784973
YGR262C,YIL142W,0,-5.258089,0.09880651533603668,1.0,0.9120789766311646
YKL011C,YER044C,0,-5.2581306,0.09879518300294876,1.0,0.9121951460838318
YLR160C,YDR189W,0,-5.259005,0.09878384321928024,1.0,0.9123112559318542
YNR015W,YLR066W,0,-5.259361,0.09877251088619232,1.0,0.9124274253845215
YHR150W,YOL127W,0,-5.2596974,0.098761186003685,1.0,0.912543535232544
YER044C,YLR346C,0,-5.260527,0.09874985367059708,1.0,0.9126597046852112
YGL195W,YLR205C,0,-5.260846,0.09873852878808975,1.0,0.9127758145332336
YER035W,YBR066C,0,-5.261719,0.09872721135616302,1.0,0.9128919839859009
YFL010W-A,YFL016C,0,-5.262685,0.0987158939242363,1.0,0.9130081534385681
YKL150W,YDR498C,0,-5.262835,0.09870457649230957,1.0,0.9131242632865906
YOR239W,YBR132C,0,-5.2630377,0.09869325906038284,1.0,0.9132404327392578
YML012W,YOL122C,0,-5.263643,0.09868194907903671,1.0,0.9133565425872803
YNL065W,YDR081C,0,-5.2638183,0.09867063909769058,1.0,0.9134727120399475
YMR072W,YKR059W,0,-5.2646747,0.09865933656692505,1.0,0.91358882188797
YER019W,YPR083W,0,-5.265695,0.09864802658557892,1.0,0.9137049913406372
YOR249C,YBR183W,0,-5.2671876,0.09863673150539398,1.0,0.9138211607933044
YPL010W,YDL150W,0,-5.267265,0.09862542897462845,1.0,0.9139372706413269
YKL011C,YKL056C,0,-5.267407,0.09861413389444351,1.0,0.9140534400939941
YAL007C,YER031C,0,-5.2693334,0.09860283881425858,1.0,0.9141695499420166
YOL013C,YOL020W,0,-5.26956,0.09859155118465424,1.0,0.9142857193946838
YIL036W,YKL029C,0,-5.270437,0.0985802635550499,1.0,0.9144018292427063
YFL023W,YBR177C,0,-5.2706866,0.09856897592544556,1.0,0.9145179986953735
YDL150W,YNL131W,0,-5.2707267,0.09855769574642181,1.0,0.9146341681480408
YCR072C,YCR083W,0,-5.271423,0.09854640811681747,1.0,0.9147502779960632
YNR015W,YGR024C,0,-5.272324,0.09853513538837433,1.0,0.9148664474487305
YIL142W,YBR002C,0,-5.275389,0.09852385520935059,1.0,0.9149825572967529
YDR214W,YLR335W,0,-5.2760444,0.09851258248090744,1.0,0.9150987267494202
YGR088W,YKL080W,0,-5.277323,0.09850131720304489,1.0,0.9152148962020874
YBR002C,YNL186W,0,-5.277908,0.09849004447460175,1.0,0.9153310060501099
YBL016W,YPL091W,0,-5.2785716,0.0984787866473198,1.0,0.9154471755027771
YNL164C,YEL060C,0,-5.279085,0.09846752136945724,1.0,0.9155632853507996
YMR119W,YOL127W,0,-5.2791796,0.09845626354217529,1.0,0.9156794548034668
YDR309C,YDR087C,0,-5.2796845,0.09844500571489334,1.0,0.9157955646514893
YDL143W,YER088C,0,-5.280285,0.09843374788761139,1.0,0.9159117341041565
YLR332W,YJL052W,0,-5.280692,0.09842249751091003,1.0,0.9160279035568237
YPR001W,YLR192C,0,-5.2818522,0.09841124713420868,1.0,0.9161440134048462
YML008C,YOR209C,0,-5.282154,0.09839999675750732,1.0,0.9162601828575134
YNL008C,YNR075W,0,-5.2827864,0.09838875383138657,1.0,0.9163762927055359
YDR231C,YBR162C,0,-5.2830443,0.09837751090526581,1.0,0.9164924621582031
YIL061C,YMR104C,0,-5.283362,0.09836627542972565,1.0,0.9166085720062256
YMR232W,YER089C,0,-5.283956,0.09835503995418549,1.0,0.9167247414588928
YGL192W,YNL110C,0,-5.2857356,0.09834380447864532,1.0,0.9168409109115601
YLR355C,YDL195W,0,-5.28664,0.09833256900310516,1.0,0.9169570207595825
YMR250W,YLR193C,0,-5.2871203,0.0983213409781456,1.0,0.9170731902122498
YFL018C,YBL058W,0,-5.2875905,0.09831011295318604,1.0,0.9171893000602722
YML103C,YOL127W,0,-5.287627,0.09829889237880707,1.0,0.9173054695129395
YDR388W,YDR058C,0,-5.288114,0.0982876718044281,1.0,0.9174215793609619
YML132W,YDR276C,0,-5.289496,0.09827645123004913,1.0,0.9175377488136292
YNL061W,YGL008C,0,-5.290397,0.09826523810625076,1.0,0.9176539182662964
YLL061W,YPL258C,0,-5.291039,0.09825402498245239,1.0,0.9177700281143188
YPL059W,YLL026W,0,-5.2915998,0.09824281185865402,1.0,0.9178861975669861
YBR050C,YMR139W,0,-5.2921743,0.09823160618543625,1.0,0.9180023074150085
YBL098W,YNL274C,0,-5.292587,0.09822040051221848,1.0,0.9181184768676758
YJL006C,YHR019C,0,-5.293272,0.0982091948390007,1.0,0.9182345867156982
YDL014W,YJL208C,0,-5.2935276,0.09819798916578293,1.0,0.9183507561683655
YCL026C-A,YGL035C,0,-5.29418,0.09818679094314575,1.0,0.9184669256210327
YEL027W,YFR053C,0,-5.2968564,0.09817560017108917,1.0,0.9185830354690552
YOR239W,YDL181W,0,-5.298425,0.098164401948452,1.0,0.9186992049217224
YDR456W,YGR248W,0,-5.299525,0.09815321117639542,1.0,0.9188153147697449
YAL044C,YHR012W,0,-5.2999477,0.09814202785491943,1.0,0.9189314842224121
YPL100W,YJL052W,0,-5.3006415,0.09813084453344345,1.0,0.9190475940704346
YLR355C,YBL061C,0,-5.30099,0.09811966121196747,1.0,0.9191637635231018
YNL220W,YPR057W,0,-5.301151,0.09810847789049149,1.0,0.919279932975769
YKR066C,YER019W,0,-5.302068,0.0980973020195961,1.0,0.9193960428237915
YJR070C,YKL056C,0,-5.30209,0.09808612614870071,1.0,0.9195122122764587
YDL126C,YJR145C,0,-5.302819,0.09807495027780533,1.0,0.9196283221244812
YPL239W,YEL041W,0,-5.303395,0.09806378185749054,1.0,0.9197444915771484
YBL080C,YOL127W,0,-5.3047314,0.09805261343717575,1.0,0.9198606014251709
YCL027W,YGL068W,0,-5.3048844,0.09804144501686096,1.0,0.9199767708778381
YML132W,YGR132C,0,-5.3054013,0.09803028404712677,1.0,0.9200929403305054
YJL203W,YNL186W,0,-5.3055415,0.09801912307739258,1.0,0.9202090501785278
YKL146W,YHR039C,0,-5.305826,0.09800796955823898,1.0,0.9203252196311951
YGR097W,YGR239C,0,-5.305984,0.09799681603908539,1.0,0.9204413294792175
YMR072W,YMR142C,0,-5.3061376,0.0979856625199318,1.0,0.9205574989318848
YBR089C-A,YIL056W,0,-5.306682,0.0979745090007782,1.0,0.9206736087799072
YJR091C,YGR239C,0,-5.307491,0.0979633629322052,1.0,0.9207897782325745
YHR181W,YMR104C,0,-5.308553,0.0979522168636322,1.0,0.9209059476852417
YOL002C,YGL068W,0,-5.3102465,0.0979410782456398,1.0,0.9210220575332642
YCR107W,YNL030W,0,-5.3105946,0.0979299396276474,1.0,0.9211382269859314
YGL062W,YDR181C,0,-5.3108373,0.097918801009655,1.0,0.9212543368339539
YDL145C,YLL026W,0,-5.311117,0.0979076623916626,1.0,0.9213705062866211
YNL061W,YGR180C,0,-5.3114924,0.0978965312242508,1.0,0.9214866161346436
YLR293C,YMR079W,0,-5.312167,0.09788540005683899,1.0,0.9216027855873108
YDR083W,YMR079W,0,-5.3123937,0.09787427634000778,1.0,0.921718955039978
YCL025C,YHL040C,0,-5.3125896,0.09786315262317657,1.0,0.9218350648880005
YMR092C,YGL006W,0,-5.3129234,0.09785202890634537,1.0,0.9219512343406677
YIL155C,YKL034W,0,-5.313196,0.09784091264009476,1.0,0.9220673441886902
YMR072W,YDR345C,0,-5.3135037,0.09782978892326355,1.0,0.9221835136413574
YGL105W,YJL108C,0,-5.316069,0.09781868010759354,1.0,0.9222996234893799
YCL025C,YFL017W-A,0,-5.3166957,0.09780756384134293,1.0,0.9224157929420471
YDR122W,YNL110C,0,-5.3167367,0.09779645502567291,1.0,0.9225319623947144
YPR020W,YGL219C,0,-5.316956,0.0977853462100029,1.0,0.9226480722427368
YOL164W,YOR064C,0,-5.317284,0.09777424484491348,1.0,0.922764241695404
YML132W,YDR202C,0,-5.318396,0.09776314347982407,1.0,0.9228803515434265
YLR355C,YJR074W,0,-5.319402,0.09775204211473465,1.0,0.9229965209960938
YPL265W,YBR024W,0,-5.3209834,0.09774094820022583,1.0,0.9231126308441162
YPL100W,YNL274C,0,-5.3214507,0.09772985428571701,1.0,0.9232288002967834
YLL026W,YGR229C,0,-5.3217373,0.09771876037120819,1.0,0.9233449697494507
YBL016W,YMR089C,0,-5.3219066,0.09770767390727997,1.0,0.9234610795974731
YNL268W,YPR052C,0,-5.3222365,0.09769658744335175,1.0,0.9235772490501404
YBL105C,YGL008C,0,-5.323609,0.09768550097942352,1.0,0.9236933588981628
YBL016W,YBR066C,0,-5.3239546,0.0976744219660759,1.0,0.9238095283508301
YGL143C,YOR206W,0,-5.324494,0.09766334295272827,1.0,0.9239256381988525
YFL013C,YDR388W,0,-5.3246217,0.09765226393938065,1.0,0.9240418076515198
YAL054C,YGL195W,0,-5.325024,0.09764118492603302,1.0,0.924157977104187
YJR070C,YBR049C,0,-5.326174,0.09763011336326599,1.0,0.9242740869522095
YOR239W,YPR154W,0,-5.326794,0.09761904925107956,1.0,0.9243902564048767
YJL148W,YLR066W,0,-5.3287845,0.09760797768831253,1.0,0.9245063662528992
YJR022W,YGL008C,0,-5.329396,0.0975969135761261,1.0,0.9246225357055664
YKR038C,YGL030W,0,-5.330967,0.09758585691452026,1.0,0.9247387051582336
YLR242C,YKL085W,0,-5.331245,0.09757479280233383,1.0,0.9248548150062561
YFL023W,YBR172C,0,-5.332952,0.097563736140728,1.0,0.9249709844589233
YDR388W,YBL050W,0,-5.33701,0.09755268692970276,1.0,0.9250870943069458
YBR145W,YJL145W,0,-5.3372664,0.09754163026809692,1.0,0.925203263759613
YGL151W,YCL043C,0,-5.33785,0.09753058105707169,1.0,0.9253193736076355
YLR205C,YDR083W,0,-5.3387113,0.09751953929662704,1.0,0.9254355430603027
YMR250W,YGR014W,0,-5.3389263,0.0975084900856018,1.0,0.92555171251297
YDR055W,YDL036C,0,-5.339054,0.09749745577573776,1.0,0.9256678223609924
YJL026W,YGR285C,0,-5.339833,0.09748641401529312,1.0,0.9257839918136597
YMR119W,YBR183W,0,-5.3408446,0.09747537970542908,1.0,0.9259001016616821
YPR154W,YOL038W,0,-5.340898,0.09746434539556503,1.0,0.9260162711143494
YML092C,YIL117C,0,-5.3419456,0.09745331108570099,1.0,0.9261323809623718
YLR355C,YMR104C,0,-5.342075,0.09744228422641754,1.0,0.9262485504150391
YFR028C,YMR175W,0,-5.342217,0.0974312573671341,1.0,0.9263647198677063
YCR044C,YPR154W,0,-5.343267,0.09742023050785065,1.0,0.9264808297157288
YDL117W,YGR192C,0,-5.3433776,0.0974092110991478,1.0,0.926596999168396
YJL148W,YLR048W,0,-5.3439803,0.09739819169044495,1.0,0.9267131090164185
YOR307C,YBR283C,0,-5.34417,0.0973871722817421,1.0,0.9268292784690857
YGL151W,YDL083C,0,-5.344481,0.09737616032361984,1.0,0.9269453883171082
YHR169W,YLR034C,0,-5.3446794,0.09736514836549759,1.0,0.9270615577697754
YLL015W,YIL123W,0,-5.345148,0.09735413640737534,1.0,0.9271777272224426
YHR169W,YIL117C,0,-5.346928,0.09734313189983368,1.0,0.9272938370704651
YDR273W,YDR456W,0,-5.3470206,0.09733212739229202,1.0,0.9274100065231323
YNR054C,YBL061C,0,-5.347024,0.09732112288475037,1.0,0.9275261163711548
YLR110C,YGR239C,0,-5.347687,0.0973101258277893,1.0,0.927642285823822
YMR298W,YNL110C,0,-5.3480763,0.09729912877082825,1.0,0.9277583956718445
YPR154W,YCR083W,0,-5.350157,0.09728813916444778,1.0,0.9278745651245117
YPL110C,YNL061W,0,-5.350619,0.09727714210748672,1.0,0.927990734577179
YLR304C,YLR048W,0,-5.350656,0.09726615250110626,1.0,0.9281068444252014
YAL042W,YKL042W,0,-5.3508806,0.0972551703453064,1.0,0.9282230138778687
YOR159C,YMR104C,0,-5.3526673,0.09724418073892593,1.0,0.9283391237258911
YGL006W,YOL113W,0,-5.353553,0.09723319858312607,1.0,0.9284552931785583
YGL247W,YLL026W,0,-5.3539925,0.0972222238779068,1.0,0.9285714030265808
YLR157C,YPL211W,0,-5.3551345,0.09721124172210693,1.0,0.928687572479248
YMR150C,YKR079C,0,-5.355351,0.09720027446746826,1.0,0.9288037419319153
YCR107W,YKR076W,0,-5.355921,0.09718929976224899,1.0,0.9289198517799377
YLR304C,YHR187W,0,-5.3565927,0.09717833250761032,1.0,0.929036021232605
YOL126C,YOR329C,0,-5.3573947,0.09716736525297165,1.0,0.9291521310806274
YOR099W,YGL172W,0,-5.3584714,0.09715639799833298,1.0,0.9292683005332947
YFL057C,YDL036C,0,-5.3594003,0.0971454381942749,1.0,0.9293844103813171
YDR009W,YFL036W,0,-5.3599277,0.09713447839021683,1.0,0.9295005798339844
YDR214W,YGR088W,0,-5.359946,0.09712351858615875,1.0,0.9296167492866516
YKL150W,YGR014W,0,-5.3611703,0.09711256623268127,1.0,0.9297328591346741
YMR079W,YBR183W,0,-5.3622537,0.0971016138792038,1.0,0.9298490285873413
YGL008C,YHR119W,0,-5.3625655,0.09709066152572632,1.0,0.9299651384353638
YIL034C,YDL045C,0,-5.3626504,0.09707971662282944,1.0,0.930081307888031
YDL232W,YMR104C,0,-5.363538,0.09706877171993256,1.0,0.9301974177360535
YDR273W,YHR073W,0,-5.3638034,0.09705782681703568,1.0,0.9303135871887207
YDR289C,YCR061W,0,-5.364117,0.09704688936471939,1.0,0.9304297566413879
YPL100W,YGR285C,0,-5.365802,0.0970359519124031,1.0,0.9305458664894104
YBL016W,YJL102W,0,-5.366801,0.09702501446008682,1.0,0.9306620359420776
YPL101W,YJL048C,0,-5.366902,0.09701408445835114,1.0,0.9307781457901001
YJR070C,YIL056W,0,-5.3685365,0.09700315445661545,1.0,0.9308943152427673
YGR186W,YCR084C,0,-5.3686814,0.09699222445487976,1.0,0.9310104250907898
YIL155C,YGR132C,0,-5.3702292,0.09698130190372467,1.0,0.931126594543457
YHR174W,YCR083W,0,-5.370523,0.09697037935256958,1.0,0.9312427639961243
YNL274C,YNL070W,0,-5.371415,0.09695945680141449,1.0,0.9313588738441467
YDL142C,YBR172C,0,-5.3720884,0.09694854170084,1.0,0.931475043296814
YBR145W,YPL026C,0,-5.3730326,0.0969376266002655,1.0,0.9315911531448364
YHR171W,YJR145C,0,-5.373249,0.09692671149969101,1.0,0.9317073225975037
YNL153C,YKR059W,0,-5.3741193,0.09691580384969711,1.0,0.9318234324455261
YDR214W,YIL008W,0,-5.3766828,0.09690489619970322,1.0,0.9319396018981934
YCL027W,YKL085W,0,-5.3784113,0.09689398854970932,1.0,0.9320557713508606
YBR068C,YFL021W,0,-5.3802133,0.09688308835029602,1.0,0.9321718811988831
YDR273W,YKL034W,0,-5.3805676,0.09687218815088272,1.0,0.9322880506515503
YJL208C,YJL121C,0,-5.380652,0.09686128795146942,1.0,0.9324041604995728
YNL186W,YBR183W,0,-5.381025,0.09685039520263672,1.0,0.93252032995224
YBR066C,YGR222W,0,-5.382304,0.09683950245380402,1.0,0.9326364398002625
YBL009W,YER003C,0,-5.382711,0.09682860970497131,1.0,0.9327526092529297
YNR002C,YMR175W,0,-5.382746,0.09681772440671921,1.0,0.9328687787055969
YBR155W,YPL224C,0,-5.3837647,0.0968068391084671,1.0,0.9329848885536194
YJR091C,YPL224C,0,-5.38395,0.096795953810215,1.0,0.9331010580062866
YFR053C,YIL002C,0,-5.3852153,0.09678506851196289,1.0,0.9332171678543091
YCL043C,YGL062W,0,-5.3857,0.09677419066429138,1.0,0.9333333373069763
YLR355C,YBR258C,0,-5.387233,0.09676332026720047,1.0,0.9334495067596436
YKL205W,YBR105C,0,-5.3872857,0.09675244241952896,1.0,0.933565616607666
YPR154W,YGR186W,0,-5.3873925,0.09674157202243805,1.0,0.9336817860603333
YJR145C,YLR424W,0,-5.387657,0.09673070162534714,1.0,0.9337978959083557
YKL165C,YDL014W,0,-5.3881497,0.09671983867883682,1.0,0.933914065361023
YNL281W,YGR239C,0,-5.3892865,0.09670897573232651,1.0,0.9340301752090454
YKR076W,YIL118W,0,-5.3894677,0.09669811278581619,1.0,0.9341463446617126
YNR067C,YDR116C,0,-5.3895288,0.09668725728988647,1.0,0.9342625141143799
YHL040C,YHR016C,0,-5.3897214,0.09667639434337616,1.0,0.9343786239624023
YKR095W,YLR048W,0,-5.390742,0.09666554629802704,1.0,0.9344947934150696
YAL007C,YDL138W,0,-5.391262,0.09665469080209732,1.0,0.934610903263092
YBR066C,YBL033C,0,-5.391604,0.0966438427567482,1.0,0.9347270727157593
YDR087C,YJL145W,0,-5.3941092,0.09663299471139908,1.0,0.9348431825637817
YBR068C,YLR346C,0,-5.3946576,0.09662215411663055,1.0,0.934959352016449
YOR344C,YNL186W,0,-5.3949785,0.09661131352186203,1.0,0.9350755214691162
YER035W,YHR042W,0,-5.3960967,0.0966004729270935,1.0,0.9351916313171387
YHR019C,YNL009W,0,-5.397782,0.09658963233232498,1.0,0.9353078007698059
YBR145W,YIL129C,0,-5.3996186,0.09657879918813705,1.0,0.9354239106178284
YNR075W,YGR181W,0,-5.400582,0.09656796604394913,1.0,0.9355400800704956
YLL019C,YDR388W,0,-5.400833,0.0965571403503418,1.0,0.9356561899185181
YKL085W,YDL170W,0,-5.4016366,0.09654630720615387,1.0,0.9357723593711853
YPR002W,YDR165W,0,-5.4023004,0.09653548896312714,1.0,0.9358885288238525
YNR054C,YLR248W,0,-5.4028473,0.0965246632695198,1.0,0.936004638671875
YDR397C,YML073C,0,-5.403224,0.09651384502649307,1.0,0.9361208081245422
YGL229C,YPL106C,0,-5.403453,0.09650302678346634,1.0,0.9362369179725647
YLL015W,YNL061W,0,-5.403623,0.0964922085404396,1.0,0.9363530874252319
YLR205C,YDR277C,0,-5.4044967,0.09648139774799347,1.0,0.9364691972732544
YHR174W,YDR189W,0,-5.4061146,0.09647058695554733,1.0,0.9365853667259216
YIL002C,YOL127W,0,-5.4063783,0.0964597836136818,1.0,0.9367015361785889
YJR091C,YGR192C,0,-5.4068427,0.09644897282123566,1.0,0.9368176460266113
YJL111W,YGR155W,0,-5.4069867,0.09643816947937012,1.0,0.9369338154792786
YBR164C,YKR076W,0,-5.407866,0.09642737358808517,1.0,0.937049925327301
YML047C,YPL010W,0,-5.4085765,0.09641657024621964,1.0,0.9371660947799683
YGL062W,YMR175W,0,-5.4092393,0.09640577435493469,1.0,0.9372822046279907
YCL054W,YGR285C,0,-5.4104137,0.09639498591423035,1.0,0.937398374080658
YCL016C,YMR104C,0,-5.411723,0.0963841900229454,1.0,0.9375145435333252
YGL078C,YOL009C,0,-5.411833,0.09637340158224106,1.0,0.9376306533813477
YGL008C,YDL235C,0,-5.414764,0.09636262059211731,1.0,0.9377468228340149
YKL080W,YPL239W,0,-5.4152856,0.09635183215141296,1.0,0.9378629326820374
YOL031C,YGR054W,0,-5.4161925,0.09634105116128922,1.0,0.9379791021347046
YER073W,YJL048C,0,-5.41747,0.09633027762174606,1.0,0.938095211982727
YPL043W,YIL053W,0,-5.4179807,0.09631949663162231,1.0,0.9382113814353943
YNL027W,YLL019C,0,-5.419824,0.09630872309207916,1.0,0.9383275508880615
YKR066C,YGR192C,0,-5.4203467,0.09629794955253601,1.0,0.938443660736084
YIL117C,YML014W,0,-5.4207807,0.09628718346357346,1.0,0.9385598301887512
YML113W,YPL106C,0,-5.4208345,0.0962764173746109,1.0,0.9386759400367737
YPL224C,YBL093C,0,-5.42086,0.09626565128564835,1.0,0.9387921094894409
YNL288W,YGL037C,0,-5.422755,0.09625489264726639,1.0,0.9389082193374634
YGR088W,YDR498C,0,-5.4247937,0.09624413400888443,1.0,0.9390243887901306
YFL029C,YGR155W,0,-5.425756,0.09623337537050247,1.0,0.9391405582427979
YNL127W,YGR248W,0,-5.4271665,0.09622261673212051,1.0,0.9392566680908203
YBR089C-A,YGR129W,0,-5.428685,0.09621186554431915,1.0,0.9393728375434875
YFL057C,YKL029C,0,-5.4287095,0.09620111435651779,1.0,0.93948894739151
YGR249W,YGR211W,0,-5.428927,0.09619037061929703,1.0,0.9396051168441772
YMR041C,YLR008C,0,-5.432313,0.09617962688207626,1.0,0.9397212266921997
YKL085W,YDL083C,0,-5.4372497,0.0961688831448555,1.0,0.9398373961448669
YPL043W,YJL025W,0,-5.437535,0.09615813940763474,1.0,0.9399535655975342
YPL265W,YAL043C,0,-5.437873,0.09614740312099457,1.0,0.9400696754455566
YDR087C,YOL020W,0,-5.438086,0.0961366668343544,1.0,0.9401858448982239
YDR345C,YDL079C,0,-5.439193,0.09612593799829483,1.0,0.9403019547462463
YLR110C,YBR218C,0,-5.4395185,0.09611520171165466,1.0,0.9404181241989136
YHR174W,YDR013W,0,-5.4401417,0.09610447287559509,1.0,0.940534234046936
YBL047C,YIL155C,0,-5.441269,0.09609375149011612,1.0,0.9406504034996033
YNL220W,YOR179C,0,-5.442606,0.09608303010463715,1.0,0.9407665729522705
YHR203C,YLR240W,0,-5.443876,0.09607230871915817,1.0,0.940882682800293
YEL041W,YDR341C,0,-5.445274,0.0960615873336792,1.0,0.9409988522529602
YPL091W,YPR036W,0,-5.4453635,0.09605087339878082,1.0,0.9411149621009827
YAL042W,YDL128W,0,-5.447927,0.09604015946388245,1.0,0.9412311315536499
YER167W,YOL126C,0,-5.448686,0.09602944552898407,1.0,0.9413472414016724
YFL010W-A,YFR031C,0,-5.4496846,0.09601873904466629,1.0,0.9414634108543396
YMR139W,YFR003C,0,-5.452145,0.09600802510976791,1.0,0.9415795803070068
YJL108C,YGL030W,0,-5.452475,0.09599732607603073,1.0,0.9416956901550293
YFL017W-A,YOL020W,0,-5.4524837,0.09598661959171295,1.0,0.9418118596076965
YJL052W,YLR262C,0,-5.453667,0.09597592055797577,1.0,0.941927969455719
YMR092C,YML123C,0,-5.454125,0.09596522152423859,1.0,0.9420441389083862
YBR068C,YBR083W,0,-5.4553757,0.095954529941082,1.0,0.9421603083610535
YFR053C,YJR074W,0,-5.4554844,0.09594383835792542,1.0,0.9422764182090759
YBL061C,YML093W,0,-5.457463,0.09593314677476883,1.0,0.9423925876617432
YPL091W,YML123C,0,-5.459126,0.09592246264219284,1.0,0.9425086975097656
YKL122C,YKL080W,0,-5.45935,0.09591177105903625,1.0,0.9426248669624329
YML113W,YPL163C,0,-5.461644,0.09590109437704086,1.0,0.9427409768104553
YER179W,YGR186W,0,-5.4631343,0.09589041024446487,1.0,0.9428571462631226
YNL302C,YMR089C,0,-5.4639363,0.09587973356246948,1.0,0.9429733157157898
YGL195W,YML073C,0,-5.463949,0.09586905688047409,1.0,0.9430894255638123
YGL078C,YBR002C,0,-5.4640574,0.0958583801984787,1.0,0.9432055950164795
YGL078C,YMR296C,0,-5.464374,0.0958477109670639,1.0,0.943321704864502
YJR145C,YIL030C,0,-5.464821,0.09583704173564911,1.0,0.9434378743171692
YOR159C,YHR016C,0,-5.4652925,0.09582637995481491,1.0,0.9435539841651917
YIL155C,YHR124W,0,-5.4664516,0.09581571072340012,1.0,0.9436701536178589
YNR054C,YDR075W,0,-5.4666677,0.09580504894256592,1.0,0.9437863230705261
YBR089C-A,YMR104C,0,-5.4687576,0.09579439461231232,1.0,0.9439024329185486
YAR033W,YBR183W,0,-5.468893,0.09578373283147812,1.0,0.9440186023712158
YBR145W,YIL036W,0,-5.470428,0.09577307850122452,1.0,0.9441347122192383
YGL016W,YMR175W,0,-5.472227,0.09576243162155151,1.0,0.9442508816719055
YJR092W,YKL150W,0,-5.472444,0.09575177729129791,1.0,0.944366991519928
YGR249W,YGL030W,0,-5.47357,0.09574113041162491,1.0,0.9444831609725952
YER001W,YGR059W,0,-5.4744573,0.0957304835319519,1.0,0.9445993304252625
YNR002C,YBR050C,0,-5.474662,0.0957198441028595,1.0,0.9447154402732849
YHR174W,YFR003C,0,-5.476086,0.09570920467376709,1.0,0.9448316097259521
YDL117W,YLR355C,0,-5.47759,0.09569856524467468,1.0,0.9449477195739746
YIL119C,YGR211W,0,-5.479678,0.09568793326616287,1.0,0.9450638890266418
YPL091W,YNL061W,0,-5.484576,0.09567729383707047,1.0,0.9451799988746643
YHR019C,YIL118W,0,-5.484579,0.09566666930913925,1.0,0.9452961683273315
YDL195W,YOL113W,0,-5.484631,0.09565603733062744,1.0,0.9454123377799988
YMR138W,YHR174W,0,-5.486411,0.09564541280269623,1.0,0.9455284476280212
YDR214W,YIL118W,0,-5.4880614,0.09563478827476501,1.0,0.9456446170806885
YLR332W,YDR055W,0,-5.489021,0.0956241637468338,1.0,0.9457607269287109
YKR066C,YGR268C,0,-5.4892383,0.09561354666948318,1.0,0.9458768963813782
YMR072W,YDR214W,0,-5.4900293,0.09560292959213257,1.0,0.9459930062294006
YGL068W,YER003C,0,-5.491114,0.09559231996536255,1.0,0.9461091756820679
YNL147W,YBR162C,0,-5.491461,0.09558170288801193,1.0,0.9462253451347351
YNR002C,YMR197C,0,-5.4921517,0.09557109326124191,1.0,0.9463414549827576
YDR273W,YER001W,0,-5.492618,0.09556049108505249,1.0,0.9464576244354248
YJL102W,YGR285C,0,-5.492716,0.09554988145828247,1.0,0.9465737342834473
YGL030W,YCL063W,0,-5.4928713,0.09553927928209305,1.0,0.9466899037361145
YDR388W,YIL063C,0,-5.492929,0.09552867710590363,1.0,0.946806013584137
YPL043W,YPR181C,0,-5.493412,0.0955180823802948,1.0,0.9469221830368042
YMR296C,YDR055W,0,-5.493713,0.09550748765468597,1.0,0.9470383524894714
YGL078C,YAR033W,0,-5.496303,0.09549689292907715,1.0,0.9471544623374939
YGR088W,YPL106C,0,-5.497037,0.09548630565404892,1.0,0.9472706317901611
YDL181W,YBR089C-A,0,-5.4970536,0.09547571837902069,1.0,0.9473867416381836
YJL102W,YNL154C,0,-5.497293,0.09546513110399246,1.0,0.9475029110908508
YLR160C,YKR086W,0,-5.498086,0.09545454382896423,1.0,0.9476190209388733
YML113W,YHR174W,0,-5.4983644,0.0954439640045166,1.0,0.9477351903915405
YIL142W,YDR345C,0,-5.4986854,0.09543338418006897,1.0,0.9478513598442078
YDR432W,YDR451C,0,-5.500136,0.09542281180620193,1.0,0.9479674696922302
YML132W,YDR165W,0,-5.500217,0.0954122319817543,1.0,0.9480836391448975
YNL008C,YAL042W,0,-5.501624,0.09540165960788727,1.0,0.9481997489929199
YHL040C,YLR048W,0,-5.502484,0.09539109468460083,1.0,0.9483159184455872
YER003C,YDR055W,0,-5.502891,0.0953805223107338,1.0,0.9484320282936096
YJL183W,YEL060C,0,-5.505191,0.09536995738744736,1.0,0.9485481977462769
YNL164C,YER072W,0,-5.5054517,0.09535939991474152,1.0,0.9486643671989441
YOR031W,YJR086W,0,-5.506883,0.09534883499145508,1.0,0.9487804770469666
YLR034C,YNL154C,0,-5.5075793,0.09533827751874924,1.0,0.9488966464996338
YBR132C,YHR187W,0,-5.507931,0.0953277200460434,1.0,0.9490127563476562
YOR260W,YGL053W,0,-5.5089374,0.09531717002391815,1.0,0.9491289258003235
YKR002W,YHR016C,0,-5.5093045,0.09530662000179291,1.0,0.949245035648346
YDL126C,YDL019C,0,-5.510359,0.09529606997966766,1.0,0.9493612051010132
YJR017C,YNL068C,0,-5.510758,0.09528552740812302,1.0,0.9494773745536804
YLR304C,YNL110C,0,-5.5107646,0.09527497738599777,1.0,0.9495934844017029
YER044C,YPR188C,0,-5.5108013,0.09526444226503372,1.0,0.9497096538543701
YHR194W,YIL053W,0,-5.512982,0.09525389969348907,1.0,0.9498257637023926
YHR169W,YDR273W,0,-5.514318,0.09524336457252502,1.0,0.9499419331550598
YGR158C,YPL171C,0,-5.5184774,0.09523282945156097,1.0,0.9500580430030823
YOR330C,YLR048W,0,-5.518622,0.09522229433059692,1.0,0.9501742124557495
YNL220W,YBR010W,0,-5.520118,0.09521176666021347,1.0,0.9502903819084167
YLR384C,YBR024W,0,-5.5204353,0.09520123898983002,1.0,0.9504064917564392
YBR008C,YDR277C,0,-5.5226293,0.09519071131944656,1.0,0.9505226612091064
YIL056W,YOR272W,0,-5.522907,0.09518019109964371,1.0,0.9506387710571289
YDL014W,YJL052W,0,-5.523591,0.09516967087984085,1.0,0.9507549405097961
YKL085W,YIR041W,0,-5.5243993,0.095159150660038,1.0,0.9508710503578186
YDL019C,YOR159C,0,-5.525147,0.09514863789081573,1.0,0.9509872198104858
YIL117C,YFL036W,0,-5.52618,0.09513812512159348,1.0,0.9511033892631531
YDL142C,YLR293C,0,-5.527603,0.09512761235237122,1.0,0.9512194991111755
YPL202C,YPL265W,0,-5.5278697,0.09511709958314896,1.0,0.9513356685638428
YDR423C,YKL085W,0,-5.528112,0.0951065942645073,1.0,0.9514517784118652
YGR230W,YKR059W,0,-5.5284066,0.09509608894586563,1.0,0.9515679478645325
YGR249W,YHR016C,0,-5.5299077,0.09508559107780457,1.0,0.9516841173171997
YGR177C,YGL180W,0,-5.5311913,0.0950750857591629,1.0,0.9518002271652222
YJL184W,YNL164C,0,-5.5316005,0.09506458789110184,1.0,0.9519163966178894
YOL077W-A,YLR025W,0,-5.5322614,0.09505409747362137,1.0,0.9520325064659119
YDR086C,YBR105C,0,-5.53708,0.0950435996055603,1.0,0.9521486759185791
YIL131C,YOL002C,0,-5.5373645,0.09503310918807983,1.0,0.9522647857666016
YLR293C,YHR163W,0,-5.537978,0.09502262622117996,1.0,0.9523809552192688
YER070W,YNL302C,0,-5.5395823,0.0950121358036995,1.0,0.952497124671936
YMR184W,YPL188W,0,-5.539744,0.09500165283679962,1.0,0.9526132345199585
YLR304C,YDL126C,0,-5.539917,0.09499117732048035,1.0,0.9527294039726257
YJL008C,YBR066C,0,-5.54213,0.09498069435358047,1.0,0.9528455138206482
YBR172C,YLL011W,0,-5.5431037,0.0949702188372612,1.0,0.9529616832733154
YFR028C,YBR162C,0,-5.5432053,0.09495974332094193,1.0,0.9530777931213379
YPL171C,YGR248W,0,-5.543667,0.09494927525520325,1.0,0.9531939625740051
YKL195W,YCR072C,0,-5.543976,0.09493879973888397,1.0,0.9533101320266724
YNL014W,YJR145C,0,-5.5453897,0.0949283316731453,1.0,0.9534262418746948
YDR083W,YJR010C-A,0,-5.545632,0.09491787105798721,1.0,0.9535424113273621
YHR174W,YPL043W,0,-5.548635,0.09490741044282913,1.0,0.9536585211753845
YKL165C,YDR087C,0,-5.548693,0.09489694982767105,1.0,0.9537746906280518
YOR099W,YCR072C,0,-5.548866,0.09488648921251297,1.0,0.9538908004760742
YCL055W,YMR104C,0,-5.549646,0.09487603604793549,1.0,0.9540069699287415
YGL256W,YDR214W,0,-5.5507827,0.094865582883358,1.0,0.9541231393814087
YHR019C,YOR179C,0,-5.5509896,0.09485512971878052,1.0,0.9542392492294312
YPR188C,YNL241C,0,-5.5514936,0.09484467655420303,1.0,0.9543554186820984
YDL181W,YDR481C,0,-5.552373,0.09483423084020615,1.0,0.9544715285301208
YCR072C,YBR162C,0,-5.553729,0.09482378512620926,1.0,0.9545876979827881
YDL014W,YJR010C-A,0,-5.5540376,0.09481334686279297,1.0,0.9547038078308105
YNL074C,YNL110C,0,-5.554196,0.09480290859937668,1.0,0.9548199772834778
YKL191W,YOR210W,0,-5.5562577,0.09479247033596039,1.0,0.954936146736145
YHR194W,YLR048W,0,-5.5564675,0.0947820320725441,1.0,0.9550522565841675
YKL205W,YOL142W,0,-5.5565014,0.0947716012597084,1.0,0.9551684260368347
YHR169W,YPR052C,0,-5.558602,0.09476117044687271,1.0,0.9552845358848572
YPL106C,YMR104C,0,-5.559035,0.09475073963403702,1.0,0.9554007053375244
YNR015W,YDR086C,0,-5.5606494,0.09474031627178192,1.0,0.9555168151855469
YIL117C,YMR175W,0,-5.5639586,0.09472989290952682,1.0,0.9556329846382141
YPL211W,YOL039W,0,-5.564271,0.09471946954727173,1.0,0.9557491540908813
YHR169W,YLR335W,0,-5.564305,0.09470905363559723,1.0,0.9558652639389038
YLR157C,YDL098C,0,-5.566134,0.09469863772392273,1.0,0.955981433391571
YMR041C,YER117W,0,-5.569015,0.09468822181224823,1.0,0.9560975432395935
YJL010C,YJL148W,0,-5.5690846,0.09467780590057373,1.0,0.9562137126922607
YDR021W,YIL053W,0,-5.5693603,0.09466739743947983,1.0,0.9563298225402832
YOL127W,YNL311C,0,-5.5695424,0.09465698897838593,1.0,0.9564459919929504
YGR155W,YCR083W,0,-5.5700316,0.09464658796787262,1.0,0.9565621614456177
YMR001C,YGL030W,0,-5.570725,0.09463618695735931,1.0,0.9566782712936401
YFL013C,YOL039W,0,-5.572449,0.09462578594684601,1.0,0.9567944407463074
YKR008W,YBR183W,0,-5.5725985,0.0946153849363327,1.0,0.9569105505943298
YAL054C,YGR249W,0,-5.572604,0.0946049913764,1.0,0.9570267200469971
YDR163W,YPL265W,0,-5.5726914,0.09459459781646729,1.0,0.9571428298950195
YKL139W,YMR142C,0,-5.5728183,0.09458420425653458,1.0,0.9572589993476868
YDR214W,YBL026W,0,-5.5735817,0.09457381069660187,1.0,0.957375168800354
YNL327W,YPL192C,0,-5.574699,0.09456342458724976,1.0,0.9574912786483765
YGR177C,YGL073W,0,-5.5748057,0.09455303847789764,1.0,0.9576074481010437
YDR345C,YCL043C,0,-5.575084,0.09454265981912613,1.0,0.9577235579490662
YOR260W,YKL056C,0,-5.575559,0.09453228116035461,1.0,0.9578397274017334
YDR273W,YER031C,0,-5.5769143,0.0945219025015831,1.0,0.9579558372497559
YGR014W,YGR248W,0,-5.5784583,0.09451152384281158,1.0,0.9580720067024231
YGL008C,YPL026C,0,-5.5795646,0.09450115263462067,1.0,0.9581881761550903
YIL053W,YNL311C,0,-5.580565,0.09449078142642975,1.0,0.9583042860031128
YLL026W,YDL079C,0,-5.5812244,0.09448041021823883,1.0,0.95842045545578
YNL302C,YKR079C,0,-5.583633,0.09447004646062851,1.0,0.9585365653038025
YOR206W,YPR182W,0,-5.584152,0.09445968270301819,1.0,0.9586527347564697
YMR092C,YJR102C,0,-5.5852194,0.09444931894540787,1.0,0.9587688446044922
YPL082C,YIL053W,0,-5.5852447,0.09443896263837814,1.0,0.9588850140571594
YMR092C,YOR329C,0,-5.5933747,0.09442860633134842,1.0,0.9590011835098267
YPL060W,YCR061W,0,-5.599172,0.0944182500243187,1.0,0.9591172933578491
YIL123W,YFR003C,0,-5.599231,0.09440789371728897,1.0,0.9592334628105164
YFL025C,YOL039W,0,-5.599341,0.09439754486083984,1.0,0.9593495726585388
YKL029C,YLR332W,0,-5.600854,0.09438719600439072,1.0,0.959465742111206
YPR155C,YLL011W,0,-5.6016755,0.09437684714794159,1.0,0.9595818519592285
YFR053C,YMR175W,0,-5.6021276,0.09436650574207306,1.0,0.9596980214118958
YNL281W,YDR083W,0,-5.607056,0.09435616433620453,1.0,0.959814190864563
YLR355C,YIL008W,0,-5.607316,0.094345822930336,1.0,0.9599303007125854
YNL280C,YJL010C,0,-5.6092105,0.09433548897504807,1.0,0.9600464701652527
YNR075W,YNL131W,0,-5.6105127,0.09432515501976013,1.0,0.9601625800132751
YNL274C,YDL003W,0,-5.61197,0.0943148210644722,1.0,0.9602787494659424
YPL101W,YDR055W,0,-5.6141453,0.09430448710918427,1.0,0.9603949189186096
YDL195W,YBR083W,0,-5.6146703,0.09429416060447693,1.0,0.9605110287666321
YKL191W,YNL281W,0,-5.6150136,0.09428383409976959,1.0,0.9606271982192993
YJL148W,YFR003C,0,-5.615292,0.09427351504564285,1.0,0.9607433080673218
YER165W,YLL011W,0,-5.616294,0.09426319599151611,1.0,0.960859477519989
YNR075W,YJL048C,0,-5.618323,0.09425287693738937,1.0,0.9609755873680115
YDL014W,YLR135W,0,-5.6193404,0.09424255788326263,1.0,0.9610917568206787
YLR394W,YBR066C,0,-5.619783,0.0942322388291359,1.0,0.961207926273346
YLR293C,YOL117W,0,-5.619881,0.09422192722558975,1.0,0.9613240361213684
YBR132C,YNL164C,0,-5.622192,0.0942116230726242,1.0,0.9614402055740356
YOR260W,YNL044W,0,-5.6221967,0.09420131146907806,1.0,0.9615563154220581
YNL110C,YDR341C,0,-5.6224475,0.09419100731611252,1.0,0.9616724848747253
YLR160C,YOR349W,0,-5.623036,0.09418070316314697,1.0,0.9617885947227478
YPL268W,YMR142C,0,-5.6233754,0.09417040646076202,1.0,0.961904764175415
YHL040C,YMR104C,0,-5.6242256,0.09416010230779648,1.0,0.9620209336280823
YJR091C,YPR155C,0,-5.625303,0.09414980560541153,1.0,0.9621370434761047
YIL030C,YBR083W,0,-5.627522,0.09413951635360718,1.0,0.962253212928772
YKR066C,YLR068W,0,-5.6279573,0.09412921965122223,1.0,0.9623693227767944
YBR145W,YDL126C,0,-5.6290708,0.09411893039941788,1.0,0.9624854922294617
YML113W,YFR053C,0,-5.62927,0.09410864859819412,1.0,0.9626016020774841
YPL177C,YGL037C,0,-5.632533,0.09409835934638977,1.0,0.9627177715301514
YGR268C,YML073C,0,-5.636827,0.09408807754516602,1.0,0.9628339409828186
YLR059C,YER070W,0,-5.6377463,0.09407779574394226,1.0,0.9629500508308411
YIL106W,YMR104C,0,-5.6378226,0.0940675213932991,1.0,0.9630662202835083
YMR250W,YHR023W,0,-5.6382957,0.09405723959207535,1.0,0.9631823301315308
YIL036W,YMR250W,0,-5.639189,0.09404696524143219,1.0,0.963298499584198
YDR277C,YOR179C,0,-5.6413693,0.09403669834136963,1.0,0.9634146094322205
YKL150W,YNR023W,0,-5.6439533,0.09402643144130707,1.0,0.9635307788848877
YNL149C,YIL123W,0,-5.64825,0.09401615709066391,1.0,0.9636469483375549
YBL098W,YLR425W,0,-5.6504693,0.09400589764118195,1.0,0.9637630581855774
YLR160C,YJL048C,0,-5.6552873,0.09399563074111938,1.0,0.9638792276382446
YNL327W,YOL039W,0,-5.660485,0.09398537129163742,1.0,0.9639953374862671
YGL142C,YFR030W,0,-5.6615624,0.09397511184215546,1.0,0.9641115069389343
YMR001C,YBR105C,0,-5.6616764,0.09396485984325409,1.0,0.9642276167869568
YKR095W,YPL026C,0,-5.662873,0.09395460784435272,1.0,0.964343786239624
YOR099W,YOR340C,0,-5.6660495,0.09394435584545135,1.0,0.9644599556922913
YDR055W,YOL142W,0,-5.6665716,0.09393410384654999,1.0,0.9645760655403137
YKL150W,YML114C,0,-5.6670794,0.09392385929822922,1.0,0.964692234992981
YBR008C,YPR154W,0,-5.668037,0.09391361474990845,1.0,0.9648083448410034
YDL117W,YHR174W,0,-5.6681128,0.09390337020158768,1.0,0.9649245142936707
YDL014W,YGR063C,0,-5.6698604,0.0938931331038475,1.0,0.9650406241416931
YBL032W,YBR105C,0,-5.6720905,0.09388288855552673,1.0,0.9651567935943604
YMR089C,YOR272W,0,-5.672525,0.09387265890836716,1.0,0.9652729630470276
YDR335W,YER117W,0,-5.674245,0.09386242181062698,1.0,0.96538907289505
YCR083W,YNL241C,0,-5.6754165,0.09385219216346741,1.0,0.9655052423477173
YLR068W,YMR298W,0,-5.676564,0.09384196251630783,1.0,0.9656213521957397
YPL091W,YLL026W,0,-5.677896,0.09383173286914825,1.0,0.965737521648407
YOR206W,YGL030W,0,-5.678178,0.09382151067256927,1.0,0.9658536314964294
YCL004W,YPR154W,0,-5.6789536,0.0938112884759903,1.0,0.9659698009490967
YIL002C,YMR104C,0,-5.6798368,0.09380106627941132,1.0,0.9660859704017639
YPL059W,YJL148W,0,-5.6800427,0.09379085153341293,1.0,0.9662020802497864
YML073C,YLR268W,0,-5.6819115,0.09378063678741455,1.0,0.9663182497024536
YGR155W,YKL191W,0,-5.6828475,0.09377042204141617,1.0,0.9664343595504761
YDR337W,YDR388W,0,-5.6845493,0.09376020729541779,1.0,0.9665505290031433
YJL148W,YIL123W,0,-5.685285,0.09375,1.0,0.9666666388511658
YKL150W,YJR110W,0,-5.685982,0.09373979270458221,1.0,0.966782808303833
YLR157C,YKL122C,0,-5.6872544,0.09372958540916443,1.0,0.9668989777565002
YIL117C,YDR398W,0,-5.688502,0.09371938556432724,1.0,0.9670150876045227
YAL044C,YPL163C,0,-5.689324,0.09370918571949005,1.0,0.9671312570571899
YDR214W,YLR384C,0,-5.689796,0.09369898587465286,1.0,0.9672473669052124
YDL083C,YGR186W,0,-5.690264,0.09368879348039627,1.0,0.9673635363578796
YDL181W,YLR335W,0,-5.6932206,0.09367860108613968,1.0,0.9674796462059021
YOR260W,YGR268C,0,-5.693749,0.09366840869188309,1.0,0.9675958156585693
YLL026W,YDR116C,0,-5.6963544,0.0936582162976265,1.0,0.9677119851112366
YGL172W,YMR104C,0,-5.6989446,0.0936480313539505,1.0,0.967828094959259
YJL148W,YLR034C,0,-5.702433,0.0936378464102745,1.0,0.9679442644119263
YJL052W,YGR211W,0,-5.703233,0.09362766146659851,1.0,0.9680603742599487
YER117W,YOL121C,0,-5.7064743,0.09361748397350311,1.0,0.968176543712616
YHL036W,YDR165W,0,-5.707948,0.09360730648040771,1.0,0.9682926535606384
YOL009C,YGL062W,0,-5.7081647,0.09359712898731232,1.0,0.9684088230133057
YNR002C,YBR267W,0,-5.7094,0.09358695894479752,1.0,0.9685249924659729
YKL056C,YNL088W,0,-5.7096276,0.09357678145170212,1.0,0.9686411023139954
YOL164W,YMR250W,0,-5.7105303,0.09356661885976791,1.0,0.9687572717666626
YIL142W,YER165W,0,-5.711943,0.09355644881725311,1.0,0.9688733816146851
YCL054W,YBR283C,0,-5.71365,0.09354628622531891,1.0,0.9689895510673523
YBR132C,YDL036C,0,-5.716053,0.0935361236333847,1.0,0.9691057205200195
YJL102W,YOR344C,0,-5.716317,0.0935259610414505,1.0,0.969221830368042
YDL006W,YGR248W,0,-5.7165637,0.0935158059000969,1.0,0.9693379998207092
YNR002C,YLR006C,0,-5.718855,0.09350565075874329,1.0,0.9694541096687317
YLR355C,YBR185C,0,-5.719596,0.09349549561738968,1.0,0.9695702791213989
YML132W,YLR259C,0,-5.719912,0.09348534047603607,1.0,0.9696863889694214
YHR019C,YLR335W,0,-5.7215943,0.09347519278526306,1.0,0.9698025584220886
YMR250W,YPL269W,0,-5.7233014,0.09346504509449005,1.0,0.9699187278747559
YKL029C,YLR008C,0,-5.723817,0.09345489740371704,1.0,0.9700348377227783
YKL150W,YLR026C,0,-5.723897,0.09344475716352463,1.0,0.9701510071754456
YNL110C,YOR212W,0,-5.724925,0.09343461692333221,1.0,0.970267117023468
YDR087C,YKL122C,0,-5.730476,0.0934244766831398,1.0,0.9703832864761353
YMR011W,YNL026W,0,-5.7311273,0.09341434389352798,1.0,0.9704993963241577
YDL142C,YOL127W,0,-5.731259,0.09340421110391617,1.0,0.970615565776825
YNL220W,YBR107C,0,-5.7315984,0.09339407831430435,1.0,0.9707317352294922
YIL155C,YGL053W,0,-5.7318864,0.09338394552469254,1.0,0.9708478450775146
YPL265W,YLL011W,0,-5.7347283,0.09337382018566132,1.0,0.9709640145301819
YPL060W,YEL060C,0,-5.738745,0.0933636948466301,1.0,0.9710801243782043
YER106W,YJR045C,0,-5.740252,0.09335356950759888,1.0,0.9711962938308716
YDL181W,YGR248W,0,-5.74085,0.09334345161914825,1.0,0.971312403678894
YER089C,YLL011W,0,-5.7418346,0.09333333373069763,1.0,0.9714285731315613
YCL043C,YBR273C,0,-5.741955,0.09332321584224701,1.0,0.9715447425842285
YIL155C,YGR158C,0,-5.7431607,0.09331310540437698,1.0,0.971660852432251
YGL256W,YKL191W,0,-5.7466702,0.09330298751592636,1.0,0.9717770218849182
YPL146C,YOR098C,0,-5.750692,0.09329288452863693,1.0,0.9718931317329407
YGR041W,YDL083C,0,-5.75497,0.0932827740907669,1.0,0.9720093011856079
YEL062W,YDL083C,0,-5.756632,0.09327267110347748,1.0,0.9721254110336304
YNL327W,YPL211W,0,-5.757283,0.09326256811618805,1.0,0.9722415804862976
YFR053C,YHR158C,0,-5.757645,0.09325246512889862,1.0,0.9723577499389648
YLR160C,YDR485C,0,-5.7581596,0.09324236214160919,1.0,0.9724738597869873
YIL155C,YDL135C,0,-5.762156,0.09323226660490036,1.0,0.9725900292396545
YNL065W,YJL183W,0,-5.7632356,0.09322217106819153,1.0,0.972706139087677
YPR052C,YMR104C,0,-5.765583,0.0932120829820633,1.0,0.9728223085403442
YIL070C,YMR214W,0,-5.7655916,0.09320199489593506,1.0,0.9729384183883667
YLR215C,YCR053W,0,-5.768765,0.09319190680980682,1.0,0.9730545878410339
YOL002C,YDR398W,0,-5.7700706,0.09318181872367859,1.0,0.9731707572937012
YJR070C,YKL122C,0,-5.7704277,0.09317173808813095,1.0,0.9732868671417236
YHR005C,YBR218C,0,-5.774484,0.09316165000200272,1.0,0.9734030365943909
YOR221C,YBR066C,0,-5.7777257,0.09315157681703568,1.0,0.9735191464424133
YJR070C,YHR194W,0,-5.778274,0.09314149618148804,1.0,0.9736353158950806
YAL044C,YOL127W,0,-5.781714,0.093131422996521,1.0,0.973751425743103
YBR083W,YNL044W,0,-5.7848897,0.09312134981155396,1.0,0.9738675951957703
YPL082C,YJL052W,0,-5.785294,0.09311127662658691,1.0,0.9739837646484375
YNL220W,YAL044C,0,-5.7871394,0.09310121089220047,1.0,0.97409987449646
YMR092C,YMR250W,0,-5.7894735,0.09309114515781403,1.0,0.9742160439491272
YBL058W,YHR016C,0,-5.7940035,0.09308107942342758,1.0,0.9743321537971497
YKL029C,YGR158C,0,-5.794125,0.09307102113962173,1.0,0.9744483232498169
YCL004W,YPR065W,0,-5.795609,0.09306096285581589,1.0,0.9745644330978394
YHR042W,YDR059C,0,-5.7987256,0.09305090457201004,1.0,0.9746806025505066
YGL037C,YNL154C,0,-5.7999644,0.0930408462882042,1.0,0.9747967720031738
YPL101W,YDL181W,0,-5.8001246,0.09303079545497894,1.0,0.9749128818511963
YDR298C,YGR284C,0,-5.8089757,0.09302074462175369,1.0,0.9750290513038635
YKL197C,YOL127W,0,-5.810237,0.09301069378852844,1.0,0.975145161151886
YLR160C,YBR083W,0,-5.8121877,0.09300065040588379,1.0,0.9752613306045532
YJL010C,YKL034W,0,-5.816067,0.09299060702323914,1.0,0.9753774404525757
YMR250W,YIR015W,0,-5.82153,0.09298056364059448,1.0,0.9754936099052429
YHR019C,YLR205C,0,-5.8229284,0.09297052025794983,1.0,0.9756097793579102
YNR002C,YDR453C,0,-5.823891,0.09296048432588577,1.0,0.9757258892059326
YPL265W,YGL219C,0,-5.824739,0.09295044839382172,1.0,0.9758420586585999
YCL025C,YHR116W,0,-5.829586,0.09294041246175766,1.0,0.9759581685066223
YDR337W,YGR248W,0,-5.8314633,0.0929303839802742,1.0,0.9760743379592896
YDL006W,YMR104C,0,-5.8317075,0.09292035549879074,1.0,0.976190447807312
YGR224W,YKL150W,0,-5.8332057,0.09291032701730728,1.0,0.9763066172599792
YER073W,YIL119C,0,-5.833319,0.09290029853582382,1.0,0.9764227867126465
YBR155W,YKL150W,0,-5.833711,0.09289027750492096,1.0,0.976538896560669
YDL175C,YDL083C,0,-5.834162,0.0928802564740181,1.0,0.9766550660133362
YDL083C,YKL166C,0,-5.834563,0.09287024289369583,1.0,0.9767711758613586
YLR157C,YJL148W,0,-5.8359027,0.09286022186279297,1.0,0.9768873453140259
YMR041C,YLR192C,0,-5.8397784,0.0928502082824707,1.0,0.9770034551620483
YNR002C,YML080W,0,-5.8407135,0.09284019470214844,1.0,0.9771196246147156
YGL006W,YBR050C,0,-5.8441296,0.09283018857240677,1.0,0.9772357940673828
YGL073W,YJR145C,0,-5.844165,0.0928201824426651,1.0,0.9773519039154053
YGL030W,YBL061C,0,-5.8458724,0.09281017631292343,1.0,0.9774680733680725
YHR174W,YHR005C,0,-5.849209,0.09280017018318176,1.0,0.977584183216095
YGL238W,YJL048C,0,-5.850493,0.09279017150402069,1.0,0.9777003526687622
YBL033C,YBR183W,0,-5.8581743,0.09278017282485962,1.0,0.9778165221214294
YGR177C,YKL195W,0,-5.861959,0.09277017414569855,1.0,0.9779326319694519
YFL016C,YOR230W,0,-5.8629146,0.09276018291711807,1.0,0.9780488014221191
YNL061W,YPL010W,0,-5.8632197,0.0927501916885376,1.0,0.9781649112701416
YER106W,YGR248W,0,-5.863246,0.09274020045995712,1.0,0.9782810807228088
YGR177C,YCR072C,0,-5.86552,0.09273020923137665,1.0,0.9783971905708313
YKL085W,YCR009C,0,-5.872055,0.09272022545337677,1.0,0.9785133600234985
YMR266W,YJL048C,0,-5.872281,0.09271024167537689,1.0,0.9786295294761658
YPL224C,YDR277C,0,-5.874509,0.09270025789737701,1.0,0.9787456393241882
YPL026C,YBR162C,0,-5.8787513,0.09269028156995773,1.0,0.9788618087768555
YNL274C,YLR116W,0,-5.8842835,0.09268029779195786,1.0,0.9789779186248779
YHR001W-A,YGR186W,0,-5.884608,0.09267032891511917,1.0,0.9790940880775452
YJR045C,YLR277C,0,-5.886436,0.09266035258769989,1.0,0.9792101979255676
YBR083W,YAL016W,0,-5.8871555,0.0926503837108612,1.0,0.9793263673782349
YOR210W,YKL034W,0,-5.8934855,0.09264041483402252,1.0,0.9794425368309021
YDL014W,YOL020W,0,-5.8947053,0.09263044595718384,1.0,0.9795586466789246
YDL014W,YGR181W,0,-5.896264,0.09262048453092575,1.0,0.9796748161315918
YMR250W,YPR188C,0,-5.8968406,0.09261052310466766,1.0,0.9797909259796143
YFR030W,YOR209C,0,-5.898991,0.09260056167840958,1.0,0.9799070954322815
YOR260W,YOR230W,0,-5.90127,0.09259060025215149,1.0,0.980023205280304
YPL100W,YMR104C,0,-5.901384,0.092580646276474,1.0,0.9801393747329712
YNL074C,YLR048W,0,-5.902619,0.09257069230079651,1.0,0.9802555441856384
YJL010C,YGL053W,0,-5.9036384,0.09256073832511902,1.0,0.9803716540336609
YGL008C,YPR094W,0,-5.9071436,0.09255079180002213,1.0,0.9804878234863281
YIL131C,YJL121C,0,-5.9112916,0.09254084527492523,1.0,0.9806039333343506
YDR122W,YDL083C,0,-5.9113193,0.09253089874982834,1.0,0.9807201027870178
YMR001C,YOL127W,0,-5.9117785,0.09252095222473145,1.0,0.9808362126350403
YFR053C,YJR102C,0,-5.9127507,0.09251101315021515,1.0,0.9809523820877075
YNR002C,YML120C,0,-5.9174733,0.09250107407569885,1.0,0.9810685515403748
YGR088W,YER070W,0,-5.9185476,0.09249113500118256,1.0,0.9811846613883972
YAL054C,YCL025C,0,-5.920184,0.09248120337724686,1.0,0.9813008308410645
YNL153C,YCR061W,0,-5.9304223,0.09247127175331116,1.0,0.9814169406890869
YDL083C,YBR105C,0,-5.9337587,0.09246134012937546,1.0,0.9815331101417542
YLL026W,YGR211W,0,-5.9345527,0.09245140850543976,1.0,0.9816492199897766
YNL110C,YIL123W,0,-5.935161,0.09244148433208466,1.0,0.9817653894424438
YKL191W,YER044C,0,-5.935782,0.09243156015872955,1.0,0.9818815588951111
YGL078C,YMR076C,0,-5.9383283,0.09242164343595505,1.0,0.9819976687431335
YJR083C,YLR048W,0,-5.939867,0.09241171926259995,1.0,0.9821138381958008
YJL183W,YDL014W,0,-5.9399467,0.09240180253982544,1.0,0.9822299480438232
YDL181W,YJL034W,0,-5.9413877,0.09239188581705093,1.0,0.9823461174964905
YPR072W,YOR230W,0,-5.942096,0.09238197654485703,1.0,0.9824622273445129
YOR377W,YGR239C,0,-5.9425564,0.09237205982208252,1.0,0.9825783967971802
YPL043W,YCL043C,0,-5.9468427,0.09236215054988861,1.0,0.9826945662498474
YDL150W,YDR083W,0,-5.949612,0.0923522487282753,1.0,0.9828106760978699
YBL061C,YJL052W,0,-5.950627,0.09234233945608139,1.0,0.9829268455505371
YGL008C,YPR182W,0,-5.9676166,0.09233243763446808,1.0,0.9830429553985596
YGR158C,YOR210W,0,-5.9724364,0.09232253581285477,1.0,0.9831591248512268
YGL256W,YGL068W,0,-5.973463,0.09231264144182205,1.0,0.9832752346992493
YKL195W,YMR104C,0,-5.975469,0.09230274707078934,1.0,0.9833914041519165
YLR133W,YPL146C,0,-5.9762692,0.09229285269975662,1.0,0.9835075736045837
YKR076W,YKL165C,0,-5.981667,0.09228295832872391,1.0,0.9836236834526062
YKL212W,YKR079C,0,-5.9824986,0.09227307140827179,1.0,0.9837398529052734
YJL214W,YJR145C,0,-5.9829535,0.09226317703723907,1.0,0.9838559627532959
YDR277C,YML120C,0,-5.984245,0.09225329756736755,1.0,0.9839721322059631
YDR098C,YBR105C,0,-5.984854,0.09224341064691544,1.0,0.9840882420539856
YLR248W,YBR183W,0,-5.985774,0.09223353117704391,1.0,0.9842044115066528
YOR206W,YJL010C,0,-5.985802,0.0922236517071724,1.0,0.9843205809593201
YGR230W,YLR048W,0,-5.9877944,0.09221377223730087,1.0,0.9844366908073425
YML114C,YOR230W,0,-5.9877973,0.09220390021800995,1.0,0.9845528602600098
YJL148W,YLL011W,0,-5.9878316,0.09219402819871902,1.0,0.9846689701080322
YBL098W,YDR122W,0,-5.992191,0.0921841561794281,1.0,0.9847851395606995
YDR481C,YHR001W-A,0,-5.993658,0.09217428416013718,1.0,0.9849012494087219
YNL164C,YDL083C,0,-5.9975295,0.09216441959142685,1.0,0.9850174188613892
YBR066C,YLR424W,0,-6.0078754,0.09215455502271652,1.0,0.9851335883140564
YHR171W,YPL224C,0,-6.0151105,0.0921446904540062,1.0,0.9852496981620789
YNR002C,YNL110C,0,-6.0165095,0.09213483333587646,1.0,0.9853658676147461
YBR059C,YNL030W,0,-6.0168095,0.09212497621774673,1.0,0.9854819774627686
YIL118W,YML073C,0,-6.0229087,0.092115119099617,1.0,0.9855981469154358
YER167W,YLL026W,0,-6.023375,0.09210526198148727,1.0,0.9857142567634583
YBR234C,YOR340C,0,-6.026357,0.09209541231393814,1.0,0.9858304262161255
YDL230W,YNL302C,0,-6.0271554,0.09208556264638901,1.0,0.9859465956687927
YNL280C,YDR083W,0,-6.028237,0.09207571297883987,1.0,0.9860627055168152
YLR355C,YNL149C,0,-6.0282974,0.09206587076187134,1.0,0.9861788749694824
YFL023W,YDR087C,0,-6.031195,0.0920560210943222,1.0,0.9862949848175049
YLL019C,YOL039W,0,-6.031452,0.09204618632793427,1.0,0.9864111542701721
YMR012W,YGL008C,0,-6.036835,0.09203634411096573,1.0,0.9865272641181946
YMR153W,YGR248W,0,-6.036863,0.09202650934457779,1.0,0.9866434335708618
YOR206W,YJL052W,0,-6.0420732,0.09201667457818985,1.0,0.986759603023529
YJR070C,YNL147W,0,-6.0451655,0.09200683981180191,1.0,0.9868757128715515
YBR145W,YCR072C,0,-6.0476155,0.09199700504541397,1.0,0.9869918823242188
YJR145C,YLR240W,0,-6.054606,0.09198717772960663,1.0,0.9871079921722412
YLL026W,YGL035C,0,-6.062921,0.09197735041379929,1.0,0.9872241616249084
YDR055W,YLR006C,0,-6.0636497,0.09196753054857254,1.0,0.9873403310775757
YML123C,YPR094W,0,-6.068751,0.0919577032327652,1.0,0.9874564409255981
YPR001W,YDL230W,0,-6.070276,0.09194788336753845,1.0,0.9875726103782654
YGR088W,YPR002W,0,-6.071277,0.0919380709528923,1.0,0.9876887202262878
YLL026W,YPL163C,0,-6.07165,0.09192825108766556,1.0,0.9878048896789551
YGR088W,YOL117W,0,-6.0814805,0.09191843867301941,1.0,0.9879209995269775
YNR002C,YDR309C,0,-6.0902715,0.09190862625837326,1.0,0.9880371689796448
YPR025C,YBR183W,0,-6.0920334,0.09189881384372711,1.0,0.988153338432312
YBR177C,YLL026W,0,-6.096436,0.09188900887966156,1.0,0.9882694482803345
YJL148W,YJL052W,0,-6.0988812,0.09187920391559601,1.0,0.9883856177330017
YBR145W,YDR021W,0,-6.11173,0.09186939895153046,1.0,0.9885017275810242
YJR091C,YBR267W,0,-6.115118,0.0918595939874649,1.0,0.9886178970336914
YFR053C,YDL170W,0,-6.121742,0.09184979647397995,1.0,0.9887340068817139
YCL016C,YIL053W,0,-6.12587,0.091839998960495,1.0,0.9888501763343811
YGL256W,YGR155W,0,-6.1279564,0.09183020144701004,1.0,0.9889663457870483
YGR088W,YLR377C,0,-6.1318226,0.09182041138410568,1.0,0.9890824556350708
YLR384C,YEL060C,0,-6.1361732,0.09181062132120132,1.0,0.989198625087738
YBR132C,YBR183W,0,-6.1392713,0.09180083125829697,1.0,0.9893147349357605
YPL043W,YBR283C,0,-6.1507564,0.09179104119539261,1.0,0.9894309043884277
YER165W,YHR016C,0,-6.1512628,0.09178125858306885,1.0,0.9895470142364502
YKL021C,YGL229C,0,-6.172726,0.09177147597074509,1.0,0.9896631836891174
YOL039W,YOR307C,0,-6.1733966,0.09176169335842133,1.0,0.9897793531417847
YDL083C,YKR079C,0,-6.1783447,0.09175191819667816,1.0,0.9898954629898071
YDR481C,YGR248W,0,-6.1785655,0.091742143034935,1.0,0.9900116324424744
YJR070C,YBR267W,0,-6.183793,0.09173236787319183,1.0,0.9901277422904968
YLR293C,YFR053C,0,-6.1892905,0.09172259271144867,1.0,0.9902439117431641
YDR214W,YLR006C,0,-6.2053757,0.0917128250002861,1.0,0.9903600215911865
YGL078C,YIL008W,0,-6.218381,0.09170305728912354,1.0,0.9904761910438538
YKR066C,YDL083C,0,-6.2193713,0.09169328957796097,1.0,0.990592360496521
YHR174W,YBR083W,0,-6.2295227,0.091683529317379,1.0,0.9907084703445435
YGL037C,YBL058W,0,-6.232407,0.09167376160621643,1.0,0.9908246397972107
YNL061W,YDR075W,0,-6.2366066,0.09166400879621506,1.0,0.9909407496452332
YFR053C,YBL093C,0,-6.240457,0.09165424853563309,1.0,0.9910569190979004
YLR377C,YJL048C,0,-6.244412,0.09164448827505112,1.0,0.9911730289459229
YGR003W,YJR145C,0,-6.255509,0.09163473546504974,1.0,0.9912891983985901
YNL110C,YER165W,0,-6.2597604,0.09162499010562897,1.0,0.9914053678512573
YJL208C,YHR016C,0,-6.2608237,0.0916152372956276,1.0,0.9915214776992798
YGL037C,YJL145W,0,-6.262355,0.09160549193620682,1.0,0.991637647151947
YDL014W,YDR075W,0,-6.2904944,0.09159574657678604,1.0,0.9917537569999695
YLR293C,YBR267W,0,-6.2922745,0.09158600121736526,1.0,0.9918699264526367
YDL142C,YFR003C,0,-6.29326,0.09157626330852509,1.0,0.9919860363006592
YKL085W,YDR453C,0,-6.293294,0.09156651794910431,1.0,0.9921022057533264
YKL150W,YPL146C,0,-6.293422,0.09155678749084473,1.0,0.9922183752059937
YJR145C,YNL311C,0,-6.302153,0.09154704958200455,1.0,0.9923344850540161
YGR248W,YKL122C,0,-6.308449,0.09153731912374496,1.0,0.9924506545066833
YOR206W,YNL186W,0,-6.3108816,0.09152758866548538,1.0,0.9925667643547058
YDR231C,YJR091C,0,-6.312465,0.0915178582072258,1.0,0.992682933807373
YPL265W,YPL211W,0,-6.314136,0.09150812774896622,1.0,0.9927990436553955
YBR155W,YML120C,0,-6.3163915,0.09149840474128723,1.0,0.9929152131080627
YNL061W,YNL302C,0,-6.3288164,0.09148868173360825,1.0,0.99303138256073
YGR177C,YGL037C,0,-6.3324847,0.09147896617650986,1.0,0.9931474924087524
YKL195W,YGL037C,0,-6.3325424,0.09146924316883087,1.0,0.9932636618614197
YDR214W,YEL027W,0,-6.3333206,0.09145952761173248,1.0,0.9933797717094421
YPL211W,YGL171W,0,-6.3417697,0.0914498120546341,1.0,0.9934959411621094
YGR262C,YGL078C,0,-6.3427916,0.0914401039481163,1.0,0.9936120510101318
YKL056C,YOR272W,0,-6.3436666,0.09143038839101791,1.0,0.9937282204627991
YMR092C,YDR087C,0,-6.3519044,0.09142068028450012,1.0,0.9938443899154663
YDR021W,YPL211W,0,-6.3604293,0.09141097962856293,1.0,0.9939604997634888
YJL010C,YHR016C,0,-6.372571,0.09140127152204514,1.0,0.994076669216156
YGL229C,YBL058W,0,-6.372592,0.09139157086610794,1.0,0.9941927790641785
YDL138W,YML073C,0,-6.374838,0.09138187021017075,1.0,0.9943089485168457
YML113W,YGL229C,0,-6.3811007,0.09137217700481415,1.0,0.9944250583648682
YMR092C,YKL021C,0,-6.382518,0.09136247634887695,1.0,0.9945412278175354
YGL171W,YGL229C,0,-6.4088902,0.09135278314352036,1.0,0.9946573972702026
YAL054C,YML073C,0,-6.416128,0.09134308993816376,1.0,0.9947735071182251
YLR133W,YLR068W,0,-6.4238696,0.09133340418338776,1.0,0.9948896765708923
YKR076W,YOR241W,0,-6.4252586,0.09132371842861176,1.0,0.9950057864189148
YFR053C,YMR005W,0,-6.4447665,0.09131403267383575,1.0,0.995121955871582
YMR250W,YDR059C,0,-6.450682,0.09130434691905975,1.0,0.9952380657196045
YPL106C,YOR344C,0,-6.4701,0.09129466861486435,1.0,0.9953542351722717
YLL026W,YJL148W,0,-6.4803195,0.09128499031066895,1.0,0.995470404624939
YOR230W,YHR016C,0,-6.4855676,0.09127531200647354,1.0,0.9955865144729614
YOR260W,YOR340C,0,-6.486722,0.09126563370227814,1.0,0.9957026839256287
YGL078C,YIL118W,0,-6.49659,0.09125596284866333,1.0,0.9958187937736511
YPL265W,YBR050C,0,-6.50749,0.09124629199504852,1.0,0.9959349632263184
YFR053C,YFL016C,0,-6.5081344,0.09123662114143372,1.0,0.9960511326789856
YMR250W,YJR091C,0,-6.5176425,0.0912269577383995,1.0,0.9961672425270081
YCR072C,YGL229C,0,-6.5190115,0.0912172868847847,1.0,0.9962834119796753
YDR055W,YDR398W,0,-6.530108,0.09120762348175049,1.0,0.9963995218276978
YDL083C,YCL054W,0,-6.540426,0.09119796752929688,1.0,0.996515691280365
YOR206W,YJL121C,0,-6.547727,0.09118830412626266,1.0,0.9966318011283875
YNR054C,YDL014W,0,-6.5542417,0.09117864817380905,1.0,0.9967479705810547
YLR068W,YJL148W,0,-6.573392,0.09116899967193604,1.0,0.9968641400337219
YJR070C,YCR083W,0,-6.5770626,0.09115934371948242,1.0,0.9969802498817444
YDL014W,YML014W,0,-6.592876,0.0911496952176094,1.0,0.9970964193344116
YMR250W,YNL241C,0,-6.5969086,0.09114004671573639,1.0,0.9972125291824341
YHR019C,YDR083W,0,-6.612886,0.09113039821386337,1.0,0.9973286986351013
YBL009W,YJR145C,0,-6.6290812,0.09112075716257095,1.0,0.9974448084831238
YGL229C,YDR165W,0,-6.6394506,0.09111110866069794,1.0,0.997560977935791
YHR005C,YFR053C,0,-6.6446342,0.09110146760940552,1.0,0.9976771473884583
YKL205W,YML073C,0,-6.6487613,0.0910918340086937,1.0,0.9977932572364807
YIL118W,YOR272W,0,-6.6516047,0.09108219295740128,1.0,0.997909426689148
YDL142C,YFR053C,0,-6.665543,0.09107255935668945,1.0,0.9980255365371704
YHR169W,YPL211W,0,-6.6727247,0.09106293320655823,1.0,0.9981417059898376
YJR070C,YDR059C,0,-6.6744146,0.0910532996058464,1.0,0.9982578158378601
YCR009C,YJL048C,0,-6.7038393,0.09104367345571518,1.0,0.9983739852905273
YBR155W,YGR088W,0,-6.73686,0.09103404730558395,1.0,0.9984901547431946
YBR183W,YHR016C,0,-6.798037,0.09102442115545273,1.0,0.998606264591217
YJR150C,YGR248W,0,-6.8003225,0.0910148024559021,1.0,0.9987224340438843
YNL039W,YFR053C,0,-6.8860984,0.09100517630577087,1.0,0.9988385438919067
YMR250W,YER165W,0,-6.9272876,0.09099555760622025,1.0,0.998954713344574
YHR171W,YCR072C,0,-7.0927215,0.09098594635725021,1.0,0.9990708231925964
YNR054C,YJR070C,0,-7.096585,0.09097632765769958,1.0,0.9991869926452637
YGR088W,YBL093C,0,-7.0971656,0.09096671640872955,1.0,0.9993031620979309
YML080W,YHR016C,0,-7.2428403,0.09095711261034012,1.0,0.9994192719459534
YGL078C,YDL181W,0,-7.5150347,0.09094750136137009,1.0,0.9995354413986206
YLR293C,YJL048C,0,-7.5426564,0.09093789756298065,1.0,0.9996515512466431
YGR248W,YML093W,0,-7.5717783,0.09092829376459122,1.0,0.9997677206993103
YGL078C,YNL110C,0,-7.6423397,0.09091868996620178,1.0,0.9998838305473328
YOR206W,YGR248W,0,-7.979345,0.09090909361839294,1.0,1.0
