Gene A,Gene B,Label,Score,Precision,Recall,False Positive Rate
YLR380W,YOR317W,1,1.6551582,1.0,0.002298850566148758,0.0
YMR246W,YOR317W,1,1.2136624,1.0,0.004597701132297516,0.0
YOR317W,YGR037C,1,1.1865402,1.0,0.006896551698446274,0.0
YGL162W,YOR317W,1,1.0958558,1.0,0.009195402264595032,0.0
YCL033C,YOR297C,0,1.0138595,0.800000011920929,0.009195402264595032,0.00022988505952525884
YLR228C,YKL163W,0,0.9377825,0.6666666865348816,0.009195402264595032,0.0004597701190505177
YLR380W,YKL091C,1,0.8624691,0.7142857313156128,0.01149425283074379,0.0004597701190505177
YER006W,YPR184W,0,0.84667265,0.625,0.01149425283074379,0.0006896551931276917
YGL162W,YKL091C,1,0.8083528,0.6666666865348816,0.013793103396892548,0.0006896551931276917
YOR187W,YKL163W,0,0.79480326,0.6000000238418579,0.013793103396892548,0.0009195402381010354
YAL008W,YER055C,0,0.7842504,0.5454545617103577,0.013793103396892548,0.001149425283074379
YJL102W,YDR487C,0,0.77003276,0.5,0.013793103396892548,0.0013793103862553835
YOR256C,YLR348C,0,0.71008813,0.4615384638309479,0.013793103396892548,0.0016091953730210662
YER035W,YBR291C,0,0.6710619,0.4285714328289032,0.013793103396892548,0.0018390804762020707
YMR246W,YKL091C,1,0.66849744,0.46666666865348816,0.016091953963041306,0.0018390804762020707
YIL027C,YKL163W,0,0.66145575,0.4375,0.016091953963041306,0.0020689654629677534
YOR323C,YLR178C,0,0.659165,0.4117647111415863,0.016091953963041306,0.002298850566148758
YKL091C,YMR079W,1,0.6518295,0.4444444477558136,0.018390804529190063,0.002298850566148758
YGL123W,YER103W,0,0.65038204,0.42105263471603394,0.018390804529190063,0.0025287356693297625
YNL052W,YJR151C,0,0.61749256,0.4000000059604645,0.018390804529190063,0.002758620772510767
YLR380W,YKL188C,1,0.56812835,0.4285714328289032,0.02068965509533882,0.002758620772510767
YOR317W,YKR003W,1,0.5518795,0.4545454680919647,0.02298850566148758,0.002758620772510767
YOR317W,YMR079W,1,0.5341288,0.47826087474823,0.025287356227636337,0.002758620772510767
YIL138C,YIL155C,0,0.5262779,0.4583333432674408,0.025287356227636337,0.002988505642861128
YFL014W,YBR061C,0,0.51930416,0.4399999976158142,0.025287356227636337,0.0032183907460421324
YGR088W,YLR086W,0,0.5188248,0.42307692766189575,0.025287356227636337,0.003448275849223137
YLR188W,YDR298C,0,0.49759007,0.40740740299224854,0.025287356227636337,0.0036781609524041414
YJL166W,YPL256C,0,0.49312747,0.3928571343421936,0.025287356227636337,0.003908046055585146
YML054C,YMR319C,0,0.49132597,0.37931033968925476,0.025287356227636337,0.004137930925935507
YGL009C,YMR284W,0,0.48219645,0.36666667461395264,0.025287356227636337,0.004367816261947155
YOR317W,YDR093W,1,0.47942936,0.3870967626571655,0.027586206793785095,0.004367816261947155
YHR008C,YOL103W,0,0.47703803,0.375,0.027586206793785095,0.004597701132297516
YPL023C,YPL240C,0,0.4755249,0.3636363744735718,0.027586206793785095,0.004827586002647877
YKL148C,YOR360C,0,0.46867263,0.3529411852359772,0.027586206793785095,0.005057471338659525
YAL060W,YAL013W,0,0.44766545,0.34285715222358704,0.027586206793785095,0.005287356209009886
YNR035C,YGR032W,0,0.44264364,0.3333333432674408,0.027586206793785095,0.005517241545021534
YNL284C,YGL257C,0,0.442549,0.3243243098258972,0.027586206793785095,0.005747126415371895
YAL060W,YKL172W,0,0.42145216,0.31578946113586426,0.027586206793785095,0.005977011285722256
YLR395C,YMR169C,0,0.4198439,0.3076923191547394,0.027586206793785095,0.006206896621733904
YLR327C,YER091C,0,0.40283906,0.30000001192092896,0.027586206793785095,0.006436781492084265
YGL037C,YPR138C,0,0.39465177,0.2926829159259796,0.027586206793785095,0.006666666828095913
YDL205C,YGR008C,0,0.38819182,0.2857142984867096,0.027586206793785095,0.006896551698446274
YPL240C,YHR007C,0,0.38531315,0.27906978130340576,0.027586206793785095,0.007126436568796635
YDR171W,YHR098C,0,0.3745154,0.27272728085517883,0.027586206793785095,0.007356321904808283
YGL212W,YGL187C,0,0.37188578,0.2666666805744171,0.027586206793785095,0.007586206775158644
YOR377W,YHR005C-A,0,0.36863697,0.260869562625885,0.027586206793785095,0.007816092111170292
YHR057C,YOR297C,0,0.35438418,0.25531914830207825,0.027586206793785095,0.008045976981520653
YMR056C,YOR377W,0,0.35197777,0.25,0.027586206793785095,0.008275861851871014
YBR106W,YLL041C,0,0.3439017,0.2448979616165161,0.027586206793785095,0.008505746722221375
YBR275C,YLR178C,0,0.33970177,0.23999999463558197,0.027586206793785095,0.00873563252389431
YBR214W,YGR049W,0,0.31847036,0.23529411852359772,0.027586206793785095,0.008965517394244671
YER053C,YLR448W,0,0.29552996,0.23076923191547394,0.027586206793785095,0.009195402264595032
YGL037C,YER174C,0,0.29062504,0.22641509771347046,0.027586206793785095,0.009425287134945393
YOR133W,YER119C,0,0.285299,0.2222222238779068,0.027586206793785095,0.009655172005295753
YDR298C,YPL057C,0,0.27166784,0.2181818187236786,0.027586206793785095,0.009885057806968689
YOR317W,YIL048W,1,0.25568938,0.2321428507566452,0.029885057359933853,0.009885057806968689
YJR009C,YGL122C,0,0.2545089,0.22807016968727112,0.029885057359933853,0.01011494267731905
YBR170C,YOR355W,0,0.2506494,0.22413793206214905,0.029885057359933853,0.01034482754766941
YMR246W,YHR001W,1,0.24480098,0.23728813230991364,0.03218390792608261,0.01034482754766941
YNL160W,YNL268W,0,0.24278688,0.23333333432674408,0.03218390792608261,0.010574712418019772
YPR191W,YGR144W,0,0.2364474,0.2295081913471222,0.03218390792608261,0.010804597288370132
YIL142W,YLR099C,0,0.2361064,0.22580644488334656,0.03218390792608261,0.011034483090043068
YKL038W,YLR066W,0,0.2276175,0.2222222238779068,0.03218390792608261,0.011264367960393429
YER054C,YPL268W,0,0.21922797,0.21875,0.03218390792608261,0.01149425283074379
YOR317W,YOR237W,1,0.21753806,0.23076923191547394,0.03448275849223137,0.01149425283074379
YLR398C,YGR256W,0,0.21006459,0.22727273404598236,0.03448275849223137,0.01172413770109415
YJR017C,YLR153C,0,0.1832329,0.2238806039094925,0.03448275849223137,0.011954022571444511
YFL034C-B,YKL109W,0,0.17635775,0.22058823704719543,0.03448275849223137,0.012183908373117447
YDL137W,YDR123C,0,0.17203844,0.21739129722118378,0.03448275849223137,0.012413793243467808
YIL124W,YML115C,0,0.17138696,0.2142857164144516,0.03448275849223137,0.012643678113818169
YDL140C,YOR245C,0,0.16850048,0.2112676054239273,0.03448275849223137,0.01287356298416853
YDL130W-A,YGL225W,0,0.16633391,0.2083333283662796,0.03448275849223137,0.01310344785451889
YPR052C,YOR245C,0,0.1657337,0.2054794579744339,0.03448275849223137,0.013333333656191826
YLR020C,YOR155C,0,0.16455364,0.20270270109176636,0.03448275849223137,0.013563218526542187
YBR257W,YFR015C,0,0.1610235,0.20000000298023224,0.03448275849223137,0.013793103396892548
YPL079W,YIL099W,0,0.15702152,0.19736842811107635,0.03448275849223137,0.014022988267242908
YKL206C,YDL222C,0,0.14900368,0.19480518996715546,0.03448275849223137,0.01425287313759327
YCR053W,YGL208W,0,0.14791489,0.19230769574642181,0.03448275849223137,0.014482758939266205
YGL037C,YLR244C,0,0.14619601,0.18987341225147247,0.03448275849223137,0.014712643809616566
YPL053C,YKL093W,0,0.13764203,0.1875,0.03448275849223137,0.014942528679966927
YLL041C,YJL153C,0,0.13711011,0.18518517911434174,0.03448275849223137,0.015172413550317287
YNL030W,YLR355C,0,0.1358478,0.18292683362960815,0.03448275849223137,0.015402298420667648
YER070W,YKL067W,0,0.13205451,0.1807228922843933,0.03448275849223137,0.015632184222340584
YER162C,YPR102C,0,0.12958908,0.1785714328289032,0.03448275849223137,0.01586206816136837
YGR194C,YKL056C,0,0.12928468,0.1764705926179886,0.03448275849223137,0.016091953963041306
YDR533C,YJR094W-A,0,0.12824512,0.1744185984134674,0.03448275849223137,0.01632183976471424
YMR173W,YNL220W,0,0.12784284,0.17241379618644714,0.03448275849223137,0.016551723703742027
YNL053W,YGR132C,0,0.12754762,0.17045454680919647,0.03448275849223137,0.016781609505414963
YBL075C,YKR092C,0,0.12670684,0.16853933036327362,0.03448275849223137,0.01701149344444275
YBR230C,YPL226W,0,0.11129296,0.1666666716337204,0.03448275849223137,0.017241379246115685
YJL145W,YER166W,1,0.11075395,0.17582418024539948,0.03678160905838013,0.017241379246115685
YER054C,YBR267W,0,0.109244704,0.17391304671764374,0.03678160905838013,0.01747126504778862
YLR163C,YLR188W,0,0.10351193,0.17204301059246063,0.03678160905838013,0.017701148986816406
YDR051C,YLR380W,1,0.095229745,0.1808510571718216,0.039080459624528885,0.017701148986816406
YBL098W,YBR176W,0,0.094762325,0.17894737422466278,0.039080459624528885,0.017931034788489342
YOR317W,YER166W,1,0.09456456,0.1875,0.04137931019067764,0.017931034788489342
YKL038W,YPL059W,0,0.09345639,0.1855670064687729,0.04137931019067764,0.018160918727517128
YOL133W,YHR041C,0,0.088151455,0.18367347121238708,0.04137931019067764,0.018390804529190063
YPL202C,YIL155C,0,0.08738494,0.1818181872367859,0.04137931019067764,0.018620690330863
YDR051C,YGL162W,1,0.08507216,0.1899999976158142,0.0436781607568264,0.018620690330863
YJL100W,YPR165W,0,0.07233375,0.1881188154220581,0.0436781607568264,0.018850574269890785
YER131W,YPR194C,0,0.07069576,0.18627451360225677,0.0436781607568264,0.01908046007156372
YJL158C,YBR103W,0,0.070292056,0.18446601927280426,0.0436781607568264,0.019310344010591507
YLR348C,YLR201C,0,0.06952226,0.18269230425357819,0.0436781607568264,0.019540229812264442
YHR001W,YNR047W,1,0.067691565,0.190476194024086,0.04597701132297516,0.019540229812264442
YPR191W,YNR016C,0,0.06489289,0.18867924809455872,0.04597701132297516,0.019770115613937378
YKR003W,YGR037C,1,0.063244164,0.1962616890668869,0.04827586188912392,0.019770115613937378
YGR180C,YKR056W,0,0.060862064,0.1944444477558136,0.04827586188912392,0.019999999552965164
YOR317W,YDL019C,1,0.059435427,0.20183485746383667,0.050574712455272675,0.019999999552965164
YDR077W,YPL005W,0,0.05605465,0.20000000298023224,0.050574712455272675,0.0202298853546381
YFL014W,YDR481C,0,0.055076182,0.19819819927215576,0.050574712455272675,0.020459769293665886
YDL075W,YJL219W,0,0.050644696,0.1964285671710968,0.050574712455272675,0.02068965509533882
YCL030C,YNL259C,0,0.048420787,0.1946902722120285,0.050574712455272675,0.020919540897011757
YGR037C,YBR041W,1,0.040872276,0.2017543911933899,0.05287356302142143,0.020919540897011757
YJR151C,YGR132C,0,0.035249114,0.20000000298023224,0.05287356302142143,0.021149424836039543
YGL191W,YLL035W,0,0.03459406,0.1982758641242981,0.05287356302142143,0.02137931063771248
YKL167C,YGR268C,0,0.033534706,0.19658119976520538,0.05287356302142143,0.021609194576740265
YNL149C,YML028W,0,0.031296134,0.19491524994373322,0.05287356302142143,0.0218390803784132
YDL083C,YGR002C,0,0.031256557,0.19327731430530548,0.05287356302142143,0.022068966180086136
YDR034C,YCR003W,0,0.029878736,0.19166666269302368,0.05287356302142143,0.022298850119113922
YGL162W,YNL231C,1,0.025419474,0.19834710657596588,0.05517241358757019,0.022298850119113922
YBR302C,YDR371W,0,0.024017096,0.19672131538391113,0.05517241358757019,0.022528735920786858
YKL091C,YER120W,1,0.022140741,0.20325203239917755,0.05747126415371895,0.022528735920786858
YCL014W,YDL204W,0,0.021028161,0.2016129046678543,0.05747126415371895,0.022758619859814644
YPR159W,YNR002C,0,0.019457579,0.20000000298023224,0.05747126415371895,0.02298850566148758
YAL060W,YER051W,0,0.018724263,0.1984127014875412,0.05747126415371895,0.023218391463160515
YGR037C,YDL019C,1,0.015755892,0.20472441613674164,0.059770114719867706,0.023218391463160515
YLL001W,YBR276C,0,0.010958612,0.203125,0.059770114719867706,0.0234482754021883
YNR008W,YGL047W,0,0.009940743,0.20155039429664612,0.059770114719867706,0.023678161203861237
YNR047W,YER120W,1,0.007930279,0.20769231021404266,0.062068965286016464,0.023678161203861237
YDR294C,YOL127W,0,0.0073446035,0.20610687136650085,0.062068965286016464,0.023908045142889023
YNL264C,YER166W,1,0.0062437654,0.21212121844291687,0.06436781585216522,0.023908045142889023
YNL297C,YIL122W,0,0.0055758953,0.21052631735801697,0.06436781585216522,0.02413793094456196
YOR246C,YJL048C,0,0.0018721819,0.20895522832870483,0.06436781585216522,0.024367816746234894
YKL188C,YGR037C,1,0.0016025305,0.21481481194496155,0.06666667014360428,0.024367816746234894
YNL113W,YJL137C,0,-0.00085270405,0.2132352888584137,0.06666667014360428,0.02459770068526268
YNL323W,YKL091C,1,-0.005438924,0.21897810697555542,0.06896551698446274,0.02459770068526268
YLR038C,YKR050W,0,-0.0064843893,0.21739129722118378,0.06896551698446274,0.024827586486935616
YBL011W,YIL097W,0,-0.007257998,0.2158273309469223,0.06896551698446274,0.025057470425963402
YEL052W,YKL126W,0,-0.007539451,0.2142857164144516,0.06896551698446274,0.025287356227636337
YDL231C,YOR347C,0,-0.008564532,0.21276596188545227,0.06896551698446274,0.025517242029309273
YNL053W,YEL050C,0,-0.0097875595,0.2112676054239273,0.06896551698446274,0.02574712596833706
YBR156C,YDL137W,0,-0.018209338,0.2097902148962021,0.06896551698446274,0.025977011770009995
YOR327C,YHR007C,0,-0.021274924,0.2083333283662796,0.06896551698446274,0.02620689570903778
YNL005C,YOR085W,0,-0.02202177,0.2068965584039688,0.06896551698446274,0.026436781510710716
YKR013W,YPL078C,0,-0.022055745,0.2054794579744339,0.06896551698446274,0.02666666731238365
YDR457W,YMR263W,0,-0.024267912,0.20408163964748383,0.06896551698446274,0.026896551251411438
YFR018C,YKL061W,0,-0.024632812,0.20270270109176636,0.06896551698446274,0.027126437053084373
YDR084C,YBR068C,0,-0.027914703,0.20134228467941284,0.06896551698446274,0.02735632099211216
YLR378C,YOR377W,0,-0.028900921,0.20000000298023224,0.06896551698446274,0.027586206793785095
YLR380W,YDL019C,1,-0.030055404,0.20529800653457642,0.0712643712759018,0.027586206793785095
YGR167W,YBR068C,0,-0.03066194,0.20394736528396606,0.0712643712759018,0.02781609259545803
YDR093W,YKL091C,1,-0.032295704,0.20915032923221588,0.07356321811676025,0.02781609259545803
YDR452W,YER150W,0,-0.034430742,0.20779220759868622,0.07356321811676025,0.028045976534485817
YMR250W,YOL077W-A,0,-0.03502786,0.20645160973072052,0.07356321811676025,0.028275862336158752
YBL078C,YDR414C,0,-0.036610126,0.20512820780277252,0.07356321811676025,0.02850574627518654
YDR266C,YHR043C,0,-0.041013658,0.20382165908813477,0.07356321811676025,0.028735632076859474
YML054C,YNL079C,0,-0.041639686,0.20253165066242218,0.07356321811676025,0.02896551787853241
YKL091C,YER166W,1,-0.043797374,0.2075471729040146,0.07586207240819931,0.02896551787853241
YKL188C,YDL019C,1,-0.047079325,0.21250000596046448,0.07816091924905777,0.02896551787853241
YGR088W,YDR142C,0,-0.04726267,0.21118012070655823,0.07816091924905777,0.029195401817560196
YGL062W,YMR043W,0,-0.047835767,0.20987653732299805,0.07816091924905777,0.02942528761923313
YGL162W,YHR001W,1,-0.048519254,0.21472392976284027,0.08045977354049683,0.02942528761923313
YNL044W,YJL172W,0,-0.050005734,0.21341463923454285,0.08045977354049683,0.029655171558260918
YPL230W,YOR092W,0,-0.050150752,0.21212121844291687,0.08045977354049683,0.029885057359933853
YOR317W,YER120W,1,-0.050813556,0.21686747670173645,0.08275862038135529,0.029885057359933853
YBR079C,YLR142W,0,-0.051051676,0.21556885540485382,0.08275862038135529,0.03011494316160679
YER073W,YHR067W,0,-0.051614344,0.2142857164144516,0.08275862038135529,0.030344827100634575
YDR051C,YIL048W,1,-0.052595973,0.21893490850925446,0.08505747467279434,0.030344827100634575
YNL323W,YOR317W,1,-0.053376257,0.2235294133424759,0.0873563215136528,0.030344827100634575
YNR047W,YGR037C,1,-0.054337025,0.22807016968727112,0.08965517580509186,0.030344827100634575
YML126C,YIL010W,0,-0.05519855,0.22674418985843658,0.08965517580509186,0.03057471290230751
YML132W,YNL124W,0,-0.055665493,0.22543352842330933,0.08965517580509186,0.030804596841335297
YGL211W,YHR051W,0,-0.05836934,0.22413793206214905,0.08965517580509186,0.031034482643008232
YGL253W,YMR068W,0,-0.058395267,0.22285714745521545,0.08965517580509186,0.03126436844468117
YDL130W-A,YBL016W,0,-0.05858004,0.22159090638160706,0.08965517580509186,0.031494252383708954
YNL032W,YBR230C,0,-0.058880925,0.22033898532390594,0.08965517580509186,0.03172413632273674
YLR380W,YBR041W,1,-0.0596779,0.2247191071510315,0.09195402264595032,0.03172413632273674
YBR052C,YIL122W,0,-0.060099125,0.22346368432044983,0.09195402264595032,0.031954023987054825
YKL091C,YGR037C,1,-0.06012875,0.22777777910232544,0.09425287693738937,0.031954023987054825
YNR047W,YER166W,1,-0.061036944,0.23204420506954193,0.09655172377824783,0.031954023987054825
YKR080W,YGL122C,0,-0.061241627,0.23076923191547394,0.09655172377824783,0.03218390792608261
YIR039C,YNR044W,0,-0.061956763,0.2295081913471222,0.09655172377824783,0.0324137918651104
YHR141C,YNL015W,0,-0.06272465,0.22826087474822998,0.09655172377824783,0.03264367952942848
YGL009C,YLL041C,0,-0.06605005,0.227027028799057,0.09655172377824783,0.03287356346845627
YDR170C,YIL136W,0,-0.06818396,0.22580644488334656,0.09655172377824783,0.033103447407484055
YER095W,YPL188W,0,-0.071790814,0.2245989292860031,0.09655172377824783,0.03333333507180214
YMR092C,YBR019C,0,-0.07200825,0.22340425848960876,0.09655172377824783,0.033563219010829926
YCR069W,YPR107C,0,-0.07291323,0.2222222238779068,0.09655172377824783,0.03379310294985771
YML027W,YGL121C,0,-0.07460213,0.2210526317358017,0.09655172377824783,0.0340229868888855
YFR032C-A,YER103W,0,-0.08033514,0.21989528834819794,0.09655172377824783,0.03425287455320358
YLR348C,YMR168C,0,-0.08069599,0.21875,0.09655172377824783,0.03448275849223137
YLR380W,YPL147W,1,-0.08131623,0.2227979302406311,0.09885057806968689,0.03448275849223137
YLR242C,YER120W,1,-0.08476287,0.22680412232875824,0.10114942491054535,0.03448275849223137
YHR008C,YPL047W,0,-0.088881314,0.22564102709293365,0.10114942491054535,0.034712642431259155
YNL080C,YDR043C,0,-0.09266418,0.22448979318141937,0.10114942491054535,0.03494253009557724
YGR194C,YMR321C,0,-0.094590664,0.22335025668144226,0.10114942491054535,0.035172414034605026
YNL271C,YDR258C,0,-0.094705105,0.2222222238779068,0.10114942491054535,0.03540229797363281
YDL070W,YDR281C,0,-0.09559137,0.22110553085803986,0.10114942491054535,0.0356321856379509
YPL230W,YPL059W,0,-0.097441316,0.2199999988079071,0.10114942491054535,0.035862069576978683
YBR288C,YER119C,0,-0.09892249,0.2189054787158966,0.10114942491054535,0.03609195351600647
YOR003W,YAL014C,0,-0.099796,0.21782177686691284,0.10114942491054535,0.036321837455034256
YDL066W,YJR091C,0,-0.10253799,0.21674877405166626,0.10114942491054535,0.03655172511935234
YDR296W,YIR017C,0,-0.10372734,0.21568627655506134,0.10114942491054535,0.03678160905838013
YDR074W,YDL112W,0,-0.1042456,0.21463415026664734,0.10114942491054535,0.03701149299740791
YJR017C,YNL160W,0,-0.10481483,0.21359223127365112,0.10114942491054535,0.037241380661726
YNL231C,YDL019C,1,-0.10912025,0.21739129722118378,0.1034482792019844,0.037241380661726
YDR051C,YOR237W,1,-0.11085355,0.2211538404226303,0.10574712604284286,0.037241380661726
YOL097C,YKL064W,0,-0.11111152,0.220095694065094,0.10574712604284286,0.037471264600753784
YBL042C,YOR150W,0,-0.11426759,0.21904762089252472,0.10574712604284286,0.03770114853978157
YER054C,YGL244W,0,-0.11441603,0.21800947189331055,0.10574712604284286,0.037931036204099655
YIL010W,YGR177C,0,-0.11604768,0.21698112785816193,0.10574712604284286,0.03816092014312744
YNL219C,YOR347C,0,-0.1160689,0.21596243977546692,0.10574712604284286,0.03839080408215523
YJL145W,YDL019C,1,-0.11633322,0.21962617337703705,0.10804598033428192,0.03839080408215523
YGL256W,YDR512C,0,-0.11816174,0.2186046540737152,0.10804598033428192,0.038620688021183014
YKL091C,YIL048W,1,-0.11974633,0.2222222238779068,0.11034482717514038,0.038620688021183014
YPR035W,YDR494W,0,-0.121875554,0.2211981564760208,0.11034482717514038,0.0388505756855011
YLR142W,YKL018W,0,-0.12214255,0.22018349170684814,0.11034482717514038,0.039080459624528885
YFL039C,YLR015W,0,-0.12262976,0.21917808055877686,0.11034482717514038,0.03931034356355667
YHR083W,YPL095C,0,-0.1232087,0.2181818187236786,0.11034482717514038,0.039540231227874756
YDR342C,YPR072W,0,-0.124328434,0.2171945720911026,0.11034482717514038,0.03977011516690254
YPL147W,YNR047W,1,-0.12911344,0.22072072327136993,0.11264368146657944,0.03977011516690254
YGL008C,YCL033C,0,-0.12958115,0.219730943441391,0.11264368146657944,0.03999999910593033
YHR001W,YIL048W,1,-0.13047743,0.2232142835855484,0.1149425283074379,0.03999999910593033
YER053C,YMR179W,0,-0.13117543,0.2222222238779068,0.1149425283074379,0.04022988677024841
YMR162C,YOR317W,1,-0.13218245,0.22566372156143188,0.11724138259887695,0.04022988677024841
YOR317W,YHR001W,1,-0.13244623,0.2290748953819275,0.11954022943973541,0.04022988677024841
YKL188C,YNR047W,1,-0.13294479,0.23245614767074585,0.12183908373117447,0.04022988677024841
YLR371W,YKL085W,0,-0.13357303,0.23144105076789856,0.12183908373117447,0.0404597707092762
YNL149C,YDR158W,0,-0.13378325,0.23043477535247803,0.12183908373117447,0.040689654648303986
YNR013C,YER054C,0,-0.13561404,0.2294372320175171,0.12183908373117447,0.04091953858733177
YDR432W,YKL124W,0,-0.1371316,0.2284482717514038,0.12183908373117447,0.04114942625164986
YKL093W,YFR044C,0,-0.14029604,0.22746780514717102,0.12183908373117447,0.04137931019067764
YHR001W,YGR037C,1,-0.14061254,0.23076923191547394,0.12413793057203293,0.04137931019067764
YCL010C,YDL136W,0,-0.14263523,0.22978723049163818,0.12413793057203293,0.04160919412970543
YHR001W,YPR009W,1,-0.14267817,0.2330508530139923,0.12643678486347198,0.04160919412970543
YKL188C,YGL162W,1,-0.14519456,0.236286923289299,0.12873563170433044,0.04160919412970543
YFL014W,YEL061C,0,-0.14557862,0.23529411852359772,0.12873563170433044,0.041839081794023514
YLR304C,YOR035C,0,-0.1460656,0.2343096286058426,0.12873563170433044,0.0420689657330513
YHR001W,YMR079W,1,-0.14616111,0.23749999701976776,0.1310344785451889,0.0420689657330513
YJL210W,YOR386W,0,-0.14631045,0.23651452362537384,0.1310344785451889,0.042298849672079086
YGL106W,YDR536W,0,-0.14664924,0.23553718626499176,0.1310344785451889,0.04252873733639717
YHR105W,YAL042W,0,-0.1467281,0.23456789553165436,0.1310344785451889,0.04275862127542496
YMR054W,YGR189C,0,-0.14871988,0.23360656201839447,0.1310344785451889,0.042988505214452744
YBL068W,YHR209W,0,-0.14974254,0.23265306651592255,0.1310344785451889,0.04321838915348053
YPL084W,YER046W,0,-0.15273511,0.23170731961727142,0.1310344785451889,0.043448276817798615
YDR248C,YPL256C,0,-0.15305123,0.23076923191547394,0.1310344785451889,0.0436781607568264
YDR059C,YNL268W,0,-0.15427896,0.22983871400356293,0.1310344785451889,0.04390804469585419
YCR083W,YPL149W,0,-0.15533006,0.22891566157341003,0.1310344785451889,0.04413793236017227
YNR002C,YGR177C,0,-0.15622681,0.2280000001192093,0.1310344785451889,0.04436781629920006
YNL323W,YMR246W,1,-0.15764403,0.2310757040977478,0.13333334028720856,0.04436781629920006
YMR200W,YDR064W,0,-0.15828422,0.230158731341362,0.13333334028720856,0.044597700238227844
YDR233C,YDL028C,0,-0.15864322,0.2292490154504776,0.13333334028720856,0.04482758790254593
YDR218C,YHL020C,0,-0.16063496,0.22834645211696625,0.13333334028720856,0.045057471841573715
YDR051C,YDL019C,1,-0.162709,0.23137255012989044,0.13563218712806702,0.045057471841573715
YFR019W,YDR347W,0,-0.16274932,0.23046875,0.13563218712806702,0.0452873557806015
YER106W,YPR151C,0,-0.1636079,0.22957198321819305,0.13563218712806702,0.04551723971962929
YMR246W,YER166W,1,-0.16374457,0.23255814611911774,0.13793103396892548,0.04551723971962929
YDL017W,YOR347C,0,-0.16792494,0.23166023194789886,0.13793103396892548,0.04574712738394737
YCR094W,YKR003W,1,-0.17153502,0.23461538553237915,0.14022988080978394,0.04574712738394737
YBR145W,YJR138W,0,-0.17212951,0.2337164729833603,0.14022988080978394,0.04597701132297516
YOR321W,YDR371W,0,-0.17225122,0.2328244298696518,0.14022988080978394,0.046206895262002945
YBL016W,YLR178C,0,-0.1730662,0.2319391667842865,0.14022988080978394,0.04643678292632103
YMR246W,YNR047W,1,-0.17468262,0.2348484843969345,0.1425287425518036,0.04643678292632103
YOR175C,YOL155C,0,-0.17769587,0.2339622676372528,0.1425287425518036,0.046666666865348816
YJR016C,YOL016C,0,-0.17928031,0.23308271169662476,0.1425287425518036,0.0468965508043766
YML073C,YMR197C,0,-0.17940289,0.23220974206924438,0.1425287425518036,0.04712643846869469
YKL096W-A,YFR015C,0,-0.17968217,0.23134328424930573,0.1425287425518036,0.04735632240772247
YKL091C,YOR237W,1,-0.1797283,0.23420074582099915,0.14482758939266205,0.04735632240772247
YLR089C,YMR309C,0,-0.18392262,0.23333333432674408,0.14482758939266205,0.04758620634675026
YOR313C,YML028W,0,-0.18434453,0.23247233033180237,0.14482758939266205,0.047816090285778046
YGL208W,YKL209C,0,-0.18490112,0.23161764442920685,0.14482758939266205,0.04804597795009613
YDR216W,YOR231W,0,-0.18491521,0.23076923191547394,0.14482758939266205,0.04827586188912392
YNL206C,YGR008C,0,-0.18603069,0.22992700338363647,0.14482758939266205,0.0485057458281517
YDR508C,YOR066W,0,-0.18697417,0.22909091413021088,0.14482758939266205,0.04873563349246979
YBR052C,YKL144C,0,-0.1875577,0.22826087474822998,0.14482758939266205,0.048965517431497574
YBR182C,YGL147C,0,-0.18768081,0.227436825633049,0.14482758939266205,0.04919540137052536
YGR268C,YPL134C,0,-0.18888694,0.2266187071800232,0.14482758939266205,0.049425289034843445
YGR135W,YOR095C,0,-0.18952042,0.22580644488334656,0.14482758939266205,0.04965517297387123
YKL178C,YPR181C,0,-0.19041261,0.22499999403953552,0.14482758939266205,0.04988505691289902
YDR353W,YCL033C,0,-0.19299972,0.2241992950439453,0.14482758939266205,0.050114940851926804
YJL066C,YLR424W,0,-0.19561851,0.22340425848960876,0.14482758939266205,0.05034482851624489
YCL043C,YDL085W,0,-0.1962513,0.2226148396730423,0.14482758939266205,0.050574712455272675
YGL097W,YAR050W,0,-0.19719413,0.22183097898960114,0.14482758939266205,0.05080459639430046
YPL095C,YMR176W,0,-0.19742376,0.2210526317358017,0.14482758939266205,0.051034484058618546
YMR211W,YGL208W,0,-0.19791463,0.220279723405838,0.14482758939266205,0.05126436799764633
YEL060C,YKL172W,0,-0.1988439,0.2195121943950653,0.14482758939266205,0.05149425193667412
YGL037C,YBR187W,0,-0.19970986,0.21875,0.14482758939266205,0.0517241396009922
YMR047C,YMR302C,0,-0.2001409,0.21799308061599731,0.14482758939266205,0.05195402354001999
YHR174W,YPR137W,0,-0.20161134,0.21724137663841248,0.14482758939266205,0.052183907479047775
YPL147W,YOR317W,1,-0.20165378,0.21993127465248108,0.1471264362335205,0.052183907479047775
YNL159C,YLR395C,0,-0.20179045,0.21917808055877686,0.1471264362335205,0.05241379141807556
YAL010C,YOR293W,0,-0.2023426,0.2184300273656845,0.1471264362335205,0.052643679082393646
YOR362C,YLL041C,0,-0.20250455,0.21768707036972046,0.1471264362335205,0.05287356302142143
YAL001C,YDL055C,0,-0.20596802,0.21694914996623993,0.1471264362335205,0.05310344696044922
YJL145W,YER120W,1,-0.2065742,0.21959459781646729,0.14942528307437897,0.05310344696044922
YLR380W,YHR001W,1,-0.20776051,0.2222222238779068,0.15172414481639862,0.05310344696044922
YBR241C,YBR123C,0,-0.20844972,0.2214765101671219,0.15172414481639862,0.0533333346247673
YKR066C,YMR080C,0,-0.21011841,0.22073578834533691,0.15172414481639862,0.05356321856379509
YJL109C,YPL240C,0,-0.21085674,0.2199999988079071,0.15172414481639862,0.053793102502822876
YDR051C,YER166W,1,-0.21250045,0.2225913554430008,0.15402299165725708,0.053793102502822876
YJL104W,YLR256W,0,-0.21276784,0.2218542993068695,0.15402299165725708,0.05402299016714096
YHL044W,YOR371C,0,-0.21320888,0.2211221158504486,0.15402299165725708,0.05425287410616875
YBR077C,YGR027C,0,-0.21365905,0.22039473056793213,0.15402299165725708,0.05448275804519653
YDR330W,YBR156C,0,-0.2147876,0.21967212855815887,0.15402299165725708,0.05471264198422432
YMR097C,YKL161C,0,-0.2154755,0.21895425021648407,0.15402299165725708,0.054942529648542404
YLR216C,YDR444W,0,-0.21601722,0.21824103593826294,0.15402299165725708,0.05517241358757019
YML014W,YHR016C,0,-0.21625614,0.2175324708223343,0.15402299165725708,0.05540229752659798
YJL042W,YLR378C,0,-0.21920848,0.21682848036289215,0.15402299165725708,0.05563218519091606
YHL001W,YGR154C,0,-0.21963081,0.21612903475761414,0.15402299165725708,0.05586206912994385
YJL159W,YKL020C,0,-0.21968561,0.21543408930301666,0.15402299165725708,0.056091953068971634
YDR518W,YPR011C,0,-0.22078806,0.21474358439445496,0.15402299165725708,0.05632184073328972
YDR349C,YHR109W,0,-0.22169161,0.21405750513076782,0.15402299165725708,0.056551724672317505
YIL048W,YNL231C,1,-0.2234608,0.2165605127811432,0.15632183849811554,0.056551724672317505
YOR246C,YKL148C,0,-0.22476444,0.21587301790714264,0.15632183849811554,0.05678160861134529
YOL097C,YGR271W,0,-0.22537237,0.2151898741722107,0.15632183849811554,0.05701149255037308
YDR084C,YOR167C,0,-0.22730094,0.21451103687286377,0.15632183849811554,0.05724138021469116
YER035W,YJL191W,0,-0.22905481,0.21383647620677948,0.15632183849811554,0.05747126415371895
YKL210W,YIL138C,0,-0.22914055,0.21316614747047424,0.15632183849811554,0.057701148092746735
YHR057C,YKL109W,0,-0.23061413,0.21250000596046448,0.15632183849811554,0.05793103575706482
YBR006W,YER141W,0,-0.230797,0.2118380069732666,0.15632183849811554,0.058160919696092606
YLR121C,YKR001C,0,-0.23162621,0.21118012070655823,0.15632183849811554,0.05839080363512039
YGR200C,YCL027W,0,-0.23214123,0.21052631735801697,0.15632183849811554,0.05862069129943848
YPL218W,YHR200W,0,-0.2326372,0.20987653732299805,0.15632183849811554,0.05885057523846626
YPR047W,YDR050C,0,-0.23529923,0.20923076570034027,0.15632183849811554,0.05908045917749405
YIL157C,YJR143C,0,-0.23550826,0.20858895778656006,0.15632183849811554,0.059310343116521835
YDR322C-A,YML012W,0,-0.2358132,0.20795106887817383,0.15632183849811554,0.05954023078083992
YIL177C,YDR055W,0,-0.2367031,0.2073170691728592,0.15632183849811554,0.059770114719867706
YNL264C,YDL019C,1,-0.23993963,0.20972643792629242,0.158620685338974,0.059770114719867706
YAR002C-A,YKL103C,0,-0.24006212,0.20909090340137482,0.158620685338974,0.05999999865889549
YER061C,YOR096W,0,-0.24315324,0.20845921337604523,0.158620685338974,0.06022988632321358
YNL110C,YFR015C,0,-0.2469188,0.20783132314682007,0.158620685338974,0.060459770262241364
YER103W,YKR044W,0,-0.24702567,0.20720720291137695,0.158620685338974,0.06068965420126915
YLR144C,YOR310C,0,-0.24733552,0.2065868228673935,0.158620685338974,0.060919541865587234
YKL152C,YMR170C,0,-0.24764773,0.2059701532125473,0.158620685338974,0.06114942580461502
YMR019W,YOR084W,0,-0.24794829,0.2053571492433548,0.158620685338974,0.06137930974364281
YBR291C,YPL194W,0,-0.2485007,0.2047477811574936,0.158620685338974,0.06160919368267059
YPR009W,YER120W,1,-0.24863559,0.20710058510303497,0.16091954708099365,0.06160919368267059
YGL236C,YAL038W,0,-0.24876443,0.2064896821975708,0.16091954708099365,0.06183908134698868
YJL164C,YOR204W,0,-0.25268564,0.20588235557079315,0.16091954708099365,0.062068965286016464
YDR120C,YHR043C,0,-0.25270528,0.20527859032154083,0.16091954708099365,0.06229884922504425
YBL055C,YGL187C,0,-0.25733802,0.20467835664749146,0.16091954708099365,0.06252873688936234
YCR060W,YPL220W,0,-0.25926352,0.20408163964748383,0.16091954708099365,0.06275861710309982
YKR013W,YHR200W,0,-0.2593019,0.20348836481571198,0.16091954708099365,0.06298850476741791
YMR201C,YGL134W,0,-0.2595743,0.2028985470533371,0.16091954708099365,0.06321839243173599
YGR020C,YGR175C,0,-0.25998297,0.2023121416568756,0.16091954708099365,0.06344827264547348
YDR084C,YDR297W,0,-0.26071513,0.20172910392284393,0.16091954708099365,0.06367816030979156
YDR051C,YMR246W,1,-0.26129293,0.20402298867702484,0.1632183939218521,0.06367816030979156
YLR188W,YDR071C,0,-0.2622091,0.203438401222229,0.1632183939218521,0.06390804797410965
YHL034C,YBR097W,0,-0.262897,0.2028571367263794,0.1632183939218521,0.06413792818784714
YGR034W,YJL093C,0,-0.26449794,0.202279195189476,0.1632183939218521,0.06436781585216522
YOL058W,YJR065C,0,-0.26503217,0.20170454680919647,0.1632183939218521,0.0645977035164833
YML024W,YDL231C,0,-0.2651043,0.2011331468820572,0.1632183939218521,0.0648275837302208
YAL041W,YKL109W,0,-0.26627973,0.20056496560573578,0.1632183939218521,0.06505747139453888
YNR002C,YDR408C,0,-0.26675746,0.20000000298023224,0.1632183939218521,0.06528735905885696
YDR450W,YGR077C,0,-0.26772436,0.1994381994009018,0.1632183939218521,0.06551723927259445
YLL013C,YPL087W,0,-0.26815605,0.19887955486774445,0.1632183939218521,0.06574712693691254
YPR145W,YBL084C,0,-0.26861334,0.1983240246772766,0.1632183939218521,0.06597701460123062
YJR036C,YDL232W,0,-0.26920396,0.1977715939283371,0.1632183939218521,0.06620689481496811
YKR042W,YLR164W,0,-0.27280265,0.19722221791744232,0.1632183939218521,0.0664367824792862
YLL010C,YPL059W,0,-0.27291426,0.19667589664459229,0.1632183939218521,0.06666667014360428
YEL056W,YAL031C,0,-0.27316314,0.1961326003074646,0.1632183939218521,0.06689655035734177
YDL021W,YMR288W,0,-0.27336153,0.19559228420257568,0.1632183939218521,0.06712643802165985
YNL302C,YKL109W,0,-0.27382565,0.19505494832992554,0.1632183939218521,0.06735631823539734
YGR177C,YHR005C-A,0,-0.27457586,0.19452054798603058,0.1632183939218521,0.06758620589971542
YHR129C,YBR067C,0,-0.27484557,0.19398906826972961,0.1632183939218521,0.06781609356403351
YHR112C,YJR126C,0,-0.2758044,0.19346049427986145,0.1632183939218521,0.068045973777771
YNL101W,YOR070C,0,-0.27627218,0.1929347813129425,0.1632183939218521,0.06827586144208908
YBL021C,YPR160W,0,-0.27629897,0.19241192936897278,0.1632183939218521,0.06850574910640717
YPR030W,YBR058C,0,-0.27640507,0.1918918937444687,0.1632183939218521,0.06873562932014465
YJL030W,YJR078W,0,-0.27663487,0.19137465953826904,0.1632183939218521,0.06896551698446274
YDR293C,YKL208W,0,-0.2766462,0.19086021184921265,0.1632183939218521,0.06919540464878082
YBR182C,YDR382W,0,-0.2769943,0.1903485208749771,0.1632183939218521,0.06942528486251831
YOR230W,YHL032C,0,-0.2780154,0.18983957171440125,0.1632183939218521,0.0696551725268364
YHR027C,YOL110W,0,-0.2816425,0.18933333456516266,0.1632183939218521,0.06988506019115448
YJR051W,YLR459W,0,-0.28353727,0.18882979452610016,0.1632183939218521,0.07011494040489197
YPL186C,YBR294W,0,-0.2838725,0.18832890689373016,0.1632183939218521,0.07034482806921005
YIL070C,YKL164C,0,-0.28418732,0.18783068656921387,0.1632183939218521,0.07057471573352814
YAL061W,YOR116C,0,-0.2841886,0.1873350888490677,0.1632183939218521,0.07080459594726562
YGL020C,YOR176W,0,-0.28440905,0.18684209883213043,0.1632183939218521,0.07103448361158371
YDR342C,YOL016C,0,-0.28463358,0.1863517016172409,0.1632183939218521,0.0712643712759018
YER018C,YML029W,0,-0.28497624,0.18586386740207672,0.1632183939218521,0.07149425148963928
YJL082W,YOR138C,0,-0.2857454,0.18537859618663788,0.1632183939218521,0.07172413915395737
YLR380W,YNL231C,1,-0.28683338,0.1875,0.16551724076271057,0.07172413915395737
YKL093W,YBL105C,0,-0.2870646,0.18701298534870148,0.16551724076271057,0.07195401936769485
YMR223W,YMR186W,0,-0.29025686,0.1865285038948059,0.16551724076271057,0.07218390703201294
YGL184C,YDL212W,0,-0.29029968,0.1860465109348297,0.16551724076271057,0.07241379469633102
YDL206W,YJL121C,0,-0.29221714,0.1855670064687729,0.16551724076271057,0.07264367491006851
YBR010W,YOR297C,0,-0.2926163,0.18508997559547424,0.16551724076271057,0.0728735625743866
YJL221C,YOR278W,0,-0.29278842,0.1846153885126114,0.16551724076271057,0.07310345023870468
YER011W,YCR046C,0,-0.29327303,0.18414321541786194,0.16551724076271057,0.07333333045244217
YPR075C,YCR012W,0,-0.29348102,0.18367347121238708,0.16551724076271057,0.07356321811676025
YOR232W,YMR104C,0,-0.29365122,0.18320611119270325,0.16551724076271057,0.07379310578107834
YDR339C,YJR103W,0,-0.29424167,0.18274112045764923,0.16551724076271057,0.07402298599481583
YLR390W,YIL044C,0,-0.29563996,0.18227848410606384,0.16551724076271057,0.07425287365913391
YBR286W,YGL077C,0,-0.29571173,0.1818181872367859,0.16551724076271057,0.074482761323452
YPL084W,YDR311W,0,-0.29618582,0.18136020004749298,0.16551724076271057,0.07471264153718948
YOR237W,YNL231C,1,-0.29654503,0.18341708183288574,0.16781608760356903,0.07471264153718948
YDL097C,YMR319C,0,-0.29805636,0.18295739591121674,0.16781608760356903,0.07494252920150757
YJR145C,YDL168W,0,-0.29958647,0.18250000476837158,0.16781608760356903,0.07517241686582565
YLR327C,YDR214W,0,-0.3006994,0.1820448935031891,0.16781608760356903,0.07540229707956314
YER021W,YPR140W,0,-0.3019222,0.18159204721450806,0.16781608760356903,0.07563218474388123
YEL030W,YCR069W,0,-0.30248913,0.1811414361000061,0.16781608760356903,0.07586207240819931
YPL190C,YDL136W,0,-0.30309522,0.18069307506084442,0.16781608760356903,0.0760919526219368
YPR145W,YLR166C,0,-0.30479437,0.18024691939353943,0.16781608760356903,0.07632184028625488
YBR058C-A,YFL021W,0,-0.30496097,0.17980295419692993,0.16781608760356903,0.07655172049999237
YGR062C,YKL163W,0,-0.30610806,0.17936117947101593,0.16781608760356903,0.07678160816431046
YJL048C,YBR238C,0,-0.30691558,0.17892156541347504,0.16781608760356903,0.07701149582862854
YPL217C,YIL034C,0,-0.30791166,0.17848411202430725,0.16781608760356903,0.07724137604236603
YHR116W,YIL076W,0,-0.30825233,0.178048774600029,0.16781608760356903,0.07747126370668411
YKR003W,YBR041W,1,-0.30833912,0.18004865944385529,0.17011494934558868,0.07747126370668411
YDR012W,YCR067C,0,-0.30979168,0.17961165308952332,0.17011494934558868,0.0777011513710022
YIL125W,YNR032W,0,-0.30981484,0.17917676270008087,0.17011494934558868,0.07793103158473969
YPL226W,YDL004W,0,-0.3101236,0.17874395847320557,0.17011494934558868,0.07816091924905777
YHL034C,YLR153C,0,-0.3101607,0.1783132553100586,0.17011494934558868,0.07839080691337585
YJL052W,YOL005C,0,-0.310234,0.17788460850715637,0.17011494934558868,0.07862068712711334
YBR125C,YNR045W,0,-0.3102857,0.1774580329656601,0.17011494934558868,0.07885057479143143
YBR230C,YJR040W,0,-0.31036034,0.17703349888324738,0.17011494934558868,0.07908046245574951
YDR051C,YKR003W,1,-0.31074014,0.17899760603904724,0.17241379618644714,0.07908046245574951
YDR411C,YJR113C,0,-0.31176335,0.1785714328289032,0.17241379618644714,0.079310342669487
YMR116C,YOL090W,0,-0.31199345,0.17814727127552032,0.17241379618644714,0.07954023033380508
YBR182C,YER119C,0,-0.312272,0.17772512137889862,0.17241379618644714,0.07977011799812317
YPL170W,YDR221W,0,-0.313277,0.1773049682378769,0.17241379618644714,0.07999999821186066
YLR038C,YDR170C,0,-0.31335264,0.17688679695129395,0.17241379618644714,0.08022988587617874
YGL030W,YFL021W,0,-0.3134521,0.1764705926179886,0.17241379618644714,0.08045977354049683
YPR183W,YDL049C,0,-0.31476668,0.17605634033679962,0.17241379618644714,0.08068965375423431
YDL200C,YDL022W,0,-0.31506863,0.17564402520656586,0.17241379618644714,0.0809195414185524
YGR209C,YKL178C,0,-0.31575233,0.1752336472272873,0.17241379618644714,0.08114942163228989
YPR149W,YMR011W,0,-0.31694338,0.17482517659664154,0.17241379618644714,0.08137930929660797
YDR313C,YOL016C,0,-0.3182401,0.1744185984134674,0.17241379618644714,0.08160919696092606
YOR181W,YNL002C,0,-0.32421547,0.1740139275789261,0.17241379618644714,0.08183907717466354
YOR124C,YGL137W,0,-0.32510626,0.1736111044883728,0.17241379618644714,0.08206896483898163
YDR147W,YBL058W,0,-0.32549548,0.17321015894412994,0.17241379618644714,0.08229885250329971
YBR185C,YJR099W,0,-0.32653862,0.17281106114387512,0.17241379618644714,0.0825287327170372
YLL055W,YLR088W,0,-0.32798922,0.17241379618644714,0.17241379618644714,0.08275862038135529
YHR026W,YMR315W,0,-0.329606,0.17201834917068481,0.17241379618644714,0.08298850804567337
YMR271C,YDL227C,0,-0.3317182,0.17162472009658813,0.17241379618644714,0.08321838825941086
YNL124W,YOL129W,0,-0.3317925,0.17123287916183472,0.17241379618644714,0.08344827592372894
YOR063W,YMR264W,0,-0.33320937,0.17084282636642456,0.17241379618644714,0.08367816358804703
YDL049C,YHR135C,0,-0.33359396,0.17045454680919647,0.17241379618644714,0.08390804380178452
YEL046C,YDR164C,0,-0.33386323,0.17006802558898926,0.17241379618644714,0.0841379314661026
YLR356W,YDL075W,0,-0.33396363,0.16968326270580292,0.17241379618644714,0.08436781913042068
YEL038W,YPL042C,0,-0.33399975,0.16930022835731506,0.17241379618644714,0.08459769934415817
YOR120W,YCR046C,0,-0.33402646,0.1689189225435257,0.17241379618644714,0.08482758700847626
YBL022C,YIL039W,0,-0.33475888,0.16853933036327362,0.17241379618644714,0.08505747467279434
YLR380W,YMR246W,1,-0.33484372,0.1704035848379135,0.1747126430273056,0.08505747467279434
YDR529C,YPR160W,0,-0.33537176,0.1700223684310913,0.1747126430273056,0.08528735488653183
YDL025C,YOL086C,0,-0.33572727,0.1696428507566452,0.1747126430273056,0.08551724255084991
YDR033W,YGL014W,0,-0.3357615,0.1692650318145752,0.1747126430273056,0.0857471227645874
YBR299W,YER091C,0,-0.33595973,0.1688888818025589,0.1747126430273056,0.08597701042890549
YOR100C,YBL082C,0,-0.33596337,0.1685144156217575,0.1747126430273056,0.08620689809322357
YKL096W-A,YGL004C,0,-0.33600342,0.16814158856868744,0.1747126430273056,0.08643677830696106
YNR047W,YDL019C,1,-0.33635473,0.16997791826725006,0.17701148986816406,0.08643677830696106
YBR106W,YLR214W,0,-0.3382915,0.16960352659225464,0.17701148986816406,0.08666666597127914
YIR022W,YOR255W,0,-0.33872023,0.16923077404499054,0.17701148986816406,0.08689655363559723
YEL047C,YDR219C,0,-0.3403834,0.16885964572429657,0.17701148986816406,0.08712643384933472
YIL090W,YDR155C,0,-0.3409088,0.16849015653133392,0.17701148986816406,0.0873563215136528
YBR042C,YPL270W,0,-0.34109727,0.1681222766637802,0.17701148986816406,0.08758620917797089
YMR184W,YOR039W,0,-0.3415463,0.16775599122047424,0.17701148986816406,0.08781608939170837
YML132W,YGR216C,0,-0.34242284,0.16739130020141602,0.17701148986816406,0.08804597705602646
YIL121W,YDL146W,0,-0.3430886,0.16702820360660553,0.17701148986816406,0.08827586472034454
YGL003C,YBL045C,0,-0.34314814,0.1666666716337204,0.17701148986816406,0.08850574493408203
YBR056W,YJL014W,0,-0.34381753,0.16630668938159943,0.17701148986816406,0.08873563259840012
YIL034C,YJL136C,0,-0.3441922,0.1659482717514038,0.17701148986816406,0.0889655202627182
YDL132W,YKL168C,0,-0.3456431,0.16559140384197235,0.17701148986816406,0.08919540047645569
YLR380W,YNR047W,1,-0.3477068,0.16738197207450867,0.17931035161018372,0.08919540047645569
YKL038W,YKR036C,0,-0.3484126,0.16702355444431305,0.17931035161018372,0.08942528814077377
YGR106C,YOR054C,0,-0.34859008,0.1666666716337204,0.17931035161018372,0.08965517580509186
YLR359W,YHL024W,0,-0.34869587,0.16631129384040833,0.17931035161018372,0.08988505601882935
YIL034C,YNL073W,0,-0.3493989,0.16595745086669922,0.17931035161018372,0.09011494368314743
YAR014C,YDL181W,0,-0.35007232,0.1656050980091095,0.17931035161018372,0.09034482389688492
YGL123W,YLR298C,0,-0.35078272,0.16525423526763916,0.17931035161018372,0.090574711561203
YDR492W,YPL270W,0,-0.35114145,0.1649048626422882,0.17931035161018372,0.09080459922552109
YKR058W,YGR101W,0,-0.35153776,0.16455696523189545,0.17931035161018372,0.09103447943925858
YHR143W-A,YPR194C,0,-0.35207075,0.16421052813529968,0.17931035161018372,0.09126436710357666
YNL280C,YDR253C,0,-0.3524561,0.16386555135250092,0.17931035161018372,0.09149425476789474
YMR246W,YNL231C,1,-0.3525445,0.16561844944953918,0.18160919845104218,0.09149425476789474
YPL154C,YGL054C,0,-0.35279524,0.16527196764945984,0.18160919845104218,0.09172413498163223
YJR121W,YNL124W,0,-0.35314834,0.1649269312620163,0.18160919845104218,0.09195402264595032
YOR344C,YFR031C,0,-0.35316837,0.16458334028720856,0.18160919845104218,0.0921839103102684
YLR429W,YLR164W,0,-0.35324806,0.16424116492271423,0.18160919845104218,0.09241379052400589
YCR088W,YDR533C,0,-0.35328615,0.16390042006969452,0.18160919845104218,0.09264367818832397
YKL038W,YMR270C,0,-0.35398954,0.16356107592582703,0.18160919845104218,0.09287356585264206
YOR230W,YNL126W,0,-0.35407788,0.16322314739227295,0.18160919845104218,0.09310344606637955
YNR047W,YMR079W,1,-0.35421196,0.1649484485387802,0.18390804529190063,0.09310344606637955
YNL323W,YDL019C,1,-0.35516256,0.1666666716337204,0.1862068921327591,0.09310344606637955
YHR083W,YDL126C,0,-0.3565762,0.1663244366645813,0.1862068921327591,0.09333333373069763
YNL322C,YJR025C,0,-0.35725218,0.16598360240459442,0.1862068921327591,0.09356322139501572
YOR131C,YDR090C,0,-0.3576712,0.16564416885375977,0.1862068921327591,0.0937931016087532
YER087C-B,YOR057W,0,-0.35866514,0.16530612111091614,0.1862068921327591,0.09402298927307129
YMR106C,YNL321W,0,-0.35890374,0.16496944427490234,0.1862068921327591,0.09425287693738937
YAL063C,YOL094C,0,-0.35894853,0.16463415324687958,0.1862068921327591,0.09448275715112686
YDL181W,YNL135C,0,-0.36030173,0.16430020332336426,0.1862068921327591,0.09471264481544495
YNL093W,YGR199W,0,-0.36044142,0.16396760940551758,0.1862068921327591,0.09494252502918243
YMR029C,YOR377W,0,-0.36056858,0.16363635659217834,0.1862068921327591,0.09517241269350052
YNL231C,YER166W,1,-0.36069137,0.16532258689403534,0.18850575387477875,0.09517241269350052
YLR380W,YKR003W,1,-0.36210057,0.16700200736522675,0.1908046007156372,0.09517241269350052
YLL055W,YBL089W,0,-0.3623119,0.1666666716337204,0.1908046007156372,0.0954023003578186
YEL038W,YBL055C,0,-0.3626666,0.1663326621055603,0.1908046007156372,0.09563218057155609
YLR380W,YJL145W,1,-0.3627665,0.1679999977350235,0.19310344755649567,0.09563218057155609
YPR009W,YER166W,1,-0.36627778,0.16966067254543304,0.19540229439735413,0.09563218057155609
YMR012W,YOR301W,0,-0.36675078,0.16932271420955658,0.19540229439735413,0.09586206823587418
YKR003W,YNL231C,1,-0.36696976,0.17097415030002594,0.19770115613937378,0.09586206823587418
YJL004C,YDR510W,0,-0.36817375,0.170634925365448,0.19770115613937378,0.09609195590019226
YOR317W,YNL264C,1,-0.3682338,0.17227722704410553,0.20000000298023224,0.09609195590019226
YMR315W,YLL043W,0,-0.36995107,0.1719367653131485,0.20000000298023224,0.09632183611392975
YLR242C,YDL019C,1,-0.37053645,0.17357002198696136,0.2022988498210907,0.09632183611392975
YJL011C,YML054C,0,-0.37069473,0.17322835326194763,0.2022988498210907,0.09655172377824783
YGR222W,YAL017W,0,-0.37148222,0.17288801074028015,0.2022988498210907,0.09678161144256592
YAL005C,YHR091C,0,-0.37156606,0.1725490242242813,0.2022988498210907,0.0970114916563034
YGL186C,YDR077W,0,-0.37210447,0.17221134901046753,0.2022988498210907,0.09724137932062149
YML001W,YBR024W,0,-0.37318704,0.171875,0.2022988498210907,0.09747126698493958
YKL188C,YMR246W,1,-0.37322974,0.1734892725944519,0.20459769666194916,0.09747126698493958
YBR161W,YIR014W,0,-0.3736072,0.17315174639225006,0.20459769666194916,0.09770114719867706
YKL038W,YIL157C,0,-0.37373608,0.17281553149223328,0.20459769666194916,0.09793103486299515
YMR109W,YCR003W,0,-0.3740949,0.17248061299324036,0.20459769666194916,0.09816092252731323
YLL033W,YDR115W,0,-0.37468627,0.1721470057964325,0.20459769666194916,0.09839080274105072
YIR033W,YBR200W,0,-0.37513164,0.1718146651983261,0.20459769666194916,0.0986206904053688
YLR270W,YKL190W,0,-0.37516606,0.1714836210012436,0.20459769666194916,0.09885057806968689
YDL095W,YDR058C,0,-0.3771251,0.17115384340286255,0.20459769666194916,0.09908045828342438
YLR380W,YER166W,1,-0.37759018,0.1727447211742401,0.2068965584039688,0.09908045828342438
YKL188C,YMR079W,1,-0.3779656,0.1743295043706894,0.20919540524482727,0.09908045828342438
YMR154C,YGL135W,0,-0.37845272,0.1739961802959442,0.20919540524482727,0.09931034594774246
YPR104C,YDR055W,0,-0.3788233,0.1736641228199005,0.20919540524482727,0.09954022616147995
YMR026C,YLR066W,0,-0.37882787,0.1733333319425583,0.20919540524482727,0.09977011382579803
YCL040W,YPL240C,0,-0.3799854,0.17300380766391754,0.20919540524482727,0.10000000149011612
YKR098C,YER021W,0,-0.38034704,0.17267552018165588,0.20919540524482727,0.10022988170385361
YBR132C,YDR017C,0,-0.38041872,0.1723484843969345,0.20919540524482727,0.10045976936817169
YDR197W,YKL146W,0,-0.38044578,0.17202268540859222,0.20919540524482727,0.10068965703248978
YHR047C,YHR191C,0,-0.384207,0.17169810831546783,0.20919540524482727,0.10091953724622726
YPL023C,YDR038C,0,-0.38428858,0.17137476801872253,0.20919540524482727,0.10114942491054535
YKL188C,YIL048W,1,-0.3847189,0.17293232679367065,0.21149425208568573,0.10114942491054535
YER073W,YML058W,0,-0.38537377,0.172607883810997,0.21149425208568573,0.10137931257486343
YPL048W,YGL004C,0,-0.38669738,0.17228464782238007,0.21149425208568573,0.10160919278860092
YCR094W,YKL091C,1,-0.38672158,0.1738317757844925,0.2137930989265442,0.10160919278860092
YHR072W,YOR221C,0,-0.3880056,0.1735074669122696,0.2137930989265442,0.101839080452919
YHR059W,YFL044C,0,-0.3881367,0.1731843501329422,0.2137930989265442,0.10206896811723709
YMR211W,YDR216W,0,-0.38861945,0.1728624552488327,0.2137930989265442,0.10229884833097458
YPR159W,YLR174W,0,-0.38889465,0.17254173755645752,0.2137930989265442,0.10252873599529266
YKR003W,YHR001W,1,-0.38905698,0.17407406866550446,0.21609196066856384,0.10252873599529266
YNL177C,YKL184W,0,-0.38963616,0.1737523078918457,0.21609196066856384,0.10275862365961075
YOL004W,YMR297W,0,-0.3899706,0.17343173921108246,0.21609196066856384,0.10298850387334824
YAL014C,YLR265C,0,-0.39058524,0.17311233282089233,0.21609196066856384,0.10321839153766632
YFL013C,YOR182C,0,-0.3908459,0.17279411852359772,0.21609196066856384,0.1034482792019844
YNL189W,YHR029C,0,-0.39092097,0.17247706651687622,0.21609196066856384,0.1036781594157219
YOR028C,YLR160C,0,-0.3916865,0.17216117680072784,0.21609196066856384,0.10390804708003998
YNL047C,YOL129W,0,-0.3922643,0.1718464344739914,0.21609196066856384,0.10413793474435806
YDR164C,YKL184W,0,-0.39294326,0.17153283953666687,0.21609196066856384,0.10436781495809555
YNL301C,YBR217W,0,-0.3930436,0.17122040688991547,0.21609196066856384,0.10459770262241364
YDL035C,YER053C,0,-0.39353535,0.1709090918302536,0.21609196066856384,0.10482758283615112
YHR057C,YPR102C,0,-0.3936198,0.17059890925884247,0.21609196066856384,0.10505747050046921
YLR216C,YML056C,0,-0.39411977,0.17028985917568207,0.21609196066856384,0.10528735816478729
YPL154C,YGL166W,0,-0.3942476,0.16998191177845,0.21609196066856384,0.10551723837852478
YAR014C,YLR307W,0,-0.39437187,0.1696750968694687,0.21609196066856384,0.10574712604284286
YOR210W,YDR142C,0,-0.3957308,0.16936936974525452,0.21609196066856384,0.10597701370716095
YHR028C,YAL031C,0,-0.39615583,0.1690647453069687,0.21609196066856384,0.10620689392089844
YNL079C,YAL008W,0,-0.39633566,0.1687612235546112,0.21609196066856384,0.10643678158521652
YKR080W,YMR319C,0,-0.3964672,0.16845877468585968,0.21609196066856384,0.1066666692495346
YOR348C,YOR312C,0,-0.39652014,0.1681574285030365,0.21609196066856384,0.1068965494632721
YDR270W,YIL049W,0,-0.39653164,0.16785714030265808,0.21609196066856384,0.10712643712759018
YKL167C,YHR072W-A,0,-0.39662752,0.16755792498588562,0.21609196066856384,0.10735632479190826
YNL172W,YDR194C,0,-0.3972502,0.16725978255271912,0.21609196066856384,0.10758620500564575
YBR286W,YCL055W,0,-0.39926833,0.16696269810199738,0.21609196066856384,0.10781609266996384
YGR284C,YDL155W,0,-0.39988655,0.1666666716337204,0.21609196066856384,0.10804598033428192
YGR218W,YER094C,0,-0.40129817,0.166371688246727,0.21609196066856384,0.10827586054801941
YOL064C,YML075C,0,-0.40155935,0.16607773303985596,0.21609196066856384,0.1085057482123375
YDR429C,YDL170W,0,-0.4030934,0.1657848358154297,0.21609196066856384,0.10873563587665558
YLR380W,YMR162C,1,-0.40380865,0.1672535240650177,0.2183908075094223,0.10873563587665558
YNL030W,YHR206W,0,-0.40457278,0.16695958375930786,0.2183908075094223,0.10896551609039307
YDR443C,YBL003C,0,-0.40514028,0.1666666716337204,0.2183908075094223,0.10919540375471115
YNL219C,YHR007C,0,-0.40575126,0.1663747876882553,0.2183908075094223,0.10942528396844864
YLR119W,YPL246C,0,-0.40656817,0.1660839170217514,0.2183908075094223,0.10965517163276672
YAR015W,YMR087W,0,-0.407163,0.16579405963420868,0.2183908075094223,0.10988505929708481
YPL057C,YMR197C,0,-0.40791866,0.16550523042678833,0.2183908075094223,0.1101149395108223
YPR065W,YLR178C,0,-0.409125,0.16521738469600677,0.2183908075094223,0.11034482717514038
YNL009W,YJL130C,0,-0.40998372,0.1649305522441864,0.2183908075094223,0.11057471483945847
YDR074W,YJL156C,0,-0.41009134,0.16464471817016602,0.2183908075094223,0.11080459505319595
YGR087C,YOR198C,0,-0.41019222,0.16435986757278442,0.2183908075094223,0.11103448271751404
YER120W,YBR041W,1,-0.4102768,0.16580310463905334,0.22068965435028076,0.11103448271751404
YGL184C,YDR337W,0,-0.4107499,0.16551724076271057,0.22068965435028076,0.11126437038183212
YBR297W,YER048W-A,0,-0.41307926,0.1652323603630066,0.22068965435028076,0.11149425059556961
YJL102W,YPL252C,0,-0.41312712,0.1649484485387802,0.22068965435028076,0.1117241382598877
YKR019C,YGR008C,0,-0.41370413,0.16466552019119263,0.22068965435028076,0.11195402592420578
YJL072C,YIR039C,0,-0.41416037,0.16438356041908264,0.22068965435028076,0.11218390613794327
YPL074W,YGL009C,0,-0.41518277,0.16410256922245026,0.22068965435028076,0.11241379380226135
YFL010W-A,YEL017C-A,0,-0.41584316,0.16382253170013428,0.22068965435028076,0.11264368146657944
YDR051C,YNR047W,1,-0.41613427,0.16524702310562134,0.22298850119113922,0.11264368146657944
YKL188C,YKR003W,1,-0.4164765,0.1666666716337204,0.22528736293315887,0.11264368146657944
YHR116W,YKL064W,0,-0.41792232,0.16638369858264923,0.22528736293315887,0.11287356168031693
YGR222W,YAL044C,0,-0.41831455,0.16610169410705566,0.22528736293315887,0.11310344934463501
YDR388W,YHR010W,0,-0.41957083,0.1658206433057785,0.22528736293315887,0.1133333370089531
YPL055C,YDR536W,0,-0.42036945,0.16554054617881775,0.22528736293315887,0.11356321722269058
YKL067W,YJR155W,0,-0.42104265,0.1652613878250122,0.22528736293315887,0.11379310488700867
YBL046W,YKL061W,0,-0.42132795,0.16498316824436188,0.22528736293315887,0.11402298510074615
YBL050W,YDL231C,0,-0.42196077,0.16470588743686676,0.22528736293315887,0.11425287276506424
YBR283C,YDL214C,0,-0.42211926,0.16442953050136566,0.22528736293315887,0.11448276042938232
YOR332W,YCR012W,0,-0.42234436,0.16415409743785858,0.22528736293315887,0.11471264064311981
YNL231C,YGR037C,1,-0.4236518,0.16555184125900269,0.22758620977401733,0.11471264064311981
YBR199W,YIR033W,0,-0.42369628,0.1652754545211792,0.22758620977401733,0.1149425283074379
YML008C,YKL184W,0,-0.42384806,0.16500000655651093,0.22758620977401733,0.11517241597175598
YLR344W,YJL137C,0,-0.42486167,0.16472545266151428,0.22758620977401733,0.11540229618549347
YMR186W,YDR484W,0,-0.42643994,0.16445182263851166,0.22758620977401733,0.11563218384981155
YDR293C,YER052C,0,-0.42656767,0.16417910158634186,0.22758620977401733,0.11586207151412964
YMR083W,YGL023C,0,-0.42764822,0.16390728950500488,0.22758620977401733,0.11609195172786713
YPL206C,YMR193W,0,-0.42781973,0.16363635659217834,0.22758620977401733,0.11632183939218521
YMR200W,YDR447C,0,-0.42825302,0.16336633265018463,0.22758620977401733,0.1165517270565033
YLR429W,YNR031C,0,-0.42852527,0.16309720277786255,0.22758620977401733,0.11678160727024078
YML030W,YIL083C,0,-0.42884558,0.1628289520740509,0.22758620977401733,0.11701149493455887
YDR322C-A,YJL158C,0,-0.42909014,0.1625615805387497,0.22758620977401733,0.11724138259887695
YMR307W,YBR264C,0,-0.4296099,0.16229508817195892,0.22758620977401733,0.11747126281261444
YBR030W,YKR097W,0,-0.43212444,0.1620294600725174,0.22758620977401733,0.11770115047693253
YBR044C,YDR304C,0,-0.4323911,0.1617647111415863,0.22758620977401733,0.11793103814125061
YNL052W,YCR037C,0,-0.4335066,0.16150081157684326,0.22758620977401733,0.1181609183549881
YBR286W,YAR008W,0,-0.43353876,0.16123779118061066,0.22758620977401733,0.11839080601930618
YOR322C,YPR160W,0,-0.43420243,0.1609756052494049,0.22758620977401733,0.11862068623304367
YJL145W,YIL048W,1,-0.436266,0.16233766078948975,0.2298850566148758,0.11862068623304367
YLR034C,YER148W,0,-0.43647563,0.16207455098628998,0.2298850566148758,0.11885057389736176
YLR251W,YDL174C,0,-0.43730614,0.16181229054927826,0.2298850566148758,0.11908046156167984
YGR059W,YBL026W,0,-0.4384712,0.16155089437961578,0.2298850566148758,0.11931034177541733
YGR087C,YMR256C,0,-0.43855324,0.16129031777381897,0.2298850566148758,0.11954022943973541
YEL046C,YDR128W,0,-0.43893752,0.1610305905342102,0.2298850566148758,0.1197701171040535
YBR044C,YIR033W,0,-0.43915564,0.1607716977596283,0.2298850566148758,0.11999999731779099
YJL145W,YDR093W,1,-0.44037473,0.16211877763271332,0.23218390345573425,0.11999999731779099
YLR110C,YOR336W,0,-0.4407668,0.16185897588729858,0.23218390345573425,0.12022988498210907
YCR030C,YLR344W,0,-0.4412154,0.1615999937057495,0.23218390345573425,0.12045977264642715
YKL028W,YFL054C,0,-0.4417214,0.1613418459892273,0.23218390345573425,0.12068965286016464
YIL074C,YOL086C,0,-0.4418562,0.16108453273773193,0.23218390345573425,0.12091954052448273
YDL148C,YER190W,0,-0.44326216,0.16082802414894104,0.23218390345573425,0.12114942818880081
YDR331W,YLR120C,0,-0.44398856,0.1605723351240158,0.23218390345573425,0.1213793084025383
YJR160C,YGL008C,0,-0.44403034,0.16031746566295624,0.23218390345573425,0.12160919606685638
YDR065W,YBL027W,0,-0.4443135,0.16006338596343994,0.23218390345573425,0.12183908373117447
YIL129C,YMR244C-A,0,-0.44628346,0.1598101258277893,0.23218390345573425,0.12206896394491196
YMR229C,YNL015W,0,-0.4464115,0.15955765545368195,0.23218390345573425,0.12229885160923004
YLR203C,YIR017C,0,-0.44729805,0.15930598974227905,0.23218390345573425,0.12252873927354813
YDR443C,YBL102W,0,-0.4473067,0.15905511379241943,0.23218390345573425,0.12275861948728561
YPL147W,YMR246W,1,-0.44796342,0.1603773534297943,0.2344827651977539,0.12275861948728561
YGR070W,YBR176W,0,-0.44806632,0.16012558341026306,0.2344827651977539,0.1229885071516037
YNL125C,YER021W,0,-0.44813183,0.15987460315227509,0.2344827651977539,0.12321838736534119
YCL025C,YKR010C,0,-0.44852412,0.15962441265583038,0.2344827651977539,0.12344827502965927
YBR298C,YDR006C,0,-0.44912106,0.15937499701976776,0.2344827651977539,0.12367816269397736
YHR061C,YJR009C,0,-0.44931728,0.1591263711452484,0.2344827651977539,0.12390804290771484
YLR356W,YHR098C,0,-0.45123595,0.15887850522994995,0.2344827651977539,0.12413793057203293
YNL244C,YPR127W,0,-0.45251685,0.15863141417503357,0.2344827651977539,0.12436781823635101
YDR342C,YCL034W,0,-0.4526228,0.15838509798049927,0.2344827651977539,0.1245976984500885
YPL195W,YER027C,0,-0.4527756,0.15813954174518585,0.2344827651977539,0.12482758611440659
YJR105W,YPL048W,0,-0.45278347,0.15789473056793213,0.2344827651977539,0.12505747377872467
YGL009C,YHR008C,0,-0.45330387,0.15765069425106049,0.2344827651977539,0.12528735399246216
YNR047W,YNL231C,1,-0.45388237,0.15895061194896698,0.23678161203861237,0.12528735399246216
YNL084C,YLR388W,0,-0.45479077,0.1587056964635849,0.23678161203861237,0.12551723420619965
YAR044W,YDL019C,1,-0.4548921,0.1599999964237213,0.23908045887947083,0.12551723420619965
YFR018C,YKR087C,0,-0.4554739,0.15975423157215118,0.23908045887947083,0.12574712932109833
YER087W,YKL022C,0,-0.4555192,0.15950919687747955,0.23908045887947083,0.12597700953483582
YHR018C,YNR035C,0,-0.4557644,0.15926493704319,0.23908045887947083,0.1262068897485733
YOR340C,YPL099C,0,-0.45637804,0.15902140736579895,0.23908045887947083,0.12643678486347198
YDL006W,YLR028C,0,-0.45840946,0.1587786227464676,0.23908045887947083,0.12666666507720947
YPL005W,YLR077W,0,-0.45868877,0.15853658318519592,0.23908045887947083,0.12689654529094696
YLL001W,YPR016C,0,-0.45912784,0.15829528868198395,0.23908045887947083,0.12712644040584564
YGR262C,YMR305C,0,-0.45938188,0.15805470943450928,0.23908045887947083,0.12735632061958313
YMR266W,YMR099C,0,-0.45992306,0.1578148752450943,0.23908045887947083,0.12758620083332062
YCR094W,YGR037C,1,-0.4599772,0.15909090638160706,0.24137930572032928,0.12758620083332062
YOR242C,YER141W,0,-0.46136883,0.15885022282600403,0.24137930572032928,0.1278160959482193
YDR462W,YGL020C,0,-0.46184805,0.1586102694272995,0.24137930572032928,0.1280459761619568
YGR262C,YPL028W,0,-0.46223938,0.15837104618549347,0.24137930572032928,0.12827585637569427
YPL195W,YHR188C,0,-0.46253273,0.15813252329826355,0.24137930572032928,0.12850575149059296
YIL129C,YMR163C,0,-0.46342692,0.15789473056793213,0.24137930572032928,0.12873563170433044
YOR196C,YLL050C,0,-0.46454927,0.157657653093338,0.24137930572032928,0.12896551191806793
YGL125W,YGL051W,0,-0.46527135,0.1574212908744812,0.24137930572032928,0.1291954070329666
YOR233W,YCR002C,0,-0.4653114,0.1571856290102005,0.24137930572032928,0.1294252872467041
YGL039W,YLR080W,0,-0.46587166,0.1569506675004959,0.24137930572032928,0.1296551674604416
YMR075W,YBL076C,0,-0.46664762,0.15671642124652863,0.24137930572032928,0.12988506257534027
YKL167C,YJL010C,0,-0.46722493,0.15648286044597626,0.24137930572032928,0.13011494278907776
YJL164C,YHR021C,0,-0.4678372,0.15625,0.24137930572032928,0.13034482300281525
YJR151C,YDR279W,0,-0.4686919,0.15601782500743866,0.24137930572032928,0.13057471811771393
YCR020C,YLR312W-A,0,-0.46872905,0.15578635036945343,0.24137930572032928,0.13080459833145142
YMR079W,YDL019C,1,-0.46905407,0.15703703463077545,0.24367816746234894,0.13080459833145142
YJL093C,YDR224C,0,-0.47022948,0.15680474042892456,0.24367816746234894,0.1310344785451889
YJR107W,YCL018W,0,-0.4704153,0.1565731167793274,0.24367816746234894,0.13126437366008759
YFL014W,YML130C,0,-0.4705811,0.15634217858314514,0.24367816746234894,0.13149425387382507
YLR450W,YDL121C,0,-0.4707807,0.1561119258403778,0.24367816746234894,0.13172413408756256
YLR439W,YDR170C,0,-0.47092542,0.1558823585510254,0.24367816746234894,0.13195402920246124
YDR452W,YPL232W,0,-0.4712409,0.1556534469127655,0.24367816746234894,0.13218390941619873
YBL005W-B,YGR194C,0,-0.4714692,0.15542522072792053,0.24367816746234894,0.13241378962993622
YFL018C,YBL112C,0,-0.4721505,0.1551976501941681,0.24367816746234894,0.1326436847448349
YGL122C,YPR192W,0,-0.47233528,0.15497076511383057,0.24367816746234894,0.1328735649585724
YCR004C,YKL096W,0,-0.4726429,0.15474452078342438,0.24367816746234894,0.13310344517230988
YMR210W,YER055C,0,-0.47312692,0.1545189470052719,0.24367816746234894,0.13333334028720856
YKL035W,YGR012W,0,-0.47357753,0.15429402887821198,0.24367816746234894,0.13356322050094604
YML097C,YDR411C,0,-0.47406906,0.15406976640224457,0.24367816746234894,0.13379310071468353
YKL152C,YGL206C,0,-0.47561306,0.1538461595773697,0.24367816746234894,0.13402299582958221
YPR145W,YDL084W,0,-0.47574556,0.15362319350242615,0.24367816746234894,0.1342528760433197
YNL010W,YLR133W,0,-0.47588503,0.15340086817741394,0.24367816746234894,0.1344827562570572
YPR043W,YNL146W,0,-0.476723,0.15317918360233307,0.24367816746234894,0.13471263647079468
YOR317W,YPR009W,1,-0.47720814,0.15440115332603455,0.2459770143032074,0.13471263647079468
YDR392W,YBR126C,0,-0.47816664,0.1541786789894104,0.2459770143032074,0.13494253158569336
YDR266C,YKR065C,0,-0.48020056,0.1539568305015564,0.2459770143032074,0.13517241179943085
YDL067C,YCR030C,0,-0.48025084,0.15373563766479492,0.2459770143032074,0.13540229201316833
YGL190C,YPR140W,0,-0.4802579,0.1535150706768036,0.2459770143032074,0.13563218712806702
YPR036W,YGR101W,0,-0.4812819,0.1532951295375824,0.2459770143032074,0.1358620673418045
YJR139C,YML074C,0,-0.48326653,0.15307582914829254,0.2459770143032074,0.136091947555542
YIL111W,YNL077W,0,-0.48367321,0.15285713970661163,0.2459770143032074,0.13632184267044067
YPL196W,YBR176W,0,-0.48448563,0.15263909101486206,0.2459770143032074,0.13655172288417816
YMR316W,YBL042C,0,-0.4852198,0.15242165327072144,0.2459770143032074,0.13678160309791565
YGL256W,YPL003W,0,-0.48688376,0.15220484137535095,0.2459770143032074,0.13701149821281433
YAR008W,YCL018W,0,-0.4871009,0.15198864042758942,0.2459770143032074,0.13724137842655182
YDR233C,YDR054C,0,-0.4876657,0.15177305042743683,0.2459770143032074,0.1374712586402893
YJR151C,YFL044C,0,-0.48814714,0.1515580713748932,0.2459770143032074,0.137701153755188
YOR317W,YBR041W,1,-0.48850453,0.1527581363916397,0.24827586114406586,0.137701153755188
YDR056C,YHR070W,0,-0.4885368,0.1525423675775528,0.24827586114406586,0.13793103396892548
YPL265W,YOL004W,0,-0.48866618,0.15232722461223602,0.24827586114406586,0.13816091418266296
YKR019C,YBL045C,0,-0.4894327,0.152112677693367,0.24827586114406586,0.13839080929756165
YDL070W,YGR189C,0,-0.4895259,0.15189872682094574,0.24827586114406586,0.13862068951129913
YLR201C,YGL106W,0,-0.49000058,0.15168538689613342,0.24827586114406586,0.13885056972503662
YDR171W,YER118C,0,-0.49079978,0.15147265791893005,0.24827586114406586,0.1390804648399353
YPR005C,YNL090W,0,-0.49096078,0.15126051008701324,0.24827586114406586,0.1393103450536728
YDR171W,YNL315C,0,-0.4911641,0.1510489583015442,0.24827586114406586,0.13954022526741028
YBR222C,YMR170C,0,-0.4916389,0.1508379876613617,0.24827586114406586,0.13977012038230896
YOR317W,YNR047W,1,-0.49181798,0.1520223170518875,0.2505747079849243,0.13977012038230896
YMR296C,YPR181C,0,-0.4922868,0.15181058645248413,0.2505747079849243,0.14000000059604645
YKR003W,YKL091C,1,-0.49244207,0.15299026668071747,0.25287356972694397,0.14000000059604645
YDR518W,YNL071W,0,-0.4929877,0.1527777761220932,0.25287356972694397,0.14022988080978394
YNL030W,YMR189W,0,-0.49362734,0.1525658816099167,0.25287356972694397,0.14045977592468262
YCL038C,YHR200W,0,-0.49407786,0.15235456824302673,0.25287356972694397,0.1406896561384201
YDL204W,YNL177C,0,-0.49476337,0.15214385092258453,0.25287356972694397,0.1409195363521576
YLR197W,YPL065W,0,-0.49560356,0.1519336998462677,0.25287356972694397,0.14114943146705627
YHR091C,YIL171W,0,-0.49581885,0.15172414481639862,0.25287356972694397,0.14137931168079376
YMR246W,YBR041W,1,-0.49602982,0.1528925597667694,0.25517240166664124,0.14137931168079376
YJL144W,YNL154C,0,-0.49619406,0.15268225967884064,0.25517240166664124,0.14160919189453125
YNL310C,YJR155W,0,-0.49638277,0.15247252583503723,0.25517240166664124,0.14183908700942993
YGL162W,YDL019C,1,-0.49753058,0.15363511443138123,0.2574712634086609,0.14183908700942993
YAL060W,YKR103W,0,-0.4976921,0.15342465043067932,0.2574712634086609,0.14206896722316742
YGR037C,YER120W,1,-0.49770302,0.15458276867866516,0.25977012515068054,0.14206896722316742
YBR281C,YDR497C,0,-0.49774238,0.15437158942222595,0.25977012515068054,0.1422988474369049
YGR278W,YOR240W,0,-0.4979682,0.1541609764099121,0.25977012515068054,0.1425287425518036
YLR038C,YLR022C,0,-0.50008285,0.15395095944404602,0.25977012515068054,0.14275862276554108
YDL132W,YMR052W,0,-0.5005014,0.1537414938211441,0.25977012515068054,0.14298850297927856
YIR039C,YOR233W,0,-0.500506,0.15353260934352875,0.25977012515068054,0.14321839809417725
YML058W-A,YMR203W,0,-0.5011636,0.15332429111003876,0.25977012515068054,0.14344827830791473
YGR206W,YLR097C,0,-0.50186974,0.15311652421951294,0.25977012515068054,0.14367815852165222
YJR009C,YLR024C,0,-0.50237435,0.15290933847427368,0.25977012515068054,0.1439080387353897
YPL085W,YEL056W,0,-0.50266486,0.1527027040719986,0.25977012515068054,0.1441379338502884
YGR032W,YKL074C,0,-0.5026679,0.15249662101268768,0.25977012515068054,0.14436781406402588
YOR208W,YHR059W,0,-0.50289834,0.15229110419750214,0.25977012515068054,0.14459769427776337
YDR488C,YPL095C,0,-0.5032355,0.15208613872528076,0.25977012515068054,0.14482758939266205
YNL178W,YOR393W,0,-0.5034325,0.15188172459602356,0.25977012515068054,0.14505746960639954
YLL039C,YFR031C,0,-0.5041404,0.15167784690856934,0.25977012515068054,0.14528734982013702
YOR178C,YGR231C,0,-0.5048114,0.15147453546524048,0.25977012515068054,0.1455172449350357
YDL007W,YDR385W,0,-0.5054177,0.1512717604637146,0.25977012515068054,0.1457471251487732
YGR061C,YGR183C,0,-0.5058105,0.1510695219039917,0.25977012515068054,0.14597700536251068
YPL103C,YGL157W,0,-0.5069019,0.15086781978607178,0.25977012515068054,0.14620690047740936
YGL229C,YDL122W,0,-0.5071516,0.15066666901111603,0.25977012515068054,0.14643678069114685
YDR051C,YNL264C,1,-0.50879186,0.1517976075410843,0.2620689570903778,0.14643678069114685
YKL188C,YER166W,1,-0.5089784,0.1529255360364914,0.26436781883239746,0.14643678069114685
YKL091C,YDL019C,1,-0.509223,0.15405046939849854,0.2666666805744171,0.14643678069114685
YLR332W,YNL134C,0,-0.5101415,0.1538461595773697,0.2666666805744171,0.14666666090488434
YMR188C,YKR048C,0,-0.51038814,0.15364238619804382,0.2666666805744171,0.14689655601978302
YBR088C,YBL022C,0,-0.5107069,0.15343914926052094,0.2666666805744171,0.1471264362335205
YPR181C,YPL045W,0,-0.5108662,0.15323646366596222,0.2666666805744171,0.147356316447258
YJL210W,YNL284C,0,-0.5109336,0.1530342996120453,0.2666666805744171,0.14758621156215668
YOR100C,YDR494W,0,-0.5112142,0.15283267199993134,0.2666666805744171,0.14781609177589417
YML123C,YDR153C,0,-0.5123607,0.15263158082962036,0.2666666805744171,0.14804597198963165
YGR061C,YDR151C,0,-0.5127518,0.15243101119995117,0.2666666805744171,0.14827586710453033
YLR008C,YIL135C,0,-0.5131156,0.15223097801208496,0.2666666805744171,0.14850574731826782
YJL145W,YHR001W,1,-0.51357,0.15334206819534302,0.2689655125141144,0.14850574731826782
YKL182W,YGL244W,0,-0.51380527,0.15314136445522308,0.2689655125141144,0.1487356275320053
YGL191W,YEL009C,0,-0.5139303,0.15294118225574493,0.2689655125141144,0.148965522646904
YNL264C,YHR001W,1,-0.51418835,0.15404699742794037,0.27126437425613403,0.148965522646904
YOR337W,YML073C,0,-0.51489073,0.1538461595773697,0.27126437425613403,0.14919540286064148
YML126C,YNL058C,0,-0.5159507,0.1536458283662796,0.27126437425613403,0.14942528307437897
YKL041W,YGR203W,0,-0.51609975,0.1534460335969925,0.27126437425613403,0.14965517818927765
YMR246W,YGR037C,1,-0.5170226,0.15454545617103577,0.2735632061958313,0.14965517818927765
YJR151C,YGR195W,0,-0.517053,0.15434500575065613,0.2735632061958313,0.14988505840301514
YKL117W,YHR051W,0,-0.51731735,0.15414507687091827,0.2735632061958313,0.15011493861675262
YER073W,YJL006C,0,-0.5173242,0.1539456695318222,0.2735632061958313,0.1503448337316513
YMR162C,YKL091C,1,-0.51752555,0.1550387591123581,0.27586206793785095,0.1503448337316513
YNL030W,YDR530C,0,-0.51757836,0.1548387110233307,0.27586206793785095,0.1505747139453888
YOR243C,YLR077W,0,-0.51805526,0.15463916957378387,0.27586206793785095,0.15080459415912628
YJR126C,YDL217C,0,-0.5183428,0.15444014966487885,0.27586206793785095,0.15103448927402496
YNL229C,YDL188C,0,-0.5195138,0.1542416512966156,0.27586206793785095,0.15126436948776245
YER112W,YGR277C,0,-0.5199182,0.15404364466667175,0.27586206793785095,0.15149424970149994
YJL221C,YJL184W,0,-0.5199742,0.1538461595773697,0.27586206793785095,0.15172414481639862
YOL071W,YJR091C,0,-0.52016973,0.15364916622638702,0.27586206793785095,0.1519540250301361
YNL202W,YLL061W,0,-0.5205339,0.15345267951488495,0.27586206793785095,0.1521839052438736
YFR021W,YMR070W,0,-0.52179843,0.15325669944286346,0.27586206793785095,0.15241380035877228
YJR010W,YLR164W,0,-0.5221283,0.15306122601032257,0.27586206793785095,0.15264368057250977
YDR051C,YDR093W,1,-0.5223111,0.15414012968540192,0.2781609296798706,0.15264368057250977
YKL025C,YPR036W,0,-0.5224526,0.1539440155029297,0.2781609296798706,0.15287356078624725
YKL135C,YAR066W,0,-0.52251554,0.15374840795993805,0.2781609296798706,0.15310344099998474
YMR079W,YBR041W,1,-0.52579284,0.15482233464717865,0.28045976161956787,0.15310344099998474
YAR044W,YER166W,1,-0.5258536,0.15589353442192078,0.2827586233615875,0.15310344099998474
YDR429C,YBR201W,0,-0.526638,0.15569619834423065,0.2827586233615875,0.15333333611488342
YPL023C,YLR325C,0,-0.5271079,0.15549936890602112,0.2827586233615875,0.1535632163286209
YHR001W,YDL019C,1,-0.52847546,0.15656565129756927,0.2850574851036072,0.1535632163286209
YCR069W,YOR190W,0,-0.52879936,0.156368225812912,0.2850574851036072,0.1537930965423584
YMR162C,YHR001W,1,-0.52918434,0.1574307233095169,0.28735631704330444,0.1537930965423584
YGR014W,YPL019C,0,-0.5291868,0.15723270177841187,0.28735631704330444,0.15402299165725708
YJR103W,YGR076C,0,-0.52932286,0.15703517198562622,0.28735631704330444,0.15425287187099457
YLR134W,YBL064C,0,-0.5296141,0.15683814883232117,0.28735631704330444,0.15448275208473206
YER018C,YDL121C,0,-0.53048736,0.15664160251617432,0.28735631704330444,0.15471264719963074
YLR256W,YGR035C,0,-0.5306248,0.15644556283950806,0.28735631704330444,0.15494252741336823
YBR079C,YJR058C,0,-0.5310403,0.15625,0.28735631704330444,0.1551724076271057
YDR270W,YLR429W,0,-0.5325575,0.15605492889881134,0.28735631704330444,0.1554023027420044
YEL036C,YOR115C,0,-0.5336174,0.15586034953594208,0.28735631704330444,0.15563218295574188
YGL254W,YKR098C,0,-0.5337578,0.15566624701023102,0.28735631704330444,0.15586206316947937
YBR298C,YOR210W,0,-0.53388655,0.15547263622283936,0.28735631704330444,0.15609195828437805
YLR165C,YHR005C-A,0,-0.5345946,0.1552795022726059,0.28735631704330444,0.15632183849811554
YNR022C,YBR293W,0,-0.5347187,0.15508684515953064,0.28735631704330444,0.15655171871185303
YKL178C,YOR046C,0,-0.53485435,0.1548946648836136,0.28735631704330444,0.1567816138267517
YKL091C,YBL020W,1,-0.5350213,0.15594059228897095,0.2896551787853241,0.1567816138267517
YOL001W,YHR117W,0,-0.53533494,0.15574783086776733,0.2896551787853241,0.1570114940404892
YFL014W,YNR010W,0,-0.53660077,0.15555556118488312,0.2896551787853241,0.15724137425422668
YEL058W,YOR175C,0,-0.5368332,0.1553637534379959,0.2896551787853241,0.15747126936912537
YOL119C,YNL220W,0,-0.53742725,0.1551724076271057,0.2896551787853241,0.15770114958286285
YLR380W,YDR093W,1,-0.5382139,0.15621155500411987,0.29195401072502136,0.15770114958286285
YFL010W-A,YHR008C,0,-0.538316,0.1560196578502655,0.29195401072502136,0.15793102979660034
YPR031W,YJR078W,0,-0.5385805,0.15582822263240814,0.29195401072502136,0.15816092491149902
YML010W,YLR136C,0,-0.5388229,0.1556372493505478,0.29195401072502136,0.1583908051252365
YDR093W,YHR001W,1,-0.5394661,0.15667074918746948,0.294252872467041,0.1583908051252365
YDR314C,YBR110W,0,-0.53951544,0.15647922456264496,0.294252872467041,0.158620685338974
YLR362W,YPL012W,0,-0.539588,0.15628816187381744,0.294252872467041,0.15885058045387268
YBR040W,YEL043W,0,-0.53960603,0.15609756112098694,0.294252872467041,0.15908046066761017
YGR037C,YER166W,1,-0.540724,0.15712545812129974,0.29655173420906067,0.15908046066761017
YHR001W,YBR041W,1,-0.5407924,0.15815085172653198,0.29885056614875793,0.15908046066761017
YKL186C,YPL017C,0,-0.5409473,0.15795868635177612,0.29885056614875793,0.15931034088134766
YKL188C,YAR044W,1,-0.5412566,0.1589805781841278,0.3011494278907776,0.15931034088134766
YEL003W,YIL074C,0,-0.5413621,0.15878787636756897,0.3011494278907776,0.15954023599624634
YHR025W,YGR166W,0,-0.54203916,0.15859563648700714,0.3011494278907776,0.15977011620998383
YGR059W,YPR181C,0,-0.54377455,0.15840387344360352,0.3011494278907776,0.1599999964237213
YOR396W,YKL074C,0,-0.54401326,0.1582125574350357,0.3011494278907776,0.16022989153862
YNL152W,YPR098C,0,-0.54555047,0.1580217182636261,0.3011494278907776,0.16045977175235748
YPL147W,YAR044W,1,-0.54557025,0.15903614461421967,0.30344828963279724,0.16045977175235748
YNL086W,YDR014W,0,-0.5456961,0.15884476900100708,0.30344828963279724,0.16068965196609497
YER185W,YPL143W,0,-0.54611075,0.1586538404226303,0.30344828963279724,0.16091954708099365
YLR431C,YJL191W,0,-0.54619914,0.15846338868141174,0.30344828963279724,0.16114942729473114
YNL238W,YLL019C,0,-0.54653484,0.158273383975029,0.30344828963279724,0.16137930750846863
YPR072W,YAL038W,0,-0.5465806,0.15808382630348206,0.30344828963279724,0.1616092026233673
YJL149W,YJL136C,0,-0.54709494,0.15789473056793213,0.30344828963279724,0.1618390828371048
YJR044C,YBR261C,0,-0.547467,0.1577060967683792,0.30344828963279724,0.16206896305084229
YOL136C,YER058W,0,-0.5478229,0.15751789510250092,0.30344828963279724,0.16229884326457977
YFL033C,YKR102W,0,-0.5488474,0.15733015537261963,0.30344828963279724,0.16252873837947845
YKL117W,YMR292W,0,-0.5493996,0.15714286267757416,0.30344828963279724,0.16275861859321594
YGL166W,YGL031C,0,-0.54973084,0.1569560021162033,0.30344828963279724,0.16298849880695343
YMR193W,YBR294W,0,-0.5500619,0.15676960349082947,0.30344828963279724,0.1632183939218521
YCL008C,YDR115W,0,-0.5502609,0.15658363699913025,0.30344828963279724,0.1634482741355896
YJL145W,YOR317W,1,-0.5507627,0.15758293867111206,0.3057471215724945,0.1634482741355896
YJR016C,YPR192W,0,-0.5507704,0.15739645063877106,0.3057471215724945,0.1636781543493271
YPR058W,YER019W,0,-0.5509195,0.15721039474010468,0.3057471215724945,0.16390804946422577
YDR093W,YAR044W,1,-0.55108196,0.15820543467998505,0.30804598331451416,0.16390804946422577
YBR173C,YMR017W,0,-0.5511933,0.15801887214183807,0.30804598331451416,0.16413792967796326
YJL042W,YDL033C,0,-0.55152345,0.15783274173736572,0.30804598331451416,0.16436780989170074
YPL147W,YDL019C,1,-0.5517604,0.15882353484630585,0.3103448152542114,0.16436780989170074
YCL057W,YNL124W,0,-0.55262536,0.1586368978023529,0.3103448152542114,0.16459770500659943
YBR127C,YHR065C,0,-0.55282915,0.15845070779323578,0.3103448152542114,0.16482758522033691
YOR128C,YMR020W,0,-0.5530664,0.15826494991779327,0.3103448152542114,0.1650574654340744
YOR344C,YGR135W,0,-0.55328554,0.1580796241760254,0.3103448152542114,0.16528736054897308
YIL017C,YDL137W,0,-0.5533165,0.15789473056793213,0.3103448152542114,0.16551724076271057
YJL034W,YLR447C,0,-0.55363935,0.15771028399467468,0.3103448152542114,0.16574712097644806
YNL079C,YOL112W,0,-0.553828,0.15752625465393066,0.3103448152542114,0.16597701609134674
YGR223C,YOR373W,0,-0.55396116,0.15734265744686127,0.3103448152542114,0.16620689630508423
YDR310C,YDL079C,0,-0.5541051,0.1571594923734665,0.3103448152542114,0.16643677651882172
YJL145W,YOR237W,1,-0.554694,0.15813954174518585,0.3126436769962311,0.16643677651882172
YER086W,YOL107W,0,-0.5549711,0.15795587003231049,0.3126436769962311,0.1666666716337204
YDR353W,YCR043C,0,-0.5557229,0.15777261555194855,0.3126436769962311,0.16689655184745789
YCR094W,YDL019C,1,-0.5559801,0.1587485522031784,0.31494253873825073,0.16689655184745789
YDR498C,YOR130C,0,-0.5563769,0.15856482088565826,0.31494253873825073,0.16712643206119537
YEL055C,YMR281W,0,-0.55658543,0.15838150680065155,0.31494253873825073,0.16735632717609406
YJR161C,YFR042W,0,-0.5568506,0.15819860994815826,0.31494253873825073,0.16758620738983154
YJR105W,YGR249W,0,-0.55704,0.1580161452293396,0.31494253873825073,0.16781608760356903
YDR034C,YJR006W,0,-0.55758536,0.15783409774303436,0.31494253873825073,0.1680459827184677
YNL307C,YJR013W,0,-0.55790174,0.15765246748924255,0.31494253873825073,0.1682758629322052
YJL155C,YIL074C,0,-0.5579421,0.15747126936912537,0.31494253873825073,0.1685057431459427
YKR003W,YAR044W,1,-0.5580926,0.158438578248024,0.317241370677948,0.1685057431459427
YAR035W,YLR312W-A,0,-0.55831754,0.1582568734884262,0.317241370677948,0.16873563826084137
YLR043C,YGR061C,0,-0.55848116,0.15807560086250305,0.317241370677948,0.16896551847457886
YML038C,YFL054C,0,-0.5587319,0.15789473056793213,0.317241370677948,0.16919539868831635
YOR317W,YBL020W,1,-0.5590861,0.15885713696479797,0.31954023241996765,0.16919539868831635
YMR315W,YLR336C,0,-0.5599489,0.15867580473423004,0.31954023241996765,0.16942529380321503
YBR042C,YNL242W,0,-0.5601516,0.15849487483501434,0.31954023241996765,0.16965517401695251
YBR230C,YCR089W,0,-0.5605792,0.15831434726715088,0.31954023241996765,0.16988505423069
YDR296W,YKR056W,0,-0.5614041,0.15813423693180084,0.31954023241996765,0.17011494934558868
YAL024C,YKL208W,0,-0.5616648,0.15795454382896423,0.31954023241996765,0.17034482955932617
YDL190C,YKL103C,0,-0.56170666,0.15777525305747986,0.31954023241996765,0.17057470977306366
YLL055W,YDR146C,0,-0.5619267,0.15759636461734772,0.31954023241996765,0.17080460488796234
YMR190C,YFL036W,0,-0.5621397,0.157417893409729,0.31954023241996765,0.17103448510169983
YLL038C,YLR425W,0,-0.5628304,0.15723982453346252,0.31954023241996765,0.17126436531543732
YER145C,YIR009W,0,-0.56297016,0.15706214308738708,0.31954023241996765,0.1714942455291748
YLR050C,YGR252W,0,-0.563306,0.15688487887382507,0.31954023241996765,0.1717241406440735
YER087W,YNL047C,0,-0.56333596,0.1567080020904541,0.31954023241996765,0.17195402085781097
YLR069C,YMR047C,0,-0.56355095,0.15653152763843536,0.31954023241996765,0.17218390107154846
YOR344C,YNL113W,0,-0.56385016,0.15635545551776886,0.31954023241996765,0.17241379618644714
YDL084W,YDR536W,0,-0.5638507,0.1561797708272934,0.31954023241996765,0.17264367640018463
YPR094W,YBR035C,0,-0.5641205,0.15600448846817017,0.31954023241996765,0.17287355661392212
YJR126C,YMR034C,0,-0.5647145,0.15582959353923798,0.31954023241996765,0.1731034517288208
YAL005C,YPL172C,0,-0.56472236,0.15565510094165802,0.31954023241996765,0.1733333319425583
YGR070W,YOR233W,0,-0.56514806,0.1554809808731079,0.31954023241996765,0.17356321215629578
YHR091C,YAR002C-A,0,-0.56525075,0.15530726313591003,0.31954023241996765,0.17379310727119446
YEL042W,YPL281C,0,-0.56591016,0.1551339328289032,0.31954023241996765,0.17402298748493195
YAL061W,YPL283C,0,-0.5670237,0.1549609750509262,0.31954023241996765,0.17425286769866943
YPR002W,YNR036C,0,-0.5678302,0.15478841960430145,0.31954023241996765,0.17448276281356812
YLR042C,YIL073C,0,-0.5681226,0.15461623668670654,0.31954023241996765,0.1747126430273056
YIL006W,YGL200C,0,-0.568387,0.15444444119930267,0.31954023241996765,0.1749425232410431
YJR004C,YIR006C,0,-0.56969917,0.15427303314208984,0.31954023241996765,0.17517241835594177
YML070W,YHL024W,0,-0.5715725,0.15410199761390686,0.31954023241996765,0.17540229856967926
YNL030W,YMR037C,0,-0.5716672,0.15393133461475372,0.31954023241996765,0.17563217878341675
YMR236W,YER184C,0,-0.571788,0.15376105904579163,0.31954023241996765,0.17586207389831543
YMR012W,YBR175W,0,-0.57226217,0.15359115600585938,0.31954023241996765,0.17609195411205292
YOR371C,YGR199W,0,-0.57247835,0.15342164039611816,0.31954023241996765,0.1763218343257904
YHL004W,YML037C,0,-0.5732616,0.1532524824142456,0.31954023241996765,0.1765517294406891
YDR093W,YNL264C,1,-0.5735184,0.15418502688407898,0.3218390941619873,0.1765517294406891
YAL053W,YOR030W,0,-0.5741581,0.1540154069662094,0.3218390941619873,0.17678160965442657
YKR042W,YPL093W,0,-0.5742067,0.1538461595773697,0.3218390941619873,0.17701148986816406
YMR246W,YIL048W,1,-0.5744061,0.1547749787569046,0.32413792610168457,0.17701148986816406
YLR100W,YGL019W,0,-0.57469696,0.15460526943206787,0.32413792610168457,0.17724138498306274
YDR084C,YHR105W,0,-0.57477707,0.154435932636261,0.32413792610168457,0.17747126519680023
YJR056C,YHL034C,0,-0.57527494,0.15426695346832275,0.32413792610168457,0.17770114541053772
YDR270W,YDL232W,0,-0.57570446,0.15409836173057556,0.32413792610168457,0.1779310405254364
YDR093W,YNR047W,1,-0.57633394,0.15502183139324188,0.3264367878437042,0.1779310405254364
YER088C,YKL015W,0,-0.57657325,0.15485277771949768,0.3264367878437042,0.1781609207391739
YER172C,YOR355W,0,-0.57674426,0.15468409657478333,0.3264367878437042,0.17839080095291138
YKR003W,YNR047W,1,-0.5772809,0.15560391545295715,0.3287356197834015,0.17839080095291138
YJR151C,YKL011C,0,-0.5773444,0.15543478727340698,0.3287356197834015,0.17862069606781006
YBR066C,YDR060W,0,-0.577356,0.15526601672172546,0.3287356197834015,0.17885057628154755
YML024W,YJL076W,0,-0.5779804,0.1550976186990738,0.3287356197834015,0.17908045649528503
YDR034C,YOR061W,0,-0.57800823,0.15492957830429077,0.3287356197834015,0.17931035161018372
YOR375C,YOR116C,0,-0.57804954,0.1547619104385376,0.3287356197834015,0.1795402318239212
YMR162C,YNR047W,1,-0.57855123,0.15567567944526672,0.33103448152542114,0.1795402318239212
YMR246W,YER120W,1,-0.5787065,0.15658746659755707,0.3333333432674408,0.1795402318239212
YPL266W,YIL117C,0,-0.5790359,0.1564185470342636,0.3333333432674408,0.1797701120376587
YMR268W-A,YOR304W,0,-0.5791097,0.15625,0.3333333432674408,0.18000000715255737
YIL031W,YDL140C,0,-0.5792297,0.15608181059360504,0.3333333432674408,0.18022988736629486
YDR270W,YJR025C,0,-0.5792867,0.15591397881507874,0.3333333432674408,0.18045976758003235
YCR075C,YKL175W,0,-0.58094305,0.15574650466442108,0.3333333432674408,0.18068964779376984
YOR329C,YCL043C,0,-0.5809788,0.15557940304279327,0.3333333432674408,0.18091954290866852
YGR038W,YJR099W,0,-0.58146894,0.15541264414787292,0.3333333432674408,0.181149423122406
YMR180C,YDR511W,0,-0.5816091,0.15524625778198242,0.3333333432674408,0.1813793033361435
YMR186W,YDR138W,0,-0.581764,0.15508021414279938,0.3333333432674408,0.18160919845104218
YOL117W,YFL016C,0,-0.5818471,0.15491452813148499,0.3333333432674408,0.18183907866477966
YKL091C,YNL264C,1,-0.5831222,0.1558164358139038,0.33563217520713806,0.18183907866477966
YML043C,YGR154C,0,-0.5832493,0.1556503176689148,0.33563217520713806,0.18206895887851715
YPR073C,YBR070C,0,-0.58342195,0.15548455715179443,0.33563217520713806,0.18229885399341583
YLR014C,YDL085W,0,-0.5834474,0.15531915426254272,0.33563217520713806,0.18252873420715332
YDL184C,YJL093C,0,-0.58409804,0.15515409409999847,0.33563217520713806,0.1827586144208908
YGL162W,YBR041W,1,-0.58430207,0.15605095028877258,0.3379310369491577,0.1827586144208908
YKL188C,YNL231C,1,-0.5849967,0.15694591403007507,0.34022989869117737,0.1827586144208908
YNL098C,YDR202C,0,-0.58508795,0.15677966177463531,0.34022989869117737,0.1829885095357895
YBR084C-A,YNL082W,0,-0.5853188,0.15661375224590302,0.34022989869117737,0.18321838974952698
YOR328W,YOR298C-A,0,-0.5858385,0.15644820034503937,0.34022989869117737,0.18344826996326447
YDR449C,YKL161C,0,-0.58671916,0.15628300607204437,0.34022989869117737,0.18367816507816315
YIR007W,YCR002C,0,-0.58678824,0.15611813962459564,0.34022989869117737,0.18390804529190063
YOR155C,YIL168W,0,-0.58705735,0.15595363080501556,0.34022989869117737,0.18413792550563812
YLR312W-A,YOR083W,0,-0.5871049,0.15578947961330414,0.34022989869117737,0.1843678206205368
YDR298C,YCR067C,0,-0.5871247,0.15562565624713898,0.34022989869117737,0.1845977008342743
YOR381W,YER165W,0,-0.58716786,0.15546219050884247,0.34022989869117737,0.18482758104801178
YCR083W,YIL093C,0,-0.5871996,0.15529905259609222,0.34022989869117737,0.18505747616291046
YDR226W,YIL170W,0,-0.5881158,0.15513627231121063,0.34022989869117737,0.18528735637664795
YMR202W,YBR200W,0,-0.5889027,0.1549738198518753,0.34022989869117737,0.18551723659038544
YPL002C,YIL039W,0,-0.58973795,0.15481171011924744,0.34022989869117737,0.18574713170528412
YJL145W,YKR003W,1,-0.58983505,0.1556948870420456,0.34252873063087463,0.18574713170528412
YDR093W,YNL231C,1,-0.5900243,0.15657620131969452,0.3448275923728943,0.18574713170528412
YLR128W,YML022W,0,-0.59004104,0.15641292929649353,0.3448275923728943,0.1859770119190216
YKR103W,YGL048C,0,-0.5903568,0.15625,0.3448275923728943,0.1862068921327591
YDR205W,YBR126C,0,-0.59078276,0.15608741343021393,0.3448275923728943,0.18643678724765778
YBR221C,YFR055W,0,-0.5907997,0.15592515468597412,0.3448275923728943,0.18666666746139526
YBR031W,YAL021C,0,-0.59099764,0.15576323866844177,0.3448275923728943,0.18689654767513275
YIL047C,YBR006W,0,-0.5910939,0.15560166537761688,0.3448275923728943,0.18712644279003143
YCR094W,YOR317W,1,-0.5917721,0.156476691365242,0.34712642431259155,0.18712644279003143
YJR143C,YNR023W,0,-0.59468186,0.1563147008419037,0.34712642431259155,0.18735632300376892
YLR110C,YBR006W,0,-0.5950693,0.15615305304527283,0.34712642431259155,0.1875862032175064
YIL048W,YAR044W,1,-0.59543383,0.1570248007774353,0.3494252860546112,0.1875862032175064
YPL223C,YKL007W,0,-0.5954873,0.1568627506494522,0.3494252860546112,0.1878160983324051
YLR414C,YDR503C,0,-0.59569025,0.15670102834701538,0.3494252860546112,0.18804597854614258
YOR298C-A,YDR260C,0,-0.5967275,0.156539648771286,0.3494252860546112,0.18827585875988007
YMR121C,YEL016C,0,-0.5967342,0.1563785970211029,0.3494252860546112,0.18850575387477875
YJL145W,YGR037C,1,-0.5968042,0.15724563598632812,0.35172414779663086,0.18850575387477875
YDR197W,YGL032C,0,-0.5969902,0.15708418190479279,0.35172414779663086,0.18873563408851624
YLR295C,YHL001W,0,-0.5970066,0.1569230705499649,0.35172414779663086,0.18896551430225372
YLR418C,YBR201W,0,-0.5970811,0.15676230192184448,0.35172414779663086,0.1891954094171524
YBL100W-A,YNL305C,0,-0.59734577,0.15660184621810913,0.35172414779663086,0.1894252896308899
YEL058W,YLR371W,0,-0.5974382,0.15644171833992004,0.35172414779663086,0.18965516984462738
YKL091C,YBR041W,1,-0.5992034,0.15730337798595428,0.3540229797363281,0.18965516984462738
YJR010C-A,YER086W,0,-0.5997137,0.15714286267757416,0.3540229797363281,0.18988505005836487
YCR014C,YIL177C,0,-0.5997886,0.1569826751947403,0.3540229797363281,0.19011494517326355
YMR056C,YDR519W,0,-0.59984624,0.1568228155374527,0.3540229797363281,0.19034482538700104
YDL181W,YBL058W,0,-0.5998531,0.15666326880455017,0.3540229797363281,0.19057470560073853
YMR312W,YOR010C,0,-0.60016584,0.1565040647983551,0.3540229797363281,0.1908046007156372
YGR295C,YNL086W,0,-0.6007817,0.1563451737165451,0.3540229797363281,0.1910344809293747
YPR113W,YJR063W,0,-0.60084516,0.15618661046028137,0.3540229797363281,0.19126436114311218
YPL186C,YKR065C,0,-0.60217136,0.1560283750295639,0.3540229797363281,0.19149425625801086
YJL138C,YNL071W,0,-0.60225385,0.1558704525232315,0.3540229797363281,0.19172413647174835
YHR161C,YOR375C,0,-0.60241127,0.15571284294128418,0.3540229797363281,0.19195401668548584
YLR157C,YEL060C,0,-0.60298073,0.15555556118488312,0.3540229797363281,0.19218391180038452
YKL007W,YPL012W,0,-0.6048871,0.15539859235286713,0.3540229797363281,0.192413792014122
YER052C,YOR083W,0,-0.6052338,0.1552419364452362,0.3540229797363281,0.1926436722278595
YIL072W,YNL182C,0,-0.60542166,0.15508559346199036,0.3540229797363281,0.19287356734275818
YPL119C,YCR028C,0,-0.6061281,0.15492957830429077,0.3540229797363281,0.19310344755649567
YDR141C,YCL003W,0,-0.606278,0.15477387607097626,0.3540229797363281,0.19333332777023315
YMR280C,YIL105C,0,-0.60683584,0.15461847186088562,0.3540229797363281,0.19356322288513184
YNL129W,YHR041C,0,-0.60697895,0.15446339547634125,0.3540229797363281,0.19379310309886932
YAL005C,YHR128W,0,-0.6070717,0.15430861711502075,0.3540229797363281,0.1940229833126068
YLR192C,YKL164C,0,-0.6079318,0.15415415167808533,0.3540229797363281,0.1942528784275055
YFL036W,YDL232W,0,-0.60809255,0.15399999916553497,0.3540229797363281,0.19448275864124298
YNL159C,YOL165C,0,-0.60836744,0.1538461595773697,0.3540229797363281,0.19471263885498047
YHR001W,YBL020W,1,-0.60853,0.15469062328338623,0.3563218414783478,0.19471263885498047
YMR079W,YGR037C,1,-0.6087344,0.15553340315818787,0.35862070322036743,0.19471263885498047
YCL019W,YBR139W,0,-0.60885966,0.15537849068641663,0.35862070322036743,0.19494253396987915
YER070W,YLR433C,0,-0.60899454,0.15522387623786926,0.35862070322036743,0.19517241418361664
YDR196C,YML088W,0,-0.6090361,0.15506958961486816,0.35862070322036743,0.19540229439735413
YOR144C,YNL014W,0,-0.6095249,0.15491558611392975,0.35862070322036743,0.1956321895122528
YPR098C,YGL012W,0,-0.6102967,0.1547619104385376,0.35862070322036743,0.1958620697259903
YBR132C,YKR044W,0,-0.6104287,0.15460851788520813,0.35862070322036743,0.19609194993972778
YMR238W,YBR008C,0,-0.6104469,0.15445543825626373,0.35862070322036743,0.19632184505462646
YIL140W,YBR139W,0,-0.6110066,0.1543026715517044,0.35862070322036743,0.19655172526836395
YPL148C,YKL152C,0,-0.61109996,0.15415020287036896,0.35862070322036743,0.19678160548210144
YJL060W,YOL109W,0,-0.61128145,0.15399803221225739,0.35862070322036743,0.19701150059700012
YLR192C,YNR039C,0,-0.61134344,0.1538461595773697,0.35862070322036743,0.1972413808107376
YHR134W,YLR028C,0,-0.6125145,0.15369458496570587,0.35862070322036743,0.1974712610244751
YKR067W,YLR225C,0,-0.6135194,0.15354330837726593,0.35862070322036743,0.19770115613937378
YOL064C,YHR057C,0,-0.6140133,0.15339232981204987,0.35862070322036743,0.19793103635311127
YMR301C,YPR011C,0,-0.6146065,0.15324164927005768,0.35862070322036743,0.19816091656684875
YLR242C,YGR037C,1,-0.6149334,0.1540726274251938,0.3609195351600647,0.19816091656684875
YBR009C,YPR137W,0,-0.61495686,0.15392157435417175,0.3609195351600647,0.19839081168174744
YGL162W,YER166W,1,-0.61502814,0.15475024282932281,0.36321839690208435,0.19839081168174744
YOR234C,YJL079C,0,-0.6153776,0.15459883213043213,0.36321839690208435,0.19862069189548492
YIL177C,YPL134C,0,-0.61576664,0.15444770455360413,0.36321839690208435,0.1988505721092224
YNL281W,YLR109W,0,-0.6159244,0.154296875,0.36321839690208435,0.1990804523229599
YNL012W,YDL192W,0,-0.61620724,0.15414634346961975,0.36321839690208435,0.19931034743785858
YBR289W,YGL226C-A,0,-0.6166529,0.15399609506130219,0.36321839690208435,0.19954022765159607
YPR133W-A,YDL066W,0,-0.61736995,0.1538461595773697,0.36321839690208435,0.19977010786533356
YNL115C,YOR056C,0,-0.6175739,0.15369649231433868,0.36321839690208435,0.20000000298023224
YJL115W,YDR216W,0,-0.6176239,0.15354713797569275,0.36321839690208435,0.20022988319396973
YER120W,YBL020W,1,-0.61766815,0.15436893701553345,0.3655172288417816,0.20022988319396973
YMR162C,YGR037C,1,-0.61771417,0.1551891416311264,0.36781609058380127,0.20022988319396973
YNL323W,YHR001W,1,-0.6180556,0.15600775182247162,0.3701149523258209,0.20022988319396973
YMR146C,YBR236C,0,-0.61850214,0.15585672855377197,0.3701149523258209,0.20045976340770721
YOR176W,YPR056W,0,-0.6188525,0.1557060033082962,0.3701149523258209,0.2006896585226059
YIR022W,YAL029C,0,-0.6189939,0.15555556118488312,0.3701149523258209,0.20091953873634338
YJL005W,YBR010W,0,-0.61987644,0.15540540218353271,0.3701149523258209,0.20114941895008087
YLR127C,YMR241W,0,-0.62045217,0.1552555412054062,0.3701149523258209,0.20137931406497955
YHR017W,YDL226C,0,-0.620811,0.15510597825050354,0.3701149523258209,0.20160919427871704
YLR163C,YLR308W,0,-0.6213827,0.15495668351650238,0.3701149523258209,0.20183907449245453
YJL155C,YHR200W,0,-0.62138534,0.1548076868057251,0.3701149523258209,0.2020689696073532
YLR389C,YBR058C-A,0,-0.6222413,0.1546589881181717,0.3701149523258209,0.2022988498210907
YOR246C,YLR165C,0,-0.6223239,0.15451055765151978,0.3701149523258209,0.20252873003482819
YMR075W,YGL055W,0,-0.622447,0.15436241030693054,0.3701149523258209,0.20275862514972687
YDR162C,YLL061W,0,-0.6227618,0.15421456098556519,0.3701149523258209,0.20298850536346436
YJL099W,YCR071C,0,-0.6230424,0.15406697988510132,0.3701149523258209,0.20321838557720184
YBL098W,YKL211C,0,-0.6230444,0.15391969680786133,0.3701149523258209,0.20344828069210052
YLR048W,YKL061W,0,-0.623203,0.15377268195152283,0.3701149523258209,0.203678160905838
YIL027C,YDR116C,0,-0.623773,0.153625950217247,0.3701149523258209,0.2039080411195755
YHR184W,YBR241C,0,-0.6241082,0.15347950160503387,0.3701149523258209,0.20413793623447418
YPR200C,YOR355W,0,-0.6241417,0.15333333611488342,0.3701149523258209,0.20436781644821167
YGL174W,YOR212W,0,-0.6244393,0.15318743884563446,0.3701149523258209,0.20459769666194916
YOL091W,YNL087W,0,-0.6251568,0.15304182469844818,0.3701149523258209,0.20482759177684784
YPL092W,YJR017C,0,-0.6253007,0.15289649367332458,0.3701149523258209,0.20505747199058533
YMR269W,YBR196C,0,-0.62543565,0.15275141596794128,0.3701149523258209,0.20528735220432281
YKR003W,YDR093W,1,-0.62590647,0.1535544991493225,0.3724137842655182,0.20528735220432281
YBR182C,YCR034W,0,-0.6259399,0.15340909361839294,0.3724137842655182,0.2055172473192215
YNR054C,YIL070C,0,-0.6260036,0.15326395630836487,0.3724137842655182,0.20574712753295898
YOL007C,YGR184C,0,-0.6262914,0.15311908721923828,0.3724137842655182,0.20597700774669647
YPL265W,YLR155C,0,-0.62728703,0.15297450125217438,0.3724137842655182,0.20620690286159515
YMR150C,YML039W,0,-0.6273033,0.15283018350601196,0.3724137842655182,0.20643678307533264
YOR187W,YBR012W-A,0,-0.62736386,0.15268614888191223,0.3724137842655182,0.20666666328907013
YKR046C,YPL174C,0,-0.6280477,0.1525423675775528,0.3724137842655182,0.2068965584039688
YMR139W,YBR291C,0,-0.6283079,0.15239886939525604,0.3724137842655182,0.2071264386177063
YGL211W,YPR194C,0,-0.6286778,0.15225563943386078,0.3724137842655182,0.2073563188314438
YPL147W,YER166W,1,-0.6287951,0.15305164456367493,0.37471264600753784,0.2073563188314438
YKL213C,YGR106C,0,-0.62891376,0.1529080718755722,0.37471264600753784,0.20758621394634247
YGL035C,YER045C,0,-0.6292722,0.15276476740837097,0.37471264600753784,0.20781609416007996
YOR100C,YDR056C,0,-0.6295192,0.15262171626091003,0.37471264600753784,0.20804597437381744
YLR138W,YDR494W,0,-0.62961537,0.15247894823551178,0.37471264600753784,0.20827586948871613
YNR044W,YDL126C,0,-0.62963665,0.15233644843101501,0.37471264600753784,0.2085057497024536
YDL083C,YML078W,0,-0.6296824,0.15219421684741974,0.37471264600753784,0.2087356299161911
YKR020W,YKR057W,0,-0.6297553,0.15205223858356476,0.37471264600753784,0.2089655101299286
YJL047C,YPL172C,0,-0.6297961,0.15191052854061127,0.37471264600753784,0.20919540524482727
YPR145W,YJL143W,0,-0.62986505,0.15176908671855927,0.37471264600753784,0.20942528545856476
YNL202W,YMR080C,0,-0.62988824,0.15162791311740875,0.37471264600753784,0.20965516567230225
YMR321C,YBR082C,0,-0.6299726,0.15148699283599854,0.37471264600753784,0.20988506078720093
YKL157W,YGL083W,0,-0.63049203,0.1513463258743286,0.37471264600753784,0.21011494100093842
YNR008W,YGR063C,0,-0.6309391,0.15120594203472137,0.37471264600753784,0.2103448212146759
YKL091C,YNR047W,1,-0.63132924,0.1519925892353058,0.3770115077495575,0.2103448212146759
YIL049W,YMR180C,0,-0.6322412,0.1518518477678299,0.3770115077495575,0.21057471632957458
YDR393W,YKL175W,0,-0.63251674,0.1517113745212555,0.3770115077495575,0.21080459654331207
YOL031C,YAL022C,0,-0.632961,0.15157116949558258,0.3770115077495575,0.21103447675704956
YMR267W,YML095C,0,-0.63332146,0.15143120288848877,0.3770115077495575,0.21126437187194824
YMR211W,YPL270W,0,-0.6335358,0.15129151940345764,0.3770115077495575,0.21149425208568573
YGL225W,YHR091C,0,-0.63357514,0.15115207433700562,0.3770115077495575,0.21172413229942322
YJL104W,YHR102W,0,-0.6342979,0.15101289749145508,0.3770115077495575,0.2119540274143219
YKL085W,YMR227C,0,-0.6354038,0.15087395906448364,0.3770115077495575,0.2121839076280594
YKL091C,YHR001W,1,-0.6354322,0.1516544073820114,0.37931033968925476,0.2121839076280594
YNL281W,YDR211W,0,-0.63545316,0.1515151560306549,0.37931033968925476,0.21241378784179688
YML054C,YMR184W,0,-0.635512,0.1513761430978775,0.37931033968925476,0.21264368295669556
YLR106C,YMR268W-A,0,-0.6356159,0.1512373983860016,0.37931033968925476,0.21287356317043304
YNL297C,YBL058W,0,-0.6359985,0.15109890699386597,0.37931033968925476,0.21310344338417053
YKL188C,YNL264C,1,-0.63625944,0.1518755704164505,0.3816092014312744,0.21310344338417053
YGL079W,YAL042W,0,-0.6364417,0.15173675119876862,0.3816092014312744,0.2133333384990692
YJL145W,YBR041W,1,-0.6371446,0.15251141786575317,0.3839080333709717,0.2133333384990692
YGL040C,YMR114C,0,-0.63809407,0.15237225592136383,0.3839080333709717,0.2135632187128067
YPL051W,YAL001C,0,-0.63823736,0.15223336219787598,0.3839080333709717,0.2137930989265442
YMR296C,YDR238C,0,-0.6389127,0.15209472179412842,0.3839080333709717,0.21402299404144287
YLR425W,YOL086C,0,-0.639283,0.15195631980895996,0.3839080333709717,0.21425287425518036
YLR032W,YOL111C,0,-0.6393158,0.151818186044693,0.3839080333709717,0.21448275446891785
YPR183W,YLR418C,0,-0.6400274,0.15168029069900513,0.3839080333709717,0.21471264958381653
YDR054C,YBR199W,0,-0.6406703,0.15154264867305756,0.3839080333709717,0.21494252979755402
YKL127W,YBR139W,0,-0.6407918,0.15140525996685028,0.3839080333709717,0.2151724100112915
YJL053W,YIL067C,0,-0.640863,0.1512681096792221,0.3839080333709717,0.21540230512619019
YEL064C,YNL289W,0,-0.64115596,0.15113122761249542,0.3839080333709717,0.21563218533992767
YBR286W,YGL135W,0,-0.64185196,0.15099456906318665,0.3839080333709717,0.21586206555366516
YBR072W,YBR033W,0,-0.6422287,0.15085817873477936,0.3839080333709717,0.21609196066856384
YMR276W,YDR062W,0,-0.6423577,0.15072202682495117,0.3839080333709717,0.21632184088230133
YEL009C,YOR240W,0,-0.6426487,0.1505861133337021,0.3839080333709717,0.21655172109603882
YOR209C,YOR291W,0,-0.64374393,0.1504504531621933,0.3839080333709717,0.2167816162109375
YPR163C,YLR431C,0,-0.6439323,0.1503150314092636,0.3839080333709717,0.217011496424675
YPL011C,YBL016W,0,-0.6442927,0.15017986297607422,0.3839080333709717,0.21724137663841248
YOR131C,YPL268W,0,-0.64430994,0.15004491806030273,0.3839080333709717,0.21747127175331116
YOL139C,YDR253C,0,-0.64443797,0.14991022646427155,0.3839080333709717,0.21770115196704865
YBR096W,YLR388W,0,-0.64454,0.14977578818798065,0.3839080333709717,0.21793103218078613
YPL088W,YBL057C,0,-0.6449038,0.14964157342910767,0.3839080333709717,0.21816091239452362
YGL186C,YAR031W,0,-0.645103,0.14950761198997498,0.3839080333709717,0.2183908075094223
YER173W,YBL011W,0,-0.6458049,0.1493738889694214,0.3839080333709717,0.2186206877231598
YNL231C,YER120W,1,-0.64665806,0.15013404190540314,0.38620689511299133,0.2186206877231598
YDR033W,YKL078W,0,-0.64672655,0.15000000596046448,0.38620689511299133,0.21885056793689728
YGL153W,YOR393W,0,-0.6467856,0.14986619353294373,0.38620689511299133,0.21908046305179596
YIL105C,YDR210W,0,-0.64801604,0.14973261952400208,0.38620689511299133,0.21931034326553345
YBR145W,YOR089C,0,-0.64802825,0.14959928393363953,0.38620689511299133,0.21954022347927094
YIL034C,YLR098C,0,-0.64809626,0.14946618676185608,0.38620689511299133,0.21977011859416962
YJL198W,YLR300W,0,-0.6490721,0.14933332800865173,0.38620689511299133,0.2199999988079071
YKR037C,YMR122W-A,0,-0.649799,0.1492007076740265,0.38620689511299133,0.2202298790216446
YGL077C,YEL043W,0,-0.65017676,0.14906832575798035,0.38620689511299133,0.22045977413654327
YIL046W,YGL040C,0,-0.6510802,0.1489361673593521,0.38620689511299133,0.22068965435028076
YER190W,YMR239C,0,-0.6518165,0.14880424737930298,0.38620689511299133,0.22091953456401825
YOR382W,YLR164W,0,-0.65215766,0.14867256581783295,0.38620689511299133,0.22114942967891693
YLR449W,YOL151W,0,-0.6525799,0.14854110777378082,0.38620689511299133,0.22137930989265442
YNL264C,YNR047W,1,-0.6529103,0.14929328858852386,0.388505756855011,0.22137930989265442
YBL067C,YCL026C-B,0,-0.65311563,0.14916151762008667,0.388505756855011,0.2216091901063919
YOL113W,YEL002C,0,-0.6532897,0.14902998507022858,0.388505756855011,0.2218390852212906
YGR247W,YLR452C,0,-0.6533862,0.1488986760377884,0.388505756855011,0.22206896543502808
YPL029W,YDL095W,0,-0.65372396,0.1487676054239273,0.388505756855011,0.22229884564876556
YAL009W,YPR138C,0,-0.6538565,0.14863675832748413,0.388505756855011,0.22252874076366425
YDR390C,YFR021W,0,-0.6540072,0.14850614964962006,0.388505756855011,0.22275862097740173
YER138C,YBR297W,0,-0.6542946,0.1483757644891739,0.388505756855011,0.22298850119113922
YER007W,YOL016C,0,-0.65496796,0.14824561774730682,0.388505756855011,0.2232183963060379
YDR038C,YLR368W,0,-0.65497607,0.14811569452285767,0.388505756855011,0.2234482765197754
YPR079W,YNL239W,0,-0.6561738,0.14798599481582642,0.388505756855011,0.22367815673351288
YNL212W,YKL167C,0,-0.656178,0.14785651862621307,0.388505756855011,0.22390805184841156
YBR241C,YOR056C,0,-0.65676045,0.14772726595401764,0.388505756855011,0.22413793206214905
YJL060W,YPR021C,0,-0.65684444,0.1475982517004013,0.388505756855011,0.22436781227588654
YGL207W,YDR371W,0,-0.6574288,0.14746946096420288,0.388505756855011,0.22459770739078522
YKL146W,YCL052C,0,-0.6574643,0.14734089374542236,0.388505756855011,0.2248275876045227
YLL052C,YNL209W,0,-0.65768546,0.14721255004405975,0.388505756855011,0.2250574678182602
YDR093W,YGR037C,1,-0.657688,0.14795474708080292,0.39080458879470825,0.2250574678182602
YDL025C,YAR066W,0,-0.6579055,0.14782609045505524,0.39080458879470825,0.22528736293315887
YDR018C,YMR094W,0,-0.6586462,0.14769765734672546,0.39080458879470825,0.22551724314689636
YGL026C,YGR067C,0,-0.6587149,0.1475694477558136,0.39080458879470825,0.22574712336063385
YFL057C,YCR068W,0,-0.6590404,0.14744146168231964,0.39080458879470825,0.22597701847553253
YHR166C,YOR125C,0,-0.6593592,0.1473136842250824,0.39080458879470825,0.22620689868927002
YGL222C,YBL112C,0,-0.6597205,0.14718614518642426,0.39080458879470825,0.2264367789030075
YNL096C,YLR306W,0,-0.66030633,0.14705882966518402,0.39080458879470825,0.2266666740179062
YMR045C,YFL044C,0,-0.66052836,0.1469317227602005,0.39080458879470825,0.22689655423164368
YLL017W,YER054C,0,-0.6606512,0.1468048393726349,0.39080458879470825,0.22712643444538116
YPR098C,YML039W,0,-0.6609426,0.146678164601326,0.39080458879470825,0.22735631465911865
YDR477W,YER016W,0,-0.661111,0.1465517282485962,0.39080458879470825,0.22758620977401733
YMR280C,YIL091C,0,-0.66131973,0.1464255005121231,0.39080458879470825,0.22781608998775482
YKR003W,YBL020W,1,-0.6614391,0.14716006815433502,0.3931034505367279,0.22781608998775482
YDR198C,YCR003W,0,-0.661509,0.14703352749347687,0.3931034505367279,0.2280459702014923
YOR201C,YDR346C,0,-0.6615593,0.14690721035003662,0.3931034505367279,0.228275865316391
YNL231C,YPR009W,1,-0.661584,0.14763948321342468,0.39540231227874756,0.228275865316391
YKR067W,YGL029W,0,-0.6630823,0.14751286804676056,0.39540231227874756,0.22850574553012848
YOR071C,YOL067C,0,-0.6635449,0.14738646149635315,0.39540231227874756,0.22873562574386597
YNR022C,YPL259C,0,-0.6642308,0.14726027846336365,0.39540231227874756,0.22896552085876465
YHR214C-B,YPL139C,0,-0.6642579,0.14713430404663086,0.39540231227874756,0.22919540107250214
YNR047W,YBR041W,1,-0.6647668,0.1478632539510727,0.3977011442184448,0.22919540107250214
YMR228W,YBL092W,0,-0.66486156,0.14773698151111603,0.3977011442184448,0.22942528128623962
YHR004C,YLR016C,0,-0.66517925,0.14761091768741608,0.3977011442184448,0.2296551764011383
YHR001W,YER120W,1,-0.6652901,0.14833760261535645,0.4000000059604645,0.2296551764011383
YML052W,YBR022W,0,-0.6653887,0.14821124076843262,0.4000000059604645,0.2298850566148758
YLR242C,YKL091C,1,-0.6655305,0.1489361673593521,0.40229883790016174,0.2298850566148758
YJR140C,YNR040W,0,-0.6660205,0.1488095223903656,0.40229883790016174,0.23011493682861328
YDR093W,YLR242C,1,-0.66603446,0.14953270554542542,0.4045976996421814,0.23011493682861328
YOL060C,YLR330W,0,-0.66613126,0.14940577745437622,0.4045976996421814,0.23034483194351196
YDL150W,YGR189C,0,-0.6661563,0.14927904307842255,0.4045976996421814,0.23057471215724945
YIL115C,YLR208W,0,-0.6664012,0.14915254712104797,0.4045976996421814,0.23080459237098694
YPR073C,YMR266W,0,-0.66665673,0.14902624487876892,0.4045976996421814,0.23103448748588562
YMR056C,YIL088C,0,-0.66769993,0.14890016615390778,0.4045976996421814,0.2312643676996231
YOR123C,YFL050C,0,-0.667712,0.14877429604530334,0.4045976996421814,0.2314942479133606
YML052W,YCL027W,0,-0.6688014,0.14864864945411682,0.4045976996421814,0.23172414302825928
YMR162C,YAR044W,1,-0.6688142,0.149367094039917,0.40689656138420105,0.23172414302825928
YBR073W,YNL135C,0,-0.66887295,0.1492411494255066,0.40689656138420105,0.23195402324199677
YLR086W,YGR154C,0,-0.6691591,0.1491154134273529,0.40689656138420105,0.23218390345573425
YJL164C,YNL082W,0,-0.6691962,0.14898990094661713,0.40689656138420105,0.23241379857063293
YHL022C,YLR138W,0,-0.6694284,0.14886459708213806,0.40689656138420105,0.23264367878437042
YLR047C,YIR035C,0,-0.6694461,0.1487395018339157,0.40689656138420105,0.2328735589981079
YCR094W,YNR047W,1,-0.6694604,0.1494542360305786,0.4091953933238983,0.2328735589981079
YDR352W,YDR226W,0,-0.6694609,0.14932885766029358,0.4091953933238983,0.2331034541130066
YKL188C,YOR317W,1,-0.6703817,0.15004190802574158,0.41149425506591797,0.2331034541130066
YOR219C,YGR116W,0,-0.6710493,0.14991624653339386,0.41149425506591797,0.23333333432674408
YMR272C,YGL038C,0,-0.6712062,0.14979079365730286,0.41149425506591797,0.23356321454048157
YBR031W,YOR127W,0,-0.67131925,0.14966554939746857,0.41149425506591797,0.23379310965538025
YGR121C,YCL045C,0,-0.67144823,0.149540513753891,0.41149425506591797,0.23402298986911774
YMR282C,YJR103W,0,-0.6723916,0.14941568672657013,0.41149425506591797,0.23425287008285522
YGR054W,YDL002C,0,-0.67335737,0.14929108321666718,0.41149425506591797,0.2344827651977539
YPL237W,YPR165W,0,-0.6747684,0.14916667342185974,0.41149425506591797,0.2347126454114914
YGR191W,YOR396W,0,-0.675208,0.14904245734214783,0.41149425506591797,0.23494252562522888
YGR222W,YML066C,0,-0.6758666,0.14891846477985382,0.41149425506591797,0.23517242074012756
YLR214W,YHR063C,0,-0.6768731,0.14879468083381653,0.41149425506591797,0.23540230095386505
YDR051C,YBR041W,1,-0.6771793,0.14950166642665863,0.4137931168079376,0.23540230095386505
YEL052W,YNL152W,0,-0.6772362,0.14937759935855865,0.4137931168079376,0.23563218116760254
YEL059C-A,YLR357W,0,-0.67748284,0.1492537260055542,0.4137931168079376,0.23586207628250122
YPR001W,YLR045C,0,-0.67782485,0.14913007616996765,0.4137931168079376,0.2360919564962387
YCL003W,YLR399C,0,-0.67811394,0.14900662004947662,0.4137931168079376,0.2363218367099762
YGR249W,YDR116C,0,-0.67841876,0.1488833725452423,0.4137931168079376,0.23655171692371368
YJL060W,YLR265C,0,-0.67862725,0.1487603336572647,0.4137931168079376,0.23678161203861237
YGL210W,YHL008C,0,-0.6786794,0.14863748848438263,0.4137931168079376,0.23701149225234985
YMR162C,YKR003W,1,-0.6794214,0.1493399292230606,0.4160919487476349,0.23701149225234985
YHR203C,YLL032C,0,-0.6794486,0.14921681582927704,0.4160919487476349,0.23724137246608734
YAL038W,YHR062C,0,-0.67963976,0.14909391105175018,0.4160919487476349,0.23747126758098602
YKR094C,YHR079C,0,-0.6800449,0.14897119998931885,0.4160919487476349,0.2377011477947235
YER078C,YPR168W,0,-0.6801524,0.14884868264198303,0.4160919487476349,0.237931028008461
YKR003W,YLR242C,1,-0.6803669,0.14954806864261627,0.41839081048965454,0.237931028008461
YOR007C,YOR386W,0,-0.680402,0.14942528307437897,0.41839081048965454,0.23816092312335968
YKR105C,YCR077C,0,-0.6816309,0.14930270612239838,0.41839081048965454,0.23839080333709717
YJR135W-A,YMR029C,0,-0.6816699,0.1491803228855133,0.41839081048965454,0.23862068355083466
YHR083W,YDR242W,0,-0.6817975,0.14905814826488495,0.41839081048965454,0.23885057866573334
YLR276C,YGR010W,0,-0.6834548,0.1489361673593521,0.41839081048965454,0.23908045887947083
YKR025W,YPR096C,0,-0.68357325,0.148814395070076,0.41839081048965454,0.2393103390932083
YDR109C,YBL003C,0,-0.6836034,0.14869281649589539,0.41839081048965454,0.239540234208107
YFR003C,YMR019W,0,-0.6838347,0.1485714316368103,0.41839081048965454,0.23977011442184448
YAR044W,YER120W,1,-0.6843809,0.14926590025424957,0.4206896424293518,0.23977011442184448
YPL003W,YOR130C,0,-0.684654,0.149144247174263,0.4206896424293518,0.23999999463558197
YPL048W,YGL001C,0,-0.6850421,0.14902280271053314,0.4206896424293518,0.24022988975048065
YOL151W,YBL005W-B,0,-0.6855223,0.1489015519618988,0.4206896424293518,0.24045976996421814
YKL178C,YGR276C,0,-0.6859703,0.14878049492835999,0.4206896424293518,0.24068965017795563
YDL141W,YML026C,0,-0.68674153,0.1486596316099167,0.4206896424293518,0.2409195452928543
YEL059C-A,YGL019W,0,-0.6869484,0.1485389620065689,0.4206896424293518,0.2411494255065918
YBR238C,YKL022C,0,-0.6870754,0.14841848611831665,0.4206896424293518,0.24137930572032928
YDR387C,YPR196W,0,-0.68743634,0.1482982188463211,0.4206896424293518,0.24160920083522797
YBR041W,YDL019C,1,-0.6874882,0.14898785948753357,0.42298850417137146,0.24160920083522797
YNL113W,YMR163C,0,-0.68776,0.14886730909347534,0.42298850417137146,0.24183908104896545
YMR229C,YPR124W,0,-0.68809015,0.14874696731567383,0.42298850417137146,0.24206896126270294
YKL188C,YOR237W,1,-0.688139,0.14943456649780273,0.4252873659133911,0.24206896126270294
YGL112C,YPL096W,0,-0.68883455,0.14931395649909973,0.4252873659133911,0.24229885637760162
YPL147W,YGL162W,1,-0.6896903,0.15000000596046448,0.4275861978530884,0.24229885637760162
YNL252C,YJL192C,0,-0.68983984,0.14987912774085999,0.4275861978530884,0.2425287365913391
YHR176W,YBR239C,0,-0.6902521,0.1497584581375122,0.4275861978530884,0.2427586168050766
YGR221C,YAR066W,0,-0.69054896,0.14963796734809875,0.4275861978530884,0.24298851191997528
YBR198C,YDL142C,0,-0.69066155,0.14951768517494202,0.4275861978530884,0.24321839213371277
YGL030W,YKL126W,0,-0.6907631,0.1493975967168808,0.4275861978530884,0.24344827234745026
YOR224C,YNL106C,0,-0.69084674,0.1492776870727539,0.4275861978530884,0.24367816746234894
YDL161W,YDR326C,0,-0.6910527,0.14915798604488373,0.4275861978530884,0.24390804767608643
YLR080W,YKL176C,0,-0.69106054,0.14903846383094788,0.4275861978530884,0.2441379278898239
YJL004C,YNL047C,0,-0.6915085,0.14891913533210754,0.4275861978530884,0.2443678230047226
YHR175W,YPR026W,0,-0.6919695,0.14880000054836273,0.4275861978530884,0.24459770321846008
YLR134W,YNL163C,0,-0.69198525,0.14868105947971344,0.4275861978530884,0.24482758343219757
YNL086W,YKL088W,0,-0.69227105,0.14856229722499847,0.4275861978530884,0.24505747854709625
YPL147W,YER120W,1,-0.6925651,0.14924181997776031,0.42988505959510803,0.24505747854709625
YOL021C,YGR032W,0,-0.6927292,0.14912280440330505,0.42988505959510803,0.24528735876083374
YPR196W,YJL203W,0,-0.6927662,0.1490039825439453,0.42988505959510803,0.24551723897457123
YKR035W-A,YGR199W,0,-0.6931669,0.1488853543996811,0.42988505959510803,0.24574711918830872
YOL113W,YLR251W,0,-0.69323635,0.1487669050693512,0.42988505959510803,0.2459770143032074
YML070W,YLR081W,0,-0.6932399,0.14864864945411682,0.42988505959510803,0.24620689451694489
YLR089C,YPL029W,0,-0.6938182,0.14853057265281677,0.42988505959510803,0.24643677473068237
YJL145W,YKL091C,1,-0.69396913,0.14920635521411896,0.4321839213371277,0.24643677473068237
YDR046C,YLR103C,0,-0.694219,0.1490880250930786,0.4321839213371277,0.24666666984558105
YJR088C,YML022W,0,-0.69467896,0.1489698886871338,0.4321839213371277,0.24689655005931854
YLR105C,YNL138W,0,-0.69483674,0.14885194599628448,0.4321839213371277,0.24712643027305603
YNR045W,YGL084C,0,-0.69489086,0.1487341821193695,0.4321839213371277,0.2473563253879547
YOR251C,YGL187C,0,-0.69494534,0.14861659705638885,0.4321839213371277,0.2475862056016922
YNL264C,YGR037C,1,-0.6955693,0.1492891013622284,0.43448275327682495,0.2475862056016922
YDR093W,YIL048W,1,-0.6960492,0.14996053278446198,0.4367816150188446,0.2475862056016922
YPL283C,YPR083W,0,-0.69727653,0.1498422771692276,0.4367816150188446,0.2478160858154297
YNR022C,YJR107W,0,-0.6975139,0.14972418546676636,0.4367816150188446,0.24804598093032837
YER087W,YPL086C,0,-0.69820035,0.14960630238056183,0.4367816150188446,0.24827586114406586
YHR001W,YOR237W,1,-0.6984028,0.15027537941932678,0.43908044695854187,0.24827586114406586
YBL020W,YDL019C,1,-0.69870496,0.15094339847564697,0.4413793087005615,0.24827586114406586
YIL009C-A,YNR073C,0,-0.69896173,0.15082482993602753,0.4413793087005615,0.24850574135780334
YCR094W,YHR001W,1,-0.69912887,0.15149135887622833,0.4436781704425812,0.24850574135780334
YGR222W,YNL069C,0,-0.69924986,0.15137255191802979,0.4436781704425812,0.24873563647270203
YHR183W,YCR004C,0,-0.6995146,0.15125392377376556,0.4436781704425812,0.24896551668643951
YDR197W,YKL199C,0,-0.6996349,0.15113547444343567,0.4436781704425812,0.249195396900177
YKL182W,YKL017C,0,-0.70003366,0.1510172188282013,0.4436781704425812,0.24942529201507568
YBR302C,YDR527W,0,-0.70064294,0.15089914202690125,0.4436781704425812,0.24965517222881317
YOR290C,YPL246C,0,-0.70081383,0.15078124403953552,0.4436781704425812,0.24988505244255066
YDR530C,YGL172W,0,-0.7008546,0.15066353976726532,0.4436781704425812,0.25011494755744934
YDL194W,YOR043W,0,-0.70090437,0.15054602921009064,0.4436781704425812,0.25034481287002563
YGL162W,YNR047W,1,-0.70092225,0.15120810270309448,0.44597700238227844,0.25034481287002563
YBL054W,YFL016C,0,-0.7013868,0.1510903388261795,0.44597700238227844,0.2505747079849243
YOL157C,YDR059C,0,-0.7016446,0.15097276866436005,0.44597700238227844,0.250804603099823
YJR083C,YNR051C,0,-0.70181966,0.15085536241531372,0.44597700238227844,0.2510344684123993
YOR230W,YDL159W,0,-0.7019539,0.15073814988136292,0.44597700238227844,0.251264363527298
YCR043C,YOL016C,0,-0.70195466,0.15062111616134644,0.44597700238227844,0.25149425864219666
YEL047C,YDR074W,0,-0.7019671,0.15050426125526428,0.44597700238227844,0.25172412395477295
YHR172W,YFL011W-A,0,-0.7027119,0.15038760006427765,0.44597700238227844,0.25195401906967163
YER051W,YBL112C,0,-0.70293784,0.15027110278606415,0.44597700238227844,0.2521839141845703
YDR171W,YMR270C,0,-0.70300686,0.15015479922294617,0.44597700238227844,0.2524137794971466
YGL010W,YAR050W,0,-0.7033463,0.1500386744737625,0.44597700238227844,0.2526436746120453
YJR029W,YPL281C,0,-0.7036018,0.149922713637352,0.44597700238227844,0.25287356972694397
YKL188C,YLR242C,1,-0.7042086,0.15057915449142456,0.4482758641242981,0.25287356972694397
YIL034C,YHL027W,0,-0.7042353,0.15046297013759613,0.4482758641242981,0.25310343503952026
YNL050C,YLL039C,0,-0.70453227,0.15034694969654083,0.4482758641242981,0.25333333015441895
YJR033C,YOR022C,0,-0.7048515,0.15023112297058105,0.4482758641242981,0.2535632252693176
YER056C-A,YMR008C,0,-0.7050599,0.1501154750585556,0.4482758641242981,0.2537930905818939
YHR045W,YDR253C,0,-0.7051841,0.15000000596046448,0.4482758641242981,0.2540229856967926
YGL039W,YJR089W,0,-0.7053517,0.14988470077514648,0.4482758641242981,0.2542528808116913
YNL047C,YHR056C,0,-0.70544714,0.149769589304924,0.4482758641242981,0.2544827461242676
YPR192W,YOR074C,0,-0.7054988,0.14965464174747467,0.4482758641242981,0.25471264123916626
YGL170C,YDL078C,0,-0.7055677,0.14953987300395966,0.4482758641242981,0.25494253635406494
YCR073C,YER068W,0,-0.70567024,0.14942528307437897,0.4482758641242981,0.25517240166664124
YDR251W,YNL268W,0,-0.7057564,0.1493108719587326,0.4482758641242981,0.2554022967815399
YJL140W,YDR119W,0,-0.7061167,0.14919663965702057,0.4482758641242981,0.2556321918964386
YGR096W,YKR098C,0,-0.70619816,0.14908257126808167,0.4482758641242981,0.2558620572090149
YAL058W,YPL050C,0,-0.70625305,0.1489686816930771,0.4482758641242981,0.2560919523239136
YDL017W,YER055C,0,-0.7065752,0.14885495603084564,0.4482758641242981,0.25632184743881226
YIL034C,YOR141C,0,-0.707512,0.14874142408370972,0.4482758641242981,0.25655171275138855
YDR033W,YBR012W-A,0,-0.70826894,0.14862805604934692,0.4482758641242981,0.25678160786628723
YKR042W,YNL086W,0,-0.70851547,0.14851485192775726,0.4482758641242981,0.2570115029811859
YMR006C,YML087C,0,-0.70868117,0.14840182662010193,0.4482758641242981,0.2572413682937622
YMR266W,YDR022C,0,-0.70882833,0.14828898012638092,0.4482758641242981,0.2574712634086609
YGL131C,YNR016C,0,-0.7090173,0.14817629754543304,0.4482758641242981,0.25770115852355957
YPR201W,YDR196C,0,-0.7093706,0.1480637788772583,0.4482758641242981,0.25793102383613586
YJL102W,YPL155C,0,-0.7096181,0.14795143902301788,0.4482758641242981,0.25816091895103455
YDR055W,YDL188C,0,-0.709677,0.1478392779827118,0.4482758641242981,0.2583908140659332
YJR026W,YDL146W,0,-0.71076465,0.14772726595401764,0.4482758641242981,0.2586206793785095
YPL042C,YBR200W,0,-0.7113117,0.147615447640419,0.4482758641242981,0.2588505744934082
YCL004W,YLR165C,0,-0.7117654,0.1475037783384323,0.4482758641242981,0.2590804696083069
YDR389W,YMR300C,0,-0.71182597,0.14739228785037994,0.4482758641242981,0.2593103349208832
YHR112C,YMR293C,0,-0.7120166,0.1472809612751007,0.4482758641242981,0.25954023003578186
YAR015W,YMR119W,0,-0.71204776,0.1471698135137558,0.4482758641242981,0.25977012515068054
YER160C,YBL105C,0,-0.7122878,0.14705882966518402,0.4482758641242981,0.25999999046325684
YDR531W,YMR166C,0,-0.7129679,0.14694800972938538,0.4482758641242981,0.2602298855781555
YNR027W,YLR240W,0,-0.71353686,0.14683735370635986,0.4482758641242981,0.2604597806930542
YOL157C,YEL011W,0,-0.71381086,0.14672686159610748,0.4482758641242981,0.2606896460056305
YPR082C,YOR085W,0,-0.7139591,0.14661654829978943,0.4482758641242981,0.2609195411205292
YGL212W,YER006W,0,-0.7141877,0.1465063840150833,0.4482758641242981,0.26114943623542786
YHR099W,YJL116C,0,-0.71428776,0.14639639854431152,0.4482758641242981,0.26137930154800415
YLR425W,YDL045W-A,0,-0.7144161,0.14628657698631287,0.4482758641242981,0.26160919666290283
YOR181W,YHR115C,0,-0.7145765,0.14617690443992615,0.4482758641242981,0.2618390917778015
YPR151C,YBR216C,0,-0.71511334,0.14606741070747375,0.4482758641242981,0.2620689570903778
YBL079W,YFL008W,0,-0.71522665,0.1459580808877945,0.4482758641242981,0.2622988522052765
YKR003W,YER120W,1,-0.7158182,0.14659686386585236,0.45057472586631775,0.2622988522052765
YMR246W,YKR003W,1,-0.7159262,0.14723467826843262,0.452873557806015,0.2622988522052765
YMR256C,YOR043W,0,-0.7159768,0.14712472259998322,0.452873557806015,0.26252874732017517
YHL036W,YPL122C,0,-0.71622074,0.14701493084430695,0.452873557806015,0.26275861263275146
YOR322C,YGL038C,0,-0.716605,0.14690528810024261,0.452873557806015,0.26298850774765015
YDR294C,YHR002W,0,-0.71665704,0.1467958241701126,0.452873557806015,0.26321840286254883
YIL063C,YDR347W,0,-0.716713,0.14668652415275574,0.452873557806015,0.2634482681751251
YIL080W,YGL089C,0,-0.7167649,0.146577388048172,0.452873557806015,0.2636781632900238
YLR188W,YNL070W,0,-0.7172806,0.1464684009552002,0.452873557806015,0.2639080584049225
YEL034W,YGR239C,0,-0.71816915,0.14635957777500153,0.452873557806015,0.2641379237174988
YLR009W,YDL020C,0,-0.7182852,0.14625093340873718,0.452873557806015,0.26436781883239746
YOL026C,YBR229C,0,-0.7187264,0.14614243805408478,0.452873557806015,0.26459771394729614
YOL157C,YPR111W,0,-0.71883416,0.1460341066122055,0.452873557806015,0.26482757925987244
YMR250W,YMR180C,0,-0.7190622,0.14592592418193817,0.452873557806015,0.2650574743747711
YNL188W,YNR049C,0,-0.7191863,0.14581790566444397,0.452873557806015,0.2652873694896698
YGR171C,YDL127W,0,-0.71937907,0.1457100659608841,0.452873557806015,0.2655172348022461
YPL121C,YHR089C,0,-0.71965694,0.14560236036777496,0.452873557806015,0.2657471299171448
YER095W,YLR256W,0,-0.7210064,0.14549483358860016,0.452873557806015,0.26597702503204346
YMR308C,YBR251W,0,-0.7212516,0.1453874558210373,0.452873557806015,0.26620689034461975
YMR168C,YCR048W,0,-0.72126424,0.14528024196624756,0.452873557806015,0.26643678545951843
YDR248C,YLR024C,0,-0.7223001,0.14517317712306976,0.452873557806015,0.2666666805744171
YDR196C,YDR081C,0,-0.72283447,0.1450662761926651,0.452873557806015,0.2668965458869934
YGR192C,YCR040W,0,-0.7234646,0.14495952427387238,0.452873557806015,0.2671264410018921
YBR042C,YLR305C,0,-0.72367305,0.14485293626785278,0.452873557806015,0.26735633611679077
YJL155C,YNL027W,0,-0.72368616,0.14474651217460632,0.452873557806015,0.26758620142936707
YKL126W,YNL329C,0,-0.7237622,0.1446402370929718,0.452873557806015,0.26781609654426575
YCR087C-A,YGL130W,0,-0.7242903,0.14453411102294922,0.452873557806015,0.26804599165916443
YGR020C,YGR279C,0,-0.72434825,0.14442814886569977,0.452873557806015,0.2682758569717407
YLR368W,YOR084W,0,-0.72461724,0.14432235062122345,0.452873557806015,0.2685057520866394
YML014W,YHR002W,0,-0.72507775,0.14421668648719788,0.452873557806015,0.2687356173992157
YDL120W,YBR241C,0,-0.7252377,0.14411118626594543,0.452873557806015,0.2689655125141144
YCR023C,YDR334W,0,-0.7252793,0.14400584995746613,0.452873557806015,0.26919540762901306
YLR187W,YLR154C,0,-0.7253213,0.14390066266059875,0.452873557806015,0.26942527294158936
YDL133C-A,YML075C,0,-0.7257722,0.14379562437534332,0.452873557806015,0.26965516805648804
YNL046W,YJR159W,0,-0.7263545,0.14369073510169983,0.452873557806015,0.2698850631713867
YDR447C,YDR332W,0,-0.7270835,0.14358600974082947,0.452873557806015,0.270114928483963
YKR037C,YPL162C,0,-0.72717845,0.14348143339157104,0.452873557806015,0.2703448235988617
YLL032C,YJL137C,0,-0.72732496,0.14337700605392456,0.452873557806015,0.2705747187137604
YHR072W,YIR017C,0,-0.7274916,0.14327272772789001,0.452873557806015,0.27080458402633667
YOR237W,YDL019C,1,-0.7279413,0.14389534294605255,0.45517241954803467,0.27080458402633667
YGR062C,YBL003C,0,-0.7281417,0.1437908560037613,0.45517241954803467,0.27103447914123535
YIL108W,YGR223C,0,-0.72827065,0.14368650317192078,0.45517241954803467,0.27126437425613403
YJL004C,YER029C,0,-0.72849154,0.1435822993516922,0.45517241954803467,0.2714942395687103
YOL001W,YPL270W,0,-0.72859436,0.14347825944423676,0.45517241954803467,0.271724134683609
YLR160C,YBR202W,0,-0.7294149,0.14337436854839325,0.45517241954803467,0.2719540297985077
YIL177C,YPL252C,0,-0.7297544,0.14327062666416168,0.45517241954803467,0.272183895111084
YOR133W,YAR010C,0,-0.7298962,0.14316703379154205,0.45517241954803467,0.27241379022598267
YDR266C,YOL089C,0,-0.729948,0.14306358993053436,0.45517241954803467,0.27264368534088135
YNL336W,YDR142C,0,-0.7310694,0.1429602950811386,0.45517241954803467,0.27287355065345764
YIL082W-A,YKR087C,0,-0.7312874,0.1428571492433548,0.45517241954803467,0.2731034457683563
YPL046C,YOL077W-A,0,-0.73133606,0.14275415241718292,0.45517241954803467,0.273333340883255
YGR014W,YOL038W,0,-0.73146486,0.1426512897014618,0.45517241954803467,0.2735632061958313
YIR013C,YKL222C,0,-0.7316929,0.1425485908985138,0.45517241954803467,0.27379310131073
YDR470C,YJR099W,0,-0.73218,0.14244604110717773,0.45517241954803467,0.27402299642562866
YGR148C,YOL030W,0,-0.7331317,0.1423436403274536,0.45517241954803467,0.27425286173820496
YDR174W,YFL045C,0,-0.7334027,0.14224137365818024,0.45517241954803467,0.27448275685310364
YDR018C,YPL220W,0,-0.7334612,0.14213927090168,0.45517241954803467,0.2747126519680023
YBR079C,YPL124W,0,-0.7336986,0.1420373022556305,0.45517241954803467,0.2749425172805786
YER016W,YDR142C,0,-0.7340977,0.14193548262119293,0.45517241954803467,0.2751724123954773
YLR032W,YDR177W,0,-0.73426235,0.1418338119983673,0.45517241954803467,0.275402307510376
YDR296W,YJR076C,0,-0.7343987,0.14173229038715363,0.45517241954803467,0.27563217282295227
YKL178C,YPR118W,0,-0.73443216,0.14163090288639069,0.45517241954803467,0.27586206793785095
YER058W,YMR214W,0,-0.7346003,0.14152966439723969,0.45517241954803467,0.27609196305274963
YLR035C-A,YIL097W,0,-0.7347505,0.14142857491970062,0.45517241954803467,0.2763218283653259
YCL038C,YDR219C,0,-0.73518956,0.1413276195526123,0.45517241954803467,0.2765517234802246
YLR020C,YIL065C,0,-0.7352137,0.14122681319713593,0.45517241954803467,0.2767816185951233
YKL086W,YNR069C,0,-0.73526484,0.14112615585327148,0.45517241954803467,0.2770114839076996
YPL094C,YHL022C,0,-0.73586863,0.14102564752101898,0.45517241954803467,0.27724137902259827
YJR107W,YOR294W,0,-0.7360487,0.14092527329921722,0.45517241954803467,0.27747127413749695
YKL135C,YPR043W,0,-0.73616064,0.1408250331878662,0.45517241954803467,0.27770113945007324
YNL085W,YCR011C,0,-0.73647726,0.14072494208812714,0.45517241954803467,0.2779310345649719
YDL036C,YGL237C,0,-0.7364886,0.140625,0.45517241954803467,0.2781609296798706
YCR102C,YNL267W,0,-0.73670226,0.1405251920223236,0.45517241954803467,0.2783907949924469
YDR420W,YCL062W,0,-0.7367446,0.14042553305625916,0.45517241954803467,0.2786206901073456
YDR079C-A,YGL054C,0,-0.7372092,0.14032600820064545,0.45517241954803467,0.27885058522224426
YLR242C,YNL264C,1,-0.73728335,0.14093483984470367,0.45747125148773193,0.27885058522224426
YBR093C,YJL160C,0,-0.73758566,0.14083510637283325,0.45747125148773193,0.27908045053482056
YCR094W,YNL264C,1,-0.73792136,0.14144271612167358,0.4597701132297516,0.27908045053482056
YPR036W,YNL258C,0,-0.7381639,0.14134275913238525,0.4597701132297516,0.27931034564971924
YIR006C,YOR080W,0,-0.7385274,0.14124293625354767,0.4597701132297516,0.2795402407646179
YHR092C,YMR024W,0,-0.73867005,0.14114326238632202,0.4597701132297516,0.2797701060771942
YGR135W,YDL146W,0,-0.739531,0.14104372262954712,0.4597701132297516,0.2800000011920929
YOR176W,YKR029C,0,-0.7404218,0.14094433188438416,0.4597701132297516,0.2802298963069916
YLR035C-A,YIL109C,0,-0.7407596,0.14084507524967194,0.4597701132297516,0.28045976161956787
YDR218C,YMR304W,0,-0.74122214,0.14074595272541046,0.4597701132297516,0.28068965673446655
YPL147W,YNL231C,1,-0.7413924,0.14135020971298218,0.46206897497177124,0.28068965673446655
YNL323W,YDR093W,1,-0.74143505,0.14195361733436584,0.4643678069114685,0.28068965673446655
YHR156C,YLR172C,0,-0.74155176,0.141853928565979,0.4643678069114685,0.28091955184936523
YML124C,YJR029W,0,-0.7416652,0.1417543888092041,0.4643678069114685,0.28114941716194153
YER145C,YOL075C,0,-0.741787,0.14165498316287994,0.4643678069114685,0.2813793122768402
YMR088C,YOL067C,0,-0.74237025,0.14155571162700653,0.4643678069114685,0.2816092073917389
YLR278C,YLR316C,0,-0.74251276,0.14145658910274506,0.4643678069114685,0.2818390727043152
YOR017W,YLR066W,0,-0.7427161,0.14135758578777313,0.4643678069114685,0.28206896781921387
YLR120C,YPR107C,0,-0.74281883,0.14125874638557434,0.4643678069114685,0.28229886293411255
YHR116W,YOL053C-A,0,-0.74294585,0.1411600261926651,0.4643678069114685,0.28252872824668884
YMR022W,YIL021W,0,-0.74315643,0.1410614550113678,0.4643678069114685,0.2827586233615875
YCR054C,YHR104W,0,-0.7432568,0.14096301794052124,0.4643678069114685,0.2829885184764862
YOL064C,YPL153C,0,-0.74326295,0.14086471498012543,0.4643678069114685,0.2832183837890625
YNR004W,YMR017W,0,-0.7435874,0.14076654613018036,0.4643678069114685,0.2834482789039612
YKR003W,YER166W,1,-0.74363613,0.1413649022579193,0.46666666865348816,0.2834482789039612
YBR213W,YHL001W,0,-0.7437308,0.14126652479171753,0.46666666865348816,0.28367817401885986
YCR094W,YMR246W,1,-0.744081,0.14186370372772217,0.4689655303955078,0.28367817401885986
YER073W,YHR178W,0,-0.7450038,0.14176511764526367,0.4689655303955078,0.28390803933143616
YCL069W,YOR251C,0,-0.74528867,0.14166666567325592,0.4689655303955078,0.28413793444633484
YOR243C,YDL126C,0,-0.7453989,0.1415683627128601,0.4689655303955078,0.2843678295612335
YMR246W,YNL264C,1,-0.74585235,0.14216366410255432,0.4712643623352051,0.2843678295612335
YKL188C,YHR001W,1,-0.7463668,0.14275814592838287,0.47356322407722473,0.2843678295612335
YJL062W,YKL053C-A,0,-0.7465488,0.1426592767238617,0.47356322407722473,0.2845976948738098
YJR127C,YLR301W,0,-0.7468598,0.14256055653095245,0.47356322407722473,0.2848275899887085
YHR203C,YHR132C,0,-0.7469537,0.14246197044849396,0.47356322407722473,0.2850574851036072
YLR467W,YNR050C,0,-0.74738914,0.142363503575325,0.47356322407722473,0.28528735041618347
YMR199W,YOL041C,0,-0.74762696,0.1422652006149292,0.47356322407722473,0.28551724553108215
YLR356W,YBR228W,0,-0.7479576,0.14216701686382294,0.47356322407722473,0.28574714064598083
YGL191W,YBR251W,0,-0.7480277,0.14206896722316742,0.47356322407722473,0.28597700595855713
YNR040W,YML088W,0,-0.7484678,0.14197105169296265,0.47356322407722473,0.2862069010734558
YDR239C,YMR145C,0,-0.7486899,0.1418732851743698,0.47356322407722473,0.2864367961883545
YDL198C,YOL033W,0,-0.7487102,0.14177563786506653,0.47356322407722473,0.2866666615009308
YMR176W,YAR071W,0,-0.74906677,0.141678124666214,0.47356322407722473,0.28689655661582947
YKL092C,YKL107W,0,-0.7496212,0.1415807604789734,0.47356322407722473,0.28712642192840576
YGR163W,YER053C,0,-0.7500664,0.14148351550102234,0.47356322407722473,0.28735631704330444
YOR197W,YHL047C,0,-0.7504576,0.14138640463352203,0.47356322407722473,0.2875862121582031
YNL069C,YHR004C,0,-0.7504941,0.14128944277763367,0.47356322407722473,0.2878160774707794
YDR073W,YJR028W,0,-0.75050825,0.14119260013103485,0.47356322407722473,0.2880459725856781
YHR143W,YBR287W,0,-0.75063586,0.14109589159488678,0.47356322407722473,0.2882758677005768
YHR058C,YOR298C-A,0,-0.75069714,0.14099931716918945,0.47356322407722473,0.2885057330131531
YLL023C,YDL095W,0,-0.75171417,0.14090287685394287,0.47356322407722473,0.28873562812805176
YNL032W,YCL057W,0,-0.7518484,0.14080655574798584,0.47356322407722473,0.28896552324295044
YPL066W,YBR235W,0,-0.7519399,0.14071038365364075,0.47356322407722473,0.28919538855552673
YJL190C,YPL045W,0,-0.7520604,0.1406143307685852,0.47356322407722473,0.2894252836704254
YPR196W,YKL212W,0,-0.7524189,0.1405184119939804,0.47356322407722473,0.2896551787853241
YNL208W,YER190W,0,-0.752421,0.14042262732982635,0.47356322407722473,0.2898850440979004
YLL009C,YBR079C,0,-0.7529162,0.14032697677612305,0.47356322407722473,0.2901149392127991
YOR196C,YDL232W,0,-0.75347733,0.1402314454317093,0.47356322407722473,0.29034483432769775
YLR450W,YER138C,0,-0.75376993,0.14013604819774628,0.47356322407722473,0.29057469964027405
YLR119W,YNL186W,0,-0.7539712,0.140040785074234,0.47356322407722473,0.29080459475517273
YDR093W,YBR041W,1,-0.75407696,0.140625,0.475862056016922,0.29080459475517273
YML063W,YBL112C,0,-0.75411016,0.14052952826023102,0.475862056016922,0.2910344898700714
YNL101W,YCL027C-A,0,-0.75423455,0.14043419063091278,0.475862056016922,0.2912643551826477
YOR246C,YER184C,0,-0.75490373,0.1403389871120453,0.475862056016922,0.2914942502975464
YPL190C,YNR021W,0,-0.75498134,0.14024390280246735,0.475862056016922,0.29172414541244507
YMR246W,YAR044W,1,-0.75592077,0.1408260017633438,0.47816091775894165,0.29172414541244507
YER120W,YDL019C,1,-0.7566365,0.141407310962677,0.4804597795009613,0.29172414541244507
YMR208W,YOR255W,0,-0.75667727,0.14131169021129608,0.4804597795009613,0.29195401072502136
YNL323W,YER166W,1,-0.757093,0.14189189672470093,0.48275861144065857,0.29195401072502136
YAR044W,YBR041W,1,-0.75726986,0.1424712985754013,0.4850574731826782,0.29195401072502136
YAR031W,YBR008C,0,-0.75789094,0.1423751711845398,0.4850574731826782,0.29218390583992004
YJL106W,YIR018W,0,-0.7579566,0.14227916300296783,0.4850574731826782,0.2924138009548187
YNL189W,YOL165C,0,-0.75808764,0.14218328893184662,0.4850574731826782,0.292643666267395
YOR317W,YLR242C,1,-0.75817144,0.14276094734668732,0.4873563349246979,0.292643666267395
YPL275W,YBR082C,0,-0.7581809,0.14266487956047058,0.4873563349246979,0.2928735613822937
YDR142C,YOL137W,0,-0.7583122,0.1425689309835434,0.4873563349246979,0.2931034564971924
YIL048W,YER120W,1,-0.7585239,0.14314515888690948,0.48965516686439514,0.2931034564971924
YGR234W,YFR045W,0,-0.7586905,0.14304903149604797,0.48965516686439514,0.2933333218097687
YKR061W,YDR356W,0,-0.7593595,0.142953023314476,0.48965516686439514,0.29356321692466736
YDL014W,YOL109W,0,-0.75955725,0.1428571492433548,0.48965516686439514,0.29379311203956604
YGL012W,YHL024W,0,-0.760244,0.14276139438152313,0.48965516686439514,0.29402297735214233
YOR295W,YLR148W,0,-0.76033354,0.1426657736301422,0.48965516686439514,0.294252872467041
YBR122C,YGR061C,0,-0.7604808,0.14257028698921204,0.48965516686439514,0.2944827675819397
YHL022C,YDR507C,0,-0.76048535,0.1424749195575714,0.48965516686439514,0.294712632894516
YGL051W,YKL011C,0,-0.76084864,0.14237968623638153,0.48965516686439514,0.2949425280094147
YMR266W,YMR176W,0,-0.76116484,0.1422845721244812,0.48965516686439514,0.29517242312431335
YKR099C-A,YPL271W,0,-0.761221,0.14218959212303162,0.48965516686439514,0.29540228843688965
YLR099C,YLR410W,0,-0.76130706,0.14209473133087158,0.48965516686439514,0.29563218355178833
YGR218W,YPR192W,0,-0.7614075,0.1420000046491623,0.48965516686439514,0.295862078666687
YBR221C,YGR128C,0,-0.76148885,0.14190539717674255,0.48965516686439514,0.2960919439792633
YCL020W,YOR322C,0,-0.7617997,0.14181092381477356,0.48965516686439514,0.296321839094162
YPR032W,YLR225C,0,-0.76283914,0.14171656966209412,0.48965516686439514,0.29655173420906067
YNL307C,YER091C,0,-0.76287043,0.14162233471870422,0.48965516686439514,0.29678159952163696
YOR304C-A,YER004W,0,-0.76297796,0.14152823388576508,0.48965516686439514,0.29701149463653564
YPL241C,YER094C,0,-0.76315016,0.14143426716327667,0.48965516686439514,0.2972413897514343
YGL178W,YGR071C,0,-0.7636379,0.14134040474891663,0.48965516686439514,0.2974712550640106
YBR286W,YKL211C,0,-0.76392597,0.14124669134616852,0.48965516686439514,0.2977011501789093
YGL032C,YLR391W,0,-0.76396316,0.14115308225154877,0.48965516686439514,0.297931045293808
YMR045C,YHR136C,0,-0.7641946,0.14105960726737976,0.48965516686439514,0.2981609106063843
YLR222C,YPR091C,0,-0.7647549,0.1409662514925003,0.48965516686439514,0.29839080572128296
YGR033C,YNL026W,0,-0.76476973,0.1408730149269104,0.48965516686439514,0.29862070083618164
YCR094W,YER120W,1,-0.7649064,0.14144083857536316,0.4919540286064148,0.29862070083618164
YDL222C,YJL047C,0,-0.76515096,0.14134742319583893,0.4919540286064148,0.29885056614875793
YMR228W,YOR391C,0,-0.76515347,0.14125412702560425,0.4919540286064148,0.2990804612636566
YBL090W,YLR275W,0,-0.7654499,0.14116095006465912,0.4919540286064148,0.2993103563785553
YDL204W,YER137C,0,-0.7655423,0.14106789231300354,0.4919540286064148,0.2995402216911316
YLR134W,YDL121C,0,-0.7657423,0.1409749686717987,0.4919540286064148,0.2997701168060303
YDR320C-A,YMR143W,0,-0.7662981,0.14088216423988342,0.4919540286064148,0.30000001192092896
YEL029C,YNR036C,0,-0.7671771,0.1407894790172577,0.4919540286064148,0.30022987723350525
YOL033W,YNL279W,0,-0.7676002,0.1406969130039215,0.4919540286064148,0.30045977234840393
YOL075C,YPR075C,0,-0.7676419,0.14060446619987488,0.4919540286064148,0.3006896674633026
YLR174W,YMR033W,0,-0.7677697,0.140512153506279,0.4919540286064148,0.3009195327758789
YHR174W,YGL179C,0,-0.7680329,0.14041994512081146,0.4919540286064148,0.3011494278907776
YPR183W,YFL036W,0,-0.76835376,0.14032787084579468,0.4919540286064148,0.30137932300567627
YNR047W,YAR044W,1,-0.7685342,0.14089122414588928,0.49425286054611206,0.30137932300567627
YLR373C,YHR044C,0,-0.768725,0.14079895615577698,0.49425286054611206,0.30160918831825256
YMR208W,YLR172C,0,-0.76880085,0.14070680737495422,0.49425286054611206,0.30183908343315125
YBL046W,YAL053W,0,-0.7689485,0.14061477780342102,0.49425286054611206,0.3020689785480499
YOR008C,YGL135W,0,-0.7690043,0.14052288234233856,0.49425286054611206,0.3022988438606262
YHR105W,YOR003W,0,-0.7691549,0.14043109118938446,0.49425286054611206,0.3025287389755249
YJR068W,YFL002W-A,0,-0.7701318,0.1403394192457199,0.49425286054611206,0.3027586340904236
YML094W,YJL006C,0,-0.7702893,0.1402478814125061,0.49425286054611206,0.3029884994029999
YOR181W,YML039W,0,-0.7703476,0.14015644788742065,0.49425286054611206,0.30321839451789856
YDR093W,YMR079W,1,-0.77042097,0.14071661233901978,0.4965517222881317,0.30321839451789856
YMR075W,YNR050C,0,-0.7709967,0.140625,0.4965517222881317,0.30344828963279724
YHR028C,YDL129W,0,-0.771143,0.14053350687026978,0.4965517222881317,0.30367815494537354
YER070W,YGR020C,0,-0.7711841,0.1404421329498291,0.4965517222881317,0.3039080500602722
YPR196W,YGL097W,0,-0.77125806,0.14035087823867798,0.4965517222881317,0.3041379451751709
YOR261C,YKL157W,0,-0.77142245,0.1402597427368164,0.4965517222881317,0.3043678104877472
YGL035C,YKL065C,0,-0.7717178,0.14016872644424438,0.4965517222881317,0.3045977056026459
YKL199C,YBR123C,0,-0.7717645,0.14007781445980072,0.4965517222881317,0.30482760071754456
YOL007C,YGR118W,0,-0.7720121,0.1399870365858078,0.4965517222881317,0.30505746603012085
YEL031W,YDR322W,0,-0.77227676,0.13989637792110443,0.4965517222881317,0.30528736114501953
YLL009C,YNL326C,0,-0.7727816,0.13980582356452942,0.4965517222881317,0.3055172562599182
YPL033C,YOR088W,0,-0.7731224,0.13971538841724396,0.4965517222881317,0.3057471215724945
YLR353W,YDR170W-A,0,-0.7733904,0.13962508738040924,0.4965517222881317,0.3059770166873932
YLR095C,YDR394W,0,-0.77347124,0.13953489065170288,0.4965517222881317,0.3062068819999695
YGL191W,YLL017W,0,-0.77349615,0.13944479823112488,0.4965517222881317,0.30643677711486816
YHR003C,YER153C,0,-0.77370405,0.13935483992099762,0.4965517222881317,0.30666667222976685
YER153C,YPL226W,0,-0.773983,0.13926498591899872,0.4965517222881317,0.30689653754234314
YHR098C,YKR037C,0,-0.77426314,0.13917525112628937,0.4965517222881317,0.3071264326572418
YLR187W,YEL069C,0,-0.7744803,0.13908563554286957,0.4965517222881317,0.3073563277721405
YHR171W,YIL067C,0,-0.7747141,0.13899613916873932,0.4965517222881317,0.3075861930847168
YGL175C,YDL112W,0,-0.77476263,0.13890674710273743,0.4965517222881317,0.3078160881996155
YDR186C,YPR200C,0,-0.77480686,0.13881747424602509,0.4965517222881317,0.30804598331451416
YGL011C,YCR070W,0,-0.7748137,0.1387283205986023,0.4965517222881317,0.30827584862709045
YIL172C,YOR384W,0,-0.77521956,0.13863928616046906,0.4965517222881317,0.30850574374198914
YML069W,YCR040W,0,-0.775506,0.13855035603046417,0.4965517222881317,0.3087356388568878
YDR541C,YGR123C,0,-0.77589095,0.13846154510974884,0.4965517222881317,0.3089655041694641
YGL046W,YGL059W,0,-0.7759818,0.13837283849716187,0.4965517222881317,0.3091953992843628
YNL304W,YBR014C,0,-0.77604747,0.13828425109386444,0.4965517222881317,0.3094252943992615
YCL052C,YDR229W,0,-0.77609926,0.13819578289985657,0.4965517222881317,0.30965515971183777
YJR044C,YLR086W,0,-0.77623934,0.13810741901397705,0.4965517222881317,0.30988505482673645
YFR005C,YCR077C,0,-0.77629864,0.13801917433738708,0.4965517222881317,0.31011494994163513
YDR134C,YAL012W,0,-0.776319,0.13793103396892548,0.4965517222881317,0.3103448152542114
YLR005W,YJR047C,0,-0.77657163,0.13784301280975342,0.4965517222881317,0.3105747103691101
YGL035C,YDR210W,0,-0.77684134,0.13775509595870972,0.4965517222881317,0.3108046054840088
YNL135C,YOR353C,0,-0.7768829,0.13766729831695557,0.4965517222881317,0.3110344707965851
YLR038C,YIL080W,0,-0.77693886,0.13757961988449097,0.4965517222881317,0.31126436591148376
YMR276W,YDR385W,0,-0.7769457,0.13749204576015472,0.4965517222881317,0.31149426102638245
YFL002W-A,YPR181C,0,-0.77716005,0.13740457594394684,0.4965517222881317,0.31172412633895874
YEL011W,YOL066C,0,-0.7772149,0.1373172253370285,0.4965517222881317,0.3119540214538574
YCR088W,YPL181W,0,-0.77727836,0.13722999393939972,0.4965517222881317,0.3121839165687561
YNL323W,YNR047W,1,-0.7786769,0.13777777552604675,0.49885058403015137,0.3121839165687561
YCL060C,YOL089C,0,-0.77897537,0.13769035041332245,0.49885058403015137,0.3124137818813324
YDL109C,YJR026W,0,-0.7790902,0.1376030445098877,0.49885058403015137,0.3126436769962311
YLR406C,YNR006W,0,-0.77919424,0.1375158429145813,0.49885058403015137,0.31287357211112976
YNR013C,YPR102C,0,-0.7794076,0.13742874562740326,0.49885058403015137,0.31310343742370605
YDR051C,YAR044W,1,-0.7795255,0.13797467947006226,0.5011494159698486,0.31310343742370605
YNL257C,YGR029W,0,-0.7798467,0.13788741827011108,0.5011494159698486,0.31333333253860474
YPL155C,YJL178C,0,-0.77990186,0.13780024647712708,0.5011494159698486,0.3135632276535034
YDL114W,YLR318W,0,-0.78001064,0.1377132087945938,0.5011494159698486,0.3137930929660797
YFR018C,YIL172C,0,-0.7806018,0.1376262605190277,0.5011494159698486,0.3140229880809784
YIL093C,YDR408C,0,-0.7806511,0.13753943145275116,0.5011494159698486,0.3142528831958771
YDR520C,YOR240W,0,-0.7807571,0.13745270669460297,0.5011494159698486,0.31448274850845337
YOR061W,YDL052C,0,-0.78079426,0.13736610114574432,0.5011494159698486,0.31471264362335205
YGR034W,YOR240W,0,-0.7808567,0.13727959990501404,0.5011494159698486,0.31494253873825073
YMR251W-A,YKL109W,0,-0.7808924,0.1371932029724121,0.5011494159698486,0.315172404050827
YKR094C,YDR248C,0,-0.7809962,0.13710692524909973,0.5011494159698486,0.3154022991657257
YNL096C,YLR160C,0,-0.7823818,0.13702073693275452,0.5011494159698486,0.3156321942806244
YDR446W,YDR131C,0,-0.7830578,0.13693466782569885,0.5011494159698486,0.3158620595932007
YLR295C,YDL045C,0,-0.78350896,0.13684871792793274,0.5011494159698486,0.31609195470809937
YDR248C,YIR012W,0,-0.78367627,0.1367628574371338,0.5011494159698486,0.31632184982299805
YER106W,YFR006W,0,-0.7837607,0.1366771161556244,0.5011494159698486,0.31655171513557434
YDL170W,YBL064C,0,-0.7838653,0.13659147918224335,0.5011494159698486,0.316781610250473
YOL004W,YLR103C,0,-0.7840195,0.13650594651699066,0.5011494159698486,0.3170115053653717
YMR058W,YBR024W,0,-0.78418195,0.13642053306102753,0.5011494159698486,0.317241370677948
YLR005W,YCL075W,0,-0.7842952,0.13633520901203156,0.5011494159698486,0.3174712657928467
YGL172W,YGL079W,0,-0.7843007,0.13625000417232513,0.5011494159698486,0.31770116090774536
YLR391W,YAL043C,0,-0.78452104,0.13616490364074707,0.5011494159698486,0.31793102622032166
YDL095W,YMR227C,0,-0.78495824,0.13607990741729736,0.5011494159698486,0.31816092133522034
YJL044C,YOR074C,0,-0.78508633,0.135995015501976,0.5011494159698486,0.318390816450119
YER011W,YMR288W,0,-0.7852922,0.13591022789478302,0.5011494159698486,0.3186206817626953
YGL040C,YIL108W,0,-0.78567743,0.13582554459571838,0.5011494159698486,0.318850576877594
YHR188C,YMR039C,0,-0.7858232,0.1357409656047821,0.5011494159698486,0.3190804719924927
YER130C,YAL040C,0,-0.785892,0.13565650582313538,0.5011494159698486,0.31931033730506897
YDL205C,YIL177C,0,-0.78617495,0.1355721354484558,0.5011494159698486,0.31954023241996765
YDR115W,YLR176C,0,-0.7862127,0.1354878842830658,0.5011494159698486,0.31977012753486633
YKL217W,YJL143W,0,-0.7866503,0.13540372252464294,0.5011494159698486,0.3199999928474426
YGL046W,YIR037W,0,-0.78679,0.13531967997550964,0.5011494159698486,0.3202298879623413
YMR143W,YOR304W,0,-0.7869116,0.1352357268333435,0.5011494159698486,0.32045978307724
YDR263C,YOR222W,0,-0.7870371,0.13515189290046692,0.5011494159698486,0.3206896483898163
YCL020W,YNL241C,0,-0.78707653,0.1350681483745575,0.5011494159698486,0.32091954350471497
YBL106C,YPR165W,0,-0.7872876,0.13498452305793762,0.5011494159698486,0.32114943861961365
YHR001W,YNL231C,1,-0.787326,0.13551980257034302,0.5034482479095459,0.32114943861961365
YOR181W,YER119C,0,-0.78734994,0.13543599843978882,0.5034482479095459,0.32137930393218994
YGL224C,YLR394W,0,-0.7877848,0.13535228371620178,0.5034482479095459,0.3216091990470886
YOL120C,YDL038C,0,-0.7877932,0.1352686882019043,0.5034482479095459,0.3218390941619873
YGR284C,YJL073W,0,-0.7878527,0.13518518209457397,0.5034482479095459,0.3220689594745636
YAR003W,YER091C,0,-0.7878923,0.1351017951965332,0.5034482479095459,0.3222988545894623
YER162C,YLR038C,0,-0.7885232,0.1350184977054596,0.5034482479095459,0.32252874970436096
YLR312C-B,YMR036C,0,-0.7887162,0.13493530452251434,0.5034482479095459,0.32275861501693726
YLL045C,YPL134C,0,-0.7888256,0.13485221564769745,0.5034482479095459,0.32298851013183594
YOR321W,YHR019C,0,-0.7889974,0.1347692310810089,0.5034482479095459,0.3232184052467346
YCR033W,YPL134C,0,-0.78921306,0.13468635082244873,0.5034482479095459,0.3234482705593109
YKL018W,YGR135W,0,-0.78932875,0.1346035599708557,0.5034482479095459,0.3236781656742096
YGL046W,YHR044C,0,-0.7893535,0.13452088832855225,0.5034482479095459,0.3239080607891083
YHR039C-B,YIL044C,0,-0.789582,0.13443830609321594,0.5034482479095459,0.32413792610168457
YNL061W,YCR024C-A,0,-0.7900647,0.134355828166008,0.5034482479095459,0.32436782121658325
YOL062C,YOR088W,0,-0.7900664,0.1342734545469284,0.5034482479095459,0.32459768652915955
YJL122W,YNL138W-A,0,-0.79018784,0.13419117033481598,0.5034482479095459,0.3248275816440582
YGR038W,YMR061W,0,-0.79045665,0.1341090053319931,0.5034482479095459,0.3250574767589569
YDR529C,YML075C,0,-0.79045826,0.1340269297361374,0.5034482479095459,0.3252873420715332
YHR181W,YBR291C,0,-0.7907798,0.13394495844841003,0.5034482479095459,0.3255172371864319
YCL025C,YOL075C,0,-0.79085445,0.13386307656764984,0.5034482479095459,0.32574713230133057
YLR187W,YHL018W,0,-0.7909151,0.1337813138961792,0.5034482479095459,0.32597699761390686
YOL147C,YGR295C,0,-0.7911433,0.13369964063167572,0.5034482479095459,0.32620689272880554
YPL023C,YKR065C,0,-0.79119384,0.1336180567741394,0.5034482479095459,0.3264367878437042
YHR039C-B,YOL112W,0,-0.79171145,0.13353659212589264,0.5034482479095459,0.3266666531562805
YLR095C,YMR037C,0,-0.792022,0.13345521688461304,0.5034482479095459,0.3268965482711792
YDR033W,YOL038W,0,-0.7924335,0.1333739310503006,0.5034482479095459,0.3271264433860779
YFL034C-A,YER111C,0,-0.7931291,0.1332927644252777,0.5034482479095459,0.3273563086986542
YDR051C,YER120W,1,-0.7935443,0.13381995260715485,0.5057471394538879,0.3273563086986542
YOR367W,YLR359W,0,-0.7936442,0.13373860716819763,0.5057471394538879,0.32758620381355286
YKR003W,YMR079W,1,-0.7937238,0.13426488637924194,0.5080459713935852,0.32758620381355286
YNL321W,YKL103C,0,-0.7938208,0.1341833621263504,0.5080459713935852,0.32781609892845154
YKL157W,YBL103C,0,-0.7941937,0.13410194218158722,0.5080459713935852,0.32804596424102783
YAR071W,YOR373W,0,-0.7942384,0.1340206116437912,0.5080459713935852,0.3282758593559265
YLR134W,YDL159W,0,-0.7945522,0.13393940031528473,0.5080459713935852,0.3285057544708252
YJL099W,YGR098C,0,-0.7947471,0.13385826349258423,0.5080459713935852,0.3287356197834015
YLR287C-A,YJL159W,0,-0.7949772,0.13377724587917328,0.5080459713935852,0.32896551489830017
YOR304W,YOL077W-A,0,-0.7949892,0.1336963027715683,0.5080459713935852,0.32919541001319885
YDL107W,YBL026W,0,-0.7951405,0.13361547887325287,0.5080459713935852,0.32942527532577515
YDL099W,YNR050C,0,-0.7953541,0.1335347443819046,0.5080459713935852,0.32965517044067383
YNL325C,YFL004W,0,-0.7953764,0.1334540992975235,0.5080459713935852,0.3298850655555725
YMR079W,YAR044W,1,-0.7954403,0.13397707045078278,0.5103448033332825,0.3298850655555725
YCR098C,YOR299W,0,-0.7955953,0.13389626145362854,0.5103448033332825,0.3301149308681488
YIL121W,YBR187W,0,-0.79562944,0.13381555676460266,0.5103448033332825,0.3303448259830475
YNL213C,YOL065C,0,-0.7956319,0.13373494148254395,0.5103448033332825,0.33057472109794617
YCR080W,YBR215W,0,-0.7959235,0.1336544305086136,0.5103448033332825,0.33080458641052246
YOR123C,YFL016C,0,-0.79653233,0.1335740089416504,0.5103448033332825,0.33103448152542114
YJR028W,YCR067C,0,-0.79673177,0.13349369168281555,0.5103448033332825,0.3312643766403198
YGR198W,YOR074C,0,-0.79720527,0.13341346383094788,0.5103448033332825,0.3314942419528961
YHR045W,YDR117C,0,-0.79737025,0.13333334028720856,0.5103448033332825,0.3317241370677948
YGL162W,YMR162C,1,-0.7977519,0.13385353982448578,0.5126436948776245,0.3317241370677948
YNL231C,YAR044W,1,-0.7979406,0.13437312841415405,0.5149425268173218,0.3317241370677948
YGR059W,YPR054W,0,-0.79895025,0.1342925727367401,0.5149425268173218,0.3319540321826935
YAR044W,YBL020W,1,-0.7990033,0.13481126725673676,0.517241358757019,0.3319540321826935
YKL091C,YNL231C,1,-0.7990372,0.13532933592796326,0.5195402503013611,0.3319540321826935
YIL129C,YGR221C,0,-0.79955095,0.1352483481168747,0.5195402503013611,0.3321838974952698
YGL048C,YIR034C,0,-0.79965264,0.1351674646139145,0.5195402503013611,0.33241379261016846
YPR137W,YOR057W,0,-0.7996837,0.13508667051792145,0.5195402503013611,0.33264368772506714
YMR189W,YER048W-A,0,-0.7999971,0.13500598073005676,0.5195402503013611,0.33287355303764343
YDR483W,YLR298C,0,-0.8001182,0.13492538034915924,0.5195402503013611,0.3331034481525421
YDR137W,YCR030C,0,-0.8001821,0.13484486937522888,0.5195402503013611,0.3333333432674408
YKL165C,YOR167C,0,-0.8002329,0.13476446270942688,0.5195402503013611,0.3335632085800171
YLR228C,YNL301C,0,-0.80026686,0.13468414545059204,0.5195402503013611,0.33379310369491577
YNL323W,YKR003W,1,-0.80043286,0.13519951701164246,0.5218390822410583,0.33379310369491577
YKL094W,YER011W,0,-0.80044425,0.13511905074119568,0.5218390822410583,0.33402299880981445
YER166W,YBR041W,1,-0.8006382,0.13563355803489685,0.5241379141807556,0.33402299880981445
YFL038C,YOR095C,0,-0.8011547,0.13555291295051575,0.5241379141807556,0.33425286412239075
YBR283C,YDR038C,0,-0.8012074,0.135472372174263,0.5241379141807556,0.33448275923728943
YNL007C,YBL093C,0,-0.80125487,0.13539192080497742,0.5241379141807556,0.3347126543521881
YIL162W,YLR310C,0,-0.8016358,0.1353115737438202,0.5241379141807556,0.3349425196647644
YKL024C,YNL229C,0,-0.80163825,0.13523131608963013,0.5241379141807556,0.3351724147796631
YOR198C,YLR035C-A,0,-0.8020808,0.13515116274356842,0.5241379141807556,0.33540230989456177
YPL147W,YNL323W,1,-0.8022188,0.13566350936889648,0.5264368057250977,0.33540230989456177
YPL084W,YHR017W,0,-0.8024609,0.13558319211006165,0.5264368057250977,0.33563217520713806
YLR242C,YHR001W,1,-0.8029525,0.13609467446804047,0.5287356376647949,0.33563217520713806
YMR201C,YIL168W,0,-0.8030505,0.1360141932964325,0.5287356376647949,0.33586207032203674
YPL157W,YMR268W-A,0,-0.8031142,0.1359338015317917,0.5287356376647949,0.3360919654369354
YLL038C,YJL128C,0,-0.80327445,0.13585351407527924,0.5287356376647949,0.3363218307495117
YCR094W,YER166W,1,-0.80392075,0.13636364042758942,0.5310344696044922,0.3363218307495117
YOL157C,YMR200W,0,-0.80407286,0.13628318905830383,0.5310344696044922,0.3365517258644104
YLR389C,YLR103C,0,-0.8042886,0.1362028270959854,0.5310344696044922,0.3367816209793091
YBL050W,YDR341C,0,-0.8046582,0.13612256944179535,0.5310344696044922,0.3370114862918854
YLR079W,YGR116W,0,-0.804699,0.13604240119457245,0.5310344696044922,0.33724138140678406
YGR109W-B,YPR102C,0,-0.80487984,0.1359623372554779,0.5310344696044922,0.33747127652168274
YKL067W,YDR081C,0,-0.8048959,0.13588234782218933,0.5310344696044922,0.33770114183425903
YML036W,YDL055C,0,-0.8049737,0.1358024626970291,0.5310344696044922,0.3379310369491577
YDR137W,YOR142W-A,0,-0.80499494,0.13572268187999725,0.5310344696044922,0.3381609320640564
YKL101W,YDR261C-D,0,-0.80503106,0.13564297556877136,0.5310344696044922,0.3383907973766327
YDR261W-B,YMR223W,0,-0.80510974,0.13556337356567383,0.5310344696044922,0.33862069249153137
YDR210W-B,YPR144C,0,-0.80517274,0.13548387587070465,0.5310344696044922,0.33885058760643005
YGR038C-B,YOR231W,0,-0.8053642,0.13540445268154144,0.5310344696044922,0.33908045291900635
YDR034C-D,YJL151C,0,-0.8053758,0.1353251338005066,0.5310344696044922,0.33931034803390503
YOR343W-B,YOL109W,0,-0.80537844,0.1352459043264389,0.5310344696044922,0.3395402431488037
YPL257W-B,YHR109W,0,-0.80538523,0.13516676425933838,0.5310344696044922,0.33977010846138
YHL009W-B,YDL051W,0,-0.8053956,0.13508771359920502,0.5310344696044922,0.3400000035762787
YOR237W,YAR044W,1,-0.8053984,0.1355932205915451,0.5333333611488342,0.3400000035762787
YIR022W,YOR298C-A,0,-0.8053995,0.1355140209197998,0.5333333611488342,0.34022989869117737
YLR116W,YER159C-A,0,-0.8054008,0.13543491065502167,0.5333333611488342,0.34045976400375366
YGL211W,YOR298C-A,0,-0.8054057,0.1353558897972107,0.5333333611488342,0.34068965911865234
YPL257W-A,YPR200C,0,-0.80540586,0.13527697324752808,0.5333333611488342,0.340919554233551
YNR073C,YOL103W-B,0,-0.8054103,0.13519813120365143,0.5333333611488342,0.3411494195461273
YFR005C,YJL139C,0,-0.80569917,0.13511939346790314,0.5333333611488342,0.341379314661026
YMR171C,YKR039W,0,-0.8057077,0.135040745139122,0.5333333611488342,0.3416092097759247
YBL075C,YDR261C-D,0,-0.80599177,0.13496218621730804,0.5333333611488342,0.341839075088501
YGR161W-B,YOR231W,0,-0.8060136,0.13488371670246124,0.5333333611488342,0.34206897020339966
YPR158C-C,YGR090W,0,-0.8061372,0.1348053514957428,0.5333333611488342,0.34229886531829834
YDL035C,YPL257W-A,0,-0.8061614,0.13472706079483032,0.5333333611488342,0.34252873063087463
YFR018C,YDR365W-B,0,-0.806177,0.1346488744020462,0.5333333611488342,0.3427586257457733
YMR308C,YPR158W-A,0,-0.8062048,0.13457076251506805,0.5333333611488342,0.3429884910583496
YLR410W-A,YJL176C,0,-0.80626655,0.13449275493621826,0.5333333611488342,0.3432183861732483
YBR182C,YDR034C-C,0,-0.80636877,0.13441483676433563,0.5333333611488342,0.343448281288147
YPR137C-B,YJL102W,0,-0.80638057,0.13433700799942017,0.5333333611488342,0.34367814660072327
YLR100W,YGL046W,0,-0.80650514,0.13425925374031067,0.5333333611488342,0.34390804171562195
YJL134W,YPR137C-A,0,-0.8065218,0.13418160378932953,0.5333333611488342,0.34413793683052063
YLR286C,YJL019W,0,-0.80653,0.13410404324531555,0.5333333611488342,0.3443678021430969
YNL054W-B,YKL183W,0,-0.8066093,0.13402657210826874,0.5333333611488342,0.3445976972579956
YOR317W,YAR044W,1,-0.8066192,0.1345265656709671,0.5356321930885315,0.3445976972579956
YDR034C-D,YEL064C,0,-0.8066211,0.13444893062114716,0.5356321930885315,0.3448275923728943
YDR231C,YIL136W,0,-0.8066486,0.13437139987945557,0.5356321930885315,0.3450574576854706
YBL097W,YOL103W-B,0,-0.806653,0.13429394364356995,0.5356321930885315,0.34528735280036926
YLR227W-B,YNL314W,0,-0.8066565,0.13421659171581268,0.5356321930885315,0.34551724791526794
YDR034C-D,YNR041C,0,-0.8066707,0.1341393142938614,0.5356321930885315,0.34574711322784424
YGR166W,YLR120C,0,-0.8066747,0.13406214118003845,0.5356321930885315,0.3459770083427429
YDR261W-B,YER087W,0,-0.8067355,0.13398504257202148,0.5356321930885315,0.3462069034576416
YOR204W,YDR261W-A,0,-0.8067464,0.13390804827213287,0.5356321930885315,0.3464367687702179
YPL241C,YJR015W,0,-0.80675197,0.13383112847805023,0.5356321930885315,0.3466666638851166
YLR005W,YDR365W-B,0,-0.8067656,0.13375429809093475,0.5356321930885315,0.34689655900001526
YHL009W-B,YDL055C,0,-0.8067665,0.13367757201194763,0.5356321930885315,0.34712642431259155
YDR210C-C,YDR353W,0,-0.8067746,0.13360092043876648,0.5356321930885315,0.34735631942749023
YMR071C,YOR343W-A,0,-0.8067849,0.1335243582725525,0.5356321930885315,0.3475862145423889
YGR275W,YOR343W-A,0,-0.80679274,0.13344788551330566,0.5356321930885315,0.3478160798549652
YLR158C,YOR142W-A,0,-0.806795,0.1333714872598648,0.5356321930885315,0.3480459749698639
YDR096W,YJL020C,0,-0.8068107,0.1332951933145523,0.5356321930885315,0.3482758700847626
YEL062W,YGR161W-B,0,-0.80684996,0.13321898877620697,0.5356321930885315,0.34850573539733887
YDR034C-C,YDR107C,0,-0.8068525,0.1331428587436676,0.5356321930885315,0.34873563051223755
YDR261W-B,YBR207W,0,-0.8068701,0.1330668181180954,0.5356321930885315,0.34896552562713623
YDR130C,YOR192C-B,0,-0.80687296,0.13299086689949036,0.5356321930885315,0.3491953909397125
YLR410W-A,YKR037C,0,-0.80687624,0.13291500508785248,0.5356321930885315,0.3494252860546112
YBR289W,YPR158C-C,0,-0.80687976,0.13283921778202057,0.5356321930885315,0.3496551811695099
YDR316W-A,YIL034C,0,-0.80689377,0.13276353478431702,0.5356321930885315,0.3498850464820862
YOR382W,YDR261C-D,0,-0.80689746,0.13268792629241943,0.5356321930885315,0.35011494159698486
YDR210C-C,YGR056W,0,-0.8069122,0.132612407207489,0.5356321930885315,0.35034483671188354
YML001W,YGR109W-B,0,-0.80692244,0.13253697752952576,0.5356321930885315,0.35057470202445984
YOR178C,YGR027W-B,0,-0.80694056,0.13246162235736847,0.5356321930885315,0.3508045971393585
YLR410W-B,YDR480W,0,-0.8069448,0.13238635659217834,0.5356321930885315,0.3510344922542572
YDR381C-A,YBL018C,0,-0.8070036,0.13231118023395538,0.5356321930885315,0.3512643575668335
YBL101W-B,YLR066W,0,-0.8070036,0.13223609328269958,0.5356321930885315,0.3514942526817322
YER184C,YLR154W-A,0,-0.8070036,0.13216109573841095,0.5356321930885315,0.35172414779663086
YPR024W,YML045W-A,0,-0.8070036,0.13208617269992828,0.5356321930885315,0.35195401310920715
YDR381C-A,YAL035W,0,-0.8070036,0.1320113241672516,0.5356321930885315,0.35218390822410583
YDR261W-B,YJR089W,0,-0.8070036,0.13193657994270325,0.5356321930885315,0.3524138033390045
YKL200C,YJR107W,0,-0.8070036,0.13186191022396088,0.5356321930885315,0.3526436686515808
YLR214W,YDR210W-D,0,-0.8070036,0.13178732991218567,0.5356321930885315,0.3528735637664795
YER051W,YNL024C-A,0,-0.8070036,0.13171283900737762,0.5356321930885315,0.3531034588813782
YLR401C,YGL258W-A,0,-0.8070036,0.13163842260837555,0.5356321930885315,0.35333332419395447
YHR079C-A,YER137C-A,0,-0.8070036,0.13156408071517944,0.5356321930885315,0.35356321930885315
YDR486C,YCL048W-A,0,-0.8070036,0.1314898431301117,0.5356321930885315,0.35379311442375183
YBR008C,YDR210W-D,0,-0.8070036,0.13141568005084991,0.5356321930885315,0.3540229797363281
YDR465C,YCL048W-A,0,-0.8070036,0.1313416063785553,0.5356321930885315,0.3542528748512268
YMR137C,YGL258W-A,0,-0.8070036,0.13126760721206665,0.5356321930885315,0.3544827699661255
YBL026W,YDR210W-D,0,-0.8070036,0.13119369745254517,0.5356321930885315,0.3547126352787018
YLR312C-B,YDR210W-B,0,-0.8070036,0.13111986219882965,0.5356321930885315,0.35494253039360046
YDL231C,YBL008W-A,0,-0.8070036,0.1310461163520813,0.5356321930885315,0.35517242550849915
YDR524C-B,YOR098C,0,-0.8070036,0.1309724599123001,0.5356321930885315,0.35540229082107544
YBR234C,YML045W-A,0,-0.8070036,0.1308988779783249,0.5356321930885315,0.3556321859359741
YCL048W-A,YCR092C,0,-0.8070036,0.13082538545131683,0.5356321930885315,0.3558620810508728
YBL029C-A,YLR369W,0,-0.8070036,0.13075196743011475,0.5356321930885315,0.3560919463634491
YNL058C,YCL026C-B,0,-0.8070036,0.13067863881587982,0.5356321930885315,0.3563218414783478
YJR149W,YDR210W-D,0,-0.8070036,0.13060538470745087,0.5356321930885315,0.35655173659324646
YLR268W,YGL258W-A,0,-0.8070036,0.13053222000598907,0.5356321930885315,0.35678160190582275
YCL048W-A,YDR403W,0,-0.8070036,0.13045912981033325,0.5356321930885315,0.35701149702072144
YDR115W,YOR088W,0,-0.8070036,0.1303861290216446,0.5356321930885315,0.3572413921356201
YPR137C-B,YHR214W-G,0,-0.8070036,0.1303132027387619,0.5356321930885315,0.3574712574481964
YBL029C-A,YMR017W,0,-0.8070036,0.13024035096168518,0.5356321930885315,0.3577011525630951
YDR381C-A,YLR204W,0,-0.8070036,0.13016760349273682,0.5356321930885315,0.3579310476779938
YJL062W-A,YDR210W-A,0,-0.8070036,0.13009491562843323,0.5356321930885315,0.35816091299057007
YOR071C,YDR210W-D,0,-0.8070036,0.1300223171710968,0.5356321930885315,0.35839080810546875
YAR070W-A,YNL312W,0,-0.8070036,0.12994980812072754,0.5356321930885315,0.35862070322036743
YLR227W-B,YML045W-A,0,-0.8070036,0.12987737357616425,0.5356321930885315,0.3588505685329437
YJL225C,YER074W-A,0,-0.8070036,0.12980501353740692,0.5356321930885315,0.3590804636478424
YKL091C,YAR044W,1,-0.8070036,0.13028953969478607,0.5379310250282288,0.3590804636478424
YDL038C,YGL079W,0,-0.8070036,0.1302170306444168,0.5379310250282288,0.3593103587627411
YDR014W-A,YJL178C,0,-0.8070036,0.1301446110010147,0.5379310250282288,0.3595402240753174
YDR352W,YLR337W,0,-0.8070036,0.13007226586341858,0.5379310250282288,0.35977011919021606
YBL101W-B,YJL111W,0,-0.8070036,0.12999999523162842,0.5379310250282288,0.36000001430511475
YOR343C-B,YMR290C,0,-0.8070036,0.12992781400680542,0.5379310250282288,0.36022987961769104
YER018C,YOR343C-B,0,-0.8070036,0.12985572218894958,0.5379310250282288,0.3604597747325897
YGR185C,YHR214W-G,0,-0.8070036,0.12978368997573853,0.5379310250282288,0.3606896698474884
YPR047W,YBL008W-A,0,-0.8070036,0.12971174716949463,0.5379310250282288,0.3609195351600647
YER137C-A,YDR408C,0,-0.8070036,0.1296398937702179,0.5379310250282288,0.3611494302749634
YDL038C,YJL114W,0,-0.8070036,0.12956809997558594,0.5379310250282288,0.3613792955875397
YPL060C-A,YBR022W,0,-0.8070036,0.12949639558792114,0.5379310250282288,0.36160919070243835
YMR145C,YDR210W-D,0,-0.8070036,0.1294247806072235,0.5379310250282288,0.36183908581733704
YDR034C-D,YBR097W,0,-0.8070036,0.12935324013233185,0.5379310250282288,0.36206895112991333
YFL048C,YHR214W-G,0,-0.8070036,0.12928177416324615,0.5379310250282288,0.362298846244812
YKR030W,YBL029C-A,0,-0.8070036,0.12921038269996643,0.5379310250282288,0.3625287413597107
YDR266C,YML045W-A,0,-0.8070036,0.12913906574249268,0.5379310250282288,0.362758606672287
YHR018C,YHR214W-G,0,-0.8070036,0.12906783819198608,0.5379310250282288,0.36298850178718567
YBL101W-A,YOL165C,0,-0.8070036,0.12899668514728546,0.5379310250282288,0.36321839690208435
YLL017W,YHR214W-G,0,-0.8070036,0.128925621509552,0.5379310250282288,0.36344826221466064
YDR164C,YNL054W-B,0,-0.80701745,0.1288546323776245,0.5379310250282288,0.3636781573295593
YPL257W-B,YDR510W,0,-0.80703443,0.1287837028503418,0.5379310250282288,0.363908052444458
YDR210W-B,YLR154C,0,-0.80707616,0.12871287763118744,0.5379310250282288,0.3641379177570343
YOR120W,YLR410W-B,0,-0.8071641,0.12864211201667786,0.5379310250282288,0.364367812871933
YDL165W,YDR206W,0,-0.8071705,0.12857143580913544,0.5379310250282288,0.36459770798683167
YNL322C,YGR027W-B,0,-0.80717504,0.1285008192062378,0.5379310250282288,0.36482757329940796
YHL009W-B,YLR240W,0,-0.8071999,0.1284302920103073,0.5379310250282288,0.36505746841430664
YMR051C,YNL115C,0,-0.8072096,0.1283598393201828,0.5379310250282288,0.3652873635292053
YLR153C,YGR027W-A,0,-0.8072099,0.12828947603702545,0.5379310250282288,0.3655172288417816
YGL229C,YLR410W-B,0,-0.80728334,0.12821917235851288,0.5379310250282288,0.3657471239566803
YPR158C-C,YKL137W,0,-0.80729127,0.12814895808696747,0.5379310250282288,0.365977019071579
YGR161W-B,YLR015W,0,-0.8073238,0.12807881832122803,0.5379310250282288,0.3662068843841553
YBR299W,YHL009W-B,0,-0.80738527,0.12800875306129456,0.5379310250282288,0.36643677949905396
YFL038C,YER168C,0,-0.8073917,0.12793876230716705,0.5379310250282288,0.36666667461395264
YJR051W,YOR192C-B,0,-0.8075204,0.12786884605884552,0.5379310250282288,0.36689653992652893
YNL054W-B,YAL031C,0,-0.80755794,0.12779901921749115,0.5379310250282288,0.3671264350414276
YCR077C,YOR192C-A,0,-0.8075825,0.12772925198078156,0.5379310250282288,0.3673563301563263
YPL257W-B,YMR282C,0,-0.80762255,0.12765957415103912,0.5379310250282288,0.3675861954689026
YJL128C,YDR261W-A,0,-0.80767107,0.12758997082710266,0.5379310250282288,0.36781609058380127
YOL034W,YGR038C-A,0,-0.8077066,0.12752044200897217,0.5379310250282288,0.36804598569869995
YFR046C,YGR105W,0,-0.8077123,0.12745098769664764,0.5379310250282288,0.36827585101127625
YDR003W,YDR210W-A,0,-0.8077215,0.1273815929889679,0.5379310250282288,0.3685057461261749
YDR034C-D,YGR084C,0,-0.8078314,0.1273123025894165,0.5379310250282288,0.3687356412410736
YAL003W,YPL127C,0,-0.80803025,0.1272430717945099,0.5379310250282288,0.3689655065536499
YDR531W,YGR027W-A,0,-0.808064,0.12717391550540924,0.5379310250282288,0.3691954016685486
YML112W,YDR261W-A,0,-0.80809355,0.12710483372211456,0.5379310250282288,0.36942529678344727
YOR343W-B,YBR115C,0,-0.80812204,0.12703582644462585,0.5379310250282288,0.36965516209602356
YDR261W-B,YDL017W,0,-0.80812466,0.1269669085741043,0.5379310250282288,0.36988505721092224
YKL117W,YDR365W-B,0,-0.8081321,0.12689805030822754,0.5379310250282288,0.3701149523258209
YDR365W-B,YAL014C,0,-0.8081738,0.12682926654815674,0.5379310250282288,0.3703448176383972
YJR088C,YER006W,0,-0.8082796,0.1267605572938919,0.5379310250282288,0.3705747127532959
YOL062C,YGR038C-B,0,-0.8083613,0.12669193744659424,0.5379310250282288,0.3708046078681946
YPR137C-A,YER190W,0,-0.80838275,0.12662337720394135,0.5379310250282288,0.3710344731807709
YGR027W-B,YGL153W,0,-0.8083847,0.12655489146709442,0.5379310250282288,0.37126436829566956
YGR222W,YPR158C-C,0,-0.80859566,0.12648648023605347,0.5379310250282288,0.37149426341056824
YDR195W,YHR039C-B,0,-0.8086257,0.12641815841197968,0.5379310250282288,0.37172412872314453
YER137C-A,YOR233W,0,-0.8087206,0.12634989619255066,0.5379310250282288,0.3719540238380432
YNL291C,YDR261W-A,0,-0.80876774,0.1262817084789276,0.5379310250282288,0.3721839189529419
YBL017C,YGR038C-A,0,-0.8088139,0.12621359527111053,0.5379310250282288,0.3724137842655182
YPR137C-A,YDR267C,0,-0.80882347,0.12614555656909943,0.5379310250282288,0.37264367938041687
YDL120W,YOR246C,0,-0.8088455,0.1260775923728943,0.5379310250282288,0.37287357449531555
YKL180W,YGR216C,0,-0.8088849,0.12600968778133392,0.5379310250282288,0.37310343980789185
YHL009W-B,YKL020C,0,-0.8089584,0.12594187259674072,0.5379310250282288,0.3733333349227905
YPL008W,YER094C,0,-0.8091122,0.1258741319179535,0.5379310250282288,0.3735632300376892
YER087W,YGR161W-B,0,-0.80913687,0.12580645084381104,0.5379310250282288,0.3737930953502655
YDL161W,YGR090W,0,-0.809206,0.12573884427547455,0.5379310250282288,0.3740229904651642
YHR059W,YGL131C,0,-0.8092156,0.12567132711410522,0.5379310250282288,0.37425288558006287
YLR227W-B,YPL007C,0,-0.8092907,0.12560386955738068,0.5379310250282288,0.37448275089263916
YNL231C,YBR041W,1,-0.80930287,0.126072958111763,0.540229856967926,0.37448275089263916
YOL093W,YJL062W-A,0,-0.80934507,0.1260053664445877,0.540229856967926,0.37471264600753784
YHL009W-B,YDR158W,0,-0.8093663,0.1259378343820572,0.540229856967926,0.3749425411224365
YDR339C,YDR210W-B,0,-0.80937314,0.12587037682533264,0.540229856967926,0.3751724064350128
YGL008C,YOR343W-A,0,-0.8094041,0.12580299377441406,0.540229856967926,0.3754023015499115
YLR157C-B,YOL136C,0,-0.80952275,0.12573568522930145,0.540229856967926,0.3756321966648102
YJL082W,YOR192C-A,0,-0.8096247,0.1256684511899948,0.540229856967926,0.3758620619773865
YDL165W,YER137C-A,0,-0.80975115,0.12560127675533295,0.540229856967926,0.37609195709228516
YAR010C,YAR050W,0,-0.80999744,0.12553419172763824,0.540229856967926,0.37632185220718384
YBR075W,YLR025W,0,-0.81021047,0.12546716630458832,0.540229856967926,0.37655171751976013
YNR056C,YOR067C,0,-0.8102742,0.12540021538734436,0.540229856967926,0.3767816126346588
YOR323C,YLR305C,0,-0.8102944,0.12533333897590637,0.540229856967926,0.3770115077495575
YGR240C,YNL248C,0,-0.81031895,0.12526652216911316,0.540229856967926,0.3772413730621338
YER098W,YGR038C-A,0,-0.810351,0.12519977986812592,0.540229856967926,0.37747126817703247
YPL283C,YGR157W,0,-0.8103609,0.12513312697410583,0.540229856967926,0.37770116329193115
YPL223C,YJL041W,0,-0.81085587,0.12506651878356934,0.540229856967926,0.37793102860450745
YPR082C,YLR154W-A,0,-0.8110652,0.125,0.540229856967926,0.37816092371940613
YNL282W,YOR142W-A,0,-0.8110795,0.12493354827165604,0.540229856967926,0.3783908188343048
YPL257W-B,YDL058W,0,-0.8114476,0.12486716359853745,0.540229856967926,0.3786206841468811
YMR201C,YOR192C-A,0,-0.811495,0.12480085343122482,0.540229856967926,0.3788505792617798
YML099C,YCR080W,0,-0.8116807,0.12473461031913757,0.540229856967926,0.37908047437667847
YLR438C-A,YLR446W,0,-0.8117081,0.1246684342622757,0.540229856967926,0.37931033968925476
YDR316W,YOR095C,0,-0.8117604,0.12460233271121979,0.540229856967926,0.37954023480415344
YAR015W,YJL028W,0,-0.811859,0.12453629821538925,0.540229856967926,0.37977010011672974
YOR343W-B,YCR057C,0,-0.8118789,0.12447033822536469,0.540229856967926,0.3799999952316284
YML024W,YLR421C,0,-0.8120677,0.12440444529056549,0.540229856967926,0.3802298903465271
YML123C,YOL075C,0,-0.81212986,0.12433862686157227,0.540229856967926,0.3804597556591034
YLR073C,YPL158C,0,-0.8121499,0.12427286803722382,0.540229856967926,0.3806896507740021
YBR050C,YLR035C-A,0,-0.8123033,0.12420719116926193,0.540229856967926,0.38091954588890076
YOR343W-A,YMR305C,0,-0.8124573,0.12414157390594482,0.540229856967926,0.38114941120147705
YOR192C-B,YOR175C,0,-0.8125625,0.12407603114843369,0.540229856967926,0.38137930631637573
YDR365W-B,YAL020C,0,-0.8126782,0.12401055544614792,0.540229856967926,0.3816092014312744
YDR541C,YNL293W,0,-0.81282175,0.12394514679908752,0.540229856967926,0.3818390667438507
YLR188W,YOL019W,0,-0.8131333,0.1238798126578331,0.540229856967926,0.3820689618587494
YLR170C,YPL015C,0,-0.81344604,0.12381453812122345,0.540229856967926,0.38229885697364807
YKR059W,YJL113W,0,-0.81347793,0.12374933809041977,0.540229856967926,0.38252872228622437
YLR227W-B,YJL122W,0,-0.81355053,0.12368421256542206,0.540229856967926,0.38275861740112305
YJR029W,YHR135C,0,-0.81356394,0.12361914664506912,0.540229856967926,0.38298851251602173
YML033W,YKR025W,0,-0.81378055,0.12355415523052216,0.540229856967926,0.383218377828598
YPR137C-B,YBR227C,0,-0.8139242,0.12348923087120056,0.540229856967926,0.3834482729434967
YMR093W,YLR154W-A,0,-0.8140562,0.12342436611652374,0.540229856967926,0.3836781680583954
YDR316W-A,YGR285C,0,-0.81410646,0.12335958331823349,0.540229856967926,0.3839080333709717
YGL163C,YNL239W,0,-0.8143039,0.12329486012458801,0.540229856967926,0.38413792848587036
YAL024C,YCR004C,0,-0.8146012,0.12323020398616791,0.540229856967926,0.38436782360076904
YDR261W-B,YOL004W,0,-0.8146625,0.12316561490297318,0.540229856967926,0.38459768891334534
YMR046C,YKL090W,0,-0.8147411,0.12310110032558441,0.540229856967926,0.384827584028244
YGL046W,YER044C,0,-0.8150982,0.12303665280342102,0.540229856967926,0.3850574791431427
YPR125W,YIL133C,0,-0.81512445,0.1229722648859024,0.540229856967926,0.385287344455719
YJL104W,YKR099C-A,0,-0.8153475,0.12290795147418976,0.540229856967926,0.3855172395706177
YGR034W,YJR029W,0,-0.8157139,0.12284369766712189,0.540229856967926,0.38574713468551636
YDL075W,YOL103W-B,0,-0.815738,0.12277951836585999,0.540229856967926,0.38597699999809265
YJL154C,YLR256W-A,0,-0.81582004,0.12271540611982346,0.540229856967926,0.38620689511299133
YJL204C,YHR011W,0,-0.8158393,0.1226513534784317,0.540229856967926,0.38643679022789
YGL119W,YJR149W,0,-0.81588984,0.12258737534284592,0.540229856967926,0.3866666555404663
YDR034C-C,YLR388W,0,-0.81594765,0.1225234642624855,0.540229856967926,0.386896550655365
YJR133W,YDR476C,0,-0.8159635,0.12245961278676987,0.540229856967926,0.38712644577026367
YGR038C-B,YGR158C,0,-0.81635785,0.1223958358168602,0.540229856967926,0.38735631108283997
YML115C,YBL005W-A,0,-0.81639653,0.1223321184515953,0.540229856967926,0.38758620619773865
YBL092W,YCR048W,0,-0.8164231,0.12226846814155579,0.540229856967926,0.38781610131263733
YDL049C,YGR038C-A,0,-0.8164946,0.12220488488674164,0.540229856967926,0.3880459666252136
YLR191W,YNR043W,0,-0.8165426,0.12214136868715286,0.540229856967926,0.3882758617401123
YGR288W,YJR034W,0,-0.81658787,0.12207791954278946,0.540229856967926,0.388505756855011
YOR003W,YFR021W,0,-0.81730884,0.12201453745365143,0.540229856967926,0.3887356221675873
YMR150C,YPL090C,0,-0.81769544,0.12195122241973877,0.540229856967926,0.38896551728248596
YCR024C-A,YGR059W,0,-0.81791294,0.12188796699047089,0.540229856967926,0.38919541239738464
YOR343W-A,YDL136W,0,-0.81803787,0.12182477861642838,0.540229856967926,0.38942527770996094
YKL007W,YKL198C,0,-0.81820226,0.12176165729761124,0.540229856967926,0.3896551728248596
YDR034C-D,YLR073C,0,-0.8182025,0.12169860303401947,0.540229856967926,0.3898850679397583
YDR103W,YLR332W,0,-0.81836,0.12163560837507248,0.540229856967926,0.3901149332523346
YLR035C,YHR076W,0,-0.8184615,0.12157268822193146,0.540229856967926,0.3903448283672333
YOR298W,YBR207W,0,-0.8185164,0.12150982767343521,0.540229856967926,0.39057472348213196
YPL033C,YOL107W,0,-0.81884015,0.12144702672958374,0.540229856967926,0.39080458879470825
YMR202W,YOL053C-A,0,-0.8190012,0.12138430029153824,0.540229856967926,0.39103448390960693
YGL035C,YOR037W,0,-0.81923854,0.12132163345813751,0.540229856967926,0.3912643790245056
YML042W,YGL150C,0,-0.8196603,0.12125902622938156,0.540229856967926,0.3914942443370819
YIL105C,YKL028W,0,-0.82013994,0.12119649350643158,0.540229856967926,0.3917241394519806
YHR092C,YDR067C,0,-0.82022405,0.12113402038812637,0.540229856967926,0.3919540345668793
YJR029W,YHR039C,0,-0.82029283,0.12107161432504654,0.540229856967926,0.39218389987945557
YDR341C,YGL223C,0,-0.8203661,0.12100926786661148,0.540229856967926,0.39241379499435425
YAL055W,YMR172W,0,-0.8209615,0.1209469884634018,0.540229856967926,0.39264369010925293
YKL065C,YGR251W,0,-0.82114786,0.12088477611541748,0.540229856967926,0.3928735554218292
YIR028W,YFL035C,0,-0.82133925,0.12082262337207794,0.540229856967926,0.3931034505367279
YKR105C,YNL305C,0,-0.8215487,0.12076053768396378,0.540229856967926,0.3933333456516266
YNL323W,YAR044W,1,-0.82154894,0.12121212482452393,0.5425287485122681,0.3933333456516266
YIL150C,YOR292C,0,-0.8218146,0.12114989757537842,0.5425287485122681,0.3935632109642029
YPL213W,YMR199W,0,-0.822092,0.12108773738145828,0.5425287485122681,0.39379310607910156
YBL075C,YHR039C-B,0,-0.8223326,0.12102564424276352,0.5425287485122681,0.39402300119400024
YOL018C,YFL002W-A,0,-0.8225446,0.12096361070871353,0.5425287485122681,0.39425286650657654
YKL158W,YLR467W,0,-0.8226819,0.12090163677930832,0.5425287485122681,0.3944827616214752
YIL080W,YDR071C,0,-0.8226869,0.12083973735570908,0.5425287485122681,0.3947126567363739
YBL005W-A,YJR159W,0,-0.8228885,0.12077789008617401,0.5425287485122681,0.3949425220489502
YMR113W,YOL071W,0,-0.8230963,0.12071610987186432,0.5425287485122681,0.3951724171638489
YGL029W,YLR090W,0,-0.82325906,0.12065439671278,0.5425287485122681,0.39540231227874756
YDL006W,YDR296W,0,-0.8235632,0.12059274315834045,0.5425287485122681,0.39563217759132385
YLR178C,YNL064C,0,-0.82363117,0.12053115665912628,0.5425287485122681,0.39586207270622253
YDL156W,YPR191W,0,-0.82388467,0.12046962976455688,0.5425287485122681,0.3960919678211212
YGR089W,YDR518W,0,-0.82391894,0.12040816247463226,0.5425287485122681,0.3963218331336975
YDR533C,YBL005W-B,0,-0.8241305,0.12034676223993301,0.5425287485122681,0.3965517282485962
YEL069C,YCL062W,0,-0.82421327,0.12028542160987854,0.5425287485122681,0.3967816233634949
YBR199W,YKL035W,0,-0.8242208,0.12022414803504944,0.5425287485122681,0.39701148867607117
YBR289W,YDL004W,0,-0.82437253,0.12016293406486511,0.5425287485122681,0.39724138379096985
YKL059C,YNL139C,0,-0.82473993,0.12010177969932556,0.5425287485122681,0.39747127890586853
YDR079C-A,YCL011C,0,-0.82477665,0.12004069238901138,0.5425287485122681,0.3977011442184448
YPR156C,YPR073C,0,-0.82482874,0.11997966468334198,0.5425287485122681,0.3979310393333435
YLR446W,YNL241C,0,-0.8248876,0.11991869658231735,0.5425287485122681,0.3981609046459198
YGR054W,YKL137W,0,-0.82494193,0.1198577955365181,0.5425287485122681,0.3983907997608185
YPL092W,YBR141C,0,-0.82510835,0.11979695409536362,0.5425287485122681,0.39862069487571716
YDL066W,YDR481C,0,-0.8253785,0.11973617225885391,0.5425287485122681,0.39885056018829346
YBR223C,YIL080W,0,-0.82544535,0.11967545747756958,0.5425287485122681,0.39908045530319214
YJL036W,YBL082C,0,-0.8258911,0.11961480230093002,0.5425287485122681,0.3993103504180908
YER083C,YDR071C,0,-0.82593036,0.11955420672893524,0.5425287485122681,0.3995402157306671
YFL003C,YBL005W-B,0,-0.82604283,0.11949367076158524,0.5425287485122681,0.3997701108455658
YIL066C,YOR214C,0,-0.8261826,0.1194332018494606,0.5425287485122681,0.4000000059604645
YJL012C-A,YKR038C,0,-0.8261926,0.11937278509140015,0.5425287485122681,0.40022987127304077
YGL020C,YNL281W,0,-0.8263242,0.11931243538856506,0.5425287485122681,0.40045976638793945
YJR133W,YCL045C,0,-0.82650095,0.11925214529037476,0.5425287485122681,0.40068966150283813
YDR096W,YML074C,0,-0.8268039,0.11919192224740982,0.5425287485122681,0.40091952681541443
YCR029C-A,YBR228W,0,-0.82704854,0.11913175135850906,0.5425287485122681,0.4011494219303131
YJL214W,YBR035C,0,-0.8272685,0.11907164752483368,0.5425287485122681,0.4013793170452118
YKL096W-A,YLR391W,0,-0.82754403,0.11901159584522247,0.5425287485122681,0.4016091823577881
YGL030W,YLR304C,0,-0.8276761,0.11895161122083664,0.5425287485122681,0.40183907747268677
YGL040C,YEL065W,0,-0.82784677,0.11889168620109558,0.5425287485122681,0.40206897258758545
YDR530C,YCL074W,0,-0.8280548,0.1188318207859993,0.5425287485122681,0.40229883790016174
YGR288W,YOR270C,0,-0.8284476,0.11877201497554779,0.5425287485122681,0.4025287330150604
YBR075W,YBR030W,0,-0.82878417,0.11871227622032166,0.5425287485122681,0.4027586281299591
YLL001W,YLR312C-B,0,-0.82893,0.1186525896191597,0.5425287485122681,0.4029884934425354
YIL034C,YHR062C,0,-0.8291665,0.11859296262264252,0.5425287485122681,0.4032183885574341
YMR211W,YML110C,0,-0.82940865,0.11853340268135071,0.5425287485122681,0.40344828367233276
YBR084C-A,YBR267W,0,-0.82955885,0.11847389489412308,0.5425287485122681,0.40367814898490906
YJL018W,YLR370C,0,-0.8297816,0.11841445416212082,0.5425287485122681,0.40390804409980774
YDL120W,YDL038C,0,-0.8298644,0.11835506558418274,0.5425287485122681,0.4041379392147064
YNL085W,YJL130C,0,-0.82997596,0.11829573661088943,0.5425287485122681,0.4043678045272827
YLR264W,YBR127C,0,-0.83007336,0.1182364746928215,0.5425287485122681,0.4045976996421814
YHR129C,YAR010C,0,-0.83029103,0.11817726492881775,0.5425287485122681,0.4048275947570801
YIR032C,YJL036W,0,-0.8310483,0.11811811476945877,0.5425287485122681,0.40505746006965637
YDL206W,YGR081C,0,-0.8312247,0.11805903166532516,0.5425287485122681,0.40528735518455505
YOR245C,YLR459W,0,-0.831516,0.11800000071525574,0.5425287485122681,0.40551725029945374
YHR064C,YLR155C,0,-0.8322463,0.11794102936983109,0.5425287485122681,0.40574711561203003
YDR540C,YDR060W,0,-0.8323471,0.11788211762905121,0.5425287485122681,0.4059770107269287
YML033W,YDR363W,0,-0.8324357,0.11782326549291611,0.5425287485122681,0.4062069058418274
YML058W-A,YNL292W,0,-0.83259016,0.11776447296142578,0.5425287485122681,0.4064367711544037
YCR010C,YOR393W,0,-0.83266056,0.11770573258399963,0.5425287485122681,0.40666666626930237
YNL323W,YBR041W,1,-0.8326713,0.11814556270837784,0.5448275804519653,0.40666666626930237
YPR108W,YJR091C,0,-0.83269686,0.11808669567108154,0.5448275804519653,0.40689656138420105
YHR203C,YML087C,0,-0.8333486,0.11802788823843002,0.5448275804519653,0.40712642669677734
YLR312C-B,YFR042W,0,-0.83344036,0.11796914041042328,0.5448275804519653,0.407356321811676
YDL202W,YHR060W,0,-0.8337469,0.11791044473648071,0.5448275804519653,0.4075862169265747
YMR316W,YOR143C,0,-0.8340136,0.11785181611776352,0.5448275804519653,0.407816082239151
YLR109W,YNL039W,0,-0.83406997,0.1177932396531105,0.5448275804519653,0.4080459773540497
YIL040W,YPR021C,0,-0.83419687,0.11773472279310226,0.5448275804519653,0.40827587246894836
YNL178W,YPR196W,0,-0.8342135,0.1176762655377388,0.5448275804519653,0.40850573778152466
YDR530C,YMR016C,0,-0.8343042,0.11761786788702011,0.5448275804519653,0.40873563289642334
YLL023C,YMR168C,0,-0.83451843,0.1175595223903656,0.5448275804519653,0.408965528011322
YHR029C,YER157W,0,-0.83476657,0.11750123649835587,0.5448275804519653,0.4091953933238983
YNL327W,YMR282C,0,-0.8359515,0.1174430102109909,0.5448275804519653,0.409425288438797
YJR026W,YIL010W,0,-0.8362684,0.11738484352827072,0.5448275804519653,0.4096551835536957
YNL264C,YMR079W,1,-0.8363183,0.11782178282737732,0.5471264123916626,0.4096551835536957
YPR185W,YBR115C,0,-0.83639103,0.11776348203420639,0.5471264123916626,0.409885048866272
YGR192C,YKL205W,0,-0.83648455,0.11770524084568024,0.5471264123916626,0.41011494398117065
YFR009W,YCL062W,0,-0.8365652,0.11764705926179886,0.5471264123916626,0.41034483909606934
YLR286C,YCL062W,0,-0.83660024,0.11758892983198166,0.5471264123916626,0.41057470440864563
YNL149C,YPL232W,0,-0.8366268,0.11753086745738983,0.5471264123916626,0.4108045995235443
YKL188C,YPL147W,1,-0.83663654,0.1179664358496666,0.5494253039360046,0.4108045995235443
YFL062W,YNL220W,0,-0.83700114,0.11790823936462402,0.5494253039360046,0.411034494638443
YKL125W,YCL045C,0,-0.83701366,0.11785009503364563,0.5494253039360046,0.4112643599510193
YKL182W,YCR037C,0,-0.83712435,0.11779201775789261,0.5494253039360046,0.41149425506591797
YLR295C,YBR204C,0,-0.8376211,0.11773399263620377,0.5494253039360046,0.41172415018081665
YNR010W,YJR159W,0,-0.8377297,0.1176760196685791,0.5494253039360046,0.41195401549339294
YGR191W,YAL012W,0,-0.83798,0.11761811375617981,0.5494253039360046,0.4121839106082916
YDL166C,YHR072W-A,0,-0.8380526,0.1175602525472641,0.5494253039360046,0.4124138057231903
YBR096W,YCR079W,0,-0.83813167,0.11750245839357376,0.5494253039360046,0.4126436710357666
YGR148C,YOL075C,0,-0.83880436,0.1174447163939476,0.5494253039360046,0.4128735661506653
YDR486C,YCR070W,0,-0.8389075,0.11738703399896622,0.5494253039360046,0.41310346126556396
YIL041W,YOR240W,0,-0.83906823,0.11732940375804901,0.5494253039360046,0.41333332657814026
YFL035C,YGR179C,0,-0.83959556,0.11727183312177658,0.5494253039360046,0.41356322169303894
YAL003W,YNR057C,0,-0.8398894,0.11721432209014893,0.5494253039360046,0.4137931168079376
YNL138W,YOL145C,0,-0.83994496,0.11715686321258545,0.5494253039360046,0.4140229821205139
YDR533C,YDR130C,0,-0.8399616,0.11709946393966675,0.5494253039360046,0.4142528772354126
YLR097C,YML039W,0,-0.84015256,0.11704211682081223,0.5494253039360046,0.4144827723503113
YMR321C,YOR118W,0,-0.8402362,0.11698482930660248,0.5494253039360046,0.4147126376628876
YJL187C,YGR287C,0,-0.84043264,0.11692759394645691,0.5494253039360046,0.41494253277778625
YLL039C,YHR143W-A,0,-0.84050566,0.11687041819095612,0.5494253039360046,0.41517242789268494
YBL023C,YDR046C,0,-0.8408895,0.1168132945895195,0.5494253039360046,0.41540229320526123
YAL022C,YDR332W,0,-0.8410907,0.11675623059272766,0.5494253039360046,0.4156321883201599
YHR112C,YIL171W,0,-0.8411165,0.11669921875,0.5494253039360046,0.4158620834350586
YOR327C,YGL234W,0,-0.8411958,0.11664226651191711,0.5494253039360046,0.4160919487476349
YHR001W,YAR044W,1,-0.8413689,0.1170731708407402,0.5517241358757019,0.4160919487476349
YDR390C,YDR376W,0,-0.84173596,0.11701609194278717,0.5517241358757019,0.41632184386253357
YFL001W,YPR181C,0,-0.8421477,0.11695906519889832,0.5517241358757019,0.41655173897743225
YGL162W,YAR044W,1,-0.84246093,0.11738918721675873,0.5540229678153992,0.41655173897743225
YPL283C,YML007W,0,-0.8428354,0.11733203381299973,0.5540229678153992,0.41678160429000854
YGR112W,YLR350W,0,-0.84283924,0.1172749400138855,0.5540229678153992,0.4170114994049072
YHL018W,YIL139C,0,-0.8428898,0.11721789836883545,0.5540229678153992,0.4172413647174835
YEL009C,YCR003W,0,-0.8431538,0.11716091632843018,0.5540229678153992,0.4174712598323822
YOR344C,YDR364C,0,-0.8433686,0.11710398644208908,0.5540229678153992,0.4177011549472809
YOR167C,YER013W,0,-0.843373,0.11704710870981216,0.5540229678153992,0.4179310202598572
YMR280C,YBR273C,0,-0.84338343,0.11699029058218002,0.5540229678153992,0.41816091537475586
YLR270W,YCL074W,0,-0.8437342,0.11693352460861206,0.5540229678153992,0.41839081048965454
YDR285W,YLR126C,0,-0.84394884,0.11687681823968887,0.5540229678153992,0.41862067580223083
YGL141W,YJL029C,0,-0.84396076,0.11682016402482986,0.5540229678153992,0.4188505709171295
YBR111W-A,YEL060C,0,-0.8444643,0.11676356941461563,0.5540229678153992,0.4190804660320282
YMR211W,YER157W,0,-0.8445149,0.11670701950788498,0.5540229678153992,0.4193103313446045
YGL162W,YBL020W,1,-0.8447534,0.11713455617427826,0.5563218593597412,0.4193103313446045
YBR096W,YJL090C,0,-0.844763,0.11707788705825806,0.5563218593597412,0.4195402264595032
YDR222W,YFR021W,0,-0.84501135,0.11702127754688263,0.5563218593597412,0.41977012157440186
YDR310C,YLR209C,0,-0.8451443,0.11696472018957138,0.5563218593597412,0.41999998688697815
YHR001W,YER166W,1,-0.84535056,0.11739130318164825,0.5586206912994385,0.41999998688697815
YLL003W,YMR298W,0,-0.8454152,0.11733461916446686,0.5586206912994385,0.42022988200187683
YPL106C,YJL018W,0,-0.84558237,0.11727799475193024,0.5586206912994385,0.4204597771167755
YIL084C,YOR242C,0,-0.8457451,0.1172214150428772,0.5586206912994385,0.4206896424293518
YFL062W,YOR116C,0,-0.8457706,0.11716490238904953,0.5586206912994385,0.4209195375442505
YPL195W,YFR036W,0,-0.84583616,0.11710843443870544,0.5586206912994385,0.42114943265914917
YKL116C,YML005W,0,-0.8458994,0.11705202609300613,0.5586206912994385,0.42137929797172546
YGL162W,YNL264C,1,-0.84601974,0.11747713387012482,0.5609195232391357,0.42137929797172546
YNL229C,YAR050W,0,-0.84664977,0.11742059886455536,0.5609195232391357,0.42160919308662415
YBL099W,YNL306W,0,-0.8467593,0.11736411601305008,0.5609195232391357,0.4218390882015228
YDR489W,YDR476C,0,-0.8468269,0.11730769276618958,0.5609195232391357,0.4220689535140991
YDR307W,YNL169C,0,-0.8470236,0.11725132167339325,0.5609195232391357,0.4222988486289978
YDR166C,YGR162W,0,-0.84747255,0.1171950027346611,0.5609195232391357,0.4225287437438965
YML110C,YIR010W,0,-0.8475063,0.11713874340057373,0.5609195232391357,0.4227586090564728
YOR303W,YLR016C,0,-0.84809846,0.11708253622055054,0.5609195232391357,0.42298850417137146
YBR115C,YKL158W,0,-0.84818673,0.11702638119459152,0.5609195232391357,0.42321839928627014
YHR181W,YKL160W,0,-0.848288,0.11697027832269669,0.5609195232391357,0.42344826459884644
YIR015W,YIL040W,0,-0.84861445,0.11691422760486603,0.5609195232391357,0.4236781597137451
YOL082W,YJR104C,0,-0.8488202,0.11685823649168015,0.5609195232391357,0.4239080548286438
YLR005W,YDL066W,0,-0.8488296,0.11680229753255844,0.5609195232391357,0.4241379201412201
YNL078W,YDL133C-A,0,-0.8492929,0.11674641072750092,0.5609195232391357,0.4243678152561188
YCR094W,YAR044W,1,-0.8494458,0.11716882139444351,0.5632184147834778,0.4243678152561188
YGR257C,YMR143W,0,-0.8495006,0.11711280792951584,0.5632184147834778,0.42459771037101746
YDR531W,YGR032W,0,-0.8498689,0.11705685406923294,0.5632184147834778,0.42482757568359375
YDR533C,YBR097W,0,-0.8500598,0.11700095236301422,0.5632184147834778,0.42505747079849243
YNL182C,YHR174W,0,-0.8503294,0.11694511026144028,0.5632184147834778,0.4252873659133911
YBL100W-A,YDR421W,0,-0.8505082,0.11688931286334991,0.5632184147834778,0.4255172312259674
YIL048W,YGR037C,1,-0.8506557,0.11731044203042984,0.565517246723175,0.4255172312259674
YNL264C,YIL048W,1,-0.85087925,0.11773116886615753,0.5678160786628723,0.4255172312259674
YIL125W,YJL136C,0,-0.8510319,0.11767508089542389,0.5678160786628723,0.4257471263408661
YOL139C,YKL135C,0,-0.8514396,0.11761904507875443,0.5678160786628723,0.42597702145576477
YER101C,YER014C-A,0,-0.8516009,0.11756306886672974,0.5678160786628723,0.42620688676834106
YGR124W,YMR295C,0,-0.85171604,0.11750713735818863,0.5678160786628723,0.42643678188323975
YGL205W,YIL080W,0,-0.8518468,0.1174512580037117,0.5678160786628723,0.4266666769981384
YGL100W,YIL094C,0,-0.8519734,0.11739543825387955,0.5678160786628723,0.4268965423107147
YER027C,YEL034W,0,-0.8521978,0.11733967065811157,0.5678160786628723,0.4271264374256134
YJL139C,YER006W,0,-0.85224247,0.11728394776582718,0.5678160786628723,0.4273563325405121
YLR182W,YDL107W,0,-0.85254216,0.11722828447818756,0.5678160786628723,0.4275861978530884
YLR166C,YOR228C,0,-0.8526334,0.11717267334461212,0.5678160786628723,0.42781609296798706
YGL121C,YPL150W,0,-0.85303897,0.11711711436510086,0.5678160786628723,0.42804598808288574
YNL148C,YDR470C,0,-0.85319406,0.11706161499023438,0.5678160786628723,0.42827585339546204
YKL188C,YBR041W,1,-0.8532909,0.11747986823320389,0.5701149702072144,0.42827585339546204
YGR106C,YCR002C,0,-0.853435,0.11742424219846725,0.5701149702072144,0.4285057485103607
YIL066C,YER044C,0,-0.853469,0.1173686683177948,0.5701149702072144,0.4287356436252594
YOR130C,YMR161W,0,-0.8535663,0.11731315404176712,0.5701149702072144,0.4289655089378357
YCR029C-A,YDR240C,0,-0.85402477,0.11725768446922302,0.5701149702072144,0.4291954040527344
YEL065W,YJL113W,0,-0.8540886,0.1172022670507431,0.5701149702072144,0.42942529916763306
YIL143C,YCR071C,0,-0.8544351,0.11714690923690796,0.5701149702072144,0.42965516448020935
YFL044C,YPR049C,0,-0.8549465,0.1170915961265564,0.5701149702072144,0.42988505959510803
YHR214C-B,YDR206W,0,-0.85553527,0.11703633517026901,0.5701149702072144,0.4301149547100067
YDR210W,YJL033W,0,-0.8557552,0.1169811338186264,0.5701149702072144,0.430344820022583
YML007W,YPL281C,0,-0.85583496,0.11692597717046738,0.5701149702072144,0.4305747151374817
YGR106C,YOR226C,0,-0.85628927,0.11687088012695312,0.5701149702072144,0.43080461025238037
YGL210W-A,YGL178W,0,-0.85644394,0.11681582778692245,0.5701149702072144,0.43103447556495667
YKL158W,YER065C,0,-0.8566042,0.11676082760095596,0.5701149702072144,0.43126437067985535
YIL046W,YDR481C,0,-0.8566186,0.11670587956905365,0.5701149702072144,0.43149426579475403
YJR121W,YOL066C,0,-0.85673666,0.11665099114179611,0.5701149702072144,0.4317241311073303
YJL106W,YOL109W,0,-0.856986,0.11659614741802216,0.5701149702072144,0.431954026222229
YDR016C,YCR055C,0,-0.8570851,0.11654135584831238,0.5701149702072144,0.4321839213371277
YOR237W,YER166W,1,-0.8571436,0.11695631593465805,0.5724138021469116,0.4321839213371277
YLR380W,YER120W,1,-0.85719585,0.11737088859081268,0.5747126340866089,0.4321839213371277
YMR162C,YER120W,1,-0.85737747,0.11778507381677628,0.5770114660263062,0.4321839213371277
YOR196C,YGL134W,0,-0.85751575,0.11772982776165009,0.5770114660263062,0.432413786649704
YNL071W,YMR282C,0,-0.8575778,0.11767463386058807,0.5770114660263062,0.43264368176460266
YBL005W-A,YLR165C,0,-0.85759556,0.11761949211359024,0.5770114660263062,0.43287357687950134
YMR054W,YML088W,0,-0.8576033,0.11756440252065659,0.5770114660263062,0.43310344219207764
YOR233W,YPR102C,0,-0.8577404,0.11750936508178711,0.5770114660263062,0.4333333373069763
YMR162C,YIL048W,1,-0.85778713,0.11792232096195221,0.5793103575706482,0.4333333373069763
YDR508C,YOR022C,0,-0.8580096,0.11786716431379318,0.5793103575706482,0.433563232421875
YDR113C,YPR016C,0,-0.8580358,0.11781205981969833,0.5793103575706482,0.4337930977344513
YGR171C,YKL179C,0,-0.8586463,0.11775700747966766,0.5793103575706482,0.43402299284935
YPL206C,YDR348C,0,-0.8598355,0.11770200729370117,0.5793103575706482,0.43425288796424866
YMR106C,YBR082C,0,-0.8606588,0.11764705926179886,0.5793103575706482,0.43448275327682495
YMR171C,YGL030W,0,-0.860706,0.11759216338396072,0.5793103575706482,0.43471264839172363
YOR073W,YBR241C,0,-0.86127055,0.11753731220960617,0.5793103575706482,0.4349425435066223
YDR499W,YLR312C-B,0,-0.8613241,0.11748252063989639,0.5793103575706482,0.4351724088191986
YCL074W,YGR194C,0,-0.86192214,0.1174277737736702,0.5793103575706482,0.4354023039340973
YDR038C,YOR311C,0,-0.86193705,0.11737307906150818,0.5793103575706482,0.4356321692466736
YOR362C,YMR264W,0,-0.862114,0.11731843650341034,0.5793103575706482,0.43586206436157227
YJR033C,YHR012W,0,-0.8623545,0.11726384609937668,0.5793103575706482,0.43609195947647095
YJL177W,YEL071W,0,-0.86269623,0.1172093003988266,0.5793103575706482,0.43632182478904724
YGL162W,YKR003W,1,-0.8633398,0.11761970818042755,0.5816091895103455,0.43632182478904724
YNL148C,YLR389C,0,-0.8634207,0.11756505817174911,0.5816091895103455,0.4365517199039459
YNL175C,YHR007C,0,-0.86360747,0.11751045286655426,0.5816091895103455,0.4367816150188446
YAL038W,YGR056W,0,-0.86379766,0.11745589971542358,0.5816091895103455,0.4370114803314209
YBR012W-A,YMR315W,0,-0.8646541,0.11740139126777649,0.5816091895103455,0.4372413754463196
YPL019C,YOR159C,0,-0.8647323,0.11734694242477417,0.5816091895103455,0.43747127056121826
YLR002C,YLR304C,0,-0.8649651,0.11729253828525543,0.5816091895103455,0.43770113587379456
YIL072W,YGL222C,0,-0.8649737,0.11723818629980087,0.5816091895103455,0.43793103098869324
YPR082C,YKL120W,0,-0.8652619,0.1171838790178299,0.5816091895103455,0.4381609261035919
YEL004W,YML033W,0,-0.86560047,0.11712963134050369,0.5816091895103455,0.4383907914161682
YNL282W,YER046W,0,-0.8659483,0.11707542836666107,0.5816091895103455,0.4386206865310669
YPL147W,YMR079W,1,-0.86618286,0.11748380959033966,0.5839080214500427,0.4386206865310669
YGR222W,YBR286W,0,-0.86631763,0.11742949485778809,0.5839080214500427,0.4388505816459656
YNL160W,YMR159C,0,-0.86638176,0.11737523227930069,0.5839080214500427,0.43908044695854187
YOR324C,YGR215W,0,-0.8665259,0.11732101440429688,0.5839080214500427,0.43931034207344055
YCL019W,YOR306C,0,-0.8667811,0.11726684868335724,0.5839080214500427,0.43954023718833923
YKL038W,YDR248C,0,-0.8671239,0.11721273511648178,0.5839080214500427,0.4397701025009155
YBR281C,YOR182C,0,-0.86741513,0.1171586737036705,0.5839080214500427,0.4399999976158142
YJR022W,YMR290C,0,-0.8674879,0.1171046569943428,0.5839080214500427,0.4402298927307129
YIL020C,YLL019C,0,-0.8678457,0.11705069243907928,0.5839080214500427,0.4404597580432892
YBR167C,YJL121C,0,-0.86811185,0.11699677258729935,0.5839080214500427,0.44068965315818787
YJR152W,YML030W,0,-0.8681306,0.11694291234016418,0.5839080214500427,0.44091954827308655
YCL057W,YCL026C-B,0,-0.86814404,0.1168890967965126,0.5839080214500427,0.44114941358566284
YLR043C,YOL005C,0,-0.86818427,0.1168353259563446,0.5839080214500427,0.4413793087005615
YLR014C,YCR046C,0,-0.86850125,0.11678160727024078,0.5839080214500427,0.4416092038154602
YJR017C,YOR368W,0,-0.8685173,0.11672794073820114,0.5839080214500427,0.4418390691280365
YCR083W,YNL262W,0,-0.86864775,0.11667431890964508,0.5839080214500427,0.4420689642429352
YER013W,YBR243C,0,-0.8692576,0.1166207566857338,0.5839080214500427,0.44229885935783386
YNL275W,YOR240W,0,-0.8693323,0.1165672317147255,0.5839080214500427,0.44252872467041016
YBL079W,YBR012W-B,0,-0.8695843,0.11651375889778137,0.5839080214500427,0.44275861978530884
YNL309W,YKL166C,0,-0.86964864,0.11646033823490143,0.5839080214500427,0.4429885149002075
YLR355C,YCR070W,0,-0.86968684,0.11640696972608566,0.5839080214500427,0.4432183802127838
YJL151C,YMR097C,0,-0.8697064,0.11635363847017288,0.5839080214500427,0.4434482753276825
YDR016C,YCR079W,0,-0.86993366,0.11630036681890488,0.5839080214500427,0.4436781704425812
YJL106W,YMR097C,0,-0.87002116,0.11624713987112045,0.5839080214500427,0.44390803575515747
YLR309C,YPL030W,0,-0.8702282,0.11619396507740021,0.5839080214500427,0.44413793087005615
YEL022W,YPR151C,0,-0.87056464,0.11614083498716354,0.5839080214500427,0.44436782598495483
YCR088W,YBR061C,0,-0.8705907,0.11608774960041046,0.5839080214500427,0.44459769129753113
YPL147W,YOR237W,1,-0.87079805,0.11649154871702194,0.5862069129943848,0.44459769129753113
YGL120C,YJL160C,0,-0.87093973,0.1164383590221405,0.5862069129943848,0.4448275864124298
YGR028W,YPR192W,0,-0.87143767,0.11638521403074265,0.5862069129943848,0.4450574815273285
YDL025C,YGL183C,0,-0.8715818,0.11633211374282837,0.5862069129943848,0.4452873468399048
YDL109C,YNL087W,0,-0.8718783,0.11627907305955887,0.5862069129943848,0.44551724195480347
YKL091C,YPR009W,1,-0.8721232,0.11668185889720917,0.588505744934082,0.44551724195480347
YJR083C,YHR072W,0,-0.8721516,0.11662869900465012,0.588505744934082,0.44574713706970215
YDL114W,YPR182W,0,-0.8722657,0.11657559126615524,0.588505744934082,0.44597700238227844
YJL012C-A,YGR276C,0,-0.8723106,0.11652252823114395,0.588505744934082,0.4462068974971771
YOR257W,YER144C,0,-0.87233454,0.11646951735019684,0.588505744934082,0.4464367926120758
YCR097W,YDL192W,0,-0.87235814,0.1164165511727333,0.588505744934082,0.4466666579246521
YGL008C,YHR085W,0,-0.8723779,0.11636363714933395,0.588505744934082,0.4468965530395508
YPR031W,YML026C,0,-0.87242246,0.11631076782941818,0.588505744934082,0.44712644815444946
YOL147C,YMR088C,0,-0.8724965,0.11625795066356659,0.588505744934082,0.44735631346702576
YJL005W,YER014C-A,0,-0.8725158,0.11620517820119858,0.588505744934082,0.44758620858192444
YBR156C,YLL015W,0,-0.8728009,0.11615245044231415,0.588505744934082,0.4478161036968231
YLR128W,YGR006W,0,-0.8731759,0.1160997748374939,0.588505744934082,0.4480459690093994
YCL020W,YDR126W,0,-0.8732257,0.11604714393615723,0.588505744934082,0.4482758641242981
YHR132C,YIL159W,0,-0.8733027,0.11599456518888474,0.588505744934082,0.4485057592391968
YLL017W,YCR014C,0,-0.8733543,0.11594203114509583,0.588505744934082,0.44873562455177307
YNL264C,YBL020W,1,-0.87343043,0.11634223908185959,0.5908045768737793,0.44873562455177307
YPR002W,YIL150C,0,-0.8734479,0.11628959327936172,0.5908045768737793,0.44896551966667175
YGL160W,YDR310C,0,-0.87351125,0.11623699963092804,0.5908045768737793,0.44919541478157043
YPR052C,YDL010W,0,-0.8737786,0.11618445068597794,0.5908045768737793,0.44942528009414673
YFR037C,YER106W,0,-0.8738425,0.11613194644451141,0.5908045768737793,0.4496551752090454
YPR137W,YCR097WB,0,-0.8742051,0.11607949435710907,0.5908045768737793,0.4498850703239441
YJR138W,YKL097W-A,0,-0.8743105,0.11602708697319031,0.5908045768737793,0.4501149356365204
YCL074W,YKR025W,0,-0.874609,0.11597473174333572,0.5908045768737793,0.45034483075141907
YOL075C,YHR062C,0,-0.8747613,0.11592242121696472,0.5908045768737793,0.45057472586631775
YER133W,YBL076C,0,-0.8751567,0.1158701553940773,0.5908045768737793,0.45080459117889404
YJL087C,YLR357W,0,-0.87530416,0.11581793427467346,0.5908045768737793,0.4510344862937927
YLR362W,YBL113C,0,-0.87531495,0.1157657653093338,0.5908045768737793,0.4512643814086914
YKR003W,YPR009W,1,-0.8759676,0.11616388708353043,0.5931034684181213,0.4512643814086914
YKL022C,YDR378C,0,-0.8760799,0.11611161381006241,0.5931034684181213,0.4514942467212677
YDR051C,YMR079W,1,-0.87619865,0.11650922149419785,0.5954023003578186,0.4514942467212677
YNR011C,YIL177C,0,-0.87667763,0.11645683646202087,0.5954023003578186,0.4517241418361664
YHR214C-B,YDR520C,0,-0.8766832,0.11640449613332748,0.5954023003578186,0.45195403695106506
YPL147W,YKL091C,1,-0.87731445,0.1168014407157898,0.5977011322975159,0.45195403695106506
YLR403W,YCR002C,0,-0.87737334,0.11674898862838745,0.5977011322975159,0.45218390226364136
YPL147W,YLR242C,1,-0.8775206,0.11714541912078857,0.6000000238418579,0.45218390226364136
YPL147W,YBR041W,1,-0.8776261,0.11754149943590164,0.6022988557815552,0.45218390226364136
YKR003W,YNL264C,1,-0.87779856,0.11793722212314606,0.6045976877212524,0.45218390226364136
YIL097W,YJL113W,0,-0.8778454,0.11788436025381088,0.6045976877212524,0.45241379737854004
YOL147C,YHR044C,0,-0.8780313,0.11783154308795929,0.6045976877212524,0.4526436924934387
YPL283C,YDR320C,0,-0.8780744,0.11777877062559128,0.6045976877212524,0.452873557806015
YLR207W,YPL050C,0,-0.8782731,0.11772605031728745,0.6045976877212524,0.4531034529209137
YER184C,YLR314C,0,-0.87830025,0.1176733747124672,0.6045976877212524,0.4533333480358124
YGR257C,YGL208W,0,-0.8787327,0.11762075126171112,0.6045976877212524,0.45356321334838867
YBR274W,YJL118W,0,-0.8789073,0.11756817251443863,0.6045976877212524,0.45379310846328735
YJR060W,YER074W-A,0,-0.8790971,0.11751563847064972,0.6045976877212524,0.45402297377586365
YPR121W,YGL141W,0,-0.8792454,0.11746315658092499,0.6045976877212524,0.45425286889076233
YDR056C,YHR216W,0,-0.87963635,0.11741071194410324,0.6045976877212524,0.454482764005661
YML040W,YPL255W,0,-0.8796791,0.11735831946134567,0.6045976877212524,0.4547126293182373
YMR119W,YPL164C,0,-0.87969184,0.11730597913265228,0.6045976877212524,0.454942524433136
YMR051C,YHR060W,0,-0.8797209,0.11725367605686188,0.6045976877212524,0.45517241954803467
YOR201C,YER106W,0,-0.8797594,0.11720142513513565,0.6045976877212524,0.45540228486061096
YDR315C,YHR070W,0,-0.8803094,0.117149218916893,0.6045976877212524,0.45563217997550964
YDR429C,YKL065C,0,-0.8803375,0.11709706485271454,0.6045976877212524,0.4558620750904083
YLR009W,YKR061W,0,-0.8805189,0.11704494804143906,0.6045976877212524,0.4560919404029846
YHL012W,YBL017C,0,-0.88070405,0.11699288338422775,0.6045976877212524,0.4563218355178833
YIL143C,YER094C,0,-0.8809383,0.11694086343050003,0.6045976877212524,0.456551730632782
YNL125C,YKL143W,0,-0.8810851,0.11688888818025589,0.6045976877212524,0.4567815959453583
YLR414C,YOL141W,0,-0.881305,0.11683695763349533,0.6045976877212524,0.45701149106025696
YPL228W,YER184C,0,-0.8817425,0.11678507924079895,0.6045976877212524,0.45724138617515564
YDR141C,YBR239C,0,-0.8817703,0.11673324555158615,0.6045976877212524,0.45747125148773193
YGL077C,YBL058W,0,-0.88220906,0.11668145656585693,0.6045976877212524,0.4577011466026306
YNL261W,YJL137C,0,-0.88231057,0.1166297122836113,0.6045976877212524,0.4579310417175293
YDR476C,YJL006C,0,-0.88250035,0.11657801270484924,0.6045976877212524,0.4581609070301056
YOR371C,YIL122W,0,-0.8827983,0.11652636528015137,0.6045976877212524,0.4583908021450043
YER166W,YDL019C,1,-0.88284993,0.11691762506961823,0.6068965792655945,0.4583908021450043
YPR042C,YCL062W,0,-0.88336164,0.11686587333679199,0.6068965792655945,0.45862069725990295
YMR032W,YNL092W,0,-0.88362324,0.11681415885686874,0.6068965792655945,0.45885056257247925
YKL221W,YBR231C,0,-0.8837163,0.11676249653100967,0.6068965792655945,0.45908045768737793
YDR084C,YOR361C,0,-0.8838335,0.11671087890863419,0.6068965792655945,0.4593103528022766
YOR304C-A,YDR123C,0,-0.8840759,0.11665929853916168,0.6068965792655945,0.4595402181148529
YGR037C,YBL020W,1,-0.884234,0.11704947054386139,0.6091954112052917,0.4595402181148529
YIL083C,YMR159C,0,-0.88424104,0.11699779331684113,0.6091954112052917,0.4597701132297516
YBR020W,YGR061C,0,-0.8844545,0.11694616079330444,0.6091954112052917,0.46000000834465027
YNL091W,YDL142C,0,-0.8845783,0.11689457297325134,0.6091954112052917,0.46022987365722656
YLL033W,YNL146W,0,-0.88477457,0.11684302985668182,0.6091954112052917,0.46045976877212524
YDR476C,YGL209W,0,-0.8847984,0.11679153889417648,0.6091954112052917,0.4606896638870239
YGL020C,YOR149C,0,-0.8852092,0.11674008518457413,0.6091954112052917,0.4609195291996002
YIL017C,YBR021W,0,-0.88551986,0.11668868362903595,0.6091954112052917,0.4611494243144989
YNL264C,YER120W,1,-0.8858042,0.11707746237516403,0.611494243144989,0.4611494243144989
YIL048W,YBR041W,1,-0.8859272,0.11746590584516525,0.6137930750846863,0.4611494243144989
YJR101W,YER030W,0,-0.88600713,0.11741425096988678,0.6137930750846863,0.4613793194293976
YBL005W-A,YGR185C,0,-0.88602936,0.11736264079809189,0.6137930750846863,0.4616091847419739
YMR257C,YKL097W-A,0,-0.8862877,0.11731107532978058,0.6137930750846863,0.46183907985687256
YKL188C,YNL323W,1,-0.88648224,0.11769872903823853,0.6160919666290283,0.46183907985687256
YPL147W,YMR162C,1,-0.88650274,0.11808604001998901,0.6183907985687256,0.46183907985687256
YNL079C,YBR204C,0,-0.88663256,0.118034228682518,0.6183907985687256,0.46206897497177124
YNL001W,YBR210W,0,-0.8866626,0.11798245459794998,0.6183907985687256,0.46229884028434753
YGR268C,YLR320W,0,-0.8869139,0.11793073266744614,0.6183907985687256,0.4625287353992462
YNR027W,YDL103C,0,-0.8869362,0.11787905544042587,0.6183907985687256,0.4627586305141449
YNL225C,YIL039W,0,-0.8869609,0.11782742291688919,0.6183907985687256,0.4629884958267212
YPR082C,YLR034C,0,-0.8871535,0.11777583509683609,0.6183907985687256,0.4632183909416199
YHR140W,YOR210W,0,-0.88729316,0.11772429198026657,0.6183907985687256,0.46344828605651855
YDL030W,YCL030C,0,-0.8878677,0.11767279356718063,0.6183907985687256,0.46367815136909485
YNL323W,YMR162C,1,-0.888026,0.11805859208106995,0.6206896305084229,0.46367815136909485
YOR270C,YLR301W,0,-0.88806516,0.11800698935985565,0.6206896305084229,0.46390804648399353
YEL056W,YDR142C,0,-0.8885696,0.11795543879270554,0.6206896305084229,0.4641379415988922
YKR028W,YDR118W,0,-0.88887686,0.117903932929039,0.6206896305084229,0.4643678069114685
YNL230C,YGR090W,0,-0.8888935,0.11785246431827545,0.6206896305084229,0.4645977020263672
YLR008C,YLR219W,0,-0.8894789,0.11780104786157608,0.6206896305084229,0.46482759714126587
YLR158C,YDR065W,0,-0.8898379,0.11774967610836029,0.6206896305084229,0.46505746245384216
YIL047C,YPL150W,0,-0.89033854,0.11769834160804749,0.6206896305084229,0.46528735756874084
YAL001C,YKR022C,0,-0.8908843,0.11764705926179886,0.6206896305084229,0.4655172526836395
YLR431C,YER086W,0,-0.89150107,0.11759582161903381,0.6206896305084229,0.4657471179962158
YGL040C,YJL085W,0,-0.8915011,0.11754462122917175,0.6206896305084229,0.4659770131111145
YNL291C,YOR245C,0,-0.8915956,0.11749347299337387,0.6206896305084229,0.4662069082260132
YHR064C,YIL168W,0,-0.89253163,0.11744236946105957,0.6206896305084229,0.4664367735385895
YCR034W,YDR388W,0,-0.8928107,0.11739130318164825,0.6206896305084229,0.46666666865348816
YEL059C-A,YMR021C,0,-0.8934289,0.11734028905630112,0.6206896305084229,0.46689656376838684
YJL125C,YLR393W,0,-0.8936329,0.11728931218385696,0.6206896305084229,0.46712642908096313
YDL197C,YMR203W,0,-0.89378273,0.11723838746547699,0.6206896305084229,0.4673563241958618
YDR046C,YOL125W,0,-0.8938168,0.1171875,0.6206896305084229,0.4675862193107605
YJR158W,YMR016C,0,-0.8942309,0.11713665723800659,0.6206896305084229,0.4678160846233368
YDL194W,YDR134C,0,-0.89432377,0.11708586663007736,0.6206896305084229,0.4680459797382355
YEL058W,YGL203C,0,-0.89435494,0.11703511327505112,0.6206896305084229,0.46827587485313416
YKL220C,YMR013C,0,-0.89466804,0.11698440462350845,0.6206896305084229,0.46850574016571045
YOR327C,YNL177C,0,-0.8948348,0.11693374067544937,0.6206896305084229,0.46873563528060913
YMR203W,YDL207W,0,-0.89519763,0.11688311398029327,0.6206896305084229,0.4689655303955078
YFL004W,YMR163C,0,-0.8953686,0.11683253943920135,0.6206896305084229,0.4691953957080841
YCL025C,YBL017C,0,-0.8957015,0.11678200960159302,0.6206896305084229,0.4694252908229828
YJL060W,YER148W,0,-0.8957723,0.11673151701688766,0.6206896305084229,0.46965518593788147
YLR029C,YBR008C,0,-0.8958831,0.1166810691356659,0.6206896305084229,0.46988505125045776
YER169W,YML081C-A,0,-0.8961069,0.1166306659579277,0.6206896305084229,0.47011494636535645
YML040W,YPR002W,0,-0.89658093,0.1165803074836731,0.6206896305084229,0.4703448414802551
YPL147W,YKR003W,1,-0.8973265,0.11696159094572067,0.6229885220527649,0.4703448414802551
YKL165C,YAL031C,0,-0.89737725,0.11691112816333771,0.6229885220527649,0.4705747067928314
YLR070C,YCR008W,0,-0.8976095,0.11686071753501892,0.6229885220527649,0.4708046019077301
YJL011C,YGR199W,0,-0.89765435,0.11681034415960312,0.6229885220527649,0.4710344970226288
YKL071W,YDL126C,0,-0.8985459,0.1167600154876709,0.6229885220527649,0.4712643623352051
YJL213W,YPL149W,0,-0.8986608,0.11670973151922226,0.6229885220527649,0.47149425745010376
YDR389W,YCL045C,0,-0.89881176,0.1166594922542572,0.6229885220527649,0.47172415256500244
YFR037C,YGR065C,0,-0.89909047,0.11660929769277573,0.6229885220527649,0.47195401787757874
YBR020W,YMR309C,0,-0.8993356,0.11655914038419724,0.6229885220527649,0.4721839129924774
YGL099W,YJR028W,0,-0.89951026,0.11650902777910233,0.6229885220527649,0.4724137783050537
YLR414C,YER051W,0,-0.89966553,0.116458959877491,0.6229885220527649,0.4726436734199524
YKR094C,YNR072W,0,-0.8998717,0.11640893667936325,0.6229885220527649,0.4728735685348511
YPR133W-A,YJL148W,0,-0.8999082,0.11635895073413849,0.6229885220527649,0.47310343384742737
YMR162C,YMR246W,1,-0.9005561,0.1167382001876831,0.6252873539924622,0.47310343384742737
YKL171W,YOR312C,0,-0.9008871,0.11668811738491058,0.6252873539924622,0.47333332896232605
YDR255C,YOR304C-A,0,-0.90105546,0.11663807928562164,0.6252873539924622,0.47356322407722473
YBR019C,YLR028C,0,-0.90139276,0.11658808588981628,0.6252873539924622,0.473793089389801
YML091C,YNL189W,0,-0.9018099,0.11653812974691391,0.6252873539924622,0.4740229845046997
YJL145W,YNL323W,1,-0.90182674,0.1169164851307869,0.6275861859321594,0.4740229845046997
YDR270W,YOR373W,0,-0.9019287,0.11686643958091736,0.6275861859321594,0.4742528796195984
YMR246W,YDL019C,1,-0.9020293,0.11724433302879333,0.6298850774765015,0.4742528796195984
YNL101W,YNR022C,0,-0.90227896,0.11719418317079544,0.6298850774765015,0.4744827449321747
YLR380W,YGR037C,1,-0.90264827,0.11757161468267441,0.6321839094161987,0.4744827449321747
YDR208W,YLR423C,0,-0.90267146,0.11752136796712875,0.6321839094161987,0.47471264004707336
YOR003W,YGR292W,0,-0.90332556,0.11747116595506668,0.6321839094161987,0.47494253516197205
YER070W,YPL110C,0,-0.9034531,0.11742100864648819,0.6321839094161987,0.47517240047454834
YMR150C,YNL304W,0,-0.9034996,0.11737088859081268,0.6321839094161987,0.475402295589447
YNL280C,YDL156W,0,-0.9035201,0.11732082068920135,0.6321839094161987,0.4756321907043457
YDR530C,YLR429W,0,-0.90368354,0.11727079004049301,0.6321839094161987,0.475862056016922
YPL159C,YKR018C,0,-0.9037918,0.11722080409526825,0.6321839094161987,0.4760919511318207
YNL323W,YER120W,1,-0.903828,0.11759693175554276,0.634482741355896,0.4760919511318207
YGR096W,YJL085W,0,-0.90386695,0.11754684895277023,0.634482741355896,0.47632184624671936
YGL150C,YIL135C,0,-0.9046793,0.11749681085348129,0.634482741355896,0.47655171155929565
YBR302C,YCL052C,0,-0.9047511,0.11744681000709534,0.634482741355896,0.47678160667419434
YNL110C,YER141W,0,-0.9048736,0.11739685386419296,0.634482741355896,0.477011501789093
YML027W,YMR130W,0,-0.90495837,0.11734694242477417,0.634482741355896,0.4772413671016693
YNL272C,YFR033C,0,-0.90508056,0.11729706823825836,0.634482741355896,0.477471262216568
YPL275W,YLR048W,0,-0.90512794,0.11724723875522614,0.634482741355896,0.4777011573314667
YPL022W,YOR126C,0,-0.9052666,0.11719745397567749,0.634482741355896,0.47793102264404297
YBR058C-A,YDR348C,0,-0.90534663,0.11714770644903183,0.634482741355896,0.47816091775894165
YGL121C,YGR104C,0,-0.90585756,0.11709800362586975,0.634482741355896,0.47839081287384033
YGL008C,YJL118W,0,-0.90593135,0.11704834550619125,0.634482741355896,0.4786206781864166
YMR236W,YCR040W,0,-0.90595675,0.11699872463941574,0.634482741355896,0.4788505733013153
YLR380W,YIL048W,1,-0.9064499,0.11737287789583206,0.636781632900238,0.4788505733013153
YKR068C,YLL040C,0,-0.9065592,0.11732316762208939,0.636781632900238,0.479080468416214
YIL093C,YBR239C,0,-0.9066165,0.1172734946012497,0.636781632900238,0.4793103337287903
YNL071W,YOR228C,0,-0.9066862,0.11722386628389359,0.636781632900238,0.47954022884368896
YPL187W,YDR037W,0,-0.9068011,0.11717428267002106,0.636781632900238,0.47977012395858765
YKL188C,YER120W,1,-0.90768075,0.11754757165908813,0.6390804648399353,0.47977012395858765
YNL280C,YML099C,0,-0.9077899,0.11749788373708725,0.6390804648399353,0.47999998927116394
YGL162W,YIL048W,1,-0.9082782,0.11787072569131851,0.6413792967796326,0.47999998927116394
YAR035W,YNL146W,0,-0.9090098,0.11782094836235046,0.6413792967796326,0.4802298843860626
YJL111W,YEL077C,0,-0.90919876,0.1177712082862854,0.6413792967796326,0.4804597795009613
YKL101W,YLR265C,0,-0.9092483,0.11772152036428452,0.6413792967796326,0.4806896448135376
YLR209C,YLR155C,0,-0.9095123,0.11767186969518661,0.6413792967796326,0.4809195399284363
YOR261C,YGR231C,0,-0.9096532,0.1176222562789917,0.6413792967796326,0.48114943504333496
YMR162C,YER166W,1,-0.9097298,0.11799409985542297,0.6436781883239746,0.48114943504333496
YIL082W-A,YJR028W,0,-0.90982425,0.1179443970322609,0.6436781883239746,0.48137930035591125
YBR173C,YPL227C,0,-0.90992904,0.1178947389125824,0.6436781883239746,0.48160919547080994
YLR262C,YOR367W,0,-0.9099434,0.11784511804580688,0.6436781883239746,0.4818390905857086
YLR113W,YGR276C,0,-0.91002756,0.11779554188251495,0.6436781883239746,0.4820689558982849
YDL120W,YGL134W,0,-0.9101844,0.11774600297212601,0.6436781883239746,0.4822988510131836
YLR242C,YAR044W,1,-0.910231,0.11811685562133789,0.6459770202636719,0.4822988510131836
YML123C,YNL085W,0,-0.91095906,0.11806722730398178,0.6459770202636719,0.4825287461280823
YER160C,YDR240C,0,-0.9110861,0.11801763623952866,0.6459770202636719,0.48275861144065857
YNL046W,YEL063C,0,-0.91113746,0.11796809732913971,0.6459770202636719,0.48298850655555725
YGL010W,YPR020W,0,-0.9114223,0.11791858822107315,0.6459770202636719,0.48321840167045593
YJL190C,YPL155C,0,-0.9115565,0.11786912381649017,0.6459770202636719,0.4834482669830322
YPL147W,YNL264C,1,-0.9116639,0.11823899298906326,0.6482758522033691,0.4834482669830322
YDR093W,YER120W,1,-0.91195214,0.11860854923725128,0.6505746841430664,0.4834482669830322
YDR239C,YDR440W,0,-0.91216934,0.1185588613152504,0.6505746841430664,0.4836781620979309
YGR274C,YGR225W,0,-0.91269803,0.1185092106461525,0.6505746841430664,0.4839080572128296
YLR424W,YML008C,0,-0.91325164,0.11845960468053818,0.6505746841430664,0.4841379225254059
YPL118W,YGR098C,0,-0.9132893,0.11841004341840744,0.6505746841430664,0.48436781764030457
YBR042C,YHR181W,0,-0.9135416,0.11836051940917969,0.6505746841430664,0.48459771275520325
YJR129C,YLR035C,0,-0.91372395,0.11831104010343552,0.6505746841430664,0.48482757806777954
YEL052W,YGL169W,0,-0.91376746,0.11826159805059433,0.6505746841430664,0.4850574731826782
YMR067C,YAL008W,0,-0.9138197,0.11821220070123672,0.6505746841430664,0.4852873682975769
YIL031W,YOR362C,0,-0.9138832,0.1181628406047821,0.6505746841430664,0.4855172336101532
YNL107W,YNL268W,0,-0.91444093,0.11811352521181107,0.6505746841430664,0.4857471287250519
YKL170W,YKL015W,0,-0.91472274,0.11806424707174301,0.6505746841430664,0.48597702383995056
YLR307W,YMR201C,0,-0.9151776,0.11801501363515854,0.6505746841430664,0.48620688915252686
YDR404C,YBR135W,0,-0.91535324,0.11796581745147705,0.6505746841430664,0.48643678426742554
YDR051C,YLR242C,1,-0.9154334,0.11833333224058151,0.6528735756874084,0.48643678426742554
YDL206W,YMR093W,0,-0.91595143,0.11828404664993286,0.6528735756874084,0.4866666793823242
YNL092W,YLR015W,0,-0.9160309,0.11823480576276779,0.6528735756874084,0.4868965446949005
YIL080W,YPR021C,0,-0.9160724,0.1181856021285057,0.6528735756874084,0.4871264398097992
YNR007C,YPR004C,0,-0.91637444,0.1181364357471466,0.6528735756874084,0.4873563349246979
YJL171C,YKL181W,0,-0.9164742,0.11808732151985168,0.6528735756874084,0.48758620023727417
YOR356W,YLR364W,0,-0.91685104,0.11803823709487915,0.6528735756874084,0.48781609535217285
YEL046C,YFL041W,0,-0.91714656,0.1179891973733902,0.6528735756874084,0.48804599046707153
YDL095W,YDL179W,0,-0.91776085,0.11794020235538483,0.6528735756874084,0.4882758557796478
YLR390W,YBR195C,0,-0.9177749,0.11789124459028244,0.6528735756874084,0.4885057508945465
YCR024C-A,YOR039W,0,-0.91801417,0.11784232407808304,0.6528735756874084,0.4887356460094452
YDR297W,YPL131W,0,-0.91806763,0.11779344826936722,0.6528735756874084,0.4889655113220215
YBR004C,YBR133C,0,-0.91807544,0.11774460971355438,0.6528735756874084,0.48919540643692017
YNL264C,YBR041W,1,-0.9180818,0.11811023950576782,0.6551724076271057,0.48919540643692017
YBR283C,YKL158W,0,-0.91813654,0.11806131154298782,0.6551724076271057,0.48942530155181885
YGR209C,YML054C,0,-0.91832495,0.11801242083311081,0.6551724076271057,0.48965516686439514
YDR473C,YFL022C,0,-0.9185997,0.11796357482671738,0.6551724076271057,0.4898850619792938
YPR082C,YCR033W,0,-0.91863364,0.11791477352380753,0.6551724076271057,0.4901149570941925
YML129C,YIL035C,0,-0.9187044,0.11786600202322006,0.6551724076271057,0.4903448224067688
YOR209C,YLL005C,0,-0.918728,0.11781728267669678,0.6551724076271057,0.4905747175216675
YPL147W,YBL020W,1,-0.91874725,0.11818181723356247,0.657471239566803,0.4905747175216675
YGL123W,YJL143W,0,-0.9187826,0.11813300102949142,0.657471239566803,0.4908045828342438
YLR033W,YNL073W,0,-0.9188948,0.11808422952890396,0.657471239566803,0.49103447794914246
YKL184W,YML081C-A,0,-0.9189828,0.11803549528121948,0.657471239566803,0.49126437306404114
YBR253W,YPL177C,0,-0.9189984,0.11798679828643799,0.657471239566803,0.49149423837661743
YDL204W,YHR082C,0,-0.91908157,0.11793814599514008,0.657471239566803,0.4917241334915161
YCR094W,YIL048W,1,-0.91912746,0.11830173432826996,0.659770131111145,0.4917241334915161
YLR151C,YOL104C,0,-0.91935766,0.11825298517942429,0.659770131111145,0.4919540286064148
YER119C,YBR271W,0,-0.91954786,0.1182042807340622,0.659770131111145,0.4921838939189911
YIL072W,YHR041C,0,-0.9196688,0.11815562099218369,0.659770131111145,0.49241378903388977
YML114C,YPL127C,0,-0.9198146,0.11810699850320816,0.659770131111145,0.49264368414878845
YPL259C,YIL015W,0,-0.92004466,0.11805841326713562,0.659770131111145,0.49287354946136475
YDR071C,YGR035C,0,-0.92005885,0.11800986528396606,0.659770131111145,0.4931034445762634
YBL098W,YFL044C,0,-0.92011875,0.11796136200428009,0.659770131111145,0.4933333396911621
YNR063W,YNL268W,0,-0.9207084,0.1179129034280777,0.659770131111145,0.4935632050037384
YML018C,YBR012W-B,0,-0.92098486,0.11786447465419769,0.659770131111145,0.4937931001186371
YJL060W,YFL031W,0,-0.92106664,0.11781609058380127,0.659770131111145,0.49402299523353577
YGL119W,YLR438C-A,0,-0.92117184,0.11776774376630783,0.659770131111145,0.49425286054611206
YLR228C,YDR425W,0,-0.9213534,0.11771944165229797,0.659770131111145,0.49448275566101074
YMR038C,YGL145W,0,-0.9215322,0.1176711767911911,0.659770131111145,0.4947126507759094
YHR064C,YDL077C,0,-0.92221534,0.11762294918298721,0.659770131111145,0.4949425160884857
YDR051C,YNL323W,1,-0.9223949,0.11798442900180817,0.6620689630508423,0.4949425160884857
YAL062W,YOR044W,0,-0.9226172,0.11793611943721771,0.6620689630508423,0.4951724112033844
YCL032W,YOR095C,0,-0.92264795,0.11788783967494965,0.6620689630508423,0.4954023063182831
YER110C,YDR116C,0,-0.9231122,0.11783960461616516,0.6620689630508423,0.4956321716308594
YGL044C,YER141W,0,-0.9234104,0.11779141426086426,0.6620689630508423,0.49586206674575806
YGR221C,YGL147C,0,-0.92369664,0.11774325370788574,0.6620689630508423,0.49609196186065674
YNL305C,YDR302W,0,-0.92382514,0.11769513785839081,0.6620689630508423,0.49632182717323303
YGL023C,YDL121C,0,-0.9239782,0.11764705926179886,0.6620689630508423,0.4965517222881317
YMR173W,YPR043W,0,-0.9240576,0.1175990179181099,0.6620689630508423,0.4967816174030304
YBR068C,YJL051W,0,-0.92434,0.11755102127790451,0.6620689630508423,0.4970114827156067
YDR093W,YPR009W,1,-0.9244345,0.11791105568408966,0.6643677949905396,0.4970114827156067
YKR003W,YIL048W,1,-0.9244362,0.11827079951763153,0.6666666865348816,0.4970114827156067
YDL128W,YBL018C,0,-0.92446554,0.11822258681058884,0.6666666865348816,0.49724137783050537
YHR079C-A,YHL044W,0,-0.92453784,0.11817441135644913,0.6666666865348816,0.49747127294540405
YCR023C,YMR300C,0,-0.9245682,0.1181262731552124,0.6666666865348816,0.49770113825798035
YBR145W,YNR002C,0,-0.9246263,0.11807817220687866,0.6666666865348816,0.49793103337287903
YPL022W,YER180C,0,-0.9247517,0.1180301159620285,0.6666666865348816,0.4981609284877777
YJR070C,YNL275W,0,-0.925028,0.11798209697008133,0.6666666865348816,0.498390793800354
YJR044C,YML113W,0,-0.9259131,0.11793412268161774,0.6666666865348816,0.4986206889152527
YDR531W,YLR128W,0,-0.9269966,0.11788617819547653,0.6666666865348816,0.49885058403015137
YPL154C,YIL128W,0,-0.9270556,0.11783827841281891,0.6666666865348816,0.49908044934272766
YHL009C,YGL135W,0,-0.9271133,0.11779041588306427,0.6666666865348816,0.49931034445762634
YMR314W,YLR026C,0,-0.92716014,0.11774259060621262,0.6666666865348816,0.499540239572525
YMR094W,YGR128C,0,-0.92736375,0.11769480258226395,0.6666666865348816,0.4997701048851013
YKR055W,YGR012W,0,-0.9278295,0.11764705926179886,0.6666666865348816,0.5
YNL139C,YOL019W,0,-0.92790854,0.11759935319423676,0.6666666865348816,0.5002298951148987
YGL039W,YPR190C,0,-0.92812467,0.11755168437957764,0.6666666865348816,0.5004597902297974
YKR056W,YNR004W,0,-0.92824733,0.1175040528178215,0.6666666865348816,0.5006896257400513
YER140W,YKR071C,0,-0.92847884,0.11745645850896835,0.6666666865348816,0.50091952085495
YDL006W,YJR077C,0,-0.9285054,0.11740890890359879,0.6666666865348816,0.5011494159698486
YJL164C,YHL044W,0,-0.9287417,0.1173613891005516,0.6666666865348816,0.5013793110847473
YGL130W,YER003C,0,-0.9289536,0.117313914000988,0.6666666865348816,0.501609206199646
YGL135W,YMR008C,0,-0.9291641,0.11726647615432739,0.6666666865348816,0.5018391013145447
YER145C,YCL034W,0,-0.92919147,0.11721907556056976,0.6666666865348816,0.5020689368247986
YMR094W,YLR132C,0,-0.9294977,0.11717171967029572,0.6666666865348816,0.5022988319396973
YOR197W,YER091C,0,-0.92953235,0.11712439358234406,0.6666666865348816,0.502528727054596
YDR058C,YMR130W,0,-0.9297037,0.11707711219787598,0.6666666865348816,0.5027586221694946
YDR388W,YKL158W,0,-0.92984205,0.11702986061573029,0.6666666865348816,0.5029885172843933
YOL008W,YDR299W,0,-0.9302837,0.11698265373706818,0.6666666865348816,0.503218412399292
YKL137W,YOR159C,0,-0.93032664,0.11693548411130905,0.6666666865348816,0.5034482479095459
YGR287C,YGR276C,0,-0.93135875,0.11688835173845291,0.6666666865348816,0.5036781430244446
YBR221C,YAL053W,0,-0.9314237,0.11684125661849976,0.6666666865348816,0.5039080381393433
YOR096W,YDR334W,0,-0.93194187,0.11679419875144958,0.6666666865348816,0.5041379332542419
YEL031W,YIR002C,0,-0.93206084,0.116747185587883,0.6666666865348816,0.5043678283691406
YNR027W,YKR008W,0,-0.9324506,0.1167002022266388,0.6666666865348816,0.5045977234840393
YMR043W,YOL152W,0,-0.93251914,0.11665325611829758,0.6666666865348816,0.5048275589942932
YLR316C,YAL001C,0,-0.9331655,0.11660635471343994,0.6666666865348816,0.5050574541091919
YDR402C,YMR314W,0,-0.9333712,0.1165594831109047,0.6666666865348816,0.5052873492240906
YDR506C,YDR140W,0,-0.9334289,0.11651265621185303,0.6666666865348816,0.5055172443389893
YDL198C,YOR077W,0,-0.93381244,0.11646586656570435,0.6666666865348816,0.5057471394538879
YLR187W,YFR029W,0,-0.9343507,0.11641910672187805,0.6666666865348816,0.5059770345687866
YOL026C,YDR022C,0,-0.93441194,0.11637239158153534,0.6666666865348816,0.5062068700790405
YOL120C,YDR507C,0,-0.93448865,0.11632571369409561,0.6666666865348816,0.5064367651939392
YGR054W,YDR362C,0,-0.93459666,0.11627907305955887,0.6666666865348816,0.5066666603088379
YMR165C,YGR143W,0,-0.93463063,0.11623246222734451,0.6666666865348816,0.5068965554237366
YMR024W,YNR050C,0,-0.9346341,0.11618589609861374,0.6666666865348816,0.5071264505386353
YNL264C,YAR044W,1,-0.93478286,0.1165398508310318,0.6689655184745789,0.5071264505386353
YJR029W,YGR227W,0,-0.9349033,0.11649319529533386,0.6689655184745789,0.5073563456535339
YKR090W,YGL122C,0,-0.9354914,0.11644657701253891,0.6689655184745789,0.5075861811637878
YOR151C,YPL206C,0,-0.9356152,0.11640000343322754,0.6689655184745789,0.5078160762786865
YAR019C,YLR136C,0,-0.9361212,0.11635345965623856,0.6689655184745789,0.5080459713935852
YNL322C,YLR212C,0,-0.9363188,0.11630695313215256,0.6689655184745789,0.5082758665084839
YKR067W,YJL122W,0,-0.9364414,0.11626048386096954,0.6689655184745789,0.5085057616233826
YER175C,YCR020W-B,0,-0.9365163,0.11621405929327011,0.6689655184745789,0.5087356567382812
YNR036C,YJR105W,0,-0.93674535,0.11616766452789307,0.6689655184745789,0.5089654922485352
YDR364C,YPR026W,0,-0.9368204,0.116121307015419,0.6689655184745789,0.5091953873634338
YKL206C,YHR186C,0,-0.9372525,0.11607498675584793,0.6689655184745789,0.5094252824783325
YER106W,YDL065C,0,-0.9374572,0.11602871119976044,0.6689655184745789,0.5096551775932312
YDR382W,YDR311W,0,-0.9378704,0.11598246544599533,0.6689655184745789,0.5098850727081299
YDL140C,YOR095C,0,-0.93795896,0.11593625694513321,0.6689655184745789,0.5101149678230286
YNL265C,YCR026C,0,-0.9379736,0.11589008569717407,0.6689655184745789,0.5103448033332825
YBR120C,YML007W,0,-0.93809974,0.11584395170211792,0.6689655184745789,0.5105746984481812
YCR066W,YPL275W,0,-0.9381653,0.11579784750938416,0.6689655184745789,0.5108045935630798
YNR013C,YHL040C,0,-0.9384564,0.11575178802013397,0.6689655184745789,0.5110344886779785
YER087C-B,YLR341W,0,-0.938609,0.11570576578378677,0.6689655184745789,0.5112643837928772
YOR378W,YJR014W,0,-0.938953,0.11565978080034256,0.6689655184745789,0.5114942789077759
YDR354W,YLL036C,0,-0.93901426,0.11561382561922073,0.6689655184745789,0.5117241144180298
YMR268C,YBR297W,0,-0.94038737,0.11556790769100189,0.6689655184745789,0.5119540095329285
YGL237C,YKL164C,0,-0.9405143,0.11552203446626663,0.6689655184745789,0.5121839046478271
YKL092C,YLR337W,0,-0.9405916,0.11547619104385376,0.6689655184745789,0.5124137997627258
YAL042W,YCL027C-A,0,-0.94067395,0.11543038487434387,0.6689655184745789,0.5126436948776245
YOR270C,YHR039C-A,0,-0.9407321,0.11538461595773697,0.6689655184745789,0.5128735899925232
YHR214C-B,YER157W,0,-0.94114864,0.11533888429403305,0.6689655184745789,0.5131034255027771
YDR533C,YFR015C,0,-0.94157887,0.11529318243265152,0.6689655184745789,0.5133333206176758
YDL069C,YJR028W,0,-0.9416762,0.11524752527475357,0.6689655184745789,0.5135632157325745
YGR225W,YGL244W,0,-0.9416783,0.11520189791917801,0.6689655184745789,0.5137931108474731
YBR267W,YGL137W,0,-0.94182825,0.11515631526708603,0.6689655184745789,0.5140230059623718
YCR020C,YMR045C,0,-0.9420395,0.11511076241731644,0.6689655184745789,0.5142529010772705
YMR264W,YBL091C-A,0,-0.94235086,0.11506524682044983,0.6689655184745789,0.5144827365875244
YDR134C,YNL102W,0,-0.94258267,0.11501976102590561,0.6689655184745789,0.5147126317024231
YNL207W,YML033W,0,-0.9431856,0.11497431993484497,0.6689655184745789,0.5149425268173218
YLR237W,YOR180C,0,-0.94338167,0.11492890864610672,0.6689655184745789,0.5151724219322205
YCR034W,YDL010W,0,-0.9438982,0.11488353461027145,0.6689655184745789,0.5154023170471191
YCR097W,YNR046W,0,-0.94411933,0.11483819782733917,0.6689655184745789,0.5156322121620178
YHR061C,YHL044W,0,-0.94414186,0.11479289829730988,0.6689655184745789,0.5158620476722717
YKL152C,YDR240C,0,-0.944299,0.11474763602018356,0.6689655184745789,0.5160919427871704
YGL168W,YBR217W,0,-0.9444574,0.11470240354537964,0.6689655184745789,0.5163218379020691
YBL016W,YHR059W,0,-0.94462025,0.1146572083234787,0.6689655184745789,0.5165517330169678
YHL004W,YDR351W,0,-0.94515735,0.11461205035448074,0.6689655184745789,0.5167816281318665
YDL138W,YML111W,0,-0.9453672,0.11456692963838577,0.6689655184745789,0.5170115232467651
YEL041W,YGL065C,0,-0.94549346,0.11452183872461319,0.6689655184745789,0.517241358757019
YJL145W,YCR094W,1,-0.94563633,0.11487018316984177,0.6712643504142761,0.517241358757019
YOR269W,YNL092W,0,-0.94576275,0.11482501029968262,0.6712643504142761,0.5174712538719177
YJR021C,YBL027W,0,-0.94577837,0.11477987468242645,0.6712643504142761,0.5177011489868164
YMR166C,YER068W,0,-0.9460224,0.11473477631807327,0.6712643504142761,0.5179310441017151
YNL280C,YHL047C,0,-0.9460739,0.11468970775604248,0.6712643504142761,0.5181609392166138
YCR094W,YBR041W,1,-0.946528,0.11503729969263077,0.6735632419586182,0.5181609392166138
YKL041W,YER018C,0,-0.94690454,0.11499214917421341,0.6735632419586182,0.5183908343315125
YDR003W,YHR076W,0,-0.9469779,0.11494703590869904,0.6735632419586182,0.5186206698417664
YIR006C,YCR071C,0,-0.9479385,0.11490195989608765,0.6735632419586182,0.518850564956665
YLR121C,YBR291C,0,-0.9485142,0.11485692113637924,0.6735632419586182,0.5190804600715637
YNR072W,YOR328W,0,-0.94855857,0.11481191217899323,0.6735632419586182,0.5193103551864624
YIR036C,YIR034C,0,-0.94867396,0.11476694047451019,0.6735632419586182,0.5195402503013611
YGL002W,YDR440W,0,-0.9487129,0.11472200602293015,0.6735632419586182,0.519770085811615
YIL112W,YJR043C,0,-0.9490119,0.11467710137367249,0.6735632419586182,0.5199999809265137
YHR141C,YIL139C,0,-0.9493842,0.11463224142789841,0.6735632419586182,0.5202298760414124
YLR396C,YOR354C,0,-0.94998705,0.11458740383386612,0.6735632419586182,0.520459771156311
YGR218W,YJL006C,0,-0.950023,0.11454261094331741,0.6735632419586182,0.5206896662712097
YKL021C,YEL060C,0,-0.9501971,0.1144978478550911,0.6735632419586182,0.5209195613861084
YKL140W,YAL010C,0,-0.9503008,0.11445312201976776,0.6735632419586182,0.5211493968963623
YGR220C,YJL014W,0,-0.95065576,0.11440843343734741,0.6735632419586182,0.521379292011261
YAL042W,YLR310C,0,-0.9507989,0.11436377465724945,0.6735632419586182,0.5216091871261597
YBL010C,YJR029W,0,-0.9508153,0.11431916058063507,0.6735632419586182,0.5218390822410583
YPR124W,YNL222W,0,-0.95090586,0.11427456885576248,0.6735632419586182,0.522068977355957
YOR257W,YML001W,0,-0.9510345,0.11423002183437347,0.6735632419586182,0.5222988724708557
YJL028W,YER125W,0,-0.95161974,0.11418550461530685,0.6735632419586182,0.5225287079811096
YDL058W,YPL186C,0,-0.95162594,0.11414101719856262,0.6735632419586182,0.5227586030960083
YPL057C,YKL097W-A,0,-0.9517659,0.11409657448530197,0.6735632419586182,0.522988498210907
YOR373W,YNL087W,0,-0.9517717,0.11405216157436371,0.6735632419586182,0.5232183933258057
YBR058C-A,YGR198W,0,-0.9518498,0.11400777846574783,0.6735632419586182,0.5234482884407043
YPL259C,YDL210W,0,-0.95227885,0.11396344006061554,0.6735632419586182,0.523678183555603
YDR099W,YDL085W,0,-0.9523188,0.11391913145780563,0.6735632419586182,0.5239080190658569
YMR295C,YIL138C,0,-0.95234334,0.11387485265731812,0.6735632419586182,0.5241379141807556
YDR293C,YDR211W,0,-0.95263016,0.11383061110973358,0.6735632419586182,0.5243678092956543
YOR147W,YGL019W,0,-0.9536719,0.11378640681505203,0.6735632419586182,0.524597704410553
YMR260C,YGR036C,0,-0.9539124,0.11374223232269287,0.6735632419586182,0.5248275995254517
YMR280C,YGL060W,0,-0.9541267,0.1136980950832367,0.6735632419586182,0.5250574946403503
YNR017W,YEL043W,0,-0.9546465,0.1136539950966835,0.6735632419586182,0.5252873301506042
YDL236W,YDR318W,0,-0.9547766,0.1136099249124527,0.6735632419586182,0.5255172252655029
YPL132W,YOL101C,0,-0.9547818,0.11356589198112488,0.6735632419586182,0.5257471203804016
YNR075W,YFR004W,0,-0.9549049,0.11352188885211945,0.6735632419586182,0.5259770154953003
YML118W,YDL055C,0,-0.9552515,0.113477922976017,0.6735632419586182,0.526206910610199
YGR049W,YMR036C,0,-0.9553631,0.11343399435281754,0.6735632419586182,0.5264368057250977
YDR191W,YBR033W,0,-0.9559584,0.11339009553194046,0.6735632419586182,0.5266666412353516
YNR008W,YNL147W,0,-0.95625067,0.11334622651338577,0.6735632419586182,0.5268965363502502
YNL127W,YBR267W,0,-0.9564006,0.11330239474773407,0.6735632419586182,0.5271264314651489
YCR094W,YDR093W,1,-0.9565297,0.11364515125751495,0.6758620738983154,0.5271264314651489
YGR218W,YLR394W,0,-0.9567859,0.11360123753547668,0.6758620738983154,0.5273563265800476
YMR238W,YBL097W,0,-0.95690966,0.1135573610663414,0.6758620738983154,0.5275862216949463
YLR242C,YER166W,1,-0.9569315,0.1138996109366417,0.6781609058380127,0.5275862216949463
YGL160W,YGR008C,0,-0.9570135,0.11385565251111984,0.6781609058380127,0.527816116809845
YBR141C,YML111W,0,-0.9571888,0.11381173133850098,0.6781609058380127,0.5280459523200989
YDL184C,YML028W,0,-0.95825505,0.1137678399682045,0.6781609058380127,0.5282758474349976
YGR059W,YGL047W,0,-0.9583467,0.11372397840023041,0.6781609058380127,0.5285057425498962
YDR011W,YNL284C,0,-0.9586985,0.1136801540851593,0.6781609058380127,0.5287356376647949
YOL158C,YJL156C,0,-0.9587486,0.11363636702299118,0.6781609058380127,0.5289655327796936
YMR246W,YDR093W,1,-0.95890707,0.11397766321897507,0.6804597973823547,0.5289655327796936
YLR089C,YNR073C,0,-0.95909464,0.11393379420042038,0.6804597973823547,0.5291954278945923
YHL018W,YCL024W,0,-0.9591783,0.11388995498418808,0.6804597973823547,0.5294252634048462
YDR186C,YIL026C,0,-0.959652,0.11384615302085876,0.6804597973823547,0.5296551585197449
YDR302W,YCR048W,0,-0.9600514,0.11380238085985184,0.6804597973823547,0.5298850536346436
YDL079C,YOR292C,0,-0.96015114,0.1137586459517479,0.6804597973823547,0.5301149487495422
YMR045C,YDR109C,0,-0.96020573,0.11371494084596634,0.6804597973823547,0.5303448438644409
YGL130W,YMR008C,0,-0.9602086,0.11367127299308777,0.6804597973823547,0.5305747389793396
YOL010W,YML104C,0,-0.9603272,0.11362764239311218,0.6804597973823547,0.5308045744895935
YLR233C,YOL018C,0,-0.96057576,0.11358403414487839,0.6804597973823547,0.5310344696044922
YBR199W,YGL225W,0,-0.9610715,0.11354047060012817,0.6804597973823547,0.5312643647193909
YDR507C,YKL208W,0,-0.96122855,0.11349692940711975,0.6804597973823547,0.5314942598342896
YPR162C,YDL052C,0,-0.9613008,0.11345343291759491,0.6804597973823547,0.5317241549491882
YBL078C,YER168C,0,-0.9617537,0.11340995877981186,0.6804597973823547,0.5319540500640869
YPL147W,YHR001W,1,-0.961989,0.11374951899051666,0.682758629322052,0.5319540500640869
YCR097W,YLR089C,0,-0.9621434,0.11370597034692764,0.682758629322052,0.5321838855743408
YGR166W,YDR326C,0,-0.9625845,0.11366245895624161,0.682758629322052,0.5324137806892395
YJL118W,YBR200W,0,-0.96258855,0.11361897736787796,0.682758629322052,0.5326436758041382
YDR051C,YHR001W,1,-0.96318877,0.11395793408155441,0.6850574612617493,0.5326436758041382
YPR204W,YCR072C,0,-0.9632467,0.1139143705368042,0.6850574612617493,0.5328735709190369
YDR036C,YKL011C,0,-0.9640531,0.11387084424495697,0.6850574612617493,0.5331034660339355
YHR105W,YAR050W,0,-0.9641225,0.11382734775543213,0.6850574612617493,0.5333333611488342
YLR005W,YKL168C,0,-0.96552753,0.11378388851881027,0.6850574612617493,0.5335631966590881
YMR011W,YMR039C,0,-0.96577704,0.1137404590845108,0.6850574612617493,0.5337930917739868
YDL097C,YKL011C,0,-0.9662781,0.11369705945253372,0.6850574612617493,0.5340229868888855
YML040W,YAL003W,0,-0.9662812,0.11365369707345963,0.6850574612617493,0.5342528820037842
YOR208W,YMR020W,0,-0.9669049,0.11361037194728851,0.6850574612617493,0.5344827771186829
YGR033C,YPL060W,0,-0.9669853,0.11356707662343979,0.6850574612617493,0.5347126722335815
YDR498C,YOR315W,0,-0.9671291,0.11352381110191345,0.6850574612617493,0.5349425077438354
YDR524C,YBR204C,0,-0.9680135,0.1134805753827095,0.6850574612617493,0.5351724028587341
YMR199W,YLL015W,0,-0.9680612,0.11343738436698914,0.6850574612617493,0.5354022979736328
YIL015W,YLR098C,0,-0.96815026,0.11339421570301056,0.6850574612617493,0.5356321930885315
YPL064C,YNR075W,0,-0.9685313,0.11335108429193497,0.6850574612617493,0.5358620882034302
YBL011W,YPR165W,0,-0.9686332,0.11330798268318176,0.6850574612617493,0.5360919833183289
YBR123C,YHR186C,0,-0.9690105,0.11326491832733154,0.6850574612617493,0.5363218188285828
YGL112C,YOL056W,0,-0.96912766,0.11322188377380371,0.6850574612617493,0.5365517139434814
YMR316W,YLL050C,0,-0.969266,0.11317888647317886,0.6850574612617493,0.5367816090583801
YEL034W,YAL058W,0,-0.9694265,0.1131359115242958,0.6850574612617493,0.5370115041732788
YMR016C,YDL084W,0,-0.9694281,0.11309298127889633,0.6850574612617493,0.5372413992881775
YHL047C,YDL103C,0,-0.96945727,0.11305007338523865,0.6850574612617493,0.5374712347984314
YDR369C,YEL077C,0,-0.969719,0.11300720274448395,0.6850574612617493,0.5377011299133301
YJL149W,YNL222W,0,-0.96991444,0.11296436935663223,0.6850574612617493,0.5379310250282288
YJL139C,YHR023W,0,-0.970677,0.11292155832052231,0.6850574612617493,0.5381609201431274
YJL145W,YBL020W,1,-0.97068214,0.11325757205486298,0.6873562932014465,0.5381609201431274
YCR057C,YGL010W,0,-0.97085077,0.11321469396352768,0.6873562932014465,0.5383908152580261
YGL254W,YKL176C,0,-0.97097045,0.11317183822393417,0.6873562932014465,0.5386207103729248
YCL050C,YGL011C,0,-0.97152984,0.11312901973724365,0.6873562932014465,0.5388505458831787
YML081C-A,YOR075W,0,-0.9715689,0.11308623105287552,0.6873562932014465,0.5390804409980774
YGL178W,YJL029C,0,-0.97166574,0.11304347962141037,0.6873562932014465,0.5393103361129761
YJL123C,YDR320C,0,-0.9717277,0.11300075799226761,0.6873562932014465,0.5395402312278748
YDR079W,YOL124C,0,-0.97193414,0.11295806616544724,0.6873562932014465,0.5397701263427734
YKR003W,YDL019C,1,-0.97231114,0.11329305171966553,0.6896551847457886,0.5397701263427734
YIL067C,YHR010W,0,-0.9724433,0.11325028538703918,0.6896551847457886,0.5400000214576721
YKR037C,YGL077C,0,-0.9727185,0.11320754885673523,0.6896551847457886,0.540229856967926
YGL051W,YOL006C,0,-0.9727692,0.11316484212875366,0.6896551847457886,0.5404597520828247
YCL025C,YPL153C,0,-0.9727914,0.11312217265367508,0.6896551847457886,0.5406896471977234
YNL101W,YKL113C,0,-0.972807,0.11307953298091888,0.6896551847457886,0.5409195423126221
YHR116W,YPR082C,0,-0.97363913,0.11303692311048508,0.6896551847457886,0.5411494374275208
YLR051C,YGL203C,0,-0.9738753,0.11299435049295425,0.6896551847457886,0.5413793325424194
YBR200W,YJR099W,0,-0.9738851,0.11295180767774582,0.6896551847457886,0.5416091680526733
YAL041W,YIR007W,0,-0.9739241,0.11290929466485977,0.6896551847457886,0.541839063167572
YML046W,YDR050C,0,-0.97513485,0.11286681890487671,0.6896551847457886,0.5420689582824707
YGL168W,YHR152W,0,-0.97544616,0.11282437294721603,0.6896551847457886,0.5422988533973694
YDR003W,YER157W,0,-0.97593653,0.11278195679187775,0.6896551847457886,0.5425287485122681
YAL024C,YLR300W,0,-0.9759772,0.11273957043886185,0.6896551847457886,0.5427586436271667
YGL011C,YNL292W,0,-0.9760244,0.11269722133874893,0.6896551847457886,0.5429884791374207
YOL072W,YLR341W,0,-0.97620904,0.1126549020409584,0.6896551847457886,0.5432183742523193
YKL221W,YDR347W,0,-0.9765096,0.11261261254549026,0.6896551847457886,0.543448269367218
YLR080W,YCL061C,0,-0.97651327,0.11257035285234451,0.6896551847457886,0.5436781644821167
YOR008C,YLR221C,0,-0.9767946,0.11252813041210175,0.6896551847457886,0.5439080595970154
YLR340W,YKR087C,0,-0.97681266,0.11248593777418137,0.6896551847457886,0.5441379547119141
YPL266W,YLR312W-A,0,-0.97683716,0.11244377493858337,0.6896551847457886,0.544367790222168
YOR255W,YBR120C,0,-0.97716767,0.11240164935588837,0.6896551847457886,0.5445976853370667
YER018C,YJL154C,0,-0.9774051,0.11235955357551575,0.6896551847457886,0.5448275804519653
YDL159W,YNL087W,0,-0.97785574,0.11231748759746552,0.6896551847457886,0.545057475566864
YNR035C,YHR085W,0,-0.97797364,0.11227545142173767,0.6896551847457886,0.5452873706817627
YKL113C,YLR305C,0,-0.97803485,0.11223344504833221,0.6896551847457886,0.5455172657966614
YOR008C,YLL019C,0,-0.9783245,0.11219147592782974,0.6896551847457886,0.5457471013069153
YCL011C,YOR378W,0,-0.97867024,0.11214952915906906,0.6896551847457886,0.545976996421814
YMR314W,YOR288C,0,-0.9791905,0.11210761964321136,0.6896551847457886,0.5462068915367126
YPR152C,YPR026W,0,-0.97930723,0.11206574738025665,0.6896551847457886,0.5464367866516113
YJL145W,YNL264C,1,-0.9796856,0.11239731311798096,0.6919540166854858,0.5464367866516113
YMR223W,YLL051C,0,-0.97986984,0.11235535889863968,0.6919540166854858,0.54666668176651
YBR026C,YMR224C,0,-0.9799328,0.11231343448162079,0.6919540166854858,0.5468965768814087
YDL083C,YHR032W,0,-0.9799894,0.11227153986692429,0.6919540166854858,0.5471264123916626
YCR008W,YBR154C,0,-0.9800772,0.11222968250513077,0.6919540166854858,0.5473563075065613
YBL101C,YBR222C,0,-0.9805901,0.11218784749507904,0.6919540166854858,0.54758620262146
YFL066C,YBR160W,0,-0.9807069,0.1121460497379303,0.6919540166854858,0.5478160977363586
YPR009W,YGR037C,1,-0.9808665,0.11247672140598297,0.6942528486251831,0.5478160977363586
YNR067C,YOL091W,0,-0.98109365,0.11243484914302826,0.6942528486251831,0.5480459928512573
YLL029W,YCL026C-A,0,-0.98150903,0.11239300668239594,0.6942528486251831,0.548275887966156
YDR033W,YBL112C,0,-0.98169845,0.112351194024086,0.6942528486251831,0.5485057234764099
YOR221C,YLR126C,0,-0.98184395,0.11230941116809845,0.6942528486251831,0.5487356185913086
YLL061W,YPR138C,0,-0.98208046,0.11226765811443329,0.6942528486251831,0.5489655137062073
YIL016W,YDR403W,0,-0.98222846,0.11222593486309052,0.6942528486251831,0.549195408821106
YLR120C,YBR135W,0,-0.98246586,0.11218424886465073,0.6942528486251831,0.5494253039360046
YER020W,YDR443C,0,-0.98258024,0.11214259266853333,0.6942528486251831,0.5496551990509033
YMR079W,YER166W,1,-0.98273563,0.11247216165065765,0.6965517401695251,0.5496551990509033
YNL093W,YDR229W,0,-0.98333323,0.11243042349815369,0.6965517401695251,0.5498850345611572
YIL051C,YER090W,0,-0.98341036,0.1123887225985527,0.6965517401695251,0.5501149296760559
YBL002W,YPL112C,0,-0.9834317,0.11234705150127411,0.6965517401695251,0.5503448247909546
YMR246W,YLR242C,1,-0.98374265,0.11267605423927307,0.6988505721092224,0.5503448247909546
YGR162W,YGL084C,0,-0.984188,0.11263430863618851,0.6988505721092224,0.5505747199058533
YHR140W,YDR477W,0,-0.9842397,0.11259259283542633,0.6988505721092224,0.550804615020752
YLR356W,YMR060C,0,-0.9849888,0.11255090683698654,0.6988505721092224,0.5510345101356506
YOL092W,YGL223C,0,-0.985566,0.11250925064086914,0.6988505721092224,0.5512643456459045
YPL128C,YLR265C,0,-0.98571634,0.11246763169765472,0.6988505721092224,0.5514942407608032
YOR274W,YFL004W,0,-0.9861505,0.1124260351061821,0.6988505721092224,0.5517241358757019
YBR203W,YLR154C,0,-0.98637956,0.11238447576761246,0.6988505721092224,0.5519540309906006
YCR088W,YHL047C,0,-0.98662996,0.1123429387807846,0.6988505721092224,0.5521839261054993
YLR380W,YNL323W,1,-0.986998,0.11267085373401642,0.7011494040489197,0.5521839261054993
YOR257W,YIR012W,0,-0.98705685,0.1126292496919632,0.7011494040489197,0.552413821220398
YOR237W,YER120W,1,-0.9874468,0.11295680701732635,0.7034482955932617,0.552413821220398
YBL052C,YDR202C,0,-0.9875176,0.11291512846946716,0.7034482955932617,0.5526436567306519
YLL008W,YDL020C,0,-0.98838174,0.11287347972393036,0.7034482955932617,0.5528735518455505
YBR276C,YLR321C,0,-0.988657,0.11283186078071594,0.7034482955932617,0.5531034469604492
YNL323W,YGR037C,1,-0.9886785,0.11315886676311493,0.705747127532959,0.5531034469604492
YKL167C,YMR077C,0,-0.9891703,0.11311717331409454,0.705747127532959,0.5533333420753479
YJL145W,YNR047W,1,-0.9896931,0.11344382911920547,0.7080459594726562,0.5533333420753479
YBR035C,YNL082W,0,-0.9898442,0.11340206116437912,0.7080459594726562,0.5535632371902466
YDR531W,YGL250W,0,-0.9899921,0.11336032301187515,0.7080459594726562,0.5537931323051453
YIL048W,YDL019C,1,-0.99006355,0.11368653178215027,0.7103448510169983,0.5537931323051453
YML025C,YGR058W,0,-0.9903458,0.11364471912384033,0.7103448510169983,0.5540229678153992
YPL144W,YJR091C,0,-0.9913759,0.11360294371843338,0.7103448510169983,0.5542528629302979
YPL241C,YDR444W,0,-0.99168783,0.11356119066476822,0.7103448510169983,0.5544827580451965
YMR239C,YER094C,0,-0.9924209,0.11351946741342545,0.7103448510169983,0.5547126531600952
YHL008C,YFL034C-B,0,-0.9925146,0.11347778141498566,0.7103448510169983,0.5549425482749939
YFL053W,YBL045C,0,-0.9925195,0.11343612521886826,0.7103448510169983,0.5551724433898926
YPL231W,YMR221C,0,-0.99252474,0.11339449882507324,0.7103448510169983,0.5554022789001465
YPL078C,YNL090W,0,-0.9931849,0.11335289478302002,0.7103448510169983,0.5556321740150452
YJR091C,YOR228C,0,-0.99325484,0.11331132799386978,0.7103448510169983,0.5558620691299438
YJL004C,YAL053W,0,-0.9936062,0.11326979100704193,0.7103448510169983,0.5560919642448425
YLR106C,YBL042C,0,-0.9937515,0.11322829127311707,0.7103448510169983,0.5563218593597412
YDR501W,YDL084W,0,-0.9938094,0.11318681389093399,0.7103448510169983,0.5565516948699951
YBL064C,YOR229W,0,-0.9938743,0.1131453663110733,0.7103448510169983,0.5567815899848938
YGR279C,YDL147W,0,-0.99424577,0.1131039559841156,0.7103448510169983,0.5570114850997925
YMR029C,YER141W,0,-0.9949755,0.11306256800889969,0.7103448510169983,0.5572413802146912
YDR137W,YPL069C,0,-0.99503994,0.11302121728658676,0.7103448510169983,0.5574712753295898
YMR045C,YLR425W,0,-0.9951731,0.11297988891601562,0.7103448510169983,0.5577011704444885
YJL145W,YAR044W,1,-0.9953226,0.11330409348011017,0.7126436829566956,0.5577011704444885
YDR170C,YGL229C,0,-0.99624574,0.11326269805431366,0.7126436829566956,0.5579310059547424
YNL149C,YCL026C-B,0,-0.99674267,0.11322133243083954,0.7126436829566956,0.5581609010696411
YOR144C,YFR007W,0,-0.99723434,0.11317998915910721,0.7126436829566956,0.5583907961845398
YJL072C,YJL046W,0,-0.9972527,0.11313868314027786,0.7126436829566956,0.5586206912994385
YJL145W,YNL231C,1,-0.99731094,0.11346223950386047,0.7149425148963928,0.5586206912994385
YML078W,YOR046C,0,-0.9974857,0.11342085897922516,0.7149425148963928,0.5588505864143372
YNL309W,YBR282W,0,-0.9975451,0.11337950825691223,0.7149425148963928,0.5590804815292358
YLR403W,YMR143W,0,-0.9980484,0.11333819478750229,0.7149425148963928,0.5593103170394897
YER117W,YPL103C,0,-0.99814135,0.11329690366983414,0.7149425148963928,0.5595402121543884
YDR373W,YER185W,0,-0.9985839,0.11325564235448837,0.7149425148963928,0.5597701072692871
YOL101C,YMR199W,0,-0.9986148,0.1132144182920456,0.7149425148963928,0.5600000023841858
YAL024C,YER061C,0,-0.99893945,0.1131732165813446,0.7149425148963928,0.5602298974990845
YFL033C,YOR391C,0,-0.99897826,0.113132044672966,0.7149425148963928,0.5604597926139832
YDR392W,YML124C,0,-0.99944794,0.11309091001749039,0.7149425148963928,0.5606896281242371
YMR263W,YOL138C,0,-0.9995115,0.11304979771375656,0.7149425148963928,0.5609195232391357
YNR047W,YIL048W,1,-1.0000411,0.11337209492921829,0.7172414064407349,0.5609195232391357
YDR051C,YOR317W,1,-1.000537,0.11369415372610092,0.7195402383804321,0.5609195232391357
YOR178C,YPR189W,0,-1.0006198,0.11365287005901337,0.7195402383804321,0.5611494183540344
YER020W,YPL119C,0,-1.0006922,0.1136116161942482,0.7195402383804321,0.5613793134689331
YPR183W,YFL050C,0,-1.001395,0.11357039213180542,0.7195402383804321,0.5616092085838318
YKL094W,YDR239C,0,-1.0015671,0.11352919787168503,0.7195402383804321,0.5618391036987305
YIL021W,YNL275W,0,-1.0017815,0.11348803341388702,0.7195402383804321,0.5620689392089844
YBR136W,YOR070C,0,-1.0018654,0.11344689875841141,0.7195402383804321,0.5622988343238831
YOR224C,YOR373W,0,-1.0021867,0.11340579390525818,0.7195402383804321,0.5625287294387817
YOR242C,YGR282C,0,-1.0024832,0.11336472630500793,0.7195402383804321,0.5627586245536804
YJR043C,YMR321C,0,-1.0027777,0.11332368105649948,0.7195402383804321,0.5629885196685791
YOR202W,YKL161C,0,-1.0029191,0.11328266561031342,0.7195402383804321,0.5632184147834778
YJL164C,YDR182W,0,-1.0031857,0.11324167996644974,0.7195402383804321,0.5634482502937317
YGR206W,YBR294W,0,-1.003379,0.11320072412490845,0.7195402383804321,0.5636781454086304
YNR072W,YMR238W,0,-1.0038375,0.11315979808568954,0.7195402383804321,0.563908040523529
YPL189C-A,YDL043C,0,-1.0038952,0.11311890184879303,0.7195402383804321,0.5641379356384277
YPR183W,YGR085C,0,-1.004053,0.1130780354142189,0.7195402383804321,0.5643678307533264
YJL066C,YMR176W,0,-1.0051718,0.11303719878196716,0.7195402383804321,0.5645977258682251
YOR317W,YNL231C,1,-1.0052117,0.11335740238428116,0.7218390703201294,0.5645977258682251
YPL151C,YNL139C,0,-1.0052252,0.11331649124622345,0.7218390703201294,0.564827561378479
YEL041W,YLR106C,0,-1.0054014,0.11327560991048813,0.7218390703201294,0.5650574564933777
YGL181W,YBR170C,0,-1.0056903,0.11323476582765579,0.7218390703201294,0.5652873516082764
YKR103W,YPR122W,0,-1.00618,0.11319394409656525,0.7218390703201294,0.565517246723175
YPR104C,YLR430W,0,-1.0064901,0.11315315216779709,0.7218390703201294,0.5657471418380737
YCR094W,YGL162W,1,-1.0066007,0.11347262561321259,0.7241379022598267,0.5657471418380737
YOR237W,YBR041W,1,-1.0066034,0.11379186064004898,0.7264367938041687,0.5657471418380737
YFR051C,YAL039C,0,-1.0072799,0.1137508973479271,0.7264367938041687,0.5659770369529724
YPR159W,YER115C,0,-1.0075653,0.11370997130870819,0.7264367938041687,0.5662068724632263
YKL188C,YDR093W,1,-1.0076296,0.11402877420186996,0.728735625743866,0.5662068724632263
YDL231C,YDR378C,0,-1.0079907,0.11398777365684509,0.728735625743866,0.566436767578125
YDR031W,YJR135C,0,-1.0081118,0.11394680291414261,0.728735625743866,0.5666666626930237
YOR321W,YDR314C,0,-1.0083036,0.11390585452318192,0.728735625743866,0.5668965578079224
YOL133W,YJL192C,0,-1.0087551,0.1138649433851242,0.728735625743866,0.567126452922821
YGR155W,YLR064W,0,-1.0089635,0.11382405459880829,0.728735625743866,0.5673563480377197
YGL013C,YPL271W,0,-1.0090115,0.11378320306539536,0.728735625743866,0.5675861835479736
YPL190C,YDR479C,0,-1.0091265,0.11374237388372421,0.728735625743866,0.5678160786628723
YGL047W,YOL065C,0,-1.009129,0.11370157450437546,0.728735625743866,0.568045973777771
YCL026C-B,YPL050C,0,-1.0093137,0.11366081237792969,0.728735625743866,0.5682758688926697
YDR017C,YDR072C,0,-1.0097334,0.11362007260322571,0.728735625743866,0.5685057640075684
YDL084W,YMR281W,0,-1.0101607,0.11357936263084412,0.728735625743866,0.568735659122467
YDL014W,YGR036C,0,-1.0102526,0.11353868246078491,0.728735625743866,0.568965494632721
YNL327W,YKL146W,0,-1.0106642,0.1134980320930481,0.728735625743866,0.5691953897476196
YBR050C,YLL050C,0,-1.0115385,0.11345741152763367,0.728735625743866,0.5694252848625183
YNL304W,YOR243C,0,-1.0117209,0.11341681331396103,0.728735625743866,0.569655179977417
YGL224C,YJL063C,0,-1.01195,0.11337625235319138,0.728735625743866,0.5698850750923157
YOL097C,YHR152W,0,-1.012156,0.11333571374416351,0.728735625743866,0.5701149702072144
YDL080C,YLR035C,0,-1.0126121,0.11329521238803864,0.728735625743866,0.5703448057174683
YDL070W,YGR256W,0,-1.0126431,0.11325473338365555,0.728735625743866,0.5705747008323669
YPL266W,YGL212W,0,-1.0126615,0.11321428418159485,0.728735625743866,0.5708045959472656
YLR380W,YAR044W,1,-1.0131545,0.11353088170289993,0.7310344576835632,0.5708045959472656
YDR403W,YOR324C,0,-1.0131993,0.11349036544561386,0.7310344576835632,0.5710344910621643
YJR129C,YPL149W,0,-1.0136938,0.11344987154006958,0.7310344576835632,0.571264386177063
YPR201W,YLR226W,0,-1.013905,0.11340941488742828,0.7310344576835632,0.5714942812919617
YGR241C,YPL172C,0,-1.0141587,0.11336898058652878,0.7310344576835632,0.5717241168022156
YOR237W,YBL020W,1,-1.0142488,0.11368495970964432,0.7333333492279053,0.5717241168022156
YLL028W,YGR123C,0,-1.0142709,0.11364445835351944,0.7333333492279053,0.5719540119171143
YAL055W,YDR383C,0,-1.0143459,0.11360398679971695,0.7333333492279053,0.5721839070320129
YDL156W,YPL009C,0,-1.0144205,0.11356354504823685,0.7333333492279053,0.5724138021469116
YNL052W,YHR129C,0,-1.0145502,0.11352313309907913,0.7333333492279053,0.5726436972618103
YHR077C,YLL022C,0,-1.0146694,0.11348274350166321,0.7333333492279053,0.572873592376709
YNL146W,YOL038W,0,-1.0147954,0.11344239115715027,0.7333333492279053,0.5731034278869629
YJR005W,YFR021W,0,-1.0149784,0.11340206116437912,0.7333333492279053,0.5733333230018616
YNL213C,YKL217W,0,-1.015638,0.11336176097393036,0.7333333492279053,0.5735632181167603
YDL143W,YIL093C,0,-1.0157695,0.11332149058580399,0.7333333492279053,0.5737931132316589
YGR062C,YNL298W,0,-1.0158434,0.11328125,0.7333333492279053,0.5740230083465576
YMR075W,YPR016C,0,-1.0160401,0.1132410392165184,0.7333333492279053,0.5742528438568115
YJR083C,YLL012W,0,-1.0161847,0.1132008507847786,0.7333333492279053,0.5744827389717102
YMR315W,YHR067W,0,-1.0168598,0.11316069215536118,0.7333333492279053,0.5747126340866089
YJR145C,YPL028W,0,-1.0170612,0.11312057077884674,0.7333333492279053,0.5749425292015076
YBR179C,YPL256C,0,-1.0171179,0.1130804643034935,0.7333333492279053,0.5751724243164062
YBR231C,YDR224C,0,-1.0172392,0.11304039508104324,0.7333333492279053,0.5754023194313049
YPR081C,YEL042W,0,-1.017572,0.11300035566091537,0.7333333492279053,0.5756321549415588
YMR119W,YOR307C,0,-1.0176716,0.1129603385925293,0.7333333492279053,0.5758620500564575
YGR281W,YGL257C,0,-1.0177339,0.1129203513264656,0.7333333492279053,0.5760919451713562
YPR108W,YIL044C,0,-1.01835,0.1128803938627243,0.7333333492279053,0.5763218402862549
YPR082C,YMR273C,0,-1.0186176,0.11284046620130539,0.7333333492279053,0.5765517354011536
YPL084W,YDR339C,0,-1.0186801,0.11280056834220886,0.7333333492279053,0.5767816305160522
YPL081W,YML071C,0,-1.0187428,0.11276069283485413,0.7333333492279053,0.5770114660263062
YER018C,YGR056W,0,-1.0188133,0.11272084712982178,0.7333333492279053,0.5772413611412048
YKL090W,YHR008C,0,-1.0188733,0.11268103122711182,0.7333333492279053,0.5774712562561035
YPL020C,YDL232W,0,-1.0190499,0.11264124512672424,0.7333333492279053,0.5777011513710022
YKL182W,YKR048C,0,-1.0190594,0.11260148137807846,0.7333333492279053,0.5779310464859009
YDR408C,YDL043C,0,-1.0192646,0.11256174743175507,0.7333333492279053,0.5781609416007996
YAL003W,YOR339C,0,-1.0193884,0.11252204328775406,0.7333333492279053,0.5783907771110535
YCR094W,YNL231C,1,-1.0194849,0.11283497512340546,0.7356321811676025,0.5783907771110535
YOR283W,YPL065W,0,-1.0195025,0.11279520392417908,0.7356321811676025,0.5786206722259521
YDR036C,YGL065C,0,-1.0195079,0.11275546252727509,0.7356321811676025,0.5788505673408508
YDR483W,YHL022C,0,-1.0197241,0.11271574348211288,0.7356321811676025,0.5790804624557495
YPL200W,YGR167W,0,-1.0198452,0.11267605423927307,0.7356321811676025,0.5793103575706482
YBR302C,YGR048W,0,-1.0198975,0.11263639479875565,0.7356321811676025,0.5795402526855469
YPL240C,YJR028W,0,-1.0200793,0.11259676516056061,0.7356321811676025,0.5797700881958008
YPL074W,YBL082C,0,-1.0202339,0.11255715787410736,0.7356321811676025,0.5799999833106995
YJL155C,YMR323W,0,-1.0202699,0.1125175803899765,0.7356321811676025,0.5802298784255981
YDR051C,YGR037C,1,-1.0206838,0.1128295287489891,0.7379310131072998,0.5802298784255981
YPR121W,YER087C-B,0,-1.020838,0.11278988420963287,0.7379310131072998,0.5804597735404968
YIL002C,YOR216C,0,-1.021163,0.11275026202201843,0.7379310131072998,0.5806896686553955
YPL016W,YGL259W,0,-1.0211835,0.11271067708730698,0.7379310131072998,0.5809195637702942
YGR284C,YBR033W,0,-1.0211885,0.11267111450433731,0.7379310131072998,0.5811493992805481
YHR181W,YNL314W,0,-1.0212218,0.11263158172369003,0.7379310131072998,0.5813792943954468
YMR113W,YMR309C,0,-1.0212224,0.11259207129478455,0.7379310131072998,0.5816091895103455
YGR246C,YER019W,0,-1.0212476,0.11255259811878204,0.7379310131072998,0.5818390846252441
YPR159W,YIL088C,0,-1.0215927,0.11251314729452133,0.7379310131072998,0.5820689797401428
YPL066W,YGR159C,0,-1.022204,0.11247371882200241,0.7379310131072998,0.5822988748550415
YCR060W,YNL177C,0,-1.0224295,0.11243432760238647,0.7379310131072998,0.5825287103652954
YDR411C,YOR269W,0,-1.0225153,0.11239495873451233,0.7379310131072998,0.5827586054801941
YOL077C,YFR007W,0,-1.0225425,0.11235561966896057,0.7379310131072998,0.5829885005950928
YNR021W,YOL138C,0,-1.0225861,0.1123163029551506,0.7379310131072998,0.5832183957099915
YPL230W,YLR336C,0,-1.0227114,0.11227702349424362,0.7379310131072998,0.5834482908248901
YPL147W,YIL048W,1,-1.0230148,0.11258741468191147,0.7402299046516418,0.5834482908248901
YJL145W,YMR246W,1,-1.0234572,0.112897589802742,0.7425287365913391,0.5834482908248901
YJL141C,YHR167W,0,-1.0237074,0.11285813897848129,0.7425287365913391,0.5836781859397888
YHR027C,YOR036W,0,-1.0242007,0.11281871795654297,0.7425287365913391,0.5839080214500427
YOL066C,YDR511W,0,-1.0243967,0.11277932673692703,0.7425287365913391,0.5841379165649414
YOR362C,YDL161W,0,-1.0245088,0.11273996531963348,0.7425287365913391,0.5843678116798401
YML032C,YFR046C,0,-1.0253431,0.11270062625408173,0.7425287365913391,0.5845977067947388
YNL257C,YPL212C,0,-1.0254176,0.11266131699085236,0.7425287365913391,0.5848276019096375
YGR246C,YOR118W,0,-1.0254626,0.11262203752994537,0.7425287365913391,0.5850574970245361
YDL231C,YGR169C,0,-1.0256044,0.11258278042078018,0.7425287365913391,0.58528733253479
YKL092C,YDR156W,0,-1.0259564,0.11254355311393738,0.7425287365913391,0.5855172276496887
YGR096W,YFR004W,0,-1.026433,0.11250435560941696,0.7425287365913391,0.5857471227645874
YNL003C,YOR150W,0,-1.0264834,0.11246518045663834,0.7425287365913391,0.5859770178794861
YGL013C,YBR058C,0,-1.0269921,0.1124260351061821,0.7425287365913391,0.5862069129943848
YNR018W,YLR069C,0,-1.0274856,0.11238691955804825,0.7425287365913391,0.5864368081092834
YNL097C,YMR241W,0,-1.0276453,0.11234782636165619,0.7425287365913391,0.5866666436195374
YJL145W,YMR162C,1,-1.0278608,0.11265646666288376,0.7448275685310364,0.5866666436195374
YLR163C,YPL128C,0,-1.028307,0.11261730641126633,0.7448275685310364,0.586896538734436
YMR309C,YBR243C,0,-1.028312,0.11257817596197128,0.7448275685310364,0.5871264338493347
YOR201C,YGR229C,0,-1.0286508,0.11253907531499863,0.7448275685310364,0.5873563289642334
YKL025C,YBL057C,0,-1.0287867,0.11249999701976776,0.7448275685310364,0.5875862240791321
YNL138W-A,YLR208W,0,-1.0288543,0.11246094852685928,0.7448275685310364,0.5878161191940308
YMR316W,YOR210W,0,-1.0289762,0.1124219298362732,0.7448275685310364,0.5880459547042847
YNL139C,YGL013C,0,-1.02916,0.1123829334974289,0.7448275685310364,0.5882758498191833
YJL072C,YJR051W,0,-1.0293007,0.11234396696090698,0.7448275685310364,0.588505744934082
YLR380W,YBL020W,1,-1.0293684,0.11265164613723755,0.7471264600753784,0.588505744934082
YIL021W,YFR029W,0,-1.0297885,0.11261261254549026,0.7471264600753784,0.5887356400489807
YGR152C,YMR300C,0,-1.0299234,0.11257360875606537,0.7471264600753784,0.5889655351638794
YOR233W,YBL089W,0,-1.0302022,0.11253462731838226,0.7471264600753784,0.5891954302787781
YER171W,YPL096C-A,0,-1.030334,0.11249567568302155,0.7471264600753784,0.589425265789032
YOL031C,YOR229W,0,-1.030467,0.11245674639940262,0.7471264600753784,0.5896551609039307
YLR450W,YOR384W,0,-1.031171,0.11241784691810608,0.7471264600753784,0.5898850560188293
YDL201W,YCL026C-B,0,-1.0311728,0.11237897723913193,0.7471264600753784,0.590114951133728
YBR243C,YHR062C,0,-1.0316052,0.11234012991189957,0.7471264600753784,0.5903448462486267
YNL224C,YDR519W,0,-1.0316603,0.1123013123869896,0.7471264600753784,0.5905747413635254
YKR046C,YGR012W,0,-1.0321846,0.11226252466440201,0.7471264600753784,0.5908045768737793
YNL335W,YBR019C,0,-1.0322183,0.11222375929355621,0.7471264600753784,0.591034471988678
YDL200C,YMR302C,0,-1.0322521,0.11218501627445221,0.7471264600753784,0.5912643671035767
YGL160W,YLR276C,0,-1.0323983,0.11214631050825119,0.7471264600753784,0.5914942622184753
YNL087W,YJL203W,0,-1.0324181,0.11210761964321136,0.7471264600753784,0.591724157333374
YPL204W,YDR083W,0,-1.032922,0.11206896603107452,0.7471264600753784,0.5919540524482727
YNL323W,YIL048W,1,-1.0330365,0.11237504333257675,0.7494252920150757,0.5919540524482727
YKL188C,YBL020W,1,-1.0331869,0.11268091201782227,0.751724123954773,0.5919540524482727
YBR229C,YKR039W,0,-1.0333607,0.11264209449291229,0.751724123954773,0.5921838879585266
YLR188W,YGL023C,0,-1.0337083,0.11260330677032471,0.751724123954773,0.5924137830734253
YMR278W,YDL103C,0,-1.0340793,0.11256454139947891,0.751724123954773,0.592643678188324
YGL236C,YAL043C,0,-1.0341177,0.1125258058309555,0.751724123954773,0.5928735733032227
YPR103W,YGL141W,0,-1.0357883,0.11248710006475449,0.751724123954773,0.5931034684181213
YNL049C,YNL219C,0,-1.0362774,0.11244841665029526,0.751724123954773,0.5933333039283752
YDR349C,YKL139W,0,-1.036381,0.11240976303815842,0.751724123954773,0.5935631990432739
YIL159W,YOL019W,0,-1.0365876,0.11237113177776337,0.751724123954773,0.5937930941581726
YGR289C,YBR058C,0,-1.0366826,0.1123325303196907,0.751724123954773,0.5940229892730713
YBL066C,YLL008W,0,-1.036735,0.11229395866394043,0.751724123954773,0.59425288438797
YPL064C,YER112W,0,-1.0369321,0.11225540935993195,0.751724123954773,0.5944827795028687
YLR070C,YER078C,0,-1.0373303,0.11221688240766525,0.751724123954773,0.5947126150131226
YMR162C,YNL231C,1,-1.0374875,0.11252143979072571,0.754023015499115,0.5947126150131226
YBR057C,YHR091C,0,-1.037606,0.11248285323381424,0.754023015499115,0.5949425101280212
YBL028C,YBR222C,0,-1.0376807,0.11244428902864456,0.754023015499115,0.5951724052429199
YJL194W,YML026C,0,-1.0379174,0.11240575462579727,0.754023015499115,0.5954023003578186
YIL172C,YPL244C,0,-1.0386162,0.11236725002527237,0.754023015499115,0.5956321954727173
YHR178W,YJL130C,0,-1.0386465,0.11232876777648926,0.754023015499115,0.595862090587616
YPL177C,YFR028C,0,-1.03865,0.11229030787944794,0.754023015499115,0.5960919260978699
YDR083W,YAL040C,0,-1.0392326,0.1122518852353096,0.754023015499115,0.5963218212127686
YJL102W,YLR148W,0,-1.0395288,0.11221347749233246,0.754023015499115,0.5965517163276672
YMR308C,YOR298C-A,0,-1.0395727,0.1121750995516777,0.754023015499115,0.5967816114425659
YPR144C,YKL027W,0,-1.0397956,0.11213675141334534,0.754023015499115,0.5970115065574646
YOR069W,YJL139C,0,-1.0397974,0.11209842562675476,0.754023015499115,0.5972414016723633
YIL127C,YKL001C,0,-1.0405502,0.11206012964248657,0.754023015499115,0.5974712371826172
YDL059C,YMR297W,0,-1.0407422,0.11202185600996017,0.754023015499115,0.5977011322975159
YDR031W,YKL088W,0,-1.040763,0.11198361217975616,0.754023015499115,0.5979310274124146
YDR046C,YNR004W,0,-1.0410168,0.11194539070129395,0.754023015499115,0.5981609225273132
YNL148C,YER050C,0,-1.0411671,0.11190719902515411,0.754023015499115,0.5983908176422119
YBR186W,YLR050C,0,-1.0415847,0.11186902970075607,0.754023015499115,0.5986207127571106
YER099C,YIL049W,0,-1.0417223,0.11183089017868042,0.754023015499115,0.5988505482673645
YPL259C,YNL084C,0,-1.041785,0.11179277300834656,0.754023015499115,0.5990804433822632
YLR427W,YLR138W,0,-1.042922,0.11175468564033508,0.754023015499115,0.5993103384971619
YKL188C,YCR094W,1,-1.0430508,0.11205722391605377,0.7563218474388123,0.5993103384971619
YKL119C,YPL158C,0,-1.0431215,0.11201906949281693,0.7563218474388123,0.5995402336120605
YAL024C,YDR206W,0,-1.0437708,0.11198093742132187,0.7563218474388123,0.5997701287269592
YGR095C,YLL061W,0,-1.0439202,0.1119428351521492,0.7563218474388123,0.6000000238418579
YDR446W,YKL010C,0,-1.0442557,0.11190476268529892,0.7563218474388123,0.6002298593521118
YDR051C,YBL020W,1,-1.0446109,0.11220673471689224,0.7586206793785095,0.6002298593521118
YPR083W,YDR373W,0,-1.0453969,0.11216859519481659,0.7586206793785095,0.6004597544670105
YMR211W,YLR376C,0,-1.045621,0.11213047802448273,0.7586206793785095,0.6006896495819092
YOR033C,YJL225C,0,-1.0463634,0.11209239065647125,0.7586206793785095,0.6009195446968079
YIL091C,YDR260C,0,-1.0465261,0.11205433309078217,0.7586206793785095,0.6011494398117065
YLR378C,YGL249W,0,-1.0467695,0.11201629042625427,0.7586206793785095,0.6013793349266052
YDR285W,YOR324C,0,-1.0475618,0.11197828501462936,0.7586206793785095,0.6016091704368591
YDL056W,YFR045W,0,-1.04794,0.11194030195474625,0.7586206793785095,0.6018390655517578
YDR489W,YKL201C,0,-1.0481405,0.11190234124660492,0.7586206793785095,0.6020689606666565
YDR093W,YDL019C,1,-1.0485084,0.11220338940620422,0.7609195113182068,0.6020689606666565
YBL099W,YDR194C,0,-1.0487812,0.11216536909341812,0.7609195113182068,0.6022988557815552
YDL103C,YBR280C,0,-1.0491765,0.11212737113237381,0.7609195113182068,0.6025287508964539
YCR098C,YNL289W,0,-1.0491849,0.11208940297365189,0.7609195113182068,0.6027586460113525
YDR208W,YOR022C,0,-1.0493498,0.11205145716667175,0.7609195113182068,0.6029884815216064
YCR096C,YIL065C,0,-1.049836,0.11201353371143341,0.7609195113182068,0.6032183766365051
YKR060W,YPL186C,0,-1.0502467,0.11197564005851746,0.7609195113182068,0.6034482717514038
YCR020C,YEL063C,0,-1.051552,0.11193777620792389,0.7609195113182068,0.6036781668663025
YOR246C,YGR012W,0,-1.051635,0.11189993470907211,0.7609195113182068,0.6039080619812012
YGL210W-A,YOL117W,0,-1.0519729,0.11186211556196213,0.7609195113182068,0.6041379570960999
YLR128W,YPL099C,0,-1.0524926,0.11182432621717453,0.7609195113182068,0.6043677926063538
YML124C,YMR004W,0,-1.0526156,0.11178655922412872,0.7609195113182068,0.6045976877212524
YDL103C,YOL039W,0,-1.0527406,0.1117488220334053,0.7609195113182068,0.6048275828361511
YHR200W,YNL119W,0,-1.0530175,0.11171110719442368,0.7609195113182068,0.6050574779510498
YEL022W,YJL128C,0,-1.0531844,0.11167341470718384,0.7609195113182068,0.6052873730659485
YLR380W,YMR079W,1,-1.0539948,0.11197301745414734,0.7632184028625488,0.6052873730659485
YLR355C,YDL226C,0,-1.0548105,0.11193526536226273,0.7632184028625488,0.6055172681808472
YCL008C,YMR264W,0,-1.0552179,0.1118975430727005,0.7632184028625488,0.6057471036911011
YGR058W,YLL015W,0,-1.0552871,0.11185983568429947,0.7632184028625488,0.6059769988059998
YCR008W,YBR033W,0,-1.055466,0.11182216554880142,0.7632184028625488,0.6062068939208984
YDR248C,YDL111C,0,-1.0558584,0.11178451031446457,0.7632184028625488,0.6064367890357971
YBR228W,YGR234W,0,-1.0559572,0.1117468848824501,0.7632184028625488,0.6066666841506958
YLR157C,YKL008C,0,-1.0566362,0.11170928925275803,0.7632184028625488,0.6068965792655945
YPR031W,YML077W,0,-1.0570009,0.11167170852422714,0.7632184028625488,0.6071264147758484
YJR033C,YOR092W,0,-1.0572768,0.11163416504859924,0.7632184028625488,0.6073563098907471
YNL138W-A,YDR316W,0,-1.057306,0.11159663647413254,0.7632184028625488,0.6075862050056458
YPL032C,YMR143W,0,-1.0578237,0.11155913770198822,0.7632184028625488,0.6078161001205444
YDR197W,YOR228C,0,-1.058666,0.11152166873216629,0.7632184028625488,0.6080459952354431
YNR047W,YPR009W,1,-1.0587053,0.11182001233100891,0.7655172348022461,0.6080459952354431
YDR263C,YHR167W,0,-1.0587735,0.11178247630596161,0.7655172348022461,0.6082758903503418
YLR032W,YMR134W,0,-1.0588727,0.1117449700832367,0.7655172348022461,0.6085057258605957
YLR403W,YNL124W,0,-1.0589178,0.11170747876167297,0.7655172348022461,0.6087356209754944
YGR026W,YER042W,0,-1.0596611,0.11167001724243164,0.7655172348022461,0.6089655160903931
YHR060W,YGR035C,0,-1.0603186,0.1116325855255127,0.7655172348022461,0.6091954112052917
YMR029C,YCR068W,0,-1.0612408,0.11159517616033554,0.7655172348022461,0.6094253063201904
YJL108C,YBL019W,0,-1.0614202,0.11155778914690018,0.7655172348022461,0.6096552014350891
YDR410C,YOR017W,0,-1.0614415,0.1115204319357872,0.7655172348022461,0.609885036945343
YHR136C,YKL082C,0,-1.0616684,0.11148309707641602,0.7655172348022461,0.6101149320602417
YNL007C,YOR069W,0,-1.0618148,0.11144578456878662,0.7655172348022461,0.6103448271751404
YKR036C,YLR307W,0,-1.06183,0.11140849441289902,0.7655172348022461,0.6105747222900391
YFL038C,YCR071C,0,-1.0627266,0.1113712340593338,0.7655172348022461,0.6108046174049377
YMR186W,YGL017W,0,-1.0629778,0.11133400350809097,0.7655172348022461,0.6110345125198364
YMR264W,YGR063C,0,-1.0630748,0.11129678785800934,0.7655172348022461,0.6112643480300903
YMR034C,YLL015W,0,-1.0634859,0.11125960946083069,0.7655172348022461,0.611494243144989
YJR113C,YFL016C,0,-1.0636584,0.11122244596481323,0.7655172348022461,0.6117241382598877
YLR404W,YJL140W,0,-1.0639169,0.11118531227111816,0.7655172348022461,0.6119540333747864
YNL219C,YDL153C,0,-1.0641633,0.11114820092916489,0.7655172348022461,0.6121839284896851
YMR029C,YOR043W,0,-1.0644717,0.1111111119389534,0.7655172348022461,0.612413763999939
YOR361C,YDL147W,0,-1.0644807,0.1110740527510643,0.7655172348022461,0.6126436591148376
YGR288W,YPL226W,0,-1.0644982,0.11103701591491699,0.7655172348022461,0.6128735542297363
YDR011W,YBL042C,0,-1.0646348,0.11100000143051147,0.7655172348022461,0.613103449344635
YDR093W,YER166W,1,-1.064708,0.11129623651504517,0.7678160667419434,0.613103449344635
YHR043C,YLR388W,0,-1.0651107,0.11125916242599487,0.7678160667419434,0.6133333444595337
YKL120W,YLR226W,0,-1.065416,0.11122211068868637,0.7678160667419434,0.6135632395744324
YDL214C,YDR079W,0,-1.0655396,0.11118508875370026,0.7678160667419434,0.6137930750846863
YER180C,YGL200C,0,-1.0656103,0.11114808917045593,0.7678160667419434,0.614022970199585
YNL231C,YMR079W,1,-1.0657623,0.11144378036260605,0.7701149582862854,0.614022970199585
YLR383W,YBR265W,0,-1.0662705,0.11140672117471695,0.7701149582862854,0.6142528653144836
YLR107W,YAL025C,0,-1.0663099,0.11136968433856964,0.7701149582862854,0.6144827604293823
YGR037C,YAR044W,1,-1.0667704,0.11166500300168991,0.7724137902259827,0.6144827604293823
YPR054W,YHR084W,0,-1.0670801,0.11162790656089783,0.7724137902259827,0.614712655544281
YHR172W,YNL244C,0,-1.0671303,0.11159083247184753,0.7724137902259827,0.6149425506591797
YDR084C,YNL107W,0,-1.0676033,0.11155378818511963,0.7724137902259827,0.6151723861694336
YER090W,YGL094C,0,-1.0684015,0.11151675879955292,0.7724137902259827,0.6154022812843323
YDR479C,YGR185C,0,-1.0684097,0.1114797592163086,0.7724137902259827,0.615632176399231
YGL090W,YJL176C,0,-1.0684664,0.11144278943538666,0.7724137902259827,0.6158620715141296
YKL218C,YDR072C,0,-1.0684849,0.11140583455562592,0.7724137902259827,0.6160919666290283
YPR020W,YPR186C,0,-1.068581,0.11136890947818756,0.7724137902259827,0.616321861743927
YFR003C,YDL129W,0,-1.0685893,0.111332006752491,0.7724137902259827,0.6165516972541809
YIL138C,YOR283W,0,-1.0686646,0.11129513382911682,0.7724137902259827,0.6167815923690796
YGL047W,YOR291W,0,-1.069964,0.11125827580690384,0.7724137902259827,0.6170114874839783
YJL065C,YPR135W,0,-1.0701553,0.11122144758701324,0.7724137902259827,0.617241382598877
YBR058C,YER048W-A,0,-1.0704798,0.11118464916944504,0.7724137902259827,0.6174712777137756
YMR273C,YCR040W,0,-1.0707471,0.11114786565303802,0.7724137902259827,0.6177011728286743
YDR520C,YPR140W,0,-1.0721207,0.1111111119389534,0.7724137902259827,0.6179310083389282
YMR246W,YMR079W,1,-1.0722965,0.11140495538711548,0.7747126221656799,0.6179310083389282
YDR522C,YPL220W,0,-1.0726538,0.11136814206838608,0.7747126221656799,0.6181609034538269
YOL145C,YCR028C-A,0,-1.0733762,0.11133135110139847,0.7747126221656799,0.6183907985687256
YMR319C,YGR098C,0,-1.0743374,0.11129458248615265,0.7747126221656799,0.6186206936836243
YNL224C,YBR238C,0,-1.0745393,0.11125784367322922,0.7747126221656799,0.618850588798523
YNL273W,YLR446W,0,-1.0746952,0.11122111976146698,0.7747126221656799,0.6190804839134216
YDR033W,YGL130W,0,-1.0751393,0.11118442565202713,0.7747126221656799,0.6193103194236755
YJL164C,YBR105C,0,-1.0752959,0.11114775389432907,0.7747126221656799,0.6195402145385742
YLR440C,YJL210W,0,-1.0753353,0.1111111119389534,0.7747126221656799,0.6197701096534729
YLL017W,YDR159W,0,-1.0753953,0.11107449233531952,0.7747126221656799,0.6200000047683716
YMR173W,YOL115W,0,-1.0754172,0.11103788763284683,0.7747126221656799,0.6202298998832703
YAL005C,YPR121W,0,-1.0757567,0.11100132018327713,0.7747126221656799,0.620459794998169
YHR172W,YLL040C,0,-1.0758595,0.11096476763486862,0.7747126221656799,0.6206896305084229
YNL177C,YOR096W,0,-1.0761058,0.1109282448887825,0.7747126221656799,0.6209195256233215
YDR046C,YMR236W,0,-1.076831,0.11089173704385757,0.7747126221656799,0.6211494207382202
YLR264W,YGL068W,0,-1.0771328,0.11085526645183563,0.7747126221656799,0.6213793158531189
YMR145C,YFR041C,0,-1.077808,0.11081881076097488,0.7747126221656799,0.6216092109680176
YGR186W,YDR020C,0,-1.0781085,0.11078237742185593,0.7747126221656799,0.6218391060829163
YKR101W,YBR267W,0,-1.078111,0.11074597388505936,0.7747126221656799,0.6220689415931702
YMR162C,YBR041W,1,-1.0781227,0.11103811115026474,0.777011513710022,0.6220689415931702
YPL153C,YPL265W,0,-1.078233,0.1110016405582428,0.777011513710022,0.6222988367080688
YLR449W,YPL118W,0,-1.0782794,0.11096519976854324,0.777011513710022,0.6225287318229675
YER117W,YEL020C,0,-1.0784583,0.11092878133058548,0.777011513710022,0.6227586269378662
YNR010W,YKR065C,0,-1.0790321,0.1108923852443695,0.777011513710022,0.6229885220527649
YPR101W,YKL017C,0,-1.0793334,0.11085601896047592,0.777011513710022,0.6232184171676636
YOL017W,YOL038W,0,-1.0796182,0.11081967502832413,0.777011513710022,0.6234482526779175
YLR309C,YGR075C,0,-1.0797646,0.11078334599733353,0.777011513710022,0.6236781477928162
YPL204W,YDR197W,0,-1.0800626,0.11074705421924591,0.777011513710022,0.6239080429077148
YJL154C,YNL160W,0,-1.080653,0.11071077734231949,0.777011513710022,0.6241379380226135
YLR283W,YPL186C,0,-1.080945,0.11067452281713486,0.777011513710022,0.6243678331375122
YAL009W,YFR019W,0,-1.0809629,0.11063829809427261,0.777011513710022,0.6245977282524109
YDL148C,YHR179W,0,-1.0812645,0.11060209572315216,0.777011513710022,0.6248275637626648
YOR323C,YJR119C,0,-1.0813878,0.1105659157037735,0.777011513710022,0.6250574588775635
YPL181W,YFL004W,0,-1.0815372,0.11052975803613663,0.777011513710022,0.6252873539924622
YER166W,YBL020W,1,-1.0816095,0.11082053184509277,0.7793103456497192,0.6252873539924622
YGR026W,YOL005C,0,-1.0823334,0.11078431457281113,0.7793103456497192,0.6255172491073608
YDL024C,YKL017C,0,-1.0824239,0.11074811965227127,0.7793103456497192,0.6257471442222595
YNL097C,YGL157W,0,-1.082548,0.1107119545340538,0.7793103456497192,0.6259770393371582
YBR129C,YPL020C,0,-1.082621,0.11067580431699753,0.7793103456497192,0.6262068748474121
YJR032W,YLR446W,0,-1.0832756,0.11063968390226364,0.7793103456497192,0.6264367699623108
YBR274W,YJR013W,0,-1.0833764,0.11060358583927155,0.7793103456497192,0.6266666650772095
YER124C,YGR240C,0,-1.0838408,0.11056751757860184,0.7793103456497192,0.6268965601921082
YLR145W,YIL080W,0,-1.0839156,0.11053146421909332,0.7793103456497192,0.6271264553070068
YOL103W,YMR203W,0,-1.0841479,0.1104954332113266,0.7793103456497192,0.6273563504219055
YLR380W,YCR094W,1,-1.0842477,0.11078527569770813,0.7816091775894165,0.6273563504219055
YPR181C,YJL002C,0,-1.0842621,0.11074918508529663,0.7816091775894165,0.6275861859321594
YMR034C,YNR075W,0,-1.0846875,0.11071312427520752,0.7816091775894165,0.6278160810470581
YNL070W,YDR461W,0,-1.0849307,0.1106770858168602,0.7816091775894165,0.6280459761619568
YOL030W,YML088W,0,-1.085058,0.11064106971025467,0.7816091775894165,0.6282758712768555
YDR221W,YMR134W,0,-1.0851142,0.11060507595539093,0.7816091775894165,0.6285057663917542
YFR031C,YKL027W,0,-1.0855361,0.11056910455226898,0.7816091775894165,0.6287356615066528
YLR127C,YHR168W,0,-1.0855575,0.11053316295146942,0.7816091775894165,0.6289654970169067
YAR008W,YDR533C,0,-1.0860766,0.11049723625183105,0.7816091775894165,0.6291953921318054
YDR051C,YMR162C,1,-1.0861809,0.11078622192144394,0.7839080691337585,0.6291953921318054
YKL218C,YBR102C,0,-1.0864397,0.1107502430677414,0.7839080691337585,0.6294252872467041
YPL147W,YDR093W,1,-1.0867995,0.11103896051645279,0.7862069010734558,0.6294252872467041
YDR451C,YDL144C,0,-1.0876265,0.11100292205810547,0.7862069010734558,0.6296551823616028
YDR506C,YGL068W,0,-1.0881147,0.11096690595149994,0.7862069010734558,0.6298850774765015
YNR043W,YGR252W,0,-1.0884619,0.1109309121966362,0.7862069010734558,0.6301149129867554
YKR018C,YDR511W,0,-1.0886579,0.11089494079351425,0.7862069010734558,0.630344808101654
YGR075C,YGL134W,0,-1.0888747,0.1108589917421341,0.7862069010734558,0.6305747032165527
YDR393W,YER112W,0,-1.0894535,0.11082307249307632,0.7862069010734558,0.6308045983314514
YJR077C,YFL047W,0,-1.0897311,0.11078717559576035,0.7862069010734558,0.6310344934463501
YJR140C,YHR134W,0,-1.0897517,0.11075129359960556,0.7862069010734558,0.6312643885612488
YLR132C,YLR155C,0,-1.0897739,0.11071544140577316,0.7862069010734558,0.6314942240715027
YJL100W,YJL047C,0,-1.0899739,0.11067961156368256,0.7862069010734558,0.6317241191864014
YFL044C,YDL043C,0,-1.0900508,0.11064380407333374,0.7862069010734558,0.6319540143013
YNL148C,YNL220W,0,-1.090469,0.11060801893472672,0.7862069010734558,0.6321839094161987
YDL121C,YBR170C,0,-1.0906026,0.11057226359844208,0.7862069010734558,0.6324138045310974
YLL003W,YOR275C,0,-1.0906727,0.11053652316331863,0.7862069010734558,0.6326436996459961
YBR283C,YML063W,0,-1.0910763,0.11050080507993698,0.7862069010734558,0.63287353515625
YMR113W,YDR186C,0,-1.0911355,0.11046511679887772,0.7862069010734558,0.6331034302711487
YCL003W,YBR002C,0,-1.091711,0.11042945086956024,0.7862069010734558,0.6333333253860474
YGL162W,YER120W,1,-1.0917538,0.11071658879518509,0.7885057330131531,0.6333333253860474
YOL147C,YBL089W,0,-1.0931423,0.11068086326122284,0.7885057330131531,0.633563220500946
YDR293C,YGR077C,0,-1.0934646,0.11064516007900238,0.7885057330131531,0.6337931156158447
YDR093W,YBL020W,1,-1.0940502,0.11093195527791977,0.7908046245574951,0.6337931156158447
YER035W,YBL054W,0,-1.0946417,0.11089619249105453,0.7908046245574951,0.6340230107307434
YPL266W,YCR067C,0,-1.0947818,0.11086045950651169,0.7908046245574951,0.6342528462409973
YJL155C,YIL139C,0,-1.0949458,0.11082474142313004,0.7908046245574951,0.634482741355896
YOR180C,YML111W,0,-1.0953488,0.11078905314207077,0.7908046245574951,0.6347126364707947
YLR096W,YOL107W,0,-1.0956147,0.1107533797621727,0.7908046245574951,0.6349425315856934
YPL085W,YOR362C,0,-1.0959915,0.11071773618459702,0.7908046245574951,0.635172426700592
YOR384W,YLR182W,0,-1.0959965,0.11068210750818253,0.7908046245574951,0.6354023218154907
YDL150W,YDR347W,0,-1.0964208,0.11064650863409042,0.7908046245574951,0.6356321573257446
YBL071W-A,YNL232W,0,-1.0968914,0.11061093211174011,0.7908046245574951,0.6358620524406433
YOL008W,YNL047C,0,-1.0970814,0.11057537794113159,0.7908046245574951,0.636091947555542
YNL323W,YNL231C,1,-1.0977707,0.11086118221282959,0.7931034564971924,0.636091947555542
YHR099W,YNL134C,0,-1.097971,0.1108255684375763,0.7931034564971924,0.6363218426704407
YER172C,YLR372W,0,-1.0980359,0.11078997701406479,0.7931034564971924,0.6365517377853394
YPL024W,YPR101W,0,-1.0982431,0.11075441539287567,0.7931034564971924,0.636781632900238
YJL103C,YOR292C,0,-1.0984085,0.11071886867284775,0.7931034564971924,0.6370114684104919
YLR452C,YDR119W,0,-1.0987773,0.11068335175514221,0.7931034564971924,0.6372413635253906
YDR205W,YNR004W,0,-1.0988169,0.11064784973859787,0.7931034564971924,0.6374712586402893
YPL103C,YKL112W,0,-1.0989913,0.11061237752437592,0.7931034564971924,0.637701153755188
YAL017W,YER058W,0,-1.0991746,0.11057692021131516,0.7931034564971924,0.6379310488700867
YCR020W-B,YGR277C,0,-1.0993098,0.11054149270057678,0.7931034564971924,0.6381609439849854
YOR046C,YDR081C,0,-1.0995418,0.1105060875415802,0.7931034564971924,0.6383907794952393
YJR160C,YOL128C,0,-1.0995448,0.11047070473432541,0.7931034564971924,0.6386206746101379
YMR100W,YNL283C,0,-1.099947,0.11043533682823181,0.7931034564971924,0.6388505697250366
YOR066W,YOR092W,0,-1.0999756,0.1103999987244606,0.7931034564971924,0.6390804648399353
YGR128C,YPL060W,0,-1.1001558,0.11036468297243118,0.7931034564971924,0.639310359954834
YJL123C,YJL030W,0,-1.1002086,0.11032938957214355,0.7931034564971924,0.6395402550697327
YDR026C,YKL042W,0,-1.100218,0.11029411852359772,0.7931034564971924,0.6397700905799866
YLR274W,YOR092W,0,-1.1002555,0.11025886982679367,0.7931034564971924,0.6399999856948853
YCL055W,YDR182W,0,-1.100435,0.11022364348173141,0.7931034564971924,0.6402298808097839
YIL084C,YER068W,0,-1.1011615,0.11018843948841095,0.7931034564971924,0.6404597759246826
YHR168W,YML081C-A,0,-1.101301,0.11015325784683228,0.7931034564971924,0.6406896710395813
YDR117C,YLR132C,0,-1.1015584,0.11011809855699539,0.7931034564971924,0.64091956615448
YJL140W,YDR480W,0,-1.1021004,0.1100829616189003,0.7931034564971924,0.6411494016647339
YMR058W,YDR027C,0,-1.1023057,0.110047847032547,0.7931034564971924,0.6413792967796326
YDR239C,YKL038W,0,-1.1026042,0.11001275479793549,0.7931034564971924,0.6416091918945312
YMR162C,YDL019C,1,-1.1027516,0.11029645800590515,0.7954022884368896,0.6416091918945312
YBL100W-A,YFL034C-A,0,-1.1027904,0.11026131361722946,0.7954022884368896,0.6418390870094299
YGR054W,YEL053C,0,-1.1031494,0.11022618412971497,0.7954022884368896,0.6420689821243286
YJL118W,YPR186C,0,-1.103454,0.11019108444452286,0.7954022884368896,0.6422988772392273
YDR084C,YER122C,0,-1.1036644,0.11015599966049194,0.7954022884368896,0.6425287127494812
YNL129W,YLR386W,0,-1.1038309,0.11012094467878342,0.7954022884368896,0.6427586078643799
YDR522C,YLR233C,0,-1.103954,0.11008590459823608,0.7954022884368896,0.6429885029792786
YLR380W,YLR242C,1,-1.1044117,0.11036895960569382,0.7977011203765869,0.6429885029792786
YDR315C,YKR080W,0,-1.1050942,0.11033385992050171,0.7977011203765869,0.6432183980941772
YMR049C,YDR146C,0,-1.1059378,0.11029879003763199,0.7977011203765869,0.6434482932090759
YPL057C,YLR210W,0,-1.1064326,0.11026374250650406,0.7977011203765869,0.6436781883239746
YOR168W,YJL085W,0,-1.1069367,0.11022871732711792,0.7977011203765869,0.6439080238342285
YGL035C,YNL244C,0,-1.1071099,0.11019371449947357,0.7977011203765869,0.6441379189491272
YDL095W,YHR066W,0,-1.1077135,0.11015872657299042,0.7977011203765869,0.6443678140640259
YGL173C,YLR389C,0,-1.108125,0.11012376844882965,0.7977011203765869,0.6445977091789246
YAR035W,YBL105C,0,-1.1083481,0.11008883267641068,0.7977011203765869,0.6448276042938232
YPL086C,YOL006C,0,-1.1085833,0.11005391925573349,0.7977011203765869,0.6450574994087219
YMR162C,YOR237W,1,-1.1087607,0.11033608019351959,0.800000011920929,0.6450574994087219
YHR115C,YBR068C,0,-1.1090584,0.11030110716819763,0.800000011920929,0.6452873349189758
YCR024C-A,YPR164W,0,-1.1091629,0.11026615649461746,0.800000011920929,0.6455172300338745
YOL108C,YNL310C,0,-1.1093603,0.11023123562335968,0.800000011920929,0.6457471251487732
YLR256W,YOL056W,0,-1.1094763,0.11019632965326309,0.800000011920929,0.6459770202636719
YGR075C,YKL084W,0,-1.1100667,0.1101614460349083,0.800000011920929,0.6462069153785706
YLR242C,YNR047W,1,-1.1104224,0.11044304072856903,0.8022988438606262,0.6462069153785706
YOR100C,YDR202C,0,-1.1109035,0.11040809750556946,0.8022988438606262,0.6464368104934692
YPL023C,YHR010W,0,-1.111819,0.11037318408489227,0.8022988438606262,0.6466666460037231
YJR006W,YLL042C,0,-1.1118844,0.11033828556537628,0.8022988438606262,0.6468965411186218
YML091C,YCR020C,0,-1.1122205,0.11030341684818268,0.8022988438606262,0.6471264362335205
YGL068W,YGL232W,0,-1.1125202,0.11026856303215027,0.8022988438606262,0.6473563313484192
YDL190C,YDR121W,0,-1.1126032,0.11023373156785965,0.8022988438606262,0.6475862264633179
YJL029C,YNL232W,0,-1.1127663,0.11019892990589142,0.8022988438606262,0.6478161215782166
YIL097W,YIL010W,0,-1.1130373,0.11016414314508438,0.8022988438606262,0.6480459570884705
YGL030W,YNL135C,0,-1.1130395,0.11012937873601913,0.8022988438606262,0.6482758522033691
YMR244C-A,YDR270W,0,-1.1130586,0.11009463667869568,0.8022988438606262,0.6485057473182678
YML115C,YBR271W,0,-1.1131235,0.11005991697311401,0.8022988438606262,0.6487356424331665
YNR049C,YPL099C,0,-1.1133081,0.11002521961927414,0.8022988438606262,0.6489655375480652
YJL028W,YNR051C,0,-1.1133602,0.10999054461717606,0.8022988438606262,0.6491953730583191
YCL038C,YNL254C,0,-1.1138532,0.10995589196681976,0.8022988438606262,0.6494252681732178
YGR059W,YNL275W,0,-1.114035,0.10992126166820526,0.8022988438606262,0.6496551632881165
YKR036C,YHL047C,0,-1.114956,0.10988664627075195,0.8022988438606262,0.6498850584030151
YPL099C,YNL128W,0,-1.1149898,0.10985206067562103,0.8022988438606262,0.6501149535179138
YMR121C,YNL016W,0,-1.1167815,0.1098174974322319,0.8022988438606262,0.6503448486328125
YGL158W,YLL003W,0,-1.1172664,0.10978294909000397,0.8022988438606262,0.6505746841430664
YDR051C,YPR009W,1,-1.1175984,0.11006288975477219,0.8045976758003235,0.6505746841430664
YPL023C,YJL112W,0,-1.1182306,0.11002829670906067,0.8045976758003235,0.6508045792579651
YBR145W,YJR097W,0,-1.1183755,0.10999371111392975,0.8045976758003235,0.6510344743728638
YIL074C,YDR262W,0,-1.1184589,0.10995915532112122,0.8045976758003235,0.6512643694877625
YIL073C,YMR114C,0,-1.1192799,0.10992462188005447,0.8045976758003235,0.6514942646026611
YLL055W,YPL005W,0,-1.1195989,0.10989011079072952,0.8045976758003235,0.6517241597175598
YHR029C,YIL135C,0,-1.1196828,0.10985562205314636,0.8045976758003235,0.6519539952278137
YHR060W,YBR172C,0,-1.1197052,0.1098211482167244,0.8045976758003235,0.6521838903427124
YFL008W,YJL046W,0,-1.1202728,0.10978669673204422,0.8045976758003235,0.6524137854576111
YHR187W,YLR459W,0,-1.1204406,0.10975227504968643,0.8045976758003235,0.6526436805725098
YFR052W,YER148W,0,-1.120673,0.10971786826848984,0.8045976758003235,0.6528735756874084
YEL015W,YDR067C,0,-1.1232159,0.10968348383903503,0.8045976758003235,0.6531034708023071
YDL035C,YGR199W,0,-1.1232507,0.10964912176132202,0.8045976758003235,0.653333306312561
YDR534C,YJR015W,0,-1.1236144,0.1096147820353508,0.8045976758003235,0.6535632014274597
YAL025C,YML111W,0,-1.1238773,0.10958046466112137,0.8045976758003235,0.6537930965423584
YNL135C,YDR480W,0,-1.1243765,0.10954616218805313,0.8045976758003235,0.6540229916572571
YIR008C,YJR077C,0,-1.1244876,0.10951188951730728,0.8045976758003235,0.6542528867721558
YMR176W,YDL166C,0,-1.1247112,0.10947763174772263,0.8045976758003235,0.6544827818870544
YBR236C,YLR312W-A,0,-1.124961,0.10944340378046036,0.8045976758003235,0.6547126173973083
YDL136W,YOL124C,0,-1.1253178,0.10940919071435928,0.8045976758003235,0.654942512512207
YBR214W,YDR031W,0,-1.1257049,0.109375,0.8045976758003235,0.6551724076271057
YDR479C,YLR264W,0,-1.1257577,0.10934083163738251,0.8045976758003235,0.6554023027420044
YGL100W,YDR073W,0,-1.1263955,0.1093066856265068,0.8045976758003235,0.6556321978569031
YLR008C,YNL050C,0,-1.1272306,0.1092725545167923,0.8045976758003235,0.6558620929718018
YBR037C,YBR196C,0,-1.1274691,0.10923845320940018,0.8045976758003235,0.6560919284820557
YOR242C,YGL257C,0,-1.127636,0.10920436680316925,0.8045976758003235,0.6563218235969543
YNL231C,YBL020W,1,-1.1277246,0.10948222130537033,0.8068965673446655,0.6563218235969543
YNL032W,YIL099W,0,-1.1277976,0.10944808274507523,0.8068965673446655,0.656551718711853
YNR069C,YBR200W,0,-1.1277997,0.10941396653652191,0.8068965673446655,0.6567816138267517
YDR387C,YPL196W,0,-1.1280457,0.10937987267971039,0.8068965673446655,0.6570115089416504
YIL048W,YER166W,1,-1.1283146,0.10965731739997864,0.8091953992843628,0.6570115089416504
YBR129C,YOR231W,0,-1.1286325,0.10962317138910294,0.8091953992843628,0.6572414040565491
YDR097C,YIL040W,0,-1.1289749,0.10958904027938843,0.8091953992843628,0.657471239566803
YOR167C,YDR156W,0,-1.1289945,0.10955493152141571,0.8091953992843628,0.6577011346817017
YMR224C,YNL146W,0,-1.1293932,0.10952084511518478,0.8091953992843628,0.6579310297966003
YMR289W,YML012W,0,-1.1307443,0.10948678106069565,0.8091953992843628,0.658160924911499
YLR408C,YOL119C,0,-1.1309735,0.1094527393579483,0.8091953992843628,0.6583908200263977
YGL095C,YPL108W,0,-1.131026,0.10941871255636215,0.8091953992843628,0.6586207151412964
YJL184W,YDR373W,0,-1.1310375,0.10938470810651779,0.8091953992843628,0.6588505506515503
YBR187W,YGR189C,0,-1.1314596,0.10935073345899582,0.8091953992843628,0.659080445766449
YLR450W,YPR194C,0,-1.13176,0.10931677371263504,0.8091953992843628,0.6593103408813477
YLR373C,YAL043C,0,-1.1319294,0.10928282886743546,0.8091953992843628,0.6595402359962463
YGR199W,YPL269W,0,-1.1322541,0.10924891382455826,0.8091953992843628,0.659770131111145
YLL038C,YKR026C,0,-1.1325619,0.10921501368284225,0.8091953992843628,0.6600000262260437
YNL271C,YDL042C,0,-1.1326207,0.10918114334344864,0.8091953992843628,0.6602298617362976
YDL179W,YNL146W,0,-1.1326764,0.10914728790521622,0.8091953992843628,0.6604597568511963
YDR387C,YBR223C,0,-1.1328416,0.10911345481872559,0.8091953992843628,0.660689651966095
YAL014C,YOR138C,0,-1.1328707,0.10907964408397675,0.8091953992843628,0.6609195470809937
YOR126C,YML080W,0,-1.1333973,0.1090458482503891,0.8091953992843628,0.6611494421958923
YOR237W,YGR037C,1,-1.133403,0.10932177305221558,0.8114942312240601,0.6611494421958923
YBR296C,YKR060W,0,-1.1334511,0.10928792506456375,0.8114942312240601,0.661379337310791
YJL123C,YER058W,0,-1.1341563,0.10925409942865372,0.8114942312240601,0.6616091728210449
YDR221W,YOR141C,0,-1.1341907,0.10922029614448547,0.8114942312240601,0.6618390679359436
YNL256W,YLR305C,0,-1.1343484,0.10918651521205902,0.8114942312240601,0.6620689630508423
YMR211W,YGL033W,0,-1.134438,0.10915274918079376,0.8114942312240601,0.662298858165741
YDL128W,YDL126C,0,-1.1344879,0.10911901295185089,0.8114942312240601,0.6625287532806396
YOR168W,YHR147C,0,-1.1361603,0.10908529162406921,0.8114942312240601,0.6627586483955383
YFL018C,YJR121W,0,-1.1362553,0.10905159264802933,0.8114942312240601,0.6629884839057922
YLR251W,YBR215W,0,-1.1366041,0.10901790857315063,0.8114942312240601,0.6632183790206909
YBR155W,YDL214C,0,-1.1368349,0.10898425430059433,0.8114942312240601,0.6634482741355896
YLR128W,YBR198C,0,-1.1372845,0.10895061492919922,0.8114942312240601,0.6636781692504883
YGR013W,YKL175W,0,-1.1376666,0.1089169979095459,0.8114942312240601,0.663908064365387
YBR195C,YNL113W,0,-1.1378351,0.10888340324163437,0.8114942312240601,0.6641379594802856
YOR179C,YKL001C,0,-1.1380765,0.10884983092546463,0.8114942312240601,0.6643677949905396
YBL006C,YLR154C,0,-1.1384811,0.10881627351045609,0.8114942312240601,0.6645976901054382
YGR241C,YJL085W,0,-1.1385256,0.10878274589776993,0.8114942312240601,0.6648275852203369
YDR196C,YDL178W,0,-1.1388319,0.10874923318624496,0.8114942312240601,0.6650574803352356
YLR318W,YNL185C,0,-1.1397351,0.1087157353758812,0.8114942312240601,0.6652873754501343
YMR229C,YIL027C,0,-1.1398671,0.10868226736783981,0.8114942312240601,0.665517270565033
YPL104W,YNR050C,0,-1.1399018,0.10864881426095963,0.8114942312240601,0.6657471060752869
YDL239C,YER019W,0,-1.1402006,0.10861538350582123,0.8114942312240601,0.6659770011901855
YBR092C,YMR023C,0,-1.1405159,0.10858197510242462,0.8114942312240601,0.6662068963050842
YAL001C,YOR313C,0,-1.1405795,0.1085485890507698,0.8114942312240601,0.6664367914199829
YDR118W,YNL092W,0,-1.1411636,0.10851521790027618,0.8114942312240601,0.6666666865348816
YML065W,YCR079W,0,-1.1415037,0.10848186910152435,0.8114942312240601,0.6668965220451355
YMR058W,YHR002W,0,-1.1426466,0.10844854265451431,0.8114942312240601,0.6671264171600342
YJL189W,YLR350W,0,-1.1427993,0.10841523110866547,0.8114942312240601,0.6673563122749329
YMR165C,YFL037W,0,-1.1431663,0.10838194936513901,0.8114942312240601,0.6675862073898315
YGL162W,YDR093W,1,-1.143703,0.10865561664104462,0.8137931227684021,0.6675862073898315
YNR031C,YNL326C,0,-1.1438267,0.10862227529287338,0.8137931227684021,0.6678161025047302
YOR269W,YJL225C,0,-1.1446965,0.10858895629644394,0.8137931227684021,0.6680459976196289
YBR182C,YMR179W,0,-1.1456051,0.10855565965175629,0.8137931227684021,0.6682758331298828
YOR237W,YMR079W,1,-1.1459055,0.10882893949747086,0.8160919547080994,0.6682758331298828
YLL033W,YML074C,0,-1.1463873,0.10879558324813843,0.8160919547080994,0.6685057282447815
YOL008W,YHR052W,0,-1.1464875,0.10876225680112839,0.8160919547080994,0.6687356233596802
YOR221C,YHR147C,0,-1.1466188,0.10872894525527954,0.8160919547080994,0.6689655184745789
YHL040C,YKL056C,0,-1.1466889,0.10869564861059189,0.8160919547080994,0.6691954135894775
YBR253W,YKL071W,0,-1.1469698,0.10866238176822662,0.8160919547080994,0.6694253087043762
YBR118W,YKR029C,0,-1.1470333,0.10862912982702255,0.8160919547080994,0.6696551442146301
YLR043C,YOR205C,0,-1.1474025,0.10859590023756027,0.8160919547080994,0.6698850393295288
YOL149W,YDL033C,0,-1.1476963,0.10856269299983978,0.8160919547080994,0.6701149344444275
YOL105C,YNL314W,0,-1.1478591,0.10852950066328049,0.8160919547080994,0.6703448295593262
YKL201C,YMR292W,0,-1.1488278,0.10849633067846298,0.8160919547080994,0.6705747246742249
YPR061C,YGL059W,0,-1.1490195,0.10846318304538727,0.8160919547080994,0.6708046197891235
YLL032C,YGL136C,0,-1.1490579,0.10843005776405334,0.8160919547080994,0.6710344552993774
YGL163C,YDR378C,0,-1.1495111,0.10839694738388062,0.8160919547080994,0.6712643504142761
YBL019W,YKL078W,0,-1.1498109,0.10836385935544968,0.8160919547080994,0.6714942455291748
YIL046W,YDR255C,0,-1.1502624,0.10833079367876053,0.8160919547080994,0.6717241406440735
YCR020C,YDR393W,0,-1.1504108,0.10829774290323257,0.8160919547080994,0.6719540357589722
YBR084W,YBR222C,0,-1.1504598,0.10826471447944641,0.8160919547080994,0.6721839308738708
YOR327C,YPL155C,0,-1.1506143,0.10823170840740204,0.8160919547080994,0.6724137663841248
YIL129C,YLR238W,0,-1.1512908,0.10819871723651886,0.8160919547080994,0.6726436614990234
YGR087C,YER012W,0,-1.1514695,0.10816575586795807,0.8160919547080994,0.6728735566139221
YOR388C,YMR020W,0,-1.1521082,0.10813280194997787,0.8160919547080994,0.6731034517288208
YDL246C,YER065C,0,-1.152556,0.10809987783432007,0.8160919547080994,0.6733333468437195
YOR244W,YDL129W,0,-1.1526257,0.10806696861982346,0.8160919547080994,0.6735632419586182
YHR129C,YML110C,0,-1.1529368,0.10803408175706863,0.8160919547080994,0.6737930774688721
YLR158C,YOL038W,0,-1.1529549,0.1080012172460556,0.8160919547080994,0.6740229725837708
YNL046W,YKL216W,0,-1.1533751,0.10796836763620377,0.8160919547080994,0.6742528676986694
YJL166W,YPL281C,0,-1.1534461,0.10793554037809372,0.8160919547080994,0.6744827628135681
YPL151C,YHR147C,0,-1.1541055,0.10790273547172546,0.8160919547080994,0.6747126579284668
YDL103C,YBL006C,0,-1.1550595,0.1078699454665184,0.8160919547080994,0.6749425530433655
YHR179W,YPL192C,0,-1.1551449,0.10783717781305313,0.8160919547080994,0.6751723885536194
YNL113W,YLR452C,0,-1.1558841,0.10780443251132965,0.8160919547080994,0.6754022836685181
YPL079W,YOL123W,0,-1.1561428,0.10777170956134796,0.8160919547080994,0.6756321787834167
YGR221C,YPL212C,0,-1.1563001,0.10773900151252747,0.8160919547080994,0.6758620738983154
YEL059C-A,YJR140C,0,-1.1569085,0.10770630836486816,0.8160919547080994,0.6760919690132141
YKL100C,YJR104C,0,-1.157642,0.10767364501953125,0.8160919547080994,0.6763218641281128
YDL008W,YGL011C,0,-1.1578019,0.10764099657535553,0.8160919547080994,0.6765516996383667
YMR100W,YNL312W,0,-1.1578262,0.107608363032341,0.8160919547080994,0.6767815947532654
YPR152C,YIL150C,0,-1.157864,0.10757575929164886,0.8160919547080994,0.6770114898681641
YNL309W,YER074W,0,-1.1585182,0.10754317045211792,0.8160919547080994,0.6772413849830627
YML072C,YGL147C,0,-1.158795,0.10751059651374817,0.8160919547080994,0.6774712800979614
YGL094C,YDL045W-A,0,-1.1592007,0.1074780523777008,0.8160919547080994,0.6777011752128601
YAL013W,YDR443C,0,-1.1597011,0.10744552314281464,0.8160919547080994,0.677931010723114
YPL147W,YCR094W,1,-1.1599879,0.10771558433771133,0.8183907866477966,0.677931010723114
YLR301W,YOR378W,0,-1.1603868,0.10768300294876099,0.8183907866477966,0.6781609058380127
YNL188W,YPR054W,0,-1.1608385,0.10765043646097183,0.8183907866477966,0.6783908009529114
YDL095W,YHR046C,0,-1.1609899,0.10761789232492447,0.8183907866477966,0.6786206960678101
YPR070W,YGL054C,0,-1.1613234,0.1075853705406189,0.8183907866477966,0.6788505911827087
YLR265C,YJR034W,0,-1.1613369,0.10755287110805511,0.8183907866477966,0.6790804862976074
YDR320C,YER074W-A,0,-1.1620193,0.10752038657665253,0.8183907866477966,0.6793103218078613
YAL009W,YAL021C,0,-1.1627777,0.10748792439699173,0.8183907866477966,0.67954021692276
YMR162C,YNL264C,1,-1.1634061,0.1077573224902153,0.8206896781921387,0.67954021692276
YOL119C,YFL017W-A,0,-1.1634654,0.10772480070590973,0.8206896781921387,0.6797701120376587
YPR009W,YAR044W,1,-1.1635683,0.1079939678311348,0.8229885101318359,0.6797701120376587
YGR014W,YIR023W,0,-1.1636033,0.10796140134334564,0.8229885101318359,0.6800000071525574
YOR182C,YOR148C,0,-1.164363,0.10792884975671768,0.8229885101318359,0.680229902267456
YOR224C,YCR089W,0,-1.1644368,0.10789632052183151,0.8229885101318359,0.6804597973823547
YHR044C,YAL008W,0,-1.1646228,0.10786381363868713,0.8229885101318359,0.6806896328926086
YNR001C,YLR035C,0,-1.1648383,0.10783132165670395,0.8229885101318359,0.6809195280075073
YOR323C,YOR126C,0,-1.1648939,0.10779885947704315,0.8229885101318359,0.681149423122406
YPR162C,YGR125W,0,-1.165057,0.10776640474796295,0.8229885101318359,0.6813793182373047
YDR389W,YGL251C,0,-1.1651249,0.10773397237062454,0.8229885101318359,0.6816092133522034
YOR269W,YMR097C,0,-1.1657919,0.10770156234502792,0.8229885101318359,0.681839108467102
YBR080C,YNL300W,0,-1.165796,0.1076691746711731,0.8229885101318359,0.682068943977356
YLR418C,YBR289W,0,-1.165807,0.10763680189847946,0.8229885101318359,0.6822988390922546
YIL002C,YER046W,0,-1.1659417,0.10760445147752762,0.8229885101318359,0.6825287342071533
YPL150W,YDR013W,0,-1.1659735,0.10757211595773697,0.8229885101318359,0.682758629322052
YBR186W,YLR186W,0,-1.1660469,0.10753980278968811,0.8229885101318359,0.6829885244369507
YIL015W,YPL081W,0,-1.1663355,0.10750750452280045,0.8229885101318359,0.6832184195518494
YLR373C,YHR211W,0,-1.166445,0.10747523605823517,0.8229885101318359,0.6834482550621033
YHR039C-A,YBR040W,0,-1.1664817,0.10744297504425049,0.8229885101318359,0.683678150177002
YGR249W,YKR097W,0,-1.1665177,0.1074107438325882,0.8229885101318359,0.6839080452919006
YGL178W,YGL125W,0,-1.1671072,0.1073785275220871,0.8229885101318359,0.6841379404067993
YLR359W,YJL073W,0,-1.1672682,0.10734632611274719,0.8229885101318359,0.684367835521698
YGR209C,YCR037C,0,-1.167601,0.10731414705514908,0.8229885101318359,0.6845977306365967
YHL033C,YDL121C,0,-1.1678677,0.10728199034929276,0.8229885101318359,0.6848275661468506
YML026C,YDL155W,0,-1.1681011,0.10724984854459763,0.8229885101318359,0.6850574612617493
YDR432W,YKL004W,0,-1.1681406,0.10721772909164429,0.8229885101318359,0.685287356376648
YNL236W,YGL038C,0,-1.1685979,0.10718563199043274,0.8229885101318359,0.6855172514915466
YOR332W,YNL304W,0,-1.1688343,0.10715354979038239,0.8229885101318359,0.6857471466064453
YBL018C,YJR014W,0,-1.1693248,0.10712148249149323,0.8229885101318359,0.6859769821166992
YNL075W,YPL246C,0,-1.1693664,0.10708943754434586,0.8229885101318359,0.6862068772315979
YCR093W,YBR048W,0,-1.169783,0.10705741494894028,0.8229885101318359,0.6864367723464966
YMR116C,YPR080W,0,-1.1702874,0.10702541470527649,0.8229885101318359,0.6866666674613953
YNL280C,YJR143C,0,-1.1704025,0.1069934219121933,0.8229885101318359,0.686896562576294
YLL052C,YGR185C,0,-1.170707,0.1069614589214325,0.8229885101318359,0.6871264576911926
YDR239C,YDR524C,0,-1.1709353,0.10692951083183289,0.8229885101318359,0.6873562932014465
YMR211W,YFL004W,0,-1.1710589,0.10689757764339447,0.8229885101318359,0.6875861883163452
YBR173C,YBR202W,0,-1.1710806,0.10686567425727844,0.8229885101318359,0.6878160834312439
YML051W,YMR123W,0,-1.1716244,0.10683377832174301,0.8229885101318359,0.6880459785461426
YJL072C,YMR199W,0,-1.1722496,0.10680191218852997,0.8229885101318359,0.6882758736610413
YOR145C,YGR012W,0,-1.172725,0.10677005350589752,0.8229885101318359,0.6885057687759399
YMR251W-A,YIL110W,0,-1.1728051,0.10673822462558746,0.8229885101318359,0.6887356042861938
YDR228C,YHR089C,0,-1.1738007,0.1067064106464386,0.8229885101318359,0.6889654994010925
YOR037W,YOR388C,0,-1.1738552,0.10667461156845093,0.8229885101318359,0.6891953945159912
YDR116C,YML094W,0,-1.1738601,0.10664283484220505,0.8229885101318359,0.6894252896308899
YDR322C-A,YBR122C,0,-1.1738816,0.10661108046770096,0.8229885101318359,0.6896551847457886
YBR079C,YDR159W,0,-1.1741635,0.10657934099435806,0.8229885101318359,0.6898850798606873
YOR279C,YBR020W,0,-1.1744963,0.10654761642217636,0.8229885101318359,0.6901149153709412
YCR027C,YPL009C,0,-1.1749192,0.10651591420173645,0.8229885101318359,0.6903448104858398
YMR089C,YJL136C,0,-1.1749759,0.10648423433303833,0.8229885101318359,0.6905747056007385
YGR156W,YAL012W,0,-1.1751914,0.1064525693655014,0.8229885101318359,0.6908046007156372
YDR447C,YGL137W,0,-1.1762675,0.10642092674970627,0.8229885101318359,0.6910344958305359
YJL030W,YJL002C,0,-1.176512,0.10638929903507233,0.8229885101318359,0.6912643909454346
YCR097W,YOR143C,0,-1.177079,0.10635769367218018,0.8229885101318359,0.6914942264556885
YGR106C,YOR243C,0,-1.1775877,0.10632610321044922,0.8229885101318359,0.6917241215705872
YGR247W,YLR170C,0,-1.1779599,0.10629453510046005,0.8229885101318359,0.6919540166854858
YNL079C,YGR271W,0,-1.178221,0.10626298934221268,0.8229885101318359,0.6921839118003845
YFL033C,YJR097W,0,-1.1782919,0.1062314510345459,0.8229885101318359,0.6924138069152832
YDL024C,YPL242C,0,-1.1786654,0.10619994252920151,0.8229885101318359,0.6926437020301819
YJR032W,YGL079W,0,-1.1787951,0.10616844892501831,0.8229885101318359,0.6928735375404358
YJL184W,YNL270C,0,-1.1793456,0.10613697022199631,0.8229885101318359,0.6931034326553345
YGR026W,YFL021W,0,-1.179416,0.1061055138707161,0.8229885101318359,0.6933333277702332
YMR117C,YKR097W,0,-1.1796297,0.10607407242059708,0.8229885101318359,0.6935632228851318
YBL011W,YCR047C,0,-1.1796765,0.10604265332221985,0.8229885101318359,0.6937931180000305
YJL104W,YBR008C,0,-1.1799155,0.10601124912500381,0.8229885101318359,0.6940230131149292
YMR246W,YBL020W,1,-1.1803887,0.10627590119838715,0.8252873420715332,0.6940230131149292
YDR228C,YKL222C,0,-1.1807969,0.10624445229768753,0.8252873420715332,0.6942528486251831
YNR056C,YOL108C,0,-1.1809947,0.10621301829814911,0.8252873420715332,0.6944827437400818
YML060W,YPR182W,0,-1.1811824,0.10618160665035248,0.8252873420715332,0.6947126388549805
YJL036W,YGL012W,0,-1.1813564,0.10615020990371704,0.8252873420715332,0.6949425339698792
YKL101W,YDL166C,0,-1.1814158,0.1061188280582428,0.8252873420715332,0.6951724290847778
YNL188W,YBR239C,0,-1.1817949,0.10608746856451035,0.8252873420715332,0.6954023241996765
YOR265W,YJL139C,0,-1.1819427,0.10605613142251968,0.8252873420715332,0.6956321597099304
YIL126W,YGR026W,0,-1.1820202,0.10602480918169022,0.8252873420715332,0.6958620548248291
YEL062W,YBR203W,0,-1.1820831,0.10599350184202194,0.8252873420715332,0.6960919499397278
YCR027C,YBR098W,0,-1.1821808,0.10596221685409546,0.8252873420715332,0.6963218450546265
YNL153C,YCR093W,0,-1.1822581,0.10593095421791077,0.8252873420715332,0.6965517401695251
YNL005C,YBR123C,0,-1.1824853,0.10589970648288727,0.8252873420715332,0.6967816352844238
YDL159W,YER095W,0,-1.1825025,0.10586847364902496,0.8252873420715332,0.6970114707946777
YKR036C,YPL015C,0,-1.1826527,0.10583726316690445,0.8252873420715332,0.6972413659095764
YOL072W,YML022W,0,-1.182976,0.10580607503652573,0.8252873420715332,0.6974712610244751
YJL122W,YKL027W,0,-1.1833506,0.1057748943567276,0.8252873420715332,0.6977011561393738
YNR008W,YPR029C,0,-1.1834049,0.10574374347925186,0.8252873420715332,0.6979310512542725
YGL256W,YLR372W,0,-1.1838788,0.10571260005235672,0.8252873420715332,0.6981609463691711
YBR179C,YPL249C-A,0,-1.184166,0.10568148642778397,0.8252873420715332,0.698390781879425
YLR105C,YOR130C,0,-1.1842265,0.10565038025379181,0.8252873420715332,0.6986206769943237
YDR331W,YDR219C,0,-1.1843257,0.10561929643154144,0.8252873420715332,0.6988505721092224
YFR018C,YJR143C,0,-1.1845326,0.10558823496103287,0.8252873420715332,0.6990804672241211
YKL018W,YNL102W,0,-1.1849262,0.10555718839168549,0.8252873420715332,0.6993103623390198
YLL051C,YPL200W,0,-1.1852624,0.1055261641740799,0.8252873420715332,0.6995402574539185
YLR275W,YBR080C,0,-1.1853242,0.1054951548576355,0.8252873420715332,0.6997700929641724
YPL181W,YHL032C,0,-1.1853482,0.1054641604423523,0.8252873420715332,0.699999988079071
YBR088C,YDL017W,0,-1.1857519,0.10543318837881088,0.8252873420715332,0.7002298831939697
YIL109C,YGL054C,0,-1.1863453,0.10540223121643066,0.8252873420715332,0.7004597783088684
YGL079W,YJR099W,0,-1.1869678,0.10537129640579224,0.8252873420715332,0.7006896734237671
YBR145W,YNL009W,0,-1.1873369,0.105340376496315,0.8252873420715332,0.7009195685386658
YHR050W,YLR396C,0,-1.1879421,0.10530947148799896,0.8252873420715332,0.7011494040489197
YMR229C,YPL103C,0,-1.1887354,0.10527858883142471,0.8252873420715332,0.7013792991638184
YJL214W,YBR200W,0,-1.1889905,0.10524772852659225,0.8252873420715332,0.701609194278717
YMR086W,YMR314W,0,-1.1896192,0.10521688312292099,0.8252873420715332,0.7018390893936157
YJL184W,YBR042C,0,-1.1900642,0.10518605262041092,0.8252873420715332,0.7020689845085144
YLR305C,YIR006C,0,-1.1902673,0.10515524446964264,0.8252873420715332,0.7022988796234131
YNL256W,YNL106C,0,-1.1905422,0.10512445122003555,0.8252873420715332,0.702528715133667
YHL019C,YKL211C,0,-1.1905996,0.10509368032217026,0.8252873420715332,0.7027586102485657
YOR073W,YMR058W,0,-1.1910019,0.10506292432546616,0.8252873420715332,0.7029885053634644
YNL012W,YPL059W,0,-1.1912876,0.10503218322992325,0.8252873420715332,0.703218400478363
YOL088C,YPR021C,0,-1.1914703,0.10500146448612213,0.8252873420715332,0.7034482955932617
YDR051C,YJL145W,1,-1.1917477,0.10526315867900848,0.8275862336158752,0.7034482955932617
YDR211W,YOL056W,0,-1.1920148,0.10523238778114319,0.8275862336158752,0.7036781907081604
YCR034W,YGR133W,0,-1.1923985,0.10520163923501968,0.8275862336158752,0.7039080262184143
YNL091W,YDR195W,0,-1.1925128,0.10517090559005737,0.8275862336158752,0.704137921333313
YDR221W,YOR198C,0,-1.1927779,0.10514018684625626,0.8275862336158752,0.7043678164482117
YFR007W,YFL055W,0,-1.1930788,0.10510949045419693,0.8275862336158752,0.7045977115631104
YDL201W,YMR221C,0,-1.1937037,0.1050788089632988,0.8275862336158752,0.704827606678009
YGL186C,YOR299W,0,-1.1937116,0.10504814982414246,0.8275862336158752,0.7050574421882629
YDR392W,YNL001W,0,-1.193822,0.10501750558614731,0.8275862336158752,0.7052873373031616
YCR093W,YLR206W,0,-1.1938243,0.10498687624931335,0.8275862336158752,0.7055172324180603
YJL030W,YGR134W,0,-1.1938983,0.10495626926422119,0.8275862336158752,0.705747127532959
YLR319C,YIL080W,0,-1.1943884,0.10492567718029022,0.8275862336158752,0.7059770226478577
YDL099W,YPL055C,0,-1.1950341,0.10489510744810104,0.8275862336158752,0.7062069177627563
YMR046C,YPL086C,0,-1.1955922,0.10486455261707306,0.8275862336158752,0.7064367532730103
YLR116W,YDL142C,0,-1.1957057,0.10483401268720627,0.8275862336158752,0.7066666483879089
YNL323W,YLR242C,1,-1.1957743,0.10509461164474487,0.8298850655555725,0.7066666483879089
YBL101C,YAL017W,0,-1.195777,0.1050640270113945,0.8298850655555725,0.7068965435028076
YPL121C,YJR076C,0,-1.1960416,0.10503345727920532,0.8298850655555725,0.7071264386177063
YOR145C,YIR003W,0,-1.1963556,0.10500290989875793,0.8298850655555725,0.707356333732605
YHR203C,YLR103C,0,-1.1963568,0.10497237741947174,0.8298850655555725,0.7075862288475037
YPR190C,YKR001C,0,-1.1964176,0.10494185984134674,0.8298850655555725,0.7078160643577576
YHR031C,YNL270C,0,-1.1966772,0.10491136461496353,0.8298850655555725,0.7080459594726562
YPL008W,YJL171C,0,-1.1972026,0.10488088428974152,0.8298850655555725,0.7082758545875549
YLR353W,YIR003W,0,-1.1973683,0.1048504188656807,0.8298850655555725,0.7085057497024536
YOL119C,YNL078W,0,-1.197688,0.10481997579336166,0.8298850655555725,0.7087356448173523
YNL264C,YNL231C,1,-1.197863,0.10507982224225998,0.8321838974952698,0.7087356448173523
YBL020W,YBR041W,1,-1.1988095,0.10533952713012695,0.834482729434967,0.7087356448173523
YPL147W,YGR037C,1,-1.1990837,0.1055990681052208,0.8367816209793091,0.7087356448173523
YCR047C,YAL031C,0,-1.1996118,0.10556844621896744,0.8367816209793091,0.708965539932251
YBR129C,YCL004W,0,-1.2001499,0.10553783923387527,0.8367816209793091,0.7091953754425049
YDL130W,YLR353W,0,-1.2005422,0.1055072471499443,0.8367816209793091,0.7094252705574036
YPR119W,YNL268W,0,-1.200632,0.10547666996717453,0.8367816209793091,0.7096551656723022
YOL007C,YCR012W,0,-1.2010086,0.10544611513614655,0.8367816209793091,0.7098850607872009
YGR257C,YJL194W,0,-1.2010429,0.10541558265686035,0.8367816209793091,0.7101149559020996
YMR127C,YNL128W,0,-1.2020099,0.10538505762815475,0.8367816209793091,0.7103448510169983
YNL218W,YBR068C,0,-1.2020259,0.10535455495119095,0.8367816209793091,0.7105746865272522
YDR197W,YKL041W,0,-1.2020931,0.10532407462596893,0.8367816209793091,0.7108045816421509
YPL002C,YOL100W,0,-1.2022079,0.10529360920190811,0.8367816209793091,0.7110344767570496
YNL236W,YKR056W,0,-1.2029067,0.10526315867900848,0.8367816209793091,0.7112643718719482
YKR102W,YDL133C-A,0,-1.203768,0.10523272305727005,0.8367816209793091,0.7114942669868469
YNR074C,YLR024C,0,-1.2039764,0.10520230978727341,0.8367816209793091,0.7117241621017456
YBL061C,YAR071W,0,-1.2041636,0.10517191886901855,0.8367816209793091,0.7119539976119995
YBR276C,YNR050C,0,-1.2042549,0.1051415354013443,0.8367816209793091,0.7121838927268982
YNL121C,YKL181W,0,-1.20484,0.10511117428541183,0.8367816209793091,0.7124137878417969
YER140W,YGL054C,0,-1.2051955,0.10508082807064056,0.8367816209793091,0.7126436829566956
YFL034C-A,YNL047C,0,-1.2052193,0.10505050420761108,0.8367816209793091,0.7128735780715942
YBR236C,YGL251C,0,-1.2053616,0.1050201952457428,0.8367816209793091,0.7131034731864929
YGR172C,YML043C,0,-1.2053984,0.1049899011850357,0.8367816209793091,0.7133333086967468
YNL027W,YLL054C,0,-1.2056971,0.1049596294760704,0.8367816209793091,0.7135632038116455
YOR255W,YBR128C,0,-1.2057571,0.1049293726682663,0.8367816209793091,0.7137930989265442
YBR084C-A,YIR033W,0,-1.2058461,0.10489913821220398,0.8367816209793091,0.7140229940414429
YGR225W,YJR002W,0,-1.2065885,0.10486891120672226,0.8367816209793091,0.7142528891563416
YER087C-A,YIL049W,0,-1.2070374,0.10483870655298233,0.8367816209793091,0.7144827842712402
YHL022C,YHR186C,0,-1.2072788,0.10480852425098419,0.8367816209793091,0.7147126197814941
YLL001W,YOL041C,0,-1.2074041,0.10477835685014725,0.8367816209793091,0.7149425148963928
YGL224C,YBL105C,0,-1.207506,0.1047482043504715,0.8367816209793091,0.7151724100112915
YKL013C,YNL274C,0,-1.2076392,0.10471806675195694,0.8367816209793091,0.7154023051261902
YOL151W,YDR392W,0,-1.2080505,0.10468795150518417,0.8367816209793091,0.7156322002410889
YLR251W,YOL016C,0,-1.2080935,0.1046578511595726,0.8367816209793091,0.7158620953559875
YMR309C,YAL042W,0,-1.209064,0.10462776571512222,0.8367816209793091,0.7160919308662415
YGL026C,YOR084W,0,-1.2092417,0.10459770262241364,0.8367816209793091,0.7163218259811401
YOR257W,YER112W,0,-1.209385,0.10456765443086624,0.8367816209793091,0.7165517210960388
YEL070W,YAL041W,0,-1.2095294,0.10453762114048004,0.8367816209793091,0.7167816162109375
YMR239C,YGL203C,0,-1.2098778,0.10450761020183563,0.8367816209793091,0.7170115113258362
YGL123W,YOR116C,0,-1.2100013,0.10447761416435242,0.8367816209793091,0.7172414064407349
YER120W,YER166W,1,-1.2105328,0.10473457723855972,0.8390804529190063,0.7172414064407349
YBL057C,YJL206C,0,-1.2110521,0.10470452904701233,0.8390804529190063,0.7174712419509888
YJR088C,YPL069C,0,-1.211281,0.10467450320720673,0.8390804529190063,0.7177011370658875
YHR203C,YHR005C-A,0,-1.2114711,0.10464449226856232,0.8390804529190063,0.7179310321807861
YJR001W,YKL074C,0,-1.2121463,0.1046145036816597,0.8390804529190063,0.7181609272956848
YDR354W,YOL137W,0,-1.2122121,0.10458452999591827,0.8390804529190063,0.7183908224105835
YPR164W,YLL005C,0,-1.2122198,0.10455457121133804,0.8390804529190063,0.7186207175254822
YLL001W,YPR167C,0,-1.2123623,0.104524627327919,0.8390804529190063,0.7188505530357361
YBR281C,YJL081C,0,-1.212539,0.10449470579624176,0.8390804529190063,0.7190804481506348
YPR081C,YCR010C,0,-1.2128757,0.10446479916572571,0.8390804529190063,0.7193103432655334
YER039C,YOL028C,0,-1.2133404,0.10443490743637085,0.8390804529190063,0.7195402383804321
YLR459W,YGL050W,0,-1.2135296,0.10440503060817719,0.8390804529190063,0.7197701334953308
YHR105W,YLR128W,0,-1.2140868,0.10437517613172531,0.8390804529190063,0.7200000286102295
YIR039C,YPL113C,0,-1.2141589,0.10434533655643463,0.8390804529190063,0.7202298641204834
YLR427W,YNL008C,0,-1.2142339,0.10431551933288574,0.8390804529190063,0.7204597592353821
YLR165C,YJL172W,0,-1.214601,0.10428571701049805,0.8390804529190063,0.7206896543502808
YOR171C,YDR196C,0,-1.2152791,0.10425592958927155,0.8390804529190063,0.7209195494651794
YLR306W,YPR052C,0,-1.2154716,0.10422615706920624,0.8390804529190063,0.7211494445800781
YGL155W,YGR001C,0,-1.2158078,0.10419639945030212,0.8390804529190063,0.7213793396949768
YDR084C,YDL148C,0,-1.2158941,0.1041666641831398,0.8390804529190063,0.7216091752052307
YMR109W,YMR086W,0,-1.2160017,0.10413694381713867,0.8390804529190063,0.7218390703201294
YMR079W,YER120W,1,-1.216155,0.10439246892929077,0.8413792848587036,0.7218390703201294
YDL137W,YDR363W,0,-1.2161875,0.10436270385980606,0.8413792848587036,0.7220689654350281
YJL093C,YLR003C,0,-1.2162737,0.10433295369148254,0.8413792848587036,0.7222988605499268
YOR251C,YNL014W,0,-1.2165061,0.10430321842432022,0.8413792848587036,0.7225287556648254
YHR065C,YBR120C,0,-1.2167882,0.10427350550889969,0.8413792848587036,0.7227585911750793
YBR104W,YMR016C,0,-1.2172487,0.10424380749464035,0.8413792848587036,0.722988486289978
YBR037C,YJR034W,0,-1.2172533,0.1042141243815422,0.8413792848587036,0.7232183814048767
YER070W,YOR178C,0,-1.2172873,0.10418445616960526,0.8413792848587036,0.7234482765197754
YJL189W,YKR037C,0,-1.2174351,0.1041548103094101,0.8413792848587036,0.7236781716346741
YDL107W,YGR035C,0,-1.2176905,0.10412517935037613,0.8413792848587036,0.7239080667495728
YNR013C,YGR009C,0,-1.2177409,0.10409556329250336,0.8413792848587036,0.7241379022598267
YNL248C,YBR070C,0,-1.2178317,0.10406596213579178,0.8413792848587036,0.7243677973747253
YOR162C,YPL104W,0,-1.217907,0.10403638333082199,0.8413792848587036,0.724597692489624
YGR262C,YLR016C,0,-1.2181156,0.1040068194270134,0.8413792848587036,0.7248275876045227
YER078C,YNL073W,0,-1.2181807,0.103977270424366,0.8413792848587036,0.7250574827194214
YGL175C,YMR024W,0,-1.2184191,0.10394774377346039,0.8413792848587036,0.7252873778343201
YNL323W,YOR237W,1,-1.2195097,0.10420215874910355,0.8436781764030457,0.7252873778343201
YML065W,YJR015W,0,-1.2197638,0.10417257994413376,0.8436781764030457,0.725517213344574
YGL033W,YMR037C,0,-1.2199264,0.10414301604032516,0.8436781764030457,0.7257471084594727
YJL073W,YPR187W,0,-1.2199851,0.10411347448825836,0.8436781764030457,0.7259770035743713
YBR276C,YFL037W,0,-1.2208166,0.10408394783735275,0.8436781764030457,0.72620689868927
YDR051C,YKL188C,1,-1.2210288,0.10433796793222427,0.8459770083427429,0.72620689868927
YBR097W,YDR119W,0,-1.2211254,0.10430838912725449,0.8459770083427429,0.7264367938041687
YIL002C,YFR006W,0,-1.2215378,0.10427883267402649,0.8459770083427429,0.7266666889190674
YMR089C,YNL082W,0,-1.2216487,0.10424929112195969,0.8459770083427429,0.7268965244293213
YFL047W,YJL097W,0,-1.2218113,0.10421976447105408,0.8459770083427429,0.72712641954422
YGR239C,YGR154C,0,-1.2218655,0.10419026017189026,0.8459770083427429,0.7273563146591187
YOR145C,YOR301W,0,-1.2225542,0.10416077077388763,0.8459770083427429,0.7275862097740173
YDL092W,YPR065W,0,-1.223733,0.1041312962770462,0.8459770083427429,0.727816104888916
YJL166W,YLR064W,0,-1.224933,0.10410183668136597,0.8459770083427429,0.7280460000038147
YMR283C,YBR008C,0,-1.2251933,0.10407239943742752,0.8459770083427429,0.7282758355140686
YML087C,YKL061W,0,-1.2257566,0.10404297709465027,0.8459770083427429,0.7285057306289673
YPL023C,YCR071C,0,-1.2258136,0.10401356965303421,0.8459770083427429,0.728735625743866
YGL207W,YDL056W,0,-1.2260348,0.10398417711257935,0.8459770083427429,0.7289655208587646
YGR200C,YOL057W,0,-1.2268181,0.10395479947328568,0.8459770083427429,0.7291954159736633
YGL065C,YLR369W,0,-1.2270958,0.1039254441857338,0.8459770083427429,0.729425311088562
YKL157W,YJR082C,0,-1.227268,0.10389610379934311,0.8459770083427429,0.7296551465988159
YCL066W,YJL099W,0,-1.2274513,0.10386677831411362,0.8459770083427429,0.7298850417137146
YBL084C,YDR351W,0,-1.2285835,0.10383747518062592,0.8459770083427429,0.7301149368286133
YOR308C,YHR216W,0,-1.2285998,0.10380817949771881,0.8459770083427429,0.730344831943512
YKL119C,YGL183C,0,-1.2287935,0.1037789061665535,0.8459770083427429,0.7305747270584106
YNL339C,YLR147C,0,-1.2289505,0.10374964773654938,0.8459770083427429,0.7308046221733093
YOR295W,YGR038W,0,-1.2298331,0.10372040420770645,0.8459770083427429,0.7310344576835632
YDR088C,YKL112W,0,-1.2301921,0.10369118303060532,0.8459770083427429,0.7312643527984619
YGL008C,YBR135W,0,-1.2302144,0.10366196930408478,0.8459770083427429,0.7314942479133606
YLR009W,YDR164C,0,-1.2302468,0.10363277792930603,0.8459770083427429,0.7317241430282593
YLR362W,YPR021C,0,-1.2307856,0.10360360145568848,0.8459770083427429,0.731954038143158
YPR082C,YER146W,0,-1.2311394,0.10357444733381271,0.8459770083427429,0.7321839332580566
YLR291C,YFR046C,0,-1.2316778,0.10354530066251755,0.8459770083427429,0.7324137687683105
YER112W,YOL065C,0,-1.2317549,0.10351617634296417,0.8459770083427429,0.7326436638832092
YBR082C,YNL331C,0,-1.2324471,0.10348706692457199,0.8459770083427429,0.7328735589981079
YNL148C,YML077W,0,-1.2327871,0.103457972407341,0.8459770083427429,0.7331034541130066
YML001W,YMR052W,0,-1.2330319,0.10342889279127121,0.8459770083427429,0.7333333492279053
YER180C,YGL157W,0,-1.2331553,0.10339982807636261,0.8459770083427429,0.733563244342804
YJL124C,YOR196C,0,-1.2333899,0.1033707857131958,0.8459770083427429,0.7337930798530579
YLR370C,YOR057W,0,-1.233478,0.10334175825119019,0.8459770083427429,0.7340229749679565
YDR331W,YNL166C,0,-1.2335072,0.10331274569034576,0.8459770083427429,0.7342528700828552
YPR009W,YBL020W,1,-1.2336214,0.10356441140174866,0.8482758402824402,0.7342528700828552
YPL094C,YOR138C,0,-1.2343155,0.10353535413742065,0.8482758402824402,0.7344827651977539
YLR405W,YNL169C,0,-1.2345991,0.10350631177425385,0.8482758402824402,0.7347126603126526
YOR202W,YNR012W,0,-1.2350738,0.10347728431224823,0.8482758402824402,0.7349425554275513
YNL311C,YLR305C,0,-1.2352685,0.1034482792019844,0.8482758402824402,0.7351723909378052
YDR461W,YER065C,0,-1.236144,0.10341928154230118,0.8482758402824402,0.7354022860527039
YCL014W,YGR278W,0,-1.2362809,0.10339030623435974,0.8482758402824402,0.7356321811676025
YPR056W,YPL020C,0,-1.237845,0.1033613458275795,0.8482758402824402,0.7358620762825012
YJL198W,YER087C-B,0,-1.2380284,0.10333240032196045,0.8482758402824402,0.7360919713973999
YMR019W,YKL156W,0,-1.2380443,0.1033034697175026,0.8482758402824402,0.7363218665122986
YMR058W,YGR013W,0,-1.2381448,0.10327456146478653,0.8482758402824402,0.7365517020225525
YGL237C,YIL122W,0,-1.2381814,0.10324566066265106,0.8482758402824402,0.7367815971374512
YJR134C,YDR248C,0,-1.2390971,0.10321678221225739,0.8482758402824402,0.7370114922523499
YPR119W,YDR320C,0,-1.2392253,0.1031879186630249,0.8482758402824402,0.7372413873672485
YOR003W,YDL147W,0,-1.2394952,0.10315907001495361,0.8482758402824402,0.7374712824821472
YMR109W,YBL016W,0,-1.239714,0.10313024371862411,0.8482758402824402,0.7377011775970459
YLR034C,YDR195W,0,-1.239754,0.10310142487287521,0.8482758402824402,0.7379310131072998
YDR307W,YBR059C,0,-1.2403286,0.1030726283788681,0.8482758402824402,0.7381609082221985
YMR056C,YJL149W,0,-1.2404586,0.10304383933544159,0.8482758402824402,0.7383908033370972
YCL004W,YDR022C,0,-1.2409225,0.10301507264375687,0.8482758402824402,0.7386206984519958
YDR540C,YGR086C,0,-1.2420809,0.10298632085323334,0.8482758402824402,0.7388505935668945
YOL148C,YDR380W,0,-1.2422476,0.1029575914144516,0.8482758402824402,0.7390804886817932
YDL204W,YOR155C,0,-1.2425208,0.10292886942625046,0.8482758402824402,0.7393103241920471
YPR145W,YHR039C,0,-1.2431369,0.10290016978979111,0.8482758402824402,0.7395402193069458
YIL127C,YOR133W,0,-1.2432218,0.10287147760391235,0.8482758402824402,0.7397701144218445
YMR246W,YOR237W,1,-1.2439188,0.10312151908874512,0.8505747318267822,0.7397701144218445
YBR145W,YCR102C,0,-1.2441397,0.10309278219938278,0.8505747318267822,0.7400000095367432
YOL031C,YGR154C,0,-1.2444507,0.10306406766176224,0.8505747318267822,0.7402299046516418
YAL061W,YPL134C,0,-1.245011,0.10303536802530289,0.8505747318267822,0.7404597997665405
YGL158W,YOR017W,0,-1.2451609,0.10300668329000473,0.8505747318267822,0.7406896352767944
YKL086W,YLR130C,0,-1.2452027,0.10297801345586777,0.8505747318267822,0.7409195303916931
YJL082W,YLR165C,0,-1.2460797,0.102949358522892,0.8505747318267822,0.7411494255065918
YAL013W,YGL065C,0,-1.2465954,0.10292072594165802,0.8505747318267822,0.7413793206214905
YDR051C,YCR094W,1,-1.2467792,0.10317018628120422,0.8528735637664795,0.7413793206214905
YIR025W,YBR010W,0,-1.2469826,0.10314150899648666,0.8528735637664795,0.7416092157363892
YHR168W,YER048W-A,0,-1.2472062,0.1031128391623497,0.8528735637664795,0.7418390512466431
YHR207C,YOR077W,0,-1.2474113,0.10308419167995453,0.8528735637664795,0.7420689463615417
YJR139C,YDR324C,0,-1.2482893,0.10305555909872055,0.8528735637664795,0.7422988414764404
YGR020C,YMR038C,0,-1.2487454,0.10302693396806717,0.8528735637664795,0.7425287365913391
YFL041W,YGR251W,0,-1.2512009,0.10299833118915558,0.8528735637664795,0.7427586317062378
YML022W,YHR023W,0,-1.2512062,0.10296975076198578,0.8528735637664795,0.7429885268211365
YHR183W,YJL140W,0,-1.2512816,0.10294117778539658,0.8528735637664795,0.7432183623313904
YLR029C,YGL094C,0,-1.2513373,0.10291261970996857,0.8528735637664795,0.7434482574462891
YHR058C,YKL116C,0,-1.2515697,0.10288408398628235,0.8528735637664795,0.7436781525611877
YPR163C,YDR118W,0,-1.2520009,0.10285555571317673,0.8528735637664795,0.7439080476760864
YGR274C,YML018C,0,-1.2530018,0.1028270497918129,0.8528735637664795,0.7441379427909851
YLR188W,YHR166C,0,-1.2531493,0.10279855877161026,0.8528735637664795,0.7443678379058838
YGR159C,YOR061W,0,-1.2534745,0.10277008265256882,0.8528735637664795,0.7445976734161377
YOR198C,YNL262W,0,-1.2534759,0.10274162143468857,0.8528735637664795,0.7448275685310364
YPL026C,YDR014W,0,-1.2535278,0.10271317511796951,0.8528735637664795,0.7450574636459351
YJR060W,YIR002C,0,-1.2540534,0.10268475115299225,0.8528735637664795,0.7452873587608337
YKL018W,YGR098C,0,-1.2544936,0.10265633463859558,0.8528735637664795,0.7455172538757324
YBR133C,YPL255W,0,-1.2546045,0.1026279404759407,0.8528735637664795,0.7457471489906311
YOR115C,YJL136C,0,-1.2547055,0.10259956121444702,0.8528735637664795,0.745976984500885
YPL187W,YFL055W,0,-1.2550046,0.10257118940353394,0.8528735637664795,0.7462068796157837
YJL004C,YMR134W,0,-1.2550757,0.10254283994436264,0.8528735637664795,0.7464367747306824
YNL047C,YER115C,0,-1.2553763,0.10251450538635254,0.8528735637664795,0.746666669845581
YNL272C,YDR255C,0,-1.2558954,0.10248618572950363,0.8528735637664795,0.7468965649604797
YDL056W,YKR081C,0,-1.2559079,0.10245788097381592,0.8528735637664795,0.7471264600753784
YGR279C,YDL192W,0,-1.2560744,0.10242959856987,0.8528735637664795,0.7473562955856323
YPL151C,YPL240C,0,-1.2563889,0.10240132361650467,0.8528735637664795,0.747586190700531
YGR281W,YPL123C,0,-1.2564054,0.10237307101488113,0.8528735637664795,0.7478160858154297
YDL168W,YDL155W,0,-1.256643,0.1023448258638382,0.8528735637664795,0.7480459809303284
YJR021C,YFR046C,0,-1.2582695,0.10231660306453705,0.8528735637664795,0.748275876045227
YIR038C,YML118W,0,-1.2590351,0.1022883951663971,0.8528735637664795,0.7485057711601257
YIR011C,YOL004W,0,-1.2591686,0.10226020216941833,0.8528735637664795,0.7487356066703796
YAL047C,YML066C,0,-1.2597282,0.10223201662302017,0.8528735637664795,0.7489655017852783
YBR230C,YDR031W,0,-1.2599274,0.1022038534283638,0.8528735637664795,0.749195396900177
YDR279W,YBR070C,0,-1.2600086,0.10217571258544922,0.8528735637664795,0.7494252920150757
YGR171C,YBR291C,0,-1.2601229,0.10214757919311523,0.8528735637664795,0.7496551871299744
YNL050C,YGR002C,0,-1.260165,0.10211946070194244,0.8528735637664795,0.749885082244873
YGR089W,YOR384W,0,-1.2607405,0.10209135711193085,0.8528735637664795,0.750114917755127
YDR191W,YLR355C,0,-1.2610043,0.10206327587366104,0.8528735637664795,0.7503448128700256
YLR380W,YNL264C,1,-1.2611499,0.10231023281812668,0.8551723957061768,0.7503448128700256
YFR036W,YAR018C,0,-1.2611835,0.1022820994257927,0.8551723957061768,0.7505747079849243
YNL061W,YIL126W,0,-1.2618098,0.1022539883852005,0.8551723957061768,0.750804603099823
YGL162W,YLR242C,1,-1.2619292,0.10250068455934525,0.8574712872505188,0.750804603099823
YOL031C,YHL013C,0,-1.2623724,0.10247252881526947,0.8574712872505188,0.7510344982147217
YNR036C,YGR071C,0,-1.2625339,0.10244438052177429,0.8574712872505188,0.7512643933296204
YML072C,YKR086W,0,-1.263184,0.1024162545800209,0.8574712872505188,0.7514942288398743
YCL032W,YOR304C-A,0,-1.2635627,0.10238814353942871,0.8574712872505188,0.751724123954773
YBL034C,YLR208W,0,-1.2635826,0.10236004739999771,0.8574712872505188,0.7519540190696716
YDR400W,YNL035C,0,-1.2639835,0.10233195871114731,0.8574712872505188,0.7521839141845703
YGL175C,YGL179C,0,-1.2642782,0.1023038923740387,0.8574712872505188,0.752413809299469
YNR060W,YMR250W,0,-1.264632,0.10227584093809128,0.8574712872505188,0.7526437044143677
YOR261C,YDL122W,0,-1.266027,0.10224780440330505,0.8574712872505188,0.7528735399246216
YKL208W,YNL326C,0,-1.266325,0.10221978276968002,0.8574712872505188,0.7531034350395203
YDR354W,YER118C,0,-1.2664495,0.10219178348779678,0.8574712872505188,0.753333330154419
YMR135C,YDL060W,0,-1.2671766,0.10216379165649414,0.8574712872505188,0.7535632252693176
YBR092C,YNL230C,0,-1.2672913,0.10213581472635269,0.8574712872505188,0.7537931203842163
YAL029C,YLL043W,0,-1.2680525,0.10210786014795303,0.8574712872505188,0.754023015499115
YOL151W,YBR035C,0,-1.2685345,0.10207991302013397,0.8574712872505188,0.7542528510093689
YLR097C,YDR123C,0,-1.2687347,0.1020519807934761,0.8574712872505188,0.7544827461242676
YIL108W,YML070W,0,-1.2688897,0.10202407091856003,0.8574712872505188,0.7547126412391663
YGL136C,YHR196W,0,-1.2690104,0.10199616849422455,0.8574712872505188,0.7549425363540649
YFR009W,YFR044C,0,-1.2690433,0.10196828842163086,0.8574712872505188,0.7551724314689636
YPR032W,YKR044W,0,-1.2695777,0.10194042325019836,0.8574712872505188,0.7554023265838623
YOR275C,YOR044W,0,-1.2700826,0.10191256552934647,0.8574712872505188,0.7556321620941162
YPR168W,YHR206W,0,-1.2702557,0.10188473016023636,0.8574712872505188,0.7558620572090149
YGL183C,YBR243C,0,-1.2714123,0.10185690969228745,0.8574712872505188,0.7560919523239136
YPR047W,YOL008W,0,-1.2714803,0.10182910412549973,0.8574712872505188,0.7563218474388123
YML130C,YLR423C,0,-1.2714894,0.1018013134598732,0.8574712872505188,0.7565517425537109
YDL024C,YEL038W,0,-1.2717861,0.10177353024482727,0.8574712872505188,0.7567816376686096
YKL171W,YMR287C,0,-1.2718991,0.10174576938152313,0.8574712872505188,0.7570114731788635
YOR033C,YNL169C,0,-1.2724376,0.10171802341938019,0.8574712872505188,0.7572413682937622
YIL002C,YOR067C,0,-1.273106,0.10169029235839844,0.8574712872505188,0.7574712634086609
YIL021W,YLR385C,0,-1.2737231,0.10166257619857788,0.8574712872505188,0.7577011585235596
YDL214C,YJL137C,0,-1.2742534,0.10163487493991852,0.8574712872505188,0.7579310536384583
YGL175C,YOL112W,0,-1.2743449,0.10160718858242035,0.8574712872505188,0.7581609487533569
YLR240W,YDR184C,0,-1.2744598,0.10157951712608337,0.8574712872505188,0.7583907842636108
YNR047W,YOR237W,1,-1.2744688,0.10182411968708038,0.8597701191902161,0.7583907842636108
YPL131W,YOR315W,0,-1.2745607,0.10179640352725983,0.8597701191902161,0.7586206793785095
YDR197W,YFR031C,0,-1.2745643,0.10176870971918106,0.8597701191902161,0.7588505744934082
YGR145W,YJR013W,0,-1.2747387,0.10174102336168289,0.8597701191902161,0.7590804696083069
YPL256C,YJR091C,0,-1.2753618,0.10171335190534592,0.8597701191902161,0.7593103647232056
YDL017W,YKL071W,0,-1.2763833,0.10168569535017014,0.8597701191902161,0.7595402002334595
YDR454C,YPL252C,0,-1.2768145,0.10165806114673615,0.8597701191902161,0.7597700953483582
YBR074W,YNL220W,0,-1.2777357,0.10163043439388275,0.8597701191902161,0.7599999904632568
YCR093W,YMR302C,0,-1.2781951,0.10160282254219055,0.8597701191902161,0.7602298855781555
YDL120W,YDR363W,0,-1.2788054,0.10157523304224014,0.8597701191902161,0.7604597806930542
YNL213C,YLR126C,0,-1.2788359,0.10154765099287033,0.8597701191902161,0.7606896758079529
YJR137C,YHR117W,0,-1.2791297,0.10152008384466171,0.8597701191902161,0.7609195113182068
YDR093W,YOR237W,1,-1.2805622,0.10176390409469604,0.8620689511299133,0.7609195113182068
YKL003C,YGL181W,0,-1.2808706,0.10173629969358444,0.8620689511299133,0.7611494064331055
YBR055C,YOL056W,0,-1.2811418,0.10170870274305344,0.8620689511299133,0.7613793015480042
YLR096W,YOR278W,0,-1.2815075,0.10168112814426422,0.8620689511299133,0.7616091966629028
YNR008W,YNR020C,0,-1.2823642,0.1016535609960556,0.8620689511299133,0.7618390917778015
YDR488C,YDR346C,0,-1.2828093,0.10162601619958878,0.8620689511299133,0.7620689868927002
YKL127W,YAR071W,0,-1.2831411,0.10159848630428314,0.8620689511299133,0.7622988224029541
YLR109W,YGR104C,0,-1.283457,0.1015709638595581,0.8620689511299133,0.7625287175178528
YCR094W,YNL323W,1,-1.2840569,0.10181424021720886,0.8643678426742554,0.7625287175178528
YNL339C,YNL289W,0,-1.2846813,0.10178668051958084,0.8643678426742554,0.7627586126327515
YIL072W,YGL174W,0,-1.285237,0.10175913572311401,0.8643678426742554,0.7629885077476501
YGR200C,YAL009W,0,-1.2860956,0.10173159837722778,0.8643678426742554,0.7632184028625488
YHR153C,YNL220W,0,-1.2864786,0.10170408338308334,0.8643678426742554,0.7634482979774475
YPL159C,YPL192C,0,-1.2870924,0.1016765832901001,0.8643678426742554,0.7636781334877014
YLR013W,YOL065C,0,-1.2882643,0.10164909064769745,0.8643678426742554,0.7639080286026001
YOR308C,YOL100W,0,-1.2901797,0.10162162035703659,0.8643678426742554,0.7641379237174988
YDR169C,YHR013C,0,-1.2903368,0.10159416496753693,0.8643678426742554,0.7643678188323975
YMR289W,YGR271C-A,0,-1.2904061,0.10156671702861786,0.8643678426742554,0.7645977139472961
YCR094W,YOR237W,1,-1.2905561,0.10180934518575668,0.8666666746139526,0.7645977139472961
YOR324C,YPL046C,0,-1.2920587,0.10178185999393463,0.8666666746139526,0.7648276090621948
YPL180W,YIL080W,0,-1.292456,0.10175438225269318,0.8666666746139526,0.7650574445724487
YGL100W,YDL061C,0,-1.2929871,0.10172692686319351,0.8666666746139526,0.7652873396873474
YDR443C,YLR028C,0,-1.2933676,0.10169948637485504,0.8666666746139526,0.7655172348022461
YPL051W,YIL016W,0,-1.2934563,0.10167206078767776,0.8666666746139526,0.7657471299171448
YLR291C,YNL329C,0,-1.2936422,0.10164465010166168,0.8666666746139526,0.7659770250320435
YJR033C,YNL292W,0,-1.2938284,0.1016172543168068,0.8666666746139526,0.7662069201469421
YDR311W,YDR402C,0,-1.2939442,0.1015898659825325,0.8666666746139526,0.766436755657196
YKR003W,YOR237W,1,-1.2941347,0.10183189809322357,0.8689655065536499,0.766436755657196
YDL103C,YOR313C,0,-1.2941782,0.1018044725060463,0.8689655065536499,0.7666666507720947
YHR102W,YMR283C,0,-1.2944453,0.10177706182003021,0.8689655065536499,0.7668965458869934
YBR199W,YKL082C,0,-1.2949378,0.10174966603517532,0.8689655065536499,0.7671264410018921
YBL039C,YBR150C,0,-1.2951374,0.10172228515148163,0.8689655065536499,0.7673563361167908
YLR425W,YOR037W,0,-1.2954254,0.10169491171836853,0.8689655065536499,0.7675862312316895
YFL024C,YDR534C,0,-1.2955307,0.10166756063699722,0.8689655065536499,0.7678160667419434
YPL123C,YDR394W,0,-1.2955697,0.10164022445678711,0.8689655065536499,0.768045961856842
YBL097W,YJL085W,0,-1.2965896,0.10161290317773819,0.8689655065536499,0.7682758569717407
YFR036W,YMR184W,0,-1.2966721,0.10158559679985046,0.8689655065536499,0.7685057520866394
YLL042C,YGR271W,0,-1.2971542,0.10155830532312393,0.8689655065536499,0.7687356472015381
YOL094C,YGR183C,0,-1.2976922,0.101531021296978,0.8689655065536499,0.7689655423164368
YER027C,YLR238W,0,-1.297821,0.10150375962257385,0.8689655065536499,0.7691953778266907
YML010W,YHR050W,0,-1.2990191,0.1014765128493309,0.8689655065536499,0.7694252729415894
YGR026W,YNL099C,0,-1.2991118,0.10144927352666855,0.8689655065536499,0.769655168056488
YOR179C,YFL010W-A,0,-1.2998122,0.10142205655574799,0.8689655065536499,0.7698850631713867
YNL126W,YHR005C-A,0,-1.2998396,0.10139484703540802,0.8689655065536499,0.7701149582862854
YGR002C,YKR046C,0,-1.3000729,0.10136765986680984,0.8689655065536499,0.7703448534011841
YPL038W,YJL041W,0,-1.300076,0.10134048014879227,0.8689655065536499,0.770574688911438
YHR023W,YKL148C,0,-1.3001566,0.10131332278251648,0.8689655065536499,0.7708045840263367
YGR133W,YOR229W,0,-1.3003188,0.10128617286682129,0.8689655065536499,0.7710344791412354
YDR060W,YJR094W-A,0,-1.3006468,0.10125903785228729,0.8689655065536499,0.771264374256134
YGL184C,YNL116W,0,-1.3009017,0.10123192518949509,0.8689655065536499,0.7714942693710327
YGR027C,YOL109W,0,-1.3009244,0.10120481997728348,0.8689655065536499,0.7717241644859314
YPR024W,YJR010C-A,0,-1.3012562,0.10117772966623306,0.8689655065536499,0.7719539999961853
YIL131C,YIL168W,0,-1.3017392,0.10115065425634384,0.8689655065536499,0.772183895111084
YNL058C,YEL060C,0,-1.302013,0.10112359374761581,0.8689655065536499,0.7724137902259827
YHR099W,YFR007W,0,-1.3021865,0.10109654814004898,0.8689655065536499,0.7726436853408813
YDR252W,YDR158W,0,-1.3038286,0.10106951743364334,0.8689655065536499,0.77287358045578
YML058W-A,YPR167C,0,-1.3038431,0.1010425016283989,0.8689655065536499,0.7731034755706787
YOR226C,YKL168C,0,-1.3041352,0.10101550072431564,0.8689655065536499,0.7733333110809326
YNL153C,YNL178W,0,-1.3044162,0.10098851472139359,0.8689655065536499,0.7735632061958313
YIL048W,YBL020W,1,-1.3052636,0.10122863203287125,0.8712643384933472,0.7735632061958313
YMR221C,YDR222W,0,-1.3070318,0.1012016013264656,0.8712643384933472,0.77379310131073
YDR097C,YOR094W,0,-1.3070788,0.10117458552122116,0.8712643384933472,0.7740229964256287
YFR005C,YPR190C,0,-1.3072009,0.10114758461713791,0.8712643384933472,0.7742528915405273
YFR005C,YNL166C,0,-1.3077034,0.10112059861421585,0.8712643384933472,0.774482786655426
YBL009W,YBL017C,0,-1.307714,0.10109362751245499,0.8712643384933472,0.7747126221656799
YBR182C,YCL036W,0,-1.3077793,0.10106666386127472,0.8712643384933472,0.7749425172805786
YGR001C,YNR012W,0,-1.307833,0.10103972256183624,0.8712643384933472,0.7751724123954773
YFL009W,YGL099W,0,-1.3078825,0.10101279616355896,0.8712643384933472,0.775402307510376
YDR312W,YMR026C,0,-1.3080633,0.10098587721586227,0.8712643384933472,0.7756322026252747
YHR129C,YLR237W,0,-1.3083507,0.10095898061990738,0.8712643384933472,0.7758620977401733
YCL069W,YLR310C,0,-1.3083909,0.10093209147453308,0.8712643384933472,0.7760919332504272
YLR105C,YKL183W,0,-1.3085144,0.10090521723031998,0.8712643384933472,0.7763218283653259
YMR213W,YLR376C,0,-1.3109143,0.10087835788726807,0.8712643384933472,0.7765517234802246
YMR113W,YPR118W,0,-1.3109725,0.10085151344537735,0.8712643384933472,0.7767816185951233
YJR110W,YPL072W,0,-1.3118377,0.10082468390464783,0.8712643384933472,0.777011513710022
YMR235C,YIL026C,0,-1.3137739,0.1007978692650795,0.8712643384933472,0.7772414088249207
YGR090W,YGR252W,0,-1.3143973,0.10077106952667236,0.8712643384933472,0.7774712443351746
YOR388C,YPR111W,0,-1.3149112,0.10074428468942642,0.8712643384933472,0.7777011394500732
YIL048W,YPR009W,1,-1.3150908,0.10098325461149216,0.8735632300376892,0.7777011394500732
YLR145W,YOR085W,0,-1.3152764,0.10095643252134323,0.8735632300376892,0.7779310345649719
YIL080W,YDR400W,0,-1.3154478,0.1009296178817749,0.8735632300376892,0.7781609296798706
YMR311C,YNL075W,0,-1.3161224,0.10090281814336777,0.8735632300376892,0.7783908247947693
YMR311C,YOL115W,0,-1.3166357,0.10087602585554123,0.8735632300376892,0.7786206603050232
YER046W,YBR258C,0,-1.3166544,0.10084925591945648,0.8735632300376892,0.7788505554199219
YOR063W,YKR048C,0,-1.3167262,0.10082250088453293,0.8735632300376892,0.7790804505348206
YIL159W,YPR194C,0,-1.3171942,0.10079575330018997,0.8735632300376892,0.7793103456497192
YJR075W,YDL047W,0,-1.317944,0.1007690280675888,0.8735632300376892,0.7795402407646179
YDL225W,YJL194W,0,-1.3182087,0.10074231028556824,0.8735632300376892,0.7797701358795166
YNL323W,YNL264C,1,-1.3186582,0.10098065435886383,0.8758620619773865,0.7797701358795166
YDR501W,YAL016W,0,-1.319,0.10095389187335968,0.8758620619773865,0.7799999713897705
YKR086W,YDL142C,0,-1.3193448,0.10092715173959732,0.8758620619773865,0.7802298665046692
YDR051C,YNL231C,1,-1.3194467,0.10116525739431381,0.8781608939170837,0.7802298665046692
YJR134C,YAL053W,0,-1.3195158,0.10113847255706787,0.8781608939170837,0.7804597616195679
YBR275C,YKR050W,0,-1.3199838,0.10111170262098312,0.8781608939170837,0.7806896567344666
YKL008C,YNL197C,0,-1.3200313,0.10108494013547897,0.8781608939170837,0.7809195518493652
YOL112W,YPR018W,0,-1.3203495,0.10105820000171661,0.8781608939170837,0.7811494469642639
YMR077C,YDR318W,0,-1.3211709,0.10103147476911545,0.8781608939170837,0.7813792824745178
YHR027C,YDR146C,0,-1.3221868,0.10100475698709488,0.8781608939170837,0.7816091775894165
YOR221C,YMR277W,0,-1.3222404,0.1009780615568161,0.8781608939170837,0.7818390727043152
YIL016W,YGL059W,0,-1.3223944,0.10095137357711792,0.8781608939170837,0.7820689678192139
YOL052C,YLR145W,0,-1.3228606,0.10092470049858093,0.8781608939170837,0.7822988629341125
YGR034W,YLL011W,0,-1.3229125,0.10089804232120514,0.8781608939170837,0.7825287580490112
YGR087C,YDR222W,0,-1.3229475,0.10087139904499054,0.8781608939170837,0.7827585935592651
YMR058W,YEL004W,0,-1.3231908,0.10084477066993713,0.8781608939170837,0.7829884886741638
YKL188C,YMR162C,1,-1.3232459,0.10108207911252975,0.8804597854614258,0.7829884886741638
YNR043W,YIL091C,0,-1.3241466,0.10105540603399277,0.8804597854614258,0.7832183837890625
YER001W,YOL128C,0,-1.3246694,0.10102875530719757,0.8804597854614258,0.7834482789039612
YOL088C,YNL113W,0,-1.3250703,0.10100211203098297,0.8804597854614258,0.7836781740188599
YGR209C,YAL024C,0,-1.3262856,0.10097548365592957,0.8804597854614258,0.7839080691337585
YGL162W,YGR037C,1,-1.3262995,0.10121244192123413,0.882758617401123,0.7839080691337585
YJL184W,YLR216C,0,-1.3263721,0.10118576884269714,0.882758617401123,0.7841379046440125
YOR168W,YBR202W,0,-1.3271711,0.10115911811590195,0.882758617401123,0.7843677997589111
YMR211W,YHR134W,0,-1.3278325,0.10113247483968735,0.882758617401123,0.7845976948738098
YBR077C,YMR049C,0,-1.3298539,0.10110584646463394,0.882758617401123,0.7848275899887085
YOR243C,YJL092W,0,-1.3302656,0.10107923299074173,0.882758617401123,0.7850574851036072
YGL004C,YJL024C,0,-1.3309401,0.10105263441801071,0.882758617401123,0.7852873802185059
YBR048W,YDR107C,0,-1.3341017,0.10102604329586029,0.882758617401123,0.7855172157287598
YLR459W,YOL124C,0,-1.334694,0.10099947452545166,0.882758617401123,0.7857471108436584
YOL151W,YOR211C,0,-1.3348584,0.10097291320562363,0.882758617401123,0.7859770059585571
YGL162W,YNL323W,1,-1.3351879,0.10120925307273865,0.8850574493408203,0.7859770059585571
YJR110W,YML121W,0,-1.3353182,0.10118265450000763,0.8850574493408203,0.7862069010734558
YOR120W,YBL054W,0,-1.3356823,0.1011560708284378,0.8850574493408203,0.7864367961883545
YKR028W,YLR126C,0,-1.3362418,0.10112949460744858,0.8850574493408203,0.7866666913032532
YNL067W,YNR036C,0,-1.3372803,0.10110294073820114,0.8850574493408203,0.7868965268135071
YER058W,YBL089W,0,-1.3373839,0.1010763943195343,0.8850574493408203,0.7871264219284058
YLR096W,YOR288C,0,-1.3382167,0.10104987025260925,0.8850574493408203,0.7873563170433044
YIL132C,YNL259C,0,-1.3383886,0.1010233536362648,0.8850574493408203,0.7875862121582031
YKL216W,YOL128C,0,-1.3392692,0.10099685192108154,0.8850574493408203,0.7878161072731018
YER113C,YHR147C,0,-1.3396935,0.10097036510705948,0.8850574493408203,0.7880460023880005
YCR094W,YLR242C,1,-1.339997,0.10120608657598495,0.8873563408851624,0.7880460023880005
YHR091C,YJR135C,0,-1.3404574,0.10117955505847931,0.8873563408851624,0.7882758378982544
YBR161W,YGR278W,0,-1.3405387,0.10115303844213486,0.8873563408851624,0.7885057330131531
YPL060W,YOR046C,0,-1.341501,0.1011265367269516,0.8873563408851624,0.7887356281280518
YHR209W,YLR024C,0,-1.3421706,0.10110004991292953,0.8873563408851624,0.7889655232429504
YMR162C,YDR093W,1,-1.3422319,0.10133542865514755,0.8896551728248596,0.7889655232429504
YHL001W,YMR024W,0,-1.3423412,0.1013088971376419,0.8896551728248596,0.7891954183578491
YCL027W,YGR133W,0,-1.3434573,0.10128238797187805,0.8896551728248596,0.7894253134727478
YMR238W,YGR001C,0,-1.3448052,0.1012558862566948,0.8896551728248596,0.7896551489830017
YBR175W,YER104W,0,-1.3453039,0.10122939944267273,0.8896551728248596,0.7898850440979004
YCR011C,YDL142C,0,-1.345815,0.10120292752981186,0.8896551728248596,0.7901149392127991
YLR276C,YPL149W,0,-1.3459189,0.10117647051811218,0.8896551728248596,0.7903448343276978
YOR206W,YHL040C,0,-1.3465139,0.1011500284075737,0.8896551728248596,0.7905747294425964
YPL283C,YGL201C,0,-1.3475612,0.10112359374761581,0.8896551728248596,0.7908046245574951
YDL017W,YER161C,0,-1.3477491,0.10109718143939972,0.8896551728248596,0.791034460067749
YMR271C,YOR044W,0,-1.3478669,0.10107077658176422,0.8896551728248596,0.7912643551826477
YJR005W,YKL117W,0,-1.3490489,0.10104438662528992,0.8896551728248596,0.7914942502975464
YER140W,YDR279W,0,-1.3496174,0.1010180115699768,0.8896551728248596,0.7917241454124451
YLR272C,YIL088C,0,-1.3496997,0.10099165141582489,0.8896551728248596,0.7919540405273438
YLR032W,YEL059C-A,0,-1.3497676,0.10096529871225357,0.8896551728248596,0.7921839356422424
YPR094W,YFL044C,0,-1.3509474,0.10093896836042404,0.8896551728248596,0.7924137711524963
YNL050C,YGR218W,0,-1.3514091,0.10091264545917511,0.8896551728248596,0.792643666267395
YDR088C,YLR376C,0,-1.3515234,0.10088633745908737,0.8896551728248596,0.7928735613822937
YIL125W,YOR356W,0,-1.352376,0.10086004436016083,0.8896551728248596,0.7931034564971924
YIL048W,YMR079W,1,-1.3544027,0.1010943204164505,0.8919540047645569,0.7931034564971924
YHR003C,YGR159C,0,-1.3544054,0.10106799006462097,0.8919540047645569,0.7933333516120911
YNL290W,YGR144W,0,-1.3547654,0.10104166716337204,0.8919540047645569,0.7935632467269897
YFL029C,YHR084W,0,-1.3552288,0.1010153591632843,0.8919540047645569,0.7937930822372437
YMR162C,YBL020W,1,-1.3557862,0.10124935209751129,0.8942528963088989,0.7937930822372437
YIL002C,YGR262C,0,-1.3560079,0.10122299939393997,0.8942528963088989,0.7940229773521423
YNL316C,YOR304C-A,0,-1.3574963,0.10119666904211044,0.8942528963088989,0.794252872467041
YPL256C,YLR172C,0,-1.3580496,0.10117035359144211,0.8942528963088989,0.7944827675819397
YLR306W,YMR061W,0,-1.3583579,0.10114404559135437,0.8942528963088989,0.7947126626968384
YGR288W,YOL041C,0,-1.3587856,0.10111775249242783,0.8942528963088989,0.7949425578117371
YGL210W,YDR404C,0,-1.3597517,0.10109147429466248,0.8942528963088989,0.795172393321991
YOR167C,YOR098C,0,-1.3602996,0.10106521099805832,0.8942528963088989,0.7954022884368896
YIL085C,YOR301W,0,-1.3614488,0.10103896260261536,0.8942528963088989,0.7956321835517883
YFL024C,YGL222C,0,-1.3617795,0.10101272165775299,0.8942528963088989,0.795862078666687
YDR533C,YBR019C,0,-1.362098,0.10098650306463242,0.8942528963088989,0.7960919737815857
YDR143C,YOR279C,0,-1.3624154,0.10096029192209244,0.8942528963088989,0.7963218092918396
YPL147W,YPR009W,1,-1.3627522,0.10119356215000153,0.8965517282485962,0.7963218092918396
YNL136W,YNL135C,0,-1.3637906,0.10116731375455856,0.8965517282485962,0.7965517044067383
YLL012W,YNR067C,0,-1.3640487,0.1011410802602768,0.8965517282485962,0.796781599521637
YNL261W,YKL055C,0,-1.3641564,0.10111485421657562,0.8965517282485962,0.7970114946365356
YDR331W,YML027W,0,-1.3641667,0.10108865052461624,0.8965517282485962,0.7972413897514343
YKL137W,YKL203C,0,-1.3651426,0.10106245428323746,0.8965517282485962,0.797471284866333
YDR231C,YMR160W,0,-1.3654242,0.10103627294301987,0.8965517282485962,0.7977011203765869
YCL030C,YGR261C,0,-1.3654779,0.10101009905338287,0.8965517282485962,0.7979310154914856
YGL011C,YKR060W,0,-1.3655195,0.10098394751548767,0.8965517282485962,0.7981609106063843
YNL321W,YGR239C,0,-1.3661067,0.10095780342817307,0.8965517282485962,0.798390805721283
YMR208W,YKL092C,0,-1.3663702,0.10093167424201965,0.8965517282485962,0.7986207008361816
YGL155W,YJR077C,0,-1.3675857,0.10090555995702744,0.8965517282485962,0.7988505959510803
YGR249W,YGR143W,0,-1.367624,0.10087946057319641,0.8965517282485962,0.7990804314613342
YGR194C,YHR034C,0,-1.3677905,0.10085337609052658,0.8965517282485962,0.7993103265762329
YDR088C,YER183C,0,-1.3680055,0.10082729905843735,0.8965517282485962,0.7995402216911316
YNL136W,YNR031C,0,-1.3686265,0.10080123692750931,0.8965517282485962,0.7997701168060303
YOR206W,YJL112W,0,-1.3690451,0.10077519714832306,0.8965517282485962,0.800000011920929
YKL216W,YHR121W,0,-1.3697579,0.10074915736913681,0.8965517282485962,0.8002299070358276
YDR263C,YAL055W,0,-1.3698673,0.10072313994169235,0.8965517282485962,0.8004597425460815
YPL270W,YOR056C,0,-1.369898,0.10069713741540909,0.8965517282485962,0.8006896376609802
YCL036W,YDR247W,0,-1.3701477,0.10067114233970642,0.8965517282485962,0.8009195327758789
YGL062W,YLL042C,0,-1.371749,0.10064516216516495,0.8965517282485962,0.8011494278907776
YGL003C,YOL016C,0,-1.3717983,0.10061919689178467,0.8965517282485962,0.8013793230056763
YGL236C,YJL092W,0,-1.3738117,0.10059323906898499,0.8965517282485962,0.801609218120575
YCR046C,YHR062C,0,-1.373953,0.1005673035979271,0.8965517282485962,0.8018390536308289
YPR163C,YPR186C,0,-1.3745444,0.1005413755774498,0.8965517282485962,0.8020689487457275
YGR159C,YDL227C,0,-1.3750244,0.1005154624581337,0.8965517282485962,0.8022988438606262
YGR108W,YOL128C,0,-1.3750999,0.10048956423997879,0.8965517282485962,0.8025287389755249
YOR190W,YKL082C,0,-1.3759731,0.10046368092298508,0.8965517282485962,0.8027586340904236
YDR097C,YIL094C,0,-1.3759813,0.10043780505657196,0.8965517282485962,0.8029885292053223
YEL031W,YNL128W,0,-1.3765647,0.10041194409132004,0.8965517282485962,0.8032183647155762
YPL029W,YKL034W,0,-1.377442,0.10038609802722931,0.8965517282485962,0.8034482598304749
YKR059W,YOR056C,0,-1.3783442,0.10036026686429977,0.8965517282485962,0.8036781549453735
YJL008C,YLR035C,0,-1.3788478,0.10033445060253143,0.8965517282485962,0.8039080500602722
YNL223W,YKR035W-A,0,-1.3792169,0.10030864179134369,0.8965517282485962,0.8041379451751709
YDR051C,YPL147W,1,-1.3796709,0.10053998231887817,0.8988505601882935,0.8041379451751709
YDR402C,YCR042C,0,-1.3803086,0.10051413625478745,0.8988505601882935,0.8043678402900696
YDR499W,YER018C,0,-1.3809512,0.10048830509185791,0.8988505601882935,0.8045976758003235
YLR139C,YBR098W,0,-1.3811467,0.10046248883008957,0.8988505601882935,0.8048275709152222
YMR199W,YGL212W,0,-1.3814995,0.10043668001890182,0.8988505601882935,0.8050574660301208
YJL128C,YIL080W,0,-1.3824764,0.10041088610887527,0.8988505601882935,0.8052873611450195
YGL205W,YER069W,0,-1.3826606,0.10038510710000992,0.8988505601882935,0.8055172562599182
YGR180C,YBR097W,0,-1.3833545,0.10035934299230576,0.8988505601882935,0.8057471513748169
YPR052C,YOR346W,0,-1.3842351,0.10033358633518219,0.8988505601882935,0.8059769868850708
YOL027C,YIR014W,0,-1.3849721,0.10030785202980042,0.8988505601882935,0.8062068819999695
YKR019C,YJL060W,0,-1.3851073,0.10028212517499924,0.8988505601882935,0.8064367771148682
YMR301C,YBR228W,0,-1.3851207,0.10025641322135925,0.8988505601882935,0.8066666722297668
YGL145W,YBR173C,0,-1.3855692,0.10023070871829987,0.8988505601882935,0.8068965673446655
YDR376W,YCR023C,0,-1.3857853,0.10020502656698227,0.8988505601882935,0.8071264624595642
YMR098C,YOR294W,0,-1.3865001,0.10017935186624527,0.8988505601882935,0.8073562979698181
YKL221W,YNR028W,0,-1.3871775,0.10015369206666946,0.8988505601882935,0.8075861930847168
YPL139C,YEL053C,0,-1.3875111,0.10012803971767426,0.8988505601882935,0.8078160881996155
YGR096W,YCR008W,0,-1.3879076,0.10010240972042084,0.8988505601882935,0.8080459833145142
YJL090C,YNL116W,0,-1.3885949,0.10007678717374802,0.8988505601882935,0.8082758784294128
YLR242C,YNL231C,1,-1.3886592,0.10030706226825714,0.9011494517326355,0.8082758784294128
YGL008C,YOL060C,0,-1.3890336,0.10028140246868134,0.9011494517326355,0.8085057735443115
YOL113W,YML022W,0,-1.3891046,0.10025575757026672,0.9011494517326355,0.8087356090545654
YHR123W,YOR337W,0,-1.391017,0.10023012012243271,0.9011494517326355,0.8089655041694641
YKL221W,YJR135C,0,-1.3910526,0.10020449757575989,0.9011494517326355,0.8091953992843628
YKR010C,YGR278W,0,-1.3917618,0.10017888993024826,0.9011494517326355,0.8094252943992615
YKL221W,YNL218W,0,-1.3917665,0.10015329718589783,0.9011494517326355,0.8096551895141602
YJL210W,YPR144C,0,-1.3919106,0.10012771189212799,0.9011494517326355,0.8098850846290588
YLR221C,YGL148W,0,-1.392131,0.10010214149951935,0.9011494517326355,0.8101149201393127
YMR079W,YBL020W,1,-1.3928641,0.10033188760280609,0.9034482836723328,0.8101149201393127
YPR118W,YGL135W,0,-1.3932854,0.10030627995729446,0.9034482836723328,0.8103448152542114
YGR246C,YKR037C,0,-1.3934081,0.10028068721294403,0.9034482836723328,0.8105747103691101
YAL025C,YNL259C,0,-1.3937463,0.1002551019191742,0.9034482836723328,0.8108046054840088
YJL145W,YMR079W,1,-1.3938823,0.10048457235097885,0.90574711561203,0.8108046054840088
YJL128C,YKL010C,0,-1.3941848,0.10045894980430603,0.90574711561203,0.8110345005989075
YJL164C,YPL230W,0,-1.3949932,0.1004333421587944,0.90574711561203,0.8112643957138062
YMR162C,YMR079W,1,-1.3950173,0.10066258907318115,0.9080459475517273,0.8112643957138062
YNL273W,YPL167C,0,-1.3953657,0.10063694417476654,0.9080459475517273,0.8114942312240601
YNR013C,YDL060W,0,-1.3956461,0.10061130672693253,0.9080459475517273,0.8117241263389587
YDR266C,YPL122C,0,-1.3962519,0.1005856916308403,0.9080459475517273,0.8119540214538574
YGR109C,YDR538W,0,-1.396469,0.10056008398532867,0.9080459475517273,0.8121839165687561
YLR089C,YPR006C,0,-1.3975089,0.10053448379039764,0.9080459475517273,0.8124138116836548
YBR103W,YIR012W,0,-1.3981204,0.1005089059472084,0.9080459475517273,0.8126437067985535
YBR240C,YGL166W,0,-1.3988242,0.10048333555459976,0.9080459475517273,0.8128735423088074
YLR449W,YPL038W,0,-1.3995368,0.10045778006315231,0.9080459475517273,0.813103437423706
YGR109C,YBL016W,0,-1.3997,0.10043223947286606,0.9080459475517273,0.8133333325386047
YDR416W,YJR105W,0,-1.4002652,0.100406713783741,0.9080459475517273,0.8135632276535034
YEL003W,YJL091C,0,-1.4005744,0.10038119554519653,0.9080459475517273,0.8137931227684021
YLR304C,YHR051W,0,-1.4007791,0.10035569220781326,0.9080459475517273,0.8140230178833008
YDR448W,YKR066C,0,-1.400983,0.10033020377159119,0.9080459475517273,0.8142528533935547
YJL034W,YKL161C,0,-1.4011191,0.10030472278594971,0.9080459475517273,0.8144827485084534
YGR071C,YPR135W,0,-1.4011929,0.10027925670146942,0.9080459475517273,0.814712643623352
YIL159W,YFR013W,0,-1.4014981,0.10025380551815033,0.9080459475517273,0.8149425387382507
YOR201C,YGL183C,0,-1.4017054,0.10022836923599243,0.9080459475517273,0.8151724338531494
YDL204W,YDR240C,0,-1.4018369,0.10020294040441513,0.9080459475517273,0.8154022693634033
YJR145C,YFL045C,0,-1.4022237,0.10017752647399902,0.9080459475517273,0.815632164478302
YLR306W,YDL166C,0,-1.4023075,0.10015212744474411,0.9080459475517273,0.8158620595932007
YML077W,YPR144C,0,-1.403259,0.10012674331665039,0.9080459475517273,0.8160919547080994
YNL148C,YHR099W,0,-1.403551,0.10010136663913727,0.9080459475517273,0.816321849822998
YLL038C,YKL082C,0,-1.4036212,0.10007600486278534,0.9080459475517273,0.8165517449378967
YJL020C,YJR014W,0,-1.4036435,0.1000506579875946,0.9080459475517273,0.8167815804481506
YLR242C,YIL048W,1,-1.4039882,0.10027854889631271,0.9103448390960693,0.8167815804481506
YML042W,YJR097W,0,-1.4045991,0.100253164768219,0.9103448390960693,0.8170114755630493
YOR211C,YGR132C,0,-1.4049785,0.10022778809070587,0.9103448390960693,0.817241370677948
YDR519W,YGL232W,0,-1.4052777,0.10020242631435394,0.9103448390960693,0.8174712657928467
YJL091C,YKL173W,0,-1.405432,0.10017707943916321,0.9103448390960693,0.8177011609077454
YKL188C,YJL145W,1,-1.4057094,0.10040464997291565,0.9126436710357666,0.8177011609077454
YCR027C,YDR423C,0,-1.4060273,0.10037926584482193,0.9126436710357666,0.817931056022644
YGL158W,YPR167C,0,-1.4062303,0.10035388916730881,0.9126436710357666,0.818160891532898
YPR182W,YLR147C,0,-1.4064872,0.10032853484153748,0.9126436710357666,0.8183907866477966
YLR401C,YOR067C,0,-1.4073881,0.10030318051576614,0.9126436710357666,0.8186206817626953
YDR051C,YKL091C,1,-1.4084457,0.10053043812513351,0.9149425029754639,0.8186206817626953
YNL073W,YER050C,0,-1.4084777,0.1005050539970398,0.9149425029754639,0.818850576877594
YDR470C,YGR068C,0,-1.4087812,0.10047967731952667,0.9149425029754639,0.8190804719924927
YMR029C,YDL030W,0,-1.4088907,0.10045431554317474,0.9149425029754639,0.8193103671073914
YKL166C,YIL159W,0,-1.4092338,0.10042896866798401,0.9149425029754639,0.8195402026176453
YMR094W,YNL242W,0,-1.409239,0.10040362924337387,0.9149425029754639,0.819770097732544
YER122C,YDR495C,0,-1.4093685,0.10037831217050552,0.9149425029754639,0.8199999928474426
YOL052C,YDL064W,0,-1.4100387,0.10035300254821777,0.9149425029754639,0.8202298879623413
YNR047W,YBL020W,1,-1.4103112,0.10057978332042694,0.9172413945198059,0.8202298879623413
YBR020W,YFL021W,0,-1.4107201,0.1005544364452362,0.9172413945198059,0.82045978307724
YFL002C,YBR031W,0,-1.4113363,0.10052909702062607,0.9172413945198059,0.8206896781921387
YPL147W,YJL145W,1,-1.4117252,0.10075566917657852,0.9195402264595032,0.8206896781921387
YBR004C,YHR070W,0,-1.4121419,0.1007302924990654,0.9195402264595032,0.8209195137023926
YCR008W,YKL088W,0,-1.4122367,0.10070493817329407,0.9195402264595032,0.8211494088172913
YML046W,YLR073C,0,-1.4124926,0.10067958384752274,0.9195402264595032,0.8213793039321899
YIL048W,YOR237W,1,-1.4137108,0.1009058877825737,0.9218390583992004,0.8213793039321899
YPR009W,YBR041W,1,-1.41416,0.10113207250833511,0.9241379499435425,0.8213793039321899
YNL256W,YOR338W,0,-1.4152358,0.10110663622617722,0.9241379499435425,0.8216091990470886
YNR074C,YIR008C,0,-1.4155881,0.10108121484518051,0.9241379499435425,0.8218390941619873
YKR022C,YBL055C,0,-1.4156572,0.101055808365345,0.9241379499435425,0.822068989276886
YPR125W,YBL019W,0,-1.415895,0.10103040933609009,0.9241379499435425,0.8222988247871399
YKL003C,YBR170C,0,-1.4162383,0.10100502520799637,0.9241379499435425,0.8225287199020386
YBL026W,YOR265W,0,-1.4164212,0.10097965598106384,0.9241379499435425,0.8227586150169373
YDR104C,YHR091C,0,-1.4167564,0.10095429420471191,0.9241379499435425,0.8229885101318359
YGR109C,YEL030W,0,-1.4171007,0.10092894732952118,0.9241379499435425,0.8232184052467346
YPL227C,YHR136C,0,-1.4179232,0.10090361535549164,0.9241379499435425,0.8234483003616333
YDL075W,YBR267W,0,-1.4183736,0.1008782908320427,0.9241379499435425,0.8236781358718872
YGR200C,YJR014W,0,-1.4186468,0.10085298866033554,0.9241379499435425,0.8239080309867859
YKL120W,YPR186C,0,-1.4196242,0.10082768648862839,0.9241379499435425,0.8241379261016846
YBR020W,YHR109W,0,-1.4219775,0.10080240666866302,0.9241379499435425,0.8243678212165833
YOL077C,YNL079C,0,-1.4226267,0.10077713429927826,0.9241379499435425,0.8245977163314819
YMR197C,YMR112C,0,-1.4231296,0.10075187683105469,0.9241379499435425,0.8248276114463806
YNL264C,YPR009W,1,-1.423393,0.10097719728946686,0.9264367818832397,0.8248276114463806
YMR054W,YJL112W,0,-1.4248593,0.1009519025683403,0.9264367818832397,0.8250574469566345
YDR470C,YOR257W,0,-1.4250154,0.10092662274837494,0.9264367818832397,0.8252873420715332
YML018C,YNL088W,0,-1.4254075,0.10090135037899017,0.9264367818832397,0.8255172371864319
YBR022W,YBR201W,0,-1.4254236,0.1008760929107666,0.9264367818832397,0.8257471323013306
YOL108C,YPR032W,0,-1.4268064,0.10085085034370422,0.9264367818832397,0.8259770274162292
YLR425W,YOR038C,0,-1.4270824,0.10082562267780304,0.9264367818832397,0.8262069225311279
YER146W,YJL104W,0,-1.4285812,0.10080040246248245,0.9264367818832397,0.8264367580413818
YLL033W,YPL269W,0,-1.4289932,0.10077519714832306,0.9264367818832397,0.8266666531562805
YOL072W,YLR078C,0,-1.4291987,0.10074999928474426,0.9264367818832397,0.8268965482711792
YEL021W,YDR363W,0,-1.4295247,0.10072481632232666,0.9264367818832397,0.8271264433860779
YDR208W,YHR079C,0,-1.4306076,0.10069964826107025,0.9264367818832397,0.8273563385009766
YBR290W,YMR302C,0,-1.4331552,0.10067449510097504,0.9264367818832397,0.8275862336158752
YHR025W,YAL014C,0,-1.4333861,0.10064934939146042,0.9264367818832397,0.8278160691261292
YHR166C,YDR116C,0,-1.4344159,0.100624218583107,0.9264367818832397,0.8280459642410278
YNL075W,YBR231C,0,-1.4346242,0.10059910267591476,0.9264367818832397,0.8282758593559265
YAL014C,YCR042C,0,-1.4354888,0.10057399421930313,0.9264367818832397,0.8285057544708252
YDL246C,YMR239C,0,-1.4355118,0.10054890066385269,0.9264367818832397,0.8287356495857239
YDL101C,YMR039C,0,-1.4358,0.10052382200956345,0.9264367818832397,0.8289655447006226
YBR171W,YJL115W,0,-1.436007,0.1004987508058548,0.9264367818832397,0.8291953802108765
YDR047W,YLR103C,0,-1.436661,0.10047369450330734,0.9264367818832397,0.8294252753257751
YKR009C,YNL097C,0,-1.4376233,0.10044865310192108,0.9264367818832397,0.8296551704406738
YGR027C,YMR270C,0,-1.4380848,0.10042362660169601,0.9264367818832397,0.8298850655555725
YCL061C,YDL045W-A,0,-1.4386139,0.10039860755205154,0.9264367818832397,0.8301149606704712
YOR226C,YPL046C,0,-1.439206,0.10037359595298767,0.9264367818832397,0.8303448557853699
YER082C,YPL143W,0,-1.4397161,0.10034860670566559,0.9264367818832397,0.8305746912956238
YNL061W,YJR101W,0,-1.4398402,0.1003236249089241,0.9264367818832397,0.8308045864105225
YDR306C,YDL142C,0,-1.4400848,0.10029865801334381,0.9264367818832397,0.8310344815254211
YBR150C,YOR374W,0,-1.4406254,0.10027369856834412,0.9264367818832397,0.8312643766403198
YDL179W,YHR132C,0,-1.4421867,0.10024875402450562,0.9264367818832397,0.8314942717552185
YPR156C,YBL074C,0,-1.4430189,0.10022382438182831,0.9264367818832397,0.8317241668701172
YLR109W,YBL074C,0,-1.4431889,0.1001989096403122,0.9264367818832397,0.8319540023803711
YHR187W,YDR026C,0,-1.4439886,0.10017400234937668,0.9264367818832397,0.8321838974952698
YOL062C,YKL173W,0,-1.44402,0.10014910250902176,0.9264367818832397,0.8324137926101685
YCR094W,YPR009W,1,-1.4443607,0.10037267208099365,0.928735613822937,0.8324137926101685
YBR087W,YFR013W,0,-1.4443657,0.10034774243831635,0.928735613822937,0.8326436877250671
YKL190W,YKR025W,0,-1.4445326,0.10032282024621964,0.928735613822937,0.8328735828399658
YDR329C,YGL158W,0,-1.4454677,0.10029791295528412,0.928735613822937,0.8331034779548645
YOR293W,YLR027C,0,-1.4455855,0.1002730205655098,0.928735613822937,0.8333333134651184
YEL009C,YPL153C,0,-1.4461088,0.10024813562631607,0.928735613822937,0.8335632085800171
YOR346W,YAR071W,0,-1.4466653,0.10022327303886414,0.928735613822937,0.8337931036949158
YDL042C,YJR077C,0,-1.4473448,0.1001984104514122,0.928735613822937,0.8340229988098145
YIL103W,YIL097W,0,-1.447383,0.10017357021570206,0.928735613822937,0.8342528939247131
YOR246C,YOR242C,0,-1.4475918,0.10014873743057251,0.928735613822937,0.834482729434967
YGR096W,YKL206C,0,-1.4476058,0.10012391209602356,0.928735613822937,0.8347126245498657
YBR079C,YHR107C,0,-1.4478242,0.1000991091132164,0.928735613822937,0.8349425196647644
YKL218C,YGR198W,0,-1.447857,0.10007431358098984,0.928735613822937,0.8351724147796631
YLR197W,YFR036W,0,-1.4491906,0.10004953294992447,0.928735613822937,0.8354023098945618
YER073W,YPR168W,0,-1.4492567,0.1000247597694397,0.928735613822937,0.8356322050094604
YKL119C,YKL090W,0,-1.4494755,0.10000000149011612,0.928735613822937,0.8358620405197144
YJL187C,YGR214W,0,-1.4499346,0.09997525066137314,0.928735613822937,0.836091935634613
YDL051W,YMR305C,0,-1.4512961,0.09995052218437195,0.928735613822937,0.8363218307495117
YPR073C,YGL131C,0,-1.4520209,0.09992580115795135,0.928735613822937,0.8365517258644104
YKR024C,YJL156C,0,-1.4521657,0.09990108758211136,0.928735613822937,0.8367816209793091
YGR275W,YNL330C,0,-1.4523435,0.09987638890743256,0.928735613822937,0.8370115160942078
YLR268W,YBR227C,0,-1.4529898,0.09985170513391495,0.928735613822937,0.8372413516044617
YER048C,YJL025W,0,-1.4548385,0.09982702881097794,0.928735613822937,0.8374712467193604
YDR393W,YNR075W,0,-1.4569772,0.09980237483978271,0.928735613822937,0.837701141834259
YKR061W,YFR031C,0,-1.4584979,0.0997777208685875,0.928735613822937,0.8379310369491577
YLR291C,YAL029C,0,-1.458594,0.09975308924913406,0.928735613822937,0.8381609320640564
YAL060W,YDL021W,0,-1.4586718,0.09972846508026123,0.928735613822937,0.8383908271789551
YOR321W,YBR057C,0,-1.4587716,0.099703848361969,0.928735613822937,0.838620662689209
YHR183W,YHR124W,0,-1.4595098,0.09967924654483795,0.928735613822937,0.8388505578041077
YDR314C,YBR084W,0,-1.4599476,0.0996546596288681,0.928735613822937,0.8390804529190063
YHR003C,YIR005W,0,-1.4599717,0.09963008761405945,0.928735613822937,0.839310348033905
YJR158W,YGR059W,0,-1.4601333,0.09960552304983139,0.928735613822937,0.8395402431488037
YBR058C,YGR261C,0,-1.4604785,0.09958097338676453,0.928735613822937,0.8397701382637024
YOR285W,YKR067W,0,-1.4609164,0.09955643117427826,0.928735613822937,0.8399999737739563
YPL211W,YBR210W,0,-1.461566,0.09953190386295319,0.928735613822937,0.840229868888855
YJR078W,YGL179C,0,-1.4619985,0.0995073914527893,0.928735613822937,0.8404597640037537
YIL034C,YDL193W,0,-1.4624152,0.09948288649320602,0.928735613822937,0.8406896591186523
YLR032W,YGL210W,0,-1.462548,0.09945839643478394,0.928735613822937,0.840919554233551
YPL101W,YPR073C,0,-1.4627513,0.09943391382694244,0.928735613822937,0.8411494493484497
YBL078C,YLR336C,0,-1.4655488,0.09940944612026215,0.928735613822937,0.8413792848587036
YDR382W,YIR021W,0,-1.4675887,0.09938499331474304,0.928735613822937,0.8416091799736023
YHR134W,YFL001W,0,-1.4686512,0.09936054795980453,0.928735613822937,0.841839075088501
YJL090C,YOR313C,0,-1.4693122,0.09933611750602722,0.928735613822937,0.8420689702033997
YER029C,YBR260C,0,-1.4696723,0.0993117019534111,0.928735613822937,0.8422988653182983
YOL090W,YJR055W,0,-1.4707615,0.09928729385137558,0.928735613822937,0.842528760433197
YBR195C,YBR154C,0,-1.4711976,0.09926290065050125,0.928735613822937,0.8427585959434509
YBR175W,YKL010C,0,-1.4714727,0.09923851490020752,0.928735613822937,0.8429884910583496
YCR054C,YNL262W,0,-1.4716847,0.09921414405107498,0.928735613822937,0.8432183861732483
YDL108W,YNL309W,0,-1.4717389,0.09918978810310364,0.928735613822937,0.843448281288147
YNL151C,YBR070C,0,-1.4722378,0.09916543960571289,0.928735613822937,0.8436781764030457
YPR072W,YDR062W,0,-1.4723389,0.09914110600948334,0.928735613822937,0.8439080715179443
YDR507C,YKR025W,0,-1.4725164,0.09911677986383438,0.928735613822937,0.8441379070281982
YKR010C,YKL160W,0,-1.4740837,0.09909246861934662,0.928735613822937,0.8443678021430969
YER075C,YOR232W,0,-1.4745557,0.09906817227602005,0.928735613822937,0.8445976972579956
YLR242C,YBR041W,1,-1.4746367,0.09928904473781586,0.931034505367279,0.8445976972579956
YJL073W,YMR004W,0,-1.4748576,0.0992647036910057,0.931034505367279,0.8448275923728943
YHR017W,YDR060W,0,-1.4754803,0.09924038499593735,0.931034505367279,0.845057487487793
YCR094W,YBL020W,1,-1.4755075,0.09946104884147644,0.9333333373069763,0.845057487487793
YGR247W,YHR109W,0,-1.4755437,0.0994366854429245,0.9333333373069763,0.8452873826026917
YPL095C,YPR171W,0,-1.475598,0.09941234439611435,0.9333333373069763,0.8455172181129456
YLR242C,YBL020W,1,-1.4766937,0.09963279962539673,0.9356321692466736,0.8455172181129456
YDR454C,YMR115W,0,-1.4778023,0.0996084213256836,0.9356321692466736,0.8457471132278442
YGL083W,YOR174W,0,-1.4781448,0.09958405047655106,0.9356321692466736,0.8459770083427429
YLR270W,YBR087W,0,-1.4782166,0.09955968707799911,0.9356321692466736,0.8462069034576416
YOR133W,YJR031C,0,-1.4785366,0.09953533858060837,0.9356321692466736,0.8464367985725403
YGR089W,YNL151C,0,-1.4793895,0.09951100498437881,0.9356321692466736,0.846666693687439
YNR043W,YNR050C,0,-1.4795833,0.09948667883872986,0.9356321692466736,0.8468965291976929
YPR054W,YGL050W,0,-1.4796172,0.0994623675942421,0.9356321692466736,0.8471264243125916
YLR408C,YDL115C,0,-1.4807948,0.09943806380033493,0.9356321692466736,0.8473563194274902
YJR130C,YOR005C,0,-1.4808321,0.09941377490758896,0.9356321692466736,0.8475862145423889
YNL152W,YER174C,0,-1.4816673,0.09938950091600418,0.9356321692466736,0.8478161096572876
YLR025W,YLR148W,0,-1.482417,0.099365234375,0.9356321692466736,0.8480460047721863
YAL063C,YJL074C,0,-1.4829886,0.09934098273515701,0.9356321692466736,0.8482758402824402
YLR405W,YJL024C,0,-1.4834995,0.09931673854589462,0.9356321692466736,0.8485057353973389
YOL113W,YIL170W,0,-1.4837092,0.09929250925779343,0.9356321692466736,0.8487356305122375
YNR028W,YGL249W,0,-1.4841034,0.09926829487085342,0.9356321692466736,0.8489655256271362
YIL061C,YMR159C,0,-1.4842112,0.09924408793449402,0.9356321692466736,0.8491954207420349
YIL140W,YEL004W,0,-1.4849125,0.0992198958992958,0.9356321692466736,0.8494253158569336
YGR063C,YJL112W,0,-1.4855156,0.09919571131467819,0.9356321692466736,0.8496551513671875
YBR104W,YER083C,0,-1.4856298,0.09917154163122177,0.9356321692466736,0.8498850464820862
YML118W,YHR160C,0,-1.4862607,0.09914737939834595,0.9356321692466736,0.8501149415969849
YGR145W,YBR098W,0,-1.4866365,0.09912323206663132,0.9356321692466736,0.8503448367118835
YLR100W,YKR060W,0,-1.486886,0.09909909963607788,0.9356321692466736,0.8505747318267822
YNL112W,YGL237C,0,-1.4876629,0.09907497465610504,0.9356321692466736,0.8508046269416809
YBL097W,YMR235C,0,-1.4877478,0.0990508645772934,0.9356321692466736,0.8510344624519348
YMR211W,YBR167C,0,-1.4887667,0.09902676194906235,0.9356321692466736,0.8512643575668335
YNL182C,YGR286C,0,-1.4890155,0.09900267422199249,0.9356321692466736,0.8514942526817322
YOR180C,YLR388W,0,-1.4895957,0.09897860139608383,0.9356321692466736,0.8517241477966309
YNL113W,YBL106C,0,-1.4900625,0.09895453602075577,0.9356321692466736,0.8519540429115295
YDR017C,YLR320W,0,-1.4909136,0.0989304780960083,0.9356321692466736,0.8521838784217834
YNL148C,YIL004C,0,-1.4914291,0.09890644252300262,0.9356321692466736,0.8524137735366821
YPR094W,YPL164C,0,-1.492636,0.09888240694999695,0.9356321692466736,0.8526436686515808
YDR313C,YDR085C,0,-1.4926693,0.09885839372873306,0.9356321692466736,0.8528735637664795
YNL230C,YOL028C,0,-1.4927542,0.09883438795804977,0.9356321692466736,0.8531034588813782
YPL064C,YGL013C,0,-1.4929981,0.09881038963794708,0.9356321692466736,0.8533333539962769
YGR095C,YFR055W,0,-1.4930534,0.09878640621900558,0.9356321692466736,0.8535631895065308
YFL024C,YDR245W,0,-1.4942011,0.09876243770122528,0.9356321692466736,0.8537930846214294
YFL024C,YKR087C,0,-1.4942163,0.09873847663402557,0.9356321692466736,0.8540229797363281
YPR171W,YLR381W,0,-1.4943191,0.09871453046798706,0.9356321692466736,0.8542528748512268
YNR023W,YKR087C,0,-1.4957694,0.09869059175252914,0.9356321692466736,0.8544827699661255
YMR032W,YDL043C,0,-1.4961538,0.09866666793823242,0.9356321692466736,0.8547126650810242
YDR198C,YDL010W,0,-1.4966496,0.0986427515745163,0.9356321692466736,0.8549425005912781
YNL245C,YOR098C,0,-1.4974486,0.09861885011196136,0.9356321692466736,0.8551723957061768
YHR107C,YFL037W,0,-1.4979367,0.09859496355056763,0.9356321692466736,0.8554022908210754
YPL106C,YDR510W,0,-1.4989932,0.09857108443975449,0.9356321692466736,0.8556321859359741
YBR084W,YPR135W,0,-1.4992876,0.09854721277952194,0.9356321692466736,0.8558620810508728
YLR174W,YBR267W,0,-1.4994509,0.09852336347103119,0.9356321692466736,0.8560919761657715
YER070W,YBL074C,0,-1.4999601,0.09849951416254044,0.9356321692466736,0.8563218116760254
YPL213W,YJL095W,0,-1.5000926,0.09847568720579147,0.9356321692466736,0.8565517067909241
YLR222C,YJL136C,0,-1.500235,0.09845186024904251,0.9356321692466736,0.8567816019058228
YGR096W,YAR018C,0,-1.5014895,0.09842805564403534,0.9356321692466736,0.8570114970207214
YKL209C,YOL090W,0,-1.5017122,0.09840425848960876,0.9356321692466736,0.8572413921356201
YLR316C,YPR156C,0,-1.5024277,0.09838046878576279,0.9356321692466736,0.8574712872505188
YIR015W,YBR136W,0,-1.5034428,0.098356693983078,0.9356321692466736,0.8577011227607727
YIR013C,YEL022W,0,-1.5035194,0.09833293408155441,0.9356321692466736,0.8579310178756714
YPL232W,YOR194C,0,-1.5035396,0.09830918163061142,0.9356321692466736,0.8581609129905701
YEL004W,YGL226C-A,0,-1.5039263,0.09828543663024902,0.9356321692466736,0.8583908081054688
YDR312W,YGR163W,0,-1.5069175,0.09826170653104782,0.9356321692466736,0.8586207032203674
YNL012W,YNR006W,0,-1.5073471,0.09823799133300781,0.9356321692466736,0.8588505983352661
YDR130C,YPR168W,0,-1.5074496,0.0982142835855484,0.9356321692466736,0.85908043384552
YOR306C,YGR049W,0,-1.508411,0.09819059073925018,0.9356321692466736,0.8593103289604187
YOR313C,YGR027C,0,-1.5085411,0.09816690534353256,0.9356321692466736,0.8595402240753174
YMR199W,YDL164C,0,-1.5085444,0.09814323484897614,0.9356321692466736,0.8597701191902161
YGL158W,YNL272C,0,-1.508759,0.0981195792555809,0.9356321692466736,0.8600000143051147
YAL047C,YOR083W,0,-1.5092062,0.09809592366218567,0.9356321692466736,0.8602299094200134
YPL211W,YMR077C,0,-1.5095148,0.09807229042053223,0.9356321692466736,0.8604597449302673
YOR168W,YGR020C,0,-1.509564,0.09804866462945938,0.9356321692466736,0.860689640045166
YFL034C-A,YLR291C,0,-1.5114244,0.09802504628896713,0.9356321692466736,0.8609195351600647
YOR229W,YGR261C,0,-1.5116518,0.09800144284963608,0.9356321692466736,0.8611494302749634
YOR346W,YIL133C,0,-1.5120072,0.09797785431146622,0.9356321692466736,0.8613793253898621
YOL130W,YCR052W,0,-1.5124279,0.09795427322387695,0.9356321692466736,0.8616092205047607
YHR046C,YAL021C,0,-1.5127013,0.09793069958686829,0.9356321692466736,0.8618390560150146
YOL146W,YLR176C,0,-1.5129825,0.09790714085102081,0.9356321692466736,0.8620689511299133
YOR058C,YOR346W,0,-1.5144767,0.09788359701633453,0.9356321692466736,0.862298846244812
YPL055C,YJL008C,0,-1.5151073,0.09786006063222885,0.9356321692466736,0.8625287413597107
YDR404C,YER058W,0,-1.5154668,0.09783653914928436,0.9356321692466736,0.8627586364746094
YCL031C,YBL058W,0,-1.51554,0.09781302511692047,0.9356321692466736,0.8629885315895081
YLR069C,YGL071W,0,-1.5157871,0.09778952598571777,0.9356321692466736,0.863218367099762
YDR429C,YER048C,0,-1.5157976,0.09776603430509567,0.9356321692466736,0.8634482622146606
YJR067C,YOR089C,0,-1.5159278,0.09774255752563477,0.9356321692466736,0.8636781573295593
YKL004W,YNL124W,0,-1.5161173,0.09771908819675446,0.9356321692466736,0.863908052444458
YDR221W,YNL077W,0,-1.5168551,0.09769563376903534,0.9356321692466736,0.8641379475593567
YDL159W,YOL103W,0,-1.5174792,0.09767218679189682,0.9356321692466736,0.8643678426742554
YGR246C,YHR084W,0,-1.5175331,0.0976487547159195,0.9356321692466736,0.8645976781845093
YEL003W,YIL142W,0,-1.518716,0.09762533009052277,0.9356321692466736,0.864827573299408
YFL048C,YKL020C,0,-1.5193772,0.09760192036628723,0.9356321692466736,0.8650574684143066
YKR086W,YKL064W,0,-1.5195197,0.0975785180926323,0.9356321692466736,0.8652873635292053
YJR043C,YKR086W,0,-1.5204433,0.09755513072013855,0.9356321692466736,0.865517258644104
YDR253C,YDR356W,0,-1.5222821,0.0975317507982254,0.9356321692466736,0.8657471537590027
YIL159W,YGL209W,0,-1.5231647,0.09750838577747345,0.9356321692466736,0.8659769892692566
YEL036C,YLR405W,0,-1.5241086,0.0974850282073021,0.9356321692466736,0.8662068843841553
YNL321W,YIR006C,0,-1.5241164,0.09746168553829193,0.9356321692466736,0.866436779499054
YPL055C,YPL122C,0,-1.5254052,0.09743835031986237,0.9356321692466736,0.8666666746139526
YJL124C,YCL024W,0,-1.5256842,0.097415030002594,0.9356321692466736,0.8668965697288513
YMR189W,YFL021W,0,-1.5260996,0.09739171713590622,0.9356321692466736,0.86712646484375
YPL038W,YNL009W,0,-1.5261505,0.09736841917037964,0.9356321692466736,0.8673563003540039
YMR263W,YLR274W,0,-1.526493,0.09734513610601425,0.9356321692466736,0.8675861954689026
YLR073C,YOR038C,0,-1.5266743,0.09732185304164886,0.9356321692466736,0.8678160905838013
YDR312W,YDR334W,0,-1.5286384,0.09729859232902527,0.9356321692466736,0.8680459856987
YOL105C,YMR319C,0,-1.5301877,0.09727533161640167,0.9356321692466736,0.8682758808135986
YBR141C,YBR095C,0,-1.5302258,0.09725209325551987,0.9356321692466736,0.8685057759284973
YOR017W,YGR013W,0,-1.530247,0.09722885489463806,0.9356321692466736,0.8687356114387512
YFL003C,YLR423C,0,-1.5336105,0.09720563888549805,0.9356321692466736,0.8689655065536499
YOL031C,YGL241W,0,-1.5343513,0.09718242287635803,0.9356321692466736,0.8691954016685486
YHR059W,YBR098W,0,-1.5356297,0.09715922921895981,0.9356321692466736,0.8694252967834473
YBR040W,YLR210W,0,-1.5358521,0.09713603556156158,0.9356321692466736,0.869655191898346
YER153C,YML038C,0,-1.5360961,0.09711286425590515,0.9356321692466736,0.8698850870132446
YHL019C,YDR195W,0,-1.5364385,0.09708969295024872,0.9356321692466736,0.8701149225234985
YLR032W,YGR285C,0,-1.5364966,0.09706653654575348,0.9356321692466736,0.8703448176383972
YER161C,YBR175W,0,-1.5368401,0.09704339504241943,0.9356321692466736,0.8705747127532959
YMR013C,YBR247C,0,-1.5408132,0.09702026098966599,0.9356321692466736,0.8708046078681946
YKL188C,YKL091C,1,-1.5411206,0.09723546355962753,0.9379310607910156,0.8708046078681946
YLR003C,YPL255W,0,-1.5419009,0.0972122922539711,0.9379310607910156,0.8710345029830933
YBR022W,YMR224C,0,-1.5424178,0.09718913584947586,0.9379310607910156,0.8712643384933472
YCR094W,YMR079W,1,-1.543997,0.09740414470434189,0.9402298927307129,0.8712643384933472
YNL323W,YBL020W,1,-1.544458,0.09761904925107956,0.9425287246704102,0.8712643384933472
YGR218W,YOL041C,0,-1.5454669,0.09759581089019775,0.9425287246704102,0.8714942336082458
YOR326W,YDL170W,0,-1.5469704,0.09757258743047714,0.9425287246704102,0.8717241287231445
YLL062C,YKR024C,0,-1.5470407,0.09754937142133713,0.9425287246704102,0.8719540238380432
YNL021W,YMR021C,0,-1.5478232,0.09752616286277771,0.9425287246704102,0.8721839189529419
YIL111W,YAL061W,0,-1.548351,0.09750296920537949,0.9425287246704102,0.8724138140678406
YPL181W,YFR031C,0,-1.5483725,0.09747979044914246,0.9425287246704102,0.8726436495780945
YDR363W-A,YBR200W,0,-1.5485247,0.09745661914348602,0.9425287246704102,0.8728735446929932
YNR018W,YLR106C,0,-1.548845,0.09743346273899078,0.9425287246704102,0.8731034398078918
YHR153C,YPL271W,0,-1.5489073,0.09741031378507614,0.9425287246704102,0.8733333349227905
YMR268C,YDR316W,0,-1.5492635,0.0973871722817421,0.9425287246704102,0.8735632300376892
YHR200W,YLR212C,0,-1.5494479,0.09736404567956924,0.9425287246704102,0.8737931251525879
YCR094W,YMR162C,1,-1.5496687,0.09757834672927856,0.9448275566101074,0.8737931251525879
YOR151C,YLR191W,0,-1.5501735,0.09755518287420273,0.9448275566101074,0.8740229606628418
YLR405W,YJL103C,0,-1.5503522,0.09753203392028809,0.9448275566101074,0.8742528557777405
YKR055W,YOR311C,0,-1.5504935,0.09750889986753464,0.9448275566101074,0.8744827508926392
YNL012W,YKL143W,0,-1.5510446,0.09748576581478119,0.9448275566101074,0.8747126460075378
YNL149C,YGL220W,0,-1.55176,0.09746265411376953,0.9448275566101074,0.8749425411224365
YEL030W,YPL093W,0,-1.5520405,0.09743954241275787,0.9448275566101074,0.8751724362373352
YDR103W,YKL146W,0,-1.5522964,0.097416453063488,0.9448275566101074,0.8754022717475891
YJL100W,YJR104C,0,-1.5529118,0.09739336371421814,0.9448275566101074,0.8756321668624878
YLL052C,YBL018C,0,-1.5536915,0.09737028926610947,0.9448275566101074,0.8758620619773865
YLR032W,YMR139W,0,-1.5556204,0.09734722971916199,0.9448275566101074,0.8760919570922852
YGL211W,YLR410W,0,-1.5556929,0.0973241776227951,0.9448275566101074,0.8763218522071838
YLR084C,YOL149W,0,-1.5561781,0.09730113297700882,0.9448275566101074,0.8765517473220825
YKL165C,YHR184W,0,-1.5564964,0.09727810323238373,0.9448275566101074,0.8767815828323364
YLL003W,YJR098C,0,-1.5565103,0.09725508838891983,0.9448275566101074,0.8770114779472351
YGL211W,YHR178W,0,-1.5565118,0.09723208099603653,0.9448275566101074,0.8772413730621338
YMR090W,YJR001W,0,-1.5568151,0.09720908105373383,0.9448275566101074,0.8774712681770325
YNL003C,YPL194W,0,-1.5568919,0.09718609601259232,0.9448275566101074,0.8777011632919312
YBL066C,YGL163C,0,-1.5570396,0.0971631184220314,0.9448275566101074,0.8779310584068298
YCR057C,YNL304W,0,-1.5579777,0.09714015573263168,0.9448275566101074,0.8781608939170837
YFL024C,YBR290W,0,-1.557986,0.09711720049381256,0.9448275566101074,0.8783907890319824
YMR022W,YNL134C,0,-1.5580071,0.09709426015615463,0.9448275566101074,0.8786206841468811
YLR174W,YMR077C,0,-1.5590954,0.0970713272690773,0.9448275566101074,0.8788505792617798
YDR237W,YGL031C,0,-1.5591975,0.09704840928316116,0.9448275566101074,0.8790804743766785
YPL212C,YMR052W,0,-1.5597104,0.09702549874782562,0.9448275566101074,0.8793103694915771
YML060W,YNR028W,0,-1.5603924,0.09700259566307068,0.9448275566101074,0.879540205001831
YBR275C,YBL067C,0,-1.5614625,0.09697970747947693,0.9448275566101074,0.8797701001167297
YDR420W,YBR215W,0,-1.5647953,0.09695682674646378,0.9448275566101074,0.8799999952316284
YGR070W,YMR139W,0,-1.5649034,0.09693396091461182,0.9448275566101074,0.8802298903465271
YPR009W,YMR079W,1,-1.5655482,0.0971468985080719,0.9471264481544495,0.8802298903465271
YER114C,YHR168W,0,-1.565767,0.09712399542331696,0.9471264481544495,0.8804597854614258
YJL104W,YCL061C,0,-1.5668235,0.0971011072397232,0.9471264481544495,0.8806896805763245
YDR307W,YDR011W,0,-1.5682411,0.09707822650671005,0.9471264481544495,0.8809195160865784
YLR128W,YGR108W,0,-1.571126,0.0970553606748581,0.9471264481544495,0.881149411201477
YDL128W,YGL180W,0,-1.5714208,0.09703250229358673,0.9471264481544495,0.8813793063163757
YNL050C,YOR116C,0,-1.5714412,0.09700965136289597,0.9471264481544495,0.8816092014312744
YKL108W,YPL192C,0,-1.5717788,0.0969868153333664,0.9471264481544495,0.8818390965461731
YBL103C,YML111W,0,-1.5717864,0.09696399420499802,0.9471264481544495,0.8820689916610718
YDL132W,YNL002C,0,-1.5719588,0.09694117307662964,0.9471264481544495,0.8822988271713257
YGL224C,YHR052W,0,-1.5723825,0.09691837430000305,0.9471264481544495,0.8825287222862244
YER039C,YMR139W,0,-1.5729549,0.09689557552337646,0.9471264481544495,0.882758617401123
YDR138W,YBR079C,0,-1.5746094,0.09687279909849167,0.9471264481544495,0.8829885125160217
YGL099W,YDR480W,0,-1.5751187,0.09685002267360687,0.9471264481544495,0.8832184076309204
YGR089W,YDL153C,0,-1.575761,0.09682726114988327,0.9471264481544495,0.8834483027458191
YDR429C,YGL040C,0,-1.5762675,0.09680451452732086,0.9471264481544495,0.883678138256073
YEL036C,YIL015W,0,-1.5766457,0.09678176790475845,0.9471264481544495,0.8839080333709717
YMR033W,YOR077W,0,-1.5794175,0.09675904363393784,0.9471264481544495,0.8841379284858704
YGR095C,YPL188W,0,-1.5800086,0.09673631936311722,0.9471264481544495,0.884367823600769
YJL165C,YMR198W,0,-1.5801713,0.09671361744403839,0.9471264481544495,0.8845977187156677
YER146W,YCR057C,0,-1.5809226,0.09669091552495956,0.9471264481544495,0.8848276138305664
YMR238W,YLR381W,0,-1.5809451,0.09666822850704193,0.9471264481544495,0.8850574493408203
YJL102W,YBR123C,0,-1.5811712,0.09664555639028549,0.9471264481544495,0.885287344455719
YOR242C,YGR286C,0,-1.5816689,0.09662289172410965,0.9471264481544495,0.8855172395706177
YJL033W,YLR090W,0,-1.5817696,0.0966002345085144,0.9471264481544495,0.8857471346855164
YIL073C,YKL116C,0,-1.5822045,0.09657759219408035,0.9471264481544495,0.885977029800415
YNL101W,YNR013C,0,-1.5824152,0.0965549573302269,0.9471264481544495,0.8862069249153137
YOL115W,YPR065W,0,-1.5843185,0.09653233736753464,0.9471264481544495,0.8864367604255676
YDL042C,YHR016C,0,-1.5855641,0.09650972485542297,0.9471264481544495,0.8866666555404663
YNL001W,YJR007W,0,-1.585794,0.0964871197938919,0.9471264481544495,0.886896550655365
YLR079W,YGR081C,0,-1.5861404,0.09646452963352203,0.9471264481544495,0.8871264457702637
YHL016C,YDR221W,0,-1.5869,0.09644194692373276,0.9471264481544495,0.8873563408851624
YNL261W,YDR119W,0,-1.5877138,0.09641937911510468,0.9471264481544495,0.887586236000061
YMR005W,YJL047C,0,-1.5878308,0.09639681875705719,0.9471264481544495,0.8878160715103149
YGR166W,YOR288C,0,-1.5881783,0.0963742658495903,0.9471264481544495,0.8880459666252136
YMR113W,YIL099W,0,-1.5896212,0.0963517278432846,0.9471264481544495,0.8882758617401123
YGR280C,YNL099C,0,-1.590441,0.0963292047381401,0.9471264481544495,0.888505756855011
YNL307C,YIR012W,0,-1.5920092,0.0963066890835762,0.9471264481544495,0.8887356519699097
YDR059C,YER147C,0,-1.5929927,0.0962841808795929,0.9471264481544495,0.8889654874801636
YJL121C,YDR012W,0,-1.596742,0.09626168012619019,0.9471264481544495,0.8891953825950623
YPL022W,YMR093W,0,-1.5972955,0.09623919427394867,0.9471264481544495,0.8894252777099609
YIR015W,YPL027W,0,-1.5983312,0.09621672332286835,0.9471264481544495,0.8896551728248596
YJL036W,YOL146W,0,-1.5985637,0.09619425982236862,0.9471264481544495,0.8898850679397583
YGL094C,YCR002C,0,-1.5999027,0.0961718037724495,0.9471264481544495,0.890114963054657
YOL125W,YOR299W,0,-1.6048688,0.09614935517311096,0.9471264481544495,0.8903447985649109
YEL021W,YGL029W,0,-1.606181,0.09612692147493362,0.9471264481544495,0.8905746936798096
YNL212W,YEL040W,0,-1.6080145,0.09610450267791748,0.9471264481544495,0.8908045887947083
YDR330W,YHR046C,0,-1.6081251,0.09608209133148193,0.9471264481544495,0.8910344839096069
YLR182W,YMR077C,0,-1.608137,0.09605968743562698,0.9471264481544495,0.8912643790245056
YCR008W,YBR223C,0,-1.6093514,0.09603729844093323,0.9471264481544495,0.8914942741394043
YOL031C,YDR208W,0,-1.6095047,0.09601491689682007,0.9471264481544495,0.8917241096496582
YOL104C,YOR340C,0,-1.6102271,0.0959925428032875,0.9471264481544495,0.8919540047645569
YMR266W,YDL039C,0,-1.6108371,0.09597018361091614,0.9471264481544495,0.8921838998794556
YNL080C,YIL109C,0,-1.6112398,0.09594783186912537,0.9471264481544495,0.8924137949943542
YHR046C,YDR403W,0,-1.6115063,0.09592549502849579,0.9471264481544495,0.8926436901092529
YML058W,YBL060W,0,-1.6115161,0.09590316563844681,0.9471264481544495,0.8928735852241516
YPR054W,YFR046C,0,-1.612874,0.09588084369897842,0.9471264481544495,0.8931034207344055
YLR051C,YGR148C,0,-1.614453,0.09585853666067123,0.9471264481544495,0.8933333158493042
YOL066C,YNR020C,0,-1.6158093,0.09583624452352524,0.9471264481544495,0.8935632109642029
YJL145W,YLR242C,1,-1.6181954,0.09604651480913162,0.9494252800941467,0.8935632109642029
YOR069W,YOR194C,0,-1.6193149,0.09602417796850204,0.9494252800941467,0.8937931060791016
YDL190C,YBR274W,0,-1.6197264,0.09600185602903366,0.9494252800941467,0.8940230011940002
YGL044C,YNL116W,0,-1.6218011,0.09597954899072647,0.9494252800941467,0.8942528963088989
YNL175C,YPL122C,0,-1.6223766,0.09595724940299988,0.9494252800941467,0.8944827318191528
YMR090W,YPL017C,0,-1.6229564,0.09593495726585388,0.9494252800941467,0.8947126269340515
YDR369C,YDR172W,0,-1.6231607,0.09591268002986908,0.9494252800941467,0.8949425220489502
YDR349C,YIL085C,0,-1.6234533,0.09589041024446487,0.9494252800941467,0.8951724171638489
YMR162C,YLR242C,1,-1.6245104,0.09610027819871902,0.951724112033844,0.8951724171638489
YNL166C,YPR102C,0,-1.6246512,0.09607797861099243,0.951724112033844,0.8954023122787476
YLR405W,YFR019W,0,-1.6249352,0.09605568647384644,0.951724112033844,0.8956322073936462
YKL130C,YPR189W,0,-1.6264482,0.09603340178728104,0.951724112033844,0.8958620429039001
YOR299W,YKR024C,0,-1.6289117,0.09601113200187683,0.951724112033844,0.8960919380187988
YLR383W,YLR419W,0,-1.6307242,0.09598886966705322,0.951724112033844,0.8963218331336975
YJR137C,YFL034C-B,0,-1.6312438,0.09596662223339081,0.951724112033844,0.8965517282485962
YOL077C,YGR234W,0,-1.6333817,0.09594438225030899,0.951724112033844,0.8967816233634949
YJR043C,YGL201C,0,-1.6347796,0.09592214971780777,0.951724112033844,0.8970115184783936
YDR448W,YLR362W,0,-1.6355408,0.09589993208646774,0.951724112033844,0.8972413539886475
YEL011W,YML128C,0,-1.636048,0.09587772190570831,0.951724112033844,0.8974712491035461
YOR246C,YNL113W,0,-1.636319,0.09585551917552948,0.951724112033844,0.8977011442184448
YGR223C,YDR363W-A,0,-1.6367995,0.09583333134651184,0.951724112033844,0.8979310393333435
YNR020C,YMR179W,0,-1.6372098,0.0958111584186554,0.951724112033844,0.8981609344482422
YFL017W-A,YER122C,0,-1.6427265,0.09578898549079895,0.951724112033844,0.8983908295631409
YHL016C,YAL041W,0,-1.6434807,0.0957668274641037,0.951724112033844,0.8986206650733948
YMR167W,YDR414C,0,-1.6457499,0.09574468433856964,0.951724112033844,0.8988505601882935
YOR269W,YGR262C,0,-1.6458877,0.09572254121303558,0.951724112033844,0.8990804553031921
YMR306W,YIL135C,0,-1.64602,0.09570041298866272,0.951724112033844,0.8993103504180908
YFL024C,YML038C,0,-1.648334,0.09567829966545105,0.951724112033844,0.8995402455329895
YGL227W,YOR005C,0,-1.6487725,0.09565619379281998,0.951724112033844,0.8997701406478882
YGL083W,YNL207W,0,-1.6488116,0.0956340953707695,0.951724112033844,0.8999999761581421
YMR311C,YIL131C,0,-1.6492455,0.09561201184988022,0.951724112033844,0.9002298712730408
YCL066W,YMR288W,0,-1.650184,0.09558993577957153,0.951724112033844,0.9004597663879395
YLR316C,YGL211W,0,-1.6504012,0.09556786715984344,0.951724112033844,0.9006896615028381
YAR018C,YMR093W,0,-1.651379,0.09554581344127655,0.951724112033844,0.9009195566177368
YLR440C,YKL205W,0,-1.6528054,0.09552376717329025,0.951724112033844,0.9011494517326355
YNL283C,YLR381W,0,-1.6538842,0.09550172835588455,0.951724112033844,0.9013792872428894
YGL119W,YPL211W,0,-1.6567078,0.09547970443964005,0.951724112033844,0.9016091823577881
YOR312C,YKL144C,0,-1.6570703,0.09545768797397614,0.951724112033844,0.9018390774726868
YPL128C,YIL020C,0,-1.6574217,0.09543568640947342,0.951724112033844,0.9020689725875854
YML069W,YGR123C,0,-1.657509,0.0954136922955513,0.951724112033844,0.9022988677024841
YAL047C,YDL060W,0,-1.6578764,0.09539170563220978,0.951724112033844,0.9025287628173828
YGR166W,YNL279W,0,-1.6580415,0.09536973387002945,0.951724112033844,0.9027585983276367
YPL051W,YCL026C-A,0,-1.6584764,0.09534776955842972,0.951724112033844,0.9029884934425354
YOR274W,YNL124W,0,-1.6594806,0.09532581269741058,0.951724112033844,0.9032183885574341
YDL069C,YCL026C-A,0,-1.6602013,0.09530387073755264,0.951724112033844,0.9034482836723328
YMR115W,YAR050W,0,-1.664402,0.0952819362282753,0.951724112033844,0.9036781787872314
YIR023W,YBR167C,0,-1.6654496,0.09526000916957855,0.951724112033844,0.9039080739021301
YJL124C,YOR310C,0,-1.6656605,0.095238097012043,0.951724112033844,0.904137909412384
YIL079C,YOL017W,0,-1.6658273,0.09521619230508804,0.951724112033844,0.9043678045272827
YBR253W,YMR021C,0,-1.6663963,0.09519429504871368,0.951724112033844,0.9045976996421814
YPR152C,YNL308C,0,-1.6668481,0.09517241269350052,0.951724112033844,0.9048275947570801
YDL103C,YNL325C,0,-1.6675259,0.09515053778886795,0.951724112033844,0.9050574898719788
YLR014C,YDL074C,0,-1.6688898,0.09512867778539658,0.951724112033844,0.9052873849868774
YDR501W,YML088W,0,-1.669078,0.0951068252325058,0.951724112033844,0.9055172204971313
YBL009W,YGR048W,0,-1.669832,0.09508498013019562,0.951724112033844,0.90574711561203
YPL211W,YEL004W,0,-1.6699096,0.09506314247846603,0.951724112033844,0.9059770107269287
YHR079C-A,YBR243C,0,-1.6701812,0.09504131972789764,0.951724112033844,0.9062069058418274
YJL198W,YOR141C,0,-1.6706167,0.09501951187849045,0.951724112033844,0.9064368009567261
YHR101C,YPL159C,0,-1.6710527,0.09499770402908325,0.951724112033844,0.9066666960716248
YKR030W,YDR540C,0,-1.6744534,0.09497591108083725,0.951724112033844,0.9068965315818787
YIL103W,YMR039C,0,-1.6757208,0.09495412558317184,0.951724112033844,0.9071264266967773
YEL030W,YFR052W,0,-1.6773137,0.09493235498666763,0.951724112033844,0.907356321811676
YJL065C,YCR002C,0,-1.6773597,0.09491059184074402,0.951724112033844,0.9075862169265747
YNL310C,YGL250W,0,-1.679348,0.094888836145401,0.951724112033844,0.9078161120414734
YNR021W,YEL042W,0,-1.6802778,0.09486709535121918,0.951724112033844,0.9080459475517273
YDL215C,YBR172C,0,-1.6809658,0.09484536200761795,0.951724112033844,0.908275842666626
YML010W,YOR063W,0,-1.6811229,0.09482363611459732,0.951724112033844,0.9085057377815247
YPL051W,YER122C,0,-1.6812803,0.09480192512273788,0.951724112033844,0.9087356328964233
YNR013C,YHR032W,0,-1.6822358,0.09478022158145905,0.951724112033844,0.908965528011322
YGL213C,YJR007W,0,-1.687808,0.0947585254907608,0.951724112033844,0.9091954231262207
YJL139C,YCL063W,0,-1.6884483,0.09473684430122375,0.951724112033844,0.9094252586364746
YGR063C,YDL216C,0,-1.6886947,0.0947151705622673,0.951724112033844,0.9096551537513733
YGR281W,YOL033W,0,-1.6897417,0.09469350427389145,0.951724112033844,0.909885048866272
YHR207C,YDL039C,0,-1.69001,0.09467185288667679,0.951724112033844,0.9101149439811707
YOL123W,YLR343W,0,-1.6901205,0.09465020895004272,0.951724112033844,0.9103448390960693
YNL107W,YBR105C,0,-1.6911377,0.09462857246398926,0.951724112033844,0.910574734210968
YER122C,YBR152W,0,-1.692249,0.09460694342851639,0.951724112033844,0.9108045697212219
YBL034C,YOR205C,0,-1.6940349,0.09458532929420471,0.951724112033844,0.9110344648361206
YDR219C,YGR048W,0,-1.6952435,0.09456373006105423,0.951724112033844,0.9112643599510193
YMR233W,YIL004C,0,-1.6965169,0.09454213082790375,0.951724112033844,0.911494255065918
YJR057W,YMR068W,0,-1.6973593,0.09452054649591446,0.951724112033844,0.9117241501808167
YIL009C-A,YOR340C,0,-1.6974678,0.09449896961450577,0.951724112033844,0.9119540452957153
YNL087W,YOR043W,0,-1.6980582,0.09447740763425827,0.951724112033844,0.9121838808059692
YMR197C,YDR123C,0,-1.6986262,0.09445585310459137,0.951724112033844,0.9124137759208679
YBL067C,YLR026C,0,-1.6991657,0.09443430602550507,0.951724112033844,0.9126436710357666
YGL155W,YFR013W,0,-1.6996292,0.09441277384757996,0.951724112033844,0.9128735661506653
YDL202W,YOR076C,0,-1.6999677,0.09439124166965485,0.951724112033844,0.913103461265564
YLR010C,YLL033W,0,-1.7016462,0.09436973184347153,0.951724112033844,0.9133333563804626
YHR058C,YER022W,0,-1.7019712,0.09434822201728821,0.951724112033844,0.9135631918907166
YLR423C,YOL065C,0,-1.7031769,0.09432672709226608,0.951724112033844,0.9137930870056152
YHR025W,YML073C,0,-1.7039512,0.09430523961782455,0.951724112033844,0.9140229821205139
YJR002W,YJR076C,0,-1.7060462,0.09428375959396362,0.951724112033844,0.9142528772354126
YJL125C,YKL208W,0,-1.7061094,0.09426229447126389,0.951724112033844,0.9144827723503113
YNL323W,YMR079W,1,-1.7070451,0.09446847438812256,0.954023003578186,0.9144827723503113
YOR198C,YPR101W,0,-1.7080526,0.09444697201251984,0.954023003578186,0.91471266746521
YBR125C,YDR253C,0,-1.7088603,0.09442548453807831,0.954023003578186,0.9149425029754639
YLR081W,YMR323W,0,-1.7094368,0.09440400451421738,0.954023003578186,0.9151723980903625
YGL059W,YDR262W,0,-1.7104918,0.09438253194093704,0.954023003578186,0.9154022932052612
YIL115C,YDR119W,0,-1.7110218,0.0943610742688179,0.954023003578186,0.9156321883201599
YBR129C,YNL099C,0,-1.7111714,0.09433962404727936,0.954023003578186,0.9158620834350586
YCR020C,YDR043C,0,-1.7112086,0.09431818127632141,0.954023003578186,0.9160919785499573
YMR283C,YBR123C,0,-1.712829,0.09429675340652466,0.954023003578186,0.9163218140602112
YJL134W,YGR169C,0,-1.7129589,0.0942753329873085,0.954023003578186,0.9165517091751099
YER118C,YGR169C,0,-1.7130333,0.09425392001867294,0.954023003578186,0.9167816042900085
YJL122W,YML074C,0,-1.7147094,0.09423251450061798,0.954023003578186,0.9170114994049072
YLR452C,YDR324C,0,-1.7148348,0.09421112388372421,0.954023003578186,0.9172413945198059
YBL052C,YPL122C,0,-1.7152392,0.09418974071741104,0.954023003578186,0.9174712896347046
YBR044C,YBR251W,0,-1.7155408,0.09416836500167847,0.954023003578186,0.9177011251449585
YJL187C,YLR396C,0,-1.7174004,0.09414700418710709,0.954023003578186,0.9179310202598572
YGR247W,YPL099C,0,-1.7192246,0.0941256508231163,0.954023003578186,0.9181609153747559
YER162C,YDL225W,0,-1.7203146,0.09410430490970612,0.954023003578186,0.9183908104896545
YOR324C,YHR085W,0,-1.721188,0.09408297389745712,0.954023003578186,0.9186207056045532
YDL168W,YKR029C,0,-1.7213298,0.09406165033578873,0.954023003578186,0.9188506007194519
YJR138W,YGL014W,0,-1.721583,0.09404033422470093,0.954023003578186,0.9190804362297058
YNL061W,YDR119W,0,-1.722921,0.09401903301477432,0.954023003578186,0.9193103313446045
YOR037W,YBR198C,0,-1.7238305,0.09399773180484772,0.954023003578186,0.9195402264595032
YNR026C,YJL116C,0,-1.7250658,0.0939764529466629,0.954023003578186,0.9197701215744019
YKL130C,YGL136C,0,-1.7258267,0.09395517408847809,0.954023003578186,0.9200000166893005
YLR100W,YMR019W,0,-1.7265493,0.09393391013145447,0.954023003578186,0.9202299118041992
YPL082C,YOL067C,0,-1.7290912,0.09391265362501144,0.954023003578186,0.9204597473144531
YDR409W,YJL209W,0,-1.7292112,0.09389140456914902,0.954023003578186,0.9206896424293518
YIL145C,YHR082C,0,-1.7331806,0.09387016296386719,0.954023003578186,0.9209195375442505
YIL126W,YJL008C,0,-1.7347736,0.09384893625974655,0.954023003578186,0.9211494326591492
YNL212W,YBR187W,0,-1.7354295,0.09382771700620651,0.954023003578186,0.9213793277740479
YNL272C,YLR170C,0,-1.7356329,0.09380651265382767,0.954023003578186,0.9216092228889465
YDR527W,YIR018W,0,-1.736109,0.09378530830144882,0.954023003578186,0.9218390583992004
YPR163C,YDR119W,0,-1.7362889,0.09376411885023117,0.954023003578186,0.9220689535140991
YML073C,YKR025W,0,-1.7370288,0.09374294430017471,0.954023003578186,0.9222988486289978
YOR317W,YKL091C,1,-1.7373871,0.09394760429859161,0.9563218355178833,0.9222988486289978
YJL008C,YMR061W,0,-1.7385305,0.09392639249563217,0.9563218355178833,0.9225287437438965
YOR371C,YHR167W,0,-1.7385415,0.09390519559383392,0.9563218355178833,0.9227586388587952
YJL145W,YPR009W,1,-1.7397873,0.0941096842288971,0.9586206674575806,0.9227586388587952
YKL059C,YLR145W,0,-1.7420431,0.09408845007419586,0.9586206674575806,0.9229885339736938
YLR242C,YMR079W,1,-1.7432307,0.09429280459880829,0.9609195590019226,0.9229885339736938
YOR368W,YOR283W,0,-1.7445642,0.09427154064178467,0.9609195590019226,0.9232183694839478
YOR171C,YMR277W,0,-1.7463162,0.09425028413534164,0.9609195590019226,0.9234482645988464
YEL030W,YOL007C,0,-1.747194,0.09422903507947922,0.9609195590019226,0.9236781597137451
YML034W,YGR091W,0,-1.7475182,0.09420780092477798,0.9609195590019226,0.9239080548286438
YLR383W,YDR117C,0,-1.7475302,0.09418657422065735,0.9609195590019226,0.9241379499435425
YGR184C,YGR271W,0,-1.7485908,0.09416535496711731,0.9609195590019226,0.9243678450584412
YDR233C,YDR064W,0,-1.7488831,0.09414414316415787,0.9609195590019226,0.9245976805686951
YDR082W,YLR438C-A,0,-1.7491704,0.09412294626235962,0.9609195590019226,0.9248275756835938
YJR137C,YEL016C,0,-1.7491767,0.09410175681114197,0.9609195590019226,0.9250574707984924
YKL188C,YPR009W,1,-1.7492547,0.09430564939975739,0.9632183909416199,0.9250574707984924
YFL038C,YDR510W,0,-1.75011,0.09428443014621735,0.9632183909416199,0.9252873659133911
YCL055W,YOL017W,0,-1.7502003,0.0942632183432579,0.9632183909416199,0.9255172610282898
YDR117C,YMR288W,0,-1.7517546,0.09424201399087906,0.9632183909416199,0.9257471561431885
YOR073W,YLR372W,0,-1.7526878,0.09422082453966141,0.9632183909416199,0.9259769916534424
YNL210W,YGR157W,0,-1.7528013,0.09419964253902435,0.9632183909416199,0.9262068867683411
YDR182W,YIL113W,0,-1.7550143,0.0941784679889679,0.9632183909416199,0.9264367818832397
YGR192C,YJL052W,0,-1.7566458,0.09415730088949203,0.9632183909416199,0.9266666769981384
YMR093W,YOL145C,0,-1.7575132,0.09413614869117737,0.9632183909416199,0.9268965721130371
YML071C,YGR140W,0,-1.758808,0.0941150039434433,0.9632183909416199,0.927126407623291
YHR058C,YLR035C,0,-1.7596744,0.09409386664628983,0.9632183909416199,0.9273563027381897
YHR031C,YMR146C,0,-1.7601461,0.09407274425029755,0.9632183909416199,0.9275861978530884
YER013W,YJL157C,0,-1.7622952,0.09405162930488586,0.9632183909416199,0.9278160929679871
YLL019C,YOR338W,0,-1.7628225,0.09403052181005478,0.9632183909416199,0.9280459880828857
YNL210W,YJR065C,0,-1.765706,0.09400942176580429,0.9632183909416199,0.9282758831977844
YDR457W,YDR473C,0,-1.7702037,0.093988336622715,0.9632183909416199,0.9285057187080383
YDR369C,YNR039C,0,-1.7707661,0.0939672589302063,0.9632183909416199,0.928735613822937
YDR137W,YKL190W,0,-1.772139,0.0939461886882782,0.9632183909416199,0.9289655089378357
YNL047C,YMR128W,0,-1.774557,0.0939251258969307,0.9632183909416199,0.9291954040527344
YLR139C,YNL299W,0,-1.7760127,0.09390407800674438,0.9632183909416199,0.9294252991676331
YMR168C,YNL088W,0,-1.7767868,0.09388303756713867,0.9632183909416199,0.9296551942825317
YJL158C,YFL031W,0,-1.7774626,0.09386200457811356,0.9632183909416199,0.9298850297927856
YDR410C,YNR039C,0,-1.7775093,0.09384098649024963,0.9632183909416199,0.9301149249076843
YOR038C,YBL089W,0,-1.7776151,0.09381997585296631,0.9632183909416199,0.930344820022583
YOR037W,YOR288C,0,-1.7794554,0.09379897266626358,0.9632183909416199,0.9305747151374817
YER113C,YJR112W,0,-1.7797621,0.09377797693014145,0.9632183909416199,0.9308046102523804
YGR134W,YML006C,0,-1.7808081,0.09375699609518051,0.9632183909416199,0.931034505367279
YEL063C,YDR484W,0,-1.7815343,0.09373601526021957,0.9632183909416199,0.931264340877533
YNR054C,YBR068C,0,-1.7818456,0.09371504932641983,0.9632183909416199,0.9314942359924316
YHR107C,YGR134W,0,-1.7824736,0.09369409829378128,0.9632183909416199,0.9317241311073303
YMR056C,YIL101C,0,-1.784074,0.09367314726114273,0.9632183909416199,0.931954026222229
YBL090W,YKL208W,0,-1.7843565,0.09365221112966537,0.9632183909416199,0.9321839213371277
YDL103C,YMR233W,0,-1.7846903,0.09363128244876862,0.9632183909416199,0.9324138164520264
YLR151C,YDL153C,0,-1.7849203,0.09361036866903305,0.9632183909416199,0.9326436519622803
YNL153C,YDL040C,0,-1.7864004,0.09358945488929749,0.9632183909416199,0.932873547077179
YDR153C,YNR006W,0,-1.7912822,0.09356855601072311,0.9632183909416199,0.9331034421920776
YOR106W,YML099C,0,-1.7951814,0.09354766458272934,0.9632183909416199,0.9333333373069763
YAL034W-A,YDR302W,0,-1.7958533,0.09352678805589676,0.9632183909416199,0.933563232421875
YDR373W,YDL104C,0,-1.7988256,0.09350591152906418,0.9632183909416199,0.9337931275367737
YJL112W,YPL246C,0,-1.7988738,0.09348504990339279,0.9632183909416199,0.9340229630470276
YOR362C,YIR009W,0,-1.7989995,0.093464195728302,0.9632183909416199,0.9342528581619263
YLR380W,YPR009W,1,-1.8006406,0.09366636723279953,0.9655172228813171,0.9342528581619263
YOR069W,YLR393W,0,-1.8020535,0.09364548325538635,0.9655172228813171,0.934482753276825
YDR339C,YLR080W,0,-1.8027865,0.09362460672855377,0.9655172228813171,0.9347126483917236
YLL011W,YDR037W,0,-1.8032168,0.09360374510288239,0.9655172228813171,0.9349425435066223
YOR306C,YOL158C,0,-1.803801,0.0935828909277916,0.9655172228813171,0.935172438621521
YER114C,YOR368W,0,-1.8057741,0.0935620442032814,0.9655172228813171,0.9354022741317749
YHR129C,YML058W-A,0,-1.8080295,0.0935412049293518,0.9655172228813171,0.9356321692466736
YDR320C,YML080W,0,-1.8082253,0.09352037310600281,0.9655172228813171,0.9358620643615723
YLR272C,YNL222W,0,-1.8103716,0.093499556183815,0.9655172228813171,0.936091959476471
YLR396C,YOL006C,0,-1.8111204,0.0934787467122078,0.9655172228813171,0.9363218545913696
YDR191W,YOR074C,0,-1.8121722,0.09345794469118118,0.9655172228813171,0.9365517497062683
YPL011C,YPL101W,0,-1.812832,0.09343715012073517,0.9655172228813171,0.9367815852165222
YDR534C,YNL222W,0,-1.8190582,0.09341637045145035,0.9655172228813171,0.9370114803314209
YNL206C,YHR166C,0,-1.8213363,0.09339559823274612,0.9655172228813171,0.9372413754463196
YLR309C,YDR312W,0,-1.8214265,0.0933748334646225,0.9655172228813171,0.9374712705612183
YGR229C,YBR002C,0,-1.8220696,0.09335407614707947,0.9655172228813171,0.9377011656761169
YPR164W,YDR507C,0,-1.8246857,0.09333333373069763,0.9655172228813171,0.9379310607910156
YER174C,YLR147C,0,-1.8294586,0.09331259876489639,0.9655172228813171,0.9381608963012695
YDR017C,YOR295W,0,-1.8308069,0.09329187124967575,0.9655172228813171,0.9383907914161682
YBR102C,YOL006C,0,-1.8312947,0.0932711511850357,0.9655172228813171,0.9386206865310669
YGL225W,YFR028C,0,-1.8331529,0.09325044602155685,0.9655172228813171,0.9388505816459656
YLL052C,YDR079W,0,-1.8347312,0.0932297483086586,0.9655172228813171,0.9390804767608643
YMR117C,YDR419W,0,-1.8347894,0.09320905804634094,0.9655172228813171,0.9393103718757629
YDR364C,YNR026C,0,-1.835279,0.09318837523460388,0.9655172228813171,0.9395402073860168
YCR057C,YDL039C,0,-1.8374679,0.09316769987344742,0.9655172228813171,0.9397701025009155
YBL076C,YPL226W,0,-1.8380466,0.09314703941345215,0.9655172228813171,0.9399999976158142
YGL162W,YPR009W,1,-1.8382889,0.09334811568260193,0.9678161144256592,0.9399999976158142
YDR052C,YML113W,0,-1.8385481,0.09332742542028427,0.9678161144256592,0.9402298927307129
YOR224C,YKR087C,0,-1.8395159,0.09330673515796661,0.9678161144256592,0.9404597878456116
YHR134W,YER161C,0,-1.8406142,0.09328605979681015,0.9678161144256592,0.9406896829605103
YKL094W,YMR090W,0,-1.8412756,0.09326539933681488,0.9678161144256592,0.9409195184707642
YJR040W,YOL141W,0,-1.8413002,0.09324473887681961,0.9678161144256592,0.9411494135856628
YOR216C,YPR189W,0,-1.8445127,0.09322409331798553,0.9678161144256592,0.9413793087005615
YGL179C,YMR323W,0,-1.844925,0.09320345520973206,0.9678161144256592,0.9416092038154602
YJL204C,YGR133W,0,-1.8483654,0.09318282455205917,0.9678161144256592,0.9418390989303589
YKL130C,YOR310C,0,-1.849118,0.09316220134496689,0.9678161144256592,0.9420689940452576
YMR246W,YPR009W,1,-1.8529587,0.09336283057928085,0.9701149463653564,0.9420689940452576
YMR227C,YJL156C,0,-1.8535634,0.09334217756986618,0.9701149463653564,0.9422988295555115
YDR450W,YDL166C,0,-1.8556799,0.0933215394616127,0.9701149463653564,0.9425287246704102
YMR075W,YLR438C-A,0,-1.85598,0.09330090880393982,0.9701149463653564,0.9427586197853088
YOR224C,YLR430W,0,-1.8575962,0.09328028559684753,0.9701149463653564,0.9429885149002075
YMR241W,YOR205C,0,-1.8580331,0.09325966984033585,0.9701149463653564,0.9432184100151062
YDR311W,YFR055W,0,-1.8581911,0.09323906153440475,0.9701149463653564,0.9434483051300049
YLL029W,YDR240C,0,-1.8594992,0.09321846812963486,0.9701149463653564,0.9436781406402588
YOL034W,YGR014W,0,-1.8603774,0.09319788217544556,0.9701149463653564,0.9439080357551575
YER030W,YGR258C,0,-1.8609583,0.09317730367183685,0.9701149463653564,0.9441379308700562
YOR224C,YPR049C,0,-1.8625641,0.09315673261880875,0.9701149463653564,0.9443678259849548
YEL062W,YGL174W,0,-1.8662775,0.09313617646694183,0.9701149463653564,0.9445977210998535
YLR298C,YOR017W,0,-1.8668493,0.09311562031507492,0.9701149463653564,0.9448275566101074
YER002W,YJR112W,0,-1.8676566,0.0930950790643692,0.9701149463653564,0.9450574517250061
YOR284W,YBR244W,0,-1.8718425,0.09307454526424408,0.9701149463653564,0.9452873468399048
YJR138W,YOR245C,0,-1.8724785,0.09305402636528015,0.9701149463653564,0.9455172419548035
YBL004W,YER157W,0,-1.8759419,0.09303350746631622,0.9701149463653564,0.9457471370697021
YMR312W,YKL173W,0,-1.878299,0.09301300346851349,0.9701149463653564,0.9459770321846008
YPL180W,YLR154C,0,-1.8787271,0.09299250692129135,0.9701149463653564,0.9462068676948547
YHR046C,YDL045C,0,-1.8793772,0.09297201782464981,0.9701149463653564,0.9464367628097534
YOR073W,YLR135W,0,-1.8835152,0.09295154362916946,0.9701149463653564,0.9466666579246521
YPL160W,YKR044W,0,-1.8898308,0.09293106943368912,0.9701149463653564,0.9468965530395508
YMR273C,YDL059C,0,-1.8920043,0.09291061013936996,0.9701149463653564,0.9471264481544495
YMR116C,YOR226C,0,-1.8945943,0.09289015829563141,0.9701149463653564,0.9473563432693481
YPL085W,YER113C,0,-1.8951651,0.09286972135305405,0.9701149463653564,0.947586178779602
YDL227C,YMR240C,0,-1.8967004,0.09284928441047668,0.9701149463653564,0.9478160738945007
YLR287C-A,YDR064W,0,-1.8975111,0.09282886236906052,0.9701149463653564,0.9480459690093994
YDL227C,YDR520C,0,-1.8985808,0.09280844777822495,0.9701149463653564,0.9482758641242981
YOL140W,YLR319C,0,-1.8988006,0.09278804063796997,0.9701149463653564,0.9485057592391968
YOR188W,YDL164C,0,-1.9019016,0.0927676409482956,0.9701149463653564,0.9487356543540955
YGL162W,YMR079W,1,-1.9058698,0.09296703338623047,0.9724137783050537,0.9487356543540955
YPR009W,YDL019C,1,-1.906455,0.09316633641719818,0.9747126698493958,0.9487356543540955
YJR031C,YOR127W,0,-1.9083465,0.09314586967229843,0.9747126698493958,0.9489654898643494
YDR418W,YLR153C,0,-1.9084616,0.09312541037797928,0.9747126698493958,0.949195384979248
YBR175W,YIL131C,0,-1.9107882,0.09310496598482132,0.9747126698493958,0.9494252800941467
YPL020C,YDL216C,0,-1.9108344,0.09308452159166336,0.9747126698493958,0.9496551752090454
YKL108W,YNL128W,0,-1.9130623,0.0930640920996666,0.9747126698493958,0.9498850703239441
YER180C,YMR039C,0,-1.9131783,0.09304367005825043,0.9747126698493958,0.9501149654388428
YEL036C,YGL071W,0,-1.9148068,0.09302325546741486,0.9747126698493958,0.9503448009490967
YLR025W,YOR123C,0,-1.9152704,0.09300284832715988,0.9747126698493958,0.9505746960639954
YGR194C,YGL229C,0,-1.9159253,0.0929824560880661,0.9747126698493958,0.950804591178894
YDR184C,YOR297C,0,-1.9214967,0.09296207129955292,0.9747126698493958,0.9510344862937927
YNL112W,YGL211W,0,-1.9223228,0.09294169396162033,0.9747126698493958,0.9512643814086914
YLR242C,YOR237W,1,-1.922814,0.09314047545194626,0.977011501789093,0.9512643814086914
YOR329C,YBR228W,0,-1.925405,0.09312006831169128,0.977011501789093,0.9514942765235901
YBR278W,YER104W,0,-1.9275272,0.0930996686220169,0.977011501789093,0.951724112033844
YOR198C,YDL005C,0,-1.9279062,0.09307928383350372,0.977011501789093,0.9519540071487427
YLR380W,YGL162W,1,-1.928933,0.09327786415815353,0.9793103337287903,0.9519540071487427
YPL217C,YLR274W,0,-1.9296759,0.09325744211673737,0.9793103337287903,0.9521839022636414
YGR264C,YGL060W,0,-1.9342866,0.09323703497648239,0.9793103337287903,0.95241379737854
YDR219C,YJL006C,0,-1.93685,0.09321662783622742,0.9793103337287903,0.9526436924934387
YMR142C,YJL051W,0,-1.9378529,0.09319623559713364,0.9793103337287903,0.9528735876083374
YHR031C,YLR197W,0,-1.9394602,0.09317585080862045,0.9793103337287903,0.9531034231185913
YNL188W,YGL035C,0,-1.9400407,0.09315548092126846,0.9793103337287903,0.95333331823349
YDR420W,YHR178W,0,-1.9416384,0.09313511103391647,0.9793103337287903,0.9535632133483887
YDL006W,YHR196W,0,-1.942279,0.09311475604772568,0.9793103337287903,0.9537931084632874
YER029C,YBR170C,0,-1.9424759,0.09309440851211548,0.9793103337287903,0.954023003578186
YNL053W,YPL194W,0,-1.9481931,0.09307406842708588,0.9793103337287903,0.9542528986930847
YPR160W,YMR291W,0,-1.9550215,0.09305373579263687,0.9793103337287903,0.9544827342033386
YLR321C,YMR004W,0,-1.9554883,0.09303341060876846,0.9793103337287903,0.9547126293182373
YLR244C,YMR269W,0,-1.9561251,0.09301310032606125,0.9793103337287903,0.954942524433136
YBR145W,YNR060W,0,-1.9611746,0.09299279749393463,0.9793103337287903,0.9551724195480347
YMR135C,YKL078W,0,-1.9645251,0.09297250211238861,0.9793103337287903,0.9554023146629333
YNR067C,YJR110W,0,-1.9656168,0.09295221418142319,0.9793103337287903,0.955632209777832
YHR058C,YIL143C,0,-1.9667836,0.09293193370103836,0.9793103337287903,0.9558620452880859
YMR098C,YGL153W,0,-1.9706239,0.09291166812181473,0.9793103337287903,0.9560919404029846
YJL085W,YKL179C,0,-1.9737653,0.09289140999317169,0.9793103337287903,0.9563218355178833
YKR020W,YKL173W,0,-1.9754063,0.09287115931510925,0.9793103337287903,0.956551730632782
YDL107W,YKL137W,0,-1.9766158,0.09285091608762741,0.9793103337287903,0.9567816257476807
YJL109C,YFR005C,0,-1.9791781,0.09283068031072617,0.9793103337287903,0.9570115208625793
YBL069W,YOL141W,0,-1.9802369,0.09281045943498611,0.9793103337287903,0.9572413563728333
YOL077C,YHR070W,0,-1.9813884,0.09279023855924606,0.9793103337287903,0.9574712514877319
YML097C,YDR207C,0,-1.9853809,0.0927700325846672,0.9793103337287903,0.9577011466026306
YNL323W,YPR009W,1,-1.986334,0.09296756237745285,0.9816091656684875,0.9577011466026306
YDR364C,YLR035C,0,-1.9904352,0.09294731914997101,0.9816091656684875,0.9579310417175293
YNL229C,YNR044W,0,-1.9917951,0.09292709827423096,0.9816091656684875,0.958160936832428
YGL086W,YOR127W,0,-1.9925433,0.0929068773984909,0.9816091656684875,0.9583908319473267
YIL021W,YBL092W,0,-1.9932202,0.09288666397333145,0.9816091656684875,0.9586206674575806
YDL024C,YMR164C,0,-1.9934477,0.09286646544933319,0.9816091656684875,0.9588505625724792
YHR200W,YJL112W,0,-1.9937984,0.09284627437591553,0.9816091656684875,0.9590804576873779
YGR209C,YPR119W,0,-1.9938036,0.09282608330249786,0.9816091656684875,0.9593103528022766
YMR100W,YDR311W,0,-1.9958793,0.09280591458082199,0.9816091656684875,0.9595402479171753
YNL264C,YOR237W,1,-1.998506,0.0930030420422554,0.9839080572128296,0.9595402479171753
YJL204C,YGL071W,0,-1.9999303,0.09298283606767654,0.9839080572128296,0.959770143032074
YNL227C,YLR022C,0,-2.0038495,0.09296263754367828,0.9839080572128296,0.9599999785423279
YLR316C,YBL024W,0,-2.0040684,0.09294245392084122,0.9839080572128296,0.9602298736572266
YER118C,YGL112C,0,-2.0070567,0.09292227774858475,0.9839080572128296,0.9604597687721252
YJL140W,YNL166C,0,-2.0090222,0.09290210902690887,0.9839080572128296,0.9606896638870239
YHR171W,YDR512C,0,-2.009081,0.0928819477558136,0.9839080572128296,0.9609195590019226
YDR255C,YDR512C,0,-2.0151296,0.09286179393529892,0.9839080572128296,0.9611494541168213
YOL097C,YOR182C,0,-2.0174458,0.09284164756536484,0.9839080572128296,0.9613792896270752
YNL256W,YKR022C,0,-2.017912,0.09282151609659195,0.9839080572128296,0.9616091847419739
YEL004W,YGR218W,0,-2.019063,0.09280138462781906,0.9839080572128296,0.9618390798568726
YMR058W,YBR070C,0,-2.0219784,0.09278126806020737,0.9839080572128296,0.9620689749717712
YDR195W,YCL069W,0,-2.0221612,0.09276115894317627,0.9839080572128296,0.9622988700866699
YGR123C,YNR020C,0,-2.0223515,0.09274106472730637,0.9839080572128296,0.9625287652015686
YLR380W,YOR237W,1,-2.0236588,0.09293761104345322,0.9862068891525269,0.9625287652015686
YLR433C,YLR369W,0,-2.0282025,0.09291747957468033,0.9862068891525269,0.9627586007118225
YLR418C,YJR112W,0,-2.0282674,0.09289735555648804,0.9862068891525269,0.9629884958267212
YGR096W,YDR144C,0,-2.0305095,0.09287724643945694,0.9862068891525269,0.9632183909416199
YNL188W,YJR043C,0,-2.0330229,0.09285714477300644,0.9862068891525269,0.9634482860565186
YGL124C,YKR086W,0,-2.0354047,0.09283705055713654,0.9862068891525269,0.9636781811714172
YLR096W,YLR191W,0,-2.0429063,0.09281696379184723,0.9862068891525269,0.9639080166816711
YDR364C,YPL244C,0,-2.048585,0.09279688447713852,0.9862068891525269,0.9641379117965698
YOR237W,YPR009W,1,-2.0495076,0.09299308061599731,0.9885057210922241,0.9641379117965698
YJR022W,YML099C,0,-2.050559,0.09297297149896622,0.9885057210922241,0.9643678069114685
YDR138W,YMR290C,0,-2.0565152,0.09295287728309631,0.9885057210922241,0.9645977020263672
YNL329C,YPR137W,0,-2.0587366,0.09293278306722641,0.9885057210922241,0.9648275971412659
YDR198C,YML099C,0,-2.05963,0.0929127037525177,0.9885057210922241,0.9650574922561646
YNR012W,YPR135W,0,-2.0609803,0.09289263188838959,0.9885057210922241,0.9652873277664185
YBR274W,YJR097W,0,-2.0610213,0.09287256747484207,0.9885057210922241,0.9655172228813171
YDR312W,YBR258C,0,-2.0632827,0.09285251796245575,0.9885057210922241,0.9657471179962158
YIL061C,YIL099W,0,-2.063305,0.09283246845006943,0.9885057210922241,0.9659770131111145
YMR019W,YML094W,0,-2.0645556,0.0928124338388443,0.9885057210922241,0.9662069082260132
YNL283C,YLR117C,0,-2.064651,0.09279240667819977,0.9885057210922241,0.9664368033409119
YMR228W,YCR089W,0,-2.066072,0.09277238696813583,0.9885057210922241,0.9666666388511658
YPR125W,YDR166C,0,-2.0674176,0.0927523747086525,0.9885057210922241,0.9668965339660645
YNL083W,YMR283C,0,-2.068087,0.09273236989974976,0.9885057210922241,0.9671264290809631
YDR058C,YDR532C,0,-2.0690622,0.09271237254142761,0.9885057210922241,0.9673563241958618
YLL034C,YOR064C,0,-2.0719643,0.09269239008426666,0.9885057210922241,0.9675862193107605
YGR089W,YER115C,0,-2.0728662,0.09267241507768631,0.9885057210922241,0.9678161144256592
YPR066W,YJR075W,0,-2.0737152,0.09265244752168655,0.9885057210922241,0.9680459499359131
YKR081C,YDL061C,0,-2.0753617,0.0926324874162674,0.9885057210922241,0.9682758450508118
YLR128W,YKL144C,0,-2.078736,0.09261253476142883,0.9885057210922241,0.9685057401657104
YOR106W,YFL034C-B,0,-2.0795696,0.09259258955717087,0.9885057210922241,0.9687356352806091
YDR379W,YKR101W,0,-2.0874681,0.0925726592540741,0.9885057210922241,0.9689655303955078
YDL159W,YBL054W,0,-2.0912848,0.09255273640155792,0.9885057210922241,0.9691954255104065
YGL162W,YMR246W,1,-2.0960436,0.0927480086684227,0.9908046126365662,0.9691954255104065
YLL033W,YGR133W,0,-2.1032352,0.09272805601358414,0.9908046126365662,0.9694252610206604
YBR079C,YAL003W,0,-2.1102777,0.09270811080932617,0.9908046126365662,0.9696551561355591
YLR222C,YOR205C,0,-2.111023,0.0926881730556488,0.9908046126365662,0.9698850512504578
YOR233W,YLR386W,0,-2.113723,0.09266824275255203,0.9908046126365662,0.9701149463653564
YOL105C,YLL033W,0,-2.1152427,0.09264831990003586,0.9908046126365662,0.9703448414802551
YOR037W,YDL207W,0,-2.1184697,0.09262841194868088,0.9908046126365662,0.9705747365951538
YLR362W,YPR018W,0,-2.1220884,0.0926085114479065,0.9908046126365662,0.9708045721054077
YJL200C,YDR037W,0,-2.1251917,0.09258861094713211,0.9908046126365662,0.9710344672203064
YBL039C,YOR141C,0,-2.1290996,0.09256872534751892,0.9908046126365662,0.9712643623352051
YGL213C,YDL043C,0,-2.1347165,0.09254885464906693,0.9908046126365662,0.9714942574501038
YKL011C,YML064C,0,-2.1364577,0.09252898395061493,0.9908046126365662,0.9717241525650024
YCL061C,YGL250W,0,-2.1467805,0.09250912070274353,0.9908046126365662,0.9719540476799011
YNL212W,YNL172W,0,-2.1490655,0.09248927235603333,0.9908046126365662,0.972183883190155
YJL145W,YGL162W,1,-2.1513638,0.09268397092819214,0.9931034445762634,0.972183883190155
YDL103C,YOR058C,0,-2.1550565,0.09266409277915955,0.9931034445762634,0.9724137783050537
YHR115C,YDR351W,0,-2.1611905,0.09264422208070755,0.9931034445762634,0.9726436734199524
YBL004W,YPL157W,0,-2.1623602,0.09262435883283615,0.9931034445762634,0.9728735685348511
YIL046W,YDR082W,0,-2.1636689,0.09260450303554535,0.9931034445762634,0.9731034636497498
YIL061C,YBL055C,0,-2.1683912,0.09258465468883514,0.9931034445762634,0.9733333587646484
YIL027C,YPL038W,0,-2.17413,0.09256481379270554,0.9931034445762634,0.9735631942749023
YLR262C,YNL225C,0,-2.1755004,0.09254498779773712,0.9931034445762634,0.973793089389801
YMR217W,YGR027C,0,-2.1758428,0.0925251692533493,0.9931034445762634,0.9740229845046997
YDR299W,YNL053W,0,-2.179634,0.09250535070896149,0.9931034445762634,0.9742528796195984
YGL017W,YMR128W,0,-2.1816459,0.09248554706573486,0.9931034445762634,0.9744827747344971
YNL147W,YFL023W,0,-2.18264,0.09246575087308884,0.9931034445762634,0.9747126698493958
YDR017C,YOR294W,0,-2.1919546,0.092445969581604,0.9931034445762634,0.9749425053596497
YPL024W,YLR035C,0,-2.1955595,0.09242618829011917,0.9931034445762634,0.9751724004745483
YPR162C,YNR023W,0,-2.2073936,0.09240641444921494,0.9931034445762634,0.975402295589447
YLR396C,YBR278W,0,-2.2082396,0.0923866555094719,0.9931034445762634,0.9756321907043457
YGL017W,YNL279W,0,-2.2097425,0.09236690402030945,0.9931034445762634,0.9758620858192444
YNL175C,YNL207W,0,-2.211949,0.0923471599817276,0.9931034445762634,0.9760919809341431
YKL021C,YDR167W,0,-2.2147021,0.09232742339372635,0.9931034445762634,0.976321816444397
YMR162C,YPR009W,1,-2.2205725,0.09252136945724487,0.9954022765159607,0.976321816444397
YGR263C,YHR092C,0,-2.2253783,0.09250160306692123,0.9954022765159607,0.9765517115592957
YOL070C,YLR421C,0,-2.2380705,0.09248184412717819,0.9954022765159607,0.9767816066741943
YHR153C,YBR216C,0,-2.247837,0.09246210008859634,0.9954022765159607,0.977011501789093
YBL068W,YLR388W,0,-2.250834,0.0924423560500145,0.9954022765159607,0.9772413969039917
YBR244W,YPL122C,0,-2.2512298,0.09242262691259384,0.9954022765159607,0.9774712920188904
YNR027W,YNL119W,0,-2.2569294,0.09240290522575378,0.9954022765159607,0.9777011275291443
YHR036W,YCR060W,0,-2.2570248,0.09238319098949432,0.9954022765159607,0.977931022644043
YPR132W,YHR089C,0,-2.2571063,0.09236348420381546,0.9954022765159607,0.9781609177589417
YGL213C,YNL210W,0,-2.258053,0.0923437848687172,0.9954022765159607,0.9783908128738403
YIL103W,YMR146C,0,-2.2588615,0.09232409298419952,0.9954022765159607,0.978620707988739
YPL143W,YJL191W,0,-2.2600665,0.09230441600084305,0.9954022765159607,0.9788506031036377
YLR008C,YNL185C,0,-2.266787,0.09228473901748657,0.9954022765159607,0.9790804386138916
YGR089W,YFL013C,0,-2.2674441,0.09226507693529129,0.9954022765159607,0.9793103337287903
YLR242C,YPR009W,1,-2.2726014,0.09245845675468445,0.9977011680603027,0.9793103337287903
YGR089W,YCR042C,0,-2.275464,0.09243876487016678,0.9977011680603027,0.979540228843689
YDR211W,YPL122C,0,-2.275513,0.0924190804362297,0.9977011680603027,0.9797701239585876
YPL174C,YGL216W,0,-2.2777743,0.09239940345287323,0.9977011680603027,0.9800000190734863
YBL004W,YOL115W,0,-2.2830582,0.09237973392009735,0.9977011680603027,0.980229914188385
YMR032W,YHR121W,0,-2.2845578,0.09236007928848267,0.9977011680603027,0.9804597496986389
YLR319C,YNL088W,0,-2.2849796,0.09234042465686798,0.9977011680603027,0.9806896448135376
YIL061C,YJR089W,0,-2.2857776,0.09232078492641449,0.9977011680603027,0.9809195399284363
YLL008W,YOL102C,0,-2.2885382,0.092301145195961,0.9977011680603027,0.981149435043335
YPR031W,YJL140W,0,-2.2902694,0.0922815203666687,0.9977011680603027,0.9813793301582336
YLR439W,YOL033W,0,-2.2988884,0.092261902987957,0.9977011680603027,0.9816091656684875
YNL110C,YDR440W,0,-2.3107004,0.0922422930598259,0.9977011680603027,0.9818390607833862
YHR187W,YPL226W,0,-2.310985,0.09222269803285599,0.9977011680603027,0.9820689558982849
YHR036W,YPL022W,0,-2.3211737,0.09220310300588608,0.9977011680603027,0.9822988510131836
YJR113C,YML025C,0,-2.3213677,0.09218351542949677,0.9977011680603027,0.9825287461280823
YOL148C,YGR276C,0,-2.3309875,0.09216394275426865,0.9977011680603027,0.982758641242981
YNL314W,YOR307C,0,-2.3317056,0.09214437007904053,0.9977011680603027,0.9829884767532349
YNL008C,YLR221C,0,-2.337491,0.0921248123049736,0.9977011680603027,0.9832183718681335
YIL017C,YDR379W,0,-2.338739,0.09210526198148727,0.9977011680603027,0.9834482669830322
YOR145C,YDR180W,0,-2.3400316,0.09208571910858154,0.9977011680603027,0.9836781620979309
YHR141C,YDL075W,0,-2.346634,0.09206618368625641,0.9977011680603027,0.9839080572128296
YPL085W,YER180C,0,-2.349652,0.09204666316509247,0.9977011680603027,0.9841379523277283
YLR221C,YBR164C,0,-2.3533897,0.09202714264392853,0.9977011680603027,0.9843677878379822
YDR265W,YJL051W,0,-2.358395,0.09200762957334518,0.9977011680603027,0.9845976829528809
YDR382W,YGR034W,0,-2.3742251,0.09198813140392303,0.9977011680603027,0.9848275780677795
YLL034C,YHR184W,0,-2.378572,0.09196864068508148,0.9977011680603027,0.9850574731826782
YLL035W,YBR200W,0,-2.3800807,0.09194914996623993,0.9977011680603027,0.9852873682975769
YCR092C,YJR002W,0,-2.3806486,0.09192967414855957,0.9977011680603027,0.9855172634124756
YGL201C,YNL172W,0,-2.3813705,0.09191020578145981,0.9977011680603027,0.9857470989227295
YGL162W,YOR237W,1,-2.3827343,0.09210247546434402,1.0,0.9857470989227295
YNR015W,YDR414C,0,-2.4070249,0.09208297729492188,1.0,0.9859769940376282
YNL185C,YDL044C,0,-2.410901,0.09206349402666092,1.0,0.9862068891525269
YOR242C,YIR010W,0,-2.4145203,0.09204401075839996,1.0,0.9864367842674255
YOR224C,YMR217W,0,-2.4308424,0.0920245423913002,1.0,0.9866666793823242
YDR126W,YGL220W,0,-2.43307,0.09200507402420044,1.0,0.9868965744972229
YJR110W,YJR097W,0,-2.4350877,0.09198562055826187,1.0,0.9871264100074768
YML112W,YNL232W,0,-2.4513178,0.0919661745429039,1.0,0.9873563051223755
YPL153C,YLR176C,0,-2.4531343,0.09194673597812653,1.0,0.9875862002372742
YBR231C,YBR081C,0,-2.4659433,0.09192730486392975,1.0,0.9878160953521729
YOR216C,YEL055C,0,-2.4680095,0.09190788120031357,1.0,0.9880459904670715
YDR082W,YLR376C,0,-2.4689527,0.09188846498727798,1.0,0.9882758855819702
YKR036C,YBR142W,0,-2.472173,0.0918690636754036,1.0,0.9885057210922241
YOL093W,YBR164C,0,-2.473648,0.0918496623635292,1.0,0.9887356162071228
YMR228W,YJR055W,0,-2.4818845,0.09183027595281601,1.0,0.9889655113220215
YHR058C,YGL029W,0,-2.5043073,0.09181088954210281,1.0,0.9891954064369202
YIL061C,YBR274W,0,-2.5077128,0.09179151803255081,1.0,0.9894253015518188
YER114C,YNL258C,0,-2.5108657,0.0917721539735794,1.0,0.9896551966667175
YOL139C,YBR155W,0,-2.521493,0.0917527973651886,1.0,0.9898850321769714
YPL020C,YDR006C,0,-2.5229115,0.09173344820737839,1.0,0.9901149272918701
YDR315C,YPL007C,0,-2.544839,0.09171410650014877,1.0,0.9903448224067688
YBR104W,YDR017C,0,-2.5472422,0.09169477224349976,1.0,0.9905747175216675
YER168C,YDR324C,0,-2.5474591,0.09167544543743134,1.0,0.9908046126365662
YDR198C,YKR024C,0,-2.5496545,0.09165613353252411,1.0,0.9910345077514648
YKL172W,YOR046C,0,-2.5764117,0.09163682162761688,1.0,0.9912643432617188
YNL112W,YDL213C,0,-2.5956311,0.09161752462387085,1.0,0.9914942383766174
YML093W,YJR070C,0,-2.607664,0.09159822762012482,1.0,0.9917241334915161
YDR419W,YOL141W,0,-2.6089358,0.09157894551753998,1.0,0.9919540286064148
YPR107C,YKR025W,0,-2.617517,0.09155967086553574,1.0,0.9921839237213135
YPL086C,YKL181W,0,-2.6308804,0.09154040366411209,1.0,0.9924138188362122
YNL298W,YFL002C,0,-2.646666,0.09152114391326904,1.0,0.9926436543464661
YDR450W,YKR094C,0,-2.6526484,0.09150189161300659,1.0,0.9928735494613647
YLR368W,YPR178W,0,-2.6558752,0.09148264676332474,1.0,0.9931034445762634
YNL207W,YNL262W,0,-2.6631489,0.09146341681480408,1.0,0.9933333396911621
YBL009W,YLR022C,0,-2.6771789,0.09144418686628342,1.0,0.9935632348060608
YPR041W,YGR145W,0,-2.6993494,0.09142497181892395,1.0,0.9937931299209595
YAL025C,YPR190C,0,-2.7075367,0.09140575677156448,1.0,0.9940229654312134
YDL065C,YDL005C,0,-2.7195888,0.09138655662536621,1.0,0.9942528605461121
YPL011C,YNL147W,0,-2.74578,0.09136735647916794,1.0,0.9944827556610107
YLR051C,YMR290C,0,-2.7468586,0.09134817123413086,1.0,0.9947126507759094
YLR318W,YNL299W,0,-2.761448,0.09132899343967438,1.0,0.9949425458908081
YMR049C,YNL299W,0,-2.7642393,0.09130982309579849,1.0,0.9951724410057068
YBR104W,YGR140W,0,-2.7779694,0.0912906602025032,1.0,0.9954022765159607
YJL025W,YOR095C,0,-2.7879386,0.09127150475978851,1.0,0.9956321716308594
YDL036C,YNL292W,0,-2.8100057,0.09125235676765442,1.0,0.9958620667457581
YDL150W,YPL093W,0,-2.8312874,0.09123322367668152,1.0,0.9960919618606567
YLL008W,YJL074C,0,-2.868792,0.09121409058570862,1.0,0.9963218569755554
YKL012W,YKL139W,0,-2.8761024,0.09119496494531631,1.0,0.9965517520904541
YDR403W,YLR362W,0,-2.8785367,0.0911758542060852,1.0,0.996781587600708
YBR155W,YGR195W,0,-2.8829684,0.09115675091743469,1.0,0.9970114827156067
YGL155W,YGR095C,0,-2.8880382,0.09113764762878418,1.0,0.9972413778305054
YOR308C,YDR527W,0,-2.970962,0.09111855924129486,1.0,0.997471272945404
YDR496C,YHR089C,0,-3.0552435,0.09109947830438614,1.0,0.9977011680603027
YFR001W,YJR002W,0,-3.1577525,0.09108040481805801,1.0,0.9979310631752014
YDL201W,YER126C,0,-3.1800585,0.09106133878231049,1.0,0.9981608986854553
YLR009W,YNL232W,0,-3.192399,0.09104228019714355,1.0,0.998390793800354
YMR019W,YNR012W,0,-3.3014526,0.09102322906255722,1.0,0.9986206889152527
YNR003C,YOL125W,0,-3.3056421,0.09100418537855148,1.0,0.9988505840301514
YLR172C,YLR276C,0,-3.3262715,0.09098514914512634,1.0,0.99908047914505
YMR115W,YNL290W,0,-3.3699708,0.0909661203622818,1.0,0.9993103742599487
YLR051C,YKL009W,0,-3.6004543,0.09094710648059845,1.0,0.9995402097702026
YLR276C,YBR247C,0,-3.7627358,0.0909280925989151,1.0,0.9997701048851013
YNL119W,YNL248C,0,-3.8448572,0.09090909361839294,1.0,1.0
