Gene A,Gene B,Label,Score,Precision,Recall,False Positive Rate
YDR211W,YJR031C,1,-0.8058837,1.0,0.0021505376789718866,0.0
YDR211W,YML097C,1,-0.82479274,1.0,0.004301075357943773,0.0
YDR137W,YJR031C,1,-0.9830956,1.0,0.006451612804085016,0.0
YKR026C,YML097C,1,-0.999298,1.0,0.008602150715887547,0.0
YDR211W,YGL097W,1,-1.032166,1.0,0.01075268816202879,0.0
YOR260W,YLR291C,1,-1.066143,1.0,0.012903225608170033,0.0
YLR371W,YLR039C,1,-1.0788362,1.0,0.015053763054311275,0.0
YJR031C,YLR291C,1,-1.1234521,1.0,0.017204301431775093,0.0
YDR211W,YLR291C,1,-1.1566386,1.0,0.019354838877916336,0.0
YNR026C,YLR371W,1,-1.1618605,1.0,0.02150537632405758,0.0
YIL147C,YPL207W,0,-1.188133,0.9090909361839294,0.02150537632405758,0.00021505376207642257
YKR026C,YJR031C,1,-1.200494,0.9166666865348816,0.023655913770198822,0.00021505376207642257
YJR031C,YGR083C,1,-1.2009816,0.9230769276618958,0.025806451216340065,0.00021505376207642257
YLR039C,YLR425W,1,-1.2221742,0.9285714030265808,0.027956988662481308,0.00021505376207642257
YML097C,YJR031C,1,-1.2262187,0.9333333373069763,0.03010752610862255,0.00021505376207642257
YOR101W,YOL135C,0,-1.2367979,0.875,0.03010752610862255,0.00043010752415284514
YNR026C,YML097C,1,-1.269206,0.8823529481887817,0.032258063554763794,0.00043010752415284514
YGL097W,YLR291C,1,-1.279004,0.8888888955116272,0.034408602863550186,0.00043010752415284514
YLR451W,YJL197W,0,-1.2975091,0.8421052694320679,0.034408602863550186,0.0006451613153330982
YOR262W,YOR207C,0,-1.3194578,0.800000011920929,0.034408602863550186,0.0008602150483056903
YJR031C,YOR260W,1,-1.3305329,0.8095238208770752,0.03655913844704628,0.0008602150483056903
YLR011W,YDL149W,0,-1.3731625,0.7727272510528564,0.03655913844704628,0.0010752688394859433
YLR085C,YMR001C,0,-1.38306,0.739130437374115,0.03655913844704628,0.0012903226306661963
YBR060C,YGR094W,0,-1.383434,0.7083333134651184,0.03655913844704628,0.0015053763054311275
YLR085C,YIL137C,0,-1.4295356,0.6800000071525574,0.03655913844704628,0.0017204300966113806
YLL048C,YDR110W,0,-1.4296067,0.6538461446762085,0.03655913844704628,0.0019354838877916336
YER063W,YOR157C,0,-1.4309493,0.6296296119689941,0.03655913844704628,0.0021505376789718866
YML097C,YGR083C,1,-1.4358449,0.6428571343421936,0.03870967775583267,0.0021505376789718866
YEL022W,YJR031C,1,-1.4399489,0.6551724076271057,0.040860213339328766,0.0021505376789718866
YGR266W,YDR041W,0,-1.4428892,0.6333333253860474,0.040860213339328766,0.0023655914701521397
YGL097W,YJR031C,1,-1.4574331,0.6451612710952759,0.04301075264811516,0.0023655914701521397
YJR117W,YJL001W,0,-1.4576364,0.625,0.04301075264811516,0.0025806452613323927
YDR165W,YMR153W,0,-1.4578447,0.6060606241226196,0.04301075264811516,0.002795698819682002
YLR277C,YDL117W,0,-1.4591199,0.5882353186607361,0.04301075264811516,0.003010752610862255
YDR137W,YLR425W,1,-1.4619302,0.6000000238418579,0.04516129195690155,0.003010752610862255
YPR095C,YJR031C,1,-1.465198,0.6111111044883728,0.047311827540397644,0.003010752610862255
YBR034C,YDL031W,0,-1.4884644,0.5945945978164673,0.047311827540397644,0.003225806402042508
YPR034W,YGL111W,0,-1.4906667,0.5789473652839661,0.047311827540397644,0.003440860193222761
YMR048W,YKL134C,0,-1.4956372,0.5641025900840759,0.047311827540397644,0.003655913984403014
YDR100W,YLR382C,0,-1.4981405,0.550000011920929,0.047311827540397644,0.003870967775583267
YLR215C,YBR188C,0,-1.5064205,0.5365853905677795,0.047311827540397644,0.004086021333932877
YKR026C,YDR211W,1,-1.5069358,0.5476190447807312,0.049462366849184036,0.004086021333932877
YER093C,YJR031C,1,-1.5085005,0.5581395626068115,0.05161290243268013,0.004086021333932877
YER155C,YML097C,1,-1.5090034,0.5681818127632141,0.05376344174146652,0.004086021333932877
YLR039C,YJR031C,1,-1.5092176,0.5777778029441833,0.055913977324962616,0.004086021333932877
YPL175W,YDL117W,0,-1.5098144,0.5652173757553101,0.055913977324962616,0.004301075357943773
YNL297C,YLR425W,1,-1.5208023,0.5744680762290955,0.05806451663374901,0.004301075357943773
YBL031W,YKL063C,0,-1.5222471,0.5625,0.05806451663374901,0.004516128916293383
YGR193C,YLR382C,0,-1.5234109,0.5510203838348389,0.05806451663374901,0.004731182940304279
YLR039C,YNL297C,1,-1.5244501,0.5600000023841858,0.0602150522172451,0.004731182940304279
YER093C,YNL297C,1,-1.5269072,0.5686274766921997,0.062365591526031494,0.004731182940304279
YER143W,YPR155C,0,-1.5274758,0.557692289352417,0.062365591526031494,0.004946236498653889
YDR235W,YKL132C,0,-1.5286812,0.5471698045730591,0.062365591526031494,0.005161290522664785
YLR059C,YHL026C,0,-1.5298038,0.5370370149612427,0.062365591526031494,0.005376344081014395
YNR038W,YDR087C,0,-1.5319519,0.5272727012634277,0.062365591526031494,0.005591397639364004
YKL014C,YOR034C,0,-1.5359727,0.5178571343421936,0.062365591526031494,0.005806451663374901
YNL173C,YER143W,0,-1.539947,0.5087719559669495,0.062365591526031494,0.00602150522172451
YER093C,YLR425W,1,-1.541508,0.517241358757019,0.06451612710952759,0.00602150522172451
YBR107C,YLR260W,0,-1.5450478,0.508474588394165,0.06451612710952759,0.006236559245735407
YDR004W,YHR080C,0,-1.545637,0.5,0.06451612710952759,0.006451612804085016
YML081W,YIL130W,0,-1.5486627,0.49180328845977783,0.06451612710952759,0.006666666828095913
YKR026C,YLR291C,1,-1.5515056,0.5,0.06666667014360428,0.006666666828095913
YMR225C,YER071C,0,-1.5520008,0.4920634925365448,0.06666667014360428,0.006881720386445522
YER155C,YJR031C,1,-1.5533581,0.5,0.06881720572710037,0.006881720386445522
YPL146C,YNL216W,0,-1.5560888,0.4923076927661896,0.06881720572710037,0.007096774410456419
YDR398W,YKL048C,0,-1.5643375,0.4848484992980957,0.06881720572710037,0.007311827968806028
YDR098C,YNL247W,0,-1.5653598,0.4776119291782379,0.06881720572710037,0.007526881527155638
YPL116W,YFR016C,0,-1.5665324,0.47058823704719543,0.06881720572710037,0.007741935551166534
YJL057C,YPR067W,0,-1.5674232,0.4637681245803833,0.06881720572710037,0.007956989109516144
YJL110C,YNL048W,0,-1.5694569,0.4571428596973419,0.06881720572710037,0.008172042667865753
YDR175C,YGL053W,0,-1.5792538,0.4507042169570923,0.06881720572710037,0.008387097157537937
YJL054W,YIL005W,0,-1.5800688,0.4444444477558136,0.06881720572710037,0.008602150715887547
YGL097W,YOR260W,1,-1.5829668,0.45205479860305786,0.07096774131059647,0.008602150715887547
YNL056W,YMR101C,0,-1.5857438,0.44594594836235046,0.07096774131059647,0.008817204274237156
YER093C,YLR371W,1,-1.5865704,0.4533333480358124,0.07311827689409256,0.008817204274237156
YBR233W-A,YDR435C,0,-1.591049,0.44736841320991516,0.07311827689409256,0.009032257832586765
YFL025C,YNR052C,0,-1.5936882,0.44155845046043396,0.07311827689409256,0.009247311390936375
YGR178C,YHR080C,0,-1.5941547,0.43589743971824646,0.07311827689409256,0.009462365880608559
YPL138C,YDR386W,0,-1.5967656,0.4303797483444214,0.07311827689409256,0.009677419438958168
YDR211W,YLR310C,1,-1.5983248,0.4375,0.07526881992816925,0.009677419438958168
YIL106W,YOR157C,0,-1.600124,0.43209877610206604,0.07526881992816925,0.009892472997307777
YPL207W,YOR195W,0,-1.6002328,0.4268292784690857,0.07526881992816925,0.010107526555657387
YLR425W,YLR310C,1,-1.6030076,0.4337349534034729,0.07741935551166534,0.010107526555657387
YLR425W,YJR031C,1,-1.6066262,0.4404761791229248,0.07956989109516144,0.010107526555657387
YOR372C,YER155C,0,-1.6113453,0.43529412150382996,0.07956989109516144,0.01032258104532957
YOR358W,YKR049C,0,-1.6118147,0.43023255467414856,0.07956989109516144,0.01053763460367918
YOR090C,YNL045W,0,-1.6156895,0.4252873659133911,0.07956989109516144,0.01075268816202879
YOR119C,YNL247W,0,-1.6160322,0.4204545319080353,0.07956989109516144,0.010967741720378399
YBR233W-A,YMR101C,0,-1.6185086,0.4157303273677826,0.07956989109516144,0.011182795278728008
YNL199C,YGL070C,0,-1.6194295,0.41111111640930176,0.07956989109516144,0.011397849768400192
YML097C,YOR260W,1,-1.6206481,0.4175824224948883,0.08172042667865753,0.011397849768400192
YDR244W,YPL006W,0,-1.6283456,0.41304346919059753,0.08172042667865753,0.011612903326749802
YJR031C,YBR131W,1,-1.6290936,0.4193548262119293,0.08387096971273422,0.011612903326749802
YER093C,YER155C,1,-1.6318411,0.42553192377090454,0.08602150529623032,0.011612903326749802
YML081W,YKR079C,0,-1.632551,0.42105263471603394,0.08602150529623032,0.011827956885099411
YGL097W,YER155C,1,-1.6326146,0.4270833432674408,0.08817204087972641,0.011827956885099411
YNL250W,YPR034W,0,-1.6327596,0.42268040776252747,0.08817204087972641,0.01204301044344902
YBR233W-A,YOR259C,0,-1.6362085,0.4183673560619354,0.08817204087972641,0.012258064933121204
YIL036W,YLR247C,0,-1.6390328,0.4141414165496826,0.08817204087972641,0.012473118491470814
YGR193C,YDR122W,0,-1.6393878,0.4099999964237213,0.08817204087972641,0.012688172049820423
YNR026C,YNL272C,1,-1.6393923,0.41584157943725586,0.0903225839138031,0.012688172049820423
YAL024C,YJR031C,1,-1.6415151,0.4215686321258545,0.0924731194972992,0.012688172049820423
YLR143W,YMR131C,0,-1.6419079,0.41747573018074036,0.0924731194972992,0.012903225608170033
YDR091C,YKR079C,0,-1.6423302,0.4134615361690521,0.0924731194972992,0.013118279166519642
YER176W,YPR105C,0,-1.6427743,0.4095238149166107,0.0924731194972992,0.013333333656191826
YLR291C,YGR083C,1,-1.645325,0.4150943458080292,0.09462365508079529,0.013333333656191826
YJR031C,YLR310C,1,-1.645695,0.420560747385025,0.09677419066429138,0.013333333656191826
YGR193C,YGL093W,0,-1.6481138,0.4166666567325592,0.09677419066429138,0.013548387214541435
YPL115C,YLR019W,0,-1.6557772,0.4128440320491791,0.09677419066429138,0.013763440772891045
YBR162W-A,YLR367W,0,-1.656889,0.40909090638160706,0.09677419066429138,0.013978494331240654
YIL130W,YNL216W,0,-1.6580427,0.4054054021835327,0.09677419066429138,0.014193548820912838
YOR363C,YIL137C,0,-1.6588328,0.4017857015132904,0.09677419066429138,0.014408602379262447
YBR233W-A,YLR004C,0,-1.6616888,0.39823007583618164,0.09677419066429138,0.014623655937612057
YDL175C,YER007C-A,0,-1.6626499,0.3947368562221527,0.09677419066429138,0.014838709495961666
YPL115C,YDR087C,0,-1.662782,0.3913043439388275,0.09677419066429138,0.015053763054311275
YKR026C,YPR017C,1,-1.6656592,0.3965517282485962,0.09892473369836807,0.015053763054311275
YLR371W,YBR131W,1,-1.6673473,0.4017094075679779,0.10107526928186417,0.015053763054311275
YGR178C,YOR109W,0,-1.6673533,0.39830508828163147,0.10107526928186417,0.01526881754398346
YER033C,YMR226C,0,-1.6695681,0.3949579894542694,0.10107526928186417,0.015483871102333069
YDR211W,YEL022W,1,-1.6719818,0.4000000059604645,0.10322580486536026,0.015483871102333069
YKL014C,YOR241W,0,-1.6743786,0.39669421315193176,0.10322580486536026,0.015698924660682678
YDR137W,YNL272C,1,-1.6751537,0.40163934230804443,0.10537634044885635,0.015698924660682678
YIL007C,YPL049C,0,-1.6759171,0.3983739912509918,0.10537634044885635,0.015913978219032288
YLR083C,YLR432W,0,-1.6789563,0.39516130089759827,0.10537634044885635,0.016129031777381897
YDR108W,YKR077W,0,-1.6810591,0.3919999897480011,0.10537634044885635,0.016344085335731506
YOR260W,YGR083C,1,-1.6816182,0.3968254029750824,0.10752688348293304,0.016344085335731506
YOR090C,YDR041W,0,-1.6818192,0.3937007784843445,0.10752688348293304,0.016559138894081116
YNL103W,YDR057W,0,-1.6832476,0.390625,0.10752688348293304,0.016774194315075874
YKR026C,YOR260W,1,-1.6841356,0.39534884691238403,0.10967741906642914,0.016774194315075874
YBR086C,YBR015C,0,-1.6852838,0.39230769872665405,0.10967741906642914,0.016989247873425484
YLR371W,YJR031C,1,-1.6854607,0.39694657921791077,0.11182795464992523,0.016989247873425484
YOL076W,YOR048C,0,-1.6863346,0.39393940567970276,0.11182795464992523,0.017204301431775093
YDR422C,YMR237W,0,-1.6866395,0.3909774422645569,0.11182795464992523,0.017419354990124702
YGL196W,YOL009C,0,-1.6886613,0.38805970549583435,0.11182795464992523,0.017634408548474312
YGR017W,YGR094W,0,-1.6888068,0.385185182094574,0.11182795464992523,0.01784946210682392
YMR158W,YJR050W,0,-1.6908242,0.38235294818878174,0.11182795464992523,0.01806451566517353
YBR233W-A,YIL043C,0,-1.6912737,0.37956205010414124,0.11182795464992523,0.01827956922352314
YBR233W-A,YJL173C,0,-1.6922436,0.37681159377098083,0.11182795464992523,0.01849462278187275
YMR053C,YCR036W,0,-1.6948963,0.3741007149219513,0.11182795464992523,0.018709678202867508
YKR026C,YGL097W,1,-1.7001438,0.37857142090797424,0.11397849768400192,0.018709678202867508
YGR283C,YNL247W,0,-1.7009339,0.3758865296840668,0.11397849768400192,0.018924731761217117
YLR293C,YBL072C,0,-1.7014973,0.3732394278049469,0.11397849768400192,0.019139785319566727
YDR211W,YER155C,1,-1.7037425,0.3776223659515381,0.11612903326749802,0.019139785319566727
YNR026C,YLR425W,1,-1.7074994,0.3819444477558136,0.11827956885099411,0.019139785319566727
YMR110C,YDR105C,0,-1.7111043,0.37931033968925476,0.11827956885099411,0.019354838877916336
YPL146C,YIL118W,0,-1.7122765,0.3767123222351074,0.11827956885099411,0.019569892436265945
YPL043W,YLR432W,0,-1.7131124,0.3741496503353119,0.11827956885099411,0.019784945994615555
YDR398W,YML082W,0,-1.7155797,0.37162160873413086,0.11827956885099411,0.019999999552965164
YDR160W,YDR100W,0,-1.7164681,0.3691275119781494,0.11827956885099411,0.020215053111314774
YLR347C,YLR352W,0,-1.7169683,0.36666667461395264,0.11827956885099411,0.020430106669664383
YDR211W,YBR131W,1,-1.7172723,0.3708609342575073,0.1204301044344902,0.020430106669664383
YDR190C,YIL009W,0,-1.7174008,0.3684210479259491,0.1204301044344902,0.02064516209065914
YPR120C,YJL069C,0,-1.7194622,0.3660130798816681,0.1204301044344902,0.02086021564900875
YDR188W,YML102W,0,-1.7216877,0.3636363744735718,0.1204301044344902,0.02107526920735836
YBL008W,YOR109W,0,-1.7222075,0.3612903356552124,0.1204301044344902,0.02129032276570797
YDR439W,YDR021W,0,-1.7228348,0.3589743673801422,0.1204301044344902,0.02150537632405758
YKL063C,YLR092W,0,-1.7243402,0.35668790340423584,0.1204301044344902,0.02172042988240719
YBR029C,YKL006C-A,0,-1.7286566,0.3544303774833679,0.1204301044344902,0.021935483440756798
YGR170W,YHR080C,0,-1.7293806,0.3522012531757355,0.1204301044344902,0.022150536999106407
YHR165C,YDR045C,0,-1.7318063,0.3499999940395355,0.1204301044344902,0.022365590557456017
YNL286W,YDR386W,0,-1.7320994,0.3478260934352875,0.1204301044344902,0.022580645978450775
YPL100W,YOR110W,0,-1.7328758,0.34567901492118835,0.1204301044344902,0.022795699536800385
YDR108W,YLR115W,0,-1.7334242,0.34355828166007996,0.1204301044344902,0.023010753095149994
YBR233W-A,YDR469W,0,-1.735857,0.3414634168148041,0.1204301044344902,0.023225806653499603
YGL064C,YGR083C,0,-1.7359834,0.3393939435482025,0.1204301044344902,0.023440860211849213
YGR170W,YER040W,0,-1.7361026,0.33734938502311707,0.1204301044344902,0.023655913770198822
YNL059C,YDL209C,0,-1.7367711,0.3353293538093567,0.1204301044344902,0.02387096732854843
YDR211W,YGR083C,1,-1.7379253,0.3392857015132904,0.1225806474685669,0.02387096732854843
YHR111W,YHR114W,0,-1.7385691,0.3372780978679657,0.1225806474685669,0.02408602088689804
YNR024W,YGL116W,0,-1.7388866,0.33529412746429443,0.1225806474685669,0.02430107444524765
YDR235W,YNL029C,0,-1.7395617,0.3333333432674408,0.1225806474685669,0.02451612986624241
YGR082W,YPL010W,0,-1.7407483,0.33139535784721375,0.1225806474685669,0.024731183424592018
YHR006W,YPL168W,0,-1.7409408,0.32947975397109985,0.1225806474685669,0.024946236982941628
YKR089C,YMR237W,0,-1.7413632,0.32758620381355286,0.1225806474685669,0.025161290541291237
YOR380W,YPR155C,0,-1.7429373,0.3257142901420593,0.1225806474685669,0.025376344099640846
YOR241W,YNL048W,0,-1.7436678,0.3238636255264282,0.1225806474685669,0.025591397657990456
YER155C,YNL297C,1,-1.7451077,0.32768362760543823,0.12473118305206299,0.025591397657990456
YEL022W,YGR083C,1,-1.7469547,0.3314606845378876,0.12688171863555908,0.025591397657990456
YER093C,YLR039C,1,-1.7474349,0.33519554138183594,0.12903225421905518,0.025591397657990456
YGR296W,YBR094W,0,-1.749734,0.3333333432674408,0.12903225421905518,0.025806451216340065
YKR026C,YLR310C,1,-1.750643,0.33701658248901367,0.13118278980255127,0.025806451216340065
YLR371W,YDR211W,1,-1.7540016,0.34065935015678406,0.13333334028720856,0.025806451216340065
YPL169C,YOR119C,0,-1.7541301,0.33879780769348145,0.13333334028720856,0.026021504774689674
YPL140C,YML047C,0,-1.7554069,0.33695653080940247,0.13333334028720856,0.026236558333039284
YPL169C,YDR395W,0,-1.7554877,0.3351351320743561,0.13333334028720856,0.026451613754034042
YNR032C-A,YOR048C,0,-1.7557743,0.3333333432674408,0.13333334028720856,0.02666666731238365
YPR114W,YPL183C,0,-1.7559681,0.33155080676078796,0.13333334028720856,0.02688172087073326
YHL017W,YFL025C,0,-1.7560731,0.3297872245311737,0.13333334028720856,0.02709677442908287
YML097C,YBR131W,1,-1.757457,0.3333333432674408,0.13548387587070465,0.02709677442908287
YDR516C,YDL076C,0,-1.7581136,0.33157894015312195,0.13548387587070465,0.02731182798743248
YDL100C,YAL041W,1,-1.758817,0.33507853746414185,0.13763441145420074,0.02731182798743248
YBR162W-A,YHR133C,0,-1.7588532,0.3333333432674408,0.13763441145420074,0.02752688154578209
YDR515W,YNL048W,0,-1.7609286,0.3316062092781067,0.13763441145420074,0.0277419351041317
YMR059W,YMR183C,0,-1.7627115,0.3298968970775604,0.13763441145420074,0.027956988662481308
YNR055C,YDR301W,0,-1.7649733,0.3282051384449005,0.13763441145420074,0.028172042220830917
YIL137C,YOL051W,0,-1.7660756,0.3265306055545807,0.13763441145420074,0.028387097641825676
YER139C,YNL081C,0,-1.7691389,0.32487308979034424,0.13763441145420074,0.028602151200175285
YML097C,YLR291C,1,-1.7715933,0.32828283309936523,0.13978494703769684,0.028602151200175285
YDR189W,YLL021W,0,-1.7727695,0.32663315534591675,0.13978494703769684,0.028817204758524895
YKR026C,YGR083C,1,-1.7738788,0.33000001311302185,0.14193548262119293,0.028817204758524895
YPR095C,YEL022W,1,-1.7744098,0.3333333432674408,0.14408601820468903,0.028817204758524895
YLR425W,YNL272C,1,-1.7779778,0.3366336524486542,0.14623655378818512,0.028817204758524895
YGR244C,YLR248W,0,-1.7784885,0.33497536182403564,0.14623655378818512,0.029032258316874504
YKR026C,YDR137W,1,-1.7805874,0.3382352888584137,0.1483870893716812,0.029032258316874504
YNL297C,YEL022W,1,-1.7818142,0.3414634168148041,0.1505376398563385,0.029032258316874504
YLR352W,YCR044C,0,-1.7827468,0.33980581164360046,0.1505376398563385,0.029247311875224113
YCR091W,YBL047C,0,-1.7836306,0.33816424012184143,0.1505376398563385,0.029462365433573723
YKR072C,YDR303C,0,-1.7850325,0.3365384638309479,0.1505376398563385,0.029677418991923332
YEL032W,YLR019W,0,-1.7857178,0.3349282443523407,0.1505376398563385,0.02989247255027294
YGR109W-A,YPR180W,0,-1.7864492,0.3333333432674408,0.1505376398563385,0.03010752610862255
YKR053C,YGR017W,0,-1.7887111,0.33175355195999146,0.1505376398563385,0.03032258152961731
YPL105C,YOR157C,0,-1.7887797,0.33018869161605835,0.1505376398563385,0.03053763508796692
YPL215W,YKL058W,0,-1.789253,0.32863849401474,0.1505376398563385,0.03075268864631653
YOL144W,YMR207C,0,-1.7900679,0.32710281014442444,0.1505376398563385,0.030967742204666138
YKR027W,YER143W,0,-1.7919354,0.3255814015865326,0.1505376398563385,0.031182795763015747
YER155C,YLR291C,1,-1.7921889,0.32870370149612427,0.1526881754398346,0.031182795763015747
YJL162C,YHR122W,0,-1.7937264,0.3271889388561249,0.1526881754398346,0.031397849321365356
YLR007W,YBL025W,0,-1.7952957,0.32568806409835815,0.1526881754398346,0.031612902879714966
YJR132W,YMR215W,0,-1.7969015,0.32420089840888977,0.1526881754398346,0.031827956438064575
YBL031W,YNL048W,0,-1.7983316,0.3227272629737854,0.1526881754398346,0.032043009996414185
YPR180W,YDL149W,0,-1.7985791,0.3212669789791107,0.1526881754398346,0.032258063554763794
YHR142W,YHR118C,0,-1.799329,0.3198198080062866,0.1526881754398346,0.0324731171131134
YNL181W,YKR083C,0,-1.800293,0.31838566064834595,0.1526881754398346,0.03268817067146301
YBR233W-A,YER139C,0,-1.8003168,0.3169642984867096,0.1526881754398346,0.03290322422981262
YJL127C,YJL197W,0,-1.803044,0.31555554270744324,0.1526881754398346,0.03311827778816223
YMR041C,YPL100W,0,-1.805087,0.3141593039035797,0.1526881754398346,0.03333333507180214
YNL328C,YLL018C-A,0,-1.8056875,0.3127753436565399,0.1526881754398346,0.03354838863015175
YOL009C,YFR053C,0,-1.805784,0.3114035129547119,0.1526881754398346,0.03376344218850136
YIL144W,YOR357C,0,-1.8084317,0.31004366278648376,0.1526881754398346,0.03397849574685097
YDR210C-D,YLR037C,0,-1.8091155,0.30869564414024353,0.1526881754398346,0.03419354930520058
YLR039C,YEL022W,1,-1.8105433,0.31168830394744873,0.1548387110233307,0.03419354930520058
YML097C,YLR310C,1,-1.8117908,0.3146551847457886,0.15698924660682678,0.03419354930520058
YGR253C,YMR226C,0,-1.8131403,0.31330472230911255,0.15698924660682678,0.034408602863550186
YOR358W,YDR098C-B,0,-1.8133321,0.31196582317352295,0.15698924660682678,0.034623656421899796
YKR079C,YKL114C,0,-1.8135171,0.31063830852508545,0.15698924660682678,0.034838709980249405
YAL024C,YDR211W,1,-1.8135202,0.31355932354927063,0.15913978219032288,0.034838709980249405
YFR034C,YGL078C,0,-1.8138154,0.3122362792491913,0.15913978219032288,0.035053763538599014
YLR425W,YAL041W,1,-1.8153069,0.31512606143951416,0.16129031777381897,0.035053763538599014
YIL036W,YER041W,0,-1.8165338,0.31380751729011536,0.16129031777381897,0.035268817096948624
YIL064W,YGR109W-A,0,-1.8168428,0.3125,0.16129031777381897,0.03548387065529823
YLR425W,YBR131W,1,-1.8169811,0.3153527081012726,0.16344085335731506,0.03548387065529823
YGR193C,YHR037W,0,-1.8173873,0.3140496015548706,0.16344085335731506,0.03569892421364784
YPR068C,YIL173W,0,-1.8176818,0.3127571940422058,0.16344085335731506,0.03591397777199745
YBR162W-A,YGR109W-A,0,-1.8190072,0.31147539615631104,0.16344085335731506,0.03612903133034706
YOL023W,YJR052W,0,-1.8190129,0.31020408868789673,0.16344085335731506,0.03634408488869667
YPL126W,YBL031W,0,-1.8190424,0.30894309282302856,0.16344085335731506,0.03655913844704628
YCR086W,YDR246W,0,-1.8191509,0.3076923191547394,0.16344085335731506,0.03677419200539589
YGL097W,YGR083C,1,-1.8192674,0.3104838728904724,0.16559140384197235,0.03677419200539589
YKR099W,YJL069C,0,-1.8194553,0.30923694372177124,0.16559140384197235,0.0369892455637455
YDR243C,YCL054W,0,-1.8194597,0.30799999833106995,0.16559140384197235,0.037204302847385406
YLR039C,YNL068C,0,-1.8203168,0.306772917509079,0.16559140384197235,0.037419356405735016
YML067C,YOR103C,0,-1.8203293,0.3055555522441864,0.16559140384197235,0.037634409964084625
YIL030C,YML061C,0,-1.8211131,0.30434781312942505,0.16559140384197235,0.037849463522434235
YNL051W,YPL097W,0,-1.822714,0.30314961075782776,0.16559140384197235,0.038064517080783844
YPR110C,YDL031W,0,-1.823191,0.3019607961177826,0.16559140384197235,0.03827957063913345
YFR024C-A,YOR110W,0,-1.8241856,0.30078125,0.16559140384197235,0.03849462419748306
YOR260W,YLR115W,0,-1.824245,0.2996108829975128,0.16559140384197235,0.03870967775583267
YNL048W,YDR190C,0,-1.8247949,0.2984496057033539,0.16559140384197235,0.03892473131418228
YML097C,YPR017C,1,-1.8266534,0.3011583089828491,0.16774193942546844,0.03892473131418228
YPR095C,YIL005W,0,-1.8267357,0.30000001192092896,0.16774193942546844,0.03913978487253189
YAR033W,YDR516C,0,-1.8272984,0.29885056614875793,0.16774193942546844,0.0393548384308815
YDR098C,YGR109W-A,0,-1.830831,0.2977099120616913,0.16774193942546844,0.03956989198923111
YDL091C,YDL076C,0,-1.8322663,0.29657796025276184,0.16774193942546844,0.03978494554758072
YGL073W,YDR359C,0,-1.8346041,0.2954545319080353,0.16774193942546844,0.03999999910593033
YCR044C,YGR040W,0,-1.8364085,0.2943396270275116,0.16774193942546844,0.04021505266427994
YDR210C-D,YLR044C,0,-1.8393824,0.29323309659957886,0.16774193942546844,0.04043010622262955
YDR122W,YDR098C-B,0,-1.8399792,0.2921348214149475,0.16774193942546844,0.040645159780979156
YGL246C,YKL077W,0,-1.840471,0.29104477167129517,0.16774193942546844,0.040860213339328766
YPR169W,YBR094W,0,-1.840784,0.2899628281593323,0.16774193942546844,0.041075270622968674
YDR190C,YOL051W,0,-1.8424497,0.2888889014720917,0.16774193942546844,0.04129032418131828
YNL137C,YBR043C,0,-1.8429747,0.2878228724002838,0.16774193942546844,0.04150537773966789
YMR059W,YIL009W,0,-1.8436698,0.2867647111415863,0.16774193942546844,0.0417204312980175
YPL120W,YLR006C,0,-1.8448412,0.2857142984867096,0.16774193942546844,0.04193548485636711
YJL181W,YHR133C,0,-1.8453276,0.2846715450286865,0.16774193942546844,0.04215053841471672
YKL185W,YLR347C,0,-1.84686,0.2836363613605499,0.16774193942546844,0.04236559197306633
YGL246C,YER060W,0,-1.848105,0.28260868787765503,0.16774193942546844,0.04258064553141594
YER093C,YEL022W,1,-1.8482972,0.2851985692977905,0.16989247500896454,0.04258064553141594
YLR371W,YNL297C,1,-1.8487914,0.28776979446411133,0.17204301059246063,0.04258064553141594
YNL297C,YJR031C,1,-1.8503779,0.29032257199287415,0.17419354617595673,0.04258064553141594
YJR042W,YDL093W,0,-1.8507835,0.28928571939468384,0.17419354617595673,0.04279569908976555
YNL284C-B,YLR377C,0,-1.8510318,0.2882562279701233,0.17419354617595673,0.04301075264811516
YOL042W,YNL142W,0,-1.8518239,0.28723403811454773,0.17419354617595673,0.04322580620646477
YER155C,YLR039C,1,-1.852054,0.28975266218185425,0.17634408175945282,0.04322580620646477
YGR099W,YIL118W,0,-1.8529813,0.2887323796749115,0.17634408175945282,0.04344085976481438
YOR241W,YGR120C,0,-1.8540918,0.2877193093299866,0.17634408175945282,0.043655913323163986
YIL007C,YOL023W,0,-1.8544068,0.28671327233314514,0.17634408175945282,0.043870966881513596
YHR205W,YLR263W,0,-1.8553897,0.2857142984867096,0.17634408175945282,0.044086020439863205
YDR375C,YMR101C,0,-1.8580635,0.2847222089767456,0.17634408175945282,0.044301073998212814
YKL134C,YGR044C,0,-1.8582557,0.28373703360557556,0.17634408175945282,0.044516127556562424
YDR316W-B,YDL149W,0,-1.8612673,0.2827586233615875,0.17634408175945282,0.04473118111491203
YBR233W-A,YCL048W,0,-1.8616245,0.2817869484424591,0.17634408175945282,0.04494623839855194
YGR161W-A,YHR154W,0,-1.8627441,0.28082191944122314,0.17634408175945282,0.04516129195690155
YHR165C,YPL133C,0,-1.8628892,0.27986347675323486,0.17634408175945282,0.04537634551525116
YKL052C,YLR200W,0,-1.8630755,0.2789115607738495,0.17634408175945282,0.04559139907360077
YNR026C,YJR031C,1,-1.8641437,0.28135591745376587,0.1784946173429489,0.04559139907360077
YPL141C,YLL018C-A,0,-1.8641979,0.2804054021835327,0.1784946173429489,0.04580645263195038
YML041C,YPR046W,0,-1.8643414,0.2794612646102905,0.1784946173429489,0.04602150619029999
YGR205W,YMR261C,0,-1.8669975,0.2785235047340393,0.1784946173429489,0.0462365597486496
YJL057C,YER033C,0,-1.8684173,0.2775919735431671,0.1784946173429489,0.04645161330699921
YLR085C,YDR422C,0,-1.8697073,0.27666667103767395,0.1784946173429489,0.046666666865348816
YDR268W,YGL107C,0,-1.8702564,0.27574750781059265,0.1784946173429489,0.046881720423698425
YMR192W,YOR259C,0,-1.8706919,0.27483442425727844,0.1784946173429489,0.047096773982048035
YPR158W-B,YBR028C,0,-1.8708012,0.27392739057540894,0.1784946173429489,0.047311827540397644
YDR178W,YER143W,0,-1.8710239,0.27302631735801697,0.1784946173429489,0.04752688109874725
YER014W,YER005W,0,-1.8720212,0.27213114500045776,0.1784946173429489,0.04774193465709686
YNR026C,YER155C,1,-1.8746817,0.27450981736183167,0.1806451678276062,0.04774193465709686
YPR095C,YGR083C,1,-1.8757824,0.2768729627132416,0.1827957034111023,0.04774193465709686
YLR234W,YLR092W,0,-1.8758028,0.2759740352630615,0.1827957034111023,0.04795698821544647
YDL243C,YGL129C,0,-1.8763618,0.27508091926574707,0.1827957034111023,0.04817204177379608
YBR091C,YDR045C,0,-1.8767061,0.27419355511665344,0.1827957034111023,0.04838709533214569
YDR098C-B,YFR053C,0,-1.8779163,0.27331188321113586,0.1827957034111023,0.0486021488904953
YOR045W,YDR210C-D,0,-1.8797228,0.27243590354919434,0.1827957034111023,0.04881720244884491
YOR129C,YGR161C-D,0,-1.880639,0.2715654969215393,0.1827957034111023,0.04903225973248482
YNR026C,YPR017C,1,-1.8813515,0.2738853394985199,0.1849462389945984,0.04903225973248482
YLR052W,YOR320C,0,-1.8822994,0.2730158865451813,0.1849462389945984,0.04924731329083443
YPR158W-B,YLR260W,0,-1.8824828,0.2721518874168396,0.1849462389945984,0.049462366849184036
YOR091W,YNL247W,0,-1.882906,0.27129337191581726,0.1849462389945984,0.049677420407533646
YLR310C,YGR083C,1,-1.8835233,0.27358490228652954,0.18709677457809448,0.049677420407533646
YER155C,YEL022W,1,-1.8838385,0.27586206793785095,0.18924731016159058,0.049677420407533646
YGL067W,YOR109W,0,-1.883866,0.2750000059604645,0.18924731016159058,0.049892473965883255
YDR316W-B,YPL189W,0,-1.8858877,0.2741433084011078,0.18924731016159058,0.050107527524232864
YGR193C,YDL018C,0,-1.8861654,0.2732919156551361,0.18924731016159058,0.050322581082582474
YNL284C-B,YKR007W,0,-1.8861743,0.27244582772254944,0.18924731016159058,0.05053763464093208
YDL175C,YML082W,0,-1.886797,0.2716049253940582,0.18924731016159058,0.05075268819928169
YPL138C,YGR057C,0,-1.886908,0.27076923847198486,0.18924731016159058,0.0509677417576313
YDR137W,YER155C,1,-1.8870661,0.2730061411857605,0.19139784574508667,0.0509677417576313
YER155C,YLR425W,1,-1.8875521,0.2752293646335602,0.19354838132858276,0.0509677417576313
YDR227W,YNL068C,0,-1.888354,0.27439025044441223,0.19354838132858276,0.05118279531598091
YNR026C,YDL100C,1,-1.888631,0.27659574151039124,0.19569893181324005,0.05118279531598091
YDR137W,YLR039C,1,-1.889289,0.27878788113594055,0.19784946739673615,0.05118279531598091
YNL103W,YDR316W-B,0,-1.8902978,0.2779456079006195,0.19784946739673615,0.05139784887433052
YPR131C,YHR005C,0,-1.8921207,0.27710843086242676,0.19784946739673615,0.05161290243268013
YGR070W,YCR038C,1,-1.8925748,0.27927929162979126,0.20000000298023224,0.05161290243268013
YBR131W,YOR260W,1,-1.8926048,0.28143712878227234,0.20215053856372833,0.05161290243268013
YJR118C,YDR176W,0,-1.8937788,0.2805970013141632,0.20215053856372833,0.05182795599102974
YMR262W,YLR299W,0,-1.8946328,0.2797619104385376,0.20215053856372833,0.05204300954937935
YLR215C,YDR135C,0,-1.895685,0.27893173694610596,0.20215053856372833,0.05225806310772896
YBL008W,YDR188W,0,-1.8958287,0.2781065106391907,0.20215053856372833,0.05247311666607857
YAL041W,YLR310C,1,-1.8966852,0.28023597598075867,0.20430107414722443,0.05247311666607857
YCL029C,YDL100C,0,-1.8974111,0.27941176295280457,0.20430107414722443,0.05268817022442818
YDR211W,YOR260W,1,-1.898565,0.2815249264240265,0.20645160973072052,0.05268817022442818
YNL076W,YPR007C,0,-1.899407,0.28070175647735596,0.20645160973072052,0.052903227508068085
YDR137W,YGR083C,1,-1.8999681,0.2827988266944885,0.2086021453142166,0.052903227508068085
YKR031C,YDR303C,0,-1.9010663,0.28197672963142395,0.2086021453142166,0.053118281066417694
YML023C,YNL132W,0,-1.9012182,0.2811594307422638,0.2086021453142166,0.0533333346247673
YOL042W,YOR059C,0,-1.901866,0.2803468108177185,0.2086021453142166,0.05354838818311691
YDR211W,YLR425W,1,-1.9028742,0.2824207544326782,0.2107526808977127,0.05354838818311691
YBR279W,YGL006W,0,-1.9034078,0.2816092073917389,0.2107526808977127,0.05376344174146652
YKL138C,YLR288C,0,-1.9034535,0.28080227971076965,0.2107526808977127,0.05397849529981613
YGR161W-A,YNR033W,0,-1.9034562,0.2800000011920929,0.2107526808977127,0.05419354885816574
YHR120W,YHR020W,0,-1.9038899,0.27920228242874146,0.2107526808977127,0.05440860241651535
YAL051W,YDR080W,0,-1.9041703,0.27840909361839294,0.2107526808977127,0.05462365597486496
YLR052W,YOR086C,0,-1.9044015,0.277620404958725,0.2107526808977127,0.05483870953321457
YER123W,YGR224W,0,-1.9045464,0.2768361568450928,0.2107526808977127,0.05505376309156418
YDL018C,YPL006W,0,-1.9046946,0.27605634927749634,0.2107526808977127,0.05526881664991379
YDR189W,YPR161C,0,-1.9048219,0.2752808928489685,0.2107526808977127,0.0554838702082634
YNL284C-B,YMR207C,0,-1.9055401,0.27450981736183167,0.2107526808977127,0.05569892376661301
YOR189W,YLL014W,0,-1.9070051,0.27374300360679626,0.2107526808977127,0.055913977324962616
YHR210C,YDR316W-B,0,-1.9081285,0.2729805111885071,0.2107526808977127,0.056129030883312225
YNR026C,YOR260W,1,-1.9089564,0.2750000059604645,0.21290323138237,0.056129030883312225
YER155C,YBR208C,0,-1.9089901,0.2742382287979126,0.21290323138237,0.056344084441661835
YJL045W,YIL087C,0,-1.9093525,0.2734806537628174,0.21290323138237,0.056559138000011444
YHR169W,YBR015C,0,-1.9100862,0.27272728085517883,0.21290323138237,0.05677419528365135
YHR111W,YIL137C,0,-1.9106704,0.2719780206680298,0.21290323138237,0.05698924884200096
YNL054W-A,YKL081W,0,-1.9107559,0.27123287320137024,0.21290323138237,0.05720430240035057
YNL284C-B,YLR409C,0,-1.9109993,0.2704918086528778,0.21290323138237,0.05741935595870018
YGR120C,YGL238W,0,-1.9113376,0.2697547674179077,0.21290323138237,0.05763440951704979
YLR371W,YNL272C,1,-1.9118931,0.27173912525177,0.2150537669658661,0.05763440951704979
YLR371W,YLR425W,1,-1.9130712,0.27371272444725037,0.21720430254936218,0.05763440951704979
YNR026C,YNL297C,1,-1.9133416,0.2756756842136383,0.21935483813285828,0.05763440951704979
YPL036W,YKL099C,0,-1.9138141,0.2749326229095459,0.21935483813285828,0.0578494630753994
YKL006C-A,YPL097W,0,-1.9152366,0.27419355511665344,0.21935483813285828,0.05806451663374901
YNL272C,YGR083C,1,-1.9168897,0.27613940834999084,0.22150537371635437,0.05806451663374901
YLL031C,YDR301W,0,-1.9179206,0.2754010558128357,0.22150537371635437,0.05827957019209862
YDR435C,YAL030W,0,-1.9182202,0.2746666669845581,0.22150537371635437,0.05849462375044823
YOR157C,YLR299W,0,-1.9183965,0.2739361822605133,0.22150537371635437,0.058709677308797836
YFL049W,YLR288C,0,-1.9184418,0.2732095420360565,0.22150537371635437,0.058924730867147446
YOR260W,YGL238W,0,-1.9188857,0.27248677611351013,0.22150537371635437,0.059139784425497055
YOR241W,YOR359W,0,-1.9198141,0.27176782488822937,0.22150537371635437,0.059354837983846664
YDR108W,YIL173W,0,-1.9203308,0.27105262875556946,0.22150537371635437,0.059569891542196274
YFR040W,YGL240W,0,-1.9209683,0.2703412175178528,0.22150537371635437,0.05978494510054588
YDR137W,YER093C,1,-1.9216151,0.27225130796432495,0.22365590929985046,0.05978494510054588
YDR137W,YAL041W,1,-1.9220446,0.27415144443511963,0.22580644488334656,0.05978494510054588
YOR034C,YMR125W,0,-1.9220667,0.2734375,0.22580644488334656,0.05999999865889549
YPL120W,YPL049C,0,-1.923007,0.27272728085517883,0.22580644488334656,0.0602150522172451
YDR210C-D,YIL153W,0,-1.9236645,0.27202072739601135,0.22580644488334656,0.06043010577559471
YNL176C,YJL069C,0,-1.9245371,0.27131783962249756,0.22580644488334656,0.06064516305923462
YLR039C,YGR070W,1,-1.9253093,0.27319586277008057,0.22795699536800385,0.06064516305923462
YFR014C,YHL021C,0,-1.9257327,0.2724935710430145,0.22795699536800385,0.06086021661758423
YDR412W,YJL069C,0,-1.9258654,0.2717948853969574,0.22795699536800385,0.06107527017593384
YLR442C,YAL011W,0,-1.9264812,0.2710997462272644,0.22795699536800385,0.06129032373428345
YPL215W,YBR119W,0,-1.9268278,0.27040815353393555,0.22795699536800385,0.06150537729263306
YER155C,YNL272C,1,-1.927225,0.27226462960243225,0.23010753095149994,0.06150537729263306
YPL116W,YLR352W,0,-1.9274569,0.27157360315322876,0.23010753095149994,0.061720430850982666
YBL035C,YKL063C,0,-1.9274956,0.27088606357574463,0.23010753095149994,0.061935484409332275
YLR371W,YAL041W,1,-1.9276748,0.27272728085517883,0.23225806653499603,0.061935484409332275
YKR049C,YER015W,0,-1.9290231,0.27204030752182007,0.23225806653499603,0.062150537967681885
YPL169C,YPR158W-B,0,-1.9291422,0.2713567912578583,0.23225806653499603,0.062365591526031494
YDL100C,YNL272C,1,-1.9300302,0.2731829583644867,0.23440860211849213,0.062365591526031494
YOR250C,YNL176C,0,-1.930526,0.27250000834465027,0.23440860211849213,0.0625806450843811
YHL017W,YBR272C,0,-1.9310098,0.27182045578956604,0.23440860211849213,0.06279569864273071
YDR098C-B,YGL111W,0,-1.9316319,0.2711442708969116,0.23440860211849213,0.06301075220108032
YIL009W,YDR365W-A,0,-1.9317213,0.270471453666687,0.23440860211849213,0.06322580575942993
YGR109W-A,YMR091C,0,-1.9318058,0.2698019742965698,0.23440860211849213,0.06344085931777954
YIL019W,YOL135C,0,-1.932122,0.26913580298423767,0.23440860211849213,0.06365591287612915
YDR188W,YIR026C,0,-1.9321904,0.26847290992736816,0.23440860211849213,0.06387096643447876
YDL209C,YMR125W,0,-1.9323708,0.2678132653236389,0.23440860211849213,0.06408601999282837
YGR202C,YLR115W,0,-1.9331586,0.2671568691730499,0.23440860211849213,0.06430107355117798
YDL235C,YHL011C,0,-1.9335744,0.2665036618709564,0.23440860211849213,0.06451612710952759
YDR441C,YOL103W-A,0,-1.935378,0.2658536732196808,0.23440860211849213,0.0647311806678772
YLR324W,YGL240W,0,-1.9353931,0.26520681381225586,0.23440860211849213,0.0649462342262268
YNR026C,YER093C,1,-1.9358878,0.2669903039932251,0.23655913770198822,0.0649462342262268
YLR085C,YJL208C,0,-1.9361227,0.2663438320159912,0.23655913770198822,0.06516128778457642
YKL150W,YOL116W,0,-1.9372861,0.26570048928260803,0.23655913770198822,0.06537634134292603
YNL284C-B,YOR357C,0,-1.9374301,0.2650602459907532,0.23655913770198822,0.06559139490127563
YDR098C-A,YML041C,0,-1.938863,0.26442307233810425,0.23655913770198822,0.06580644845962524
YJR042W,YDR087C,0,-1.9390241,0.26378896832466125,0.23655913770198822,0.06602150201797485
YJL045W,YDR516C,0,-1.9393097,0.2631579041481018,0.23655913770198822,0.06623655557632446
YMR243C,YJL069C,0,-1.9397955,0.26252982020378113,0.23655913770198822,0.06645161658525467
YGR205W,YBR218C,0,-1.940717,0.261904776096344,0.23655913770198822,0.06666667014360428
YER040W,YLR019W,0,-1.9409108,0.26128265261650085,0.23655913770198822,0.06688172370195389
YDR087C,YPL010W,0,-1.9416232,0.2606635093688965,0.23655913770198822,0.0670967772603035
YBR130C,YEL051W,0,-1.9424655,0.2600472867488861,0.23655913770198822,0.0673118308186531
YNR038W,YMR125W,0,-1.9440901,0.25943395495414734,0.23655913770198822,0.06752688437700272
YPL013C,YDR317W,0,-1.9443072,0.25882354378700256,0.23655913770198822,0.06774193793535233
YBR211C,YER005W,0,-1.9445353,0.2582159638404846,0.23655913770198822,0.06795699149370193
YHR210C,YNL054W-A,0,-1.9449949,0.2576112449169159,0.23655913770198822,0.06817204505205154
YPL141C,YGR017W,0,-1.9458613,0.257009357213974,0.23655913770198822,0.06838709861040115
YMR261C,YNL130C,0,-1.9460508,0.25641027092933655,0.23655913770198822,0.06860215216875076
YML120C,YDL149W,0,-1.9461107,0.25581395626068115,0.23655913770198822,0.06881720572710037
YPL137C,YNL094W,0,-1.9464667,0.2552204132080078,0.23655913770198822,0.06903225928544998
YNL183C,YDR365W-A,0,-1.9470233,0.25462964177131653,0.23655913770198822,0.06924731284379959
YOR241W,YLR292C,0,-1.9473358,0.2540415823459625,0.23655913770198822,0.0694623664021492
YER155C,YOR260W,1,-1.9475771,0.2557603716850281,0.23870967328548431,0.0694623664021492
YLR239C,YGR244C,0,-1.9477572,0.25517240166664124,0.23870967328548431,0.06967741996049881
YER093C,YGR083C,1,-1.9477609,0.2568807303905487,0.2408602088689804,0.06967741996049881
YLR347C,YDR098C-B,0,-1.9491798,0.2562929093837738,0.2408602088689804,0.06989247351884842
YDR464W,YGL085W,0,-1.9492545,0.2557077705860138,0.2408602088689804,0.07010752707719803
YOL009C,YCR036W,0,-1.9493566,0.2551252841949463,0.2408602088689804,0.07032258063554764
YLR371W,YML097C,1,-1.9499164,0.25681817531585693,0.2430107593536377,0.07032258063554764
YDL100C,YML097C,1,-1.9504006,0.25850340723991394,0.2451612949371338,0.07032258063554764
YHR120W,YBR094W,0,-1.9514222,0.2579185664653778,0.2451612949371338,0.07053763419389725
YDR301W,YJL208C,0,-1.9518437,0.2573363482952118,0.2451612949371338,0.07075268775224686
YLR118C,YGL093W,0,-1.952223,0.2567567527294159,0.2451612949371338,0.07096774131059647
YHR214C-C,YIL148W,0,-1.9536192,0.2561797797679901,0.2451612949371338,0.07118279486894608
YAL024C,YGR083C,1,-1.9536637,0.25784754753112793,0.24731183052062988,0.07118279486894608
YER014W,YKL048C,0,-1.9570657,0.2572706937789917,0.24731183052062988,0.07139784842729568
YKL014C,YLR432W,0,-1.9571083,0.2566964328289032,0.24731183052062988,0.0716129019856453
YOR087W,YFL049W,0,-1.9579846,0.25612473487854004,0.24731183052062988,0.0718279555439949
YBL031W,YOR086C,0,-1.9580394,0.25555557012557983,0.24731183052062988,0.07204300910234451
YFL025C,YML082W,0,-1.958069,0.2549889087677002,0.24731183052062988,0.07225806266069412
YGL115W,YLR093C,0,-1.9587394,0.2544247806072235,0.24731183052062988,0.07247311621904373
YGL097W,YEL022W,1,-1.959192,0.25607064366340637,0.24946236610412598,0.07247311621904373
YMR076C,YFR038W,0,-1.9593014,0.25550660490989685,0.24946236610412598,0.07268816977739334
YBL014C,YJL069C,0,-1.9598567,0.2549450695514679,0.24946236610412598,0.07290322333574295
YLR193C,YGR017W,0,-1.9606049,0.25438597798347473,0.24946236610412598,0.07311827689409256
YNR026C,YGR083C,1,-1.96079,0.2560175061225891,0.25161290168762207,0.07311827689409256
YLR039C,YNL272C,1,-1.9608288,0.25764191150665283,0.25376343727111816,0.07311827689409256
YKL110C,YPL254W,0,-1.9619637,0.257080614566803,0.25376343727111816,0.07333333045244217
YGL142C,YLR247C,0,-1.9632314,0.25652173161506653,0.25376343727111816,0.07354838401079178
YBL056W,YOL032W,0,-1.9634516,0.25596529245376587,0.25376343727111816,0.07376343756914139
YKL192C,YMR313C,0,-1.9634885,0.2554112672805786,0.25376343727111816,0.073978491127491
YHR201C,YHR020W,0,-1.9642051,0.25485959649086,0.25376343727111816,0.0741935446858406
YJR117W,YHR080C,0,-1.9645634,0.25431033968925476,0.25376343727111816,0.07440860569477081
YHR204W,YDL102W,0,-1.9652233,0.25376343727111816,0.25376343727111816,0.07462365925312042
YPL120W,YER139C,0,-1.9660299,0.2532188892364502,0.25376343727111816,0.07483871281147003
YMR275C,YOR330C,0,-1.9660548,0.25267666578292847,0.25376343727111816,0.07505376636981964
YHR005C,YPR100W,0,-1.966284,0.252136766910553,0.25376343727111816,0.07526881992816925
YKR026C,YNR026C,1,-1.9663193,0.2537313401699066,0.25591397285461426,0.07526881992816925
YNL041C,YDR098C-B,0,-1.9675114,0.2531915009021759,0.25591397285461426,0.07548387348651886
YNL054W-A,YDR105C,0,-1.967654,0.25265392661094666,0.25591397285461426,0.07569892704486847
YHR142W,YDR098C-B,0,-1.9683743,0.25211864709854126,0.25591397285461426,0.07591398060321808
YDR148C,YNL054W-A,0,-1.9692287,0.25158563256263733,0.25591397285461426,0.07612903416156769
YML127W,YNL287W,0,-1.9707029,0.2510548532009125,0.25591397285461426,0.0763440877199173
YPR158W-B,YER159C,0,-1.9708637,0.2505263090133667,0.25591397285461426,0.0765591412782669
YJR031C,YNL272C,1,-1.9711654,0.2521008551120758,0.25806450843811035,0.0765591412782669
YDR435C,YKR007W,0,-1.9712629,0.2515723407268524,0.25806450843811035,0.07677419483661652
YNL167C,YDR028C,0,-1.971372,0.2510460317134857,0.25806450843811035,0.07698924839496613
YLR227W-A,YOL116W,0,-1.9719722,0.2505219280719757,0.25806450843811035,0.07720430195331573
YKL002W,YGR161C-D,0,-1.9721701,0.25,0.25806450843811035,0.07741935551166534
YOR091W,YPL178W,0,-1.9723712,0.2494802474975586,0.25806450843811035,0.07763440907001495
YHR165C,YDR365W-A,0,-1.973841,0.2489626556634903,0.25806450843811035,0.07784946262836456
YPR158W-B,YLR075W,0,-1.9764153,0.2484472095966339,0.25806450843811035,0.07806451618671417
YBR029C,YBR049C,0,-1.976759,0.24793387949466705,0.25806450843811035,0.07827956974506378
YDR372C,YKL099C,0,-1.9769387,0.24742268025875092,0.25806450843811035,0.07849462330341339
YMR105C,YMR237W,0,-1.977464,0.2469135820865631,0.25806450843811035,0.078709676861763
YLR291C,YNL272C,1,-1.9777513,0.24845996499061584,0.26021504402160645,0.078709676861763
YPR143W,YGL111W,0,-1.9781363,0.24795082211494446,0.26021504402160645,0.07892473042011261
YGR109W-A,YKL063C,0,-1.9781837,0.2474437654018402,0.26021504402160645,0.07913978397846222
YER155C,YGR083C,1,-1.9782782,0.2489795982837677,0.26236557960510254,0.07913978397846222
YLR360W,YJL168C,0,-1.9782969,0.24847251176834106,0.26236557960510254,0.07935483753681183
YPL146C,YBR060C,0,-1.9784124,0.24796748161315918,0.26236557960510254,0.07956989109516144
YJL054W,YDL209C,0,-1.9784569,0.24746450781822205,0.26236557960510254,0.07978494465351105
YKR026C,YNL272C,1,-1.9785557,0.2489878535270691,0.26451611518859863,0.07978494465351105
YDR092W,YJL003W,0,-1.9791558,0.24848484992980957,0.26451611518859863,0.07999999821186066
YAL024C,YNL272C,1,-1.9797504,0.25,0.2666666805744171,0.07999999821186066
YGR235C,YLR382C,0,-1.980484,0.24949698150157928,0.2666666805744171,0.08021505177021027
YNR032C-A,YOL069W,0,-1.9825478,0.24899598956108093,0.2666666805744171,0.08043010532855988
YGR161W-A,YOR109W,0,-1.9828377,0.24849699437618256,0.2666666805744171,0.08064515888690948
YBR043C,YOL103W-A,0,-1.9832448,0.24799999594688416,0.2666666805744171,0.0808602124452591
YDR211W,YNL272C,1,-1.9832485,0.24950100481510162,0.2688172161579132,0.0808602124452591
YPL126W,YFR038W,0,-1.9836601,0.24900399148464203,0.2688172161579132,0.0810752660036087
YER093C,YML097C,1,-1.9837906,0.2504970133304596,0.2709677517414093,0.0810752660036087
YKL081W,YGL078C,0,-1.9839596,0.25,0.2709677517414093,0.08129031956195831
YPR158W-B,YMR205C,0,-1.9841001,0.249504953622818,0.2709677517414093,0.08150537312030792
YER142C,YMR237W,0,-1.984371,0.24901185929775238,0.2709677517414093,0.08172042667865753
YBR233W-A,YOL078W,0,-1.9846798,0.24852071702480316,0.2709677517414093,0.08193548023700714
YPR161C,YHR090C,0,-1.9851091,0.24803149700164795,0.2709677517414093,0.08215054124593735
YNL284C-B,YML086C,0,-1.9852021,0.24754419922828674,0.2709677517414093,0.08236559480428696
YML057W,YER178W,0,-1.9853609,0.24705882370471954,0.2709677517414093,0.08258064836263657
YLL017W,YGR070W,1,-1.9853762,0.24853229522705078,0.2731182873249054,0.08258064836263657
YBR060C,YER108C,0,-1.9854208,0.248046875,0.2731182873249054,0.08279570192098618
YBR090C-A,YIR031C,0,-1.9854254,0.24756334722042084,0.2731182873249054,0.08301075547933578
YCR058C,YGR208W,0,-1.9855231,0.2470817118883133,0.2731182873249054,0.0832258090376854
YCL012W,YLR150W,0,-1.9856051,0.24660193920135498,0.2731182873249054,0.083440862596035
YCR107W,YCL012W,0,-1.9856571,0.2461240291595459,0.2731182873249054,0.08365591615438461
YDR200C,YBR100W,0,-1.9856722,0.24564796686172485,0.2731182873249054,0.08387096971273422
YJR048W,YBR090C-A,0,-1.985738,0.24517375230789185,0.2731182873249054,0.08408602327108383
YDR211W,YNL297C,1,-1.9859076,0.24662813544273376,0.2752688229084015,0.08408602327108383
YHR197W,YCL012W,0,-1.9859519,0.2461538463830948,0.2752688229084015,0.08430107682943344
YJL089W,YHR157W,0,-1.986016,0.24568137526512146,0.2752688229084015,0.08451613038778305
YGR205W,YGR244C,0,-1.9861512,0.24521072208881378,0.2752688229084015,0.08473118394613266
YOR117W,YHR079C-B,0,-1.9863886,0.24474187195301056,0.2752688229084015,0.08494623750448227
YNL173C,YGL053W,0,-1.9864328,0.2442748099565506,0.2752688229084015,0.08516129106283188
YFR024C,YNL180C,0,-1.9865551,0.2438095211982727,0.2752688229084015,0.08537634462118149
YFL035C-B,YKL150W,0,-1.9868789,0.24334600567817688,0.2752688229084015,0.0855913981795311
YHL050C,YBR100W,0,-1.9868789,0.24288424849510193,0.2752688229084015,0.0858064517378807
YDR210W-C,YEL006W,0,-1.9868789,0.24242424964904785,0.2752688229084015,0.08602150529623032
YOR048C,YFL018W-A,0,-1.9868789,0.24196597933769226,0.2752688229084015,0.08623655885457993
YGL104C,YCL005W-A,0,-1.9868789,0.24150943756103516,0.2752688229084015,0.08645161241292953
YCL005W-A,YOR258W,0,-1.9868789,0.24105460941791534,0.2752688229084015,0.08666666597127914
YCR086W,YLR154W-C,0,-1.9868789,0.24060150980949402,0.2752688229084015,0.08688171952962875
YDL134C-A,YJR041C,0,-1.9868789,0.2401500940322876,0.2752688229084015,0.08709677308797836
YKL185W,YLR154W-C,0,-1.9868789,0.23970037698745728,0.2752688229084015,0.08731182664632797
YER176W,YDR210W-C,0,-1.9868789,0.23925234377384186,0.2752688229084015,0.08752688020467758
YDR210W-C,YPL018W,0,-1.9868789,0.23880596458911896,0.2752688229084015,0.08774193376302719
YCL005W-A,YJL133C-A,0,-1.9868789,0.23836126923561096,0.2752688229084015,0.0879569873213768
YDR300C,YLR154W-C,0,-1.9868789,0.2379182130098343,0.2752688229084015,0.08817204087972641
YBR200W-A,YDR041W,0,-1.9868789,0.23747681081295013,0.2752688229084015,0.08838709443807602
YDR210W-C,YER129W,0,-1.9868789,0.2370370328426361,0.2752688229084015,0.08860214799642563
YKR099W,YFL018W-A,0,-1.9868789,0.2365988940000534,0.2752688229084015,0.08881720155477524
YNL103W,YFL035C-A,0,-1.9868789,0.23616236448287964,0.2752688229084015,0.08903225511312485
YOR247W,YDR210W-C,0,-1.9868789,0.2357274442911148,0.2752688229084015,0.08924730867147446
YFL035C-B,YER129W,0,-1.9868789,0.23529411852359772,0.2752688229084015,0.08946236222982407
YGL045W,YFL035C-A,0,-1.9868789,0.23486238718032837,0.2752688229084015,0.08967741578817368
YLR154W-C,YOL116W,0,-1.9868789,0.23443223536014557,0.2752688229084015,0.08989247679710388
YPR114W,YDL134C-A,0,-1.9868789,0.23400366306304932,0.2752688229084015,0.09010753035545349
YIL107C,YOL086W-A,0,-1.9868789,0.23357664048671722,0.2752688229084015,0.0903225839138031
YFL035C-B,YLR059C,0,-1.9868789,0.23315118253231049,0.2752688229084015,0.09053763747215271
YKR095W-A,YBR168W,0,-1.9868789,0.2327272742986679,0.2752688229084015,0.09075269103050232
YBR200W-A,YGL006W,0,-1.9868789,0.2323049008846283,0.2752688229084015,0.09096774458885193
YKL051W,YOL086W-A,0,-1.9868789,0.23188406229019165,0.2752688229084015,0.09118279814720154
YKR095W-A,YDR023W,0,-1.9868789,0.23146474361419678,0.2752688229084015,0.09139785170555115
YIL068C,YCR058C,0,-1.9868789,0.23104692995548248,0.2752688229084015,0.09161290526390076
YBR200W-A,YMR226C,0,-1.9868789,0.23063063621520996,0.2752688229084015,0.09182795882225037
YKL138C-A,YLR432W,0,-1.9868789,0.23021583259105682,0.2752688229084015,0.09204301238059998
YGL063W,YCL005W-A,0,-1.9868789,0.22980251908302307,0.2752688229084015,0.09225806593894958
YLR328W,YER053C-A,0,-1.9868789,0.2293906807899475,0.2752688229084015,0.0924731194972992
YGL070C,YFL035C-A,0,-1.9868789,0.22898031771183014,0.2752688229084015,0.0926881730556488
YBR015C,YOR343C-A,0,-1.9868789,0.22857142984867096,0.2752688229084015,0.09290322661399841
YDR308C,YOL086W-A,0,-1.9868789,0.22816398739814758,0.2752688229084015,0.09311828017234802
YBR200W-A,YGR170W,0,-1.9868789,0.2277580052614212,0.2752688229084015,0.09333333373069763
YER040W,YOR343C-A,0,-1.9868789,0.22735346853733063,0.2752688229084015,0.09354838728904724
YCL005W-A,YFR040W,0,-1.9868789,0.22695034742355347,0.2752688229084015,0.09376344084739685
YCL005W-A,YIL037C,0,-1.9868789,0.2265486717224121,0.2752688229084015,0.09397849440574646
YOR207C,YOR343C-A,0,-1.9868789,0.22614841163158417,0.2752688229084015,0.09419354796409607
YDR201W,YFL035C-A,0,-1.9868789,0.22574955224990845,0.2752688229084015,0.09440860152244568
YKR095W-A,YOR254C,0,-1.9868789,0.22535210847854614,0.2752688229084015,0.09462365508079529
YNR019W,YKL138C-A,0,-1.9868789,0.22495606541633606,0.2752688229084015,0.0948387086391449
YNL294C,YOR343C-A,0,-1.9868789,0.224561408162117,0.2752688229084015,0.0950537621974945
YLR131C,YBR100W,0,-1.9868789,0.22416812181472778,0.2752688229084015,0.09526881575584412
YGL115W,YFL018W-A,0,-1.9868789,0.2237762212753296,0.2752688229084015,0.09548386931419373
YDL230W,YOL086W-A,0,-1.9868789,0.22338569164276123,0.2752688229084015,0.09569892287254333
YNL250W,YCL005W-A,0,-1.9868789,0.2229965180158615,0.2752688229084015,0.09591397643089294
YGR082W,YDL134C-A,0,-1.9868789,0.22260870039463043,0.2752688229084015,0.09612902998924255
YFL035C-B,YPL001W,0,-1.9868789,0.2222222238779068,0.2752688229084015,0.09634408354759216
YHL038C,YFL035C-B,0,-1.9868789,0.2218370884656906,0.2752688229084015,0.09655913710594177
YKL132C,YER053C-A,0,-1.9868789,0.22145329415798187,0.2752688229084015,0.09677419066429138
YJR120W,YHR079C-B,0,-1.9868789,0.2210708111524582,0.2752688229084015,0.09698924422264099
YKR095W-A,YJL003W,0,-1.9868789,0.22068965435028076,0.2752688229084015,0.0972042977809906
YGR170W,YOR343C-A,0,-1.9868789,0.2203098088502884,0.2752688229084015,0.09741935133934021
YOR018W,YDR210W-C,0,-1.9868789,0.21993127465248108,0.2752688229084015,0.09763440489768982
YDR190C,YOR343C-A,0,-1.9868789,0.21955403685569763,0.2752688229084015,0.09784946590662003
YDL134C-A,YNR030W,0,-1.9868789,0.21917808055877686,0.2752688229084015,0.09806451946496964
YPL120W,YER053C-A,0,-1.9868789,0.21880342066287994,0.2752688229084015,0.09827957302331924
YPL225W,YLR154W-C,0,-1.9868789,0.2184300273656845,0.2752688229084015,0.09849462658166885
YKL138C-A,YNL288W,0,-1.9868789,0.21805791556835175,0.2752688229084015,0.09870968014001846
YGR138C,YFL035C-A,0,-1.9868789,0.21768707036972046,0.2752688229084015,0.09892473369836807
YDL134C-A,YHR073W,0,-1.9868789,0.21731749176979065,0.2752688229084015,0.09913978725671768
YBR200W-A,YHR197W,0,-1.9868789,0.21694914996623993,0.2752688229084015,0.09935484081506729
YDL134C-A,YOR129C,0,-1.9868789,0.2165820598602295,0.2752688229084015,0.0995698943734169
YCR086W,YBR200W-A,0,-1.9868789,0.21621622145175934,0.2752688229084015,0.09978494793176651
YBL063W,YLR154W-C,0,-1.9868789,0.21585160493850708,0.2752688229084015,0.10000000149011612
YDL134C-A,YDR397C,0,-1.9868789,0.21548821032047272,0.2752688229084015,0.10021505504846573
YBR090C-A,YHL050C,0,-1.9868789,0.21512605249881744,0.2752688229084015,0.10043010860681534
YPL209C,YBR200W-A,0,-1.9868789,0.21476510167121887,0.2752688229084015,0.10064516216516495
YMR220W,YLR154W-C,0,-1.9868789,0.214405357837677,0.2752688229084015,0.10086021572351456
YPR134W,YOR343C-A,0,-1.9868789,0.21404682099819183,0.2752688229084015,0.10107526928186417
YLR154W-C,YKL099C,0,-1.9868789,0.21368947625160217,0.2752688229084015,0.10129032284021378
YDL134C-A,YLR345W,0,-1.9868789,0.2133333384990692,0.2752688229084015,0.10150537639856339
YBR200W-A,YNL076W,0,-1.9868789,0.21297836303710938,0.2752688229084015,0.101720429956913
YFL018W-A,YDL211C,0,-1.9868789,0.21262457966804504,0.2752688229084015,0.1019354835152626
YIL064W,YJL133C-A,0,-1.9868789,0.21227197349071503,0.2752688229084015,0.10215053707361221
YCL005W-A,YIL053W,0,-1.9868789,0.21192052960395813,0.2752688229084015,0.10236559063196182
YJL133C-A,YGL093W,0,-1.9868789,0.21157024800777435,0.2752688229084015,0.10258064419031143
YLR277C,YKR095W-A,0,-1.9868789,0.2112211287021637,0.2752688229084015,0.10279569774866104
YGR253C,YLR154W-C,0,-1.9868789,0.21087314188480377,0.2752688229084015,0.10301075130701065
YDR210W-C,YDR005C,0,-1.9868789,0.21052631735801697,0.2752688229084015,0.10322580486536026
YML057W,YER053C-A,0,-1.9868789,0.2101806253194809,0.2752688229084015,0.10344085842370987
YKL138C-A,YGL061C,0,-1.9868789,0.20983606576919556,0.2752688229084015,0.10365591198205948
YDR441C,YJL133C-A,0,-1.9868789,0.20949263870716095,0.2752688229084015,0.10387096554040909
YDL134C-A,YNL062C,0,-1.9868789,0.20915032923221588,0.2752688229084015,0.1040860190987587
YDL134C-A,YLR017W,0,-1.9868789,0.20880913734436035,0.2752688229084015,0.1043010726571083
YDR210W-C,YPL076W,0,-1.9868789,0.20846904814243317,0.2752688229084015,0.10451612621545792
YJL021C,YHR001W-A,0,-1.9868789,0.20813007652759552,0.2752688229084015,0.10473117977380753
YKL048C,YFL035C-A,0,-1.9868789,0.20779220759868622,0.2752688229084015,0.10494623333215714
YOL086W-A,YPR086W,0,-1.9868789,0.20745542645454407,0.2752688229084015,0.10516128689050674
YKR095W-A,YHR024C,0,-1.9868789,0.20711974799633026,0.2752688229084015,0.10537634044885635
YLR131C,YBR200W-A,0,-1.9868789,0.2067851424217224,0.2752688229084015,0.10559140145778656
YER159C,YER053C-A,0,-1.9868789,0.20645160973072052,0.2752688229084015,0.10580645501613617
YCL005W-A,YPL207W,0,-1.9868789,0.20611916482448578,0.2752688229084015,0.10602150857448578
YFL035C-B,YML047C,0,-1.9868789,0.2057877779006958,0.2752688229084015,0.10623656213283539
YLR154W-C,YJL197W,0,-1.9868789,0.20545746386051178,0.2752688229084015,0.106451615691185
YLR220W,YFL018W-A,0,-1.9868789,0.20512820780277252,0.2752688229084015,0.1066666692495346
YPR173C,YBR200W-A,0,-1.9868789,0.20479999482631683,0.2752688229084015,0.10688172280788422
YLR154W-C,YFL035C-A,0,-1.9868789,0.2044728398323059,0.2752688229084015,0.10709677636623383
YLL026W,YKL138C-A,0,-1.9868789,0.20414672791957855,0.2752688229084015,0.10731182992458344
YMR050C,YOR343C-A,0,-1.9868789,0.20382165908813477,0.2752688229084015,0.10752688348293304
YJL003W,YFL035C-A,0,-1.9868789,0.20349761843681335,0.2752688229084015,0.10774193704128265
YLR154W-C,YGL171W,0,-1.9868789,0.20317460596561432,0.2752688229084015,0.10795699059963226
YPL137C,YFL018W-A,0,-1.9868789,0.20285262167453766,0.2752688229084015,0.10817204415798187
YFL018W-A,YNL216W,0,-1.9868789,0.20253165066242218,0.2752688229084015,0.10838709771633148
YFL035C-B,YER177W,0,-1.9868789,0.20221169292926788,0.2752688229084015,0.10860215127468109
YJL183W,YDR210W-C,0,-1.9868789,0.20189274847507477,0.2752688229084015,0.1088172048330307
YKL138C-A,YJL208C,0,-1.9868789,0.20157480239868164,0.2752688229084015,0.10903225839138031
YFL035C-B,YOL103W-A,0,-1.9868789,0.2012578547000885,0.2752688229084015,0.10924731194972992
YCR058C,YDR179C,0,-1.9871314,0.20094192028045654,0.2752688229084015,0.10946236550807953
YIL053W,YBR100W,0,-1.9872413,0.20062695443630219,0.2752688229084015,0.10967741906642914
YLR293C,YER108C,0,-1.9874004,0.20031298696994781,0.2752688229084015,0.10989247262477875
YGR178C,YKL006C-A,0,-1.9876256,0.20000000298023224,0.2752688229084015,0.11010752618312836
YER005W,YHR079C-B,0,-1.988183,0.19968798756599426,0.2752688229084015,0.11032257974147797
YGL006W,YCL012W,0,-1.9884272,0.1993769407272339,0.2752688229084015,0.11053763329982758
YPR131C,YFR038W,0,-1.9886109,0.1990668773651123,0.2752688229084015,0.11075268685817719
YGR004W,YGR161C-D,0,-1.9886498,0.19875776767730713,0.2752688229084015,0.1109677404165268
YNL297C,YOR260W,1,-1.9894537,0.20000000298023224,0.2774193584918976,0.1109677404165268
YDL119C,YPL097W,0,-1.989635,0.19969040155410767,0.2774193584918976,0.1111827939748764
YLR258W,YOR157C,0,-1.9900527,0.1993817687034607,0.2774193584918976,0.11139784753322601
YOR129C,YBR100W,0,-1.9906077,0.19907407462596893,0.2774193584918976,0.11161290109157562
YHR148W,YHR079C-B,0,-1.9907331,0.19876733422279358,0.2774193584918976,0.11182795464992523
YCR058C,YML082W,0,-1.990799,0.19846153259277344,0.2774193584918976,0.11204300820827484
YDR513W,YMR133W,0,-1.9910258,0.1981566846370697,0.2774193584918976,0.11225806176662445
YBR091C,YBR208C,0,-1.9910321,0.19785276055335999,0.2774193584918976,0.11247311532497406
YPL115C,YOR156C,0,-1.9912547,0.19754977524280548,0.2774193584918976,0.11268816888332367
YMR009W,YKL134C,0,-1.9916211,0.197247713804245,0.2774193584918976,0.11290322244167328
YDR243C,YGR083C,0,-1.9919076,0.19694656133651733,0.2774193584918976,0.11311827600002289
YLR352W,YGL107C,0,-1.9921975,0.19664634764194489,0.2774193584918976,0.1133333370089531
YJR049C,YHR079C-B,0,-1.9923675,0.19634702801704407,0.2774193584918976,0.1135483905673027
YDL003W,YCR058C,0,-1.9923781,0.19604863226413727,0.2774193584918976,0.11376344412565231
YBR090C-A,YMR133W,0,-1.9926262,0.1957511454820633,0.2774193584918976,0.11397849768400192
YJR084W,YPL168W,0,-1.9929893,0.19545455276966095,0.2774193584918976,0.11419355124235153
YDL113C,YHR001W-A,0,-1.9931285,0.19515885412693024,0.2774193584918976,0.11440860480070114
YCR058C,YBR295W,0,-1.9950505,0.19486404955387115,0.2774193584918976,0.11462365835905075
YPL126W,YHL026C,0,-1.9953064,0.1945701390504837,0.2774193584918976,0.11483871191740036
YOR018W,YOR110W,0,-1.99554,0.1942771077156067,0.2774193584918976,0.11505376547574997
YER005W,YLR054C,0,-1.995822,0.1939849555492401,0.2774193584918976,0.11526881903409958
YDR210C-D,YBR003W,0,-1.9969225,0.19369369745254517,0.2774193584918976,0.11548387259244919
YBR069C,YCR058C,0,-1.9972134,0.19340330362319946,0.2774193584918976,0.1156989261507988
YKR007W,YKL048C,0,-1.9982983,0.193113774061203,0.2774193584918976,0.11591397970914841
YGR204W,YGL167C,0,-1.9985566,0.1928251087665558,0.2774193584918976,0.11612903326749802
YFR024C,YNL247W,0,-1.9985574,0.1925373077392578,0.2774193584918976,0.11634408682584763
YGR161W-A,YPL013C,0,-1.9992393,0.19225037097930908,0.2774193584918976,0.11655914038419724
YCR035C,YHR079C-B,0,-1.9996608,0.1919642835855484,0.2774193584918976,0.11677419394254684
YPL115C,YLL031C,0,-2.000672,0.19167904555797577,0.2774193584918976,0.11698924750089645
YER093C,YPR017C,1,-2.0007472,0.1928783357143402,0.2795698940753937,0.11698924750089645
YLR227W-A,YAL059W,0,-2.0010624,0.192592591047287,0.2795698940753937,0.11720430105924606
YFR024C,YBR169C,0,-2.0013206,0.19230769574642181,0.2795698940753937,0.11741935461759567
YNL059C,YER129W,0,-2.0014026,0.1920236349105835,0.2795698940753937,0.11763440817594528
YPR037C,YMR101C,0,-2.0018277,0.19174040853977203,0.2795698940753937,0.11784946173429489
YLR442C,YLR451W,0,-2.0036004,0.19145803153514862,0.2795698940753937,0.1180645152926445
YDL018C,YFR025C,0,-2.0038335,0.19117647409439087,0.2795698940753937,0.11827956885099411
YNL164C,YER032W,0,-2.0041587,0.19089573621749878,0.2795698940753937,0.11849462240934372
YNL284C-B,YPR097W,0,-2.0044703,0.19061583280563354,0.2795698940753937,0.11870967596769333
YHR079C-B,YIL130W,0,-2.0053568,0.19033674895763397,0.2795698940753937,0.11892472952604294
YFR024C,YFL025C,0,-2.005428,0.19005848467350006,0.2795698940753937,0.11913978308439255
YDR325W,YCR058C,0,-2.0065036,0.18978102505207062,0.2795698940753937,0.11935483664274216
YGR097W,YBR100W,0,-2.0068963,0.18950437009334564,0.2795698940753937,0.11956989020109177
YCR058C,YDR108W,0,-2.0074964,0.18922853469848633,0.2795698940753937,0.11978494375944138
YOL042W,YNL068C,0,-2.009717,0.1889534890651703,0.2795698940753937,0.11999999731779099
YML023C,YNL317W,0,-2.0098276,0.18867924809455872,0.2795698940753937,0.1202150508761406
YDR007W,YER108C,0,-2.00996,0.18840579688549042,0.2795698940753937,0.1204301044344902
YOR090C,YER041W,0,-2.0100837,0.1881331354379654,0.2795698940753937,0.12064515799283981
YKR095W,YML082W,0,-2.0102453,0.18786127865314484,0.2795698940753937,0.12086021155118942
YIL019W,YBL008W,0,-2.0106578,0.18759018182754517,0.2795698940753937,0.12107526510953903
YPL175W,YIL167W,0,-2.0107236,0.18731988966464996,0.2795698940753937,0.12129032611846924
YBR188C,YKL114C,0,-2.0116332,0.18705035746097565,0.2795698940753937,0.12150537967681885
YBR090C-A,YLL053C,0,-2.0119972,0.1867816150188446,0.2795698940753937,0.12172043323516846
YOR372C,YHR142W,0,-2.0126839,0.18651363253593445,0.2795698940753937,0.12193548679351807
YAL068C,YPL063W,0,-2.0128217,0.18624642491340637,0.2795698940753937,0.12215054035186768
YDR189W,YLR007W,0,-2.012906,0.18597997725009918,0.2795698940753937,0.12236559391021729
YDR178W,YDL149W,0,-2.0132065,0.18571428954601288,0.2795698940753937,0.1225806474685669
YLL026W,YBR090C-A,0,-2.0132751,0.18544936180114746,0.2795698940753937,0.1227957010269165
YAL048C,YGL018C,0,-2.013695,0.18518517911434174,0.2795698940753937,0.12301075458526611
YPL169C,YJR042W,0,-2.0137281,0.1849217712879181,0.2795698940753937,0.12322580814361572
YBR272C,YOR227W,0,-2.0141807,0.18465909361839294,0.2795698940753937,0.12344086170196533
YDL100C,YLR039C,1,-2.015409,0.18581560254096985,0.28172042965888977,0.12344086170196533
YAL024C,YEL022W,1,-2.015793,0.1869688332080841,0.28387096524238586,0.12344086170196533
YFR024C-A,YLR189C,0,-2.0162604,0.1867043823003769,0.28387096524238586,0.12365591526031494
YER149C,YKR088C,0,-2.0166967,0.18644067645072937,0.28387096524238586,0.12387096881866455
YKL191W,YOL051W,0,-2.016924,0.18617771565914154,0.28387096524238586,0.12408602237701416
YGR170W,YLR247C,0,-2.0171118,0.1859154999256134,0.28387096524238586,0.12430107593536377
YCL029C,YOR335C,0,-2.0171616,0.18565401434898376,0.28387096524238586,0.12451612949371338
YOL103W-A,YFR025C,0,-2.0182548,0.18539325892925262,0.28387096524238586,0.12473118305206299
YDR372C,YHR079C-B,0,-2.0188022,0.18513323366641998,0.28387096524238586,0.1249462366104126
YNL045W,YLR248W,0,-2.0198221,0.18487395346164703,0.28387096524238586,0.1251612901687622
YLR052W,YNL023C,0,-2.020236,0.1846153885126114,0.28387096524238586,0.12537634372711182
YIL022W,YFR024C,0,-2.0204873,0.18435753881931305,0.28387096524238586,0.12559139728546143
YOR358W,YDR080W,0,-2.0209973,0.1841004192829132,0.28387096524238586,0.12580645084381104
YOR189W,YDR268W,0,-2.0211174,0.18384401500225067,0.28387096524238586,0.12602150440216064
YMR225C,YLR323C,0,-2.021184,0.18358831107616425,0.28387096524238586,0.12623655796051025
YMR063W,YGL049C,0,-2.0217462,0.18333333730697632,0.28387096524238586,0.12645161151885986
YLR131C,YBR162C,0,-2.0219696,0.1830790638923645,0.28387096524238586,0.12666666507720947
YDR189W,YPR034W,0,-2.0226243,0.1828254908323288,0.28387096524238586,0.12688171863555908
YPL100W,YHR006W,0,-2.0235095,0.1825726181268692,0.28387096524238586,0.1270967721939087
YMR076C,YFR024C,0,-2.024054,0.18232044577598572,0.28387096524238586,0.1273118257522583
YGL167C,YDR261C,0,-2.024466,0.18206895887851715,0.28387096524238586,0.1275268793106079
YCL048W,YKR031C,0,-2.0247774,0.1818181872367859,0.28387096524238586,0.12774193286895752
YOR272W,YGL111W,0,-2.0254426,0.18156808614730835,0.28387096524238586,0.12795698642730713
YKL149C,YGR057C,0,-2.0265653,0.18131868541240692,0.28387096524238586,0.12817203998565674
YER155C,YBR131W,1,-2.027703,0.18244169652462006,0.28602150082588196,0.12817203998565674
YOL103W-A,YGR245C,0,-2.0278373,0.18219177424907684,0.28602150082588196,0.12838709354400635
YLR277C,YHR073W,0,-2.0282574,0.18194253742694855,0.28602150082588196,0.12860214710235596
YKL052C,YJL035C,0,-2.0288093,0.18169398605823517,0.28602150082588196,0.12881720066070557
YGL093W,YPL049C,0,-2.0290868,0.1814461052417755,0.28602150082588196,0.12903225421905518
YBL100W-B,YGR083C,0,-2.029173,0.18119890987873077,0.28602150082588196,0.12924730777740479
YBL008W,YPL161C,0,-2.0302558,0.18095238506793976,0.28602150082588196,0.1294623613357544
YKL145W,YDR268W,0,-2.031447,0.18070651590824127,0.28602150082588196,0.129677414894104
YBR090C-A,YKL081W,0,-2.0318208,0.1804613322019577,0.28602150082588196,0.1298924684524536
YDR098C-A,YHR170W,0,-2.0330229,0.18021680414676666,0.28602150082588196,0.13010752201080322
YLR293C,YLR432W,0,-2.033274,0.17997293174266815,0.28602150082588196,0.13032257556915283
YER093C,YOR260W,1,-2.0344791,0.18108108639717102,0.28817203640937805,0.13032257556915283
YDR098C-A,YLR054C,0,-2.0348184,0.18083670735359192,0.28817203640937805,0.13053762912750244
YER142C,YKL051W,0,-2.0353699,0.18059299886226654,0.28817203640937805,0.13075268268585205
YLR371W,YER155C,1,-2.037187,0.1816958338022232,0.29032257199287415,0.13075268268585205
YJL013C,YDR028C,0,-2.0372548,0.18145161867141724,0.29032257199287415,0.13096773624420166
YPL001W,YDL189W,0,-2.0377004,0.1812080591917038,0.29032257199287415,0.13118278980255127
YKL197C,YCL054W,0,-2.0403247,0.1809651404619217,0.29032257199287415,0.13139784336090088
YLR143W,YOR109W,0,-2.0415251,0.1807228922843933,0.29032257199287415,0.1316128969192505
YGL087C,YDR365W-A,0,-2.0422678,0.18048128485679626,0.29032257199287415,0.1318279504776001
YOR156C,YER108C,0,-2.0426512,0.18024031817913055,0.29032257199287415,0.1320430040359497
YOL020W,YCR018C,0,-2.0433793,0.18000000715255737,0.29032257199287415,0.13225805759429932
YBL031W,YDR301W,0,-2.0434966,0.17976032197475433,0.29032257199287415,0.13247311115264893
YCL012W,YKR031C,0,-2.0437508,0.17952127754688263,0.29032257199287415,0.13268816471099854
YIL068C,YOR109W,0,-2.0437558,0.17928287386894226,0.29032257199287415,0.13290323317050934
YFR024C,YBR107C,0,-2.0440884,0.17904509603977203,0.29032257199287415,0.13311828672885895
YMR059W,YDR365W-A,0,-2.0442889,0.17880794405937195,0.29032257199287415,0.13333334028720856
YHR214C-C,YLR259C,0,-2.0445867,0.1785714328289032,0.29032257199287415,0.13354839384555817
YDR439W,YDR412W,0,-2.045354,0.1783355325460434,0.29032257199287415,0.13376344740390778
YMR153W,YBL005W,0,-2.0460815,0.17810025811195374,0.29032257199287415,0.13397850096225739
YAL024C,YDR137W,1,-2.0481946,0.17918314039707184,0.29247310757637024,0.13397850096225739
YGL063W,YPL234C,0,-2.0483553,0.17894737422466278,0.29247310757637024,0.134193554520607
YEL022W,YLR310C,1,-2.0484304,0.18002627789974213,0.29462364315986633,0.134193554520607
YDL117W,YHR080C,0,-2.048646,0.17979001998901367,0.29462364315986633,0.1344086080789566
YLR039C,YLR310C,1,-2.0491042,0.18086500465869904,0.2967741787433624,0.1344086080789566
YMR232W,YDR439W,0,-2.0503707,0.18062826991081238,0.2967741787433624,0.1346236616373062
YPR158W-B,YER127W,0,-2.0509105,0.18039216101169586,0.2967741787433624,0.13483871519565582
YGR217W,YKL063C,0,-2.0510504,0.1801566630601883,0.2967741787433624,0.13505376875400543
YNL023C,YKL077W,0,-2.051547,0.17992177605628967,0.2967741787433624,0.13526882231235504
YOR260W,YPR017C,1,-2.05231,0.1809895783662796,0.2989247441291809,0.13526882231235504
YIL156W,YGR224W,0,-2.0526395,0.18075422942638397,0.2989247441291809,0.13548387587070465
YFR024C,YPR174C,0,-2.0527833,0.1805194765329361,0.2989247441291809,0.13569892942905426
YAL015C,YDR365W-A,0,-2.0528107,0.18028534948825836,0.2989247441291809,0.13591398298740387
YDR204W,YHR080C,0,-2.0539021,0.18005181849002838,0.2989247441291809,0.13612903654575348
YMR076C,YNL123W,0,-2.0539393,0.17981888353824615,0.2989247441291809,0.1363440901041031
YJR102C,YDL119C,0,-2.05416,0.17958655953407288,0.2989247441291809,0.1365591436624527
YLR223C,YBL100W-B,0,-2.0553284,0.17935483157634735,0.2989247441291809,0.1367741972208023
YOR260W,YNL272C,1,-2.0554214,0.18041236698627472,0.301075279712677,0.1367741972208023
YMR274C,YIL096C,0,-2.056088,0.18018017709255219,0.301075279712677,0.13698925077915192
YPR095C,YLR425W,1,-2.0563784,0.18123392760753632,0.3032258152961731,0.13698925077915192
YDR122W,YOL051W,0,-2.057033,0.18100129067897797,0.3032258152961731,0.13720430433750153
YIL075C,YCR086W,0,-2.0581923,0.18076923489570618,0.3032258152961731,0.13741935789585114
YPR057W,YBR028C,0,-2.0585577,0.18053777515888214,0.3032258152961731,0.13763441145420074
YOL103W-A,YER127W,0,-2.0591156,0.18030691146850586,0.3032258152961731,0.13784946501255035
YHR210C,YKR089C,0,-2.0601091,0.18007662892341614,0.3032258152961731,0.13806451857089996
YNL103W,YGL243W,0,-2.0610745,0.17984694242477417,0.3032258152961731,0.13827957212924957
YJL162C,YBR045C,0,-2.061133,0.17961783707141876,0.3032258152961731,0.13849462568759918
YNL246W,YBL014C,0,-2.0611846,0.17938931286334991,0.3032258152961731,0.1387096792459488
YGL105W,YPL161C,0,-2.0615115,0.17916136980056763,0.3032258152961731,0.1389247328042984
YBL031W,YOL078W,0,-2.0615487,0.1789340078830719,0.3032258152961731,0.139139786362648
YMR234W,YLR115W,0,-2.061685,0.17870722711086273,0.3032258152961731,0.13935483992099762
YNR048W,YCL051W,0,-2.0639732,0.17848101258277893,0.3032258152961731,0.13956989347934723
YLR239C,YJR052W,0,-2.0645452,0.1782553791999817,0.3032258152961731,0.13978494703769684
YOR117W,YJL013C,0,-2.0647597,0.17803029716014862,0.3032258152961731,0.14000000059604645
YIL096C,YPL161C,0,-2.0656729,0.1778057962656021,0.3032258152961731,0.14021505415439606
YFR024C,YNL111C,0,-2.0663834,0.17758186161518097,0.3032258152961731,0.14043010771274567
YLR093C,YDR365W-A,0,-2.0663896,0.1773584932088852,0.3032258152961731,0.14064516127109528
YGL067W,YGL005C,0,-2.066825,0.1771356761455536,0.3032258152961731,0.14086021482944489
YPR046W,YBR100W,0,-2.0668309,0.17691342532634735,0.3032258152961731,0.1410752683877945
YNL038W,YDR303C,0,-2.0683398,0.17669172585010529,0.3032258152961731,0.1412903219461441
YBR086C,YPL145C,0,-2.0685954,0.1764705926179886,0.3032258152961731,0.1415053755044937
YHR202W,YPL168W,0,-2.0690017,0.17624999582767487,0.3032258152961731,0.14172042906284332
YPR128C,YGR044C,0,-2.0690963,0.1760299652814865,0.3032258152961731,0.14193548262119293
YDR137W,YLR371W,1,-2.0701804,0.17705735564231873,0.3053763508796692,0.14193548262119293
YJL013C,YKL040C,0,-2.0711265,0.17683686316013336,0.3053763508796692,0.14215053617954254
YJR031C,YCR038C,1,-2.0715206,0.17786069214344025,0.3075268864631653,0.14215053617954254
YIR019C,YMR237W,0,-2.0729651,0.17763975262641907,0.3075268864631653,0.14236558973789215
YAL056W,YNL288W,0,-2.0731654,0.17741934955120087,0.3075268864631653,0.14258064329624176
YKL150W,YLR011W,0,-2.0732727,0.17719949781894684,0.3075268864631653,0.14279569685459137
YIL068C,YJR052W,0,-2.0735266,0.17698019742965698,0.3075268864631653,0.14301075041294098
YPL137C,YKL079W,0,-2.0736325,0.1767614334821701,0.3075268864631653,0.1432258039712906
YCL029C,YIL018W,0,-2.0740888,0.1765432059764862,0.3075268864631653,0.1434408575296402
YFR024C,YDR323C,0,-2.074123,0.17632552981376648,0.3075268864631653,0.1436559110879898
YNR026C,YLR039C,1,-2.0743427,0.17733989655971527,0.3096774220466614,0.1436559110879898
YJL057C,YOL096C,0,-2.0744479,0.17712177336215973,0.3096774220466614,0.14387096464633942
YHL011C,YOR078W,0,-2.0751119,0.17690417170524597,0.3096774220466614,0.14408601820468903
YPR161C,YBR248C,0,-2.0753727,0.1766871213912964,0.3096774220466614,0.14430107176303864
YLR039C,YGR083C,1,-2.0764637,0.1776960790157318,0.31182795763015747,0.14430107176303864
YGL097W,YML097C,1,-2.0765471,0.17870256304740906,0.31397849321365356,0.14430107176303864
YHR073W,YER178W,0,-2.0770903,0.17848411202430725,0.31397849321365356,0.14451612532138824
YDR257C,YGL111W,0,-2.0772212,0.17826618254184723,0.31397849321365356,0.14473117887973785
YDR137W,YML097C,1,-2.077714,0.17926828563213348,0.31612902879714966,0.14473117887973785
YHL031C,YCL039W,0,-2.0796647,0.17904993891716003,0.31612902879714966,0.14494623243808746
YGL144C,YNR052C,0,-2.0800788,0.17883211374282837,0.31612902879714966,0.14516128599643707
YLR011W,YDR135C,0,-2.0802348,0.17861482501029968,0.31612902879714966,0.14537633955478668
YOR117W,YPR086W,0,-2.0804513,0.17839805781841278,0.31612902879714966,0.1455913931131363
YJR049C,YML057W,0,-2.0807037,0.17818181216716766,0.31612902879714966,0.1458064466714859
YNL054W-A,YCL048W,0,-2.0808713,0.17796610295772552,0.31612902879714966,0.1460215002298355
YFL049W,YNL068C,0,-2.0819705,0.17775090038776398,0.31612902879714966,0.14623655378818512
YER005W,YNL118C,0,-2.0822206,0.1775362342596054,0.31612902879714966,0.14645160734653473
YIL068C,YJL094C,0,-2.0823388,0.17732207477092743,0.31612902879714966,0.14666666090488434
YOL144W,YHR146W,0,-2.0823545,0.17710843682289124,0.31612902879714966,0.14688171446323395
YBR038W,YDR292C,0,-2.0838475,0.17689530551433563,0.31612902879714966,0.14709676802158356
YML004C,YDL243C,0,-2.0842497,0.17668269574642181,0.31612902879714966,0.14731182157993317
YAL024C,YPR017C,1,-2.084261,0.17767107486724854,0.31827956438064575,0.14731182157993317
YMR015C,YNL176C,0,-2.0845103,0.1774580329656601,0.31827956438064575,0.14752687513828278
YJL186W,YPL254W,0,-2.0847712,0.17724551260471344,0.31827956438064575,0.14774192869663239
YNL183C,YBR043C,0,-2.0854726,0.17703349888324738,0.31827956438064575,0.147956982254982
YNL130C,YJL058C,0,-2.086308,0.1768219769001007,0.31827956438064575,0.1481720358133316
YGL104C,YLR360W,0,-2.0869036,0.17661097645759583,0.31827956438064575,0.1483870893716812
YGR005C,YNL216W,0,-2.087256,0.17640048265457153,0.31827956438064575,0.14860215783119202
YDL093W,YDR105C,0,-2.0872715,0.17619048058986664,0.31827956438064575,0.14881721138954163
YOR016C,YFR024C,0,-2.087604,0.17598097026348114,0.31827956438064575,0.14903226494789124
YFR010W,YPR071W,0,-2.087807,0.17577196657657623,0.31827956438064575,0.14924731850624084
YLR371W,YEL022W,1,-2.0891297,0.17674970626831055,0.32043009996414185,0.14924731850624084
YER093C,YNL272C,1,-2.089221,0.17772512137889862,0.32258063554763794,0.14924731850624084
YOR334W,YDR108W,0,-2.0892887,0.17751479148864746,0.32258063554763794,0.14946237206459045
YCR086W,YFR050C,0,-2.0896478,0.1773049682378769,0.32258063554763794,0.14967742562294006
YLR426W,YER040W,0,-2.0903916,0.17709563672542572,0.32258063554763794,0.14989247918128967
YEL005C,YGR266W,0,-2.0906749,0.17688679695129395,0.32258063554763794,0.15010753273963928
YOL076W,YML102W,0,-2.0912042,0.17667844891548157,0.32258063554763794,0.1503225862979889
YDR004W,YGR005C,0,-2.0916204,0.1764705926179886,0.32258063554763794,0.1505376398563385
YNL103W,YNL167C,0,-2.0921416,0.1762632131576538,0.32258063554763794,0.1507526934146881
YGR181W,YAL030W,0,-2.092727,0.17605634033679962,0.32258063554763794,0.15096774697303772
YHR205W,YKL058W,0,-2.0931566,0.17584994435310364,0.32258063554763794,0.15118280053138733
YNL025C,YDL134C,0,-2.0939155,0.17564402520656586,0.32258063554763794,0.15139785408973694
YPL115C,YDL149W,0,-2.0940037,0.17543859779834747,0.32258063554763794,0.15161290764808655
YML097C,YNL272C,1,-2.0941024,0.17640186846256256,0.32473117113113403,0.15161290764808655
YCL012W,YFR049W,0,-2.0954466,0.17619603872299194,0.32473117113113403,0.15182796120643616
YNL297C,YBR131W,1,-2.0954523,0.17715618014335632,0.3268817067146301,0.15182796120643616
YNR019W,YDR438W,0,-2.0954635,0.17694994807243347,0.3268817067146301,0.15204301476478577
YOL103W-A,YBL063W,0,-2.0957851,0.17674419283866882,0.3268817067146301,0.15225806832313538
YOR247W,YLR061W,0,-2.0961804,0.17653891444206238,0.3268817067146301,0.15247312188148499
YDL100C,YJR031C,1,-2.0964112,0.17749419808387756,0.3290322721004486,0.15247312188148499
YGR193C,YHR114W,0,-2.0971682,0.17728853225708008,0.3290322721004486,0.1526881754398346
YPR110C,YLR060W,0,-2.0973895,0.1770833283662796,0.3290322721004486,0.1529032289981842
YAL011W,YHR214C-C,0,-2.0984097,0.17687861621379852,0.3290322721004486,0.1531182825565338
YOL061W,YNL054W-A,0,-2.0988085,0.17667436599731445,0.3290322721004486,0.15333333611488342
YNL059C,YPR148C,0,-2.1044848,0.1764705926179886,0.3290322721004486,0.15354838967323303
YLR310C,YNL272C,1,-2.1050124,0.17741934955120087,0.3311828076839447,0.15354838967323303
YLR347C,YGL078C,0,-2.1052732,0.17721518874168396,0.3311828076839447,0.15376344323158264
YCR091W,YOL116W,0,-2.1053383,0.17701148986816406,0.3311828076839447,0.15397849678993225
YOR034C,YML086C,0,-2.1053822,0.17680826783180237,0.3311828076839447,0.15419355034828186
YAL015C,YKL155C,0,-2.105563,0.17660550773143768,0.3311828076839447,0.15440860390663147
YPR057W,YDL139C,0,-2.1058364,0.17640320956707,0.3311828076839447,0.15462365746498108
YDR004W,YCR058C,0,-2.106072,0.17620137333869934,0.3311828076839447,0.1548387110233307
YML023C,YLR058C,0,-2.1063292,0.17599999904632568,0.3311828076839447,0.1550537645816803
YDL100C,YJR049C,0,-2.107832,0.17579908668994904,0.3311828076839447,0.1552688181400299
YPL126W,YPL179W,0,-2.1085396,0.1755986362695694,0.3311828076839447,0.15548387169837952
YMR192W,YOR357C,0,-2.1093264,0.17539863288402557,0.3311828076839447,0.15569892525672913
YNL054W-A,YGL219C,0,-2.109342,0.17519909143447876,0.3311828076839447,0.15591397881507874
YMR110C,YHR080C,0,-2.10953,0.17499999701976776,0.3311828076839447,0.15612903237342834
YKL026C,YKL134C,0,-2.1096163,0.17480136454105377,0.3311828076839447,0.15634408593177795
YGL018C,YFR049W,0,-2.1101313,0.1746031790971756,0.3311828076839447,0.15655913949012756
YNR032C-A,YNL247W,0,-2.110664,0.17440544068813324,0.3311828076839447,0.15677419304847717
YLR227W-A,YGR283C,0,-2.1127205,0.1742081493139267,0.3311828076839447,0.15698924660682678
YOR320C,YDR176W,0,-2.1129196,0.17401130497455597,0.3311828076839447,0.1572043001651764
YHR165C,YJR109C,0,-2.1134937,0.17381489276885986,0.3311828076839447,0.157419353723526
YDR137W,YDR211W,1,-2.1140432,0.1747463345527649,0.3333333432674408,0.157419353723526
YLR259C,YLR337C,0,-2.1144173,0.17454954981803894,0.3333333432674408,0.1576344072818756
YKL149C,YNR033W,0,-2.1154308,0.1743532121181488,0.3333333432674408,0.15784946084022522
YMR091C,YGL049C,0,-2.1158118,0.1741573065519333,0.3333333432674408,0.15806451439857483
YHR079C-B,YDR179C,0,-2.1161337,0.1739618480205536,0.3333333432674408,0.15827956795692444
YIL007C,YNR055C,0,-2.1168675,0.1737668216228485,0.3333333432674408,0.15849462151527405
YDR190C,YNR053C,0,-2.1170664,0.17357222735881805,0.3333333432674408,0.15870967507362366
YGL226W,YDL102W,0,-2.1172142,0.1733780801296234,0.3333333432674408,0.15892472863197327
YHR118C,YJR054W,0,-2.1174247,0.1731843501329422,0.3333333432674408,0.15913978219032288
YLR085C,YGR040W,0,-2.1194003,0.1729910671710968,0.3333333432674408,0.15935483574867249
YNL054W-A,YOR357C,0,-2.1195788,0.17279821634292603,0.3333333432674408,0.1595698893070221
YBR023C,YNL065W,0,-2.1198936,0.17260579764842987,0.3333333432674408,0.1597849428653717
YDL113C,YMR195W,0,-2.1201968,0.17241379618644714,0.3333333432674408,0.1599999964237213
YNL233W,YKL048C,0,-2.1203966,0.17222222685813904,0.3333333432674408,0.16021504998207092
YNR026C,YEL022W,1,-2.1217542,0.17314095795154572,0.3354838788509369,0.16021504998207092
YNL103W,YAL051W,0,-2.1218596,0.17294900119304657,0.3354838788509369,0.16043010354042053
YPL169C,YKR064W,0,-2.121982,0.17275747656822205,0.3354838788509369,0.16064515709877014
YDR398W,YMR225C,0,-2.1223145,0.17256636917591095,0.3354838788509369,0.16086021065711975
YOR241W,YDR301W,0,-2.1223953,0.17237569391727448,0.3354838788509369,0.16107526421546936
YLR039C,YBR131W,1,-2.1225123,0.17328917980194092,0.337634414434433,0.16107526421546936
YLR324W,YNL181W,0,-2.1230736,0.1730981320142746,0.337634414434433,0.16129031777381897
YGL129C,YOR110W,0,-2.1241028,0.1729074865579605,0.337634414434433,0.16150537133216858
YPR010C,YDR021W,0,-2.1241722,0.17271727323532104,0.337634414434433,0.1617204248905182
YMR232W,YOR034C,0,-2.1243753,0.172527477145195,0.337634414434433,0.1619354784488678
YFR024C,YKR088C,0,-2.1257272,0.1723380833864212,0.337634414434433,0.1621505320072174
YNL190W,YOR272W,0,-2.1260045,0.17214912176132202,0.337634414434433,0.16236558556556702
YOL096C,YGL064C,0,-2.126243,0.17196056246757507,0.337634414434433,0.16258063912391663
YJL021C,YDR350C,0,-2.126641,0.17177243530750275,0.337634414434433,0.16279569268226624
YIL107C,YDR273W,0,-2.1268897,0.17158469557762146,0.337634414434433,0.16301074624061584
YBR131W,YAL041W,1,-2.1269178,0.17248907685279846,0.3397849500179291,0.16301074624061584
YLR277C,YPL145C,0,-2.1270187,0.17230097949504852,0.3397849500179291,0.16322579979896545
YNL284C-B,YNL167C,0,-2.12709,0.17211328446865082,0.3397849500179291,0.16344085335731506
YMR220W,YMR074C,0,-2.127596,0.17192600667476654,0.3397849500179291,0.16365590691566467
YNL284C-B,YGR244C,0,-2.1284752,0.1717391312122345,0.3397849500179291,0.16387096047401428
YJR153W,YPL040C,0,-2.1286848,0.1715526580810547,0.3397849500179291,0.16408602893352509
YNL023C,YBR060C,0,-2.12892,0.1713665872812271,0.3397849500179291,0.1643010824918747
YDR309C,YMR153W,0,-2.1301022,0.17118093371391296,0.3397849500179291,0.1645161360502243
YDR092W,YBR169C,0,-2.1309083,0.17099566757678986,0.3397849500179291,0.1647311896085739
YDR482C,YMR232W,0,-2.1311607,0.17081080377101898,0.3397849500179291,0.16494624316692352
YCR016W,YLR323C,0,-2.1315951,0.17062635719776154,0.3397849500179291,0.16516129672527313
YDR098C-A,YDR100W,0,-2.1318474,0.17044228315353394,0.3397849500179291,0.16537635028362274
YJR041C,YMR015C,0,-2.1320326,0.17025862634181976,0.3397849500179291,0.16559140384197235
YHR006W,YGL107C,0,-2.133432,0.17007535696029663,0.3397849500179291,0.16580645740032196
YOL076W,YNL068C,0,-2.1337776,0.16989247500896454,0.3397849500179291,0.16602151095867157
YKL062W,YGR193C,0,-2.1342194,0.16970999538898468,0.3397849500179291,0.16623656451702118
YLL031C,YLR200W,0,-2.1343427,0.16952790319919586,0.3397849500179291,0.1664516180753708
YJL021C,YBR121C,0,-2.1345448,0.16934619843959808,0.3397849500179291,0.1666666716337204
YER060W-A,YPL117C,0,-2.134601,0.16916488111019135,0.3397849500179291,0.16688172519207
YCR016W,YPL235W,0,-2.134766,0.16898395121097565,0.3397849500179291,0.16709677875041962
YNL297C,YGR083C,1,-2.1347878,0.16987179219722748,0.34193548560142517,0.16709677875041962
YDR469W,YER108C,0,-2.135315,0.16969050467014313,0.34193548560142517,0.16731183230876923
YOR191W,YNL048W,0,-2.1369157,0.16950958967208862,0.34193548560142517,0.16752688586711884
YOR087W,YHR110W,0,-2.1381047,0.16932907700538635,0.34193548560142517,0.16774193942546844
YGR103W,YDR469W,0,-2.1382232,0.16914893686771393,0.34193548560142517,0.16795699298381805
YER176W,YJR050W,0,-2.1383123,0.16896918416023254,0.34193548560142517,0.16817204654216766
YMR048W,YBR049C,0,-2.1385503,0.168789803981781,0.34193548560142517,0.16838710010051727
YML127W,YCL039W,0,-2.1389194,0.1686108112335205,0.34193548560142517,0.16860215365886688
YHR024C,YDL102W,0,-2.1398954,0.16843220591545105,0.34193548560142517,0.1688172072172165
YHR154W,YGR083C,0,-2.1399438,0.16825397312641144,0.34193548560142517,0.1690322607755661
YJL021C,YBR168W,0,-2.1401014,0.16807611286640167,0.34193548560142517,0.1692473143339157
YBR208C,YDL117W,0,-2.140341,0.16789862513542175,0.34193548560142517,0.16946236789226532
YDR137W,YNL297C,1,-2.1403837,0.16877637803554535,0.34408602118492126,0.16946236789226532
YKR027W,YNL247W,0,-2.1405864,0.16859851777553558,0.34408602118492126,0.16967742145061493
YPL280W,YDR464W,0,-2.1410975,0.16842105984687805,0.34408602118492126,0.16989247500896454
YDR137W,YLR310C,1,-2.141375,0.16929547488689423,0.34623655676841736,0.16989247500896454
YDL072C,YDL139C,0,-2.1422822,0.16911764442920685,0.34623655676841736,0.17010752856731415
YCR107W,YPL133C,0,-2.1425452,0.16894018650054932,0.34623655676841736,0.17032258212566376
YML081W,YMR230W,0,-2.1427302,0.16876310110092163,0.34623655676841736,0.17053763568401337
YML059C,YPL215W,0,-2.1427937,0.1685863882303238,0.34623655676841736,0.17075268924236298
YJL183W,YGR040W,0,-2.1428108,0.1684100478887558,0.34623655676841736,0.17096774280071259
YPR067W,YDR028C,0,-2.1430311,0.16823406517505646,0.34623655676841736,0.1711827963590622
YOL009C,YKL155C,0,-2.1432822,0.16805845499038696,0.34623655676841736,0.1713978499174118
YGR217W,YIL005W,0,-2.1437135,0.16788321733474731,0.34623655676841736,0.1716129034757614
YGL097W,YBR131W,1,-2.1452656,0.16875000298023224,0.34838709235191345,0.1716129034757614
YNL286W,YNR052C,0,-2.145647,0.16857440769672394,0.34838709235191345,0.17182795703411102
YCR058C,YDR386W,0,-2.1459203,0.1683991700410843,0.34838709235191345,0.17204301059246063
YKL063C,YNR052C,0,-2.146195,0.1682243049144745,0.34838709235191345,0.17225806415081024
YNL284C-B,YLR367W,0,-2.1464193,0.16804979741573334,0.34838709235191345,0.17247311770915985
YER005W,YDR105C,0,-2.1466475,0.16787564754486084,0.34838709235191345,0.17268817126750946
YHR148W,YER060W,0,-2.1467347,0.1677018702030182,0.34838709235191345,0.17290322482585907
YNR026C,YBR131W,1,-2.1468146,0.16856256127357483,0.35053762793540955,0.17290322482585907
YOR249C,YPL145C,0,-2.146871,0.16838842630386353,0.35053762793540955,0.17311827838420868
YHR006W,YER109C,0,-2.1472206,0.16821464896202087,0.35053762793540955,0.1733333319425583
YPL215W,YER093C,0,-2.14784,0.16804124414920807,0.35053762793540955,0.1735483855009079
YNL318C,YER028C,0,-2.1479483,0.16786818206310272,0.35053762793540955,0.1737634390592575
YLL017W,YCR038C,1,-2.1489031,0.16872428357601166,0.35268816351890564,0.1737634390592575
YOR110W,YKL040C,0,-2.1498785,0.16855087876319885,0.35268816351890564,0.17397849261760712
YBR272C,YLR352W,0,-2.1503956,0.1683778166770935,0.35268816351890564,0.17419354617595673
YDR434W,YOR060C,0,-2.1504278,0.168205127120018,0.35268816351890564,0.17440859973430634
YDR108W,YBR208C,0,-2.1505985,0.16803278028964996,0.35268816351890564,0.17462365329265594
YPR158W-B,YLL021W,0,-2.150678,0.16786079108715057,0.35268816351890564,0.17483870685100555
YOL023W,YGL129C,0,-2.1507025,0.16768915951251984,0.35268816351890564,0.17505376040935516
YGR080W,YHR073W,0,-2.1518748,0.16751787066459656,0.35268816351890564,0.17526881396770477
YOL069W,YGL226W,0,-2.151919,0.16734693944454193,0.35268816351890564,0.17548386752605438
YIL056W,YMR105C,0,-2.15195,0.16717635095119476,0.35268816351890564,0.175698921084404
YIL147C,YDR045C,0,-2.1522322,0.16700610518455505,0.35268816351890564,0.1759139746427536
YIL005W,YER015W,0,-2.1526773,0.166836217045784,0.35268816351890564,0.1761290282011032
YLR223C,YOL078W,0,-2.1526983,0.1666666716337204,0.35268816351890564,0.17634408175945282
YPL001W,YNL214W,0,-2.152793,0.16649746894836426,0.35268816351890564,0.17655913531780243
YDR365W-A,YER060W,0,-2.1529589,0.16632859408855438,0.35268816351890564,0.17677418887615204
YKL033W,YNL317W,0,-2.153639,0.16616007685661316,0.35268816351890564,0.17698924243450165
YLR227W-A,YEL001C,0,-2.1545901,0.1659919023513794,0.35268816351890564,0.17720429599285126
YKL006C-A,YGL085W,0,-2.1549678,0.1658240705728531,0.35268816351890564,0.17741934955120087
YBL051C,YDR316W-B,0,-2.1552334,0.16565656661987305,0.35268816351890564,0.17763440310955048
YGR193C,YOR330C,0,-2.1558602,0.16548940539360046,0.35268816351890564,0.17784945666790009
YBL056W,YNL180C,0,-2.1565099,0.16532258689403534,0.35268816351890564,0.1780645102262497
YDR375C,YHR073W,0,-2.1566286,0.16515609622001648,0.35268816351890564,0.1782795637845993
YPR110C,YLR293C,0,-2.15685,0.16498993337154388,0.35268816351890564,0.1784946173429489
YOR091W,YPL001W,0,-2.1573792,0.16482411324977875,0.35268816351890564,0.17870967090129852
YIL036W,YNL081C,0,-2.1588333,0.16465863585472107,0.35268816351890564,0.17892472445964813
YOR236W,YGL238W,0,-2.1590242,0.16449348628520966,0.35268816351890564,0.17913977801799774
YGR017W,YDR200C,0,-2.1591234,0.1643286645412445,0.35268816351890564,0.17935483157634735
YLR425W,YML097C,1,-2.1603632,0.16516517102718353,0.35483869910240173,0.17935483157634735
YEL018W,YDR395W,0,-2.1604462,0.16500000655651093,0.35483869910240173,0.17956988513469696
YPL001W,YOL012C,0,-2.1612797,0.16483516991138458,0.35483869910240173,0.17978495359420776
YPR114W,YIL096C,0,-2.1622624,0.1646706610918045,0.35483869910240173,0.18000000715255737
YLL016W,YNL272C,1,-2.1623857,0.16550348699092865,0.3569892346858978,0.18000000715255737
YHR202W,YGR017W,0,-2.1625934,0.1653386503458023,0.3569892346858978,0.18021506071090698
YAL030W,YOR259C,0,-2.163087,0.16517412662506104,0.3569892346858978,0.1804301142692566
YPR114W,YOR132W,0,-2.1631324,0.16500994563102722,0.3569892346858978,0.1806451678276062
YPL176C,YOL095C,0,-2.1640782,0.16484607756137848,0.3569892346858978,0.1808602213859558
YAR042W,YNL317W,0,-2.1643186,0.164682537317276,0.3569892346858978,0.18107527494430542
YOL096C,YPL049C,0,-2.1645818,0.1645193248987198,0.3569892346858978,0.18129032850265503
YGR202C,YDR469W,0,-2.1656353,0.16435644030570984,0.3569892346858978,0.18150538206100464
YIL037C,YPL097W,0,-2.1671028,0.16419386863708496,0.3569892346858978,0.18172043561935425
YPR095C,YOR260W,1,-2.167791,0.16501976549625397,0.3591397702693939,0.18172043561935425
YPL100W,YDR122W,0,-2.1678772,0.16485686600208282,0.3591397702693939,0.18193548917770386
YDL100C,YLR310C,1,-2.168087,0.16568046808242798,0.3612903356552124,0.18193548917770386
YEL022W,YML097C,1,-2.168525,0.1665024608373642,0.3634408712387085,0.18193548917770386
YDR137W,YLR291C,1,-2.1685307,0.16732282936573029,0.3655914068222046,0.18193548917770386
YIL106W,YPL280W,0,-2.1692028,0.167158305644989,0.3655914068222046,0.18215054273605347
YGR178C,YOR113W,0,-2.1692386,0.166994109749794,0.3655914068222046,0.18236559629440308
YGR070W,YLL016W,1,-2.1694942,0.1678115725517273,0.3677419424057007,0.18236559629440308
YNR026C,YGL097W,1,-2.1714191,0.16862745583057404,0.3698924779891968,0.18236559629440308
YBR208C,YLR288C,0,-2.1716065,0.16846229135990143,0.3698924779891968,0.18258064985275269
YLR227W-A,YIL064W,0,-2.1724067,0.16829745471477509,0.3698924779891968,0.1827957034111023
YAL048C,YBR212W,0,-2.173182,0.168132945895195,0.3698924779891968,0.1830107569694519
YDR406W,YHR080C,0,-2.1732323,0.16796875,0.3698924779891968,0.1832258105278015
YPL280W,YKR034W,0,-2.1736686,0.16780488193035126,0.3698924779891968,0.18344086408615112
YDR098C,YDL093W,0,-2.1738727,0.16764132678508759,0.3698924779891968,0.18365591764450073
YPL262W,YBR131W,0,-2.1739883,0.16747808456420898,0.3698924779891968,0.18387097120285034
YJR027W,YDR019C,0,-2.1751504,0.16731517016887665,0.3698924779891968,0.18408602476119995
YER093C,YOR330C,0,-2.1753983,0.16715256869792938,0.3698924779891968,0.18430107831954956
YOR090C,YML086C,0,-2.1756697,0.16699029505252838,0.3698924779891968,0.18451613187789917
YNL137C,YOR136W,0,-2.175794,0.16682831943035126,0.3698924779891968,0.18473118543624878
YNL180C,YLR292C,0,-2.1759505,0.1666666716337204,0.3698924779891968,0.1849462389945984
YJL098W,YDR301W,0,-2.1769304,0.16650532186031342,0.3698924779891968,0.185161292552948
YMR234W,YMR091C,0,-2.1771855,0.1663442999124527,0.3698924779891968,0.1853763461112976
YNR032C-A,YJL162C,0,-2.1773047,0.16618357598781586,0.3698924779891968,0.18559139966964722
YOR191W,YNL216W,0,-2.177896,0.1660231649875641,0.3698924779891968,0.18580645322799683
YHR185C,YNR030W,0,-2.1781979,0.1658630669116974,0.3698924779891968,0.18602150678634644
YOR272W,YHL026C,0,-2.1795123,0.16570328176021576,0.3698924779891968,0.18623656034469604
YNR030W,YMR183C,0,-2.1795192,0.165543794631958,0.3698924779891968,0.18645161390304565
YCR044C,YDR057W,0,-2.1799576,0.16538462042808533,0.3698924779891968,0.18666666746139526
YMR237W,YER081W,0,-2.1800706,0.16522574424743652,0.3698924779891968,0.18688172101974487
YBR268W,YKL040C,0,-2.1802316,0.1650671809911728,0.3698924779891968,0.18709677457809448
YFR040W,YNL156C,0,-2.1805928,0.16490891575813293,0.3698924779891968,0.1873118281364441
YPL215W,YOL084W,0,-2.1808505,0.16475096344947815,0.3698924779891968,0.1875268816947937
YJL059W,YPR071W,0,-2.1808586,0.16459329426288605,0.3698924779891968,0.1877419352531433
YML004C,YGR244C,0,-2.1808753,0.1644359529018402,0.3698924779891968,0.18795698881149292
YLL048C,YBR131W,0,-2.181742,0.16427889466285706,0.3698924779891968,0.18817204236984253
YMR063W,YLR215C,0,-2.1818306,0.16412213444709778,0.3698924779891968,0.18838709592819214
YOL012C,YPL040C,0,-2.1820073,0.16396568715572357,0.3698924779891968,0.18860214948654175
YOR011W,YHL025W,0,-2.1821356,0.16380952298641205,0.3698924779891968,0.18881720304489136
YOR034C,YNR024W,0,-2.1823378,0.1636536568403244,0.3698924779891968,0.18903225660324097
YPR095C,YGL097W,1,-2.1825256,0.16444866359233856,0.37204301357269287,0.18903225660324097
YDR201W,YJR052W,0,-2.183047,0.16429249942302704,0.37204301357269287,0.18924731016159058
YKR007W,YCL016C,0,-2.184112,0.1641366183757782,0.37204301357269287,0.18946236371994019
YHR154W,YGL144C,0,-2.1844869,0.16398103535175323,0.37204301357269287,0.1896774172782898
YNL284C-B,YHL035C,0,-2.1845424,0.16382575035095215,0.37204301357269287,0.1898924708366394
YGL243W,YGR170W,0,-2.1853437,0.16367076337337494,0.37204301357269287,0.190107524394989
YDR468C,YGR193C,0,-2.1883273,0.1635160744190216,0.37204301357269287,0.19032257795333862
YDR273W,YER108C,0,-2.188789,0.16336166858673096,0.37204301357269287,0.19053763151168823
YGL092W,YKL051W,0,-2.188941,0.163207545876503,0.37204301357269287,0.19075268507003784
YLR075W,YDR110W,0,-2.189024,0.1630537211894989,0.37204301357269287,0.19096773862838745
YLR143W,YPR169W,0,-2.1890547,0.1629001945257187,0.37204301357269287,0.19118279218673706
YPL058C,YNL029C,0,-2.1891468,0.16274693608283997,0.37204301357269287,0.19139784574508667
YNR026C,YAL024C,1,-2.1892936,0.16353383660316467,0.37419354915618896,0.19139784574508667
YMR072W,YHR080C,0,-2.1900706,0.16338028013706207,0.37419354915618896,0.19161289930343628
YKL194C,YHR194W,0,-2.190463,0.16322702169418335,0.37419354915618896,0.1918279528617859
YNL190W,YOL051W,0,-2.194747,0.1630740463733673,0.37419354915618896,0.1920430064201355
YGL246C,YPL193W,0,-2.19518,0.16292135417461395,0.37419354915618896,0.1922580599784851
YIL098C,YML016C,0,-2.1961007,0.16276894509792328,0.37419354915618896,0.19247311353683472
YDR145W,YNL094W,0,-2.1964812,0.1626168191432953,0.37419354915618896,0.19268816709518433
YML011C,YJL168C,0,-2.1972697,0.16246499121189117,0.37419354915618896,0.19290322065353394
YAL024C,YLR425W,1,-2.1977928,0.1632462739944458,0.37634408473968506,0.19290322065353394
YIL022W,YGR245C,0,-2.1982133,0.16309413313865662,0.37634408473968506,0.19311827421188354
YDL235C,YBR065C,0,-2.198597,0.16294227540493011,0.37634408473968506,0.19333332777023315
YGR103W,YIL009W,0,-2.1989412,0.1627907007932663,0.37634408473968506,0.19354838132858276
YHL038C,YGR005C,0,-2.1993394,0.16263940930366516,0.37634408473968506,0.19376343488693237
YDR422C,YJL045W,0,-2.2013183,0.1624884009361267,0.37634408473968506,0.19397848844528198
YDL100C,YDR137W,1,-2.2014549,0.16326530277729034,0.37849462032318115,0.19397848844528198
YKL110C,YDR025W,0,-2.2019863,0.16311399638652802,0.37849462032318115,0.1941935420036316
YFR040W,YPL040C,0,-2.2023983,0.16296295821666718,0.37849462032318115,0.1944085955619812
YLR118C,YDR328C,0,-2.2026086,0.1628122180700302,0.37849462032318115,0.1946236491203308
YDR308C,YGL053W,0,-2.2026646,0.16266173124313354,0.37849462032318115,0.19483870267868042
YFR050C,YDR100W,0,-2.2028325,0.16251154243946075,0.37849462032318115,0.19505375623703003
YDR211W,YLR039C,1,-2.202979,0.16328413784503937,0.38064515590667725,0.19505375623703003
YHR185C,YML055W,0,-2.2036555,0.1631336361169815,0.38064515590667725,0.19526880979537964
YDR004W,YPL006W,0,-2.203771,0.16298343241214752,0.38064515590667725,0.19548387825489044
YDL160C,YDL119C,0,-2.20457,0.16283348202705383,0.38064515590667725,0.19569893181324005
YOR250C,YGL151W,0,-2.2051468,0.16268382966518402,0.38064515590667725,0.19591398537158966
YDL209C,YDR110W,0,-2.2051537,0.1625344306230545,0.38064515590667725,0.19612903892993927
YPL004C,YPR100W,0,-2.205338,0.16238531470298767,0.38064515590667725,0.19634409248828888
YAL028W,YOR330C,0,-2.205439,0.16223648190498352,0.38064515590667725,0.1965591460466385
YER014W,YDR188W,0,-2.2064753,0.16208791732788086,0.38064515590667725,0.1967741996049881
YML076C,YOL095C,0,-2.2066624,0.1619396209716797,0.38064515590667725,0.1969892531633377
YNL317W,YDR135C,0,-2.2068424,0.16179159283638,0.38064515590667725,0.19720430672168732
YER100W,YNL054W,0,-2.2068563,0.1616438329219818,0.38064515590667725,0.19741936028003693
YPL146C,YDR176W,0,-2.2072346,0.1614963561296463,0.38064515590667725,0.19763441383838654
YNL142W,YOR172W,0,-2.2073781,0.1613491326570511,0.38064515590667725,0.19784946739673615
YNR032C-A,YNL020C,0,-2.2080488,0.16120219230651855,0.38064515590667725,0.19806452095508575
YDR412W,YDR301W,0,-2.2083387,0.16105550527572632,0.38064515590667725,0.19827957451343536
YFR038W,YER167W,0,-2.208593,0.16090908646583557,0.38064515590667725,0.19849462807178497
YLR039C,YML097C,1,-2.2086964,0.1616712063550949,0.38279569149017334,0.19849462807178497
YDR100W,YDR301W,0,-2.2087703,0.16152450442314148,0.38279569149017334,0.19870968163013458
YML067C,YOR357C,0,-2.2087946,0.16137805581092834,0.38279569149017334,0.1989247351884842
YFR016C,YKR064W,0,-2.209386,0.1612318903207779,0.38279569149017334,0.1991397887468338
YDR137W,YPR017C,1,-2.2110856,0.1619909554719925,0.38494622707366943,0.1991397887468338
YGL097W,YLR425W,1,-2.211162,0.16274864971637726,0.3870967626571655,0.1991397887468338
YLR299W,YMR195W,0,-2.211638,0.16260161995887756,0.3870967626571655,0.1993548423051834
YDR545W,YGL064C,0,-2.211748,0.16245487332344055,0.3870967626571655,0.19956989586353302
YGR178C,YIL118W,0,-2.2124112,0.16230838000774384,0.3870967626571655,0.19978494942188263
YPL210C,YLR328W,0,-2.2127106,0.1621621549129486,0.3870967626571655,0.20000000298023224
YBL056W,YDR257C,0,-2.2132316,0.16201619803905487,0.3870967626571655,0.20021505653858185
YML057W,YKR088C,0,-2.2137744,0.16187050938606262,0.3870967626571655,0.20043011009693146
YLL066C,YKL029C,0,-2.2139034,0.16172507405281067,0.3870967626571655,0.20064516365528107
YOL122C,YGR017W,0,-2.2140229,0.161579892039299,0.3870967626571655,0.20086021721363068
YGL097W,YNL297C,1,-2.214108,0.16233183443546295,0.3892472982406616,0.20086021721363068
YDR323C,YDL243C,0,-2.2141333,0.1621863842010498,0.3892472982406616,0.20107527077198029
YGR080W,YKL063C,0,-2.2141728,0.16204118728637695,0.3892472982406616,0.2012903243303299
YJL181W,YKL145W,0,-2.2144608,0.1618962436914444,0.3892472982406616,0.2015053778886795
YDL124W,YLR054C,0,-2.21494,0.16175156831741333,0.3892472982406616,0.2017204314470291
YKR027W,YDL154W,0,-2.215783,0.16160714626312256,0.3892472982406616,0.20193548500537872
YFL061W,YDL124W,0,-2.215915,0.16146297752857208,0.3892472982406616,0.20215053856372833
YGR165W,YHR194W,0,-2.2166612,0.1613190770149231,0.3892472982406616,0.20236559212207794
YFR027W,YPL203W,0,-2.2168498,0.1611754298210144,0.3892472982406616,0.20258064568042755
YDR345C,YML021C,0,-2.2171285,0.16103202104568481,0.3892472982406616,0.20279569923877716
YER093C,YBR131W,1,-2.217336,0.1617777794599533,0.3913978636264801,0.20279569923877716
YOR034C,YJL021C,0,-2.218215,0.16163410246372223,0.3913978636264801,0.20301075279712677
YDR287W,YGL115W,0,-2.2184374,0.16149067878723145,0.3913978636264801,0.20322580635547638
YEL001C,YMR131C,0,-2.2188592,0.16134752333164215,0.3913978636264801,0.203440859913826
YDR365C,YOR271C,0,-2.2189705,0.16120460629463196,0.3913978636264801,0.2036559134721756
YFR016C,YKL087C,0,-2.2197533,0.16106194257736206,0.3913978636264801,0.2038709670305252
YHR197W,YGL111W,0,-2.2199478,0.16091954708099365,0.3913978636264801,0.20408602058887482
YNL137C,YOR266W,0,-2.2200267,0.16077739000320435,0.3913978636264801,0.20430107414722443
YKR100C,YKL079W,0,-2.2201166,0.16063548624515533,0.3913978636264801,0.20451612770557404
YLR085C,YER044C-A,0,-2.2212992,0.16049382090568542,0.3913978636264801,0.20473118126392365
YJR052W,YOL095C,0,-2.2218542,0.160352423787117,0.3913978636264801,0.20494623482227325
YAR033W,YBR107C,0,-2.2222552,0.16021126508712769,0.3913978636264801,0.20516128838062286
YOR319W,YPL189W,0,-2.2229395,0.16007035970687866,0.3913978636264801,0.20537634193897247
YCR065W,YER060W,0,-2.2230797,0.15992970764636993,0.3913978636264801,0.20559139549732208
YDR204W,YCR038C,0,-2.2231467,0.1597892940044403,0.3913978636264801,0.2058064490556717
YPL001W,YFR016C,0,-2.2232144,0.15964911878108978,0.3913978636264801,0.2060215026140213
YJR073C,YDR129C,0,-2.2232711,0.15950919687747955,0.3913978636264801,0.2062365561723709
YPR128C,YLR055C,0,-2.2239738,0.15936952829360962,0.3913978636264801,0.20645160973072052
YPR007C,YGL219C,0,-2.2247176,0.1592300981283188,0.3913978636264801,0.20666666328907013
YEL022W,YNL272C,1,-2.2249022,0.15996503829956055,0.3935483992099762,0.20666666328907013
YER007C-A,YHR111W,0,-2.2252755,0.15982532501220703,0.3935483992099762,0.20688171684741974
YKR078W,YKL194C,0,-2.2253041,0.1596858650445938,0.3935483992099762,0.20709677040576935
YLR102C,YHR214W,0,-2.225675,0.1595466434955597,0.3935483992099762,0.20731182396411896
YDL189W,YHR133C,0,-2.2259085,0.15940766036510468,0.3935483992099762,0.20752687752246857
YMR076C,YCL054W,0,-2.2261016,0.15926893055438995,0.3935483992099762,0.20774193108081818
YNL045W,YLR260W,0,-2.2263596,0.15913043916225433,0.3935483992099762,0.20795698463916779
YDR300C,YNR055C,0,-2.2266245,0.15899218618869781,0.3935483992099762,0.2081720381975174
YLR083C,YBR130C,0,-2.2272098,0.1588541716337204,0.3935483992099762,0.208387091755867
YDR422C,YML127W,0,-2.2280731,0.15871639549732208,0.3935483992099762,0.2086021453142166
YGL025C,YML057W,0,-2.2280807,0.15857885777950287,0.3935483992099762,0.20881719887256622
YPL137C,YOR363C,0,-2.2281537,0.15844155848026276,0.3935483992099762,0.20903225243091583
YHL031C,YAL051W,0,-2.2284212,0.15830449759960175,0.3935483992099762,0.20924730598926544
YDR463W,YJL094C,0,-2.229002,0.15816767513751984,0.3935483992099762,0.20946235954761505
YJR031C,YPR017C,1,-2.2293391,0.1588946431875229,0.3956989347934723,0.20946235954761505
YGL025C,YIL030C,0,-2.2293782,0.1587575525045395,0.3956989347934723,0.20967741310596466
YAL011W,YGL171W,0,-2.2297273,0.158620685338974,0.3956989347934723,0.20989246666431427
YNL020C,YMR220W,0,-2.2297359,0.1584840714931488,0.3956989347934723,0.21010752022266388
YLR426W,YGR165W,0,-2.2298498,0.15834768116474152,0.3956989347934723,0.2103225737810135
YNL183C,YDR303C,0,-2.2301464,0.15821152925491333,0.3956989347934723,0.2105376273393631
YNL284C-B,YHR170W,0,-2.230337,0.15807560086250305,0.3956989347934723,0.2107526808977127
YCR091W,YOL032W,0,-2.2304392,0.15793991088867188,0.3956989347934723,0.2109677493572235
YMR041C,YER143W,0,-2.2305446,0.1578044593334198,0.3956989347934723,0.21118280291557312
YPL215W,YMR009W,0,-2.2306406,0.15766923129558563,0.3956989347934723,0.21139785647392273
YDR108W,YBR248C,0,-2.2308578,0.15753424167633057,0.3956989347934723,0.21161291003227234
YJL174W,YIL030C,0,-2.23107,0.1573994904756546,0.3956989347934723,0.21182796359062195
YBR162W-A,YMR059W,0,-2.2311342,0.15726496279239655,0.3956989347934723,0.21204301714897156
YNR026C,YPR095C,1,-2.2313416,0.1579846292734146,0.3978494703769684,0.21204301714897156
YHR103W,YCR058C,0,-2.2313604,0.15784983336925507,0.3978494703769684,0.21225807070732117
YAL024C,YLR371W,1,-2.2320497,0.15856777131557465,0.4000000059604645,0.21225807070732117
YLR277C,YBR121C,0,-2.2328289,0.1584327071905136,0.4000000059604645,0.21247312426567078
YGR212W,YPL001W,0,-2.2328877,0.15829786658287048,0.4000000059604645,0.21268817782402039
YPL043W,YKL006C-A,0,-2.2330308,0.15816326439380646,0.4000000059604645,0.21290323138237
YLR239C,YOR002W,0,-2.2330785,0.15802888572216034,0.4000000059604645,0.2131182849407196
YHR024C,YNL123W,0,-2.233334,0.15789473056793213,0.4000000059604645,0.2133333384990692
YJL078C,YGL070C,0,-2.2335198,0.15776081383228302,0.4000000059604645,0.21354839205741882
YGR070W,YLR310C,1,-2.233661,0.15847457945346832,0.40215054154396057,0.21354839205741882
YER109C,YMR091C,0,-2.2337687,0.15834039449691772,0.40215054154396057,0.21376344561576843
YGR181W,YML098W,0,-2.2339578,0.15820643305778503,0.40215054154396057,0.21397849917411804
YDR412W,YOL051W,0,-2.234013,0.15807269513607025,0.40215054154396057,0.21419355273246765
YLR425W,YEL022W,1,-2.2351923,0.15878377854824066,0.40430107712745667,0.21419355273246765
YHR165C,YNL041C,0,-2.2354555,0.15864978730678558,0.40430107712745667,0.21440860629081726
YBL051C,YDR135C,0,-2.2354612,0.1585160195827484,0.40430107712745667,0.21462365984916687
YDL175C,YGR030C,0,-2.235497,0.15838247537612915,0.40430107712745667,0.21483871340751648
YCL051W,YDR105C,0,-2.2358937,0.1582491546869278,0.40430107712745667,0.2150537669658661
YNL103W,YGR202C,0,-2.236187,0.15811605751514435,0.40430107712745667,0.2152688205242157
YGR170W,YFR050C,0,-2.2365665,0.15798319876194,0.40430107712745667,0.2154838740825653
YOL076W,YBL008W,0,-2.2373405,0.15785054862499237,0.40430107712745667,0.21569892764091492
YOL103W-A,YJR054W,0,-2.2380767,0.15771812200546265,0.40430107712745667,0.21591398119926453
YOR157C,YHL021C,0,-2.2382247,0.15758591890335083,0.40430107712745667,0.21612903475761414
YLR023C,YPR155C,0,-2.2383513,0.15745393931865692,0.40430107712745667,0.21634408831596375
YDR211W,YPR017C,1,-2.2384024,0.15815900266170502,0.40645161271095276,0.21634408831596375
YOR117W,YOR258W,0,-2.2384546,0.15802675485610962,0.40645161271095276,0.21655914187431335
YBR153W,YEL001C,0,-2.2392921,0.15789473056793213,0.40645161271095276,0.21677419543266296
YDR137W,YGL097W,1,-2.2398634,0.1585976630449295,0.40860214829444885,0.21677419543266296
YGR202C,YDR386W,0,-2.2402327,0.15846538543701172,0.40860214829444885,0.21698924899101257
YBR153W,YOL009C,0,-2.2408383,0.15833333134651184,0.40860214829444885,0.21720430254936218
YLR039C,YAL041W,1,-2.241539,0.1590341329574585,0.41075268387794495,0.21720430254936218
YOR334W,YHR114W,0,-2.2418041,0.15890182554721832,0.41075268387794495,0.2174193561077118
YEL020W-A,YER015W,0,-2.2421637,0.15876974165439606,0.41075268387794495,0.2176344096660614
YNL263C,YHL038C,0,-2.2421787,0.1586378663778305,0.41075268387794495,0.217849463224411
YLR085C,YDR464W,0,-2.2422693,0.15850622951984406,0.41075268387794495,0.21806451678276062
YGR266W,YPR131C,0,-2.2423134,0.15837478637695312,0.41075268387794495,0.21827957034111023
YMR059W,YPL178W,0,-2.2428243,0.1582435816526413,0.41075268387794495,0.21849462389945984
YFR016C,YOR330C,0,-2.2428493,0.15811258554458618,0.41075268387794495,0.21870967745780945
YDR110W,YNL176C,0,-2.2428539,0.15798179805278778,0.41075268387794495,0.21892473101615906
YBR169C,YOR059C,0,-2.2437255,0.1578512340784073,0.41075268387794495,0.21913978457450867
YEL005C,YML076C,0,-2.2438455,0.1577208936214447,0.41075268387794495,0.21935483813285828
YMR195W,YDR005C,0,-2.2445774,0.15759076178073883,0.41075268387794495,0.21956989169120789
YIL008W,YMR125W,0,-2.245093,0.15746083855628967,0.41075268387794495,0.2197849452495575
YKR027W,YDR407C,0,-2.2454932,0.15733113884925842,0.41075268387794495,0.2199999988079071
YLR425W,YCR038C,1,-2.2460833,0.15802469849586487,0.41290321946144104,0.2199999988079071
YJL035C,YNR052C,0,-2.2462397,0.15789473056793213,0.41290321946144104,0.2202150523662567
YOL103W-A,YLR337C,0,-2.2465215,0.1577650010585785,0.41290321946144104,0.22043010592460632
YPR071W,YPL168W,0,-2.2467313,0.15763546526432037,0.41290321946144104,0.22064515948295593
YBR078W,YBL051C,0,-2.2473752,0.15750615298748016,0.41290321946144104,0.22086021304130554
YML045W,YML047C,0,-2.2485278,0.15737704932689667,0.41290321946144104,0.22107526659965515
YJR031C,YAL041W,1,-2.248549,0.15806715190410614,0.41505375504493713,0.22107526659965515
YHL003C,YOR172W,0,-2.2485504,0.15793780982494354,0.41505375504493713,0.22129032015800476
YOR117W,YIL144W,0,-2.2485604,0.15780866146087646,0.41505375504493713,0.22150537371635437
YDR490C,YDL113C,0,-2.2494926,0.1576797366142273,0.41505375504493713,0.22172042727470398
YDR517W,YLR352W,0,-2.2494934,0.15755102038383484,0.41505375504493713,0.2219354808330536
YPR134W,YDR430C,0,-2.2498784,0.1574225127696991,0.41505375504493713,0.2221505343914032
YHR103W,YER176W,0,-2.2502823,0.15729421377182007,0.41505375504493713,0.2223655879497528
YGR003W,YGL127C,0,-2.251002,0.15716612339019775,0.41505375504493713,0.22258064150810242
YGL073W,YMR072W,0,-2.251324,0.15703824162483215,0.41505375504493713,0.22279569506645203
YNL076W,YNL246W,0,-2.2517443,0.15691056847572327,0.41505375504493713,0.22301074862480164
YOR260W,YLR310C,1,-2.2524934,0.1575954556465149,0.4172042906284332,0.22301074862480164
YGR193C,YNL156C,0,-2.2526698,0.1574675291776657,0.4172042906284332,0.22322580218315125
YNL263C,YLL018C,0,-2.2531087,0.15733982622623444,0.4172042906284332,0.22344085574150085
YLR004C,YHR073W,0,-2.2536352,0.15721231698989868,0.4172042906284332,0.22365590929985046
YGL092W,YLR363C,0,-2.2536802,0.15708501636981964,0.4172042906284332,0.22387096285820007
YCR058C,YPR034W,0,-2.2537975,0.15695792436599731,0.4172042906284332,0.22408601641654968
YER155C,YNL240C,0,-2.2545211,0.1568310409784317,0.4172042906284332,0.2243010699748993
YOR087W,YNL118C,0,-2.2549138,0.1567043662071228,0.4172042906284332,0.2245161235332489
YOL012C,YJR131W,0,-2.2555637,0.15657788515090942,0.4172042906284332,0.2247311770915985
YDR108W,YNR024W,0,-2.2556252,0.15645161271095276,0.4172042906284332,0.22494623064994812
YER033C,YOL032W,0,-2.2556653,0.1563255488872528,0.4172042906284332,0.22516128420829773
YPL116W,YOL009C,0,-2.2561793,0.15619967877864838,0.4172042906284332,0.22537633776664734
YNR048W,YDR179C,0,-2.2563367,0.15607401728630066,0.4172042906284332,0.22559139132499695
YKL063C,YDL211C,0,-2.2571192,0.15594854950904846,0.4172042906284332,0.22580644488334656
YJR118C,YDR381W,0,-2.2571518,0.15582329034805298,0.4172042906284332,0.22602149844169617
YMR286W,YIL167W,0,-2.257369,0.1556982398033142,0.4172042906284332,0.22623655200004578
YJL059W,YGR004W,0,-2.257436,0.15557338297367096,0.4172042906284332,0.22645160555839539
YLR291C,YLR310C,1,-2.2574496,0.15625,0.4193548262119293,0.22645160555839539
YDR430C,YLR055C,0,-2.2580662,0.15612490475177765,0.4193548262119293,0.2266666740179062
YOR001W,YDL211C,0,-2.258251,0.15600000321865082,0.4193548262119293,0.2268817275762558
YDL235C,YNL029C,0,-2.258407,0.1558752954006195,0.4193548262119293,0.2270967811346054
YAL011W,YHR150W,0,-2.2593193,0.1557507961988449,0.4193548262119293,0.22731183469295502
YOR320C,YBL047C,0,-2.2593327,0.15562649071216583,0.4193548262119293,0.22752688825130463
YOR267C,YAL015C,0,-2.259829,0.15550239384174347,0.4193548262119293,0.22774194180965424
YGR007W,YMR125W,0,-2.2599044,0.15537849068641663,0.4193548262119293,0.22795699536800385
YPR128C,YDR150W,0,-2.2601166,0.1552547812461853,0.4193548262119293,0.22817204892635345
YML097C,YAL041W,1,-2.2607605,0.15592680871486664,0.4215053617954254,0.22817204892635345
YLR039C,YOR260W,1,-2.2608495,0.1565977782011032,0.4236559271812439,0.22817204892635345
YNL288W,YDR301W,0,-2.260963,0.15647339820861816,0.4236559271812439,0.22838710248470306
YDL135C,YKL196C,0,-2.2615135,0.15634921193122864,0.4236559271812439,0.22860215604305267
YLR371W,YGR070W,1,-2.2619753,0.15701824426651,0.42580646276474,0.22860215604305267
YAL011W,YPL233W,0,-2.2628765,0.15689381957054138,0.42580646276474,0.22881720960140228
YNL020C,YPR155C,0,-2.2629213,0.15676960349082947,0.42580646276474,0.2290322631597519
YKL145W,YMR072W,0,-2.263279,0.15664556622505188,0.42580646276474,0.2292473167181015
YDR384C,YMR125W,0,-2.2633247,0.156521737575531,0.42580646276474,0.2294623702764511
YML023C,YLR004C,0,-2.263524,0.15639810264110565,0.42580646276474,0.22967742383480072
YCR016W,YBR034C,0,-2.2640219,0.15627466142177582,0.42580646276474,0.22989247739315033
YAL019W,YMR055C,0,-2.2642121,0.1561514139175415,0.42580646276474,0.23010753095149994
YCR024C,YBR089C-A,0,-2.2644916,0.1560283750295639,0.42580646276474,0.23032258450984955
YOR177C,YGL142C,0,-2.2651849,0.15590551495552063,0.42580646276474,0.23053763806819916
YKL145W,YJL003W,0,-2.2654486,0.15578284859657288,0.42580646276474,0.23075269162654877
YLR360W,YMR226C,0,-2.267671,0.15566037595272064,0.42580646276474,0.23096774518489838
YML101C,YJR049C,0,-2.2680516,0.15553809702396393,0.42580646276474,0.23118279874324799
YMR275C,YGR253C,0,-2.2685776,0.15541601181030273,0.42580646276474,0.2313978523015976
YHR154W,YNL123W,0,-2.2687554,0.15529412031173706,0.42580646276474,0.2316129058599472
YKR026C,YBR131W,1,-2.2708073,0.15595611929893494,0.4279569983482361,0.2316129058599472
YFR038W,YBR045C,0,-2.2713795,0.15583398938179016,0.4279569983482361,0.23182795941829681
YIR031C,YNL063W,0,-2.2717707,0.1557120531797409,0.4279569983482361,0.23204301297664642
YDL105W,YNL068C,0,-2.2728257,0.15559031069278717,0.4279569983482361,0.23225806653499603
YML098W,YDL243C,0,-2.2733672,0.15546874701976776,0.4279569983482361,0.23247312009334564
YDL113C,YBR003W,0,-2.2733703,0.15534739196300507,0.4279569983482361,0.23268817365169525
YFR027W,YNL173C,0,-2.273748,0.1552262157201767,0.4279569983482361,0.23290322721004486
YNL199C,YNL133C,0,-2.2737885,0.15510521829128265,0.4279569983482361,0.23311828076839447
YIL038C,YBR121C,0,-2.2738714,0.15498442947864532,0.4279569983482361,0.23333333432674408
YNL183C,YBR193C,0,-2.2739215,0.15486381947994232,0.4279569983482361,0.2335483878850937
YIL022W,YNL164C,0,-2.274054,0.15474338829517365,0.4279569983482361,0.2337634414434433
YIL106W,YOR320C,0,-2.274244,0.1546231508255005,0.4279569983482361,0.2339784950017929
YPL115C,YHR157W,0,-2.2742476,0.15450310707092285,0.4279569983482361,0.23419354856014252
YAR009C,YDR243C,0,-2.2742686,0.15438324213027954,0.4279569983482361,0.23440860211849213
YNR026C,YLR310C,1,-2.2742767,0.1550387591123581,0.4301075339317322,0.23440860211849213
YFR010W,YJR027W,0,-2.2743945,0.15491867065429688,0.4301075339317322,0.23462365567684174
YOL042W,YDR439W,0,-2.274538,0.15479876101016998,0.4301075339317322,0.23483870923519135
YGL093W,YJL083W,0,-2.2748675,0.1546790450811386,0.4301075339317322,0.23505376279354095
YDL100C,YGL053W,0,-2.2758236,0.15455950796604156,0.4301075339317322,0.23526881635189056
YNL066W,YPL254W,0,-2.2763162,0.15444014966487885,0.4301075339317322,0.23548386991024017
YNL328C,YGR040W,0,-2.2767932,0.15432098507881165,0.4301075339317322,0.23569892346858978
YOL096C,YER167W,0,-2.2768645,0.15420199930667877,0.4301075339317322,0.2359139770269394
YOR380W,YKL006C-A,0,-2.2775662,0.15408320724964142,0.4301075339317322,0.236129030585289
YLR451W,YDR057W,0,-2.2775893,0.1539645940065384,0.4301075339317322,0.2363440841436386
YBL013W,YGL045W,0,-2.2780862,0.1538461595773697,0.4301075339317322,0.23655913770198822
YDR122W,YIL014W,0,-2.2788453,0.15372790396213531,0.4301075339317322,0.23677419126033783
YOR065W,YLR011W,0,-2.2791052,0.15360982716083527,0.4301075339317322,0.23698924481868744
YMR262W,YMR072W,0,-2.2793183,0.15349194407463074,0.4301075339317322,0.23720429837703705
YGR283C,YGL116W,0,-2.279529,0.15337423980236053,0.4301075339317322,0.23741935193538666
YLR371W,YOR260W,1,-2.2818153,0.15402299165725708,0.43225806951522827,0.23741935193538666
YGL073W,YDR407C,0,-2.28209,0.15390504896640778,0.43225806951522827,0.23763440549373627
YKR078W,YJR118C,0,-2.282868,0.153787299990654,0.43225806951522827,0.23784945905208588
YBR268W,YPL248C,0,-2.2829967,0.15366972982883453,0.43225806951522827,0.23806451261043549
YKL149C,YLR345W,0,-2.2837164,0.1535523235797882,0.43225806951522827,0.2382795661687851
YPR095C,YLL017W,1,-2.2837281,0.15419846773147583,0.43440860509872437,0.2382795661687851
YKR007W,YBR301W,0,-2.2848437,0.1540808528661728,0.43440860509872437,0.2384946197271347
YML127W,YLR384C,0,-2.2850568,0.15396341681480408,0.43440860509872437,0.23870967328548431
YDR211W,YAL041W,1,-2.2855158,0.15460777282714844,0.43655914068222046,0.23870967328548431
YAL041W,YOR260W,1,-2.2864447,0.155251145362854,0.43870967626571655,0.23870967328548431
YLR377C,YLR345W,0,-2.2867408,0.15513308346271515,0.43870967626571655,0.23892472684383392
YOR119C,YLR432W,0,-2.287651,0.15501520037651062,0.43870967626571655,0.23913978040218353
YGL189C,YHR193C,0,-2.2878532,0.15489749610424042,0.43870967626571655,0.23935483396053314
YCL051W,YOR358W,0,-2.2880878,0.15477997064590454,0.43870967626571655,0.23956988751888275
YDL072C,YOR273C,0,-2.289217,0.154662624001503,0.43870967626571655,0.23978494107723236
YPR095C,YLR310C,1,-2.2911997,0.15530303120613098,0.44086021184921265,0.23978494107723236
YDR244W,YLR067C,0,-2.2915328,0.15518546104431152,0.44086021184921265,0.23999999463558197
YLL048C,YLR426W,0,-2.2917216,0.15506808459758759,0.44086021184921265,0.24021504819393158
YKL062W,YPR106W,0,-2.2919211,0.15495087206363678,0.44086021184921265,0.2404301017522812
YDR500C,YAL007C,0,-2.2927303,0.1548338383436203,0.44086021184921265,0.2406451553106308
YIL014W,YCL048W,0,-2.292733,0.15471698343753815,0.44086021184921265,0.2408602088689804
YCR107W,YOR027W,0,-2.2928286,0.15460030734539032,0.44086021184921265,0.24107526242733002
YNL284C-B,YLR052W,0,-2.2930937,0.15448379516601562,0.44086021184921265,0.24129031598567963
YBR189W,YCR035C,0,-2.2941968,0.15436747670173645,0.44086021184921265,0.24150536954402924
YDR350C,YDR041W,0,-2.2945228,0.1542513221502304,0.44086021184921265,0.24172042310237885
YLR067C,YIL123W,0,-2.2947252,0.1541353315114975,0.44086021184921265,0.24193547666072845
YOR272W,YJL058C,0,-2.2948484,0.1540195345878601,0.44086021184921265,0.24215053021907806
YPL224C,YGR017W,0,-2.2952125,0.15390390157699585,0.44086021184921265,0.24236559867858887
YKR026C,YEL022W,1,-2.295862,0.15453863143920898,0.44301074743270874,0.24236559867858887
YML127W,YGL027C,0,-2.2959852,0.154422789812088,0.44301074743270874,0.24258065223693848
YNL164C,YBR028C,0,-2.2962508,0.15430711209774017,0.44301074743270874,0.24279570579528809
YKL014C,YJL127C,0,-2.297983,0.15419161319732666,0.44301074743270874,0.2430107593536377
YNL051W,YBR279W,0,-2.2983668,0.15407629311084747,0.44301074743270874,0.2432258129119873
YHR165C,YHR146W,0,-2.29846,0.15396113693714142,0.44301074743270874,0.24344086647033691
YER149C,YOR330C,0,-2.2990308,0.1538461595773697,0.44301074743270874,0.24365592002868652
YDR500C,YML055W,0,-2.2990346,0.1537313461303711,0.44301074743270874,0.24387097358703613
YEL022W,YOR260W,1,-2.2992694,0.15436241030693054,0.44516128301620483,0.24387097358703613
YGL025C,YLR324W,0,-2.2992802,0.15424738824367523,0.44516128301620483,0.24408602714538574
YNR026C,YLR291C,1,-2.299898,0.15487714111804962,0.4473118185997009,0.24408602714538574
YNR032C-A,YKR095W,0,-2.3002574,0.1547619104385376,0.4473118185997009,0.24430108070373535
YKL138C,YDL223C,0,-2.301187,0.1546468436717987,0.4473118185997009,0.24451613426208496
YOR189W,YIL037C,0,-2.3015647,0.15453194081783295,0.4473118185997009,0.24473118782043457
YGL167C,YGR030C,0,-2.3018956,0.1544172167778015,0.4473118185997009,0.24494624137878418
YLR442C,YGL116W,0,-2.3020167,0.1543026715517044,0.4473118185997009,0.2451612949371338
YNL020C,YOR320C,0,-2.3022075,0.15418829023838043,0.4473118185997009,0.2453763484954834
YGL076C,YHL011C,0,-2.3022974,0.1540740728378296,0.4473118185997009,0.245591402053833
YER041W,YFR053C,0,-2.3027387,0.15396003425121307,0.4473118185997009,0.24580645561218262
YCR107W,YDR005C,0,-2.3033223,0.1538461595773697,0.4473118185997009,0.24602150917053223
YGL018C,YML076C,0,-2.3037934,0.15373244881629944,0.4473118185997009,0.24623656272888184
YPR095C,YNL297C,1,-2.3038576,0.15435746312141418,0.449462354183197,0.24623656272888184
YIL030C,YKL051W,0,-2.304245,0.15424354374408722,0.449462354183197,0.24645161628723145
YNR026C,YAL041W,1,-2.304284,0.1548672616481781,0.4516128897666931,0.24645161628723145
YDL134C,YPL010W,0,-2.3043566,0.15475313365459442,0.4516128897666931,0.24666666984558105
YHR205W,YIL013C,0,-2.3046732,0.15463916957378387,0.4516128897666931,0.24688172340393066
YGR017W,YML031W,0,-2.3047035,0.15452538430690765,0.4516128897666931,0.24709677696228027
YGR202C,YNL286W,0,-2.30515,0.15441176295280457,0.4516128897666931,0.24731183052062988
YJL059W,YKL196C,0,-2.3052335,0.1542983055114746,0.4516128897666931,0.2475268840789795
YKL033W,YNL054W,0,-2.3057766,0.15418502688407898,0.4516128897666931,0.2477419376373291
YLL017W,YLR310C,1,-2.3058345,0.15480557084083557,0.4537634551525116,0.2477419376373291
YCL001W,YML055W,0,-2.3065853,0.15469208359718323,0.4537634551525116,0.2479569911956787
YGR244C,YMR225C,0,-2.3071816,0.15457876026630402,0.4537634551525116,0.24817204475402832
YDL124W,YMR133W,0,-2.3073964,0.15446558594703674,0.4537634551525116,0.24838709831237793
YER044C-A,YIL030C,0,-2.30762,0.1543525904417038,0.4537634551525116,0.24860215187072754
YAL024C,YER155C,1,-2.3077655,0.15497076511383057,0.4559139907360077,0.24860215187072754
YML021C,YLR328W,0,-2.3094778,0.1548575609922409,0.4559139907360077,0.24881720542907715
YGR017W,YER071C,0,-2.3094935,0.15474452078342438,0.4559139907360077,0.24903225898742676
YBR254C,YNL176C,0,-2.3096962,0.15463165938854218,0.4559139907360077,0.24924731254577637
YOL009C,YLR190W,0,-2.3099227,0.1545189470052719,0.4559139907360077,0.24946236610412598
YBR131W,YNL272C,1,-2.3101661,0.15513473749160767,0.4580645263195038,0.24946236610412598
YPR017C,YOR158W,0,-2.3103542,0.15502183139324188,0.4580645263195038,0.24967741966247559
YLR277C,YDR384C,0,-2.3110266,0.15490908920764923,0.4580645263195038,0.2498924732208252
YNL250W,YPR175W,0,-2.3113925,0.1547965109348297,0.4580645263195038,0.2501075267791748
YMR125W,YER071C,0,-2.311452,0.15468409657478333,0.4580645263195038,0.2503225803375244
YPL169C,YGL025C,0,-2.311612,0.15457184612751007,0.4580645263195038,0.250537633895874
YPL120W,YJR052W,0,-2.312015,0.15445975959300995,0.4580645263195038,0.25075268745422363
YER063W,YER005W,0,-2.3122258,0.15434782207012177,0.4580645263195038,0.25096774101257324
YPR017C,YBL031W,0,-2.3124366,0.1542360633611679,0.4580645263195038,0.25118279457092285
YNL133C,YHR157W,0,-2.313081,0.154124453663826,0.4580645263195038,0.25139784812927246
YLR193C,YHR111W,0,-2.3144479,0.1540130078792572,0.4580645263195038,0.25161290168762207
YDR345C,YMR001C,0,-2.314808,0.15390174090862274,0.4580645263195038,0.2518279552459717
YDR210C-D,YER159C,0,-2.3161917,0.15379060804843903,0.4580645263195038,0.2520430088043213
YOL009C,YLR328W,0,-2.3168492,0.15367965400218964,0.4580645263195038,0.2522580623626709
YHR165C,YKL087C,0,-2.317108,0.15356884896755219,0.4580645263195038,0.2524731159210205
YDL100C,YAL024C,1,-2.3174348,0.1541786789894104,0.4602150619029999,0.2524731159210205
YAL041W,YNL272C,1,-2.3176632,0.15478761494159698,0.46236559748649597,0.2524731159210205
YIL098C,YBR169C,0,-2.3181129,0.15467625856399536,0.46236559748649597,0.2526881694793701
YNL297C,YAL041W,1,-2.3181317,0.15528397262096405,0.46451613306999207,0.2526881694793701
YDR372C,YKL138C,0,-2.3193464,0.1551724076271057,0.46451613306999207,0.2529032230377197
YGR174C,YHR024C,0,-2.3195398,0.1550610214471817,0.46451613306999207,0.25311827659606934
YLR083C,YNL233W,0,-2.3195496,0.15494978427886963,0.46451613306999207,0.25333333015441895
YCR091W,YBR208C,0,-2.3198364,0.1548387110233307,0.46451613306999207,0.25354838371276855
YMR192W,YMR055C,0,-2.3203032,0.1547277867794037,0.46451613306999207,0.25376343727111816
YPR017C,YLR291C,1,-2.3203344,0.15533286333084106,0.46666666865348816,0.25376343727111816
YPR067W,YDR078C,0,-2.3210049,0.15522174537181854,0.46666666865348816,0.2539784908294678
YKL149C,YAL030W,0,-2.3214579,0.15511079132556915,0.46666666865348816,0.2541935443878174
YOR016C,YOL144W,0,-2.3214698,0.1550000011920929,0.46666666865348816,0.254408597946167
YKL062W,YOL096C,0,-2.3217597,0.15488936007022858,0.46666666865348816,0.2546236515045166
YMR261C,YHR214C-C,0,-2.3218915,0.1547788828611374,0.46666666865348816,0.2548387050628662
YAL002W,YOR259C,0,-2.3220904,0.15466856956481934,0.46666666865348816,0.2550537586212158
YLR239C,YLR324W,0,-2.3224277,0.15455840528011322,0.46666666865348816,0.25526881217956543
YCR091W,YPR007C,0,-2.3237553,0.15444840490818024,0.46666666865348816,0.25548386573791504
YKL149C,YIL062C,0,-2.323781,0.1543385535478592,0.46666666865348816,0.25569891929626465
YLR324W,YBR015C,0,-2.323966,0.15422885119915009,0.46666666865348816,0.25591397285461426
YDR204W,YIL005W,0,-2.3241818,0.1541193127632141,0.46666666865348816,0.25612902641296387
YDL230W,YMR149W,0,-2.3242035,0.15400993824005127,0.46666666865348816,0.2563440799713135
YEL019C,YGR055W,0,-2.3242407,0.15390071272850037,0.46666666865348816,0.2565591335296631
YPL126W,YLR075W,0,-2.3249264,0.1537916362285614,0.46666666865348816,0.2567741870880127
YDL209C,YAL026C,0,-2.3255053,0.15368272364139557,0.46666666865348816,0.2569892406463623
YBR153W,YJL069C,0,-2.3256288,0.15357396006584167,0.46666666865348816,0.2572042942047119
YNL056W,YPR017C,0,-2.3262415,0.15346534550189972,0.46666666865348816,0.2574193477630615
YNR026C,YDR137W,1,-2.3271775,0.15406359732151031,0.46881720423698425,0.2574193477630615
YKL080W,YDR301W,0,-2.3273277,0.15395480394363403,0.46881720423698425,0.25763440132141113
YPR068C,YCL048W,0,-2.3275356,0.1538461595773697,0.46881720423698425,0.25784945487976074
YHR111W,YDR301W,0,-2.3279767,0.15373766422271729,0.46881720423698425,0.25806450843811035
YDR377W,YFR014C,0,-2.3280113,0.15362931787967682,0.46881720423698425,0.25827956199645996
YNL194C,YNL214W,0,-2.3281236,0.1535211205482483,0.46881720423698425,0.25849461555480957
YNL123W,YBR094W,0,-2.3281717,0.1534130871295929,0.46881720423698425,0.2587096691131592
YDL209C,YGL107C,0,-2.3286684,0.15330520272254944,0.46881720423698425,0.2589247226715088
YGL097W,YAL003W,1,-2.3287895,0.15390020608901978,0.47096773982048035,0.2589247226715088
YPL120W,YNL029C,0,-2.3289638,0.1537921279668808,0.47096773982048035,0.2591397762298584
YKL079W,YDR301W,0,-2.3308146,0.15368421375751495,0.47096773982048035,0.259354829788208
YHR154W,YPL189W,0,-2.3310862,0.15357643365859985,0.47096773982048035,0.2595698833465576
YER155C,YLL016W,1,-2.3311725,0.15416958928108215,0.47311827540397644,0.2595698833465576
YMR192W,YLR189C,0,-2.3312123,0.15406163036823273,0.47311827540397644,0.2597849369049072
YOR359W,YGL171W,0,-2.33227,0.15395382046699524,0.47311827540397644,0.25999999046325684
YDR235W,YER060W,0,-2.3329802,0.1538461595773697,0.47311827540397644,0.26021504402160645
YGL167C,YLR200W,0,-2.3335514,0.15373864769935608,0.47311827540397644,0.26043009757995605
YCR045C,YPL013C,0,-2.333898,0.1536312848329544,0.47311827540397644,0.26064515113830566
YNL051W,YOL076W,0,-2.3339024,0.15352407097816467,0.47311827540397644,0.2608602046966553
YOR002W,YNR071C,0,-2.333953,0.15341702103614807,0.47311827540397644,0.2610752582550049
YAL011W,YCR035C,0,-2.3339696,0.15331010520458221,0.47311827540397644,0.2612903118133545
YIL098C,YDR092W,0,-2.3340473,0.1532033383846283,0.47311827540397644,0.2615053653717041
YDL247W,YDR386W,0,-2.3342695,0.1530967354774475,0.47311827540397644,0.2617204189300537
YBR091C,YPR131C,0,-2.3343391,0.15299026668071747,0.47311827540397644,0.2619354724884033
YNL297C,YML097C,1,-2.3344147,0.15357887744903564,0.47526881098747253,0.2619354724884033
YPL115C,YDR168W,0,-2.3345156,0.15347221493721008,0.47526881098747253,0.26215052604675293
YDR468C,YGR208W,0,-2.3346446,0.15336571633815765,0.47526881098747253,0.26236557960510254
YKL033W,YOR236W,0,-2.335002,0.15325936675071716,0.47526881098747253,0.26258063316345215
YDR148C,YKL051W,0,-2.3353364,0.15315315127372742,0.47526881098747253,0.26279568672180176
YIL007C,YFL061W,0,-2.3358126,0.1530470848083496,0.47526881098747253,0.26301074028015137
YER040W,YIL173W,0,-2.3365397,0.15294118225574493,0.47526881098747253,0.263225793838501
YKL016C,YNR052C,0,-2.3367014,0.152835413813591,0.47526881098747253,0.2634408473968506
YOR334W,YGL243W,0,-2.3371701,0.15272977948188782,0.47526881098747253,0.2636559009552002
YNL142W,YLR181C,0,-2.338048,0.15262430906295776,0.47526881098747253,0.2638709545135498
YOR193W,YIL068C,0,-2.3385005,0.15251897275447845,0.47526881098747253,0.2640860080718994
YFL005W,YDR464W,0,-2.3386946,0.15241380035877228,0.47526881098747253,0.264301061630249
YPR110C,YHL015W,0,-2.3402343,0.15230874717235565,0.47526881098747253,0.26451611518859863
YGR129W,YLR067C,0,-2.340254,0.15220385789871216,0.47526881098747253,0.26473116874694824
YJR132W,YMR275C,0,-2.3403018,0.1520991027355194,0.47526881098747253,0.26494622230529785
YPL146C,YLR263W,0,-2.3413815,0.1519944965839386,0.47526881098747253,0.26516127586364746
YPL234C,YPL049C,0,-2.3415449,0.15189003944396973,0.47526881098747253,0.26537632942199707
YLL018C,YJL186W,0,-2.3424325,0.1517857164144516,0.47526881098747253,0.2655913829803467
YBR119W,YOL023W,0,-2.3425245,0.1516815423965454,0.47526881098747253,0.2658064663410187
YPL239W,YGR040W,0,-2.343318,0.15157750248908997,0.47526881098747253,0.2660215198993683
YNL063W,YML047C,0,-2.3433216,0.15147361159324646,0.47526881098747253,0.2662365734577179
YKL069W,YIL062C,0,-2.343354,0.1513698697090149,0.47526881098747253,0.2664516270160675
YOL078W,YOR330C,0,-2.343441,0.15126626193523407,0.47526881098747253,0.2666666805744171
YIL014W,YPL176C,0,-2.3435712,0.151162788271904,0.47526881098747253,0.2668817341327667
YIL118W,YDL154W,0,-2.3440933,0.15105946362018585,0.47526881098747253,0.26709678769111633
YDL235C,YDR004W,0,-2.3444917,0.15095628798007965,0.47526881098747253,0.26731184124946594
YLR248W,YNL317W,0,-2.3445454,0.1508532464504242,0.47526881098747253,0.26752689480781555
YAL041W,YLR291C,1,-2.344677,0.15143246948719025,0.47741934657096863,0.26752689480781555
YHR088W,YER072W,0,-2.3447127,0.15132924914360046,0.47741934657096863,0.26774194836616516
YOR090C,YNR055C,0,-2.3448248,0.15122616291046143,0.47741934657096863,0.26795700192451477
YDR145W,YEL001C,0,-2.34526,0.15112321078777313,0.47741934657096863,0.2681720554828644
YKL069W,YJL179W,0,-2.3463373,0.15102040767669678,0.47741934657096863,0.268387109041214
YGR204W,YML031W,0,-2.3465667,0.15091773867607117,0.47741934657096863,0.2686021625995636
YGL025C,YBL031W,0,-2.3466024,0.1508152186870575,0.47741934657096863,0.2688172161579132
YER155C,YPR133C,0,-2.3467865,0.15071283280849457,0.47741934657096863,0.2690322697162628
YNL041C,YMR035W,0,-2.3468294,0.15061058104038239,0.47741934657096863,0.2692473232746124
YPR037C,YOR258W,0,-2.3470185,0.15050847828388214,0.47741934657096863,0.26946237683296204
YNL263C,YDR098C,0,-2.3473406,0.15040650963783264,0.47741934657096863,0.26967743039131165
YOR087W,YDR273W,0,-2.3474731,0.1503046751022339,0.47741934657096863,0.26989248394966125
YIL005W,YGL127C,0,-2.3475008,0.15020297467708588,0.47741934657096863,0.27010753750801086
YIL038C,YPL049C,0,-2.3481238,0.1501014232635498,0.47741934657096863,0.2703225910663605
YHR185C,YDR080W,0,-2.348196,0.15000000596046448,0.47741934657096863,0.2705376446247101
YKR026C,YPR095C,1,-2.3485765,0.1505739390850067,0.4795698821544647,0.2705376446247101
YIL106W,YBL063W,0,-2.3490317,0.15047232806682587,0.4795698821544647,0.2707526981830597
YHR194W,YFR038W,0,-2.3490827,0.15037086606025696,0.4795698821544647,0.2709677517414093
YMR192W,YKL033W,0,-2.3491354,0.1502695381641388,0.4795698821544647,0.2711828052997589
YGL196W,YCL048W,0,-2.3491669,0.15016834437847137,0.4795698821544647,0.2713978588581085
YNL025C,YBR212W,0,-2.3499272,0.1500672996044159,0.4795698821544647,0.27161291241645813
YKR077W,YDR395W,0,-2.3501415,0.14996637403964996,0.4795698821544647,0.27182796597480774
YMR053C,YIL153W,0,-2.350545,0.14986559748649597,0.4795698821544647,0.27204301953315735
YGR244C,YHR190W,0,-2.351224,0.14976494014263153,0.4795698821544647,0.27225807309150696
YAR009C,YLR413W,0,-2.351328,0.14966443181037903,0.4795698821544647,0.27247312664985657
YLR277C,YHR009C,0,-2.3515053,0.14956405758857727,0.4795698821544647,0.2726881802082062
YDR468C,YDL117W,0,-2.3521075,0.14946380257606506,0.4795698821544647,0.2729032337665558
YBR089C-A,YDL119C,0,-2.3522232,0.1493636965751648,0.4795698821544647,0.2731182873249054
YIR019C,YDR078C,0,-2.352876,0.14926372468471527,0.4795698821544647,0.273333340883255
YGL078C,YDR179C,0,-2.3528972,0.1491638869047165,0.4795698821544647,0.2735483944416046
YPR095C,YBR131W,1,-2.352983,0.14973261952400208,0.4817204177379608,0.2735483944416046
YER033C,YER032W,0,-2.3529944,0.14963260293006897,0.4817204177379608,0.2737634479999542
YNL059C,YDR469W,0,-2.3535461,0.14953270554542542,0.4817204177379608,0.27397850155830383
YGL078C,YNL066W,0,-2.3537426,0.1494329571723938,0.4817204177379608,0.27419355511665344
YMR059W,YNR052C,0,-2.354908,0.14933332800865173,0.4817204177379608,0.27440860867500305
YBR153W,YLR288C,0,-2.3557267,0.1492338478565216,0.4817204177379608,0.27462366223335266
YMR177W,YPL189W,0,-2.3563628,0.14913448691368103,0.4817204177379608,0.27483871579170227
YEL020W-A,YOR117W,0,-2.3567967,0.1490352600812912,0.4817204177379608,0.2750537693500519
YDR350C,YDR273W,0,-2.3569207,0.1489361673593521,0.4817204177379608,0.2752688229084015
YPR173C,YPR055W,0,-2.3573174,0.14883720874786377,0.4817204177379608,0.2754838764667511
YBR043C,YDR168W,0,-2.358278,0.14873838424682617,0.4817204177379608,0.2756989300251007
YDL003W,YML107C,0,-2.359013,0.14863967895507812,0.4817204177379608,0.2759139835834503
YHR103W,YBR208C,0,-2.359106,0.14854110777378082,0.4817204177379608,0.2761290371417999
YJR049C,YPR071W,0,-2.3596497,0.14844267070293427,0.4817204177379608,0.27634409070014954
YDL230W,YNL156C,0,-2.3596616,0.14834436774253845,0.4817204177379608,0.27655914425849915
YNR024W,YBR131W,0,-2.3598933,0.14824619889259338,0.4817204177379608,0.27677419781684875
YNL297C,YGR070W,1,-2.3600569,0.1488095223903656,0.4838709533214569,0.27677419781684875
YER155C,YLR310C,1,-2.3600605,0.14937211573123932,0.4860215187072754,0.27677419781684875
YLR425W,YGR083C,1,-2.3602924,0.14993394911289215,0.4881720542907715,0.27677419781684875
YKL014C,YPR071W,0,-2.3609924,0.1498349905014038,0.4881720542907715,0.27698925137519836
YJR131W,YOR079C,0,-2.361012,0.14973615109920502,0.4881720542907715,0.277204304933548
YML067C,YPL203W,0,-2.3610604,0.14963744580745697,0.4881720542907715,0.2774193584918976
YMR313C,YGL016W,0,-2.3614488,0.14953885972499847,0.4881720542907715,0.2776344120502472
YDR528W,YLR292C,0,-2.361482,0.14944042265415192,0.4881720542907715,0.2778494656085968
YLR061W,YOL061W,0,-2.3621924,0.1493421047925949,0.4881720542907715,0.2780645191669464
YHR033W,YKL145W,0,-2.3624377,0.14924392104148865,0.4881720542907715,0.278279572725296
YLR315W,YPR199C,0,-2.3625352,0.14914585649967194,0.4881720542907715,0.27849462628364563
YPL138C,YDR303C,0,-2.3635263,0.14904792606830597,0.4881720542907715,0.27870967984199524
YEL020W-A,YOR060C,0,-2.3636546,0.14895012974739075,0.4881720542907715,0.27892473340034485
YOR189W,YJL069C,0,-2.3645444,0.14885245263576508,0.4881720542907715,0.27913978695869446
YOL098C,YBR208C,0,-2.3646,0.14875490963459015,0.4881720542907715,0.27935484051704407
YHR037W,YOR158W,0,-2.3646128,0.14865750074386597,0.4881720542907715,0.2795698940753937
YGL058W,YML016C,0,-2.3646662,0.14856021106243134,0.4881720542907715,0.2797849476337433
YKL110C,YIL053W,0,-2.3648834,0.14846304059028625,0.4881720542907715,0.2800000011920929
YDL135C,YOR136W,0,-2.3655775,0.1483660191297531,0.4881720542907715,0.2802150547504425
YBR218C,YPR068C,0,-2.3659358,0.14826910197734833,0.4881720542907715,0.2804301083087921
YLR258W,YDR105C,0,-2.3665614,0.1481723189353943,0.4881720542907715,0.2806451618671417
YOR363C,YER159C,0,-2.3671732,0.148075670003891,0.4881720542907715,0.28086021542549133
YJL167W,YMR158W,0,-2.3673112,0.14797914028167725,0.4881720542907715,0.28107526898384094
YHR194W,YGR044C,0,-2.3677225,0.14788272976875305,0.4881720542907715,0.28129032254219055
YMR125W,YIL123W,0,-2.368248,0.1477864533662796,0.4881720542907715,0.28150537610054016
YER093C,YGL115W,0,-2.3682823,0.1476903110742569,0.4881720542907715,0.28172042965888977
YNL020C,YGR083C,0,-2.3687718,0.14759427309036255,0.4881720542907715,0.2819354832172394
YNL103W,YGL092W,0,-2.3688226,0.14749836921691895,0.4881720542907715,0.282150536775589
YGR212W,YJR109C,0,-2.368882,0.1474025994539261,0.4881720542907715,0.2823655903339386
YDL093W,YMR091C,0,-2.369023,0.14730694890022278,0.4881720542907715,0.2825806438922882
YPR095C,YKL040C,0,-2.3693957,0.14721141755580902,0.4881720542907715,0.2827956974506378
YHR108W,YNR048W,0,-2.3698487,0.14711600542068481,0.4881720542907715,0.2830107510089874
YJL045W,YGR097W,0,-2.3699186,0.14702072739601135,0.4881720542907715,0.28322580456733704
YJL183W,YOR109W,0,-2.370062,0.14692556858062744,0.4881720542907715,0.28344085812568665
YAL048C,YMR153W,0,-2.3703184,0.14683052897453308,0.4881720542907715,0.28365591168403625
YOL032W,YPL006W,0,-2.3707283,0.14673562347888947,0.4881720542907715,0.28387096524238586
YOL011W,YGL093W,0,-2.3713841,0.1466408222913742,0.4881720542907715,0.2840860188007355
YHR146W,YPR017C,0,-2.3714304,0.1465461552143097,0.4881720542907715,0.2843010723590851
YDR287W,YLL018C-A,0,-2.3717322,0.14645160734653473,0.4881720542907715,0.2845161259174347
YLR196W,YER060W,0,-2.371898,0.1463571935892105,0.4881720542907715,0.2847311794757843
YNL054W,YGR296W,0,-2.371938,0.14626288414001465,0.4881720542907715,0.2849462330341339
YHR204W,YNL246W,0,-2.3720665,0.14616870880126953,0.4881720542907715,0.2851612865924835
YKR026C,YLR039C,1,-2.3727157,0.14671814441680908,0.4903225898742676,0.2851612865924835
YPR095C,YGR070W,1,-2.3727226,0.14726687967777252,0.49247312545776367,0.2851612865924835
YER100W,YNL288W,0,-2.37323,0.1471722424030304,0.49247312545776367,0.28537634015083313
YLR019W,YPL040C,0,-2.3739128,0.14707770943641663,0.49247312545776367,0.28559139370918274
YHR204W,YFR034C,0,-2.3740547,0.1469833105802536,0.49247312545776367,0.28580644726753235
YJR073C,YOR156C,0,-2.3742533,0.14688903093338013,0.49247312545776367,0.28602150082588196
YKL002W,YPL006W,0,-2.3742957,0.1467948704957962,0.49247312545776367,0.28623655438423157
YHR110W,YPR068C,0,-2.3747451,0.14670082926750183,0.49247312545776367,0.2864516079425812
YKL045W,YLL014W,0,-2.375357,0.146606907248497,0.49247312545776367,0.2866666615009308
YLR315W,YEL051W,0,-2.3756,0.14651311933994293,0.49247312545776367,0.2868817150592804
YKR078W,YMR234W,0,-2.375606,0.1464194357395172,0.49247312545776367,0.28709676861763
YNL062C,YLR061W,0,-2.3756366,0.14632587134838104,0.49247312545776367,0.2873118221759796
YOR034C,YNR038W,0,-2.376577,0.14623244106769562,0.49247312545776367,0.2875268757343292
YIL030C,YHR133C,0,-2.3767262,0.14613911509513855,0.49247312545776367,0.28774192929267883
YPL001W,YNL161W,0,-2.3771338,0.14604592323303223,0.49247312545776367,0.28795698285102844
YOL122C,YOR363C,0,-2.3774745,0.14595283567905426,0.49247312545776367,0.28817203640937805
YDL105W,YNL180C,0,-2.3782203,0.14585986733436584,0.49247312545776367,0.28838708996772766
YIL069C,YPL076W,0,-2.3783293,0.14576703310012817,0.49247312545776367,0.28860214352607727
YNL286W,YBR016W,0,-2.3784654,0.14567430317401886,0.49247312545776367,0.2888171970844269
YPR095C,YPR017C,1,-2.3784745,0.14621742069721222,0.49462366104125977,0.2888171970844269
YLR425W,YLL016W,1,-2.3789206,0.14675985276699066,0.49677419662475586,0.2888171970844269
YDR280W,YBR248C,0,-2.3790166,0.14666666090488434,0.49677419662475586,0.2890322506427765
YCL054W,YJL208C,0,-2.3790925,0.14657360315322876,0.49677419662475586,0.2892473042011261
YFL049W,YOR158W,0,-2.3791518,0.14648066461086273,0.49677419662475586,0.2894623577594757
YNL183C,YOR157C,0,-2.379763,0.14638783037662506,0.49677419662475586,0.2896774113178253
YOL009C,YJL180C,0,-2.3804114,0.14629513025283813,0.49677419662475586,0.2898924648761749
YMR318C,YOL029C,0,-2.3804612,0.14620253443717957,0.49677419662475586,0.29010751843452454
YKL149C,YOL116W,0,-2.380767,0.14611005783081055,0.49677419662475586,0.29032257199287415
YAL002W,YOL084W,0,-2.3807902,0.14601770043373108,0.49677419662475586,0.29053762555122375
YJL167W,YMR220W,0,-2.3810642,0.14592546224594116,0.49677419662475586,0.29075267910957336
YLR425W,YGR070W,1,-2.3814273,0.14646464586257935,0.49892473220825195,0.29075267910957336
YOR320C,YOL023W,0,-2.3816724,0.1463722437620163,0.49892473220825195,0.290967732667923
YIL118W,YDR108W,0,-2.3818607,0.1462799459695816,0.49892473220825195,0.2911827862262726
YGR202C,YBL008W,0,-2.3818684,0.14618778228759766,0.49892473220825195,0.2913978397846222
YOL029C,YGL107C,0,-2.3826482,0.14609572291374207,0.49892473220825195,0.2916128933429718
YMR091C,YPR086W,0,-2.383048,0.14600378274917603,0.49892473220825195,0.2918279469013214
YPL120W,YPL173W,0,-2.3837738,0.14591194689273834,0.49892473220825195,0.292043000459671
YLR220W,YHL026C,0,-2.383911,0.1458202451467514,0.49892473220825195,0.29225805401802063
YDL106C,YJL058C,0,-2.384049,0.14572864770889282,0.49892473220825195,0.29247310757637024
YKR078W,YOR081C,0,-2.3842714,0.1456371694803238,0.49892473220825195,0.29268816113471985
YHR150W,YGR083C,0,-2.3843036,0.14554579555988312,0.49892473220825195,0.29290321469306946
YMR053C,YML076C,0,-2.3843477,0.145454540848732,0.49892473220825195,0.29311826825141907
YOR380W,YFR047C,0,-2.384414,0.14536340534687042,0.49892473220825195,0.2933333218097687
YPR131C,YKL080W,0,-2.3847995,0.1452723890542984,0.49892473220825195,0.2935483753681183
YLR371W,YLL016W,1,-2.3854265,0.14580726623535156,0.501075267791748,0.2935483753681183
YGL115W,YKL063C,0,-2.3857496,0.14571607112884521,0.501075267791748,0.2937634289264679
YER155C,YPR017C,1,-2.386256,0.14624999463558197,0.5032258033752441,0.2937634289264679
YJL003W,YCL048W,0,-2.3863764,0.14615865051746368,0.5032258033752441,0.2939784824848175
YIL144W,YBR208C,0,-2.38643,0.14606741070747375,0.5032258033752441,0.2941935360431671
YGR235C,YPL100W,0,-2.3864808,0.14597629010677338,0.5032258033752441,0.2944085896015167
YFR014C,YHR001W-A,0,-2.386848,0.14588528871536255,0.5032258033752441,0.29462364315986633
YNL286W,YHR120W,0,-2.387035,0.14579439163208008,0.5032258033752441,0.29483869671821594
YJL054W,YOL051W,0,-2.3875208,0.14570361375808716,0.5032258033752441,0.29505375027656555
YMR074C,YGL111W,0,-2.387648,0.1456129401922226,0.5032258033752441,0.29526880383491516
YPR037C,YDR301W,0,-2.3880897,0.14552238583564758,0.5032258033752441,0.29548385739326477
YOR372C,YKL063C,0,-2.3881464,0.14543195068836212,0.5032258033752441,0.2956989109516144
YLR451W,YJL083W,0,-2.388656,0.14534161984920502,0.5032258033752441,0.295913964509964
YAL041W,YGR083C,1,-2.3890662,0.14587213099002838,0.5053763389587402,0.295913964509964
YLL017W,YLR425W,1,-2.3892138,0.14640198647975922,0.5075268745422363,0.295913964509964
YPL105C,YBR003W,0,-2.3892736,0.1463112235069275,0.5075268745422363,0.2961290180683136
YBR153W,YOL076W,0,-2.3906627,0.14622056484222412,0.5075268745422363,0.2963440716266632
YER040W,YLR092W,0,-2.3913393,0.1461300253868103,0.5075268745422363,0.2965591251850128
YOR272W,YNL180C,0,-2.3914442,0.14603960514068604,0.5075268745422363,0.2967741787433624
YNL318C,YPL178W,0,-2.391448,0.14594928920269012,0.5075268745422363,0.2969892621040344
YOR189W,YKR099W,0,-2.3915706,0.14585909247398376,0.5075268745422363,0.29720431566238403
YDR323C,YPL097W,0,-2.3915849,0.14576900005340576,0.5075268745422363,0.29741936922073364
YOL095C,YNL081C,0,-2.3919463,0.14567901194095612,0.5075268745422363,0.29763442277908325
YER044C-A,YNL123W,0,-2.392105,0.14558914303779602,0.5075268745422363,0.29784947633743286
YPR131C,YLR181C,0,-2.3922925,0.14549937844276428,0.5075268745422363,0.29806452989578247
YDL100C,YLR371W,1,-2.3930094,0.1460258811712265,0.5096774101257324,0.29806452989578247
YHR073W,YGR003W,0,-2.3937268,0.14593596756458282,0.5096774101257324,0.2982795834541321
YGR181W,YCR091W,0,-2.393752,0.1458461582660675,0.5096774101257324,0.2984946370124817
YLR223C,YDR165W,0,-2.3939958,0.14575645327568054,0.5096774101257324,0.2987096905708313
YBR107C,YBR060C,0,-2.3940103,0.14566686749458313,0.5096774101257324,0.2989247441291809
YOL103W-A,YPR068C,0,-2.394036,0.14557740092277527,0.5096774101257324,0.2991397976875305
YLL016W,YOR001W,0,-2.3947487,0.14548802375793457,0.5096774101257324,0.2993548512458801
YLR293C,YCR016W,0,-2.3947868,0.14539876580238342,0.5096774101257324,0.29956990480422974
YJL183W,YKL077W,0,-2.394796,0.14530962705612183,0.5096774101257324,0.29978495836257935
YLL018C,YGR060W,0,-2.3954253,0.1452205926179886,0.5096774101257324,0.30000001192092896
YDR227W,YMR101C,0,-2.3954344,0.1451316624879837,0.5096774101257324,0.30021506547927856
YBR189W,YER060W,0,-2.3955083,0.14504283666610718,0.5096774101257324,0.3004301190376282
YJR084W,YKL080W,0,-2.3956387,0.1449541300535202,0.5096774101257324,0.3006451725959778
YOR334W,YPL043W,0,-2.3960114,0.14486552774906158,0.5096774101257324,0.3008602261543274
YFR031C-A,YDR234W,0,-2.396259,0.14477702975273132,0.5096774101257324,0.301075279712677
YER093C,YLR310C,1,-2.396908,0.14529915153980255,0.5118279457092285,0.301075279712677
YKL141W,YGR044C,0,-2.3979118,0.14521048963069916,0.5118279457092285,0.3012903332710266
YBL080C,YBR086C,0,-2.398046,0.14512194693088531,0.5118279457092285,0.3015053868293762
YPR100W,YJL001W,0,-2.3982844,0.14503352344036102,0.5118279457092285,0.30172044038772583
YLL018C-A,YMR091C,0,-2.3983274,0.1449451893568039,0.5118279457092285,0.30193549394607544
YHR205W,YDR108W,0,-2.398404,0.14485697448253632,0.5118279457092285,0.30215054750442505
YIL075C,YLR337C,0,-2.4004905,0.1447688490152359,0.5118279457092285,0.30236560106277466
YDR259C,YDR301W,0,-2.4005175,0.14468085765838623,0.5118279457092285,0.30258065462112427
YML102W,YLR092W,0,-2.40081,0.14459295570850372,0.5118279457092285,0.3027957081794739
YNR048W,YOR271C,0,-2.400814,0.14450515806674957,0.5118279457092285,0.3030107617378235
YNL240C,YIL130W,0,-2.4009137,0.14441747963428497,0.5118279457092285,0.3032258152961731
YMR081C,YEL024W,0,-2.401074,0.14432989060878754,0.5118279457092285,0.3034408688545227
YIL173W,YNL081C,0,-2.4012103,0.14424242079257965,0.5118279457092285,0.3036559224128723
YMR234W,YOR119C,0,-2.4023545,0.14415505528450012,0.5118279457092285,0.3038709759712219
YIL030C,YLL006W,0,-2.4024148,0.14406779408454895,0.5118279457092285,0.30408602952957153
YER041W,YPR106W,0,-2.402672,0.14398063719272614,0.5118279457092285,0.30430108308792114
YAL030W,YJL196C,0,-2.402786,0.14389358460903168,0.5118279457092285,0.30451613664627075
YKL141W,YDL119C,0,-2.4030356,0.14380665123462677,0.5118279457092285,0.30473119020462036
YPR017C,YDR359C,0,-2.4042506,0.14371980726718903,0.5118279457092285,0.30494624376296997
YGL063W,YHL025W,0,-2.4043546,0.14363306760787964,0.5118279457092285,0.3051612973213196
YOR091W,YER159C,0,-2.4043698,0.1435464471578598,0.5118279457092285,0.3053763508796692
YKR096W,YPR003C,0,-2.4045346,0.14345991611480713,0.5118279457092285,0.3055914044380188
YEL048C,YOL135C,0,-2.4053397,0.1433734893798828,0.5118279457092285,0.3058064579963684
YCR031C,YOR101W,0,-2.4053812,0.14328718185424805,0.5118279457092285,0.306021511554718
YML031W,YPL063W,0,-2.4053922,0.14320096373558044,0.5118279457092285,0.3062365651130676
YPL013C,YPL168W,0,-2.405891,0.1431148499250412,0.5118279457092285,0.30645161867141724
YNL183C,YIL106W,0,-2.406882,0.1430288404226303,0.5118279457092285,0.30666667222976685
YJL045W,YGL018C,0,-2.4070547,0.14294295012950897,0.5118279457092285,0.30688172578811646
YIL022W,YNL130C,0,-2.4075217,0.1428571492433548,0.5118279457092285,0.30709677934646606
YAL019W,YML081W,0,-2.4077158,0.14277145266532898,0.5118279457092285,0.3073118329048157
YML133C,YIL018W,0,-2.4080517,0.14268584549427032,0.5118279457092285,0.3075268864631653
YDR150W,YBR015C,0,-2.4080956,0.14260035753250122,0.5118279457092285,0.3077419400215149
YGL167C,YDR309C,0,-2.4088993,0.14251497387886047,0.5118279457092285,0.3079569935798645
YLR371W,YCR038C,1,-2.4090815,0.143028125166893,0.5139784812927246,0.3079569935798645
YJR042W,YPL117C,0,-2.4095347,0.14294257760047913,0.5139784812927246,0.3081720471382141
YJR117W,YGR142W,0,-2.4098024,0.1428571492433548,0.5139784812927246,0.3083871006965637
YMR076C,YJL069C,0,-2.4099073,0.14277181029319763,0.5139784812927246,0.30860215425491333
YJL012C,YAL059W,0,-2.4099329,0.14268656075000763,0.5139784812927246,0.30881720781326294
YNL190W,YDR111C,0,-2.4100635,0.14260143041610718,0.5139784812927246,0.30903226137161255
YGR055W,YFR040W,0,-2.4106772,0.14251640439033508,0.5139784812927246,0.30924731492996216
YDL100C,YGR083C,1,-2.4110808,0.1430274099111557,0.5161290168762207,0.30924731492996216
YOR157C,YOR249C,0,-2.4115512,0.14294223487377167,0.5161290168762207,0.30946236848831177
YDR468C,YJL127C,0,-2.4116204,0.1428571492433548,0.5161290168762207,0.3096774220466614
YOR032C,YGR161C,0,-2.4116328,0.1427721530199051,0.5161290168762207,0.309892475605011
YGR174C,YDR150W,0,-2.4118896,0.14268727600574493,0.5161290168762207,0.3101075291633606
YLL057C,YOR113W,0,-2.4124327,0.14260248839855194,0.5161290168762207,0.3103225827217102
YJL196C,YGL127C,0,-2.4125333,0.1425178200006485,0.5161290168762207,0.3105376362800598
YGR082W,YLR067C,0,-2.412966,0.14243324100971222,0.5161290168762207,0.3107526898384094
YGL097W,YLR039C,1,-2.4133334,0.14294187724590302,0.5182795524597168,0.3107526898384094
YLR284C,YPL006W,0,-2.4141269,0.1428571492433548,0.5182795524597168,0.31096774339675903
YKL029C,YAL068C,0,-2.4141786,0.14277251064777374,0.5182795524597168,0.31118279695510864
YBL008W,YER015W,0,-2.4143696,0.14268797636032104,0.5182795524597168,0.31139785051345825
YML023C,YDR075W,0,-2.4150362,0.1426035463809967,0.5182795524597168,0.31161290407180786
YKL062W,YOR110W,0,-2.4151587,0.14251922070980072,0.5182795524597168,0.31182795763015747
YML100W,YDR516C,0,-2.4155662,0.1424349844455719,0.5182795524597168,0.3120430111885071
YDR137W,YOR260W,1,-2.4160666,0.14294151961803436,0.5204300880432129,0.3120430111885071
YDR375C,YMR195W,0,-2.4161592,0.1428571492433548,0.5204300880432129,0.3122580647468567
YGL167C,YDR273W,0,-2.4163811,0.1427728682756424,0.5204300880432129,0.3124731183052063
YAL019W,YPR128C,0,-2.4174557,0.14268867671489716,0.5204300880432129,0.3126881718635559
YDR002W,YHR170W,0,-2.4177206,0.14260458946228027,0.5204300880432129,0.3129032254219055
YGL246C,YDR160W,0,-2.4178925,0.14252060651779175,0.5204300880432129,0.3131182789802551
YJR117W,YHR202W,0,-2.4179626,0.14243672788143158,0.5204300880432129,0.31333333253860474
YLR052W,YDL102W,0,-2.418543,0.14235293865203857,0.5204300880432129,0.31354838609695435
YNL233W,YER176W,0,-2.4189086,0.14226925373077393,0.5204300880432129,0.31376343965530396
YKL080W,YOR086C,0,-2.4192429,0.14218565821647644,0.5204300880432129,0.31397849321365356
YIR019C,YCL067C,0,-2.4194221,0.1421021670103073,0.5204300880432129,0.3141935467720032
YKL016C,YOR113W,0,-2.4198627,0.14201878011226654,0.5204300880432129,0.3144086003303528
YMR063W,YMR205C,0,-2.4199064,0.14193548262119293,0.5204300880432129,0.3146236538887024
YMR076C,YAL048C,0,-2.4200625,0.14185228943824768,0.5204300880432129,0.314838707447052
YPR095C,YLR291C,1,-2.4201133,0.14235500991344452,0.522580623626709,0.314838707447052
YJL012C,YBR023C,0,-2.42088,0.14227166771888733,0.522580623626709,0.3150537610054016
YJL162C,YCR018C,0,-2.4210682,0.1421884149312973,0.522580623626709,0.3152688145637512
YGR120C,YBL005W,0,-2.4213145,0.14210526645183563,0.522580623626709,0.31548386812210083
YNL328C,YHR120W,0,-2.4219446,0.14202220737934113,0.522580623626709,0.31569892168045044
YNR048W,YBR049C,0,-2.4231768,0.14193925261497498,0.522580623626709,0.31591397523880005
YER100W,YLR059C,0,-2.4233704,0.141856387257576,0.522580623626709,0.31612902879714966
YKR026C,YER155C,1,-2.4234643,0.14235706627368927,0.5247311592102051,0.31612902879714966
YDR178W,YLR011W,0,-2.4236207,0.14227405190467834,0.5247311592102051,0.31634408235549927
YEL044W,YGL078C,0,-2.424253,0.14219114184379578,0.5247311592102051,0.3165591359138489
YIL056W,YOL116W,0,-2.4243507,0.14210832118988037,0.5247311592102051,0.3167741894721985
YPL146C,YOR258W,0,-2.4248269,0.14202560484409332,0.5247311592102051,0.3169892430305481
YLR239C,YIL068C,0,-2.4255075,0.14194299280643463,0.5247311592102051,0.3172042965888977
YLL016W,YPR017C,1,-2.4261286,0.14244185388088226,0.5268816947937012,0.3172042965888977
YDR201W,YOR207C,0,-2.4263105,0.14235909283161163,0.5268816947937012,0.3174193501472473
YDR325W,YLR181C,0,-2.426538,0.14227642118930817,0.5268816947937012,0.3176344037055969
YPR114W,YER032W,0,-2.4266567,0.14219385385513306,0.5268816947937012,0.31784945726394653
YGL061C,YMR153W,0,-2.426703,0.1421113759279251,0.5268816947937012,0.31806451082229614
YGR099W,YKL129C,0,-2.4281502,0.14202898740768433,0.5268816947937012,0.31827956438064575
YEL051W,YCL001W,0,-2.4281633,0.1419467031955719,0.5268816947937012,0.31849461793899536
YDR317W,YBL025W,0,-2.4281769,0.14186450839042664,0.5268816947937012,0.31870967149734497
YDR160W,YER015W,0,-2.4284441,0.14178240299224854,0.5268816947937012,0.3189247250556946
YFR040W,YDR135C,0,-2.42908,0.1417004019021988,0.5268816947937012,0.3191397786140442
YGL195W,YIL173W,0,-2.4291704,0.1416184902191162,0.5268816947937012,0.3193548321723938
YLL018C,YDR213W,0,-2.4293098,0.141536682844162,0.5268816947937012,0.3195698857307434
YNL294C,YHL006C,0,-2.4294486,0.14145496487617493,0.5268816947937012,0.319784939289093
YAR033W,YJR052W,0,-2.4301581,0.14137333631515503,0.5268816947937012,0.3199999928474426
YER071C,YDR395W,0,-2.4303908,0.1412918120622635,0.5268816947937012,0.32021504640579224
YOL126C,YER167W,0,-2.4310822,0.1412103772163391,0.5268816947937012,0.32043009996414185
YHR108W,YKL197C,0,-2.431124,0.1411290317773819,0.5268816947937012,0.32064515352249146
YML013W,YNL036W,0,-2.4315867,0.14104779064655304,0.5268816947937012,0.32086020708084106
YHL025W,YJR050W,0,-2.4319725,0.14096662402153015,0.5268816947937012,0.3210752606391907
YOR266W,YBR065C,0,-2.4323626,0.14088556170463562,0.5268816947937012,0.3212903141975403
YHR103W,YLR248W,0,-2.4327476,0.14080460369586945,0.5268816947937012,0.3215053677558899
YOL098C,YJL174W,0,-2.4328759,0.14072372019290924,0.5268816947937012,0.3217204213142395
YML107C,YGR083C,0,-2.432887,0.1406429409980774,0.5268816947937012,0.3219354748725891
YOR316C,YKL155C,0,-2.432909,0.1405622512102127,0.5268816947937012,0.3221505284309387
YLL031C,YMR156C,0,-2.4330125,0.14048165082931519,0.5268816947937012,0.32236558198928833
YNL181W,YHR118C,0,-2.4330301,0.14040113985538483,0.5268816947937012,0.32258063554763794
YGR122W,YGL198W,0,-2.4331055,0.14032073318958282,0.5268816947937012,0.32279568910598755
YOR068C,YOR079C,0,-2.4332707,0.14024041593074799,0.5268816947937012,0.32301074266433716
YJL054W,YDR289C,0,-2.4337115,0.1401601880788803,0.5268816947937012,0.32322579622268677
YDR350C,YKL087C,0,-2.4337745,0.1400800496339798,0.5268816947937012,0.3234408497810364
YJR153W,YHR024C,0,-2.4344084,0.14000000059604645,0.5268816947937012,0.323655903339386
YKL191W,YDR213W,0,-2.4348896,0.13992004096508026,0.5268816947937012,0.3238709568977356
YLL018C-A,YMR226C,0,-2.4355793,0.13984018564224243,0.5268816947937012,0.3240860104560852
YLR313C,YKL005C,0,-2.4355822,0.13976040482521057,0.5268816947937012,0.3243010640144348
YOR192C,YGL226W,0,-2.4358358,0.13968072831630707,0.5268816947937012,0.3245161175727844
YLR411W,YKR072C,0,-2.4363244,0.13960114121437073,0.5268816947937012,0.32473117113113403
YPR095C,YLR371W,1,-2.4365737,0.14009112119674683,0.5290322303771973,0.32473117113113403
YIL056W,YGR005C,0,-2.4366875,0.14001138508319855,0.5290322303771973,0.32494622468948364
YLR413W,YDL211C,0,-2.4367127,0.13993173837661743,0.5290322303771973,0.32516127824783325
YJR042W,YPL097W,0,-2.4367166,0.13985219597816467,0.5290322303771973,0.32537633180618286
YPL168W,YPR007C,0,-2.4371402,0.13977272808551788,0.5290322303771973,0.32559138536453247
YGR202C,YLR363C,0,-2.4372525,0.13969334959983826,0.5290322303771973,0.3258064389228821
YKR034W,YCL067C,0,-2.4377065,0.139614075422287,0.5290322303771973,0.3260214924812317
YDL106C,YGR007W,0,-2.4378033,0.13953489065170288,0.5290322303771973,0.3262365460395813
YDR075W,YGR017W,0,-2.4379625,0.13945578038692474,0.5290322303771973,0.3264515995979309
YER040W,YDR135C,0,-2.4381926,0.13937677443027496,0.5290322303771973,0.3266666531562805
YLR085C,YML098W,0,-2.4384506,0.13929784297943115,0.5290322303771973,0.3268817067146301
YHR033W,YGL107C,0,-2.438685,0.1392190158367157,0.5290322303771973,0.32709676027297974
YOL032W,YDR080W,0,-2.4397242,0.1391402781009674,0.5290322303771973,0.32731181383132935
YML059C,YJL173C,0,-2.4406137,0.13906161487102509,0.5290322303771973,0.32752686738967896
YEL022W,YLR291C,1,-2.441371,0.13954801857471466,0.5311827659606934,0.32752686738967896
YPR106W,YHR157W,0,-2.4420314,0.1394692212343216,0.5311827659606934,0.32774192094802856
YJL098W,YNL161W,0,-2.4420948,0.1393905133008957,0.5311827659606934,0.3279569745063782
YDR471W,YGL105W,0,-2.4422517,0.13931189477443695,0.5311827659606934,0.32817205786705017
YIL107C,YFR053C,0,-2.4427528,0.13923336565494537,0.5311827659606934,0.3283871114253998
YDL091C,YOR060C,0,-2.442875,0.13915492594242096,0.5311827659606934,0.3286021649837494
YDR137W,YBR131W,1,-2.443007,0.13963964581489563,0.5333333611488342,0.3286021649837494
YMR226C,YOL095C,0,-2.443051,0.13956105709075928,0.5333333611488342,0.328817218542099
YPR007C,YDL087C,0,-2.4431643,0.1394825577735901,0.5333333611488342,0.3290322721004486
YDR137W,YCL068C,1,-2.4432118,0.13996627926826477,0.5354838967323303,0.3290322721004486
YDR007W,YJR052W,0,-2.443668,0.13988764584064484,0.5354838967323303,0.3292473256587982
YDL100C,YLR425W,1,-2.4439714,0.14037057757377625,0.5376344323158264,0.3292473256587982
YMR158W,YAL051W,0,-2.4440553,0.14029181003570557,0.5376344323158264,0.3294623792171478
YDR516C,YHR001W-A,0,-2.4451003,0.14021311700344086,0.5376344323158264,0.32967743277549744
YLL031C,YLR315W,0,-2.44517,0.1401345282793045,0.5376344323158264,0.32989248633384705
YHL003C,YML047C,0,-2.446969,0.14005602896213531,0.5376344323158264,0.33010753989219666
YDL100C,YEL022W,1,-2.447044,0.14053751528263092,0.5397849678993225,0.33010753989219666
YEL022W,YPR017C,1,-2.4470983,0.14101846516132355,0.5419355034828186,0.33010753989219666
YLR019W,YOR001W,0,-2.4474702,0.1409395933151245,0.5419355034828186,0.33032259345054626
YPR095C,YLR039C,1,-2.4477372,0.14141978323459625,0.5440860390663147,0.33032259345054626
YLL026W,YIL120W,0,-2.4480631,0.14134077727794647,0.5440860390663147,0.3305376470088959
YPR008W,YLR115W,0,-2.4484591,0.14126186072826385,0.5440860390663147,0.3307527005672455
YKL016C,YOR250C,0,-2.4486828,0.1411830335855484,0.5440860390663147,0.3309677541255951
YBR169C,YOR157C,0,-2.4488397,0.1411042958498001,0.5440860390663147,0.3311828076839447
YIL007C,YLR190W,0,-2.4493642,0.14102564752101898,0.5440860390663147,0.3313978612422943
YOR156C,YGL018C,0,-2.4494238,0.14094707369804382,0.5440860390663147,0.3316129148006439
YLL024C,YLR417W,0,-2.4507263,0.14086860418319702,0.5440860390663147,0.33182796835899353
YJR046W,YGL093W,0,-2.4511185,0.1407902091741562,0.5440860390663147,0.33204302191734314
YJL098W,YKL077W,0,-2.451165,0.14071190357208252,0.5440860390663147,0.33225807547569275
YAL024C,YCR038C,1,-2.4512496,0.1411895453929901,0.5462365746498108,0.33225807547569275
YOR172W,YNL041C,0,-2.451458,0.1411111056804657,0.5462365746498108,0.33247312903404236
YNL167C,YFR040W,0,-2.4519029,0.14103275537490845,0.5462365746498108,0.33268818259239197
YGR217W,YDR217C,0,-2.4519444,0.14095449447631836,0.5462365746498108,0.3329032361507416
YLR247C,YDL211C,0,-2.4520533,0.14087632298469543,0.5462365746498108,0.3331182897090912
YEL022W,YBR131W,1,-2.4523406,0.1413525491952896,0.5483871102333069,0.3331182897090912
YKR093W,YER040W,0,-2.4528933,0.14127424359321594,0.5483871102333069,0.3333333432674408
YER014W,YJR084W,0,-2.452949,0.14119601249694824,0.5483871102333069,0.3335483968257904
YER155C,YAL041W,1,-2.4530177,0.141671285033226,0.550537645816803,0.3335483968257904
YOR103C,YNL164C,0,-2.4531572,0.14159291982650757,0.550537645816803,0.33376345038414
YHR197W,YBR121C,0,-2.453419,0.1415146440267563,0.550537645816803,0.3339785039424896
YER100W,YCR038C,0,-2.4535336,0.14143645763397217,0.550537645816803,0.33419355750083923
YGL129C,YKL040C,0,-2.453552,0.1413583606481552,0.550537645816803,0.33440861105918884
YPR055W,YOL009C,0,-2.453594,0.14128035306930542,0.550537645816803,0.33462366461753845
YJL186W,YLR263W,0,-2.453652,0.1412024199962616,0.550537645816803,0.33483871817588806
YML092C,YLL018C-A,0,-2.453792,0.14112459123134613,0.550537645816803,0.33505377173423767
YNL250W,YGL226W,0,-2.4540663,0.14104683697223663,0.550537645816803,0.3352688252925873
YDR482C,YML120C,0,-2.4541748,0.1409691572189331,0.550537645816803,0.3354838788509369
YNR032C-A,YDR261C,0,-2.4542732,0.14089158177375793,0.550537645816803,0.3356989324092865
YGR057C,YER123W,0,-2.4543009,0.14081408083438873,0.550537645816803,0.3359139859676361
YGR204W,YDR110W,0,-2.4543073,0.1407366693019867,0.550537645816803,0.3361290395259857
YOR117W,YGL198W,0,-2.4543507,0.14065934717655182,0.550537645816803,0.3363440930843353
YLR277C,YKR099W,0,-2.4553328,0.1405820995569229,0.550537645816803,0.33655914664268494
YDR002W,YOR357C,0,-2.455912,0.14050494134426117,0.550537645816803,0.33677420020103455
YBR211C,YGL127C,0,-2.456644,0.1404278725385666,0.550537645816803,0.33698925375938416
YBR169C,YOR249C,0,-2.4568796,0.14035087823867798,0.550537645816803,0.33720430731773376
YGL097W,YNL272C,1,-2.456962,0.1408219188451767,0.5526881814002991,0.33720430731773376
YKR096W,YHL021C,0,-2.4580343,0.14074479043483734,0.5526881814002991,0.3374193608760834
YHR148W,YEL027W,0,-2.4580731,0.14066776633262634,0.5526881814002991,0.337634414434433
YNL250W,YMR262W,0,-2.458785,0.1405908167362213,0.5526881814002991,0.3378494679927826
YDR160W,YDR303C,0,-2.458788,0.14051394164562225,0.5526881814002991,0.3380645215511322
YMR158W,YLR248W,0,-2.4591048,0.14043715596199036,0.5526881814002991,0.3382795751094818
YDL154W,YDR257C,0,-2.459286,0.14036045968532562,0.5526881814002991,0.3384946286678314
YEL005C,YCL051W,0,-2.4593852,0.14028383791446686,0.5526881814002991,0.33870968222618103
YKR007W,YNL173C,0,-2.460381,0.14020730555057526,0.5526881814002991,0.33892473578453064
YAL024C,YNL297C,1,-2.4605627,0.1406761109828949,0.5548387169837952,0.33892473578453064
YLR371W,YLR291C,1,-2.4610543,0.14114440977573395,0.5569892525672913,0.33892473578453064
YLR055C,YML096W,0,-2.4610925,0.1410675346851349,0.5569892525672913,0.33913978934288025
YPL100W,YOR113W,0,-2.4616506,0.140990749001503,0.5569892525672913,0.33935484290122986
YMR225C,YLR001C,0,-2.461802,0.14091403782367706,0.5569892525672913,0.33956989645957947
YKL029C,YDR257C,0,-2.462684,0.1408374160528183,0.5569892525672913,0.3397849500179291
YJL168C,YGR094W,0,-2.4632916,0.1407608687877655,0.5569892525672913,0.3400000035762787
YIL147C,YOL144W,0,-2.463523,0.14068441092967987,0.5569892525672913,0.3402150571346283
YGR024C,YIL068C,0,-2.4638138,0.1406080275774002,0.5569892525672913,0.3404301106929779
YHR202W,YJL001W,0,-2.464034,0.1405317485332489,0.5569892525672913,0.3406451642513275
YDR545W,YPR046W,0,-2.464146,0.14045552909374237,0.5569892525672913,0.3408602178096771
YOL098C,YIL120W,0,-2.464701,0.140379399061203,0.5569892525672913,0.34107527136802673
YOR357C,YMR195W,0,-2.4654167,0.1403033584356308,0.5569892525672913,0.34129032492637634
YGL028C,YDR303C,0,-2.46556,0.14022739231586456,0.5569892525672913,0.34150537848472595
YER176W,YDR108W,0,-2.4657545,0.1401515156030655,0.5569892525672913,0.34172043204307556
YLR352W,YKL040C,0,-2.4658756,0.1400757133960724,0.5569892525672913,0.34193548560142517
YDR471W,YKR083C,0,-2.4660385,0.14000000059604645,0.5569892525672913,0.3421505391597748
YLR181C,YBR121C,0,-2.467053,0.13992436230182648,0.5569892525672913,0.3423655927181244
YML067C,YER005W,0,-2.4670777,0.13984881341457367,0.5569892525672913,0.342580646276474
YJR035W,YHR157W,0,-2.4671745,0.13977333903312683,0.5569892525672913,0.3427956998348236
YOR172W,YJR131W,0,-2.467197,0.13969795405864716,0.5569892525672913,0.3430107533931732
YOR027W,YPL036W,0,-2.4672341,0.13962264358997345,0.5569892525672913,0.3432258069515228
YDR040C,YDR437W,0,-2.4683585,0.1395474076271057,0.5569892525672913,0.34344086050987244
YMR220W,YNL247W,0,-2.4684727,0.13947226107120514,0.5569892525672913,0.34365591406822205
YNL190W,YAL056W,0,-2.4693573,0.13939720392227173,0.5569892525672913,0.34387096762657166
YLR075W,YDR365C,0,-2.4695039,0.1393222212791443,0.5569892525672913,0.34408602118492126
YGR005C,YDR438W,0,-2.4697905,0.13924731314182281,0.5569892525672913,0.3443010747432709
YIL156W,YPR131C,0,-2.4700096,0.1391724944114685,0.5569892525672913,0.3445161283016205
YOR068C,YJL127C,0,-2.4707296,0.13909775018692017,0.5569892525672913,0.3447311818599701
YAL003W,YNL272C,1,-2.4711452,0.13955985009670258,0.5591397881507874,0.3447311818599701
YOR177C,YMR055C,0,-2.4714499,0.1394849717617035,0.5591397881507874,0.3449462354183197
YBR107C,YPL006W,0,-2.4718523,0.13941018283367157,0.5591397881507874,0.3451612889766693
YGR244C,YPR105C,0,-2.4721036,0.1393354833126068,0.5591397881507874,0.3453763425350189
YPL013C,YLR260W,0,-2.4725833,0.13926084339618683,0.5591397881507874,0.34559139609336853
YBL100W-B,YOL135C,0,-2.4726021,0.139186292886734,0.5591397881507874,0.34580644965171814
YNL243W,YOR002W,0,-2.473118,0.13911183178424835,0.5591397881507874,0.34602150321006775
YLR234W,YPL130W,0,-2.4733129,0.13903743028640747,0.5591397881507874,0.34623655676841736
YKL006C-A,YOR158W,0,-2.4741483,0.13896311819553375,0.5591397881507874,0.34645161032676697
YKR064W,YDR078C,0,-2.4743876,0.1388888955116272,0.5591397881507874,0.3466666638851166
YGL127C,YHR080C,0,-2.474465,0.13881473243236542,0.5591397881507874,0.3468817174434662
YPL116W,YLR377C,0,-2.474541,0.1387406587600708,0.5591397881507874,0.3470967710018158
YPL140C,YEL048C,0,-2.4745913,0.13866665959358215,0.5591397881507874,0.3473118245601654
YGL142C,YJL216C,0,-2.4752502,0.13859274983406067,0.5591397881507874,0.347526878118515
YGL027C,YBR131W,0,-2.4758773,0.13851891458034515,0.5591397881507874,0.3477419316768646
YCR024C,YLR337C,0,-2.4773273,0.1384451538324356,0.5591397881507874,0.34795698523521423
YLR131C,YIL153W,0,-2.4774776,0.13837146759033203,0.5591397881507874,0.34817203879356384
YLR083C,YDR469W,0,-2.4776154,0.13829787075519562,0.5591397881507874,0.34838709235191345
YAL024C,YLR039C,1,-2.4780927,0.13875597715377808,0.5612903237342834,0.34838709235191345
YLL016W,YDL106C,0,-2.4783504,0.13868224620819092,0.5612903237342834,0.34860214591026306
YBL056W,YER038C,0,-2.478561,0.13860860466957092,0.5612903237342834,0.34881719946861267
YPR057W,YLL067C,0,-2.4790215,0.1385350376367569,0.5612903237342834,0.3490322530269623
YIL147C,YOR359W,0,-2.479286,0.13846154510974884,0.5612903237342834,0.3492473065853119
YPL169C,YNL056W,0,-2.479328,0.13838812708854675,0.5612903237342834,0.3494623601436615
YOR034C,YLR023C,0,-2.480142,0.13831478357315063,0.5612903237342834,0.3496774137020111
YDR323C,YOR117W,0,-2.4801755,0.13824152946472168,0.5612903237342834,0.3498924672603607
YHR202W,YDL046W,0,-2.4804974,0.1381683498620987,0.5612903237342834,0.3501075208187103
YER014W,YFR014C,0,-2.4805765,0.13809524476528168,0.5612903237342834,0.35032257437705994
YLR006C,YPL235W,0,-2.4812105,0.13802221417427063,0.5612903237342834,0.35053762793540955
YOR380W,YIL068C,0,-2.4818473,0.13794925808906555,0.5612903237342834,0.35075268149375916
YPR003C,YMR275C,0,-2.4823136,0.13787639141082764,0.5612903237342834,0.35096773505210876
YMR192W,YIL144W,0,-2.482489,0.1378035843372345,0.5612903237342834,0.3511827886104584
YKR053C,YOR109W,0,-2.4826074,0.13773086667060852,0.5612903237342834,0.351397842168808
YER040W,YNL194C,0,-2.4828975,0.1376582235097885,0.5612903237342834,0.3516128957271576
YPR161C,YIL068C,0,-2.4830003,0.13758565485477448,0.5612903237342834,0.3518279492855072
YOR004W,YKL029C,0,-2.48308,0.1375131756067276,0.5612903237342834,0.3520430028438568
YER007C-A,YPR068C,0,-2.4836211,0.1374407559633255,0.5612903237342834,0.3522580564022064
YBR169C,YCL067C,0,-2.4838023,0.13736842572689056,0.5612903237342834,0.35247310996055603
YML101C,YHR090C,0,-2.4843202,0.1372961550951004,0.5612903237342834,0.35268816351890564
YPR148C,YNR037C,0,-2.4844255,0.1372239738702774,0.5612903237342834,0.35290321707725525
YNL103W,YML082W,0,-2.4846382,0.13715186715126038,0.5612903237342834,0.35311827063560486
YOR136W,YLR115W,0,-2.484667,0.13707983493804932,0.5612903237342834,0.35333332419395447
YCL017C,YJL173C,0,-2.4849963,0.13700787723064423,0.5612903237342834,0.3535483777523041
YAL048C,YLR352W,0,-2.4850726,0.1369359940290451,0.5612903237342834,0.3537634313106537
YDR463W,YIL009W,0,-2.4859092,0.13686418533325195,0.5612903237342834,0.3539784848690033
YHR154W,YLR220W,0,-2.4860725,0.13679245114326477,0.5612903237342834,0.3541935384273529
YKL145W,YJR096W,0,-2.4864628,0.13672079145908356,0.5612903237342834,0.3544085919857025
YNR032C-A,YBR003W,0,-2.4874957,0.1366492211818695,0.5612903237342834,0.3546236455440521
YCL068C,YNL272C,1,-2.487736,0.13710099458694458,0.5634408593177795,0.3546236455440521
YJR042W,YJL179W,0,-2.4879138,0.13702929019927979,0.5634408593177795,0.35483869910240173
YDR384C,YKR095W,0,-2.487969,0.13695766031742096,0.5634408593177795,0.35505375266075134
YLL016W,YLR310C,1,-2.4902806,0.1374085694551468,0.5655913949012756,0.35505375266075134
YPL120W,YOL029C,0,-2.4909866,0.1373368203639984,0.5655913949012756,0.35526880621910095
YOR034C,YCR038C,0,-2.4909995,0.1372651308774948,0.5655913949012756,0.35548385977745056
YCR107W,YCR024C,0,-2.4910154,0.13719353079795837,0.5655913949012756,0.35569891333580017
YDL100C,YLR291C,1,-2.4912357,0.13764338195323944,0.5677419304847717,0.35569891333580017
YDR325W,YJR027W,0,-2.4915924,0.13757164776325226,0.5677419304847717,0.3559139668941498
YJR109C,YDR301W,0,-2.4916425,0.13750000298023224,0.5677419304847717,0.3561290204524994
YNL221C,YMR242C,0,-2.4921384,0.137428417801857,0.5677419304847717,0.356344074010849
YCL017C,YLR247C,0,-2.4925508,0.1373569220304489,0.5677419304847717,0.3565591275691986
YER149C,YGL093W,0,-2.493588,0.1372854858636856,0.5677419304847717,0.3567741811275482
YDR386W,YNR037C,0,-2.4937546,0.13721413910388947,0.5677419304847717,0.3569892346858978
YGR017W,YKL080W,0,-2.49442,0.1371428519487381,0.5677419304847717,0.35720428824424744
YHR103W,YOL132W,0,-2.4945664,0.1370716542005539,0.5677419304847717,0.35741934180259705
YLL017W,YLL016W,1,-2.4949164,0.1375194638967514,0.5698924660682678,0.35741934180259705
YML107C,YOR266W,0,-2.4952226,0.13744813203811646,0.5698924660682678,0.35763439536094666
YKL054C,YKL058W,0,-2.4953039,0.13737687468528748,0.5698924660682678,0.35784944891929626
YNL059C,YNR059W,0,-2.4955692,0.13730570673942566,0.5698924660682678,0.3580645024776459
YDR002W,YDR257C,0,-2.4955866,0.13723459839820862,0.5698924660682678,0.3582795560359955
YOR004W,YOR271C,0,-2.495884,0.13716356456279755,0.5698924660682678,0.3584946095943451
YLR347C,YHR073W,0,-2.4963446,0.13709260523319244,0.5698924660682678,0.3587096631526947
YDR289C,YMR118C,0,-2.4963665,0.1370217204093933,0.5698924660682678,0.3589247167110443
YPR017C,YMR091C,0,-2.4973228,0.13695091009140015,0.5698924660682678,0.3591397702693939
YOR016C,YDR257C,0,-2.4974346,0.13688015937805176,0.5698924660682678,0.35935482382774353
YBR016W,YBR112C,0,-2.4978783,0.13680949807167053,0.5698924660682678,0.3595699071884155
YML127W,YOR109W,0,-2.4981818,0.13673891127109528,0.5698924660682678,0.35978496074676514
YJL162C,YJR042W,0,-2.4983194,0.1366683840751648,0.5698924660682678,0.36000001430511475
YML004C,YBL091C,0,-2.4988065,0.13659793138504028,0.5698924660682678,0.36021506786346436
YKR078W,YLR426W,0,-2.5006113,0.13652756810188293,0.5698924660682678,0.36043012142181396
YPL001W,YOL029C,0,-2.5010097,0.13645726442337036,0.5698924660682678,0.3606451749801636
YIL011W,YGR260W,0,-2.5011756,0.13638703525066376,0.5698924660682678,0.3608602285385132
YOR267C,YLR258W,0,-2.5021033,0.13631686568260193,0.5698924660682678,0.3610752820968628
YAR042W,YML086C,0,-2.5021873,0.13624678552150726,0.5698924660682678,0.3612903356552124
YLR006C,YNL181W,0,-2.5024729,0.13617677986621857,0.5698924660682678,0.361505389213562
YHL031C,YBL051C,0,-2.5029354,0.13610683381557465,0.5698924660682678,0.3617204427719116
YER028C,YDR412W,0,-2.5029788,0.1360369622707367,0.5698924660682678,0.36193549633026123
YER167W,YDR135C,0,-2.5036886,0.1359671652317047,0.5698924660682678,0.36215054988861084
YOR002W,YLL021W,0,-2.503939,0.1358974426984787,0.5698924660682678,0.36236560344696045
YMR076C,YMR205C,0,-2.505309,0.13582777976989746,0.5698924660682678,0.36258065700531006
YBR162W-A,YPR120C,0,-2.5058618,0.1357581913471222,0.5698924660682678,0.36279571056365967
YDL091C,YDR438W,0,-2.5065436,0.1356886774301529,0.5698924660682678,0.3630107641220093
YKL069W,YDR427W,0,-2.5066113,0.13561923801898956,0.5698924660682678,0.3632258176803589
YGL085W,YBL025W,0,-2.5066676,0.1355498731136322,0.5698924660682678,0.3634408712387085
YKL062W,YPL135W,0,-2.5070798,0.13548056781291962,0.5698924660682678,0.3636559247970581
YOR191W,YBR049C,0,-2.50708,0.135411337018013,0.5698924660682678,0.3638709783554077
YPR134W,YPR086W,0,-2.5071335,0.13534218072891235,0.5698924660682678,0.3640860319137573
YER102W,YLR055C,0,-2.5076952,0.13527309894561768,0.5698924660682678,0.36430108547210693
YPL076W,YLL014W,0,-2.5078092,0.13520407676696777,0.5698924660682678,0.36451613903045654
YNL263C,YPL097W,0,-2.5080254,0.13513512909412384,0.5698924660682678,0.36473119258880615
YLR004C,YNL123W,0,-2.5086427,0.13506625592708588,0.5698924660682678,0.36494624614715576
YHR122W,YBR146W,0,-2.50872,0.13499745726585388,0.5698924660682678,0.36516129970550537
YMR275C,YOR001W,0,-2.5092578,0.13492871820926666,0.5698924660682678,0.365376353263855
YDR464W,YNL317W,0,-2.5100589,0.1348600536584854,0.5698924660682678,0.3655914068222046
YGR193C,YCR038C,0,-2.5112681,0.13479144871234894,0.5698924660682678,0.3658064603805542
YML004C,YBL025W,0,-2.5120416,0.13472293317317963,0.5698924660682678,0.3660215139389038
YOR087W,YMR156C,0,-2.5129008,0.1346544772386551,0.5698924660682678,0.3662365674972534
YNL297C,YLR291C,1,-2.5131388,0.13509395718574524,0.5720430016517639,0.3662365674972534
YCR038C,YLR310C,1,-2.5134008,0.13553299009799957,0.57419353723526,0.3662365674972534
YCR065W,YBL014C,0,-2.5135052,0.13546423614025116,0.57419353723526,0.366451621055603
YDL240W,YGR003W,0,-2.5135283,0.13539554178714752,0.57419353723526,0.36666667461395264
YNL133C,YNL194C,0,-2.5138607,0.13532690703868866,0.57419353723526,0.36688172817230225
YLR190W,YOL029C,0,-2.513939,0.13525836169719696,0.57419353723526,0.36709678173065186
YKR026C,YAL041W,1,-2.5142977,0.1356962025165558,0.5763440728187561,0.36709678173065186
YDL091C,YFR050C,0,-2.5154119,0.13562752306461334,0.5763440728187561,0.36731183528900146
YDR137W,YPR095C,1,-2.5157034,0.13606473803520203,0.5784946084022522,0.36731183528900146
YJL078C,YDR078C,0,-2.5158422,0.13599595427513123,0.5784946084022522,0.3675268888473511
YIL167W,YNR037C,0,-2.5159383,0.1359272301197052,0.5784946084022522,0.3677419424057007
YGL104C,YLR004C,0,-2.5171509,0.13585858047008514,0.5784946084022522,0.3679569959640503
YPR114W,YLR181C,0,-2.5172155,0.13579000532627106,0.5784946084022522,0.3681720495223999
YGR266W,YGL096W,0,-2.5172381,0.13572148978710175,0.5784946084022522,0.3683871030807495
YLR039C,YLR291C,1,-2.5174642,0.1361573338508606,0.5806451439857483,0.3683871030807495
YDL119C,YMR035W,0,-2.5175781,0.13608871400356293,0.5806451439857483,0.3686021566390991
YLR185W,YNL243W,0,-2.51761,0.13602015376091003,0.5806451439857483,0.36881721019744873
YLL006W,YDR437W,0,-2.517828,0.1359516680240631,0.5806451439857483,0.36903226375579834
YNL243W,YNL194C,0,-2.5182467,0.13588324189186096,0.5806451439857483,0.36924731731414795
YDR145W,YLR193C,0,-2.5186691,0.13581489026546478,0.5806451439857483,0.36946237087249756
YLR058C,YNL176C,0,-2.5187144,0.13574661314487457,0.5806451439857483,0.36967742443084717
YDR516C,YDR268W,0,-2.5187206,0.13567839562892914,0.5806451439857483,0.3698924779891968
YPR095C,YML097C,1,-2.519045,0.1361125111579895,0.5827956795692444,0.3698924779891968
YBR112C,YHR090C,0,-2.519718,0.13604417443275452,0.5827956795692444,0.3701075315475464
YMR207C,YML076C,0,-2.520688,0.1359759122133255,0.5827956795692444,0.370322585105896
YGR024C,YHR148W,0,-2.5207098,0.13590772449970245,0.5827956795692444,0.3705376386642456
YOL055C,YBR065C,0,-2.5213335,0.13583959639072418,0.5827956795692444,0.3707526922225952
YEL048C,YDR359C,0,-2.5216136,0.13577154278755188,0.5827956795692444,0.3709677457809448
YLR006C,YGL064C,0,-2.521821,0.13570354878902435,0.5827956795692444,0.37118279933929443
YFR050C,YNL063W,0,-2.5220084,0.1356356292963028,0.5827956795692444,0.37139785289764404
YNL142W,YER149C,0,-2.5225291,0.1355677843093872,0.5827956795692444,0.37161290645599365
YOR172W,YEL027W,0,-2.5225499,0.1354999989271164,0.5827956795692444,0.37182796001434326
YDR137W,YCR038C,1,-2.5226092,0.13593202829360962,0.5849462151527405,0.37182796001434326
YPL036W,YHR020W,0,-2.5226607,0.13586413860321045,0.5849462151527405,0.37204301357269287
YNL056W,YOL042W,0,-2.5227404,0.13579630851745605,0.5849462151527405,0.3722580671310425
YOL069W,YLR006C,0,-2.5231812,0.13572853803634644,0.5849462151527405,0.3724731206893921
YDR150W,YJR054W,0,-2.5232234,0.13566084206104279,0.5849462151527405,0.3726881742477417
YGR080W,YNR019W,0,-2.5234995,0.1355932205915451,0.5849462151527405,0.3729032278060913
YNL176C,YLR067C,0,-2.5237937,0.1355256587266922,0.5849462151527405,0.3731182813644409
YOR009W,YLR019W,0,-2.5241966,0.13545817136764526,0.5849462151527405,0.3733333349227905
YLR360W,YIL038C,0,-2.524197,0.1353907436132431,0.5849462151527405,0.37354838848114014
YDR482C,YIR019C,0,-2.5248137,0.1353233903646469,0.5849462151527405,0.37376344203948975
YDR150W,YML031W,0,-2.5249522,0.1352560967206955,0.5849462151527405,0.37397849559783936
YGR202C,YNL020C,0,-2.5252166,0.13518886268138885,0.5849462151527405,0.37419354915618896
YJL181W,YHR037W,0,-2.5252316,0.13512170314788818,0.5849462151527405,0.3744086027145386
YIL019W,YPR007C,0,-2.525875,0.13505461812019348,0.5849462151527405,0.3746236562728882
YMR242C,YNL247W,0,-2.526497,0.13498759269714355,0.5849462151527405,0.3748387098312378
YMR286W,YCL064C,0,-2.526661,0.1349206417798996,0.5849462151527405,0.3750537633895874
YOR207C,YFL056C,0,-2.527236,0.13485375046730042,0.5849462151527405,0.375268816947937
YDL113C,YHL035C,0,-2.527268,0.134786918759346,0.5849462151527405,0.3754838705062866
YFR010W,YPR017C,0,-2.5275736,0.13472016155719757,0.5849462151527405,0.37569892406463623
YLL017W,YNL272C,1,-2.5279531,0.13514851033687592,0.5870967507362366,0.37569892406463623
YOR034C,YJR050W,0,-2.5280592,0.13508164882659912,0.5870967507362366,0.37591397762298584
YMR101C,YNL176C,0,-2.5284405,0.1350148320198059,0.5870967507362366,0.37612903118133545
YPR057W,YKL099C,0,-2.528502,0.13494808971881866,0.5870967507362366,0.37634408473968506
YGR097W,YFR053C,0,-2.5291052,0.1348814219236374,0.5870967507362366,0.37655913829803467
YJR035W,YEL032W,0,-2.5296426,0.1348148137331009,0.5870967507362366,0.3767741918563843
YDL100C,YNL297C,1,-2.5302997,0.13524185121059418,0.5892472863197327,0.3767741918563843
YPL013C,YOR253W,0,-2.5304148,0.13517513871192932,0.5892472863197327,0.3769892454147339
YMR234W,YKR007W,0,-2.530489,0.13510848581790924,0.5892472863197327,0.3772042989730835
YOR002W,YHR118C,0,-2.5310895,0.13504189252853394,0.5892472863197327,0.3774193525314331
YHR111W,YDR122W,0,-2.5311804,0.1349753737449646,0.5892472863197327,0.3776344060897827
YBR189W,YOR319W,0,-2.5312939,0.13490891456604004,0.5892472863197327,0.3778494596481323
YIL147C,YER139C,0,-2.5316982,0.13484251499176025,0.5892472863197327,0.37806451320648193
YPR095C,YPR169W,0,-2.5318534,0.13477618992328644,0.5892472863197327,0.37827956676483154
YBR016W,YDR438W,0,-2.531888,0.1347099244594574,0.5892472863197327,0.37849462032318115
YCR038C,YGR083C,1,-2.532105,0.13513512909412384,0.5913978219032288,0.37849462032318115
YCR045C,YOL061W,0,-2.532903,0.13506875932216644,0.5913978219032288,0.37870967388153076
YNL029C,YML047C,0,-2.5332747,0.13500244915485382,0.5913978219032288,0.37892472743988037
YPL056C,YER060W-A,0,-2.53379,0.13493621349334717,0.5913978219032288,0.37913978099823
YJL179W,YJL216C,0,-2.534012,0.1348700374364853,0.5913978219032288,0.3793548345565796
YCR086W,YBR121C,0,-2.5344043,0.1348039209842682,0.5913978219032288,0.3795698881149292
YDL175C,YOR086C,0,-2.5344586,0.13473787903785706,0.5913978219032288,0.3797849416732788
YLR215C,YJL127C,0,-2.5348063,0.1346718966960907,0.5913978219032288,0.3799999952316284
YPL175W,YKL058W,0,-2.53488,0.13460597395896912,0.5913978219032288,0.380215048789978
YPR199C,YPL161C,0,-2.5349312,0.1345401108264923,0.5913978219032288,0.38043010234832764
YDR227W,YNL041C,0,-2.5353022,0.13447432219982147,0.5913978219032288,0.38064515590667725
YNL318C,YER015W,0,-2.535593,0.1344086080789566,0.5913978219032288,0.38086020946502686
YOR090C,YFL025C,0,-2.5356102,0.13434293866157532,0.5913978219032288,0.38107526302337646
YLL053C,YGL045W,0,-2.5357077,0.13427734375,0.5913978219032288,0.3812903165817261
YBR046C,YBR003W,0,-2.535911,0.13421180844306946,0.5913978219032288,0.3815053701400757
YOR189W,YJR041C,0,-2.5359807,0.13414634764194489,0.5913978219032288,0.3817204236984253
YDR212W,YLR417W,0,-2.5360508,0.1340809315443039,0.5913978219032288,0.3819354772567749
YJL186W,YHR006W,0,-2.5366144,0.13401558995246887,0.5913978219032288,0.3821505308151245
YDL003W,YJL012C,0,-2.536726,0.13395032286643982,0.5913978219032288,0.3823655843734741
YJR027W,YMR091C,0,-2.5374017,0.13388510048389435,0.5913978219032288,0.38258063793182373
YBR069C,YDL189W,0,-2.537981,0.13381995260715485,0.5913978219032288,0.38279569149017334
YBR038W,YPL141C,0,-2.5391464,0.13375486433506012,0.5913978219032288,0.38301074504852295
YBR131W,YLR310C,1,-2.5394485,0.13417598605155945,0.5935483574867249,0.38301074504852295
YCR031C,YJL167W,0,-2.539965,0.13411079347133636,0.5935483574867249,0.38322579860687256
YGR099W,YPL097W,0,-2.540524,0.13404566049575806,0.5935483574867249,0.38344085216522217
YCL051W,YOR103C,0,-2.5406423,0.13398058712482452,0.5935483574867249,0.3836559057235718
YER176W,YHR073W,0,-2.5406883,0.13391557335853577,0.5935483574867249,0.3838709592819214
YNL233W,YNL059C,0,-2.5409946,0.13385063409805298,0.5935483574867249,0.384086012840271
YHR185C,YNR055C,0,-2.5412405,0.13378575444221497,0.5935483574867249,0.3843010663986206
YDR468C,YOL023W,0,-2.5413394,0.13372093439102173,0.5935483574867249,0.3845161199569702
YOR027W,YPL161C,0,-2.54153,0.13365617394447327,0.5935483574867249,0.3847311735153198
YBR034C,YLR409C,0,-2.5418148,0.13359148800373077,0.5935483574867249,0.38494622707366943
YDL100C,YDR211W,1,-2.5418448,0.13401064276695251,0.5956989526748657,0.38494622707366943
YDR375C,YML102W,0,-2.5425763,0.13394583761692047,0.5956989526748657,0.38516128063201904
YOL096C,YPL056C,0,-2.5430555,0.1338811069726944,0.5956989526748657,0.38537633419036865
YER093C,YLR291C,1,-2.543141,0.13429951667785645,0.5978494882583618,0.38537633419036865
YHR113W,YMR133W,0,-2.5434723,0.13423466682434082,0.5978494882583618,0.38559138774871826
YOR320C,YIL038C,0,-2.5435915,0.13416989147663116,0.5978494882583618,0.38580644130706787
YDL175C,YLR466W,0,-2.5437717,0.1341051608324051,0.5978494882583618,0.3860214948654175
YIL068C,YDR200C,0,-2.5437865,0.13404050469398499,0.5978494882583618,0.3862365484237671
YOR034C,YHR037W,0,-2.5438163,0.13397590816020966,0.5978494882583618,0.3864516019821167
YBR131W,YPR017C,1,-2.5439253,0.13439306616783142,0.6000000238418579,0.3864516019821167
YNL145W,YKL048C,0,-2.5441136,0.13432836532592773,0.6000000238418579,0.3866666555404663
YNL288W,YGL129C,0,-2.5441546,0.13426370918750763,0.6000000238418579,0.3868817090988159
YNL051W,YNR037C,0,-2.5443027,0.1341991275548935,0.6000000238418579,0.3870967626571655
YNL145W,YGL167C,0,-2.545074,0.13413462042808533,0.6000000238418579,0.38731181621551514
YIL069C,YMR183C,0,-2.5452352,0.13407015800476074,0.6000000238418579,0.38752686977386475
YGL097W,YPR017C,1,-2.545432,0.13448606431484222,0.602150559425354,0.38752686977386475
YMR261C,YNL214W,0,-2.546128,0.13442151248455048,0.602150559425354,0.38774192333221436
YGL097W,YLR310C,1,-2.5462036,0.1348368525505066,0.6043010950088501,0.38774192333221436
YNL199C,YHR090C,0,-2.5471172,0.1347721815109253,0.6043010950088501,0.38795697689056396
YNL287W,YPL173W,0,-2.5472555,0.13470757007598877,0.6043010950088501,0.3881720304489136
YBR218C,YER123W,0,-2.5472925,0.13464303314685822,0.6043010950088501,0.3883870840072632
YPR067W,YKL149C,0,-2.5474973,0.13457854092121124,0.6043010950088501,0.3886021375656128
YPL043W,YGR097W,0,-2.5476723,0.13451412320137024,0.6043010950088501,0.3888171911239624
YMR261C,YNR059W,0,-2.547892,0.134449765086174,0.6043010950088501,0.389032244682312
YMR232W,YDR427W,0,-2.548099,0.13438546657562256,0.6043010950088501,0.3892472982406616
YLR371W,YPR017C,1,-2.5481734,0.13479924201965332,0.6064516305923462,0.3892472982406616
YFR040W,YOR319W,0,-2.5490289,0.13473482429981232,0.6064516305923462,0.38946235179901123
YPL225W,YML055W,0,-2.5490372,0.13467048108577728,0.6064516305923462,0.38967740535736084
YPL210C,YOR319W,0,-2.5492296,0.13460621237754822,0.6064516305923462,0.38989245891571045
YDR009W,YOL096C,0,-2.5497527,0.13454198837280273,0.6064516305923462,0.39010751247406006
YDR100W,YDR397C,0,-2.550187,0.13447782397270203,0.6064516305923462,0.39032256603240967
YOL116W,YNR059W,0,-2.5514307,0.1344137340784073,0.6064516305923462,0.3905376195907593
YLR277C,YMR230W,0,-2.5515347,0.13434968888759613,0.6064516305923462,0.3907527029514313
YMR220W,YKL039W,0,-2.5515885,0.13428571820259094,0.6064516305923462,0.3909677565097809
YFL025C,YIL167W,0,-2.552161,0.13422179222106934,0.6064516305923462,0.3911828100681305
YCL044C,YBR049C,0,-2.5523057,0.1341579407453537,0.6064516305923462,0.3913978636264801
YKR031C,YBR045C,0,-2.5523074,0.13409414887428284,0.6064516305923462,0.3916129171848297
YLR347C,YGL129C,0,-2.5523539,0.13403041660785675,0.6064516305923462,0.3918279707431793
YDR039C,YBL005W,0,-2.5524395,0.13396674394607544,0.6064516305923462,0.39204302430152893
YOR103C,YIL018W,0,-2.5528288,0.1339031308889389,0.6064516305923462,0.39225807785987854
YAL059W,YPL253C,0,-2.5528347,0.13383957743644714,0.6064516305923462,0.39247313141822815
YOR380W,YBL100W-B,0,-2.553148,0.13377609848976135,0.6064516305923462,0.39268818497657776
YPR095C,YNL272C,1,-2.553273,0.13418681919574738,0.6086021661758423,0.39268818497657776
YKL134C,YIL130W,0,-2.5533402,0.13412322103977203,0.6086021661758423,0.39290323853492737
YNL286W,YIL062C,0,-2.553525,0.13405968248844147,0.6086021661758423,0.393118292093277
YPR128C,YBR034C,0,-2.5539613,0.13399621844291687,0.6086021661758423,0.3933333456516266
YPR017C,YGR083C,1,-2.5541167,0.13440605998039246,0.6107527017593384,0.3933333456516266
YPL173W,YGL198W,0,-2.5543873,0.1343424767255783,0.6107527017593384,0.3935483992099762
YOR334W,YDR441C,0,-2.555511,0.13427895307540894,0.6107527017593384,0.3937634527683258
YPL076W,YPL145C,0,-2.5556703,0.13421550393104553,0.6107527017593384,0.3939785063266754
YOR266W,YGL058W,0,-2.5557976,0.1341520994901657,0.6107527017593384,0.394193559885025
YNL297C,YNL272C,1,-2.5560644,0.13456091284751892,0.6129032373428345,0.394193559885025
YPL116W,YHR133C,0,-2.5564613,0.13449740409851074,0.6129032373428345,0.39440861344337463
YDR212W,YDL098C,0,-2.5571604,0.13443395495414734,0.6129032373428345,0.39462366700172424
YCR036W,YER040W,0,-2.5574932,0.1343705803155899,0.6129032373428345,0.39483872056007385
YBL080C,YGR142W,0,-2.558094,0.13430725038051605,0.6129032373428345,0.39505377411842346
YDL230W,YGL151W,0,-2.5588207,0.13424399495124817,0.6129032373428345,0.39526882767677307
YHR113W,YNL041C,0,-2.559279,0.13418078422546387,0.6129032373428345,0.3954838812351227
YDR098C,YMR035W,0,-2.5593526,0.13411764800548553,0.6129032373428345,0.3956989347934723
YHR108W,YOR117W,0,-2.5596752,0.13405455648899078,0.6129032373428345,0.3959139883518219
YML067C,YGR046W,0,-2.559972,0.133991539478302,0.6129032373428345,0.3961290419101715
YDR471W,YHR146W,0,-2.5600452,0.1339285671710968,0.6129032373428345,0.3963440954685211
YHR009C,YMR205C,0,-2.5600781,0.13386566936969757,0.6129032373428345,0.3965591490268707
YAL048C,YDL113C,0,-2.5601664,0.13380281627178192,0.6129032373428345,0.39677420258522034
YOR380W,YNL194C,0,-2.5602553,0.13374002277851105,0.6129032373428345,0.39698925614356995
YHL031C,YLL053C,0,-2.5603514,0.13367730379104614,0.6129032373428345,0.39720430970191956
YGL196W,YDR301W,0,-2.5616632,0.13361462950706482,0.6129032373428345,0.39741936326026917
YBL063W,YDR438W,0,-2.561938,0.13355201482772827,0.6129032373428345,0.3976344168186188
YDL072C,YJL216C,0,-2.5620286,0.1334894597530365,0.6129032373428345,0.3978494703769684
YPL203W,YGR040W,0,-2.5620356,0.1334269642829895,0.6129032373428345,0.398064523935318
YPR095C,YDR211W,1,-2.5645173,0.13383246958255768,0.6150537729263306,0.398064523935318
YJL127C,YLR196W,0,-2.5645661,0.13376988470554352,0.6150537729263306,0.3982795774936676
YLR360W,YNL055C,0,-2.564941,0.13370734453201294,0.6150537729263306,0.3984946310520172
YKL194C,YBR091C,0,-2.5649705,0.13364486396312714,0.6150537729263306,0.3987096846103668
YOL055C,YDR259C,0,-2.5661788,0.1335824429988861,0.6150537729263306,0.39892473816871643
YOR253W,YML047C,0,-2.5663686,0.13352008163928986,0.6150537729263306,0.39913979172706604
YGR212W,YOR330C,0,-2.5665612,0.13345776498317719,0.6150537729263306,0.39935484528541565
YML045W,YOL126C,0,-2.566643,0.13339552283287048,0.6150537729263306,0.39956989884376526
YMR192W,YCL035C,0,-2.567288,0.13333334028720856,0.6150537729263306,0.39978495240211487
YKL145W,YDR406W,0,-2.5674145,0.1332712024450302,0.6150537729263306,0.4000000059604645
YKL185W,YNL076W,0,-2.5674644,0.13320912420749664,0.6150537729263306,0.4002150595188141
YDR234W,YDL211C,0,-2.5678928,0.13314712047576904,0.6150537729263306,0.4004301130771637
YHR108W,YNL123W,0,-2.5681863,0.13308516144752502,0.6150537729263306,0.4006451666355133
YLR059C,YGR211W,0,-2.5685227,0.13302326202392578,0.6150537729263306,0.4008602201938629
YNL263C,YHR142W,0,-2.5693302,0.13296140730381012,0.6150537729263306,0.4010752737522125
YLR315W,YHR154W,0,-2.5700665,0.13289962708950043,0.6150537729263306,0.40129032731056213
YKL197C,YBR168W,0,-2.5705843,0.1328379064798355,0.6150537729263306,0.40150538086891174
YHL028W,YDR468C,0,-2.570829,0.13277623057365417,0.6150537729263306,0.40172043442726135
YPR017C,YNL272C,1,-2.5709774,0.13317865133285522,0.6172043085098267,0.40172043442726135
YLR324W,YPR046W,0,-2.5712347,0.13311688601970673,0.6172043085098267,0.40193548798561096
YNL286W,YBL063W,0,-2.571252,0.1330551654100418,0.6172043085098267,0.40215054154396057
YPL120W,YJR046W,0,-2.5713403,0.13299351930618286,0.6172043085098267,0.4023655951023102
YDR019C,YOR110W,0,-2.5724854,0.1329319179058075,0.6172043085098267,0.4025806486606598
YLR037C,YLR067C,0,-2.5725229,0.1328703761100769,0.6172043085098267,0.4027957022190094
YFL049W,YKR049C,0,-2.5728872,0.1328088790178299,0.6172043085098267,0.403010755777359
YGL006W,YDR343C,0,-2.5730028,0.13274745643138885,0.6172043085098267,0.4032258093357086
YML133C,YDR227W,0,-2.573082,0.1326860785484314,0.6172043085098267,0.4034408628940582
YDR145W,YLR234W,0,-2.5734391,0.1326247751712799,0.6172043085098267,0.40365591645240784
YML107C,YGL127C,0,-2.574007,0.132563516497612,0.6172043085098267,0.40387097001075745
YNL045W,YOL095C,0,-2.5743554,0.13250230252742767,0.6172043085098267,0.40408602356910706
YDL124W,YLR189C,0,-2.5745687,0.13244116306304932,0.6172043085098267,0.40430107712745667
YDR127W,YBL063W,0,-2.574777,0.13238006830215454,0.6172043085098267,0.4045161306858063
YBR107C,YGL049C,0,-2.5750027,0.13231904804706573,0.6172043085098267,0.4047311842441559
YDR482C,YOR380W,0,-2.5753207,0.13225805759429932,0.6172043085098267,0.4049462378025055
YGL098W,YKL114C,0,-2.576732,0.13219714164733887,0.6172043085098267,0.4051612913608551
YMR074C,YPL178W,0,-2.5767846,0.1321362853050232,0.6172043085098267,0.4053763449192047
YPR017C,YLR310C,1,-2.5769408,0.1325356662273407,0.6193548440933228,0.4053763449192047
YER063W,YER033C,0,-2.577011,0.13247470557689667,0.6193548440933228,0.4055913984775543
YOL012C,YGR296W,0,-2.577363,0.13241378962993622,0.6193548440933228,0.40580645203590393
YDR441C,YCR107W,0,-2.5778632,0.13235294818878174,0.6193548440933228,0.40602150559425354
YGL058W,YPL063W,0,-2.578108,0.13229215145111084,0.6193548440933228,0.40623655915260315
YHR149C,YHL025W,0,-2.5784822,0.13223139941692352,0.6193548440933228,0.40645161271095276
YDL012C,YGL238W,0,-2.5788774,0.13217072188854218,0.6193548440933228,0.40666666626930237
YGL018C,YGL085W,0,-2.579581,0.1321100890636444,0.6193548440933228,0.406881719827652
YML107C,YPR143W,0,-2.580079,0.13204951584339142,0.6193548440933228,0.4070967733860016
YNL214W,YBR045C,0,-2.5801816,0.1319890022277832,0.6193548440933228,0.4073118269443512
YGR057C,YGL139W,0,-2.5803874,0.13192853331565857,0.6193548440933228,0.4075268805027008
YPL120W,YDR213W,0,-2.5812144,0.1318681389093399,0.6193548440933228,0.4077419340610504
YPL105C,YKL029C,0,-2.5813272,0.13180777430534363,0.6193548440933228,0.4079569876194
YPR161C,YLR352W,0,-2.5814574,0.13174748420715332,0.6193548440933228,0.40817204117774963
YHR169W,YLR293C,0,-2.5817325,0.1316872388124466,0.6193548440933228,0.40838709473609924
YOR316C,YIL038C,0,-2.582037,0.13162705302238464,0.6193548440933228,0.40860214829444885
YDR323C,YOR158W,0,-2.582122,0.13156692683696747,0.6193548440933228,0.40881720185279846
YCR038C,YPR017C,1,-2.58302,0.13196347653865814,0.6215053796768188,0.40881720185279846
YMR059W,YGL231C,0,-2.5835547,0.1319032460451126,0.6215053796768188,0.40903225541114807
YHR205W,YDR309C,0,-2.583563,0.13184306025505066,0.6215053796768188,0.4092473089694977
YNL031C,YPL146C,0,-2.583649,0.13178294897079468,0.6215053796768188,0.4094623625278473
YDR243C,YBR023C,0,-2.583795,0.13172288239002228,0.6215053796768188,0.4096774160861969
YHR165C,YKL029C,0,-2.5844502,0.13166287541389465,0.6215053796768188,0.4098924696445465
YPR110C,YML102W,0,-2.5847406,0.1316029131412506,0.6215053796768188,0.4101075232028961
YLR371W,YLR310C,1,-2.584868,0.1319981813430786,0.6236559152603149,0.4101075232028961
YIL144W,YOL135C,0,-2.5850976,0.1319381296634674,0.6236559152603149,0.4103225767612457
YJL186W,YPL058C,0,-2.5851545,0.13187812268733978,0.6236559152603149,0.41053763031959534
YLL017W,YCL068C,1,-2.585234,0.13227272033691406,0.625806450843811,0.41053763031959534
YMR243C,YNL180C,0,-2.5852942,0.13221262395381927,0.625806450843811,0.41075268387794495
YAL024C,YCL068C,1,-2.5858479,0.13260671496391296,0.6279569864273071,0.41075268387794495
YPR114W,YNL240C,0,-2.5858836,0.132546529173851,0.6279569864273071,0.41096773743629456
YKR093W,YNL056W,0,-2.5863972,0.13248638808727264,0.6279569864273071,0.41118279099464417
YKL048C,YNL214W,0,-2.5867941,0.13242630660533905,0.6279569864273071,0.4113978445529938
YCL068C,YCR038C,1,-2.5868878,0.13281957805156708,0.6301075220108032,0.4113978445529938
YDL117W,YKR083C,0,-2.5869517,0.13275940716266632,0.6301075220108032,0.4116128981113434
YGL115W,YPL161C,0,-2.587394,0.13269928097724915,0.6301075220108032,0.411827951669693
YOR236W,YBR060C,0,-2.5883646,0.13263919949531555,0.6301075220108032,0.4120430052280426
YIL069C,YBL008W,0,-2.5894234,0.13257919251918793,0.6301075220108032,0.4122580587863922
YBR279W,YIL056W,0,-2.5902143,0.1325192153453827,0.6301075220108032,0.4124731123447418
YOL023W,YJL180C,0,-2.5917528,0.13245931267738342,0.6301075220108032,0.41268816590309143
YJL180C,YKL080W,0,-2.5918512,0.13239945471286774,0.6301075220108032,0.41290321946144104
YLR390W-A,YGR097W,0,-2.592092,0.13233965635299683,0.6301075220108032,0.41311827301979065
YGL097W,YAL041W,1,-2.592285,0.1327313780784607,0.6322580575942993,0.41311827301979065
YOR156C,YLR220W,0,-2.5924025,0.13267147541046143,0.6322580575942993,0.41333332657814026
YHR035W,YJL216C,0,-2.59244,0.13261163234710693,0.6322580575942993,0.41354838013648987
YPL173W,YER167W,0,-2.5925937,0.13255184888839722,0.6322580575942993,0.4137634336948395
YFL061W,YDR468C,0,-2.5929089,0.13249211013317108,0.6322580575942993,0.4139784872531891
YNL045W,YLR004C,0,-2.59296,0.13243243098258972,0.6322580575942993,0.4141935408115387
YER155C,YML047C,0,-2.593307,0.13237281143665314,0.6322580575942993,0.4144085943698883
YEL051W,YKR052C,0,-2.5939045,0.13231323659420013,0.6322580575942993,0.4146236479282379
YOR250C,YNR055C,0,-2.5942497,0.1322537064552307,0.6322580575942993,0.4148387014865875
YKL132C,YDL087C,0,-2.594781,0.13219425082206726,0.6322580575942993,0.41505375504493713
YDR308C,YPL198W,0,-2.5947833,0.1321348249912262,0.6322580575942993,0.41526880860328674
YIL144W,YPR174C,0,-2.5948515,0.1320754736661911,0.6322580575942993,0.41548386216163635
YIL009W,YMR091C,0,-2.594921,0.1320161670446396,0.6322580575942993,0.41569891571998596
YER031C,YNL181W,0,-2.5964842,0.13195690512657166,0.6322580575942993,0.41591396927833557
YBR218C,YLR220W,0,-2.5965242,0.1318977177143097,0.6322580575942993,0.4161290228366852
YLR196W,YNR055C,0,-2.5968013,0.13183856010437012,0.6322580575942993,0.4163440763950348
YBL013W,YHR106W,0,-2.5969775,0.1317794770002365,0.6322580575942993,0.4165591299533844
YJL012C,YER060W,0,-2.597085,0.1317204236984253,0.6322580575942993,0.416774183511734
YIL137C,YJL173C,0,-2.5971394,0.13166144490242004,0.6322580575942993,0.4169892370700836
YJL054W,YDR111C,0,-2.5976467,0.13160251080989838,0.6322580575942993,0.4172042906284332
YDR386W,YOR048C,0,-2.5981166,0.1315436214208603,0.6322580575942993,0.41741934418678284
YDR213W,YER015W,0,-2.598466,0.13148479163646698,0.6322580575942993,0.41763439774513245
YCL051W,YDR273W,0,-2.598639,0.13142602145671844,0.6322580575942993,0.41784945130348206
YJR131W,YDR200C,0,-2.5987592,0.1313672959804535,0.6322580575942993,0.41806450486183167
YBL100W-B,YCR038C,0,-2.598797,0.13130861520767212,0.6322580575942993,0.4182795584201813
YKL087C,YPL254W,0,-2.5991402,0.13124999403953552,0.6322580575942993,0.4184946119785309
YML098W,YDR135C,0,-2.5991595,0.1311914324760437,0.6322580575942993,0.4187096655368805
YBL007C,YNL059C,0,-2.599459,0.13113291561603546,0.6322580575942993,0.4189247190952301
YLR417W,YKL138C,0,-2.5994673,0.131074458360672,0.6322580575942993,0.4191397726535797
YOR266W,YMR074C,0,-2.5997415,0.13101604580879211,0.6322580575942993,0.4193548262119293
YMR243C,YNL233W,0,-2.5998635,0.1309576779603958,0.6322580575942993,0.41956987977027893
YOR136W,YPR100W,0,-2.5999727,0.1308993697166443,0.6322580575942993,0.41978493332862854
YIL064W,YDR023W,0,-2.6001189,0.13084112107753754,0.6322580575942993,0.41999998688697815
YDR303C,YMR149W,0,-2.6006005,0.13078291714191437,0.6322580575942993,0.42021504044532776
YLR323C,YMR091C,0,-2.6006167,0.13072477281093597,0.6322580575942993,0.42043009400367737
YDR129C,YOR316C,0,-2.601027,0.13066667318344116,0.6322580575942993,0.420645147562027
YDR345C,YGL027C,0,-2.6013288,0.13060861825942993,0.6322580575942993,0.4208602011203766
YMR232W,YLR247C,0,-2.601754,0.13055062294006348,0.6322580575942993,0.4210752546787262
YPR131C,YKL002W,0,-2.6018038,0.1304926723241806,0.6322580575942993,0.4212903082370758
YLR411W,YOR249C,0,-2.6020584,0.1304347813129425,0.6322580575942993,0.4215053617954254
YPL209C,YDL175C,0,-2.6027987,0.130376935005188,0.6322580575942993,0.421720415353775
YPR037C,YGR138C,0,-2.6028984,0.13031914830207825,0.6322580575942993,0.421935498714447
YGL076C,YLR167W,0,-2.6029127,0.1302614063024521,0.6322580575942993,0.42215055227279663
YDR268W,YOR330C,0,-2.6032114,0.1302037239074707,0.6322580575942993,0.42236560583114624
YAL041W,YCR038C,1,-2.604188,0.13058875501155853,0.6344085931777954,0.42236560583114624
YCL017C,YBR254C,0,-2.6045804,0.1305309683084488,0.6344085931777954,0.42258065938949585
YMR225C,YLR263W,0,-2.6048234,0.13047324120998383,0.6344085931777954,0.42279571294784546
YNL183C,YPR067W,0,-2.604828,0.13041555881500244,0.6344085931777954,0.42301076650619507
YGL104C,YBR301W,0,-2.605305,0.13035793602466583,0.6344085931777954,0.4232258200645447
YLR115W,YDL211C,0,-2.6064606,0.1303003579378128,0.6344085931777954,0.4234408736228943
YLR425W,YOR260W,1,-2.6066701,0.13068433105945587,0.6365591287612915,0.4234408736228943
YPR106W,YML081W,0,-2.6067028,0.1306266486644745,0.6365591287612915,0.4236559271812439
YGR070W,YAL041W,1,-2.6071067,0.13101014494895935,0.6387096643447876,0.4236559271812439
YLR085C,YIL119C,0,-2.6079788,0.130952388048172,0.6387096643447876,0.4238709807395935
YDR111C,YHR080C,0,-2.6083055,0.13089466094970703,0.6387096643447876,0.4240860342979431
YDR189W,YMR156C,0,-2.6086388,0.13083700835704803,0.6387096643447876,0.4243010878562927
YOR319W,YNL065W,0,-2.6087625,0.13077938556671143,0.6387096643447876,0.42451614141464233
YML133C,YPL173W,0,-2.609114,0.1307218372821808,0.6387096643447876,0.42473119497299194
YLR102C,YKL043W,0,-2.6091673,0.13066431879997253,0.6387096643447876,0.42494624853134155
YDR301W,YDR317W,0,-2.6096582,0.13060685992240906,0.6387096643447876,0.42516130208969116
YIL075C,YPL210C,0,-2.6104069,0.13054944574832916,0.6387096643447876,0.42537635564804077
YBR131W,YGR083C,1,-2.6106224,0.13093145191669464,0.6408601999282837,0.42537635564804077
YDR145W,YBR279W,0,-2.61064,0.13087396323680878,0.6408601999282837,0.4255914092063904
YIL106W,YGR078C,0,-2.6111026,0.1308165043592453,0.6408601999282837,0.42580646276474
YKR026C,YAL003W,1,-2.611147,0.13119789958000183,0.6430107355117798,0.42580646276474
YMR081C,YOR019W,0,-2.6111796,0.1311403512954712,0.6430107355117798,0.4260215163230896
YGR205W,YOL011W,0,-2.6112847,0.13108286261558533,0.6430107355117798,0.4262365698814392
YLR060W,YPL178W,0,-2.611948,0.13102541863918304,0.6430107355117798,0.4264516234397888
YCL017C,YMR225C,0,-2.6120791,0.13096801936626434,0.6430107355117798,0.4266666769981384
YKR096W,YKL058W,0,-2.612297,0.13091067969799042,0.6430107355117798,0.42688173055648804
YKL058W,YKL039W,0,-2.6124754,0.13085338473320007,0.6430107355117798,0.42709678411483765
YOR252W,YGL111W,0,-2.6127381,0.1307961493730545,0.6430107355117798,0.42731183767318726
YKR027W,YPL056C,0,-2.6132755,0.13073895871639252,0.6430107355117798,0.42752689123153687
YOL095C,YNL029C,0,-2.61335,0.1306818127632141,0.6430107355117798,0.4277419447898865
YIL043C,YAL026C,0,-2.6136029,0.13062472641468048,0.6430107355117798,0.4279569983482361
YOR319W,YBR028C,0,-2.613686,0.13056768476963043,0.6430107355117798,0.4281720519065857
YJL183W,YNL038W,0,-2.613771,0.13051068782806396,0.6430107355117798,0.4283871054649353
YIL156W,YBR015C,0,-2.6147716,0.13045375049114227,0.6430107355117798,0.4286021590232849
YIL038C,YHL025W,0,-2.614851,0.13039685785770416,0.6430107355117798,0.4288172125816345
YPR134W,YOR357C,0,-2.614863,0.13034002482891083,0.6430107355117798,0.42903226613998413
YJR073C,YBR149W,0,-2.6149526,0.13028322160243988,0.6430107355117798,0.42924731969833374
YAL051W,YKR083C,0,-2.6149979,0.1302264779806137,0.6430107355117798,0.42946237325668335
YGL005C,YBR169C,0,-2.6150475,0.1301697939634323,0.6430107355117798,0.42967742681503296
YPL171C,YER015W,0,-2.6154149,0.1301131397485733,0.6430107355117798,0.42989248037338257
YOR026W,YMR131C,0,-2.6154296,0.13005654513835907,0.6430107355117798,0.4301075339317322
YAL024C,YAL041W,1,-2.6154304,0.1304347813129425,0.6451612710952759,0.4301075339317322
YLR417W,YBR218C,0,-2.6157143,0.1303780972957611,0.6451612710952759,0.4303225874900818
YPL171C,YPL013C,0,-2.6163726,0.1303214579820633,0.6451612710952759,0.4305376410484314
YLR277C,YML081W,0,-2.6167893,0.13026487827301025,0.6451612710952759,0.430752694606781
YEL044W,YKL099C,0,-2.6168056,0.1302083283662796,0.6451612710952759,0.4309677481651306
YGL005C,YNL278W,0,-2.616975,0.13015183806419373,0.6451612710952759,0.4311828017234802
YDR323C,YDR468C,0,-2.6170402,0.13009540736675262,0.6451612710952759,0.43139785528182983
YOR087W,YGR046W,0,-2.6173525,0.1300390064716339,0.6451612710952759,0.43161290884017944
YDL113C,YPR148C,0,-2.6174476,0.12998266518115997,0.6451612710952759,0.43182796239852905
YKL069W,YML102W,0,-2.6175508,0.12992636859416962,0.6451612710952759,0.43204301595687866
YCL017C,YHR120W,0,-2.6176877,0.12987013161182404,0.6451612710952759,0.43225806951522827
YFR040W,YLR288C,0,-2.6177168,0.12981393933296204,0.6451612710952759,0.4324731230735779
YKR079C,YDR165W,0,-2.618208,0.12975779175758362,0.6451612710952759,0.4326881766319275
YAR042W,YOR372C,0,-2.6182725,0.12970168888568878,0.6451612710952759,0.4329032301902771
YBR181C,YCL001W,0,-2.6191092,0.12964563071727753,0.6451612710952759,0.4331182837486267
YLR194C,YDR188W,0,-2.619274,0.12958963215351105,0.6451612710952759,0.4333333373069763
YEL020W-A,YCR086W,0,-2.6199794,0.12953367829322815,0.6451612710952759,0.4335483908653259
YOR273C,YDR386W,0,-2.6202571,0.12947776913642883,0.6451612710952759,0.43376344442367554
YMR053C,YOR363C,0,-2.6205194,0.1294219195842743,0.6451612710952759,0.43397849798202515
YDR345C,YGR181W,0,-2.6208053,0.12936609983444214,0.6451612710952759,0.43419355154037476
YLR249W,YMR091C,0,-2.6209884,0.12931033968925476,0.6451612710952759,0.43440860509872437
YPL173W,YER015W,0,-2.6222544,0.12925462424755096,0.6451612710952759,0.434623658657074
YNL180C,YDR301W,0,-2.622351,0.12919896841049194,0.6451612710952759,0.4348387122154236
YHR205W,YOR250C,0,-2.6227636,0.1291433423757553,0.6451612710952759,0.4350537657737732
YLR011W,YGR208W,0,-2.6233068,0.12908777594566345,0.6451612710952759,0.4352688193321228
YCR105W,YDR386W,0,-2.623337,0.12903225421905518,0.6451612710952759,0.4354838728904724
YPL198W,YBL072C,0,-2.6234527,0.12897677719593048,0.6451612710952759,0.435698926448822
YNL233W,YNL142W,0,-2.6239922,0.12892135977745056,0.6451612710952759,0.43591398000717163
YMR072W,YLR363C,0,-2.6240745,0.12886597216129303,0.6451612710952759,0.43612903356552124
YNL233W,YJR084W,0,-2.624816,0.12881064414978027,0.6451612710952759,0.43634408712387085
YKR053C,YHR197W,0,-2.6250439,0.1287553608417511,0.6451612710952759,0.43655914068222046
YAL024C,YML097C,1,-2.6250505,0.12912912666797638,0.647311806678772,0.43655914068222046
YDR189W,YHR106W,0,-2.6251724,0.12907375395298004,0.647311806678772,0.43677419424057007
YJL057C,YDL117W,0,-2.6252584,0.12901842594146729,0.647311806678772,0.4369892477989197
YLR371W,YGL097W,1,-2.6257043,0.1293915957212448,0.6494623422622681,0.4369892477989197
YGR217W,YLL053C,0,-2.6258013,0.1293361932039261,0.6494623422622681,0.4372043013572693
YPL207W,YNL181W,0,-2.6259062,0.12928082048892975,0.6494623422622681,0.4374193549156189
YMR318C,YBR028C,0,-2.6266394,0.12922550737857819,0.6494623422622681,0.4376344084739685
YFL061W,YHR111W,0,-2.6268845,0.129170224070549,0.6494623422622681,0.4378494620323181
YOL012C,YIL062C,0,-2.6268935,0.1291150003671646,0.6494623422622681,0.4380645155906677
YDR235W,YBR015C,0,-2.6284897,0.129059836268425,0.6494623422622681,0.43827956914901733
YFL061W,YPL203W,0,-2.6294508,0.12900470197200775,0.6494623422622681,0.43849462270736694
YNL233W,YLR006C,0,-2.6295218,0.1289496123790741,0.6494623422622681,0.43870967626571655
YNL199C,YKL052C,0,-2.6309042,0.12889458239078522,0.6494623422622681,0.43892472982406616
YML133C,YOR341W,0,-2.630925,0.12883959710597992,0.6494623422622681,0.43913978338241577
YML023C,YKL185W,0,-2.63129,0.128784641623497,0.6494623422622681,0.4393548369407654
YGL129C,YPL253C,0,-2.631539,0.12872974574565887,0.6494623422622681,0.439569890499115
YHR024C,YPL178W,0,-2.631805,0.12867490947246552,0.6494623422622681,0.4397849440574646
YOL042W,YAL051W,0,-2.632295,0.12862010300159454,0.6494623422622681,0.4399999976158142
YNL190W,YGL107C,0,-2.6333292,0.12856534123420715,0.6494623422622681,0.4402150511741638
YPL018W,YPL189W,0,-2.6337109,0.12851063907146454,0.6494623422622681,0.4404301047325134
YDR235W,YER060W-A,0,-2.6338396,0.1284559816122055,0.6494623422622681,0.44064515829086304
YNL051W,YJR108W,0,-2.6341882,0.12840135395526886,0.6494623422622681,0.44086021184921265
YDR137W,YEL022W,1,-2.6346996,0.12877178192138672,0.6516128778457642,0.44086021184921265
YBR054W,YOL009C,0,-2.6350408,0.1287170797586441,0.6516128778457642,0.44107526540756226
YNL167C,YLR324W,0,-2.6350558,0.12866242229938507,0.6516128778457642,0.44129031896591187
YNL180C,YML047C,0,-2.6354127,0.12860780954360962,0.6516128778457642,0.4415053725242615
YNL263C,YGR080W,0,-2.6354682,0.12855324149131775,0.6516128778457642,0.4417204260826111
YLR347C,YMR149W,0,-2.6359835,0.12849873304367065,0.6516128778457642,0.4419354796409607
YOR334W,YOR059C,0,-2.63647,0.12844425439834595,0.6516128778457642,0.4421505331993103
YLR299W,YFR038W,0,-2.6364954,0.12838983535766602,0.6516128778457642,0.4423655867576599
YDL209C,YIL005W,0,-2.6369326,0.12833544611930847,0.6516128778457642,0.4425806403160095
YBR023C,YBR191W,0,-2.6371915,0.1282811164855957,0.6516128778457642,0.44279569387435913
YDR261C,YPR086W,0,-2.6376147,0.12822683155536652,0.6516128778457642,0.44301074743270874
YER063W,YDR427W,0,-2.6380582,0.1281725913286209,0.6516128778457642,0.44322580099105835
YOR103C,YKR072C,0,-2.6381297,0.1281183958053589,0.6516128778457642,0.44344085454940796
YOL069W,YOR260W,0,-2.638218,0.12806424498558044,0.6516128778457642,0.44365590810775757
YKL192C,YLL021W,0,-2.6384294,0.12801013886928558,0.6516128778457642,0.4438709616661072
YCR038C,YNL272C,1,-2.6386156,0.12837837636470795,0.6537634134292603,0.4438709616661072
YOL042W,YJR054W,0,-2.6386654,0.12832418084144592,0.6537634134292603,0.4440860152244568
YHR037W,YPR100W,0,-2.639246,0.12827004492282867,0.6537634134292603,0.4443010687828064
YLR037C,YNL278W,0,-2.6393642,0.1282159388065338,0.6537634134292603,0.444516122341156
YDL235C,YKR052C,0,-2.6397095,0.12816189229488373,0.6537634134292603,0.4447311758995056
YIL069C,YLR143W,0,-2.639928,0.12810787558555603,0.6537634134292603,0.4449462294578552
YPL209C,YJL083W,0,-2.6401315,0.1280539184808731,0.6537634134292603,0.44516128301620483
YKR064W,YDR430C,0,-2.640198,0.12800000607967377,0.6537634134292603,0.44537633657455444
YOL076W,YDR464W,0,-2.6405115,0.12794612348079681,0.6537634134292603,0.44559139013290405
YLR249W,YOL059W,0,-2.6407065,0.12789230048656464,0.6537634134292603,0.44580644369125366
YDR361C,YLR055C,0,-2.641269,0.12783852219581604,0.6537634134292603,0.44602149724960327
YNL054W,YKL132C,0,-2.641362,0.12778478860855103,0.6537634134292603,0.4462365508079529
YHR111W,YHL050C,0,-2.6421037,0.1277310997247696,0.6537634134292603,0.4464516043663025
YLR417W,YLR259C,0,-2.6425877,0.12767744064331055,0.6537634134292603,0.4466666579246521
YBR218C,YGL238W,0,-2.642653,0.12762384116649628,0.6537634134292603,0.4468817114830017
YEL020W-A,YPL004C,0,-2.6427622,0.1275702863931656,0.6537634134292603,0.4470967650413513
YOR264W,YDR041W,0,-2.6430345,0.12751677632331848,0.6537634134292603,0.4473118185997009
YKR026C,YLR425W,1,-2.6430817,0.12788259983062744,0.6559139490127563,0.4473118185997009
YNL318C,YNL023C,0,-2.644384,0.12782900035381317,0.6559139490127563,0.44752687215805054
YDR482C,YEL020W-A,0,-2.6448545,0.12777544558048248,0.6559139490127563,0.44774192571640015
YOL098C,YMR015C,0,-2.6455798,0.12772195041179657,0.6559139490127563,0.44795697927474976
YHR201C,YMR158W,0,-2.6456246,0.12766848504543304,0.6559139490127563,0.44817203283309937
YBL051C,YGL018C,0,-2.6465378,0.1276150643825531,0.6559139490127563,0.448387086391449
YHR204W,YPR174C,0,-2.6470118,0.12756168842315674,0.6559139490127563,0.4486021399497986
YOR192C,YLL014W,0,-2.6471484,0.12750835716724396,0.6559139490127563,0.4488171935081482
YML059C,YMR055C,0,-2.6479883,0.12745507061481476,0.6559139490127563,0.4490322470664978
YLR426W,YLR259C,0,-2.6483428,0.12740184366703033,0.6559139490127563,0.4492473006248474
YAL002W,YDR303C,0,-2.6483536,0.1273486465215683,0.6559139490127563,0.449462354183197
YLR075W,YCL054W,0,-2.6492214,0.12729549407958984,0.6559139490127563,0.44967740774154663
YHL038C,YBR146W,0,-2.649685,0.12724238634109497,0.6559139490127563,0.44989246129989624
YML081W,YOR253W,0,-2.6497133,0.12718932330608368,0.6559139490127563,0.45010751485824585
YER023W,YMR131C,0,-2.6500192,0.12713630497455597,0.6559139490127563,0.45032256841659546
YLR315W,YLR175W,0,-2.6500344,0.12708333134651184,0.6559139490127563,0.45053762197494507
YPL120W,YJL058C,0,-2.6502895,0.1270304024219513,0.6559139490127563,0.4507526755332947
YDR397C,YML031W,0,-2.6502976,0.12697751820087433,0.6559139490127563,0.4509677290916443
YMR275C,YPL018W,0,-2.650474,0.12692467868328094,0.6559139490127563,0.4511827826499939
YOR319W,YLR363C,0,-2.6508923,0.12687188386917114,0.6559139490127563,0.4513978362083435
YKR075C,YLR019W,0,-2.6511025,0.12681913375854492,0.6559139490127563,0.4516128897666931
YBR211C,YPR131C,0,-2.651181,0.1267664134502411,0.6559139490127563,0.4518279433250427
YGR178C,YKR100C,0,-2.6514814,0.12671375274658203,0.6559139490127563,0.45204299688339233
YER155C,YGR070W,1,-2.651606,0.1270764172077179,0.6580645442008972,0.45204299688339233
YLR085C,YOR191W,0,-2.6521368,0.12702366709709167,0.6580645442008972,0.45225805044174194
YNL051W,YPL040C,0,-2.652162,0.12697096168994904,0.6580645442008972,0.45247310400009155
YDR280W,YIR004W,0,-2.6523676,0.12691828608512878,0.6580645442008972,0.45268815755844116
YDL100C,YBR131W,1,-2.6525366,0.12728026509284973,0.6602150797843933,0.45268815755844116
YHR111W,YGR138C,0,-2.6527233,0.1272275149822235,0.6602150797843933,0.45290321111679077
YLR315W,YMR074C,0,-2.6528234,0.12717480957508087,0.6602150797843933,0.4531182646751404
YOR119C,YMR177W,0,-2.6528869,0.12712214887142181,0.6602150797843933,0.4533333480358124
YPR110C,YDR176W,0,-2.652904,0.12706953287124634,0.6602150797843933,0.453548401594162
YPR097W,YDL087C,0,-2.653245,0.12701696157455444,0.6602150797843933,0.4537634551525116
YKL052C,YNR033W,0,-2.65339,0.12696443498134613,0.6602150797843933,0.4539785087108612
YLR193C,YPR034W,0,-2.6535902,0.1269119530916214,0.6602150797843933,0.4541935622692108
YOL042W,YOL096C,0,-2.6536257,0.12685950100421906,0.6602150797843933,0.4544086158275604
YAL024C,YBR131W,1,-2.6540043,0.12722015380859375,0.6623656153678894,0.4544086158275604
YMR002W,YDL223C,0,-2.654046,0.12716762721538544,0.6623656153678894,0.45462366938591003
YPL280W,YML016C,0,-2.6541362,0.1271151453256607,0.6623656153678894,0.45483872294425964
YGR202C,YPL235W,0,-2.6542287,0.12706270813941956,0.6623656153678894,0.45505377650260925
YPR097W,YNL066W,0,-2.6545458,0.127010315656662,0.6623656153678894,0.45526883006095886
YGL061C,YOR253W,0,-2.6546116,0.1269579529762268,0.6623656153678894,0.45548388361930847
YPR008W,YIL009W,0,-2.6547563,0.1269056499004364,0.6623656153678894,0.4556989371776581
YPR154W,YHR073W,0,-2.6555595,0.12685337662696838,0.6623656153678894,0.4559139907360077
YAL051W,YKL063C,0,-2.6555634,0.12680114805698395,0.6623656153678894,0.4561290442943573
YDR075W,YOL095C,0,-2.6559224,0.1267489641904831,0.6623656153678894,0.4563440978527069
YEL005C,YGL053W,0,-2.6559556,0.12669683992862701,0.6623656153678894,0.4565591514110565
YKL006C-A,YBR089C-A,0,-2.6562057,0.12664473056793213,0.6623656153678894,0.45677420496940613
YDR150W,YOR011W,0,-2.6562214,0.12659268081188202,0.6623656153678894,0.45698925852775574
YKL077W,YBR193C,0,-2.656395,0.1265406757593155,0.6623656153678894,0.45720431208610535
YLL017W,YJR031C,1,-2.6565418,0.12689939141273499,0.6645161509513855,0.45720431208610535
YLR337C,YCL067C,0,-2.6565616,0.1268472969532013,0.6645161509513855,0.45741936564445496
YOL154W,YPL137C,0,-2.6570213,0.12679524719715118,0.6645161509513855,0.45763441920280457
YJR131W,YKL005C,0,-2.6574323,0.12674322724342346,0.6645161509513855,0.4578494727611542
YGL027C,YOR358W,0,-2.6582742,0.12669126689434052,0.6645161509513855,0.4580645263195038
YLR361C,YKL032C,0,-2.6584663,0.12663935124874115,0.6645161509513855,0.4582795798778534
YHL017W,YCL001W,0,-2.658739,0.12658746540546417,0.6645161509513855,0.458494633436203
YNL263C,YNL076W,0,-2.6590009,0.12653562426567078,0.6645161509513855,0.4587096869945526
YMR175W,YDL247W,0,-2.659226,0.12648382782936096,0.6645161509513855,0.4589247405529022
YPL189W,YDR179C,0,-2.6594443,0.12643207609653473,0.6645161509513855,0.45913979411125183
YGR266W,YKR072C,0,-2.6595914,0.12638036906719208,0.6645161509513855,0.45935484766960144
YGR082W,YHR033W,0,-2.6603956,0.126328706741333,0.6645161509513855,0.45956990122795105
YER056C,YIR026C,0,-2.6605997,0.12627707421779633,0.6645161509513855,0.45978495478630066
YBR181C,YOR260W,0,-2.6607249,0.12622548639774323,0.6645161509513855,0.46000000834465027
YDR148C,YDL124W,0,-2.6608872,0.1261739432811737,0.6645161509513855,0.4602150619029999
YKL185W,YKR034W,0,-2.6609464,0.12612244486808777,0.6645161509513855,0.4604301154613495
YLL018C,YDR375C,0,-2.6610303,0.1260709911584854,0.6645161509513855,0.4606451690196991
YPL141C,YGR040W,0,-2.6615045,0.12601958215236664,0.6645161509513855,0.4608602225780487
YHR005C,YMR001C,0,-2.6618018,0.12596820294857025,0.6645161509513855,0.4610752761363983
YHR214W,YPL145C,0,-2.662036,0.12591686844825745,0.6645161509513855,0.4612903296947479
YPR095C,YAL041W,1,-2.6621318,0.12627291679382324,0.6666666865348816,0.4612903296947479
YKR053C,YNL048W,0,-2.6621988,0.12622149288654327,0.6666666865348816,0.46150538325309753
YKL016C,YLL014W,0,-2.662401,0.12617012858390808,0.6666666865348816,0.46172043681144714
YPL189W,YGL111W,0,-2.662493,0.12611879408359528,0.6666666865348816,0.46193549036979675
YOR266W,YKL051W,0,-2.6625726,0.12606750428676605,0.6666666865348816,0.46215054392814636
YCR036W,YOR372C,0,-2.6631973,0.1260162591934204,0.6666666865348816,0.46236559748649597
YCR091W,YHR139C,0,-2.6641996,0.12596505880355835,0.6666666865348816,0.4625806510448456
YKL149C,YJL098W,0,-2.6643608,0.12591388821601868,0.6666666865348816,0.4627957046031952
YKL006C-A,YMR009W,0,-2.6646533,0.12586276233196259,0.6666666865348816,0.4630107581615448
YLR425W,YLR291C,1,-2.6650705,0.1262175291776657,0.6688172221183777,0.4630107581615448
YDR023W,YLR017W,0,-2.6654866,0.12616632878780365,0.6688172221183777,0.4632258117198944
YIL007C,YEL051W,0,-2.6662974,0.12611517310142517,0.6688172221183777,0.463440865278244
YKR026C,YDL100C,1,-2.667707,0.12646938860416412,0.6709677577018738,0.463440865278244
YGL246C,YCR044C,0,-2.6682954,0.12641815841197968,0.6709677577018738,0.46365591883659363
YDR092W,YJL083W,0,-2.6683917,0.12636694312095642,0.6709677577018738,0.46387097239494324
YOR060C,YNL176C,0,-2.6684568,0.12631578743457794,0.6709677577018738,0.46408602595329285
YHR204W,YNL054W,0,-2.668474,0.12626467645168304,0.6709677577018738,0.46430107951164246
YGR253C,YIL130W,0,-2.668698,0.12621359527111053,0.6709677577018738,0.46451613306999207
YOR158W,YDR292C,0,-2.6688523,0.1261625587940216,0.6709677577018738,0.4647311866283417
YPL004C,YLR093C,0,-2.66957,0.12611156702041626,0.6709677577018738,0.4649462401866913
YMR274C,YHR005C,0,-2.6702785,0.1260606050491333,0.6709677577018738,0.4651612937450409
YML004C,YGR129W,0,-2.6714272,0.12600968778133392,0.6709677577018738,0.4653763473033905
YGL107C,YDR246W,0,-2.671679,0.12595881521701813,0.6709677577018738,0.4655914008617401
YLR426W,YFR014C,0,-2.6721168,0.1259079873561859,0.6709677577018738,0.4658064544200897
YER093C,YGR070W,1,-2.6721883,0.12626059353351593,0.6731182932853699,0.4658064544200897
YKL138C,YMR183C,0,-2.6722202,0.12620967626571655,0.6731182932853699,0.46602150797843933
YER155C,YDR359C,0,-2.6722305,0.12615880370140076,0.6731182932853699,0.46623656153678894
YER139C,YBR045C,0,-2.6723924,0.12610797584056854,0.6731182932853699,0.46645161509513855
YBR049C,YMR001C,0,-2.673499,0.1260571926832199,0.6731182932853699,0.46666666865348816
YIL064W,YGL105W,0,-2.673849,0.12600643932819366,0.6731182932853699,0.46688172221183777
YLR039C,YLL017W,1,-2.6739156,0.12635815143585205,0.675268828868866,0.46688172221183777
YDR234W,YBL025W,0,-2.674107,0.12630732357501984,0.675268828868866,0.4670967757701874
YLR234W,YBR045C,0,-2.6742768,0.1262565404176712,0.675268828868866,0.467311829328537
YBR131W,YLR291C,1,-2.6747165,0.1266077160835266,0.6774193644523621,0.467311829328537
YDR122W,YKR095W,0,-2.6757345,0.12655684351921082,0.6774193644523621,0.4675268828868866
YNL142W,YFR049W,0,-2.677061,0.1265060305595398,0.6774193644523621,0.4677419364452362
YPL056C,YER149C,0,-2.6775856,0.12645523250102997,0.6774193644523621,0.4679569900035858
YBR162W-A,YHR037W,0,-2.6777134,0.12640449404716492,0.6774193644523621,0.4681720435619354
YLR299W,YJL058C,0,-2.6782935,0.12635378539562225,0.6774193644523621,0.46838709712028503
YHR006W,YKL155C,0,-2.6782982,0.12630312144756317,0.6774193644523621,0.46860215067863464
YCL068C,YDR243C,0,-2.6783342,0.12625250220298767,0.6774193644523621,0.46881720423698425
YBR254C,YHR157W,0,-2.678681,0.12620192766189575,0.6774193644523621,0.46903225779533386
YPL141C,YMR001C,0,-2.6795468,0.12615138292312622,0.6774193644523621,0.46924731135368347
YMR318C,YBR112C,0,-2.6796045,0.12610088288784027,0.6774193644523621,0.4694623649120331
YDR256C,YER033C,0,-2.6800623,0.1260504275560379,0.6774193644523621,0.4696774184703827
YLR059C,YLL006W,0,-2.6803427,0.12600000202655792,0.6774193644523621,0.4698924720287323
YPR095C,YCR038C,1,-2.6810668,0.12634946405887604,0.6795699000358582,0.4698924720287323
YCR038C,YLL016W,1,-2.6817348,0.12669864296913147,0.6817204356193542,0.4698924720287323
YDR468C,YOR101W,0,-2.6820197,0.12664802372455597,0.6817204356193542,0.4701075255870819
YER102W,YML047C,0,-2.6821682,0.12659744918346405,0.6817204356193542,0.4703225791454315
YOR045W,YMR192W,0,-2.6821728,0.12654690444469452,0.6817204356193542,0.47053763270378113
YIL013C,YOL132W,0,-2.682504,0.12649640440940857,0.6817204356193542,0.47075268626213074
YNL142W,YMR237W,0,-2.6828208,0.1264459490776062,0.6817204356193542,0.47096773982048035
YOL126C,YNL118C,0,-2.6828692,0.12639553844928741,0.6817204356193542,0.47118279337882996
YOR358W,YGL151W,0,-2.683066,0.12634515762329102,0.6817204356193542,0.47139784693717957
YBL063W,YDR244W,0,-2.6841526,0.1262948215007782,0.6817204356193542,0.4716129004955292
YML092C,YER038C,0,-2.6843915,0.12624453008174896,0.6817204356193542,0.4718279540538788
YLR451W,YDR384C,0,-2.684542,0.12619426846504211,0.6817204356193542,0.4720430076122284
YLR234W,YBR049C,0,-2.68492,0.12614405155181885,0.6817204356193542,0.472258061170578
YPL043W,YDR045C,0,-2.6853065,0.12609387934207916,0.6817204356193542,0.4724731147289276
YMR015C,YHR149C,0,-2.685321,0.12604373693466187,0.6817204356193542,0.4726881682872772
YMR274C,YKR079C,0,-2.6856484,0.12599363923072815,0.6817204356193542,0.47290322184562683
YJR132W,YLR175W,0,-2.6864786,0.12594358623027802,0.6817204356193542,0.47311827540397644
YAL024C,YLR310C,1,-2.6866121,0.1262907087802887,0.6838709712028503,0.47311827540397644
YMR101C,YGL005C,0,-2.6871982,0.1262405663728714,0.6838709712028503,0.47333332896232605
YML101C,YEL024W,0,-2.6872249,0.12619048357009888,0.6838709712028503,0.47354838252067566
YMR059W,YCR106W,0,-2.6873314,0.12614041566848755,0.6838709712028503,0.47376343607902527
YIR019C,YPL076W,0,-2.6875482,0.126090407371521,0.6838709712028503,0.4739784896373749
YAL056W,YHR194W,0,-2.6876576,0.12604042887687683,0.6838709712028503,0.4741935431957245
YHR142W,YDR179C,0,-2.6876607,0.12599049508571625,0.6838709712028503,0.4744085967540741
YLR382C,YDL211C,0,-2.6879165,0.12594059109687805,0.6838709712028503,0.4746236503124237
YIL037C,YLR092W,0,-2.688146,0.12589073181152344,0.6838709712028503,0.4748387038707733
YDR435C,YLR411W,0,-2.6882129,0.1258409172296524,0.6838709712028503,0.4750537574291229
YDR108W,YJL001W,0,-2.6882184,0.12579113245010376,0.6838709712028503,0.47526881098747253
YGL025C,YIL011W,0,-2.6882195,0.1257413923740387,0.6838709712028503,0.47548386454582214
YMR015C,YOR004W,0,-2.6884344,0.12569169700145721,0.6838709712028503,0.47569891810417175
YOR334W,YLR001C,0,-2.6884742,0.12564203143119812,0.6838709712028503,0.47591397166252136
YDR280W,YNL118C,0,-2.6885686,0.1255924105644226,0.6838709712028503,0.47612902522087097
YNL056W,YNL287W,0,-2.688979,0.12554283440113068,0.6838709712028503,0.4763440787792206
YJR131W,YGR129W,0,-2.6894338,0.12549328804016113,0.6838709712028503,0.4765591323375702
YDR406W,YML047C,0,-2.6898892,0.12544378638267517,0.6838709712028503,0.4767741858959198
YGR030C,YDR057W,0,-2.689999,0.1253943145275116,0.6838709712028503,0.4769892394542694
YLR190W,YNL251C,0,-2.6900082,0.1253449022769928,0.6838709712028503,0.477204293012619
YLL053C,YGR296W,0,-2.6904745,0.1252955049276352,0.6838709712028503,0.47741934657096863
YOL061W,YMR091C,0,-2.690938,0.12524616718292236,0.6838709712028503,0.47763440012931824
YGR205W,YDL139C,0,-2.691433,0.12519684433937073,0.6838709712028503,0.47784945368766785
YCR106W,YKR099W,0,-2.6917,0.12514758110046387,0.6838709712028503,0.47806450724601746
YDL100C,YGL097W,1,-2.692056,0.12549173831939697,0.6860215067863464,0.47806450724601746
YDR212W,YPL075W,0,-2.6921802,0.12544238567352295,0.6860215067863464,0.47827956080436707
YER005W,YCL067C,0,-2.692184,0.1253930777311325,0.6860215067863464,0.4784946143627167
YBR114W,YAL019W,0,-2.6922638,0.12534381449222565,0.6860215067863464,0.4787096679210663
YLR023C,YDR179C,0,-2.6923723,0.12529458105564117,0.6860215067863464,0.4789247214794159
YGR046W,YGR003W,0,-2.6924326,0.12524539232254028,0.6860215067863464,0.4791397750377655
YCL068C,YGL093W,0,-2.692617,0.12519623339176178,0.6860215067863464,0.4793548285961151
YLR167W,YHL015W,0,-2.6928246,0.12514711916446686,0.6860215067863464,0.4795698821544647
YIL068C,YDR517W,0,-2.6928916,0.12509803473949432,0.6860215067863464,0.47978493571281433
YGR193C,YDL145C,0,-2.6931145,0.12504899501800537,0.6860215067863464,0.47999998927116394
YDR160W,YKL155C,0,-2.6935973,0.125,0.6860215067863464,0.48021504282951355
YGR070W,YPR017C,1,-2.693603,0.1253427267074585,0.6881720423698425,0.48021504282951355
YOR264W,YLR056W,0,-2.693731,0.12529365718364716,0.6881720423698425,0.48043009638786316
YGR004W,YPR100W,0,-2.693995,0.1252446174621582,0.6881720423698425,0.48064514994621277
YDR375C,YNL036W,0,-2.6943598,0.12519562244415283,0.6881720423698425,0.4808602035045624
YGR070W,YCL068C,1,-2.6945248,0.12553773820400238,0.6903225779533386,0.4808602035045624
YIL022W,YKL043W,0,-2.6948204,0.12548866868019104,0.6903225779533386,0.481075257062912
YLR190W,YDR040C,0,-2.6950245,0.1254396289587021,0.6903225779533386,0.4812903106212616
YJR108W,YKL032C,0,-2.6951694,0.12539061903953552,0.6903225779533386,0.4815053641796112
YMR261C,YMR041C,0,-2.6952834,0.12534166872501373,0.6903225779533386,0.4817204177379608
YIL087C,YBR208C,0,-2.6953669,0.12529273331165314,0.6903225779533386,0.4819354712963104
YMR220W,YOR341W,0,-2.6958642,0.12524385750293732,0.6903225779533386,0.48215052485466003
YER093C,YAL041W,1,-2.6961594,0.12558501958847046,0.6924731135368347,0.48215052485466003
YPL239W,YPL145C,0,-2.696322,0.12553606927394867,0.6924731135368347,0.48236557841300964
YIR004W,YPL117C,0,-2.6963506,0.12548713386058807,0.6924731135368347,0.48258063197135925
YLL018C-A,YGR211W,0,-2.6967332,0.12543825805187225,0.6924731135368347,0.48279568552970886
YPR095C,YLL016W,1,-2.6968532,0.12577880918979645,0.6946236491203308,0.48279568552970886
YOL132W,YLR067C,0,-2.6969695,0.12572985887527466,0.6946236491203308,0.48301073908805847
YOR380W,YHL003C,0,-2.6973777,0.12568093836307526,0.6946236491203308,0.4832257926464081
YGL196W,YER071C,0,-2.6974401,0.12563204765319824,0.6946236491203308,0.4834408462047577
YGR055W,YDL211C,0,-2.6976821,0.1255832016468048,0.6946236491203308,0.4836558997631073
YNL020C,YJR054W,0,-2.697929,0.12553440034389496,0.6946236491203308,0.4838709533214569
YFR025C,YGL127C,0,-2.698037,0.1254856288433075,0.6946236491203308,0.4840860068798065
YBR094W,YNR033W,0,-2.6980684,0.12543688714504242,0.6946236491203308,0.48430106043815613
YJR102C,YAL068C,0,-2.6981475,0.12538820505142212,0.6946236491203308,0.4845161437988281
YGR122W,YDL102W,0,-2.6982534,0.125339537858963,0.6946236491203308,0.48473119735717773
YEL020W-A,YHR154W,0,-2.6983023,0.12529093027114868,0.6946236491203308,0.48494625091552734
YLR037C,YHR106W,0,-2.6984963,0.12524233758449554,0.6946236491203308,0.48516130447387695
YOR192C,YHR150W,0,-2.6987572,0.12519380450248718,0.6946236491203308,0.48537635803222656
YJL186W,YDR165W,0,-2.6992888,0.12514528632164001,0.6946236491203308,0.48559141159057617
YDL240W,YNL024C,0,-2.6995168,0.12509682774543762,0.6946236491203308,0.4858064651489258
YML092C,YCR035C,0,-2.6998315,0.12504839897155762,0.6946236491203308,0.4860215187072754
YDR398W,YAL026C,0,-2.7000642,0.125,0.6946236491203308,0.486236572265625
YKL197C,YOR132W,0,-2.7000928,0.12495164573192596,0.6946236491203308,0.4864516258239746
YJR027W,YDR087C,0,-2.700171,0.12490332871675491,0.6946236491203308,0.4866666793823242
YBL063W,YMR035W,0,-2.7004209,0.12485504150390625,0.6946236491203308,0.48688173294067383
YCR045C,YOR009W,0,-2.7009106,0.12480679899454117,0.6946236491203308,0.48709678649902344
YPL116W,YDR039C,0,-2.7009864,0.12475859373807907,0.6946236491203308,0.48731184005737305
YER155C,YCR038C,1,-2.7011273,0.12509652972221375,0.6967741847038269,0.48731184005737305
YHR120W,YPL233W,0,-2.7012305,0.12504824995994568,0.6967741847038269,0.48752689361572266
YNL250W,YLR004C,0,-2.7015681,0.125,0.6967741847038269,0.48774194717407227
YDR361C,YGL238W,0,-2.7020955,0.1249517947435379,0.6967741847038269,0.4879570007324219
YKL114C,YKL005C,0,-2.7023745,0.12490362673997879,0.6967741847038269,0.4881720542907715
YHR073W,YKL005C,0,-2.7025828,0.12485548853874207,0.6967741847038269,0.4883871078491211
YBR211C,YGR244C,0,-2.7026045,0.12480739504098892,0.6967741847038269,0.4886021614074707
YPR180W,YGR083C,0,-2.7033138,0.12475933879613876,0.6967741847038269,0.4888172149658203
YOL069W,YNL065W,0,-2.704602,0.12471131980419159,0.6967741847038269,0.4890322685241699
YMR318C,YDL012C,0,-2.7046719,0.1246633306145668,0.6967741847038269,0.48924732208251953
YHR103W,YJL174W,0,-2.7052605,0.1246153861284256,0.6967741847038269,0.48946237564086914
YLR284C,YBR065C,0,-2.7052798,0.12456747144460678,0.6967741847038269,0.48967742919921875
YKR093W,YBL072C,0,-2.7062106,0.12451960146427155,0.6967741847038269,0.48989248275756836
YJL013C,YNL142W,0,-2.7063005,0.1244717612862587,0.6967741847038269,0.49010753631591797
YML067C,YPL189W,0,-2.7063885,0.12442396581172943,0.6967741847038269,0.4903225898742676
YKR083C,YDL139C,0,-2.7065344,0.12437620013952255,0.6967741847038269,0.4905376434326172
YPL179W,YBR146W,0,-2.7072074,0.12432847172021866,0.6967741847038269,0.4907526969909668
YBR169C,YHR194W,0,-2.7072287,0.12428078055381775,0.6967741847038269,0.4909677505493164
YDL247W,YOL059W,0,-2.707478,0.12423312664031982,0.6967741847038269,0.491182804107666
YDR261C,YIR031C,0,-2.7075973,0.12418550997972488,0.6967741847038269,0.4913978576660156
YDR235W,YOR027W,0,-2.7076774,0.12413793057203293,0.6967741847038269,0.49161291122436523
YKL141W,YFL005W,0,-2.7080579,0.12409038841724396,0.6967741847038269,0.49182796478271484
YPR188C,YPR131C,0,-2.708226,0.12404287606477737,0.6967741847038269,0.49204301834106445
YOR189W,YJL045W,0,-2.7085662,0.12399540841579437,0.6967741847038269,0.49225807189941406
YMR205C,YDR528W,0,-2.708761,0.12394797056913376,0.6967741847038269,0.49247312545776367
YDR129C,YBR065C,0,-2.7089205,0.12390056997537613,0.6967741847038269,0.4926881790161133
YJR031C,YLL016W,1,-2.7090504,0.12423547357320786,0.698924720287323,0.4926881790161133
YOL098C,YDR284C,0,-2.70973,0.12418799847364426,0.698924720287323,0.4929032325744629
YGR170W,YDR261C,0,-2.7102141,0.12414056807756424,0.698924720287323,0.4931182861328125
YDR482C,YHR103W,0,-2.710527,0.12409316748380661,0.698924720287323,0.4933333396911621
YMR072W,YDL134C,0,-2.710529,0.12404580414295197,0.698924720287323,0.4935483932495117
YDR127W,YDL134C,0,-2.710635,0.12399847060441971,0.698924720287323,0.49376344680786133
YGR244C,YPR100W,0,-2.711323,0.12395118176937103,0.698924720287323,0.49397850036621094
YJL035C,YGL195W,0,-2.7113903,0.12390393018722534,0.698924720287323,0.49419355392456055
YKL058W,YGL111W,0,-2.7120876,0.12385670840740204,0.698924720287323,0.49440860748291016
YLL026W,YER063W,0,-2.7129493,0.12380952388048172,0.698924720287323,0.49462366104125977
YOR016C,YNL048W,0,-2.713076,0.12376237660646439,0.698924720287323,0.4948387145996094
YKR027W,YDL113C,0,-2.7131655,0.12371526658535004,0.698924720287323,0.495053768157959
YMR063W,YPL001W,0,-2.7132638,0.12366818636655807,0.698924720287323,0.4952688217163086
YER063W,YPR003C,0,-2.7132778,0.1236211508512497,0.698924720287323,0.4954838752746582
YGR212W,YPL224C,0,-2.7138662,0.1235741451382637,0.698924720287323,0.4956989288330078
YPR188C,YJL089W,0,-2.713869,0.1235271766781807,0.698924720287323,0.4959139823913574
YJR120W,YDR439W,0,-2.7143683,0.12348024547100067,0.698924720287323,0.49612903594970703
YNR026C,YDR211W,1,-2.7144785,0.12381313741207123,0.7010752558708191,0.49612903594970703
YDR057W,YDL123W,0,-2.7144852,0.12376613169908524,0.7010752558708191,0.49634408950805664
YOR060C,YDL046W,0,-2.7145677,0.12371916323900223,0.7010752558708191,0.49655914306640625
YDL012C,YBR094W,0,-2.715147,0.1236722320318222,0.7010752558708191,0.49677419662475586
YDR145W,YMR081C,0,-2.715641,0.12362533062696457,0.7010752558708191,0.49698925018310547
YKR026C,YER093C,1,-2.7157216,0.1239575445652008,0.7032257914543152,0.49698925018310547
YGR165W,YKL043W,0,-2.7158694,0.1239105686545372,0.7032257914543152,0.4972043037414551
YDR287W,YHL025W,0,-2.715877,0.12386363744735718,0.7032257914543152,0.4974193572998047
YOR090C,YPL224C,0,-2.7159116,0.12381673604249954,0.7032257914543152,0.4976344108581543
YMR234W,YER014W,0,-2.7159338,0.12376987189054489,0.7032257914543152,0.4978494644165039
YNL328C,YER060W,0,-2.716004,0.12372304499149323,0.7032257914543152,0.4980645179748535
YNL031C,YAL019W,0,-2.7160702,0.12367624789476395,0.7032257914543152,0.4982795715332031
YNL297C,YPR017C,1,-2.7166073,0.12400756031274796,0.7053763270378113,0.4982795715332031
YDR441C,YKL114C,0,-2.7167277,0.1239606961607933,0.7053763270378113,0.49849462509155273
YFL025C,YCR091W,0,-2.716768,0.12391386181116104,0.7053763270378113,0.49870967864990234
YPL115C,YER044C-A,0,-2.7168312,0.12386707216501236,0.7053763270378113,0.49892473220825195
YOR119C,YDR399W,0,-2.7168343,0.12382031232118607,0.7053763270378113,0.49913978576660156
YOL132W,YDL211C,0,-2.7170892,0.12377358227968216,0.7053763270378113,0.49935483932495117
YKL087C,YLR055C,0,-2.7174375,0.12372689694166183,0.7053763270378113,0.4995698928833008
YHR035W,YOR068C,0,-2.717493,0.1236802414059639,0.7053763270378113,0.4997849464416504
YOR267C,YBR180W,0,-2.7175736,0.12363362312316895,0.7053763270378113,0.5
YDR367W,YPR133C,0,-2.7181373,0.12358704209327698,0.7053763270378113,0.5002150535583496
YLR007W,YPL248C,0,-2.7184613,0.1235404908657074,0.7053763270378113,0.5004301071166992
YNL246W,YOR026W,0,-2.7188294,0.1234939768910408,0.7053763270378113,0.5006451606750488
YNL286W,YOR027W,0,-2.7191932,0.12344750016927719,0.7053763270378113,0.5008602142333984
YHR073W,YER071C,0,-2.7198784,0.12340105324983597,0.7053763270378113,0.501075267791748
YGL028C,YLR196W,0,-2.7200062,0.12335464358329773,0.7053763270378113,0.5012903213500977
YPR173C,YLR347C,0,-2.7201114,0.12330827116966248,0.7053763270378113,0.5015053749084473
YJR073C,YHR157W,0,-2.720464,0.12326192855834961,0.7053763270378113,0.5017204284667969
YDL139C,YDL076C,0,-2.7205157,0.12321563065052032,0.7053763270378113,0.5019354820251465
YLR061W,YPR010C,0,-2.7207248,0.12316935509443283,0.7053763270378113,0.5021505355834961
YOR068C,YOL009C,0,-2.721591,0.12312312424182892,0.7053763270378113,0.5023655891418457
YGL231C,YPL235W,0,-2.7221866,0.1230769231915474,0.7053763270378113,0.5025806427001953
YHR154W,YCR065W,0,-2.722198,0.12303075939416885,0.7053763270378113,0.5027956962585449
YOR016C,YPR086W,0,-2.7230163,0.1229846253991127,0.7053763270378113,0.5030107498168945
YNL183C,YOR258W,0,-2.723141,0.12293852865695953,0.7053763270378113,0.5032258033752441
YML098W,YML013W,0,-2.723237,0.12289246916770935,0.7053763270378113,0.5034408569335938
YMR041C,YNL029C,0,-2.7232547,0.12284643948078156,0.7053763270378113,0.5036559104919434
YPL179W,YGR044C,0,-2.7234702,0.12280044704675674,0.7053763270378113,0.503870964050293
YJL110C,YIR019C,0,-2.7236576,0.12275449186563492,0.7053763270378113,0.5040860176086426
YMR050C,YJL197W,0,-2.7243972,0.12270856648683548,0.7053763270378113,0.5043010711669922
YLR360W,YEL027W,0,-2.7245495,0.12266267836093903,0.7053763270378113,0.5045161247253418
YJL174W,YER155C,0,-2.724596,0.12261682003736496,0.7053763270378113,0.5047311782836914
YDR301W,YLR292C,0,-2.7251651,0.12257099896669388,0.7053763270378113,0.504946231842041
YMR158W,YOR372C,0,-2.7257614,0.12252521514892578,0.7053763270378113,0.5051612854003906
YPR188C,YGL027C,0,-2.7263403,0.12247946113348007,0.7053763270378113,0.5053763389587402
YLR324W,YIL038C,0,-2.7266936,0.12243374437093735,0.7053763270378113,0.5055913925170898
YGR046W,YMR091C,0,-2.7268643,0.12238805741071701,0.7053763270378113,0.5058064460754395
YOR247W,YJL216C,0,-2.7269006,0.12234240770339966,0.7053763270378113,0.5060214996337891
YJR120W,YNL180C,0,-2.7271247,0.12229679524898529,0.7053763270378113,0.5062365531921387
YKL149C,YBR065C,0,-2.7271404,0.12225121259689331,0.7053763270378113,0.5064516067504883
YER178W,YGL198W,0,-2.7274456,0.12220565974712372,0.7053763270378113,0.5066666603088379
YBR003W,YDL145C,0,-2.7281158,0.12216015160083771,0.7053763270378113,0.5068817138671875
YAL002W,YNL251C,0,-2.7285113,0.12211466580629349,0.7053763270378113,0.5070967674255371
YGL098W,YNL133C,0,-2.729502,0.12206922471523285,0.7053763270378113,0.5073118209838867
YOL132W,YBL100W-B,0,-2.7298188,0.122023805975914,0.7053763270378113,0.5075268745422363
YNL250W,YOL011W,0,-2.7299697,0.12197843194007874,0.7053763270378113,0.5077419281005859
YKR096W,YBR272C,0,-2.7301278,0.12193308770656586,0.7053763270378113,0.5079569816589355
YMR237W,YML047C,0,-2.7305403,0.12188777327537537,0.7053763270378113,0.5081720352172852
YBR107C,YDR039C,0,-2.7310266,0.12184249609708786,0.7053763270378113,0.5083870887756348
YIL075C,YHR122W,0,-2.7311265,0.12179724872112274,0.7053763270378113,0.5086021423339844
YBR069C,YPL075W,0,-2.732315,0.12175203859806061,0.7053763270378113,0.508817195892334
YNL059C,YDR057W,0,-2.7323346,0.12170686572790146,0.7053763270378113,0.5090322494506836
YGR174C,YDL117W,0,-2.7323706,0.1216617226600647,0.7053763270378113,0.5092473030090332
YGL093W,YLR337C,0,-2.7324576,0.12161660939455032,0.7053763270378113,0.5094623565673828
YDR422C,YPL253C,0,-2.7328937,0.12157153338193893,0.7053763270378113,0.5096774101257324
YHR111W,YOR330C,0,-2.7333512,0.12152649462223053,0.7053763270378113,0.509892463684082
YDR150W,YLR058C,0,-2.7339745,0.12148147821426392,0.7053763270378113,0.5101075172424316
YGL076C,YKR079C,0,-2.73405,0.12143650650978088,0.7053763270378113,0.5103225708007812
YPR114W,YDR045C,0,-2.7340913,0.12139156460762024,0.7053763270378113,0.5105376243591309
YDL100C,YOR260W,1,-2.7346463,0.12171661108732224,0.7075268626213074,0.5105376243591309
YLR102C,YLR247C,0,-2.7349563,0.12167159467935562,0.7075268626213074,0.5107526779174805
YGR044C,YDR005C,0,-2.735036,0.12162661552429199,0.7075268626213074,0.5109677314758301
YOR045W,YOR334W,0,-2.735303,0.12158167362213135,0.7075268626213074,0.5111827850341797
YPR071W,YKL138C,0,-2.735455,0.1215367540717125,0.7075268626213074,0.5113978385925293
YIL013C,YPL239W,0,-2.7357807,0.12149187922477722,0.7075268626213074,0.5116128921508789
YLR382C,YDL117W,0,-2.7360632,0.12144702672958374,0.7075268626213074,0.5118279457092285
YOR191W,YFR024C-A,0,-2.7361917,0.12140221148729324,0.7075268626213074,0.5120429992675781
YOR191W,YDR375C,0,-2.7362304,0.12135743349790573,0.7075268626213074,0.5122580528259277
YFR047C,YDR517W,0,-2.7367768,0.1213126853108406,0.7075268626213074,0.5124731063842773
YMR110C,YAL051W,0,-2.7369113,0.12126796692609787,0.7075268626213074,0.512688159942627
YOL069W,YHR142W,0,-2.7370887,0.12122328579425812,0.7075268626213074,0.5129032135009766
YEL022W,YAL041W,1,-2.737339,0.12154696136713028,0.7096773982048035,0.5129032135009766
YIL033C,YBL005W,0,-2.7375846,0.12150220572948456,0.7096773982048035,0.5131182670593262
YJR027W,YDR257C,0,-2.7377348,0.12145748734474182,0.7096773982048035,0.5133333206176758
YDR422C,YNL130C,0,-2.7378054,0.12141280621290207,0.7096773982048035,0.5135483741760254
YOR380W,YIR019C,0,-2.7382028,0.12136814743280411,0.7096773982048035,0.513763427734375
YCL068C,YLL016W,1,-2.7382846,0.12169117480516434,0.7118279337882996,0.513763427734375
YML107C,YMR275C,0,-2.7389128,0.1216464564204216,0.7118279337882996,0.5139784812927246
YHR073W,YGL231C,0,-2.739874,0.12160176038742065,0.7118279337882996,0.5141935348510742
YER038C,YKL134C,0,-2.7404146,0.12155710905790329,0.7118279337882996,0.5144085884094238
YHR024C,YNL029C,0,-2.7404153,0.12151248008012772,0.7118279337882996,0.5146236419677734
YMR177W,YBR121C,0,-2.7405345,0.12146788835525513,0.7118279337882996,0.514838695526123
YOR034C,YBR049C,0,-2.7406826,0.12142333388328552,0.7118279337882996,0.5150537490844727
YJL045W,YPL175W,0,-2.7408376,0.12137880176305771,0.7118279337882996,0.5152688026428223
YIL173W,YJL083W,0,-2.7408595,0.12133431434631348,0.7118279337882996,0.5154838562011719
YKR007W,YGL144C,0,-2.7412806,0.12128984928131104,0.7118279337882996,0.5156989097595215
YKR026C,YNL297C,1,-2.7413054,0.12161172181367874,0.7139784693717957,0.5156989097595215
YDL046W,YJL083W,0,-2.7413642,0.12156718969345093,0.7139784693717957,0.5159139633178711
YMR081C,YPR007C,0,-2.7414074,0.1215226948261261,0.7139784693717957,0.5161290168762207
YOR363C,YIR031C,0,-2.7415679,0.12147822976112366,0.7139784693717957,0.5163440704345703
YJL096W,YBR254C,0,-2.7415848,0.1214337944984436,0.7139784693717957,0.5165591239929199
YCL068C,YDR080W,0,-2.742119,0.12138939648866653,0.7139784693717957,0.5167741775512695
YNL038W,YDR257C,0,-2.7422142,0.12134502828121185,0.7139784693717957,0.5169892311096191
YAL007C,YKL048C,0,-2.742557,0.12130069732666016,0.7139784693717957,0.5172042846679688
YLR249W,YPL189W,0,-2.7431843,0.12125638872385025,0.7139784693717957,0.5174193382263184
YHR033W,YDR437W,0,-2.7434707,0.12121212482452393,0.7139784693717957,0.517634391784668
YBR254C,YOR026W,0,-2.7441778,0.12116788327693939,0.7139784693717957,0.5178494453430176
YIL013C,YJR052W,0,-2.7446916,0.12112367898225784,0.7139784693717957,0.5180644989013672
YPR199C,YBR094W,0,-2.7451081,0.12107950448989868,0.7139784693717957,0.5182795524597168
YAL028W,YCL016C,0,-2.7452059,0.12103535979986191,0.7139784693717957,0.5184946060180664
YML011C,YNR071C,0,-2.7454515,0.12099125236272812,0.7139784693717957,0.518709659576416
YOR045W,YHR114W,0,-2.745864,0.12094717472791672,0.7139784693717957,0.5189247131347656
YDR375C,YDR204W,0,-2.746209,0.1209031343460083,0.7139784693717957,0.5191397666931152
YER014W,YKL192C,0,-2.7465153,0.12085911631584167,0.7139784693717957,0.5193548202514648
YIL156W,YIL009W,0,-2.746753,0.12081513553857803,0.7139784693717957,0.5195698738098145
YMR286W,YDR517W,0,-2.7468185,0.12077119201421738,0.7139784693717957,0.5197849273681641
YLR060W,YML055W,0,-2.7478337,0.12072727084159851,0.7139784693717957,0.5199999809265137
YER142C,YOL051W,0,-2.7492433,0.12068338692188263,0.7139784693717957,0.5202150344848633
YLR371W,YGR083C,1,-2.7495098,0.12100290507078171,0.7161290049552917,0.5202150344848633
YOR320C,YNL065W,0,-2.7495356,0.12095895409584045,0.7161290049552917,0.5204300880432129
YHR210C,YGR205W,0,-2.7497797,0.12091503292322159,0.7161290049552917,0.5206451416015625
YBR038W,YER109C,0,-2.7497935,0.12087114155292511,0.7161290049552917,0.5208601951599121
YCR065W,YHR133C,0,-2.7505255,0.12082728743553162,0.7161290049552917,0.5210752487182617
YDR148C,YIL167W,0,-2.7510853,0.12078346312046051,0.7161290049552917,0.5212903022766113
YBR169C,YOL051W,0,-2.7510872,0.12073966860771179,0.7161290049552917,0.5215053558349609
YAL024C,YGL097W,1,-2.7513518,0.12105835229158401,0.7182795405387878,0.5215053558349609
YJR153W,YJR131W,0,-2.7522378,0.12101449072360992,0.7182795405387878,0.5217204093933105
YBR043C,YPR199C,0,-2.7526786,0.12097066640853882,0.7182795405387878,0.5219354629516602
YIL019W,YBR208C,0,-2.7532558,0.1209268644452095,0.7182795405387878,0.5221505165100098
YML107C,YOR117W,0,-2.7533183,0.12088309973478317,0.7182795405387878,0.5223655700683594
YGR070W,YEL022W,1,-2.7545543,0.12120115756988525,0.7204301357269287,0.5223655700683594
YDL123W,YOL052C-A,0,-2.7548456,0.12115732580423355,0.7204301357269287,0.522580623626709
YOR264W,YMR101C,0,-2.7549891,0.12111352384090424,0.7204301357269287,0.5227956771850586
YER063W,YHL006C,0,-2.7554471,0.12106975167989731,0.7204301357269287,0.5230107307434082
YOR158W,YLR189C,0,-2.7556028,0.12102600932121277,0.7204301357269287,0.5232257843017578
YOL012C,YLR313C,0,-2.7556968,0.12098230421543121,0.7204301357269287,0.5234408378601074
YHL031C,YGL226W,0,-2.7564201,0.12093862891197205,0.7204301357269287,0.523655891418457
YNL199C,YIL037C,0,-2.7568574,0.12089498341083527,0.7204301357269287,0.5238709449768066
YDR213W,YLR220W,0,-2.7569118,0.12085136771202087,0.7204301357269287,0.5240859985351562
YDL072C,YNL167C,0,-2.7569537,0.12080778926610947,0.7204301357269287,0.5243010520935059
YHR122W,YPR199C,0,-2.757584,0.12076424062252045,0.7204301357269287,0.5245161056518555
YBR043C,YJL168C,0,-2.7579854,0.12072072178125381,0.7204301357269287,0.5247311592102051
YEL051W,YIL167W,0,-2.7581868,0.12067723274230957,0.7204301357269287,0.5249462127685547
YGL073W,YHL003C,0,-2.7582002,0.12063378095626831,0.7204301357269287,0.5251612663269043
YLR293C,YMR074C,0,-2.758548,0.12059035152196884,0.7204301357269287,0.5253763198852539
YDR211W,YLL016W,1,-2.7589846,0.12090680003166199,0.7225806713104248,0.5253763198852539
YER031C,YLR277C,0,-2.7610874,0.12086331099271774,0.7225806713104248,0.5255913734436035
YDR039C,YGR296W,0,-2.7617064,0.12081985175609589,0.7225806713104248,0.5258064270019531
YPL130W,YLR023C,0,-2.761732,0.12077642232179642,0.7225806713104248,0.5260214805603027
YJR073C,YMR133W,0,-2.7618542,0.12073302268981934,0.7225806713104248,0.5262365341186523
YDL100C,YLR190W,0,-2.7619815,0.12068965286016464,0.7225806713104248,0.526451587677002
YHR149C,YER127W,0,-2.762153,0.12064632028341293,0.7225806713104248,0.5266666412353516
YDR430C,YBR188C,0,-2.7625828,0.12060301750898361,0.7225806713104248,0.5268816947937012
YDR189W,YBR181C,0,-2.7627604,0.12055974453687668,0.7225806713104248,0.5270967483520508
YDL093W,YPR007C,0,-2.7629995,0.12051650136709213,0.7225806713104248,0.5273118019104004
YBL056W,YDR325W,0,-2.7632957,0.12047328799962997,0.7225806713104248,0.52752685546875
YJL162C,YGL219C,0,-2.763722,0.1204301044344902,0.7225806713104248,0.5277419090270996
YBR131W,YCR038C,1,-2.7640448,0.12074524909257889,0.7247312068939209,0.5277419090270996
YGL196W,YLR194C,0,-2.7645948,0.12070200592279434,0.7247312068939209,0.5279569625854492
YDR002W,YJL179W,0,-2.7648382,0.12065879255533218,0.7247312068939209,0.5281720161437988
YDL235C,YOL009C,0,-2.7652476,0.12061560153961182,0.7247312068939209,0.5283870697021484
YPL116W,YLR054C,0,-2.7654042,0.12057244777679443,0.7247312068939209,0.528602123260498
YPL183C,YOR249C,0,-2.76558,0.12052933126688004,0.7247312068939209,0.5288171768188477
YHR110W,YMR118C,0,-2.7659056,0.12048623710870743,0.7247312068939209,0.5290322303771973
YJR046W,YKR077W,0,-2.7659879,0.12044317275285721,0.7247312068939209,0.5292472839355469
YNL045W,YHR138C,0,-2.7660832,0.12040014564990997,0.7247312068939209,0.5294623374938965
YOR068C,YMR207C,0,-2.7662034,0.12035714089870453,0.7247312068939209,0.5296773910522461
YER100W,YIR004W,0,-2.7663703,0.12031417340040207,0.7247312068939209,0.5298924446105957
YNL145W,YLR413W,0,-2.7666404,0.120271235704422,0.7247312068939209,0.5301074981689453
YAR042W,YER176W,0,-2.7670214,0.12022832781076431,0.7247312068939209,0.5303225517272949
YER093C,YCR038C,1,-2.7679658,0.12054207921028137,0.726881742477417,0.5303225517272949
YFL056C,YBR272C,0,-2.7683892,0.12049911171197891,0.726881742477417,0.5305376052856445
YER056C,YPR169W,0,-2.7687144,0.12045616656541824,0.726881742477417,0.5307526588439941
YIL043C,YGR211W,0,-2.7690973,0.12041325122117996,0.726881742477417,0.5309677124023438
YDR406W,YNL036W,0,-2.7694366,0.12037037312984467,0.726881742477417,0.5311827659606934
YLR324W,YKL197C,0,-2.7696195,0.12032751739025116,0.726881742477417,0.5313978791236877
YOR026W,YDR384C,0,-2.7696865,0.12028469890356064,0.726881742477417,0.5316129326820374
YLL017W,YPR017C,1,-2.7718036,0.12059765309095383,0.7290322780609131,0.5316129326820374
YPR046W,YMR156C,0,-2.7721124,0.12055476754903793,0.7290322780609131,0.531827986240387
YDR259C,YDR303C,0,-2.77245,0.12051191180944443,0.7290322780609131,0.5320430397987366
YAL028W,YJL168C,0,-2.7736182,0.12046908587217331,0.7290322780609131,0.5322580933570862
YDL018C,YGL107C,0,-2.7738843,0.12042628973722458,0.7290322780609131,0.5324731469154358
YNL190W,YPR067W,0,-2.7741256,0.12038352340459824,0.7290322780609131,0.5326882004737854
YDR280W,YBR049C,0,-2.7745934,0.12034078687429428,0.7290322780609131,0.532903254032135
YER093C,YGL097W,1,-2.7751002,0.1206529438495636,0.7311828136444092,0.532903254032135
YNL137C,YLR215C,0,-2.7754002,0.12061014771461487,0.7311828136444092,0.5331183075904846
YOR018W,YKL063C,0,-2.7755527,0.12056737393140793,0.7311828136444092,0.5333333611488342
YBL007C,YNL287W,0,-2.7756534,0.12052463740110397,0.7311828136444092,0.5335484147071838
YFR030W,YGL049C,0,-2.777135,0.1204819306731224,0.7311828136444092,0.5337634682655334
YEL001C,YGR260W,0,-2.7775881,0.12043924629688263,0.7311828136444092,0.5339785218238831
YOL132W,YBR272C,0,-2.7777877,0.12039659917354584,0.7311828136444092,0.5341935753822327
YPL130W,YFR050C,0,-2.777892,0.12035398185253143,0.7311828136444092,0.5344086289405823
YGL139W,YHR080C,0,-2.779145,0.12031139433383942,0.7311828136444092,0.5346236824989319
YIL033C,YOR109W,0,-2.7792504,0.12026883661746979,0.7311828136444092,0.5348387360572815
YIL053W,YIL096C,0,-2.779498,0.12022630870342255,0.7311828136444092,0.5350537896156311
YER093C,YDR211W,1,-2.7795477,0.12053729593753815,0.7333333492279053,0.5350537896156311
YKR064W,YJL173C,0,-2.7797103,0.12049470096826553,0.7333333492279053,0.5352688431739807
YEL020W-A,YPL169C,0,-2.7802234,0.12045213580131531,0.7333333492279053,0.5354838967323303
YOL095C,YIL173W,0,-2.7806997,0.12040960788726807,0.7333333492279053,0.5356989502906799
YEL019C,YNR071C,0,-2.7809253,0.12036710232496262,0.7333333492279053,0.5359140038490295
YGL126W,YOL116W,0,-2.781484,0.12032462656497955,0.7333333492279053,0.5361290574073792
YOL023W,YOL059W,0,-2.781826,0.12028218805789948,0.7333333492279053,0.5363441109657288
YHR197W,YPR068C,0,-2.7822285,0.12023977190256119,0.7333333492279053,0.5365591645240784
YMR275C,YDR284C,0,-2.7826247,0.12019739300012589,0.7333333492279053,0.536774218082428
YIL098C,YBR168W,0,-2.7827518,0.12015503644943237,0.7333333492279053,0.5369892716407776
YMR207C,YGR044C,0,-2.7828536,0.12011271715164185,0.7333333492279053,0.5372043251991272
YIL107C,YPR086W,0,-2.7828941,0.12007042020559311,0.7333333492279053,0.5374193787574768
YNL328C,YBR248C,0,-2.7832165,0.12002816051244736,0.7333333492279053,0.5376344323158264
YHR035W,YDL031W,0,-2.7840981,0.1199859231710434,0.7333333492279053,0.537849485874176
YIL064W,YJR131W,0,-2.7842238,0.11994372308254242,0.7333333492279053,0.5380645394325256
YOR320C,YKL129C,0,-2.7843888,0.11990154534578323,0.7333333492279053,0.5382795929908752
YDR441C,YDR201W,0,-2.7845562,0.11985940486192703,0.7333333492279053,0.5384946465492249
YNL054W,YOL084W,0,-2.784698,0.11981728672981262,0.7333333492279053,0.5387097001075745
YPR055W,YJR153W,0,-2.7847776,0.1197751984000206,0.7333333492279053,0.5389247536659241
YER143W,YNR059W,0,-2.7848463,0.11973314732313156,0.7333333492279053,0.5391398072242737
YLR361C,YCL054W,0,-2.784988,0.11969111859798431,0.7333333492279053,0.5393548607826233
YJL003W,YMR001C,0,-2.785602,0.11964911967515945,0.7333333492279053,0.5395699143409729
YBR189W,YDR328C,0,-2.7857857,0.11960715800523758,0.7333333492279053,0.5397849678993225
YNL048W,YBR089C-A,0,-2.785933,0.1195652186870575,0.7333333492279053,0.5400000214576721
YPL137C,YOR113W,0,-2.7866526,0.1195233091711998,0.7333333492279053,0.5402150750160217
YNL076W,YPL189W,0,-2.7870975,0.11948142945766449,0.7333333492279053,0.5404301285743713
YOR372C,YPL076W,0,-2.787434,0.11943957954645157,0.7333333492279053,0.540645182132721
YOL098C,YBL013W,0,-2.7876961,0.11939775943756104,0.7333333492279053,0.5408602356910706
YER093C,YLL017W,1,-2.7883887,0.11970598250627518,0.7354838848114014,0.5408602356910706
YPL183C,YER167W,0,-2.7887077,0.11966410279273987,0.7354838848114014,0.5410752892494202
YJR102C,YKR095W,0,-2.7902298,0.11962224543094635,0.7354838848114014,0.5412903428077698
YDR188W,YJL179W,0,-2.7905202,0.11958041787147522,0.7354838848114014,0.5415053963661194
YGL243W,YOR358W,0,-2.7907119,0.11953862011432648,0.7354838848114014,0.541720449924469
YGR266W,YDR057W,0,-2.7910197,0.11949685215950012,0.7354838848114014,0.5419355034828186
YDL220C,YHR138C,0,-2.7918978,0.11945511400699615,0.7354838848114014,0.5421505570411682
YEL019C,YBR153W,0,-2.7925549,0.11941340565681458,0.7354838848114014,0.5423656105995178
YNL286W,YCR065W,0,-2.792613,0.11937172710895538,0.7354838848114014,0.5425806641578674
YDL240W,YNL199C,0,-2.7931771,0.11933007836341858,0.7354838848114014,0.542795717716217
YDR377W,YHL017W,0,-2.7938547,0.11928845196962357,0.7354838848114014,0.5430107712745667
YLR382C,YBL063W,0,-2.7945836,0.11924686282873154,0.7354838848114014,0.5432258248329163
YPL133C,YBL014C,0,-2.7946353,0.1192052960395813,0.7354838848114014,0.5434408783912659
YNL297C,YCR038C,1,-2.7951128,0.11951219290494919,0.7376344203948975,0.5434408783912659
YER063W,YJL045W,0,-2.7951744,0.11947056651115417,0.7376344203948975,0.5436559319496155
YGL025C,YBR146W,0,-2.7957206,0.11942896991968155,0.7376344203948975,0.5438709855079651
YNL194C,YGR224W,0,-2.795738,0.11938740313053131,0.7376344203948975,0.5440860390663147
YPL146C,YBR086C,0,-2.7967072,0.11934585869312286,0.7376344203948975,0.5443010926246643
YML127W,YER060W-A,0,-2.797526,0.1193043515086174,0.7376344203948975,0.5445161461830139
YOL009C,YNL288W,0,-2.7977276,0.11926286667585373,0.7376344203948975,0.5447311997413635
YPL248C,YDL117W,0,-2.79773,0.11922141164541245,0.7376344203948975,0.5449462532997131
YNL048W,YDR384C,0,-2.7978663,0.11917998641729355,0.7376344203948975,0.5451613068580627
YGR024C,YMR175W,0,-2.7984345,0.11913859099149704,0.7376344203948975,0.5453763604164124
YIL056W,YMR313C,0,-2.7984428,0.11909722536802292,0.7376344203948975,0.545591413974762
YKL045W,YJL179W,0,-2.7986388,0.11905588209629059,0.7376344203948975,0.5458064675331116
YOR045W,YNL286W,0,-2.798908,0.11901457607746124,0.7376344203948975,0.5460215210914612
YOR267C,YDR259C,0,-2.7991116,0.11897329241037369,0.7376344203948975,0.5462365746498108
YJL057C,YOL051W,0,-2.799395,0.11893203854560852,0.7376344203948975,0.5464516282081604
YGR212W,YNR052C,0,-2.7996135,0.11889081448316574,0.7376344203948975,0.54666668176651
YHR202W,YDR407C,0,-2.800234,0.11884962022304535,0.7376344203948975,0.5468817353248596
YBR114W,YGL127C,0,-2.8003316,0.11880844831466675,0.7376344203948975,0.5470967888832092
YER100W,YIL154C,0,-2.800564,0.11876731365919113,0.7376344203948975,0.5473118424415588
YPR180W,YKL080W,0,-2.8012795,0.1187262013554573,0.7376344203948975,0.5475268959999084
YKL129C,YGR003W,0,-2.80157,0.11868511885404587,0.7376344203948975,0.5477419495582581
YER056C,YHR090C,0,-2.8025131,0.11864406615495682,0.7376344203948975,0.5479570031166077
YDL149W,YLR323C,0,-2.8028126,0.11860304325819016,0.7376344203948975,0.5481720566749573
YLL026W,YML127W,0,-2.802889,0.11856204271316528,0.7376344203948975,0.5483871102333069
YIR019C,YNL194C,0,-2.8030028,0.1185210794210434,0.7376344203948975,0.5486021637916565
YLL017W,YBR131W,1,-2.8035612,0.11882556229829788,0.7397849559783936,0.5486021637916565
YER093C,YCL068C,1,-2.8038883,0.11912983655929565,0.7419354915618896,0.5486021637916565
YPL137C,YDR257C,0,-2.8042817,0.11908870935440063,0.7419354915618896,0.5488172173500061
YDR325W,YDL154W,0,-2.805006,0.1190476194024086,0.7419354915618896,0.5490322709083557
YOL009C,YLR363C,0,-2.8053272,0.11900655180215836,0.7419354915618896,0.5492473244667053
YLR019W,YEL051W,0,-2.805712,0.1189655140042305,0.7419354915618896,0.5494623780250549
YKR089C,YLR215C,0,-2.8062413,0.11892450600862503,0.7419354915618896,0.5496774315834045
YNL161W,YER071C,0,-2.8062892,0.11888352781534195,0.7419354915618896,0.5498924851417542
YBR003W,YDR301W,0,-2.8064451,0.11884257942438126,0.7419354915618896,0.5501075387001038
YMR234W,YML127W,0,-2.8066118,0.11880165338516235,0.7419354915618896,0.5503225922584534
YPR114W,YLR361C,0,-2.8066893,0.11876075714826584,0.7419354915618896,0.550537645816803
YPR110C,YLR313C,0,-2.8066907,0.11871989071369171,0.7419354915618896,0.5507526993751526
YBR005W,YCL016C,0,-2.8069599,0.11867905408143997,0.7419354915618896,0.5509677529335022
YLR259C,YIL062C,0,-2.80782,0.11863823980093002,0.7419354915618896,0.5511828064918518
YDR435C,YKL006C-A,0,-2.8079557,0.11859745532274246,0.7419354915618896,0.5513978600502014
YOL132W,YML102W,0,-2.8080008,0.11855670064687729,0.7419354915618896,0.551612913608551
YPL234C,YOR129C,0,-2.8082652,0.1185159757733345,0.7419354915618896,0.5518279671669006
YNR019W,YDL145C,0,-2.8083992,0.11847527325153351,0.7419354915618896,0.5520430207252502
YDR441C,YPR010C,0,-2.8085518,0.1184346005320549,0.7419354915618896,0.5522580742835999
YBR131W,YCL068C,1,-2.808598,0.118737131357193,0.7440860271453857,0.5522580742835999
YNL250W,YFR049W,0,-2.8090754,0.11869639903306961,0.7440860271453857,0.5524731278419495
YJL035C,YDR087C,0,-2.8101094,0.11865568906068802,0.7440860271453857,0.5526881814002991
YDL100C,YPR017C,1,-2.8104072,0.11895783245563507,0.7462365627288818,0.5526881814002991
YNL250W,YKR099W,0,-2.8106833,0.1189170628786087,0.7462365627288818,0.5529032349586487
YDR175C,YDR244W,0,-2.8107688,0.11887633055448532,0.7462365627288818,0.5531182885169983
YLR360W,YBL014C,0,-2.8108013,0.11883561313152313,0.7462365627288818,0.5533333420753479
YPR037C,YGR097W,0,-2.8114634,0.11879493296146393,0.7462365627288818,0.5535483956336975
YMR063W,YHR133C,0,-2.8117967,0.11875427514314651,0.7462365627288818,0.5537634491920471
YML067C,YGR260W,0,-2.8119135,0.11871364712715149,0.7462365627288818,0.5539785027503967
YNL137C,YGR030C,0,-2.8121083,0.11867304891347885,0.7462365627288818,0.5541935563087463
YHR009C,YKL080W,0,-2.8122964,0.1186324805021286,0.7462365627288818,0.554408609867096
YKL033W,YLR092W,0,-2.812763,0.11859193444252014,0.7462365627288818,0.5546236634254456
YPL234C,YLR059C,0,-2.813089,0.11855141818523407,0.7462365627288818,0.5548387169837952
YIL007C,YHR138C,0,-2.8152463,0.11851093173027039,0.7462365627288818,0.5550537705421448
YHR150W,YBL005W,0,-2.8155682,0.11847046762704849,0.7462365627288818,0.5552688241004944
YMR055C,YOR059C,0,-2.815592,0.11843003332614899,0.7462365627288818,0.555483877658844
YDL154W,YKL077W,0,-2.8156984,0.11838962882757187,0.7462365627288818,0.5556989312171936
YKL110C,YDL093W,0,-2.8158088,0.11834924668073654,0.7462365627288818,0.5559139847755432
YOR172W,YLR007W,0,-2.8158205,0.1183089017868042,0.7462365627288818,0.5561290383338928
YBR085W,YLR075W,0,-2.8161275,0.11826857179403305,0.7462365627288818,0.5563440918922424
YPL171C,YFR030W,0,-2.8162618,0.11822827905416489,0.7462365627288818,0.556559145450592
YDL209C,YPL076W,0,-2.8171144,0.11818800866603851,0.7462365627288818,0.5567741990089417
YHR033W,YNR055C,0,-2.8178506,0.11814776808023453,0.7462365627288818,0.5569892525672913
YOR236W,YDR217C,0,-2.8179696,0.11810755729675293,0.7462365627288818,0.5572043061256409
YKR027W,YLR259C,0,-2.8181176,0.11806736886501312,0.7462365627288818,0.5574193596839905
YKL141W,YHL031C,0,-2.818808,0.1180272102355957,0.7462365627288818,0.5576344132423401
YOR191W,YNR052C,0,-2.8188481,0.11798708140850067,0.7462365627288818,0.5578494668006897
YCR091W,YNL180C,0,-2.8199072,0.11794697493314743,0.7462365627288818,0.5580645203590393
YLR039C,YLL016W,1,-2.8201838,0.11824668943881989,0.7483870983123779,0.5580645203590393
YMR286W,YIL033C,0,-2.8203757,0.11820652335882187,0.7483870983123779,0.5582795739173889
YIL156W,YOR049C,0,-2.8204756,0.11816638708114624,0.7483870983123779,0.5584946274757385
YDR289C,YMR156C,0,-2.8205562,0.1181262731552124,0.7483870983123779,0.5587096810340881
YPL209C,YPR169W,0,-2.8206725,0.11808618903160095,0.7483870983123779,0.5589247345924377
YNL133C,YLR292C,0,-2.8206956,0.11804613471031189,0.7483870983123779,0.5591397881507874
YDR468C,YIL087C,0,-2.8210166,0.11800610274076462,0.7483870983123779,0.559354841709137
YIR019C,YMR242C,0,-2.8211849,0.11796610057353973,0.7483870983123779,0.5595698952674866
YER028C,YEL044W,0,-2.821659,0.11792612820863724,0.7483870983123779,0.5597849488258362
YBR272C,YHR037W,0,-2.8221056,0.11788617819547653,0.7483870983123779,0.5600000023841858
YOR009W,YOR271C,0,-2.8226342,0.11784625798463821,0.7483870983123779,0.5602150559425354
YDL175C,YOR065W,0,-2.8226404,0.11780636757612228,0.7483870983123779,0.560430109500885
YGL018C,YDR438W,0,-2.8227308,0.11776649951934814,0.7483870983123779,0.5606451630592346
YOR359W,YMR125W,0,-2.8229105,0.11772666126489639,0.7483870983123779,0.5608602166175842
YDR261C,YHL026C,0,-2.8235168,0.11768684536218643,0.7483870983123779,0.5610752701759338
YDR490C,YJL216C,0,-2.823625,0.11764705926179886,0.7483870983123779,0.5612903237342834
YOR172W,YMR091C,0,-2.8237479,0.11760730296373367,0.7483870983123779,0.5615053772926331
YOR247W,YCR044C,0,-2.8246129,0.11756756901741028,0.7483870983123779,0.5617204308509827
YPL173W,YJL168C,0,-2.8249648,0.11752786487340927,0.7483870983123779,0.5619354844093323
YNL233W,YJL083W,0,-2.8253064,0.11748818308115005,0.7483870983123779,0.5621505379676819
YDL105W,YNR052C,0,-2.8253675,0.11744853109121323,0.7483870983123779,0.5623655915260315
YNL094W,YOL052C-A,0,-2.8256016,0.11740890890359879,0.7483870983123779,0.5625806450843811
YDL189W,YIL130W,0,-2.8258224,0.11736930906772614,0.7483870983123779,0.5627956986427307
YOL069W,YPR017C,0,-2.8260102,0.11732973903417587,0.7483870983123779,0.5630107522010803
YJL173C,YKL005C,0,-2.8261619,0.1172901913523674,0.7483870983123779,0.5632258057594299
YDL240W,YJL069C,0,-2.826241,0.11725067347288132,0.7483870983123779,0.5634408593177795
YOR018W,YHL050C,0,-2.8262765,0.11721118539571762,0.7483870983123779,0.5636559128761292
YNL051W,YDR092W,0,-2.8269913,0.11717171967029572,0.7483870983123779,0.5638709664344788
YKL016C,YML076C,0,-2.8285246,0.1171322762966156,0.7483870983123779,0.5640860199928284
YGR181W,YGL016W,0,-2.8288918,0.11709287017583847,0.7483870983123779,0.564301073551178
YOR273C,YNL288W,0,-2.8292406,0.11705347895622253,0.7483870983123779,0.5645161271095276
YDR045C,YHR114W,0,-2.8293025,0.11701412498950958,0.7483870983123779,0.5647311806678772
YPR095C,YNL123W,0,-2.8295417,0.11697479337453842,0.7483870983123779,0.5649462342262268
YHR120W,YFR034C,0,-2.8296702,0.11693548411130905,0.7483870983123779,0.5651612877845764
YJR120W,YBR094W,0,-2.8298254,0.11689620465040207,0.7483870983123779,0.565376341342926
YKL069W,YIL123W,0,-2.8298502,0.11685694754123688,0.7483870983123779,0.5655913949012756
YNL250W,YPL043W,0,-2.830514,0.11681772768497467,0.7483870983123779,0.5658064484596252
YEL005C,YDR464W,0,-2.8311446,0.11677852272987366,0.7483870983123779,0.5660215020179749
YLR367W,YGR296W,0,-2.83189,0.11673934757709503,0.7483870983123779,0.5662365555763245
YDR175C,YBR208C,0,-2.8320646,0.1167002022266388,0.7483870983123779,0.5664516091346741
YOR241W,YKR083C,0,-2.8322358,0.11666107922792435,0.7483870983123779,0.5666666626930237
YMR048W,YDR430C,0,-2.832628,0.11662198603153229,0.7483870983123779,0.5668817162513733
YCR036W,YPL056C,0,-2.8327522,0.11658291518688202,0.7483870983123779,0.5670967698097229
YOR262W,YPR174C,0,-2.8328898,0.11654387414455414,0.7483870983123779,0.5673118233680725
YIL019W,YDR057W,0,-2.8330722,0.11650485545396805,0.7483870983123779,0.5675268769264221
YOR316C,YLR181C,0,-2.8335948,0.11646586656570435,0.7483870983123779,0.5677419304847717
YHR204W,YNL065W,0,-2.8336234,0.11642690002918243,0.7483870983123779,0.5679569840431213
YCR107W,YCR021C,0,-2.833686,0.11638796329498291,0.7483870983123779,0.568172037601471
YGR024C,YBL031W,0,-2.8342643,0.11634904891252518,0.7483870983123779,0.5683870911598206
YML107C,YIL056W,0,-2.835309,0.11631015688180923,0.7483870983123779,0.5686021447181702
YPR131C,YJL035C,0,-2.8353744,0.11627130210399628,0.7483870983123779,0.5688171982765198
YOR266W,YHL006C,0,-2.836072,0.11623246222734451,0.7483870983123779,0.5690322518348694
YBR094W,YPL189W,0,-2.8367348,0.11619365960359573,0.7483870983123779,0.569247305393219
YDR325W,YJL094C,0,-2.8376067,0.11615487188100815,0.7483870983123779,0.5694623589515686
YBR078W,YNL161W,0,-2.8390098,0.11611611396074295,0.7483870983123779,0.5696774125099182
YPL061W,YKL080W,0,-2.8393312,0.11607738584280014,0.7483870983123779,0.5698924660682678
YFL056C,YJL045W,0,-2.8393536,0.11603868007659912,0.7483870983123779,0.5701075196266174
YLR260W,YJL196C,0,-2.8397598,0.11599999666213989,0.7483870983123779,0.570322573184967
YGR212W,YNL199C,0,-2.8398724,0.11596134305000305,0.7483870983123779,0.5705376267433167
YGR070W,YJR031C,1,-2.839965,0.11625582724809647,0.750537633895874,0.5705376267433167
YGL058W,YNL214W,0,-2.8399973,0.11621711403131485,0.750537633895874,0.5707526803016663
YBR029C,YJR153W,0,-2.8409157,0.11617843061685562,0.750537633895874,0.5709677338600159
YOL144W,YIL069C,0,-2.8411818,0.11613976955413818,0.750537633895874,0.5711827874183655
YAR042W,YPL175W,0,-2.8412414,0.11610113084316254,0.750537633895874,0.5713978409767151
YKL040C,YPL233W,0,-2.8413322,0.11606252193450928,0.750537633895874,0.5716128945350647
YFL026W,YHR037W,0,-2.8413486,0.11602393537759781,0.750537633895874,0.5718279480934143
YDR002W,YER139C,0,-2.8413608,0.11598537862300873,0.750537633895874,0.5720430016517639
YGL087C,YDR045C,0,-2.841567,0.11594684422016144,0.750537633895874,0.5722580552101135
YIL137C,YLR150W,0,-2.841842,0.11590833961963654,0.750537633895874,0.5724731087684631
YNL183C,YEL019C,0,-2.8418725,0.11586985737085342,0.750537633895874,0.5726881623268127
YOL051W,YPL010W,0,-2.8421588,0.1158313974738121,0.750537633895874,0.5729032158851624
YBR078W,YDR292C,0,-2.8424993,0.11579296737909317,0.750537633895874,0.573118269443512
YGR212W,YNR048W,0,-2.842637,0.11575455963611603,0.750537633895874,0.5733333230018616
YPR095C,YER155C,1,-2.8435502,0.11604774743318558,0.7526881694793701,0.5733333230018616
YOR264W,YDR384C,0,-2.8438034,0.11600928008556366,0.7526881694793701,0.5735483765602112
YJR153W,YKR099W,0,-2.8443758,0.11597084254026413,0.7526881694793701,0.5737634301185608
YLR371W,YCL068C,1,-2.8447924,0.11626366525888443,0.7548387050628662,0.5737634301185608
YMR230W,YKL114C,0,-2.845974,0.11622516810894012,0.7548387050628662,0.5739784836769104
YPL215W,YLL067C,0,-2.8465405,0.11618669331073761,0.7548387050628662,0.57419353723526
YCR045C,YMR262W,0,-2.846634,0.11614824831485748,0.7548387050628662,0.5744085907936096
YDR211W,YAL003W,1,-2.8467417,0.11644062399864197,0.7569892406463623,0.5744085907936096
YPL280W,YGR129W,0,-2.8468277,0.11640211939811707,0.7569892406463623,0.5746236443519592
YLL018C-A,YDR261C,0,-2.8469596,0.11636363714933395,0.7569892406463623,0.5748386979103088
YIL119C,YBR169C,0,-2.847022,0.11632518470287323,0.7569892406463623,0.5750537514686584
YCL017C,YER028C,0,-2.8472862,0.1162867546081543,0.7569892406463623,0.5752688050270081
YIL053W,YDR469W,0,-2.8474402,0.11624834686517715,0.7569892406463623,0.5754838585853577
YDL100C,YAL003W,1,-2.8474798,0.11654011160135269,0.7591397762298584,0.5754838585853577
YAL048C,YML047C,0,-2.8475866,0.11650165170431137,0.7591397762298584,0.5756989121437073
YKL016C,YER155C,0,-2.8476706,0.11646321415901184,0.7591397762298584,0.5759139657020569
YOR380W,YGR030C,0,-2.8478932,0.1164247989654541,0.7591397762298584,0.5761290192604065
YOR172W,YHR150W,0,-2.8484704,0.11638641357421875,0.7591397762298584,0.5763440728187561
YIL064W,YHR169W,0,-2.8485548,0.11634805798530579,0.7591397762298584,0.5765591263771057
YMR192W,YEL018W,0,-2.8487444,0.11630971729755402,0.7591397762298584,0.5767741799354553
YDR377W,YPR007C,0,-2.8491793,0.11627140641212463,0.7591397762298584,0.5769892334938049
YOR191W,YER127W,0,-2.8495944,0.11623312532901764,0.7591397762298584,0.5772042870521545
YNL062C,YCR063W,0,-2.8497388,0.11619486659765244,0.7591397762298584,0.5774193406105042
YAL024C,YLR291C,1,-2.8499122,0.11648568511009216,0.7612903118133545,0.5774193406105042
YIL106W,YNL055C,0,-2.8506124,0.11644736677408218,0.7612903118133545,0.5776343941688538
YDR361C,YHL050C,0,-2.8506255,0.11640907824039459,0.7612903118133545,0.5778494477272034
YDR367W,YDL113C,0,-2.8509617,0.11637081205844879,0.7612903118133545,0.578064501285553
YMR175W,YDR080W,0,-2.8514671,0.11633256822824478,0.7612903118133545,0.5782795548439026
YGL104C,YBR101C,0,-2.851675,0.11629434674978256,0.7612903118133545,0.5784946084022522
YFL026W,YLR432W,0,-2.8518054,0.11625615507364273,0.7612903118133545,0.5787096619606018
YER056C,YLR435W,0,-2.851931,0.11621799319982529,0.7612903118133545,0.5789247155189514
YDR127W,YDR039C,0,-2.8520257,0.11617984622716904,0.7612903118133545,0.579139769077301
YCL068C,YLR310C,1,-2.852603,0.11646981537342072,0.7634408473968506,0.579139769077301
YCR086W,YPL040C,0,-2.8526065,0.11643161624670029,0.7634408473968506,0.5793548226356506
YDR325W,YPR161C,0,-2.8526664,0.11639343947172165,0.7634408473968506,0.5795698761940002
YOL020W,YPL173W,0,-2.8527896,0.1163552924990654,0.7634408473968506,0.5797849297523499
YJR046W,YGR083C,0,-2.8541548,0.11631716787815094,0.7634408473968506,0.5799999833106995
YBL056W,YDR317W,0,-2.854366,0.11627907305955887,0.7634408473968506,0.5802150368690491
YHR194W,YGR260W,0,-2.8545825,0.11624099314212799,0.7634408473968506,0.5804300904273987
YCR031C,YML061C,0,-2.8551307,0.1162029430270195,0.7634408473968506,0.5806451439857483
YDR468C,YDR009W,0,-2.8559828,0.1161649227142334,0.7634408473968506,0.5808601975440979
YER028C,YBL025W,0,-2.8560853,0.11612692475318909,0.7634408473968506,0.5810752511024475
YPL116W,YDR246W,0,-2.8563707,0.11608894914388657,0.7634408473968506,0.5812903046607971
YNL036W,YPL161C,0,-2.8564367,0.11605099588632584,0.7634408473968506,0.5815053582191467
YMR243C,YPR188C,0,-2.8564405,0.1160130724310875,0.7634408473968506,0.5817204117774963
YGR212W,YDL175C,0,-2.8568864,0.11597517132759094,0.7634408473968506,0.581935465335846
YER093C,YPR174C,0,-2.8573723,0.11593729257583618,0.7634408473968506,0.5821505188941956
YLR417W,YJL179W,0,-2.857503,0.11589944362640381,0.7634408473968506,0.5823655724525452
YLR006C,YBL038W,0,-2.8576803,0.11586161702871323,0.7634408473968506,0.5825806260108948
YLR150W,YDR359C,0,-2.8576856,0.11582382023334503,0.7634408473968506,0.5827956795692444
YHR204W,YCR063W,0,-2.8577542,0.11578603833913803,0.7634408473968506,0.583010733127594
YDR377W,YKL134C,0,-2.857823,0.11574828624725342,0.7634408473968506,0.5832257866859436
YOL121C,YCL054W,0,-2.8579836,0.11571056395769119,0.7634408473968506,0.5834408402442932
YLR425W,YPR017C,1,-2.8580852,0.11599870026111603,0.7655913829803467,0.5834408402442932
YER143W,YLR328W,0,-2.8586726,0.11596091091632843,0.7655913829803467,0.5836558938026428
YDR398W,YNL142W,0,-2.8591297,0.11592315137386322,0.7655913829803467,0.5838709473609924
YAR033W,YOR273C,0,-2.8592596,0.1158854141831398,0.7655913829803467,0.584086000919342
YLR039C,YPR017C,1,-2.8600307,0.11617311835289001,0.7677419185638428,0.584086000919342
YKL129C,YIL087C,0,-2.8603039,0.11613532900810242,0.7677419185638428,0.5843010544776917
YGL104C,YOR316C,0,-2.860996,0.11609756201505661,0.7677419185638428,0.5845161080360413
YBR078W,YDL093W,0,-2.8619332,0.1160598173737526,0.7677419185638428,0.5847311615943909
YOL023W,YNR059W,0,-2.8622284,0.11602210253477097,0.7677419185638428,0.5849462151527405
YDL098C,YER063W,0,-2.8622458,0.11598440259695053,0.7677419185638428,0.5851612687110901
YOR252W,YBR109C,0,-2.862783,0.11594673246145248,0.7677419185638428,0.5853763222694397
YPL173W,YMR091C,0,-2.8630269,0.11590909212827682,0.7677419185638428,0.5855913758277893
YOR045W,YHR165C,0,-2.8632185,0.11587146669626236,0.7677419185638428,0.5858064293861389
YGR235C,YGR244C,0,-2.8636956,0.11583387106657028,0.7677419185638428,0.5860214829444885
YKL052C,YDR168W,0,-2.8640718,0.11579630523920059,0.7677419185638428,0.5862365365028381
YJL096W,YLL067C,0,-2.8645468,0.1157587543129921,0.7677419185638428,0.5864515900611877
YKL006W,YBR028C,0,-2.8645864,0.11572123318910599,0.7677419185638428,0.5866666436195374
YLR382C,YJL001W,0,-2.8653638,0.11568373441696167,0.7677419185638428,0.586881697177887
YMR063W,YIL033C,0,-2.8661535,0.11564625799655914,0.7677419185638428,0.5870967507362366
YAR042W,YDR308C,0,-2.8663855,0.115608811378479,0.7677419185638428,0.5873118042945862
YPR169W,YKL081W,0,-2.8676882,0.11557137966156006,0.7677419185638428,0.5875268578529358
YLR060W,YBR094W,0,-2.8677607,0.1155339777469635,0.7677419185638428,0.5877419114112854
YDR372C,YIL043C,0,-2.8679523,0.11549660563468933,0.7677419185638428,0.587956964969635
YPR175W,YPL145C,0,-2.8688629,0.11545924842357635,0.7677419185638428,0.5881720185279846
YPR180W,YNL161W,0,-2.8693314,0.11542192101478577,0.7677419185638428,0.5883870720863342
YAL003W,YGR083C,1,-2.8694897,0.11570782214403152,0.7698924541473389,0.5883870720863342
YDR377W,YDL105W,0,-2.8696482,0.11567043513059616,0.7698924541473389,0.5886021256446838
YJL059W,YER081W,0,-2.869978,0.11563307791948318,0.7698924541473389,0.5888171792030334
YNL038W,YKL081W,0,-2.8700733,0.1155957356095314,0.7698924541473389,0.5890322327613831
YML076C,YDL119C,0,-2.8711317,0.11555842310190201,0.7698924541473389,0.5892472863197327
YNR026C,YCR038C,1,-2.8716364,0.11584381759166718,0.772042989730835,0.5892472863197327
YHR169W,YOR341W,0,-2.8717284,0.1158064529299736,0.772042989730835,0.5894623398780823
YJR150C,YML031W,0,-2.8717403,0.11576910316944122,0.772042989730835,0.5896773934364319
YDR148C,YGR055W,0,-2.8722324,0.11573178321123123,0.772042989730835,0.5898924469947815
YOL069W,YOR132W,0,-2.8724449,0.11569448560476303,0.772042989730835,0.5901075005531311
YBR131W,YKL039W,0,-2.8729272,0.11565721780061722,0.772042989730835,0.5903225541114807
YIL014W,YOL059W,0,-2.8736706,0.1156199648976326,0.772042989730835,0.5905376076698303
YFR050C,YIR031C,0,-2.8745596,0.11558274179697037,0.772042989730835,0.5907526612281799
YER063W,YGL087C,0,-2.8747303,0.11554554104804993,0.772042989730835,0.5909677147865295
YPR161C,YKR083C,0,-2.8748298,0.11550836265087128,0.772042989730835,0.5911827683448792
YML004C,YDR386W,0,-2.8751464,0.11547121405601501,0.772042989730835,0.5913978219032288
YHR035W,YJL183W,0,-2.8755708,0.11543408036231995,0.772042989730835,0.5916128754615784
YJR042W,YLR249W,0,-2.8756557,0.11539697647094727,0.772042989730835,0.591827929019928
YNL199C,YNL024C,0,-2.8766832,0.11535989493131638,0.772042989730835,0.5920429825782776
YML059C,YDR381W,0,-2.8768082,0.11532284319400787,0.772042989730835,0.5922580361366272
YMR232W,YBR003W,0,-2.8779466,0.11528580635786057,0.772042989730835,0.5924730896949768
YGL063W,YOR272W,0,-2.8783407,0.11524879932403564,0.772042989730835,0.5926881432533264
YMR048W,YOR363C,0,-2.878389,0.11521180719137192,0.772042989730835,0.592903196811676
YDL072C,YDR343C,0,-2.8784876,0.11517484486103058,0.772042989730835,0.5931182503700256
YPR034W,YKL079W,0,-2.879849,0.11513791233301163,0.772042989730835,0.5933333039283752
YKR089C,YPR131C,0,-2.8800468,0.11510099470615387,0.772042989730835,0.5935483574867249
YLR371W,YLL017W,1,-2.8806987,0.11538461595773697,0.774193525314331,0.5935483574867249
YBL080C,YDR212W,0,-2.8807318,0.11534764617681503,0.774193525314331,0.5937634706497192
YOL154W,YCL039W,0,-2.8814507,0.11531069874763489,0.774193525314331,0.5939785242080688
YLR131C,YMR153W,0,-2.8816295,0.11527377367019653,0.774193525314331,0.5941935777664185
YNR026C,YLL016W,1,-2.881844,0.1155569776892662,0.7763440608978271,0.5941935777664185
YOR363C,YNL240C,0,-2.881877,0.11552000045776367,0.7763440608978271,0.5944086313247681
YIL075C,YOR086C,0,-2.8820448,0.11548304557800293,0.7763440608978271,0.5946236848831177
YJR131W,YER060W,0,-2.8821278,0.11544611304998398,0.7763440608978271,0.5948387384414673
YGR296W,YMR183C,0,-2.8821735,0.11540921032428741,0.7763440608978271,0.5950537919998169
YGR193C,YNL123W,0,-2.8826134,0.11537232249975204,0.7763440608978271,0.5952688455581665
YNL288W,YDR040C,0,-2.8830218,0.11533546447753906,0.7763440608978271,0.5954838991165161
YPR180W,YPL018W,0,-2.8833992,0.11529862880706787,0.7763440608978271,0.5956989526748657
YIL148W,YPL117C,0,-2.8840823,0.11526181548833847,0.7763440608978271,0.5959140062332153
YLR263W,YHR193C,0,-2.8841553,0.11522502452135086,0.7763440608978271,0.5961290597915649
YHR088W,YFL026W,0,-2.8844829,0.11518825590610504,0.7763440608978271,0.5963441133499146
YKR053C,YLR384C,0,-2.884756,0.11515151709318161,0.7763440608978271,0.5965591669082642
YBR168W,YOR110W,0,-2.885049,0.11511479318141937,0.7763440608978271,0.5967742204666138
YPL203W,YLR092W,0,-2.8855228,0.11507809907197952,0.7763440608978271,0.5969892740249634
YDL160C,YIL053W,0,-2.8861916,0.11504142731428146,0.7763440608978271,0.597204327583313
YKL191W,YBL031W,0,-2.8865905,0.1150047779083252,0.7763440608978271,0.5974193811416626
YJL174W,YIR019C,0,-2.8868222,0.11496815085411072,0.7763440608978271,0.5976344347000122
YPL105C,YKR075C,0,-2.8869622,0.11493155360221863,0.7763440608978271,0.5978494882583618
YJL078C,YKL196C,0,-2.8870625,0.11489497125148773,0.7763440608978271,0.5980645418167114
YGL063W,YAL030W,0,-2.887093,0.11485841870307922,0.7763440608978271,0.598279595375061
YPL248C,YLR068W,0,-2.8873925,0.11482188105583191,0.7763440608978271,0.5984946489334106
YML107C,YGL219C,0,-2.8875928,0.11478537321090698,0.7763440608978271,0.5987097024917603
YLR193C,YBL031W,0,-2.8879998,0.11474888771772385,0.7763440608978271,0.5989247560501099
YML011C,YBR181C,0,-2.8900476,0.1147124245762825,0.7763440608978271,0.5991398096084595
YKR088C,YCL001W,0,-2.890109,0.11467598378658295,0.7763440608978271,0.5993548631668091
YGL126W,YLR299W,0,-2.8901904,0.11463956534862518,0.7763440608978271,0.5995699167251587
YOR049C,YKR049C,0,-2.8908496,0.11460317671298981,0.7763440608978271,0.5997849702835083
YOR267C,YKL052C,0,-2.891087,0.11456680297851562,0.7763440608978271,0.6000000238418579
YPR017C,YOR335C,0,-2.8911939,0.11453045904636383,0.7763440608978271,0.6002150774002075
YER100W,YOL084W,0,-2.8917727,0.11449413001537323,0.7763440608978271,0.6004301309585571
YJR046W,YJL180C,0,-2.892624,0.11445783078670502,0.7763440608978271,0.6006451845169067
YHR205W,YOL126C,0,-2.892767,0.1144215539097786,0.7763440608978271,0.6008602380752563
YJL174W,YGR174C,0,-2.8939438,0.11438529938459396,0.7763440608978271,0.601075291633606
YER155C,YLL017W,1,-2.894183,0.11466582119464874,0.7784945964813232,0.601075291633606
YFR024C-A,YDR438W,0,-2.8947897,0.11462951451539993,0.7784945964813232,0.6012903451919556
YPR046W,YKL051W,0,-2.894794,0.11459322273731232,0.7784945964813232,0.6015053987503052
YPL210C,YNR033W,0,-2.894803,0.11455696076154709,0.7784945964813232,0.6017204523086548
YFL025C,YMR205C,0,-2.8949006,0.11452072113752365,0.7784945964813232,0.6019355058670044
YER176W,YLL006W,0,-2.895363,0.114484503865242,0.7784945964813232,0.602150559425354
YBR279W,YMR156C,0,-2.8957613,0.11444830894470215,0.7784945964813232,0.6023656129837036
YJL173C,YOR272W,0,-2.8961208,0.11441213637590408,0.7784945964813232,0.6025806665420532
YHR108W,YLR260W,0,-2.8962169,0.11437598615884781,0.7784945964813232,0.6027957201004028
YJR046W,YKL080W,0,-2.8963566,0.11433985829353333,0.7784945964813232,0.6030107736587524
YBR208C,YDR005C,0,-2.896623,0.11430376023054123,0.7784945964813232,0.603225827217102
YHR205W,YBR272C,0,-2.896761,0.11426767706871033,0.7784945964813232,0.6034408807754517
YDL081C,YLR017W,0,-2.8970094,0.11423161625862122,0.7784945964813232,0.6036559343338013
YLR337C,YPL253C,0,-2.8971744,0.11419558525085449,0.7784945964813232,0.6038709878921509
YBR189W,YAL011W,0,-2.8971977,0.11415956914424896,0.7784945964813232,0.6040860414505005
YGL092W,YGR138C,0,-2.8974216,0.11412358283996582,0.7784945964813232,0.6043010950088501
YGL167C,YBR065C,0,-2.8975186,0.11408761143684387,0.7784945964813232,0.6045161485671997
YML097C,YAL003W,1,-2.8981564,0.11436673253774643,0.7806451320648193,0.6045161485671997
YCR045C,YPL043W,0,-2.8985918,0.1143307089805603,0.7806451320648193,0.6047312021255493
YKL060C,YHR170W,0,-2.898673,0.11429470777511597,0.7806451320648193,0.6049462556838989
YIL053W,YHR024C,0,-2.8988008,0.11425873637199402,0.7806451320648193,0.6051613092422485
YOR001W,YHR133C,0,-2.8988907,0.11422277987003326,0.7806451320648193,0.6053763628005981
YJL057C,YKL077W,0,-2.899672,0.1141868531703949,0.7806451320648193,0.6055914163589478
YHR035W,YGR044C,0,-2.9008226,0.11415094137191772,0.7806451320648193,0.6058064699172974
YML004C,YOL084W,0,-2.9011292,0.11411505937576294,0.7806451320648193,0.606021523475647
YEL048C,YKL052C,0,-2.901548,0.11407919228076935,0.7806451320648193,0.6062365770339966
YJL057C,YNL038W,0,-2.903512,0.11404335498809814,0.7806451320648193,0.6064516305923462
YDL098C,YKL062W,0,-2.9039068,0.11400754004716873,0.7806451320648193,0.6066666841506958
YDR148C,YLR363C,0,-2.9039612,0.11397174000740051,0.7806451320648193,0.6068817377090454
YNL031C,YBR131W,0,-2.9040635,0.11393596976995468,0.7806451320648193,0.607096791267395
YDR516C,YNR071C,0,-2.9041095,0.11390022188425064,0.7806451320648193,0.6073118448257446
YDR500C,YJL026W,0,-2.904641,0.1138644888997078,0.7806451320648193,0.6075268983840942
YLR377C,YPR199C,0,-2.9047775,0.11382878571748734,0.7806451320648193,0.6077419519424438
YDR350C,YJL098W,0,-2.9053469,0.11379310488700867,0.7806451320648193,0.6079570055007935
YOR177C,YAL015C,0,-2.9057896,0.11375744640827179,0.7806451320648193,0.6081720590591431
YLL048C,YER014W,0,-2.9061623,0.1137218028306961,0.7806451320648193,0.6083871126174927
YPL221W,YMR118C,0,-2.9063258,0.11368618905544281,0.7806451320648193,0.6086021661758423
YBR180W,YGR296W,0,-2.9067402,0.1136505976319313,0.7806451320648193,0.6088172197341919
YHR090C,YBR180W,0,-2.9070306,0.113615021109581,0.7806451320648193,0.6090322732925415
YLR234W,YFR034C,0,-2.9071321,0.11357947438955307,0.7806451320648193,0.6092473268508911
YGL093W,YCL035C,0,-2.907333,0.11354395002126694,0.7806451320648193,0.6094623804092407
YOR253W,YDR105C,0,-2.9074016,0.113508440554142,0.7806451320648193,0.6096774339675903
YOR258W,YIL009W,0,-2.9077172,0.11347296088933945,0.7806451320648193,0.6098924875259399
YBR131W,YAL003W,1,-2.9077728,0.11375000327825546,0.7827957272529602,0.6098924875259399
YJR120W,YOL009C,0,-2.9082816,0.11371446400880814,0.7827957272529602,0.6101075410842896
YPR173C,YDL160C,0,-2.908503,0.1136789470911026,0.7827957272529602,0.6103225946426392
YIL106W,YBL035C,0,-2.9085653,0.11364345997571945,0.7827957272529602,0.6105376482009888
YNL240C,YER032W,0,-2.9085813,0.1136079877614975,0.7827957272529602,0.6107527017593384
YGL028C,YCR105W,0,-2.9087696,0.11357254534959793,0.7827957272529602,0.610967755317688
YGR254W,YGR193C,0,-2.9095721,0.11353711783885956,0.7827957272529602,0.6111828088760376
YLR367W,YDR407C,0,-2.910863,0.11350171267986298,0.7827957272529602,0.6113978624343872
YNL041C,YIL173W,0,-2.9112062,0.11346633732318878,0.7827957272529602,0.6116129159927368
YML107C,YNL318C,0,-2.9116344,0.11343097686767578,0.7827957272529602,0.6118279695510864
YBR153W,YHL050C,0,-2.9117053,0.11339563876390457,0.7827957272529602,0.612043023109436
YOR264W,YDL113C,0,-2.911901,0.11336032301187515,0.7827957272529602,0.6122580766677856
YOR316C,YBR146W,0,-2.9128828,0.11332502961158752,0.7827957272529602,0.6124731302261353
YIL053W,YDR301W,0,-2.9131222,0.11328975856304169,0.7827957272529602,0.6126881837844849
YKL080W,YER127W,0,-2.9132502,0.11325450986623764,0.7827957272529602,0.6129032373428345
YDL100C,YER093C,1,-2.9143486,0.11353032290935516,0.7849462628364563,0.6129032373428345
YOL020W,YBR208C,0,-2.9144545,0.11349502205848694,0.7849462628364563,0.6131182909011841
YPR128C,YCL035C,0,-2.914674,0.1134597435593605,0.7849462628364563,0.6133333444595337
YLR377C,YKL132C,0,-2.9147458,0.11342448741197586,0.7849462628364563,0.6135483980178833
YDR150W,YMR009W,0,-2.914927,0.11338925361633301,0.7849462628364563,0.6137634515762329
YKL006C-A,YOR172W,0,-2.915181,0.11335403472185135,0.7849462628364563,0.6139785051345825
YHR006W,YPL207W,0,-2.915945,0.11331884562969208,0.7849462628364563,0.6141935586929321
YCR065W,YBL091C,0,-2.9160867,0.113283671438694,0.7849462628364563,0.6144086122512817
YDR361C,YGR097W,0,-2.9162886,0.11324852705001831,0.7849462628364563,0.6146236658096313
YPR154W,YHL006C,0,-2.916909,0.11321339756250381,0.7849462628364563,0.614838719367981
YFL049W,YIL123W,0,-2.9169254,0.1131782978773117,0.7849462628364563,0.6150537729263306
YGR204W,YER044C-A,0,-2.9169497,0.11314321309328079,0.7849462628364563,0.6152688264846802
YPL058C,YBR034C,0,-2.9171824,0.11310815066099167,0.7849462628364563,0.6154838800430298
YBR279W,YFR038W,0,-2.9175668,0.11307311058044434,0.7849462628364563,0.6156989336013794
YDR111C,YKR099W,0,-2.917663,0.1130380928516388,0.7849462628364563,0.615913987159729
YNL024C,YGL016W,0,-2.9188583,0.11300309747457504,0.7849462628364563,0.6161290407180786
YGL028C,YDR150W,0,-2.9188662,0.11296812444925308,0.7849462628364563,0.6163440942764282
YPR068C,YLR292C,0,-2.9188986,0.11293316632509232,0.7849462628364563,0.6165591478347778
YOL076W,YOL012C,0,-2.9190028,0.11289823800325394,0.7849462628364563,0.6167742013931274
YPR003C,YPL135W,0,-2.9200165,0.11286332458257675,0.7849462628364563,0.616989254951477
YDR545W,YMR230W,0,-2.920413,0.11282844096422195,0.7849462628364563,0.6172043085098267
YEL022W,YCR038C,1,-2.9204812,0.11310259252786636,0.7870967984199524,0.6172043085098267
YMR230W,YPR141C,0,-2.9205227,0.11306765675544739,0.7870967984199524,0.6174193620681763
YHR154W,YDR057W,0,-2.9208384,0.1130327358841896,0.7870967984199524,0.6176344156265259
YLL018C,YMR072W,0,-2.92096,0.11299783736467361,0.7870967984199524,0.6178494691848755
YDR545W,YJR131W,0,-2.9213276,0.11296296119689941,0.7870967984199524,0.6180645227432251
YLR004C,YCL067C,0,-2.9215016,0.112928107380867,0.7870967984199524,0.6182795763015747
YLL024C,YBR180W,0,-2.9216185,0.11289327591657639,0.7870967984199524,0.6184946298599243
YOR018W,YKL080W,0,-2.9218397,0.11285846680402756,0.7870967984199524,0.6187096834182739
YPL126W,YNL142W,0,-2.9221697,0.11282367259263992,0.7870967984199524,0.6189247369766235
YDL135C,YBR181C,0,-2.9225893,0.11278890818357468,0.7870967984199524,0.6191397905349731
YDR178W,YMR226C,0,-2.9228637,0.11275415867567062,0.7870967984199524,0.6193548440933228
YJL174W,YGR138C,0,-2.923625,0.11271943151950836,0.7870967984199524,0.6195698976516724
YJL054W,YDR129C,0,-2.924175,0.11268472671508789,0.7870967984199524,0.619784951210022
YNL190W,YOR086C,0,-2.924684,0.11265004426240921,0.7870967984199524,0.6200000047683716
YPL146C,YLR068W,0,-2.9251366,0.11261538416147232,0.7870967984199524,0.6202150583267212
YHL025W,YMR118C,0,-2.9252005,0.11258074641227722,0.7870967984199524,0.6204301118850708
YDR127W,YDR045C,0,-2.9253478,0.11254612356424332,0.7870967984199524,0.6206451654434204
YNL025C,YML102W,0,-2.9260206,0.1125115305185318,0.7870967984199524,0.62086021900177
YOL126C,YJL168C,0,-2.9261985,0.11247695237398148,0.7870967984199524,0.6210752725601196
YIL156W,YGL127C,0,-2.926756,0.11244239658117294,0.7870967984199524,0.6212903261184692
YGL067W,YLR258W,0,-2.9269397,0.1124078631401062,0.7870967984199524,0.6215053796768188
YNL051W,YGL246C,0,-2.9273531,0.11237335205078125,0.7870967984199524,0.6217204332351685
YKL197C,YOR271C,0,-2.9279299,0.11233885586261749,0.7870967984199524,0.6219354867935181
YML023C,YDL135C,0,-2.9280243,0.11230438947677612,0.7870967984199524,0.6221505403518677
YJR108W,YGL049C,0,-2.9292963,0.11226993799209595,0.7870967984199524,0.6223655939102173
YPL130W,YBR212W,0,-2.9295561,0.11223550885915756,0.7870967984199524,0.6225806474685669
YGL087C,YPL248C,0,-2.9299428,0.11220110207796097,0.7870967984199524,0.6227957010269165
YJR031C,YCL068C,1,-2.9304852,0.11247318238019943,0.7892473340034485,0.6227957010269165
YEL039C,YPR199C,0,-2.9305983,0.11243872344493866,0.7892473340034485,0.6230107545852661
YEL051W,YLR435W,0,-2.930838,0.11240428686141968,0.7892473340034485,0.6232258081436157
YHR009C,YGL058W,0,-2.9315062,0.11236987262964249,0.7892473340034485,0.6234408617019653
YJL026W,YAL030W,0,-2.9315205,0.11233547329902649,0.7892473340034485,0.6236559152603149
YKR100C,YDR407C,0,-2.9316323,0.11230110377073288,0.7892473340034485,0.6238709688186646
YIL036W,YHR037W,0,-2.9317338,0.11226674914360046,0.7892473340034485,0.6240860223770142
YML021C,YBL100W-B,0,-2.9317513,0.11223241686820984,0.7892473340034485,0.6243010759353638
YML127W,YLR466W,0,-2.9319067,0.112198106944561,0.7892473340034485,0.6245161294937134
YJR132W,YER100W,0,-2.9322057,0.11216381192207336,0.7892473340034485,0.624731183052063
YDR323C,YDR513W,0,-2.9324605,0.11212954670190811,0.7892473340034485,0.6249462366104126
YOL076W,YHR150W,0,-2.9326375,0.11209529638290405,0.7892473340034485,0.6251612901687622
YKR026C,YAL024C,1,-2.933343,0.11236641556024551,0.7913978695869446,0.6251612901687622
YNL038W,YDR234W,0,-2.933457,0.11233211308717728,0.7913978695869446,0.6253763437271118
YDR227W,YHR214W,0,-2.933677,0.11229783296585083,0.7913978695869446,0.6255913972854614
YAR009C,YCR038C,0,-2.933847,0.11226357519626617,0.7913978695869446,0.625806450843811
YML059C,YNR037C,0,-2.9339547,0.11222933977842331,0.7913978695869446,0.6260215044021606
YDR345C,YGR170W,0,-2.9341464,0.11219511926174164,0.7913978695869446,0.6262365579605103
YDR137W,YLL017W,1,-2.9346843,0.11246570944786072,0.7935484051704407,0.6262365579605103
YGR212W,YOR002W,0,-2.9350033,0.11243144422769547,0.7935484051704407,0.6264516115188599
YOR249C,YNR053C,0,-2.9351196,0.112397201359272,0.7935484051704407,0.6266666650772095
YLR004C,YCR021C,0,-2.935184,0.11236297339200974,0.7935484051704407,0.6268817186355591
YOR087W,YIL167W,0,-2.9353662,0.11232876777648926,0.7935484051704407,0.6270967721939087
YHR149C,YDL119C,0,-2.9357376,0.11229458451271057,0.7935484051704407,0.6273118257522583
YMR192W,YGL126W,0,-2.9358602,0.11226041615009308,0.7935484051704407,0.6275268793106079
YPR055W,YNL066W,0,-2.9360027,0.11222627758979797,0.7935484051704407,0.6277419328689575
YDL072C,YIL106W,0,-2.9362516,0.11219215393066406,0.7935484051704407,0.6279569864273071
YGL087C,YJR046W,0,-2.9365954,0.11215805262327194,0.7935484051704407,0.6281720399856567
YDR212W,YDR023W,0,-2.9370027,0.11212397366762161,0.7935484051704407,0.6283870935440063
YDR308C,YMR133W,0,-2.9384403,0.11208991706371307,0.7935484051704407,0.628602147102356
YDR256C,YHR111W,0,-2.9386423,0.11205587536096573,0.7935484051704407,0.6288172006607056
YDR287W,YCL064C,0,-2.9386425,0.11202185600996017,0.7935484051704407,0.6290322542190552
YPR067W,YGL192W,0,-2.9395056,0.11198785901069641,0.7935484051704407,0.6292473077774048
YHR194W,YPL021W,0,-2.9395566,0.11195388436317444,0.7935484051704407,0.6294623613357544
YER041W,YNL194C,0,-2.9400125,0.11191992461681366,0.7935484051704407,0.629677414894104
YOR253W,YBR301W,0,-2.9406853,0.11188599467277527,0.7935484051704407,0.6298924684524536
YBR046C,YIL022W,0,-2.940809,0.11185207962989807,0.7935484051704407,0.6301075220108032
YEL024W,YKR052C,0,-2.9408822,0.11181817948818207,0.7935484051704407,0.6303225755691528
YBL056W,YDL175C,0,-2.9410272,0.11178430914878845,0.7935484051704407,0.6305376291275024
YPR173C,YML004C,0,-2.9411287,0.11175045371055603,0.7935484051704407,0.630752682685852
YFL026W,YNL317W,0,-2.9427087,0.1117166206240654,0.7935484051704407,0.6309677362442017
YDL230W,YOR357C,0,-2.9427643,0.11168280988931656,0.7935484051704407,0.6311827898025513
YOR372C,YLR337C,0,-2.9430017,0.11164901405572891,0.7935484051704407,0.6313978433609009
YEL022W,YAL003W,1,-2.9432802,0.11191772669553757,0.7956989407539368,0.6313978433609009
YDR201W,YCR063W,0,-2.9438577,0.11188388615846634,0.7956989407539368,0.6316128969192505
YLR249W,YLR115W,0,-2.9439125,0.1118500605225563,0.7956989407539368,0.6318279504776001
YGL104C,YGR060W,0,-2.944452,0.11181625723838806,0.7956989407539368,0.6320430040359497
YOR090C,YBR094W,0,-2.945538,0.11178247630596161,0.7956989407539368,0.6322580575942993
YAL024C,YPR095C,1,-2.9458392,0.11205074191093445,0.7978494763374329,0.6322580575942993
YIL013C,YKL058W,0,-2.9461827,0.11201690882444382,0.7978494763374329,0.6324731111526489
YGL073W,YIL167W,0,-2.9462361,0.11198309808969498,0.7978494763374329,0.6326881647109985
YBL047C,YNL066W,0,-2.9464467,0.11194930225610733,0.7978494763374329,0.6329032182693481
YKL060C,YKL196C,0,-2.9464784,0.11191553622484207,0.7978494763374329,0.6331182718276978
YOR068C,YPL117C,0,-2.947209,0.111881785094738,0.7978494763374329,0.6333333253860474
YOL116W,YJR054W,0,-2.9483223,0.11184805631637573,0.7978494763374329,0.633548378944397
YDL100C,YGR070W,1,-2.9483857,0.11211573332548141,0.800000011920929,0.633548378944397
YJL162C,YGL087C,0,-2.94925,0.11208195239305496,0.800000011920929,0.6337634325027466
YMR322C,YNL180C,0,-2.9496765,0.1120481938123703,0.800000011920929,0.6339784860610962
YHR205W,YDR019C,0,-2.9498713,0.11201445013284683,0.800000011920929,0.6341935396194458
YAR009C,YGL070C,0,-2.9507003,0.11198073625564575,0.800000011920929,0.6344085931777954
YPL280W,YPL173W,0,-2.9512703,0.11194703727960587,0.800000011920929,0.634623646736145
YOL009C,YPR169W,0,-2.9515185,0.11191336065530777,0.800000011920929,0.6348387002944946
YHR139C,YCL016C,0,-2.9520686,0.11187969893217087,0.800000011920929,0.6350537538528442
YKR053C,YHR033W,0,-2.953233,0.11184605956077576,0.800000011920929,0.6352688074111938
YLL016W,YGR083C,1,-2.9536328,0.11211301386356354,0.802150547504425,0.6352688074111938
YNL194C,YMR226C,0,-2.9538846,0.11207932978868484,0.802150547504425,0.6354838609695435
YIL075C,YKR064W,0,-2.9545002,0.11204566061496735,0.802150547504425,0.6356989145278931
YJL012C,YOR001W,0,-2.9562945,0.11201201379299164,0.802150547504425,0.6359139680862427
YMR192W,YDL134C,0,-2.9563026,0.11197838187217712,0.802150547504425,0.6361290216445923
YJR073C,YPR188C,0,-2.9567955,0.111944779753685,0.802150547504425,0.6363440752029419
YOR177C,YGR296W,0,-2.9568408,0.11191119253635406,0.802150547504425,0.6365591287612915
YOL122C,YBL005W,0,-2.9568596,0.11187762767076492,0.802150547504425,0.6367741823196411
YAL056W,YPL248C,0,-2.9568896,0.11184407770633698,0.802150547504425,0.6369892358779907
YAL007C,YER129W,0,-2.9569201,0.11181055009365082,0.802150547504425,0.6372042894363403
YJR052W,YBR121C,0,-2.957314,0.11177704483270645,0.802150547504425,0.6374193429946899
YLR411W,YNL036W,0,-2.958727,0.11174356192350388,0.802150547504425,0.6376343965530396
YIL062C,YMR183C,0,-2.9587631,0.1117100939154625,0.802150547504425,0.6378494501113892
YKL029C,YIL005W,0,-2.958764,0.1116766482591629,0.802150547504425,0.6380645036697388
YOR002W,YLR460C,0,-2.9589043,0.1116432175040245,0.802150547504425,0.6382795572280884
YOR068C,YJR153W,0,-2.9590921,0.1116098165512085,0.802150547504425,0.638494610786438
YKL149C,YMR183C,0,-2.9591873,0.11157643049955368,0.802150547504425,0.6387096643447876
YIL098C,YGR120C,0,-2.9596515,0.11154305934906006,0.802150547504425,0.6389247179031372
YMR220W,YNR019W,0,-2.9598823,0.11150971800088882,0.802150547504425,0.6391397714614868
YDR441C,YPR046W,0,-2.9604077,0.11147639155387878,0.802150547504425,0.6393548250198364
YPL115C,YFR053C,0,-2.9605925,0.11144308000802994,0.802150547504425,0.639569878578186
YPR175W,YOR247W,0,-2.9616199,0.11140979826450348,0.802150547504425,0.6397849321365356
YJR109C,YGL240W,0,-2.9617672,0.11137653142213821,0.802150547504425,0.6399999856948853
YBR114W,YIL030C,0,-2.962036,0.11134328693151474,0.802150547504425,0.6402150392532349
YJR073C,YBL014C,0,-2.9624295,0.11131005734205246,0.802150547504425,0.6404300928115845
YGR024C,YDR276C,0,-2.9626994,0.11127685010433197,0.802150547504425,0.6406451463699341
YCL064C,YKL114C,0,-2.9627318,0.11124366521835327,0.802150547504425,0.6408601999282837
YDR500C,YHR154W,0,-2.9629238,0.11121049523353577,0.802150547504425,0.6410752534866333
YDR513W,YJR118C,0,-2.963938,0.11117734760046005,0.802150547504425,0.6412903070449829
YHR210C,YOR316C,0,-2.9639845,0.11114422231912613,0.802150547504425,0.6415053606033325
YPR180W,YMR118C,0,-2.964046,0.1111111119389534,0.802150547504425,0.6417204141616821
YPR110C,YKR093W,0,-2.9641666,0.11107802391052246,0.802150547504425,0.6419354677200317
YIL013C,YBR149W,0,-2.966942,0.11104495078325272,0.802150547504425,0.6421505212783813
YAL024C,YGR070W,1,-2.9676337,0.11130952090024948,0.8043010830879211,0.6421505212783813
YPR037C,YPL189W,0,-2.9681334,0.11127640306949615,0.8043010830879211,0.642365574836731
YFR050C,YCR065W,0,-2.9681985,0.11124330759048462,0.8043010830879211,0.6425806283950806
YIL119C,YLR324W,0,-2.9686422,0.11121022701263428,0.8043010830879211,0.6427956819534302
YDL189W,YER102W,0,-2.9691057,0.11117716878652573,0.8043010830879211,0.6430107355117798
YJL089W,YBL047C,0,-2.9697027,0.11114413291215897,0.8043010830879211,0.6432257890701294
YGL196W,YKR095W,0,-2.97091,0.1111111119389534,0.8043010830879211,0.643440842628479
YDR289C,YGL171W,0,-2.9709682,0.11107811331748962,0.8043010830879211,0.6436558961868286
YOL084W,YPL161C,0,-2.9715471,0.11104512959718704,0.8043010830879211,0.6438709497451782
YDL160C,YIL167W,0,-2.9717152,0.11101216822862625,0.8043010830879211,0.6440860033035278
YJL078C,YPR180W,0,-2.9722233,0.11097922921180725,0.8043010830879211,0.6443010568618774
YDL098C,YOR049C,0,-2.9745574,0.11094630509614944,0.8043010830879211,0.644516110420227
YDR256C,YOL011W,0,-2.9747744,0.11091340333223343,0.8043010830879211,0.6447311639785767
YGR080W,YNL036W,0,-2.9748187,0.1108805239200592,0.8043010830879211,0.6449462175369263
YLR363C,YNL111C,0,-2.975401,0.11084765940904617,0.8043010830879211,0.6451612710952759
YNL031C,YHR170W,0,-2.9765732,0.11081481724977493,0.8043010830879211,0.6453763246536255
YPL209C,YOL042W,0,-2.977216,0.11078198999166489,0.8043010830879211,0.6455913782119751
YDL091C,YHR165C,0,-2.9776301,0.11074918508529663,0.8043010830879211,0.6458064317703247
YMR192W,YLL067C,0,-2.9783547,0.11071640253067017,0.8043010830879211,0.6460214853286743
YFL005W,YHR111W,0,-2.9784696,0.1106836348772049,0.8043010830879211,0.6462365388870239
YGL144C,YDR057W,0,-2.9785402,0.11065088957548141,0.8043010830879211,0.6464515924453735
YOR192C,YOR195W,0,-2.9785514,0.11061815917491913,0.8043010830879211,0.6466666460037231
YKL196C,YKR072C,0,-2.9789991,0.11058545112609863,0.8043010830879211,0.6468816995620728
YDR439W,YCR024C,0,-2.9791203,0.11055276542901993,0.8043010830879211,0.6470967531204224
YHR214W,YPR174C,0,-2.9792752,0.11052009463310242,0.8043010830879211,0.647311806678772
YEL019C,YJL003W,0,-2.9793928,0.1104874461889267,0.8043010830879211,0.6475268602371216
YMR286W,YDR500C,0,-2.9794745,0.11045481264591217,0.8043010830879211,0.6477419137954712
YDR325W,YBR109C,0,-2.9822454,0.11042220145463943,0.8043010830879211,0.6479569673538208
YGL087C,YBR180W,0,-2.9822783,0.11038961261510849,0.8043010830879211,0.6481720209121704
YGR193C,YML031W,0,-2.982311,0.11035703867673874,0.8043010830879211,0.64838707447052
YOL144W,YNL318C,0,-2.9827807,0.11032448709011078,0.8043010830879211,0.6486021280288696
YKR096W,YNL221C,0,-2.98352,0.11029195040464401,0.8043010830879211,0.6488171815872192
YEL024W,YFR053C,0,-2.9835677,0.11025943607091904,0.8043010830879211,0.6490322351455688
YDR259C,YGR296W,0,-2.9837306,0.11022693663835526,0.8043010830879211,0.6492472887039185
YKL149C,YMR059W,0,-2.98441,0.11019445955753326,0.8043010830879211,0.6494623422622681
YGR070W,YBR131W,1,-2.9853091,0.11045655608177185,0.8064516186714172,0.6494623422622681
YGL053W,YJR108W,0,-2.9853208,0.11042402684688568,0.8064516186714172,0.6496773958206177
YPL248C,YPL063W,0,-2.985374,0.1103915199637413,0.8064516186714172,0.6498924493789673
YJR084W,YGR296W,0,-2.9854183,0.11035903543233871,0.8064516186714172,0.6501075029373169
YJL179W,YGL129C,0,-2.9860787,0.11032656580209732,0.8064516186714172,0.6503225564956665
YJR153W,YGR122W,0,-2.9874449,0.11029411852359772,0.8064516186714172,0.6505376100540161
YMR286W,YKL138C,0,-2.9878223,0.11026168614625931,0.8064516186714172,0.6507526636123657
YOR241W,YPL097W,0,-2.9887183,0.11022927612066269,0.8064516186714172,0.6509677171707153
YIL038C,YCR038C,0,-2.9887276,0.11019688844680786,0.8064516186714172,0.6511827707290649
YMR243C,YPL168W,0,-2.9889183,0.11016451567411423,0.8064516186714172,0.6513978242874146
YDR244W,YDL123W,0,-2.989334,0.11013215780258179,0.8064516186714172,0.6516128778457642
YNL056W,YDR002W,0,-2.9901552,0.11009982228279114,0.8064516186714172,0.6518279314041138
YML101C,YGR260W,0,-2.9902873,0.11006750911474228,0.8064516186714172,0.6520429849624634
YMR192W,YIL007C,0,-2.9914055,0.11003521084785461,0.8064516186714172,0.652258038520813
YBR003W,YNR052C,0,-2.9922729,0.11000293493270874,0.8064516186714172,0.6524730920791626
YGL167C,YMR226C,0,-2.992673,0.10997067391872406,0.8064516186714172,0.6526881456375122
YOR262W,YPL193W,0,-2.9926734,0.10993843525648117,0.8064516186714172,0.6529031991958618
YOR358W,YML031W,0,-2.9934926,0.10990621149539948,0.8064516186714172,0.6531182527542114
YBR003W,YDR261C,0,-2.9942794,0.10987401008605957,0.8064516186714172,0.653333306312561
YLR039C,YCR038C,1,-2.994881,0.11013473570346832,0.8086021542549133,0.653333306312561
YPR154W,YJL174W,0,-2.9948916,0.11010248959064484,0.8086021542549133,0.6535483598709106
YFR010W,YHR005C,0,-2.9950285,0.11007025837898254,0.8086021542549133,0.6537634134292603
YJL098W,YLR313C,0,-2.9954624,0.11003804206848145,0.8086021542549133,0.6539784669876099
YPL130W,YDR395W,0,-2.9958656,0.11000584810972214,0.8086021542549133,0.6541935205459595
YHR146W,YJR131W,0,-2.9959621,0.10997367650270462,0.8086021542549133,0.6544085741043091
YBL013W,YLR044C,0,-2.9961498,0.1099415197968483,0.8086021542549133,0.6546236276626587
YDR091C,YIL053W,0,-2.9961565,0.10990938544273376,0.8086021542549133,0.6548386812210083
YJR046W,YGR138C,0,-2.996398,0.10987726598978043,0.8086021542549133,0.6550537347793579
YLR258W,YDR303C,0,-2.996428,0.10984516143798828,0.8086021542549133,0.6552687883377075
YPR017C,YMR118C,0,-2.9968686,0.10981308668851852,0.8086021542549133,0.6554838418960571
YCL017C,YKL062W,0,-2.9978461,0.10978101938962936,0.8086021542549133,0.6556988954544067
YIR004W,YNL036W,0,-2.9978652,0.10974898189306259,0.8086021542549133,0.6559139490127563
YBR029C,YIL119C,0,-2.9980283,0.10971695184707642,0.8086021542549133,0.656129002571106
YBR107C,YLR417W,0,-2.9980426,0.10968494415283203,0.8086021542549133,0.6563441157341003
YMR001C,YHR193C,0,-2.9996154,0.10965295881032944,0.8086021542549133,0.65655916929245
YBR130C,YGL061C,0,-3.0000596,0.10962098836898804,0.8086021542549133,0.6567742228507996
YJL110C,YLR194C,0,-3.0001411,0.10958904027938843,0.8086021542549133,0.6569892764091492
YIL119C,YPL040C,0,-3.0003188,0.10955710709095001,0.8086021542549133,0.6572043299674988
YJR042W,YPR071W,0,-3.0004818,0.10952519625425339,0.8086021542549133,0.6574193835258484
YJR048W,YDL154W,0,-3.0008545,0.10949330031871796,0.8086021542549133,0.657634437084198
YGL028C,YDR045C,0,-3.0011072,0.10946142673492432,0.8086021542549133,0.6578494906425476
YOR189W,YPR008W,0,-3.0015452,0.10942956805229187,0.8086021542549133,0.6580645442008972
YBR248C,YJR050W,0,-3.001686,0.10939773172140121,0.8086021542549133,0.6582795977592468
YDR325W,YML092C,0,-3.0019183,0.10936591029167175,0.8086021542549133,0.6584946513175964
YIL036W,YHR090C,0,-3.002193,0.10933411121368408,0.8086021542549133,0.658709704875946
YER040W,YPR017C,0,-3.0027602,0.1093023270368576,0.8086021542549133,0.6589247584342957
YGR055W,YJR108W,0,-3.0031402,0.10927055776119232,0.8086021542549133,0.6591398119926453
YBR248C,YMR237W,0,-3.0034537,0.10923881828784943,0.8086021542549133,0.6593548655509949
YLR360W,YOR253W,0,-3.0037513,0.10920708626508713,0.8086021542549133,0.6595699191093445
YER100W,YHL021C,0,-3.0042412,0.10917537659406662,0.8086021542549133,0.6597849726676941
YPR017C,YBL047C,0,-3.0045195,0.1091436892747879,0.8086021542549133,0.6600000262260437
YDR080W,YOR341W,0,-3.0045934,0.10911201685667038,0.8086021542549133,0.6602150797843933
YKL080W,YHL006C,0,-3.004628,0.10908035933971405,0.8086021542549133,0.6604301333427429
YNL056W,YMR215W,0,-3.0046654,0.10904872417449951,0.8086021542549133,0.6606451869010925
YGL144C,YCR005C,0,-3.0056515,0.10901710391044617,0.8086021542549133,0.6608602404594421
YBR114W,YOR065W,0,-3.0056975,0.10898550599813461,0.8086021542549133,0.6610752940177917
YJR120W,YNL066W,0,-3.0061302,0.10895392298698425,0.8086021542549133,0.6612903475761414
YFL025C,YNL063W,0,-3.0061808,0.10892236232757568,0.8086021542549133,0.661505401134491
YDR427W,YLR007W,0,-3.0062943,0.10889081656932831,0.8086021542549133,0.6617204546928406
YJL216C,YER071C,0,-3.0065699,0.10885929316282272,0.8086021542549133,0.6619355082511902
YMR318C,YJR054W,0,-3.0066702,0.10882778465747833,0.8086021542549133,0.6621505618095398
YDL100C,YBR016W,0,-3.0067205,0.10879629850387573,0.8086021542549133,0.6623656153678894
YLR259C,YDR176W,0,-3.0067515,0.10876482725143433,0.8086021542549133,0.662580668926239
YOR207C,YKR075C,0,-3.0068338,0.10873337090015411,0.8086021542549133,0.6627957224845886
YBR029C,YIL120W,0,-3.0069816,0.10870193690061569,0.8086021542549133,0.6630107760429382
YKL045W,YMR072W,0,-3.0070276,0.10867051780223846,0.8086021542549133,0.6632258296012878
YGR097W,YKL132C,0,-3.0075104,0.10863912105560303,0.8086021542549133,0.6634408831596375
YBR054W,YOR019W,0,-3.0078163,0.10860773921012878,0.8086021542549133,0.6636559367179871
YLR023C,YBR162C,0,-3.0078592,0.10857637971639633,0.8086021542549133,0.6638709902763367
YIL156W,YDL139C,0,-3.008962,0.10854503512382507,0.8086021542549133,0.6640860438346863
YAL051W,YOR132W,0,-3.009081,0.10851370543241501,0.8086021542549133,0.6643010973930359
YAL024C,YOR260W,1,-3.0091786,0.10877091437578201,0.8107526898384094,0.6643010973930359
YER007C-A,YLR466W,0,-3.0092282,0.10873954743146896,0.8107526898384094,0.6645161509513855
YOR272W,YOL059W,0,-3.0093548,0.10870818793773651,0.8107526898384094,0.6647312045097351
YOL098C,YCR038C,0,-3.0099,0.10867685079574585,0.8107526898384094,0.6649462580680847
YNL181W,YDL117W,0,-3.0101295,0.10864553600549698,0.8107526898384094,0.6651613116264343
YGR080W,YKR007W,0,-3.0103223,0.1086142286658287,0.8107526898384094,0.6653763651847839
YDR377W,YDR407C,0,-3.010326,0.10858295112848282,0.8107526898384094,0.6655914187431335
YFL005W,YDL139C,0,-3.0103319,0.10855168104171753,0.8107526898384094,0.6658064723014832
YML041C,YER071C,0,-3.0103827,0.10852044075727463,0.8107526898384094,0.6660215258598328
YGL126W,YJL078C,0,-3.0104635,0.10848920792341232,0.8107526898384094,0.6662365794181824
YNL297C,YLR310C,1,-3.0111308,0.10874568670988083,0.8129032254219055,0.6662365794181824
YCL068C,YDR407C,0,-3.0113106,0.10871440917253494,0.8129032254219055,0.666451632976532
YOR266W,YLL006W,0,-3.0114737,0.10868315398693085,0.8129032254219055,0.6666666865348816
YBL087C,YLL053C,0,-3.01152,0.10865191370248795,0.8129032254219055,0.6668817400932312
YKR085C,YIL153W,0,-3.0119004,0.10862068831920624,0.8129032254219055,0.6670967936515808
YBR049C,YBR191W,0,-3.012041,0.10858948528766632,0.8129032254219055,0.6673118472099304
YOR081C,YJR096W,0,-3.012528,0.1085582971572876,0.8129032254219055,0.66752690076828
YDL100C,YLL016W,1,-3.012564,0.10881423950195312,0.8150537610054016,0.66752690076828
YKL191W,YIL053W,0,-3.0130587,0.10878300666809082,0.8150537610054016,0.6677419543266296
YKR064W,YIL167W,0,-3.0134282,0.1087517961859703,0.8150537610054016,0.6679570078849792
YML092C,YHR214W,0,-3.0134928,0.10872059315443039,0.8150537610054016,0.6681720614433289
YDR516C,YMR101C,0,-3.013679,0.10868941992521286,0.8150537610054016,0.6683871150016785
YMR243C,YCL001W,0,-3.0137331,0.10865825414657593,0.8150537610054016,0.6686021685600281
YHR201C,YLR093C,0,-3.013767,0.10862711071968079,0.8150537610054016,0.6688172221183777
YNL294C,YBR112C,0,-3.0141895,0.10859598964452744,0.8150537610054016,0.6690322756767273
YLR377C,YIR004W,0,-3.0159235,0.10856488347053528,0.8150537610054016,0.6692473292350769
YDL100C,YER155C,1,-3.0159972,0.10882016271352768,0.8172042965888977,0.6692473292350769
YOL009C,YNL055C,0,-3.0160189,0.10878900438547134,0.8172042965888977,0.6694623827934265
YIL056W,YML047C,0,-3.0165234,0.1087578684091568,0.8172042965888977,0.6696774363517761
YOR002W,YHR088W,0,-3.016569,0.10872675478458405,0.8172042965888977,0.6698924899101257
YER178W,YER032W,0,-3.017209,0.10869564861059189,0.8172042965888977,0.6701075434684753
YER072W,YOR060C,0,-3.0175252,0.10866457223892212,0.8172042965888977,0.670322597026825
YAL030W,YPL063W,0,-3.0175757,0.10863350331783295,0.8172042965888977,0.6705376505851746
YLL016W,YER127W,0,-3.01775,0.10860245674848557,0.8172042965888977,0.6707527041435242
YAR042W,YGL045W,0,-3.0178921,0.10857142508029938,0.8172042965888977,0.6709677577018738
YBR107C,YER123W,0,-3.0185046,0.10854041576385498,0.8172042965888977,0.6711828112602234
YOR330C,YER015W,0,-3.018817,0.10850942134857178,0.8172042965888977,0.671397864818573
YEL022W,YCL068C,1,-3.019046,0.1087639182806015,0.8193548321723938,0.671397864818573
YIL118W,YDR019C,0,-3.0193272,0.10873287916183472,0.8193548321723938,0.6716129183769226
YJL059W,YIL098C,0,-3.0194554,0.10870185494422913,0.8193548321723938,0.6718279719352722
YOR157C,YKL060C,0,-3.019543,0.10867085307836533,0.8193548321723938,0.6720430254936218
YHR088W,YKL145W,0,-3.0198123,0.10863986611366272,0.8193548321723938,0.6722580790519714
YLR277C,YKL063C,0,-3.0201395,0.10860889405012131,0.8193548321723938,0.672473132610321
YMR040W,YOR086C,0,-3.0203447,0.10857794433832169,0.8193548321723938,0.6726881861686707
YFR010W,YCR035C,0,-3.0207567,0.10854700952768326,0.8193548321723938,0.6729032397270203
YOR262W,YAL068C,0,-3.022132,0.10851608961820602,0.8193548321723938,0.6731182932853699
YAL041W,YPR017C,1,-3.0236022,0.10876993089914322,0.8215053677558899,0.6731182932853699
YGL189C,YNL111C,0,-3.0237033,0.1087389662861824,0.8215053677558899,0.6733333468437195
YOL096C,YDL012C,0,-3.0242407,0.10870802402496338,0.8215053677558899,0.6735484004020691
YML133C,YOR316C,0,-3.0244653,0.10867709666490555,0.8215053677558899,0.6737634539604187
YGR004W,YDR025W,0,-3.0249286,0.10864619165658951,0.8215053677558899,0.6739785075187683
YLR234W,YPL225W,0,-3.0256562,0.10861529409885406,0.8215053677558899,0.6741935610771179
YOR027W,YNL240C,0,-3.0259793,0.10858442634344101,0.8215053677558899,0.6744086146354675
YIL013C,YDL154W,0,-3.0262852,0.10855356603860855,0.8215053677558899,0.6746236681938171
YDR343C,YLR181C,0,-3.026288,0.10852272808551788,0.8215053677558899,0.6748387217521667
YPL116W,YMR133W,0,-3.0267367,0.10849190503358841,0.8215053677558899,0.6750537753105164
YDR111C,YOR103C,0,-3.0279222,0.10846110433340073,0.8215053677558899,0.675268828868866
YDR129C,YAR042W,0,-3.0283923,0.10843031853437424,0.8215053677558899,0.6754838824272156
YPR174C,YDR244W,0,-3.028585,0.10839954763650894,0.8215053677558899,0.6756989359855652
YFR031C-A,YHR210C,0,-3.0288224,0.10836879163980484,0.8215053677558899,0.6759139895439148
YML097C,YCR038C,1,-3.0290082,0.10862166434526443,0.823655903339386,0.6759139895439148
YGR178C,YMR001C,0,-3.0292792,0.10859087109565735,0.823655903339386,0.6761290431022644
YER028C,YAR009C,0,-3.02941,0.10856009274721146,0.823655903339386,0.676344096660614
YIL036W,YMR059W,0,-3.0299308,0.10852932929992676,0.823655903339386,0.6765591502189636
YPR034W,YGR138C,0,-3.0303075,0.10849858075380325,0.823655903339386,0.6767742037773132
YNL318C,YMR101C,0,-3.0309246,0.10846785455942154,0.823655903339386,0.6769892573356628
YAL056W,YDR399W,0,-3.0309272,0.10843714326620102,0.823655903339386,0.6772043108940125
YPR175W,YKL052C,0,-3.0313807,0.10840645432472229,0.823655903339386,0.6774193644523621
YFL061W,YGL231C,0,-3.0320868,0.10837578028440475,0.823655903339386,0.6776344180107117
YER139C,YHL026C,0,-3.0340176,0.10834512114524841,0.823655903339386,0.6778494715690613
YDL100C,YLL017W,1,-3.034356,0.1085972860455513,0.8258064389228821,0.6778494715690613
YDR545W,YNL081C,0,-3.034719,0.10856658220291138,0.8258064389228821,0.6780645251274109
YAL051W,YPR100W,0,-3.0348828,0.10853589326143265,0.8258064389228821,0.6782795786857605
YAL051W,YOL052C-A,0,-3.0360165,0.10850522667169571,0.8258064389228821,0.6784946322441101
YNL051W,YKL114C,0,-3.0360448,0.10847457498311996,0.8258064389228821,0.6787096858024597
YPR034W,YGL219C,0,-3.036059,0.10844394564628601,0.8258064389228821,0.6789247393608093
YOL023W,YPL076W,0,-3.0362244,0.10841332376003265,0.8258064389228821,0.6791397929191589
YNR026C,YCL068C,1,-3.0367815,0.10866497457027435,0.8279569745063782,0.6791397929191589
YPR046W,YPR174C,0,-3.0374248,0.10863430798053741,0.8279569745063782,0.6793548464775085
YDR343C,YDR080W,0,-3.0375144,0.10860366374254227,0.8279569745063782,0.6795699000358582
YOR101W,YKR083C,0,-3.0377378,0.10857304185628891,0.8279569745063782,0.6797849535942078
YML021C,YJL196C,0,-3.0380325,0.10854242742061615,0.8279569745063782,0.6800000071525574
YBR045C,YGL219C,0,-3.0388227,0.10851183533668518,0.8279569745063782,0.680215060710907
YIL019W,YDR080W,0,-3.038847,0.108481265604496,0.8279569745063782,0.6804301142692566
YBR054W,YOR068C,0,-3.03929,0.10845070332288742,0.8279569745063782,0.6806451678276062
YER062C,YLR277C,0,-3.0395281,0.10842016339302063,0.8279569745063782,0.6808602213859558
YDR490C,YOR027W,0,-3.040618,0.10838963836431503,0.8279569745063782,0.6810752749443054
YLR085C,YMR105C,0,-3.040853,0.10835913568735123,0.8279569745063782,0.681290328502655
YLL017W,YAL041W,1,-3.0416043,0.10861001908779144,0.8301075100898743,0.681290328502655
YPL168W,YIL130W,0,-3.0419679,0.10857946425676346,0.8301075100898743,0.6815053820610046
YPL209C,YLR115W,0,-3.0426044,0.10854893177747726,0.8301075100898743,0.6817204356193542
YLR215C,YGL049C,0,-3.043037,0.10851841419935226,0.8301075100898743,0.6819354891777039
YER062C,YDR217C,0,-3.043839,0.10848791152238846,0.8301075100898743,0.6821505427360535
YER062C,YLR055C,0,-3.0450497,0.10845743119716644,0.8301075100898743,0.6823655962944031
YDR007W,YBR193C,0,-3.0451612,0.10842696577310562,0.8301075100898743,0.6825806498527527
YOR156C,YOL009C,0,-3.045485,0.108396515250206,0.8301075100898743,0.6827957034111023
YGL087C,YPR068C,0,-3.0458806,0.10836608707904816,0.8301075100898743,0.6830107569694519
YFR027W,YFL026W,0,-3.0463705,0.10833567380905151,0.8301075100898743,0.6832258105278015
YCR016W,YOR172W,0,-3.0468588,0.10830527544021606,0.8301075100898743,0.6834408640861511
YEL032W,YGL198W,0,-3.0468836,0.10827489197254181,0.8301075100898743,0.6836559176445007
YLR102C,YDR217C,0,-3.0470562,0.10824453085660934,0.8301075100898743,0.6838709712028503
YDR111C,YMR153W,0,-3.047699,0.10821418464183807,0.8301075100898743,0.6840860247612
YMR158W,YLR092W,0,-3.0479486,0.108183853328228,0.8301075100898743,0.6843010783195496
YBR218C,YOR359W,0,-3.0487463,0.10815354436635971,0.8301075100898743,0.6845161318778992
YML086C,YLR196W,0,-3.04921,0.10812325030565262,0.8301075100898743,0.6847311854362488
YOR032C,YPR046W,0,-3.0492506,0.10809297114610672,0.8301075100898743,0.6849462389945984
YDL247W,YPL075W,0,-3.0493782,0.10806270688772202,0.8301075100898743,0.685161292552948
YKL191W,YNL020C,0,-3.050479,0.1080324649810791,0.8301075100898743,0.6853763461112976
YDR100W,YER005W,0,-3.0518827,0.10800223797559738,0.8301075100898743,0.6855913996696472
YDL135C,YOR157C,0,-3.052351,0.10797202587127686,0.8301075100898743,0.6858064532279968
YPL224C,YER071C,0,-3.0523517,0.10794183611869812,0.8301075100898743,0.6860215067863464
YLR442C,YDL247W,0,-3.0525913,0.10791166126728058,0.8301075100898743,0.686236560344696
YAL007C,YBR089C-A,0,-3.052845,0.10788150131702423,0.8301075100898743,0.6864516139030457
YDR137W,YLL016W,1,-3.0535924,0.10813076049089432,0.8322580456733704,0.6864516139030457
YIL075C,YJL096W,0,-3.053613,0.10810055583715439,0.8322580456733704,0.6866666674613953
YPR105C,YOR271C,0,-3.0540395,0.10807037353515625,0.8322580456733704,0.6868817210197449
YPR143W,YKR085C,0,-3.0540829,0.10804019868373871,0.8322580456733704,0.6870967745780945
YDR188W,YGL194C,0,-3.0548098,0.10801004618406296,0.8322580456733704,0.6873118281364441
YML004C,YDR268W,0,-3.0550127,0.1079799085855484,0.8322580456733704,0.6875268816947937
YDR213W,YAL011W,0,-3.0559468,0.10794979333877563,0.8322580456733704,0.6877419352531433
YER159C,YKL077W,0,-3.0566142,0.10791968554258347,0.8322580456733704,0.6879569888114929
YGL116W,YBR301W,0,-3.0569372,0.10788960009813309,0.8322580456733704,0.6881720423698425
YLL031C,YGR253C,0,-3.0570054,0.1078595295548439,0.8322580456733704,0.6883870959281921
YBR091C,YGL171W,0,-3.05781,0.10782948136329651,0.8322580456733704,0.6886021494865417
YGL196W,YIL119C,0,-3.05799,0.10779944062232971,0.8322580456733704,0.6888172030448914
YFL056C,YLR384C,0,-3.0581183,0.1077694222331047,0.8322580456733704,0.689032256603241
YNL318C,YLR181C,0,-3.0598218,0.1077394187450409,0.8322580456733704,0.6892473101615906
YNL318C,YBR193C,0,-3.059957,0.10770943760871887,0.8322580456733704,0.6894623637199402
YPR095C,YGR129W,0,-3.0602226,0.10767946392297745,0.8322580456733704,0.6896774172782898
YER056C,YIL068C,0,-3.0605857,0.10764951258897781,0.8322580456733704,0.6898924708366394
YLR131C,YNL055C,0,-3.0608034,0.10761957615613937,0.8322580456733704,0.690107524394989
YJR046W,YIL043C,0,-3.061398,0.10758965462446213,0.8322580456733704,0.6903225779533386
YFR027W,YDR516C,0,-3.0617929,0.10755975544452667,0.8322580456733704,0.6905376315116882
YPR095C,YCL068C,1,-3.0620298,0.10780772566795349,0.8344085812568665,0.6905376315116882
YAR042W,YBR086C,0,-3.0633764,0.10777777433395386,0.8344085812568665,0.6907526850700378
YLR234W,YDL093W,0,-3.0639043,0.10774784535169601,0.8344085812568665,0.6909677386283875
YGL028C,YNR052C,0,-3.0639334,0.10771793127059937,0.8344085812568665,0.6911827921867371
YJR046W,YER032W,0,-3.064247,0.1076880395412445,0.8344085812568665,0.6913978457450867
YBL100W-B,YLR460C,0,-3.065215,0.10765815526247025,0.8344085812568665,0.6916128993034363
YOR192C,YGR208W,0,-3.0653195,0.10762829333543777,0.8344085812568665,0.6918279528617859
YCR031C,YKR007W,0,-3.0654635,0.1075984463095665,0.8344085812568665,0.6920430064201355
YGR235C,YAL026C,0,-3.0655224,0.10756861418485641,0.8344085812568665,0.6922580599784851
YKL033W,YDR122W,0,-3.0655398,0.10753880441188812,0.8344085812568665,0.6924731135368347
YAL011W,YLR382C,0,-3.066024,0.10750900208950043,0.8344085812568665,0.6926881670951843
YOR334W,YDR009W,0,-3.0661764,0.10747922211885452,0.8344085812568665,0.6929032206535339
YGR070W,YNL272C,1,-3.0661895,0.10772639513015747,0.8365591168403625,0.6929032206535339
YJL054W,YIL033C,0,-3.0665612,0.10769657045602798,0.8365591168403625,0.6931182742118835
YHL050C,YNL029C,0,-3.0681176,0.10766676068305969,0.8365591168403625,0.6933333277702332
YBR038W,YIL087C,0,-3.0683115,0.1076369658112526,0.8365591168403625,0.6935483813285828
YPL234C,YNL287W,0,-3.0695786,0.10760719329118729,0.8365591168403625,0.6937634348869324
YLL017W,YNL297C,1,-3.0696216,0.1078539788722992,0.8387096524238586,0.6937634348869324
YGR202C,YLR037C,0,-3.069838,0.1078241616487503,0.8387096524238586,0.693978488445282
YLR425W,YCL068C,1,-3.0701327,0.10807076096534729,0.8408601880073547,0.693978488445282
YPR173C,YNL156C,0,-3.0705192,0.10804089158773422,0.8408601880073547,0.6941935420036316
YDL240W,YHL028W,0,-3.071591,0.10801105201244354,0.8408601880073547,0.6944085955619812
YIL087C,YNR030W,0,-3.0731592,0.10798121988773346,0.8408601880073547,0.6946236491203308
YDR188W,YAL026C,0,-3.0737255,0.10795141011476517,0.8408601880073547,0.6948387026786804
YJR048W,YKL129C,0,-3.0737386,0.10792161524295807,0.8408601880073547,0.69505375623703
YIL053W,YPR057W,0,-3.0737715,0.10789183527231216,0.8408601880073547,0.6952688097953796
YER139C,YLR092W,0,-3.0749254,0.10786207020282745,0.8408601880073547,0.6954838633537292
YJR031C,YAL003W,1,-3.075365,0.10810811072587967,0.8430107235908508,0.6954838633537292
YKL062W,YJL096W,0,-3.0755281,0.10807830095291138,0.8430107235908508,0.6956989169120789
YAR009C,YER149C,0,-3.076012,0.10804851353168488,0.8430107235908508,0.6959139704704285
YBR211C,YDR395W,0,-3.076975,0.10801874101161957,0.8430107235908508,0.6961290240287781
YOL098C,YMR156C,0,-3.077095,0.10798898339271545,0.8430107235908508,0.6963440775871277
YDL100C,YCR038C,1,-3.0772233,0.10823464393615723,0.8451613187789917,0.6963440775871277
YLR215C,YKL051W,0,-3.0772328,0.10820484906435013,0.8451613187789917,0.6965591311454773
YDR490C,YPL117C,0,-3.0773115,0.10817506164312363,0.8451613187789917,0.6967741847038269
YPL169C,YEL048C,0,-3.0774193,0.10814529657363892,0.8451613187789917,0.6969892382621765
YMR215W,YNL048W,0,-3.0778499,0.1081155464053154,0.8451613187789917,0.6972042918205261
YIL154C,YJR118C,0,-3.0779748,0.10808581113815308,0.8451613187789917,0.6974193453788757
YHR006W,YDL031W,0,-3.078155,0.10805609077215195,0.8451613187789917,0.6976343989372253
YNR026C,YLL017W,1,-3.0782506,0.10830126702785492,0.8473118543624878,0.6976343989372253
YIL007C,YLL021W,0,-3.078269,0.10827150195837021,0.8473118543624878,0.697849452495575
YML092C,YOR271C,0,-3.0783372,0.10824175924062729,0.8473118543624878,0.6980645060539246
YDR500C,YNL181W,0,-3.0783753,0.10821203142404556,0.8473118543624878,0.6982795596122742
YER179W,YLR039C,0,-3.0784307,0.10818231850862503,0.8473118543624878,0.6984946131706238
YLR061W,YPL183C,0,-3.0801625,0.10815262049436569,0.8473118543624878,0.6987096667289734
YIL120W,YNR024W,0,-3.0804565,0.10812294483184814,0.8473118543624878,0.698924720287323
YHR113W,YDR439W,0,-3.0805688,0.1080932766199112,0.8473118543624878,0.6991397738456726
YPL010W,YBR301W,0,-3.0805857,0.10806363075971603,0.8473118543624878,0.6993548274040222
YDL235C,YNL156C,0,-3.0809221,0.10803399980068207,0.8473118543624878,0.6995698809623718
YLR215C,YMR156C,0,-3.0809274,0.1080043837428093,0.8473118543624878,0.6997849345207214
YGL139W,YLR466W,0,-3.0811753,0.10797479003667831,0.8473118543624878,0.699999988079071
YGR003W,YNL176C,0,-3.081511,0.10794520378112793,0.8473118543624878,0.7002150416374207
YJL059W,YLL021W,0,-3.082384,0.10791563987731934,0.8473118543624878,0.7004300951957703
YHR158C,YPL178W,0,-3.0841002,0.10788609087467194,0.8473118543624878,0.7006451487541199
YJR027W,YPL225W,0,-3.0844982,0.10785655677318573,0.8473118543624878,0.7008602023124695
YNL145W,YNL142W,0,-3.0848885,0.10782703757286072,0.8473118543624878,0.7010752558708191
YPR095C,YFR050C,0,-3.0851495,0.1077975407242775,0.8473118543624878,0.7012903094291687
YHR108W,YOR009W,0,-3.0852468,0.10776805132627487,0.8473118543624878,0.7015053629875183
YDR204W,YLL067C,0,-3.0856247,0.10773858428001404,0.8473118543624878,0.7017204165458679
YLL018C,YNL181W,0,-3.0866032,0.1077091321349144,0.8473118543624878,0.7019354701042175
YDL135C,YBL100W-B,0,-3.0892675,0.10767969489097595,0.8473118543624878,0.7021505236625671
YER062C,YMR158W,0,-3.089466,0.1076502725481987,0.8473118543624878,0.7023655772209167
YIL156W,YPR148C,0,-3.0907087,0.10762086510658264,0.8473118543624878,0.7025806307792664
YGL067W,YBL080C,0,-3.0913463,0.10759148001670837,0.8473118543624878,0.702795684337616
YJL096W,YPR008W,0,-3.092978,0.1075621098279953,0.8473118543624878,0.7030107378959656
YGL243W,YDR004W,0,-3.0937,0.10753275454044342,0.8473118543624878,0.7032257914543152
YML004C,YMR183C,0,-3.09374,0.10750341415405273,0.8473118543624878,0.7034408450126648
YGL025C,YER038C,0,-3.0941427,0.10747408866882324,0.8473118543624878,0.7036558985710144
YDR108W,YBR003W,0,-3.0951986,0.10744477808475494,0.8473118543624878,0.703870952129364
YML097C,YCL068C,1,-3.0958476,0.10768811404705048,0.8494623899459839,0.703870952129364
YAL041W,YLL016W,1,-3.0965,0.10793131589889526,0.85161292552948,0.703870952129364
YMR063W,YER060W,0,-3.0971317,0.1079019084572792,0.85161292552948,0.7040860056877136
YDR211W,YCR038C,1,-3.0988197,0.10814491659402847,0.8537634611129761,0.7040860056877136
YCR105W,YLR058C,0,-3.098866,0.10811547189950943,0.8537634611129761,0.7043010592460632
YAL048C,YHR088W,0,-3.1016066,0.10808603465557098,0.8537634611129761,0.7045161128044128
YBR091C,YOL061W,0,-3.1020846,0.10805661231279373,0.8537634611129761,0.7047311663627625
YDR469W,YHL015W,0,-3.1024027,0.10802721232175827,0.8537634611129761,0.7049462199211121
YCR105W,YLR059C,0,-3.1025147,0.107997827231884,0.8537634611129761,0.7051612734794617
YDR345C,YHR202W,0,-3.1026187,0.10796844959259033,0.8537634611129761,0.7053763270378113
YMR059W,YOL126C,0,-3.102631,0.10793909430503845,0.8537634611129761,0.7055913805961609
YGR181W,YNL041C,0,-3.1027684,0.10790976136922836,0.8537634611129761,0.7058064341545105
YPR106W,YER038C,0,-3.1028945,0.10788043588399887,0.8537634611129761,0.7060214877128601
YPL207W,YBR268W,0,-3.1035552,0.10785112529993057,0.8537634611129761,0.7062365412712097
YNL288W,YER060W,0,-3.1036646,0.10782183706760406,0.8537634611129761,0.7064515948295593
YDL117W,YHR133C,0,-3.1038327,0.10779256373643875,0.8537634611129761,0.7066666483879089
YDR308C,YDR040C,0,-3.1039033,0.10776329785585403,0.8537634611129761,0.7068817019462585
YCR018C,YGL016W,0,-3.104166,0.10773405432701111,0.8537634611129761,0.7070967555046082
YLL024C,YFL061W,0,-3.1044886,0.10770482569932938,0.8537634611129761,0.7073118090629578
YHR146W,YMR040W,0,-3.104669,0.10767561942338943,0.8537634611129761,0.7075268626213074
YBL080C,YER062C,0,-3.105115,0.10764642059803009,0.8537634611129761,0.707741916179657
YML102W,YOR335C,0,-3.1055188,0.10761724412441254,0.8537634611129761,0.7079569697380066
YOR357C,YPL021W,0,-3.1058707,0.10758807510137558,0.8537634611129761,0.7081720232963562
YHR108W,YDL211C,0,-3.1060693,0.10755892843008041,0.8537634611129761,0.7083870768547058
YER109C,YIL011W,0,-3.1067486,0.10752979665994644,0.8537634611129761,0.7086021304130554
YCL051W,YER081W,0,-3.1069324,0.10750067979097366,0.8537634611129761,0.708817183971405
YJR042W,YDL018C,0,-3.1075466,0.10747157782316208,0.8537634611129761,0.7090322375297546
YDL072C,YJR120W,0,-3.1081543,0.10744249075651169,0.8537634611129761,0.7092472910881042
YHL050C,YDR179C,0,-3.1089802,0.10741341859102249,0.8537634611129761,0.7094623446464539
YPL076W,YHR080C,0,-3.1097577,0.10738436877727509,0.8537634611129761,0.7096773982048035
YAL041W,YAL003W,1,-3.1105838,0.10762574523687363,0.8559139966964722,0.7096773982048035
YMR040W,YJL026W,0,-3.1108837,0.10759665071964264,0.8559139966964722,0.7098924517631531
YGR212W,YDL012C,0,-3.1109414,0.10756757110357285,0.8559139966964722,0.7101075053215027
YPR003C,YJL035C,0,-3.1110249,0.10753850638866425,0.8559139966964722,0.7103225588798523
YDR165W,YCL054W,0,-3.1110787,0.10750945657491684,0.8559139966964722,0.7105376124382019
YGR266W,YOR001W,0,-3.11134,0.10748042166233063,0.8559139966964722,0.7107526659965515
YJL183W,YBL013W,0,-3.1113958,0.10745140165090561,0.8559139966964722,0.7109677195549011
YCR086W,YNL278W,0,-3.1120408,0.10742240399122238,0.8559139966964722,0.7111827731132507
YNL263C,YIL144W,0,-3.1129198,0.10739341378211975,0.8559139966964722,0.7113978266716003
YNL051W,YKL196C,0,-3.113142,0.10736444592475891,0.8559139966964722,0.71161288022995
YMR313C,YDR234W,0,-3.1134267,0.10733549296855927,0.8559139966964722,0.7118279337882996
YDR137W,YGR070W,1,-3.1139903,0.1075761690735817,0.8580645322799683,0.7118279337882996
YNL294C,YJR054W,0,-3.1140683,0.10754717141389847,0.8580645322799683,0.7120429873466492
YHR001W-A,YOL052C-A,0,-3.1155865,0.10751818865537643,0.8580645322799683,0.7122580409049988
YOR049C,YDR308C,0,-3.1171918,0.1074892207980156,0.8580645322799683,0.7124730944633484
YHR150W,YBR060C,0,-3.1173542,0.10746027529239655,0.8580645322799683,0.712688148021698
YIL123W,YOR259C,0,-3.1177769,0.1074313372373581,0.8580645322799683,0.7129032015800476
YPR199C,YBL047C,0,-3.119243,0.10740242153406143,0.8580645322799683,0.7131182551383972
YOL011W,YMR110C,0,-3.1214943,0.10737352073192596,0.8580645322799683,0.7133333086967468
YML120C,YBR049C,0,-3.1218371,0.10734463483095169,0.8580645322799683,0.7135483622550964
YAL003W,YLR291C,1,-3.121939,0.10758472234010696,0.8602150678634644,0.7135483622550964
YGR224W,YCR005C,0,-3.1220927,0.10755579173564911,0.8602150678634644,0.713763415813446
YHL038C,YHR149C,0,-3.123783,0.10752688348293304,0.8602150678634644,0.7139784693717957
YLR247C,YGL195W,0,-3.1244617,0.10749798268079758,0.8602150678634644,0.7141935229301453
YPR067W,YPL117C,0,-3.1247826,0.1074691042304039,0.8602150678634644,0.7144085764884949
YJR117W,YNL288W,0,-3.1252675,0.10744023323059082,0.8602150678634644,0.7146236300468445
YPR175W,YER102W,0,-3.1253839,0.10741138458251953,0.8602150678634644,0.7148386836051941
YDL240W,YPL173W,0,-3.1258922,0.10738255083560944,0.8602150678634644,0.7150537371635437
YBR248C,YDR057W,0,-3.126097,0.10735373198986053,0.8602150678634644,0.7152687907218933
YKL081W,YDL211C,0,-3.127011,0.10732492804527283,0.8602150678634644,0.7154838442802429
YIL098C,YKR095W,0,-3.1272311,0.10729613900184631,0.8602150678634644,0.7156988978385925
YBR131W,YLR150W,0,-3.1280925,0.107267364859581,0.8602150678634644,0.7159139513969421
YBR101C,YEL001C,0,-3.128168,0.10723860561847687,0.8602150678634644,0.7161290049552917
YLR061W,YLR181C,0,-3.1281815,0.10720986127853394,0.8602150678634644,0.7163440585136414
YIL106W,YGR138C,0,-3.1285186,0.1071811392903328,0.8602150678634644,0.716559112071991
YPL209C,YGR138C,0,-3.1299996,0.10715242475271225,0.8602150678634644,0.7167741656303406
YPR068C,YHL050C,0,-3.1304755,0.1071237251162529,0.8602150678634644,0.7169892191886902
YHR210C,YFL061W,0,-3.1305954,0.10709504783153534,0.8602150678634644,0.7172042727470398
YCL029C,YKL043W,0,-3.1309175,0.10706637799739838,0.8602150678634644,0.7174193263053894
YMR318C,YPR143W,0,-3.131071,0.1070377305150032,0.8602150678634644,0.717634379863739
YDL098C,YPR037C,0,-3.1316118,0.10700909793376923,0.8602150678634644,0.7178494334220886
YKL006C-A,YPL075W,0,-3.1317582,0.10698047280311584,0.8602150678634644,0.7180644869804382
YML045W,YCR086W,0,-3.1321948,0.10695187002420425,0.8602150678634644,0.7182795405387878
YER044C-A,YBR034C,0,-3.132858,0.10692328214645386,0.8602150678634644,0.7184945940971375
YKR093W,YLR017W,0,-3.1330037,0.10689470916986465,0.8602150678634644,0.7187096476554871
YBL008W,YDR381W,0,-3.13307,0.10686615109443665,0.8602150678634644,0.7189247608184814
YPR154W,YHR111W,0,-3.1345572,0.10683760792016983,0.8602150678634644,0.719139814376831
YKL043W,YPL248C,0,-3.1366625,0.10680907964706421,0.8602150678634644,0.7193548679351807
YLR299W,YML082W,0,-3.1378288,0.10678056627511978,0.8602150678634644,0.7195699214935303
YLR167W,YLR435W,0,-3.138061,0.10675206780433655,0.8602150678634644,0.7197849750518799
YEL051W,YLL057C,0,-3.1391177,0.10672358423471451,0.8602150678634644,0.7200000286102295
YOR363C,YBR301W,0,-3.139411,0.10669511556625366,0.8602150678634644,0.7202150821685791
YNL051W,YER014W,0,-3.1404119,0.1066666692495346,0.8602150678634644,0.7204301357269287
YPL130W,YDR384C,0,-3.1410208,0.10663823038339615,0.8602150678634644,0.7206451892852783
YDR397C,YOL095C,0,-3.1419213,0.10660980641841888,0.8602150678634644,0.7208602428436279
YHR096C,YOL078W,0,-3.1422179,0.10658140480518341,0.8602150678634644,0.7210752964019775
YBL038W,YJL208C,0,-3.1424985,0.10655301064252853,0.8602150678634644,0.7212903499603271
YER102W,YKL032C,0,-3.1441383,0.10652463138103485,0.8602150678634644,0.7215054035186768
YPL179W,YPL063W,0,-3.1443386,0.10649627447128296,0.8602150678634644,0.7217204570770264
YCR024C,YLR007W,0,-3.1443405,0.10646792501211166,0.8602150678634644,0.721935510635376
YDR002W,YGL129C,0,-3.1451712,0.10643959790468216,0.8602150678634644,0.7221505641937256
YIL007C,YPL239W,0,-3.1455243,0.10641127824783325,0.8602150678634644,0.7223656177520752
YDR201W,YLL016W,0,-3.1456904,0.10638298094272614,0.8602150678634644,0.7225806713104248
YBR038W,YLR323C,0,-3.1457813,0.10635469108819962,0.8602150678634644,0.7227957248687744
YJL078C,YLR056W,0,-3.146749,0.10632642358541489,0.8602150678634644,0.723010778427124
YGR078C,YML013W,0,-3.1468296,0.10629816353321075,0.8602150678634644,0.7232258319854736
YGR266W,YDL243C,0,-3.14743,0.10626992583274841,0.8602150678634644,0.7234408855438232
YDR256C,YGL053W,0,-3.1476088,0.10624170303344727,0.8602150678634644,0.7236559391021729
YNL328C,YPR128C,0,-3.148393,0.10621348768472672,0.8602150678634644,0.7238709926605225
YJL212C,YLR175W,0,-3.1491244,0.10618529468774796,0.8602150678634644,0.7240860462188721
YDR213W,YKL196C,0,-3.149392,0.10615710914134979,0.8602150678634644,0.7243010997772217
YJL179W,YBR146W,0,-3.14971,0.10612894594669342,0.8602150678634644,0.7245161533355713
YLR390W-A,YHR214W,0,-3.1502194,0.10610079765319824,0.8602150678634644,0.7247312068939209
YGL115W,YLR007W,0,-3.152093,0.10607265681028366,0.8602150678634644,0.7249462604522705
YMR059W,YHR106W,0,-3.152256,0.10604453831911087,0.8602150678634644,0.7251613140106201
YNL076W,YBR060C,0,-3.1534753,0.10601643472909927,0.8602150678634644,0.7253763675689697
YFL049W,YIL096C,0,-3.1536386,0.10598833858966827,0.8602150678634644,0.7255914211273193
YOR264W,YOR032C,0,-3.1538808,0.10596026480197906,0.8602150678634644,0.725806474685669
YML021C,YJR150C,0,-3.1543243,0.10593220591545105,0.8602150678634644,0.7260215282440186
YJL180C,YLR075W,0,-3.1547637,0.10590415447950363,0.8602150678634644,0.7262365818023682
YMR215W,YCR063W,0,-3.1550624,0.105876125395298,0.8602150678634644,0.7264516353607178
YPL058C,YNR037C,0,-3.1552148,0.10584811121225357,0.8602150678634644,0.7266666889190674
YJL180C,YBR180W,0,-3.1559107,0.10582010447978973,0.8602150678634644,0.726881742477417
YJL173C,YHR157W,0,-3.1561637,0.10579212009906769,0.8602150678634644,0.7270967960357666
YER179W,YPL137C,0,-3.1569843,0.10576414316892624,0.8602150678634644,0.7273118495941162
YLR259C,YOR060C,0,-3.158167,0.10573618859052658,0.8602150678634644,0.7275269031524658
YKL032C,YMR074C,0,-3.1582236,0.10570824891328812,0.8602150678634644,0.7277419567108154
YML023C,YLR011W,0,-3.1590123,0.10568031668663025,0.8602150678634644,0.727957010269165
YGL246C,YPL006W,0,-3.1592193,0.10565240681171417,0.8602150678634644,0.7281720638275146
YDL100C,YPR095C,1,-3.1593986,0.10588856786489487,0.8623656034469604,0.7281720638275146
YDR075W,YIL137C,0,-3.1596067,0.10586061328649521,0.8623656034469604,0.7283871173858643
YKL016C,YLR200W,0,-3.1596236,0.10583267360925674,0.8623656034469604,0.7286021709442139
YLR293C,YBL005W,0,-3.160399,0.10580474883317947,0.8623656034469604,0.7288172245025635
YHR146W,YBR078W,0,-3.1609793,0.1057768389582634,0.8623656034469604,0.7290322780609131
YAL024C,YER093C,1,-3.161398,0.10601265728473663,0.8645161390304565,0.7290322780609131
YPL140C,YER038C,0,-3.161428,0.10598471015691757,0.8645161390304565,0.7292473316192627
YPR095C,YAL003W,1,-3.1615329,0.10622034966945648,0.8666666746139526,0.7292473316192627
YBR091C,YPL021W,0,-3.1624656,0.10619235783815384,0.8666666746139526,0.7294623851776123
YKL069W,YIL154C,0,-3.1625476,0.10616438090801239,0.8666666746139526,0.7296774387359619
YDR345C,YKL063C,0,-3.1631055,0.10613642632961273,0.8666666746139526,0.7298924922943115
YMR274C,YLR058C,0,-3.1637697,0.10610847920179367,0.8666666746139526,0.7301075458526611
YOL059W,YDR179C,0,-3.1638641,0.1060805469751358,0.8666666746139526,0.7303225994110107
YKL069W,YMR110C,0,-3.1639757,0.10605262964963913,0.8666666746139526,0.7305376529693604
YJR150C,YML082W,0,-3.164154,0.10602472722530365,0.8666666746139526,0.73075270652771
YGL087C,YGL061C,0,-3.164809,0.10599684715270996,0.8666666746139526,0.7309677600860596
YER155C,YCL068C,1,-3.1649594,0.1062319204211235,0.8688172101974487,0.7309677600860596
YDR235W,YLR093C,0,-3.1650183,0.10620399564504623,0.8688172101974487,0.7311828136444092
YJL045W,YDL209C,0,-3.1658812,0.10617608577013016,0.8688172101974487,0.7313978672027588
YOL023W,YHL026C,0,-3.1672304,0.10614819079637527,0.8688172101974487,0.7316129207611084
YGR080W,YCR106W,0,-3.1689863,0.10612030327320099,0.8688172101974487,0.731827974319458
YML013W,YIL009W,0,-3.169302,0.1060924381017685,0.8688172101974487,0.7320430278778076
YCR107W,YHR005C,0,-3.170364,0.1060645803809166,0.8688172101974487,0.7322580814361572
YDR009W,YJR150C,0,-3.1704454,0.10603674501180649,0.8688172101974487,0.7324731349945068
YOR247W,YPR120C,0,-3.1706128,0.10600892454385757,0.8688172101974487,0.7326881885528564
YPR003C,YDL145C,0,-3.170678,0.10598111152648926,0.8688172101974487,0.732903242111206
YDR375C,YDR009W,0,-3.1711626,0.10595332086086273,0.8688172101974487,0.7331182956695557
YPR199C,YLR092W,0,-3.1712115,0.1059255376458168,0.8688172101974487,0.7333333492279053
YKL006C-A,YER178W,0,-3.1724305,0.10589776933193207,0.8688172101974487,0.7335484027862549
YLR248W,YKL054C,0,-3.1725516,0.10587002336978912,0.8688172101974487,0.7337634563446045
YPR007C,YOR259C,0,-3.1727734,0.10584228485822678,0.8688172101974487,0.7339785099029541
YIL120W,YKL063C,0,-3.1737845,0.10581456124782562,0.8688172101974487,0.7341935634613037
YCR107W,YJL035C,0,-3.1740725,0.10578685253858566,0.8688172101974487,0.7344086170196533
YLR004C,YGR078C,0,-3.174117,0.1057591587305069,0.8688172101974487,0.7346236705780029
YER044C-A,YNL066W,0,-3.175109,0.10573148727416992,0.8688172101974487,0.7348387241363525
YLR361C,YGL198W,0,-3.176117,0.10570382326841354,0.8688172101974487,0.7350537776947021
YHR205W,YKL016C,0,-3.1766415,0.10567617416381836,0.8688172101974487,0.7352688312530518
YBR162W-A,YJL058C,0,-3.1773417,0.10564853250980377,0.8688172101974487,0.7354838848114014
YLR185W,YIR019C,0,-3.1774778,0.10562091320753098,0.8688172101974487,0.735698938369751
YOR207C,YGR260W,0,-3.1776466,0.10559330880641937,0.8688172101974487,0.7359139919281006
YMR063W,YMR242C,0,-3.1777034,0.10556571930646896,0.8688172101974487,0.7361290454864502
YDR438W,YOL052C-A,0,-3.17908,0.10553813725709915,0.8688172101974487,0.7363440990447998
YAL002W,YOR195W,0,-3.1796255,0.10551057755947113,0.8688172101974487,0.7365591526031494
YDL100C,YDR513W,0,-3.1796355,0.1054830253124237,0.8688172101974487,0.736774206161499
YLL017W,YGR083C,1,-3.1797736,0.1057165265083313,0.8709677457809448,0.736774206161499
YOR380W,YJL174W,0,-3.179853,0.10568893700838089,0.8709677457809448,0.7369892597198486
YDR127W,YPL120W,0,-3.1800594,0.10566136240959167,0.8709677457809448,0.7372043132781982
YHL017W,YOL055C,0,-3.1801796,0.10563380271196365,0.8709677457809448,0.7374193668365479
YLR345W,YAL056W,0,-3.180428,0.10560625791549683,0.8709677457809448,0.7376344203948975
YLR059C,YLR363C,0,-3.18057,0.10557872802019119,0.8709677457809448,0.7378494739532471
YOL126C,YMR105C,0,-3.1805878,0.10555121302604675,0.8709677457809448,0.7380645275115967
YBR005W,YDR243C,0,-3.1809254,0.10552371293306351,0.8709677457809448,0.7382795810699463
YBR046C,YPL221W,0,-3.1824617,0.10549622029066086,0.8709677457809448,0.7384946346282959
YCL068C,YGR083C,1,-3.1825109,0.10572917014360428,0.8731182813644409,0.7384946346282959
YDR367W,YDR178W,0,-3.1827116,0.10570164024829865,0.8731182813644409,0.7387096881866455
YJL026W,YDR284C,0,-3.1843078,0.1056741252541542,0.8731182813644409,0.7389247417449951
YPL209C,YKL129C,0,-3.1848178,0.10564663261175156,0.8731182813644409,0.7391397953033447
YLR426W,YNL024C,0,-3.1854486,0.1056191474199295,0.8731182813644409,0.7393548488616943
YBR065C,YGR266W,0,-3.1857882,0.10559167712926865,0.8731182813644409,0.739569902420044
YFL011W,YER060W,0,-3.1874986,0.10556422173976898,0.8731182813644409,0.7397849559783936
YDR323C,YDR412W,0,-3.1881516,0.10553678125143051,0.8731182813644409,0.7400000095367432
YLR442C,YDR517W,0,-3.188999,0.10550935566425323,0.8731182813644409,0.7402150630950928
YAR042W,YHR190W,0,-3.1891835,0.10548194497823715,0.8731182813644409,0.7404301166534424
YNR026C,YAL003W,1,-3.1895404,0.10571428388357162,0.875268816947937,0.7404301166534424
YPR007C,YDR365C,0,-3.1899054,0.10568683594465256,0.875268816947937,0.740645170211792
YBR162W-A,YPL179W,0,-3.1900856,0.10565939545631409,0.875268816947937,0.7408602237701416
YDL003W,YBR180W,0,-3.1901479,0.10563197731971741,0.875268816947937,0.7410752773284912
YJL098W,YDR057W,0,-3.1904955,0.10560456663370132,0.875268816947937,0.7412903308868408
YFR014C,YLR200W,0,-3.1907063,0.10557717084884644,0.875268816947937,0.7415053844451904
YER093C,YEL024W,0,-3.19096,0.10554978996515274,0.875268816947937,0.74172043800354
YHR014W,YHR020W,0,-3.1909707,0.10552242398262024,0.875268816947937,0.7419354915618896
YFR047C,YOR383C,0,-3.1920133,0.10549507290124893,0.875268816947937,0.7421505451202393
YBR295W,YDL018C,0,-3.1937888,0.10546773672103882,0.875268816947937,0.7423655986785889
YPL004C,YNL287W,0,-3.1946802,0.1054404154419899,0.875268816947937,0.7425806522369385
YIL064W,YMR091C,0,-3.1950762,0.10541310906410217,0.875268816947937,0.7427957057952881
YNR038W,YBR180W,0,-3.1971722,0.10538581013679504,0.875268816947937,0.7430107593536377
YJL174W,YJL127C,0,-3.1974545,0.10535852611064911,0.875268816947937,0.7432258129119873
YGL063W,YNL156C,0,-3.197637,0.10533126443624496,0.875268816947937,0.7434408664703369
YLR466W,YMR177W,0,-3.198049,0.10530401021242142,0.875268816947937,0.7436559200286865
YKL054C,YHL025W,0,-3.1985455,0.10527677088975906,0.875268816947937,0.7438709735870361
YDR091C,YKL058W,0,-3.2007294,0.1052495464682579,0.875268816947937,0.7440860271453857
YOR241W,YPL021W,0,-3.2008572,0.10522233694791794,0.875268816947937,0.7443010807037354
YHL017W,YML098W,0,-3.201243,0.10519514232873917,0.875268816947937,0.744516134262085
YIL043C,YGR044C,0,-3.2016308,0.10516795516014099,0.875268816947937,0.7447311878204346
YER093C,YLL016W,1,-3.2031577,0.10539912432432175,0.8774193525314331,0.7447311878204346
YDR268W,YER159C,0,-3.2031877,0.10537189990282059,0.8774193525314331,0.7449462413787842
YMR081C,YKR088C,0,-3.2035148,0.10534469038248062,0.8774193525314331,0.7451612949371338
YOR252W,YBR295W,0,-3.2037492,0.10531750321388245,0.8774193525314331,0.7453763484954834
YOL042W,YPL146C,0,-3.204043,0.10529032349586487,0.8774193525314331,0.745591402053833
YJR131W,YDR045C,0,-3.2040768,0.10526315867900848,0.8774193525314331,0.7458064556121826
YML011C,YOL116W,0,-3.2044346,0.1052360087633133,0.8774193525314331,0.7460215091705322
YDR111C,YGR017W,0,-3.2045894,0.1052088737487793,0.8774193525314331,0.7462365627288818
YGL067W,YIL120W,0,-3.2045999,0.1051817461848259,0.8774193525314331,0.7464516162872314
YOR236W,YDL154W,0,-3.204889,0.10515464097261429,0.8774193525314331,0.746666669845581
YOL061W,YPL097W,0,-3.2052836,0.10512754321098328,0.8774193525314331,0.7468817234039307
YJR052W,YGL107C,0,-3.205294,0.10510046035051346,0.8774193525314331,0.7470967769622803
YMR322C,YLR323C,0,-3.2059517,0.10507339984178543,0.8774193525314331,0.7473118305206299
YGL139W,YPR100W,0,-3.206073,0.105046346783638,0.8774193525314331,0.7475268840789795
YDR515W,YLR328W,0,-3.206757,0.10501930862665176,0.8774193525314331,0.7477419376373291
YPR003C,YPL210C,0,-3.2078614,0.10499227792024612,0.8774193525314331,0.7479569911956787
YAL059W,YPL168W,0,-3.2082033,0.10496526956558228,0.8774193525314331,0.7481720447540283
YNL297C,YCL068C,1,-3.209811,0.10519547015428543,0.8795698881149292,0.7481720447540283
YKR027W,YGR142W,0,-3.210391,0.1051684245467186,0.8795698881149292,0.7483870983123779
YLL016W,YHL011C,0,-3.2104146,0.10514138638973236,0.8795698881149292,0.7486021518707275
YML081W,YEL027W,0,-3.2104635,0.10511436313390732,0.8795698881149292,0.7488172054290771
YHR108W,YIL007C,0,-3.2107694,0.10508736222982407,0.8795698881149292,0.7490322589874268
YDL018C,YJL083W,0,-3.2109327,0.10506036132574081,0.8795698881149292,0.7492473125457764
YKL045W,YDL087C,0,-3.2110085,0.10503338277339935,0.8795698881149292,0.749462366104126
YML097C,YLL016W,1,-3.211059,0.10526315867900848,0.8817204236984253,0.749462366104126
YGR078C,YBR218C,0,-3.2115183,0.10523614287376404,0.8817204236984253,0.7496774196624756
YMR192W,YDR256C,0,-3.2121956,0.10520913451910019,0.8817204236984253,0.7498924732208252
YIL037C,YML127W,0,-3.2126427,0.10518214106559753,0.8817204236984253,0.7501075267791748
YFR010W,YHR142W,0,-3.2128835,0.10515516996383667,0.8817204236984253,0.7503225803375244
YOR068C,YPL262W,0,-3.2142987,0.1051282063126564,0.8817204236984253,0.750537633895874
YMR232W,YKL192C,0,-3.2145138,0.10510125756263733,0.8817204236984253,0.7507526874542236
YDR148C,YJL096W,0,-3.2147808,0.10507432371377945,0.8817204236984253,0.7509677410125732
YLL024C,YKL197C,0,-3.2162232,0.10504739731550217,0.8817204236984253,0.7511827945709229
YDL081C,YCL039W,0,-3.216832,0.10502049326896667,0.8817204236984253,0.7513978481292725
YBL013W,YFL026W,0,-3.2170515,0.10499359667301178,0.8817204236984253,0.7516129016876221
YGR120C,YMR195W,0,-3.2172976,0.10496671497821808,0.8817204236984253,0.7518279552459717
YBR046C,YLL016W,0,-3.2176237,0.10493984818458557,0.8817204236984253,0.7520430088043213
YBR101C,YDR178W,0,-3.2191541,0.10491299629211426,0.8817204236984253,0.7522580623626709
YLR061W,YJL216C,0,-3.2191706,0.10488615930080414,0.8817204236984253,0.7524731159210205
YPR173C,YPR155C,0,-3.219298,0.10485933721065521,0.8817204236984253,0.7526881694793701
YHR201C,YHR014W,0,-3.219712,0.10483252257108688,0.8817204236984253,0.7529032230377197
YFL026W,YJR131W,0,-3.2216082,0.10480572283267975,0.8817204236984253,0.7531182765960693
YAL024C,YAL003W,1,-3.2216458,0.10503450036048889,0.8838709592819214,0.7531182765960693
YBR212W,YCR021C,0,-3.2216535,0.10500766336917877,0.8838709592819214,0.753333330154419
YPL021W,YLR068W,0,-3.2219214,0.10498084127902985,0.8838709592819214,0.7535483837127686
YGR204W,YDR365C,0,-3.2220209,0.10495403409004211,0.8838709592819214,0.7537634372711182
YDR175C,YPR141C,0,-3.2229278,0.10492724180221558,0.8838709592819214,0.7539784908294678
YKL029C,YPL248C,0,-3.2232075,0.10490045696496964,0.8838709592819214,0.7541935443878174
YHL028W,YIL147C,0,-3.2235155,0.10487369447946548,0.8838709592819214,0.754408597946167
YBL080C,YGL016W,0,-3.223885,0.10484693944454193,0.8838709592819214,0.7546236515045166
YJR120W,YJL208C,0,-3.2242348,0.10482019931077957,0.8838709592819214,0.7548387050628662
YKR026C,YLL017W,1,-3.2246575,0.10504844784736633,0.8860214948654175,0.7548387050628662
YKL080W,YDL087C,0,-3.2246733,0.10502167046070099,0.8860214948654175,0.7550537586212158
YPL209C,YHR020W,0,-3.225366,0.10499490052461624,0.8860214948654175,0.7552688121795654
YLR377C,YNL164C,0,-3.22592,0.10496815294027328,0.8860214948654175,0.755483865737915
YAL019W,YGL129C,0,-3.2266884,0.10494141280651093,0.8860214948654175,0.7556989192962646
YMR175W,YPL137C,0,-3.22686,0.10491469502449036,0.8860214948654175,0.7559139728546143
YLR390W-A,YER023W,0,-3.2269373,0.10488798469305038,0.8860214948654175,0.7561290264129639
YOR272W,YJR050W,0,-3.2289352,0.1048612892627716,0.8860214948654175,0.7563440799713135
YGR103W,YHR024C,0,-3.2294326,0.10483460873365402,0.8860214948654175,0.7565591335296631
YDR308C,YBR003W,0,-3.2298944,0.10480793565511703,0.8860214948654175,0.7567741870880127
YGR296W,YOR113W,0,-3.2302394,0.10478128492832184,0.8860214948654175,0.7569892406463623
YAL030W,YBR023C,0,-3.2315295,0.10475464165210724,0.8860214948654175,0.7572042942047119
YBR295W,YOR019W,0,-3.232759,0.10472801327705383,0.8860214948654175,0.7574193477630615
YBL038W,YMR230W,0,-3.234279,0.10470139980316162,0.8860214948654175,0.7576344013214111
YLR083C,YDR028C,0,-3.234311,0.10467479377985,0.8860214948654175,0.7578494548797607
YOR068C,YDR280W,0,-3.2363534,0.10464821010828018,0.8860214948654175,0.7580645084381104
YPR154W,YMR048W,0,-3.236919,0.10462163388729095,0.8860214948654175,0.75827956199646
YGL167C,YDL012C,0,-3.2373338,0.10459507256746292,0.8860214948654175,0.7584946155548096
YHR111W,YLR299W,0,-3.2375863,0.10456852614879608,0.8860214948654175,0.7587096691131592
YLR367W,YLR011W,0,-3.2376046,0.10454199463129044,0.8860214948654175,0.7589247226715088
YHR142W,YDL018C,0,-3.2390873,0.10451547801494598,0.8860214948654175,0.7591397762298584
YOR359W,YOR026W,0,-3.2392244,0.10448896884918213,0.8860214948654175,0.759354829788208
YMR074C,YGL238W,0,-3.2404597,0.10446247458457947,0.8860214948654175,0.7595698833465576
YIL037C,YCR106W,0,-3.2408528,0.104435995221138,0.8860214948654175,0.7597849369049072
YNL145W,YIL120W,0,-3.240967,0.10440953075885773,0.8860214948654175,0.7599999904632568
YGL246C,YGR181W,0,-3.2412431,0.10438307374715805,0.8860214948654175,0.7602150440216064
YPL105C,YMR074C,0,-3.2413044,0.10435663908720016,0.8860214948654175,0.760430097579956
YHR103W,YCR031C,0,-3.2421403,0.10433021187782288,0.8860214948654175,0.7606451511383057
YAL059W,YBR180W,0,-3.2424254,0.10430379956960678,0.8860214948654175,0.7608602046966553
YBR016W,YMR074C,0,-3.243402,0.10427739471197128,0.8860214948654175,0.7610752582550049
YKR099W,YLR054C,0,-3.2436733,0.10425101220607758,0.8860214948654175,0.7612903118133545
YKR026C,YLR371W,1,-3.2444444,0.10447761416435242,0.8881720304489136,0.7612903118133545
YEL044W,YHL035C,0,-3.2447114,0.10445118695497513,0.8881720304489136,0.7615053653717041
YIL137C,YKL060C,0,-3.245023,0.10442478209733963,0.8881720304489136,0.7617204189300537
YHR185C,YFL005W,0,-3.2454257,0.10439838469028473,0.8881720304489136,0.7619354724884033
YIL056W,YNL036W,0,-3.2455149,0.10437200218439102,0.8881720304489136,0.7621505260467529
YCR035C,YLL053C,0,-3.245574,0.10434562712907791,0.8881720304489136,0.7623655796051025
YNL246W,YDR200C,0,-3.246424,0.10431927442550659,0.8881720304489136,0.7625806331634521
YKR034W,YJL196C,0,-3.2465672,0.10429292917251587,0.8881720304489136,0.7627956867218018
YDR308C,YDR399W,0,-3.2468457,0.10426659882068634,0.8881720304489136,0.7630107402801514
YNL190W,YNL133C,0,-3.247902,0.104240283370018,0.8881720304489136,0.763225793838501
YCR038C,YLR291C,1,-3.247922,0.10446631163358688,0.8903225660324097,0.763225793838501
YHR139C,YPR097W,0,-3.2479439,0.10443995893001556,0.8903225660324097,0.7634408473968506
YGL028C,YLR411W,0,-3.2479863,0.10441362112760544,0.8903225660324097,0.7636559009552002
YGL107C,YGR094W,0,-3.2485118,0.10438729077577591,0.8903225660324097,0.7638709545135498
YDR078C,YER060W-A,0,-3.2499099,0.10436097532510757,0.8903225660324097,0.7640860080718994
YBR046C,YOR016C,0,-3.2501044,0.10433467477560043,0.8903225660324097,0.764301061630249
YIL137C,YPL239W,0,-3.2506967,0.10430838912725449,0.8903225660324097,0.7645161151885986
YJL012C,YML133C,0,-3.2508202,0.10428211838006973,0.8903225660324097,0.7647311687469482
YIR019C,YHR142W,0,-3.251613,0.10425585508346558,0.8903225660324097,0.7649462223052979
YOL144W,YIR019C,0,-3.2517815,0.10422960668802261,0.8903225660324097,0.7651612758636475
YIL056W,YDR243C,0,-3.2523084,0.10420337319374084,0.8903225660324097,0.7653763294219971
YGR082W,YNL094W,0,-3.2525678,0.10417715460062027,0.8903225660324097,0.7655913829803467
YGR202C,YJR108W,0,-3.2533867,0.10415094345808029,0.8903225660324097,0.7658064365386963
YBL056W,YDR256C,0,-3.2535613,0.10412474721670151,0.8903225660324097,0.7660214900970459
YNL221C,YDR040C,0,-3.253636,0.10409856587648392,0.8903225660324097,0.7662365436553955
YOR383C,YHR139C,0,-3.254232,0.10407239943742752,0.8903225660324097,0.7664515972137451
YDR343C,YIL069C,0,-3.255134,0.10404624044895172,0.8903225660324097,0.7666666507720947
YDR441C,YJL026W,0,-3.2551937,0.10402010381221771,0.8903225660324097,0.7668817043304443
YLL026W,YNL176C,0,-3.256187,0.1039939746260643,0.8903225660324097,0.767096757888794
YMR050C,YPL117C,0,-3.2579794,0.10396785289049149,0.8903225660324097,0.7673118114471436
YJR102C,YER028C,0,-3.2579858,0.10394175350666046,0.8903225660324097,0.7675268650054932
YGL243W,YIL154C,0,-3.2581482,0.10391566157341003,0.8903225660324097,0.7677419185638428
YDR004W,YCR063W,0,-3.2581577,0.1038895845413208,0.8903225660324097,0.7679569721221924
YJL012C,YBR107C,0,-3.2591143,0.10386352241039276,0.8903225660324097,0.768172025680542
YML057W,YLR143W,0,-3.2601256,0.10383747518062592,0.8903225660324097,0.7683870792388916
YBL100W-B,YMR156C,0,-3.2608204,0.10381143540143967,0.8903225660324097,0.7686021327972412
YOL069W,YER159C,0,-3.262034,0.10378541052341461,0.8903225660324097,0.7688171863555908
YOR266W,YMR040W,0,-3.2627723,0.10375940054655075,0.8903225660324097,0.7690322399139404
YPL061W,YGL194C,0,-3.2635922,0.10373339802026749,0.8903225660324097,0.76924729347229
YDR075W,YPR071W,0,-3.2638752,0.10370741784572601,0.8903225660324097,0.7694623470306396
YHR204W,YEL027W,0,-3.2642698,0.10368144512176514,0.8903225660324097,0.7696774005889893
YGR024C,YML004C,0,-3.2642727,0.10365547984838486,0.8903225660324097,0.7698924541473389
YHR194W,YDR303C,0,-3.2646284,0.10362953692674637,0.8903225660324097,0.7701075077056885
YOR189W,YBL072C,0,-3.2649837,0.10360360145568848,0.8903225660324097,0.7703225612640381
YPL043W,YBL031W,0,-3.2650054,0.10357768088579178,0.8903225660324097,0.7705376148223877
YJL174W,YOL132W,0,-3.2651043,0.10355177521705627,0.8903225660324097,0.7707526683807373
YEL027W,YBL025W,0,-3.265779,0.10352588444948196,0.8903225660324097,0.7709677219390869
YMR009W,YOR103C,0,-3.2662055,0.10350000113248825,0.8903225660324097,0.7711827754974365
YKL185W,YPR086W,0,-3.2664027,0.10347413271665573,0.8903225660324097,0.7713978290557861
YDR482C,YDR395W,0,-3.2667058,0.1034482792019844,0.8903225660324097,0.7716128826141357
YDR463W,YHR193C,0,-3.2670135,0.10342243313789368,0.8903225660324097,0.7718279361724854
YJL183W,YDR284C,0,-3.2680483,0.10339660197496414,0.8903225660324097,0.772042989730835
YBR029C,YOR156C,0,-3.2682016,0.1033707857131958,0.8903225660324097,0.7722580432891846
YBR254C,YDR002W,0,-3.2683027,0.10334498435258865,0.8903225660324097,0.7724730968475342
YKR100C,YNL055C,0,-3.2690642,0.1033191904425621,0.8903225660324097,0.7726881504058838
YDL189W,YPR155C,0,-3.2694542,0.10329341143369675,0.8903225660324097,0.7729032039642334
YPL097W,YHR193C,0,-3.2696757,0.10326764732599258,0.8903225660324097,0.773118257522583
YDR261C,YMR133W,0,-3.2697039,0.10324189811944962,0.8903225660324097,0.7733333110809326
YER023W,YPL076W,0,-3.269706,0.10321615636348724,0.8903225660324097,0.7735483646392822
YDR025W,YOR357C,0,-3.2698069,0.10319042950868607,0.8903225660324097,0.7737634181976318
YLL017W,YEL022W,1,-3.2709036,0.1034139022231102,0.8924731016159058,0.7737634181976318
YER038C,YNR055C,0,-3.2715058,0.10338813811540604,0.8924731016159058,0.7739784717559814
YCR016W,YDR057W,0,-3.2716565,0.10336238890886307,0.8924731016159058,0.774193525314331
YDR545W,YNR059W,0,-3.2717464,0.10333665460348129,0.8924731016159058,0.7744085788726807
YPL138C,YMR243C,0,-3.272079,0.10331092774868011,0.8924731016159058,0.7746236324310303
YGR202C,YFL056C,0,-3.272332,0.10328521579504013,0.8924731016159058,0.7748386859893799
YLR284C,YNL076W,0,-3.272755,0.10325951874256134,0.8924731016159058,0.7750537395477295
YHR014W,YKL099C,0,-3.2734485,0.10323382914066315,0.8924731016159058,0.7752687931060791
YFR025C,YBR162C,0,-3.2742116,0.10320815443992615,0.8924731016159058,0.7754838466644287
YDL189W,YNR037C,0,-3.2744832,0.10318249464035034,0.8924731016159058,0.7756989002227783
YGR003W,YIL123W,0,-3.2745447,0.10315684974193573,0.8924731016159058,0.7759139537811279
YHR214W,YLR466W,0,-3.275036,0.10313121229410172,0.8924731016159058,0.7761290073394775
YNL243W,YDR179C,0,-3.2756271,0.1031055897474289,0.8924731016159058,0.7763440608978271
YOR254C,YNR033W,0,-3.275689,0.10307998210191727,0.8924731016159058,0.7765591144561768
YIL009W,YJL035C,0,-3.2759626,0.10305438190698624,0.8924731016159058,0.7767741680145264
YMR059W,YIL167W,0,-3.2761226,0.1030287966132164,0.8924731016159058,0.776989221572876
YCL068C,YPR017C,1,-3.2762513,0.10325142741203308,0.8946236371994019,0.776989221572876
YBR301W,YFR053C,0,-3.2772474,0.10322580486536026,0.8946236371994019,0.7772042751312256
YJR084W,YFL026W,0,-3.2777874,0.10320019721984863,0.8946236371994019,0.7774193286895752
YML023C,YMR091C,0,-3.2787418,0.1031746044754982,0.8946236371994019,0.7776343822479248
YBL013W,YIL068C,0,-3.2788124,0.10314901918172836,0.8946236371994019,0.7778494358062744
YLL026W,YLR363C,0,-3.278991,0.10312344878911972,0.8946236371994019,0.778064489364624
YLL031C,YDR040C,0,-3.2803879,0.10309789329767227,0.8946236371994019,0.7782795429229736
YLR315W,YEL001C,0,-3.2817106,0.10307234525680542,0.8946236371994019,0.7784945964813232
YDR122W,YGR120C,0,-3.282231,0.10304681956768036,0.8946236371994019,0.7787096500396729
YOR258W,YBR212W,0,-3.2827535,0.1030213013291359,0.8946236371994019,0.7789247035980225
YER033C,YNL164C,0,-3.2828004,0.10299579054117203,0.8946236371994019,0.7791397571563721
YPR106W,YLR092W,0,-3.2829523,0.10297029465436935,0.8946236371994019,0.7793548107147217
YBR295W,YMR118C,0,-3.2833278,0.10294481366872787,0.8946236371994019,0.7795698642730713
YBR131W,YLL016W,1,-3.283472,0.10316675156354904,0.896774172782898,0.7795698642730713
YEL018W,YKL016C,0,-3.2841299,0.10314123332500458,0.896774172782898,0.7797849178314209
YEL019C,YDR098C,0,-3.2846677,0.10311572998762131,0.896774172782898,0.7799999713897705
YPR110C,YNR019W,0,-3.2848873,0.10309023410081863,0.896774172782898,0.7802150249481201
YMR234W,YBL013W,0,-3.2853327,0.10306475311517715,0.896774172782898,0.7804300785064697
YMR074C,YML096W,0,-3.2857826,0.10303928703069687,0.896774172782898,0.7806451320648193
YER015W,YDL211C,0,-3.2858882,0.10301383584737778,0.896774172782898,0.780860185623169
YLL024C,YPL210C,0,-3.2860248,0.10298839211463928,0.896774172782898,0.7810752391815186
YIL119C,YHR154W,0,-3.2876058,0.10296296328306198,0.896774172782898,0.7812903523445129
YCR016W,YPL168W,0,-3.287989,0.10293754935264587,0.896774172782898,0.7815054059028625
YGR244C,YDR019C,0,-3.2884567,0.10291214287281036,0.896774172782898,0.7817204594612122
YDR441C,YEL005C,0,-3.2902098,0.10288675129413605,0.896774172782898,0.7819355130195618
YGR254W,YKL185W,0,-3.290952,0.10286137461662292,0.896774172782898,0.7821505665779114
YCL068C,YOR241W,0,-3.2910962,0.1028360053896904,0.896774172782898,0.782365620136261
YPL210C,YNR059W,0,-3.2916827,0.10281065106391907,0.896774172782898,0.7825806736946106
YPR173C,YBR193C,0,-3.2919037,0.10278531163930893,0.896774172782898,0.7827957272529602
YIL052C,YDR468C,0,-3.2931743,0.10275997966527939,0.896774172782898,0.7830107808113098
YLR409C,YFR025C,0,-3.293545,0.10273466259241104,0.896774172782898,0.7832258343696594
YBL031W,YEL006W,0,-3.2936826,0.10270936042070389,0.896774172782898,0.783440887928009
YJR102C,YER109C,0,-3.2937288,0.10268406569957733,0.896774172782898,0.7836559414863586
YOR016C,YHR073W,0,-3.2949533,0.10265878587961197,0.896774172782898,0.7838709950447083
YLR193C,YOL121C,0,-3.2950454,0.1026335209608078,0.896774172782898,0.7840860486030579
YOL069W,YGR007W,0,-3.2950847,0.10260827094316483,0.896774172782898,0.7843011021614075
YAL041W,YCL068C,1,-3.296519,0.10282903164625168,0.898924708366394,0.7843011021614075
YCR106W,YPL135W,0,-3.2967439,0.10280373692512512,0.898924708366394,0.7845161557197571
YKR096W,YNL240C,0,-3.296936,0.10277845710515976,0.898924708366394,0.7847312092781067
YGR235C,YMR050C,0,-3.2986023,0.10275319218635559,0.898924708366394,0.7849462628364563
YBR189W,YGR208W,0,-3.3006787,0.10272794216871262,0.898924708366394,0.7851613163948059
YOR045W,YPR105C,0,-3.3015366,0.10270269960165024,0.898924708366394,0.7853763699531555
YOR049C,YOR026W,0,-3.3022518,0.10267747193574905,0.898924708366394,0.7855914235115051
YBL038W,YPR034W,0,-3.302369,0.10265225917100906,0.898924708366394,0.7858064770698547
YBR169C,YEL044W,0,-3.302601,0.10262705385684967,0.898924708366394,0.7860215306282043
YLL026W,YFL005W,0,-3.305576,0.10260186344385147,0.898924708366394,0.786236584186554
YPL138C,YOL032W,0,-3.3057036,0.10257668793201447,0.898924708366394,0.7864516377449036
YCR065W,YDL123W,0,-3.3060808,0.10255151987075806,0.898924708366394,0.7866666913032532
YLR039C,YCL068C,1,-3.3086562,0.10277164727449417,0.9010752439498901,0.7866666913032532
YLR131C,YKR049C,0,-3.3090727,0.10274644196033478,0.9010752439498901,0.7868817448616028
YLL016W,YLR291C,1,-3.3096757,0.10296641290187836,0.9032257795333862,0.7868817448616028
YDL135C,YBR162C,0,-3.3099103,0.10294117778539658,0.9032257795333862,0.7870967984199524
YHR120W,YMR230W,0,-3.310056,0.10291595011949539,0.9032257795333862,0.787311851978302
YGL028C,YPR131C,0,-3.3107412,0.1028907373547554,0.9032257795333862,0.7875269055366516
YNL076W,YER159C,0,-3.3121195,0.1028655394911766,0.9032257795333862,0.7877419590950012
YPL183C,YGL127C,0,-3.3127317,0.1028403490781784,0.9032257795333862,0.7879570126533508
YIL144W,YAL056W,0,-3.3128967,0.102815181016922,0.9032257795333862,0.7881720662117004
YHR148W,YNL094W,0,-3.3135056,0.10279001295566559,0.9032257795333862,0.78838711977005
YDR325W,YPL156C,0,-3.3148565,0.10276486724615097,0.9032257795333862,0.7886021733283997
YPR148C,YHR133C,0,-3.3152297,0.10273972898721695,0.9032257795333862,0.7888172268867493
YLR058C,YNL216W,0,-3.3154762,0.10271459817886353,0.9032257795333862,0.7890322804450989
YOR264W,YIL119C,0,-3.3157096,0.10268948972225189,0.9032257795333862,0.7892473340034485
YDR528W,YPL049C,0,-3.3158832,0.10266438871622086,0.9032257795333862,0.7894623875617981
YOR363C,YIL069C,0,-3.3160026,0.10263929516077042,0.9032257795333862,0.7896774411201477
YHR120W,YLR001C,0,-3.316788,0.10261421650648117,0.9032257795333862,0.7898924946784973
YPR154W,YFL049W,0,-3.3168592,0.10258915275335312,0.9032257795333862,0.7901075482368469
YBR086C,YMR118C,0,-3.3172948,0.10256410390138626,0.9032257795333862,0.7903226017951965
YDR303C,YHR193C,0,-3.3177073,0.1025390625,0.9032257795333862,0.7905376553535461
YPR106W,YHL025W,0,-3.3180356,0.10251403599977493,0.9032257795333862,0.7907527089118958
YJL174W,YHR024C,0,-3.3192573,0.10248901695013046,0.9032257795333862,0.7909677624702454
YGL144C,YHR138C,0,-3.3202887,0.10246401280164719,0.9032257795333862,0.791182816028595
YOR090C,YJR150C,0,-3.3213472,0.1024390235543251,0.9032257795333862,0.7913978695869446
YOL061W,YHR194W,0,-3.321434,0.10241404175758362,0.9032257795333862,0.7916129231452942
YPR173C,YFR040W,0,-3.321694,0.10238907486200333,0.9032257795333862,0.7918279767036438
YER056C,YCR038C,0,-3.3221936,0.10236412286758423,0.9032257795333862,0.7920430302619934
YDL091C,YIL038C,0,-3.322394,0.10233917832374573,0.9032257795333862,0.792258083820343
YKL079W,YDL031W,0,-3.3235755,0.10231424868106842,0.9032257795333862,0.7924731373786926
YDR377W,YBR114W,0,-3.3244402,0.10228933393955231,0.9032257795333862,0.7926881909370422
YNL190W,YBR045C,0,-3.32481,0.10226442664861679,0.9032257795333862,0.7929032444953918
YGL189C,YMR048W,0,-3.3251293,0.10223953425884247,0.9032257795333862,0.7931182980537415
YMR318C,YBR089C-A,0,-3.3261223,0.10221464931964874,0.9032257795333862,0.7933333516120911
YER028C,YOL116W,0,-3.3275185,0.10218977928161621,0.9032257795333862,0.7935484051704407
YHR197W,YLR061W,0,-3.3285015,0.10216492414474487,0.9032257795333862,0.7937634587287903
YJL186W,YDR041W,0,-3.3293047,0.10214007645845413,0.9032257795333862,0.7939785122871399
YKL002W,YGL238W,0,-3.3299851,0.10211524367332458,0.9032257795333862,0.7941935658454895
YOR087W,YLL053C,0,-3.3303812,0.10209042578935623,0.9032257795333862,0.7944086194038391
YNL250W,YNL111C,0,-3.3305097,0.10206561535596848,0.9032257795333862,0.7946236729621887
YGR174C,YDR257C,0,-3.331804,0.10204081982374191,0.9032257795333862,0.7948387265205383
YER056C,YHR210C,0,-3.3332644,0.10201603174209595,0.9032257795333862,0.7950537800788879
YNL137C,YPL146C,0,-3.3338199,0.10199125856161118,0.9032257795333862,0.7952688336372375
YDR145W,YJL196C,0,-3.334232,0.1019665002822876,0.9032257795333862,0.7954838871955872
YAL002W,YDR190C,0,-3.3355076,0.10194174945354462,0.9032257795333862,0.7956989407539368
YNL024C,YAL051W,0,-3.3355699,0.10191701352596283,0.9032257795333862,0.7959139943122864
YPL116W,YJR046W,0,-3.337754,0.10189228504896164,0.9032257795333862,0.796129047870636
YKR053C,YGL198W,0,-3.3385706,0.10186757147312164,0.9032257795333862,0.7963441014289856
YDR148C,YPL179W,0,-3.3386676,0.10184287279844284,0.9032257795333862,0.7965591549873352
YKL032C,YNR071C,0,-3.3387594,0.10181818157434464,0.9032257795333862,0.7967742085456848
YAL002W,YGR055W,0,-3.3399084,0.10179350525140762,0.9032257795333862,0.7969892621040344
YLR451W,YER071C,0,-3.3405063,0.10176883637905121,0.9032257795333862,0.797204315662384
YHL028W,YOR247W,0,-3.3406367,0.10174418240785599,0.9032257795333862,0.7974193692207336
YLR377C,YML096W,0,-3.341289,0.10171954333782196,0.9032257795333862,0.7976344227790833
YDR412W,YJL003W,0,-3.3425817,0.10169491171836853,0.9032257795333862,0.7978494763374329
YNR071C,YNL123W,0,-3.3429582,0.1016702950000763,0.9032257795333862,0.7980645298957825
YGR057C,YKL032C,0,-3.3431704,0.10164569318294525,0.9032257795333862,0.7982795834541321
YFL061W,YNL240C,0,-3.3435771,0.1016210988163948,0.9032257795333862,0.7984946370124817
YDR122W,YHL026C,0,-3.3444242,0.10159651935100555,0.9032257795333862,0.7987096905708313
YJL167W,YIL153W,0,-3.3445778,0.1015719473361969,0.9032257795333862,0.7989247441291809
YOR260W,YCL068C,1,-3.344946,0.10178916901350021,0.9053763151168823,0.7989247441291809
YBR168W,YGL049C,0,-3.3450994,0.10176456719636917,0.9053763151168823,0.7991397976875305
YFR024C-A,YGL139W,0,-3.3451371,0.10173997282981873,0.9053763151168823,0.7993548512458801
YOR087W,YLR223C,0,-3.3454037,0.10171539336442947,0.9053763151168823,0.7995699048042297
YLL016W,YOR158W,0,-3.3455997,0.10169082134962082,0.9053763151168823,0.7997849583625793
YEL024W,YGL105W,0,-3.3459477,0.10166626423597336,0.9053763151168823,0.800000011920929
YPR173C,YLR345W,0,-3.3463001,0.10164172202348709,0.9053763151168823,0.8002150654792786
YOR260W,YAL003W,1,-3.3474622,0.10185855627059937,0.9075269103050232,0.8002150654792786
YGL067W,YHR006W,0,-3.3474689,0.10183397680521011,0.9075269103050232,0.8004301190376282
YAR033W,YPL145C,0,-3.3474922,0.10180941224098206,0.9075269103050232,0.8006451725959778
YGR174C,YMR183C,0,-3.3479679,0.1017848551273346,0.9075269103050232,0.8008602261543274
YIL119C,YDR007W,0,-3.3487813,0.10176030546426773,0.9075269103050232,0.801075279712677
YHL028W,YGR142W,0,-3.3492846,0.10173577815294266,0.9075269103050232,0.8012903332710266
YJR048W,YPR097W,0,-3.3511465,0.10171125829219818,0.9075269103050232,0.8015053868293762
YDR464W,YIL043C,0,-3.351326,0.1016867458820343,0.9075269103050232,0.8017204403877258
YAL015C,YDR437W,0,-3.351632,0.10166224837303162,0.9075269103050232,0.8019354939460754
YDR075W,YPL100W,0,-3.3517194,0.10163776576519012,0.9075269103050232,0.802150547504425
YER028C,YGL240W,0,-3.3532,0.10161329060792923,0.9075269103050232,0.8023656010627747
YJL174W,YER028C,0,-3.3536658,0.10158883035182953,0.9075269103050232,0.8025806546211243
YDL160C,YPR057W,0,-3.3537302,0.10156437754631042,0.9075269103050232,0.8027957081794739
YGL167C,YKL002W,0,-3.3539586,0.10153993964195251,0.9075269103050232,0.8030107617378235
YOR034C,YBR101C,0,-3.3543158,0.1015155166387558,0.9075269103050232,0.8032258152961731
YPL175W,YGL053W,0,-3.3554542,0.10149110108613968,0.9075269103050232,0.8034408688545227
YBL013W,YJL208C,0,-3.3571281,0.10146670043468475,0.9075269103050232,0.8036559224128723
YPL137C,YDR168W,0,-3.3574984,0.10144230723381042,0.9075269103050232,0.8038709759712219
YBR029C,YLL024C,0,-3.358054,0.10141792893409729,0.9075269103050232,0.8040860295295715
YDL003W,YDL149W,0,-3.3582728,0.10139355808496475,0.9075269103050232,0.8043010830879211
YJL054W,YNL133C,0,-3.3583007,0.10136920213699341,0.9075269103050232,0.8045161366462708
YKL063C,YDR165W,0,-3.3592582,0.10134486109018326,0.9075269103050232,0.8047311902046204
YGR193C,YOL078W,0,-3.3594894,0.1013205274939537,0.9075269103050232,0.80494624376297
YCR045C,YHR170W,0,-3.3602755,0.10129620879888535,0.9075269103050232,0.8051612973213196
YMR105C,YER093C,0,-3.3606095,0.10127189755439758,0.9075269103050232,0.8053763508796692
YHL011C,YLR460C,0,-3.3606765,0.10124760121107101,0.9075269103050232,0.8055914044380188
YDR213W,YPR148C,0,-3.3654475,0.10122331231832504,0.9075269103050232,0.8058064579963684
YML101C,YGL018C,0,-3.365452,0.10119903832674026,0.9075269103050232,0.806021511554718
YOR065W,YGR296W,0,-3.366262,0.10117477923631668,0.9075269103050232,0.8062365651130676
YIL014W,YLR220W,0,-3.366509,0.1011505275964737,0.9075269103050232,0.8064516186714172
YPR134W,YLR189C,0,-3.3666012,0.1011262908577919,0.9075269103050232,0.8066666722297668
YCR086W,YHR194W,0,-3.3668413,0.1011020615696907,0.9075269103050232,0.8068817257881165
YDR345C,YKR096W,0,-3.3670416,0.1010778471827507,0.9075269103050232,0.8070967793464661
YFL011W,YMR183C,0,-3.3671637,0.1010536402463913,0.9075269103050232,0.8073118329048157
YOR267C,YKL016C,0,-3.3676617,0.10102944821119308,0.9075269103050232,0.8075268864631653
YOR129C,YLR313C,0,-3.3681977,0.10100526362657547,0.9075269103050232,0.8077419400215149
YDL098C,YBR121C,0,-3.368722,0.10098109394311905,0.9075269103050232,0.8079569935798645
YPR180W,YHR014W,0,-3.3689194,0.10095693916082382,0.9075269103050232,0.8081720471382141
YPL137C,YIR004W,0,-3.3705976,0.10093279182910919,0.9075269103050232,0.8083871006965637
YMR226C,YJL035C,0,-3.3710504,0.10090865939855576,0.9075269103050232,0.8086021542549133
YHL017W,YJL069C,0,-3.3723083,0.10088453441858292,0.9075269103050232,0.8088172078132629
YLR061W,YNL029C,0,-3.372562,0.10086042433977127,0.9075269103050232,0.8090322613716125
YKR093W,YFR034C,0,-3.3743103,0.10083632171154022,0.9075269103050232,0.8092473149299622
YGL097W,YCL068C,1,-3.374491,0.10105112195014954,0.9096774458885193,0.8092473149299622
YJL186W,YKL051W,0,-3.374824,0.1010269895195961,0.9096774458885193,0.8094623684883118
YGL093W,YLR249W,0,-3.3757873,0.10100286453962326,0.9096774458885193,0.8096774220466614
YDR513W,YDR406W,0,-3.3766418,0.10097875446081161,0.9096774458885193,0.809892475605011
YPL209C,YLR083C,0,-3.3768213,0.10095465183258057,0.9096774458885193,0.8101075291633606
YBR189W,YLR055C,0,-3.3780184,0.10093056410551071,0.9096774458885193,0.8103225827217102
YNL167C,YOR341W,0,-3.3797894,0.10090649127960205,0.9096774458885193,0.8105376362800598
YNL031C,YDR244W,0,-3.383727,0.10088242590427399,0.9096774458885193,0.8107526898384094
YKR026C,YCR038C,1,-3.3846846,0.10109680145978928,0.9118279814720154,0.8107526898384094
YJR120W,YHR146W,0,-3.38658,0.10107270628213882,0.9118279814720154,0.810967743396759
YDR309C,YNL180C,0,-3.386645,0.10104861855506897,0.9118279814720154,0.8111827969551086
YNL251C,YHR193C,0,-3.3884044,0.10102453827857971,0.9118279814720154,0.8113978505134583
YDR129C,YML055W,0,-3.389015,0.10100047290325165,0.9118279814720154,0.8116129040718079
YPL116W,YOL121C,0,-3.3890371,0.10097642242908478,0.9118279814720154,0.8118279576301575
YOR320C,YDL149W,0,-3.389823,0.1009523794054985,0.9118279814720154,0.8120430111885071
YIL120W,YKL099C,0,-3.3899267,0.10092835128307343,0.9118279814720154,0.8122580647468567
YLR460C,YHR193C,0,-3.3900297,0.10090433061122894,0.9118279814720154,0.8124731183052063
YIL119C,YER060W-A,0,-3.3902042,0.10088032484054565,0.9118279814720154,0.8126881718635559
YBR085W,YKR100C,0,-3.3915193,0.10085632652044296,0.9118279814720154,0.8129032254219055
YJR073C,YJR117W,0,-3.3921447,0.10083234310150146,0.9118279814720154,0.8131182789802551
YDR372C,YBR301W,0,-3.3921921,0.10080836713314056,0.9118279814720154,0.8133333325386047
YGR080W,YDR309C,0,-3.392798,0.10078440606594086,0.9118279814720154,0.8135483860969543
YOR049C,YKR095W,0,-3.3944383,0.10076045989990234,0.9118279814720154,0.813763439655304
YOR363C,YGR211W,0,-3.395464,0.10073651373386383,0.9118279814720154,0.8139784932136536
YEL001C,YPL021W,0,-3.3955193,0.10071258991956711,0.9118279814720154,0.8141935467720032
YLR249W,YOR249C,0,-3.396165,0.10068867355585098,0.9118279814720154,0.8144086003303528
YOR191W,YJL026W,0,-3.3968928,0.10066476464271545,0.9118279814720154,0.8146236538887024
YML057W,YLL021W,0,-3.3972206,0.10064087063074112,0.9118279814720154,0.814838707447052
YCR065W,YOR060C,0,-3.3978114,0.10061699151992798,0.9118279814720154,0.8150537610054016
YPR173C,YAL048C,0,-3.3995707,0.10059311985969543,0.9118279814720154,0.8152688145637512
YGL243W,YBL013W,0,-3.3996177,0.10056926310062408,0.9118279814720154,0.8154838681221008
YJR109C,YBR191W,0,-3.3998852,0.10054541379213333,0.9118279814720154,0.8156989216804504
YNL328C,YBR003W,0,-3.4001615,0.10052157193422318,0.9118279814720154,0.8159139752388
YDR129C,YER149C,0,-3.4012322,0.10049774497747421,0.9118279814720154,0.8161290287971497
YGL126W,YBR065C,0,-3.4016447,0.10047393292188644,0.9118279814720154,0.8163440823554993
YKL062W,YHL003C,0,-3.4016595,0.10045012831687927,0.9118279814720154,0.8165591359138489
YHL017W,YGL087C,0,-3.4026868,0.1004263386130333,0.9118279814720154,0.8167741894721985
YPR134W,YNR024W,0,-3.404091,0.10040255635976791,0.9118279814720154,0.8169892430305481
YGR253C,YPR105C,0,-3.4040935,0.10037878900766373,0.9118279814720154,0.8172042965888977
YJL167W,YLL057C,0,-3.4043438,0.10035502910614014,0.9118279814720154,0.8174193501472473
YER044C-A,YGL198W,0,-3.4070058,0.10033128410577774,0.9118279814720154,0.8176344037055969
YHR139C,YKR072C,0,-3.407012,0.10030754655599594,0.9118279814720154,0.8178494572639465
YKR075C,YLR299W,0,-3.4071546,0.10028382390737534,0.9118279814720154,0.8180645108222961
YNL031C,YFL026W,0,-3.4081526,0.10026010870933533,0.9118279814720154,0.8182795643806458
YKL026C,YPR068C,0,-3.4081917,0.10023640841245651,0.9118279814720154,0.8184946179389954
YDR211W,YLL017W,1,-3.408362,0.10044906288385391,0.9139785170555115,0.8184946179389954
YJL183W,YIR031C,0,-3.4088864,0.10042533278465271,0.9139785170555115,0.818709671497345
YER179W,YDR308C,0,-3.4091134,0.1004016101360321,0.9139785170555115,0.8189247250556946
YDR406W,YMR237W,0,-3.4095142,0.1003778949379921,0.9139785170555115,0.8191397786140442
YER102W,YCL048W,0,-3.4110131,0.10035419464111328,0.9139785170555115,0.8193548321723938
YGR024C,YGL096W,0,-3.4119043,0.10033050179481506,0.9139785170555115,0.8195698857307434
YKL014C,YHL025W,0,-3.412893,0.10030682384967804,0.9139785170555115,0.819784939289093
YNL250W,YNR052C,0,-3.4139924,0.10028315335512161,0.9139785170555115,0.8199999928474426
YLR058C,YMR091C,0,-3.4151154,0.10025949776172638,0.9139785170555115,0.8202150464057922
YPR175W,YIL153W,0,-3.4155617,0.10023584961891174,0.9139785170555115,0.8204300999641418
YGL063W,YMR110C,0,-3.416367,0.1002122163772583,0.9139785170555115,0.8206451535224915
YJL174W,YNL173C,0,-3.4164262,0.10018859058618546,0.9139785170555115,0.8208602070808411
YDR427W,YDR398W,0,-3.4167747,0.1001649796962738,0.9139785170555115,0.8210752606391907
YIR004W,YDR384C,0,-3.417035,0.10014137625694275,0.9139785170555115,0.8212903141975403
YJL026W,YGR211W,0,-3.4173317,0.10011778771877289,0.9139785170555115,0.8215053677558899
YDR098C,YMR133W,0,-3.4175758,0.10009420663118362,0.9139785170555115,0.8217204213142395
YEL024W,YBR089C-A,0,-3.4181318,0.10007064044475555,0.9139785170555115,0.8219354748725891
YOR177C,YKL058W,0,-3.418377,0.10004708170890808,0.9139785170555115,0.8221505284309387
YLR284C,YHR005C,0,-3.418435,0.1000235378742218,0.9139785170555115,0.8223655819892883
YHR169W,YJR050W,0,-3.4189634,0.10000000149011612,0.9139785170555115,0.8225806355476379
YNL183C,YDL189W,0,-3.4197364,0.09997647255659103,0.9139785170555115,0.8227956891059875
YOR103C,YOR078W,0,-3.4215496,0.09995296597480774,0.9139785170555115,0.8230107426643372
YOR260W,YNR071C,0,-3.4218707,0.09992945939302444,0.9139785170555115,0.8232257962226868
YDR516C,YJR027W,0,-3.4223278,0.09990596771240234,0.9139785170555115,0.8234408497810364
YER178W,YGL049C,0,-3.422698,0.09988249093294144,0.9139785170555115,0.823655903339386
YER062C,YLL067C,0,-3.4262338,0.09985902160406113,0.9139785170555115,0.8238709568977356
YJR073C,YNL123W,0,-3.4263887,0.09983556717634201,0.9139785170555115,0.8240860104560852
YOL009C,YIL096C,0,-3.4269905,0.09981212019920349,0.9139785170555115,0.8243010640144348
YGR055W,YJR046W,0,-3.4272254,0.09978868067264557,0.9139785170555115,0.8245161175727844
YLR411W,YER032W,0,-3.427499,0.09976525604724884,0.9139785170555115,0.824731171131134
YKL192C,YPL018W,0,-3.4285874,0.0997418463230133,0.9139785170555115,0.8249462246894836
YOR049C,YIR004W,0,-3.4287958,0.09971844404935837,0.9139785170555115,0.8251612782478333
YJR084W,YLR044C,0,-3.4289618,0.09969504922628403,0.9139785170555115,0.8253763318061829
YJL167W,YOR059C,0,-3.4292164,0.09967166930437088,0.9139785170555115,0.8255913853645325
YGR078C,YPR071W,0,-3.4306674,0.09964829683303833,0.9139785170555115,0.8258064389228821
YNL156C,YLR292C,0,-3.4327598,0.09962493926286697,0.9139785170555115,0.8260214924812317
YOR252W,YDR019C,0,-3.4334888,0.09960159659385681,0.9139785170555115,0.8262365460395813
YNL025C,YAR009C,0,-3.4335399,0.09957825392484665,0.9139785170555115,0.8264515995979309
YHR108W,YCR016W,0,-3.4335706,0.09955493360757828,0.9139785170555115,0.8266666531562805
YLR432W,YER167W,0,-3.4338574,0.0995316132903099,0.9139785170555115,0.8268817067146301
YHR185C,YBL072C,0,-3.4355662,0.09950831532478333,0.9139785170555115,0.8270967602729797
YKL196C,YCR005C,0,-3.4373665,0.09948501735925674,0.9139785170555115,0.8273118138313293
YNL145W,YDR246W,0,-3.4389706,0.09946173429489136,0.9139785170555115,0.827526867389679
YBR043C,YDL247W,0,-3.4392123,0.09943846613168716,0.9139785170555115,0.8277419209480286
YNL051W,YBR005W,0,-3.4392328,0.09941520541906357,0.9139785170555115,0.8279569745063782
YIL098C,YBR085W,0,-3.439439,0.09939195215702057,0.9139785170555115,0.8281720280647278
YCL051W,YLR075W,0,-3.4395883,0.09936871379613876,0.9139785170555115,0.8283870816230774
YKL191W,YOR156C,0,-3.4409988,0.09934549033641815,0.9139785170555115,0.828602135181427
YOL023W,YLR058C,0,-3.4428978,0.09932227432727814,0.9139785170555115,0.8288171887397766
YDR211W,YCL068C,1,-3.443893,0.09953270852565765,0.9161290526390076,0.8288171887397766
YPR199C,YOL052C-A,0,-3.4444776,0.09950946271419525,0.9161290526390076,0.8290322422981262
YPR155C,YGR296W,0,-3.4445152,0.09948622435331345,0.9161290526390076,0.8292472958564758
YGL018C,YPR169W,0,-3.4445415,0.09946299344301224,0.9161290526390076,0.8294623494148254
YPR188C,YLR363C,0,-3.445167,0.09943977743387222,0.9161290526390076,0.829677402973175
YDR256C,YMR149W,0,-3.4453537,0.0994165688753128,0.9161290526390076,0.8298924565315247
YGR024C,YIL033C,0,-3.445354,0.09939337521791458,0.9161290526390076,0.8301075100898743
YNL328C,YOR103C,0,-3.4470282,0.09937018901109695,0.9161290526390076,0.8303225636482239
YOR236W,YCR024C,0,-3.4474664,0.09934701770544052,0.9161290526390076,0.8305376172065735
YLR223C,YKL087C,0,-3.4495983,0.09932385385036469,0.9161290526390076,0.8307526707649231
YHR113W,YPL233W,0,-3.4497037,0.09930069744586945,0.9161290526390076,0.8309677243232727
YEL019C,YOR117W,0,-3.4501882,0.0992775559425354,0.9161290526390076,0.8311827778816223
YPR154W,YBR016W,0,-3.452189,0.09925442934036255,0.9161290526390076,0.8313978314399719
YDR212W,YKR053C,0,-3.4535055,0.0992313101887703,0.9161290526390076,0.8316128849983215
YDR148C,YLR313C,0,-3.4548233,0.09920819848775864,0.9161290526390076,0.8318279385566711
YLR259C,YMR149W,0,-3.4560876,0.09918510168790817,0.9161290526390076,0.8320429921150208
YAL030W,YCR106W,0,-3.4570727,0.0991620123386383,0.9161290526390076,0.8322580456733704
YDR375C,YPL207W,0,-3.4576352,0.09913893043994904,0.9161290526390076,0.83247309923172
YHR035W,YOL032W,0,-3.4579165,0.09911587089300156,0.9161290526390076,0.8326881527900696
YGR260W,YGR083C,0,-3.4587078,0.09909281134605408,0.9161290526390076,0.8329032063484192
YDR528W,YPR174C,0,-3.458944,0.09906976670026779,0.9161290526390076,0.8331182599067688
YIL156W,YCR063W,0,-3.4594297,0.0990467369556427,0.9161290526390076,0.8333333134651184
YGL167C,YOL032W,0,-3.4601698,0.09902370721101761,0.9161290526390076,0.833548367023468
YCL048W,YJR054W,0,-3.4601893,0.09900069981813431,0.9161290526390076,0.8337634205818176
YOR027W,YLR466W,0,-3.4602616,0.09897769242525101,0.9161290526390076,0.8339784741401672
YLR288C,YBR121C,0,-3.4613316,0.0989547073841095,0.9161290526390076,0.8341935276985168
YDR381W,YLR299W,0,-3.4616537,0.09893172234296799,0.9161290526390076,0.8344085812568665
YGR024C,YNL247W,0,-3.4626865,0.09890875220298767,0.9161290526390076,0.8346236348152161
YPL183C,YKL039W,0,-3.4627213,0.09888579696416855,0.9161290526390076,0.8348386883735657
YPR148C,YHR150W,0,-3.4633992,0.09886284172534943,0.9161290526390076,0.8350537419319153
YMR243C,YCL068C,0,-3.464241,0.0988399088382721,0.9161290526390076,0.8352687954902649
YDL235C,YKR075C,0,-3.464365,0.09881698340177536,0.9161290526390076,0.8354838490486145
YFL025C,YER038C,0,-3.464752,0.09879406541585922,0.9161290526390076,0.8356989026069641
YDR513W,YPR133C,0,-3.4660163,0.09877115488052368,0.9161290526390076,0.8359139561653137
YPR174C,YNR055C,0,-3.4662325,0.09874825924634933,0.9161290526390076,0.8361290097236633
YMR195W,YJL058C,0,-3.468613,0.09872537851333618,0.9161290526390076,0.8363440632820129
YOR359W,YPR174C,0,-3.4693565,0.09870250523090363,0.9161290526390076,0.8365591168403625
YCL017C,YDR023W,0,-3.4706006,0.09867963939905167,0.9161290526390076,0.8367741703987122
YBR153W,YMR133W,0,-3.471806,0.0986567884683609,0.9161290526390076,0.8369892239570618
YKR075C,YBR049C,0,-3.471839,0.09863394498825073,0.9161290526390076,0.8372042775154114
YLR215C,YFL011W,0,-3.4729695,0.09861110895872116,0.9161290526390076,0.837419331073761
YOR193W,YJL212C,0,-3.474515,0.09858828783035278,0.9161290526390076,0.8376343846321106
YEL024W,YMR149W,0,-3.4775977,0.0985654816031456,0.9161290526390076,0.8378494381904602
YOL076W,YGL226W,0,-3.477875,0.09854267537593842,0.9161290526390076,0.8380644917488098
YBL013W,YJL035C,0,-3.4778967,0.09851989150047302,0.9161290526390076,0.8382795453071594
YLL031C,YHR138C,0,-3.4784598,0.09849710762500763,0.9161290526390076,0.838494598865509
YJL026W,YLR292C,0,-3.4796982,0.09847433865070343,0.9161290526390076,0.8387096524238586
YNR026C,YGR070W,1,-3.4797242,0.09868268668651581,0.9182795882225037,0.8387096524238586
YDR243C,YHL031C,0,-3.4799213,0.09865988790988922,0.9182795882225037,0.8389247059822083
YGL016W,YER159C,0,-3.4800038,0.09863709658384323,0.9182795882225037,0.8391397595405579
YGL092W,YJL167W,0,-3.4806142,0.09861432015895844,0.9182795882225037,0.8393548130989075
YGR254W,YJL168C,0,-3.4809208,0.09859155118465424,0.9182795882225037,0.8395698666572571
YLL024C,YOR271C,0,-3.481154,0.09856878966093063,0.9182795882225037,0.8397849202156067
YMR234W,YPR003C,0,-3.482019,0.09854604303836823,0.9182795882225037,0.8399999737739563
YHR170W,YJL083W,0,-3.4832203,0.09852330386638641,0.9182795882225037,0.8402150273323059
YDR325W,YLR382C,0,-3.4833999,0.0985005795955658,0.9182795882225037,0.8404300808906555
YFL025C,YNL194C,0,-3.4835305,0.09847786277532578,0.9182795882225037,0.8406451344490051
YMR015C,YOR357C,0,-3.4844592,0.09845515340566635,0.9182795882225037,0.8408601880073547
YMR053C,YPR114W,0,-3.4846003,0.09843245893716812,0.9182795882225037,0.8410752415657043
YBR162W-A,YNR055C,0,-3.485187,0.09840977191925049,0.9182795882225037,0.841290295124054
YKL145W,YOL059W,0,-3.4857974,0.09838709980249405,0.9182795882225037,0.8415053486824036
YOR358W,YIL008W,0,-3.4858427,0.0983644351363182,0.9182795882225037,0.8417204022407532
YHR108W,YGR212W,0,-3.4864235,0.09834177792072296,0.9182795882225037,0.8419354557991028
YDR211W,YGR070W,1,-3.487043,0.09854938834905624,0.9204301238059998,0.8419354557991028
YFL011W,YGR253C,0,-3.48734,0.09852670133113861,0.9204301238059998,0.8421505093574524
YIL019W,YAL002W,0,-3.4897509,0.09850402921438217,0.9204301238059998,0.842365562915802
YNL025C,YHR150W,0,-3.4900253,0.09848136454820633,0.9204301238059998,0.8425806164741516
YDR148C,YOR129C,0,-3.4910274,0.09845870733261108,0.9204301238059998,0.8427956700325012
YJL013C,YHR170W,0,-3.4917135,0.09843606501817703,0.9204301238059998,0.8430107235908508
YGR254W,YDR204W,0,-3.4923306,0.09841343015432358,0.9204301238059998,0.8432257771492004
YPL036W,YIR031C,0,-3.492407,0.09839080274105072,0.9204301238059998,0.84344083070755
YPR068C,YHR020W,0,-3.4948938,0.09836819022893906,0.9204301238059998,0.8436558842658997
YHR138C,YER071C,0,-3.4969232,0.09834558516740799,0.9204301238059998,0.843870997428894
YHR037W,YMR177W,0,-3.4998426,0.09832299500703812,0.9204301238059998,0.8440860509872437
YKL132C,YLR259C,0,-3.5003815,0.09830041229724884,0.9204301238059998,0.8443011045455933
YOR068C,YBR091C,0,-3.5021648,0.09827784448862076,0.9204301238059998,0.8445161581039429
YPL262W,YDR135C,0,-3.50239,0.09825527667999268,0.9204301238059998,0.8447312116622925
YBR268W,YBR049C,0,-3.5025082,0.09823273122310638,0.9204301238059998,0.8449462652206421
YPL105C,YDR284C,0,-3.5030026,0.09821018576622009,0.9204301238059998,0.8451613187789917
YKL145W,YOR129C,0,-3.5053205,0.098187655210495,0.9204301238059998,0.8453763723373413
YOR049C,YHL003C,0,-3.5068026,0.09816513955593109,0.9204301238059998,0.8455914258956909
YAL003W,YPR017C,1,-3.5076156,0.09837193042039871,0.9225806593894958,0.8455914258956909
YOL135C,YPL061W,0,-3.508307,0.09834937751293182,0.9225806593894958,0.8458064794540405
YPR114W,YOR065W,0,-3.5105293,0.09832683950662613,0.9225806593894958,0.8460215330123901
YGR082W,YNL288W,0,-3.511836,0.09830430895090103,0.9225806593894958,0.8462365865707397
YLR068W,YDL076C,0,-3.5128713,0.09828178584575653,0.9225806593894958,0.8464516401290894
YDR129C,YOL126C,0,-3.5138333,0.09825927764177322,0.9225806593894958,0.846666693687439
YHR138C,YGR040W,0,-3.5151007,0.09823677688837051,0.9225806593894958,0.8468817472457886
YPL061W,YMR183C,0,-3.5151527,0.0982142835855484,0.9225806593894958,0.8470968008041382
YHL011C,YCL048W,0,-3.5161452,0.09819180518388748,0.9225806593894958,0.8473118543624878
YCR024C,YNL161W,0,-3.5171685,0.09816933423280716,0.9225806593894958,0.8475269079208374
YNL167C,YMR059W,0,-3.5176606,0.09814687818288803,0.9225806593894958,0.847741961479187
YGL018C,YIL009W,0,-3.5195074,0.0981244295835495,0.9225806593894958,0.8479570150375366
YDR160W,YPL210C,0,-3.5196967,0.09810198843479156,0.9225806593894958,0.8481720685958862
YGL098W,YIL009W,0,-3.520396,0.09807956218719482,0.9225806593894958,0.8483871221542358
YOL132W,YKL150W,0,-3.520814,0.09805714339017868,0.9225806593894958,0.8486021757125854
YBR279W,YNR053C,0,-3.521247,0.09803473204374313,0.9225806593894958,0.8488172292709351
YGR165W,YIL096C,0,-3.5220132,0.09801233559846878,0.9225806593894958,0.8490322828292847
YOR117W,YNL024C,0,-3.5234077,0.09798994660377502,0.9225806593894958,0.8492473363876343
YHR185C,YKL051W,0,-3.5234644,0.09796757251024246,0.9225806593894958,0.8494623899459839
YNL297C,YLL016W,1,-3.5239017,0.09817351400852203,0.9247311949729919,0.8494623899459839
YNL059C,YIL033C,0,-3.5245085,0.09815111011266708,0.9247311949729919,0.8496774435043335
YNL263C,YLR333C,0,-3.5249453,0.09812870621681213,0.9247311949729919,0.8498924970626831
YHL038C,YGR161C,0,-3.525896,0.09810631722211838,0.9247311949729919,0.8501075506210327
YIL064W,YOL042W,0,-3.5265203,0.09808394312858582,0.9247311949729919,0.8503226041793823
YEL032W,YDR273W,0,-3.5267353,0.09806157648563385,0.9247311949729919,0.8505376577377319
YCR045C,YBR212W,0,-3.5289066,0.09803921729326248,0.9247311949729919,0.8507527112960815
YDR345C,YCL051W,0,-3.5306334,0.09801686555147171,0.9247311949729919,0.8509677648544312
YIL156W,YDR365C,0,-3.5307884,0.09799452871084213,0.9247311949729919,0.8511828184127808
YNL031C,YHR142W,0,-3.5320497,0.09797220677137375,0.9247311949729919,0.8513978719711304
YCL039W,YBR191W,0,-3.5325162,0.09794988483190536,0.9247311949729919,0.85161292552948
YOL059W,YOR110W,0,-3.5331085,0.09792757779359818,0.9247311949729919,0.8518279790878296
YKL069W,YHR190W,0,-3.5351918,0.09790528565645218,0.9247311949729919,0.8520430326461792
YOR380W,YOR254C,0,-3.5358112,0.09788299351930618,0.9247311949729919,0.8522580862045288
YDR190C,YPR199C,0,-3.5358639,0.09786071628332138,0.9247311949729919,0.8524731397628784
YJL110C,YMR074C,0,-3.5368202,0.09783845394849777,0.9247311949729919,0.852688193321228
YPL280W,YDR009W,0,-3.5373626,0.09781619906425476,0.9247311949729919,0.8529032468795776
YKL114C,YGL219C,0,-3.5378792,0.09779395163059235,0.9247311949729919,0.8531183004379272
YGR205W,YFR034C,0,-3.542406,0.09777171164751053,0.9247311949729919,0.8533333539962769
YIL069C,YFR025C,0,-3.542848,0.0977494865655899,0.9247311949729919,0.8535484075546265
YLL006W,YPL178W,0,-3.5433345,0.09772727638483047,0.9247311949729919,0.8537634611129761
YDL113C,YCR035C,0,-3.545065,0.09770506620407104,0.9247311949729919,0.8539785146713257
YMR207C,YKL080W,0,-3.5458047,0.09768287092447281,0.9247311949729919,0.8541935682296753
YOR034C,YLR259C,0,-3.5458837,0.09766068309545517,0.9247311949729919,0.8544086217880249
YJR132W,YOR059C,0,-3.5461364,0.09763851016759872,0.9247311949729919,0.8546236753463745
YOL121C,YOR129C,0,-3.5469184,0.09761634469032288,0.9247311949729919,0.8548387289047241
YDR325W,YKL192C,0,-3.547171,0.09759418666362762,0.9247311949729919,0.8550537824630737
YLR059C,YCR106W,0,-3.548789,0.09757204353809357,0.9247311949729919,0.8552688360214233
YOR262W,YPL056C,0,-3.550268,0.0975499078631401,0.9247311949729919,0.855483889579773
YMR009W,YKR079C,0,-3.5521686,0.09752778708934784,0.9247311949729919,0.8556989431381226
YGR055W,YDR025W,0,-3.5527692,0.09750566631555557,0.9247311949729919,0.8559139966964722
YKL150W,YBR028C,0,-3.554171,0.0974835604429245,0.9247311949729919,0.8561290502548218
YDR406W,YGR094W,0,-3.5546966,0.09746146947145462,0.9247311949729919,0.8563441038131714
YMR234W,YER015W,0,-3.5560942,0.09743938595056534,0.9247311949729919,0.856559157371521
YJL078C,YLR093C,0,-3.5579338,0.09741730988025665,0.9247311949729919,0.8567742109298706
YPL198W,YCL048W,0,-3.5599213,0.09739524126052856,0.9247311949729919,0.8569892644882202
YPR037C,YHR139C,0,-3.5607924,0.09737318754196167,0.9247311949729919,0.8572043180465698
YHR113W,YGR211W,0,-3.5617213,0.09735114127397537,0.9247311949729919,0.8574193716049194
YOL009C,YHL050C,0,-3.5631933,0.09732910990715027,0.9247311949729919,0.857634425163269
YGR097W,YIL018W,0,-3.5634742,0.09730708599090576,0.9247311949729919,0.8578494787216187
YDR345C,YDL105W,0,-3.5647643,0.09728506952524185,0.9247311949729919,0.8580645322799683
YPR175W,YBR089C-A,0,-3.5672798,0.09726306051015854,0.9247311949729919,0.8582795858383179
YGR082W,YMR063W,0,-3.5673835,0.09724106639623642,0.9247311949729919,0.8584946393966675
YLR293C,YFL005W,0,-3.5687594,0.0972190797328949,0.9247311949729919,0.8587096929550171
YNL045W,YJR109C,0,-3.5699205,0.09719710797071457,0.9247311949729919,0.8589247465133667
YMR105C,YER005W,0,-3.5721385,0.09717514365911484,0.9247311949729919,0.8591398000717163
YGR193C,YDL031W,0,-3.5727148,0.0971531867980957,0.9247311949729919,0.8593548536300659
YGR202C,YMR105C,0,-3.5744429,0.09713123738765717,0.9247311949729919,0.8595699071884155
YFR025C,YKR072C,0,-3.5766625,0.09710930287837982,0.9247311949729919,0.8597849607467651
YOR177C,YBR029C,0,-3.5767252,0.09708737581968307,0.9247311949729919,0.8600000143051147
YGL126W,YGR260W,0,-3.577065,0.09706546366214752,0.9247311949729919,0.8602150678634644
YGL195W,YLR054C,0,-3.577077,0.09704355895519257,0.9247311949729919,0.860430121421814
YKL069W,YPR010C,0,-3.578053,0.0970216616988182,0.9247311949729919,0.8606451749801636
YFR031C-A,YML013W,0,-3.5784435,0.09699977189302444,0.9247311949729919,0.8608602285385132
YOR049C,YLR259C,0,-3.580464,0.09697789698839188,0.9247311949729919,0.8610752820968628
YDL072C,YER093C,0,-3.5811563,0.0969560295343399,0.9247311949729919,0.8612903356552124
YOR252W,YCR063W,0,-3.5814419,0.09693417698144913,0.9247311949729919,0.861505389213562
YOR091W,YLR377C,0,-3.5822535,0.09691232442855835,0.9247311949729919,0.8617204427719116
YNL221C,YBR272C,0,-3.5832682,0.09689049422740936,0.9247311949729919,0.8619354963302612
YPL169C,YJR150C,0,-3.5854354,0.09686866402626038,0.9247311949729919,0.8621505498886108
YJL110C,YEL027W,0,-3.5858417,0.09684684872627258,0.9247311949729919,0.8623656034469604
YDR259C,YBR028C,0,-3.5888429,0.09682504087686539,0.9247311949729919,0.8625806570053101
YDR057W,YLR435W,0,-3.5899537,0.09680324047803879,0.9247311949729919,0.8627957105636597
YHL035C,YIL123W,0,-3.5911524,0.09678145498037338,0.9247311949729919,0.8630107641220093
YCR031C,YDR438W,0,-3.5916877,0.09675967693328857,0.9247311949729919,0.8632258176803589
YKL054C,YOR103C,0,-3.5934615,0.09673790633678436,0.9247311949729919,0.8634408712387085
YDR178W,YDR301W,0,-3.5939445,0.09671615064144135,0.9247311949729919,0.8636559247970581
YGR003W,YBL072C,0,-3.595357,0.09669440239667892,0.9247311949729919,0.8638709783554077
YDR468C,YOR341W,0,-3.5969195,0.0966726616024971,0.9247311949729919,0.8640860319137573
YBL056W,YKL033W,0,-3.5978317,0.09665093570947647,0.9247311949729919,0.8643010854721069
YGL189C,YCR105W,0,-3.5994875,0.09662920981645584,0.9247311949729919,0.8645161390304565
YNL214W,YGL194C,0,-3.6002774,0.096607506275177,0.9247311949729919,0.8647311925888062
YNL145W,YDR168W,0,-3.6004465,0.09658580273389816,0.9247311949729919,0.8649462461471558
YGR078C,YLR324W,0,-3.6009636,0.09656411409378052,0.9247311949729919,0.8651612997055054
YIL056W,YDR009W,0,-3.6011138,0.09654243290424347,0.9247311949729919,0.865376353263855
YNL328C,YPL210C,0,-3.6022227,0.09652076661586761,0.9247311949729919,0.8655914068222046
YDR287W,YGL139W,0,-3.603228,0.09649910032749176,0.9247311949729919,0.8658064603805542
YPR034W,YOR113W,0,-3.6032982,0.0964774489402771,0.9247311949729919,0.8660215139389038
YJL026W,YLR115W,0,-3.603303,0.09645581245422363,0.9247311949729919,0.8662365674972534
YIL052C,YJR050W,0,-3.6033738,0.09643417596817017,0.9247311949729919,0.866451621055603
YIL007C,YDR127W,0,-3.6048424,0.0964125543832779,0.9247311949729919,0.8666666746139526
YER100W,YKR049C,0,-3.605761,0.09639094024896622,0.9247311949729919,0.8668817281723022
YDR377W,YBR189W,0,-3.6065974,0.09636934101581573,0.9247311949729919,0.8670967817306519
YOL084W,YKR085C,0,-3.6071727,0.09634774923324585,0.9247311949729919,0.8673118352890015
YMR230W,YJL035C,0,-3.607514,0.09632616490125656,0.9247311949729919,0.8675268888473511
YDR435C,YNL240C,0,-3.6090603,0.09630458801984787,0.9247311949729919,0.8677419424057007
YPR046W,YBR121C,0,-3.609169,0.09628302603960037,0.9247311949729919,0.8679569959640503
YHR210C,YPL198W,0,-3.609864,0.09626147150993347,0.9247311949729919,0.8681720495223999
YCL044C,YKR083C,0,-3.610001,0.09623993188142776,0.9247311949729919,0.8683871030807495
YMR232W,YHL011C,0,-3.6106458,0.09621839225292206,0.9247311949729919,0.8686021566390991
YOR177C,YOL098C,0,-3.6108308,0.09619686752557755,0.9247311949729919,0.8688172101974487
YPL176C,YKL060C,0,-3.6108694,0.09617535024881363,0.9247311949729919,0.8690322637557983
YJR109C,YML004C,0,-3.6109788,0.09615384787321091,0.9247311949729919,0.869247317314148
YLR223C,YDR287W,0,-3.611223,0.09613235294818878,0.9247311949729919,0.8694623708724976
YBR054W,YDR039C,0,-3.611805,0.09611086547374725,0.9247311949729919,0.8696774244308472
YDR289C,YHR193C,0,-3.6124682,0.09608938544988632,0.9247311949729919,0.8698924779891968
YLR006C,YDR110W,0,-3.6156492,0.09606792032718658,0.9247311949729919,0.8701075315475464
YMR262W,YGL027C,0,-3.6167397,0.09604646265506744,0.9247311949729919,0.870322585105896
YKL032C,YML055W,0,-3.6169844,0.0960250124335289,0.9247311949729919,0.8705376386642456
YPL021W,YIL130W,0,-3.617455,0.09600356966257095,0.9247311949729919,0.8707526922225952
YAR009C,YJL208C,0,-3.620378,0.0959821417927742,0.9247311949729919,0.8709677457809448
YAL002W,YKL192C,0,-3.621624,0.09596072137355804,0.9247311949729919,0.8711827993392944
YOR016C,YBR149W,0,-3.6218085,0.09593931585550308,0.9247311949729919,0.871397852897644
YPL100W,YPL117C,0,-3.6220446,0.09591791033744812,0.9247311949729919,0.8716129064559937
YIL087C,YBR028C,0,-3.622685,0.09589651972055435,0.9247311949729919,0.8718279600143433
YPL133C,YOR136W,0,-3.6230261,0.09587513655424118,0.9247311949729919,0.8720430135726929
YOR207C,YIL053W,0,-3.624751,0.0958537682890892,0.9247311949729919,0.8722580671310425
YMR040W,YNL278W,0,-3.625727,0.09583240747451782,0.9247311949729919,0.8724731206893921
YJR108W,YOR335C,0,-3.6266875,0.09581105411052704,0.9247311949729919,0.8726881742477417
YNL247W,YDR019C,0,-3.6295762,0.09578970819711685,0.9247311949729919,0.8729032278060913
YBR034C,YKL040C,0,-3.6308732,0.09576837718486786,0.9247311949729919,0.8731182813644409
YKL062W,YLR451W,0,-3.6312418,0.09574704617261887,0.9247311949729919,0.8733333349227905
YDR471W,YKR085C,0,-3.6312573,0.09572573751211166,0.9247311949729919,0.8735483884811401
YLR390W-A,YBR181C,0,-3.6325493,0.09570442885160446,0.9247311949729919,0.8737634420394897
YER072W,YOR068C,0,-3.6334198,0.09568313509225845,0.9247311949729919,0.8739784955978394
YFL056C,YOL012C,0,-3.6349695,0.09566184878349304,0.9247311949729919,0.874193549156189
YGL005C,YGL078C,0,-3.6349764,0.09564056992530823,0.9247311949729919,0.8744086027145386
YKL110C,YNL081C,0,-3.634984,0.09561929851770401,0.9247311949729919,0.8746236562728882
YAR009C,YKL150W,0,-3.6370966,0.09559804201126099,0.9247311949729919,0.8748387098312378
YOR260W,YLL016W,1,-3.6371782,0.09579906612634659,0.926881730556488,0.8748387098312378
YMR059W,YDR023W,0,-3.6389563,0.09577777981758118,0.926881730556488,0.8750537633895874
YDL209C,YKL060C,0,-3.639816,0.09575650095939636,0.926881730556488,0.875268816947937
YDR087C,YDR005C,0,-3.6409993,0.09573522955179214,0.926881730556488,0.8754838705062866
YER093C,YER178W,0,-3.6410208,0.09571396559476852,0.926881730556488,0.8756989240646362
YCL051W,YDR469W,0,-3.6413727,0.0956927165389061,0.926881730556488,0.8759139776229858
YOR380W,YDR165W,0,-3.6437435,0.09567147493362427,0.926881730556488,0.8761290311813354
YJR035W,YLR175W,0,-3.6442847,0.09565024077892303,0.926881730556488,0.8763440847396851
YOR260W,YCR038C,1,-3.6453335,0.09585089981555939,0.9290322661399841,0.8763440847396851
YPL021W,YDR303C,0,-3.6472995,0.09582963585853577,0.9290322661399841,0.8765591382980347
YOR264W,YDR092W,0,-3.6489549,0.09580838680267334,0.9290322661399841,0.8767741918563843
YDR009W,YKL063C,0,-3.6495261,0.09578713774681091,0.9290322661399841,0.8769892454147339
YIL075C,YJL179W,0,-3.6495516,0.09576590359210968,0.9290322661399841,0.8772042989730835
YJL026W,YPL189W,0,-3.6501105,0.09574468433856964,0.9290322661399841,0.8774193525314331
YKL033W,YKL192C,0,-3.6502397,0.0957234650850296,0.9290322661399841,0.8776344060897827
YHR214W,YDR276C,0,-3.6513903,0.09570226073265076,0.9290322661399841,0.8778494596481323
YLR075W,YDR246W,0,-3.6516128,0.09568106383085251,0.9290322661399841,0.8780645132064819
YJL035C,YCL064C,0,-3.6525521,0.09565987437963486,0.9290322661399841,0.8782795667648315
YER100W,YHL025W,0,-3.6528895,0.0956386998295784,0.9290322661399841,0.8784946203231812
YNL145W,YMR105C,0,-3.6546674,0.09561753273010254,0.9290322661399841,0.8787096738815308
YJR027W,YEL024W,0,-3.658565,0.09559637308120728,0.9290322661399841,0.8789247274398804
YOR027W,YJR118C,0,-3.6634178,0.09557522088289261,0.9290322661399841,0.87913978099823
YKR007W,YMR050C,0,-3.6637788,0.09555408358573914,0.9290322661399841,0.8793548345565796
YDR345C,YOL132W,0,-3.6657925,0.09553295373916626,0.9290322661399841,0.8795698881149292
YNL190W,YER139C,0,-3.6714706,0.09551183134317398,0.9290322661399841,0.8797849416732788
YEL044W,YOR113W,0,-3.6717663,0.0954907163977623,0.9290322661399841,0.8799999952316284
YBR038W,YHR157W,0,-3.6725545,0.09546961635351181,0.9290322661399841,0.880215048789978
YHL028W,YKL029C,0,-3.6744022,0.09544851630926132,0.9290322661399841,0.8804301023483276
YPR173C,YOL132W,0,-3.67447,0.09542743861675262,0.9290322661399841,0.8806451559066772
YBR029C,YGL192W,0,-3.6748896,0.09540636092424393,0.9290322661399841,0.8808602094650269
YHR139C,YBR049C,0,-3.6754048,0.09538529813289642,0.9290322661399841,0.8810752630233765
YIL053W,YKL039W,0,-3.6758285,0.09536423534154892,0.9290322661399841,0.8812903165817261
YKR085C,YKR034W,0,-3.676115,0.0953431949019432,0.9290322661399841,0.8815053701400757
YHL028W,YDR412W,0,-3.6780825,0.0953221544623375,0.9290322661399841,0.8817204236984253
YCR065W,YLL053C,0,-3.6807418,0.09530112147331238,0.9290322661399841,0.8819354772567749
YNL145W,YOR227W,0,-3.6811514,0.09528010338544846,0.9290322661399841,0.8821505308151245
YDR129C,YGR211W,0,-3.6814952,0.09525909274816513,0.9290322661399841,0.8823655843734741
YOL084W,YEL032W,0,-3.6830053,0.095238097012043,0.9290322661399841,0.8825806379318237
YOR045W,YNL194C,0,-3.6855626,0.09521710127592087,0.9290322661399841,0.8827956914901733
YIL037C,YDR384C,0,-3.6857271,0.09519612044095993,0.9290322661399841,0.883010745048523
YBL087C,YPR174C,0,-3.6875203,0.09517514705657959,0.9290322661399841,0.8832257986068726
YPR008W,YDR528W,0,-3.6925387,0.09515418857336044,0.9290322661399841,0.8834408521652222
YER149C,YPL173W,0,-3.6933203,0.0951332300901413,0.9290322661399841,0.8836559057235718
YLL016W,YBR248C,0,-3.69623,0.09511228650808334,0.9290322661399841,0.8838709592819214
YOL121C,YPL176C,0,-3.6975937,0.09509135037660599,0.9290322661399841,0.884086012840271
YGR193C,YOR272W,0,-3.6986575,0.09507042169570923,0.9290322661399841,0.8843010663986206
YOR004W,YJL026W,0,-3.699261,0.09504950791597366,0.9290322661399841,0.8845161199569702
YAL015C,YOL078W,0,-3.7000024,0.0950285941362381,0.9290322661399841,0.8847311735153198
YIL068C,YBR109C,0,-3.702619,0.09500769525766373,0.9290322661399841,0.8849462270736694
YDR500C,YLR382C,0,-3.7035713,0.09498680382966995,0.9290322661399841,0.885161280632019
YMR059W,YOR065W,0,-3.705456,0.09496592730283737,0.9290322661399841,0.8853763341903687
YOR191W,YPL145C,0,-3.7056856,0.09494505822658539,0.9290322661399841,0.8855913877487183
YEL022W,YLL016W,1,-3.7070267,0.09514392167329788,0.9311828017234802,0.8855913877487183
YPL221W,YBR045C,0,-3.7077444,0.09512302279472351,0.9311828017234802,0.8858064413070679
YDL100C,YCL068C,1,-3.7106662,0.09532176703214645,0.9333333373069763,0.8858064413070679
YFR030W,YHR138C,0,-3.714312,0.0953008309006691,0.9333333373069763,0.8860214948654175
YFL056C,YDR528W,0,-3.7144723,0.09527990967035294,0.9333333373069763,0.8862365484237671
YMR243C,YGR055W,0,-3.7146163,0.09525899589061737,0.9333333373069763,0.8864516019821167
YOR049C,YPR128C,0,-3.7156215,0.095238097012043,0.9333333373069763,0.8866666555404663
YBL056W,YKL081W,0,-3.717133,0.09521719813346863,0.9333333373069763,0.8868817090988159
YDR323C,YDR384C,0,-3.71715,0.09519631415605545,0.9333333373069763,0.8870967626571655
YPR175W,YPL135W,0,-3.7179453,0.09517543762922287,0.9333333373069763,0.8873118162155151
YPL021W,YCL039W,0,-3.7180662,0.09515456855297089,0.9333333373069763,0.8875268697738647
YGR080W,YGL194C,0,-3.719604,0.0951337143778801,0.9333333373069763,0.8877419233322144
YOL009C,YOR272W,0,-3.7199745,0.0951128676533699,0.9333333373069763,0.887956976890564
YOR252W,YGL240W,0,-3.7214456,0.09509202092885971,0.9333333373069763,0.8881720304489136
YEL018W,YLR189C,0,-3.7218208,0.09507119655609131,0.9333333373069763,0.8883870840072632
YMR158W,YKL029C,0,-3.722452,0.0950503721833229,0.9333333373069763,0.8886021375656128
YOL132W,YPL061W,0,-3.7239013,0.0950295627117157,0.9333333373069763,0.8888171911239624
YNL328C,YJL035C,0,-3.7249093,0.09500875324010849,0.9333333373069763,0.889032244682312
YLR102C,YNL190W,0,-3.7274618,0.09498795866966248,0.9333333373069763,0.8892472982406616
YML101C,YJL168C,0,-3.7287993,0.09496717900037766,0.9333333373069763,0.8894623517990112
YLL017W,YLR291C,1,-3.7288723,0.09516517072916031,0.9354838728904724,0.8894623517990112
YGR024C,YLR060W,0,-3.7291064,0.0951443538069725,0.9354838728904724,0.8896774053573608
YJL167W,YHR014W,0,-3.7294238,0.09512355178594589,0.9354838728904724,0.8898924589157104
YOR227W,YBR188C,0,-3.7309895,0.09510275721549988,0.9354838728904724,0.8901075124740601
YKL054C,YGL231C,0,-3.7342048,0.09508197009563446,0.9354838728904724,0.8903225660324097
YPL168W,YGL171W,0,-3.7348328,0.09506119042634964,0.9354838728904724,0.8905376195907593
YBR054W,YNL278W,0,-3.7359087,0.09504041820764542,0.9354838728904724,0.8907526731491089
YPR010C,YLR247C,0,-3.736028,0.09501966089010239,0.9354838728904724,0.8909677267074585
YDR129C,YOR247W,0,-3.7360616,0.09499891102313995,0.9354838728904724,0.8911827802658081
YNL051W,YER060W-A,0,-3.736943,0.09497816860675812,0.9354838728904724,0.8913978338241577
YHL038C,YGL076C,0,-3.7375774,0.09495743364095688,0.9354838728904724,0.8916128873825073
YOR078W,YGL049C,0,-3.737688,0.09493670612573624,0.9354838728904724,0.8918279409408569
YJR042W,YOR113W,0,-3.7378116,0.09491599351167679,0.9354838728904724,0.8920429944992065
YER100W,YLR068W,0,-3.7378914,0.09489528834819794,0.9354838728904724,0.8922580480575562
YHR088W,YOR250C,0,-3.7397275,0.09487459063529968,0.9354838728904724,0.8924731016159058
YBR107C,YOR101W,0,-3.7401,0.09485390037298203,0.9354838728904724,0.8926881551742554
YAR042W,YGL219C,0,-3.7432928,0.09483322501182556,0.9354838728904724,0.892903208732605
YER177W,YDR273W,0,-3.743852,0.0948125571012497,0.9354838728904724,0.8931182622909546
YPL234C,YGL006W,0,-3.744958,0.09479189664125443,0.9354838728904724,0.8933333158493042
YKL141W,YNL233W,0,-3.7470639,0.09477124363183975,0.9354838728904724,0.8935483694076538
YDR057W,YIL018W,0,-3.7472954,0.09475059807300568,0.9354838728904724,0.8937634229660034
YER072W,YDR175C,0,-3.7477202,0.0947299674153328,0.9354838728904724,0.893978476524353
YHR158C,YGL192W,0,-3.7486463,0.09470933675765991,0.9354838728904724,0.8941935300827026
YBR085W,YNL055C,0,-3.7492228,0.09468872100114822,0.9354838728904724,0.8944085836410522
YLR083C,YDL018C,0,-3.7522118,0.09466812014579773,0.9354838728904724,0.8946236371994019
YDR148C,YGL092W,0,-3.7530148,0.09464751929044724,0.9354838728904724,0.8948386907577515
YGL196W,YGL105W,0,-3.7530746,0.09462693333625793,0.9354838728904724,0.8950537443161011
YJL026W,YIL096C,0,-3.7533793,0.09460634738206863,0.9354838728904724,0.8952687978744507
YJR132W,YIL154C,0,-3.7541304,0.09458577632904053,0.9354838728904724,0.8954838514328003
YJL098W,YER178W,0,-3.75465,0.09456522017717361,0.9354838728904724,0.8956989049911499
YHR120W,YMR156C,0,-3.7547836,0.0945446640253067,0.9354838728904724,0.8959139585494995
YDR145W,YDR179C,0,-3.758893,0.09452412277460098,0.9354838728904724,0.8961290121078491
YKL080W,YGL111W,0,-3.7616377,0.09450358152389526,0.9354838728904724,0.8963440656661987
YER139C,YBR034C,0,-3.7620804,0.09448305517435074,0.9354838728904724,0.8965591192245483
YPL120W,YGL070C,0,-3.7626948,0.09446254372596741,0.9354838728904724,0.896774172782898
YDR500C,YER100W,0,-3.763487,0.09444203227758408,0.9354838728904724,0.8969892263412476
YJR123W,YMR313C,0,-3.7662416,0.09442153573036194,0.9354838728904724,0.8972042798995972
YML004C,YLR451W,0,-3.766526,0.0944010391831398,0.9354838728904724,0.8974193334579468
YBR153W,YJR153W,0,-3.7678528,0.09438055753707886,0.9354838728904724,0.8976343870162964
YKR093W,YNL133C,0,-3.7697535,0.09436008334159851,0.9354838728904724,0.897849440574646
YOR252W,YAL015C,0,-3.76982,0.09433962404727936,0.9354838728904724,0.8980644941329956
YOL032W,YJL168C,0,-3.7715144,0.0943191647529602,0.9354838728904724,0.8982795476913452
YDR377W,YKR099W,0,-3.771925,0.09429872035980225,0.9354838728904724,0.8984946012496948
YIL052C,YJL197W,0,-3.7733917,0.09427828341722488,0.9354838728904724,0.8987096548080444
YGR078C,YLR194C,0,-3.7747593,0.09425785392522812,0.9354838728904724,0.898924708366394
YIL008W,YMR156C,0,-3.7747943,0.09423743188381195,0.9354838728904724,0.8991397619247437
YDL160C,YDR367W,0,-3.776325,0.09421702474355698,0.9354838728904724,0.8993548154830933
YMR059W,YFR030W,0,-3.77837,0.0941966250538826,0.9354838728904724,0.8995698690414429
YPR143W,YPL168W,0,-3.779639,0.09417622536420822,0.9354838728904724,0.8997849225997925
YLL016W,YFR025C,0,-3.7799625,0.09415584057569504,0.9354838728904724,0.8999999761581421
YHR006W,YGR208W,0,-3.7824283,0.09413547068834305,0.9354838728904724,0.9002150297164917
YMR015C,YDR343C,0,-3.7828338,0.09411510080099106,0.9354838728904724,0.9004300832748413
YOR383C,YEL006W,0,-3.7830422,0.09409474581480026,0.9354838728904724,0.9006451368331909
YML081W,YBL038W,0,-3.786786,0.09407439082860947,0.9354838728904724,0.9008601903915405
YNL062C,YOR113W,0,-3.7889967,0.09405405074357986,0.9354838728904724,0.9010752439498901
YBR005W,YPL233W,0,-3.79005,0.09403372555971146,0.9354838728904724,0.9012902975082397
YMR015C,YLR200W,0,-3.7901042,0.09401340037584305,0.9354838728904724,0.9015053510665894
YDR075W,YDR276C,0,-3.793642,0.09399308264255524,0.9354838728904724,0.901720404624939
YKR075C,YDR398W,0,-3.7965908,0.09397277981042862,0.9354838728904724,0.9019354581832886
YBL080C,YLR367W,0,-3.7975998,0.0939524844288826,0.9354838728904724,0.9021505117416382
YOR091W,YAL002W,0,-3.7986073,0.09393219649791718,0.9354838728904724,0.9023655652999878
YGL070C,YBR089C-A,0,-3.8007827,0.09391191601753235,0.9354838728904724,0.9025806188583374
YDR256C,YOR253W,0,-3.8012218,0.09389165043830872,0.9354838728904724,0.902795672416687
YKL026C,YHR158C,0,-3.804581,0.09387138485908508,0.9354838728904724,0.9030107259750366
YDR500C,YGL198W,0,-3.8051264,0.09385113418102264,0.9354838728904724,0.9032257795333862
YML041C,YER023W,0,-3.8069007,0.0938308909535408,0.9354838728904724,0.9034408330917358
YJL078C,YJR046W,0,-3.8069735,0.09381065517663956,0.9354838728904724,0.9036558866500854
YLL017W,YAL003W,1,-3.8069935,0.09400603920221329,0.9376344084739685,0.9036558866500854
YMR105C,YER060W-A,0,-3.812103,0.09398577362298965,0.9376344084739685,0.9038709402084351
YGL067W,YKR075C,0,-3.813459,0.09396551549434662,0.9376344084739685,0.9040859937667847
YLR055C,YHR138C,0,-3.8139882,0.09394527226686478,0.9376344084739685,0.9043010473251343
YCR036W,YPL175W,0,-3.8174396,0.09392502903938293,0.9376344084739685,0.9045161008834839
YBL080C,YJL012C,0,-3.8175664,0.09390480071306229,0.9376344084739685,0.9047311544418335
YGR174C,YJL035C,0,-3.8177874,0.09388457983732224,0.9376344084739685,0.9049462080001831
YMR205C,YJR052W,0,-3.818005,0.09386437386274338,0.9376344084739685,0.9051612615585327
YCR016W,YCL064C,0,-3.8182168,0.09384416788816452,0.9376344084739685,0.9053763151168823
YKL014C,YNL025C,0,-3.81842,0.09382396936416626,0.9376344084739685,0.9055913686752319
YNL297C,YAL003W,1,-3.8184478,0.09401893615722656,0.9397849440574646,0.9055913686752319
YOR091W,YBR114W,0,-3.8194356,0.09399870783090591,0.9397849440574646,0.9058064222335815
YHL031C,YPL198W,0,-3.8197856,0.09397849440574646,0.9397849440574646,0.9060214757919312
YCR107W,YLR150W,0,-3.8209383,0.0939582884311676,0.9397849440574646,0.9062365293502808
YLL048C,YOR358W,0,-3.8217902,0.09393808990716934,0.9397849440574646,0.9064516425132751
YOL126C,YKL043W,0,-3.821964,0.09391789883375168,0.9397849440574646,0.9066666960716248
YLR058C,YGR122W,0,-3.8228643,0.09389772266149521,0.9397849440574646,0.9068817496299744
YHR110W,YLR061W,0,-3.8261838,0.09387755393981934,0.9397849440574646,0.907096803188324
YPR067W,YDL145C,0,-3.826583,0.09385738521814346,0.9397849440574646,0.9073118567466736
YMR105C,YDL102W,0,-3.8269365,0.09383723139762878,0.9397849440574646,0.9075269103050232
YOR011W,YGR211W,0,-3.8274632,0.0938170924782753,0.9397849440574646,0.9077419638633728
YMR053C,YNL240C,0,-3.8276002,0.09379695355892181,0.9397849440574646,0.9079570174217224
YLR223C,YHR001W-A,0,-3.8299432,0.09377682209014893,0.9397849440574646,0.908172070980072
YDR212W,YJR048W,0,-3.8305454,0.09375670552253723,0.9397849440574646,0.9083871245384216
YMR205C,YDR412W,0,-3.831252,0.09373659640550613,0.9397849440574646,0.9086021780967712
YLR102C,YNL024C,0,-3.8317535,0.09371649473905563,0.9397849440574646,0.9088172316551208
YDR469W,YLR092W,0,-3.83259,0.09369640052318573,0.9397849440574646,0.9090322852134705
YJL186W,YFR053C,0,-3.8326993,0.09367631375789642,0.9397849440574646,0.9092473387718201
YPL198W,YDR040C,0,-3.8334765,0.09365623444318771,0.9397849440574646,0.9094623923301697
YJR048W,YOR019W,0,-3.8339884,0.0936361700296402,0.9397849440574646,0.9096774458885193
YDL154W,YIL043C,0,-3.836155,0.09361611306667328,0.9397849440574646,0.9098924994468689
YOL009C,YGL016W,0,-3.8382354,0.09359605610370636,0.9397849440574646,0.9101075530052185
YPL105C,YOR273C,0,-3.8421333,0.09357601404190063,0.9397849440574646,0.9103226065635681
YER093C,YPR095C,1,-3.8426464,0.09377007186412811,0.9419354796409607,0.9103226065635681
YAL030W,YHR133C,0,-3.8431773,0.09375,0.9419354796409607,0.9105376601219177
YDR381W,YMR118C,0,-3.8467884,0.09372993558645248,0.9419354796409607,0.9107527136802673
YJR050W,YHL015W,0,-3.847447,0.09370988607406616,0.9419354796409607,0.9109677672386169
YKL191W,YPL225W,0,-3.8489501,0.09368983656167984,0.9419354796409607,0.9111828207969666
YBR046C,YLR058C,0,-3.8491745,0.09366980195045471,0.9419354796409607,0.9113978743553162
YPR143W,YGR266W,0,-3.8523993,0.09364977478981018,0.9419354796409607,0.9116129279136658
YPR134W,YBR060C,0,-3.8527966,0.09362975507974625,0.9419354796409607,0.9118279814720154
YPR188C,YHL050C,0,-3.8554444,0.09360974282026291,0.9419354796409607,0.912043035030365
YDR009W,YGR005C,0,-3.8564672,0.09358974546194077,0.9419354796409607,0.9122580885887146
YDR434W,YNL023C,0,-3.856633,0.09356974810361862,0.9419354796409607,0.9124731421470642
YJL026W,YGR120C,0,-3.857231,0.09354976564645767,0.9419354796409607,0.9126881957054138
YHR001W-A,YOR195W,0,-3.859591,0.09352979063987732,0.9419354796409607,0.9129032492637634
YDR137W,YAL003W,1,-3.8602486,0.09372331202030182,0.9440860152244568,0.9129032492637634
YIL053W,YNL118C,0,-3.861767,0.09370330721139908,0.9440860152244568,0.913118302822113
YNL031C,YML016C,0,-3.8621278,0.09368330985307693,0.9440860152244568,0.9133333563804626
YDL072C,YDR469W,0,-3.8623953,0.09366332739591599,0.9440860152244568,0.9135484099388123
YER014W,YPL198W,0,-3.8625722,0.09364334493875504,0.9440860152244568,0.9137634634971619
YDL230W,YOR271C,0,-3.8642697,0.09362337738275528,0.9440860152244568,0.9139785170555115
YHR139C,YPR071W,0,-3.8657954,0.09360340982675552,0.9440860152244568,0.9141935706138611
YDL230W,YOR236W,0,-3.8663137,0.09358345717191696,0.9440860152244568,0.9144086241722107
YBR005W,YBL100W-B,0,-3.8711624,0.093563511967659,0.9440860152244568,0.9146236777305603
YBR005W,YHR139C,0,-3.8774624,0.09354357421398163,0.9440860152244568,0.9148387312889099
YMR230W,YGR253C,0,-3.8792634,0.09352364391088486,0.9440860152244568,0.9150537848472595
YLL017W,YOR260W,1,-3.8798857,0.09371671825647354,0.9462365508079529,0.9150537848472595
YGR138C,YPR155C,0,-3.8809562,0.09369676560163498,0.9462365508079529,0.9152688384056091
YJR109C,YKL002W,0,-3.8817656,0.09367681294679642,0.9462365508079529,0.9154838919639587
YPL004C,YER060W-A,0,-3.8837466,0.09365687519311905,0.9462365508079529,0.9156989455223083
YIL147C,YFR049W,0,-3.8843927,0.09363694489002228,0.9462365508079529,0.915913999080658
YDR213W,YMR226C,0,-3.885172,0.0936170220375061,0.9462365508079529,0.9161290526390076
YCL064C,YIL018W,0,-3.88527,0.09359710663557053,0.9462365508079529,0.9163441061973572
YBR005W,YGL049C,0,-3.886152,0.09357719868421555,0.9462365508079529,0.9165591597557068
YDR179C,YNL278W,0,-3.8863516,0.09355730563402176,0.9462365508079529,0.9167742133140564
YPL137C,YKR095W,0,-3.886539,0.09353741258382797,0.9462365508079529,0.916989266872406
YGR055W,YDR005C,0,-3.8865728,0.09351753443479538,0.9462365508079529,0.9172043204307556
YBL080C,YLR409C,0,-3.8872447,0.09349766373634338,0.9462365508079529,0.9174193739891052
YJL183W,YHR080C,0,-3.8876996,0.09347780048847198,0.9462365508079529,0.9176344275474548
YKL033W,YGR165W,0,-3.888651,0.09345794469118118,0.9462365508079529,0.9178494811058044
YHR006W,YOR004W,0,-3.8903353,0.09343809634447098,0.9462365508079529,0.918064534664154
YPL173W,YLR175W,0,-3.893526,0.09341825544834137,0.9462365508079529,0.9182795882225037
YHL028W,YAL015C,0,-3.894041,0.09339842945337296,0.9462365508079529,0.9184946417808533
YGR070W,YGR083C,1,-3.894465,0.09359083324670792,0.948387086391449,0.9184946417808533
YCR021C,YMR177W,0,-3.8972287,0.09357097744941711,0.948387086391449,0.9187096953392029
YGL058W,YLR056W,0,-3.8988008,0.09355112165212631,0.948387086391449,0.9189247488975525
YIL019W,YDR406W,0,-3.89962,0.0935312807559967,0.948387086391449,0.9191398024559021
YGR060W,YPR199C,0,-3.900074,0.09351144731044769,0.948387086391449,0.9193548560142517
YIL056W,YDR412W,0,-3.9002862,0.09349162876605988,0.948387086391449,0.9195699095726013
YKR096W,YIL096C,0,-3.9003959,0.09347181022167206,0.948387086391449,0.9197849631309509
YPL179W,YBR149W,0,-3.9035416,0.09345199912786484,0.948387086391449,0.9200000166893005
YBR038W,YFR047C,0,-3.9058456,0.09343220293521881,0.948387086391449,0.9202150702476501
YCR065W,YGL192W,0,-3.906422,0.09341241419315338,0.948387086391449,0.9204301238059998
YDL081C,YBR218C,0,-3.9070983,0.09339263290166855,0.948387086391449,0.9206451773643494
YIL053W,YJL083W,0,-3.9128757,0.09337285906076431,0.948387086391449,0.920860230922699
YGR024C,YML133C,0,-3.9129176,0.09335309267044067,0.948387086391449,0.9210752844810486
YLL017W,YML097C,1,-3.9134784,0.09354497492313385,0.9505376219749451,0.9210752844810486
YIL019W,YGR193C,0,-3.9140935,0.09352517873048782,0.9505376219749451,0.9212903380393982
YOR049C,YNL247W,0,-3.9146352,0.09350539743900299,0.9505376219749451,0.9215053915977478
YPR017C,YFR053C,0,-3.916278,0.09348561614751816,0.9505376219749451,0.9217204451560974
YKR026C,YCL068C,1,-3.9175053,0.09367731213569641,0.9526881575584412,0.9217204451560974
YGL018C,YLR068W,0,-3.9178462,0.09365750849246979,0.9526881575584412,0.921935498714447
YPL248C,YLR409C,0,-3.9181662,0.09363771229982376,0.9526881575584412,0.9221505522727966
YOR004W,YOR086C,0,-3.9190874,0.09361792355775833,0.9526881575584412,0.9223656058311462
YML100W,YMR153W,0,-3.9278297,0.0935981422662735,0.9526881575584412,0.9225806593894958
YIL118W,YDL123W,0,-3.9278693,0.09357836842536926,0.9526881575584412,0.9227957129478455
YGR080W,YER127W,0,-3.928176,0.09355860948562622,0.9526881575584412,0.9230107665061951
YLL024C,YBR091C,0,-3.9319625,0.09353885054588318,0.9526881575584412,0.9232258200645447
YKL006W,YOR086C,0,-3.9323056,0.09351910650730133,0.9526881575584412,0.9234408736228943
YCL068C,YLR291C,1,-3.9344358,0.09371042996644974,0.9548386931419373,0.9234408736228943
YMR048W,YKL060C,0,-3.9363456,0.0936906486749649,0.9548386931419373,0.9236559271812439
YGR212W,YER038C,0,-3.9384775,0.09367088973522186,0.9548386931419373,0.9238709807395935
YHR020W,YMR035W,0,-3.9425712,0.09365113079547882,0.9548386931419373,0.9240860342979431
YMR243C,YHR080C,0,-3.9428804,0.09363137930631638,0.9548386931419373,0.9243010878562927
YIL098C,YOR195W,0,-3.9451234,0.09361163526773453,0.9548386931419373,0.9245161414146423
YGL076C,YHR190W,0,-3.9453573,0.09359190613031387,0.9548386931419373,0.9247311949729919
YBR054W,YIL144W,0,-3.9485173,0.09357218444347382,0.9548386931419373,0.9249462485313416
YDL247W,YFR025C,0,-3.9486485,0.09355246275663376,0.9548386931419373,0.9251613020896912
YDR075W,YJR084W,0,-3.9486785,0.0935327559709549,0.9548386931419373,0.9253763556480408
YIL053W,YPR068C,0,-3.9535155,0.09351305663585663,0.9548386931419373,0.9255914092063904
YBR189W,YGR097W,0,-3.9582834,0.09349336475133896,0.9548386931419373,0.92580646276474
YGR235C,YHR169W,0,-3.9583266,0.09347368776798248,0.9548386931419373,0.9260215163230896
YIL107C,YFL026W,0,-3.9585385,0.09345401078462601,0.9548386931419373,0.9262365698814392
YMR274C,YGL219C,0,-3.959856,0.09343434125185013,0.9548386931419373,0.9264516234397888
YMR226C,YMR131C,0,-3.960572,0.09341468662023544,0.9548386931419373,0.9266666769981384
YAL003W,YLR310C,1,-3.9629984,0.09360538423061371,0.9569892287254333,0.9266666769981384
YBR101C,YNL029C,0,-3.9647474,0.09358569979667664,0.9569892287254333,0.926881730556488
YOL144W,YLR006C,0,-3.9652672,0.09356602281332016,0.9569892287254333,0.9270967841148376
YOR019W,YDR395W,0,-3.9665756,0.09354635328054428,0.9569892287254333,0.9273118376731873
YLR293C,YCL064C,0,-3.9670246,0.093526691198349,0.9569892287254333,0.9275268912315369
YER155C,YAL003W,1,-3.9710276,0.09371716529130936,0.9591397643089294,0.9275268912315369
YER014W,YDR091C,0,-3.9737532,0.09369748085737228,0.9591397643089294,0.9277419447898865
YGR070W,YLR291C,1,-3.9780345,0.09388783574104309,0.9612902998924255,0.9277419447898865
YGL097W,YLL016W,1,-3.978882,0.09407811611890793,0.9634408354759216,0.9277419447898865
YLR425W,YAL003W,1,-3.9794655,0.0942683219909668,0.9655913710594177,0.9277419447898865
YOL121C,YGL129C,0,-3.9801383,0.09424853324890137,0.9655913710594177,0.9279569983482361
YBR054W,YDL211C,0,-3.9832091,0.09422875195741653,0.9655913710594177,0.9281720519065857
YDR430C,YBR191W,0,-3.9864938,0.0942089781165123,0.9655913710594177,0.9283871054649353
YDL160C,YNL164C,0,-3.9865775,0.09418921917676926,0.9655913710594177,0.9286021590232849
YFL056C,YHR146W,0,-3.9873996,0.09416946023702621,0.9655913710594177,0.9288172125816345
YGL189C,YNL118C,0,-3.9874175,0.09414971619844437,0.9655913710594177,0.9290322661399841
YER176W,YDR276C,0,-3.988373,0.09412997961044312,0.9655913710594177,0.9292473196983337
YBL072C,YPL040C,0,-3.9890742,0.09411025047302246,0.9655913710594177,0.9294623732566833
YKL110C,YKL051W,0,-3.9941843,0.0940905287861824,0.9655913710594177,0.929677426815033
YGL028C,YER177W,0,-3.9969692,0.09407081454992294,0.9655913710594177,0.9298924803733826
YIL120W,YHR142W,0,-3.9989395,0.09405110776424408,0.9655913710594177,0.9301075339317322
YLR037C,YOR241W,0,-3.9999027,0.09403141587972641,0.9655913710594177,0.9303225874900818
YMR274C,YJR096W,0,-4.0031056,0.09401172399520874,0.9655913710594177,0.9305376410484314
YIL069C,YDR386W,0,-4.00462,0.09399204701185226,0.9655913710594177,0.930752694606781
YDR377W,YDR234W,0,-4.004851,0.09397237002849579,0.9655913710594177,0.9309677481651306
YCL044C,YOR254C,0,-4.0089135,0.0939527079463005,0.9655913710594177,0.9311828017234802
YDR399W,YBR272C,0,-4.0100203,0.09393305331468582,0.9655913710594177,0.9313978552818298
YKL029C,YHR037W,0,-4.0148325,0.09391340613365173,0.9655913710594177,0.9316129088401794
YMR205C,YNR071C,0,-4.016195,0.09389376640319824,0.9655913710594177,0.931827962398529
YOL084W,YEL051W,0,-4.0171638,0.09387413412332535,0.9655913710594177,0.9320430159568787
YPL203W,YCR063W,0,-4.0184646,0.09385451674461365,0.9655913710594177,0.9322580695152283
YBL080C,YLR150W,0,-4.022866,0.09383489936590195,0.9655913710594177,0.9324731230735779
YPL116W,YDR471W,0,-4.0234838,0.09381529688835144,0.9655913710594177,0.9326881766319275
YDR204W,YHL003C,0,-4.023829,0.09379569441080093,0.9655913710594177,0.9329032301902771
YFL026W,YMR262W,0,-4.0273027,0.09377610683441162,0.9655913710594177,0.9331182837486267
YML057W,YGR083C,0,-4.029474,0.0937565267086029,0.9655913710594177,0.9333333373069763
YDR513W,YLR460C,0,-4.0297728,0.09373695403337479,0.9655913710594177,0.9335483908653259
YHR193C,YHR080C,0,-4.0309224,0.09371738880872726,0.9655913710594177,0.9337634444236755
YIL120W,YPR169W,0,-4.0310903,0.09369783103466034,0.9655913710594177,0.9339784979820251
YML120C,YLR007W,0,-4.031365,0.09367828071117401,0.9655913710594177,0.9341935515403748
YDR545W,YLR058C,0,-4.0328484,0.09365873783826828,0.9655913710594177,0.9344086050987244
YEL024W,YKR095W,0,-4.036773,0.09363920986652374,0.9655913710594177,0.934623658657074
YBR085W,YNL036W,0,-4.037383,0.0936196818947792,0.9655913710594177,0.9348387122154236
YIL118W,YGL096W,0,-4.037728,0.09360016882419586,0.9655913710594177,0.9350537657737732
YBL080C,YHL011C,0,-4.0380325,0.09358065575361252,0.9655913710594177,0.9352688193321228
YLR324W,YGR211W,0,-4.0385737,0.09356115758419037,0.9655913710594177,0.9354838728904724
YGR007W,YNL111C,0,-4.0396943,0.09354166686534882,0.9655913710594177,0.935698926448822
YKR100C,YOL032W,0,-4.041258,0.09352218359708786,0.9655913710594177,0.9359139800071716
YGR254W,YDR367W,0,-4.044374,0.0935027077794075,0.9655913710594177,0.9361290335655212
YGL097W,YCR038C,1,-4.0447974,0.09369144588708878,0.9677419066429138,0.9361290335655212
YAL048C,YLR193C,0,-4.0451803,0.09367194026708603,0.9677419066429138,0.9363440871238708
YIL069C,YLR196W,0,-4.0504127,0.09365244209766388,0.9677419066429138,0.9365591406822205
YAL003W,YLL016W,1,-4.0505586,0.09384103119373322,0.9698925018310547,0.9365591406822205
YKL185W,YOR019W,0,-4.055521,0.09382151067256927,0.9698925018310547,0.9367741942405701
YBR109C,YIL009W,0,-4.0613694,0.09380199760198593,0.9698925018310547,0.9369892477989197
YMR183C,YHL021C,0,-4.06287,0.09378249198198318,0.9698925018310547,0.9372043013572693
YDL243C,YDR399W,0,-4.064896,0.09376299381256104,0.9698925018310547,0.9374193549156189
YDL098C,YPL221W,0,-4.0660024,0.09374350309371948,0.9698925018310547,0.9376344084739685
YDR023W,YCL064C,0,-4.068027,0.09372401982545853,0.9698925018310547,0.9378494620323181
YKR026C,YLL016W,1,-4.070207,0.09391231834888458,0.9720430374145508,0.9378494620323181
YPL100W,YNL247W,0,-4.076838,0.09389281272888184,0.9720430374145508,0.9380645155906677
YGR254W,YLR260W,0,-4.0770574,0.09387331455945969,0.9720430374145508,0.9382795691490173
YNL294C,YLR196W,0,-4.0771036,0.09385382384061813,0.9720430374145508,0.9384946227073669
YLR333C,YGL144C,0,-4.079588,0.09383433312177658,0.9720430374145508,0.9387096762657166
YHR037W,YHR170W,0,-4.0826764,0.09381485730409622,0.9720430374145508,0.9389247298240662
YDR471W,YJL180C,0,-4.083671,0.09379539638757706,0.9720430374145508,0.9391397833824158
YBR046C,YPL210C,0,-4.0841036,0.09377593547105789,0.9720430374145508,0.9393548369407654
YDR490C,YHR170W,0,-4.089914,0.09375648200511932,0.9720430374145508,0.939569890499115
YPR068C,YBR034C,0,-4.091642,0.09373703598976135,0.9720430374145508,0.9397849440574646
YGR078C,YCR036W,0,-4.0969887,0.09371760487556458,0.9720430374145508,0.9399999976158142
YNL328C,YHL015W,0,-4.1028876,0.0936981737613678,0.9720430374145508,0.9402150511741638
YBR005W,YPR097W,0,-4.10591,0.09367875754833221,0.9720430374145508,0.9404301047325134
YDR399W,YNL094W,0,-4.106301,0.09365934878587723,0.9720430374145508,0.940645158290863
YGR070W,YML097C,1,-4.1066766,0.0938471108675003,0.9741935729980469,0.940645158290863
YER072W,YNL065W,0,-4.1082845,0.09382767230272293,0.9741935729980469,0.9408602118492126
YCR091W,YNL123W,0,-4.110207,0.09380824118852615,0.9741935729980469,0.9410752654075623
YLR004C,YBL072C,0,-4.1109347,0.09378881752490997,0.9741935729980469,0.9412903189659119
YJL183W,YNL294C,0,-4.111712,0.09376940876245499,0.9741935729980469,0.9415053725242615
YIL007C,YDR398W,0,-4.1148944,0.09375,0.9741935729980469,0.9417204260826111
YHL015W,YKL114C,0,-4.1172953,0.09373059868812561,0.9741935729980469,0.9419354796409607
YMR053C,YPR175W,0,-4.1178093,0.09371121227741241,0.9741935729980469,0.9421505331993103
YBR046C,YLR068W,0,-4.119267,0.09369183331727982,0.9741935729980469,0.9423655867576599
YKR089C,YNL164C,0,-4.1238456,0.09367245435714722,0.9741935729980469,0.9425806403160095
YJR048W,YNR030W,0,-4.128292,0.09365309029817581,0.9741935729980469,0.9427956938743591
YIL123W,YER015W,0,-4.1306844,0.093633733689785,0.9741935729980469,0.9430107474327087
YMR009W,YDR384C,0,-4.1348004,0.09361438453197479,0.9741935729980469,0.9432258009910583
YPR008W,YDR365C,0,-4.1350484,0.09359504282474518,0.9741935729980469,0.943440854549408
YGL189C,YLR193C,0,-4.1366086,0.09357570856809616,0.9741935729980469,0.9436559081077576
YJR052W,YOR341W,0,-4.137632,0.09355638176202774,0.9741935729980469,0.9438709616661072
YLR167W,YML013W,0,-4.1425385,0.09353706240653992,0.9741935729980469,0.9440860152244568
YGR103W,YJR052W,0,-4.1453795,0.09351775050163269,0.9741935729980469,0.9443010687828064
YKL138C,YKL060C,0,-4.150393,0.09349845349788666,0.9741935729980469,0.944516122341156
YLR345W,YGR055W,0,-4.1505766,0.09347915649414062,0.9741935729980469,0.9447311758995056
YML067C,YCR031C,0,-4.1575527,0.09345987439155579,0.9741935729980469,0.9449462294578552
YLL024C,YHR088W,0,-4.1583123,0.09344059228897095,0.9741935729980469,0.9451612830162048
YER093C,YAL003W,1,-4.158806,0.09362754970788956,0.976344108581543,0.9451612830162048
YDR175C,YLR333C,0,-4.1621766,0.09360824525356293,0.976344108581543,0.9453763365745544
YGL097W,YLL017W,1,-4.16297,0.09379509091377258,0.9784946441650391,0.9453763365745544
YOR019W,YKR099W,0,-4.1683097,0.09377576410770416,0.9784946441650391,0.945591390132904
YGR254W,YMR041C,0,-4.168349,0.09375643730163574,0.9784946441650391,0.9458064436912537
YJL173C,YHR080C,0,-4.1684594,0.09373712539672852,0.9784946441650391,0.9460214972496033
YLR044C,YPR100W,0,-4.168757,0.09371781349182129,0.9784946441650391,0.9462365508079529
YDR028C,YLR068W,0,-4.173178,0.09369851648807526,0.9784946441650391,0.9464516043663025
YFL011W,YLR409C,0,-4.174346,0.09367922693490982,0.9784946441650391,0.9466666579246521
YPR067W,YNL065W,0,-4.1756954,0.09365994483232498,0.9784946441650391,0.9468817114830017
YLR259C,YER005W,0,-4.1775455,0.09364067018032074,0.9784946441650391,0.9470967650413513
YDR212W,YDL230W,0,-4.1801615,0.0936213955283165,0.9784946441650391,0.9473118185997009
YDR256C,YLR150W,0,-4.180185,0.09360213577747345,0.9784946441650391,0.9475268721580505
YLR432W,YGL240W,0,-4.184069,0.0935828909277916,0.9784946441650391,0.9477419257164001
YPR114W,YDR513W,0,-4.1864076,0.09356364607810974,0.9784946441650391,0.9479569792747498
YPL234C,YMR118C,0,-4.190513,0.09354440867900848,0.9784946441650391,0.9481720328330994
YPL140C,YDR365C,0,-4.1943865,0.09352517873048782,0.9784946441650391,0.948387086391449
YGR254W,YLR377C,0,-4.1946425,0.09350595623254776,0.9784946441650391,0.9486021399497986
YER028C,YDR343C,0,-4.198566,0.09348674863576889,0.9784946441650391,0.9488171935081482
YDR280W,YLR092W,0,-4.1988983,0.09346754103899002,0.9784946441650391,0.9490322470664978
YGR161C,YBR028C,0,-4.21041,0.09344834834337234,0.9784946441650391,0.9492473006248474
YHR202W,YHL011C,0,-4.2104173,0.09342915564775467,0.9784946441650391,0.949462354183197
YDR257C,YER015W,0,-4.2140994,0.09340997785329819,0.9784946441650391,0.9496774077415466
YLR039C,YAL003W,1,-4.2146244,0.09359605610370636,0.9806451797485352,0.9496774077415466
YDR098C,YEL024W,0,-4.2153864,0.09357684850692749,0.9806451797485352,0.9498924612998962
YJL212C,YPR155C,0,-4.2162766,0.09355765581130981,0.9806451797485352,0.9501075148582458
YLR345W,YIL118W,0,-4.2184796,0.09353846311569214,0.9806451797485352,0.9503225684165955
YIL036W,YIL148W,0,-4.219067,0.09351927787065506,0.9806451797485352,0.9505376219749451
YIL009W,YCL067C,0,-4.2264695,0.09350010007619858,0.9806451797485352,0.9507526755332947
YCL068C,YAL003W,1,-4.2296567,0.09368593990802765,0.9827957153320312,0.9507526755332947
YDR471W,YGL005C,0,-4.2316384,0.09366673231124878,0.9827957153320312,0.9509677290916443
YGR208W,YDL087C,0,-4.2330494,0.0936475396156311,0.9827957153320312,0.9511827826499939
YFR031C-A,YKL051W,0,-4.234615,0.09362835437059402,0.9827957153320312,0.9513978362083435
YNR024W,YGL192W,0,-4.2377133,0.09360917657613754,0.9827957153320312,0.9516128897666931
YLR006C,YKL029C,0,-4.238531,0.09359000623226166,0.9827957153320312,0.9518279433250427
YJL180C,YCL064C,0,-4.238755,0.09357084333896637,0.9827957153320312,0.9520429968833923
YLR185W,YPR134W,0,-4.240469,0.09355168789625168,0.9827957153320312,0.9522580504417419
YLR413W,YLR260W,0,-4.245356,0.09353253990411758,0.9827957153320312,0.9524731040000916
YKL191W,YPR106W,0,-4.2488427,0.09351339936256409,0.9827957153320312,0.9526881575584412
YML021C,YDR343C,0,-4.251882,0.09349427372217178,0.9827957153320312,0.9529032111167908
YBR085W,YOR259C,0,-4.254972,0.09347514808177948,0.9827957153320312,0.9531182646751404
YJR117W,YNL065W,0,-4.2635713,0.09345602989196777,0.9827957153320312,0.95333331823349
YAL024C,YLL017W,1,-4.2649198,0.09364138543605804,0.9849462509155273,0.95333331823349
YDL113C,YHR170W,0,-4.2734466,0.09362223744392395,0.9849462509155273,0.9535483717918396
YLR223C,YNR019W,0,-4.275432,0.09360310435295105,0.9849462509155273,0.9537634253501892
YJL012C,YOR027W,0,-4.276407,0.09358397871255875,0.9849462509155273,0.9539784789085388
YOR004W,YDR246W,0,-4.2779126,0.09356486052274704,0.9849462509155273,0.9541935324668884
YGR070W,YOR260W,1,-4.278232,0.09375,0.9870967864990234,0.9541935324668884
YFR031C-A,YPL061W,0,-4.2812757,0.0937308520078659,0.9870967864990234,0.954408586025238
YMR015C,YNL214W,0,-4.2830815,0.093711718916893,0.9870967864990234,0.9546236395835876
YHR148W,YFR016C,0,-4.2860146,0.0936925932765007,0.9870967864990234,0.9548386931419373
YLL024C,YDR406W,0,-4.290279,0.0936734676361084,0.9870967864990234,0.9550537467002869
YHR170W,YPL135W,0,-4.2911506,0.09365435689687729,0.9870967864990234,0.9552688002586365
YKL029C,YMR072W,0,-4.2930474,0.09363525360822678,0.9870967864990234,0.9554838538169861
YGL028C,YBL072C,0,-4.293155,0.09361615031957626,0.9870967864990234,0.9556989073753357
YOR049C,YLR435W,0,-4.295717,0.09359706193208694,0.9870967864990234,0.9559139609336853
YDR091C,YMR156C,0,-4.2963014,0.09357798099517822,0.9870967864990234,0.9561290144920349
YDR023W,YKL087C,0,-4.303228,0.0935589075088501,0.9870967864990234,0.9563440680503845
YDR345C,YCL064C,0,-4.3062835,0.09353984147310257,0.9870967864990234,0.9565591216087341
YIL147C,YMR195W,0,-4.306947,0.09352078288793564,0.9870967864990234,0.9567741751670837
YAL059W,YKL087C,0,-4.3146358,0.0935017317533493,0.9870967864990234,0.9569892287254333
YMR226C,YOR341W,0,-4.3158545,0.09348268806934357,0.9870967864990234,0.957204282283783
YGR244C,YOR001W,0,-4.3161564,0.09346365183591843,0.9870967864990234,0.9574193358421326
YIL052C,YCR024C,0,-4.320603,0.09344462305307388,0.9870967864990234,0.9576343894004822
YMR041C,YIL053W,0,-4.322786,0.09342560917139053,0.9870967864990234,0.9578494429588318
YGL104C,YMR059W,0,-4.3234296,0.09340659528970718,0.9870967864990234,0.9580644965171814
YBR162C,YHR080C,0,-4.325626,0.09338758885860443,0.9870967864990234,0.958279550075531
YMR081C,YBL014C,0,-4.3304324,0.09336858987808228,0.9870967864990234,0.9584946036338806
YOR250C,YLR061W,0,-4.335029,0.09334960579872131,0.9870967864990234,0.9587096571922302
YLR284C,YOR119C,0,-4.338226,0.09333062171936035,0.9870967864990234,0.9589247107505798
YHR204W,YOL126C,0,-4.3413715,0.09331164509057999,0.9870967864990234,0.9591397643089294
YDR078C,YHL015W,0,-4.34336,0.09329268336296082,0.9870967864990234,0.959354817867279
YOL144W,YPR155C,0,-4.347154,0.09327372163534164,0.9870967864990234,0.9595698714256287
YKL191W,YBR016W,0,-4.35296,0.09325477480888367,0.9870967864990234,0.9597849249839783
YIL030C,YFR049W,0,-4.356212,0.09323583543300629,0.9870967864990234,0.9599999785423279
YGL016W,YPL018W,0,-4.3580256,0.0932168960571289,0.9870967864990234,0.9602150321006775
YGR283C,YLR189C,0,-4.3591733,0.09319797158241272,0.9870967864990234,0.9604300856590271
YLR367W,YLR260W,0,-4.363239,0.09317904710769653,0.9870967864990234,0.9606451392173767
YLR258W,YGL243W,0,-4.365496,0.09316013753414154,0.9870967864990234,0.9608601927757263
YCL044C,YLR061W,0,-4.3656487,0.09314123541116714,0.9870967864990234,0.9610752463340759
YMR015C,YGL053W,0,-4.367121,0.09312234073877335,0.9870967864990234,0.9612902998924255
YJL089W,YMR125W,0,-4.373447,0.09310344606637955,0.9870967864990234,0.9615053534507751
YER177W,YDR179C,0,-4.3740373,0.09308456629514694,0.9870967864990234,0.9617204070091248
YGL005C,YOR048C,0,-4.374956,0.09306569397449493,0.9870967864990234,0.9619354605674744
YAL030W,YDR300C,0,-4.3765054,0.09304682910442352,0.9870967864990234,0.962150514125824
YGL097W,YGR070W,1,-4.3798785,0.09323064237833023,0.9892473220825195,0.962150514125824
YLR239C,YAR009C,0,-4.380962,0.09321175515651703,0.9892473220825195,0.9623655676841736
YLR333C,YHR190W,0,-4.3849907,0.09319286793470383,0.9892473220825195,0.9625806212425232
YOR252W,YOR059C,0,-4.391204,0.09317399561405182,0.9892473220825195,0.9627956748008728
YDR204W,YOL029C,0,-4.3943086,0.09315512329339981,0.9892473220825195,0.9630107283592224
YOR045W,YML041C,0,-4.3984046,0.093136265873909,0.9892473220825195,0.963225781917572
YPL224C,YNL247W,0,-4.4050384,0.09311740845441818,0.9892473220825195,0.9634408354759216
YJR102C,YGL076C,0,-4.4064097,0.09309856593608856,0.9892473220825195,0.9636558890342712
YHL028W,YPL146C,0,-4.406607,0.09307972341775894,0.9892473220825195,0.9638709425926208
YOR267C,YJL208C,0,-4.406851,0.09306089580059052,0.9892473220825195,0.9640859961509705
YJR054W,YGL219C,0,-4.412149,0.09304206818342209,0.9892473220825195,0.9643010497093201
YPL262W,YIL148W,0,-4.4125266,0.09302325546741486,0.9892473220825195,0.9645161032676697
YLR083C,YPL262W,0,-4.412892,0.09300445020198822,0.9892473220825195,0.9647311568260193
YKL191W,YDL149W,0,-4.4136605,0.09298564493656158,0.9892473220825195,0.9649462103843689
YHR024C,YCR021C,0,-4.423446,0.09296685457229614,0.9892473220825195,0.9651612639427185
YOR273C,YMR001C,0,-4.4275546,0.0929480716586113,0.9892473220825195,0.9653763175010681
YCR038C,YAL003W,1,-4.437753,0.09313131123781204,0.9913978576660156,0.9653763175010681
YLR367W,YHR080C,0,-4.4481225,0.0931125059723854,0.9913978576660156,0.9655913710594177
YPR134W,YDR300C,0,-4.448536,0.09309370070695877,0.9913978576660156,0.9658064246177673
YCR035C,YFR030W,0,-4.448854,0.09307490289211273,0.9913978576660156,0.9660214781761169
YDR148C,YDR098C,0,-4.4553094,0.09305611997842789,0.9913978576660156,0.9662365317344666
YPL239W,YDR284C,0,-4.456893,0.09303733706474304,0.9913978576660156,0.9664515852928162
YGR103W,YHR080C,0,-4.4603467,0.0930185616016388,0.9913978576660156,0.9666666388511658
YIL064W,YBR016W,0,-4.4644046,0.09299980103969574,0.9913978576660156,0.9668816924095154
YGR103W,YHR106W,0,-4.4678297,0.09298104047775269,0.9913978576660156,0.967096745967865
YNR019W,YIL018W,0,-4.4686365,0.09296228736639023,0.9913978576660156,0.9673117995262146
YLR432W,YGL129C,0,-4.4705176,0.09294354915618896,0.9913978576660156,0.9675268530845642
YDR045C,YHR190W,0,-4.4745507,0.0929248109459877,0.9913978576660156,0.9677419066429138
YNL183C,YDR021W,0,-4.4777026,0.09290608763694763,0.9913978576660156,0.9679569602012634
YKL033W,YLR258W,0,-4.4781146,0.09288736432790756,0.9913978576660156,0.968172013759613
YEL024W,YMR177W,0,-4.4843707,0.09286865592002869,0.9913978576660156,0.9683870673179626
YMR175W,YDR528W,0,-4.4986954,0.09284994751214981,0.9913978576660156,0.9686021208763123
YHR001W-A,YMR131C,0,-4.5173817,0.09283125400543213,0.9913978576660156,0.9688172340393066
YLR284C,YGL016W,0,-4.52394,0.09281256049871445,0.9913978576660156,0.9690322875976562
YBR101C,YIL009W,0,-4.5300145,0.09279388189315796,0.9913978576660156,0.9692473411560059
YGL098W,YIL148W,0,-4.5310183,0.09277520328760147,0.9913978576660156,0.9694623947143555
YNL194C,YHR149C,0,-4.543607,0.09275653958320618,0.9913978576660156,0.9696774482727051
YLR258W,YOR320C,0,-4.5553007,0.09273788332939148,0.9913978576660156,0.9698925018310547
YOR267C,YGR103W,0,-4.5580974,0.09271922707557678,0.9913978576660156,0.9701075553894043
YKL087C,YDR087C,0,-4.558674,0.09270058572292328,0.9913978576660156,0.9703226089477539
YML004C,YOR048C,0,-4.563761,0.09268194437026978,0.9913978576660156,0.9705376625061035
YHL003C,YMR002W,0,-4.5649204,0.09266331791877747,0.9913978576660156,0.9707527160644531
YDR406W,YKR095W,0,-4.5670652,0.09264469146728516,0.9913978576660156,0.9709677696228027
YLL026W,YEL032W,0,-4.5683627,0.09262607991695404,0.9913978576660156,0.9711828231811523
YLR167W,YJL094C,0,-4.5691843,0.09260747581720352,0.9913978576660156,0.971397876739502
YJR073C,YOL076W,0,-4.5750318,0.092588871717453,0.9913978576660156,0.9716129302978516
YKR026C,YGR070W,1,-4.5820756,0.09277108311653137,0.9935483932495117,0.9716129302978516
YLR371W,YAL003W,1,-4.583258,0.09295322000980377,0.9956989288330078,0.9716129302978516
YJL045W,YHR020W,0,-4.584645,0.09293456375598907,0.9956989288330078,0.9718279838562012
YIL087C,YIL123W,0,-4.5855446,0.09291591495275497,0.9956989288330078,0.9720430374145508
YOR383C,YDR300C,0,-4.5991225,0.09289727360010147,0.9956989288330078,0.9722580909729004
YPL207W,YGR244C,0,-4.600873,0.09287863224744797,0.9956989288330078,0.97247314453125
YNL025C,YPL193W,0,-4.609661,0.09286000579595566,0.9956989288330078,0.9726881980895996
YDL072C,YKR075C,0,-4.623962,0.09284138679504395,0.9956989288330078,0.9729032516479492
YDL072C,YER060W,0,-4.637784,0.09282277524471283,0.9956989288330078,0.9731183052062988
YLR006C,YLR413W,0,-4.6501184,0.09280417114496231,0.9956989288330078,0.9733333587646484
YNL183C,YNL065W,0,-4.6506214,0.09278557449579239,0.9956989288330078,0.973548412322998
YOR267C,YOR341W,0,-4.6573477,0.09276697784662247,0.9956989288330078,0.9737634658813477
YOL154W,YHL015W,0,-4.667359,0.09274839609861374,0.9956989288330078,0.9739785194396973
YOR049C,YLR367W,0,-4.682612,0.09272982180118561,0.9956989288330078,0.9741935729980469
YOR207C,YHR190W,0,-4.6963515,0.09271125495433807,0.9956989288330078,0.9744086265563965
YPR175W,YHR096C,0,-4.697444,0.09269269555807114,0.9956989288330078,0.9746236801147461
YGL189C,YCL035C,0,-4.701881,0.0926741361618042,0.9956989288330078,0.9748387336730957
YDR280W,YJL026W,0,-4.7029595,0.09265559166669846,0.9956989288330078,0.9750537872314453
YDR023W,YGR044C,0,-4.7068834,0.09263705462217331,0.9956989288330078,0.9752688407897949
YDL230W,YKL060C,0,-4.7163544,0.09261852502822876,0.9956989288330078,0.9754838943481445
YMR041C,YER060W,0,-4.7247434,0.09260000288486481,0.9956989288330078,0.9756989479064941
YDR287W,YDL031W,0,-4.727798,0.09258148074150085,0.9956989288330078,0.9759140014648438
YDR500C,YHR096C,0,-4.7343316,0.0925629734992981,0.9956989288330078,0.9761290550231934
YIL148W,YOR113W,0,-4.73636,0.09254447370767593,0.9956989288330078,0.976344108581543
YFR034C,YCR021C,0,-4.7516465,0.09252598136663437,0.9956989288330078,0.9765591621398926
YIL098C,YGL171W,0,-4.7599244,0.0925074890255928,0.9956989288330078,0.9767742156982422
YDR129C,YDR399W,0,-4.760962,0.09248901158571243,0.9956989288330078,0.9769892692565918
YIL064W,YOR273C,0,-4.760983,0.09247054159641266,0.9956989288330078,0.9772043228149414
YDL072C,YLR185W,0,-4.7781463,0.09245207905769348,0.9956989288330078,0.977419376373291
YGR254W,YOR129C,0,-4.781347,0.0924336165189743,0.9956989288330078,0.9776344299316406
YLL018C,YOR383C,0,-4.7838492,0.09241516888141632,0.9956989288330078,0.9778494834899902
YOR262W,YJL057C,0,-4.7859674,0.09239672869443893,0.9956989288330078,0.9780645370483398
YFR031C-A,YOL096C,0,-4.792528,0.09237828850746155,0.9956989288330078,0.9782795906066895
YOR267C,YBR078W,0,-4.7930417,0.09235986322164536,0.9956989288330078,0.9784946441650391
YBR046C,YMR230W,0,-4.807491,0.09234144538640976,0.9956989288330078,0.9787096977233887
YDR513W,YGR003W,0,-4.8133616,0.09232302755117416,0.9956989288330078,0.9789247512817383
YFR049W,YLR068W,0,-4.82807,0.09230462461709976,0.9956989288330078,0.9791398048400879
YMR041C,YLR017W,0,-4.852069,0.09228622913360596,0.9956989288330078,0.9793548583984375
YLR293C,YHR113W,0,-4.865986,0.09226783365011215,0.9956989288330078,0.9795699119567871
YNL062C,YDR406W,0,-4.8698587,0.09224945306777954,0.9956989288330078,0.9797849655151367
YNL062C,YDR276C,0,-4.8824077,0.09223107248544693,0.9956989288330078,0.9800000190734863
YEL039C,YER129W,0,-4.8936114,0.09221270680427551,0.9956989288330078,0.9802150726318359
YJR123W,YFR049W,0,-4.9154744,0.09219434857368469,0.9956989288330078,0.9804301261901855
YLR259C,YMR177W,0,-4.9232206,0.09217599034309387,0.9956989288330078,0.9806451797485352
YNL062C,YGL219C,0,-4.928015,0.09215764701366425,0.9956989288330078,0.9808602333068848
YML120C,YOR236W,0,-4.933592,0.09213930368423462,0.9956989288330078,0.9810752868652344
YBR078W,YLR333C,0,-4.9493546,0.09212096780538559,0.9956989288330078,0.981290340423584
YOR136W,YGR208W,0,-4.953488,0.09210264682769775,0.9956989288330078,0.9815053939819336
YJL012C,YHR138C,0,-4.953855,0.09208432585000992,0.9956989288330078,0.9817204475402832
YBR054W,YLR075W,0,-4.960897,0.09206601977348328,0.9956989288330078,0.9819355010986328
YBL087C,YOR065W,0,-4.9698596,0.09204771369695663,0.9956989288330078,0.9821505546569824
YCR024C,YHR197W,0,-4.981253,0.09202941507101059,0.9956989288330078,0.982365608215332
YLR185W,YIL098C,0,-4.982867,0.09201113134622574,0.9956989288330078,0.9825806617736816
YLR167W,YPL262W,0,-4.994553,0.09199284762144089,0.9956989288330078,0.9827957153320312
YOR132W,YJL069C,0,-5.0014787,0.09197457134723663,0.9956989288330078,0.9830107688903809
YDR398W,YDR122W,0,-5.0255427,0.09195630252361298,0.9956989288330078,0.9832258224487305
YPR067W,YJL098W,0,-5.0497108,0.09193804860115051,0.9956989288330078,0.9834408760070801
YKL191W,YMR175W,0,-5.085243,0.09191979467868805,0.9956989288330078,0.9836559295654297
YHR113W,YBR181C,0,-5.1055236,0.09190154820680618,0.9956989288330078,0.9838709831237793
YGR245C,YBL047C,0,-5.1126146,0.09188330918550491,0.9956989288330078,0.9840860366821289
YGR205W,YHR197W,0,-5.1137795,0.09186507761478424,0.9956989288330078,0.9843010902404785
YOR101W,YNL036W,0,-5.1173787,0.09184685349464417,0.9956989288330078,0.9845161437988281
YLR249W,YDR284C,0,-5.1241918,0.09182863682508469,0.9956989288330078,0.9847311973571777
YLR150W,YLR247C,0,-5.124269,0.0918104276061058,0.9956989288330078,0.9849462509155273
YGR070W,YAL003W,1,-5.148727,0.09199048578739166,0.9978494644165039,0.9849462509155273
YOR078W,YPR155C,0,-5.1511173,0.0919722467660904,0.9978494644165039,0.985161304473877
YGL076C,YJL045W,0,-5.161175,0.09195402264595032,0.9978494644165039,0.9853763580322266
YPL146C,YNL055C,0,-5.163281,0.09193580597639084,0.9978494644165039,0.9855914115905762
YCR016W,YMR133W,0,-5.1664166,0.09191758930683136,0.9978494644165039,0.9858064651489258
YGL053W,YMR242C,0,-5.1691785,0.09189938753843307,0.9978494644165039,0.9860215187072754
YGR283C,YEL039C,0,-5.1703787,0.09188118577003479,0.9978494644165039,0.986236572265625
YIL019W,YDR129C,0,-5.1789975,0.0918629989027977,0.9978494644165039,0.9864516258239746
YMR053C,YOR119C,0,-5.1899085,0.09184481203556061,0.9978494644165039,0.9866666793823242
YDR343C,YOR260W,0,-5.2441883,0.09182664006948471,0.9978494644165039,0.9868817329406738
YPL203W,YDR021W,0,-5.260724,0.09180846810340881,0.9978494644165039,0.9870967864990234
YGL070C,YDL223C,0,-5.261717,0.09179030358791351,0.9978494644165039,0.987311840057373
YJR073C,YPL198W,0,-5.282869,0.0917721539735794,0.9978494644165039,0.9875268936157227
YGR161C,YMR125W,0,-5.290114,0.0917540043592453,0.9978494644165039,0.9877419471740723
YPL061W,YHR170W,0,-5.2975326,0.09173586219549179,0.9978494644165039,0.9879570007324219
YBL087C,YML057W,0,-5.329684,0.09171772748231888,0.9978494644165039,0.9881720542907715
YOL121C,YNL194C,0,-5.3367095,0.09169960767030716,0.9978494644165039,0.9883871078491211
YGR245C,YMR133W,0,-5.338299,0.09168148785829544,0.9978494644165039,0.9886021614074707
YLR175W,YHL035C,0,-5.3385205,0.09166337549686432,0.9978494644165039,0.9888172149658203
YOR136W,YIR026C,0,-5.385756,0.0916452705860138,0.9978494644165039,0.9890322685241699
YLR061W,YKR052C,0,-5.393534,0.09162717312574387,0.9978494644165039,0.9892473220825195
YOR065W,YGR245C,0,-5.402849,0.09160908311605453,0.9978494644165039,0.9894623756408691
YDL081C,YLR247C,0,-5.4049435,0.0915910005569458,0.9978494644165039,0.9896774291992188
YDR361C,YPL061W,0,-5.4321713,0.09157292544841766,0.9978494644165039,0.9898924827575684
YGR161C,YIL018W,0,-5.4925222,0.09155485033988953,0.9978494644165039,0.990107536315918
YHR148W,YPR155C,0,-5.5613856,0.09153679013252258,0.9978494644165039,0.9903225898742676
YOR254C,YCL035C,0,-5.589696,0.09151873737573624,0.9978494644165039,0.9905376434326172
YOR027W,YGL078C,0,-5.6314874,0.09150069206953049,0.9978494644165039,0.9907526969909668
YLR413W,YMR133W,0,-5.656526,0.09148264676332474,0.9978494644165039,0.9909677505493164
YJL057C,YDR500C,0,-5.6629663,0.09146461635828018,0.9978494644165039,0.991182804107666
YMR175W,YDR234W,0,-5.6708207,0.09144659340381622,0.9978494644165039,0.9913978576660156
YPL203W,YLR056W,0,-5.7286773,0.09142857044935226,0.9978494644165039,0.9916129112243652
YCR021C,YMR131C,0,-5.759595,0.0914105623960495,0.9978494644165039,0.9918279647827148
YGL076C,YMR041C,0,-5.791655,0.09139255434274673,0.9978494644165039,0.9920430183410645
YGL053W,YDR399W,0,-5.8117895,0.09137455374002457,0.9978494644165039,0.9922580718994141
YGR103W,YMR175W,0,-5.8827243,0.09135656803846359,0.9978494644165039,0.9924731254577637
YDL072C,YDR399W,0,-5.894933,0.09133858233690262,0.9978494644165039,0.9926881790161133
YDL124W,YDR234W,0,-5.8987727,0.09132060408592224,0.9978494644165039,0.9929032325744629
YPL146C,YMR262W,0,-5.9316883,0.09130263328552246,0.9978494644165039,0.9931182861328125
YPL146C,YOL052C-A,0,-5.984823,0.09128467738628387,0.9978494644165039,0.9933333396911621
YOR001W,YHR138C,0,-6.008339,0.09126672148704529,0.9978494644165039,0.9935483932495117
YML004C,YKL029C,0,-6.028208,0.0912487730383873,0.9978494644165039,0.9937634468078613
YBR069C,YCL035C,0,-6.047821,0.0912308320403099,0.9978494644165039,0.9939785003662109
YGL096W,YHR170W,0,-6.052134,0.09121289849281311,0.9978494644165039,0.9941935539245605
YKL141W,YAL059W,0,-6.078385,0.09119496494531631,0.9978494644165039,0.9944086074829102
YMR262W,YGR245C,0,-6.1412034,0.09117704629898071,0.9978494644165039,0.9946236610412598
YPL198W,YBR149W,0,-6.1541786,0.09115913510322571,0.9978494644165039,0.9948387145996094
YML004C,YHL011C,0,-6.167038,0.0911412313580513,0.9978494644165039,0.995053768157959
YDR361C,YLR299W,0,-6.2120023,0.09112332761287689,0.9978494644165039,0.9952688217163086
YGL006W,YDR300C,0,-6.219993,0.09110543876886368,0.9978494644165039,0.9954838752746582
YOR136W,YDR165W,0,-6.2547917,0.09108755737543106,0.9978494644165039,0.9956989288330078
YKL026C,YDR471W,0,-6.3060884,0.09106967598199844,0.9978494644165039,0.9959139823913574
YKL026C,YBL072C,0,-6.437402,0.09105180203914642,0.9978494644165039,0.996129035949707
YGL006W,YGL111W,0,-6.4733396,0.0910339429974556,0.9978494644165039,0.9963440895080566
YBR034C,YOL052C-A,0,-6.6110454,0.09101608395576477,0.9978494644165039,0.9965591430664062
YKL110C,YFR053C,0,-6.6776166,0.09099823236465454,0.9978494644165039,0.9967741966247559
YDR178W,YLR435W,0,-6.701805,0.0909803956747055,0.9978494644165039,0.9969892501831055
YMR105C,YMR242C,0,-6.774548,0.09096255898475647,0.9978494644165039,0.9972043037414551
YLR083C,YLL026W,0,-6.909819,0.09094472974538803,0.9978494644165039,0.9974193572998047
YPL203W,YOR272W,0,-7.0657477,0.09092690795660019,0.9978494644165039,0.9976344108581543
YHR197W,YCL035C,0,-7.0908093,0.09090909361839294,0.9978494644165039,0.9978494644165039
YML100W,YLR432W,0,-7.1370707,0.0908912867307663,0.9978494644165039,0.9980645179748535
YBR169C,YPL198W,0,-7.212897,0.09087347984313965,0.9978494644165039,0.9982795715332031
YDR500C,YBR169C,0,-7.215052,0.0908556878566742,0.9978494644165039,0.9984946250915527
YPL171C,YLL016W,0,-7.246755,0.09083790332078934,0.9978494644165039,0.9987096786499023
YDR361C,YMR110C,0,-7.343927,0.09082011878490448,0.9978494644165039,0.998924732208252
YHR170W,YCL035C,0,-7.6500897,0.09080234915018082,0.9978494644165039,0.9991397857666016
YDR464W,YDR135C,0,-7.681125,0.09078457951545715,0.9978494644165039,0.9993548393249512
YMR313C,YOR086C,0,-7.86771,0.09076682478189468,0.9978494644165039,0.9995698928833008
YPR110C,YDR513W,0,-8.044287,0.09074907004833221,0.9978494644165039,0.9997849464416504
YDR087C,YHL021C,0,-8.451286,0.09073132276535034,0.9978494644165039,1.0
YAL024C,YLL016W,1,-9.336715,0.09090909361839294,1.0,1.0
