Gene A,Gene B,Label,Score,Precision,Recall,False Positive Rate
YJR070C,YLR411W,0,2.5860157,0.0,0.0,0.00010009008110500872
YPL269W,YPR160W,0,2.4495733,0.0,0.0,0.00020018016221001744
YBR247C,YGL141W,0,2.3959262,0.0,0.0,0.00030027024331502616
YBR066C,YMR080C,0,2.3089345,0.0,0.0,0.0004003603244200349
YMR290C,YGR052W,0,2.2688081,0.0,0.0,0.0005004503764212132
YBR169C,YMR015C,0,2.2137096,0.0,0.0,0.0006005404866300523
YER150W,YHR181W,0,2.1527088,0.0,0.0,0.0007006305386312306
YGL253W,YGL093W,0,2.1468515,0.0,0.0,0.0008007206488400698
YML027W,YJL221C,0,2.1436627,0.0,0.0,0.000900810700841248
YPL160W,YKR069W,0,2.1407862,0.0,0.0,0.0010009007528424263
YML054C,YPL231W,0,2.1003957,0.0,0.0,0.0011009909212589264
YLR286C,YJL082W,0,2.0303497,0.0,0.0,0.0012010809732601047
YIR039C,YLR451W,0,2.000095,0.0,0.0,0.001301171025261283
YBR169C,YHR172W,0,1.9781541,0.0,0.0,0.0014012610772624612
YLL022C,YGL037C,1,1.9463675,0.06666667014360428,0.0009910803055390716,0.0014012610772624612
YPR049C,YLR185W,0,1.9376693,0.0625,0.0009910803055390716,0.0015013512456789613
YPL273W,YLL055W,0,1.917282,0.05882352963089943,0.0009910803055390716,0.0016014412976801395
YEL039C,YPL021W,0,1.8911614,0.0555555559694767,0.0009910803055390716,0.0017015313496813178
YKL172W,YOR349W,0,1.8781374,0.05263157933950424,0.0009910803055390716,0.001801621401682496
YLR449W,YOL017W,1,1.8689145,0.10000000149011612,0.001982160611078143,0.001801621401682496
YMR004W,YER055C,0,1.8667015,0.095238097012043,0.001982160611078143,0.0019017115700989962
YNL145W,YOR317W,0,1.8455968,0.09090909361839294,0.001982160611078143,0.0020018015056848526
YDR380W,YLR127C,0,1.8310384,0.08695652335882187,0.001982160611078143,0.0021018916741013527
YJR145C,YER149C,0,1.8307862,0.0833333358168602,0.001982160611078143,0.002201981842517853
YAR018C,YHR148W,0,1.830205,0.07999999821186066,0.001982160611078143,0.0023020717781037092
YOR382W,YLR325C,0,1.8299294,0.07692307978868484,0.001982160611078143,0.0024021619465202093
YBR130C,YLR129W,0,1.8113425,0.07407407462596893,0.001982160611078143,0.0025022521149367094
YGR194C,YOR315W,0,1.8097569,0.0714285746216774,0.001982160611078143,0.002602342050522566
YMR198W,YLR343W,0,1.8038098,0.06896551698446274,0.001982160611078143,0.002702432218939066
YDR363W,YDR224C,1,1.7990724,0.10000000149011612,0.002973240800201893,0.002702432218939066
YMR184W,YDR033W,0,1.7971241,0.09677419066429138,0.002973240800201893,0.0028025221545249224
YJL170C,YGL078C,0,1.789907,0.09375,0.002973240800201893,0.0029026123229414225
YCL024W,YJL153C,0,1.7802833,0.09090909361839294,0.002973240800201893,0.0030027024913579226
YKR006C,YCR021C,0,1.7743443,0.0882352963089943,0.002973240800201893,0.003102792426943779
YML027W,YBR054W,0,1.7563083,0.08571428805589676,0.002973240800201893,0.003202882595360279
YLL022C,YOR317W,0,1.728718,0.0833333358168602,0.002973240800201893,0.003302972763776779
YGL170C,YKR089C,0,1.7272875,0.0810810774564743,0.002973240800201893,0.0034030626993626356
YLR323C,YLR325C,0,1.7235265,0.07894736528396606,0.002973240800201893,0.0035031528677791357
YDR285W,YKL172W,0,1.7093244,0.07692307978868484,0.002973240800201893,0.003603242803364992
YDL082W,YMR055C,0,1.7089581,0.07500000298023224,0.002973240800201893,0.0037033329717814922
YHL040C,YPR030W,0,1.7015176,0.0731707289814949,0.002973240800201893,0.0038034231401979923
YCR016W,YKL039W,0,1.6993604,0.0714285746216774,0.002973240800201893,0.0039035130757838488
YGL183C,YKL078W,0,1.6967092,0.06976744532585144,0.002973240800201893,0.004003603011369705
YIR025W,YNL112W,0,1.6938963,0.06818182021379471,0.002973240800201893,0.004103693179786205
YDR492W,YOL052C-A,0,1.6881557,0.06666667014360428,0.002973240800201893,0.004203783348202705
YML104C,YDR233C,0,1.6844099,0.06521739065647125,0.002973240800201893,0.0043038735166192055
YOR349W,YPL207W,0,1.6795565,0.06382978707551956,0.002973240800201893,0.004403963685035706
YPL160W,YKR093W,0,1.6777493,0.0625,0.002973240800201893,0.004504053853452206
YOL007C,YAL054C,0,1.6762218,0.06122449040412903,0.002973240800201893,0.0046041435562074184
YDR308C,YPL141C,0,1.6747224,0.05999999865889549,0.002973240800201893,0.0047042337246239185
YLR247C,YGR094W,0,1.6551127,0.05882352963089943,0.002973240800201893,0.004804323893040419
YDR246W,YPR035W,0,1.6488769,0.057692307978868484,0.002973240800201893,0.004904414061456919
YLR196W,YGL251C,0,1.6448977,0.056603774428367615,0.002973240800201893,0.005004504229873419
YLL026W,YDR429C,0,1.6408843,0.0555555559694767,0.002973240800201893,0.005104593932628632
YNL078W,YDL022W,0,1.6312053,0.05454545468091965,0.002973240800201893,0.005204684101045132
YMR130W,YDR343C,0,1.6297722,0.0535714291036129,0.002973240800201893,0.005304774269461632
YER062C,YLL004W,0,1.6287513,0.05263157933950424,0.002973240800201893,0.005404864437878132
YDR120C,YMR184W,0,1.6228018,0.0517241396009922,0.002973240800201893,0.005504954606294632
YPL082C,YHR106W,0,1.6149628,0.050847455859184265,0.002973240800201893,0.005605044309049845
YPR002W,YGL171W,0,1.6124021,0.05000000074505806,0.002973240800201893,0.005705134477466345
YGL103W,YGR070W,0,1.6121033,0.04918032884597778,0.002973240800201893,0.005805224645882845
YJR145C,YMR089C,0,1.5960312,0.04838709533214569,0.002973240800201893,0.005905314814299345
YBL074C,YER102W,0,1.592789,0.0476190485060215,0.002973240800201893,0.006005404982715845
YLR323C,YGL021W,0,1.5914274,0.046875,0.002973240800201893,0.006105495151132345
YMR322C,YLR048W,0,1.588513,0.04615384712815285,0.002973240800201893,0.006205584853887558
YJL030W,YIL130W,0,1.5870956,0.04545454680919647,0.002973240800201893,0.006305675022304058
YHR013C,YMR118C,0,1.5830984,0.04477611929178238,0.002973240800201893,0.006405765190720558
YDL136W,YGL063W,0,1.5786958,0.04411764815449715,0.002973240800201893,0.006505855359137058
YHR158C,YMR105C,0,1.574781,0.043478261679410934,0.002973240800201893,0.006605945527553558
YPR110C,YBR114W,0,1.5742939,0.04285714402794838,0.002973240800201893,0.006706035230308771
YER056C,YOL132W,0,1.5723596,0.0422535203397274,0.002973240800201893,0.006806125398725271
YLR058C,YOR330C,0,1.5719082,0.0416666679084301,0.002973240800201893,0.006906215567141771
YNR053C,YDL097C,0,1.5682707,0.04109589010477066,0.002973240800201893,0.007006305735558271
YMR246W,YDR018C,0,1.5680454,0.04054053872823715,0.002973240800201893,0.0071063959039747715
YER150W,YGR077C,0,1.5641648,0.03999999910593033,0.002973240800201893,0.007206485606729984
YKL185W,YLR441C,0,1.5638804,0.03947368264198303,0.002973240800201893,0.007306575775146484
YOR237W,YNL130C,0,1.5601062,0.03896103799343109,0.002973240800201893,0.0074066659435629845
YER091C,YDR318W,0,1.5553029,0.03846153989434242,0.002973240800201893,0.0075067561119794846
YPR049C,YLR038C,0,1.5523763,0.037974681705236435,0.002973240800201893,0.007606846280395985
YBR191W,YDR371W,0,1.550073,0.03750000149011612,0.002973240800201893,0.007706936448812485
YJL034W,YGR179C,0,1.5486025,0.03703703731298447,0.002973240800201893,0.0078070261515676975
YLR038C,YER106W,0,1.5440891,0.03658536449074745,0.002973240800201893,0.007907116785645485
YNR002C,YJR073C,0,1.5417056,0.03614457696676254,0.002973240800201893,0.00800720602273941
YIL093C,YER062C,0,1.5396874,0.0357142873108387,0.002973240800201893,0.00810729619115591
YFL014W,YFR018C,0,1.5385422,0.03529411926865578,0.002973240800201893,0.00820738635957241
YBL055C,YPR160W,0,1.5342022,0.03488372266292572,0.002973240800201893,0.00830747652798891
YJR147W,YJL221C,0,1.5330243,0.03448275849223137,0.002973240800201893,0.00840756669640541
YDR534C,YNL061W,0,1.5309498,0.034090910106897354,0.002973240800201893,0.00850765686482191
YMR175W,YJR041C,0,1.5275298,0.033707864582538605,0.002973240800201893,0.008607747033238411
YDR204W,YBR145W,0,1.5273477,0.03333333507180214,0.002973240800201893,0.008707837201654911
YDR332W,YJL158C,0,1.5258725,0.032967034727334976,0.002973240800201893,0.008807927370071411
YOL095C,YDL171C,0,1.5245074,0.032608695328235626,0.002973240800201893,0.008908017538487911
YKR095W,YOR145C,0,1.5222049,0.032258063554763794,0.002973240800201893,0.009008107706904411
YER045C,YBR112C,0,1.5156589,0.03191489353775978,0.002973240800201893,0.009108196943998337
YPR174C,YNL029C,0,1.5154951,0.031578946858644485,0.002973240800201893,0.009208287112414837
YOR182C,YPL231W,0,1.5154519,0.03125,0.002973240800201893,0.009308377280831337
YPR028W,YJR052W,0,1.5152925,0.030927835032343864,0.002973240800201893,0.009408467449247837
YNL176C,YHR096C,0,1.511176,0.030612245202064514,0.002973240800201893,0.009508557617664337
YKL080W,YOR313C,0,1.5086417,0.03030303120613098,0.002973240800201893,0.009608647786080837
YMR087W,YLR153C,0,1.501894,0.029999999329447746,0.002973240800201893,0.009708737954497337
YBL025W,YJL109C,0,1.5014163,0.029702970758080482,0.002973240800201893,0.009808828122913837
YIL074C,YBR271W,0,1.5008738,0.029411764815449715,0.002973240800201893,0.009908918291330338
YMR297W,YJR112W,0,1.4993603,0.029126213863492012,0.002973240800201893,0.010009008459746838
YPL110C,YDR384C,0,1.4993402,0.028846153989434242,0.002973240800201893,0.010109098628163338
YCL044C,YOR313C,0,1.4988785,0.02857142873108387,0.002973240800201893,0.010209187865257263
YAL033W,YOR262W,0,1.4979899,0.028301887214183807,0.002973240800201893,0.010309278033673763
YPR081C,YNL119W,0,1.4954462,0.028037382289767265,0.002973240800201893,0.010409368202090263
YPL091W,YML037C,0,1.4910433,0.02777777798473835,0.002973240800201893,0.010509458370506763
YPL130W,YLR347C,0,1.4900227,0.027522936463356018,0.002973240800201893,0.010609548538923264
YOL084W,YER113C,0,1.4893405,0.027272727340459824,0.002973240800201893,0.010709638707339764
YDR449C,YOL055C,0,1.4868217,0.027027027681469917,0.002973240800201893,0.010809728875756264
YGR037C,YEL070W,0,1.4857035,0.02678571455180645,0.002973240800201893,0.010909819044172764
YML128C,YHR086W,0,1.4852599,0.02654867246747017,0.002973240800201893,0.011009909212589264
YER173W,YLL012W,0,1.4820267,0.02631578966975212,0.002973240800201893,0.011109999381005764
YPR068C,YDR145W,1,1.481304,0.03478260710835457,0.003964321222156286,0.011109999381005764
YDR406W,YML097C,0,1.4793376,0.03448275849223137,0.003964321222156286,0.01121008861809969
YLR143W,YJL143W,0,1.4792764,0.03418803587555885,0.003964321222156286,0.01131017878651619
YCL024W,YCR021C,0,1.4779258,0.033898305147886276,0.003964321222156286,0.01141026895493269
YOL052C,YIR025W,0,1.4735992,0.03361344709992409,0.003964321222156286,0.01151035912334919
YBR092C,YDL146W,0,1.4702921,0.03333333507180214,0.003964321222156286,0.01161044929176569
YGL014W,YLR165C,0,1.4702548,0.03305784985423088,0.003964321222156286,0.01171053946018219
YDR165W,YML041C,0,1.4677825,0.032786883413791656,0.003964321222156286,0.01181062962859869
YOR357C,YLR009W,0,1.4674276,0.03252032399177551,0.003964321222156286,0.01191071979701519
YLL004W,YBR195C,1,1.4669414,0.04032257944345474,0.004955401178449392,0.01191071979701519
YPR026W,YLR364W,0,1.4659524,0.03999999910593033,0.004955401178449392,0.01201080996543169
YDR350C,YLL045C,0,1.4647586,0.0396825410425663,0.004955401178449392,0.01211090013384819
YPL163C,YAR035W,0,1.4622006,0.03937007859349251,0.004955401178449392,0.01221099030226469
YMR316W,YGL063W,0,1.4598184,0.0390625,0.004955401178449392,0.012311079539358616
YLL004W,YNL246W,1,1.4569031,0.04651162773370743,0.005946481600403786,0.012311079539358616
YOL127W,YHR157W,0,1.4557368,0.04615384712815285,0.005946481600403786,0.012411169707775116
YJL089W,YNR018W,0,1.455259,0.04580152779817581,0.005946481600403786,0.012511259876191616
YBR001C,YPL198W,0,1.4526613,0.04545454680919647,0.005946481600403786,0.012611350044608116
YFR037C,YNL181W,0,1.4498032,0.04511278122663498,0.005946481600403786,0.012711440213024616
YBL082C,YPR091C,0,1.4481403,0.04477611929178238,0.005946481600403786,0.012811530381441116
YPL126W,YMR105C,0,1.4468737,0.04444444552063942,0.005946481600403786,0.012911620549857616
YMR223W,YNL030W,1,1.4461901,0.05147058889269829,0.006937562022358179,0.012911620549857616
YML133C,YHR158C,0,1.4461524,0.051094889640808105,0.006937562022358179,0.013011710718274117
YBR191W,YJR150C,0,1.4437529,0.050724636763334274,0.006937562022358179,0.013111800886690617
YNR070W,YBR026C,0,1.4428852,0.050359711050987244,0.006937562022358179,0.013211891055107117
YDR473C,YPL090C,0,1.4423646,0.05000000074505806,0.006937562022358179,0.013311981223523617
YKL043W,YIR025W,0,1.4416927,0.04964539036154747,0.006937562022358179,0.013412070460617542
YDR222W,YEL064C,0,1.440575,0.04929577559232712,0.006937562022358179,0.013512160629034042
YNL331C,YGR177C,0,1.4388402,0.04895104840397835,0.006937562022358179,0.013612250797450542
YOL005C,YBR012W-B,0,1.4385574,0.0486111119389534,0.006937562022358179,0.013712340965867043
YBL106C,YIL052C,0,1.4369029,0.04827586188912392,0.006937562022358179,0.013812431134283543
YML085C,YOR306C,0,1.4339687,0.04794520512223244,0.006937562022358179,0.013912521302700043
YLR058C,YDR516C,0,1.4332906,0.0476190485060215,0.006937562022358179,0.014012611471116543
YMR142C,YLR411W,0,1.4203792,0.04729729890823364,0.006937562022358179,0.014112701639533043
YGL158W,YER091C,0,1.4186556,0.0469798669219017,0.006937562022358179,0.014212791807949543
YLR139C,YAL030W,0,1.4186037,0.046666666865348816,0.006937562022358179,0.014312881976366043
YOR338W,YOR316C,0,1.4181577,0.046357616782188416,0.006937562022358179,0.014412971213459969
YDR096W,YPR196W,0,1.4160012,0.04605263099074364,0.006937562022358179,0.014513061381876469
YGR081C,YHR113W,0,1.4113716,0.04575163498520851,0.006937562022358179,0.014613151550292969
YFR018C,YDR096W,0,1.4103683,0.04545454680919647,0.006937562022358179,0.014713241718709469
YOL140W,YER053C,0,1.4084955,0.04516129195690155,0.006937562022358179,0.014813331887125969
YDR244W,YGR159C,0,1.4081751,0.044871795922517776,0.006937562022358179,0.014913422055542469
YPL204W,YNL052W,0,1.4072536,0.04458598792552948,0.006937562022358179,0.015013512223958969
YGR089W,YJR010C-A,0,1.4027697,0.04430379718542099,0.006937562022358179,0.01511360239237547
YDR252W,YMR307W,0,1.4015374,0.044025156646966934,0.006937562022358179,0.01521369256079197
YIR017C,YLR467W,0,1.4005709,0.04374999925494194,0.006937562022358179,0.01531378272920847
YKL060C,YKR058W,0,1.4005363,0.043478261679410934,0.006937562022358179,0.01541387289762497
YGL090W,YGR094W,0,1.400109,0.043209876865148544,0.006937562022358179,0.015513962134718895
YOL086C,YLR009W,0,1.3936497,0.042944785207509995,0.006937562022358179,0.015614052303135395
YNL153C,YNR002C,0,1.392926,0.04268292710185051,0.006937562022358179,0.015714142471551895
YGR235C,YPL207W,0,1.3907436,0.042424242943525314,0.006937562022358179,0.01581423357129097
YGL037C,YGR058W,0,1.3906418,0.04216867312788963,0.006937562022358179,0.015914322808384895
YML113W,YAR018C,0,1.3905995,0.041916169226169586,0.006937562022358179,0.01601441204547882
YOR138C,YOR346W,0,1.3900503,0.0416666679084301,0.006937562022358179,0.016114503145217896
YJL148W,YDL070W,0,1.3886435,0.041420117020606995,0.006937562022358179,0.01621459238231182
YLR035C-A,YBL100W-B,0,1.3874013,0.04117647185921669,0.006937562022358179,0.016314683482050896
YOR310C,YPL156C,0,1.3871211,0.04093567281961441,0.006937562022358179,0.01641477271914482
YDR323C,YGR094W,0,1.3869681,0.040697675198316574,0.006937562022358179,0.016514863818883896
YBL076C,YIL113W,0,1.3869369,0.040462426841259,0.006937562022358179,0.01661495305597782
YER131W,YOR393W,0,1.3868461,0.04022988677024841,0.006937562022358179,0.016715044155716896
YJR131W,YJR098C,0,1.386024,0.03999999910593033,0.006937562022358179,0.01681513339281082
YBL069W,YGL163C,0,1.3836699,0.039772726595401764,0.006937562022358179,0.016915224492549896
YIL096C,YHL008C,0,1.3832785,0.03954802080988884,0.006937562022358179,0.01701531372964382
YJL191W,YKL014C,0,1.3822908,0.03932584449648857,0.006937562022358179,0.017115402966737747
YIL136W,YPL068C,0,1.3794482,0.03910614550113678,0.006937562022358179,0.017215494066476822
YJL219W,YBL039C,0,1.3792317,0.03888889029622078,0.006937562022358179,0.017315583303570747
YHR164C,YLR175W,0,1.3789339,0.03867403417825699,0.006937562022358179,0.017415674403309822
YLR186W,YDL184C,0,1.3781942,0.03846153989434242,0.006937562022358179,0.017515763640403748
YGR060W,YFR014C,0,1.3766817,0.0382513664662838,0.006937562022358179,0.017615854740142822
YIR018W,YPR160W,0,1.3760089,0.03804347664117813,0.006937562022358179,0.017715943977236748
YIR039C,YPR113W,0,1.3752866,0.037837836891412735,0.006937562022358179,0.017816035076975822
YGR027C,YHR006W,0,1.3749583,0.037634409964084625,0.006937562022358179,0.017916124314069748
YPR006C,YNL309W,0,1.374265,0.03743315488100052,0.006937562022358179,0.018016215413808823
YPR169W,YHR009C,0,1.37416,0.03723404183983803,0.006937562022358179,0.018116304650902748
YDR196C,YGR221C,0,1.3739078,0.03703703731298447,0.006937562022358179,0.018216393887996674
YOR386W,YPL226W,0,1.3727477,0.03684210404753685,0.006937562022358179,0.01831648498773575
YAR018C,YOR272W,0,1.3720279,0.03664921596646309,0.006937562022358179,0.018416574224829674
YEL069C,YGL246C,0,1.3684125,0.0364583320915699,0.006937562022358179,0.01851666532456875
YDR248C,YLR061W,0,1.3683009,0.036269430071115494,0.006937562022358179,0.018616754561662674
YNL118C,YDR380W,0,1.3681496,0.036082472652196884,0.006937562022358179,0.01871684566140175
YML039W,YGL141W,0,1.368086,0.03589743748307228,0.006937562022358179,0.018816934898495674
YNR053C,YHR186C,0,1.3675647,0.0357142873108387,0.006937562022358179,0.01891702599823475
YMR242C,YPL119C,0,1.3674237,0.03553299605846405,0.006937562022358179,0.019017115235328674
YLR270W,YJL109C,0,1.3667085,0.035353533923625946,0.006937562022358179,0.01911720633506775
YMR304W,YPR144C,0,1.366629,0.035175878554582596,0.006937562022358179,0.019217295572161674
YOL095C,YOL127W,0,1.3665618,0.03500000014901161,0.006937562022358179,0.0193173848092556
YIR005W,YDL160C,0,1.3662937,0.03482586890459061,0.006937562022358179,0.019417475908994675
YCL068C,YHR169W,0,1.3657775,0.03465346619486809,0.006937562022358179,0.0195175651460886
YJR025C,YBR012W-B,0,1.3652073,0.03448275849223137,0.006937562022358179,0.019617656245827675
YCR106W,YHR106W,0,1.3647363,0.03431372717022896,0.006937562022358179,0.0197177454829216
YOR323C,YHR175W,0,1.3638513,0.03414634242653847,0.006937562022358179,0.019817836582660675
YBR085W,YER028C,0,1.3637291,0.033980581909418106,0.006937562022358179,0.0199179258197546
YIL125W,YDL012C,0,1.3626552,0.03381642326712608,0.006937562022358179,0.020018016919493675
YMR034C,YJR127C,0,1.3620187,0.03365384787321091,0.006937562022358179,0.0201181061565876
YBR092C,YHR028C,0,1.3617144,0.03349282220005989,0.006937562022358179,0.020218197256326675
YDR091C,YER111C,0,1.3596706,0.03333333507180214,0.006937562022358179,0.0203182864934206
YLR151C,YAL033W,0,1.3595408,0.033175356686115265,0.006937562022358179,0.020418375730514526
YBR125C,YLR293C,0,1.3593509,0.033018868416547775,0.006937562022358179,0.0205184668302536
YHL024W,YGR282C,0,1.3583664,0.03286384791135788,0.006937562022358179,0.020618556067347527
YNL250W,YDR299W,0,1.3579328,0.032710280269384384,0.006937562022358179,0.0207186471670866
YGR034W,YDR065W,0,1.3576972,0.0325581394135952,0.006937562022358179,0.020818736404180527
YDR032C,YPR106W,0,1.3562328,0.032407406717538834,0.006937562022358179,0.0209188275039196
YHR073W,YHR210C,0,1.3559221,0.032258063554763794,0.006937562022358179,0.021018916741013527
YOR270C,YOR227W,0,1.3549051,0.03211009129881859,0.006937562022358179,0.0211190078407526
YGL062W,YPL007C,0,1.3544446,0.031963471323251724,0.006937562022358179,0.021219097077846527
YDR018C,YLR153C,0,1.3535688,0.03181818127632141,0.006937562022358179,0.021319188177585602
YLR327C,YJL090C,0,1.3522834,0.031674209982156754,0.006937562022358179,0.021419277414679527
YHR096C,YOR337W,0,1.3502952,0.03153153136372566,0.006937562022358179,0.021519366651773453
YDR004W,YPL252C,0,1.3502676,0.03139013424515724,0.006937562022358179,0.021619457751512527
YDR245W,YJL153C,0,1.3489492,0.03125,0.006937562022358179,0.021719546988606453
YKR007W,YMR105C,0,1.3474258,0.031111111864447594,0.006937562022358179,0.021819638088345528
YBR188C,YGL104C,0,1.3461807,0.03097345121204853,0.006937562022358179,0.021919727325439453
YKR019C,YBR088C,1,1.345861,0.035242289304733276,0.007928642444312572,0.021919727325439453
YDR479C,YEL040W,0,1.3440582,0.035087719559669495,0.007928642444312572,0.022019818425178528
YOR267C,YOR313C,0,1.3432882,0.034934498369693756,0.007928642444312572,0.022119907662272453
YNL153C,YIR031C,0,1.3431512,0.03478260710835457,0.007928642444312572,0.022219998762011528
YLR381W,YHR139C,0,1.34096,0.034632034599781036,0.007928642444312572,0.022320087999105453
YCL064C,YDR325W,0,1.340914,0.03448275849223137,0.007928642444312572,0.02242017723619938
YHR036W,YBR028C,0,1.3393321,0.03433476388454437,0.007928642444312572,0.022520268335938454
YFR010W,YPR046W,0,1.33743,0.03418803587555885,0.007928642444312572,0.02262035757303238
YHR164C,YJL130C,0,1.3364998,0.03404255211353302,0.007928642444312572,0.022720448672771454
YOL139C,YNL045W,0,1.3364174,0.033898305147886276,0.007928642444312572,0.02282053790986538
YGL009C,YGL249W,0,1.3355384,0.03375527262687683,0.007928642444312572,0.022920629009604454
YPR011C,YDL081C,0,1.334448,0.03361344709992409,0.007928642444312572,0.02302071824669838
YIL159W,YMR038C,0,1.334263,0.033472802489995956,0.007928642444312572,0.023120809346437454
YLR106C,YJR117W,0,1.3340291,0.03333333507180214,0.007928642444312572,0.02322089858353138
YHR154W,YLR364W,0,1.3340098,0.033195022493600845,0.007928642444312572,0.023320989683270454
YBL028C,YHR036W,0,1.3338307,0.03305784985423088,0.007928642444312572,0.02342107892036438
YNL044W,YIL101C,0,1.3331112,0.03292180970311165,0.007928642444312572,0.023521168157458305
YLR315W,YGL026C,0,1.3320808,0.032786883413791656,0.007928642444312572,0.02362125925719738
YHR010W,YDR472W,0,1.3315802,0.03265305981040001,0.007928642444312572,0.023721348494291306
YGR004W,YER103W,0,1.3306097,0.03252032399177551,0.007928642444312572,0.02382143959403038
YGR052W,YDR496C,0,1.3302348,0.03238866478204727,0.007928642444312572,0.023921528831124306
YBL082C,YLL050C,0,1.3286823,0.032258063554763794,0.007928642444312572,0.02402161993086338
YDR457W,YFL026W,0,1.3286217,0.03212851285934448,0.007928642444312572,0.024121709167957306
YML049C,YGR158C,0,1.3261636,0.03200000151991844,0.007928642444312572,0.02422180026769638
YPR159W,YDR469W,0,1.3253989,0.03187251091003418,0.007928642444312572,0.024321889504790306
YEL039C,YOR151C,0,1.3249431,0.0317460335791111,0.007928642444312572,0.02442198060452938
YDR341C,YPL095C,0,1.3241553,0.03162055462598801,0.007928642444312572,0.024522069841623306
YBR037C,YPR137W,0,1.3238255,0.031496062874794006,0.007928642444312572,0.024622159078717232
YKL042W,YDR273W,0,1.3229284,0.0313725508749485,0.007928642444312572,0.024722250178456306
YIL017W,YLR175W,0,1.3228606,0.03125,0.007928642444312572,0.024822339415550232
YOR301W,YDR273W,0,1.3226976,0.031128404662013054,0.007928642444312572,0.024922430515289307
YDR325W,YOR019W,0,1.3219559,0.03100775182247162,0.007928642444312572,0.025022519752383232
YOR226C,YGR026W,0,1.3218217,0.0308880303055048,0.007928642444312572,0.025122610852122307
YDR248C,YOL127W,0,1.3195281,0.03076923079788685,0.007928642444312572,0.025222700089216232
YDL211C,YPR041W,0,1.3183756,0.030651340261101723,0.007928642444312572,0.025322791188955307
YOR098C,YFL056C,0,1.3181028,0.030534351244568825,0.007928642444312572,0.025422880426049232
YCR091W,YLR432W,0,1.3168374,0.03041825070977211,0.007928642444312572,0.025522971525788307
YDR516C,YHR014W,0,1.3159741,0.03030303120613098,0.007928642444312572,0.025623060762882233
YDR334W,YMR239C,1,1.3151857,0.03396226465702057,0.008919722400605679,0.025623060762882233
YGR142W,YDR399W,0,1.3145926,0.033834587782621384,0.008919722400605679,0.025723149999976158
YKL164C,YOL145C,0,1.3143771,0.033707864582538605,0.008919722400605679,0.025823241099715233
YGL039W,YFL057C,0,1.3138525,0.033582091331481934,0.008919722400605679,0.02592333033680916
YER110C,YMR319C,0,1.3138391,0.03345724940299988,0.008919722400605679,0.026023421436548233
YLR449W,YGL163C,1,1.3136584,0.03703703731298447,0.009910802356898785,0.026023421436548233
YJL166W,YER062C,0,1.3125714,0.036900367587804794,0.009910802356898785,0.02612351067364216
YML073C,YDR166C,0,1.3119291,0.036764707416296005,0.009910802356898785,0.026223601773381233
YOL040C,YKR096W,0,1.311845,0.03663003817200661,0.009910802356898785,0.02632369101047516
YMR143W,YJL046W,0,1.311102,0.036496348679065704,0.009910802356898785,0.026423782110214233
YBR261C,YDR273W,0,1.3103387,0.036363635212183,0.009910802356898785,0.02652387134730816
YGR264C,YER038C,0,1.3092333,0.036231882870197296,0.009910802356898785,0.026623962447047234
YOL139C,YKL026C,0,1.3087387,0.036101084202528,0.009910802356898785,0.02672405168414116
YHR179W,YIL142W,0,1.3082126,0.035971224308013916,0.009910802356898785,0.026824140921235085
YOR110W,YAL012W,0,1.3076346,0.03584229573607445,0.009910802356898785,0.02692423202097416
YML096W,YJL166W,0,1.3051333,0.0357142873108387,0.009910802356898785,0.027024321258068085
YEL036C,YIL095W,0,1.3045211,0.035587187856435776,0.009910802356898785,0.02712441235780716
YDR196C,YNL247W,0,1.3043108,0.03546099364757538,0.009910802356898785,0.027224501594901085
YBR231C,YDR245W,0,1.3032486,0.035335689783096313,0.009910802356898785,0.02732459269464016
YOR338W,YDR100W,0,1.3030021,0.035211268812417984,0.009910802356898785,0.027424681931734085
YLR103C,YDL140C,1,1.3027991,0.038596492260694504,0.010901883244514465,0.027424681931734085
YLR228C,YOL007C,0,1.3020236,0.03846153989434242,0.010901883244514465,0.02752477303147316
YBR289W,YPR060C,0,1.301505,0.038327526301145554,0.010901883244514465,0.027624862268567085
YER104W,YHR193C,0,1.3012838,0.0381944440305233,0.010901883244514465,0.02772495336830616
YDR064W,YOR066W,0,1.299285,0.03806228190660477,0.010901883244514465,0.027825042605400085
YNL001W,YDR273W,0,1.2987969,0.037931036204099655,0.010901883244514465,0.02792513184249401
YMR061W,YGR194C,0,1.2982211,0.03780068829655647,0.010901883244514465,0.028025222942233086
YER145C,YOR227W,0,1.2970123,0.03767123445868492,0.010901883244514465,0.02812531217932701
YLR224W,YNR040W,0,1.2951686,0.037542663514614105,0.010901883244514465,0.028225403279066086
YHL036W,YLR098C,0,1.2936862,0.03741496428847313,0.010901883244514465,0.02832549251616001
YPL172C,YBL078C,0,1.2925304,0.03728813678026199,0.010901883244514465,0.028425583615899086
YBR238C,YOR227W,0,1.2921253,0.037162162363529205,0.010901883244514465,0.02852567285299301
YPL098C,YOR349W,0,1.2921195,0.03703703731298447,0.010901883244514465,0.028625763952732086
YMR055C,YER002W,0,1.2919416,0.03691275045275688,0.010901883244514465,0.02872585318982601
YER185W,YLR154C,0,1.2905891,0.03678929805755615,0.010901883244514465,0.028825942426919937
YNR007C,YDR447C,0,1.2904179,0.036666665226221085,0.010901883244514465,0.028926033526659012
YIL008W,YMR090W,0,1.2904061,0.03654485195875168,0.010901883244514465,0.029026122763752937
YER120W,YPL051W,0,1.290038,0.03642383962869644,0.010901883244514465,0.029126213863492012
YPL075W,YBL078C,0,1.2895555,0.03630363196134567,0.010901883244514465,0.029226303100585938
YNL095C,YFR014C,0,1.2888962,0.03618421033024788,0.010901883244514465,0.029326394200325012
YDL146W,YDL081C,0,1.2873912,0.03606557473540306,0.010901883244514465,0.029426483437418938
YPL106C,YFL026W,0,1.2869773,0.03594771400094032,0.010901883244514465,0.029526574537158012
YPL234C,YHR171W,0,1.2857484,0.03583062067627907,0.010901883244514465,0.029626663774251938
YER025W,YKL165C,0,1.2851926,0.0357142873108387,0.010901883244514465,0.029726754873991013
YFR001W,YDR371W,0,1.2850658,0.03559870645403862,0.010901883244514465,0.029826844111084938
YAL028W,YAL026C,0,1.2850043,0.03548387065529823,0.010901883244514465,0.029926933348178864
YAL035W,YPL087W,0,1.2846805,0.03536977618932724,0.010901883244514465,0.030027024447917938
YIR005W,YGR077C,0,1.2844298,0.035256411880254745,0.010901883244514465,0.030127113685011864
YLR214W,YGL010W,0,1.2841582,0.03514377027750015,0.010901883244514465,0.03022720478475094
YHR009C,YJL153C,0,1.2838204,0.03503184765577316,0.010901883244514465,0.030327294021844864
YML004C,YDL208W,0,1.2834462,0.03492063656449318,0.010901883244514465,0.03042738512158394
YMR246W,YNL012W,0,1.2827057,0.03481012582778931,0.010901883244514465,0.030527474358677864
YLR209C,YMR262W,0,1.2824533,0.034700315445661545,0.010901883244514465,0.03062756545841694
YOL144W,YAR018C,0,1.280654,0.034591194242239,0.010901883244514465,0.030727654695510864
YDL216C,YOL084W,0,1.2787838,0.03448275849223137,0.010901883244514465,0.03082774579524994
YGR124W,YGL045W,0,1.2781562,0.03437500074505806,0.010901883244514465,0.030927835032343864
YNL202W,YDL093W,0,1.2776198,0.034267913550138474,0.010901883244514465,0.03102792426943779
YKL029C,YDR078C,0,1.2774134,0.034161489456892014,0.010901883244514465,0.031128015369176865
YOR192C,YMR203W,0,1.2768991,0.03405572846531868,0.010901883244514465,0.03122810460627079
YJL080C,YCL008C,0,1.2760675,0.03395061567425728,0.010901883244514465,0.031328193843364716
YGR162W,YOL135C,0,1.275041,0.03384615480899811,0.010901883244514465,0.03142828494310379
YDR115W,YGL139W,0,1.2748839,0.033742330968379974,0.010901883244514465,0.031528376042842865
YKR044W,YGL050W,0,1.2746028,0.03363914415240288,0.010901883244514465,0.03162846714258194
YDR516C,YDR430C,0,1.2730494,0.03353658691048622,0.010901883244514465,0.031728554517030716
YPL225W,YOR204W,0,1.2727776,0.03343465179204941,0.010901883244514465,0.03182864561676979
YDL033C,YHR179W,0,1.2727717,0.03333333507180214,0.010901883244514465,0.031928736716508865
YFL013C,YBR088C,1,1.272396,0.03625377640128136,0.011892963200807571,0.031928736716508865
YPL078C,YDL129W,0,1.2722449,0.03614457696676254,0.011892963200807571,0.03202882409095764
YEL044W,YLR239C,0,1.2719824,0.036036036908626556,0.011892963200807571,0.032128915190696716
YPR010C,YAL030W,0,1.2716281,0.0359281450510025,0.011892963200807571,0.03222900629043579
YGL150C,YML109W,1,1.271415,0.038805969059467316,0.012884043157100677,0.03222900629043579
YEL017C-A,YPR010C,0,1.2712877,0.0386904776096344,0.012884043157100677,0.032329097390174866
YJL183W,YML087C,0,1.2690598,0.0385756678879261,0.012884043157100677,0.03242918476462364
YKL182W,YDR412W,0,1.2686048,0.03846153989434242,0.012884043157100677,0.03252927586436272
YNL031C,YFL049W,1,1.2685468,0.04129793494939804,0.013875124044716358,0.03252927586436272
YGL098W,YER086W,0,1.2682135,0.04117647185921669,0.013875124044716358,0.03262936696410179
YOL132W,YIL113W,0,1.2676135,0.041055720299482346,0.013875124044716358,0.032729458063840866
YCR016W,YMR200W,0,1.2671785,0.04093567281961441,0.013875124044716358,0.03282954543828964
YKL217W,YPR110C,0,1.2669427,0.040816325694322586,0.013875124044716358,0.03292963653802872
YML133C,YNL233W,0,1.2664975,0.040697675198316574,0.013875124044716358,0.03302972763776779
YLR058C,YCR037C,0,1.2662185,0.04057971015572548,0.013875124044716358,0.03312981501221657
YML080W,YAL012W,0,1.2657839,0.040462426841259,0.013875124044716358,0.03322990611195564
YFR010W,YHR061C,0,1.2656301,0.040345821529626846,0.013875124044716358,0.03332999721169472
YKL179C,YOR251C,0,1.2655445,0.04022988677024841,0.013875124044716358,0.03343008831143379
YDL012C,YBR029C,0,1.2655157,0.04011461138725281,0.013875124044716358,0.03353017568588257
YDR158W,YKL100C,0,1.2652993,0.03999999910593033,0.013875124044716358,0.03363026678562164
YOR233W,YNR019W,0,1.2646616,0.03988603875041008,0.013875124044716358,0.03373035788536072
YNL063W,YDR178W,0,1.2644144,0.039772726595401764,0.013875124044716358,0.03383044898509979
YJL097W,YKL174C,0,1.264152,0.03966005519032478,0.013875124044716358,0.03393053635954857
YOL109W,YEL050C,0,1.2641108,0.03954802080988884,0.013875124044716358,0.03403062745928764
YNL243W,YDR083W,0,1.2637831,0.039436619728803635,0.013875124044716358,0.03413071855902672
YCL059C,YLR187W,0,1.2634414,0.03932584449648857,0.013875124044716358,0.034230805933475494
YDL075W,YLR246W,0,1.262965,0.03921568766236305,0.013875124044716358,0.03433089703321457
YGL194C,YKR096W,0,1.262703,0.03910614550113678,0.013875124044716358,0.034430988132953644
YGR080W,YEL017C-A,0,1.2622315,0.038997214287519455,0.013875124044716358,0.03453107923269272
YML080W,YOL053C-A,0,1.2619405,0.03888889029622078,0.013875124044716358,0.034631166607141495
YIL017W,YLL011W,0,1.2618945,0.03878116235136986,0.013875124044716358,0.03473125770688057
YKR053C,YHR167W,0,1.2616956,0.03867403417825699,0.013875124044716358,0.034831348806619644
YGL060W,YMR226C,0,1.2602489,0.038567494601011276,0.013875124044716358,0.03493143990635872
YOL007C,YDR054C,0,1.2600791,0.03846153989434242,0.013875124044716358,0.035031527280807495
YIL053W,YBR301W,0,1.2587271,0.03835616260766983,0.013875124044716358,0.03513161838054657
YBL041W,YER055C,0,1.258162,0.0382513664662838,0.013875124044716358,0.035231709480285645
YMR143W,YOR358W,0,1.2581211,0.03814714029431343,0.013875124044716358,0.03533179685473442
YCR107W,YOL127W,0,1.2579849,0.03804347664117813,0.013875124044716358,0.035431887954473495
YGR026W,YPR068C,0,1.2578129,0.0379403792321682,0.013875124044716358,0.03553197905421257
YBR023C,YNL135C,0,1.2578077,0.037837836891412735,0.013875124044716358,0.035632070153951645
YHR197W,YGL010W,0,1.257718,0.03773584961891174,0.013875124044716358,0.03573215752840042
YNL268W,YFR008W,0,1.2571748,0.037634409964084625,0.013875124044716358,0.035832248628139496
YHL036W,YLR044C,0,1.2571516,0.037533510476350784,0.013875124044716358,0.03593233972787857
YBL006C,YLR399C,1,1.2567548,0.04010695219039917,0.014866204001009464,0.03593233972787857
YBR183W,YMR273C,0,1.2561557,0.03999999910593033,0.014866204001009464,0.036032430827617645
YPR049C,YHL008C,0,1.2561305,0.03989361599087715,0.014866204001009464,0.03613251820206642
YHR165C,YBL093C,0,1.2561029,0.03978779911994934,0.014866204001009464,0.036232609301805496
YEL027W,YKL201C,0,1.2560061,0.0396825410425663,0.014866204001009464,0.03633270040154457
YFL021W,YLR068W,0,1.2558632,0.03957783803343773,0.014866204001009464,0.03643278777599335
YHR020W,YDR219C,0,1.2557095,0.03947368264198303,0.014866204001009464,0.03653287887573242
YPR178W,YDL081C,0,1.2553024,0.03937007859349251,0.014866204001009464,0.0366329699754715
YLR010C,YBR149W,0,1.2545735,0.03926701471209526,0.014866204001009464,0.03673306107521057
YMR146C,YKL165C,0,1.254391,0.03916449099779129,0.014866204001009464,0.03683314844965935
YHR140W,YNL172W,0,1.253364,0.0390625,0.014866204001009464,0.03693323954939842
YPL087W,YER173W,0,1.2532082,0.03896103799343109,0.014866204001009464,0.0370333306491375
YMR153W,YDR453C,0,1.2529933,0.038860104978084564,0.014866204001009464,0.03713342174887657
YML027W,YGR156W,0,1.2528777,0.03875968977808952,0.014866204001009464,0.03723350912332535
YGL259W,YNL070W,0,1.2524031,0.03865979239344597,0.014866204001009464,0.03733360022306442
YER056C,YNL081C,0,1.2519279,0.0385604128241539,0.014866204001009464,0.0374336913228035
YJR147W,YDR131C,0,1.2512807,0.03846153989434242,0.014866204001009464,0.037533778697252274
YDR155C,YPR068C,1,1.2511977,0.040920715779066086,0.015857284888625145,0.037533778697252274
YGL096W,YHR142W,0,1.2511642,0.040816325694322586,0.015857284888625145,0.03763386979699135
YBL075C,YBR156C,0,1.2510432,0.040712468326091766,0.015857284888625145,0.03773396089673042
YAL031C,YCL036W,0,1.2498587,0.04060913622379303,0.015857284888625145,0.0378340519964695
YCR045C,YDR447C,0,1.2497411,0.040506329387426376,0.015857284888625145,0.037934139370918274
YPR046W,YNL287W,0,1.2495234,0.04040404036641121,0.015857284888625145,0.03803423047065735
YLR265C,YOR027W,0,1.2487432,0.04030226543545723,0.015857284888625145,0.03813432157039642
YJR120W,YJL167W,0,1.2485944,0.04020100459456444,0.015857284888625145,0.0382344126701355
YPL027W,YDL061C,0,1.2482206,0.04010025039315224,0.015857284888625145,0.038334500044584274
YNL145W,YIL033C,0,1.2482065,0.03999999910593033,0.015857284888625145,0.03843459114432335
YER113C,YIL111W,0,1.2475513,0.03990025073289871,0.015857284888625145,0.038534682244062424
YNL311C,YGL104C,0,1.2474929,0.03980099409818649,0.015857284888625145,0.0386347696185112
YOR310C,YLR259C,0,1.2473356,0.03970223292708397,0.015857284888625145,0.038734860718250275
YDR479C,YJR133W,0,1.246529,0.039603959769010544,0.015857284888625145,0.03883495181798935
YOR262W,YJL143W,0,1.2463673,0.03950617462396622,0.015857284888625145,0.038935042917728424
YOR009W,YBR279W,0,1.2454945,0.03940886631608009,0.015857284888625145,0.0390351302921772
YNL080C,YPR143W,0,1.2454226,0.03931203857064247,0.015857284888625145,0.039135221391916275
YIR012W,YOR063W,0,1.2449352,0.03921568766236305,0.015857284888625145,0.03923531249165535
YDR403W,YMR312W,0,1.2449203,0.03911980614066124,0.015857284888625145,0.039335403591394424
YBR158W,YNL281W,0,1.2445697,0.039024390280246735,0.015857284888625145,0.0394354909658432
YLR344W,YPL027W,0,1.2444745,0.03892944008111954,0.015857284888625145,0.039535582065582275
YHR119W,YLR160C,0,1.2424235,0.03883495181798935,0.015857284888625145,0.03963567316532135
YEL070W,YML094W,0,1.2417524,0.03874092176556587,0.015857284888625145,0.039735760539770126
YBR054W,YOR060C,0,1.2417251,0.03864734247326851,0.015857284888625145,0.0398358516395092
YDL012C,YDL101C,0,1.2415955,0.03855421766638756,0.015857284888625145,0.039935942739248276
YBL030C,YIL113W,0,1.2415128,0.03846153989434242,0.015857284888625145,0.04003603383898735
YMR048W,YDL136W,0,1.2412665,0.038369305431842804,0.015857284888625145,0.04013612121343613
YFL039C,YOL012C,0,1.2407231,0.038277510553598404,0.015857284888625145,0.0402362123131752
YNR018W,YBR168W,0,1.2403982,0.03818615898489952,0.015857284888625145,0.040336303412914276
YOR049C,YFL041W,0,1.2403708,0.03809523954987526,0.015857284888625145,0.04043639451265335
YBR069C,YGR070W,0,1.2389092,0.03800475224852562,0.015857284888625145,0.04053648188710213
YMR004W,YLL035W,0,1.23875,0.0379146933555603,0.015857284888625145,0.0406365729868412
YPL274W,YKR050W,0,1.2385902,0.03782505914568901,0.015857284888625145,0.040736664086580276
YDR300C,YGR142W,0,1.2382436,0.03773584961891174,0.015857284888625145,0.04083675146102905
YJR147W,YBR012W-B,0,1.238194,0.0376470573246479,0.015857284888625145,0.04093684256076813
YLR426W,YJR097W,0,1.2381613,0.03755868598818779,0.015857284888625145,0.0410369336605072
YGL211W,YDL146W,0,1.2378939,0.03747072443366051,0.015857284888625145,0.04113702476024628
YOR147W,YGR054W,0,1.2376572,0.037383176386356354,0.015857284888625145,0.04123711213469505
YJL115W,YGL150C,1,1.2361928,0.039627037942409515,0.01684836484491825,0.04123711213469505
YDR213W,YMR223W,0,1.2360846,0.03953488543629646,0.01684836484491825,0.04133720323443413
YER164W,YLR467W,0,1.2360651,0.03944315388798714,0.01684836484491825,0.0414372943341732
YKL006W,YDR060W,0,1.2360516,0.039351850748062134,0.01684836484491825,0.04153738543391228
YAR033W,YGL071W,0,1.2360501,0.03926096856594086,0.01684836484491825,0.04163747280836105
YKL155C,YJR029W,0,1.2354584,0.039170507341623306,0.01684836484491825,0.04173756390810013
YBL091C-A,YER036C,0,1.2351499,0.039080459624528885,0.01684836484491825,0.0418376550078392
YLR014C,YNL281W,0,1.2343626,0.03899082541465759,0.01684836484491825,0.04193774238228798
YOR177C,YDR226W,0,1.2342993,0.03890160098671913,0.01684836484491825,0.042037833482027054
YML058W-A,YPR008W,0,1.2342871,0.0388127863407135,0.01684836484491825,0.04213792458176613
YBR202W,YFR016C,0,1.2342488,0.038724374026060104,0.01684836484491825,0.0422380156815052
YPR102C,YBL074C,0,1.2337878,0.03863636404275894,0.01684836484491825,0.04233810305595398
YOL052C-A,YEL064C,0,1.2332171,0.038548752665519714,0.01684836484491825,0.042438194155693054
YDR195W,YEL065W,0,1.2327237,0.03846153989434242,0.01684836484491825,0.04253828525543213
YJR147W,YER147C,0,1.232666,0.03837471827864647,0.01684836484491825,0.042638376355171204
YGR029W,YIL106W,0,1.2325006,0.038288287818431854,0.01684836484491825,0.04273846372961998
YPL092W,YGR116W,0,1.2322419,0.03820224851369858,0.01684836484491825,0.042838554829359055
YDR404C,YBL039C,0,1.2318072,0.03811659291386604,0.01684836484491825,0.04293864592909813
YPR010C,YKL013C,0,1.2313753,0.03803132101893425,0.01684836484491825,0.043038733303546906
YOL140W,YGL006W,0,1.2313294,0.0379464291036129,0.01684836484491825,0.04313882440328598
YML047C,YGL093W,0,1.2312366,0.03786191716790199,0.01684836484491825,0.043238915503025055
YFL014W,YEL048C,0,1.2311823,0.03777777776122093,0.01684836484491825,0.04333900660276413
YMR143W,YDL054C,0,1.2308133,0.037694014608860016,0.01684836484491825,0.043439093977212906
YGL169W,YJL153C,0,1.2296903,0.03761062026023865,0.01684836484491825,0.04353918507695198
YER014W,YPL252C,0,1.2295889,0.03752759471535683,0.01684836484491825,0.043639276176691055
YLR403W,YLR185W,0,1.2288606,0.037444934248924255,0.01684836484491825,0.04373936727643013
YMR190C,YMR127C,1,1.2279189,0.03956044092774391,0.017839444801211357,0.04373936727643013
YHR099W,YJR073C,0,1.227531,0.03947368264198303,0.017839444801211357,0.043839454650878906
YDL087C,YML082W,0,1.227444,0.039387308061122894,0.017839444801211357,0.04393954575061798
YNL010W,YNR037C,0,1.2267255,0.0393013097345829,0.017839444801211357,0.044039636850357056
YLR134W,YDL111C,0,1.2264653,0.03921568766236305,0.017839444801211357,0.04413972422480583
YDR212W,YHR179W,0,1.2263875,0.03913043439388275,0.017839444801211357,0.04423981532454491
YCL035C,YLL053C,0,1.2258629,0.0390455536544323,0.017839444801211357,0.04433990642428398
YKL155C,YGL157W,0,1.2256933,0.03896103799343109,0.017839444801211357,0.044439997524023056
YHR099W,YJL144W,0,1.2254688,0.038876891136169434,0.017839444801211357,0.04454008489847183
YPL093W,YKL069W,0,1.2246809,0.03879310190677643,0.017839444801211357,0.04464017599821091
YGR162W,YDR082W,0,1.2245624,0.03870967775583267,0.017839444801211357,0.04474026709794998
YDL223C,YDR325W,0,1.224486,0.03862661123275757,0.017839444801211357,0.04484035447239876
YJL190C,YJR160C,0,1.2242591,0.03854389861226082,0.017839444801211357,0.04494044557213783
YDR003W,YPR196W,0,1.2241063,0.03846153989434242,0.017839444801211357,0.04504053667187691
YCL044C,YBL079W,0,1.2240897,0.03837953135371208,0.017839444801211357,0.04514062777161598
YJL053W,YNL151C,0,1.224084,0.0382978729903698,0.017839444801211357,0.04524071514606476
YGR235C,YNL117W,0,1.2234573,0.03821656107902527,0.017839444801211357,0.04534080624580383
YLR175W,YKL156W,0,1.2233897,0.0381355918943882,0.017839444801211357,0.04544089734554291
YOR209C,YHL025W,1,1.223121,0.040169134736061096,0.018830524757504463,0.04544089734554291
YLR449W,YGL194C,1,1.223036,0.04219409450888634,0.01982160471379757,0.04544089734554291
YPL110C,YDR343C,0,1.2226378,0.04210526496171951,0.01982160471379757,0.04554098844528198
YER014W,YLL041C,0,1.2224108,0.042016807943582535,0.01982160471379757,0.04564107581973076
YCL044C,YHR172W,0,1.2222825,0.041928719729185104,0.01982160471379757,0.04574116691946983
YIL064W,YNL293W,0,1.2218364,0.04184100404381752,0.01982160471379757,0.04584125801920891
YLR356W,YMR269W,0,1.221739,0.041753653436899185,0.01982160471379757,0.045941345393657684
YCR075C,YLL022C,0,1.2215599,0.0416666679084301,0.01982160471379757,0.04604143649339676
YPL273W,YBR030W,0,1.2204361,0.041580040007829666,0.01982160471379757,0.046141527593135834
YKL043W,YPR167C,0,1.2202991,0.04149377718567848,0.01982160471379757,0.04624161869287491
YNL250W,YPR128C,0,1.2202852,0.04140786826610565,0.01982160471379757,0.046341706067323685
YLR079W,YDL129W,0,1.2202643,0.041322313249111176,0.01982160471379757,0.04644179716706276
YNL244C,YKR096W,0,1.220178,0.04123711213469505,0.01982160471379757,0.046541888266801834
YCL043C,YEL021W,0,1.2201079,0.041152264922857285,0.01982160471379757,0.04664197936654091
YNL016W,YDR534C,0,1.2198095,0.041067760437726974,0.01982160471379757,0.046742066740989685
YNL029C,YER062C,0,1.2197423,0.04098360612988472,0.01982160471379757,0.04684215784072876
YDR056C,YLR214W,0,1.2196066,0.040899794548749924,0.01982160471379757,0.046942248940467834
YPL196W,YDR081C,0,1.2193953,0.040816325694322586,0.01982160471379757,0.04704233631491661
YNR070W,YCL050C,0,1.2188243,0.04073319584131241,0.01982160471379757,0.047142427414655685
YGR075C,YLR442C,0,1.2187108,0.04065040498971939,0.01982160471379757,0.04724251851439476
YEL021W,YLR194C,0,1.2186829,0.04056795313954353,0.01982160471379757,0.047342609614133835
YJR092W,YOR288C,0,1.218646,0.04048582911491394,0.01982160471379757,0.04744269698858261
YNL176C,YMR207C,0,1.2185987,0.04040404036641121,0.01982160471379757,0.047542788088321686
YER027C,YOR043W,0,1.2183526,0.04032257944345474,0.01982160471379757,0.04764287918806076
YJR005W,YJL208C,0,1.2182596,0.04024145007133484,0.01982160471379757,0.047742970287799835
YIL120W,YGR088W,0,1.218044,0.0401606410741806,0.01982160471379757,0.04784305766224861
YML043C,YER088C,0,1.2180433,0.04008015990257263,0.01982160471379757,0.047943148761987686
YLR050C,YIL148W,0,1.2179523,0.03999999910593033,0.01982160471379757,0.04804323986172676
YBL090W,YLR224W,0,1.2176375,0.03992015868425369,0.01982160471379757,0.04814332723617554
YKL168C,YER031C,0,1.2174989,0.039840638637542725,0.01982160471379757,0.04824341833591461
YER070W,YAL062W,0,1.2172017,0.03976143151521683,0.01982160471379757,0.048343509435653687
YMR223W,YBL002W,1,1.2167504,0.0416666679084301,0.020812686532735825,0.048343509435653687
YNL242W,YDL166C,0,1.2167113,0.041584160178899765,0.020812686532735825,0.04844360053539276
YGR275W,YOL017W,1,1.2161887,0.043478261679410934,0.02180376648902893,0.04844360053539276
YBR222C,YFR032C-A,0,1.2155969,0.04339250549674034,0.02180376648902893,0.04854368790984154
YNR015W,YLR373C,0,1.215583,0.04330708831548691,0.02180376648902893,0.04864377900958061
YOL056W,YNL045W,0,1.2153524,0.04322200268507004,0.02180376648902893,0.04874387010931969
YOL158C,YFL048C,0,1.2146225,0.04313725605607033,0.02180376648902893,0.04884396120905876
YNL092W,YER007C-A,0,1.2145145,0.04305283725261688,0.02180376648902893,0.04894404858350754
YPL147W,YOR340C,0,1.2143481,0.04296875,0.02180376648902893,0.04904413968324661
YPR161C,YMR046C,0,1.2141678,0.04288499057292938,0.02180376648902893,0.04914423078298569
YKR090W,YDR126W,0,1.2140673,0.04280155524611473,0.02180376648902893,0.049244318157434464
YJR009C,YPL096W,0,1.2133347,0.042718447744846344,0.02180376648902893,0.04934440925717354
YLR092W,YNL339C,0,1.2131534,0.042635660618543625,0.02180376648902893,0.04944450035691261
YBR092C,YJR089W,0,1.2126849,0.042553190141916275,0.02180376648902893,0.04954459145665169
YGR205W,YCR047C,0,1.2125552,0.04247104376554489,0.02180376648902893,0.049644678831100464
YDR415C,YPL234C,0,1.2124245,0.04238921031355858,0.02180376648902893,0.04974476993083954
YGR085C,YBR119W,0,1.2120413,0.042307693511247635,0.02180376648902893,0.04984486103057861
YGR085C,YLR414C,0,1.2116235,0.042226485908031464,0.02180376648902893,0.04994495213031769
YKR097W,YNL306W,0,1.2111093,0.04214559495449066,0.02180376648902893,0.050045039504766464
YIR032C,YOR014W,0,1.2108735,0.042065009474754333,0.02180376648902893,0.05014513060450554
YJR147W,YOR262W,0,1.2103503,0.04198473319411278,0.02180376648902893,0.050245221704244614
YHR214C-B,YPR005C,0,1.2100543,0.041904762387275696,0.02180376648902893,0.05034530907869339
YGR076C,YCR020C,0,1.209761,0.04182509332895279,0.02180376648902893,0.050445400178432465
YNL227C,YHL025W,0,1.2095256,0.04174572974443436,0.02180376648902893,0.05054549127817154
YPL048W,YJL125C,0,1.2094926,0.0416666679084301,0.02180376648902893,0.050645582377910614
YJL213W,YDR361C,0,1.2092695,0.04158790037035942,0.02180376648902893,0.05074566975235939
YJL005W,YLR142W,0,1.2092109,0.04150943458080292,0.02180376648902893,0.050845760852098465
YMR227C,YNL031C,1,1.2089152,0.04331450164318085,0.022794846445322037,0.050845760852098465
YOR011W,YEL048C,0,1.2084309,0.043233081698417664,0.022794846445322037,0.05094585195183754
YOR117W,YKR069W,0,1.2080683,0.04315197095274925,0.022794846445322037,0.051045943051576614
YBL069W,YDL184C,0,1.2078024,0.043071161955595016,0.022794846445322037,0.05114603042602539
YBL080C,YOL010W,0,1.2077242,0.042990654706954956,0.022794846445322037,0.051246121525764465
YDR326C,YMR078C,0,1.2072926,0.04291044920682907,0.022794846445322037,0.05134621262550354
YJL198W,YGL185C,0,1.2064056,0.04283054172992706,0.022794846445322037,0.051446299999952316
YIL159W,YOL057W,0,1.2060654,0.04275092855095863,0.022794846445322037,0.05154639109969139
YOR285W,YPL085W,0,1.2057154,0.04267161339521408,0.022794846445322037,0.051646482199430466
YJR109C,YIL046W,0,1.2055589,0.04259259253740311,0.022794846445322037,0.05174657329916954
YOL108C,YER070W,0,1.2054812,0.04251386225223541,0.022794846445322037,0.05184666067361832
YDR234W,YPR114W,0,1.2049552,0.042435422539711,0.022794846445322037,0.05194675177335739
YNL262W,YDR173C,0,1.2048807,0.042357273399829865,0.022794846445322037,0.052046842873096466
YJL101C,YAL039C,0,1.2048469,0.04227941110730171,0.022794846445322037,0.05214693397283554
YLR008C,YPL089C,0,1.2047007,0.04220183566212654,0.022794846445322037,0.05224702134728432
YML127W,YMR184W,0,1.2042105,0.04212454333901405,0.022794846445322037,0.05234711244702339
YLL001W,YOR145C,0,1.2040374,0.04204753041267395,0.022794846445322037,0.052447203546762466
YCL068C,YKL043W,0,1.2027947,0.04197080433368683,0.022794846445322037,0.05254729092121124
YOR304C-A,YBR287W,0,1.202473,0.04189435392618179,0.022794846445322037,0.05264738202095032
YNL135C,YGL194C,1,1.2024292,0.04363636299967766,0.023785926401615143,0.05264738202095032
YAL060W,YPL233W,0,1.2017382,0.043557167053222656,0.023785926401615143,0.05274747312068939
YPL120W,YAR010C,0,1.2016917,0.043478261679410934,0.023785926401615143,0.05284756422042847
YJR092W,YDR400W,0,1.2015765,0.043399639427661896,0.023785926401615143,0.05294765159487724
YKL117W,YBR271W,0,1.2015235,0.04332130029797554,0.023785926401615143,0.05304774269461632
YHL050C,YPL138C,0,1.2014142,0.04324324429035187,0.023785926401615143,0.05314783379435539
YHR099W,YNL001W,0,1.2013721,0.04316546767950058,0.023785926401615143,0.05324792489409447
YBL041W,YIL134W,0,1.2013203,0.04308797046542168,0.023785926401615143,0.05334801226854324
YLR321C,YHL025W,1,1.2012365,0.044802866876125336,0.02477700635790825,0.05334801226854324
YLR157C,YDR380W,0,1.2007906,0.044722720980644226,0.02477700635790825,0.05344810336828232
YAR027W,YKL166C,0,1.2004222,0.0446428582072258,0.02477700635790825,0.05354819446802139
YDR196C,YIL118W,0,1.2003601,0.044563278555870056,0.02477700635790825,0.05364828184247017
YER179W,YOR301W,0,1.2003304,0.044483985751867294,0.02477700635790825,0.053748372942209244
YLR459W,YJL102W,0,1.1999981,0.04440497234463692,0.02477700635790825,0.05384846404194832
YBL057C,YML056C,0,1.199718,0.04432624205946922,0.02477700635790825,0.05394855514168739
YDR179C,YKL085W,0,1.1996725,0.044247787445783615,0.02477700635790825,0.05404864251613617
YMR077C,YOR182C,0,1.1995493,0.04416961222887039,0.02477700635790825,0.054148733615875244
YBL087C,YJR035W,0,1.1993301,0.044091708958148956,0.02477700635790825,0.05424882471561432
YDR087C,YER008C,0,1.1993026,0.044014085084199905,0.02477700635790825,0.054348915815353394
YBR223C,YGR279C,0,1.1985608,0.043936729431152344,0.02477700635790825,0.05444900318980217
YAL063C,YKL032C,0,1.1984853,0.04385964944958687,0.02477700635790825,0.054549094289541245
YDL139C,YEL052W,0,1.1979917,0.04378283768892288,0.02477700635790825,0.05464918538928032
YMR173W,YDL143W,0,1.1976504,0.043706294149160385,0.02477700635790825,0.054749272763729095
YNL078W,YLR068W,0,1.197517,0.04363001883029938,0.02477700635790825,0.05484936386346817
YKL043W,YGR081C,0,1.196518,0.04355400800704956,0.02477700635790825,0.054949454963207245
YJR149W,YHR051W,0,1.1965158,0.043478261679410934,0.02477700635790825,0.05504954606294632
YPR174C,YLR328W,0,1.1964153,0.0434027761220932,0.02477700635790825,0.055149633437395096
YOR347C,YDR341C,0,1.1963451,0.04332755506038666,0.02477700635790825,0.05524972453713417
YPL221W,YOR353C,0,1.1962895,0.04325259476900101,0.02477700635790825,0.055349815636873245
YLR050C,YER131W,0,1.1957575,0.04317789152264595,0.02477700635790825,0.05544990673661232
YHL011C,YDL114W,0,1.1957198,0.043103449046611786,0.02477700635790825,0.055549994111061096
YGL209W,YGR239C,0,1.1951241,0.04302925989031792,0.02477700635790825,0.05565008521080017
YDR381W,YLR044C,0,1.1950513,0.04295532777905464,0.02477700635790825,0.055750176310539246
YAL048C,YGR088W,0,1.1949997,0.042881645262241364,0.02477700635790825,0.05585026368498802
YJL225C,YHR146W,0,1.1946844,0.04280821979045868,0.02477700635790825,0.0559503547847271
YLR386W,YGR082W,0,1.1946365,0.04273504391312599,0.02477700635790825,0.05605044588446617
YER082C,YFL029C,0,1.1943542,0.0426621176302433,0.02477700635790825,0.056150536984205246
YJL134W,YFR045W,0,1.194232,0.04258943721652031,0.02477700635790825,0.05625062435865402
YER087W,YGR058W,0,1.1939316,0.042517006397247314,0.02477700635790825,0.0563507154583931
YDR004W,YDL160C,0,1.1937361,0.04244482144713402,0.02477700635790825,0.05645080655813217
YDR376W,YJR094W-A,0,1.1936935,0.04237288236618042,0.02477700635790825,0.056550897657871246
YBR066C,YER131W,0,1.1934254,0.04230118542909622,0.02477700635790825,0.05665098503232002
YJL046W,YGR007W,0,1.1934122,0.042229730635881424,0.02477700635790825,0.0567510761320591
YLR258W,YMR099C,0,1.1932924,0.04215851426124573,0.02477700635790825,0.05685116723179817
YML030W,YNR071C,0,1.1931232,0.04208754375576973,0.02477700635790825,0.05695125460624695
YDR485C,YBL003C,1,1.1930032,0.043697480112314224,0.025768086314201355,0.05695125460624695
YMR193W,YDR189W,0,1.1928674,0.043624162673950195,0.025768086314201355,0.05705134570598602
YDL197C,YGR200C,0,1.1927613,0.043551087379455566,0.025768086314201355,0.0571514368057251
YDL055C,YPL111W,0,1.1927506,0.043478261679410934,0.025768086314201355,0.05725152790546417
YNR061C,YER029C,0,1.1924614,0.043405674397945404,0.025768086314201355,0.05735161527991295
YPR175W,YGL150C,1,1.1923702,0.04500000178813934,0.02675916813313961,0.05735161527991295
YBR185C,YKL172W,0,1.1923579,0.04492512345314026,0.02675916813313961,0.05745170637965202
YPL225W,YPL183W-A,0,1.192227,0.04485049843788147,0.02675916813313961,0.0575517974793911
YOR348C,YEL052W,0,1.192075,0.04477611929178238,0.02675916813313961,0.057651884853839874
YEL050C,YPL271W,0,1.191884,0.04470198601484299,0.02675916813313961,0.05775197595357895
YNL242W,YOR311C,0,1.1914253,0.04462809860706329,0.02675916813313961,0.057852067053318024
YNL261W,YIL131C,1,1.1910634,0.046204619109630585,0.027750248089432716,0.057852067053318024
YLR429W,YIL019W,0,1.1908833,0.04612850025296211,0.027750248089432716,0.0579521581530571
YMR115W,YNL291C,0,1.190876,0.04605263099074364,0.027750248089432716,0.058052245527505875
YLR197W,YGL067W,0,1.1905556,0.04597701132297516,0.027750248089432716,0.05815233662724495
YHR167W,YLR073C,0,1.190376,0.04590163752436638,0.027750248089432716,0.058252427726984024
YDL136W,YOR267C,0,1.1903594,0.045826513320207596,0.027750248089432716,0.0583525188267231
YHR138C,YJR140C,0,1.1902496,0.04575163498520851,0.027750248089432716,0.058452606201171875
YGL191W,YPR007C,0,1.1901822,0.04567699879407883,0.027750248089432716,0.05855269730091095
YIL098C,YBR101C,0,1.1900809,0.04560260474681854,0.027750248089432716,0.058652788400650024
YGL016W,YPL189W,0,1.1899302,0.04552845656871796,0.027750248089432716,0.0587528757750988
YER015W,YMR090W,0,1.1897024,0.04545454680919647,0.027750248089432716,0.058852966874837875
YMR205C,YMR159C,0,1.1895844,0.04538087546825409,0.027750248089432716,0.05895305797457695
YLR357W,YGR032W,0,1.1894077,0.04530744254589081,0.027750248089432716,0.059053149074316025
YKL164C,YMR115W,0,1.189202,0.04523424804210663,0.027750248089432716,0.0591532364487648
YNL086W,YJR140C,0,1.1891475,0.04516129195690155,0.027750248089432716,0.059253327548503876
YER061C,YDR116C,0,1.1887325,0.04508856683969498,0.027750248089432716,0.05935341864824295
YNL086W,YBR061C,0,1.1886581,0.045016076415777206,0.027750248089432716,0.059453509747982025
YDL164C,YOR306C,0,1.1886055,0.04494382068514824,0.027750248089432716,0.0595535971224308
YMR308C,YDR386W,0,1.1885595,0.044871795922517776,0.027750248089432716,0.059653688222169876
YOR347C,YBL076C,0,1.1885507,0.04479999840259552,0.027750248089432716,0.05975377932190895
YHR005C,YMR043W,0,1.1883395,0.04472843557596207,0.027750248089432716,0.05985386669635773
YFL045C,YMR230W,0,1.1882522,0.04465709626674652,0.027750248089432716,0.0599539577960968
YAL019W,YKL007W,0,1.1880167,0.04458598792552948,0.027750248089432716,0.060054048895835876
YML040W,YOR346W,0,1.1878301,0.04451510310173035,0.027750248089432716,0.06015413999557495
YGR083C,YMR315W,0,1.1877869,0.04444444552063942,0.027750248089432716,0.06025422737002373
YMR087W,YKL078W,0,1.1877408,0.0443740077316761,0.027750248089432716,0.0603543184697628
YJR063W,YIL140W,0,1.1875952,0.04430379718542099,0.027750248089432716,0.06045440956950188
YOL139C,YKL217W,0,1.1874857,0.04423380643129349,0.027750248089432716,0.06055450066924095
YDR012W,YPR034W,0,1.1874189,0.04416403919458389,0.027750248089432716,0.06065458804368973
YBL055C,YLR206W,0,1.187211,0.04409448802471161,0.027750248089432716,0.0607546791434288
YKL043W,YER049W,0,1.1871186,0.044025156646966934,0.027750248089432716,0.06085477024316788
YDR009W,YPL271W,0,1.1869408,0.04395604506134987,0.027750248089432716,0.06095485761761665
YBR283C,YIL147C,0,1.1867384,0.043887145817279816,0.027750248089432716,0.06105494871735573
YOR317W,YLR194C,0,1.1867249,0.04381846636533737,0.027750248089432716,0.0611550398170948
YBR195C,YDL022W,0,1.186627,0.04374999925494194,0.027750248089432716,0.06125513091683388
YOR338W,YPR169W,0,1.1866012,0.04368174821138382,0.027750248089432716,0.061355218291282654
YPL068C,YOR332W,0,1.1865107,0.04361370578408241,0.027750248089432716,0.06145530939102173
YDR238C,YOL111C,0,1.186297,0.04354587942361832,0.027750248089432716,0.0615554004907608
YBR268W,YIL083C,0,1.1860638,0.043478261679410934,0.027750248089432716,0.06165549159049988
YLR382C,YOR081C,0,1.1856298,0.043410852551460266,0.027750248089432716,0.061755578964948654
YFL041W,YOR158W,0,1.1856004,0.04334365203976631,0.027750248089432716,0.06185567006468773
YDR196C,YDR101C,0,1.1855274,0.04327666014432907,0.027750248089432716,0.061955761164426804
YOR182C,YHR150W,0,1.185349,0.043209876865148544,0.027750248089432716,0.06205584853887558
YPR057W,YAL062W,0,1.1852199,0.04314329847693443,0.027750248089432716,0.062155939638614655
YOR359W,YJR078W,0,1.1851583,0.04307692125439644,0.027750248089432716,0.06225603073835373
YOR189W,YMR243C,0,1.1846956,0.04301075264811516,0.027750248089432716,0.062356121838092804
YLR234W,YNR074C,0,1.1840454,0.042944785207509995,0.027750248089432716,0.06245620921254158
YCL043C,YJR048W,0,1.1840386,0.04287901893258095,0.027750248089432716,0.06255630403757095
YFR006W,YGL119W,0,1.18402,0.04281345382332802,0.027750248089432716,0.06265638768672943
YHR089C,YAL034W-A,0,1.1839466,0.042748089879751205,0.027750248089432716,0.0627564787864685
YHR154W,YER062C,0,1.1837696,0.04268292710185051,0.027750248089432716,0.06285656988620758
YJL056C,YNL325C,0,1.1837317,0.04261796176433563,0.027750248089432716,0.06295666098594666
YDR231C,YJL090C,0,1.1836545,0.042553190141916275,0.027750248089432716,0.06305675208568573
YBR162C,YNL086W,0,1.183493,0.042488619685173035,0.027750248089432716,0.0631568431854248
YBR291C,YOR157C,0,1.1834822,0.042424242943525314,0.027750248089432716,0.06325693428516388
YMR227C,YPR052C,1,1.1834142,0.04387291893362999,0.028741328045725822,0.06325693428516388
YFR016C,YBL051C,0,1.1833669,0.04380664601922035,0.028741328045725822,0.06335701793432236
YNL236W,YBR042C,0,1.1833652,0.04374057427048683,0.028741328045725822,0.06345710903406143
YKL155C,YLR370C,0,1.1833321,0.04367469996213913,0.028741328045725822,0.0635572001338005
YIL113W,YMR150C,0,1.1831831,0.043609023094177246,0.028741328045725822,0.06365729123353958
YGR104C,YAL017W,0,1.1830487,0.04354354366660118,0.028741328045725822,0.06375738233327866
YLR033W,YLR442C,1,1.1830486,0.04497751221060753,0.02973240800201893,0.06375738233327866
YOR359W,YBR271W,0,1.1829486,0.04491018131375313,0.02973240800201893,0.06385747343301773
YPR102C,YBL054W,0,1.182545,0.044843047857284546,0.02973240800201893,0.0639575645327568
YDL012C,YOL064C,0,1.1821419,0.04477611929178238,0.02973240800201893,0.06405764818191528
YDR039C,YPL141C,0,1.1816106,0.04470938816666603,0.02973240800201893,0.06415773928165436
YPL042C,YBR247C,0,1.1815556,0.0446428582072258,0.02973240800201893,0.06425783038139343
YHL035C,YJL012C,0,1.1814284,0.04457652196288109,0.02973240800201893,0.06435792148113251
YDR270W,YLR194C,0,1.1812255,0.044510386884212494,0.02973240800201893,0.06445801258087158
YAL028W,YHL050C,0,1.1811818,0.04444444552063942,0.02973240800201893,0.06455810368061066
YOR084W,YDR517W,0,1.1810778,0.044378697872161865,0.02973240800201893,0.06465819478034973
YBR095C,YBL058W,0,1.1810093,0.04431314766407013,0.02973240800201893,0.0647582858800888
YLR288C,YGL030W,0,1.1808394,0.044247787445783615,0.02973240800201893,0.06485836952924728
YGR063C,YGR221C,1,1.1805671,0.045655377209186554,0.030723487958312035,0.06485836952924728
YER117W,YER051W,0,1.1805285,0.045588236302137375,0.030723487958312035,0.06495846062898636
YJL148W,YHR046C,0,1.1804049,0.045521292835474014,0.030723487958312035,0.06505855172872543
YKR053C,YDR533C,0,1.1802016,0.04545454680919647,0.030723487958312035,0.06515864282846451
YGL209W,YBR096W,0,1.1798873,0.04538799449801445,0.030723487958312035,0.06525873392820358
YNL156C,YEL048C,0,1.1796976,0.04532163590192795,0.030723487958312035,0.06535882502794266
YLR435W,YJL174W,0,1.1793891,0.045255474746227264,0.030723487958312035,0.06545891612768173
YCR012W,YGR142W,0,1.1791722,0.0451895035803318,0.030723487958312035,0.06555899977684021
YDR430C,YJR155W,0,1.179121,0.04512372612953186,0.030723487958312035,0.06565909087657928
YDL074C,YLR011W,0,1.1789479,0.04505813866853714,0.030723487958312035,0.06575918197631836
YER055C,YHR143W,0,1.1788505,0.04499274492263794,0.030723487958312035,0.06585927307605743
YPL131W,YIL090W,0,1.1788473,0.04492753744125366,0.030723487958312035,0.06595936417579651
YPR016C,YJR013W,0,1.1787626,0.044862519949674606,0.030723487958312035,0.06605945527553558
YCL067C,YGL031C,0,1.1785899,0.044797688722610474,0.030723487958312035,0.06615954637527466
YLR323C,YNR043W,0,1.1783341,0.044733043760061264,0.030723487958312035,0.06625963002443314
YOR391C,YJL174W,0,1.1781455,0.044668588787317276,0.030723487958312035,0.06635972112417221
YLR142W,YMR152W,0,1.1781383,0.04460431635379791,0.030723487958312035,0.06645981222391129
YML113W,YBL074C,0,1.1779512,0.04454023018479347,0.030723487958312035,0.06655990332365036
YIR005W,YMR046C,0,1.1779478,0.04447632655501366,0.030723487958312035,0.06665999442338943
YMR247C,YDL033C,0,1.1779456,0.044412609189748764,0.030723487958312035,0.06676008552312851
YLR413W,YDL149W,0,1.1776296,0.0443490706384182,0.030723487958312035,0.06686017662286758
YIL009C-A,YNL045W,0,1.1771898,0.044285714626312256,0.030723487958312035,0.06696026772260666
YGR181W,YDR342C,0,1.1768578,0.04422253742814064,0.030723487958312035,0.06706035137176514
YGR189C,YDR087C,0,1.1768533,0.04415954276919365,0.030723487958312035,0.06716044247150421
YPR166C,YLR348C,0,1.1767704,0.044096726924180984,0.030723487958312035,0.06726053357124329
YGR063C,YDR087C,0,1.1767467,0.044034089893102646,0.030723487958312035,0.06736062467098236
YBR245C,YGL163C,1,1.176661,0.04539006948471069,0.03171456977725029,0.06736062467098236
YKL175W,YDR252W,0,1.1766524,0.04532577842473984,0.03171456977725029,0.06746071577072144
YEL022W,YNL145W,0,1.1760417,0.04526166990399361,0.03171456977725029,0.06756080687046051
YPL092W,YOR117W,0,1.1759099,0.0451977401971817,0.03171456977725029,0.06766089797019958
YLR150W,YOL057W,0,1.1759026,0.04513399302959442,0.03171456977725029,0.06776098161935806
YNL135C,YBR195C,1,1.1753812,0.04647887498140335,0.032705649733543396,0.06776098161935806
YMR264W,YGR071C,0,1.1752154,0.04641350358724594,0.032705649733543396,0.06786107271909714
YNL133C,YHR207C,0,1.1749974,0.046348314732313156,0.032705649733543396,0.06796116381883621
YNL086W,YOL051W,0,1.174971,0.046283308416604996,0.032705649733543396,0.06806125491857529
YMR236W,YBR060C,1,1.1746631,0.0476190485060215,0.0336967296898365,0.06806125491857529
YFR031C-A,YHR092C,0,1.1745361,0.0475524477660656,0.0336967296898365,0.06816134601831436
YKL182W,YER044C,0,1.1745154,0.04748603329062462,0.0336967296898365,0.06826143711805344
YFR016C,YOR129C,0,1.1744468,0.04741980507969856,0.0336967296898365,0.06836152821779251
YKR069W,YOL010W,0,1.1744393,0.04735375940799713,0.0336967296898365,0.06846161186695099
YJR010W,YGR070W,0,1.1743633,0.04728790000081062,0.0336967296898365,0.06856170296669006
YOR004W,YPL159C,0,1.1740892,0.04722222313284874,0.0336967296898365,0.06866179406642914
YPL274W,YOR127W,0,1.1740872,0.04715672507882118,0.0336967296898365,0.06876188516616821
YML132W,YPR192W,0,1.1736281,0.04709141328930855,0.0336967296898365,0.06886197626590729
YOR049C,YPR178W,0,1.1734248,0.04702628031373024,0.0336967296898365,0.06896206736564636
YDR109C,YBR187W,0,1.1733124,0.04696132615208626,0.0336967296898365,0.06906215846538544
YPL269W,YMR238W,0,1.1732833,0.0468965508043766,0.0336967296898365,0.06916224956512451
YOR269W,YCR030C,0,1.1731869,0.04683195427060127,0.0336967296898365,0.06926233321428299
YBR001C,YPL254W,0,1.1730483,0.04676753655076027,0.0336967296898365,0.06936242431402206
YDL206W,YNL262W,0,1.1729786,0.04670329764485359,0.0336967296898365,0.06946251541376114
YOL138C,YBR054W,0,1.172802,0.046639230102300644,0.0336967296898365,0.06956260651350021
YPL110C,YKL058W,0,1.1726,0.04657534137368202,0.0336967296898365,0.06966269761323929
YJL079C,YLR055C,0,1.1725844,0.04651162773370743,0.0336967296898365,0.06976278871297836
YPL183C,YDL029W,0,1.1725351,0.04644808918237686,0.0336967296898365,0.06986287981271744
YNL182C,YGR116W,0,1.172028,0.046384721994400024,0.0336967296898365,0.06996296346187592
YOR264W,YLR452C,0,1.1719124,0.046321526169776917,0.0336967296898365,0.07006305456161499
YOR136W,YOL054W,0,1.1718343,0.04625850170850754,0.0336967296898365,0.07016314566135406
YGL068W,YNL077W,0,1.1718237,0.04619565233588219,0.0336967296898365,0.07026323676109314
YGL157W,YDR472W,0,1.1717093,0.04613297060132027,0.0336967296898365,0.07036332786083221
YKL132C,YGL137W,0,1.1716676,0.046070460230112076,0.0336967296898365,0.07046341896057129
YBR295W,YER149C,0,1.1716497,0.046008117496967316,0.0336967296898365,0.07056351006031036
YPL113C,YGL256W,0,1.1716245,0.045945946127176285,0.0336967296898365,0.07066359370946884
YKL054C,YGR154C,0,1.1712667,0.045883942395448685,0.0336967296898365,0.07076368480920792
YLR305C,YDR481C,0,1.1712413,0.04582210257649422,0.0336967296898365,0.07086377590894699
YLR466W,YLR409C,0,1.1711272,0.04576043039560318,0.0336967296898365,0.07096386700868607
YDR175C,YBL041W,0,1.1710515,0.045698925852775574,0.0336967296898365,0.07106395810842514
YHR005C-A,YLR068W,0,1.1710392,0.0456375852227211,0.0336967296898365,0.07116404920816422
YMR072W,YPL194W,0,1.1709846,0.04557640850543976,0.0336967296898365,0.07126414030790329
YDR306C,YLR158C,0,1.1709361,0.04551539570093155,0.0336967296898365,0.07136423140764236
YPL098C,YDL055C,0,1.1709241,0.04545454680919647,0.0336967296898365,0.07146431505680084
YLR265C,YIL145C,0,1.1707392,0.04539385810494423,0.0336967296898365,0.07156440615653992
YGL123W,YJR153W,0,1.1706738,0.04533333331346512,0.0336967296898365,0.07166449725627899
YKL089W,YKL056C,0,1.170617,0.04527296870946884,0.0336967296898365,0.07176458835601807
YIL020C,YDR130C,0,1.1702352,0.0452127642929554,0.0336967296898365,0.07186467945575714
YLR394W,YOL032W,0,1.1699936,0.04515272378921509,0.0336967296898365,0.07196477055549622
YJR140C,YER088C,1,1.169965,0.04641909897327423,0.03468780964612961,0.07196477055549622
YLR042C,YHR172W,0,1.1697134,0.046357616782188416,0.03468780964612961,0.07206486165523529
YPL094C,YCL008C,0,1.1697018,0.046296294778585434,0.03468780964612961,0.07216494530439377
YBL003C,YPL153C,1,1.1695646,0.04755614325404167,0.035678889602422714,0.07216494530439377
YDR158W,YMR301C,0,1.1691852,0.047493401914834976,0.035678889602422714,0.07226503640413284
YLR004C,YEL039C,0,1.1691443,0.04743082821369171,0.035678889602422714,0.07236512750387192
YDR196C,YNL176C,0,1.1691394,0.04736842215061188,0.035678889602422714,0.07246521860361099
YBR086C,YBL082C,0,1.1687045,0.04730617627501488,0.035678889602422714,0.07256530970335007
YDL135C,YNL123W,0,1.1685307,0.04724409431219101,0.035678889602422714,0.07266540080308914
YMR295C,YGL035C,0,1.1683856,0.047182176262140274,0.035678889602422714,0.07276549190282822
YGL039W,YDR284C,0,1.1682421,0.04712041839957237,0.035678889602422714,0.0728655755519867
YAR018C,YHL044W,0,1.1681948,0.0470588244497776,0.035678889602422714,0.07296566665172577
YLR386W,YOR313C,0,1.168155,0.04699739068746567,0.035678889602422714,0.07306575775146484
YJL080C,YHL025W,1,1.1679986,0.04823989421129227,0.03666996955871582,0.07306575775146484
YLR043C,YGR274C,0,1.1676414,0.0481770820915699,0.03666996955871582,0.07316584885120392
YOR025W,YCL029C,0,1.1675225,0.048114433884620667,0.03666996955871582,0.073265939950943
YPR052C,YMR284W,1,1.1671345,0.04935064911842346,0.037661049515008926,0.073265939950943
YDL012C,YBL106C,0,1.1670613,0.04928664118051529,0.037661049515008926,0.07336603105068207
YGL200C,YCR028C,0,1.1670519,0.04922279715538025,0.037661049515008926,0.07346612215042114
YBL063W,YDR410C,0,1.1670471,0.04915912076830864,0.037661049515008926,0.07356621325016022
YIL079C,YER179W,0,1.1666021,0.04909560829401016,0.037661049515008926,0.0736662968993187
YBL052C,YML041C,1,1.1665993,0.050322581082582474,0.03865212947130203,0.0736662968993187
YDR239C,YDR468C,0,1.166542,0.05025773122906685,0.03865212947130203,0.07376638799905777
YGR020C,YLL018C,0,1.1661389,0.050193049013614655,0.03865212947130203,0.07386647909879684
YFL061W,YLL018C,0,1.1660733,0.05012853443622589,0.03865212947130203,0.07396657019853592
YDR320C,YOR253W,0,1.1660519,0.05006418377161026,0.03865212947130203,0.074066661298275
YDR107C,YER161C,0,1.165582,0.05000000074505806,0.03865212947130203,0.07416675239801407
YER033C,YGL076C,0,1.1654456,0.04993597790598869,0.03865212947130203,0.07426684349775314
YOR377W,YDL166C,0,1.1652839,0.04987212270498276,0.03865212947130203,0.07436692714691162
YOR124C,YCL063W,0,1.1650457,0.049808427691459656,0.03865212947130203,0.0744670182466507
YLR040C,YMR171C,0,1.1650097,0.049744896590709686,0.03865212947130203,0.07456710934638977
YBR009C,YDL105W,1,1.1649609,0.05095541477203369,0.03964320942759514,0.07456710934638977
YIR032C,YJL044C,0,1.164949,0.05089058354496956,0.03964320942759514,0.07466720044612885
YJR016C,YGR271W,0,1.1646193,0.05082591995596886,0.03964320942759514,0.07476729154586792
YKL038W,YKL156W,0,1.1643721,0.05076142027974129,0.03964320942759514,0.074867382645607
YMR175W,YOR101W,0,1.1640242,0.05069708451628685,0.03964320942759514,0.07496747374534607
YKL079W,YDR495C,0,1.1638416,0.050632912665605545,0.03964320942759514,0.07506755739450455
YFL038C,YGR199W,0,1.1637812,0.050568901002407074,0.03964320942759514,0.07516764849424362
YIL139C,YDL136W,0,1.1636418,0.05050504952669144,0.03964320942759514,0.0752677395939827
YKL096W-A,YDL054C,0,1.1635457,0.05044136196374893,0.03964320942759514,0.07536783069372177
YGR229C,YEL044W,0,1.1634705,0.05037783458828926,0.03964320942759514,0.07546792179346085
YDR052C,YML081W,0,1.163392,0.050314463675022125,0.03964320942759514,0.07556801289319992
YBR231C,YNL031C,1,1.1631744,0.05150753632187843,0.04063429310917854,0.07556801289319992
YDR056C,YDR120C,0,1.162979,0.051442909985780716,0.04063429310917854,0.075668103992939
YJR066W,YER138C,0,1.1625427,0.05137844756245613,0.04063429310917854,0.07576819509267807
YAL021C,YOR076C,0,1.162268,0.05131414160132408,0.04063429310917854,0.07586827874183655
YPL043W,YLR001C,0,1.1621903,0.051249999552965164,0.04063429310917854,0.07596836984157562
YMR276W,YGR118W,0,1.1621399,0.05118601769208908,0.04063429310917854,0.0760684609413147
YJL071W,YLR102C,0,1.1621181,0.05112219601869583,0.04063429310917854,0.07616855204105377
YOL055C,YKL143W,0,1.1620722,0.05105853080749512,0.04063429310917854,0.07626864314079285
YER173W,YJL181W,0,1.161931,0.05099502578377724,0.04063429310917854,0.07636873424053192
YHR184W,YOR087W,0,1.161679,0.05093167722225189,0.04063429310917854,0.076468825340271
YFR037C,YBR215W,1,1.1614879,0.05210918188095093,0.04162537306547165,0.076468825340271
YGL186C,YDR299W,0,1.1614789,0.05204461142420769,0.04162537306547165,0.07656890898942947
YJL176C,YDR367W,0,1.1614676,0.05198019742965698,0.04162537306547165,0.07666900008916855
YDR398W,YDR424C,0,1.1612551,0.05191594734787941,0.04162537306547165,0.07676909118890762
YLR283W,YBL005W,0,1.161099,0.051851850003004074,0.04162537306547165,0.0768691822886467
YLR102C,YER148W,0,1.160985,0.05178791657090187,0.04162537306547165,0.07696927338838577
YDR483W,YDR098C,0,1.1609132,0.0517241396009922,0.04162537306547165,0.07706936448812485
YGR076C,YDR481C,0,1.1608193,0.05166051536798477,0.04162537306547165,0.07716945558786392
YMR044W,YGL133W,1,1.1605128,0.052825551480054855,0.042616453021764755,0.07716945558786392
YMR224C,YDL061C,0,1.1604543,0.052760735154151917,0.042616453021764755,0.0772695392370224
YGR017W,YKR036C,0,1.1602582,0.05269607901573181,0.042616453021764755,0.07736963033676147
YIL079C,YLR165C,0,1.1601863,0.05263157933950424,0.042616453021764755,0.07746972143650055
YDL179W,YDR212W,0,1.1600944,0.05256723612546921,0.042616453021764755,0.07756981253623962
YDR122W,YNL232W,0,1.1598629,0.05250305309891701,0.042616453021764755,0.0776699036359787
YLR078C,YPR175W,0,1.1597602,0.052439022809267044,0.042616453021764755,0.07776999473571777
YDR121W,YDR047W,0,1.1593176,0.052375152707099915,0.042616453021764755,0.07787008583545685
YHR082C,YHR056C,0,1.1591889,0.05231143534183502,0.042616453021764755,0.07797016948461533
YOR076C,YDR310C,0,1.1591476,0.052247874438762665,0.042616453021764755,0.0780702605843544
YKL096W-A,YMR101C,0,1.1590915,0.052184466272592545,0.042616453021764755,0.07817035168409348
YDR310C,YDR167W,1,1.1588514,0.0533333346247673,0.04360753297805786,0.07817035168409348
YKL064W,YPL093W,0,1.158767,0.05326876416802406,0.04360753297805786,0.07827044278383255
YGL246C,YBR297W,0,1.1579118,0.05320435389876366,0.04360753297805786,0.07837053388357162
YOR291W,YFR034C,0,1.1578662,0.05314009636640549,0.04360753297805786,0.0784706249833107
YHL047C,YDR167W,0,1.157857,0.05307599529623985,0.04360753297805786,0.07857071608304977
YPR036W,YKL069W,0,1.1576495,0.053012046962976456,0.04360753297805786,0.07867080718278885
YDR128W,YJR065C,0,1.1575427,0.052948255091905594,0.04360753297805786,0.07877089083194733
YPR046W,YDL007W,0,1.1574839,0.05288461595773697,0.04360753297805786,0.0788709819316864
YOR267C,YDR023W,0,1.1573455,0.05282112956047058,0.04360753297805786,0.07897107303142548
YDR217C,YGR177C,0,1.1572816,0.05275779217481613,0.04360753297805786,0.07907116413116455
YJL115W,YBR198C,1,1.1572301,0.053892213851213455,0.04459861293435097,0.07907116413116455
YKL024C,YOL108C,0,1.1571679,0.05382775142788887,0.04459861293435097,0.07917125523090363
YIR017C,YOL057W,0,1.1570873,0.05376344174146652,0.04459861293435097,0.0792713463306427
YDR032C,YOL010W,0,1.1569945,0.05369928479194641,0.04459861293435097,0.07937143743038177
YOL004W,YBR195C,1,1.1569709,0.05482717603445053,0.045589692890644073,0.07937143743038177
YCR018C,YNR071C,0,1.1568402,0.05476190522313118,0.045589692890644073,0.07947152107954025
YER022W,YFR031C-A,0,1.1567781,0.054696790874004364,0.045589692890644073,0.07957161217927933
YPL189W,YPL051W,0,1.1566795,0.054631829261779785,0.045589692890644073,0.0796717032790184
YLR449W,YDR439W,1,1.1563786,0.05575326085090637,0.04658077284693718,0.0796717032790184
YHR214C-B,YGL053W,0,1.1563246,0.055687204003334045,0.04658077284693718,0.07977179437875748
YLR214W,YDL246C,0,1.1562805,0.055621303617954254,0.04658077284693718,0.07987188547849655
YHL003C,YHR122W,0,1.1561435,0.0555555559694767,0.04658077284693718,0.07997197657823563
YGR094W,YOR071C,0,1.1561036,0.05548996478319168,0.04658077284693718,0.0800720676779747
YPL155C,YML106W,0,1.1560057,0.0554245300590992,0.04658077284693718,0.08017215132713318
YFL047W,YEL056W,0,1.1559944,0.05535924434661865,0.04658077284693718,0.08027224242687225
YLL017W,YLR044C,0,1.1555904,0.05529411882162094,0.04658077284693718,0.08037233352661133
YGR075C,YHR090C,0,1.1555719,0.05522914230823517,0.04658077284693718,0.0804724246263504
YPL074W,YBR159W,0,1.1555338,0.05516431853175163,0.04658077284693718,0.08057251572608948
YMR080C,YMR099C,0,1.1555216,0.055099647492170334,0.04658077284693718,0.08067260682582855
YER025W,YMR223W,0,1.155508,0.05503512918949127,0.04658077284693718,0.08077269792556763
YDR122W,YFL013C,0,1.1552306,0.05497075989842415,0.04658077284693718,0.0808727890253067
YJR001W,YKL119C,0,1.1552119,0.05490654334425926,0.04658077284693718,0.08097287267446518
YNR033W,YPL119C,0,1.1551749,0.054842472076416016,0.04658077284693718,0.08107296377420425
YGR101W,YKL130C,0,1.1550355,0.054778553545475006,0.04658077284693718,0.08117305487394333
YLR414C,YJR042W,0,1.1548315,0.054714784026145935,0.04658077284693718,0.0812731459736824
YPL117C,YML012W,0,1.1547183,0.0546511635184288,0.04658077284693718,0.08137323707342148
YDL095W,YMR230W,0,1.1547049,0.05458768829703331,0.04658077284693718,0.08147332817316055
YPR118W,YPL075W,0,1.1544566,0.054524362087249756,0.04658077284693718,0.08157341927289963
YDR513W,YHR205W,0,1.1544563,0.05446118116378784,0.04658077284693718,0.0816735029220581
YML011C,YJL029C,0,1.1544158,0.054398149251937866,0.04658077284693718,0.08177359402179718
YMR292W,YDR343C,0,1.1543566,0.05433525890111923,0.04658077284693718,0.08187368512153625
YHR004C,YPL262W,0,1.1543275,0.05427251756191254,0.04658077284693718,0.08197377622127533
YGR081C,YMR210W,0,1.1542635,0.05420991778373718,0.04658077284693718,0.0820738673210144
YLR283W,YNL216W,0,1.1540843,0.05414746701717377,0.04658077284693718,0.08217395842075348
YLR435W,YKL067W,0,1.153618,0.054085154086351395,0.04658077284693718,0.08227404952049255
YNL206C,YBR195C,1,1.1533586,0.05517241358757019,0.047571852803230286,0.08227404952049255
YBR080C,YOL157C,0,1.1531892,0.055109068751335144,0.047571852803230286,0.08237413316965103
YLR143W,YJL012C,0,1.1529647,0.055045872926712036,0.047571852803230286,0.0824742242693901
YDL124W,YDL148C,0,1.1529051,0.05498281866312027,0.047571852803230286,0.08257431536912918
YLR390W-A,YOL023W,0,1.1526464,0.05491990968585014,0.047571852803230286,0.08267440646886826
YFR007W,YPR010C,0,1.1526281,0.05485714226961136,0.047571852803230286,0.08277449756860733
YOR026W,YDL142C,0,1.1525978,0.054794520139694214,0.047571852803230286,0.0828745886683464
YLR430W,YOR175C,0,1.1524134,0.05473203957080841,0.047571852803230286,0.08297467976808548
YJR092W,YOR267C,0,1.1521883,0.05466970428824425,0.047571852803230286,0.08307477086782455
YER096W,YHR168W,0,1.1521845,0.05460750684142113,0.047571852803230286,0.08317485451698303
YOR063W,YKL109W,0,1.1520271,0.05454545468091965,0.047571852803230286,0.0832749456167221
YMR297W,YJR098C,0,1.1518478,0.05448354035615921,0.047571852803230286,0.08337503671646118
YLR328W,YPR199C,0,1.1518308,0.054421767592430115,0.047571852803230286,0.08347512781620026
YER173W,YDR421W,0,1.1517758,0.05436013638973236,0.047571852803230286,0.08357521891593933
YDL211C,YPR199C,0,1.1516511,0.05429864302277565,0.047571852803230286,0.0836753100156784
YCR044C,YPL213W,0,1.1516116,0.05423728749155998,0.047571852803230286,0.08377540111541748
YFR030W,YBL038W,0,1.1511638,0.054176073521375656,0.047571852803230286,0.08387548476457596
YHL016C,YNL086W,0,1.1511375,0.054114993661642075,0.047571852803230286,0.08397557586431503
YGR063C,YBR010W,1,1.1511211,0.055180180817842484,0.04856293275952339,0.08397557586431503
YCR016W,YOR014W,0,1.1510628,0.05511811003088951,0.04856293275952339,0.08407566696405411
YLR103C,YNL107W,1,1.1508332,0.056179776787757874,0.0495540127158165,0.08407566696405411
YOR357C,YNL107W,0,1.1504617,0.05611672252416611,0.0495540127158165,0.08417575806379318
YBR177C,YIL111W,0,1.1503425,0.05605380982160568,0.0495540127158165,0.08427584916353226
YMR228W,YCR020C,0,1.1502471,0.0559910424053669,0.0495540127158165,0.08437594026327133
YBL072C,YMR302C,0,1.1502378,0.055928412824869156,0.0495540127158165,0.0844760313630104
YLR175W,YIL027C,0,1.1502106,0.05586592108011246,0.0495540127158165,0.08457611501216888
YER162C,YLR158C,0,1.1501341,0.0558035708963871,0.0495540127158165,0.08467620611190796
YOL004W,YBR198C,1,1.1501263,0.0568561889231205,0.050545092672109604,0.08467620611190796
YHR153C,YER029C,0,1.1500095,0.05679287388920784,0.050545092672109604,0.08477629721164703
YMR133W,YOR326W,0,1.1498789,0.05672970041632652,0.050545092672109604,0.08487638831138611
YNL286W,YLR330W,0,1.1498697,0.05666666850447655,0.050545092672109604,0.08497647941112518
YJL021C,YPR010C,0,1.1497166,0.056603774428367615,0.050545092672109604,0.08507657051086426
YHR110W,YMR318C,0,1.1496902,0.056541018187999725,0.050545092672109604,0.08517666161060333
YFR007W,YOL056W,0,1.1496543,0.05647840350866318,0.050545092672109604,0.08527675271034241
YPR068C,YJL076W,1,1.1496341,0.05752212554216385,0.05153617262840271,0.08527675271034241
YKR006C,YOR251C,0,1.1496205,0.05745856463909149,0.05153617262840271,0.08537683635950089
YOL004W,YDR363W,1,1.1493609,0.05849889665842056,0.052527256309986115,0.08537683635950089
YGL183C,YHR140W,0,1.1492933,0.05843440070748329,0.052527256309986115,0.08547692745923996
YHR010W,YOR239W,0,1.1492732,0.058370042592287064,0.052527256309986115,0.08557701855897903
YLR285W,YDR073W,1,1.1492726,0.059405941516160965,0.05351833626627922,0.08557701855897903
YJR143C,YMR184W,0,1.1490153,0.05934065952897072,0.05351833626627922,0.08567710965871811
YDR236C,YDR178W,0,1.1487195,0.05927552282810211,0.05351833626627922,0.08577720075845718
YPR098C,YCR039C,0,1.1487046,0.05921052768826485,0.05351833626627922,0.08587729185819626
YGL115W,YDR028C,0,1.1486489,0.05914567410945892,0.05351833626627922,0.08597738295793533
YCR031C,YDR169C,0,1.148433,0.05908096209168434,0.05351833626627922,0.08607746660709381
YBL030C,YJL144W,0,1.1484203,0.0590163916349411,0.05351833626627922,0.08617755770683289
YPL258C,YGL035C,0,1.14842,0.0589519664645195,0.05351833626627922,0.08627764880657196
YMR074C,YKL145W,0,1.1483605,0.058887675404548645,0.05351833626627922,0.08637773990631104
YML032C,YPL179W,0,1.1483303,0.05882352963089943,0.05351833626627922,0.08647783100605011
YJL080C,YER029C,0,1.148304,0.05875952169299126,0.05351833626627922,0.08657792210578918
YIL115C,YBL017C,0,1.148303,0.05869565159082413,0.05351833626627922,0.08667801320552826
YGR246C,YOR253W,0,1.148161,0.05863192304968834,0.05351833626627922,0.08677809685468674
YNL278W,YOR142W,0,1.1481004,0.058568328619003296,0.05351833626627922,0.08687818795442581
YDR383C,YJL143W,0,1.1477691,0.058504875749349594,0.05351833626627922,0.08697827905416489
YJL198W,YPR178W,0,1.1477159,0.05844155699014664,0.05351833626627922,0.08707837015390396
YGL123W,YJL081C,0,1.1476998,0.05837837979197502,0.05351833626627922,0.08717846125364304
YKL024C,YLR293C,0,1.1475533,0.05831533297896385,0.05351833626627922,0.08727855235338211
YBL106C,YDR478W,0,1.1474403,0.058252427726984024,0.05351833626627922,0.08737864345312119
YPR018W,YMR236W,1,1.1473703,0.05926724150776863,0.05450941622257233,0.08737864345312119
YER049W,YDR411C,0,1.1473522,0.05920344591140747,0.05450941622257233,0.08747873455286026
YDR120C,YOR372C,0,1.147321,0.059139784425497055,0.05450941622257233,0.08757881820201874
YDR158W,YMR063W,0,1.1472343,0.05907626077532768,0.05450941622257233,0.08767890930175781
YOL012C,YBR195C,1,1.1471452,0.06008583679795265,0.05550049617886543,0.08767890930175781
YBL093C,YDR033W,0,1.1469399,0.06002143770456314,0.05550049617886543,0.08777900040149689
YBR129C,YHR077C,0,1.1469219,0.059957172721624374,0.05550049617886543,0.08787909150123596
YDR078C,YDR310C,0,1.1468931,0.05989304929971695,0.05550049617886543,0.08797918260097504
YKL195W,YML088W,0,1.146868,0.05982905998826027,0.05550049617886543,0.08807927370071411
YDL117W,YGL004C,0,1.1466691,0.05976520851254463,0.05550049617886543,0.08817936480045319
YGL016W,YDR213W,0,1.1466126,0.05970149114727974,0.05550049617886543,0.08827944844961166
YHR165C,YGR135W,0,1.1465822,0.05963791161775589,0.05550049617886543,0.08837953954935074
YKL049C,YKR010C,1,1.1465442,0.060638297349214554,0.05649157613515854,0.08837953954935074
YBR142W,YKL093W,0,1.1465421,0.06057385727763176,0.05649157613515854,0.08847963064908981
YAL007C,YDR405W,0,1.146477,0.06050955504179001,0.05649157613515854,0.08857972174882889
YBR020W,YJL101C,0,1.1464453,0.060445386916399,0.05649157613515854,0.08867981284856796
YDR204W,YLR134W,0,1.1463146,0.06038135662674904,0.05649157613515854,0.08877990394830704
YNL159C,YBR238C,0,1.1462,0.06031746044754982,0.05649157613515854,0.08887999504804611
YHR119W,YLR055C,1,1.1461037,0.0613107830286026,0.057482656091451645,0.08887999504804611
YML058W-A,YJR049C,0,1.146065,0.06124604120850563,0.057482656091451645,0.08898007869720459
YIL079C,YLR055C,0,1.1456534,0.061181433498859406,0.057482656091451645,0.08908016979694366
YPR204W,YGL238W,0,1.1446527,0.061116963624954224,0.057482656091451645,0.08918026089668274
YGL004C,YDR497C,0,1.1445571,0.061052631586790085,0.057482656091451645,0.08928035199642181
YLR429W,YEL032W,0,1.1443557,0.06098843365907669,0.057482656091451645,0.08938044309616089
YMR089C,YBL076C,0,1.1443188,0.06092436984181404,0.057482656091451645,0.08948053419589996
YMR072W,YNL098C,0,1.1443154,0.060860440135002136,0.057482656091451645,0.08958062529563904
YKL033W,YLR050C,0,1.1441786,0.060796644538640976,0.057482656091451645,0.08968070894479752
YPR113W,YPR097W,0,1.1439778,0.06073298305273056,0.057482656091451645,0.08978080004453659
YBR273C,YEL024W,0,1.1439508,0.06066945567727089,0.057482656091451645,0.08988089114427567
YER125W,YOL077C,0,1.1437513,0.06060606241226196,0.057482656091451645,0.08998098224401474
YOL003C,YDR461W,0,1.1436139,0.060542795807123184,0.057482656091451645,0.09008107334375381
YHL025W,YHR056C,1,1.1435668,0.06152242049574852,0.05847373604774475,0.09008107334375381
YOR308C,YNR071C,0,1.1435344,0.06145833432674408,0.05847373604774475,0.09018116444349289
YPL214C,YMR026C,0,1.1434848,0.061394382268190384,0.05847373604774475,0.09028125554323196
YKL138C,YGL019W,0,1.1432636,0.061330560594797134,0.05847373604774475,0.09038134664297104
YOR004W,YJR052W,0,1.1429507,0.06126687303185463,0.05847373604774475,0.09048143029212952
YBR264C,YCL050C,0,1.1429136,0.06120331957936287,0.05847373604774475,0.09058152139186859
YBL068W,YOL070C,0,1.1429127,0.061139896512031555,0.05847373604774475,0.09068161249160767
YLR189C,YPL207W,0,1.1429038,0.06107660382986069,0.05847373604774475,0.09078170359134674
YNL283C,YBL103C,0,1.1427734,0.061013445258140564,0.05847373604774475,0.09088179469108582
YKL160W,YGL150C,1,1.1427622,0.06198346987366676,0.05946481600403786,0.09088179469108582
YDL105W,YBR088C,1,1.1426086,0.06295149773359299,0.06045589596033096,0.09088179469108582
YHL035C,YOR337W,0,1.142542,0.06288659572601318,0.06045589596033096,0.09098188579082489
YMR297W,YCL039W,0,1.1424505,0.06282183527946472,0.06045589596033096,0.09108197689056396
YKL192C,YLR246W,0,1.1424243,0.06275720149278641,0.06045589596033096,0.09118206053972244
YDR071C,YER062C,0,1.1423875,0.06269270181655884,0.06045589596033096,0.09128215163946152
YMR081C,YLR194C,0,1.142341,0.06262833625078201,0.06045589596033096,0.09138224273920059
YIL130W,YER028C,0,1.1419202,0.06256410479545593,0.06045589596033096,0.09148233383893967
YGL026C,YCR038C,0,1.1417433,0.0625,0.06045589596033096,0.09158242493867874
YHR147C,YPL271W,0,1.1416049,0.06243602931499481,0.06045589596033096,0.09168251603841782
YER164W,YEL056W,0,1.1415479,0.06237218901515007,0.06045589596033096,0.09178260713815689
YBL056W,YGL238W,0,1.1415379,0.062308479100465775,0.06045589596033096,0.09188269078731537
YNL073W,YMR059W,0,1.1415259,0.062244899570941925,0.06045589596033096,0.09198278188705444
YPR036W,YML041C,0,1.1413801,0.06218144670128822,0.06045589596033096,0.09208287298679352
YOR117W,YDR012W,0,1.1413373,0.062118127942085266,0.06045589596033096,0.09218296408653259
YOR209C,YER088C,1,1.1412766,0.06307222694158554,0.06144697591662407,0.09218296408653259
YOR285W,YPL220W,0,1.1412243,0.0630081295967102,0.06144697591662407,0.09228305518627167
YMR267W,YMR114C,0,1.141182,0.06294415891170502,0.06144697591662407,0.09238314628601074
YDR231C,YNR041C,0,1.1409625,0.06288032233715057,0.06144697591662407,0.09248323738574982
YAL021C,YMR074C,0,1.140868,0.06281661242246628,0.06144697591662407,0.09258332848548889
YJL115W,YOR304W,1,1.140843,0.06376518309116364,0.062438055872917175,0.09258332848548889
YBL022C,YNR001C,0,1.1408163,0.06370070576667786,0.062438055872917175,0.09268341213464737
YKR061W,YMR250W,0,1.1406981,0.06363636255264282,0.062438055872917175,0.09278350323438644
YNR074C,YNL163C,0,1.1406947,0.06357214599847794,0.062438055872917175,0.09288359433412552
YNR018W,YML051W,0,1.1405886,0.0635080635547638,0.062438055872917175,0.0929836854338646
YHR165C,YHR146W,0,1.1404285,0.0634441077709198,0.062438055872917175,0.09308377653360367
YIL062C,YML087C,0,1.1403543,0.06338027864694595,0.062438055872917175,0.09318386763334274
YGL141W,YML082W,0,1.1401426,0.06331658363342285,0.062438055872917175,0.09328395873308182
YML127W,YHL050C,0,1.1400441,0.0632530152797699,0.062438055872917175,0.0933840423822403
YLR221C,YER154W,0,1.1400371,0.0631895661354065,0.062438055872917175,0.09348413348197937
YGL104C,YDL035C,0,1.1400365,0.06312625110149384,0.062438055872917175,0.09358422458171844
YJL057C,YGL039W,0,1.139776,0.06306306272745132,0.062438055872917175,0.09368431568145752
YOR211C,YER087W,0,1.1397746,0.06300000101327896,0.062438055872917175,0.0937844067811966
YMR183C,YBL060W,0,1.1396933,0.06293706595897675,0.062438055872917175,0.09388449788093567
YNR024W,YDR438W,0,1.1395558,0.06287425011396408,0.062438055872917175,0.09398458898067474
YLR164W,YLR056W,0,1.1392467,0.06281156837940216,0.062438055872917175,0.09408467262983322
YKL185W,YER083C,0,1.1392399,0.06274900585412979,0.062438055872917175,0.0941847637295723
YDR046C,YOR150W,0,1.1392379,0.06268656998872757,0.062438055872917175,0.09428485482931137
YGL226C-A,YHR090C,0,1.139122,0.0626242533326149,0.062438055872917175,0.09438494592905045
YIL013C,YOL123W,0,1.1390744,0.06256206333637238,0.062438055872917175,0.09448503702878952
YCR098C,YOR212W,0,1.1389898,0.0625,0.062438055872917175,0.0945851281285286
YFR018C,YBR121C,0,1.138956,0.062438055872917175,0.062438055872917175,0.09468521922826767
YPR204W,YHR073W,0,1.1389432,0.0623762384057045,0.062438055872917175,0.09478531032800674
YBL017C,YML063W,0,1.1388924,0.06231454014778137,0.062438055872917175,0.09488539397716522
YNL054W,YJL183W,0,1.1388143,0.062252964824438095,0.062438055872917175,0.0949854850769043
YDL135C,YHR010W,0,1.1387926,0.06219150871038437,0.062438055872917175,0.09508557617664337
YDR032C,YBR172C,0,1.1387652,0.06213017925620079,0.062438055872917175,0.09518566727638245
YOL059W,YLL001W,0,1.1387175,0.062068965286016464,0.062438055872917175,0.09528575837612152
YMR208W,YER083C,0,1.138702,0.06200787425041199,0.062438055872917175,0.0953858494758606
YML047C,YJR042W,0,1.1386395,0.06194690242409706,0.062438055872917175,0.09548594057559967
YML081W,YBL038W,0,1.1386187,0.061886049807071686,0.062438055872917175,0.09558602422475815
YBR060C,YLR192C,0,1.1385183,0.06182532012462616,0.062438055872917175,0.09568611532449722
YBL057C,YDR239C,0,1.1383477,0.061764705926179886,0.062438055872917175,0.0957862064242363
YJL124C,YBR107C,0,1.1383091,0.06170421093702316,0.062438055872917175,0.09588629752397537
YBR260C,YDR034C,0,1.1382985,0.06164383515715599,0.062438055872917175,0.09598638862371445
YNL026W,YBR131W,0,1.1382458,0.06158357858657837,0.062438055872917175,0.09608647972345352
YLL043W,YKL009W,0,1.1380931,0.0615234375,0.062438055872917175,0.0961865708231926
YLR348C,YMR311C,0,1.1380683,0.06146341562271118,0.062438055872917175,0.09628665447235107
YKL116C,YIL177C,0,1.1378655,0.061403509229421616,0.062438055872917175,0.09638674557209015
YNR022C,YJL108C,0,1.1376469,0.0613437183201313,0.062438055872917175,0.09648683667182922
YER159C,YHR186C,0,1.1374996,0.06128404662013054,0.062438055872917175,0.0965869277715683
YDR257C,YHR033W,0,1.1374489,0.06122449040412903,0.062438055872917175,0.09668701887130737
YBR088C,YMR080C,1,1.1374006,0.06213592365384102,0.06342913955450058,0.09668701887130737
YBR223C,YER007C-A,0,1.1373627,0.0620756559073925,0.06342913955450058,0.09678710997104645
YOR257W,YBL074C,0,1.1373357,0.06201550364494324,0.06342913955450058,0.09688720107078552
YBL005W-B,YOR332W,0,1.1370654,0.061955470591783524,0.06342913955450058,0.0969872921705246
YML055W,YHR041C,0,1.1370108,0.06189555302262306,0.06342913955450058,0.09708737581968307
YOR272W,YBL092W,0,1.1370039,0.061835747212171555,0.06342913955450058,0.09718746691942215
YOR209C,YJL044C,0,1.1369945,0.0617760606110096,0.06342913955450058,0.09728755801916122
YDL210W,YBL024W,0,1.1369362,0.06171648949384689,0.06342913955450058,0.0973876491189003
YDR086C,YKR057W,0,1.1369072,0.06165703386068344,0.06342913955450058,0.09748774021863937
YLR460C,YOR076C,0,1.1365652,0.06159768998622894,0.06342913955450058,0.09758783131837845
YDR011W,YDL040C,0,1.1364795,0.0615384615957737,0.06342913955450058,0.09768792241811752
YLR291C,YJR151C,0,1.1364721,0.061479344964027405,0.06342913955450058,0.097788006067276
YER023W,YOR273C,0,1.1364702,0.061420343816280365,0.06342913955450058,0.09788809716701508
YHR088W,YBR287W,0,1.1363955,0.06136145815253258,0.06342913955450058,0.09798818826675415
YGL062W,YGR122W,0,1.1362551,0.061302680522203445,0.06342913955450058,0.09808827936649323
YML099C,YGR103W,0,1.1360387,0.061244018375873566,0.06342913955450058,0.0981883704662323
YKR048C,YBR089C-A,1,1.13597,0.06214149296283722,0.06442021578550339,0.0981883704662323
YLR026C,YLR163C,0,1.1359261,0.062082137912511826,0.06442021578550339,0.09828846156597137
YER049W,YPL168W,0,1.1359217,0.06202290207147598,0.06442021578550339,0.09838855266571045
YBR271W,YHR051W,0,1.1357632,0.061963774263858795,0.06442021578550339,0.09848863631486893
YLR120C,YLR293C,0,1.1357278,0.06190476194024086,0.06442021578550339,0.098588727414608
YKL017C,YLR008C,0,1.1356621,0.06184586137533188,0.06442021578550339,0.09868881851434708
YPL110C,YNL301C,0,1.1356465,0.06178707256913185,0.06442021578550339,0.09878890961408615
YDR204W,YDL109C,0,1.1355382,0.06172839552164078,0.06442021578550339,0.09888900071382523
YOR076C,YJL045W,0,1.1355219,0.06166983023285866,0.06442021578550339,0.0989890918135643
YNL030W,YBL006C,1,1.1352822,0.06255923956632614,0.06541129946708679,0.0989890918135643
YGR002C,YLR333C,0,1.1350288,0.0625,0.06541129946708679,0.09908918291330338
YDR105C,YOR126C,0,1.1350015,0.06244087219238281,0.06541129946708679,0.09918927401304245
YLL066C,YGL103W,0,1.1348935,0.06238185241818428,0.06541129946708679,0.09928935766220093
YPR052C,YDR145W,1,1.1347963,0.06326723098754883,0.0664023756980896,0.09928935766220093
YPL221W,YCL048W,0,1.1347959,0.06320754438638687,0.0664023756980896,0.09938944876194
YAR018C,YGL211W,0,1.1347407,0.06314797699451447,0.0664023756980896,0.09948953986167908
YEL038W,YGR047C,0,1.1347051,0.06308851391077042,0.0664023756980896,0.09958963096141815
YJL121C,YKL069W,0,1.1346877,0.06302916258573532,0.0664023756980896,0.09968972206115723
YDR329C,YML030W,0,1.1345401,0.06296992301940918,0.0664023756980896,0.0997898131608963
YGR116W,YHR175W,0,1.1344444,0.06291079521179199,0.0664023756980896,0.09988990426063538
YKL026C,YJR097W,0,1.1344261,0.06285177916288376,0.0664023756980896,0.09998998790979385
YJL178C,YLR150W,0,1.1343718,0.06279287487268448,0.0664023756980896,0.10009007900953293
YLR088W,YOR250C,0,1.1343213,0.06273408234119415,0.0664023756980896,0.100190170109272
YDR444W,YDR262W,0,1.1341585,0.06267539411783218,0.0664023756980896,0.10029026120901108
YAR027W,YLR139C,0,1.1341543,0.06261682510375977,0.0664023756980896,0.10039035230875015
YPR021C,YML005W,0,1.1340861,0.0625583603978157,0.0664023756980896,0.10049044340848923
YML010W,YPL235W,1,1.1340194,0.06343283504247665,0.067393459379673,0.10049044340848923
YPR159W,YOL102C,0,1.1339451,0.06337372213602066,0.067393459379673,0.1005905345082283
YMR322C,YIL043C,0,1.1335802,0.06331471353769302,0.067393459379673,0.10069061815738678
YPR108W,YOR341W,0,1.1334057,0.06325581669807434,0.067393459379673,0.10079070925712585
YNL244C,YPL121C,0,1.1332217,0.06319702416658401,0.067393459379673,0.10089080035686493
YOR172W,YDR384C,0,1.133112,0.06313835084438324,0.067393459379673,0.100990891456604
YLR200W,YOR224C,0,1.1330798,0.06307977437973022,0.067393459379673,0.10109098255634308
YBR086C,YIL005W,0,1.1329569,0.06302131712436676,0.067393459379673,0.10119107365608215
YNL135C,YDL197C,1,1.1329277,0.06388889253139496,0.06838453561067581,0.10119107365608215
YNL258C,YOR008C,0,1.1328834,0.06382978707551956,0.06838453561067581,0.10129116475582123
YPL092W,YOR179C,0,1.1327901,0.06377079337835312,0.06838453561067581,0.1013912484049797
YGL058W,YHR108W,0,1.1327407,0.06371191143989563,0.06838453561067581,0.10149133950471878
YDR248C,YIL144W,0,1.1327091,0.0636531338095665,0.06838453561067581,0.10159143060445786
YIR018W,YLR194C,0,1.1325866,0.06359446793794632,0.06838453561067581,0.10169152170419693
YCR044C,YER154W,0,1.1325732,0.0635359138250351,0.06838453561067581,0.101791612803936
YGL068W,YLR359W,0,1.1325564,0.06347746402025223,0.06838453561067581,0.10189170390367508
YOL004W,YDL002C,1,1.1321313,0.06433823704719543,0.06937561929225922,0.10189170390367508
YJR005W,YNR003C,0,1.1320997,0.06427915394306183,0.06937561929225922,0.10199179500341415
YBR281C,YDL043C,0,1.1319346,0.06422018259763718,0.06937561929225922,0.10209188610315323
YIL139C,YHL031C,0,1.1317431,0.06416132301092148,0.06937561929225922,0.1021919697523117
YDR369C,YHR041C,0,1.1315956,0.06410256773233414,0.06937561929225922,0.10229206085205078
YLR251W,YNR048W,0,1.1313587,0.06404391676187515,0.06937561929225922,0.10239215195178986
YFL010W-A,YIL020C,0,1.1312472,0.06398537755012512,0.06937561929225922,0.10249224305152893
YKL100C,YGR200C,0,1.1309954,0.06392694264650345,0.06937561929225922,0.102592334151268
YOR233W,YDL128W,0,1.1308761,0.06386861205101013,0.06937561929225922,0.10269242525100708
YDR032C,YOL002C,0,1.1307395,0.06381039321422577,0.06937561929225922,0.10279251635074615
YDL136W,YDR072C,0,1.1306221,0.06375227868556976,0.06937561929225922,0.10289259999990463
YOR241W,YFL021W,0,1.1306045,0.06369426846504211,0.06937561929225922,0.10299269109964371
YNL107W,YJR059W,0,1.1304793,0.06363636255264282,0.06937561929225922,0.10309278219938278
YAL035W,YAL007C,0,1.1302854,0.06357856839895248,0.06937561929225922,0.10319287329912186
YPL210C,YMR226C,0,1.1302253,0.0635208711028099,0.06937561929225922,0.10329296439886093
YMR040W,YOL157C,0,1.1301873,0.06346328556537628,0.06937561929225922,0.1033930554986
YDL098C,YLR414C,0,1.1301177,0.06340579688549042,0.06937561929225922,0.10349314659833908
YBR222C,YBR087W,0,1.1300232,0.06334841996431351,0.06937561929225922,0.10359323024749756
YNL031C,YPL153C,1,1.1299999,0.06419529765844345,0.07036670297384262,0.10359323024749756
YDR304C,YDR011W,0,1.1297446,0.06413730978965759,0.07036670297384262,0.10369332134723663
YGR155W,YCL043C,0,1.1297115,0.0640794187784195,0.07036670297384262,0.10379341244697571
YBR065C,YJR126C,0,1.1296237,0.06402163952589035,0.07036670297384262,0.10389350354671478
YML102W,YFR032C-A,0,1.129475,0.06396396458148956,0.07036670297384262,0.10399359464645386
YKL156W,YOR253W,0,1.1294472,0.06390639394521713,0.07036670297384262,0.10409368574619293
YER014C-A,YJR055W,0,1.1291825,0.06384892016649246,0.07036670297384262,0.104193776845932
YER012W,YHR111W,0,1.1290655,0.06379155069589615,0.07036670297384262,0.10429386794567108
YKL016C,YDR165W,0,1.1290362,0.06373429298400879,0.07036670297384262,0.10439395159482956
YMR223W,YBL003C,1,1.1289389,0.0645739883184433,0.07135777920484543,0.10439395159482956
YKR019C,YGR252W,0,1.1286854,0.06451612710952759,0.07135777920484543,0.10449404269456863
YBR193C,YOL056W,0,1.1285408,0.06445837020874023,0.07135777920484543,0.10459413379430771
YGR169C,YJR076C,0,1.1285133,0.06440071761608124,0.07135777920484543,0.10469422489404678
YER155C,YOR224C,0,1.1284167,0.06434316188097,0.07135777920484543,0.10479431599378586
YJL004C,YPL141C,0,1.1283791,0.06428571790456772,0.07135777920484543,0.10489440709352493
YLR113W,YER081W,0,1.1283447,0.0642283707857132,0.07135777920484543,0.10499449819326401
YNR022C,YMR149W,0,1.1281517,0.06417112052440643,0.07135777920484543,0.10509458184242249
YGR229C,YDR098C,0,1.1280929,0.06411398202180862,0.07135777920484543,0.10519467294216156
YKL010C,YDL030W,0,1.1279536,0.06405694037675858,0.07135777920484543,0.10529476404190063
YOL095C,YOR294W,0,1.1275896,0.06400000303983688,0.07135777920484543,0.10539485514163971
YDR283C,YDL148C,0,1.1273972,0.06394316256046295,0.07135777920484543,0.10549494624137878
YPR182W,YOR081C,0,1.1272696,0.06388642638921738,0.07135777920484543,0.10559503734111786
YGR205W,YOL077C,0,1.1272657,0.06382978707551956,0.07135777920484543,0.10569512844085693
YOR179C,YLR055C,0,1.1270877,0.0637732520699501,0.07135777920484543,0.10579521209001541
YPR162C,YBR231C,1,1.1270629,0.06460177153348923,0.07234886288642883,0.10579521209001541
YOR355W,YNL081C,0,1.126994,0.06454464793205261,0.07234886288642883,0.10589530318975449
YBR191W,YPL022W,0,1.1267805,0.06448763608932495,0.07234886288642883,0.10599539428949356
YDR110W,YHR118C,1,1.1263494,0.06531332433223724,0.07333993911743164,0.10599539428949356
YDR155C,YDR439W,1,1.126341,0.06613756716251373,0.07433102279901505,0.10599539428949356
YKL189W,YIL064W,0,1.1262571,0.06607929617166519,0.07433102279901505,0.10609548538923264
YNL027W,YIL080W,0,1.1262071,0.06602112948894501,0.07433102279901505,0.10619557648897171
YDR046C,YIL021W,0,1.1260488,0.06596305966377258,0.07433102279901505,0.10629566758871078
YJL006C,YGR234W,0,1.1260389,0.06590509414672852,0.07433102279901505,0.10639575868844986
YJR098C,YHL031C,0,1.12593,0.0658472329378128,0.07433102279901505,0.10649584978818893
YGL172W,YDR116C,0,1.1259212,0.06578947603702545,0.07433102279901505,0.10659593343734741
YEL070W,YLR088W,0,1.1258987,0.06573181599378586,0.07433102279901505,0.10669602453708649
YER008C,YMR075W,0,1.125777,0.06567425280809402,0.07433102279901505,0.10679611563682556
YDR299W,YIL128W,0,1.125644,0.06561680138111115,0.07433102279901505,0.10689620673656464
YFL035C-B,YGR185C,0,1.1255138,0.06555943936109543,0.07433102279901505,0.10699629783630371
YDR518W,YJL181W,0,1.1254789,0.06550218164920807,0.07433102279901505,0.10709638893604279
YML085C,YDR033W,0,1.1254556,0.06544502824544907,0.07433102279901505,0.10719648003578186
YNR044W,YGR070W,0,1.1254233,0.06538797169923782,0.07433102279901505,0.10729656368494034
YJL080C,YOR059C,0,1.1253769,0.06533101201057434,0.07433102279901505,0.10739665478467941
YHR190W,YPL271W,0,1.1252908,0.06527414917945862,0.07433102279901505,0.10749674588441849
YMR131C,YDR173C,0,1.1252713,0.06521739065647125,0.07433102279901505,0.10759683698415756
YHL003C,YER040W,0,1.1252322,0.06516072899103165,0.07433102279901505,0.10769692808389664
YDL074C,YMR221C,0,1.1251856,0.0651041641831398,0.07433102279901505,0.10779701918363571
YDL206W,YML096W,0,1.1251724,0.06504770368337631,0.07433102279901505,0.10789711028337479
YLR328W,YPL027W,0,1.1251667,0.06499133259057999,0.07433102279901505,0.10799719393253326
YBL020W,YLR102C,0,1.1250228,0.06493506580591202,0.07433102279901505,0.10809728503227234
YBR059C,YNR033W,0,1.1250217,0.06487889587879181,0.07433102279901505,0.10819737613201141
YNL062C,YEL017C-A,0,1.1249487,0.06482281535863876,0.07433102279901505,0.10829746723175049
YGL078C,YGL180W,0,1.124855,0.06476683914661407,0.07433102279901505,0.10839755833148956
YIL013C,YDR517W,0,1.124759,0.06471095979213715,0.07433102279901505,0.10849764943122864
YDR468C,YLR315W,0,1.1247312,0.06465516984462738,0.07433102279901505,0.10859774053096771
YGR097W,YGL093W,0,1.1246685,0.06459948420524597,0.07433102279901505,0.10869783163070679
YNL282W,YCL066W,0,1.1245198,0.06454388797283173,0.07433102279901505,0.10879791527986526
YNL151C,YGR194C,0,1.1244158,0.06448838859796524,0.07433102279901505,0.10889800637960434
YDR140W,YDR207C,0,1.1242603,0.06443298608064651,0.07433102279901505,0.10899809747934341
YML102W,YDL002C,1,1.1242441,0.06523605436086655,0.07532209903001785,0.10899809747934341
YDL095W,YNL086W,0,1.1242023,0.06518010050058365,0.07532209903001785,0.10909818857908249
YBR247C,YBL058W,0,1.1239618,0.06512425094842911,0.07532209903001785,0.10919827967882156
YBR009C,YGR029W,0,1.1238941,0.06506849080324173,0.07532209903001785,0.10929837077856064
YDR062W,YOR067C,0,1.1238341,0.06501283496618271,0.07532209903001785,0.10939846187829971
YML056C,YPL215W,0,1.1235456,0.06495726853609085,0.07532209903001785,0.10949854552745819
YMR158W,YHR086W,0,1.1232195,0.06490179151296616,0.07532209903001785,0.10959863662719727
YIR015W,YOL147C,0,1.123091,0.06484641879796982,0.07532209903001785,0.10969872772693634
YMR012W,YBL093C,0,1.1230124,0.06479113548994064,0.07532209903001785,0.10979881882667542
YPR132W,YNL068C,0,1.1227244,0.06473594903945923,0.07532209903001785,0.10989890992641449
YMR319C,YHR215W,0,1.1227216,0.06468085199594498,0.07532209903001785,0.10999900102615356
YLL014W,YNR071C,0,1.1226712,0.06462585180997849,0.07532209903001785,0.11009909212589264
YGL139W,YDR013W,0,1.1226654,0.06457094103097916,0.07532209903001785,0.11019917577505112
YIL034C,YMR041C,0,1.1226461,0.06451612710952759,0.07532209903001785,0.11029926687479019
YKL009W,YPL056C,0,1.1225313,0.06446141004562378,0.07532209903001785,0.11039935797452927
YML106W,YNL128W,0,1.1224504,0.06440678238868713,0.07532209903001785,0.11049944907426834
YGR072W,YBR087W,0,1.1223012,0.06435224413871765,0.07532209903001785,0.11059954017400742
YLR467W,YER149C,0,1.1221868,0.06429780274629593,0.07532209903001785,0.11069963127374649
YML085C,YMR232W,0,1.1221517,0.06424345076084137,0.07532209903001785,0.11079972237348557
YBL091C-A,YDL229W,0,1.122118,0.06418918818235397,0.07532209903001785,0.11089981347322464
YDL144C,YMR319C,0,1.1220556,0.06413502246141434,0.07532209903001785,0.11099989712238312
YDL109C,YDR377W,0,1.1219821,0.06408094614744186,0.07532209903001785,0.11109998822212219
YDR083W,YKL116C,0,1.1219325,0.06402695924043655,0.07532209903001785,0.11120007932186127
YIL068C,YER002W,0,1.1218562,0.06397306174039841,0.07532209903001785,0.11130017042160034
YOL112W,YNL121C,0,1.1215606,0.06391926109790802,0.07532209903001785,0.11140026152133942
YGL128C,YBL037W,0,1.121519,0.0638655498623848,0.07532209903001785,0.11150035262107849
YCR011C,YDR487C,0,1.1215054,0.06381192058324814,0.07532209903001785,0.11160044372081757
YDR190C,YDR439W,1,1.1214399,0.06459731608629227,0.07631318271160126,0.11160044372081757
YMR236W,YKR010C,1,1.1214367,0.06538139283657074,0.07730425894260406,0.11160044372081757
YLR093C,YOR389W,0,1.1214011,0.06532663106918335,0.07730425894260406,0.11170052736997604
YDR013W,YPR196W,0,1.1213491,0.06527196615934372,0.07730425894260406,0.11180061846971512
YGR155W,YOR372C,0,1.1213166,0.06521739065647125,0.07730425894260406,0.1119007095694542
YPR194C,YLL048C,0,1.121096,0.06516290456056595,0.07730425894260406,0.11200080066919327
YAL056W,YDR381W,0,1.1210457,0.0651085153222084,0.07730425894260406,0.11210089176893234
YPL183C,YAL068C,0,1.1209724,0.06505421549081802,0.07730425894260406,0.11220098286867142
YJR040W,YHR066W,0,1.120848,0.06499999761581421,0.07730425894260406,0.11230107396841049
YKL183W,YJR112W,0,1.12081,0.06494587659835815,0.07730425894260406,0.11240115761756897
YDR031W,YOR085W,0,1.1206781,0.06489184498786926,0.07730425894260406,0.11250124871730804
YNL282W,YPL056C,0,1.120589,0.06483790278434753,0.07730425894260406,0.11260133981704712
YDR177W,YIL052C,0,1.1205518,0.06478404998779297,0.07730425894260406,0.1127014309167862
YDL006W,YMR186W,0,1.1205438,0.06473029404878616,0.07730425894260406,0.11280152201652527
YLR007W,YML051W,0,1.1204839,0.06467662006616592,0.07730425894260406,0.11290161311626434
YKL195W,YFR003C,0,1.120464,0.06462303549051285,0.07730425894260406,0.11300170421600342
YGR178C,YDL220C,0,1.1203835,0.06456953287124634,0.07730425894260406,0.11310179531574249
YDR056C,YKR007W,0,1.1203417,0.06451612710952759,0.07730425894260406,0.11320187896490097
YMR276W,YDR146C,0,1.1201293,0.064462810754776,0.07730425894260406,0.11330197006464005
YOR326W,YCL016C,0,1.1199253,0.06440957635641098,0.07730425894260406,0.11340206116437912
YKL109W,YPR148C,0,1.1198297,0.06435643881559372,0.07730425894260406,0.1135021522641182
YLR344W,YCR060W,0,1.1197597,0.06430338323116302,0.07730425894260406,0.11360224336385727
YFL036W,YDR281C,0,1.1197457,0.0642504096031189,0.07730425894260406,0.11370233446359634
YDL231C,YGR274C,0,1.1197098,0.06419753283262253,0.07730425894260406,0.11380242556333542
YJR005W,YGR012W,0,1.1195868,0.06414473801851273,0.07730425894260406,0.1139025092124939
YER060W,YMR198W,0,1.1195698,0.06409203261137009,0.07730425894260406,0.11400260031223297
YPL183C,YMR276W,0,1.1195605,0.06403940916061401,0.07730425894260406,0.11410269141197205
YBR074W,YDL085W,0,1.1195576,0.0639868751168251,0.07730425894260406,0.11420278251171112
YNL135C,YBR112C,1,1.1194679,0.06475409865379333,0.07829534262418747,0.11420278251171112
YEL032W,YBR119W,0,1.119327,0.06470106542110443,0.07829534262418747,0.1143028736114502
YPL127C,YKR048C,1,1.1192609,0.06546644866466522,0.07928641885519028,0.1143028736114502
YNR022C,YKL191W,0,1.119195,0.06541291624307632,0.07928641885519028,0.11440296471118927
YGR274C,YMR282C,0,1.1191015,0.06535948067903519,0.07928641885519028,0.11450305581092834
YIL018W,YKR066C,0,1.1190624,0.06530611962080002,0.07928641885519028,0.11460313946008682
YJL176C,YKL190W,0,1.1190118,0.06525285542011261,0.07928641885519028,0.1147032305598259
YGL040C,YLR333C,0,1.1189865,0.06519967317581177,0.07928641885519028,0.11480332165956497
YNL095C,YKL155C,0,1.1188827,0.06514658033847809,0.07928641885519028,0.11490341275930405
YER167W,YHR108W,0,1.1188583,0.06509356945753098,0.07928641885519028,0.11500350385904312
YOR271C,YLR185W,0,1.1187941,0.06504064798355103,0.07928641885519028,0.1151035949587822
YNL030W,YCR052W,1,1.1187333,0.06580016016960144,0.08027750253677368,0.1151035949587822
YBR173C,YML107C,0,1.1187111,0.06574675440788269,0.08027750253677368,0.11520368605852127
YNL153C,YDR284C,0,1.1186988,0.0656934306025505,0.08027750253677368,0.11530376970767975
YCL043C,YOR187W,0,1.1186402,0.06564019620418549,0.08027750253677368,0.11540386080741882
YOL070C,YDR078C,0,1.118613,0.06558704376220703,0.08027750253677368,0.1155039519071579
YOL061W,YDR481C,0,1.1183475,0.06553398072719574,0.08027750253677368,0.11560404300689697
YNL330C,YBR112C,1,1.11832,0.06628940999507904,0.08126858621835709,0.11560404300689697
YNL135C,YLR467W,0,1.1182215,0.06623586267232895,0.08126858621835709,0.11570413410663605
YNL015W,YDR268W,0,1.118197,0.06618240475654602,0.08126858621835709,0.11580422520637512
YLR300W,YCL066W,0,1.1181307,0.06612902879714966,0.08126858621835709,0.1159043163061142
YHR012W,YPL252C,0,1.1180657,0.06607574224472046,0.08126858621835709,0.11600440740585327
YFR007W,YOR016C,0,1.1179987,0.06602254509925842,0.08126858621835709,0.11610449105501175
YHL050C,YML094W,0,1.1176909,0.06596942991018295,0.08126858621835709,0.11620458215475082
YDR071C,YKR048C,1,1.1176546,0.06672025471925735,0.0822596624493599,0.11620458215475082
YHL008C,YER127W,0,1.1174511,0.06666667014360428,0.0822596624493599,0.1163046732544899
YNL084C,YER017C,0,1.1172717,0.06661316007375717,0.0822596624493599,0.11640476435422897
YDR018C,YOR335C,0,1.1172523,0.06655974686145782,0.0822596624493599,0.11650485545396805
YHR024C,YPL112C,0,1.1172379,0.06650640815496445,0.0822596624493599,0.11660494655370712
YER099C,YDR507C,0,1.1171874,0.06645315885543823,0.0822596624493599,0.1167050376534462
YOL012C,YNL330C,1,1.1171478,0.06719999760389328,0.0832507461309433,0.1167050376534462
YOL004W,YJL081C,1,1.1170925,0.06794564425945282,0.0842418223619461,0.1167050376534462
YKL016C,YBR016W,0,1.1170675,0.06789137423038483,0.0842418223619461,0.11680512130260468
YLR328W,YGR061C,0,1.1170661,0.067837193608284,0.0842418223619461,0.11690521240234375
YIL159W,YDR416W,0,1.1170619,0.06778309494256973,0.0842418223619461,0.11700530350208282
YKL034W,YOR159C,0,1.1169555,0.06772908568382263,0.0842418223619461,0.1171053946018219
YDR303C,YCR030C,0,1.1168615,0.0676751583814621,0.0842418223619461,0.11720548570156097
YDR289C,YOL121C,0,1.1168524,0.06762132048606873,0.0842418223619461,0.11730557680130005
YBR268W,YHR092C,0,1.1168411,0.06756756454706192,0.0842418223619461,0.11740566790103912
YNL068C,YDR482C,0,1.1168218,0.06751389801502228,0.0842418223619461,0.1175057515501976
YKL038W,YLR439W,0,1.1165934,0.0674603208899498,0.0842418223619461,0.11760584264993668
YJR147W,YJR083C,0,1.1165668,0.06740681827068329,0.0842418223619461,0.11770593374967575
YMR091C,YBL002W,1,1.1165022,0.06814579665660858,0.08523290604352951,0.11770593374967575
YCL035C,YDL138W,0,1.1164074,0.06809184700250626,0.08523290604352951,0.11780602484941483
YLR283W,YOR080W,0,1.1163269,0.0680379718542099,0.08523290604352951,0.1179061159491539
YOR078W,YDR457W,0,1.1162953,0.0679841861128807,0.08523290604352951,0.11800620704889297
YDL055C,YKL006C-A,0,1.1160288,0.06793048977851868,0.08523290604352951,0.11810629814863205
YGL105W,YNL282W,0,1.1160066,0.06787687540054321,0.08523290604352951,0.11820638924837112
YLR286C,YPL043W,0,1.1159372,0.06782334297895432,0.08523290604352951,0.1183064728975296
YBR090C-A,YBR215W,1,1.1158983,0.06855791807174683,0.08622398227453232,0.1183064728975296
YBR296C,YGL137W,0,1.1158789,0.06850393861532211,0.08622398227453232,0.11840656399726868
YDR532C,YJL109C,0,1.1158142,0.06845004111528397,0.08622398227453232,0.11850665509700775
YGR179C,YHR051W,0,1.1157737,0.06839622557163239,0.08622398227453232,0.11860674619674683
YJL085W,YLL021W,0,1.1155437,0.06834249943494797,0.08622398227453232,0.1187068372964859
YHR122W,YLR460C,0,1.1153829,0.06828885525465012,0.08622398227453232,0.11880692839622498
YMR236W,YBR231C,1,1.1153513,0.0690196081995964,0.08721506595611572,0.11880692839622498
YMR133W,YPR173C,0,1.1153255,0.06896551698446274,0.08721506595611572,0.11890701949596405
YIL014W,YDR177W,0,1.115247,0.06891150772571564,0.08721506595611572,0.11900710314512253
YPR007C,YDR424C,0,1.1152141,0.0688575878739357,0.08721506595611572,0.1191071942448616
YKL022C,YHR037W,0,1.1151677,0.06880374997854233,0.08721506595611572,0.11920728534460068
YGL163C,YBL052C,1,1.1149422,0.06953124701976776,0.08820614218711853,0.11920728534460068
YDR259C,YLR040C,0,1.1149417,0.06947696954011917,0.08820614218711853,0.11930737644433975
YLR192C,YPL252C,0,1.1146363,0.06942277401685715,0.08820614218711853,0.11940746754407883
YKL198C,YOR249C,0,1.114551,0.06936866790056229,0.08820614218711853,0.1195075586438179
YOR193W,YAL020C,0,1.1145113,0.06931464374065399,0.08820614218711853,0.11960764974355698
YCL069W,YOR251C,0,1.1144344,0.06926070153713226,0.08820614218711853,0.11970773339271545
YLR190W,YIL064W,0,1.1143609,0.0692068412899971,0.08820614218711853,0.11980782449245453
YNR013C,YDL133C-A,0,1.114333,0.0691530704498291,0.08820614218711853,0.1199079155921936
YDL035C,YNR011C,0,1.1142988,0.06909938156604767,0.08820614218711853,0.12000800669193268
YDL166C,YBR128C,0,1.1142737,0.0690457746386528,0.08820614218711853,0.12010809779167175
YNL219C,YOL082W,0,1.1142223,0.0689922496676445,0.08820614218711853,0.12020818889141083
YGR263C,YCR063W,0,1.1141785,0.06893880665302277,0.08820614218711853,0.1203082799911499
YJR040W,YHR179W,0,1.1140797,0.0688854455947876,0.08820614218711853,0.12040837109088898
YOR138C,YML129C,0,1.1140547,0.06883217394351959,0.08820614218711853,0.12050845474004745
YBR115C,YGR077C,0,1.114022,0.06877897679805756,0.08820614218711853,0.12060854583978653
YDR100W,YMR020W,0,1.1139797,0.06872586905956268,0.08820614218711853,0.1207086369395256
YDR457W,YPR106W,0,1.1138868,0.06867283582687378,0.08820614218711853,0.12080872803926468
YGL139W,YGR179C,0,1.113523,0.06861989200115204,0.08820614218711853,0.12090881913900375
YDR299W,YLL021W,0,1.113367,0.06856702268123627,0.08820614218711853,0.12100891023874283
YOL012C,YNL135C,1,1.11328,0.06928406655788422,0.08919722586870193,0.12100891023874283
YDL133C-A,YMR285C,0,1.1132219,0.06923077255487442,0.08919722586870193,0.1211090013384819
YGR072W,YDR134C,0,1.1131873,0.0691775530576706,0.08919722586870193,0.12120908498764038
YNR016C,YDL060W,0,1.1131337,0.06912442296743393,0.08919722586870193,0.12130917608737946
YDR365C,YOL053C-A,0,1.113112,0.06907137483358383,0.08919722586870193,0.12140926718711853
YJR107W,YDR283C,0,1.1130301,0.0690184012055397,0.08919722586870193,0.1215093582868576
YCL064C,YGL211W,0,1.113026,0.06896551698446274,0.08919722586870193,0.12160944938659668
YHL026C,YEL054C,0,1.1130239,0.06891270726919174,0.08919722586870193,0.12170954048633575
YKR071C,YMR005W,0,1.1129216,0.06885998696088791,0.08919722586870193,0.12180963158607483
YGL016W,YBR022W,0,1.112787,0.06880734115839005,0.08919722586870193,0.1219097152352333
YKL175W,YIL143C,0,1.1127361,0.06875477731227875,0.08919722586870193,0.12200980633497238
YOR123C,YML091C,0,1.1127282,0.06870228797197342,0.08919722586870193,0.12210989743471146
YPR186C,YEL032W,0,1.11261,0.06864988803863525,0.08919722586870193,0.12220998853445053
YNL010W,YBR297W,0,1.1125345,0.06859756261110306,0.08919722586870193,0.1223100796341896
YJR121W,YOR046C,0,1.1125284,0.06854531913995743,0.08919722586870193,0.12241017073392868
YDR310C,YKL112W,1,1.1124974,0.06925418227910995,0.09018830209970474,0.12241017073392868
YGL051W,YDR055W,0,1.1124378,0.0692015215754509,0.09018830209970474,0.12251026183366776
YDR092W,YER005W,0,1.1123277,0.06914893537759781,0.09018830209970474,0.12261035293340683
YNL213C,YLR102C,0,1.1122178,0.06909643113613129,0.09018830209970474,0.12271043658256531
YER104W,YDR146C,0,1.1121414,0.06904400885105133,0.09018830209970474,0.12281052768230438
YKL058W,YFL066C,0,1.1121182,0.06899166107177734,0.09018830209970474,0.12291061878204346
YJL080C,YFL049W,1,1.1120656,0.06969697028398514,0.09117938578128815,0.12291061878204346
YLR247C,YDR060W,0,1.1119903,0.06964420527219772,0.09117938578128815,0.12301070988178253
YDR388W,YDR219C,0,1.1119254,0.06959152966737747,0.09117938578128815,0.1231108009815216
YBR261C,YJL029C,0,1.1114745,0.06953892856836319,0.09117938578128815,0.12321089208126068
YOR075W,YIR037W,0,1.1113474,0.06948640197515488,0.09117938578128815,0.12331098318099976
YGR060W,YOR080W,0,1.1113083,0.06943396478891373,0.09117938578128815,0.12341106683015823
YPL129W,YOR249C,0,1.111222,0.06938160210847855,0.09117938578128815,0.12351115792989731
YIR017C,YDR461W,0,1.1111932,0.06932931393384933,0.09117938578128815,0.12361124902963638
YIL014W,YDR178W,0,1.1110038,0.06927710771560669,0.09117938578128815,0.12371134012937546
YLR142W,YIL070C,0,1.1108614,0.06922498345375061,0.09117938578128815,0.12381143122911453
YFR018C,YPR010C,0,1.1108578,0.0691729336977005,0.09117938578128815,0.12391152232885361
YML009C,YLR068W,0,1.1108137,0.06912095844745636,0.09117938578128815,0.12401161342859268
YDL142C,YJL162C,0,1.1107548,0.06906907260417938,0.09117938578128815,0.12411169707775116
YGL040C,YOR074C,0,1.1106409,0.06901725381612778,0.09117938578128815,0.12421178817749023
YDR376W,YDR281C,0,1.1106175,0.06896551698446274,0.09117938578128815,0.12431187927722931
YJL190C,YGL162W,0,1.1105123,0.06891385465860367,0.09117938578128815,0.12441197037696838
YCR020W-B,YBL052C,1,1.1104635,0.06961078196763992,0.09217046946287155,0.12441197037696838
YOR147W,YNL092W,0,1.1103197,0.06955870985984802,0.09217046946287155,0.12451206147670746
YPR068C,YHR023W,0,1.1101828,0.06950672715902328,0.09217046946287155,0.12461215257644653
YDR240C,YPR063C,0,1.1101505,0.06945481896400452,0.09217046946287155,0.12471224367618561
YDR292C,YDR453C,0,1.1100733,0.06940298527479172,0.09217046946287155,0.12481233477592468
YLL016W,YFR045W,0,1.1100659,0.06935123354196548,0.09217046946287155,0.12491241842508316
YGR047C,YOR009W,0,1.1100018,0.06929955631494522,0.09217046946287155,0.12501251697540283
YIL106W,YNR027W,0,1.1099731,0.06924795359373093,0.09217046946287155,0.1251126080751419
YPL101W,YER013W,0,1.1099409,0.0691964253783226,0.09217046946287155,0.1252126842737198
YPR031W,YOR025W,0,1.1099322,0.06914497911930084,0.09217046946287155,0.12531277537345886
YKL011C,YGR214W,0,1.1099046,0.06909360736608505,0.09217046946287155,0.12541286647319794
YBL112C,YIL076W,0,1.1098886,0.06904231756925583,0.09217046946287155,0.125512957572937
YGL039W,YNL062C,0,1.1098847,0.06899109482765198,0.09217046946287155,0.1256130486726761
YPR036W,YBR123C,0,1.1098695,0.06893995404243469,0.09217046946287155,0.12571313977241516
YMR110C,YFL048C,0,1.1097825,0.06888888776302338,0.09217046946287155,0.12581323087215424
YLR109W,YER044C-A,0,1.109782,0.06883789598941803,0.09217046946287155,0.1259133219718933
YPL214C,YPL004C,0,1.1097698,0.06878697872161865,0.09217046946287155,0.12601341307163239
YNL006W,YGR184C,0,1.1097606,0.06873614341020584,0.09217046946287155,0.12611350417137146
YDR046C,YBR155W,0,1.109676,0.0686853751540184,0.09217046946287155,0.12621359527111053
YMR055C,YFR031C-A,0,1.1096072,0.06863468885421753,0.09217046946287155,0.1263136863708496
YKL081W,YGL106W,0,1.1094973,0.06858406960964203,0.09217046946287155,0.12641377747058868
YFL041W,YDL130W,0,1.1093992,0.0685335323214531,0.09217046946287155,0.12651386857032776
YGL046W,YOR106W,0,1.1093949,0.06848306208848953,0.09217046946287155,0.12661395967006683
YER164W,YDL042C,1,1.1093417,0.06916850805282593,0.09316154569387436,0.12661395967006683
YMR089C,YGL063W,0,1.1093185,0.06911765038967133,0.09316154569387436,0.12671403586864471
YLR344W,YBR196C,0,1.1091847,0.0690668597817421,0.09316154569387436,0.1268141269683838
YNL202W,YGL231C,0,1.1091716,0.06901615113019943,0.09316154569387436,0.12691421806812286
YJR130C,YKR088C,0,1.1090635,0.06896551698446274,0.09316154569387436,0.12701430916786194
YOR355W,YHR028C,0,1.109021,0.06891495734453201,0.09316154569387436,0.127114400267601
YKL210W,YHL006C,0,1.1089766,0.06886447221040726,0.09316154569387436,0.1272144913673401
YIL062C,YDL065C,0,1.1089244,0.06881405413150787,0.09316154569387436,0.12731458246707916
YMR267W,YKR048C,0,1.1088879,0.06876371800899506,0.09316154569387436,0.12741467356681824
YKR008W,YDL046W,0,1.1088679,0.06871344894170761,0.09316154569387436,0.1275147646665573
YBL064C,YER176W,0,1.1088291,0.06866325438022614,0.09316154569387436,0.1276148557662964
YIL098C,YDR476C,0,1.1088032,0.06861314177513123,0.09316154569387436,0.12771494686603546
YKL024C,YPL160W,0,1.1087377,0.06856309622526169,0.09316154569387436,0.12781503796577454
YDR460W,YNL268W,0,1.1087321,0.06851311773061752,0.09316154569387436,0.1279151290655136
YMR208W,YJL045W,0,1.1087189,0.06846322119235992,0.09316154569387436,0.12801522016525269
YPL076W,YBR268W,0,1.1087012,0.0684133917093277,0.09316154569387436,0.12811529636383057
YEL032W,YJR031C,0,1.1086755,0.06836363673210144,0.09316154569387436,0.12821538746356964
YJR149W,YBR097W,0,1.1086626,0.06831395626068115,0.09316154569387436,0.12831547856330872
YDR127W,YOR044W,0,1.108626,0.06826434284448624,0.09316154569387436,0.1284155696630478
YBR082C,YOL077C,0,1.1084799,0.06821480393409729,0.09316154569387436,0.12851566076278687
YHL011C,YKR090W,0,1.1081182,0.06816533952951431,0.09316154569387436,0.12861575186252594
YLR287C-A,YLR085C,0,1.1080891,0.06811594218015671,0.09316154569387436,0.12871584296226501
YMR211W,YER138C,0,1.1079779,0.06806661933660507,0.09316154569387436,0.1288159340620041
YIL119C,YOL103W,0,1.1079633,0.06801736354827881,0.09316154569387436,0.12891602516174316
YER022W,YAL013W,0,1.107935,0.06796818226575851,0.09316154569387436,0.12901611626148224
YNL054W,YNL068C,0,1.1078742,0.06791907548904419,0.09316154569387436,0.1291162073612213
YLR414C,YDL031W,0,1.1078113,0.06787003576755524,0.09316154569387436,0.1292162984609604
YMR311C,YHR116W,0,1.1077491,0.06782107055187225,0.09316154569387436,0.12931638956069946
YGL090W,YIL056W,0,1.1074173,0.06777217239141464,0.09316154569387436,0.12941648066043854
YLR425W,YPL063W,0,1.1072725,0.0677233412861824,0.09316154569387436,0.1295165717601776
YDR166C,YOR348C,0,1.1072112,0.06767458468675613,0.09316154569387436,0.1296166479587555
YLR004C,YCL050C,0,1.1072066,0.06762590259313583,0.09316154569387436,0.12971673905849457
YDL198C,YJL176C,0,1.107119,0.06757728010416031,0.09316154569387436,0.12981683015823364
YGL092W,YMR284W,0,1.1071166,0.06752873212099075,0.09316154569387436,0.12991692125797272
YOR207C,YGL085W,0,1.1070961,0.06748025864362717,0.09316154569387436,0.1300170123577118
YDR166C,YLR419W,0,1.1070952,0.06743185222148895,0.09316154569387436,0.13011710345745087
YKR077W,YNL101W,0,1.1070468,0.06738351285457611,0.09316154569387436,0.13021719455718994
YBR023C,YIL051C,0,1.1069851,0.06733524054288864,0.09316154569387436,0.13031728565692902
YOL158C,YBR260C,0,1.1069777,0.06728704273700714,0.09316154569387436,0.1304173767566681
YGR086C,YJR155W,0,1.1069379,0.06723891198635101,0.09316154569387436,0.13051746785640717
YIR018W,YOR369C,0,1.1069053,0.06719084829092026,0.09316154569387436,0.13061755895614624
YOL157C,YDR410C,0,1.1068983,0.06714285910129547,0.09316154569387436,0.13071765005588531
YER072W,YBR175W,0,1.1067349,0.06709492951631546,0.09316154569387436,0.1308177411556244
YDR096W,YGL018C,0,1.1067201,0.06704707443714142,0.09316154569387436,0.13091783225536346
YNL223W,YLR060W,0,1.1066439,0.06699928641319275,0.09316154569387436,0.13101792335510254
YFR037C,YGR063C,1,1.1066065,0.06766381859779358,0.09415262937545776,0.13101792335510254
YHR153C,YAL017W,0,1.1065476,0.06761565804481506,0.09415262937545776,0.13111799955368042
YGR001C,YML124C,0,1.1065252,0.06756756454706192,0.09415262937545776,0.1312180906534195
YNL317W,YLR103C,0,1.1064925,0.06751954555511475,0.09415262937545776,0.13131818175315857
YDR168W,YOR194C,0,1.1064849,0.06747159361839294,0.09415262937545776,0.13141827285289764
YLR103C,YNL261W,1,1.1064274,0.06813342869281769,0.09514370560646057,0.13141827285289764
YJL115W,YKR048C,1,1.1063844,0.06879432499408722,0.09613478928804398,0.13141827285289764
YGR185C,YOR176W,0,1.1061919,0.06874556839466095,0.09613478928804398,0.13151836395263672
YNR008W,YLR040C,0,1.1061349,0.06869688630104065,0.09613478928804398,0.1316184550523758
YDR032C,YDR317W,0,1.1061091,0.06864826381206512,0.09613478928804398,0.13171854615211487
YKL196C,YBR048W,0,1.1060777,0.06859971582889557,0.09613478928804398,0.13181863725185394
YGL163C,YLR357W,1,1.1059827,0.069257952272892,0.09712586551904678,0.13181863725185394
YOR086C,YOR311C,0,1.1059624,0.0692090392112732,0.09712586551904678,0.13191872835159302
YFR038W,YKL195W,0,1.1057706,0.06916020065546036,0.09712586551904678,0.1320188194513321
YGR029W,YPR137W,0,1.1057676,0.0691114217042923,0.09712586551904678,0.13211891055107117
YFR033C,YGL198W,0,1.1056495,0.0690627172589302,0.09712586551904678,0.13221900165081024
YPL063W,YDR245W,0,1.1055677,0.06901408731937408,0.09712586551904678,0.13231909275054932
YKL194C,YML125C,0,1.1055416,0.06896551698446274,0.09712586551904678,0.1324191838502884
YBR066C,YDR483W,0,1.1053723,0.06891702115535736,0.09712586551904678,0.13251926004886627
YBR146W,YGL119W,0,1.105363,0.06886858493089676,0.09712586551904678,0.13261935114860535
YBL072C,YDR083W,0,1.1053612,0.06882022321224213,0.09712586551904678,0.13271944224834442
YDR334W,YOR304W,1,1.1053605,0.06947368383407593,0.09811694920063019,0.13271944224834442
YFL001W,YFR016C,0,1.1052947,0.06942496448755264,0.09811694920063019,0.1328195333480835
YCL003W,YER101C,0,1.1052694,0.06937631219625473,0.09811694920063019,0.13291962444782257
YNL137C,YGR255C,0,1.1051953,0.06932773441076279,0.09811694920063019,0.13301971554756165
YMR055C,YKL135C,0,1.1051027,0.06927921622991562,0.09811694920063019,0.13311980664730072
YER019C-A,YHR010W,0,1.1050538,0.06923077255487442,0.09811694920063019,0.1332198977470398
YGR274C,YML069W,1,1.1050254,0.06988120079040527,0.099108025431633,0.1332198977470398
YNL293W,YDL160C,0,1.1049861,0.06983239948749542,0.099108025431633,0.13331998884677887
YHR047C,YDR261C,0,1.1049453,0.06978367269039154,0.099108025431633,0.13342007994651794
YDR005C,YOR304W,0,1.1048692,0.06973500549793243,0.099108025431633,0.13352017104625702
YGR116W,YJL176C,0,1.1048579,0.0696864128112793,0.099108025431633,0.1336202621459961
YDL136W,YKL081W,0,1.1048175,0.06963787972927094,0.099108025431633,0.13372035324573517
YNL243W,YPL148C,0,1.1047379,0.06958942115306854,0.099108025431633,0.13382044434547424
YOL004W,YLR357W,1,1.1047342,0.070236437022686,0.1000991091132164,0.13382044434547424
YOL147C,YOR311C,0,1.1046591,0.07018762826919556,0.1000991091132164,0.13392053544521332
YDL105W,YFR041C,0,1.1046481,0.07013888657093048,0.1000991091132164,0.1340206116437912
YPL113C,YER140W,0,1.1044241,0.07009021192789078,0.1000991091132164,0.13412070274353027
YLR017W,YDR040C,0,1.1042589,0.07004161179065704,0.1000991091132164,0.13422079384326935
YFL033C,YKR062W,0,1.1042262,0.06999307125806808,0.1000991091132164,0.13432088494300842
YNL107W,YDL240W,0,1.1041168,0.0699445977807045,0.1000991091132164,0.1344209760427475
YGR144W,YOL090W,0,1.1040597,0.06989619135856628,0.1000991091132164,0.13452106714248657
YMR239C,YFR014C,0,1.1039845,0.06984785944223404,0.1000991091132164,0.13462115824222565
YBR022W,YOL038W,0,1.1038792,0.06979958713054657,0.1000991091132164,0.13472124934196472
YLR399C,YHR056C,1,1.1038438,0.07044199109077454,0.10109018534421921,0.13472124934196472
YDR441C,YBR273C,0,1.1038254,0.07039337605237961,0.10109018534421921,0.1348213404417038
YGL027C,YHL021C,0,1.1038214,0.07034482806921005,0.10109018534421921,0.13492143154144287
YKL021C,YBR093C,0,1.1038078,0.07029634714126587,0.10109018534421921,0.13502152264118195
YOR269W,YBR085W,0,1.103785,0.07024793326854706,0.10109018534421921,0.13512161374092102
YDR092W,YNL070W,0,1.1037848,0.07019958645105362,0.10109018534421921,0.1352217048406601
YLR228C,YFR025C,0,1.1037413,0.07015130668878555,0.10109018534421921,0.13532179594039917
YPL058C,YDR120C,0,1.1036606,0.07010309398174286,0.10109018534421921,0.13542188704013824
YER081W,YNL322C,0,1.1034454,0.07005494832992554,0.10109018534421921,0.13552196323871613
YKR077W,YCR016W,0,1.1033678,0.07000686228275299,0.10109018534421921,0.1356220543384552
YOR230W,YIL036W,0,1.1033195,0.06995885074138641,0.10109018534421921,0.13572214543819427
YPR102C,YFL047W,0,1.1033065,0.06991089880466461,0.10109018534421921,0.13582223653793335
YDR520C,YDR430C,0,1.1031809,0.06986301392316818,0.10109018534421921,0.13592232763767242
YIR006C,YDR002W,0,1.1031743,0.06981519609689713,0.10109018534421921,0.1360224187374115
YAL043C,YGL232W,0,1.1031677,0.06976744532585144,0.10109018534421921,0.13612250983715057
YDR513W,YEL016C,0,1.1031402,0.06971975415945053,0.10109018534421921,0.13622260093688965
YLR312W-A,YDR496C,0,1.1031241,0.069672130048275,0.10109018534421921,0.13632269203662872
YGL216W,YLL034C,0,1.1031021,0.06962457299232483,0.10109018534421921,0.1364227831363678
YJL056C,YCR072C,0,1.1031015,0.06957708299160004,0.10109018534421921,0.13652287423610687
YGR171C,YAL053W,0,1.1030315,0.06952965259552002,0.10109018534421921,0.13662296533584595
YHR005C,YJR149W,0,1.1030312,0.06948228925466537,0.10109018534421921,0.13672305643558502
YPL106C,YMR158W,0,1.1029822,0.0694349929690361,0.10109018534421921,0.1368231475353241
YGR116W,YDR145W,1,1.102921,0.07006802409887314,0.10208126902580261,0.1368231475353241
YAL035W,YNR004W,0,1.1028436,0.070020392537117,0.10208126902580261,0.13692322373390198
YPL033C,YML049C,0,1.1028322,0.06997282803058624,0.10208126902580261,0.13702331483364105
YGL014W,YGL053W,0,1.1026992,0.06992532312870026,0.10208126902580261,0.13712340593338013
YOR283W,YDR268W,0,1.1026255,0.06987788528203964,0.10208126902580261,0.1372234970331192
YOL031C,YER029C,0,1.1026033,0.0698305070400238,0.10208126902580261,0.13732358813285828
YJL076W,YML065W,1,1.102563,0.07046070694923401,0.10307234525680542,0.13732358813285828
YFR030W,YER074W,0,1.1023259,0.0704130008816719,0.10307234525680542,0.13742367923259735
YOR119C,YFL025C,0,1.1022878,0.07036536186933517,0.10307234525680542,0.13752377033233643
YBL052C,YJR005W,0,1.1022302,0.07031778246164322,0.10307234525680542,0.1376238614320755
YHR085W,YLR048W,0,1.1022222,0.07027027010917664,0.10307234525680542,0.13772395253181458
YBL010C,YLR249W,0,1.1020329,0.07022282481193542,0.10307234525680542,0.13782404363155365
YLR446W,YMR022W,0,1.1019665,0.07017543911933899,0.10307234525680542,0.13792413473129272
YNL219C,YEL062W,0,1.1018863,0.07012812048196793,0.10307234525680542,0.1380242258310318
YCL061C,YMR239C,1,1.1018238,0.07075471431016922,0.10406342893838882,0.1380242258310318
YBR166C,YAL038W,0,1.1018044,0.07070706784725189,0.10406342893838882,0.13812431693077087
YDR009W,YJL121C,0,1.1017134,0.07065948843955994,0.10406342893838882,0.13822440803050995
YIL064W,YGL161C,0,1.1017056,0.07061196863651276,0.10406342893838882,0.13832449913024902
YLL051C,YLR103C,0,1.1016388,0.07056451588869095,0.10406342893838882,0.1384245753288269
YJL127C,YLR207W,0,1.1015399,0.07051712274551392,0.10406342893838882,0.13852466642856598
YBL007C,YDR371W,0,1.1014132,0.07046979665756226,0.10406342893838882,0.13862475752830505
YGR275W,YJL127C,1,1.1014063,0.07109322398900986,0.10505451261997223,0.13862475752830505
YBR183W,YNL136W,0,1.1013752,0.07104557752609253,0.10505451261997223,0.13872484862804413
YDR222W,YDR197W,0,1.1013532,0.07099799066781998,0.10505451261997223,0.1388249397277832
YKR090W,YJR094W-A,0,1.1013445,0.0709504708647728,0.10505451261997223,0.13892503082752228
YOR273C,YER113C,0,1.1013268,0.07090301066637039,0.10505451261997223,0.13902512192726135
YNL103W,YDR341C,0,1.1013135,0.07085561752319336,0.10505451261997223,0.13912521302700043
YMR089C,YLR050C,0,1.1011276,0.0708082839846611,0.10505451261997223,0.1392253041267395
YMR081C,YDR110W,0,1.1010288,0.07076101750135422,0.10505451261997223,0.13932539522647858
YOR123C,YJR094W-A,0,1.1010076,0.07071381062269211,0.10505451261997223,0.13942548632621765
YOR002W,YBL087C,0,1.1009679,0.07066666334867477,0.10505451261997223,0.13952557742595673
YNL025C,YNR019W,0,1.1008886,0.07061959058046341,0.10505451261997223,0.1396256685256958
YCR028C,YGR174C,0,1.1008716,0.07057256996631622,0.10505451261997223,0.13972575962543488
YER178W,YBR006W,0,1.1008489,0.07052561640739441,0.10505451261997223,0.13982583582401276
YLR153C,YJR083C,0,1.1008484,0.07047872245311737,0.10505451261997223,0.13992592692375183
YPR204W,YMR099C,0,1.1006762,0.0704318955540657,0.10505451261997223,0.1400260180234909
YKL043W,YLR129W,0,1.1005796,0.07038512825965881,0.10505451261997223,0.14012610912322998
YLR154C,YLR130C,0,1.1005719,0.0703384205698967,0.10505451261997223,0.14022620022296906
YDR472W,YDR531W,0,1.1004883,0.07029177993535995,0.10505451261997223,0.14032629132270813
YNR001C,YLR292C,0,1.1004722,0.07024519890546799,0.10505451261997223,0.1404263824224472
YNR021W,YPR010C,0,1.1004666,0.0701986774802208,0.10505451261997223,0.14052647352218628
YLR442C,YJR004C,0,1.1004142,0.07015221565961838,0.10505451261997223,0.14062656462192535
YOR304W,YBR289W,1,1.1003027,0.07076719403266907,0.10604558885097504,0.14062656462192535
YDR404C,YCR072C,0,1.1002209,0.07072041928768158,0.10604558885097504,0.14072665572166443
YMR143W,YPR068C,0,1.100175,0.07067371159791946,0.10604558885097504,0.1408267468214035
YKL112W,YML109W,1,1.1001407,0.0712871253490448,0.10703667253255844,0.1408267468214035
YIR005W,YGR158C,0,1.1001143,0.07124010473489761,0.10703667253255844,0.14092683792114258
YLL022C,YDL140C,1,1.099985,0.07185234129428864,0.10802774876356125,0.14092683792114258
YOR275C,YPL262W,0,1.0999525,0.07180500775575638,0.10802774876356125,0.14102692902088165
YDR303C,YGR002C,1,1.0999463,0.07241605967283249,0.10901883244514465,0.14102692902088165
YHR148W,YLR304C,0,1.0997603,0.07236842066049576,0.10901883244514465,0.14112702012062073
YOR204W,YLR024C,0,1.0997598,0.0723208412528038,0.10901883244514465,0.1412271112203598
YFL038C,YBR141C,0,1.0996636,0.07227332144975662,0.10901883244514465,0.14132718741893768
YMR077C,YOL101C,0,1.0996324,0.07222586870193481,0.10901883244514465,0.14142727851867676
YMR284W,YDL002C,1,1.0995066,0.07283464819192886,0.11000990867614746,0.14142727851867676
YDR007W,YNL172W,0,1.099381,0.07278688251972198,0.11000990867614746,0.14152736961841583
YML021C,YPR204W,0,1.0993354,0.07273918390274048,0.11000990867614746,0.1416274607181549
YHR135C,YDL240W,0,1.099321,0.07269155234098434,0.11000990867614746,0.14172755181789398
YKR064W,YOR311C,0,1.0992553,0.07264398038387299,0.11000990867614746,0.14182764291763306
YOL095C,YHR066W,0,1.0992521,0.0725964680314064,0.11000990867614746,0.14192773401737213
YJR102C,YGR124W,0,1.0991913,0.07254902273416519,0.11000990867614746,0.1420278251171112
YMR012W,YDR018C,0,1.0991763,0.07250162959098816,0.11000990867614746,0.14212791621685028
YJR120W,YPL002C,0,1.0990906,0.0724543109536171,0.11000990867614746,0.14222800731658936
YMR236W,YGL194C,1,1.0990698,0.07305935770273209,0.11100099235773087,0.14222800731658936
YDR343C,YBR196C,0,1.0990505,0.07301173359155655,0.11100099235773087,0.14232809841632843
YHR061C,YHR119W,0,1.0990356,0.07296416908502579,0.11100099235773087,0.1424281895160675
YOL095C,YOR067C,0,1.0990298,0.0729166641831398,0.11100099235773087,0.14252828061580658
YBR289W,YMR298W,0,1.0990162,0.07286922633647919,0.11100099235773087,0.14262837171554565
YHR170W,YGL211W,0,1.0989943,0.07282184809446335,0.11100099235773087,0.14272846281528473
YOR271C,YLR371W,0,1.0989891,0.07277452945709229,0.11100099235773087,0.1428285390138626
YKL054C,YNL156C,0,1.0989572,0.072727270424366,0.11100099235773087,0.14292863011360168
YHR024C,YPR184W,0,1.0986052,0.07268007844686508,0.11100099235773087,0.14302872121334076
YKR034W,YHR105W,0,1.0985512,0.07263294607400894,0.11100099235773087,0.14312881231307983
YEL022W,YCL035C,0,1.0984783,0.07258587330579758,0.11100099235773087,0.1432289034128189
YBR088C,YML109W,1,1.0983396,0.07318653166294098,0.11199206858873367,0.1432289034128189
YJL053W,YJL189W,0,1.0982845,0.07313916087150574,0.11199206858873367,0.14332899451255798
YGL178W,YMR308C,0,1.0981857,0.07309184968471527,0.11199206858873367,0.14342908561229706
YAL044C,YKL040C,0,1.0981438,0.07304460555315018,0.11199206858873367,0.14352917671203613
YGL180W,YDR343C,0,1.0980381,0.07299741357564926,0.11199206858873367,0.1436292678117752
YAL044C,YPR141C,0,1.0980246,0.07295028865337372,0.11199206858873367,0.14372935891151428
YKL150W,YCR012W,0,1.0979213,0.07290322333574295,0.11199206858873367,0.14382945001125336
YML030W,YOL056W,0,1.0978314,0.07285622507333755,0.11199206858873367,0.14392954111099243
YGL141W,YJL129C,0,1.0977986,0.07280927896499634,0.11199206858873367,0.1440296322107315
YKR078W,YPR135W,0,1.0977718,0.0727623924612999,0.11199206858873367,0.14412972331047058
YOR310C,YHR201C,0,1.0975212,0.07271557301282883,0.11199206858873367,0.14422979950904846
YPL087W,YPL113C,0,1.0975105,0.07266881316900253,0.11199206858873367,0.14432989060878754
YMR321C,YLR301W,0,1.0974716,0.07262210547924042,0.11199206858873367,0.1444299817085266
YBR090C-A,YBR088C,1,1.0974501,0.0732177272439003,0.11298315227031708,0.1444299817085266
YPL129W,YLR259C,0,1.097424,0.0731707289814949,0.11298315227031708,0.14453007280826569
YNL149C,YGL167C,0,1.0974231,0.07312379777431488,0.11298315227031708,0.14463016390800476
YER060W,YDR158W,0,1.0974171,0.07307692617177963,0.11298315227031708,0.14473025500774384
YDR088C,YPR041W,0,1.0973954,0.07303010672330856,0.11298315227031708,0.1448303461074829
YLR466W,YMR055C,0,1.0973514,0.07298335433006287,0.11298315227031708,0.14493043720722198
YIL140W,YKL010C,0,1.0973469,0.07293666154146194,0.11298315227031708,0.14503052830696106
YGR282C,YER095W,0,1.0972834,0.0728900283575058,0.11298315227031708,0.14513061940670013
YLR029C,YDR083W,0,1.097176,0.07284344732761383,0.11298315227031708,0.1452307105064392
YNR048W,YPL043W,0,1.097166,0.07279693335294724,0.11298315227031708,0.14533080160617828
YML124C,YJR123W,0,1.0970662,0.07275047898292542,0.11298315227031708,0.14543089270591736
YLR314C,YDR165W,0,1.0970117,0.07270408421754837,0.11298315227031708,0.14553098380565643
YGL113W,YLR090W,0,1.0969074,0.0726577416062355,0.11298315227031708,0.1456310749053955
YAL033W,YBR048W,0,1.0968513,0.07261146605014801,0.11298315227031708,0.1457311511039734
YOR084W,YPR137W,0,1.0967157,0.0725652426481247,0.11298315227031708,0.14583124220371246
YNL081C,YCR077C,0,1.0966647,0.07251908630132675,0.11298315227031708,0.14593133330345154
YDR485C,YGL150C,1,1.0966023,0.07310871034860611,0.11397422850131989,0.14593133330345154
YFL005W,YGR113W,0,1.0965674,0.07306226342916489,0.11397422850131989,0.1460314244031906
YBR010W,YOR304W,1,1.0965216,0.0736507922410965,0.11496531218290329,0.1460314244031906
YLR134W,YDR438W,0,1.0965009,0.07360406219959259,0.11496531218290329,0.1461315155029297
YJR102C,YDL189W,0,1.0964657,0.07355738431215286,0.11496531218290329,0.14623160660266876
YGL005C,YJL096W,0,1.0964278,0.07351077347993851,0.11496531218290329,0.14633169770240784
YBR177C,YDR364C,0,1.0964001,0.07346421480178833,0.11496531218290329,0.1464317888021469
YCR044C,YKR095W,0,1.0963408,0.07341772317886353,0.11496531218290329,0.146531879901886
YPL157W,YHL044W,0,1.0963354,0.0733712837100029,0.11496531218290329,0.14663197100162506
YDL074C,YBR086C,0,1.0963085,0.07332490384578705,0.11496531218290329,0.14673206210136414
YJR029W,YCL051W,0,1.0962963,0.07327858358621597,0.11496531218290329,0.1468321532011032
YCR044C,YPL177C,0,1.096224,0.07323232293128967,0.11496531218290329,0.14693224430084229
YLR403W,YIL133C,0,1.0961847,0.07318612188100815,0.11496531218290329,0.14703233540058136
YJR060W,YEL050C,0,1.0961536,0.0731399729847908,0.11496531218290329,0.14713242650032043
YOL004W,YOL006C,1,1.0961412,0.07372400909662247,0.1159563958644867,0.14713242650032043
YDR065W,YNL297C,0,1.0961143,0.07367758452892303,0.1159563958644867,0.14723250269889832
YDR139C,YOR109W,0,1.0959787,0.07363121211528778,0.1159563958644867,0.1473325937986374
YBR112C,YOR004W,0,1.0956856,0.0735849067568779,0.1159563958644867,0.14743268489837646
YDR507C,YKL196C,0,1.0956267,0.0735386535525322,0.1159563958644867,0.14753277599811554
YML059C,YML107C,0,1.095608,0.07349245995283127,0.1159563958644867,0.14763286709785461
YIL053W,YJL008C,0,1.0955857,0.07344632595777512,0.1159563958644867,0.1477329581975937
YGL198W,YJL117W,0,1.0955598,0.07340025156736374,0.1159563958644867,0.14783304929733276
YCL027W,YOL141W,0,1.0955595,0.07335422933101654,0.1159563958644867,0.14793314039707184
YBR112C,YNL088W,1,1.0955238,0.07393483817577362,0.1169474720954895,0.14793314039707184
YGR276C,YAL062W,0,1.0953413,0.07388854026794434,0.1169474720954895,0.1480332314968109
YIL051C,YOR222W,0,1.0953411,0.07384230196475983,0.1169474720954895,0.14813332259655
YIL130W,YKL201C,0,1.0952415,0.07379612326622009,0.1169474720954895,0.14823341369628906
YDR451C,YKL130C,0,1.0952289,0.07374999672174454,0.1169474720954895,0.14833350479602814
YDL017W,YOR269W,0,1.0952076,0.07370393723249435,0.1169474720954895,0.1484335958957672
YPL123C,YEL069C,0,1.0951692,0.07365792989730835,0.1169474720954895,0.1485336869955063
YNL094W,YGR283C,0,1.0951351,0.07361197471618652,0.1169474720954895,0.14863376319408417
YPR182W,YDR310C,0,1.0951271,0.07356608659029007,0.1169474720954895,0.14873385429382324
YHR111W,YJL096W,0,1.0950986,0.0735202506184578,0.1169474720954895,0.14883394539356232
YNL059C,YHR119W,1,1.0950515,0.07409713417291641,0.1179385557770729,0.14883394539356232
YOL055C,YER140W,0,1.0950444,0.07405102998018265,0.1179385557770729,0.1489340364933014
YOR126C,YLL021W,0,1.095022,0.07400497794151306,0.1179385557770729,0.14903412759304047
YML129C,YOL052C-A,0,1.0950087,0.07395897805690765,0.1179385557770729,0.14913421869277954
YER053C,YPL056C,0,1.0947541,0.07391304522752762,0.1179385557770729,0.14923430979251862
YDR167W,YLR450W,0,1.0947438,0.07386716455221176,0.1179385557770729,0.1493344008922577
YJL115W,YGR274C,1,1.0947388,0.07444168627262115,0.11892963200807571,0.1493344008922577
YFR007W,YPL206C,0,1.0947098,0.07439553737640381,0.11892963200807571,0.14943449199199677
YLR403W,YGR184C,0,1.0946196,0.07434944063425064,0.11892963200807571,0.14953458309173584
YKL138C,YCL054W,0,1.0945294,0.07430340349674225,0.11892963200807571,0.14963467419147491
YHR001W-A,YHR046C,0,1.0945263,0.07425742596387863,0.11892963200807571,0.149734765291214
YPL042C,YCR012W,0,1.0944175,0.0742115005850792,0.11892963200807571,0.14983485639095306
YPL127C,YPL235W,1,1.0943149,0.07478368282318115,0.11992071568965912,0.14983485639095306
YOR002W,YER143W,0,1.0942223,0.07473748922348022,0.11992071568965912,0.14993494749069214
YLR164W,YGL195W,0,1.0942185,0.07469135522842407,0.11992071568965912,0.1500350385904312
YBR085W,YKR062W,0,1.0942122,0.0746452808380127,0.11992071568965912,0.1501351147890091
YPR166C,YPR196W,0,1.0941938,0.0745992586016655,0.11992071568965912,0.15023520588874817
YNL135C,YDR310C,1,1.0940783,0.07516943663358688,0.12091179192066193,0.15023520588874817
YPR049C,YCR086W,0,1.0939736,0.07512315362691879,0.12091179192066193,0.15033529698848724
YER088C,YDR073W,1,1.0939713,0.0756923109292984,0.12190287560224533,0.15033529698848724
YDR365C,YLL050C,0,1.0939186,0.07564575970172882,0.12190287560224533,0.15043538808822632
YLR239C,YBR042C,0,1.0939173,0.07559926062822342,0.12190287560224533,0.1505354791879654
YKL117W,YEL065W,0,1.0939153,0.07555282860994339,0.12190287560224533,0.15063557028770447
YER012W,YPR122W,0,1.0938418,0.07550644874572754,0.12190287560224533,0.15073566138744354
YNL021W,YGL194C,1,1.0938418,0.07607361674308777,0.12289395183324814,0.15073566138744354
YMR229C,YLR313C,0,1.0937095,0.07602697610855103,0.12289395183324814,0.15083575248718262
YKL179C,YMR002W,0,1.0936558,0.07598039507865906,0.12289395183324814,0.1509358435869217
YFL038C,YGL136C,0,1.093628,0.07593386620283127,0.12289395183324814,0.15103593468666077
YGR282C,YDL149W,0,1.0935762,0.07588738948106766,0.12289395183324814,0.15113602578639984
YNL103W,YGR189C,0,1.0935699,0.07584097981452942,0.12289395183324814,0.15123611688613892
YDR329C,YLR382C,0,1.0935364,0.07579462230205536,0.12289395183324814,0.151336207985878
YPL036W,YOL026C,0,1.093399,0.07574831694364548,0.12289395183324814,0.15143629908561707
YER087W,YML100W,0,1.0932473,0.07570207864046097,0.12289395183324814,0.15153639018535614
YDR298C,YOR275C,0,1.0932456,0.07565588504076004,0.12289395183324814,0.15163646638393402
YDR055W,YDR227W,0,1.0932262,0.07560975849628448,0.12289395183324814,0.1517365574836731
YOR138C,YOL004W,0,1.0931818,0.07556368410587311,0.12289395183324814,0.15183664858341217
YGL213C,YCL031C,0,1.0931795,0.07551766186952591,0.12289395183324814,0.15193673968315125
YDR146C,YLR439W,0,1.09315,0.07547169923782349,0.12289395183324814,0.15203683078289032
YDL136W,YOR316C,0,1.0931399,0.07542578876018524,0.12289395183324814,0.1521369218826294
YKR075C,YJL065C,0,1.0930247,0.07537993788719177,0.12289395183324814,0.15223701298236847
YEL038W,YKL182W,0,1.093024,0.07533414661884308,0.12289395183324814,0.15233710408210754
YPL140C,YFR018C,0,1.0928649,0.07528840005397797,0.12289395183324814,0.15243719518184662
YMR131C,YGL085W,0,1.0928452,0.07524272054433823,0.12289395183324814,0.1525372862815857
YDR298C,YHR039C-B,0,1.0928303,0.07519708573818207,0.12289395183324814,0.15263737738132477
YDR179C,YML087C,0,1.0927708,0.07515151798725128,0.12289395183324814,0.15273746848106384
YNL163C,YLR131C,0,1.0927619,0.07510599493980408,0.12289395183324814,0.15283755958080292
YLR285W,YDR439W,1,1.0926485,0.07566586136817932,0.12388503551483154,0.15283755958080292
YOR131C,YCR002C,0,1.0926218,0.07562008500099182,0.12388503551483154,0.152937650680542
YGR174C,YGR097W,0,1.0925088,0.0755743682384491,0.12388503551483154,0.15303772687911987
YOR391C,YOL071W,0,1.0924649,0.07552870362997055,0.12388503551483154,0.15313781797885895
YOR338W,YBR291C,0,1.0924358,0.07548309117555618,0.12388503551483154,0.15323790907859802
YHR119W,YBL052C,1,1.0923738,0.07604103535413742,0.12487611174583435,0.15323790907859802
YDR090C,YDR420W,0,1.0923318,0.07599517703056335,0.12487611174583435,0.1533380001783371
YML010W,YBR010W,1,1.0922469,0.0765521377325058,0.12586718797683716,0.1533380001783371
YML012W,YDL045C,0,1.0922151,0.07650602608919144,0.12586718797683716,0.15343809127807617
YPL090C,YER007C-A,0,1.0921572,0.07645996659994125,0.12586718797683716,0.15353818237781525
YLR309C,YBR100W,0,1.0920988,0.07641395926475525,0.12586718797683716,0.15363827347755432
YNL137C,YMR009W,0,1.0920154,0.07636801153421402,0.12586718797683716,0.1537383645772934
YER055C,YLR352W,0,1.0920006,0.07632211595773697,0.12586718797683716,0.15383845567703247
YGR116W,YBR215W,1,1.0917649,0.07687687873840332,0.12685827910900116,0.15383845567703247
YJL096W,YCR063W,0,1.0917482,0.07683072984218597,0.12685827910900116,0.15393854677677155
YGR156W,YJL081C,0,1.091745,0.0767846405506134,0.12685827910900116,0.15403863787651062
YPL049C,YOR106W,0,1.0917424,0.07673861086368561,0.12685827910900116,0.1541387289762497
YBR275C,YER148W,0,1.0917182,0.07669263333082199,0.12685827910900116,0.15423882007598877
YBR112C,YOL142W,0,1.0916357,0.07664670795202255,0.12685827910900116,0.15433891117572784
YPR048W,YKR095W,0,1.0916148,0.07660083472728729,0.12685827910900116,0.15443900227546692
YGL063W,YOR162C,0,1.0915778,0.07655502110719681,0.12685827910900116,0.1545390784740448
YMR044W,YDR155C,1,1.0913097,0.07710698992013931,0.12784935534000397,0.1545390784740448
YJR120W,YHR116W,0,1.0912902,0.07706093043088913,0.12784935534000397,0.15463916957378387
YER113C,YLR442C,0,1.0912324,0.07701492309570312,0.12784935534000397,0.15473926067352295
YFL033C,YGL169W,0,1.091216,0.0769689753651619,0.12784935534000397,0.15483935177326202
YDR347W,YKR034W,0,1.0911614,0.07692307978868484,0.12784935534000397,0.1549394428730011
YOR386W,YMR061W,0,1.0910897,0.07687723636627197,0.12784935534000397,0.15503953397274017
YER125W,YBR238C,0,1.0910821,0.07683144509792328,0.12784935534000397,0.15513962507247925
YJR126C,YAL054C,0,1.0910714,0.07678571343421936,0.12784935534000397,0.15523971617221832
YDL015C,YLR001C,0,1.0910552,0.07674003392457962,0.12784935534000397,0.1553398072719574
YLR113W,YBR279W,0,1.0910085,0.07669441401958466,0.12784935534000397,0.15543989837169647
YOR304W,YML109W,1,1.090967,0.07724301517009735,0.12884043157100677,0.15543989837169647
YLR288C,YFR036W,0,1.0908587,0.07719714939594269,0.12884043157100677,0.15553998947143555
YKL182W,YKL095W,0,1.0908428,0.0771513357758522,0.12884043157100677,0.15564008057117462
YBR010W,YHL025W,1,1.0907437,0.07769869267940521,0.12983152270317078,0.15564008057117462
YKL195W,YMR226C,0,1.0907052,0.07765264064073563,0.12983152270317078,0.1557401716709137
YPL028W,YML107C,0,1.0906533,0.07760663330554962,0.12983152270317078,0.15584026277065277
YDR140W,YIL112W,0,1.0905982,0.07756068557500839,0.12983152270317078,0.15594033896923065
YPL106C,YJL004C,0,1.0904417,0.07751478999853134,0.12983152270317078,0.15604043006896973
YOR285W,YJR084W,0,1.0903561,0.07746895402669907,0.12983152270317078,0.1561405211687088
YNR033W,YER013W,0,1.0903109,0.07742317020893097,0.12983152270317078,0.15624061226844788
YNL135C,YLR272C,1,1.0902989,0.07796810567378998,0.13082259893417358,0.15624061226844788
YCL052C,YPR163C,0,1.09027,0.07792207598686218,0.13082259893417358,0.15634070336818695
YKL058W,YMR008C,0,1.0901985,0.07787610590457916,0.13082259893417358,0.15644079446792603
YKL017C,YGR202C,0,1.0901536,0.07783018797636032,0.13082259893417358,0.1565408855676651
YLR067C,YER087C-A,0,1.0901484,0.07778432220220566,0.13082259893417358,0.15664097666740417
YML081W,YJR078W,0,1.0900677,0.07773851603269577,0.13082259893417358,0.15674106776714325
YML054C,YGR003W,0,1.0900182,0.07769276201725006,0.13082259893417358,0.15684115886688232
YDR110W,YKR010C,1,1.0899597,0.07823529094457626,0.1318136751651764,0.15684115886688232
YAL029C,YIL004C,0,1.0899202,0.07818929851055145,0.1318136751651764,0.1569412499666214
YOR136W,YJL035C,0,1.089867,0.07814335823059082,0.1318136751651764,0.15704134106636047
YHR103W,YDL031W,0,1.0898218,0.07809747755527496,0.1318136751651764,0.15714143216609955
YJL206C,YKR028W,0,1.0898057,0.07805164158344269,0.1318136751651764,0.15724152326583862
YDR472W,YER074W,0,1.0895828,0.07800586521625519,0.1318136751651764,0.1573416143655777
YDR243C,YGL058W,0,1.0895685,0.07796014100313187,0.1318136751651764,0.15744169056415558
YHR036W,YLL006W,0,1.0895188,0.07791446894407272,0.1318136751651764,0.15754178166389465
YDL184C,YPR097W,0,1.0894469,0.07786884903907776,0.1318136751651764,0.15764187276363373
YDR310C,YGL112C,1,1.0894223,0.07840842753648758,0.1328047513961792,0.15764187276363373
YOR032C,YNR019W,0,1.0894037,0.07836257666349411,0.1328047513961792,0.1577419638633728
YDR170W-A,YDR026C,0,1.0894008,0.07831677049398422,0.1328047513961792,0.15784205496311188
YBR283C,YBR175W,0,1.089389,0.07827103137969971,0.1328047513961792,0.15794214606285095
YPL110C,YDR050C,0,1.0893804,0.07822533696889877,0.1328047513961792,0.15804223716259003
YFL023W,YNL102W,0,1.0893741,0.07817969471216202,0.1328047513961792,0.1581423282623291
YDR128W,YGL220W,0,1.089367,0.07813411206007004,0.1328047513961792,0.15824241936206818
YGR281W,YGR106C,0,1.0893371,0.07808858156204224,0.1328047513961792,0.15834251046180725
YEL039C,YML133C,0,1.0892767,0.07804309576749802,0.1328047513961792,0.15844260156154633
YHL025W,YBR289W,1,1.0892078,0.07857974618673325,0.1337958425283432,0.15844260156154633
YIL022W,YPR171W,0,1.089196,0.07853402942419052,0.1337958425283432,0.1585426926612854
YNL059C,YOL006C,1,1.0891867,0.07906977087259293,0.134786918759346,0.1585426926612854
YML049C,YGR177C,0,1.0891528,0.0790238231420517,0.134786918759346,0.15864278376102448
YNL250W,YBR129C,0,1.0890315,0.07897793501615524,0.134786918759346,0.15874287486076355
YNL307C,YLR023C,0,1.0890305,0.07893209159374237,0.134786918759346,0.15884296596050262
YKL094W,YLR201C,0,1.0889723,0.07888630777597427,0.134786918759346,0.1589430421590805
YBL020W,YPL049C,0,1.0889328,0.07884057611227036,0.134786918759346,0.15904313325881958
YGL194C,YCR020C,0,1.0887502,0.07879490405321121,0.134786918759346,0.15914322435855865
YJL198W,YLR427W,0,1.0887215,0.07874927669763565,0.134786918759346,0.15924331545829773
YNR013C,YIL106W,0,1.0886961,0.07870370149612427,0.134786918759346,0.1593434065580368
YDR381W,YBR030W,0,1.0886482,0.07865818589925766,0.134786918759346,0.15944349765777588
YIL061C,YDR096W,0,1.088603,0.07861271500587463,0.134786918759346,0.15954358875751495
YLR029C,YGL198W,0,1.0886015,0.07856730371713638,0.134786918759346,0.15964367985725403
YPR063C,YNR055C,0,1.0884559,0.07852193713188171,0.134786918759346,0.1597437709569931
YER180C,YJL173C,0,1.0883347,0.07847663015127182,0.134786918759346,0.15984386205673218
YOR187W,YNR003C,0,1.088323,0.0784313753247261,0.134786918759346,0.15994395315647125
YCR012W,YLR001C,0,1.0883123,0.07838616520166397,0.134786918759346,0.16004404425621033
YPR068C,YDR190C,1,1.0882959,0.07891704887151718,0.13577799499034882,0.16004404425621033
YGR058W,YML009C,0,1.0882615,0.07887161523103714,0.13577799499034882,0.1601441353559494
YDL087C,YGL198W,0,1.0882454,0.07882623374462128,0.13577799499034882,0.16024422645568848
YIL108W,YOR061W,0,1.0882418,0.07878091186285019,0.13577799499034882,0.16034430265426636
YOL040C,YKL138C,0,1.0881505,0.07873563468456268,0.13577799499034882,0.16044439375400543
YML125C,YNL302C,0,1.0881199,0.07869040966033936,0.13577799499034882,0.1605444848537445
YDL170W,YBR010W,0,1.0880313,0.0786452367901802,0.13577799499034882,0.16064457595348358
YNL304W,YML094W,0,1.0879463,0.07860011607408524,0.13577799499034882,0.16074466705322266
YDR140W,YER020W,0,1.087923,0.07855504751205444,0.13577799499034882,0.16084475815296173
YPL091W,YBL052C,0,1.0879086,0.07851003110408783,0.13577799499034882,0.1609448492527008
YKL183W,YBR187W,0,1.0878842,0.0784650593996048,0.13577799499034882,0.16104494035243988
YER177W,YJL198W,0,1.0878731,0.07842014729976654,0.13577799499034882,0.16114503145217896
YGL148W,YLR212C,0,1.0877382,0.07837528735399246,0.13577799499034882,0.16124512255191803
YOR221C,YMR319C,0,1.0876738,0.07833047211170197,0.13577799499034882,0.1613452136516571
YLL021W,YLR414C,0,1.0876504,0.07828571647405624,0.13577799499034882,0.16144530475139618
YMR131C,YJR060W,0,1.0876501,0.0782410055398941,0.13577799499034882,0.16154539585113525
YEL038W,YPL221W,0,1.0876464,0.07819634675979614,0.13577799499034882,0.16164548695087433
YIR018W,YIL144W,0,1.0875981,0.07815174013376236,0.13577799499034882,0.1617455780506134
YLR109W,YMR186W,0,1.0875579,0.07810718566179276,0.13577799499034882,0.16184565424919128
YGR024C,YOR264W,0,1.0875571,0.07806267589330673,0.13577799499034882,0.16194574534893036
YNL066W,YPL085W,0,1.0875347,0.07801822572946548,0.13577799499034882,0.16204583644866943
YBR115C,YDR536W,0,1.0875238,0.07797382026910782,0.13577799499034882,0.1621459275484085
YDR304C,YNL153C,0,1.0875121,0.07792946696281433,0.13577799499034882,0.16224601864814758
YJR065C,YDL105W,0,1.0874748,0.07788515836000443,0.13577799499034882,0.16234610974788666
YPL110C,YLR333C,0,1.0873959,0.0778409093618393,0.13577799499034882,0.16244620084762573
YNL136W,YJL191W,0,1.0873616,0.07779670506715775,0.13577799499034882,0.1625462919473648
YPR098C,YDL211C,0,1.0873246,0.07775255292654037,0.13577799499034882,0.16264638304710388
YGL139W,YKL161C,0,1.0871818,0.07770845293998718,0.13577799499034882,0.16274647414684296
YKL180W,YIL087C,0,1.0871423,0.07766439765691757,0.13577799499034882,0.16284656524658203
YKL112W,YML069W,1,1.087102,0.07818696647882462,0.13676907122135162,0.16284656524658203
YMR243C,YHR149C,0,1.0870913,0.0781426951289177,0.13676907122135162,0.1629466563463211
YGL133W,YBR112C,1,1.0869737,0.0786643996834755,0.13776016235351562,0.1629466563463211
YDL003W,YGL061C,0,1.0869519,0.07861991226673126,0.13776016235351562,0.16304674744606018
YLL018C,YDR318W,0,1.0868801,0.07857546955347061,0.13776016235351562,0.16314683854579926
YHL025W,YPL153C,1,1.086848,0.07909604161977768,0.13875123858451843,0.16314683854579926
YER110C,YGL137W,0,1.0867038,0.07905138283967972,0.13875123858451843,0.16324692964553833
YGL194C,YDR236C,0,1.0866786,0.07900676876306534,0.13875123858451843,0.1633470058441162
YIL177C,YLL024C,0,1.0866381,0.07896221429109573,0.13875123858451843,0.16344709694385529
YMR051C,YPL213W,0,1.0865872,0.07891769707202911,0.13875123858451843,0.16354718804359436
YOR138C,YEL058W,0,1.0865448,0.07887323945760727,0.13875123858451843,0.16364727914333344
YDR254W,YGL241W,0,1.0864791,0.078828826546669,0.13875123858451843,0.1637473702430725
YMR223W,YLR055C,1,1.0863829,0.07934721559286118,0.13974231481552124,0.1637473702430725
YKL194C,YBR213W,0,1.0862588,0.0793025866150856,0.13974231481552124,0.16384746134281158
YDR127W,YIL125W,0,1.0862325,0.0792580097913742,0.13974231481552124,0.16394755244255066
YER022W,YJL176C,0,1.0862304,0.07921348512172699,0.13974231481552124,0.16404764354228973
YIL034C,YNR055C,0,1.0861244,0.07916900515556335,0.13974231481552124,0.1641477346420288
YCL061C,YML127W,1,1.0860983,0.0796857476234436,0.14073340594768524,0.1641477346420288
YIL009C-A,YIL101C,0,1.0860618,0.07964105159044266,0.14073340594768524,0.16424782574176788
YLR214W,YKL014C,0,1.0860306,0.07959641516208649,0.14073340594768524,0.16434791684150696
YDR091C,YHL031C,0,1.0859507,0.0795518234372139,0.14073340594768524,0.16444800794124603
YAL048C,YIL101C,0,1.0859019,0.07950727641582489,0.14073340594768524,0.1645480990409851
YKR036C,YBR052C,0,1.0856955,0.07946278899908066,0.14073340594768524,0.16464819014072418
YFL061W,YEL020W-A,0,1.0856937,0.07941834628582001,0.14073340594768524,0.16474826633930206
YMR040W,YIL126W,0,1.0856352,0.07937394827604294,0.14073340594768524,0.16484835743904114
YDR108W,YNL180C,0,1.085586,0.07932960987091064,0.14073340594768524,0.1649484485387802
YOL165C,YOR291W,0,1.0855142,0.07928531616926193,0.14073340594768524,0.1650485396385193
YGR061C,YBR119W,0,1.085514,0.0792410746216774,0.14073340594768524,0.16514863073825836
YDR207C,YHL034C,0,1.0854108,0.07919687777757645,0.14073340594768524,0.16524872183799744
YDL047W,YPR070W,0,1.0853658,0.07915273308753967,0.14073340594768524,0.1653488129377365
YGL207W,YBR112C,1,1.0853541,0.07966573536396027,0.14172448217868805,0.1653488129377365
YIL070C,YLR315W,0,1.0851512,0.07962138205766678,0.14172448217868805,0.16544890403747559
YBR003W,YBL100W-B,0,1.0850776,0.07957707345485687,0.14172448217868805,0.16554899513721466
YJL127C,YJR049C,0,1.0850661,0.07953281700611115,0.14172448217868805,0.16564908623695374
YER130C,YDL130W,0,1.0850565,0.079488605260849,0.14172448217868805,0.1657491773366928
YMR240C,YGR211W,0,1.0850489,0.07944444566965103,0.14172448217868805,0.16584926843643188
YLR183C,YAL020C,0,1.0849674,0.07940033078193665,0.14172448217868805,0.16594935953617096
YNL151C,YKR035W-A,0,1.084967,0.07935626804828644,0.14172448217868805,0.16604945063591003
YPL234C,YOL142W,0,1.0848161,0.07931225746870041,0.14172448217868805,0.1661495417356491
YNL306W,YDR303C,0,1.0847955,0.07926829159259796,0.14172448217868805,0.166249617934227
YMR192W,YJL178C,0,1.0847636,0.07922437787055969,0.14172448217868805,0.16634970903396606
YHL011C,YBR222C,0,1.0847564,0.079180508852005,0.14172448217868805,0.16644980013370514
YNL103W,YJL136C,0,1.0846964,0.0791366919875145,0.14172448217868805,0.1665498912334442
YLR399C,YBL052C,1,1.0846746,0.0796460211277008,0.14271555840969086,0.1665498912334442
YDR087C,YBR130C,0,1.0846703,0.07960198819637299,0.14271555840969086,0.1666499823331833
YML113W,YDR164C,0,1.0846198,0.07955800741910934,0.14271555840969086,0.16675007343292236
YDL185W,YIL004C,0,1.0845234,0.07951407879590988,0.14271555840969086,0.16685016453266144
YNL138W,YPR118W,0,1.0845039,0.0794702023267746,0.14271555840969086,0.1669502556324005
YER061C,YOR386W,0,1.0844706,0.0794263631105423,0.14271555840969086,0.1670503467321396
YPL082C,YDR213W,0,1.0844492,0.07938258349895477,0.14271555840969086,0.16715043783187866
YAR009C,YKL156W,0,1.0843377,0.07933884114027023,0.14271555840969086,0.16725052893161774
YPL171C,YGR054W,0,1.0843065,0.07929515093564987,0.14271555840969086,0.1673506200313568
YOR232W,YFR021W,0,1.0842464,0.07925151288509369,0.14271555840969086,0.1674507111310959
YOR310C,YER108C,0,1.0842078,0.07920791953802109,0.14271555840969086,0.16755080223083496
YBR193C,YDR059C,0,1.0841459,0.07916437834501266,0.14271555840969086,0.16765087842941284
YGL112C,YBR089C-A,1,1.084124,0.07967033237218857,0.14370663464069366,0.16765087842941284
YBR084W,YOR298W,0,1.0840997,0.07962657511234283,0.14370663464069366,0.16775096952915192
YFL013C,YGL150C,1,1.0840515,0.08013172447681427,0.14469772577285767,0.16775096952915192
YKR037C,YMR243C,0,1.0840333,0.08008776605129242,0.14469772577285767,0.167851060628891
YGR193C,YKL145W,0,1.0839623,0.08004385977983475,0.14469772577285767,0.16795115172863007
YGL190C,YDR422C,0,1.0839467,0.07999999821186066,0.14469772577285767,0.16805124282836914
YGR244C,YML094W,0,1.083862,0.07995618879795074,0.14469772577285767,0.16815133392810822
YHR061C,YKL067W,0,1.0838567,0.07991242408752441,0.14469772577285767,0.1682514250278473
YJR082C,YIL038C,0,1.0838033,0.07986871153116226,0.14469772577285767,0.16835151612758636
YNL194C,YLR350W,0,1.0837591,0.07982504367828369,0.14469772577285767,0.16845160722732544
YBL061C,YDL217C,0,1.0837284,0.0797814205288887,0.14469772577285767,0.16855169832706451
YNL306W,YPR070W,0,1.0837134,0.07973784953355789,0.14469772577285767,0.1686517894268036
YGL122C,YCR097WB,0,1.083641,0.07969432324171066,0.14469772577285767,0.16875188052654266
YKL014C,YPR072W,0,1.0834584,0.07965084910392761,0.14469772577285767,0.16885197162628174
YMR203W,YPL156C,0,1.0833753,0.07960741221904755,0.14469772577285767,0.1689520627260208
YPL106C,YMR318C,0,1.0833542,0.07956403493881226,0.14469772577285767,0.1690521538257599
YNL176C,YLR001C,0,1.0833482,0.07952069491147995,0.14469772577285767,0.16915223002433777
YLR008C,YDL148C,0,1.0833218,0.07947740703821182,0.14469772577285767,0.16925232112407684
YBR158W,YDL208W,0,1.0832702,0.07943416386842728,0.14469772577285767,0.16935241222381592
YKL196C,YMR292W,0,1.0832437,0.07939097285270691,0.14469772577285767,0.169452503323555
YPR156C,YIR023W,0,1.0832212,0.07934782654047012,0.14469772577285767,0.16955259442329407
YKL020C,YOL056W,0,1.0831931,0.07930472493171692,0.14469772577285767,0.16965268552303314
YFR031C,YKL144C,0,1.0831605,0.0792616754770279,0.14469772577285767,0.16975277662277222
YCR075C,YGR085C,0,1.0829821,0.07921866327524185,0.14469772577285767,0.1698528677225113
YKL020C,YDR330W,0,1.0828925,0.07917570322751999,0.14469772577285767,0.16995295882225037
YDR473C,YBR097W,0,1.0828805,0.07913278788328171,0.14469772577285767,0.17005304992198944
YHR118C,YDR190C,1,1.0827913,0.07963163405656815,0.14568880200386047,0.17005304992198944
YLR099C,YGR223C,0,1.0827417,0.07958852499723434,0.14568880200386047,0.17015314102172852
YLR360W,YEL037C,0,1.0827404,0.07954545319080353,0.14568880200386047,0.1702532321214676
YKL077W,YCL054W,0,1.082719,0.07950243353843689,0.14568880200386047,0.17035332322120667
YIR017C,YCR004C,0,1.0827041,0.07945945858955383,0.14568880200386047,0.17045341432094574
YNL190W,YLR343W,0,1.0826257,0.07941652834415436,0.14568880200386047,0.17055350542068481
YMR306W,YPL056C,0,1.082546,0.07937365025281906,0.14568880200386047,0.1706535816192627
YDR387C,YLR352W,0,1.0824767,0.07933081686496735,0.14568880200386047,0.17075367271900177
YDR390C,YML133C,0,1.0823916,0.07928802818059921,0.14568880200386047,0.17085376381874084
YIL132C,YKL010C,0,1.0822798,0.07924528419971466,0.14568880200386047,0.17095385491847992
YEL044W,YPR017C,0,1.0822568,0.07920258492231369,0.14568880200386047,0.171053946018219
YNL243W,YOL138C,0,1.0822542,0.0791599377989769,0.14568880200386047,0.17115403711795807
YMR208W,YGR220C,0,1.0822529,0.07911732792854309,0.14568880200386047,0.17125412821769714
YOR162C,YOR151C,0,1.0822176,0.07907477021217346,0.14568880200386047,0.17135421931743622
YOL012C,YNL107W,1,1.0821964,0.07956989109516144,0.14667987823486328,0.17135421931743622
YOR172W,YDR226W,0,1.0820975,0.07952713966369629,0.14667987823486328,0.1714543104171753
YPL235W,YDR073W,1,1.0820494,0.08002148568630219,0.1476709544658661,0.1714543104171753
YIL046W,YHR207C,0,1.0820342,0.07997852563858032,0.1476709544658661,0.17155440151691437
YIL033C,YGR221C,0,1.0819377,0.07993562519550323,0.1476709544658661,0.17165449261665344
YLR309C,YBR046C,0,1.0819242,0.07989276200532913,0.1476709544658661,0.17175458371639252
YDR403W,YIL062C,0,1.0819128,0.07984994351863861,0.1476709544658661,0.1718546748161316
YLL053C,YGR081C,0,1.0818226,0.07980717718601227,0.1476709544658661,0.17195476591587067
YIR025W,YDR170C,0,1.0817658,0.0797644555568695,0.1476709544658661,0.17205484211444855
YCL014W,YGR109W-B,0,1.0816759,0.07972177863121033,0.1476709544658661,0.17215493321418762
YJR060W,YDL120W,0,1.0816566,0.07967914640903473,0.1476709544658661,0.1722550243139267
YOR279C,YML070W,0,1.0816495,0.07963655889034271,0.1476709544658661,0.17235511541366577
YJR076C,YAL034W-A,0,1.0816479,0.07959401607513428,0.1476709544658661,0.17245520651340485
YGL087C,YLR055C,0,1.0816354,0.07955151796340942,0.1476709544658661,0.17255529761314392
YHL006C,YPR008W,0,1.0815647,0.07950907200574875,0.1476709544658661,0.172655388712883
YGR288W,YGL139W,0,1.0815549,0.07946666330099106,0.1476709544658661,0.17275547981262207
YPL233W,YMR282C,0,1.0813832,0.07942430675029755,0.1476709544658661,0.17285557091236115
YBR172C,YDR430C,0,1.0813259,0.07938199490308762,0.1476709544658661,0.17295566201210022
YDR105C,YGR274C,0,1.0813174,0.07933972030878067,0.1476709544658661,0.1730557531118393
YPL001W,YHR036W,0,1.0811325,0.0792974978685379,0.1476709544658661,0.17315584421157837
YBR112C,YLR442C,1,1.0810845,0.0797872319817543,0.1486620455980301,0.17315584421157837
YPL042C,YKL007W,0,1.0809103,0.07974481582641602,0.1486620455980301,0.17325593531131744
YOR261C,YIL070C,0,1.0808351,0.07970244437456131,0.1486620455980301,0.17335602641105652
YIR015W,YML112W,0,1.080833,0.07966011762619019,0.1486620455980301,0.1734561175107956
YJL170C,YGL063W,0,1.0807849,0.07961783558130264,0.1486620455980301,0.17355619370937347
YDR071C,YGL256W,0,1.0807837,0.07957559823989868,0.1486620455980301,0.17365628480911255
YMR276W,YML091C,0,1.0807816,0.0795334056019783,0.1486620455980301,0.17375637590885162
YOR271C,YFL066C,0,1.0807774,0.0794912576675415,0.1486620455980301,0.1738564670085907
YBR034C,YPR072W,0,1.0807502,0.07944915443658829,0.1486620455980301,0.17395655810832977
YCR087C-A,YJL200C,0,1.0807065,0.07940709590911865,0.1486620455980301,0.17405664920806885
YBL058W,YER114C,0,1.0806365,0.0793650820851326,0.1486620455980301,0.17415674030780792
YIR012W,YJL041W,0,1.0805485,0.07932311296463013,0.1486620455980301,0.174256831407547
YKL199C,YAR018C,0,1.080495,0.07928118109703064,0.1486620455980301,0.17435692250728607
YGR026W,YDR212W,0,1.0803832,0.07923930138349533,0.1486620455980301,0.17445701360702515
YFL036W,YHR061C,0,1.0803819,0.0791974663734436,0.1486620455980301,0.17455710470676422
YDR086C,YDL015C,0,1.0803765,0.07915567606687546,0.1486620455980301,0.1746571958065033
YOR388C,YNL147W,0,1.080327,0.0791139230132103,0.1486620455980301,0.17475728690624237
YER019C-A,YKL032C,0,1.080262,0.07907222211360931,0.1486620455980301,0.17485737800598145
YNL145W,YLL050C,0,1.0802442,0.07903055846691132,0.1486620455980301,0.17495746910572052
YDL067C,YDR170W-A,0,1.0802122,0.0789889395236969,0.1486620455980301,0.1750575453042984
YOL003C,YGR044C,0,1.0801926,0.07894736528396606,0.1486620455980301,0.17515763640403748
YEL054C,YGR129W,0,1.0801883,0.07890583574771881,0.1486620455980301,0.17525772750377655
YPL137C,YLR032W,0,1.0801654,0.07886435091495514,0.1486620455980301,0.17535781860351562
YLR277C,YPR161C,0,1.0800843,0.07882291078567505,0.1486620455980301,0.1754579097032547
YHR118C,YAL011W,1,1.0800296,0.0793067216873169,0.1496531218290329,0.1754579097032547
YEL001C,YER093C,0,1.0800146,0.07926509529352188,0.1496531218290329,0.17555800080299377
YNL010W,YDR494W,0,1.0800022,0.07922350615262985,0.1496531218290329,0.17565809190273285
YGL227W,YHR122W,0,1.0799029,0.0791819617152214,0.1496531218290329,0.17575818300247192
YFL011W,YDR320C-A,0,1.0798936,0.07914046198129654,0.1496531218290329,0.175858274102211
YBR301W,YDR478W,0,1.0798681,0.07909900695085526,0.1496531218290329,0.17595836520195007
YGR001C,YGR218W,0,1.0798428,0.07905758917331696,0.1496531218290329,0.17605845630168915
YHR202W,YNR045W,0,1.0798326,0.07901622354984283,0.1496531218290329,0.17615854740142822
YBL005W-B,YHR116W,0,1.0797935,0.0789748951792717,0.1496531218290329,0.1762586385011673
YJL087C,YDL102W,0,1.0796676,0.07893361151218414,0.1496531218290329,0.17635872960090637
YBR207W,YIL075C,0,1.0795994,0.07889237254858017,0.1496531218290329,0.17645880579948425
YLR107W,YIL043C,0,1.07957,0.07885117828845978,0.1496531218290329,0.17655889689922333
YER133W,YIL033C,0,1.0795263,0.07881002128124237,0.1496531218290329,0.1766589879989624
YPL074W,YBR128C,0,1.0794913,0.07876890897750854,0.1496531218290329,0.17675907909870148
YLR333C,YDL055C,0,1.0794675,0.0787278413772583,0.1496531218290329,0.17685917019844055
YPR158W-B,YOL138C,0,1.0794238,0.07868681848049164,0.1496531218290329,0.17695926129817963
YBR245C,YJL081C,1,1.0794152,0.07916666567325592,0.1506441980600357,0.17695926129817963
YLR224W,YCL018W,0,1.0793138,0.07912545651197433,0.1506441980600357,0.1770593523979187
YCL061C,YPR052C,1,1.0792392,0.07960458099842072,0.1516352891921997,0.1770593523979187
YGR116W,YER088C,1,1.0792054,0.0800832062959671,0.15262636542320251,0.1770593523979187
YOR304W,YGL210W,0,1.079044,0.08004157990217209,0.15262636542320251,0.17715944349765778
YBR245C,YGR200C,0,1.0790056,0.07999999821186066,0.15262636542320251,0.17725953459739685
YHL024W,YNR028W,0,1.0790001,0.0799584612250328,0.15262636542320251,0.17735962569713593
YDR233C,YPL244C,0,1.0789706,0.07991696894168854,0.15262636542320251,0.177459716796875
YER177W,YML104C,0,1.0788267,0.07987552136182785,0.15262636542320251,0.17755980789661407
YFL025C,YLR220W,0,1.0787495,0.07983411103487015,0.15262636542320251,0.17765989899635315
YCL066W,YLR237W,0,1.078624,0.07979274541139603,0.15262636542320251,0.17775999009609222
YLR035C-A,YLR145W,0,1.0785923,0.07975142449140549,0.15262636542320251,0.1778600811958313
YPL001W,YER165W,0,1.0785547,0.07971014827489853,0.15262636542320251,0.17796015739440918
YHR069C,YDL084W,0,1.0785393,0.07966890931129456,0.15262636542320251,0.17806024849414825
YDR378C,YPL226W,0,1.0784501,0.07962771505117416,0.15262636542320251,0.17816033959388733
YOL009C,YPR037C,0,1.0783956,0.07958656549453735,0.15262636542320251,0.1782604306936264
YNR015W,YOL136C,0,1.078323,0.07954545319080353,0.15262636542320251,0.17836052179336548
YGL112C,YPL127C,1,1.0782555,0.08002065122127533,0.15361744165420532,0.17836052179336548
YML030W,YIL027C,0,1.0782193,0.07997936010360718,0.15361744165420532,0.17846061289310455
YHL028W,YPR137W,0,1.0781462,0.07993811368942261,0.15361744165420532,0.17856070399284363
YOL004W,YFL013C,1,1.0781078,0.0804123729467392,0.15460851788520813,0.17856070399284363
YKL021C,YKL206C,0,1.0779654,0.0803709402680397,0.15460851788520813,0.1786607950925827
YBR067C,YDL012C,0,1.0779417,0.08032955974340439,0.15460851788520813,0.17876088619232178
YAR042W,YHR070W,0,1.077939,0.08028821647167206,0.15460851788520813,0.17886097729206085
YDR439W,YNL206C,1,1.0779023,0.08076131343841553,0.15559960901737213,0.17886097729206085
YOR243C,YBR009C,0,1.0778435,0.08071979135274887,0.15559960901737213,0.17896106839179993
YER005W,YBR024W,0,1.0778341,0.0806783139705658,0.15559960901737213,0.179061159491539
YKR027W,YCL043C,0,1.0778323,0.0806368738412857,0.15559960901737213,0.17916125059127808
YCL061C,YLR052W,1,1.0778257,0.08110883086919785,0.15659068524837494,0.17916125059127808
YOR244W,YPL127C,1,1.0777843,0.08158029615879059,0.15758176147937775,0.17916125059127808
YDR105C,YDR497C,0,1.0776775,0.08153846114873886,0.15758176147937775,0.17926134169101715
YDR254W,YFL044C,0,1.0776725,0.08149667084217072,0.15758176147937775,0.17936141788959503
YBR257W,YNL297C,0,1.0776025,0.08145491778850555,0.15758176147937775,0.1794615089893341
YJR132W,YLR160C,0,1.0775285,0.08141320943832397,0.15758176147937775,0.17956160008907318
YEL032W,YJL045W,0,1.0772532,0.08137154579162598,0.15758176147937775,0.17966169118881226
YBL028C,YLR042C,0,1.0771899,0.08132992684841156,0.15758176147937775,0.17976178228855133
YDR100W,YIL113W,0,1.0771376,0.08128834515810013,0.15758176147937775,0.1798618733882904
YGR165W,YJR055W,0,1.077132,0.08124680817127228,0.15758176147937775,0.17996196448802948
YER088C,YNL021W,1,1.0771052,0.08171603828668594,0.15857283771038055,0.17996196448802948
YIL017W,YEL029C,0,1.0770977,0.08167432248592377,0.15857283771038055,0.18006205558776855
YKL134C,YMR114C,0,1.0770069,0.08163265138864517,0.15857283771038055,0.18016214668750763
YNR019W,YOR346W,0,1.0769662,0.08159102499485016,0.15857283771038055,0.1802622377872467
YBR107C,YNL032W,0,1.0769327,0.08154943585395813,0.15857283771038055,0.18036232888698578
YKR006C,YPL133C,0,1.0768561,0.08150789886713028,0.15857283771038055,0.18046241998672485
YAL029C,YPL112C,0,1.076821,0.08146639168262482,0.15857283771038055,0.18056251108646393
YCL032W,YKL164C,0,1.0766966,0.08142493665218353,0.15857283771038055,0.180662602186203
YHR044C,YGR262C,0,1.0766563,0.08138351887464523,0.15857283771038055,0.18076269328594208
YER112W,YIL048W,0,1.0766368,0.08134214580059052,0.15857283771038055,0.18086276948451996
YHR009C,YPL276W,0,1.0766277,0.08130080997943878,0.15857283771038055,0.18096286058425903
YMR295C,YNL098C,0,1.0766181,0.08125952631235123,0.15857283771038055,0.1810629516839981
YJR021C,YDR041W,0,1.0766062,0.08121827244758606,0.15857283771038055,0.18116304278373718
YPR162C,YDR229W,0,1.0764999,0.08117707073688507,0.15857283771038055,0.18126313388347626
YER179W,YGL050W,0,1.0764673,0.08113590627908707,0.15857283771038055,0.18136322498321533
YER051W,YLR314C,0,1.0763937,0.08109477907419205,0.15857283771038055,0.1814633160829544
YLR118C,YJL087C,0,1.0763526,0.08105369657278061,0.15857283771038055,0.18156340718269348
YPR148C,YDR397C,0,1.0762914,0.08101265877485275,0.15857283771038055,0.18166349828243256
YGR082W,YOR101W,0,1.0762812,0.08097165822982788,0.15857283771038055,0.18176358938217163
YOR304C-A,YMR015C,0,1.0762655,0.08093070238828659,0.15857283771038055,0.1818636804819107
YIR004W,YGL019W,0,1.0762503,0.08088979125022888,0.15857283771038055,0.18196377158164978
YKR061W,YDL211C,0,1.0760627,0.08084890991449356,0.15857283771038055,0.18206386268138885
YCR016W,YBR114W,0,1.0759649,0.08080808073282242,0.15857283771038055,0.18216395378112793
YPR111W,YPR161C,0,1.0759169,0.08076728880405426,0.15857283771038055,0.182264044880867
YBR074W,YKR096W,0,1.0758446,0.08072654157876968,0.15857283771038055,0.18236412107944489
YHR081W,YML071C,0,1.0756772,0.08068583160638809,0.15857283771038055,0.18246421217918396
YEL016C,YIL177C,0,1.0756743,0.08064515888690948,0.15857283771038055,0.18256430327892303
YNL149C,YHL031C,0,1.0756543,0.08060453087091446,0.15857283771038055,0.1826643943786621
YJR029W,YAL020C,0,1.075653,0.08056394755840302,0.15857283771038055,0.18276448547840118
YHR090C,YGR155W,0,1.0756518,0.08052340149879456,0.15857283771038055,0.18286457657814026
YKR052C,YJL208C,0,1.0755947,0.08048290014266968,0.15857283771038055,0.18296466767787933
YBR295W,YPR042C,0,1.0755564,0.08044243603944778,0.15857283771038055,0.1830647587776184
YGL104C,YER002W,0,1.0755051,0.08040200918912888,0.15857283771038055,0.18316484987735748
YOL072W,YGL163C,0,1.0754468,0.08036162704229355,0.15857283771038055,0.18326494097709656
YEL038W,YMR240C,0,1.0753746,0.0803212821483612,0.15857283771038055,0.18336503207683563
YJL181W,YPL027W,0,1.0753554,0.08028098195791245,0.15857283771038055,0.1834651231765747
YJR101W,YMR088C,0,1.0753449,0.08024071902036667,0.15857283771038055,0.18356521427631378
YBL005W,YOR101W,0,1.0753236,0.08020050078630447,0.15857283771038055,0.18366530537605286
YHR119W,YBR195C,1,1.0752888,0.08066131919622421,0.15956392884254456,0.18366530537605286
YBR192W,YDR023W,0,1.0751394,0.08062092959880829,0.15956392884254456,0.18376538157463074
YNR045W,YDR050C,0,1.0750684,0.08058057725429535,0.15956392884254456,0.1838654726743698
YLL003W,YBR122C,0,1.0750256,0.08054026961326599,0.15956392884254456,0.1839655637741089
YOR292C,YIL095W,0,1.0750049,0.08049999922513962,0.15956392884254456,0.18406565487384796
YMR059W,YPR114W,0,1.0749953,0.08045977354049683,0.15956392884254456,0.18416574597358704
YLR432W,YAL068C,0,1.0749859,0.08041957765817642,0.15956392884254456,0.1842658370733261
YKL124W,YLR391W-A,0,1.0749315,0.0803794339299202,0.15956392884254456,0.18436592817306519
YER127W,YJL156C,0,1.0749313,0.08033932000398636,0.15956392884254456,0.18446601927280426
YLR389C,YKL144C,0,1.0748085,0.0802992507815361,0.15956392884254456,0.18456611037254333
YJL089W,YDR059C,0,1.0748082,0.08025921881198883,0.15956392884254456,0.1846662014722824
YBR192W,YNL301C,0,1.0746523,0.08021923154592514,0.15956392884254456,0.18476629257202148
YGL163C,YBR088C,1,1.0745765,0.08067729324102402,0.16055500507354736,0.18476629257202148
YNR008W,YEL015W,0,1.0745488,0.0806371346116066,0.16055500507354736,0.18486638367176056
YCL055W,YPR152C,0,1.0745398,0.08059701323509216,0.16055500507354736,0.18496647477149963
YOL054W,YCL029C,0,1.0745006,0.08055693656206131,0.16055500507354736,0.1850665658712387
YOR260W,YJL019W,0,1.0744956,0.08051689714193344,0.16055500507354736,0.18516665697097778
YCR098C,YGL220W,0,1.0744531,0.08047690242528915,0.16055500507354736,0.18526673316955566
YOL062C,YLR207W,0,1.0744196,0.08043694496154785,0.16055500507354736,0.18536682426929474
YBL100W-B,YKR014C,0,1.0743546,0.08039702475070953,0.16055500507354736,0.1854669153690338
YKR006C,YOR301W,0,1.0742984,0.0803571417927742,0.16055500507354736,0.1855670064687729
YLR134W,YLR385C,0,1.0742556,0.08031730353832245,0.16055500507354736,0.18566709756851196
YIL007C,YGL010W,0,1.0742499,0.08027750253677368,0.16055500507354736,0.18576718866825104
YER088C,YOR141C,1,1.0742493,0.0807330384850502,0.16154608130455017,0.18576718866825104
YJL112W,YDR347W,0,1.0742407,0.0806930661201477,0.16154608130455017,0.1858672797679901
YMR284W,YML065W,1,1.0742376,0.0811479464173317,0.16253717243671417,0.1858672797679901
YKR093W,YHR010W,0,1.0742065,0.08110781759023666,0.16253717243671417,0.1859673708677292
YIL075C,YNL291C,0,1.0742,0.08106771856546402,0.16253717243671417,0.18606746196746826
YIL171W,YNL330C,0,1.0741631,0.08102767169475555,0.16253717243671417,0.18616755306720734
YLR095C,YLR285W,1,1.0741085,0.08148147910833359,0.16352824866771698,0.18616755306720734
YPR007C,YDR276C,0,1.074105,0.08144126087427139,0.16352824866771698,0.1862676441669464
YNL025C,YLR356W,0,1.0740231,0.08140108734369278,0.16352824866771698,0.18636773526668549
YMR087W,YPL234C,0,1.0738653,0.08136094361543655,0.16352824866771698,0.18646782636642456
YEL039C,YOR337W,0,1.0738236,0.08132084459066391,0.16352824866771698,0.18656791746616364
YBL006C,YPL235W,1,1.0738103,0.08177340030670166,0.1645193248987198,0.18656791746616364
YDR167W,YOR299W,0,1.0738032,0.08173313736915588,0.1645193248987198,0.1866680085659027
YHR135C,YGR274C,0,1.0736898,0.08169291168451309,0.1645193248987198,0.1867680847644806
YPL137C,YGR165W,0,1.0736179,0.08165273070335388,0.1645193248987198,0.18686817586421967
YNL103W,YOL029C,0,1.0734656,0.08161258697509766,0.1645193248987198,0.18696826696395874
YIL137C,YGL200C,0,1.073416,0.08157248049974442,0.1645193248987198,0.18706835806369781
YGL173C,YJR001W,0,1.0734158,0.08153241872787476,0.1645193248987198,0.1871684491634369
YOR254C,YER111C,0,1.0733558,0.08149239420890808,0.1645193248987198,0.18726854026317596
YOR175C,YHR057C,0,1.0733492,0.08145240694284439,0.1645193248987198,0.18736863136291504
YDL012C,YNR031C,0,1.0733463,0.08141245692968369,0.1645193248987198,0.1874687224626541
YBR090C-A,YPL235W,1,1.0733193,0.08186274766921997,0.1655104011297226,0.1874687224626541
YDR155C,YGR002C,1,1.07329,0.08231259137392044,0.1665014922618866,0.1874687224626541
YOR315W,YOR174W,0,1.0732872,0.08227228373289108,0.1665014922618866,0.1875688135623932
YAL051W,YMR315W,0,1.0732814,0.08223201334476471,0.1665014922618866,0.18766890466213226
YPR008W,YOR158W,0,1.0732493,0.08219178020954132,0.1665014922618866,0.18776899576187134
YCL004W,YJL087C,0,1.073245,0.08215159177780151,0.1665014922618866,0.1878690868616104
YER082C,YOL026C,0,1.0732241,0.08211144059896469,0.1665014922618866,0.1879691779613495
YCR012W,YBR141C,0,1.07318,0.08207132667303085,0.1665014922618866,0.18806926906108856
YMR054W,YOR131C,0,1.0731094,0.08203125,0.1665014922618866,0.18816934525966644
YBR180W,YIR031C,0,1.073101,0.08199121803045273,0.1665014922618866,0.18826943635940552
YHR185C,YPR125W,0,1.0730675,0.08195121586322784,0.1665014922618866,0.1883695274591446
YMR033W,YPR034W,1,1.073049,0.08239883184432983,0.1674925684928894,0.1883695274591446
YIL046W,YIL038C,0,1.0729774,0.08235867321491241,0.1674925684928894,0.18846961855888367
YLR154C,YGR036C,0,1.0729431,0.08231855928897858,0.1674925684928894,0.18856970965862274
YPL129W,YJL081C,1,1.0729061,0.08276533335447311,0.1684836447238922,0.18856970965862274
YGL253W,YML124C,0,1.0728785,0.08272506296634674,0.1684836447238922,0.18866980075836182
YGL115W,YOL023W,0,1.0728182,0.08268482238054276,0.1684836447238922,0.1887698918581009
YDR415C,YJR046W,0,1.0727866,0.08264462649822235,0.1684836447238922,0.18886998295783997
YOR279C,YKR034W,0,1.0727243,0.08260446786880493,0.1684836447238922,0.18897007405757904
YLR390W-A,YER060W-A,0,1.0727233,0.0825643539428711,0.1684836447238922,0.18907016515731812
YHR047C,YPL198W,0,1.0726705,0.08252426981925964,0.1684836447238922,0.1891702562570572
YPL196W,YNL084C,0,1.0726303,0.08248423039913177,0.1684836447238922,0.18927034735679626
YMR158W,YDR301W,0,1.072582,0.08244422823190689,0.1684836447238922,0.18937043845653534
YIL096C,YCL052C,0,1.0725788,0.08240426331758499,0.1684836447238922,0.18947052955627441
YPL078C,YLR373C,0,1.0724912,0.08236434310674667,0.1684836447238922,0.1895706206560135
YGL105W,YDL246C,0,1.0724599,0.08232445269823074,0.1684836447238922,0.18967069685459137
YDR368W,YGL198W,0,1.0724471,0.0822846069931984,0.1684836447238922,0.18977078795433044
YOR106W,YMR098C,0,1.0723948,0.08224479854106903,0.1684836447238922,0.18987087905406952
YDR028C,YGL161C,0,1.0722816,0.08220502734184265,0.1684836447238922,0.1899709701538086
YNL181W,YKR036C,0,1.0722616,0.08216530084609985,0.1684836447238922,0.19007106125354767
YOL145C,YOR239W,0,1.072207,0.08212560415267944,0.1684836447238922,0.19017115235328674
YJL221C,YEL037C,0,1.0721387,0.08208595216274261,0.1684836447238922,0.19027124345302582
YJR132W,YER048W-A,0,1.0720758,0.08204632997512817,0.1684836447238922,0.1903713345527649
YPL122C,YPL110C,0,1.0720557,0.08200675249099731,0.1684836447238922,0.19047142565250397
YCR018C,YKR031C,0,1.072052,0.08196721225976944,0.1684836447238922,0.19057151675224304
YDR082W,YGR274C,0,1.0720462,0.08192770928144455,0.1684836447238922,0.19067160785198212
YLR054C,YDR086C,0,1.0720391,0.08188824355602264,0.1684836447238922,0.1907716989517212
YOL061W,YBR268W,0,1.071959,0.08184882253408432,0.1684836447238922,0.19087179005146027
YOR209C,YLR095C,1,1.0718722,0.0822906643152237,0.16947472095489502,0.19087179005146027
YJL213W,YEL032W,0,1.0717435,0.08225107938051224,0.16947472095489502,0.19097188115119934
YOR294W,YER143W,0,1.0717149,0.08221153914928436,0.16947472095489502,0.19107195734977722
YKL218C,YJL117W,0,1.0716426,0.08217203617095947,0.16947472095489502,0.1911720484495163
YDR009W,YBL041W,0,1.0716305,0.08213256299495697,0.16947472095489502,0.19127213954925537
YLR360W,YOL136C,0,1.0715798,0.08209313452243805,0.16947472095489502,0.19137223064899445
YKR007W,YGL093W,0,1.0715681,0.08205374330282211,0.16947472095489502,0.19147232174873352
YPL198W,YOR272W,0,1.071523,0.08201438933610916,0.16947472095489502,0.1915724128484726
YDL206W,YOL004W,0,1.0715176,0.0819750726222992,0.16947472095489502,0.19167250394821167
YBL005W,YOR369C,0,1.0714903,0.08193579316139221,0.16947472095489502,0.19177259504795074
YFL023W,YLR343W,0,1.0714389,0.08189655095338821,0.16947472095489502,0.19187268614768982
YGR162W,YLR203C,0,1.0714366,0.0818573459982872,0.16947472095489502,0.1919727772474289
YPR162C,YCL017C,0,1.071379,0.08181817829608917,0.16947472095489502,0.19207286834716797
YER139C,YER007C-A,0,1.0712632,0.08177905529737473,0.16947472095489502,0.19217295944690704
YJL124C,YNL192W,0,1.0711904,0.08173996210098267,0.16947472095489502,0.19227305054664612
YBR231C,YLR033W,1,1.0711881,0.08217868953943253,0.17046581208705902,0.19227305054664612
YGL236C,YDR288W,0,1.0711595,0.08213944733142853,0.17046581208705902,0.1923731416463852
YER049W,YOR066W,0,1.0710881,0.08210024237632751,0.17046581208705902,0.19247323274612427
YIL172C,YER048W-A,0,1.0710801,0.08206106722354889,0.17046581208705902,0.19257330894470215
YPR166C,YOR346W,0,1.0710307,0.08202193677425385,0.17046581208705902,0.19267340004444122
YPR127W,YMR125W,0,1.0710058,0.08198284357786179,0.17046581208705902,0.1927734911441803
YLR038C,YDR170C,0,1.0709689,0.08194378018379211,0.17046581208705902,0.19287358224391937
YKL160W,YOR304W,1,1.0708721,0.08238095045089722,0.17145688831806183,0.19287358224391937
YDR530C,YGL112C,0,1.0708281,0.0823417454957962,0.17145688831806183,0.19297367334365845
YHR089C,YHR010W,0,1.0708073,0.08230257034301758,0.17145688831806183,0.19307376444339752
YKL011C,YNL236W,0,1.0707712,0.08226343244314194,0.17145688831806183,0.1931738555431366
YER147C,YCL012W,0,1.0707599,0.08222433179616928,0.17145688831806183,0.19327394664287567
YJR075W,YNR003C,0,1.0707576,0.0821852758526802,0.17145688831806183,0.19337403774261475
YLR025W,YOR319W,0,1.070702,0.08214624971151352,0.17145688831806183,0.19347412884235382
YLR181C,YFR001W,0,1.0705776,0.08210726082324982,0.17145688831806183,0.1935742199420929
YDL046W,YBR275C,0,1.0705293,0.0820683091878891,0.17145688831806183,0.19367431104183197
YNL280C,YML059C,0,1.0704848,0.08202939480543137,0.17145688831806183,0.19377440214157104
YOR116C,YNL188W,0,1.0703824,0.08199051767587662,0.17145688831806183,0.19387449324131012
YMR321C,YBR168W,0,1.0703481,0.08195168524980545,0.17145688831806183,0.1939745843410492
YBL010C,YGR211W,0,1.070184,0.08191287517547607,0.17145688831806183,0.19407466053962708
YIL109C,YNL322C,0,1.070143,0.08187410980463028,0.17145688831806183,0.19417475163936615
YDR239C,YGL220W,0,1.0701329,0.08183538168668747,0.17145688831806183,0.19427484273910522
YPL258C,YOR313C,0,1.0700519,0.08179669082164764,0.17145688831806183,0.1943749338388443
YCL059C,YIL074C,0,1.0698973,0.0817580372095108,0.17145688831806183,0.19447502493858337
YOR261C,YLR259C,0,1.0698928,0.08171941339969635,0.17145688831806183,0.19457511603832245
YMR053C,YMR146C,0,1.0698144,0.08168083429336548,0.17145688831806183,0.19467520713806152
YNL185C,YMR063W,0,1.0697598,0.081642284989357,0.17145688831806183,0.1947752982378006
YMR091C,YLR442C,1,1.0697013,0.08207546919584274,0.17244796454906464,0.1947752982378006
YDL047W,YMR131C,0,1.0696509,0.08203677833080292,0.17244796454906464,0.19487538933753967
YMR074C,YDR378C,0,1.0696467,0.08199811726808548,0.17244796454906464,0.19497548043727875
YGL058W,YJR049C,0,1.0696278,0.08195949345827103,0.17244796454906464,0.19507557153701782
YJL019W,YIL008W,0,1.0696197,0.08192090690135956,0.17244796454906464,0.1951756626367569
YER005W,YDL142C,0,1.0695726,0.08188235014677048,0.17244796454906464,0.19527575373649597
YFR031C,YML125C,0,1.0695503,0.08184383809566498,0.17244796454906464,0.19537584483623505
YCR018C,YNL183C,0,1.0695415,0.08180536329746246,0.17244796454906464,0.19547592103481293
YCR052W,YDR167W,1,1.0695208,0.08223684132099152,0.17343905568122864,0.19547592103481293
YML023C,YIL087C,0,1.0694821,0.08219821751117706,0.17343905568122864,0.195576012134552
YNL294C,YDR148C,0,1.0694647,0.082159623503685,0.17343905568122864,0.19567610323429108
YNL227C,YMR045C,0,1.0694102,0.08212106674909592,0.17343905568122864,0.19577619433403015
YMR200W,YLR001C,0,1.0693178,0.08208255469799042,0.17343905568122864,0.19587628543376923
YAL035W,YNL038W,0,1.0693172,0.0820440724492073,0.17343905568122864,0.1959763765335083
YOL004W,YER088C,1,1.0693089,0.0824742242693901,0.17443013191223145,0.1959763765335083
YML102W,YNL031C,1,1.0692549,0.08290398120880127,0.17542120814323425,0.1959763765335083
YDL033C,YNL146W,0,1.0692523,0.0828651711344719,0.17542120814323425,0.19607646763324738
YDR472W,YHR023W,0,1.0691942,0.0828263908624649,0.17542120814323425,0.19617655873298645
YBL089W,YGL198W,0,1.0690905,0.0827876552939415,0.17542120814323425,0.19627664983272552
YDR054C,YJL058C,0,1.0690409,0.08274894952774048,0.17542120814323425,0.1963767409324646
YGL241W,YLR363C,0,1.0689659,0.08271028101444244,0.17542120814323425,0.19647683203220367
YMR274C,YDL139C,0,1.0689019,0.0826716497540474,0.17542120814323425,0.19657692313194275
YBR121C,YER031C,0,1.0688534,0.08263305574655533,0.17542120814323425,0.19667701423168182
YIL126W,YKL074C,0,1.0688509,0.08259449154138565,0.17542120814323425,0.1967771053314209
YML099C,YOL149W,0,1.0687956,0.08255597203969955,0.17542120814323425,0.19687719643115997
YNR017W,YGR177C,0,1.0687947,0.08251748234033585,0.17542120814323425,0.19697727262973785
YNL138W,YDR398W,0,1.0687623,0.08247902989387512,0.17542120814323425,0.19707736372947693
YPR021C,YMR123W,0,1.068747,0.08244061470031738,0.17542120814323425,0.197177454829216
YJR104C,YOL133W,0,1.0687275,0.08240223675966263,0.17542120814323425,0.19727754592895508
YML006C,YEL062W,0,1.0685906,0.08236388862133026,0.17542120814323425,0.19737763702869415
YBR274W,YOR337W,0,1.0684587,0.08232557773590088,0.17542120814323425,0.19747772812843323
YCR040W,YGR239C,0,1.0684495,0.08228731155395508,0.17542120814323425,0.1975778192281723
YMR200W,YPR036W,0,1.068426,0.08224906772375107,0.17542120814323425,0.19767791032791138
YBR016W,YLR086W,0,1.0683633,0.08221086859703064,0.17542120814323425,0.19777800142765045
YMR158W,YGL249W,0,1.0683303,0.0821726992726326,0.17542120814323425,0.19787809252738953
YHR033W,YAL023C,0,1.0683296,0.08213456720113754,0.17542120814323425,0.1979781836271286
YDR047W,YGR221C,0,1.0682852,0.08209647238254547,0.17542120814323425,0.19807827472686768
YGR005C,YGL071W,0,1.0682602,0.08205841481685638,0.17542120814323425,0.19817836582660675
YLL067C,YOR192C,0,1.0681479,0.08202038705348969,0.17542120814323425,0.19827845692634583
YPL127C,YDL029W,0,1.0680746,0.08198239654302597,0.17542120814323425,0.1983785480260849
YOL082W,YHR039C-A,0,1.0680175,0.08194444328546524,0.17542120814323425,0.19847862422466278
YER176W,YGL045W,0,1.067999,0.0819065272808075,0.17542120814323425,0.19857871532440186
YBR198C,YJL194W,1,1.0679688,0.08233117312192917,0.17641228437423706,0.19857871532440186
YNL137C,YGL106W,0,1.0679564,0.08229310810565948,0.17641228437423706,0.19867880642414093
YMR179W,YNL322C,0,1.0679544,0.08225508034229279,0.17641228437423706,0.19877889752388
YBR059C,YAL007C,0,1.0679227,0.08221708983182907,0.17641228437423706,0.19887898862361908
YBR245C,YGL037C,1,1.0678874,0.08264081180095673,0.17740337550640106,0.19887898862361908
YDR224C,YPR068C,1,1.0678787,0.08306414633989334,0.17839445173740387,0.19887898862361908
YMR131C,YMR302C,0,1.067871,0.08302582800388336,0.17839445173740387,0.19897907972335815
YML067C,YDR071C,0,1.0678573,0.08298755437135696,0.17839445173740387,0.19907917082309723
YDR076W,YGR220C,0,1.0678017,0.08294931054115295,0.17839445173740387,0.1991792619228363
YKL048C,YOR044W,0,1.0677875,0.08291110396385193,0.17839445173740387,0.19927935302257538
YGL207W,YER030W,1,1.0677713,0.0833333358168602,0.17938552796840668,0.19927935302257538
YGR296W,YGL112C,0,1.067743,0.08329498022794724,0.17938552796840668,0.19937944412231445
YJL101C,YOR076C,0,1.0677137,0.08325666934251785,0.17938552796840668,0.19947953522205353
YAR031W,YLR147C,0,1.0675457,0.08321838825941086,0.17938552796840668,0.1995796263217926
YGL178W,YBR275C,0,1.067463,0.08318014442920685,0.17938552796840668,0.19967971742153168
YKL126W,YDR245W,0,1.0674423,0.08314193785190582,0.17938552796840668,0.19977980852127075
YKL051W,YER007C-A,0,1.0674353,0.08310376852750778,0.17938552796840668,0.19987988471984863
YHR077C,YOR259C,0,1.0674161,0.08306562900543213,0.17938552796840668,0.1999799758195877
YPR198W,YLR075W,0,1.067414,0.08302751928567886,0.17938552796840668,0.20008006691932678
YPL160W,YDL055C,0,1.0674007,0.08298945426940918,0.17938552796840668,0.20018015801906586
YOL009C,YKL114C,0,1.0673413,0.08295141905546188,0.17938552796840668,0.20028024911880493
YPL194W,YNL318C,0,1.0673,0.08291342109441757,0.17938552796840668,0.200380340218544
YNL335W,YOR070C,0,1.0672263,0.08287546038627625,0.17938552796840668,0.20048043131828308
YDR252W,YMR012W,0,1.0671697,0.0828375294804573,0.17938552796840668,0.20058052241802216
YBR173C,YMR218C,0,1.0671688,0.08279963582754135,0.17938552796840668,0.20068061351776123
YML102W,YGR274C,1,1.067122,0.0832190215587616,0.18037660419940948,0.20068061351776123
YHL015W,YLR347C,0,1.067112,0.0831809863448143,0.18037660419940948,0.2007807046175003
YMR149W,YOL018C,0,1.0671008,0.08314298838376999,0.18037660419940948,0.20088079571723938
YGR063C,YPL127C,1,1.0670962,0.08356164395809174,0.1813676953315735,0.20088079571723938
YER133W,YGL139W,0,1.067096,0.08352350443601608,0.1813676953315735,0.20098088681697845
YDR284C,YOR311C,0,1.0670863,0.08348540216684341,0.1813676953315735,0.20108097791671753
YOL052C,YNL291C,0,1.0670564,0.08344732969999313,0.1813676953315735,0.2011810690164566
YAL056W,YBL024W,0,1.0670478,0.08340929448604584,0.1813676953315735,0.20128116011619568
YLR208W,YOR246C,0,1.066915,0.08337129652500153,0.1813676953315735,0.20138123631477356
YDR056C,YNR028W,0,1.0668771,0.0833333358168602,0.1813676953315735,0.20148132741451263
YDL046W,YKL190W,0,1.0668583,0.08329540491104126,0.1813676953315735,0.2015814185142517
YER167W,YLR154C,0,1.0668119,0.08325750380754471,0.1813676953315735,0.20168150961399078
YLL038C,YHR201C,0,1.0667359,0.08321964740753174,0.1813676953315735,0.20178160071372986
YMR296C,YPL141C,0,1.0666872,0.08318182080984116,0.1813676953315735,0.20188169181346893
YLR157C,YLR237W,0,1.0666761,0.08314402401447296,0.1813676953315735,0.201981782913208
YKR038C,YLR103C,0,1.0666574,0.08310626447200775,0.1813676953315735,0.20208187401294708
YLR017W,YFR014C,0,1.0666071,0.08306854218244553,0.1813676953315735,0.20218196511268616
YOR265W,YMR139W,0,1.066576,0.08303084969520569,0.1813676953315735,0.20228205621242523
YOL069W,YFR015C,0,1.0665735,0.08299319446086884,0.1813676953315735,0.2023821473121643
YEL036C,YOR124C,0,1.0665622,0.08295557647943497,0.1813676953315735,0.20248223841190338
YGL150C,YER030W,1,1.0664876,0.08337109535932541,0.1823587715625763,0.20248223841190338
YMR072W,YBR213W,0,1.0664666,0.0833333358168602,0.1823587715625763,0.20258232951164246
YGL173C,YOR084W,0,1.0664587,0.08329560607671738,0.1823587715625763,0.20268242061138153
YJR134C,YBR287W,0,1.0664456,0.08325792104005814,0.1823587715625763,0.2027824968099594
YOR279C,YOR087W,0,1.0664302,0.08322026580572128,0.1823587715625763,0.2028825879096985
YLR145W,YIL006W,0,1.0663972,0.08318264037370682,0.1823587715625763,0.20298267900943756
YBL008W,YML065W,1,1.0662079,0.08359692990779877,0.1833498477935791,0.20298267900943756
YKL079W,YNL218W,0,1.0661535,0.08355917036533356,0.1833498477935791,0.20308277010917664
YPL011C,YKL087C,0,1.0660709,0.08352144807577133,0.1833498477935791,0.2031828612089157
YDR026C,YBR038W,0,1.0660156,0.0834837555885315,0.1833498477935791,0.20328295230865479
YNL031C,YCL050C,0,1.0659754,0.08344610035419464,0.1833498477935791,0.20338304340839386
YJL109C,YDR423C,0,1.0659636,0.08340847492218018,0.1833498477935791,0.20348313450813293
YBR254C,YGR078C,0,1.0659446,0.0833708867430687,0.1833498477935791,0.203583225607872
YPL148C,YOL123W,0,1.0659435,0.0833333358168602,0.1833498477935791,0.20368331670761108
YNR018W,YDR188W,0,1.0658535,0.08329581469297409,0.1833498477935791,0.20378340780735016
YHR024C,YJL212C,0,1.0658528,0.08325832337141037,0.1833498477935791,0.20388349890708923
YLR055C,YLR237W,0,1.0658439,0.08322086930274963,0.1833498477935791,0.2039835900068283
YDR524C,YJL081C,0,1.0657393,0.08318345248699188,0.1833498477935791,0.20408368110656738
YCL003W,YDR483W,0,1.065713,0.08314606547355652,0.1833498477935791,0.20418377220630646
YPL033C,YDR531W,0,1.0656832,0.08310871571302414,0.1833498477935791,0.20428384840488434
YLR150W,YBR093C,0,1.0656793,0.08307139575481415,0.1833498477935791,0.2043839395046234
YHR039C-B,YGL119W,0,1.0656759,0.08303411304950714,0.1833498477935791,0.2044840306043625
YDR516C,YOL103W,0,1.0656255,0.08299686014652252,0.1833498477935791,0.20458412170410156
YDR356W,YHR064C,0,1.0656105,0.08295964449644089,0.1833498477935791,0.20468421280384064
YDR389W,YLL026W,0,1.0655107,0.08292245864868164,0.1833498477935791,0.2047843039035797
YAR015W,YLR361C,0,1.0654806,0.08288530260324478,0.1833498477935791,0.2048843950033188
YPR105C,YGR003W,0,1.0654675,0.08284818381071091,0.1833498477935791,0.20498448610305786
YGL133W,YIL126W,1,1.0654012,0.0832587257027626,0.1843409389257431,0.20498448610305786
YPR032W,YMR210W,0,1.0653707,0.08322147279977798,0.1843409389257431,0.20508457720279694
YHR143W,YPL022W,0,1.065344,0.08318425714969635,0.1843409389257431,0.205184668302536
YNL218W,YJR119C,0,1.0652993,0.0831470713019371,0.1843409389257431,0.20528475940227509
YLR105C,YBR243C,0,1.0652771,0.08310992270708084,0.1843409389257431,0.20538485050201416
YPR070W,YPL221W,0,1.0652745,0.08307280391454697,0.1843409389257431,0.20548494160175323
YIL118W,YFL021W,0,1.0652343,0.08303571492433548,0.1843409389257431,0.2055850327014923
YNR013C,YLR074C,0,1.0651255,0.08299866318702698,0.1843409389257431,0.20568512380123138
YGR063C,YGL112C,1,1.0650916,0.08340767025947571,0.1853320151567459,0.20568512380123138
YDL170W,YHR030C,0,1.0650842,0.08337048441171646,0.1853320151567459,0.20578519999980927
YDR100W,YER081W,0,1.0650668,0.0833333358168602,0.1853320151567459,0.20588529109954834
YER123W,YJR112W,0,1.0650144,0.08329621702432632,0.1853320151567459,0.20598538219928741
YMR065W,YLR131C,0,1.0650084,0.08325912803411484,0.1853320151567459,0.2060854732990265
YBR251W,YGL063W,0,1.0649765,0.08322207629680634,0.1853320151567459,0.20618556439876556
YDR256C,YDR018C,0,1.064821,0.08318505436182022,0.1853320151567459,0.20628565549850464
YIL022W,YBR162C,0,1.0648136,0.0831480622291565,0.1853320151567459,0.2063857465982437
YKR027W,YGL161C,0,1.064804,0.08311111479997635,0.1853320151567459,0.2064858376979828
YBL093C,YMR150C,0,1.064795,0.083074189722538,0.1853320151567459,0.20658592879772186
YBR015C,YLR040C,0,1.0647525,0.08303730189800262,0.1853320151567459,0.20668601989746094
YCL050C,YLR440C,0,1.0646936,0.08300044387578964,0.1853320151567459,0.2067861109972
YOL144W,YPL177C,0,1.064607,0.08296362310647964,0.1853320151567459,0.2068862020969391
YOL012C,YBR245C,1,1.0645642,0.08337029069662094,0.18632309138774872,0.2068862020969391
YPR047W,YLR447C,0,1.0645313,0.0833333358168602,0.18632309138774872,0.20698629319667816
YOR179C,YLR197W,0,1.064484,0.08329641073942184,0.18632309138774872,0.20708638429641724
YGR167W,YEL021W,0,1.0643855,0.08325952291488647,0.18632309138774872,0.20718646049499512
YNR024W,YPL098C,0,1.0643659,0.08322266489267349,0.18632309138774872,0.2072865515947342
YLR207W,YLR006C,0,1.0643017,0.0831858441233635,0.18632309138774872,0.20738664269447327
YLR448W,YDL145C,0,1.0642948,0.08314904570579529,0.18632309138774872,0.20748673379421234
YGL073W,YBR286W,0,1.0642512,0.08311229199171066,0.18632309138774872,0.20758682489395142
YIL109C,YDL006W,0,1.0642234,0.08307556062936783,0.18632309138774872,0.2076869159936905
YKL181W,YDR369C,0,1.0641484,0.08303886651992798,0.18632309138774872,0.20778700709342957
YMR015C,YPL281C,0,1.0641136,0.08300220966339111,0.18632309138774872,0.20788709819316864
YOR175C,YGL116W,0,1.0640609,0.08296557515859604,0.18632309138774872,0.20798718929290771
YGL085W,YDR419W,0,1.0640444,0.08292897790670395,0.18632309138774872,0.2080872803926468
YDR158W,YCR094W,0,1.0640275,0.08289241790771484,0.18632309138774872,0.20818737149238586
YPL059W,YAL038W,0,1.0639992,0.08285588026046753,0.18632309138774872,0.20828746259212494
YLR287C-A,YDR172W,0,1.0639898,0.0828193798661232,0.18632309138774872,0.208387553691864
YPL127C,YIL126W,1,1.0639809,0.08322324603796005,0.18731416761875153,0.208387553691864
YGL085W,YOR315W,0,1.0639553,0.08318661898374557,0.18731416761875153,0.2084876447916031
YJL085W,YJL133W,0,1.0639398,0.08315002173185349,0.18731416761875153,0.20858773589134216
YER045C,YDR463W,0,1.0638889,0.08311345428228378,0.18731416761875153,0.20868781208992004
YLR025W,YJR126C,0,1.063809,0.08307692408561707,0.18731416761875153,0.20878790318965912
YGR275W,YKL112W,1,1.0638034,0.08347979187965393,0.18830525875091553,0.20878790318965912
YKR044W,YBR080C,0,1.0637966,0.08344312757253647,0.18830525875091553,0.2088879942893982
YMR171C,YGR105W,0,1.0637674,0.08340650051832199,0.18830525875091553,0.20898808538913727
YHL035C,YMR130W,0,1.0637535,0.0833698958158493,0.18830525875091553,0.20908817648887634
YDL206W,YIL126W,0,1.0637312,0.0833333358168602,0.18830525875091553,0.20918826758861542
YHR113W,YBL035C,0,1.0637213,0.08329679816961288,0.18830525875091553,0.2092883586883545
YFR025C,YDR453C,0,1.0636399,0.08326029777526855,0.18830525875091553,0.20938844978809357
YBR037C,YPL129W,0,1.0636367,0.08322382718324661,0.18830525875091553,0.20948854088783264
YGR071C,YBR003W,0,1.0636073,0.08318739384412766,0.18830525875091553,0.20958863198757172
YGR116W,YOR273C,0,1.0636,0.08315098285675049,0.18830525875091553,0.2096887230873108
YPL013C,YMR122W-A,0,1.0635996,0.0831146091222763,0.18830525875091553,0.20978881418704987
YLR237W,YDL019C,0,1.0635175,0.08307826519012451,0.18830525875091553,0.20988890528678894
YDR329C,YPR191W,0,1.0635163,0.0830419585108757,0.18830525875091553,0.20998899638652802
YFL035C-A,YEL051W,0,1.0635108,0.08300568163394928,0.18830525875091553,0.2100890874862671
YIL150C,YBR089C-A,1,1.0633649,0.08340611308813095,0.18929633498191833,0.2100890874862671
YBR247C,YDL205C,0,1.0633237,0.08336970955133438,0.18929633498191833,0.21018916368484497
YLR264W,YJL192C,0,1.0633032,0.0833333358168602,0.18929633498191833,0.21028925478458405
YGL148W,YNL263C,0,1.0632942,0.0832969918847084,0.18929633498191833,0.21038934588432312
YNL178W,YLL018C,0,1.0632751,0.083260677754879,0.18929633498191833,0.2104894369840622
YIL120W,YML013W,0,1.0631763,0.08322440087795258,0.18929633498191833,0.21058952808380127
YDL002C,YDR073W,1,1.0631185,0.08362369239330292,0.19028741121292114,0.21058952808380127
YNL133C,YNR006W,0,1.0630854,0.08358728885650635,0.19028741121292114,0.21068961918354034
YAL040C,YER027C,0,1.0630751,0.08355091512203217,0.19028741121292114,0.21078971028327942
YKL064W,YKL004W,0,1.0630553,0.08351457118988037,0.19028741121292114,0.2108898013830185
YGL016W,YIL153W,0,1.0629177,0.08347826451063156,0.19028741121292114,0.21098989248275757
YHR214W,YBR128C,0,1.0629005,0.08344198018312454,0.19028741121292114,0.21108998358249664
YGR027C,YGL213C,0,1.0628544,0.08340573310852051,0.19028741121292114,0.21119007468223572
YPR198W,YDR131C,0,1.0628543,0.08336951583623886,0.19028741121292114,0.2112901657819748
YHR153C,YNL317W,0,1.0628417,0.0833333358168602,0.19028741121292114,0.21139025688171387
YDL115C,YDR129C,0,1.0627775,0.08329717814922333,0.19028741121292114,0.21149034798145294
YJR034W,YBR279W,0,1.0627755,0.08326105773448944,0.19028741121292114,0.21159042418003082
YHR020W,YOL136C,0,1.0627682,0.08322496712207794,0.19028741121292114,0.2116905152797699
YER130C,YGR252W,0,1.0627222,0.08318890631198883,0.19028741121292114,0.21179060637950897
YLR120C,YHL028W,0,1.0626096,0.0831528827548027,0.19028741121292114,0.21189069747924805
YPR133W-A,YBR279W,0,1.0625944,0.08311688154935837,0.19028741121292114,0.21199078857898712
YCR009C,YDR367W,0,1.0625519,0.08308091759681702,0.19028741121292114,0.2120908796787262
YPL145C,YGL070C,0,1.0625335,0.08304498344659805,0.19028741121292114,0.21219097077846527
YDL105W,YBR289W,1,1.0624347,0.08344142138957977,0.19127848744392395,0.21219097077846527
YMR226C,YIR004W,0,1.062415,0.08340536057949066,0.19127848744392395,0.21229106187820435
YHR106W,YPR097W,0,1.062368,0.08336932957172394,0.19127848744392395,0.21239115297794342
YNL001W,YNL289W,0,1.0623608,0.0833333358168602,0.19127848744392395,0.2124912440776825
YOL072W,YDR373W,0,1.0623565,0.08329736441373825,0.19127848744392395,0.21259133517742157
YJR066W,YMR192W,0,1.062285,0.08326143026351929,0.19127848744392395,0.21269142627716064
YLR386W,YKR093W,0,1.0621706,0.08322552591562271,0.19127848744392395,0.21279151737689972
YBR088C,YDR190C,1,1.0620708,0.08362068980932236,0.19226957857608795,0.21279151737689972
YDR363W,YIL131C,1,1.0620662,0.08401551097631454,0.19326065480709076,0.21279151737689972
YBR215W,YDR190C,1,1.062055,0.08440998941659927,0.19425173103809357,0.21279151737689972
YGR264C,YPL113C,0,1.062008,0.08437365293502808,0.19425173103809357,0.2128916084766388
YBL112C,YLR432W,0,1.0618995,0.08433734625577927,0.19425173103809357,0.21299169957637787
YDL022W,YDR116C,0,1.061899,0.08430107682943344,0.19425173103809357,0.21309177577495575
YNL135C,YHR119W,1,1.0618701,0.0846947580575943,0.19524280726909637,0.21309177577495575
YHR136C,YLR224W,0,1.0618469,0.08465836197137833,0.19524280726909637,0.21319186687469482
YDL245C,YER143W,0,1.0618378,0.08462199568748474,0.19524280726909637,0.2132919579744339
YDL002C,YML041C,1,1.0618228,0.08501502871513367,0.19623389840126038,0.2132919579744339
YER126C,YOR258W,0,1.0617552,0.08497854322195053,0.19623389840126038,0.21339204907417297
YDR014W,YGR097W,0,1.0616395,0.08494208753108978,0.19623389840126038,0.21349214017391205
YHR014W,YHR194W,0,1.0616391,0.08490566164255142,0.19623389840126038,0.21359223127365112
YLR367W,YIR011C,0,1.0616171,0.08486926555633545,0.19623389840126038,0.2136923223733902
YOL009C,YER083C,0,1.0615901,0.08483290672302246,0.19623389840126038,0.21379241347312927
YKL175W,YDL087C,0,1.0615723,0.08479657024145126,0.19623389840126038,0.21389250457286835
YBR074W,YEL041W,0,1.0615637,0.08476027101278305,0.19623389840126038,0.21399259567260742
YBR283C,YOR061W,0,1.0615261,0.08472400158643723,0.19623389840126038,0.2140926867723465
YKR077W,YML109W,0,1.0615144,0.08468776941299438,0.19623389840126038,0.21419277787208557
YOR011W,YNL166C,0,1.0615053,0.08465155959129333,0.19623389840126038,0.21429286897182465
YHL027W,YDR423C,0,1.0615004,0.08461538702249527,0.19623389840126038,0.21439296007156372
YJL191W,YIL048W,0,1.0614948,0.084579236805439,0.19623389840126038,0.2144930511713028
YGL174W,YHL031C,0,1.0614483,0.0845431238412857,0.19623389840126038,0.21459312736988068
YER139C,YLR359W,0,1.0614483,0.0845070406794548,0.19623389840126038,0.21469321846961975
YBR030W,YOL096C,0,1.0614269,0.08447098731994629,0.19623389840126038,0.21479330956935883
YOL005C,YPR001W,0,1.0614192,0.08443497121334076,0.19623389840126038,0.2148934006690979
YDR028C,YPL204W,0,1.0614085,0.08439897745847702,0.19623389840126038,0.21499349176883698
YJR094W-A,YPL134C,0,1.0613984,0.08436301350593567,0.19623389840126038,0.21509358286857605
YKL039W,YKL149C,0,1.0613872,0.0843270868062973,0.19623389840126038,0.21519367396831512
YGR001C,YNL294C,0,1.0613809,0.08429118990898132,0.19623389840126038,0.2152937650680542
YJR120W,YPR199C,0,1.0613611,0.08425532281398773,0.19623389840126038,0.21539385616779327
YFL002W-A,YMR059W,0,1.0613383,0.08421947807073593,0.19623389840126038,0.21549394726753235
YDR523C,YJL021C,0,1.0613228,0.08418367058038712,0.19623389840126038,0.21559403836727142
YLL062C,YDL038C,0,1.0613049,0.08414789289236069,0.19623389840126038,0.2156941294670105
YML091C,YDR296W,0,1.0613031,0.08411215245723724,0.19623389840126038,0.21579422056674957
YLR466W,YHL004W,0,1.0612823,0.08407643437385559,0.19623389840126038,0.21589431166648865
YMR321C,YOR322C,0,1.0612351,0.08404074609279633,0.19623389840126038,0.21599438786506653
YPR166C,YPL001W,0,1.0612019,0.08400508761405945,0.19623389840126038,0.2160944789648056
YMR304W,YDR166C,0,1.0612012,0.08396946638822556,0.19623389840126038,0.21619457006454468
YDL095W,YOL102C,0,1.0611823,0.08393386751413345,0.19623389840126038,0.21629466116428375
YBR037C,YOL082W,0,1.061169,0.08389830589294434,0.19623389840126038,0.21639475226402283
YCL060C,YOL116W,0,1.0610813,0.08386276662349701,0.19623389840126038,0.2164948433637619
YLR287C-A,YDR456W,0,1.0610659,0.08382726460695267,0.19623389840126038,0.21659493446350098
YKR055W,YDR245W,0,1.0610539,0.08379179239273071,0.19623389840126038,0.21669502556324005
YDR251W,YPL154C,0,1.0610338,0.08375634253025055,0.19623389840126038,0.21679511666297913
YMR071C,YLR191W,0,1.0609345,0.08372092992067337,0.19623389840126038,0.2168952077627182
YDR457W,YOR244W,0,1.0609249,0.08368554711341858,0.19623389840126038,0.21699529886245728
YNR013C,YKL013C,0,1.0609081,0.08365018665790558,0.19623389840126038,0.21709538996219635
YMR169C,YML100W,0,1.060906,0.08361486345529556,0.19623389840126038,0.21719548106193542
YGL014W,YHR009C,0,1.0608921,0.08357957005500793,0.19623389840126038,0.2172955721616745
YOR378W,YOL121C,0,1.0608363,0.0835443064570427,0.19623389840126038,0.21739566326141357
YLL033W,YJL012C-A,0,1.0608135,0.08350906521081924,0.19623389840126038,0.21749573945999146
YNL182C,YER072W,0,1.0607547,0.08347386121749878,0.19623389840126038,0.21759583055973053
YDR297W,YJR036C,0,1.0607423,0.0834386870265007,0.19623389840126038,0.2176959216594696
YBR049C,YHR201C,0,1.0606687,0.08340353518724442,0.19623389840126038,0.21779601275920868
YDR472W,YER090W,0,1.0606441,0.08336842060089111,0.19623389840126038,0.21789610385894775
YNL052W,YPR024W,0,1.0605781,0.0833333358168602,0.19623389840126038,0.21799619495868683
YER165W,YBR078W,0,1.0605721,0.08329827338457108,0.19623389840126038,0.2180962860584259
YOL156W,YGR200C,0,1.0605483,0.08326324820518494,0.19623389840126038,0.21819637715816498
YGR185C,YGR220C,0,1.0605044,0.08322824537754059,0.19623389840126038,0.21829646825790405
YMR033W,YJL081C,1,1.0604955,0.08361344784498215,0.19722497463226318,0.21829646825790405
YJR052W,YNL263C,0,1.0604886,0.08357832580804825,0.19722497463226318,0.21839655935764313
YPR102C,YEL051W,0,1.0604047,0.08354324102401733,0.19722497463226318,0.2184966504573822
YGR001C,YLR121C,0,1.0603943,0.08350818604230881,0.19722497463226318,0.21859674155712128
YFL013C,YGL037C,1,1.0603768,0.08389262109994888,0.198216050863266,0.21859674155712128
YDL195W,YGL191W,0,1.0603552,0.08385743945837021,0.198216050863266,0.21869683265686035
YDR170W-A,YIL056W,0,1.0603161,0.08382229506969452,0.198216050863266,0.21879692375659943
YOR259C,YER005W,0,1.0602444,0.08378718048334122,0.198216050863266,0.2188969999551773
YGR116W,YOR304W,1,1.0602427,0.0841708555817604,0.19920714199543,0.2188969999551773
YGR009C,YLR203C,0,1.0601977,0.08413562178611755,0.19920714199543,0.21899709105491638
YBR009C,YML069W,1,1.0601901,0.08451882749795914,0.2001982182264328,0.21899709105491638
YER185W,YER046W,0,1.0600685,0.08448348194360733,0.2001982182264328,0.21909718215465546
YML021C,YER014C-A,0,1.0600468,0.08444815874099731,0.2001982182264328,0.21919727325439453
YJR127C,YBL079W,0,1.0600405,0.08441287279129028,0.2001982182264328,0.2192973643541336
YDL111C,YLR167W,0,1.0600097,0.08437760919332504,0.2001982182264328,0.21939745545387268
YML085C,YLR321C,0,1.060005,0.08434238284826279,0.2001982182264328,0.21949754655361176
YER117W,YKL014C,0,1.059979,0.08430717885494232,0.2001982182264328,0.21959763765335083
YPL110C,YIL143C,0,1.059963,0.08427200466394424,0.2001982182264328,0.2196977287530899
YJL058C,YBL024W,0,1.0599146,0.08423686772584915,0.2001982182264328,0.21979781985282898
YLR120C,YNL095C,0,1.0597968,0.08420175313949585,0.2001982182264328,0.21989791095256805
YML021C,YDR079W,0,1.0597773,0.08416666835546494,0.2001982182264328,0.21999800205230713
YDR107C,YLR373C,0,1.0597296,0.08413161337375641,0.2001982182264328,0.2200980931520462
YDR170W-A,YLR438C-A,0,1.0597004,0.08409658819437027,0.2001982182264328,0.22019818425178528
YOL012C,YML127W,1,1.0596724,0.0844777375459671,0.2011892944574356,0.22019818425178528
YOR182C,YOR240W,0,1.0596111,0.08444259315729141,0.2011892944574356,0.22029827535152435
YBL010C,YBR082C,0,1.0596039,0.08440748602151871,0.2011892944574356,0.22039835155010223
YNL088W,YDR073W,1,1.0596013,0.08478803187608719,0.20218037068843842,0.22039835155010223
YBR084W,YGL113W,0,1.0595907,0.08475280553102493,0.20218037068843842,0.2204984426498413
YNL180C,YNL233W,0,1.0595459,0.08471760898828506,0.20218037068843842,0.22059853374958038
YIR006C,YOR019W,0,1.0595272,0.08468244224786758,0.20218037068843842,0.22069862484931946
YOR230W,YGR229C,0,1.0594372,0.08464730530977249,0.20218037068843842,0.22079871594905853
YHR001W-A,YMR308C,0,1.0593747,0.08461219072341919,0.20218037068843842,0.2208988070487976
YGR062C,YDL124W,0,1.0593709,0.08457711338996887,0.20218037068843842,0.22099889814853668
YLR248W,YGR027C,0,1.0593628,0.08454206585884094,0.20218037068843842,0.22109898924827576
YLR325C,YOL086C,0,1.0593185,0.0845070406794548,0.20218037068843842,0.22119908034801483
YOL133W,YJR073C,0,1.0593092,0.08447205275297165,0.20218037068843842,0.2212991714477539
YKL049C,YDR439W,1,1.0592792,0.08485099673271179,0.20317146182060242,0.2212991714477539
YKL116C,YOR206W,0,1.0592719,0.08481588959693909,0.20317146182060242,0.22139926254749298
YHR181W,YDR134C,0,1.0592444,0.08478081226348877,0.20317146182060242,0.22149935364723206
YGL126W,YML116W,0,1.0592252,0.08474576473236084,0.20317146182060242,0.22159944474697113
YJL004C,YER090W,0,1.0591993,0.0847107470035553,0.20317146182060242,0.2216995358467102
YJR143C,YLR316C,0,1.0591938,0.08467575162649155,0.20317146182060242,0.22179962694644928
YIL047C,YNR041C,0,1.0591685,0.08464079350233078,0.20317146182060242,0.22189970314502716
YGR116W,YFR037C,1,1.0591413,0.0850185751914978,0.20416253805160522,0.22189970314502716
YNL149C,YDL093W,0,1.0591279,0.08498349785804749,0.20416253805160522,0.22199979424476624
YML127W,YPL180W,0,1.0590813,0.08494845032691956,0.20416253805160522,0.2220998853445053
YDL078C,YER028C,0,1.0590721,0.08491344004869461,0.20416253805160522,0.22219997644424438
YHL015W,YNL015W,0,1.059027,0.08487845212221146,0.20416253805160522,0.22230006754398346
YKR038C,YJR001W,0,1.0589747,0.08484349399805069,0.20416253805160522,0.22240015864372253
YOR046C,YNR037C,0,1.0588808,0.08480856567621231,0.20416253805160522,0.2225002497434616
YJL190C,YIL133C,0,1.0588716,0.08477365970611572,0.20416253805160522,0.22260034084320068
YBR273C,YGL229C,0,1.0587698,0.08473879098892212,0.20416253805160522,0.22270043194293976
YIL115C,YGR174C,0,1.058623,0.0847039446234703,0.20416253805160522,0.22280052304267883
YNL133C,YPL161C,0,1.0585982,0.08466913551092148,0.20416253805160522,0.2229006141424179
YKL141W,YDR126W,0,1.0585623,0.08463434875011444,0.20416253805160522,0.22300070524215698
YGR246C,YGL026C,0,1.0585558,0.08459959179162979,0.20416253805160522,0.22310079634189606
YIL087C,YLR223C,0,1.0585278,0.08456485718488693,0.20416253805160522,0.22320088744163513
YER030W,YKR101W,1,1.0584841,0.08494050055742264,0.20515361428260803,0.22320088744163513
YHR082C,YOR074C,0,1.058475,0.08490566164255142,0.20515361428260803,0.223300963640213
YMR055C,YER148W,0,1.0584366,0.084870845079422,0.20515361428260803,0.2234010547399521
YGR047C,YJL133W,0,1.0584244,0.08483606576919556,0.20515361428260803,0.22350114583969116
YLR176C,YOR380W,0,1.0584179,0.08480130881071091,0.20515361428260803,0.22360123693943024
YDR036C,YGL167C,0,1.058399,0.08476658165454865,0.20515361428260803,0.2237013280391693
YER012W,YBR049C,0,1.0582702,0.08473188430070877,0.20515361428260803,0.2238014191389084
YDR262W,YNL293W,0,1.0582268,0.08469721674919128,0.20515361428260803,0.22390151023864746
YAR009C,YOL009C,0,1.0582027,0.08466257899999619,0.20515361428260803,0.22400160133838654
YLL027W,YGR181W,0,1.058185,0.08462796360254288,0.20515361428260803,0.2241016924381256
YJL115W,YDL002C,1,1.0581617,0.08500204235315323,0.20614469051361084,0.2241016924381256
YNL086W,YDR139C,0,1.0581298,0.08496732264757156,0.20614469051361084,0.22420178353786469
YMR223W,YHR119W,1,1.0581279,0.0853409543633461,0.20713578164577484,0.22420178353786469
YIL021W,YDR508C,0,1.0580912,0.08530612289905548,0.20713578164577484,0.22430187463760376
YCL052C,YIL047C,0,1.0580795,0.08527132123708725,0.20713578164577484,0.22440196573734283
YLR228C,YBR112C,0,1.0580364,0.08523654192686081,0.20713578164577484,0.2245020568370819
YDR056C,YNL173C,0,1.0580357,0.08520179241895676,0.20713578164577484,0.22460214793682098
YJL101C,YJR015W,0,1.0580316,0.08516707271337509,0.20713578164577484,0.22470223903656006
YHL028W,YGL019W,0,1.0580012,0.08513238281011581,0.20713578164577484,0.22480231523513794
YAR018C,YJL216C,0,1.0579761,0.08509772270917892,0.20713578164577484,0.22490240633487701
YIL172C,YGR199W,0,1.0579689,0.08506308495998383,0.20713578164577484,0.2250024974346161
YBL088C,YHR035W,0,1.0579541,0.08502847701311111,0.20713578164577484,0.22510258853435516
YJR107W,YEL013W,0,1.0578612,0.08499389886856079,0.20713578164577484,0.22520267963409424
YHR140W,YOR016C,0,1.0578549,0.08495935052633286,0.20713578164577484,0.2253027707338333
YDR056C,YML081C-A,0,1.0578355,0.08492482453584671,0.20713578164577484,0.2254028618335724
YIR006C,YDL189W,0,1.0577925,0.08489033579826355,0.20713578164577484,0.22550295293331146
YOL067C,YOR372C,0,1.057771,0.08485586941242218,0.20713578164577484,0.22560304403305054
YML132W,YDR406W,0,1.0577304,0.0848214253783226,0.20713578164577484,0.2257031351327896
YJL004C,YDR510W,0,1.057718,0.08478701859712601,0.20713578164577484,0.2258032262325287
YFR013W,YBL052C,1,1.0577036,0.08515815436840057,0.20812685787677765,0.2258032262325287
YMR041C,YBR089C-A,0,1.0576801,0.08512362837791443,0.20812685787677765,0.22590331733226776
YDR137W,YOR091W,0,1.0576752,0.08508913964033127,0.20812685787677765,0.22600340843200684
YNL190W,YDR422C,0,1.0576738,0.0850546807050705,0.20812685787677765,0.2261034995317459
YNL110C,YML031W,0,1.0576557,0.08502024412155151,0.20812685787677765,0.22620359063148499
YLR425W,YMR127C,0,1.0576371,0.08498583734035492,0.20812685787677765,0.22630366683006287
YLL031C,YOR174W,0,1.0576301,0.08495145291090012,0.20812685787677765,0.22640375792980194
YBR123C,YOL107W,0,1.0575213,0.0849171057343483,0.20812685787677765,0.22650384902954102
YPL026C,YPL262W,0,1.0575092,0.08488278090953827,0.20812685787677765,0.2266039401292801
YKL145W,YNL310C,0,1.057474,0.08484848588705063,0.20812685787677765,0.22670403122901917
YBR060C,YGL133W,1,1.0574398,0.08521809428930283,0.20911793410778046,0.22670403122901917
YOL100W,YPL075W,0,1.0573242,0.08518368750810623,0.20911793410778046,0.22680412232875824
YPL050C,YNL261W,0,1.057283,0.08514931052923203,0.20911793410778046,0.22690421342849731
YBR257W,YNL181W,0,1.0572494,0.0851149633526802,0.20911793410778046,0.2270043045282364
YPR127W,YOR038C,0,1.0572158,0.08508064597845078,0.20911793410778046,0.22710439562797546
YLR330W,YGR009C,0,1.0571656,0.08504635095596313,0.20911793410778046,0.22720448672771454
YML048W,YDR054C,0,1.057123,0.08501208573579788,0.20911793410778046,0.2273045778274536
YLL066C,YCL066W,0,1.0571163,0.08497785031795502,0.20911793410778046,0.2274046689271927
YIL133C,YHL044W,0,1.0571041,0.08494363725185394,0.20911793410778046,0.22750476002693176
YIR019C,YOR119C,0,1.0570223,0.08490945398807526,0.20911793410778046,0.22760485112667084
YBL052C,YMR262W,0,1.0570076,0.08487530052661896,0.20911793410778046,0.22770492732524872
YPR198W,YLR467W,0,1.0569881,0.08484117686748505,0.20911793410778046,0.2278050184249878
YDR303C,YHL025W,1,1.0569736,0.08520900458097458,0.21010902523994446,0.2278050184249878
YMR321C,YDL072C,0,1.0569621,0.08517476916313171,0.21010902523994446,0.22790510952472687
YGR086C,YGL172W,0,1.0569403,0.08514056354761124,0.21010902523994446,0.22800520062446594
YOL135C,YOL053C-A,0,1.05691,0.08510638028383255,0.21010902523994446,0.22810529172420502
YKL212W,YLR090W,0,1.0568894,0.08507223427295685,0.21010902523994446,0.2282053828239441
YOL108C,YEL002C,0,1.0568802,0.08503810316324234,0.21010902523994446,0.22830547392368317
YKL033W,YER159C,0,1.0568447,0.08500400930643082,0.21010902523994446,0.22840556502342224
YNR072W,YLR079W,0,1.0567651,0.08496993780136108,0.21010902523994446,0.22850565612316132
YHR122W,YDL080C,0,1.0567589,0.08493589609861374,0.21010902523994446,0.2286057472229004
YLR312W-A,YLR440C,0,1.0567513,0.08490188419818878,0.21010902523994446,0.22870583832263947
YHR185C,YDR427W,0,1.0567337,0.08486789464950562,0.21010902523994446,0.22880592942237854
YHR005C,YML132W,0,1.0566367,0.08483393490314484,0.21010902523994446,0.22890602052211761
YPL091W,YGL185C,0,1.0566217,0.08479999750852585,0.21010902523994446,0.2290061116218567
YAR018C,YDR265W,0,1.0565984,0.08476608991622925,0.21010902523994446,0.22910620272159576
YGL163C,YML065W,1,1.0565515,0.08513189107179642,0.21110010147094727,0.22910620272159576
YLR396C,YCR037C,0,1.0565364,0.08509787917137146,0.21110010147094727,0.22920627892017365
YKL201C,YDR211W,0,1.0564935,0.08506389707326889,0.21110010147094727,0.22930637001991272
YGR054W,YPR083W,0,1.0564897,0.08502993732690811,0.21110010147094727,0.2294064611196518
YDR251W,YOR059C,0,1.0564332,0.08499600738286972,0.21110010147094727,0.22950655221939087
YKL042W,YJL164C,0,1.0564152,0.08496210724115372,0.21110010147094727,0.22960664331912994
YJR016C,YJR117W,0,1.0563785,0.0849282294511795,0.21110010147094727,0.22970673441886902
YJL110C,YBR043C,0,1.0563624,0.08489438146352768,0.21110010147094727,0.2298068255186081
YKL058W,YBL007C,0,1.056333,0.08486055582761765,0.21110010147094727,0.22990691661834717
YJR010W,YNR055C,0,1.0562248,0.08482675999403,0.21110010147094727,0.23000700771808624
YOR011W,YFR034C,0,1.0560132,0.08479299396276474,0.21110010147094727,0.23010709881782532
YMR071C,YDR093W,0,1.0560037,0.08475925028324127,0.21110010147094727,0.2302071899175644
YGR244C,YNL325C,0,1.0559894,0.08472553640604019,0.21110010147094727,0.23030728101730347
YOR032C,YLR194C,0,1.0559549,0.0846918523311615,0.21110010147094727,0.23040737211704254
YHR150W,YDR466W,0,1.0559514,0.0846581906080246,0.21110010147094727,0.23050746321678162
YKR006C,YIL138C,0,1.0559286,0.08462455123662949,0.21110010147094727,0.2306075394153595
YOL151W,YML013W,0,1.055918,0.08459094166755676,0.21110010147094727,0.23070763051509857
YCR044C,YGL139W,0,1.0558541,0.08455736190080643,0.21110010147094727,0.23080772161483765
YFR052W,YKR014C,0,1.0558369,0.08452381193637848,0.21110010147094727,0.23090781271457672
YBR129C,YDL077C,0,1.055817,0.08449028432369232,0.21110010147094727,0.2310079038143158
YKL130C,YDR261C,0,1.0558102,0.08445677906274796,0.21110010147094727,0.23110799491405487
YLR016C,YOR099W,0,1.0558064,0.08442330360412598,0.21110010147094727,0.23120808601379395
YPL096W,YLR289W,0,1.0556664,0.08438985794782639,0.21110010147094727,0.23130817711353302
YOL112W,YNL041C,0,1.0556084,0.08435643464326859,0.21110010147094727,0.2314082682132721
YML018C,YIR009W,0,1.0555941,0.08432304114103317,0.21110010147094727,0.23150835931301117
YLR048W,YNL330C,0,1.0555472,0.08428966999053955,0.21110010147094727,0.23160845041275024
YFR047C,YDR140W,0,1.0555407,0.08425632864236832,0.21110010147094727,0.23170854151248932
YNL107W,YMR089C,0,1.0555328,0.08422300964593887,0.21110010147094727,0.2318086326122284
YLR083C,YER036C,0,1.055518,0.08418972045183182,0.21110010147094727,0.23190872371196747
YDR007W,YGL003C,0,1.05551,0.08415646106004715,0.21110010147094727,0.23200881481170654
YGL144C,YER162C,0,1.0554737,0.08412322402000427,0.21110010147094727,0.23210889101028442
YLR305C,YOR103C,0,1.0554734,0.08409000933170319,0.21110010147094727,0.2322089821100235
YKL173W,YDR430C,0,1.0554141,0.08405682444572449,0.21110010147094727,0.23230907320976257
YGR063C,YNL031C,1,1.0553962,0.0844181478023529,0.21209117770195007,0.23230907320976257
YOL057W,YPR114W,0,1.0553521,0.08438485860824585,0.21209117770195007,0.23240916430950165
YKL032C,YLR050C,0,1.0553088,0.08435159921646118,0.21209117770195007,0.23250925540924072
YGR072W,YOL004W,0,1.0553048,0.0843183621764183,0.21209117770195007,0.2326093465089798
YJR058C,YDR350C,0,1.0552988,0.08428515493869781,0.21209117770195007,0.23270943760871887
YBL082C,YER007C-A,0,1.0552655,0.08425197005271912,0.21209117770195007,0.23280952870845795
YPL078C,YOR080W,0,1.0552584,0.0842188149690628,0.21209117770195007,0.23290961980819702
YER087W,YNR061C,0,1.0552506,0.08418568223714828,0.21209117770195007,0.2330097109079361
YOL003C,YML081W,0,1.0551265,0.08415257930755615,0.21209117770195007,0.23310980200767517
YKL079W,YOR292C,0,1.0551116,0.08411949872970581,0.21209117770195007,0.23320989310741425
YPL244C,YLR187W,0,1.0551109,0.08408644050359726,0.21209117770195007,0.23330998420715332
YNR023W,YER161C,1,1.0551066,0.08444619178771973,0.21308225393295288,0.23330998420715332
YGL062W,YJR073C,0,1.0551016,0.08441303670406342,0.21308225393295288,0.2334100753068924
YBR260C,YLR223C,0,1.0551002,0.0843799039721489,0.21308225393295288,0.23351016640663147
YPL120W,YKL003C,0,1.0550975,0.08434680104255676,0.21308225393295288,0.23361024260520935
YDL012C,YKL053C-A,0,1.0550793,0.08431372791528702,0.21308225393295288,0.23371033370494843
YBL023C,YKL045W,0,1.055041,0.08428067713975906,0.21308225393295288,0.2338104248046875
YGR101W,YMR123W,0,1.0550348,0.0842476487159729,0.21308225393295288,0.23391051590442657
YLR060W,YOR159C,0,1.054975,0.08421465009450912,0.21308225393295288,0.23401060700416565
YOL112W,YJL054W,0,1.0549653,0.08418167382478714,0.21308225393295288,0.23411069810390472
YNR044W,YBR141C,0,1.0549294,0.08414872735738754,0.21308225393295288,0.2342107892036438
YHL017W,YMR176W,0,1.0549097,0.08411580324172974,0.21308225393295288,0.23431088030338287
YBR037C,YBL041W,0,1.0548977,0.08408290892839432,0.21308225393295288,0.23441097140312195
YPR070W,YKR048C,0,1.0548599,0.08405003696680069,0.21308225393295288,0.23451106250286102
YDR196C,YGR004W,0,1.0547686,0.08401719480752945,0.21308225393295288,0.2346111536026001
YLR238W,YGL169W,0,1.0547483,0.083984375,0.21308225393295288,0.23471124470233917
YOL072W,YMR168C,0,1.0547249,0.08395158499479294,0.21308225393295288,0.23481133580207825
YPL036W,YPL048W,0,1.0546784,0.08391880989074707,0.21308225393295288,0.23491142690181732
YKL048C,YDL123W,0,1.0546577,0.08388607203960419,0.21308225393295288,0.2350115031003952
YDL113C,YBR100W,0,1.0546532,0.0838533565402031,0.21308225393295288,0.23511159420013428
YNL078W,YDR490C,0,1.0546222,0.08382066339254379,0.21308225393295288,0.23521168529987335
YLR323C,YML031W,0,1.0546186,0.08378800004720688,0.21308225393295288,0.23531177639961243
YGR006W,YJR051W,0,1.054608,0.08375535905361176,0.21308225393295288,0.2354118674993515
YML027W,YBL013W,0,1.0545905,0.08372274041175842,0.21308225393295288,0.23551195859909058
YDL135C,YDL164C,0,1.0545876,0.08369015157222748,0.21308225393295288,0.23561204969882965
YHR119W,YDR224C,1,1.0545471,0.08404669165611267,0.21407334506511688,0.23561204969882965
YJL081C,YKR048C,1,1.054525,0.08440295606851578,0.2150644212961197,0.23561204969882965
YGR165W,YOR172W,0,1.0545233,0.08437013626098633,0.2150644212961197,0.23571214079856873
YDR261C,YBR036C,0,1.054512,0.08433734625577927,0.2150644212961197,0.2358122318983078
YML011C,YMR061W,0,1.0544997,0.08430458605289459,0.2150644212961197,0.23591232299804688
YLR360W,YDR148C,0,1.0543723,0.08427184820175171,0.2150644212961197,0.23601241409778595
YDR170W-A,YHR008C,0,1.054325,0.08423913270235062,0.2150644212961197,0.23611250519752502
YJR092W,YPR178W,0,1.0543184,0.08420643955469131,0.2150644212961197,0.2362125962972641
YBL010C,YML096W,0,1.0542207,0.0841737762093544,0.2150644212961197,0.23631268739700317
YDR356W,YNL293W,0,1.0540534,0.08414114266633987,0.2150644212961197,0.23641277849674225
YDR028C,YBL100W-B,0,1.0540223,0.08410852402448654,0.2150644212961197,0.23651285469532013
YBR153W,YJL052W,0,1.053992,0.0840759426355362,0.2150644212961197,0.2366129457950592
YCL061C,YLR442C,1,1.0539898,0.08443067222833633,0.2160554975271225,0.2366129457950592
YFR049W,YOL028C,0,1.0539547,0.08439798653125763,0.2160554975271225,0.23671303689479828
YLR449W,YGR275W,1,1.0539237,0.08475232124328613,0.2170465737581253,0.23671303689479828
YMR227C,YBR195C,1,1.0536942,0.08510638028383255,0.2180376648902893,0.23671303689479828
YGL259W,YPL239W,0,1.0536554,0.08507347106933594,0.2180376648902893,0.23681312799453735
YER177W,YHL012W,0,1.053599,0.08504058420658112,0.2180376648902893,0.23691321909427643
YKL002W,YIL019W,0,1.0535983,0.08500772714614868,0.2180376648902893,0.2370133101940155
YGL094C,YGL063W,0,1.0535512,0.08497489243745804,0.2180376648902893,0.23711340129375458
YGL092W,YJL167W,0,1.0535035,0.08494208753108978,0.2180376648902893,0.23721349239349365
YHR119W,YER030W,1,1.0534905,0.08529525250196457,0.21902874112129211,0.23721349239349365
YLR259C,YHR044C,0,1.053462,0.08526234328746796,0.21902874112129211,0.23731358349323273
YDR071C,YBR289W,1,1.0534384,0.0856151208281517,0.22001981735229492,0.23731358349323273
YPR198W,YDR074W,0,1.0533807,0.08558211475610733,0.22001981735229492,0.2374136745929718
YPR048W,YCL064C,0,1.0533416,0.08554913103580475,0.22001981735229492,0.23751376569271088
YOL004W,YNL088W,1,1.0533385,0.08590138703584671,0.22101090848445892,0.23751376569271088
YHR099W,YDR071C,0,1.0533329,0.08586830645799637,0.22101090848445892,0.23761385679244995
YOR106W,YJL186W,0,1.0533282,0.08583525568246841,0.22101090848445892,0.23771394789218903
YGL238W,YNL231C,0,1.0533264,0.08580223470926285,0.22101090848445892,0.2378140389919281
YER022W,YJR041C,0,1.053227,0.08576922863721848,0.22101090848445892,0.23791413009166718
YBR268W,YLR097C,0,1.0531845,0.08573625236749649,0.22101090848445892,0.23801420629024506
YPL098C,YGR288W,0,1.053095,0.0857033059000969,0.22101090848445892,0.23811429738998413
YLR286C,YNL050C,0,1.0530906,0.08567038178443909,0.22101090848445892,0.2382143884897232
YJR132W,YGR046W,0,1.053005,0.08563748002052307,0.22101090848445892,0.23831447958946228
YHR005C,YCL061C,0,1.0529021,0.08560460805892944,0.22101090848445892,0.23841457068920135
YNL175C,YFL029C,0,1.0528555,0.0855717584490776,0.22101090848445892,0.23851466178894043
YDL166C,YHR133C,0,1.052854,0.08553893119096756,0.22101090848445892,0.2386147528886795
YNL133C,YJR006W,0,1.0528374,0.0855061337351799,0.22101090848445892,0.23871484398841858
YOR189W,YML091C,0,1.0528154,0.08547335863113403,0.22101090848445892,0.23881493508815765
YDR316W-B,YDL028C,0,1.0527818,0.08544061332941055,0.22101090848445892,0.23891502618789673
YLR268W,YPL167C,0,1.0527444,0.08540789037942886,0.22101090848445892,0.2390151172876358
YGL111W,YOR061W,0,1.052719,0.08537518978118896,0.22101090848445892,0.23911520838737488
YMR127C,YML069W,1,1.0527124,0.08572521805763245,0.22200198471546173,0.23911520838737488
YIL139C,YLR404W,0,1.05267,0.08569242805242538,0.22200198471546173,0.23921529948711395
YKL054C,YBL088C,0,1.0525974,0.08565965294837952,0.22200198471546173,0.23931539058685303
YMR247C,YAL056W,0,1.0525869,0.08562690764665604,0.22200198471546173,0.2394154667854309
YBR082C,YAL033W,0,1.0525191,0.08559419214725494,0.22200198471546173,0.23951555788516998
YDR363W,YLR285W,1,1.052516,0.08594346791505814,0.22299306094646454,0.23951555788516998
YMR184W,YOR249C,0,1.052501,0.08591065555810928,0.22299306094646454,0.23961564898490906
YHR136C,YNR021W,0,1.0524868,0.08587786555290222,0.22299306094646454,0.23971574008464813
YIL145C,YBR218C,0,1.0523846,0.08584509789943695,0.22299306094646454,0.2398158311843872
YNR004W,YPL226W,0,1.0523766,0.08581236004829407,0.22299306094646454,0.23991592228412628
YBR031W,YKL005C,0,1.0523247,0.08577964454889297,0.22299306094646454,0.24001601338386536
YBR067C,YOR089C,0,1.0523087,0.08574695140123367,0.22299306094646454,0.24011610448360443
YKR007W,YBL079W,0,1.0522695,0.08571428805589676,0.22299306094646454,0.2402161955833435
YJL012C-A,YMR100W,0,1.0522416,0.08568164706230164,0.22299306094646454,0.24031628668308258
YGL062W,YJL149W,0,1.0521822,0.0856490284204483,0.22299306094646454,0.24041637778282166
YML128C,YJR015W,0,1.0521562,0.08561643958091736,0.22299306094646454,0.24051646888256073
YPL031C,YML133C,0,1.0521225,0.0855838730931282,0.22299306094646454,0.2406165599822998
YDL138W,YNR021W,0,1.0520022,0.08555132895708084,0.22299306094646454,0.24071665108203888
YJL056C,YKL042W,0,1.0519503,0.08551881462335587,0.22299306094646454,0.24081674218177795
YLR085C,YLR321C,1,1.0519321,0.08586626499891281,0.22398413717746735,0.24081674218177795
YOR148C,YFL018W-A,0,1.0519166,0.08583364635705948,0.22398413717746735,0.24091681838035583
YLR017W,YDL200C,0,1.0519048,0.08580106496810913,0.22398413717746735,0.2410169094800949
YKL218C,YLR023C,0,1.05188,0.08576849848031998,0.22398413717746735,0.24111700057983398
YPR002W,YDR122W,0,1.0518773,0.08573596179485321,0.22398413717746735,0.24121709167957306
YOL003C,YLR147C,0,1.0518708,0.08570344746112823,0.22398413717746735,0.24131718277931213
YKL001C,YIL005W,0,1.0518293,0.08567096292972565,0.22398413717746735,0.2414172738790512
YPL078C,YBR026C,0,1.0518192,0.08563850075006485,0.22398413717746735,0.24151736497879028
YNL328C,YPR007C,0,1.051791,0.08560606092214584,0.22398413717746735,0.24161745607852936
YFR050C,YJR046W,0,1.0517511,0.08557364344596863,0.22398413717746735,0.24171754717826843
YBL052C,YMR203W,0,1.051713,0.0855412557721138,0.22398413717746735,0.2418176382780075
YPL092W,YML070W,0,1.0516781,0.08550889045000076,0.22398413717746735,0.24191772937774658
YMR053C,YAR033W,0,1.0516771,0.08547654747962952,0.22398413717746735,0.24201782047748566
YOL012C,YDL140C,1,1.0516722,0.08582230657339096,0.22497522830963135,0.24201782047748566
YPR162C,YDR134C,0,1.0516516,0.08578987419605255,0.22497522830963135,0.24211791157722473
YDR498C,YNL297C,0,1.0516379,0.08575746417045593,0.22497522830963135,0.2422180026769638
YBL093C,YBR196C,0,1.0515326,0.0857250764966011,0.22497522830963135,0.2423180788755417
YJL001W,YNL206C,0,1.0514902,0.08569271117448807,0.22497522830963135,0.24241816997528076
YOL090W,YOR304W,1,1.0514873,0.08603773266077042,0.22596630454063416,0.24241816997528076
YOR209C,YGR274C,1,1.0514755,0.08638250082731247,0.22695738077163696,0.24241816997528076
YLR074C,YNL098C,0,1.051425,0.08634992688894272,0.22695738077163696,0.24251826107501984
YLR151C,YJL087C,0,1.0514032,0.08631737530231476,0.22695738077163696,0.2426183521747589
YGR286C,YML045W,0,1.0513948,0.08628485351800919,0.22695738077163696,0.24271844327449799
YIL135C,YPL161C,0,1.0513563,0.0862523540854454,0.22695738077163696,0.24281853437423706
YJL062W,YJL127C,0,1.0513331,0.08621987700462341,0.22695738077163696,0.24291862547397614
YGR026W,YLR284C,0,1.051308,0.08618742972612381,0.22695738077163696,0.2430187165737152
YPR113W,YER005W,0,1.0512885,0.086155004799366,0.22695738077163696,0.24311880767345428
YLR192C,YOR091W,0,1.0512688,0.08612260222434998,0.22695738077163696,0.24321889877319336
YMR127C,YBR112C,1,1.0512686,0.08646616339683533,0.22794845700263977,0.24321889877319336
YPR049C,YOR298W,0,1.0512648,0.08643367141485214,0.22794845700263977,0.24331898987293243
YJL112W,YDR128W,0,1.0511849,0.08640120178461075,0.22794845700263977,0.2434190809726715
YCR091W,YPL078C,0,1.05118,0.08636875450611115,0.22794845700263977,0.24351917207241058
YPR086W,YDR495C,0,1.0511752,0.08633633702993393,0.22794845700263977,0.24361926317214966
YIR036C,YFL054C,0,1.051147,0.0863039419054985,0.22794845700263977,0.24371935427188873
YKR050W,YLR404W,0,1.0511265,0.08627156913280487,0.22794845700263977,0.2438194304704666
YLR321C,YMR127C,1,1.0511216,0.08661417663097382,0.22893954813480377,0.2438194304704666
YOR304C-A,YLR401C,0,1.0511159,0.08658170700073242,0.22893954813480377,0.2439195215702057
YEL056W,YLR154C,0,1.0511134,0.08654926717281342,0.22893954813480377,0.24401961266994476
YER174C,YDR079W,0,1.0510147,0.0865168571472168,0.22893954813480377,0.24411970376968384
YJL096W,YJL013C,0,1.0509378,0.08648446202278137,0.22893954813480377,0.2442197948694229
YLR092W,YER090W,0,1.050868,0.08645209670066833,0.22893954813480377,0.244319885969162
YDR392W,YDR253C,0,1.0508373,0.08641975373029709,0.22893954813480377,0.24441997706890106
YFL010W-A,YOR299W,0,1.0508164,0.08638743311166763,0.22893954813480377,0.24452006816864014
YOR269W,YNL281W,0,1.0508031,0.08635514229536057,0.22893954813480377,0.2446201592683792
YJR102C,YMR171C,0,1.0507628,0.08632286638021469,0.22893954813480377,0.2447202503681183
YDR303C,YMR203W,0,1.0507562,0.0862906202673912,0.22893954813480377,0.24482034146785736
YDR148C,YNL111C,0,1.0507181,0.0862584039568901,0.22893954813480377,0.24492043256759644
YJL004C,YBR041W,0,1.0507048,0.0862262025475502,0.22893954813480377,0.2450205236673355
YDR257C,YBR097W,0,1.0506109,0.08619403094053268,0.22893954813480377,0.24512061476707458
YDR155C,YBR289W,1,1.0506047,0.08653487265110016,0.22993062436580658,0.24512061476707458
YDR045C,YNL048W,0,1.0505543,0.08650261163711548,0.22993062436580658,0.24522070586681366
YPL169C,YLR430W,0,1.0505415,0.08647036552429199,0.22993062436580658,0.24532078206539154
YJL052W,YBR271W,0,1.0505408,0.0864381492137909,0.22993062436580658,0.24542087316513062
YGR014W,YBL082C,0,1.0504905,0.08640596270561218,0.22993062436580658,0.2455209642648697
YPL121C,YER040W,0,1.050436,0.08637379109859467,0.22993062436580658,0.24562105536460876
YNL297C,YML116W,0,1.0503205,0.08634164184331894,0.22993062436580658,0.24572114646434784
YIL017W,YNR041C,0,1.0502675,0.0863095223903656,0.22993062436580658,0.24582123756408691
YLR213C,YPL083C,0,1.0502234,0.08627742528915405,0.22993062436580658,0.245921328663826
YHR119W,YOR304W,1,1.0501652,0.08661709725856781,0.2309217005968094,0.245921328663826
YJL206C,YLR221C,0,1.0501415,0.0865849107503891,0.2309217005968094,0.24602141976356506
YGL163C,YBR289W,1,1.050126,0.08692421764135361,0.2319127917289734,0.24602141976356506
YPR018W,YOL006C,1,1.0501217,0.08726327866315842,0.2329038679599762,0.24602141976356506
YPR189W,YGL249W,0,1.0500937,0.08723088353872299,0.2329038679599762,0.24612151086330414
YIR009W,YMR287C,0,1.0500095,0.08719851821660995,0.2329038679599762,0.2462216019630432
YKL112W,YLR442C,1,1.0500083,0.08753709495067596,0.233894944190979,0.2462216019630432
YDR284C,YNL188W,0,1.0499662,0.08750463277101517,0.233894944190979,0.2463216930627823
YER165W,YDR490C,0,1.0499609,0.08747220039367676,0.233894944190979,0.24642178416252136
YMR166C,YMR215W,0,1.0499188,0.08743979036808014,0.233894944190979,0.24652187526226044
YBL091C-A,YJR028W,0,1.0498711,0.08740741014480591,0.233894944190979,0.2466219663619995
YHR119W,YBR198C,1,1.0498391,0.08774527907371521,0.2348860204219818,0.2466219663619995
YEL053C,YKL138C,0,1.0498343,0.08771280199289322,0.2348860204219818,0.2467220425605774
YDL098C,YFL048C,0,1.0497423,0.08768035471439362,0.2348860204219818,0.24682213366031647
YPL159C,YJR054W,0,1.0497144,0.0876479297876358,0.2348860204219818,0.24692222476005554
YLR008C,YGL085W,0,1.0496948,0.08761552721261978,0.2348860204219818,0.24702231585979462
YOL155C,YNL219C,0,1.0495777,0.08758314698934555,0.2348860204219818,0.2471224069595337
YJL179W,YEL052W,0,1.0493826,0.08755079656839371,0.2348860204219818,0.24722249805927277
YOR087W,YDR247W,0,1.0493572,0.08751846104860306,0.2348860204219818,0.24732258915901184
YLR192C,YBL113C,0,1.0493317,0.0874861553311348,0.2348860204219818,0.24742268025875092
YOR271C,YHR057C,0,1.0492909,0.08745387196540833,0.2348860204219818,0.24752277135849
YKL117W,YDR239C,0,1.0492857,0.08742161840200424,0.2348860204219818,0.24762286245822906
YPR008W,YFL002W-B,0,1.0492837,0.08738937973976135,0.2348860204219818,0.24772295355796814
YKL126W,YER081W,0,1.0492829,0.08735717087984085,0.2348860204219818,0.24782304465770721
YGR154C,YHR135C,0,1.049202,0.08732498437166214,0.2348860204219818,0.2479231357574463
YIL022W,YEL058W,0,1.0491465,0.08729282021522522,0.2348860204219818,0.24802322685718536
YCR052W,YBL052C,1,1.0491352,0.08762886375188828,0.2358771115541458,0.24802322685718536
YNL056W,YOL111C,0,1.0490849,0.08759661018848419,0.2358771115541458,0.24812331795692444
YML061C,YJL096W,0,1.0490677,0.0875643864274025,0.2358771115541458,0.24822339415550232
YGR274C,YBR195C,1,1.0490307,0.08789996057748795,0.23686818778514862,0.24822339415550232
YDR503C,YNL189W,0,1.0489521,0.08786764740943909,0.23686818778514862,0.2483234852552414
YJL103C,YML006C,0,1.0489388,0.08783535659313202,0.23686818778514862,0.24842357635498047
YLL053C,YER100W,0,1.0488302,0.08780308812856674,0.23686818778514862,0.24852366745471954
YBL008W,YBR088C,1,1.0487509,0.08813808113336563,0.23785926401615143,0.24852366745471954
YPL121C,YDL114W,0,1.0487322,0.08810572326183319,0.23785926401615143,0.24862375855445862
YBR198C,YDL107W,0,1.0486946,0.08807339519262314,0.23785926401615143,0.2487238496541977
YDR150W,YNL294C,0,1.0486736,0.08804108947515488,0.23785926401615143,0.24882394075393677
YPL235W,YGR274C,1,1.0486578,0.0883755013346672,0.23885034024715424,0.24882394075393677
YKR036C,YCL029C,0,1.0486422,0.08834310621023178,0.23885034024715424,0.24892403185367584
YOL109W,YIR002C,0,1.0485979,0.08831073343753815,0.23885034024715424,0.24902412295341492
YPL226W,YGL137W,0,1.0485703,0.0882783904671669,0.23885034024715424,0.249124214053154
YBR022W,YKL090W,0,1.0485702,0.08824606239795685,0.23885034024715424,0.24922430515289307
YBR230C,YPR128C,0,1.0485355,0.08821376413106918,0.23885034024715424,0.24932439625263214
YHR154W,YPL135W,0,1.0484982,0.08818148821592331,0.23885034024715424,0.24942448735237122
YIL061C,YER036C,0,1.0484829,0.08814923465251923,0.23885034024715424,0.2495245784521103
YKL080W,YIL138C,0,1.0484828,0.08811700344085693,0.23885034024715424,0.24962466955184937
YDL078C,YLR371W,0,1.0484633,0.08808479458093643,0.23885034024715424,0.24972474575042725
YBR273C,YPR125W,0,1.048429,0.08805261552333832,0.23885034024715424,0.24982483685016632
YKL020C,YKR048C,0,1.0483838,0.0880204513669014,0.23885034024715424,0.2499249279499054
YHL026C,YHR002W,0,1.0483637,0.08798831701278687,0.23885034024715424,0.25002503395080566
YAL011W,YDL097C,0,1.048306,0.08795620501041412,0.23885034024715424,0.25012511014938354
YNL330C,YIL126W,1,1.0482864,0.08828894793987274,0.23984143137931824,0.25012511014938354
YDR086C,YEL021W,0,1.0482773,0.08825674653053284,0.23984143137931824,0.2502252161502838
YNL149C,YLR347C,0,1.0482225,0.08822457492351532,0.23984143137931824,0.2503252923488617
YGL198W,YDR482C,0,1.0482206,0.088192418217659,0.23984143137931824,0.2504253685474396
YDR127W,YBR287W,0,1.0481884,0.08816029131412506,0.23984143137931824,0.25052547454833984
YLR209C,YDR482C,0,1.048167,0.08812818676233292,0.23984143137931824,0.2506255507469177
YGL241W,YOL157C,0,1.0481424,0.08809610456228256,0.23984143137931824,0.250725656747818
YIR006C,YML073C,0,1.0480388,0.088064044713974,0.23984143137931824,0.2508257329463959
YCR026C,YGL093W,0,1.0480039,0.08803201466798782,0.23984143137931824,0.25092583894729614
YNL025C,YKL158W,0,1.0479645,0.08799999952316284,0.23984143137931824,0.251025915145874
YER005W,YFR052W,0,1.0479183,0.08796801418066025,0.23984143137931824,0.2511260211467743
YDR347W,YML006C,0,1.0479156,0.08793604373931885,0.23984143137931824,0.2512260973453522
YDR513W,YGR177C,0,1.0478202,0.08790410310029984,0.23984143137931824,0.25132620334625244
YIL137C,YKL078W,0,1.0478101,0.08787218481302261,0.23984143137931824,0.2514262795448303
YJL206C,YML039W,0,1.047797,0.08784028887748718,0.23984143137931824,0.2515263855457306
YHR190W,YAR010C,0,1.047775,0.08780841529369354,0.23984143137931824,0.25162646174430847
YJL081C,YDL140C,1,1.0477147,0.08813928067684174,0.24083250761032104,0.25162646174430847
YJL097W,YLR419W,0,1.0477076,0.08810732513666153,0.24083250761032104,0.25172656774520874
YOR175C,YML082W,0,1.0476446,0.08807539194822311,0.24083250761032104,0.2518266439437866
YOR156C,YHR039C-A,0,1.0476426,0.08804348111152649,0.24083250761032104,0.2519267201423645
YGR253C,YNL159C,0,1.0476226,0.08801159262657166,0.24083250761032104,0.25202682614326477
YBL089W,YML124C,0,1.0476161,0.08797972649335861,0.24083250761032104,0.25212690234184265
YDL140C,YOR079C,0,1.0475456,0.08794788271188736,0.24083250761032104,0.2522270083427429
YGR135W,YPR100W,0,1.0475451,0.0879160612821579,0.24083250761032104,0.2523270845413208
YOL012C,YLR285W,1,1.0475407,0.0882459282875061,0.24182358384132385,0.2523270845413208
YNL025C,YBL026W,0,1.0474328,0.08821402490139008,0.24182358384132385,0.25242719054222107
YJR092W,YPR125W,0,1.0474263,0.08818214386701584,0.24182358384132385,0.25252726674079895
YDR038C,YGR156W,0,1.0474066,0.08815029263496399,0.24182358384132385,0.2526273727416992
YLR395C,YKR002W,0,1.0473444,0.08811845630407333,0.24182358384132385,0.2527274489402771
YNR010W,YLR259C,0,1.047225,0.08808664232492447,0.24182358384132385,0.25282755494117737
YDL078C,YPR169W,0,1.047129,0.0880548506975174,0.24182358384132385,0.25292763113975525
YJR013W,YOR346W,0,1.0470951,0.08802308887243271,0.24182358384132385,0.2530277371406555
YJR025C,YMR020W,0,1.0469937,0.08799134194850922,0.24182358384132385,0.2531278133392334
YIL026C,YOL062C,0,1.0469856,0.08795962482690811,0.24182358384132385,0.25322791934013367
YOR334W,YMR045C,0,1.0468706,0.0879279300570488,0.24182358384132385,0.25332799553871155
YBR020W,YOR283W,0,1.0468175,0.08789625018835068,0.24182358384132385,0.25342807173728943
YER022W,YDR021W,0,1.0468098,0.08786460012197495,0.24182358384132385,0.2535281777381897
YLL041C,YDR283C,0,1.046717,0.087832972407341,0.24182358384132385,0.2536282539367676
YOR138C,YOR074C,0,1.0467112,0.08780136704444885,0.24182358384132385,0.25372835993766785
YPR200C,YMR122W-A,0,1.0466696,0.08776978403329849,0.24182358384132385,0.2538284361362457
YNR023W,YDR073W,1,1.0466512,0.08809780329465866,0.24281467497348785,0.2538284361362457
YGR251W,YJR103W,0,1.0466121,0.08806613832712173,0.24281467497348785,0.253928542137146
YKL088W,YKL117W,0,1.0465813,0.0880344957113266,0.24281467497348785,0.2540286183357239
YGL205W,YCR087C-A,0,1.0465679,0.08800287544727325,0.24281467497348785,0.25412872433662415
YDR405W,YJR027W,0,1.04646,0.0879712775349617,0.24281467497348785,0.254228800535202
YHR013C,YMR217W,0,1.0464592,0.08793970197439194,0.24281467497348785,0.2543289065361023
YMR158W,YLR288C,0,1.046435,0.08790814131498337,0.24281467497348785,0.2544289827346802
YPL194W,YGL225W,0,1.0464289,0.08787661045789719,0.24281467497348785,0.25452908873558044
YGL014W,YIL004C,0,1.0463662,0.08784510940313339,0.24281467497348785,0.2546291649341583
YML127W,YDR195W,0,1.0462914,0.08781362324953079,0.24281467497348785,0.2547292709350586
YGL226W,YLR001C,0,1.0462509,0.08778215944766998,0.24281467497348785,0.2548293471336365
YFR024C,YHR088W,0,1.0462488,0.08775071799755096,0.24281467497348785,0.25492942333221436
YJL221C,YFL066C,0,1.0461894,0.08771929889917374,0.24281467497348785,0.2550295293331146
YLR391W-A,YOR025W,0,1.0461569,0.0876879021525383,0.24281467497348785,0.2551296055316925
YNL135C,YBL006C,1,1.0461246,0.08801431208848953,0.24380575120449066,0.2551296055316925
YPL171C,YBR065C,0,1.0460973,0.08798283338546753,0.24380575120449066,0.2552297115325928
YNR045W,YGL016W,0,1.0460895,0.08795137703418732,0.24380575120449066,0.25532978773117065
YDL140C,YER161C,1,1.0460374,0.08827733993530273,0.24479682743549347,0.25532978773117065
YLR321C,YBR089C-A,1,1.0460339,0.08860307186841965,0.24578790366649628,0.25532978773117065
YNL059C,YHR118C,1,1.0459226,0.08892857283353806,0.24677899479866028,0.25532978773117065
YPR018W,YPL235W,1,1.0458982,0.08925383538007736,0.24777007102966309,0.25532978773117065
YNL180C,YPL177C,0,1.0457956,0.08922198414802551,0.24777007102966309,0.2554298937320709
YPR174C,YNL251C,0,1.0457598,0.08919015526771545,0.24777007102966309,0.2555299699306488
YHR039C-B,YKL206C,0,1.0456438,0.08915834873914719,0.24777007102966309,0.2556300759315491
YPR175W,YOR141C,1,1.0455887,0.08948306739330292,0.2487611472606659,0.2556300759315491
YDR356W,YBR291C,0,1.0455732,0.08945117890834808,0.2487611472606659,0.25573015213012695
YMR264W,YOR049C,0,1.0455424,0.08941930532455444,0.2487611472606659,0.2558302581310272
YIL070C,YMR139W,0,1.0454932,0.08938746154308319,0.2487611472606659,0.2559303343296051
YBR060C,YML102W,1,1.0454853,0.08971164375543594,0.2497522234916687,0.2559303343296051
YKL112W,YLR272C,1,1.0454412,0.0900355875492096,0.2507432997226715,0.2559303343296051
YOR142W-B,YER038C,0,1.0454092,0.09000355750322342,0.2507432997226715,0.25603044033050537
YML005W,YBR080C,0,1.0453737,0.08997154980897903,0.2507432997226715,0.25613051652908325
YDR441C,YJR068W,0,1.0453453,0.08993956446647644,0.2507432997226715,0.25623059272766113
YFR045W,YGR056W,0,1.0453087,0.08990760147571564,0.2507432997226715,0.2563306987285614
YDR239C,YMR159C,0,1.0452394,0.08987566828727722,0.2507432997226715,0.2564307749271393
YBR060C,YDR334W,1,1.045229,0.09019886702299118,0.2517343759536743,0.2564307749271393
YGL071W,YMR156C,0,1.045207,0.0901668444275856,0.2517343759536743,0.25653088092803955
YMR114C,YER074W,0,1.0450855,0.09013484418392181,0.2517343759536743,0.25663095712661743
YHL032C,YBR030W,0,1.0450275,0.09010287374258041,0.2517343759536743,0.2567310631275177
YNL050C,YDL059C,0,1.0449647,0.0900709256529808,0.2517343759536743,0.2568311393260956
YGL031C,YHL012W,0,1.044922,0.09003899246454239,0.2517343759536743,0.25693124532699585
YDL225W,YPL010W,0,1.0448874,0.09000708907842636,0.2517343759536743,0.25703132152557373
YLR403W,YNR006W,0,1.0448257,0.08997520059347153,0.2517343759536743,0.257131427526474
YLR085C,YMR033W,1,1.0447574,0.09029745310544968,0.2527254819869995,0.257131427526474
YIL047C,YLR361C,0,1.0447409,0.09026549011468887,0.2527254819869995,0.2572315037250519
YDR454C,YDL154W,0,1.0447184,0.09023354202508926,0.2527254819869995,0.25733160972595215
YPR068C,YNL088W,1,1.044718,0.09055536240339279,0.2537165582180023,0.25733160972595215
YCL061C,YPR008W,0,1.0446577,0.09052333980798721,0.2537165582180023,0.25743168592453003
YAL035W,YML059C,0,1.0446353,0.09049133956432343,0.2537165582180023,0.2575317919254303
YPL200W,YLR432W,0,1.0446182,0.09045936167240143,0.2537165582180023,0.2576318681240082
YOR142W-B,YPL186C,0,1.0446031,0.09042741358280182,0.2537165582180023,0.25773194432258606
YER020W,YLL021W,0,1.0445626,0.0903954803943634,0.2537165582180023,0.25783205032348633
YGR099W,YIL128W,0,1.0445511,0.09036356955766678,0.2537165582180023,0.2579321265220642
YNL231C,YOR109W,0,1.0445497,0.09033168852329254,0.2537165582180023,0.2580322325229645
YBR129C,YDR093W,0,1.044371,0.0902998223900795,0.2537165582180023,0.25813230872154236
YJL196C,YDR530C,0,1.0443403,0.09026798605918884,0.2537165582180023,0.2582324147224426
YMR236W,YLR357W,1,1.0443149,0.09058865159749985,0.2547076344490051,0.2582324147224426
YDR218C,YNL156C,0,1.0442468,0.09055673331022263,0.2547076344490051,0.2583324909210205
YKR027W,YNL079C,0,1.0441734,0.0905248299241066,0.2547076344490051,0.2584325969219208
YBR212W,YOR159C,0,1.0441657,0.09049295634031296,0.2547076344490051,0.25853267312049866
YBL091C-A,YMR046C,0,1.0441563,0.09046110510826111,0.2547076344490051,0.2586327791213989
YNL084C,YDR437W,0,1.044073,0.09042927622795105,0.2547076344490051,0.2587328553199768
YJL194W,YGR194C,0,1.0440613,0.09039746969938278,0.2547076344490051,0.2588329613208771
YMR227C,YFR013W,1,1.0440252,0.09071730077266693,0.25569871068000793,0.2588329613208771
YML043C,YLR001C,0,1.0439501,0.0906854122877121,0.25569871068000793,0.25893303751945496
YMR077C,YMR094W,0,1.0439206,0.09065354615449905,0.25569871068000793,0.2590331435203552
YLR238W,YPL007C,0,1.0437951,0.0906217098236084,0.25569871068000793,0.2591332197189331
YJR151C,YDR368W,0,1.0437744,0.09058988839387894,0.25569871068000793,0.259233295917511
YCL003W,YLR249W,0,1.0437431,0.09055808931589127,0.25569871068000793,0.25933340191841125
YNL286W,YCR053W,0,1.043727,0.09052631258964539,0.25569871068000793,0.25943347811698914
YPR173C,YDL006W,0,1.0436705,0.0904945656657219,0.25569871068000793,0.2595335841178894
YOL071W,YOR249C,0,1.0436448,0.0904628336429596,0.25569871068000793,0.2596336603164673
YHL011C,YDL202W,0,1.0435514,0.09043112397193909,0.25569871068000793,0.25973376631736755
YLR399C,YDL140C,1,1.043479,0.0907498225569725,0.25668978691101074,0.25973376631736755
YOL038W,YDL200C,0,1.0434028,0.09071803838014603,0.25668978691101074,0.25983384251594543
YKL189W,YNL233W,0,1.0433842,0.09068627655506134,0.25668978691101074,0.2599339485168457
YGR281W,YER109C,0,1.0433804,0.09065452963113785,0.25668978691101074,0.2600340247154236
YMR143W,YML009C,0,1.0433761,0.09062281250953674,0.25668978691101074,0.26013413071632385
YNR023W,YGR274C,1,1.0433381,0.09094088524580002,0.25768086314201355,0.26013413071632385
YDR296W,YPL120W,0,1.0433276,0.09090909361839294,0.25768086314201355,0.26023420691490173
YMR173W,YBL074C,0,1.0433269,0.09087731689214706,0.25768086314201355,0.260334312915802
YDR398W,YDR456W,0,1.0433207,0.09084556251764297,0.25768086314201355,0.2604343891143799
YFL025C,YKL028W,0,1.0433075,0.09081383049488068,0.25768086314201355,0.26053449511528015
YGR193C,YJL041W,0,1.0433042,0.09078212082386017,0.25768086314201355,0.26063457131385803
YGL122C,YEL059C-A,0,1.0432878,0.09075043350458145,0.25768086314201355,0.2607346475124359
YHR004C,YIL022W,0,1.0432432,0.09071876853704453,0.25768086314201355,0.2608347535133362
YEL059C-A,YNL263C,0,1.0432411,0.09068712592124939,0.25768086314201355,0.26093482971191406
YGL039W,YDL166C,0,1.0431553,0.09065550565719604,0.25768086314201355,0.26103493571281433
YDL128W,YPL050C,0,1.0431069,0.09062390774488449,0.25768086314201355,0.2611350119113922
YLR052W,YNR043W,0,1.0430905,0.09059233218431473,0.25768086314201355,0.2612351179122925
YMR125W,YBR087W,0,1.0430589,0.09056077897548676,0.25768086314201355,0.26133519411087036
YMR063W,YPL004C,0,1.0430127,0.09052924811840057,0.25768086314201355,0.26143530011177063
YDL195W,YNL046W,0,1.043009,0.09049773961305618,0.25768086314201355,0.2615353763103485
YGR205W,YKL052C,0,1.0429252,0.09046624600887299,0.25768086314201355,0.2616354823112488
YBR058C-A,YGR165W,0,1.042846,0.09043478220701218,0.25768086314201355,0.26173555850982666
YIL132C,YDR130C,0,1.0428407,0.09040334075689316,0.25768086314201355,0.26183566451072693
YLR214W,YDR347W,0,1.0427691,0.09037191420793533,0.25768086314201355,0.2619357407093048
YER014C-A,YMR238W,0,1.0427436,0.0903405174612999,0.25768086314201355,0.2620358467102051
YBR268W,YDR137W,0,1.042707,0.09030913561582565,0.25768086314201355,0.26213592290878296
YBL014C,YNR057C,0,1.0426829,0.0902777761220932,0.25768086314201355,0.26223599910736084
YMR275C,YLR026C,0,1.0426733,0.09024643898010254,0.25768086314201355,0.2623361051082611
YDR032C,YCL017C,0,1.0426214,0.09021513164043427,0.25768086314201355,0.262436181306839
YMR149W,YAL020C,0,1.0426198,0.09018383920192719,0.25768086314201355,0.26253628730773926
YJL076W,YDL042C,1,1.0426006,0.09049930423498154,0.25867193937301636,0.26253628730773926
YOL127W,YEL020W-A,0,1.0425214,0.09046793729066849,0.25867193937301636,0.26263636350631714
YLR429W,YBR041W,0,1.0425035,0.09043659269809723,0.25867193937301636,0.2627364695072174
YOR320C,YBR125C,0,1.0423634,0.09040526300668716,0.25867193937301636,0.2628365457057953
YBR001C,YML023C,0,1.0423495,0.09037396311759949,0.25867193937301636,0.26293665170669556
YBR091C,YKR048C,0,1.0423303,0.090342678129673,0.25867193937301636,0.26303672790527344
YGL163C,YML069W,1,1.0423164,0.09065744280815125,0.25966304540634155,0.26303672790527344
YER130C,YLR098C,0,1.0422823,0.09062608331441879,0.25966304540634155,0.2631368339061737
YDL012C,YNL207W,0,1.0421504,0.09059474617242813,0.25966304540634155,0.2632369101047516
YGR223C,YCR097WB,0,1.0421448,0.09056343138217926,0.25966304540634155,0.26333701610565186
YDR545W,YMR298W,0,1.0421114,0.09053213894367218,0.25966304540634155,0.26343709230422974
YOR304W,YBR198C,1,1.0421108,0.09084628522396088,0.26065412163734436,0.26343709230422974
YOR356W,YOL098C,0,1.0420527,0.09081491827964783,0.26065412163734436,0.26353719830513
YCR087C-A,YCL029C,0,1.0420456,0.09078356623649597,0.26065412163734436,0.2636372745037079
YOL112W,YDR387C,0,1.0420123,0.0907522439956665,0.26065412163734436,0.26373735070228577
YPL259C,YHR201C,0,1.0420088,0.09072093665599823,0.26065412163734436,0.26383745670318604
YBR193C,YNR053C,0,1.0419775,0.09068965166807175,0.26065412163734436,0.2639375329017639
YLR286C,YMR086W,0,1.0419589,0.09065839648246765,0.26065412163734436,0.2640376389026642
YOR241W,YPL111W,0,1.0419526,0.09062715619802475,0.26065412163734436,0.26413771510124207
YNL218W,YNL208W,0,1.0419284,0.09059593826532364,0.26065412163734436,0.26423782110214233
YML081C-A,YER130C,0,1.0419023,0.09056473523378372,0.26065412163734436,0.2643378973007202
YNL095C,YOR032C,0,1.041869,0.09053356200456619,0.26065412163734436,0.2644380033016205
YER050C,YIR015W,0,1.041856,0.09050241112709045,0.26065412163734436,0.26453807950019836
YLR190W,YNL051W,0,1.041842,0.09047127515077591,0.26065412163734436,0.26463818550109863
YDR127W,YBL005W-B,0,1.0418146,0.09044016152620316,0.26065412163734436,0.2647382616996765
YGL194C,YNL051W,0,1.0417655,0.09040907770395279,0.26065412163734436,0.2648383677005768
YPL149W,YMR177W,0,1.0417206,0.09037800878286362,0.26065412163734436,0.26493844389915466
YNL261W,YIL126W,1,1.041691,0.0906904861330986,0.26164519786834717,0.26493844389915466
YMR127C,YNL031C,1,1.0416564,0.09100274741649628,0.26263627409935,0.26493844389915466
YHR214W,YBR005W,0,1.041639,0.09097150713205338,0.26263627409935,0.26503852009773254
YJL024C,YDR200C,0,1.0416127,0.09094028919935226,0.26263627409935,0.2651386260986328
YMR192W,YBR208C,0,1.0416114,0.09090909361839294,0.26263627409935,0.2652387022972107
YKR055W,YKL116C,0,1.0416085,0.09087791293859482,0.26263627409935,0.26533880829811096
YBL020W,YFR040W,0,1.0415329,0.09084676206111908,0.26263627409935,0.26543888449668884
YHR122W,YDR238C,0,1.0414908,0.09081562608480453,0.26263627409935,0.2655389904975891
YHR116W,YNL239W,0,1.0414559,0.09078451246023178,0.26263627409935,0.265639066696167
YKL032C,YGL163C,0,1.0414488,0.09075342118740082,0.26263627409935,0.26573917269706726
YOR195W,YPL149W,0,1.0414246,0.09072235226631165,0.26263627409935,0.26583924889564514
YDR139C,YGL009C,0,1.0413923,0.09069130569696426,0.26263627409935,0.2659393548965454
YER104W,YJL181W,0,1.0413516,0.09066028147935867,0.26263627409935,0.2660394310951233
YPR049C,YBR192W,0,1.0413449,0.09062927216291428,0.26263627409935,0.26613953709602356
YJL041W,YDR170C,0,1.0412896,0.09059829264879227,0.26263627409935,0.26623961329460144
YNR047W,YBR090C-A,0,1.0412759,0.09056732803583145,0.26263627409935,0.2663397192955017
YDR376W,YNR017W,0,1.0412374,0.09053638577461243,0.26263627409935,0.2664397954940796
YHR080C,YCR094W,0,1.0412072,0.09050546586513519,0.26263627409935,0.26653987169265747
YLR033W,YBR198C,1,1.0411825,0.09081597626209259,0.2636273503303528,0.26653987169265747
YPL273W,YGR193C,0,1.0411637,0.09078498184680939,0.2636273503303528,0.26663997769355774
YLR024C,YMR149W,0,1.0411426,0.09075400978326797,0.2636273503303528,0.2667400538921356
YKR089C,YBR101C,0,1.0410849,0.09072305262088776,0.2636273503303528,0.2668401598930359
YDR297W,YNL246W,0,1.0410807,0.09069212526082993,0.2636273503303528,0.26694023609161377
YBR097W,YEL019C,0,1.0410691,0.09066121280193329,0.2636273503303528,0.26704034209251404
YPR166C,YDR473C,0,1.0409894,0.09063032269477844,0.2636273503303528,0.2671404182910919
YNL021W,YBR089C-A,1,1.0409582,0.09094005078077316,0.2646184265613556,0.2671404182910919
YNL049C,YPL189W,0,1.0409521,0.09090909361839294,0.2646184265613556,0.2672405242919922
YLR238W,YJR005W,0,1.0409242,0.09087815135717392,0.2646184265613556,0.26734060049057007
YOR046C,YFR014C,0,1.0409024,0.09084722399711609,0.2646184265613556,0.26744070649147034
YJR133W,YCR077C,0,1.0408847,0.09081632643938065,0.2646184265613556,0.2675407826900482
YOR078W,YDL120W,0,1.0408593,0.0907854437828064,0.2646184265613556,0.2676408886909485
YLR373C,YHR027C,0,1.040839,0.09075459092855453,0.2646184265613556,0.26774096488952637
YNL078W,YDR056C,0,1.0408304,0.09072375297546387,0.2646184265613556,0.26784107089042664
YPR175W,YGR002C,1,1.0408219,0.09103260934352875,0.2656095027923584,0.26784107089042664
YMR081C,YDR536W,0,1.0408115,0.09100169688463211,0.2656095027923584,0.2679411470890045
YOR228C,YDL101C,0,1.040801,0.09097080677747726,0.2656095027923584,0.2680412232875824
YGR169C,YCR046C,0,1.0407803,0.09093993902206421,0.2656095027923584,0.26814132928848267
YIL074C,YDL145C,0,1.040768,0.09090909361839294,0.2656095027923584,0.26824140548706055
YDL123W,YGL151W,0,1.0407048,0.09087826311588287,0.2656095027923584,0.2683415114879608
YOR045W,YPL207W,0,1.0406412,0.0908474549651146,0.2656095027923584,0.2684415876865387
YMR183C,YDR473C,0,1.0406303,0.0908166691660881,0.2656095027923584,0.26854169368743896
YDR283C,YIL033C,0,1.0406209,0.0907859057188034,0.2656095027923584,0.26864176988601685
YOR386W,YJR098C,0,1.0406044,0.0907551646232605,0.2656095027923584,0.2687418758869171
YDR239C,YGL249W,0,1.0405667,0.09072443842887878,0.2656095027923584,0.268841952085495
YPR070W,YDL124W,0,1.0405318,0.09069374203681946,0.2656095027923584,0.26894205808639526
YOR260W,YKL126W,0,1.0404805,0.09066306054592133,0.2656095027923584,0.26904213428497314
YHL031C,YER036C,0,1.0404476,0.09063240140676498,0.2656095027923584,0.2691422402858734
YNL153C,YGL253W,0,1.0403873,0.09060175716876984,0.2656095027923584,0.2692423164844513
YMR040W,YOR047C,0,1.0403714,0.09057113528251648,0.2656095027923584,0.26934242248535156
YKL052C,YKR031C,0,1.0403517,0.09054054319858551,0.2656095027923584,0.26944249868392944
YBR023C,YIL080W,0,1.0403267,0.09050996601581573,0.2656095027923584,0.2695425748825073
YGL232W,YPR149W,0,1.040314,0.09047940373420715,0.2656095027923584,0.2696426808834076
YER082C,YBR121C,0,1.0402749,0.09044887125492096,0.2656095027923584,0.2697427570819855
YFR024C,YEL051W,0,1.0402677,0.09041835367679596,0.2656095027923584,0.26984286308288574
YDR244W,YPL233W,0,1.0402542,0.09038785845041275,0.2656095027923584,0.2699429392814636
YNL138W-A,YDL069C,0,1.0402461,0.09035738557577133,0.2656095027923584,0.2700430452823639
YDL098C,YIL013C,0,1.040225,0.09032692760229111,0.2656095027923584,0.2701431214809418
YFL047W,YBR003W,0,1.0402203,0.09029649943113327,0.2656095027923584,0.27024322748184204
YNL288W,YDR174W,0,1.0401927,0.09026608616113663,0.2656095027923584,0.2703433036804199
YDL035C,YLR227W-B,0,1.040143,0.09023568779230118,0.2656095027923584,0.2704434096813202
YOL103W,YDL120W,0,1.0401067,0.09020531922578812,0.2656095027923584,0.27054348587989807
YPL018W,YDR308C,0,1.0400759,0.09017496556043625,0.2656095027923584,0.27064359188079834
YGL144C,YNL045W,0,1.0400746,0.09014463424682617,0.2656095027923584,0.2707436680793762
YBR112C,YCL075W,0,1.0400735,0.09011432528495789,0.2656095027923584,0.2708437740802765
YOR016C,YAL020C,0,1.0400501,0.0900840312242508,0.2656095027923584,0.27094385027885437
YDL059C,YJL012C-A,0,1.0400416,0.09005376696586609,0.2656095027923584,0.27104392647743225
YER023W,YLR032W,0,1.040033,0.09002351015806198,0.2656095027923584,0.2711440324783325
YKL138C-A,YJL133W,0,1.0399976,0.08999328315258026,0.2656095027923584,0.2712441086769104
YKR008W,YBL011W,0,1.0399926,0.08996307849884033,0.2656095027923584,0.27134421467781067
YPR194C,YOR070C,0,1.0398965,0.0899328887462616,0.2656095027923584,0.27144429087638855
YPR174C,YJL128C,0,1.0398303,0.08990271389484406,0.2656095027923584,0.2715443968772888
YDL164C,YMR158W,0,1.03982,0.0898725688457489,0.2656095027923584,0.2716444730758667
YMR013C,YJL026W,0,1.0398016,0.08984243869781494,0.2656095027923584,0.27174457907676697
YJL167W,YKL145W,0,1.0397526,0.08981233090162277,0.2656095027923584,0.27184465527534485
YKL090W,YLR292C,0,1.0396441,0.0897822454571724,0.2656095027923584,0.2719447612762451
YLR328W,YDR083W,0,1.0395954,0.08975217491388321,0.2656095027923584,0.272044837474823
YOL139C,YLR201C,0,1.0395763,0.08972212672233582,0.2656095027923584,0.27214494347572327
YHR205W,YGL141W,0,1.0395229,0.08969210088253021,0.2656095027923584,0.27224501967430115
YCL069W,YML115C,0,1.0394351,0.0896620973944664,0.2656095027923584,0.27234509587287903
YMR297W,YNL238W,0,1.0394267,0.08963210880756378,0.2656095027923584,0.2724452018737793
YCL060C,YBL030C,0,1.0394187,0.08960214257240295,0.2656095027923584,0.2725452780723572
YER025W,YGL189C,0,1.0393803,0.08957219123840332,0.2656095027923584,0.27264538407325745
YHL038C,YOL077C,0,1.0393645,0.08954226225614548,0.2656095027923584,0.2727454602718353
YBR012W-B,YJR053W,0,1.0392689,0.08951235562562943,0.2656095027923584,0.2728455662727356
YAL044C,YML106W,0,1.0392537,0.08948247134685516,0.2656095027923584,0.2729456424713135
YNL218W,YOR251C,0,1.0392325,0.0894526019692421,0.2656095027923584,0.27304574847221375
YOR241W,YGR225W,0,1.0392288,0.08942275494337082,0.2656095027923584,0.2731458246707916
YEL027W,YML039W,0,1.0391709,0.08939293026924133,0.2656095027923584,0.2732459306716919
YPR105C,YDL220C,0,1.0391656,0.08936312049627304,0.2656095027923584,0.2733460068702698
YLL017W,YOL129W,0,1.0391574,0.08933333307504654,0.2656095027923584,0.27344611287117004
YDR545W,YPL271W,0,1.039064,0.08930356800556183,0.2656095027923584,0.2735461890697479
YLR238W,YHR101C,0,1.039059,0.08927381783723831,0.2656095027923584,0.2736462950706482
YLR309C,YLR223C,0,1.0390196,0.08924409002065659,0.2656095027923584,0.2737463712692261
YLR001C,YDR261C,0,1.039012,0.08921437710523605,0.2656095027923584,0.27384644746780396
YOR124C,YMR016C,0,1.0390056,0.08918469399213791,0.2656095027923584,0.2739465534687042
YOR241W,YCL063W,0,1.0389067,0.08915502578020096,0.2656095027923584,0.2740466296672821
YOL102C,YIR002C,0,1.0388491,0.0891253724694252,0.2656095027923584,0.2741467356681824
YNL135C,YOL004W,1,1.0388458,0.08942819386720657,0.2666006088256836,0.2741467356681824
YNL056W,YLR143W,0,1.0388224,0.08939847350120544,0.2666006088256836,0.27424681186676025
YMR322C,YML094W,0,1.0388086,0.08936876803636551,0.2666006088256836,0.2743469178676605
YJL124C,YPR091C,0,1.0387962,0.08933909237384796,0.2666006088256836,0.2744469940662384
YLL004W,YLR052W,1,1.0387442,0.08964143693447113,0.2675916850566864,0.2744469940662384
YDL028C,YML040W,0,1.038723,0.08961167931556702,0.2675916850566864,0.27454710006713867
YOL009C,YGL244W,0,1.038683,0.08958195149898529,0.2675916850566864,0.27464717626571655
YHL026C,YML107C,0,1.0386821,0.08955223858356476,0.2675916850566864,0.2747472822666168
YKR078W,YHR041C,0,1.0386375,0.08952254801988602,0.2675916850566864,0.2748473584651947
YIL136W,YDR092W,0,1.0386369,0.08949287235736847,0.2675916850566864,0.27494746446609497
YDR468C,YGL071W,0,1.0386357,0.08946321904659271,0.2675916850566864,0.27504754066467285
YBR149W,YIL150C,0,1.0386311,0.08943358808755875,0.2675916850566864,0.2751476466655731
YDR530C,YEL065W,0,1.0386213,0.08940397202968597,0.2675916850566864,0.275247722864151
YPR175W,YNL107W,1,1.0385351,0.08970539271831512,0.2685827612876892,0.275247722864151
YJL165C,YGL014W,0,1.0384885,0.08967570960521698,0.2685827612876892,0.2753477990627289
YGL220W,YMR098C,0,1.038474,0.08964604884386063,0.2685827612876892,0.27544790506362915
YML071C,YLR394W,0,1.038397,0.08961640298366547,0.2685827612876892,0.27554798126220703
YGR012W,YGR177C,0,1.0383955,0.0895867794752121,0.2685827612876892,0.2756480872631073
YML098W,YNR007C,0,1.0383428,0.08955717086791992,0.2685827612876892,0.2757481634616852
YLR391W-A,YPR167C,0,1.0383097,0.08952758461236954,0.2685827612876892,0.27584826946258545
YGR253C,YDL225W,0,1.0382684,0.08949802070856094,0.2685827612876892,0.27594834566116333
YBL058W,YGR200C,0,1.0382384,0.08946847170591354,0.2685827612876892,0.2760484516620636
YDR175C,YLR212C,0,1.0382338,0.08943894505500793,0.2685827612876892,0.2761485278606415
YDR254W,YMR234W,0,1.0381684,0.08940943330526352,0.2685827612876892,0.27624863386154175
YMR158W,YOR036W,0,1.0381235,0.0893799439072609,0.2685827612876892,0.27634871006011963
YNR074C,YKR054C,0,1.0381138,0.08935047686100006,0.2685827612876892,0.2764488160610199
YGR180C,YPL056C,0,1.0381111,0.08932102471590042,0.2685827612876892,0.2765488922595978
YEL070W,YOL129W,0,1.0381023,0.08929159492254257,0.2685827612876892,0.27664899826049805
YGR279C,YBR033W,0,1.0380472,0.08926218748092651,0.2685827612876892,0.2767490744590759
YJR109C,YPL213W,0,1.0380237,0.08923279494047165,0.2685827612876892,0.2768491506576538
YML067C,YGL006W,0,1.0380061,0.08920342475175858,0.2685827612876892,0.2769492566585541
YDR365C,YDR448W,0,1.0379586,0.0891740694642067,0.2685827612876892,0.27704933285713196
YPL082C,YDR176W,0,1.0378968,0.0891447365283966,0.2685827612876892,0.2771494388580322
YNL102W,YLR147C,0,1.0378573,0.08911542594432831,0.2685827612876892,0.2772495150566101
YKL064W,YMR208W,0,1.037838,0.0890861302614212,0.2685827612876892,0.2773496210575104
YPR159W,YBR109C,0,1.0378205,0.08905684947967529,0.2685827612876892,0.27744969725608826
YOR106W,YML037C,0,1.037808,0.08902759850025177,0.2685827612876892,0.2775498032569885
YOR049C,YOR126C,0,1.0378025,0.08899835497140884,0.2685827612876892,0.2776498794555664
YBR208C,YJR107W,0,1.0377792,0.0889691412448883,0.2685827612876892,0.2777499854564667
YDL046W,YBL103C,0,1.0377651,0.08893994241952896,0.2685827612876892,0.27785006165504456
YGL059W,YLR165C,0,1.0377492,0.08891075849533081,0.2685827612876892,0.2779501676559448
YLR188W,YKL190W,0,1.0377425,0.08888159692287445,0.2685827612876892,0.2780502438545227
YOR219C,YBR100W,0,1.0376983,0.08885245770215988,0.2685827612876892,0.278150349855423
YDL074C,YJL121C,0,1.0376586,0.0888233333826065,0.2685827612876892,0.27825042605400085
YFL045C,YIL070C,0,1.0376302,0.08879423141479492,0.2685827612876892,0.27835050225257874
YOR279C,YDR167W,1,1.037627,0.0890926942229271,0.269573837518692,0.27835050225257874
YLR432W,YMR276W,0,1.0376124,0.08906352519989014,0.269573837518692,0.278450608253479
YPL173W,YDR312W,0,1.0375763,0.08903437107801437,0.269573837518692,0.2785506844520569
YDR485C,YBR289W,1,1.0375538,0.0893324613571167,0.2705649137496948,0.2785506844520569
YLR061W,YDL229W,0,1.0373678,0.08930324018001556,0.2705649137496948,0.27865079045295715
YCL001W,YMR123W,0,1.037343,0.08927403390407562,0.2705649137496948,0.27875086665153503
YHR154W,YOR319W,0,1.0373126,0.08924484997987747,0.2705649137496948,0.2788509726524353
YOR372C,YLR181C,0,1.0372725,0.08921568840742111,0.2705649137496948,0.2789510488510132
YER050C,YPL101W,0,1.0371952,0.08918654173612595,0.2705649137496948,0.27905115485191345
YLR118C,YGR097W,0,1.0370159,0.08915740996599197,0.2705649137496948,0.27915123105049133
YFR047C,YLR143W,0,1.0370085,0.08912830799818039,0.2705649137496948,0.2792513370513916
YPR158C-C,YLL018C,0,1.0370072,0.0890992134809494,0.2705649137496948,0.2793514132499695
YPR131C,YER041W,0,1.0369903,0.0890701487660408,0.2705649137496948,0.27945151925086975
YKL053C-A,YPR148C,0,1.0369822,0.0890410989522934,0.2705649137496948,0.27955159544944763
YLR446W,YAL039C,0,1.0369807,0.08901206403970718,0.2705649137496948,0.2796516716480255
YGL150C,YOR304W,1,1.0369711,0.08930899947881699,0.27155598998069763,0.2796516716480255
YIL074C,YGR116W,0,1.0369558,0.0892798975110054,0.27155598998069763,0.2797517776489258
YBL006C,YDL140C,1,1.0369258,0.08957654982805252,0.27254706621170044,0.2797517776489258
YGR086C,YOR254C,0,1.0368823,0.08954738080501556,0.27254706621170044,0.27985185384750366
YBR245C,YNR003C,0,1.036802,0.0895182266831398,0.27254706621170044,0.27995195984840393
YDR092W,YOL142W,0,1.0366582,0.08948909491300583,0.27254706621170044,0.2800520360469818
YML010W,YBR198C,1,1.0366426,0.08978529274463654,0.27353814244270325,0.2800520360469818
YIR005W,YGR044C,0,1.0365139,0.08975609391927719,0.27353814244270325,0.2801521420478821
YER061C,YCR105W,0,1.0364792,0.08972691744565964,0.27353814244270325,0.28025221824645996
YLR391W-A,YDR364C,0,1.036454,0.08969775587320328,0.27353814244270325,0.28035232424736023
YGR085C,YIL043C,0,1.0364412,0.08966861665248871,0.27353814244270325,0.2804524004459381
YNR052C,YMR090W,0,1.0364184,0.08963949233293533,0.27353814244270325,0.2805525064468384
YNL166C,YLR015W,0,1.036416,0.08961039036512375,0.27353814244270325,0.28065258264541626
YDL121C,YDR310C,0,1.0364096,0.08958130329847336,0.27353814244270325,0.28075268864631653
YLR085C,YGR063C,1,1.0363747,0.0898767039179802,0.27452924847602844,0.28075268864631653
YGR274C,YGR158C,0,1.0363289,0.08984754979610443,0.27452924847602844,0.2808527648448944
YMR050C,YOL045W,0,1.0361798,0.08981841802597046,0.27452924847602844,0.2809528708457947
YBR231C,YPR052C,1,1.0361526,0.09011345356702805,0.27552032470703125,0.2809528708457947
YDR261C-D,YHR061C,0,1.0361397,0.0900842547416687,0.27552032470703125,0.28105294704437256
YBL006C,YLR321C,1,1.0361371,0.0903790071606636,0.27651140093803406,0.28105294704437256
YLR394W,YGR012W,0,1.0361353,0.09034974128007889,0.27651140093803406,0.28115302324295044
YPR186C,YGL063W,0,1.0361295,0.09032049030065536,0.27651140093803406,0.2812531292438507
YIL108W,YDL069C,0,1.0360982,0.09029126167297363,0.27651140093803406,0.2813532054424286
YBR155W,YDR494W,0,1.036051,0.0902620479464531,0.27651140093803406,0.28145331144332886
YCR040W,YKL119C,0,1.0359954,0.09023285657167435,0.27651140093803406,0.28155338764190674
YEL022W,YGR007W,0,1.0359709,0.09020368754863739,0.27651140093803406,0.281653493642807
YLR093C,YKL205W,0,1.0359491,0.09017453342676163,0.27651140093803406,0.2817535698413849
YPR102C,YEL002C,0,1.0359259,0.09014539420604706,0.27651140093803406,0.28185367584228516
YPL149W,YDL184C,0,1.0358652,0.09011627733707428,0.27651140093803406,0.28195375204086304
YPL224C,YPR120C,0,1.0358592,0.09008718281984329,0.27651140093803406,0.2820538580417633
YIR018W,YLR414C,0,1.0358006,0.0900581032037735,0.27651140093803406,0.2821539342403412
YBR090C-A,YOR244W,1,1.0357645,0.09035172313451767,0.27750247716903687,0.2821539342403412
YPL026C,YPR024W,0,1.0357336,0.0903225839138031,0.27750247716903687,0.28225404024124146
YJL012C-A,YDL061C,0,1.0355991,0.09029345214366913,0.27750247716903687,0.28235411643981934
YFR021W,YDR167W,0,1.0355604,0.09026434272527695,0.27750247716903687,0.2824542224407196
YDL074C,YPL208W,0,1.0354997,0.09023525565862656,0.27750247716903687,0.2825542986392975
YLL003W,YNL055C,0,1.0354514,0.09020618349313736,0.27750247716903687,0.28265437483787537
YDR310C,YGR274C,1,1.0354288,0.09049919247627258,0.2784935534000397,0.28265437483787537
YOL135C,YDR297W,0,1.0354146,0.09047006070613861,0.2784935534000397,0.28275448083877563
YAR015W,YOL090W,0,1.0353991,0.09044093638658524,0.2784935534000397,0.2828545570373535
YOR136W,YKR009C,0,1.0353906,0.09041184186935425,0.2784935534000397,0.2829546630382538
YDR211W,YDR111C,0,1.0353307,0.09038276225328445,0.2784935534000397,0.28305473923683167
YBR287W,YIL027C,0,1.0353237,0.09035369753837585,0.2784935534000397,0.28315484523773193
YLR096W,YOL064C,0,1.0353142,0.09032465517520905,0.2784935534000397,0.2832549214363098
YHR004C,YMR318C,0,1.0352954,0.09029562771320343,0.2784935534000397,0.2833550274372101
YLR165C,YLR419W,0,1.0352874,0.0902666226029396,0.2784935534000397,0.28345510363578796
YMR043W,YGL112C,0,1.0352852,0.09023763984441757,0.2784935534000397,0.28355520963668823
YMR205C,YPL174C,0,1.0352845,0.09020866453647614,0.2784935534000397,0.2836552858352661
YOR269W,YKL085W,0,1.0352336,0.09017971903085709,0.2784935534000397,0.2837553918361664
YKR090W,YIR036C,0,1.0352327,0.09015078842639923,0.2784935534000397,0.28385546803474426
YER033C,YPL262W,0,1.0352267,0.09012187272310257,0.2784935534000397,0.28395557403564453
YLR418C,YDR019C,0,1.0352013,0.0900929793715477,0.2784935534000397,0.2840556502342224
YNL164C,YMR242C,0,1.0351759,0.09006410092115402,0.2784935534000397,0.2841557264328003
YPL110C,YPL257W-A,0,1.0350697,0.09003524482250214,0.2784935534000397,0.28425583243370056
YDR140W,YGL240W,0,1.0350423,0.09000640362501144,0.2784935534000397,0.28435590863227844
YFR025C,YBR218C,0,1.0349616,0.08997758477926254,0.2784935534000397,0.2844560146331787
YCR009C,YKL039W,0,1.0349234,0.08994878083467484,0.2784935534000397,0.2845560908317566
YPL063W,YNR041C,0,1.0349004,0.08991999924182892,0.2784935534000397,0.28465619683265686
YOR168W,YMR136W,0,1.0348927,0.0898912325501442,0.2784935534000397,0.28475627303123474
YER137C-A,YJL044C,0,1.034866,0.08986248821020126,0.2784935534000397,0.284856379032135
YDR301W,YOL093W,0,1.0348656,0.08983375877141953,0.2784935534000397,0.2849564552307129
YKL140W,YER114C,0,1.034845,0.08980505168437958,0.2784935534000397,0.28505656123161316
YCL067C,YBL078C,0,1.0348444,0.08977635949850082,0.2784935534000397,0.28515663743019104
YER060W,YER005W,0,1.0348227,0.08974768221378326,0.2784935534000397,0.2852567434310913
YHL047C,YDR481C,0,1.0348084,0.0897190272808075,0.2784935534000397,0.2853568196296692
YNR037C,YOL056W,0,1.0347874,0.08969039469957352,0.2784935534000397,0.28545692563056946
YDR155C,YBR089C-A,1,1.0347383,0.08998085558414459,0.2794846296310425,0.28545692563056946
YHL027W,YBR274W,0,1.0347178,0.08995215594768524,0.2794846296310425,0.28555700182914734
YDR400W,YPR063C,0,1.0347111,0.08992347121238708,0.2794846296310425,0.2856570780277252
YKL218C,YJL143W,0,1.034683,0.08989480137825012,0.2794846296310425,0.2857571840286255
YLR103C,YPL129W,1,1.0346797,0.09018483012914658,0.2804757058620453,0.2857571840286255
YNL137C,YPL214C,0,1.0346453,0.09015610069036484,0.2804757058620453,0.28585726022720337
YDR261W-A,YKR057W,0,1.0346112,0.0901273861527443,0.2804757058620453,0.28595736622810364
YBR193C,YOR180C,0,1.0345851,0.09009869396686554,0.2804757058620453,0.2860574424266815
YBR150C,YMR213W,0,1.0345637,0.09007001668214798,0.2804757058620453,0.2861575484275818
YHR205W,YOL055C,0,1.0345562,0.09004136174917221,0.2804757058620453,0.28625762462615967
YBR202W,YMR008C,0,1.0345339,0.09001272171735764,0.2804757058620453,0.28635773062705994
YMR300C,YDR200C,0,1.0345044,0.08998410403728485,0.2804757058620453,0.2864578068256378
YMR205C,YCR036W,0,1.0344955,0.08995550125837326,0.2804757058620453,0.2865579128265381
YML129C,YOR249C,0,1.0344276,0.08992691338062286,0.2804757058620453,0.28665798902511597
YPL177C,YOR060C,0,1.0343611,0.08989834785461426,0.2804757058620453,0.28675809502601624
YDL139C,YER071C,0,1.034352,0.08986979722976685,0.2804757058620453,0.2868581712245941
YLR265C,YCR035C,0,1.0343256,0.08984126895666122,0.2804757058620453,0.2869582772254944
YJL106W,YJL012C-A,0,1.0343028,0.0898127555847168,0.2804757058620453,0.28705835342407227
YNL314W,YJL181W,0,1.0342742,0.08978426456451416,0.2804757058620453,0.28715842962265015
YKL160W,YDR145W,1,1.0342716,0.09007294476032257,0.2814668118953705,0.28715842962265015
YGR010W,YNL054W-A,0,1.0342547,0.09004438668489456,0.2814668118953705,0.2872585356235504
YBR176W,YKL165C,0,1.0342504,0.09001585096120834,0.2814668118953705,0.2873586118221283
YJR140C,YML069W,1,1.0342407,0.0903041809797287,0.2824578881263733,0.2873586118221283
YCL048W,YJR119C,0,1.0342395,0.09027557820081711,0.2824578881263733,0.28745871782302856
YFL061W,YNR022C,0,1.0341989,0.09024699032306671,0.2824578881263733,0.28755879402160645
YOL059W,YER174C,0,1.034157,0.0902184247970581,0.2824578881263733,0.2876589000225067
YDL195W,YER060W-A,0,1.034118,0.0901898741722107,0.2824578881263733,0.2877589762210846
YDR158W,YOR070C,0,1.0340647,0.09016133844852448,0.2824578881263733,0.28785908222198486
YDR080W,YIL011W,0,1.034062,0.09013282507658005,0.2824578881263733,0.28795915842056274
YPR190C,YNL012W,0,1.034019,0.09010433405637741,0.2824578881263733,0.288059264421463
YMR033W,YHR119W,1,1.0340176,0.09039191156625748,0.2834489643573761,0.288059264421463
YHR013C,YCL063W,0,1.0340025,0.09036334604024887,0.2834489643573761,0.2881593406200409
YDR018C,YPR152C,0,1.0340003,0.09033481031656265,0.2834489643573761,0.28825944662094116
YDR167W,YML096W,0,1.0339692,0.09030628204345703,0.2834489643573761,0.28835952281951904
YER164W,YIL142W,0,1.0338985,0.0902777761220932,0.2834489643573761,0.2884595990180969
YOR396W,YJL081C,0,1.0338945,0.09024929255247116,0.2834489643573761,0.2885597050189972
YBR192W,YDL200C,0,1.0338374,0.09022082388401031,0.2834489643573761,0.2886597812175751
YKL195W,YIL132C,0,1.0337789,0.09019237011671066,0.2834489643573761,0.28875988721847534
YHL027W,YNR035C,0,1.033744,0.0901639312505722,0.2834489643573761,0.2888599634170532
YAL021C,YNL223W,0,1.0337137,0.09013551473617554,0.2834489643573761,0.2889600694179535
YDR228C,YIL039W,0,1.0336947,0.09010712057352066,0.2834489643573761,0.28906014561653137
YJL041W,YDR083W,0,1.0336913,0.09007874131202698,0.2834489643573761,0.28916025161743164
YGR252W,YGR292W,0,1.0336832,0.09005037695169449,0.2834489643573761,0.2892603278160095
YMR012W,YDR151C,0,1.0336734,0.09002203494310379,0.2834489643573761,0.2893604338169098
YPL252C,YFL041W,0,1.0336586,0.08999370783567429,0.2834489643573761,0.28946051001548767
YNL078W,YLR020C,0,1.0336471,0.08996539562940598,0.2834489643573761,0.28956061601638794
YDR131C,YMR177W,0,1.033634,0.08993710577487946,0.2834489643573761,0.2896606922149658
YNL259C,YHR142W,0,1.0336155,0.08990883082151413,0.2834489643573761,0.2897607982158661
YMR208W,YDR243C,0,1.0336081,0.0898805782198906,0.2834489643573761,0.28986087441444397
YNL131W,YGR260W,0,1.0335568,0.08985234051942825,0.2834489643573761,0.28996095061302185
YDR443C,YNL302C,0,1.0334989,0.0898241177201271,0.2834489643573761,0.2900610566139221
YHR168W,YCR058C,0,1.0333323,0.08979591727256775,0.2834489643573761,0.2901611328125
YLR403W,YDR376W,0,1.0333202,0.08976773172616959,0.2834489643573761,0.29026123881340027
YOL090W,YCL060C,1,1.0332974,0.09005334228277206,0.2844400405883789,0.29026123881340027
YFR029W,YLR010C,0,1.0332743,0.09002509713172913,0.2844400405883789,0.29036131501197815
YJL034W,YMR074C,0,1.0332632,0.08999686688184738,0.2844400405883789,0.2904614210128784
YMR051C,YML057W,0,1.0332539,0.08996865153312683,0.2844400405883789,0.2905614972114563
YDR261W-B,YDR240C,0,1.0331845,0.08994045853614807,0.2844400405883789,0.29066160321235657
YDR259C,YIL027C,0,1.033169,0.0899122804403305,0.2844400405883789,0.29076167941093445
YER023W,YER138C,0,1.0331656,0.08988412469625473,0.2844400405883789,0.2908617854118347
YLR212C,YBR187W,0,1.0331507,0.08985597640275955,0.2844400405883789,0.2909618616104126
YDL180W,YER165W,0,1.0331031,0.08982785791158676,0.2844400405883789,0.29106196761131287
YGR099W,YOL045W,0,1.0330856,0.08979974687099457,0.2844400405883789,0.29116204380989075
YNL065W,YOR110W,0,1.0330664,0.08977165818214417,0.2844400405883789,0.291262149810791
YOR304W,YLR442C,1,1.0330241,0.09005628526210785,0.2854311168193817,0.291262149810791
YBR010W,YAL011W,1,1.0329823,0.09034073352813721,0.2864221930503845,0.291262149810791
YOR085W,YNL098C,0,1.0329747,0.09031250327825546,0.2864221930503845,0.2913622260093689
YJL021C,YLR172C,0,1.0328594,0.09028428792953491,0.2864221930503845,0.2914623022079468
YKR019C,YGL133W,1,1.032841,0.09056839346885681,0.28741326928138733,0.2914623022079468
YMR153W,YKL015W,0,1.0328069,0.09054011851549149,0.28741326928138733,0.29156240820884705
YKR038C,YFL037W,0,1.0328045,0.09051185846328735,0.28741326928138733,0.2916624844074249
YLR102C,YJR026W,0,1.0327973,0.09048362076282501,0.28741326928138733,0.2917625904083252
YOR319W,YPR091C,0,1.0327449,0.09045539796352386,0.28741326928138733,0.2918626666069031
YIL030C,YML009C,0,1.0327154,0.09042719006538391,0.28741326928138733,0.29196277260780334
YPR189W,YGL147C,0,1.032694,0.09039900451898575,0.28741326928138733,0.2920628488063812
YFL057C,YOL071W,0,1.0326737,0.09037083387374878,0.28741326928138733,0.2921629548072815
YCR028C,YJL125C,0,1.0326536,0.090342678129673,0.28741326928138733,0.2922630310058594
YKL020C,YNL248C,0,1.0326364,0.09031454473733902,0.28741326928138733,0.29236313700675964
YAL033W,YLR433C,0,1.0326287,0.09028642624616623,0.28741326928138733,0.2924632132053375
YLL022C,YIL126W,1,1.0326036,0.09056956321001053,0.2884043753147125,0.2924632132053375
YJR089W,YDR268W,0,1.0325795,0.09054138511419296,0.2884043753147125,0.2925633192062378
YKL001C,YKL190W,0,1.0325772,0.09051322191953659,0.2884043753147125,0.2926633954048157
YGL174W,YAR010C,0,1.0325712,0.09048507362604141,0.2884043753147125,0.29276350140571594
YOR217W,YOR089C,0,1.0325406,0.09045694768428802,0.2884043753147125,0.2928635776042938
YLR024C,YNL310C,0,1.0325004,0.09042883664369583,0.2884043753147125,0.2929636538028717
YBL112C,YLR360W,0,1.032483,0.09040074795484543,0.2884043753147125,0.293063759803772
YHR033W,YFR018C,0,1.032459,0.09037267416715622,0.2884043753147125,0.29316383600234985
YMR284W,YCR020W-B,1,1.032458,0.09065507352352142,0.28939545154571533,0.29316383600234985
YNL054W,YBL056W,0,1.0324364,0.09062694013118744,0.28939545154571533,0.2932639420032501
YGR143W,YLR337W,0,1.032413,0.09059882164001465,0.28939545154571533,0.293364018201828
YBR059C,YDR403W,0,1.0323788,0.09057071805000305,0.28939545154571533,0.29346412420272827
YPL122C,YPL169C,0,1.0323075,0.09054263681173325,0.28939545154571533,0.29356420040130615
YGL220W,YGL031C,0,1.032302,0.09051457047462463,0.28939545154571533,0.2936643064022064
YPL092W,YBR058C,0,1.0322788,0.09048651903867722,0.28939545154571533,0.2937643826007843
YBR214W,YDR379W,0,1.0322554,0.09045848995447159,0.28939545154571533,0.29386448860168457
YPR111W,YMR048W,0,1.0321913,0.09043047577142715,0.28939545154571533,0.29396456480026245
YJR130C,YKL154W,0,1.0321823,0.09040247648954391,0.28939545154571533,0.2940646708011627
YLR095C,YBR198C,1,1.0321159,0.09068399667739868,0.29038652777671814,0.2940646708011627
YOR189W,YER087C-A,0,1.0321014,0.09065593779087067,0.29038652777671814,0.2941647469997406
YDR109C,YPR137C-B,0,1.0320687,0.09062790125608444,0.29038652777671814,0.29426485300064087
YCL012W,YLL012W,0,1.0320641,0.09059987962245941,0.29038652777671814,0.29436492919921875
YJL110C,YDL115C,0,1.0319922,0.09057187288999557,0.29038652777671814,0.29446500539779663
YKL197C,YKL134C,0,1.0319695,0.09054388105869293,0.29038652777671814,0.2945651113986969
YOL072W,YOR266W,0,1.0319515,0.09051591157913208,0.29038652777671814,0.2946651875972748
YOL019W,YMR080C,0,1.0318754,0.09048795700073242,0.29038652777671814,0.29476529359817505
YCL048W,YMR213W,0,1.0318608,0.09046001732349396,0.29038652777671814,0.29486536979675293
YDR407C,YDR404C,0,1.0318491,0.09043209999799728,0.29038652777671814,0.2949654757976532
YOR254C,YML037C,0,1.0318305,0.0904041975736618,0.29038652777671814,0.2950655519962311
YDR347W,YLL021W,0,1.0318072,0.09037631005048752,0.29038652777671814,0.29516565799713135
YMR221C,YAL016W,0,1.0318037,0.09034844487905502,0.29038652777671814,0.29526573419570923
YDR086C,YDL225W,0,1.0317898,0.09032059460878372,0.29038652777671814,0.2953658401966095
YOL133W,YMR179W,0,1.0317738,0.09029275923967361,0.29038652777671814,0.2954659163951874
YPR102C,YCR105W,0,1.0317407,0.0902649387717247,0.29038652777671814,0.29556602239608765
YDR494W,YKR104W,0,1.0317192,0.09023714065551758,0.29038652777671814,0.2956660985946655
YDR257C,YDL017W,0,1.0317072,0.09020935744047165,0.29038652777671814,0.2957661747932434
YJL046W,YDL120W,0,1.0316687,0.09018159657716751,0.29038652777671814,0.2958662807941437
YMR183C,YLR207W,0,1.0316619,0.09015384316444397,0.29038652777671814,0.29596635699272156
YDR404C,YLR371W,0,1.0316556,0.09012611210346222,0.29038652777671814,0.2960664629936218
YDR298C,YDR128W,0,1.031634,0.09009840339422226,0.29038652777671814,0.2961665391921997
YKL210W,YLR107W,0,1.0316164,0.0900707021355629,0.29038652777671814,0.2962666451931
YDR022C,YKR014C,0,1.0315933,0.09004302322864532,0.29038652777671814,0.29636672139167786
YLR438C-A,YGL112C,0,1.0315709,0.09001535922288895,0.29038652777671814,0.2964668273925781
YDR316W-B,YAR018C,0,1.0315028,0.08998771756887436,0.29038652777671814,0.296566903591156
YNL094W,YDR529C,0,1.031314,0.08996008336544037,0.29038652777671814,0.2966670095920563
YOL004W,YGR002C,1,1.0312604,0.09023941308259964,0.29137760400772095,0.2966670095920563
YDL197C,YJL127C,1,1.0312526,0.09051856398582458,0.29236868023872375,0.2966670095920563
YEL027W,YCR016W,0,1.0312382,0.09049079567193985,0.29236868023872375,0.29676708579063416
YBR202W,YGR222W,0,1.0311953,0.0904630497097969,0.29236868023872375,0.2968671917915344
YDR224C,YNL031C,1,1.0311649,0.09074187278747559,0.29335975646972656,0.2968671917915344
YLR088W,YLR391W-A,0,1.0311364,0.09071406722068787,0.29335975646972656,0.2969672679901123
YDR092W,YGL136C,0,1.031126,0.09068627655506134,0.29335975646972656,0.2970673739910126
YOL103W-B,YNL172W,0,1.031111,0.09065850079059601,0.29335975646972656,0.29716745018959045
YBR162W-A,YLR045C,0,1.0309513,0.09063073992729187,0.29335975646972656,0.29726752638816833
YOL103W-A,YJR097W,0,1.030931,0.09060300141572952,0.29335975646972656,0.2973676323890686
YMR042W,YDR146C,0,1.0308665,0.09057527780532837,0.29335975646972656,0.2974677085876465
YMR236W,YGL112C,1,1.0308609,0.09085347503423691,0.29435083270072937,0.2974677085876465
YNL030W,YGL112C,1,1.0307637,0.09113150089979172,0.2953419089317322,0.2974677085876465
YDR169C,YFL026W,0,1.0307224,0.09110363572835922,0.2953419089317322,0.29756781458854675
YKL063C,YOR129C,0,1.0307146,0.09107579290866852,0.2953419089317322,0.29766789078712463
YLR186W,YOR292C,0,1.0307075,0.09104796499013901,0.2953419089317322,0.2977679967880249
YDR170C,YMR233W,0,1.0307044,0.09102015942335129,0.2953419089317322,0.2978680729866028
YLR384C,YML063W,0,1.030657,0.09099236875772476,0.2953419089317322,0.29796817898750305
YMR302C,YGR204W,0,1.0305928,0.09096459299325943,0.2953419089317322,0.29806825518608093
YGL111W,YFR041C,0,1.030543,0.09093683212995529,0.2953419089317322,0.2981683611869812
YMR273C,YGL219C,0,1.0305294,0.09090909361839294,0.2953419089317322,0.2982684373855591
YHR214W,YIL035C,0,1.03052,0.0908813625574112,0.2953419089317322,0.29836854338645935
YBR010W,YML129C,0,1.0305145,0.09085366129875183,0.2953419089317322,0.29846861958503723
YGR055W,YPL111W,0,1.0305094,0.09082596749067307,0.2953419089317322,0.2985687255859375
YDR253C,YOL070C,0,1.0304112,0.09079829603433609,0.2953419089317322,0.2986688017845154
YGL070C,YKL161C,0,1.0303599,0.09077063947916031,0.2953419089317322,0.29876887798309326
YNL088W,YDL002C,1,1.0303459,0.091047503054142,0.2963330149650574,0.29876887798309326
YLR182W,YPL010W,0,1.0303155,0.09101978689432144,0.2963330149650574,0.29886898398399353
YCL003W,YIR025W,0,1.0302782,0.09099208563566208,0.2963330149650574,0.2989690601825714
YIL021W,YDR026C,0,1.0302542,0.0909644067287445,0.2963330149650574,0.2990691661834717
YDR131C,YLR285W,0,1.0302495,0.09093674272298813,0.2963330149650574,0.29916924238204956
YBR112C,YER008C,0,1.0302255,0.09090909361839294,0.2963330149650574,0.29926934838294983
YDR040C,YER046W,0,1.0301921,0.09088145941495895,0.2963330149650574,0.2993694245815277
YLR080W,YGL136C,0,1.0301857,0.09085384011268616,0.2963330149650574,0.299469530582428
YHR154W,YPL018W,0,1.0301819,0.09082624316215515,0.2963330149650574,0.29956960678100586
YOL032W,YBL026W,0,1.0301557,0.09079866111278534,0.2963330149650574,0.29966971278190613
YJR075W,YGR017W,0,1.0301389,0.09077110141515732,0.2963330149650574,0.299769788980484
YDR441C,YKL059C,0,1.0301287,0.0907435491681099,0.2963330149650574,0.2998698949813843
YJL128C,YMR177W,0,1.0301131,0.09071601927280426,0.2963330149650574,0.29996997117996216
YGL127C,YDR240C,0,1.0300978,0.09068850427865982,0.2963330149650574,0.3000700771808624
YDR285W,YMR274C,0,1.0300933,0.09066100418567657,0.2963330149650574,0.3001701533794403
YFR031C-A,YML106W,0,1.0300775,0.09063352644443512,0.2963330149650574,0.3002702295780182
YOR316C,YJL140W,0,1.0300604,0.09060606360435486,0.2963330149650574,0.30037033557891846
YGR156W,YML015C,0,1.0300497,0.09057861566543579,0.2963330149650574,0.30047041177749634
YBR160W,YDR444W,0,1.0300329,0.09055118262767792,0.2963330149650574,0.3005705177783966
YOL139C,YGL186C,0,1.0299904,0.09052376449108124,0.2963330149650574,0.3006705939769745
YGL174W,YML074C,0,1.0299745,0.09049636870622635,0.2963330149650574,0.30077069997787476
YKR019C,YLR399C,1,1.0299551,0.09077155590057373,0.2973240911960602,0.30077069997787476
YBL010C,YJL158C,0,1.0298777,0.09074410051107407,0.2973240911960602,0.30087077617645264
YPR098C,YER087C-B,0,1.0298705,0.0907166600227356,0.2973240911960602,0.3009708821773529
YDR190C,YDR167W,1,1.0298349,0.0909915342926979,0.298315167427063,0.3009708821773529
YPL235W,YJL141C,0,1.0297753,0.09096403419971466,0.298315167427063,0.3010709583759308
YDL198C,YOR085W,0,1.029766,0.0909365564584732,0.298315167427063,0.30117106437683105
YFL061W,YJR084W,0,1.0297658,0.09090909361839294,0.298315167427063,0.30127114057540894
YKL203C,YOR086C,0,1.0297579,0.09088164567947388,0.298315167427063,0.3013712465763092
YPL189W,YPR144C,0,1.0297464,0.090854212641716,0.298315167427063,0.3014713227748871
YPR137C-A,YNL302C,0,1.0297451,0.09082679450511932,0.298315167427063,0.30157142877578735
YOL108C,YMR182C,0,1.0297436,0.09079939872026443,0.298315167427063,0.30167150497436523
YDL139C,YBR146W,0,1.0297003,0.09077201783657074,0.298315167427063,0.3017715811729431
YLL004W,YOR304W,1,1.029671,0.09104612469673157,0.2993062436580658,0.3017715811729431
YIL093C,YCL026C-B,0,1.029648,0.0910186842083931,0.2993062436580658,0.3018716871738434
YGL194C,YDL002C,1,1.0296254,0.09129256010055542,0.3002973198890686,0.3018716871738434
YJR076C,YOL098C,0,1.0295842,0.09126506000757217,0.3002973198890686,0.30197176337242126
YJL008C,YIL170W,0,1.0295644,0.09123758226633072,0.3002973198890686,0.30207186937332153
YER139C,YML098W,0,1.029561,0.09121011197566986,0.3002973198890686,0.3021719455718994
YOR259C,YER143W,0,1.0295292,0.0911826640367508,0.3002973198890686,0.3022720515727997
YER061C,YIL009W,0,1.0295243,0.09115523099899292,0.3002973198890686,0.30237212777137756
YOR209C,YPR034W,1,1.0294142,0.09142857044935226,0.3012883961200714,0.30237212777137756
YGR010W,YDR490C,0,1.0294102,0.09140108525753021,0.3012883961200714,0.30247223377227783
YNL283C,YPL022W,0,1.0293005,0.09137360751628876,0.3012883961200714,0.3025723099708557
YOL122C,YER025W,0,1.0292878,0.09134615212678909,0.3012883961200714,0.302672415971756
YGL122C,YKL085W,0,1.0292711,0.09131871163845062,0.3012883961200714,0.30277249217033386
YGR086C,YBL058W,0,1.0292461,0.09129129350185394,0.3012883961200714,0.30287259817123413
YEL056W,YBR245C,0,1.0292434,0.09126388281583786,0.3012883961200714,0.302972674369812
YOR211C,YPL202C,0,1.0291893,0.09123649448156357,0.3012883961200714,0.3030727803707123
YGL046W,YPL074W,0,1.0291843,0.09120912104845047,0.3012883961200714,0.30317285656929016
YCR026C,YER145C,0,1.0291812,0.09118176251649857,0.3012883961200714,0.30327293276786804
YKR052C,YBR081C,0,1.0291492,0.09115442633628845,0.3012883961200714,0.3033730387687683
YPR190C,YIL133C,0,1.0291398,0.09112709760665894,0.3012883961200714,0.3034731149673462
YGR063C,YER164W,1,1.0291001,0.09139946103096008,0.3022794723510742,0.3034731149673462
YJL114W,YEL024W,0,1.0290852,0.09137208014726639,0.3022794723510742,0.30357322096824646
YHR215W,YDR435C,0,1.0290644,0.09134471416473389,0.3022794723510742,0.30367329716682434
YER184C,YNL317W,0,1.0289866,0.09131736308336258,0.3022794723510742,0.3037734031677246
YIL131C,YOL017W,1,1.0289216,0.09158934652805328,0.3032705783843994,0.3037734031677246
YLR029C,YMR038C,0,1.0289216,0.0915619358420372,0.3032705783843994,0.3038734793663025
YKL199C,YDL028C,0,1.0288811,0.09153454750776291,0.3032705783843994,0.30397358536720276
YMR229C,YKL144C,0,1.0288676,0.09150717407464981,0.3032705783843994,0.30407366156578064
YHR081W,YPR171W,0,1.0288422,0.0914798229932785,0.3032705783843994,0.3041737675666809
YDR483W,YDR378C,0,1.0288312,0.09145247936248779,0.3032705783843994,0.3042738437652588
YDR073W,YHR056C,1,1.0288247,0.09172393381595612,0.3042616546154022,0.3042738437652588
YDR013W,YJR027W,0,1.0288125,0.09169653803110123,0.3042616546154022,0.30437394976615906
YER015W,YLR085C,0,1.0287666,0.09166915714740753,0.3042616546154022,0.30447402596473694
YBR010W,YMR080C,1,1.028712,0.09194029867649078,0.30525273084640503,0.30447402596473694
YAR044W,YJL153C,0,1.0286702,0.09191285818815231,0.30525273084640503,0.3045741021633148
YMR091C,YAL011W,1,1.0286701,0.09218376874923706,0.30624380707740784,0.3045741021633148
YIL079C,YFL035C,0,1.0286598,0.09215627610683441,0.30624380707740784,0.3046742081642151
YHR118C,YFL033C,0,1.0286365,0.09212879836559296,0.30624380707740784,0.30477428436279297
YBL006C,YML069W,1,1.0285168,0.09239940345287323,0.30723488330841064,0.30477428436279297
YMR122W-A,YHR110W,0,1.0284098,0.0923718735575676,0.30723488330841064,0.30487439036369324
YMR033W,YER005W,0,1.0283948,0.09234435856342316,0.30723488330841064,0.3049744665622711
YAL035W,YOR147W,0,1.0283921,0.09231685847043991,0.30723488330841064,0.3050745725631714
YGR275W,YBR198C,1,1.0283648,0.09258707612752914,0.30822595953941345,0.3050745725631714
YBR142W,YBR003W,0,1.0283493,0.09255952388048172,0.30822595953941345,0.30517464876174927
YGR120C,YJL066C,0,1.0283425,0.09253198653459549,0.30822595953941345,0.30527475476264954
YPL168W,YDL129W,0,1.0283096,0.09250446408987045,0.30822595953941345,0.3053748309612274
YLR017W,YJL114W,0,1.0282995,0.09247695654630661,0.30822595953941345,0.3054749369621277
YOL133W,YDL045C,0,1.0282991,0.09244946390390396,0.30822595953941345,0.30557501316070557
YOR142W-A,YBR067C,0,1.0282968,0.0924219936132431,0.30822595953941345,0.30567511916160583
YOR080W,YNL046W,0,1.0282742,0.09239453077316284,0.30822595953941345,0.3057751953601837
YIR005W,YLR163C,0,1.0282037,0.09236709028482437,0.30822595953941345,0.305875301361084
YMR056C,YDR533C,0,1.0281796,0.0923396646976471,0.30822595953941345,0.30597537755966187
YDL105W,YDR439W,1,1.0281446,0.09260908514261246,0.30921703577041626,0.30597537755966187
YDR363W,YBR088C,1,1.0280992,0.09287834167480469,0.31020811200141907,0.30597537755966187
YNR037C,YMR312W,0,1.0280917,0.09285078942775726,0.31020811200141907,0.30607545375823975
YHR214C-B,YIL037C,0,1.0280877,0.09282325208187103,0.31020811200141907,0.30617555975914
YMR263W,YGL112C,1,1.0280762,0.09309220314025879,0.31119921803474426,0.30617555975914
YGR286C,YGR241C,0,1.0280085,0.09306461364030838,0.31119921803474426,0.3062756359577179
YCR040W,YDR367W,0,1.0280014,0.09303703904151917,0.31119921803474426,0.30637574195861816
YBR037C,YMR038C,0,1.0279111,0.09300947934389114,0.31119921803474426,0.30647581815719604
YMR284W,YML041C,1,1.027889,0.09327805787324905,0.31219029426574707,0.30647581815719604
YBR094W,YBL005W-B,0,1.0278835,0.09325044602155685,0.31219029426574707,0.3065759241580963
YLR188W,YFR005C,0,1.0278618,0.09322284907102585,0.31219029426574707,0.3066760003566742
YJL221C,YGR181W,0,1.0278574,0.09319526702165604,0.31219029426574707,0.30677610635757446
YMR097C,YDR261C,0,1.0278373,0.09316769987344742,0.31219029426574707,0.30687618255615234
YHL016C,YJR098C,0,1.0277768,0.09314015507698059,0.31219029426574707,0.3069762885570526
YOR232W,YPR019W,0,1.0277764,0.09311262518167496,0.31219029426574707,0.3070763647556305
YGL194C,YPL271W,0,1.0277727,0.09308510273694992,0.31219029426574707,0.30717647075653076
YHL004W,YPR035W,0,1.0277508,0.09305761009454727,0.31219029426574707,0.30727654695510864
YLR328W,YGL021W,0,1.0277208,0.09303012490272522,0.31219029426574707,0.3073766529560089
YNL026W,YOR246C,0,1.027679,0.09300265461206436,0.31219029426574707,0.3074767291545868
YCL036W,YLR127C,0,1.0276041,0.0929752066731453,0.31219029426574707,0.3075768053531647
YOR270C,YDL084W,0,1.0275912,0.09294777363538742,0.31219029426574707,0.30767691135406494
YLR446W,YOR193W,0,1.027582,0.09292035549879074,0.31219029426574707,0.3077769875526428
YOR290C,YDR435C,0,1.0275748,0.09289295226335526,0.31219029426574707,0.3078770935535431
YNL030W,YGL150C,1,1.0275698,0.09316037595272064,0.3131813704967499,0.3078770935535431
YGR047C,YNL233W,0,1.0274996,0.09313292056322098,0.3131813704967499,0.30797716975212097
YJR094W-A,YGR161W-A,0,1.0274745,0.09310548007488251,0.3131813704967499,0.30807727575302124
YEL056W,YLR438C-A,0,1.0274669,0.09307805448770523,0.3131813704967499,0.3081773519515991
YKL189W,YDL143W,0,1.0274168,0.09305065125226974,0.3131813704967499,0.3082774579524994
YDR510W,YHR175W,0,1.0274066,0.09302325546741486,0.3131813704967499,0.30837753415107727
YDR062W,YDR177W,0,1.0273707,0.09299588203430176,0.3131813704967499,0.30847764015197754
YER168C,YMR098C,0,1.027276,0.09296852350234985,0.3131813704967499,0.3085777163505554
YHR158C,YMR002W,0,1.0272661,0.09294117987155914,0.3131813704967499,0.3086778223514557
YJL026W,YDL189W,0,1.0272074,0.09291385114192963,0.3131813704967499,0.30877789855003357
YIL118W,YMR227C,0,1.0272024,0.0928865373134613,0.3131813704967499,0.30887800455093384
YOL053C-A,YPL215W,0,1.027156,0.09285923838615417,0.3131813704967499,0.3089780807495117
YJR107W,YOL157C,0,1.0271204,0.09283196181058884,0.3131813704967499,0.3090781569480896
YOR244W,YPL235W,1,1.0270966,0.09309838712215424,0.3141724467277527,0.3090781569480896
YDL106C,YDR261C-D,0,1.027074,0.09307105094194412,0.3141724467277527,0.30917826294898987
YDR108W,YPR152C,0,1.0270476,0.0930437371134758,0.3141724467277527,0.30927833914756775
YNL076W,YLR040C,0,1.0270408,0.09301643073558807,0.3141724467277527,0.309378445148468
YCR075C,YKL217W,0,1.0270088,0.09298914670944214,0.3141724467277527,0.3094785213470459
YGL046W,YKL033W,0,1.0269998,0.0929618775844574,0.3141724467277527,0.30957862734794617
YDR127W,YNL283C,0,1.0269907,0.09293462336063385,0.3141724467277527,0.30967870354652405
YJR070C,YDR226W,0,1.0269048,0.0929073840379715,0.3141724467277527,0.3097788095474243
YFL013C,YOR343W-B,0,1.0268935,0.09288016706705093,0.3141724467277527,0.3098788857460022
YKR090W,YDR341C,0,1.0268921,0.09285295754671097,0.3141724467277527,0.30997899174690247
YGR143W,YLR158C,0,1.0268357,0.09282577037811279,0.3141724467277527,0.31007906794548035
YLL051C,YOL038W,0,1.0267763,0.09279859811067581,0.3141724467277527,0.3101791739463806
YER033C,YER030W,0,1.02677,0.09277143329381943,0.3141724467277527,0.3102792501449585
YNL085W,YLR044C,0,1.02675,0.09274429827928543,0.3141724467277527,0.31037935614585876
YHR204W,YHR106W,0,1.026741,0.09271717071533203,0.3141724467277527,0.31047943234443665
YGL231C,YAL053W,0,1.0267266,0.09269005805253983,0.3141724467277527,0.3105795085430145
YJR068W,YOR103C,0,1.0266743,0.09266296774148941,0.3141724467277527,0.3106796145439148
YLL022C,YDR155C,1,1.0266544,0.09292811155319214,0.3151635229587555,0.3106796145439148
YOR090C,YER086W,0,1.0266533,0.09290096163749695,0.3151635229587555,0.3107796907424927
YDL235C,YOL019W,0,1.0266248,0.09287383407354355,0.3151635229587555,0.31087979674339294
YBR065C,YHR186C,0,1.0266123,0.09284671396017075,0.3151635229587555,0.3109798729419708
YFL035C-B,YKR048C,0,1.0266018,0.09281961619853973,0.3151635229587555,0.3110799789428711
YDR383C,YMR145C,0,1.026573,0.09279253333806992,0.3151635229587555,0.311180055141449
YMR076C,YJL110C,0,1.0265318,0.0927654579281807,0.3151635229587555,0.31128016114234924
YPL273W,YKL173W,0,1.0265276,0.09273840487003326,0.3151635229587555,0.3113802373409271
YOR011W,YDR500C,0,1.0264814,0.09271136671304703,0.3151635229587555,0.3114803433418274
YKL015W,YIR023W,0,1.0264686,0.09268435090780258,0.3151635229587555,0.3115804195404053
YDL197C,YHL034C,0,1.0264618,0.09265734255313873,0.3151635229587555,0.31168052554130554
YPL117C,YGR081C,0,1.0264522,0.09263034909963608,0.3151635229587555,0.3117806017398834
YIL070C,YMR122W-A,0,1.0263664,0.09260337799787521,0.3151635229587555,0.3118806779384613
YLR145W,YPR005C,0,1.0263579,0.09257642179727554,0.3151635229587555,0.3119807839393616
YCL057C-A,YGL233W,0,1.0263395,0.09254947304725647,0.3151635229587555,0.31208086013793945
YOR316C,YOL129W,0,1.0263251,0.09252254664897919,0.3151635229587555,0.3121809661388397
YMR321C,YAL013W,0,1.0262793,0.0924956351518631,0.3151635229587555,0.3122810423374176
YCL057C-A,YJR126C,0,1.0262235,0.0924687385559082,0.3151635229587555,0.31238114833831787
YDR298C,YLR121C,0,1.0262045,0.0924418568611145,0.3151635229587555,0.31248122453689575
YMR312W,YDL084W,0,1.0262008,0.09241499751806259,0.3151635229587555,0.312581330537796
YGL127C,YDR014W,0,1.0261962,0.09238814562559128,0.3151635229587555,0.3126814067363739
YER173W,YNL070W,0,1.0261736,0.09236131608486176,0.3151635229587555,0.31278151273727417
YOR147W,YCR086W,0,1.026155,0.09233449399471283,0.3151635229587555,0.31288158893585205
YNR023W,YHR056C,1,1.0261549,0.09259796887636185,0.3161545991897583,0.31288158893585205
YJL006C,YGR295C,0,1.0261533,0.09257109463214874,0.3161545991897583,0.3129816949367523
YJR070C,YDL166C,0,1.0261284,0.09254424273967743,0.3161545991897583,0.3130817711353302
YLR052W,YDR310C,1,1.0261104,0.09280742704868317,0.3171456754207611,0.3130817711353302
YBL013W,YGL019W,0,1.0260516,0.09278051555156708,0.3171456754207611,0.31318187713623047
YDR032C,YOL053C-A,0,1.0260044,0.09275362640619278,0.3171456754207611,0.31328195333480835
YOR123C,YML052W,0,1.0259676,0.09272674471139908,0.3171456754207611,0.31338202953338623
YBL022C,YKL165C,0,1.0259671,0.09269988536834717,0.3171456754207611,0.3134821355342865
YLR432W,YLR201C,0,1.02591,0.09267304092645645,0.3171456754207611,0.3135822117328644
YMR182C,YLL021W,0,1.0259017,0.09264620393514633,0.3171456754207611,0.31368231773376465
YCR020C,YPL213W,0,1.0258365,0.092619389295578,0.3171456754207611,0.31378239393234253
YIL017W,YJR145C,0,1.0258006,0.09259258955717087,0.3171456754207611,0.3138824999332428
YDR039C,YNL292W,0,1.0257825,0.09256581217050552,0.3171456754207611,0.3139825761318207
YFR029W,YHL050C,0,1.025759,0.09253904223442078,0.3171456754207611,0.31408268213272095
YCR075C,YMR050C,0,1.0257506,0.09251228719949722,0.3171456754207611,0.31418275833129883
YNL137C,YPR034W,0,1.0257244,0.09248554706573486,0.3171456754207611,0.3142828643321991
YLR403W,YCL027W,0,1.025708,0.0924588292837143,0.3171456754207611,0.314382940530777
YDR062W,YLR411W,0,1.0256916,0.09243211895227432,0.3171456754207611,0.31448304653167725
YLR459W,YBR058C,0,1.0256672,0.09240543097257614,0.3171456754207611,0.3145831227302551
YNL259C,YNL052W,0,1.0256641,0.09237875044345856,0.3171456754207611,0.3146832287311554
YOR189W,YJL044C,0,1.0256572,0.09235209226608276,0.3171456754207611,0.3147833049297333
YMR188C,YPL179W,0,1.0256504,0.09232544898986816,0.3171456754207611,0.31488338112831116
YFL035C,YGR029W,0,1.025631,0.09229882061481476,0.3171456754207611,0.3149834871292114
YOR237W,YCR058C,0,1.0256249,0.09227219969034195,0.3171456754207611,0.3150835633277893
YOR067C,YPL112C,0,1.0255815,0.09224560111761093,0.3171456754207611,0.3151836693286896
YPR048W,YJR035W,0,1.0255786,0.09221901744604111,0.3171456754207611,0.31528374552726746
YBR090C-A,YNL261W,1,1.0255673,0.09248055517673492,0.3181367814540863,0.31528374552726746
YJL196C,YCR053W,0,1.0255358,0.09245391935110092,0.3181367814540863,0.3153838515281677
YDR257C,YIL036W,0,1.025528,0.09242729842662811,0.3181367814540863,0.3154839277267456
YOR359W,YHR129C,0,1.0255159,0.0924006924033165,0.3181367814540863,0.3155840337276459
YDR240C,YGL068W,0,1.0254902,0.09237410128116608,0.3181367814540863,0.31568410992622375
YPR017C,YBL035C,0,1.0254073,0.09234752506017685,0.3181367814540863,0.315784215927124
YPL122C,YDR239C,0,1.0254037,0.09232096374034882,0.3181367814540863,0.3158842921257019
YPR068C,YJR139C,0,1.0254017,0.09229442477226257,0.3181367814540863,0.3159843981266022
YLR151C,YFL023W,0,1.0253987,0.09226789325475693,0.3181367814540863,0.31608447432518005
YNL026W,YBR172C,0,1.0253744,0.09224137663841248,0.3181367814540863,0.3161845803260803
YFL035C-A,YDL081C,0,1.025363,0.09221488237380981,0.3181367814540863,0.3162846565246582
YER142C,YFL057C,0,1.0253462,0.09218839555978775,0.3181367814540863,0.3163847327232361
YBL020W,YBR016W,0,1.0252413,0.09216193109750748,0.3181367814540863,0.31648483872413635
YKL054C,YDR298C,0,1.0252185,0.0921354740858078,0.3181367814540863,0.31658491492271423
YOR142W-A,YOL082W,0,1.0252047,0.09210903942584991,0.3181367814540863,0.3166850209236145
YER074W,YHR206W,0,1.0251986,0.09208261966705322,0.3181367814540863,0.3167850971221924
YJR045C,YLR380W,0,1.0251817,0.09205620735883713,0.3181367814540863,0.31688520312309265
YPR122W,YBR075W,0,1.0251799,0.09202981740236282,0.3181367814540863,0.31698527932167053
YDR086C,YPL180W,0,1.0251441,0.09200344234704971,0.3181367814540863,0.3170853853225708
YHL003C,YLR207W,0,1.025124,0.0919770747423172,0.3181367814540863,0.3171854615211487
YIL061C,YDR281C,0,1.0250996,0.09195072948932648,0.3181367814540863,0.31728556752204895
YOR246C,YPL060W,0,1.0250926,0.09192439913749695,0.3181367814540863,0.31738564372062683
YHR202W,YLR134W,0,1.025086,0.09189808368682861,0.3181367814540863,0.3174857497215271
YHL008C,YDR332W,0,1.0250291,0.09187178313732147,0.3181367814540863,0.317585825920105
YBR173C,YDR212W,0,1.0250275,0.09184549003839493,0.3181367814540863,0.31768593192100525
YGR285C,YDL117W,0,1.0250059,0.09181921929121017,0.3181367814540863,0.31778600811958313
YGR288W,YKL174C,0,1.0249655,0.09179296344518661,0.3181367814540863,0.317886084318161
YDR261C-D,YPL033C,0,1.0249523,0.09176672250032425,0.3181367814540863,0.3179861903190613
YOR271C,YBL025W,0,1.024931,0.09174049645662308,0.3181367814540863,0.31808626651763916
YJR126C,YLL002W,0,1.0248948,0.0917142853140831,0.3181367814540863,0.31818637251853943
YBL091C-A,YFR005C,0,1.0248537,0.09168808907270432,0.3181367814540863,0.3182864487171173
YBR245C,YIL150C,1,1.0248531,0.09194745868444443,0.3191278576850891,0.3182864487171173
YDL143W,YIL019W,0,1.0248173,0.09192121028900146,0.3191278576850891,0.3183865547180176
YGR252W,YLL055W,0,1.0247892,0.0918949767947197,0.3191278576850891,0.31848663091659546
YIR018W,YFL035C,0,1.0247859,0.09186875820159912,0.3191278576850891,0.3185867369174957
YGL128C,YLR147C,0,1.024699,0.09184255450963974,0.3191278576850891,0.3186868131160736
YOR215C,YJR041C,0,1.0246913,0.09181636571884155,0.3191278576850891,0.3187869191169739
YCL031C,YNL330C,0,1.0246803,0.09179019182920456,0.3191278576850891,0.31888699531555176
YKL054C,YLR438C-A,0,1.0246193,0.09176403284072876,0.3191278576850891,0.318987101316452
YNL096C,YDL006W,0,1.0246022,0.09173788875341415,0.3191278576850891,0.3190871775150299
YLR287C-A,YDR245W,0,1.024593,0.09171175956726074,0.3191278576850891,0.3191872537136078
YEL005C,YPR173C,0,1.0245851,0.09168565273284912,0.3191278576850891,0.31928735971450806
YJR010C-A,YJL143W,0,1.0245801,0.0916595533490181,0.3191278576850891,0.31938743591308594
YMR051C,YDR508C,0,1.0245459,0.09163346886634827,0.3191278576850891,0.3194875419139862
YBR002C,YPR204W,0,1.024545,0.09160739928483963,0.3191278576850891,0.3195876181125641
YMR070W,YGR254W,0,1.0245246,0.09158134460449219,0.3191278576850891,0.31968772411346436
YGR075C,YMR005W,0,1.0245142,0.09155530482530594,0.3191278576850891,0.31978780031204224
YPR018W,YJL115W,1,1.0245085,0.09181352704763412,0.3201189339160919,0.31978780031204224
YJL106W,YDR424C,0,1.0245018,0.0917874425649643,0.3201189339160919,0.3198879063129425
YPR174C,YGR200C,0,1.0244993,0.09176136553287506,0.3201189339160919,0.3199879825115204
YJR149W,YPL103C,0,1.0244846,0.09173530340194702,0.3201189339160919,0.32008808851242065
YCR052W,YLR399C,1,1.024482,0.09199318289756775,0.3211100101470947,0.32008808851242065
YML048W,YGR167W,0,1.024276,0.09196707606315613,0.3211100101470947,0.32018816471099854
YJR143C,YDR518W,0,1.0242488,0.0919409766793251,0.3211100101470947,0.3202882707118988
YPL063W,YJL003W,0,1.0242091,0.09191489219665527,0.3211100101470947,0.3203883469104767
YER007W,YLR292C,0,1.0241556,0.09188882261514664,0.3211100101470947,0.32048845291137695
YML102W,YDL105W,1,1.0241439,0.09214629977941513,0.32210108637809753,0.32048845291137695
YGL256W,YDR364C,0,1.0241351,0.09212017804384232,0.32210108637809753,0.32058852910995483
YIL108W,YNL061W,0,1.0241292,0.09209407866001129,0.32210108637809753,0.3206886053085327
YCL061C,YGL163C,1,1.0240661,0.0923512727022171,0.32309216260910034,0.3206886053085327
YDR261W-B,YKL144C,0,1.0240587,0.0923251211643219,0.32309216260910034,0.320788711309433
YLL051C,YPL097W,0,1.0240583,0.0922989770770073,0.32309216260910034,0.32088878750801086
YLR143W,YPR200C,0,1.0240369,0.09227285534143448,0.32309216260910034,0.32098889350891113
YDL017W,YML036W,0,1.0239657,0.09224674850702286,0.32309216260910034,0.321088969707489
YHR081W,YGL163C,0,1.0239646,0.09222064912319183,0.32309216260910034,0.3211890757083893
YJL065C,YLR131C,0,1.0239449,0.0921945720911026,0.32309216260910034,0.32128915190696716
YKR034W,YDL038C,0,1.0239365,0.09216850250959396,0.32309216260910034,0.32138925790786743
YLR265C,YOR217W,0,1.0237706,0.09214245527982712,0.32309216260910034,0.3214893341064453
YDR034C-C,YDR325W,0,1.0237676,0.09211641550064087,0.32309216260910034,0.3215894401073456
YBR205W,YER102W,0,1.0237621,0.09209039807319641,0.32309216260910034,0.32168951630592346
YKL041W,YDR373W,0,1.0237551,0.09206438809633255,0.32309216260910034,0.32178962230682373
YMR122W-A,YOR215C,0,1.0237299,0.09203839302062988,0.32309216260910034,0.3218896985054016
YDR139C,YGR085C,0,1.0237126,0.092012420296669,0.32309216260910034,0.3219898045063019
YFL048C,YLR207W,0,1.023677,0.09198645502328873,0.32309216260910034,0.32208988070487976
YMR038C,YNL331C,0,1.0236106,0.09196050465106964,0.32309216260910034,0.32218995690345764
YCR055C,YEL020W-A,0,1.02358,0.09193457663059235,0.32309216260910034,0.3222900629043579
YLR321C,YDR167W,1,1.023547,0.09219058603048325,0.32408323884010315,0.3222900629043579
YBR009C,YBL006C,1,1.0235372,0.09244644641876221,0.32507434487342834,0.3222900629043579
YCR028C,YJL029C,0,1.023522,0.09242039918899536,0.32507434487342834,0.3223901391029358
YPL105C,YGR283C,0,1.023482,0.09239436686038971,0.32507434487342834,0.32249024510383606
YER014C-A,YDR373W,0,1.0234731,0.09236834943294525,0.32507434487342834,0.32259032130241394
YLR200W,YNR003C,0,1.023437,0.09234233945608139,0.32507434487342834,0.3226904273033142
YJL021C,YDL043C,0,1.023437,0.09231635183095932,0.32507434487342834,0.3227905035018921
YOR054C,YNL048W,0,1.0233448,0.09229037910699844,0.32507434487342834,0.32289060950279236
YDL105W,YCR052W,1,1.0233419,0.09254571050405502,0.32606542110443115,0.32289060950279236
YOR002W,YLR213C,0,1.0233325,0.09251968562602997,0.32606542110443115,0.32299068570137024
YGL178W,YBR016W,0,1.0232826,0.09249367564916611,0.32606542110443115,0.3230907917022705
YJL071W,YER046W,0,1.023242,0.09246768057346344,0.32606542110443115,0.3231908679008484
YHR024C,YNR033W,0,1.0232278,0.09244170039892197,0.32606542110443115,0.32329097390174866
YJL183W,YDR419W,0,1.0231394,0.09241572767496109,0.32606542110443115,0.32339105010032654
YLR055C,YPR149W,0,1.0231192,0.092389777302742,0.32606542110443115,0.3234911561012268
YGR143W,YJL162C,0,1.0231165,0.09236384183168411,0.32606542110443115,0.3235912322998047
YPL042C,YJR135C,0,1.0231034,0.09233791381120682,0.32606542110443115,0.32369130849838257
YHR116W,YOR335C,0,1.0230244,0.09231200814247131,0.32606542110443115,0.32379141449928284
YMR190C,YMR284W,1,1.0229635,0.09256661683320999,0.32705649733543396,0.32379141449928284
YPR021C,YKR101W,0,1.0229628,0.09254065901041031,0.32705649733543396,0.3238914906978607
YGR223C,YCR002C,0,1.0229626,0.09251471608877182,0.32705649733543396,0.323991596698761
YBR223C,YPL269W,0,1.0229206,0.09248878806829453,0.32705649733543396,0.32409167289733887
YPL223C,YPL155C,0,1.0227963,0.09246287494897842,0.32705649733543396,0.32419177889823914
YCL047C,YOL069W,0,1.0227578,0.09243697673082352,0.32705649733543396,0.324291855096817
YHL008C,YJR027W,0,1.0227572,0.0924110859632492,0.32705649733543396,0.3243919610977173
YDR405W,YGL241W,0,1.0226737,0.09238521754741669,0.32705649733543396,0.32449203729629517
YGL105W,YML045W,0,1.0226647,0.09235936403274536,0.32705649733543396,0.32459214329719543
YDR389W,YDR365W-A,0,1.0226535,0.09233351796865463,0.32705649733543396,0.3246922194957733
YGR224W,YOR109W,0,1.0226172,0.0923076942563057,0.32705649733543396,0.3247923254966736
YMR236W,YFR013W,1,1.0226094,0.0925615206360817,0.32804757356643677,0.3247923254966736
YOR057W,YBR041W,0,1.0225893,0.09253564476966858,0.32804757356643677,0.32489240169525146
YGL216W,YLL006W,0,1.022472,0.09250978380441666,0.32804757356643677,0.32499250769615173
YIL118W,YKL042W,0,1.0224676,0.09248393774032593,0.32804757356643677,0.3250925838947296
YBL074C,YNL127W,0,1.0224285,0.0924580991268158,0.32804757356643677,0.3251926600933075
YJR109C,YOR343W-B,0,1.0223894,0.09243228286504745,0.32804757356643677,0.32529276609420776
YCL005W-A,YGR046W,0,1.0223051,0.09240647405385971,0.32804757356643677,0.32539284229278564
YJL062W,YGL216W,0,1.0222979,0.09238068759441376,0.32804757356643677,0.3254929482936859
YJL078C,YPR135W,0,1.0222733,0.0923549085855484,0.32804757356643677,0.3255930244922638
YHR073W,YDR419W,0,1.0222702,0.09232915192842484,0.32804757356643677,0.32569313049316406
YLR321C,YPL011C,1,1.0222633,0.09258226305246353,0.3290386497974396,0.32569313049316406
YDR224C,YLR032W,0,1.0222421,0.09255645424127579,0.3290386497974396,0.32579320669174194
YBL060W,YOR301W,0,1.0222133,0.09253066033124924,0.3290386497974396,0.3258933126926422
YBR153W,YCR053W,0,1.022196,0.09250487387180328,0.3290386497974396,0.3259933888912201
YBR268W,YNR008W,0,1.0221884,0.09247910976409912,0.3290386497974396,0.32609349489212036
YPR018W,YKL049C,1,1.022163,0.09273182600736618,0.3300297260284424,0.32609349489212036
YMR160W,YBR145W,0,1.0221373,0.09270600974559784,0.3300297260284424,0.32619357109069824
YML039W,YDR146C,0,1.0220983,0.09268020838499069,0.3300297260284424,0.3262936770915985
YOL057W,YLR401C,0,1.0220693,0.09265442192554474,0.3300297260284424,0.3263937532901764
YDR065W,YOR291W,0,1.0220574,0.09262865036725998,0.3300297260284424,0.32649385929107666
YGR205W,YBR087W,0,1.0220393,0.09260289371013641,0.3300297260284424,0.32659393548965454
YMR223W,YDR145W,1,1.0220007,0.09285515546798706,0.3310208022594452,0.32659393548965454
YFL002W-A,YGR142W,0,1.0219966,0.09282934665679932,0.3310208022594452,0.3266940116882324
YJL057C,YHR041C,0,1.0219591,0.09280356019735336,0.3310208022594452,0.3267941176891327
YLR287C-A,YEL021W,0,1.0219477,0.092777781188488,0.3310208022594452,0.32689419388771057
YNL059C,YIL126W,1,1.0219356,0.09302971512079239,0.332011878490448,0.32689419388771057
YDR461W,YDR268W,0,1.021934,0.09300388395786285,0.332011878490448,0.32699429988861084
YDR434W,YFR050C,0,1.0219164,0.09297807514667511,0.332011878490448,0.3270943760871887
YBR291C,YGL067W,0,1.0218873,0.09295227378606796,0.332011878490448,0.327194482088089
YJL048C,YOR059C,0,1.0218846,0.09292648732662201,0.332011878490448,0.32729455828666687
YGR167W,YMR233W,0,1.0218338,0.09290072321891785,0.332011878490448,0.32739466428756714
YMR086W,YMR233W,0,1.0218188,0.09287496656179428,0.332011878490448,0.327494740486145
YIL053W,YNL189W,0,1.0218155,0.09284922480583191,0.332011878490448,0.3275948464870453
YAL026C,YCL029C,0,1.0218135,0.09282349795103073,0.332011878490448,0.32769492268562317
YDR145W,YKL158W,0,1.0217737,0.09279778599739075,0.332011878490448,0.32779502868652344
YLR186W,YMR227C,0,1.02175,0.09277208894491196,0.332011878490448,0.3278951048851013
YCR046C,YJR089W,0,1.0217444,0.09274639934301376,0.332011878490448,0.3279951810836792
YPL091W,YER061C,0,1.0217412,0.09272073209285736,0.332011878490448,0.32809528708457947
YLL048C,YDR273W,0,1.021671,0.09269507229328156,0.332011878490448,0.32819536328315735
YJR104C,YDR388W,0,1.0216571,0.09266943484544754,0.332011878490448,0.3282954692840576
YKL080W,YJR026W,0,1.0216398,0.09264380484819412,0.332011878490448,0.3283955454826355
YML047C,YER137C-A,0,1.021585,0.0926181897521019,0.332011878490448,0.32849565148353577
YCL052C,YAR010C,0,1.0215697,0.09259258955717087,0.332011878490448,0.32859572768211365
YAR027W,YDR378C,0,1.0215349,0.09256700426340103,0.332011878490448,0.3286958336830139
YPL048W,YIL090W,0,1.0214978,0.09254143387079239,0.332011878490448,0.3287959098815918
YLL061W,YJR089W,0,1.0214537,0.09251587837934494,0.332011878490448,0.32889601588249207
YAL056W,YDR210C-C,0,1.0213544,0.09249033778905869,0.332011878490448,0.32899609208106995
YLR287C-A,YML077W,0,1.021328,0.09246480464935303,0.332011878490448,0.3290961980819702
YBL005W,YCR094W,0,1.0213145,0.09243929386138916,0.332011878490448,0.3291962742805481
YHR214C-B,YIL008W,0,1.0212559,0.09241379052400589,0.332011878490448,0.32929638028144836
YDR388W,YMR089C,0,1.0212405,0.09238830953836441,0.332011878490448,0.32939645648002625
YJR145C,YGL229C,0,1.0212384,0.09236283600330353,0.332011878490448,0.3294965326786041
YCL074W,YPL134C,0,1.0212235,0.09233737736940384,0.332011878490448,0.3295966386795044
YNL284C,YJL029C,0,1.021211,0.09231193363666534,0.332011878490448,0.3296967148780823
YOL116W,YLR361C,0,1.0211973,0.09228650480508804,0.332011878490448,0.32979682087898254
YER168C,YNR057C,0,1.0211798,0.09226108342409134,0.332011878490448,0.3298968970775604
YPR018W,YDR145W,1,1.0211716,0.09251101315021515,0.3330029845237732,0.3298968970775604
YBR067C,YLR052W,0,1.0211685,0.09248554706573486,0.3330029845237732,0.3299970030784607
YDR316W-B,YLR109W,0,1.021149,0.09246009588241577,0.3330029845237732,0.3300970792770386
YCL005W-A,YBR172C,0,1.0211446,0.09243465960025787,0.3330029845237732,0.33019718527793884
YDR454C,YJL058C,0,1.0210941,0.09240923821926117,0.3330029845237732,0.3302972614765167
YOR317W,YLR223C,0,1.0210763,0.09238383173942566,0.3330029845237732,0.330397367477417
YGL163C,YOR141C,1,1.0210675,0.09263331443071365,0.333994060754776,0.330397367477417
YDR389W,YLR109W,0,1.021051,0.09260785579681396,0.333994060754776,0.3304974436759949
YOR038C,YCR020W-B,1,1.0210018,0.09285714477300644,0.3349851369857788,0.3304974436759949
YLR193C,YKL013C,0,1.020998,0.09283164143562317,0.3349851369857788,0.33059754967689514
YIL068C,YDL045C,0,1.020983,0.09280615299940109,0.3349851369857788,0.330697625875473
YDR082W,YHR156C,0,1.0209527,0.09278067201375961,0.3349851369857788,0.3307977318763733
YHR201C,YMR227C,0,1.0208842,0.09275521337985992,0.3349851369857788,0.33089780807495117
YDR316W-A,YDL030W,0,1.0208415,0.09272976964712143,0.3349851369857788,0.33099788427352905
YDR481C,YDL043C,0,1.0208338,0.09270433336496353,0.3349851369857788,0.3310979902744293
YGL060W,YGR212W,0,1.0208004,0.09267891198396683,0.3349851369857788,0.3311980664730072
YLR239C,YKL028W,0,1.0207964,0.09265350550413132,0.3349851369857788,0.33129817247390747
YDR261C-D,YLR382C,0,1.0207797,0.092628113925457,0.3349851369857788,0.33139824867248535
YMR013C,YGR071C,0,1.0207438,0.09260273724794388,0.3349851369857788,0.3314983546733856
YMR086W,YGL135W,0,1.020726,0.09257737547159195,0.3349851369857788,0.3315984308719635
YGR047C,YDL134C-A,0,1.0207235,0.09255202859640121,0.3349851369857788,0.33169853687286377
YBL006C,YER088C,1,1.020696,0.09280043840408325,0.3359762132167816,0.33169853687286377
YCR046C,YER070W,0,1.0206584,0.09277503937482834,0.3359762132167816,0.33179861307144165
YBR188C,YOR389W,0,1.0206532,0.09274965524673462,0.3359762132167816,0.3318987190723419
YLR413W,YJL187C,0,1.0206491,0.0927242860198021,0.3359762132167816,0.3319987952709198
YIL061C,YLR380W,0,1.0206401,0.09269893169403076,0.3359762132167816,0.33209890127182007
YPL183W-A,YPR133C,0,1.0206165,0.09267359226942062,0.3359762132167816,0.33219897747039795
YNR023W,YML010W,1,1.0205871,0.09292156249284744,0.3369672894477844,0.33219897747039795
YMR241W,YIL056W,0,1.0205779,0.09289617836475372,0.3369672894477844,0.3322990834712982
YNL298W,YFR031C,0,1.0205747,0.0928708016872406,0.3369672894477844,0.3323991596698761
YDR261C-D,YJR031C,0,1.0205541,0.09284543991088867,0.3369672894477844,0.332499235868454
YHR082C,YER087C-B,0,1.0205053,0.09282009303569794,0.3369672894477844,0.33259934186935425
YMR117C,YKL045W,0,1.0205028,0.0927947610616684,0.3369672894477844,0.33269941806793213
YNL084C,YOR195W,0,1.0204799,0.09276944398880005,0.3369672894477844,0.3327995240688324
YDR225W,YBR215W,1,1.0204124,0.09301691502332687,0.33795836567878723,0.3327995240688324
YDR316W-B,YML005W,0,1.0204107,0.09299154579639435,0.33795836567878723,0.3328996002674103
YBL022C,YML074C,0,1.0203881,0.09296619147062302,0.33795836567878723,0.33299970626831055
YLR447C,YBR166C,0,1.0203819,0.09294085949659348,0.33795836567878723,0.3330997824668884
YIL088C,YDR050C,0,1.0203815,0.09291553497314453,0.33795836567878723,0.3331998884677887
YKL049C,YCR052W,1,1.0203558,0.09316262602806091,0.33894944190979004,0.3331998884677887
YNR037C,YKL143W,0,1.0203366,0.09313725680112839,0.33894944190979004,0.3332999646663666
YDR046C,YOR019W,0,1.0202823,0.09311189502477646,0.33894944190979004,0.33340007066726685
YKL017C,YDL231C,0,1.0202442,0.09308655560016632,0.33894944190979004,0.3335001468658447
YBR181C,YKR031C,0,1.0202209,0.09306122362613678,0.33894944190979004,0.333600252866745
YER190W,YGR245C,0,1.0202008,0.09303590655326843,0.33894944190979004,0.3337003290653229
YDL192W,YIL132C,0,1.0201813,0.09301060438156128,0.33894944190979004,0.33380043506622314
YIL008W,YER086W,0,1.0201738,0.09298531711101532,0.33894944190979004,0.333900511264801
YJL128C,YMR128W,0,1.0201042,0.09296004474163055,0.33894944190979004,0.3340005874633789
YOL095C,YPL043W,0,1.0200704,0.09293477982282639,0.33894944190979004,0.3341006934642792
YBR301W,YOR014W,0,1.0200555,0.09290953725576401,0.33894944190979004,0.33420076966285706
YOL140W,YMR094W,0,1.0200497,0.09288430213928223,0.33894944190979004,0.3343008756637573
YIL076W,YDL184C,0,1.0200043,0.09285908192396164,0.33894944190979004,0.3344009518623352
YLR039C,YNR040W,0,1.0199875,0.09283387660980225,0.33894944190979004,0.3345010578632355
YGR296W,YMR240C,0,1.0199614,0.09280868619680405,0.33894944190979004,0.33460113406181335
YPR152C,YER048W-A,0,1.0199608,0.09278350323438644,0.33894944190979004,0.3347012400627136
YPR026W,YFL048C,0,1.0199591,0.09275834262371063,0.33894944190979004,0.3348013162612915
YAL031C,YDR195W,0,1.0199413,0.09273318946361542,0.33894944190979004,0.3349014222621918
YDL111C,YLR187W,0,1.0199274,0.0927080512046814,0.33894944190979004,0.33500149846076965
YDR500C,YGR220C,0,1.0199012,0.09268292784690857,0.33894944190979004,0.3351016044616699
YNL164C,YNL081C,0,1.0198387,0.09265781939029694,0.33894944190979004,0.3352016806602478
YER033C,YOR393W,0,1.0198019,0.0926327183842659,0.33894944190979004,0.3353017568588257
YKL097W-A,YGR254W,0,1.0197681,0.09260763972997665,0.33894944190979004,0.33540186285972595
YGR075C,YJL003W,0,1.0197021,0.092582568526268,0.33894944190979004,0.33550193905830383
YML100W,YDR019C,0,1.0197,0.09255751222372055,0.33894944190979004,0.3356020450592041
YOL053C-A,YML109W,0,1.019653,0.09253247082233429,0.33894944190979004,0.335702121257782
YNL088W,YHL025W,1,1.0196221,0.09277793020009995,0.33994054794311523,0.335702121257782
YLL004W,YGR002C,1,1.0196099,0.09302325546741486,0.34093162417411804,0.335702121257782
YCL061C,YHR118C,1,1.0195997,0.09326845407485962,0.34192270040512085,0.335702121257782
YJL095W,YJL066C,0,1.019583,0.09324324131011963,0.34192270040512085,0.33580222725868225
YMR109W,YOR014W,0,1.0195386,0.09321805089712143,0.34192270040512085,0.33590230345726013
YNL238W,YGL137W,0,1.019508,0.09319286793470383,0.34192270040512085,0.3360024094581604
YDR416W,YOR292C,0,1.0195028,0.09316769987344742,0.34192270040512085,0.3361024856567383
YGR116W,YMR159C,0,1.0194831,0.0931425467133522,0.34192270040512085,0.33620259165763855
YML039W,YFL010W-A,0,1.0194807,0.09311740845441818,0.34192270040512085,0.33630266785621643
YHR008C,YML116W,0,1.0194641,0.09309228509664536,0.34192270040512085,0.3364027738571167
YDL106C,YKL006W,0,1.0194513,0.09306716918945312,0.34192270040512085,0.3365028500556946
YOR193W,YGR181W,0,1.0194445,0.09304206818342209,0.34192270040512085,0.33660295605659485
YOR084W,YDR233C,0,1.0194379,0.09301698207855225,0.34192270040512085,0.33670303225517273
YDR454C,YLR234W,0,1.0194178,0.0929919108748436,0.34192270040512085,0.3368031084537506
YBR129C,YOL082W,0,1.0194153,0.09296685457229614,0.34192270040512085,0.3369032144546509
YNL289W,YGR003W,0,1.019402,0.09294181317090988,0.34192270040512085,0.33700329065322876
YJR131W,YML112W,0,1.0193679,0.09291677922010422,0.34192270040512085,0.33710339665412903
YGR116W,YBR198C,1,1.0193598,0.09316100925207138,0.34291377663612366,0.33710339665412903
YPL257W-A,YMR311C,0,1.0193436,0.09313593804836273,0.34291377663612366,0.3372034728527069
YFL035C,YMR188C,0,1.0193306,0.09311087429523468,0.34291377663612366,0.3373035788536072
YBL026W,YDR050C,0,1.019261,0.09308582544326782,0.34291377663612366,0.33740365505218506
YJL166W,YEL012W,0,1.0192499,0.09306078404188156,0.34291377663612366,0.3375037610530853
YJL094C,YJR040W,0,1.0192362,0.09303576499223709,0.34291377663612366,0.3376038372516632
YOR080W,YNL062C,0,1.019236,0.09301075339317322,0.34291377663612366,0.3377039432525635
YBR009C,YOR304W,1,1.0191997,0.09325449913740158,0.34390485286712646,0.3377039432525635
YBR223C,YPR031W,0,1.0191965,0.09322944283485413,0.34390485286712646,0.33780401945114136
YGR205W,YHR129C,0,1.0191797,0.09320440143346786,0.34390485286712646,0.3379041254520416
YNL217W,YOL051W,0,1.0191761,0.0931793749332428,0.34390485286712646,0.3380042016506195
YDR398W,YOR215C,0,1.0191501,0.09315436333417892,0.34390485286712646,0.3381043076515198
YJL178C,YBR028C,0,1.0191098,0.09312935918569565,0.34390485286712646,0.33820438385009766
YPR182W,YGL089C,0,1.0191088,0.09310436993837357,0.34390485286712646,0.33830446004867554
YLL006W,YOL149W,0,1.0190347,0.09307939559221268,0.34390485286712646,0.3384045660495758
YBL092W,YKL014C,0,1.0190157,0.09305443614721298,0.34390485286712646,0.3385046422481537
YMR272C,YPR047W,0,1.0189627,0.09302949160337448,0.34390485286712646,0.33860474824905396
YOL061W,YCL057W,0,1.018956,0.09300455451011658,0.34390485286712646,0.33870482444763184
YLR213C,YLR427W,0,1.0189246,0.09297963231801987,0.34390485286712646,0.3388049304485321
YPL189C-A,YBR168W,0,1.0188063,0.09295472502708435,0.34390485286712646,0.33890500664711
YOR221C,YPL119C,0,1.0187486,0.09292983263731003,0.34390485286712646,0.33900511264801025
YCR093W,YNL284C,0,1.0187094,0.0929049551486969,0.34390485286712646,0.33910518884658813
YDR434W,YIL115C,0,1.0187088,0.09288008511066437,0.34390485286712646,0.3392052948474884
YDR122W,YNL335W,0,1.0187048,0.09285522997379303,0.34390485286712646,0.3393053710460663
YDR145W,YHR119W,1,1.0186849,0.09309791028499603,0.3448959290981293,0.3393053710460663
YAL028W,YNL230C,0,1.0185841,0.09307301789522171,0.3448959290981293,0.33940547704696655
YGL090W,YDR238C,0,1.0185508,0.09304812550544739,0.3448959290981293,0.33950555324554443
YCR052W,YMR188C,0,1.0184938,0.09302325546741486,0.3448959290981293,0.3396056592464447
YDR261C,YBR125C,0,1.0184867,0.09299839287996292,0.3448959290981293,0.3397057354450226
YLR356W,YNL284C-B,0,1.0184821,0.09297355264425278,0.3448959290981293,0.33980581164360046
YDR334W,YGL163C,1,1.0184538,0.09321580827236176,0.3458870053291321,0.33980581164360046
YBR031W,YOR075W,0,1.0183403,0.09319092333316803,0.3458870053291321,0.33990591764450073
YAR042W,YHR002W,0,1.0183353,0.0931660458445549,0.3458870053291321,0.3400059938430786
YKL049C,YML069W,1,1.0183243,0.09340806305408478,0.3468781113624573,0.3400059938430786
YMR316W,YLR191W,0,1.0182996,0.09338314086198807,0.3468781113624573,0.3401060998439789
YCR020W-B,YER161C,1,1.0182915,0.09362496435642242,0.3478691875934601,0.3401060998439789
YIL126W,YOR279C,1,1.0182897,0.09386666864156723,0.3488602638244629,0.3401060998439789
YNL084C,YPL209C,0,1.0182772,0.09384164214134216,0.3488602638244629,0.34020617604255676
YLR206W,YGL045W,0,1.0182488,0.09381663054227829,0.3488602638244629,0.34030628204345703
YGL051W,YLR268W,0,1.0182443,0.09379163384437561,0.3488602638244629,0.3404063582420349
YGL049C,YOR259C,0,1.0182203,0.09376665204763412,0.3488602638244629,0.3405064642429352
YER063W,YDR363W-A,0,1.0181334,0.09374167770147324,0.3488602638244629,0.34060654044151306
YOL098C,YGR032W,0,1.018126,0.09371671825647354,0.3488602638244629,0.34070664644241333
YEL005C,YPL180W,0,1.0180718,0.09369177371263504,0.3488602638244629,0.3408067226409912
YIL017W,YML081W,0,1.0180234,0.09366684406995773,0.3488602638244629,0.3409068286418915
YGR120C,YNL322C,0,1.0180216,0.09364192932844162,0.3488602638244629,0.34100690484046936
YKL063C,YHR119W,0,1.0178834,0.0936170220375061,0.3488602638244629,0.34110701084136963
YOR119C,YBR187W,0,1.0178689,0.09359212964773178,0.3488602638244629,0.3412070870399475
YKR103W,YKR028W,0,1.0178441,0.09356725215911865,0.3488602638244629,0.3413071632385254
YGL210W,YLR396C,0,1.0178416,0.09354238957166672,0.3488602638244629,0.34140726923942566
YER050C,YMR298W,0,1.0177982,0.09351753443479538,0.3488602638244629,0.34150734543800354
YJL156C,YHR067W,0,1.0177914,0.09349269419908524,0.3488602638244629,0.3416074514389038
YOL151W,YKR030W,0,1.0177873,0.09346786886453629,0.3488602638244629,0.3417075276374817
YEL059C-A,YPL146C,0,1.017761,0.09344305843114853,0.3488602638244629,0.34180763363838196
YOR230W,YKL190W,0,1.017709,0.09341825544834137,0.3488602638244629,0.34190770983695984
YGR056W,YOR192C-B,0,1.017682,0.093393474817276,0.3488602638244629,0.3420078158378601
YMR089C,YOR151C,0,1.0176609,0.09336870163679123,0.3488602638244629,0.342107892036438
YOR195W,YGR077C,0,1.0176017,0.09334394335746765,0.3488602638244629,0.34220799803733826
YGL227W,YDR189W,0,1.0175728,0.09331919252872467,0.3488602638244629,0.34230807423591614
YCR080W,YMR080C,0,1.0175337,0.09329446405172348,0.3488602638244629,0.3424081802368164
YKR068C,YJL033W,0,1.0175328,0.09326974302530289,0.3488602638244629,0.3425082564353943
YGL016W,YER014C-A,0,1.017495,0.09324502944946289,0.3488602638244629,0.34260833263397217
YJL019W,YPL258C,0,1.017416,0.09322033822536469,0.3488602638244629,0.34270843863487244
YER131W,YER007C-A,0,1.017361,0.09319565445184708,0.3488602638244629,0.3428085148334503
YOR038C,YMR227C,1,1.0173546,0.09343568235635757,0.3498513400554657,0.3428085148334503
YKL001C,YJL156C,0,1.0173215,0.09341095387935638,0.3498513400554657,0.3429086208343506
YDR210W-B,YDR059C,0,1.0173126,0.09338624030351639,0.3498513400554657,0.34300869703292847
YKL134C,YCR106W,0,1.0172749,0.09336154162883759,0.3498513400554657,0.34310880303382874
YHL044W,YDR411C,0,1.0172615,0.09333685785531998,0.3498513400554657,0.3432088792324066
YLR016C,YKL048C,0,1.0172051,0.09331218898296356,0.3498513400554657,0.3433089852333069
YKL032C,YDR341C,0,1.0171964,0.09328752756118774,0.3498513400554657,0.34340906143188477
YGL226W,YPL089C,0,1.0171572,0.09326288104057312,0.3498513400554657,0.34350916743278503
YLR042C,YDL130W-A,0,1.0171477,0.09323824942111969,0.3498513400554657,0.3436092436313629
YIL132C,YCR097WB,0,1.0170596,0.09321362525224686,0.3498513400554657,0.3437093496322632
YJL103C,YKR030W,0,1.0170367,0.09318901598453522,0.3498513400554657,0.34380942583084106
YGR161C-D,YER114C,0,1.0170151,0.09316442161798477,0.3498513400554657,0.34390953183174133
YGL112C,YKL112W,1,1.0170068,0.09340369701385498,0.3508424162864685,0.34390953183174133
YLL024C,YLR359W,0,1.0169928,0.09337905794382095,0.3508424162864685,0.3440096080303192
YDR279W,YBL037W,0,1.0169888,0.09335443377494812,0.3508424162864685,0.3441096842288971
YDL074C,YMR006C,0,1.0169863,0.09332981705665588,0.3508424162864685,0.34420979022979736
YDR022C,YDR524C,0,1.0169429,0.09330521523952484,0.3508424162864685,0.34430986642837524
YER081W,YGL006W,0,1.0168798,0.09328063577413559,0.3508424162864685,0.3444099724292755
YOL011W,YML092C,0,1.0168575,0.09325605630874634,0.3508424162864685,0.3445100486278534
YER155C,YKL002W,0,1.0168353,0.09323149919509888,0.3508424162864685,0.34461015462875366
YKL060C,YLR264W,0,1.0168005,0.09320694953203201,0.3508424162864685,0.34471023082733154
YIL138C,YLR391W,0,1.016781,0.09318241477012634,0.3508424162864685,0.3448103368282318
YLL014W,YLR329W,0,1.0167753,0.09315789490938187,0.3508424162864685,0.3449104130268097
YNR070W,YCR094W,0,1.0167278,0.09313338249921799,0.3508424162864685,0.34501051902770996
YNL166C,YLR249W,0,1.0166985,0.0931088924407959,0.3508424162864685,0.34511059522628784
YLR312C-B,YAL038W,0,1.0166411,0.0930844098329544,0.3508424162864685,0.3452107012271881
YKL020C,YMR055C,0,1.0166336,0.09305993467569351,0.3508424162864685,0.345310777425766
YBR016W,YLR256W-A,0,1.016615,0.09303548187017441,0.3508424162864685,0.34541088342666626
YER007W,YPL115C,0,1.0165756,0.0930110365152359,0.3508424162864685,0.34551095962524414
YEL052W,YCL054W,0,1.0165648,0.09298660606145859,0.3508424162864685,0.345611035823822
YPR175W,YER030W,1,1.01656,0.09322478622198105,0.3518334925174713,0.345611035823822
YJL081C,YML065W,1,1.0165585,0.09346285462379456,0.3528245687484741,0.345611035823822
YAL033W,YDR210C-D,0,1.0164818,0.09343831986188889,0.3528245687484741,0.3457111418247223
YDL082W,YFL018W-A,0,1.0164291,0.09341380000114441,0.3528245687484741,0.34581121802330017
YLR330W,YHR193C,0,1.0163883,0.09338929504156113,0.3528245687484741,0.34591132402420044
YBR251W,YBR100W,0,1.0163678,0.09336480498313904,0.3528245687484741,0.3460114002227783
YOL028C,YDR435C,0,1.01635,0.09334032237529755,0.3528245687484741,0.3461115062236786
YGR020C,YOR061W,0,1.0163429,0.09331586211919785,0.3528245687484741,0.34621158242225647
YJR102C,YAR009C,0,1.0163273,0.09329140186309814,0.3528245687484741,0.34631168842315674
YPR102C,YNL044W,0,1.016302,0.09326696395874023,0.3528245687484741,0.3464117646217346
YGL231C,YLR361C,0,1.0162381,0.09324253350496292,0.3528245687484741,0.3465118706226349
YBR162W-A,YOR261C,0,1.0162168,0.0932181179523468,0.3528245687484741,0.34661194682121277
YDL215C,YPR011C,0,1.0162098,0.09319371730089188,0.3528245687484741,0.34671205282211304
YFL038C,YMR229C,0,1.0161897,0.09316932410001755,0.3528245687484741,0.3468121290206909
YOR142W-A,YNL063W,0,1.0161536,0.09314495325088501,0.3528245687484741,0.3469122350215912
YCR045C,YOR283W,0,1.0161397,0.09312058240175247,0.3528245687484741,0.34701231122016907
YBL005W-B,YER102W,0,1.0161035,0.09309623390436172,0.3528245687484741,0.34711238741874695
YGL194C,YHR119W,1,1.0160948,0.09333333373069763,0.35381564497947693,0.34711238741874695
YMR190C,YOR244W,1,1.0160701,0.09357030689716339,0.3548067510128021,0.34711238741874695
YPR071W,YLR304C,0,1.0160416,0.09354586154222488,0.3548067510128021,0.3472124934196472
YHR214W,YFR029W,0,1.0159987,0.09352142363786697,0.3548067510128021,0.3473125696182251
YDR512C,YPL180W,0,1.0159943,0.09349699318408966,0.3548067510128021,0.34741267561912537
YLR385C,YDR224C,1,1.0159658,0.09373368322849274,0.35579782724380493,0.34741267561912537
YBR038W,YDL077C,0,1.0159334,0.09370921552181244,0.35579782724380493,0.34751275181770325
YKL168C,YGL169W,0,1.015884,0.09368476271629333,0.35579782724380493,0.3476128578186035
YOR142W-A,YOR044W,0,1.0158663,0.09366031736135483,0.35579782724380493,0.3477129340171814
YNL166C,YGL050W,0,1.0158637,0.09363588690757751,0.35579782724380493,0.34781304001808167
YCR107W,YGL185C,0,1.01583,0.0936114713549614,0.35579782724380493,0.34791311621665955
YGR001C,YJR068W,0,1.0158284,0.09358707070350647,0.35579782724380493,0.3480132222175598
YLL011W,YDR441C,0,1.015828,0.09356267750263214,0.35579782724380493,0.3481132984161377
YPL075W,YEL050C,0,1.0157862,0.093538299202919,0.35579782724380493,0.34821340441703796
YHL034C,YOR103C,0,1.0157337,0.09351393580436707,0.35579782724380493,0.34831348061561584
YMR034C,YNL119W,0,1.0157272,0.09348957985639572,0.35579782724380493,0.3484135866165161
YKR019C,YNL210W,0,1.0157185,0.09346524626016617,0.35579782724380493,0.348513662815094
YLR264W,YBR009C,0,1.0156851,0.09344091266393661,0.35579782724380493,0.3486137390136719
YNL292W,YBR089C-A,0,1.0156463,0.09341660141944885,0.35579782724380493,0.34871384501457214
YJL213W,YHR060W,0,1.0156313,0.09339229762554169,0.35579782724380493,0.34881392121315
YER017C,YFL018W-A,0,1.0156311,0.09336800873279572,0.35579782724380493,0.3489140272140503
YBL041W,YJR073C,0,1.0156006,0.09334373474121094,0.35579782724380493,0.3490141034126282
YJR057W,YMR153W,0,1.0155659,0.09331946820020676,0.35579782724380493,0.34911420941352844
YFR024C,YPL065W,0,1.0155213,0.09329521656036377,0.35579782724380493,0.3492142856121063
YMR268W-A,YNL025C,0,1.0155051,0.09327097982168198,0.35579782724380493,0.3493143916130066
YHR204W,YLR344W,0,1.0154488,0.09324675053358078,0.35579782724380493,0.3494144678115845
YMR032W,YNL020C,0,1.015431,0.09322253614664078,0.35579782724380493,0.34951457381248474
YDR288W,YMR213W,0,1.0154188,0.09319833666086197,0.35579782724380493,0.3496146500110626
YFL035C,YDR332W,0,1.0153794,0.09317415207624435,0.35579782724380493,0.3497147560119629
YBL055C,YGR118W,0,1.0153682,0.09314997494220734,0.35579782724380493,0.34981483221054077
YML061C,YNL076W,0,1.015331,0.09312581270933151,0.35579782724380493,0.34991493821144104
YDL091C,YGR220C,0,1.0153166,0.09310165792703629,0.35579782724380493,0.3500150144100189
YNL306W,YOR217W,0,1.0152907,0.09307751804590225,0.35579782724380493,0.3501150906085968
YLR052W,YFL049W,1,1.0152701,0.09331259876489639,0.35678890347480774,0.3501150906085968
YPR198W,YMR201C,0,1.0152607,0.09328841418027878,0.35678890347480774,0.35021519660949707
YLR389C,YOR181W,0,1.0152397,0.09326425194740295,0.35678890347480774,0.35031527280807495
YNL259C,YLR256W-A,0,1.01522,0.09324008971452713,0.35678890347480774,0.3504153788089752
YFL013C,YDR167W,1,1.0152096,0.09347487986087799,0.35777997970581055,0.3504153788089752
YBL056W,YKL059C,0,1.0151721,0.09345068782567978,0.35777997970581055,0.3505154550075531
YPR166C,YNL162W,0,1.0151387,0.09342650324106216,0.35777997970581055,0.35061556100845337
YBL002W,YDR439W,1,1.0151268,0.09366106241941452,0.35877105593681335,0.35061556100845337
YBR150C,YOR158W,0,1.0151249,0.09363683313131332,0.35877105593681335,0.35071563720703125
YGL171W,YOL157C,0,1.0150981,0.09361261874437332,0.35877105593681335,0.3508157432079315
YGR275W,YER030W,1,1.015096,0.09384694695472717,0.35976213216781616,0.3508157432079315
YEL054C,YGR200C,0,1.0150592,0.09382269531488419,0.35976213216781616,0.3509158194065094
YPR049C,YNL213C,0,1.0150585,0.0937984511256218,0.35976213216781616,0.35101592540740967
YDR536W,YDL076C,0,1.015025,0.0937742218375206,0.35976213216781616,0.35111600160598755
YNR023W,YGL207W,1,1.0150082,0.09400826692581177,0.36075320839881897,0.35111600160598755
YPL122C,YNL032W,0,1.0149989,0.09398399293422699,0.36075320839881897,0.3512161076068878
YBL090W,YML037C,0,1.0149978,0.0939597338438034,0.36075320839881897,0.3513161838054657
YLR219W,YBL076C,0,1.0149943,0.09393548220396042,0.36075320839881897,0.3514162600040436
YDR260C,YDR494W,0,1.0149496,0.09391124546527863,0.36075320839881897,0.35151636600494385
YDR210C-D,YER013W,0,1.014943,0.09388702362775803,0.36075320839881897,0.35161644220352173
YPR096C,YPR100W,0,1.0149426,0.09386281669139862,0.36075320839881897,0.351716548204422
YPL137C,YIR005W,0,1.0149219,0.09383861720561981,0.36075320839881897,0.3518166244029999
YKL049C,YHR118C,1,1.0149024,0.09407216310501099,0.36174431443214417,0.3518166244029999
YOR049C,YBR041W,0,1.0148543,0.0940479263663292,0.36174431443214417,0.35191673040390015
YNL330C,YDR145W,1,1.0148518,0.09428130090236664,0.362735390663147,0.35191673040390015
YLR391W-A,YDR098C,0,1.014851,0.09425701946020126,0.362735390663147,0.352016806602478
YOR142W-A,YJL133W,0,1.0148507,0.09423275291919708,0.362735390663147,0.3521169126033783
YOR037W,YBR213W,0,1.0148349,0.0942084938287735,0.362735390663147,0.3522169888019562
YDR463W,YLR131C,0,1.0148258,0.09418424963951111,0.362735390663147,0.35231709480285645
YNL330C,YGR063C,1,1.0148145,0.09441728889942169,0.3637264668941498,0.35231709480285645
YAL002W,YOR299W,0,1.0148119,0.09439300745725632,0.3637264668941498,0.3524171710014343
YMR091C,YDR110W,1,1.0148098,0.09462586790323257,0.3647175431251526,0.3524171710014343
YFR037C,YKR010C,1,1.0147614,0.09485860913991928,0.3657086193561554,0.3524171710014343
YLR410W-A,YER175C,0,1.0147585,0.09483423084020615,0.3657086193561554,0.3525172770023346
YLL038C,YOR348C,0,1.0147573,0.0948098674416542,0.3657086193561554,0.3526173532009125
YHR214C-C,YDR429C,0,1.0147173,0.09478551149368286,0.3657086193561554,0.35271745920181274
YLL014W,YHR140W,0,1.0147074,0.09476117044687271,0.3657086193561554,0.3528175354003906
YDR464W,YPL112C,0,1.0146391,0.09473684430122375,0.3657086193561554,0.3529176115989685
YLR285W,YDR167W,1,1.0146222,0.09496919810771942,0.3666996955871582,0.3529176115989685
YOR299W,YGR255C,0,1.0145808,0.09494482725858688,0.3666996955871582,0.3530177175998688
YPL224C,YER087C-B,0,1.0145661,0.09492047131061554,0.3666996955871582,0.35311779379844666
YKL154W,YDR117C,0,1.0145191,0.09489613026380539,0.3666996955871582,0.3532178997993469
YER164W,YAL011W,1,1.0144839,0.09512820839881897,0.367690771818161,0.3532178997993469
YML057W,YBR156C,0,1.0144688,0.09510382264852524,0.367690771818161,0.3533179759979248
YDR138W,YGL151W,0,1.014445,0.0950794443488121,0.367690771818161,0.3534180819988251
YBL028C,YOL071W,0,1.0144374,0.09505508840084076,0.367690771818161,0.35351815819740295
YHR161C,YPR149W,0,1.0144219,0.09503073990345001,0.367690771818161,0.3536182641983032
YIL155C,YGR161W-B,0,1.0143892,0.09500639885663986,0.367690771818161,0.3537183403968811
YDR131C,YPR137C-B,0,1.014348,0.0949820801615715,0.367690771818161,0.35381844639778137
YER087W,YDL235C,0,1.0143477,0.09495776891708374,0.367690771818161,0.35391852259635925
YJL013C,YNL048W,0,1.0143304,0.09493347257375717,0.367690771818161,0.3540186285972595
YJR102C,YPR120C,0,1.0142254,0.0949091836810112,0.367690771818161,0.3541187047958374
YLL011W,YPL271W,0,1.014218,0.09488490968942642,0.367690771818161,0.35421881079673767
YCR080W,YGL112C,0,1.0142149,0.09486065059900284,0.367690771818161,0.35431888699531555
YJL081C,YOL017W,1,1.0142068,0.09509202092885971,0.3686818778514862,0.35431888699531555
YPR188C,YGL167C,0,1.0141957,0.09506772458553314,0.3686818778514862,0.35441896319389343
YDL175C,YCL061C,0,1.0141402,0.09504343569278717,0.3686818778514862,0.3545190691947937
YOR290C,YIL079C,0,1.0141126,0.0950191542506218,0.3686818778514862,0.3546191453933716
YNR024W,YFL035C-A,0,1.0140901,0.09499489516019821,0.3686818778514862,0.35471925139427185
YPL113C,YNL061W,0,1.0139934,0.09497064352035522,0.3686818778514862,0.35481932759284973
YPR042C,YEL032W,0,1.013974,0.09494639933109283,0.3686818778514862,0.35491943359375
YNL219C,YMR130W,0,1.0139656,0.09492217749357224,0.3686818778514862,0.3550195097923279
YKL094W,YMR045C,0,1.0139623,0.09489795565605164,0.3686818778514862,0.35511961579322815
YOR304W,YBR089C-A,1,1.0139546,0.09512879699468613,0.369672954082489,0.35511961579322815
YLR190W,YJR123W,0,1.013938,0.09510453790426254,0.369672954082489,0.35521969199180603
YHL035C,YJL144W,0,1.0139158,0.09508029371500015,0.369672954082489,0.3553197979927063
YPL202C,YDR529C,0,1.0138675,0.09505606442689896,0.369672954082489,0.3554198741912842
YGR224W,YER175C,0,1.0138578,0.09503185003995895,0.369672954082489,0.35551998019218445
YFR013W,YBR041W,0,1.0138098,0.09500764310359955,0.369672954082489,0.35562005639076233
YDL211C,YDR438W,0,1.0138065,0.09498345106840134,0.369672954082489,0.3557201623916626
YJL052W,YAL016W,0,1.0138044,0.09495926648378372,0.369672954082489,0.3558202385902405
YOR382W,YDR236C,0,1.0138043,0.0949350968003273,0.369672954082489,0.35592031478881836
YPL082C,YJR032W,0,1.0137713,0.09491094201803207,0.369672954082489,0.35602042078971863
YIL021W,YLR050C,0,1.0136989,0.09488679468631744,0.369672954082489,0.3561204969882965
YDR167W,YMR226C,0,1.0136541,0.09486266225576401,0.369672954082489,0.3562206029891968
YDR150W,YGR285C,0,1.0135721,0.09483854472637177,0.369672954082489,0.35632067918777466
YKL110C,YJL156C,0,1.0135578,0.09481443464756012,0.369672954082489,0.3564207851886749
YKL094W,YDR026C,0,1.013554,0.09479033946990967,0.369672954082489,0.3565208613872528
YMR264W,YGL163C,0,1.0135506,0.09476625919342041,0.369672954082489,0.3566209673881531
YNL032W,YLR361C,0,1.0135278,0.09474218636751175,0.369672954082489,0.35672104358673096
YOR016C,YOL051W,0,1.0135267,0.09471812844276428,0.369672954082489,0.3568211495876312
YGR143W,YDR210C-C,0,1.0134659,0.09469408541917801,0.369672954082489,0.3569212257862091
YDR403W,YOR194C,0,1.0134623,0.09467004984617233,0.369672954082489,0.3570213317871094
YPR042C,YLL057C,0,1.0134591,0.09464602917432785,0.369672954082489,0.35712140798568726
YGR034W,YOL139C,0,1.0134134,0.09462201595306396,0.369672954082489,0.3572215139865875
YPL223C,YLL017W,0,1.013412,0.09459802508354187,0.369672954082489,0.3573215901851654
YER060W-A,YDR470C,0,1.0134088,0.09457403421401978,0.369672954082489,0.3574216663837433
YER012W,YHR020W,0,1.0134087,0.09455006569623947,0.369672954082489,0.35752177238464355
YLL029W,YPR072W,0,1.0133839,0.09452610462903976,0.369672954082489,0.35762184858322144
YLR268W,YMR171C,0,1.0133392,0.09450215101242065,0.369672954082489,0.3577219545841217
YJL172W,YKL134C,0,1.0133234,0.09447821974754333,0.369672954082489,0.3578220307826996
YDR177W,YKL090W,0,1.0132961,0.09445429593324661,0.369672954082489,0.35792213678359985
YCL005W-A,YOR298W,0,1.0132567,0.09443037956953049,0.369672954082489,0.35802221298217773
YDL054C,YDR134C,0,1.0132288,0.09440647810697556,0.369672954082489,0.358122318983078
YPL015C,YKL160W,1,1.0131834,0.09463562816381454,0.3706640303134918,0.358122318983078
YPR048W,YKL032C,0,1.0131806,0.09461168944835663,0.3706640303134918,0.3582223951816559
YPL145C,YNL121C,0,1.0131776,0.09458775818347931,0.3706640303134918,0.35832250118255615
YGR072W,YGL019W,0,1.0131664,0.09456384181976318,0.3706640303134918,0.35842257738113403
YCL060C,YLR272C,1,1.0131199,0.09479271620512009,0.37165510654449463,0.35842257738113403
YDR379W,YJL200C,0,1.0130931,0.09476876258850098,0.37165510654449463,0.3585226833820343
YOR291W,YPR187W,0,1.0130615,0.09474482387304306,0.37165510654449463,0.3586227595806122
YIL068C,YBR085W,0,1.0130422,0.09472089260816574,0.37165510654449463,0.35872283577919006
YDR105C,YER108C,0,1.0130186,0.09469696879386902,0.37165510654449463,0.35882294178009033
YHL047C,YMR019W,0,1.0130094,0.09467305988073349,0.37165510654449463,0.3589230179786682
YBL080C,YDR178W,0,1.0129923,0.09464916586875916,0.37165510654449463,0.3590231239795685
YPL001W,YDR268W,0,1.0129418,0.09462528675794601,0.37165510654449463,0.35912320017814636
YMR272C,YDR189W,0,1.0129211,0.09460141509771347,0.37165510654449463,0.35922330617904663
YGL198W,YOL032W,0,1.0128902,0.09457755088806152,0.37165510654449463,0.3593233823776245
YOR045W,YDR280W,0,1.0128554,0.09455370903015137,0.37165510654449463,0.3594234883785248
YEL069C,YOL057W,0,1.0128255,0.09452987462282181,0.37165510654449463,0.35952356457710266
YKL140W,YGL174W,0,1.0127974,0.09450604766607285,0.37165510654449463,0.35962367057800293
YGL111W,YDR287W,0,1.0126964,0.09448223561048508,0.37165510654449463,0.3597237467765808
YLR337W,YJL208C,0,1.0126843,0.0944584384560585,0.37165510654449463,0.3598238527774811
YBR016W,YEL058W,0,1.01267,0.09443464875221252,0.37165510654449463,0.35992392897605896
YDR261W-B,YDR021W,0,1.0125839,0.09441087394952774,0.37165510654449463,0.36002403497695923
YDL202W,YKL130C,0,1.0125822,0.09438711404800415,0.37165510654449463,0.3601241111755371
YGR086C,YNR008W,0,1.0125736,0.09436336159706116,0.37165510654449463,0.360224187374115
YKL093W,YMR086W,0,1.0125629,0.09433962404727936,0.37165510654449463,0.36032429337501526
YGR116W,YML041C,1,1.0125184,0.09456740319728851,0.37264618277549744,0.36032429337501526
YHR167W,YJR035W,0,1.0124931,0.09454362839460373,0.37264618277549744,0.36042436957359314
YPR180W,YAR031W,0,1.0124928,0.09451986104249954,0.37264618277549744,0.3605244755744934
YGL051W,YPR071W,0,1.0124832,0.09449610114097595,0.37264618277549744,0.3606245517730713
YPL015C,YHL025W,1,1.0124465,0.09472361952066422,0.37363725900650024,0.3606245517730713
YNL239W,YEL017C-A,0,1.0124437,0.09469982236623764,0.37363725900650024,0.36072465777397156
YER040W,YOR343W-B,0,1.01243,0.09467604011297226,0.37363725900650024,0.36082473397254944
YHR201C,YKR054C,0,1.01239,0.09465227276086807,0.37363725900650024,0.3609248399734497
YOR291W,YBL051C,0,1.01239,0.09462851285934448,0.37363725900650024,0.3610249161720276
YOR382W,YDR316W-A,0,1.012389,0.09460476785898209,0.37363725900650024,0.36112502217292786
YLR106C,YOR343W-A,0,1.0123786,0.09458103030920029,0.37363725900650024,0.36122509837150574
YCR020C,YKR068C,0,1.0123783,0.09455730766057968,0.37363725900650024,0.361325204372406
YNL129W,YHR079C-B,0,1.0122863,0.09453359991312027,0.37363725900650024,0.3614252805709839
YBR089C-A,YNL284C-B,0,1.0122658,0.09450989961624146,0.37363725900650024,0.36152538657188416
YMR168C,YOR086C,0,1.0121814,0.09448621422052383,0.37363725900650024,0.36162546277046204
YPL061W,YNL051W,0,1.0121185,0.09446254372596741,0.37363725900650024,0.3617255389690399
YOL009C,YHR120W,0,1.0120808,0.09443888068199158,0.37363725900650024,0.3618256449699402
YJR026W,YOR151C,0,1.0120665,0.09441522508859634,0.37363725900650024,0.36192572116851807
YER087W,YOL145C,0,1.0119576,0.0943915843963623,0.37363725900650024,0.36202582716941833
YKL119C,YLR139C,0,1.011943,0.09436795860528946,0.37363725900650024,0.3621259033679962
YJR082C,YNL153C,0,1.011938,0.09434434771537781,0.37363725900650024,0.3622260093688965
YBR090C-A,YJL127C,1,1.0119207,0.09457092732191086,0.37462833523750305,0.3622260093688965
YLR238W,YIR002C,0,1.0119058,0.09454727172851562,0.37462833523750305,0.36232608556747437
YBL085W,YLR127C,0,1.0119,0.09452363103628159,0.37462833523750305,0.36242619156837463
YDR427W,YNL216W,0,1.0118943,0.09449999779462814,0.37462833523750305,0.3625262677669525
YDR121W,YJR084W,0,1.0117869,0.0944763794541359,0.37462833523750305,0.3626263737678528
YJR127C,YNR019W,0,1.0117491,0.09445277601480484,0.37462833523750305,0.36272644996643066
YOL052C,YPL090C,0,1.0117338,0.09442918002605438,0.37462833523750305,0.36282655596733093
YJR083C,YAL053W,0,1.0117149,0.09440559148788452,0.37462833523750305,0.3629266321659088
YBR060C,YML041C,1,1.0117036,0.09463170915842056,0.37561941146850586,0.3629266321659088
YMR122W-A,YLR223C,0,1.0116928,0.09460809081792831,0.37561941146850586,0.3630267381668091
YER125W,YLL067C,0,1.0116504,0.09458447992801666,0.37561941146850586,0.36312681436538696
YBR141C,YNL325C,0,1.0116034,0.09456087648868561,0.37561941146850586,0.36322689056396484
YIL022W,YLL008W,0,1.0115983,0.09453728795051575,0.37561941146850586,0.3633269965648651
YDR224C,YDR145W,1,1.0115898,0.09476309269666672,0.37661051750183105,0.3633269965648651
YDR246W,YOR334W,0,1.0115895,0.09473946690559387,0.37661051750183105,0.363427072763443
YFL035C-B,YBL056W,0,1.0115894,0.09471585601568222,0.37661051750183105,0.36352717876434326
YFL038C,YOR324C,0,1.0115691,0.09469225257635117,0.37661051750183105,0.36362725496292114
YLR321C,YPL235W,1,1.0115204,0.09491778910160065,0.37760159373283386,0.36362725496292114
YOL104C,YNL158W,0,1.0115018,0.09489414840936661,0.37760159373283386,0.3637273609638214
YGL207W,YGR056W,1,1.0114907,0.09511952102184296,0.37859266996383667,0.3637273609638214
YNL078W,YBR029C,0,1.0114851,0.09509584307670593,0.37859266996383667,0.3638274371623993
YDL006W,YOR251C,0,1.0114057,0.0950721725821495,0.37859266996383667,0.36392754316329956
YBR281C,YKL094W,0,1.0113884,0.09504851698875427,0.37859266996383667,0.36402761936187744
YNL038W,YGR106C,0,1.011375,0.09502487629652023,0.37859266996383667,0.3641277253627777
YPR043W,YJR004C,0,1.0113572,0.09500124305486679,0.37859266996383667,0.3642278015613556
YLR220W,YPR035W,0,1.0113317,0.09497762471437454,0.37859266996383667,0.36432790756225586
YKL124W,YDR316W-A,0,1.0113224,0.09495401382446289,0.37859266996383667,0.36442798376083374
YLR309C,YOR343W-A,0,1.011303,0.09493041783571243,0.37859266996383667,0.364528089761734
YDL029W,YCR037C,0,1.0112445,0.09490682929754257,0.37859266996383667,0.3646281659603119
YPR032W,YPR110C,0,1.011204,0.0948832556605339,0.37859266996383667,0.36472824215888977
YDR040C,YPL065W,0,1.011201,0.09485969692468643,0.37859266996383667,0.36482834815979004
YBR060C,YNL030W,1,1.0111803,0.09508440643548965,0.3795837461948395,0.36482834815979004
YAR015W,YPL207W,0,1.0111686,0.0950608104467392,0.3795837461948395,0.3649284243583679
YPL157W,YBR090C-A,0,1.0111458,0.09503722190856934,0.3795837461948395,0.3650285303592682
YGR080W,YEL021W,0,1.0111347,0.09501364082098007,0.3795837461948395,0.36512860655784607
YLL029W,YIL115C,0,1.0110637,0.0949900820851326,0.3795837461948395,0.36522871255874634
YKL138C-A,YNL167C,0,1.0110476,0.09496652334928513,0.3795837461948395,0.3653287887573242
YER082C,YHR186C,0,1.0110407,0.09494298696517944,0.3795837461948395,0.3654288947582245
YDR139C,YIL101C,0,1.0110363,0.09491945803165436,0.3795837461948395,0.36552897095680237
YMR051C,YLR244C,0,1.0110359,0.09489593654870987,0.3795837461948395,0.36562907695770264
YNL117W,YMR130W,0,1.0110295,0.09487242996692657,0.3795837461948395,0.3657291531562805
YOR267C,YGR057C,0,1.0109234,0.09484893828630447,0.3795837461948395,0.3658292591571808
YGR281W,YDR268W,0,1.010913,0.09482545405626297,0.3795837461948395,0.36592933535575867
YOL084W,YGR027W-B,0,1.0108944,0.09480197727680206,0.3795837461948395,0.36602944135665894
YNL273W,YIR015W,0,1.0108827,0.09477852284908295,0.3795837461948395,0.3661295175552368
YPR086W,YJL173C,0,1.0108454,0.09475506842136383,0.3795837461948395,0.3662295937538147
YKL195W,YOR172W,0,1.01079,0.0947316363453865,0.3795837461948395,0.36632969975471497
YNL146W,YMR009W,0,1.010783,0.09470821171998978,0.3795837461948395,0.36642977595329285
YLR085C,YJL127C,1,1.0107826,0.09493201225996017,0.3805748224258423,0.36642977595329285
YNR052C,YER017C,0,1.0107787,0.09490855038166046,0.3805748224258423,0.3665298819541931
YHR205W,YDR332W,0,1.0107616,0.09488510340452194,0.3805748224258423,0.366629958152771
YIL118W,YKL059C,0,1.0107185,0.09486165642738342,0.3805748224258423,0.36673006415367126
YCR018C,YHR132C,0,1.0107183,0.0948382318019867,0.3805748224258423,0.36683014035224915
YGL119W,YBR041W,0,1.0106809,0.09481481462717056,0.3805748224258423,0.3669302463531494
YDR412W,YER147C,0,1.0106674,0.09479141235351562,0.3805748224258423,0.3670303225517273
YCL061C,YLL022C,1,1.0106568,0.09501481056213379,0.3815658986568451,0.3670303225517273
YBR173C,YER091C,0,1.0106288,0.09499136358499527,0.3815658986568451,0.36713042855262756
YDR253C,YBR097W,0,1.0105952,0.09496793150901794,0.3815658986568451,0.36723050475120544
YLL027W,YAR044W,0,1.0105803,0.09494451433420181,0.3815658986568451,0.3673306107521057
YBR223C,YCR047C,0,1.0105686,0.09492110460996628,0.3815658986568451,0.3674306869506836
YGL139W,YDL134C-A,0,1.0105615,0.09489770978689194,0.3815658986568451,0.3675307631492615
YOR038C,YPL101W,0,1.01052,0.0948743224143982,0.3815658986568451,0.36763086915016174
YGL194C,YPL262W,0,1.010497,0.09485094994306564,0.3815658986568451,0.3677309453487396
YFR049W,YLR439W,0,1.0104363,0.09482758492231369,0.3815658986568451,0.3678310513496399
YOR129C,YGL014W,0,1.0104315,0.09480423480272293,0.3815658986568451,0.3679311275482178
YJR082C,YOR217W,0,1.0103369,0.09478089958429337,0.3815658986568451,0.36803123354911804
YKL160W,YDL002C,1,1.0103353,0.09500369429588318,0.3825569748878479,0.36803123354911804
YBR278W,YER173W,0,1.0103313,0.09498031437397003,0.3825569748878479,0.3681313097476959
YGR266W,YGL106W,0,1.0103303,0.09495694935321808,0.3825569748878479,0.3682314157485962
YPL123C,YKR048C,0,1.0103229,0.09493359923362732,0.3825569748878479,0.3683314919471741
YBR115C,YGR161W-A,0,1.0102915,0.09491025656461716,0.3825569748878479,0.36843159794807434
YAL025C,YDL195W,0,1.0102762,0.09488692134618759,0.3825569748878479,0.3685316741466522
YHL044W,YGR255C,0,1.010235,0.09486360102891922,0.3825569748878479,0.3686317801475525
YLR278C,YCR077C,0,1.0102295,0.09484029561281204,0.3825569748878479,0.36873185634613037
YMR081C,YOR372C,0,1.0102148,0.09481699764728546,0.3825569748878479,0.36883196234703064
YDL072C,YNL073W,0,1.0102146,0.09479371458292007,0.3825569748878479,0.3689320385456085
YDL195W,YMR037C,0,1.0101748,0.09477043896913528,0.3825569748878479,0.3690321147441864
YKL198C,YOL116W,0,1.010167,0.09474717825651169,0.3825569748878479,0.36913222074508667
YMR063W,YLR090W,0,1.0101246,0.09472392499446869,0.3825569748878479,0.36923229694366455
YPL169C,YBR009C,0,1.0100746,0.09470068663358688,0.3825569748878479,0.3693324029445648
YHR181W,YLR143W,0,1.0100743,0.09467745572328568,0.3825569748878479,0.3694324791431427
YDR485C,YKL112W,1,1.0100738,0.09489946067333221,0.3835480809211731,0.3694324791431427
YDR498C,YDR130C,0,1.0100574,0.09487619251012802,0.3835480809211731,0.36953258514404297
YBR105C,YMR193W,0,1.0100379,0.09485293924808502,0.3835480809211731,0.36963266134262085
YMR033W,YLR385C,1,1.0099963,0.09507473558187485,0.3845391571521759,0.36963266134262085
YOR175C,YKR048C,0,1.0099734,0.09505144506692886,0.3845391571521759,0.3697327673435211
YNL240C,YGL172W,0,1.0099536,0.09502816200256348,0.3845391571521759,0.369832843542099
YNL160W,YDR145W,0,1.0098355,0.09500489383935928,0.3845391571521759,0.36993294954299927
YOL029C,YGR161W-A,0,1.0098343,0.09498164057731628,0.3845391571521759,0.37003302574157715
YDR120C,YDR111C,0,1.0098332,0.09495839476585388,0.3845391571521759,0.3701331317424774
YDL171C,YAL002W,0,1.0098329,0.09493516385555267,0.3845391571521759,0.3702332079410553
YMR236W,YDL002C,1,1.009805,0.09515655785799026,0.3855302333831787,0.3702332079410553
YOR131C,YFL021W,0,1.0098007,0.09513328224420547,0.3855302333831787,0.37033331394195557
YDR071C,YGR056W,1,1.009778,0.09535451978445053,0.3865213096141815,0.37033331394195557
YMR133W,YGL070C,0,1.0097706,0.09533121436834335,0.3865213096141815,0.37043339014053345
YPL096W,YPR097W,0,1.0097467,0.09530791640281677,0.3865213096141815,0.37053346633911133
YGR202C,YLL017W,0,1.0097437,0.09528463333845139,0.3865213096141815,0.3706335723400116
YDR207C,YEL058W,0,1.0096619,0.0952613577246666,0.3865213096141815,0.3707336485385895
YFL035C-A,YNL261W,0,1.0096037,0.095238097012043,0.3865213096141815,0.37083375453948975
YGR214W,YHR147C,0,1.0095873,0.09521484375,0.3865213096141815,0.3709338307380676
YNL188W,YGR216C,0,1.0095763,0.0951916053891182,0.3865213096141815,0.3710339367389679
YKL189W,YJR010W,0,1.009551,0.09516837447881699,0.3865213096141815,0.3711340129375458
YMR246W,YDR261W-A,0,1.0095423,0.09514515846967697,0.3865213096141815,0.37123411893844604
YMR168C,YNL232W,0,1.0095102,0.09512194991111755,0.3865213096141815,0.3713341951370239
YML073C,YOR103C,0,1.0094553,0.09509875625371933,0.3865213096141815,0.3714343011379242
YML099C,YFR019W,0,1.0094479,0.0950755700469017,0.3865213096141815,0.3715343773365021
YDL205C,YCL012W,0,1.0093963,0.09505239874124527,0.3865213096141815,0.37163448333740234
YNL107W,YJL194W,1,1.0093895,0.09527290612459183,0.3875123858451843,0.37163448333740234
YLR442C,YDL002C,1,1.0093384,0.09549330174922943,0.38850346207618713,0.37163448333740234
YOR304W,YFL049W,1,1.009314,0.09571359306573868,0.38949453830718994,0.37163448333740234
YMR274C,YIL020C,0,1.0092938,0.0956902876496315,0.38949453830718994,0.3717345595359802
YDR351W,YLR289W,0,1.0092739,0.09566698968410492,0.38949453830718994,0.3718346655368805
YJL194W,YHR027C,0,1.0092719,0.09564370661973953,0.38949453830718994,0.3719347417354584
YDR365W-A,YDR188W,0,1.0092506,0.09562043845653534,0.38949453830718994,0.37203481793403625
YGR275W,YLR285W,1,1.0092432,0.09584043174982071,0.39048561453819275,0.37203481793403625
YPR158C-D,YCR105W,0,1.0092312,0.09581711888313293,0.39048561453819275,0.3721349239349365
YER159C-A,YDR065W,0,1.009202,0.09579382091760635,0.39048561453819275,0.3722350001335144
YIL109C,YMR208W,0,1.0091976,0.09577053785324097,0.39048561453819275,0.3723351061344147
YML112W,YLR024C,0,1.0091908,0.09574726969003677,0.39048561453819275,0.37243518233299255
YDL105W,YER030W,1,1.009119,0.09596695750951767,0.39147672057151794,0.37243518233299255
YDR092W,YPL018W,0,1.009114,0.0959436446428299,0.39147672057151794,0.3725352883338928
YJL179W,YGR017W,0,1.0091094,0.09592034667730331,0.39147672057151794,0.3726353645324707
YCR080W,YER050C,0,1.0091059,0.09589706361293793,0.39147672057151794,0.37273547053337097
YGL173C,YBR273C,0,1.0090595,0.09587378799915314,0.39147672057151794,0.37283554673194885
YDR155C,YPL011C,1,1.0090178,0.09609317779541016,0.39246779680252075,0.37283554673194885
YIL144W,YMR226C,0,1.0089977,0.09606987237930298,0.39246779680252075,0.3729356527328491
YIL076W,YCR030C,0,1.0089705,0.0960465669631958,0.39246779680252075,0.373035728931427
YJR060W,YGR161W-A,0,1.0088909,0.09602327644824982,0.39246779680252075,0.37313583493232727
YJL052W,YFL035C,0,1.0088824,0.09600000083446503,0.39246779680252075,0.37323591113090515
YNL288W,YLR410W-B,0,1.0088713,0.09597673267126083,0.39246779680252075,0.3733360171318054
YGL141W,YKR035W-A,0,1.0087582,0.09595347940921783,0.39246779680252075,0.3734360933303833
YCL039W,YOR378W,0,1.008751,0.09593023359775543,0.39246779680252075,0.3735361695289612
YHR099W,YOR060C,0,1.0087376,0.09590700268745422,0.39246779680252075,0.37363627552986145
YCL067C,YCL057C-A,0,1.0086927,0.09588377922773361,0.39246779680252075,0.37373635172843933
YCR044C,YDR210C-C,0,1.0086545,0.0958605632185936,0.39246779680252075,0.3738364577293396
YNL247W,YOL076W,0,1.0086343,0.09583736956119537,0.39246779680252075,0.3739365339279175
YPL087W,YOL003C,0,1.0086269,0.09581417590379715,0.39246779680252075,0.37403663992881775
YHR205W,YEL020W-A,0,1.008612,0.09579100459814072,0.39246779680252075,0.37413671612739563
YMR051C,YBR112C,0,1.0085852,0.09576783329248428,0.39246779680252075,0.3742368221282959
YOR065W,YJR084W,0,1.0085659,0.09574468433856964,0.39246779680252075,0.3743368983268738
YLR300W,YNL232W,0,1.0085434,0.095721535384655,0.39246779680252075,0.37443700432777405
YAL013W,YLR289W,0,1.0085285,0.09569840133190155,0.39246779680252075,0.37453708052635193
YOL057W,YDR318W,0,1.008481,0.0956752821803093,0.39246779680252075,0.3746371865272522
YGL115W,YOR090C,0,1.0084176,0.09565217047929764,0.39246779680252075,0.3747372627258301
YNR070W,YHR046C,0,1.0084063,0.09562907367944717,0.39246779680252075,0.37483733892440796
YDL243C,YOR181W,0,1.0083854,0.09560598433017731,0.39246779680252075,0.3749374449253082
YKL183W,YMR194W,0,1.0083517,0.09558290988206863,0.39246779680252075,0.3750375211238861
YNL031C,YDR261C-D,0,1.0083392,0.09555984288454056,0.39246779680252075,0.3751376271247864
YGL089C,YPL214C,0,1.0082598,0.09553679078817368,0.39246779680252075,0.37523770332336426
YJL114W,YDR469W,0,1.0082449,0.09551374614238739,0.39246779680252075,0.3753378093242645
YHR039C-B,YGR271W,0,1.0082068,0.0954907163977623,0.39246779680252075,0.3754378855228424
YIL118W,YLL067C,0,1.0081775,0.0954676941037178,0.39246779680252075,0.3755379915237427
YDR109C,YBR130C,0,1.0081456,0.0954446867108345,0.39246779680252075,0.37563806772232056
YLR391W-A,YBR150C,0,1.0081322,0.0954216867685318,0.39246779680252075,0.3757381737232208
YCR092C,YLR312C-B,0,1.0081317,0.09539870172739029,0.39246779680252075,0.3758382499217987
YPR032W,YOR177C,0,1.0081292,0.09537572413682938,0.39246779680252075,0.375938355922699
YOL086W-A,YDL137W,0,1.0080974,0.09535275399684906,0.39246779680252075,0.37603843212127686
YBR282W,YGR046W,0,1.0080734,0.09532980620861053,0.39246779680252075,0.3761385381221771
YLR095C,YML065W,1,1.0080681,0.09554753452539444,0.39345887303352356,0.3761385381221771
YPL042C,YAL039C,0,1.0079246,0.09552454203367233,0.39345887303352356,0.376238614320755
YDR309C,YIL150C,0,1.0079151,0.09550156444311142,0.39345887303352356,0.3763386905193329
YMR190C,YLR449W,1,1.0078342,0.0957190990447998,0.39444994926452637,0.3763386905193329
YKL061W,YLL024C,0,1.007822,0.09569608420133591,0.39444994926452637,0.37643879652023315
YLR291C,YBR036C,0,1.0077959,0.0956730768084526,0.39444994926452637,0.37653887271881104
YLR360W,YPL021W,0,1.0077899,0.0956500843167305,0.39444994926452637,0.3766389787197113
YKL028W,YOR249C,0,1.0077581,0.09562709927558899,0.39444994926452637,0.3767390549182892
YML081C-A,YOR269W,0,1.0077496,0.09560412913560867,0.39444994926452637,0.37683916091918945
YKL185W,YLR259C,0,1.0077485,0.09558117389678955,0.39444994926452637,0.37693923711776733
YNL166C,YDR210C-C,0,1.0077468,0.09555822610855103,0.39444994926452637,0.3770393431186676
YDR052C,YMR311C,0,1.0076959,0.0955352857708931,0.39444994926452637,0.3771394193172455
YLR008C,YJR084W,0,1.0076841,0.09551236033439636,0.39444994926452637,0.37723952531814575
YBL023C,YGR123C,0,1.0076194,0.09548944234848022,0.39444994926452637,0.37733960151672363
YJL004C,YBL022C,0,1.0075917,0.09546653926372528,0.39444994926452637,0.3774397075176239
YDR261W-B,YGL240W,0,1.0075763,0.09544364362955093,0.39444994926452637,0.3775397837162018
YPR173C,YJL054W,0,1.0075749,0.09542076289653778,0.39444994926452637,0.37763988971710205
YBR275C,YLR447C,0,1.0075382,0.09539788961410522,0.39444994926452637,0.37773996591567993
YNL288W,YPL244C,0,1.007497,0.09537503123283386,0.39444994926452637,0.3778400421142578
YLR384C,YBR213W,0,1.0074936,0.0953521803021431,0.39444994926452637,0.3779401481151581
YNL219C,YPR071W,0,1.0074658,0.09532934427261353,0.39444994926452637,0.37804022431373596
YMR091C,YBR215W,1,1.0074517,0.09554597735404968,0.3954410254955292,0.37804022431373596
YMR006C,YJL129C,0,1.007414,0.09552310407161713,0.3954410254955292,0.37814033031463623
YJL090C,YNL008C,0,1.007333,0.09550023823976517,0.3954410254955292,0.3782404065132141
YCL064C,YML087C,0,1.0073321,0.0954773873090744,0.3954410254955292,0.3783405125141144
YNL118C,YDL097C,0,1.0073303,0.09545454382896423,0.3954410254955292,0.37844058871269226
YBR111W-A,YHR171W,0,1.0073037,0.09543171525001526,0.3954410254955292,0.37854069471359253
YDR261W-B,YOR090C,0,1.0072993,0.09540889412164688,0.3954410254955292,0.3786407709121704
YBR020W,YPL161C,0,1.0072589,0.0953860878944397,0.3954410254955292,0.3787408769130707
YMR054W,YOR159C,0,1.0072446,0.09536328911781311,0.3954410254955292,0.37884095311164856
YOR148C,YDR464W,0,1.0072371,0.09534050524234772,0.3954410254955292,0.37894105911254883
YER023W,YJL164C,0,1.0072345,0.09531772881746292,0.3954410254955292,0.3790411353111267
YDR457W,YJL101C,0,1.0072284,0.09529495984315872,0.3954410254955292,0.379141241312027
YNR044W,YOR201C,0,1.0071585,0.09527220577001572,0.3954410254955292,0.37924131751060486
YNL153C,YNL240C,0,1.007152,0.0952494665980339,0.3954410254955292,0.37934139370918274
YKR090W,YML023C,0,1.0071126,0.0952267274260521,0.3954410254955292,0.379441499710083
YGL035C,YNL317W,0,1.0070997,0.09520401060581207,0.3954410254955292,0.3795415759086609
YHR020W,YOL127W,0,1.0070984,0.09518130123615265,0.3954410254955292,0.37964168190956116
YGL223C,YPL235W,0,1.0070859,0.09515859931707382,0.3954410254955292,0.37974175810813904
YBR164C,YPR007C,0,1.0069987,0.09513590484857559,0.3954410254955292,0.3798418641090393
YER178W,YLR312C-B,0,1.006981,0.09511323273181915,0.3954410254955292,0.3799419403076172
YPL189W,YNL284C-B,0,1.006954,0.09509056061506271,0.3954410254955292,0.38004204630851746
YLR356W,YBL037W,0,1.006922,0.09506790339946747,0.3954410254955292,0.38014212250709534
YFL002W-A,YGR216C,0,1.0069209,0.09504526108503342,0.3954410254955292,0.3802422285079956
YNL219C,YMR184W,0,1.006891,0.09502262622117996,0.3954410254955292,0.3803423047065735
YOR242C,YGL233W,0,1.0068898,0.0949999988079071,0.3954410254955292,0.38044241070747375
YLR391W,YJL173C,0,1.0068775,0.09497738629579544,0.3954410254955292,0.38054248690605164
YGL223C,YOR330C,0,1.0068411,0.09495478123426437,0.3954410254955292,0.3806425929069519
YOL109W,YGR178C,0,1.0068315,0.0949321910738945,0.3954410254955292,0.3807426691055298
YBR276C,YPL169C,0,1.0068238,0.09490960836410522,0.3954410254955292,0.38084274530410767
YDR128W,YDR365W-A,0,1.006822,0.09488704055547714,0.3954410254955292,0.38094285130500793
YKL164C,YLR006C,0,1.0067391,0.09486448019742966,0.3954410254955292,0.3810429275035858
YLR060W,YOL103W-A,0,1.0066984,0.09484192728996277,0.3954410254955292,0.3811430335044861
YGL174W,YHR079C-B,0,1.0066956,0.09481938928365707,0.3954410254955292,0.38124310970306396
YER190W,YDR420W,0,1.00669,0.09479686617851257,0.3954410254955292,0.38134321570396423
YDR088C,YDR098C,0,1.0066855,0.09477434307336807,0.3954410254955292,0.3814432919025421
YKL049C,YHR119W,1,1.0066783,0.09498931467533112,0.396432101726532,0.3814432919025421
YJL008C,YDL200C,0,1.0066586,0.09496676176786423,0.396432101726532,0.3815433979034424
YNL054W-B,YJR123W,0,1.0066088,0.09494422376155853,0.396432101726532,0.38164347410202026
YLR466W,YDL141W,0,1.0065125,0.09492169320583344,0.396432101726532,0.38174358010292053
YNL284C,YDR448W,0,1.0065062,0.09489917010068893,0.396432101726532,0.3818436563014984
YHR088W,YGL195W,0,1.0064853,0.09487666189670563,0.396432101726532,0.3819437623023987
YPR017C,YMR026C,0,1.006444,0.09485416114330292,0.396432101726532,0.38204383850097656
YOL023W,YGR174C,0,1.006423,0.0948316752910614,0.396432101726532,0.38214391469955444
YJL125C,YOL020W,0,1.006412,0.09480919688940048,0.396432101726532,0.3822440207004547
YAL051W,YOR070C,0,1.0063914,0.09478673338890076,0.396432101726532,0.3823440968990326
YKL195W,YOR175C,0,1.006383,0.09476427733898163,0.396432101726532,0.38244420289993286
YHR060W,YOL142W,0,1.0063757,0.0947418287396431,0.396432101726532,0.38254427909851074
YKL094W,YMR201C,0,1.0062635,0.09471939504146576,0.396432101726532,0.382644385099411
YPL173W,YJL174W,0,1.0062561,0.09469696879386902,0.396432101726532,0.3827444612979889
YER150W,YMR257C,0,1.0062532,0.09467455744743347,0.396432101726532,0.38284456729888916
YLL022C,YLR172C,0,1.0061975,0.09465215355157852,0.396432101726532,0.38294464349746704
YIL108W,YDL099W,0,1.0061814,0.09462976455688477,0.396432101726532,0.3830447494983673
YGR002C,YLR129W,0,1.0061638,0.0946073830127716,0.396432101726532,0.3831448256969452
YML081C-A,YER165W,0,1.0061252,0.09458500891923904,0.396432101726532,0.38324493169784546
YOR304W,YFR025C,0,1.0061034,0.09456264972686768,0.396432101726532,0.38334500789642334
YGL062W,YLR466W,0,1.006072,0.0945402979850769,0.396432101726532,0.3834451138973236
YBR193C,YMR017W,0,1.0060573,0.09451796114444733,0.396432101726532,0.3835451900959015
YGR027W-B,YHR052W,0,1.0060548,0.09449563175439835,0.396432101726532,0.38364526629447937
YDR261W-A,YLL043W,0,1.0060463,0.09447330981492996,0.396432101726532,0.38374537229537964
YBR169C,YBR038W,0,1.0060439,0.09445100277662277,0.396432101726532,0.3838454484939575
YIL155C,YLR410W-B,0,1.0059909,0.09442870318889618,0.396432101726532,0.3839455544948578
YNL331C,YJL035C,0,1.0059674,0.09440641850233078,0.396432101726532,0.38404563069343567
YLR381W,YBL091C,0,1.0059409,0.09438414126634598,0.396432101726532,0.38414573669433594
YOR142W-A,YIL132C,0,1.0059227,0.09436187893152237,0.396432101726532,0.3842458128929138
YLR151C,YGR109W-A,0,1.0059056,0.09433962404727936,0.396432101726532,0.3843459188938141
YJL134W,YGL168W,0,1.0059,0.09431737661361694,0.396432101726532,0.38444599509239197
YER177W,YDR093W,0,1.0058905,0.09429514408111572,0.396432101726532,0.38454610109329224
YCR075C,YPR072W,0,1.0058457,0.0942729189991951,0.396432101726532,0.3846461772918701
YNL231C,YJL173C,0,1.0058316,0.09425070881843567,0.396432101726532,0.3847462832927704
YHR185C,YLR209C,0,1.0057877,0.09422850608825684,0.396432101726532,0.38484635949134827
YDR372C,YKL009W,0,1.0057364,0.0942063108086586,0.396432101726532,0.38494646549224854
YIL173W,YGL246C,0,1.0057293,0.09418413043022156,0.396432101726532,0.3850465416908264
YKR027W,YNR021W,0,1.0057056,0.09416195750236511,0.396432101726532,0.3851466178894043
YDR303C,YBR089C-A,1,1.0056821,0.09437514841556549,0.3974231779575348,0.3851466178894043
YGR103W,YOR389W,0,1.0056657,0.09435293823480606,0.3974231779575348,0.38524672389030457
YGR161W-B,YLR284C,0,1.0056585,0.09433074295520782,0.3974231779575348,0.38534680008888245
YDR003W,YJL008C,0,1.0056407,0.09430856257677078,0.3974231779575348,0.3854469060897827
YKL089W,YGL019W,0,1.0056403,0.09428638964891434,0.3974231779575348,0.3855469822883606
YIR009W,YGR030C,0,1.005633,0.09426422417163849,0.3974231779575348,0.38564708828926086
YLR251W,YKL095W,0,1.0056256,0.09424206614494324,0.3974231779575348,0.38574716448783875
YKL165C,YJR139C,0,1.005602,0.09421992301940918,0.3974231779575348,0.385847270488739
YDR034C-C,YBR287W,0,1.0055776,0.09419779479503632,0.3974231779575348,0.3859473466873169
YML032C,YDR248C,0,1.0054879,0.09417566657066345,0.3974231779575348,0.38604745268821716
YMR263W,YFL013C,1,1.0054773,0.09438835084438324,0.39841428399086,0.38604745268821716
YMR223W,YMR227C,1,1.0054635,0.09460093826055527,0.3994053602218628,0.38604745268821716
YNL119W,YOL111C,0,1.0054524,0.09457873553037643,0.3994053602218628,0.38614752888679504
YDR517W,YCR030C,0,1.0054504,0.0945565477013588,0.3994053602218628,0.3862476348876953
YFL025C,YPL093W,0,1.0054325,0.09453436732292175,0.3994053602218628,0.3863477110862732
YDL171C,YLR301W,0,1.0054219,0.09451219439506531,0.3994053602218628,0.38644781708717346
YGL150C,YLR272C,1,1.0054156,0.09472449868917465,0.4003964364528656,0.38644781708717346
YOR260W,YDR299W,0,1.0054078,0.09470229595899582,0.4003964364528656,0.38654789328575134
YGR154C,YMR127C,0,1.0054027,0.09468010067939758,0.4003964364528656,0.3866479694843292
YML088W,YLR227W-B,0,1.0053856,0.09465792030096054,0.4003964364528656,0.3867480754852295
YKL006W,YPL226W,0,1.0053759,0.0946357473731041,0.4003964364528656,0.3868481516838074
YIL135C,YDR260C,0,1.0053657,0.09461358189582825,0.4003964364528656,0.38694825768470764
YAL051W,YOR192C-A,0,1.0053558,0.09459143131971359,0.4003964364528656,0.3870483338832855
YNL088W,YML109W,1,1.0053422,0.09480337053537369,0.4013875126838684,0.3870483338832855
YOR381W,YKR068C,0,1.005324,0.09478118270635605,0.4013875126838684,0.3871484398841858
YBR245C,YML065W,1,1.0053235,0.0949929803609848,0.4023785889148712,0.3871484398841858
YLL022C,YDR439W,1,1.0052611,0.0952046811580658,0.403369665145874,0.3871484398841858
YNL308C,YDR233C,0,1.0052472,0.09518241137266159,0.403369665145874,0.38724851608276367
YOL135C,YDR365W-A,0,1.0052365,0.09516015648841858,0.403369665145874,0.38734862208366394
YNL036W,YGR181W,0,1.0052171,0.09513791650533676,0.403369665145874,0.3874486982822418
YHR001W-A,YGL240W,0,1.0051974,0.09511568397283554,0.403369665145874,0.3875488042831421
YHR090C,YJL166W,0,1.0051936,0.09509345889091492,0.403369665145874,0.38764888048171997
YNL076W,YDR483W,0,1.0051589,0.09507124871015549,0.403369665145874,0.38774898648262024
YBR192W,YIL027C,0,1.0051571,0.09504904597997665,0.403369665145874,0.3878490626811981
YHR081W,YGR135W,0,1.0051373,0.09502685070037842,0.403369665145874,0.3879491686820984
YJR131W,YJL108C,0,1.0051188,0.09500467032194138,0.403369665145874,0.38804924488067627
YGL222C,YKL039W,0,1.0051042,0.09498249739408493,0.403369665145874,0.38814932107925415
YLR447C,YHR067W,0,1.0050107,0.09496033936738968,0.403369665145874,0.3882494270801544
YJR134C,YHR028C,0,1.0050102,0.09493818879127502,0.403369665145874,0.3883495032787323
YDR098C-A,YLR175W,0,1.0049809,0.09491604566574097,0.403369665145874,0.38844960927963257
YLR389C,YJR150C,0,1.00496,0.0948939174413681,0.403369665145874,0.38854968547821045
YMR056C,YDR451C,0,1.0049559,0.09487179666757584,0.403369665145874,0.3886497914791107
YOR332W,YBR091C,0,1.0049535,0.09484968334436417,0.403369665145874,0.3887498676776886
YPL258C,YLR200W,0,1.0049207,0.09482758492231369,0.403369665145874,0.38884997367858887
YHR147C,YLR154W-C,0,1.0049188,0.09480549395084381,0.403369665145874,0.38895004987716675
YBR192W,YBR245C,0,1.0049089,0.09478341788053513,0.403369665145874,0.389050155878067
YGL229C,YOL053C-A,0,1.0049071,0.09476134926080704,0.403369665145874,0.3891502320766449
YOL004W,YOR141C,1,1.0049012,0.09497206658124924,0.40436074137687683,0.3891502320766449
YJL121C,YER123W,0,1.0048965,0.09494996815919876,0.40436074137687683,0.38925033807754517
YBR251W,YOR194C,0,1.0048932,0.09492786973714828,0.40436074137687683,0.38935041427612305
YKL061W,YNL232W,0,1.0048225,0.0949057936668396,0.40436074137687683,0.3894505202770233
YJR121W,YDR276C,0,1.0047854,0.09488371759653091,0.40436074137687683,0.3895505964756012
YOL004W,YDL197C,1,1.004737,0.09509416669607162,0.405351847410202,0.3895505964756012
YDR403W,YDR517W,0,1.0046378,0.09507206082344055,0.405351847410202,0.3896506726741791
YLR367W,YKR062W,0,1.0045831,0.09504996240139008,0.405351847410202,0.38975077867507935
YPR006C,YOL023W,0,1.0045743,0.0950278788805008,0.405351847410202,0.3898508548736572
YOL133W,YDR242W,0,1.0045462,0.0950058102607727,0.405351847410202,0.3899509608745575
YOR304W,YNL107W,1,1.0045457,0.09521597623825073,0.40634292364120483,0.3899509608745575
YKR103W,YBR172C,0,1.0045217,0.09519387036561966,0.40634292364120483,0.3900510370731354
YLR043C,YHR039C-B,0,1.004502,0.09517177194356918,0.40634292364120483,0.39015114307403564
YCL005W-A,YDR421W,0,1.0044817,0.0951496884226799,0.40634292364120483,0.3902512192726135
YDR460W,YBR192W,0,1.0044482,0.09512761235237122,0.40634292364120483,0.3903513252735138
YLR017W,YBR185C,0,1.0044268,0.09510554373264313,0.40634292364120483,0.3904514014720917
YDR472W,YDL006W,0,1.0044264,0.09508349001407623,0.40634292364120483,0.39055150747299194
YOL104C,YNL216W,0,1.0043795,0.09506144374608994,0.40634292364120483,0.3906515836715698
YKL195W,YGL031C,0,1.0043772,0.09503940492868423,0.40634292364120483,0.3907516896724701
YPR127W,YLR212C,0,1.004368,0.09501738101243973,0.40634292364120483,0.390851765871048
YMR272C,YDR288W,0,1.0043492,0.09499536454677582,0.40634292364120483,0.39095184206962585
YNL136W,YHL031C,0,1.00434,0.0949733629822731,0.40634292364120483,0.3910519480705261
YJL216C,YKL099C,0,1.0043162,0.09495136886835098,0.40634292364120483,0.391152024269104
YFL035C-A,YOL052C-A,0,1.0042602,0.09492938220500946,0.40634292364120483,0.3912521302700043
YKR037C,YLR061W,0,1.0042427,0.09490741044282913,0.40634292364120483,0.39135220646858215
YDR444W,YGR241C,0,1.0042251,0.0948854461312294,0.40634292364120483,0.3914523124694824
YGL207W,YKL112W,1,1.0041875,0.09509486705064774,0.40733399987220764,0.3914523124694824
YPL143W,YDR212W,0,1.0040905,0.09507286548614502,0.40733399987220764,0.3915523886680603
YLR208W,YNL059C,0,1.004063,0.0950508788228035,0.40733399987220764,0.39165249466896057
YKL016C,YHL047C,0,1.0040624,0.09502889961004257,0.40733399987220764,0.39175257086753845
YLR337W,YBR274W,0,1.004027,0.09500693529844284,0.40733399987220764,0.3918526768684387
YLR078C,YDR490C,0,1.0040172,0.0949849784374237,0.40733399987220764,0.3919527530670166
YFL056C,YJR098C,0,1.0039978,0.09496302902698517,0.40733399987220764,0.39205285906791687
YKL103C,YIR037W,0,1.0039866,0.09494109451770782,0.40733399987220764,0.39215293526649475
YNL180C,YLR442C,0,1.0039814,0.09491916745901108,0.40733399987220764,0.392253041267395
YPR031W,YHR073W,0,1.0039656,0.09489725530147552,0.40733399987220764,0.3923531174659729
YLR309C,YPR189W,0,1.0039259,0.09487534314393997,0.40733399987220764,0.3924531936645508
YDR087C,YGR099W,0,1.0038654,0.09485345333814621,0.40733399987220764,0.39255329966545105
YGL210W,YCL012W,0,1.0038425,0.09483156353235245,0.40733399987220764,0.39265337586402893
YAL016W,YFL044C,0,1.0038385,0.09480968862771988,0.40733399987220764,0.3927534818649292
YLR029C,YDR318W,0,1.0038189,0.09478782117366791,0.40733399987220764,0.3928535580635071
YMR192W,YDR361C,0,1.0037749,0.09476596862077713,0.40733399987220764,0.39295366406440735
YNL311C,YFR031C,0,1.0037657,0.09474412351846695,0.40733399987220764,0.39305374026298523
YLR270W,YGL191W,0,1.0037603,0.09472228586673737,0.40733399987220764,0.3931538462638855
YPL042C,YCR075C,0,1.0037559,0.09470046311616898,0.40733399987220764,0.3932539224624634
YAL063C,YOR075W,0,1.0037553,0.09467864781618118,0.40733399987220764,0.39335402846336365
YDR532C,YDR405W,0,1.0037243,0.09465683996677399,0.40733399987220764,0.39345410466194153
YLR256W-A,YDL060W,0,1.0037236,0.09463504701852798,0.40733399987220764,0.3935542106628418
YKL174C,YPR071W,0,1.0037123,0.09461326152086258,0.40733399987220764,0.3936542868614197
YJL085W,YJL216C,0,1.0036895,0.09459148347377777,0.40733399987220764,0.39375439286231995
YGR161C-D,YKL201C,0,1.0036618,0.09456972032785416,0.40733399987220764,0.3938544690608978
YLR449W,YOR304W,1,1.0036594,0.09477800875902176,0.40832507610321045,0.3938544690608978
YGL120C,YIL083C,0,1.0036587,0.09475620836019516,0.40832507610321045,0.3939545452594757
YFR013W,YNL031C,1,1.0036118,0.09496436268091202,0.40931615233421326,0.3939545452594757
YJR147W,YLL014W,0,1.0035808,0.09494252502918243,0.40931615233421326,0.394054651260376
YDR231C,YNL216W,0,1.0035578,0.09492070972919464,0.40931615233421326,0.39415472745895386
YJR058C,YER137C-A,0,1.0034252,0.09489889442920685,0.40931615233421326,0.3942548334598541
YBL080C,YJR109C,0,1.003341,0.09487709403038025,0.40931615233421326,0.394354909658432
YBR090C-A,YDL042C,1,1.0033195,0.09508498013019562,0.41030722856521606,0.394354909658432
YDR322W,YKL074C,0,1.0032612,0.09506314247846603,0.41030722856521606,0.3944550156593323
YFL013C,YBR195C,1,1.0032337,0.09527088701725006,0.41129830479621887,0.3944550156593323
YGR296W,YOL053C-A,0,1.0032309,0.09524902701377869,0.41129830479621887,0.39455509185791016
YDR261W-B,YMR322C,0,1.0032144,0.09522716701030731,0.41129830479621887,0.3946551978588104
YCL052C,YNL311C,0,1.0031998,0.09520532190799713,0.41129830479621887,0.3947552740573883
YLR325C,YIL106W,0,1.0031991,0.09518348425626755,0.41129830479621887,0.3948553800582886
YJL106W,YMR287C,0,1.0031909,0.09516166150569916,0.41129830479621887,0.39495545625686646
YKR019C,YNL206C,1,1.0031767,0.09536909312009811,0.4122893810272217,0.39495545625686646
YBR009C,YBR215W,1,1.0031666,0.09557643532752991,0.4132804870605469,0.39495545625686646
YHR154W,YBR195C,0,1.0031377,0.09555453807115555,0.4132804870605469,0.3950555622577667
YGR047C,YMR158W,0,1.0031266,0.09553264826536179,0.4132804870605469,0.3951556384563446
YBL011W,YEL056W,0,1.0031062,0.09551076591014862,0.4132804870605469,0.3952557444572449
YCR052W,YDL140C,1,1.003069,0.0957178846001625,0.4142715632915497,0.3952557444572449
YDR155C,YGL207W,1,1.0030617,0.09592490643262863,0.4152626395225525,0.3952557444572449
YAL056W,YER044C,0,1.0030112,0.0959029495716095,0.4152626395225525,0.39535582065582275
YMR048W,YNL284C-B,0,1.0029905,0.09588100761175156,0.4152626395225525,0.39545589685440063
YPL127C,YBR198C,1,1.0029839,0.09608785063028336,0.4162537157535553,0.39545589685440063
YKL203C,YNL189W,0,1.0029452,0.09606587141752243,0.4162537157535553,0.3955560028553009
YOL031C,YNL054W-B,0,1.0029203,0.0960439071059227,0.4162537157535553,0.3956560790538788
YHR214C-B,YHR190W,0,1.0028441,0.09602195024490356,0.4162537157535553,0.39575618505477905
YOL133W,YKR095W-A,0,1.0028234,0.09600000083446503,0.4162537157535553,0.39585626125335693
YIL160C,YJL013C,0,1.0027833,0.09597805887460709,0.4162537157535553,0.3959563672542572
YNL001W,YER031C,0,1.0026716,0.09595613181591034,0.4162537157535553,0.3960564434528351
YER090W,YDL112W,0,1.0026412,0.09593421965837479,0.4162537157535553,0.39615654945373535
YLR291C,YPL145C,0,1.0026366,0.09591230750083923,0.4162537157535553,0.39625662565231323
YPR105C,YNL289W,0,1.0026292,0.09589041024446487,0.4162537157535553,0.3963567316532135
YML076C,YLR154W-C,0,1.002606,0.09586852043867111,0.4162537157535553,0.3964568078517914
YMR236W,YLR285W,1,1.0026054,0.09607484936714172,0.4172447919845581,0.3964568078517914
YNR061C,YLR305C,0,1.0025892,0.09605292975902557,0.4172447919845581,0.39655691385269165
YIL156W,YKR056W,0,1.0025855,0.09603102505207062,0.4172447919845581,0.39665699005126953
YPR049C,YMR026C,0,1.0025786,0.09600912034511566,0.4172447919845581,0.3967570960521698
YBR281C,YHR041C,0,1.0025512,0.0959872305393219,0.4172447919845581,0.3968571722507477
YHL017W,YBR120C,0,1.0025011,0.09596535563468933,0.4172447919845581,0.39695724844932556
YER050C,YIL036W,0,1.002472,0.09594348073005676,0.4172447919845581,0.39705735445022583
YGR037C,YML132W,0,1.0024408,0.09592162072658539,0.4172447919845581,0.3971574306488037
YDR362C,YNL039W,0,1.0023986,0.09589977562427521,0.4172447919845581,0.397257536649704
YPL129W,YGL037C,1,1.0023834,0.0961056724190712,0.4182358682155609,0.397257536649704
YLR010C,YIL037C,0,1.002368,0.09608379006385803,0.4182358682155609,0.39735761284828186
YML048W,YBR185C,0,1.0023638,0.09606191515922546,0.4182358682155609,0.39745771884918213
YPL082C,YDR363W-A,0,1.0023582,0.09604005515575409,0.4182358682155609,0.39755779504776
YDR365W-A,YGR161W-B,0,1.0023577,0.09601820260286331,0.4182358682155609,0.3976579010486603
YLR466W,YGR035C,0,1.0023477,0.09599635750055313,0.4182358682155609,0.39775797724723816
YNL298W,YJL194W,0,1.0023248,0.09597452729940414,0.4182358682155609,0.3978580832481384
YGL094C,YOL052C-A,0,1.0023202,0.09595270454883575,0.4182358682155609,0.3979581594467163
YBR090C-A,YNL030W,1,1.002306,0.0961582213640213,0.4192269444465637,0.3979581594467163
YPR048W,YJL176C,0,1.0023023,0.09613636136054993,0.4192269444465637,0.3980582654476166
YBR003W,YEL002C,0,1.0022992,0.09611451625823975,0.4192269444465637,0.39815834164619446
YOR131C,YMR035W,0,1.0022752,0.09609268605709076,0.4192269444465637,0.39825841784477234
YIL159W,YJL062W-A,0,1.0022445,0.09607086330652237,0.4192269444465637,0.3983585238456726
YNL085W,YEL029C,0,1.002171,0.09604904800653458,0.4192269444465637,0.3984586000442505
YGL085W,YDR297W,0,1.002165,0.09602724015712738,0.4192269444465637,0.39855870604515076
YBR069C,YER048W-A,0,1.0021468,0.09600544720888138,0.4192269444465637,0.39865878224372864
YGL133W,YMR127C,1,1.0021449,0.09621057659387589,0.4202180504798889,0.39865878224372864
YPL113C,YOL042W,0,1.0021427,0.0961887463927269,0.4202180504798889,0.3987588882446289
YDR098C-A,YPL065W,0,1.0021383,0.0961669310927391,0.4202180504798889,0.3988589644432068
YDR486C,YLR142W,0,1.00212,0.09614512324333191,0.4202180504798889,0.39895907044410706
YHR174W,YOR181W,0,1.0021124,0.09612333029508591,0.4202180504798889,0.39905914664268494
YKL175W,YDR239C,0,1.0020632,0.0961015447974205,0.4202180504798889,0.3991592526435852
YMR184W,YKR088C,0,1.0020435,0.0960797667503357,0.4202180504798889,0.3992593288421631
YLR272C,YDR073W,1,1.002009,0.09628454595804214,0.4212091267108917,0.3992593288421631
YDR052C,YLR370C,0,1.0019987,0.09626273810863495,0.4212091267108917,0.39935943484306335
YGL216W,YER071C,0,1.0019594,0.09624094516038895,0.4212091267108917,0.39945951104164124
YOR179C,YGR109W-B,0,1.0019071,0.09621915221214294,0.4212091267108917,0.3995596170425415
YBR090C-A,YFR013W,1,1.0018895,0.09642372280359268,0.42220020294189453,0.3995596170425415
YDR090C,YOR043W,0,1.0018818,0.09640190005302429,0.42220020294189453,0.3996596932411194
YDR071C,YFL049W,1,1.0018812,0.09660633653402328,0.42319127917289734,0.3996596932411194
YLR227W-A,YKR044W,0,1.001874,0.09658448398113251,0.42319127917289734,0.39975976943969727
YMR186W,YDR025W,0,1.0018529,0.09656263887882233,0.42319127917289734,0.39985987544059753
YER087W,YLR323C,0,1.0018418,0.09654080867767334,0.42319127917289734,0.3999599516391754
YAR033W,YLR385C,0,1.0018301,0.09651898592710495,0.42319127917289734,0.4000600576400757
YCR011C,YPR137C-B,0,1.0018165,0.09649717807769775,0.42319127917289734,0.40016013383865356
YIL053W,YFL033C,0,1.001809,0.09647537022829056,0.42319127917289734,0.40026023983955383
YGL064C,YAR031W,0,1.0017921,0.09645357728004456,0.42319127917289734,0.4003603160381317
YKL205W,YGL203C,0,1.0017841,0.09643179923295975,0.42319127917289734,0.400460422039032
YLR103C,YER164W,1,1.0017468,0.09663581103086472,0.42418235540390015,0.400460422039032
YMR211W,YDR170W-A,0,1.001744,0.09661399573087692,0.42418235540390015,0.40056049823760986
YJL062W-A,YKL028W,0,1.0017369,0.09659218788146973,0.42418235540390015,0.40066060423851013
YDR322W,YNL230C,0,1.0017308,0.09657039493322372,0.42418235540390015,0.400760680437088
YJL085W,YLR107W,0,1.0017117,0.09654860943555832,0.42418235540390015,0.4008607864379883
YDL008W,YHR194W,0,1.0017096,0.09652683883905411,0.42418235540390015,0.40096086263656616
YDR065W,YDL134C-A,0,1.001698,0.0965050756931305,0.42418235540390015,0.40106096863746643
YGR161W-A,YGL019W,0,1.001694,0.09648331999778748,0.42418235540390015,0.4011610448360443
YGR161C-D,YDR420W,0,1.0016656,0.09646157175302505,0.42418235540390015,0.4012611210346222
YDR098C-A,YBR048W,0,1.0016445,0.09643983840942383,0.42418235540390015,0.40136122703552246
YGR109W-A,YGL162W,0,1.0016192,0.0964181125164032,0.42418235540390015,0.40146130323410034
YDL028C,YLR295C,0,1.0016066,0.09639639407396317,0.42418235540390015,0.4015614092350006
YNL147W,YDR529C,0,1.0015568,0.09637469053268433,0.42418235540390015,0.4016614854335785
YJR134C,YGR097W,0,1.0015366,0.09635299444198608,0.42418235540390015,0.40176159143447876
YJL011C,YBR173C,0,1.001527,0.09633130580186844,0.42418235540390015,0.40186166763305664
YHR140W,YGL063W,0,1.0015268,0.09630963206291199,0.42418235540390015,0.4019617736339569
YIL078W,YGR072W,0,1.0014778,0.09628796577453613,0.42418235540390015,0.4020618498325348
YOR193W,YOL103W-A,0,1.0014693,0.09626630693674088,0.42418235540390015,0.40216195583343506
YNL309W,YNL183C,0,1.001464,0.09624466300010681,0.42418235540390015,0.40226203203201294
YEL036C,YDR534C,0,1.0014604,0.09622301906347275,0.42418235540390015,0.4023621380329132
YMR218C,YLR098C,0,1.0014192,0.09620139002799988,0.42418235540390015,0.4024622142314911
YJL114W,YMR213W,0,1.0014191,0.0961797758936882,0.42418235540390015,0.40256232023239136
YPL002C,YHR029C,0,1.0014001,0.09615816920995712,0.42418235540390015,0.40266239643096924
YOL019W,YFR019W,0,1.0013909,0.09613656997680664,0.42418235540390015,0.4027624726295471
YLR259C,YDR121W,0,1.0013857,0.09611497819423676,0.42418235540390015,0.4028625786304474
YDR127W,YJL165C,0,1.0013695,0.09609340131282806,0.42418235540390015,0.40296265482902527
YDR503C,YDR032C,0,1.0013393,0.09607183188199997,0.42418235540390015,0.40306276082992554
YCL060C,YLR055C,1,1.001301,0.09627468883991241,0.42517343163490295,0.40306276082992554
YJL065C,YGL151W,0,1.0012968,0.09625308215618134,0.42517343163490295,0.4031628370285034
YNL122C,YOL107W,0,1.0012842,0.09623149037361145,0.42517343163490295,0.4032629430294037
YNR022C,YER174C,0,1.0012795,0.09620991349220276,0.42517343163490295,0.40336301922798157
YER125W,YPL179W,0,1.0012761,0.09618834406137466,0.42517343163490295,0.40346312522888184
YDL123W,YMR281W,0,1.0012743,0.09616678208112717,0.42517343163490295,0.4035632014274597
YDL093W,YLL048C,0,1.0012741,0.09614522755146027,0.42517343163490295,0.40366330742836
YKL178C,YNL217W,0,1.0012718,0.09612368047237396,0.42517343163490295,0.40376338362693787
YOR384W,YOR260W,0,1.0012459,0.09610214829444885,0.42517343163490295,0.40386348962783813
YNL227C,YAR044W,0,1.0012137,0.09608062356710434,0.42517343163490295,0.403963565826416
YJR029W,YOR066W,0,1.0012069,0.09605911374092102,0.42517343163490295,0.4040636718273163
YLR143W,YER130C,0,1.0011946,0.0960376113653183,0.42517343163490295,0.40416374802589417
YFL023W,YJL062W-A,0,1.0011767,0.09601611644029617,0.42517343163490295,0.40426382422447205
YNL310C,YFL048C,0,1.0011729,0.09599462896585464,0.42517343163490295,0.4043639302253723
YIL038C,YDL006W,0,1.0011451,0.09597315639257431,0.42517343163490295,0.4044640064239502
YMR033W,YJR112W,0,1.0011438,0.09595169126987457,0.42517343163490295,0.40456411242485046
YBR001C,YOL090W,0,1.0011113,0.09593023359775543,0.42517343163490295,0.40466418862342834
YDR117C,YPR125W,0,1.0011101,0.09590878337621689,0.42517343163490295,0.4047642946243286
YHR119W,YPL153C,1,1.0010995,0.09611086547374725,0.42616450786590576,0.4047642946243286
YMR012W,YOR343W-A,0,1.0010549,0.09608938544988632,0.42616450786590576,0.4048643708229065
YDR387C,YJL212C,0,1.0010526,0.09606792032718658,0.42616450786590576,0.40496447682380676
YKR095W-A,YER087C-A,0,1.001013,0.09604646265506744,0.42616450786590576,0.40506455302238464
YHL031C,YCR038C,0,1.0010096,0.0960250124335289,0.42616450786590576,0.4051646590232849
YDR418W,YFR019W,0,1.0009645,0.09600356966257095,0.42616450786590576,0.4052647352218628
YLR017W,YKL108W,0,1.0009627,0.0959821417927742,0.42616450786590576,0.40536484122276306
YEL020W-A,YMR016C,0,1.0009061,0.09596072137355804,0.42616450786590576,0.40546491742134094
YJR063W,YDL149W,0,1.0008876,0.09593931585550308,0.42616450786590576,0.4055649936199188
YAL002W,YDR499W,0,1.0008472,0.09591791033744812,0.42616450786590576,0.4056650996208191
YOR347C,YML040W,0,1.0008427,0.09589651972055435,0.42616450786590576,0.405765175819397
YGR264C,YHR190W,0,1.0008044,0.09587513655424118,0.42616450786590576,0.40586528182029724
YBR002C,YMR037C,0,1.0007972,0.0958537682890892,0.42616450786590576,0.4059653580188751
YDL018C,YPL244C,0,1.0007557,0.09583240747451782,0.42616450786590576,0.4060654640197754
YER114C,YML059C,0,1.0007502,0.09581105411052704,0.42616450786590576,0.40616554021835327
YPR068C,YML041C,1,1.0006957,0.09601247310638428,0.42715561389923096,0.40616554021835327
YMR017W,YML125C,0,1.0006864,0.0959910899400711,0.42715561389923096,0.40626564621925354
YNL101W,YIL120W,0,1.0006813,0.09596971422433853,0.42715561389923096,0.4063657224178314
YER137C-A,YOR019W,0,1.0006799,0.09594835340976715,0.42715561389923096,0.4064658284187317
YCL068C,YOR304C-A,0,1.0006729,0.09592700004577637,0.42715561389923096,0.40656590461730957
YBR033W,YDL208W,0,1.000669,0.09590565413236618,0.42715561389923096,0.40666601061820984
YPR158C-D,YKL201C,0,1.0006504,0.09588431566953659,0.42715561389923096,0.4067660868167877
YOR221C,YDR210W-B,0,1.000645,0.0958629921078682,0.42715561389923096,0.406866192817688
YDR210W-B,YOL018C,0,1.0006076,0.0958416685461998,0.42715561389923096,0.40696626901626587
YJR127C,YFL018W-A,0,1.0005962,0.0958203673362732,0.42715561389923096,0.40706634521484375
YMR112C,YBR097W,0,1.0005894,0.09579906612634659,0.42715561389923096,0.407166451215744
YLR093C,YMR198W,0,1.000556,0.09577777981758118,0.42715561389923096,0.4072665274143219
YIR009W,YPR057W,0,1.0005251,0.09575650095939636,0.42715561389923096,0.40736663341522217
YPL224C,YML045W,0,1.000505,0.09573522955179214,0.42715561389923096,0.40746670961380005
YPR166C,YER167W,0,1.0005028,0.09571396559476852,0.42715561389923096,0.4075668156147003
YEL036C,YGR118W,0,1.0004951,0.0956927165389061,0.42715561389923096,0.4076668918132782
YOL006C,YKR008W,1,1.0004742,0.09589345008134842,0.42814669013023376,0.4076668918132782
YLR214W,YOR158W,0,1.0004523,0.0958721712231636,0.42814669013023376,0.40776699781417847
YAL010C,YFR003C,0,1.0004357,0.09585089981555939,0.42814669013023376,0.40786707401275635
YLR367W,YER083C,0,1.0004203,0.09582963585853577,0.42814669013023376,0.4079671800136566
YLR151C,YDR283C,0,1.0003973,0.09580838680267334,0.42814669013023376,0.4080672562122345
YML043C,YOR142W-B,0,1.0003972,0.09578713774681091,0.42814669013023376,0.40816736221313477
YDR350C,YOR162C,0,1.0003592,0.09576590359210968,0.42814669013023376,0.40826743841171265
YFL014W,YKR089C,0,1.0003357,0.09574468433856964,0.42814669013023376,0.4083675444126129
YJL192C,YCR038C,0,1.0003263,0.0957234650850296,0.42814669013023376,0.4084676206111908
YOR316C,YCR058C,0,1.0003238,0.09570226073265076,0.42814669013023376,0.4085676968097687
YPL163C,YOR343W-B,0,1.0002885,0.09568106383085251,0.42814669013023376,0.40866780281066895
YOL086W-A,YMR040W,0,1.0002633,0.09565987437963486,0.42814669013023376,0.4087678790092468
YBR160W,YMR125W,0,1.000263,0.0956386998295784,0.42814669013023376,0.4088679850101471
YLR265C,YDR375C,0,1.0002483,0.09561753273010254,0.42814669013023376,0.408968061208725
YMR263W,YKR010C,1,1.0002185,0.09581765532493591,0.4291377663612366,0.408968061208725
YLR391W-A,YNR060W,0,1.0002077,0.09579645842313766,0.4291377663612366,0.40906816720962524
YAL012W,YER074W,0,1.0002033,0.09577526897192001,0.4291377663612366,0.4091682434082031
YGR002C,YBR198C,1,1.0001854,0.09597523510456085,0.4301288425922394,0.4091682434082031
YMR130W,YDR368W,0,1.0001804,0.09595401585102081,0.4301288425922394,0.4092683494091034
YHR214C-C,YLL053C,0,1.0001556,0.09593280404806137,0.4301288425922394,0.4093684256076813
YBR188C,YJR075W,0,1.0001329,0.09591159969568253,0.4301288425922394,0.40946853160858154
YLR266C,YOR187W,0,1.0001044,0.09589041024446487,0.4301288425922394,0.4095686078071594
YKL154W,YJR084W,0,1.000078,0.09586922824382782,0.4301288425922394,0.4096687138080597
YER159C-A,YLR004C,0,1.0000622,0.09584805369377136,0.4301288425922394,0.4097687900066376
YPL058C,YIR014W,0,1.000049,0.0958268940448761,0.4301288425922394,0.40986889600753784
YDR007W,YLL026W,0,1.0000247,0.09580574184656143,0.4301288425922394,0.4099689722061157
YKL199C,YDR451C,0,1.0000136,0.09578459709882736,0.4301288425922394,0.4100690484046936
YDL121C,YBR081C,0,1.0000048,0.09576345980167389,0.4301288425922394,0.41016915440559387
YHR164C,YDR444W,0,0.99989605,0.09574233740568161,0.4301288425922394,0.41026923060417175
YBL011W,YMR114C,0,0.99986696,0.09572121500968933,0.4301288425922394,0.410369336605072
YML018C,YDR224C,0,0.9998382,0.09570010751485825,0.4301288425922394,0.4104694128036499
YLR154W-A,YKL053C-A,0,0.9998295,0.09567901492118835,0.4301288425922394,0.41056951880455017
YMR117C,YCL048W-A,0,0.999827,0.09565792232751846,0.4301288425922394,0.41066959500312805
YCL060C,YBL005W-B,0,0.999827,0.09563684463500977,0.4301288425922394,0.4107697010040283
YER012W,YDR210W-C,0,0.999827,0.09561577439308167,0.4301288425922394,0.4108697772026062
YJR143C,YAR070W-A,0,0.999827,0.09559471160173416,0.4301288425922394,0.41096988320350647
YER137C-A,YER029C,0,0.999827,0.09557366371154785,0.4301288425922394,0.41106995940208435
YDR210W-C,YLR244C,0,0.999827,0.09555262327194214,0.4301288425922394,0.4111700654029846
YCL057C-A,YPR137C-A,0,0.999827,0.09553159028291702,0.4301288425922394,0.4112701416015625
YKL196C,YER053C-A,0,0.999827,0.0955105647444725,0.4301288425922394,0.41137024760246277
YBL101W-A,YER126C,0,0.999827,0.09548954665660858,0.4301288425922394,0.41147032380104065
YNL284C-A,YKR096W,0,0.999827,0.09546854346990585,0.4301288425922394,0.41157039999961853
YJL065C,YDR210W-C,0,0.999827,0.09544754773378372,0.4301288425922394,0.4116705060005188
YPL189C-A,YPL276W,0,0.999827,0.09542655944824219,0.4301288425922394,0.4117705821990967
YCR080W,YNR040W,0,0.999827,0.09540558606386185,0.4301288425922394,0.41187068819999695
YJL198W,YBL029C-A,0,0.999827,0.0953846126794815,0.4301288425922394,0.41197076439857483
YDR210W-C,YHR184W,0,0.999827,0.09536365419626236,0.4301288425922394,0.4120708703994751
YAR070W-A,YDR227W,0,0.999827,0.09534270316362381,0.4301288425922394,0.412170946598053
YDR381C-A,YMR001C,0,0.999827,0.09532176703214645,0.4301288425922394,0.41227105259895325
YML045W-A,YJL045W,0,0.999827,0.0953008309006691,0.4301288425922394,0.41237112879753113
YPL223C,YBL029C-A,0,0.999827,0.09527990967035294,0.4301288425922394,0.4124712347984314
YHR214W-G,YNR060W,0,0.999827,0.09525899589061737,0.4301288425922394,0.4125713109970093
YDR210W-C,YMR122W-A,0,0.999827,0.095238097012043,0.4301288425922394,0.41267141699790955
YHR184W,YCL048W-A,0,0.999827,0.09521719813346863,0.4301288425922394,0.4127714931964874
YOR343C-A,YLR441C,0,0.999827,0.09519631415605545,0.4301288425922394,0.4128715991973877
YNL128W,YJL133C-A,0,0.999827,0.09517543762922287,0.4301288425922394,0.4129716753959656
YAL016W,YBL101W-B,0,0.999827,0.09515456855297089,0.4301288425922394,0.41307175159454346
YDR306C,YOR343W-B,0,0.999827,0.0951337143778801,0.4301288425922394,0.4131718575954437
YER046W,YCL048W-A,0,0.999827,0.0951128676533699,0.4301288425922394,0.4132719337940216
YJL208C,YBR200W-A,0,0.999827,0.09509202092885971,0.4301288425922394,0.4133720397949219
YNL145W,YGL258W-A,0,0.999827,0.09507119655609131,0.4301288425922394,0.41347211599349976
YBL101W-A,YOR148C,0,0.999827,0.0950503721833229,0.4301288425922394,0.4135722219944
YCR058C,YBR012W-A,0,0.999827,0.0950295627117157,0.4301288425922394,0.4136722981929779
YJL133C-A,YNL318C,0,0.999827,0.09500875324010849,0.4301288425922394,0.4137724041938782
YDR210W-C,YGL141W,0,0.999827,0.09498795866966248,0.4301288425922394,0.41387248039245605
YNL086W,YBR200W-A,0,0.999827,0.09496717900037766,0.4301288425922394,0.4139725863933563
YML045W-A,YPL135W,0,0.999827,0.09494639933109283,0.4301288425922394,0.4140726625919342
YDL056W,YML045W-A,0,0.999827,0.09492563456296921,0.4301288425922394,0.4141727685928345
YDR210W-C,YOL116W,0,0.999827,0.09490487724542618,0.4301288425922394,0.41427284479141235
YKL004W,YLR410W-A,0,0.999827,0.09488412737846375,0.4301288425922394,0.41437292098999023
YJL172W,YBL029C-A,0,0.999827,0.09486338496208191,0.4301288425922394,0.4144730269908905
YNL138W-A,YLR143W,0,0.999827,0.09484265744686127,0.4301288425922394,0.4145731031894684
YBL052C,YBL101W-B,0,0.999827,0.09482193738222122,0.4301288425922394,0.41467320919036865
YNL284C-A,YDR332W,0,0.999827,0.09480122476816177,0.4301288425922394,0.41477328538894653
YNL258C,YAR070W-A,0,0.999827,0.09478051960468292,0.4301288425922394,0.4148733913898468
YLR448W,YGL258W-A,0,0.999827,0.09475982189178467,0.4301288425922394,0.4149734675884247
YNL049C,YDR014W-A,0,0.999827,0.09473913908004761,0.4301288425922394,0.41507357358932495
YOR343C-A,YKR027W,0,0.999827,0.09471846371889114,0.4301288425922394,0.41517364978790283
YKR050W,YNL284C-A,0,0.999827,0.09469779580831528,0.4301288425922394,0.4152737557888031
YDR381C-A,YKR009C,0,0.999827,0.09467713534832001,0.4301288425922394,0.415373831987381
YLR318W,YDR014W-A,0,0.999827,0.09465648978948593,0.4301288425922394,0.41547393798828125
YDR210W-C,YOR212W,0,0.999827,0.09463585168123245,0.4301288425922394,0.41557401418685913
YDR210W-C,YLR357W,0,0.999827,0.09461521357297897,0.4301288425922394,0.4156741201877594
YER101C,YER053C-A,0,0.999827,0.09459459781646729,0.4301288425922394,0.4157741963863373
YDL078C,YDR014W-A,0,0.999827,0.0945739820599556,0.4301288425922394,0.41587427258491516
YFR050C,YDR381C-A,0,0.999827,0.0945533737540245,0.4301288425922394,0.41597437858581543
YKR095W-A,YJR054W,0,0.999827,0.09453278034925461,0.4301288425922394,0.4160744547843933
YKL093W,YGL258W-A,0,0.999827,0.09451219439506531,0.4301288425922394,0.4161745607852936
YOL095C,YCL048W-A,0,0.999827,0.0944916158914566,0.4301288425922394,0.41627463698387146
YDL135C,YBR200W-A,0,0.999827,0.0944710522890091,0.4301288425922394,0.41637474298477173
YHR214W-G,YJR006W,0,0.999827,0.09445048868656158,0.4301288425922394,0.4164748191833496
YFL011W-A,YGR161W-A,0,0.999827,0.09442993998527527,0.4301288425922394,0.4165749251842499
YDR210W-C,YKL154W,0,0.999827,0.09440939873456955,0.4301288425922394,0.41667500138282776
YMR074C,YKL158W,0,0.999827,0.09438886493444443,0.4301288425922394,0.416775107383728
YPL189C-A,YML133C,0,0.999827,0.0943683385848999,0.4301288425922394,0.4168751835823059
YPL224C,YBL101W-B,0,0.999827,0.09434782713651657,0.4301288425922394,0.4169752895832062
YCR045C,YHR214W-G,0,0.999827,0.09432732313871384,0.4301288425922394,0.41707536578178406
YER137C-A,YJL012C-A,0,0.999827,0.0943068265914917,0.4301288425922394,0.4171754717826843
YBL101W-A,YER060W-A,0,0.999827,0.09428633749485016,0.4301288425922394,0.4172755479812622
YGL259W,YDR098C-B,0,0.999827,0.09426585584878922,0.4301288425922394,0.4173756241798401
YMR026C,YBL101W-B,0,0.999827,0.09424538910388947,0.4301288425922394,0.41747573018074036
YDL134C-A,YMR090W,0,0.999827,0.09422492235898972,0.4301288425922394,0.41757580637931824
YLL013C,YBR200W-A,0,0.999827,0.09420447051525116,0.4301288425922394,0.4176759123802185
YJL214W,YDR014W-A,0,0.999827,0.0941840261220932,0.4301288425922394,0.4177759885787964
YNL284C-A,YPL022W,0,0.999827,0.09416359663009644,0.4301288425922394,0.41787609457969666
YOR310C,YER053C-A,0,0.999827,0.09414316713809967,0.4301288425922394,0.41797617077827454
YBL101W-A,YJR027W,0,0.999827,0.0941227525472641,0.4301288425922394,0.4180762767791748
YBL101W-A,YGL016W,0,0.999827,0.09410234540700912,0.4301288425922394,0.4181763529777527
YHR214W-G,YNL102W,0,0.999827,0.09408194571733475,0.4301288425922394,0.41827645897865295
YNL135C,YDR014W-A,0,0.999827,0.09406155347824097,0.4301288425922394,0.41837653517723083
YNL284C-A,YJL054W,0,0.999827,0.09404116868972778,0.4301288425922394,0.4184766411781311
YJL133C-A,YLR380W,0,0.999827,0.0940207988023758,0.4301288425922394,0.418576717376709
YNL095C,YCR097WB,0,0.999827,0.0940004363656044,0.4301288425922394,0.41867682337760925
YEL001C,YER053C-A,0,0.999827,0.0939800813794136,0.4301288425922394,0.41877689957618713
YKL097W-A,YOL098C,0,0.999827,0.0939597338438034,0.4301288425922394,0.418876975774765
YML045W-A,YOR378W,0,0.999827,0.0939393937587738,0.4301288425922394,0.4189770817756653
YJL046W,YER053C-A,0,0.999827,0.0939190685749054,0.4301288425922394,0.41907715797424316
YLR227W-B,YFL011W-A,0,0.999827,0.09389874339103699,0.4301288425922394,0.41917726397514343
YDL105W,YDR014W-A,0,0.999827,0.09387843310832977,0.4301288425922394,0.4192773401737213
YDR109C,YFL018W-A,0,0.999827,0.09385813027620316,0.4301288425922394,0.4193774461746216
YPL233W,YAR070W-A,0,0.999827,0.09383783489465714,0.4301288425922394,0.41947752237319946
YKL199C,YDR261C-D,0,0.999827,0.09381755441427231,0.4301288425922394,0.41957762837409973
YNL284C-A,YOR026W,0,0.999827,0.09379727393388748,0.4301288425922394,0.4196777045726776
YDR210C-D,YJL062W-A,0,0.999827,0.09377700835466385,0.4301288425922394,0.4197778105735779
YPR158C-D,YOL158C,0,0.999827,0.09375675022602081,0.4301288425922394,0.41987788677215576
YGL206C,YDR210W-C,0,0.999827,0.09373649954795837,0.4301288425922394,0.41997799277305603
YLL016W,YPR137C-A,0,0.999827,0.09371625632047653,0.4301288425922394,0.4200780689716339
YMR023C,YJL133C-A,0,0.999827,0.09369602799415588,0.4301288425922394,0.4201781749725342
YER108C,YOR378W,0,0.999827,0.09367580711841583,0.4301288425922394,0.42027825117111206
YPL033C,YJL133C-A,0,0.999827,0.09365558624267578,0.4301288425922394,0.42037832736968994
YPL105C,YJL133C-A,0,0.999827,0.09363538026809692,0.4301288425922394,0.4204784333705902
YML045W-A,YLR033W,0,0.999827,0.09361518919467926,0.4301288425922394,0.4205785095691681
YHR214W-G,YIL083C,0,0.999827,0.0935949981212616,0.4301288425922394,0.42067861557006836
YNL031C,YNL284C-A,0,0.999827,0.09357481449842453,0.4301288425922394,0.42077869176864624
YMR059W,YBL029C-A,0,0.999827,0.09355464577674866,0.4301288425922394,0.4208787977695465
YKL199C,YNL208W,0,0.999827,0.09353448450565338,0.4301288425922394,0.4209788739681244
YDR107C,YML045W-A,0,0.999827,0.0935143306851387,0.4301288425922394,0.42107897996902466
YKL138C-A,YPL168W,0,0.999827,0.09349418431520462,0.4301288425922394,0.42117905616760254
YCL027W,YER053C-A,0,0.999827,0.09347404539585114,0.4301288425922394,0.4212791621685028
YOR034C,YCR091W,0,0.9998128,0.09345392137765884,0.4301288425922394,0.4213792383670807
YLR154W-A,YLR038C,0,0.99980253,0.09343379735946655,0.4301288425922394,0.42147934436798096
YOL086W-A,YPR161C,0,0.9997992,0.09341368824243546,0.4301288425922394,0.42157942056655884
YMR319C,YDR238C,0,0.99979514,0.09339358657598495,0.4301288425922394,0.4216794967651367
YJL004C,YMR276W,0,0.9997927,0.09337349236011505,0.4301288425922394,0.421779602766037
YJL062W-A,YBR125C,0,0.99979067,0.09335341304540634,0.4301288425922394,0.42187967896461487
YAR015W,YJL062W-A,0,0.9997884,0.09333333373069763,0.4301288425922394,0.42197978496551514
YLR154W-A,YJL021C,0,0.99978775,0.09331326931715012,0.4301288425922394,0.422079861164093
YLR209C,YJL041W,0,0.99977636,0.0932932049036026,0.4301288425922394,0.4221799671649933
YER056C-A,YOR386W,0,0.9997736,0.09327315539121628,0.4301288425922394,0.42228004336357117
YBL034C,YDL076C,0,0.9997498,0.09325311332941055,0.4301288425922394,0.42238014936447144
YFL036W,YIL150C,0,0.9997444,0.09323308616876602,0.4301288425922394,0.4224802255630493
YMR321C,YLR097C,0,0.99971765,0.09321305900812149,0.4301288425922394,0.4225803315639496
YDR441C,YPR200C,0,0.9997088,0.09319303929805756,0.4301288425922394,0.42268040776252747
YOR187W,YDR429C,0,0.9996472,0.09317303448915482,0.4301288425922394,0.42278051376342773
YDR315C,YLR203C,0,0.9995987,0.09315303713083267,0.4301288425922394,0.4228805899620056
YMR268W-A,YNL102W,0,0.9995591,0.09313304722309113,0.4301288425922394,0.4229806959629059
YDR404C,YHR060W,0,0.9995494,0.09311306476593018,0.4301288425922394,0.42308077216148376
YCL003W,YIL004C,0,0.9995433,0.09309308975934982,0.4301288425922394,0.42318084836006165
YMR192W,YOR113W,0,0.9995361,0.09307312965393066,0.4301288425922394,0.4232809543609619
YER060W,YLR289W,0,0.99953204,0.0930531695485115,0.4301288425922394,0.4233810305595398
YGR193C,YMR090W,0,0.99952847,0.09303322434425354,0.4301288425922394,0.42348113656044006
YDR454C,YAL019W,0,0.99951595,0.09301328659057617,0.4301288425922394,0.42358121275901794
YIL036W,YJL192C,0,0.9995079,0.0929933562874794,0.4301288425922394,0.4236813187599182
YDR261W-B,YIL080W,0,0.9994895,0.09297343343496323,0.4301288425922394,0.4237813949584961
YER012W,YKL126W,0,0.9994682,0.09295352548360825,0.4301288425922394,0.42388150095939636
YOL064C,YDR212W,0,0.9994572,0.09293361753225327,0.4301288425922394,0.42398157715797424
YKL158W,YER062C,0,0.9994347,0.09291372448205948,0.4301288425922394,0.4240816831588745
YBR107C,YJR135W-A,0,0.9994333,0.09289383888244629,0.4301288425922394,0.4241817593574524
YCL060C,YKL060C,0,0.999432,0.0928739532828331,0.4301288425922394,0.42428186535835266
YMR080C,YDL229W,0,0.9993751,0.0928540900349617,0.4301288425922394,0.42438194155693054
YKL062W,YDL230W,0,0.9993607,0.0928342267870903,0.4301288425922394,0.4244820475578308
YCL012W,YDR178W,0,0.9993364,0.0928143709897995,0.4301288425922394,0.4245821237564087
YDR098C-B,YML081W,0,0.9993331,0.09279453009366989,0.4301288425922394,0.4246821999549866
YFL013C,YKR048C,1,0.99927646,0.09298845380544662,0.4311199188232422,0.4246821999549866
YGR054W,YGR120C,0,0.9992756,0.09296858310699463,0.4311199188232422,0.42478230595588684
YDL206W,YML087C,0,0.999273,0.09294871985912323,0.4311199188232422,0.4248823821544647
YLR103C,YMR239C,1,0.9992492,0.09314249455928802,0.432110995054245,0.4248823821544647
YLR337W,YOL026C,0,0.9992477,0.09312259405851364,0.432110995054245,0.424982488155365
YGL191W,YDR079W,0,0.9992341,0.09310270845890045,0.432110995054245,0.42508256435394287
YPR158C-D,YAR027W,0,0.99920833,0.09308283776044846,0.432110995054245,0.42518267035484314
YML045W,YOR192C-B,0,0.9992009,0.09306296706199646,0.432110995054245,0.425282746553421
YBR245C,YGR129W,0,0.9991871,0.09304310381412506,0.432110995054245,0.4253828525543213
YHR167W,YLR419W,0,0.9991863,0.09302325546741486,0.432110995054245,0.42548292875289917
YIL119C,YDL101C,0,0.99915475,0.09300341457128525,0.432110995054245,0.42558303475379944
YGR161W-B,YLR363C,0,0.99915135,0.09298358112573624,0.432110995054245,0.4256831109523773
YNL054W-A,YER086W,0,0.9991429,0.09296375513076782,0.432110995054245,0.4257832169532776
YLR312C-B,YPR149W,0,0.9991337,0.09294393658638,0.432110995054245,0.42588329315185547
YJL212C,YGR032W,0,0.9991098,0.09292412549257278,0.432110995054245,0.42598339915275574
YGL200C,YDR227W,0,0.9990872,0.09290432929992676,0.432110995054245,0.4260834753513336
YMR065W,YGL185C,0,0.99907446,0.09288453310728073,0.432110995054245,0.4261835515499115
YHL025W,YNR003C,0,0.99907416,0.0928647518157959,0.432110995054245,0.42628365755081177
YPR032W,YJR001W,0,0.99903375,0.09284497797489166,0.432110995054245,0.42638373374938965
YGR286C,YCR035C,0,0.9990225,0.09282520413398743,0.432110995054245,0.4264838397502899
YPR105C,YNL309W,0,0.9989882,0.09280545264482498,0.432110995054245,0.4265839159488678
YJR143C,YOR244W,0,0.9989517,0.09278570115566254,0.432110995054245,0.42668402194976807
YLR113W,YPR162C,0,0.9989441,0.09276595711708069,0.432110995054245,0.42678409814834595
YNL267W,YDR059C,0,0.998933,0.09274622052907944,0.432110995054245,0.4268842041492462
YJL083W,YLR361C,0,0.9989137,0.09272649884223938,0.432110995054245,0.4269842803478241
YEL070W,YPR091C,0,0.9989008,0.09270678460597992,0.432110995054245,0.42708438634872437
YLR154C,YNL322C,0,0.9988988,0.09268707782030106,0.432110995054245,0.42718446254730225
YOR222W,YOR060C,0,0.9987308,0.09266737848520279,0.432110995054245,0.4272845685482025
YDR510W,YKR030W,0,0.998692,0.09264768660068512,0.432110995054245,0.4273846447467804
YJL094C,YMR034C,0,0.9986724,0.09262800216674805,0.432110995054245,0.42748475074768066
YMR267W,YFL041W,0,0.9986578,0.09260832518339157,0.432110995054245,0.42758482694625854
YER022W,YLR032W,0,0.9986516,0.09258866310119629,0.432110995054245,0.4276849031448364
YKL108W,YNL207W,0,0.99865085,0.09256900101900101,0.432110995054245,0.4277850091457367
YPL254W,YGL168W,0,0.99862546,0.09254935383796692,0.432110995054245,0.4278850853443146
YBR066C,YAR009C,0,0.9986195,0.09252971410751343,0.432110995054245,0.42798519134521484
YML004C,YHR079C-B,0,0.9986179,0.09251008182764053,0.432110995054245,0.4280852675437927
YLR204W,YDL121C,0,0.99860644,0.09249045699834824,0.432110995054245,0.428185373544693
YDR019C,YDR497C,0,0.9986056,0.09247083961963654,0.432110995054245,0.4282854497432709
YBR173C,YOR158W,0,0.9985787,0.09245122969150543,0.432110995054245,0.42838555574417114
YDR368W,YHR133C,0,0.99857444,0.09243162721395493,0.432110995054245,0.428485631942749
YPR105C,YGL113W,0,0.99854416,0.09241203963756561,0.432110995054245,0.4285857379436493
YGL178W,YKR036C,0,0.9985377,0.0923924595117569,0.432110995054245,0.4286858141422272
YDR316W-A,YGL219C,0,0.9985234,0.09237287938594818,0.432110995054245,0.42878592014312744
YCR098C,YIL080W,0,0.9985176,0.09235331416130066,0.432110995054245,0.4288859963417053
YNL284C,YAL020C,0,0.9985116,0.09233375638723373,0.432110995054245,0.4289861023426056
YOR323C,YMR045C,0,0.9984896,0.0923142060637474,0.432110995054245,0.42908617854118347
YKL038W,YGL157W,0,0.99848473,0.09229466319084167,0.432110995054245,0.42918625473976135
YBR090C-A,YBR010W,1,0.99846756,0.09248676896095276,0.4331020712852478,0.42918625473976135
YDR170W-A,YLR373C,0,0.99845433,0.09246720373630524,0.4331020712852478,0.4292863607406616
YOR011W,YNL325C,0,0.9984275,0.09244763851165771,0.4331020712852478,0.4293864369392395
YNL054W-A,YJR031C,0,0.9984143,0.09242808818817139,0.4331020712852478,0.42948654294013977
YNL054W-A,YDR545W,0,0.99840057,0.09240854531526566,0.4331020712852478,0.42958661913871765
YNL230C,YGL045W,0,0.99838173,0.09238900989294052,0.4331020712852478,0.4296867251396179
YNL142W,YDR296W,0,0.99835134,0.09236947447061539,0.4331020712852478,0.4297868013381958
YER159C-A,YPR031W,0,0.9983145,0.09234996140003204,0.4331020712852478,0.42988690733909607
YDR387C,YLR167W,0,0.9983049,0.0923304483294487,0.4331020712852478,0.42998698353767395
YLL043W,YLR293C,0,0.99830323,0.09231094270944595,0.4331020712852478,0.4300870895385742
YBL052C,YDR439W,1,0.99829054,0.0925026386976242,0.4340931475162506,0.4300870895385742
YJR102C,YDR261C-D,0,0.99823886,0.09248311072587967,0.4340931475162506,0.4301871657371521
YBR090C-A,YKR101W,1,0.9981877,0.09267468750476837,0.4350842535495758,0.4301871657371521
YMR001C,YDR371W,0,0.998182,0.09265512973070145,0.4350842535495758,0.43028727173805237
YPR068C,YDL042C,1,0.9981665,0.0928465947508812,0.4360753297805786,0.43028727173805237
YKL061W,YHR069C,0,0.99815524,0.09282700717449188,0.4360753297805786,0.43038734793663025
YLR389C,YGL085W,0,0.9981201,0.09280742704868317,0.4360753297805786,0.43048742413520813
YNR018W,YLR142W,0,0.9980754,0.09278785437345505,0.4360753297805786,0.4305875301361084
YIR009W,YGR170W,0,0.9980501,0.09276828914880753,0.4360753297805786,0.4306876063346863
YNL172W,YHR105W,0,0.99799204,0.0927487388253212,0.4360753297805786,0.43078771233558655
YLR227W-A,YPL253C,0,0.9979826,0.09272918850183487,0.4360753297805786,0.43088778853416443
YDL054C,YBR016W,0,0.99791646,0.09270965307950974,0.4360753297805786,0.4309878945350647
YHR039C-B,YLR090W,0,0.9978761,0.0926901176571846,0.4360753297805786,0.4310879707336426
YLR126C,YFL002W-B,0,0.99786603,0.09267059713602066,0.4360753297805786,0.43118807673454285
YIL131C,YCR020W-B,1,0.9978627,0.09286165237426758,0.4370664060115814,0.43118807673454285
YDR334W,YNL325C,0,0.9978621,0.09284210205078125,0.4370664060115814,0.4312881529331207
YDR454C,YLR143W,0,0.997854,0.09282256662845612,0.4370664060115814,0.431388258934021
YEL043W,YHL036W,0,0.99782467,0.09280303120613098,0.4370664060115814,0.4314883351325989
YKL160W,YLR272C,1,0.99778533,0.09299390017986298,0.43805748224258423,0.4314883351325989
YLR410W-B,YLR289W,0,0.99777156,0.09297433495521545,0.43805748224258423,0.43158844113349915
YJR034W,YGR109W-A,0,0.9977526,0.09295478463172913,0.43805748224258423,0.431688517332077
YNL298W,YLR277C,0,0.9977457,0.0929352417588234,0.43805748224258423,0.4317886233329773
YJR126C,YDR536W,0,0.9977349,0.09291570633649826,0.43805748224258423,0.4318886995315552
YKL205W,YPR158W-B,0,0.99771905,0.09289617836475372,0.43805748224258423,0.43198877573013306
YMR032W,YOR142W-B,0,0.99768543,0.09287665784358978,0.43805748224258423,0.4320888817310333
YMR300C,YPR133C,0,0.99759346,0.09285714477300644,0.43805748224258423,0.4321889579296112
YOR038C,YJR010C-A,0,0.997581,0.09283763915300369,0.43805748224258423,0.4322890639305115
YLR390W-A,YPR166C,0,0.9975334,0.09281814098358154,0.43805748224258423,0.43238914012908936
YDR316W-B,YDR443C,0,0.99751633,0.09279865771532059,0.43805748224258423,0.4324892461299896
YGR282C,YJR109C,0,0.9975145,0.09277917444705963,0.43805748224258423,0.4325893223285675
YLR192C,YOR253W,0,0.99750817,0.09275970607995987,0.43805748224258423,0.4326894283294678
YGR235C,YKL097W-A,0,0.9975009,0.0927402451634407,0.43805748224258423,0.43278950452804565
YDL074C,YMR043W,0,0.9974825,0.09272079169750214,0.43805748224258423,0.4328896105289459
YDR098C-B,YDL179W,0,0.9974764,0.09270134568214417,0.43805748224258423,0.4329896867275238
YDL138W,YJR084W,0,0.9974174,0.09268190711736679,0.43805748224258423,0.4330897927284241
YKL026C,YGL073W,0,0.99738693,0.09266247600317001,0.43805748224258423,0.43318986892700195
YMR163C,YOR192C-A,0,0.9973861,0.09264305233955383,0.43805748224258423,0.4332899749279022
YKL210W,YBR287W,0,0.9973845,0.09262363612651825,0.43805748224258423,0.4333900511264801
YJR138W,YFL044C,0,0.99737793,0.09260423481464386,0.43805748224258423,0.433490127325058
YAL010C,YHR158C,0,0.9973426,0.09258483350276947,0.43805748224258423,0.43359023332595825
YDR287W,YDR090C,0,0.9972625,0.09256544709205627,0.43805748224258423,0.43369030952453613
YIR019C,YEL015W,0,0.9972513,0.09254606068134308,0.43805748224258423,0.4337904155254364
YKL095W,YER052C,0,0.9972122,0.09252668917179108,0.43805748224258423,0.4338904917240143
YEL038W,YJR016C,0,0.9972043,0.09250732511281967,0.43805748224258423,0.43399059772491455
YHR214C-C,YMR101C,0,0.99720126,0.09248796850442886,0.43805748224258423,0.43409067392349243
YBR009C,YOR396W,0,0.9971802,0.09246861934661865,0.43805748224258423,0.4341907799243927
YNR023W,YDR190C,1,0.9971524,0.09265843778848648,0.43904855847358704,0.4341907799243927
YER133W,YOR265W,0,0.99713296,0.09263906627893448,0.43904855847358704,0.4342908561229706
YLR357W,YCR020W-B,1,0.99710345,0.09282876551151276,0.44003963470458984,0.4342908561229706
YNR021W,YER031C,0,0.9970657,0.09280936419963837,0.44003963470458984,0.43439096212387085
YPR133W-A,YPR008W,0,0.9970591,0.09278997033834457,0.44003963470458984,0.43449103832244873
YLR085C,YGL194C,1,0.99702656,0.09297952055931091,0.44103071093559265,0.43449103832244873
YOR267C,YOR377W,0,0.9970079,0.09296009689569473,0.44103071093559265,0.434591144323349
YJL052W,YEL012W,0,0.99699134,0.09294068813323975,0.44103071093559265,0.4346912205219269
YJR131W,YEL036C,0,0.9969806,0.09292127937078476,0.44103071093559265,0.43479132652282715
YDR486C,YOR224C,0,0.9969157,0.09290187805891037,0.44103071093559265,0.43489140272140503
YLR187W,YOL103W-A,0,0.9969093,0.09288249164819717,0.44103071093559265,0.4349914789199829
YOR279C,YLR312W-A,0,0.9969049,0.09286310523748398,0.44103071093559265,0.4350915849208832
YDR170W-A,YGR032W,0,0.9968803,0.09284373372793198,0.44103071093559265,0.43519166111946106
YDR388W,YLR227W-B,0,0.9968737,0.09282436221837997,0.44103071093559265,0.43529176712036133
YBR022W,YDR371W,0,0.9968678,0.09280500560998917,0.44103071093559265,0.4353918433189392
YNL164C,YCL074W,0,0.9968205,0.09278565645217896,0.44103071093559265,0.4354919493198395
YDR443C,YDR387C,0,0.99681646,0.09276631474494934,0.44103071093559265,0.43559202551841736
YPR158C-C,YPL075W,0,0.99679595,0.09274698048830032,0.44103071093559265,0.4356921315193176
YLR357W,YDR071C,1,0.99677116,0.09293603152036667,0.44202181696891785,0.4356921315193176
YNL216W,YEL021W,0,0.99675924,0.09291666746139526,0.44202181696891785,0.4357922077178955
YNL268W,YHR129C,0,0.99672747,0.09289731085300446,0.44202181696891785,0.4358923137187958
YGL205W,YJR101W,0,0.9967152,0.09287796914577484,0.44202181696891785,0.43599238991737366
YNR048W,YGR027W-B,0,0.99666774,0.09285862743854523,0.44202181696891785,0.4360924959182739
YPR019W,YDR261C,0,0.9966644,0.0928393006324768,0.44202181696891785,0.4361925721168518
YOR179C,YIR009W,0,0.99665725,0.09281998127698898,0.44202181696891785,0.4362926781177521
YPL183W-A,YGL172W,0,0.9966483,0.09280066937208176,0.44202181696891785,0.43639275431632996
YBR198C,YML041C,1,0.99664587,0.09298939257860184,0.44301289319992065,0.43639275431632996
YNL151C,YDL210W,0,0.9966393,0.09297005087137222,0.44301289319992065,0.43649283051490784
YPL153C,YHR056C,1,0.9966227,0.09315866231918335,0.44400396943092346,0.43649283051490784
YDL115C,YGL232W,0,0.9966167,0.09313929080963135,0.44400396943092346,0.4365929365158081
YER159C-A,YER114C,0,0.9965648,0.09311993420124054,0.44400396943092346,0.436693012714386
YLR427W,YOL051W,0,0.9965645,0.09310058504343033,0.44400396943092346,0.43679311871528625
YIL159W,YLR165C,0,0.99655104,0.09308123588562012,0.44400396943092346,0.43689319491386414
YCR080W,YGR239C,0,0.9965184,0.0930619016289711,0.44400396943092346,0.4369933009147644
YJL206C,YML113W,0,0.9965153,0.09304257482290268,0.44400396943092346,0.4370933771133423
YNL131W,YPR149W,0,0.9964959,0.09302325546741486,0.44400396943092346,0.43719348311424255
YIL053W,YCR097WB,0,0.99648523,0.09300394356250763,0.44400396943092346,0.43729355931282043
YMR160W,YLR289W,0,0.9964809,0.092984639108181,0.44400396943092346,0.4373936653137207
YLR183C,YER031C,0,0.99646145,0.09296534210443497,0.44400396943092346,0.4374937415122986
YLR459W,YLL043W,0,0.99642503,0.09294606000185013,0.44400396943092346,0.43759384751319885
YDL209C,YDR495C,0,0.99637794,0.09292677789926529,0.44400396943092346,0.43769392371177673
YPL104W,YEL018W,0,0.99632937,0.09290751069784164,0.44400396943092346,0.4377939999103546
YOL045W,YGL103W,0,0.99630874,0.092888243496418,0.44400396943092346,0.4378941059112549
YBR180W,YLL018C-A,0,0.9963047,0.09286899119615555,0.44400396943092346,0.43799418210983276
YMR234W,YOR113W,0,0.9962894,0.0928497388958931,0.44400396943092346,0.43809428811073303
YDR210W-B,YJR031C,0,0.99626875,0.09283050149679184,0.44400396943092346,0.4381943643093109
YDL081C,YGL256W,0,0.9962669,0.09281127154827118,0.44400396943092346,0.4382944703102112
YNR008W,YJR083C,0,0.9962419,0.09279204905033112,0.44400396943092346,0.43839454650878906
YNL038W,YML125C,0,0.9962209,0.09277283400297165,0.44400396943092346,0.43849465250968933
YCL060C,YPL138C,0,0.99621594,0.09275362640619278,0.44400396943092346,0.4385947287082672
YDL045C,YJL192C,0,0.99620855,0.0927344262599945,0.44400396943092346,0.4386948347091675
YGR031C-A,YMR311C,0,0.9961997,0.09271523356437683,0.44400396943092346,0.43879491090774536
YGR221C,YJL081C,1,0.9961882,0.09290295839309692,0.44499504566192627,0.43879491090774536
YGL085W,YFL002W-B,0,0.9961868,0.09288374334573746,0.44499504566192627,0.43889501690864563
YGR109W-A,YJR118C,0,0.99617213,0.09286452829837799,0.44499504566192627,0.4389950931072235
YOR292C,YML005W,0,0.9961699,0.09284532815217972,0.44499504566192627,0.4390951991081238
YNL176C,YDL195W,0,0.99615705,0.09282613545656204,0.44499504566192627,0.43919527530670166
YDR299W,YEL051W,0,0.9960742,0.09280694276094437,0.44499504566192627,0.43929535150527954
YOL067C,YDR334W,0,0.9960618,0.09278776496648788,0.44499504566192627,0.4393954575061798
YCL005W-A,YGL014W,0,0.9959946,0.092768594622612,0.44499504566192627,0.4394955337047577
YLL022C,YJL115W,1,0.9959895,0.09295599907636642,0.4459861218929291,0.4394955337047577
YNL208W,YDR481C,0,0.99596727,0.09293680638074875,0.4459861218929291,0.43959563970565796
YJL128C,YKR054C,0,0.99591064,0.09291761368513107,0.4459861218929291,0.43969571590423584
YDR507C,YLR181C,0,0.9958286,0.092898428440094,0.4459861218929291,0.4397958219051361
YPR132W,YML082W,0,0.9958265,0.09287925809621811,0.4459861218929291,0.439895898103714
YJL081C,YGL194C,1,0.99581474,0.09306644648313522,0.4469771981239319,0.439895898103714
YBL031W,YCR054C,0,0.9957927,0.09304724633693695,0.4469771981239319,0.43999600410461426
YKL064W,YBR153W,0,0.9957914,0.09302805364131927,0.4469771981239319,0.44009608030319214
YDR303C,YDR225W,1,0.9957895,0.09321509301662445,0.4479682743549347,0.44009608030319214
YER133W,YLR364W,0,0.99577826,0.09319587796926498,0.4479682743549347,0.4401961863040924
YCL060C,YOR068C,0,0.9957545,0.09317666292190552,0.4479682743549347,0.4402962625026703
YLR023C,YJR010C-A,0,0.99572074,0.09315746277570724,0.4479682743549347,0.44039636850357056
YKL156W,YPL149W,0,0.99571425,0.09313826262950897,0.4479682743549347,0.44049644470214844
YBL098W,YPR063C,0,0.99567777,0.0931190773844719,0.4479682743549347,0.4405965507030487
YGL196W,YOL026C,0,0.9956603,0.09309989959001541,0.4479682743549347,0.4406966269016266
YLL013C,YOR353C,0,0.99560845,0.09308072179555893,0.4479682743549347,0.44079670310020447
YDR356W,YDR298C,0,0.9955719,0.09306155890226364,0.4479682743549347,0.44089680910110474
YBR069C,YOL136C,0,0.9955633,0.09304240345954895,0.4479682743549347,0.4409968852996826
YNL135C,YGL112C,1,0.9955607,0.09322906285524368,0.4489593803882599,0.4409968852996826
YGL210W,YBR273C,0,0.99553704,0.0932098776102066,0.4489593803882599,0.4410969913005829
YDR418W,YHR025W,0,0.99545664,0.09319069981575012,0.4489593803882599,0.44119706749916077
YDR030C,YGR106C,0,0.9954446,0.09317153692245483,0.4489593803882599,0.44129717350006104
YDR372C,YMR233W,0,0.9954117,0.09315237402915955,0.4489593803882599,0.4413972496986389
YOR287C,YDR107C,0,0.9954061,0.09313322603702545,0.4489593803882599,0.4414973556995392
YMR127C,YML109W,1,0.9953992,0.09331963211297989,0.4499504566192627,0.4414973556995392
YDL105W,YPL153C,1,0.9953947,0.09350595623254776,0.4509415328502655,0.4414973556995392
YGL045W,YBL063W,0,0.9953428,0.09348674863576889,0.4509415328502655,0.44159743189811707
YLR192C,YOR101W,0,0.9953305,0.09346754103899002,0.4509415328502655,0.44169753789901733
YBR260C,YDR361C,0,0.99531364,0.09344834834337234,0.4509415328502655,0.4417976140975952
YKL180W,YGL014W,0,0.9953052,0.09342915564775467,0.4509415328502655,0.4418977200984955
YMR247C,YPR105C,0,0.9952933,0.09340997785329819,0.4509415328502655,0.44199779629707336
YLR321C,YDR224C,1,0.99528885,0.09359605610370636,0.4519326090812683,0.44199779629707336
YOR079C,YMR166C,0,0.995232,0.09357684850692749,0.4519326090812683,0.44209790229797363
YGL070C,YMR184W,0,0.995192,0.09355765581130981,0.4519326090812683,0.4421979784965515
YMR268W-A,YOR126C,0,0.9951878,0.09353846311569214,0.4519326090812683,0.4422980546951294
YPR180W,YDL124W,0,0.995161,0.09351927787065506,0.4519326090812683,0.44239816069602966
YER159C-A,YML087C,0,0.9951463,0.09350010007619858,0.4519326090812683,0.44249823689460754
YGR109W-A,YLR213C,0,0.99513143,0.09348093718290329,0.4519326090812683,0.4425983428955078
YCR081W,YNL207W,0,0.9951219,0.093461774289608,0.4519326090812683,0.4426984190940857
YNR038W,YOR346W,0,0.99510354,0.09344262629747391,0.4519326090812683,0.44279852509498596
YNR013C,YFR013W,0,0.9951033,0.09342347830533981,0.4519326090812683,0.44289860129356384
YDR412W,YLR075W,0,0.99509686,0.09340434521436691,0.4519326090812683,0.4429987072944641
YMR284W,YPL235W,1,0.9950842,0.09359000623226166,0.4529236853122711,0.4429987072944641
YMR160W,YDR365W-A,0,0.9950055,0.09357084333896637,0.4529236853122711,0.443098783493042
YLR323C,YDR101C,0,0.99493927,0.09355168789625168,0.4529236853122711,0.44319888949394226
YIL084C,YJR052W,0,0.9949153,0.09353253990411758,0.4529236853122711,0.44329896569252014
YDR210C-D,YNL031C,0,0.99490553,0.09351339936256409,0.4529236853122711,0.4433990716934204
YOL098C,YOR389W,0,0.99488986,0.09349427372217178,0.4529236853122711,0.4434991478919983
YOR316C,YNL294C,0,0.9948649,0.09347514808177948,0.4529236853122711,0.44359925389289856
YML109W,YOR324C,0,0.9948048,0.09345602989196777,0.4529236853122711,0.44369933009147644
YMR322C,YLL041C,0,0.9947965,0.09343692660331726,0.4529236853122711,0.4437994062900543
YGR161C-D,YDR268W,0,0.99479073,0.09341782331466675,0.4529236853122711,0.4438995122909546
YOR142W-B,YHR215W,0,0.994776,0.09339873492717743,0.4529236853122711,0.44399958848953247
YGL049C,YGR005C,0,0.99473095,0.09337964653968811,0.4529236853122711,0.44409969449043274
YKR019C,YDR145W,1,0.99471384,0.09356486052274704,0.4539147615432739,0.44409969449043274
YLR324W,YDR423C,0,0.9947115,0.09354574978351593,0.4539147615432739,0.4441997706890106
YLR096W,YIL008W,0,0.9947067,0.09352664649486542,0.4539147615432739,0.4442998766899109
YIR017C,YJR068W,0,0.9947015,0.0935075506567955,0.4539147615432739,0.44439995288848877
YBL090W,YOR142W-B,0,0.9946907,0.09348846971988678,0.4539147615432739,0.44450005888938904
YBR268W,YKL158W,0,0.99466807,0.09346938878297806,0.4539147615432739,0.4446001350879669
YLR227W-B,YLR237W,0,0.9946426,0.09345031529664993,0.4539147615432739,0.4447002410888672
YJL186W,YDR101C,0,0.9946407,0.0934312492609024,0.4539147615432739,0.44480031728744507
YDR007W,YNR020C,0,0.994637,0.09341219812631607,0.4539147615432739,0.44490042328834534
YDR487C,YDR226W,0,0.99463624,0.09339314699172974,0.4539147615432739,0.4450004994869232
YKR006C,YLR321C,0,0.99462616,0.0933741107583046,0.4539147615432739,0.4451005756855011
YMR223W,YNL231C,0,0.9946219,0.09335507452487946,0.4539147615432739,0.44520068168640137
YML004C,YDR528W,0,0.9945993,0.09333605319261551,0.4539147615432739,0.44530075788497925
YKL032C,YDL080C,0,0.9945785,0.09331703186035156,0.4539147615432739,0.4454008638858795
YER099C,YPL147W,0,0.99453694,0.09329802542924881,0.4539147615432739,0.4455009400844574
YDL087C,YJL141C,0,0.99452823,0.09327901899814606,0.4539147615432739,0.44560104608535767
YNL268W,YNR027W,0,0.99450886,0.0932600274682045,0.4539147615432739,0.44570112228393555
YHR167W,YOR081C,0,0.9944904,0.09324104338884354,0.4539147615432739,0.4458012282848358
YKL033W,YLR059C,0,0.9944873,0.09322206676006317,0.4539147615432739,0.4459013044834137
YNL199C,YFL018W-A,0,0.9944739,0.0932030901312828,0.4539147615432739,0.44600141048431396
YJR110W,YIR023W,0,0.9944708,0.09318412840366364,0.4539147615432739,0.44610148668289185
YJL134W,YGL233W,0,0.99445826,0.09316517412662506,0.4539147615432739,0.4462015926837921
YLR300W,YJL089W,0,0.99445456,0.09314622730016708,0.4539147615432739,0.44630166888237
YMR321C,YER090W,0,0.99442005,0.0931272879242897,0.4539147615432739,0.44640177488327026
YJL006C,YDR369C,0,0.9944006,0.09310835599899292,0.4539147615432739,0.44650185108184814
YOL023W,YGR106C,0,0.9943635,0.09308943152427673,0.4539147615432739,0.446601927280426
YDR316W-B,YER153C,0,0.9943537,0.09307051450014114,0.4539147615432739,0.4467020332813263
YGL194C,YBR198C,1,0.9943453,0.09325477480888367,0.45490583777427673,0.4467020332813263
YLR158C,YHR029C,0,0.99434495,0.09323583543300629,0.45490583777427673,0.4468021094799042
YCR018C,YGR161W-A,0,0.9942871,0.0932168960571289,0.45490583777427673,0.44690221548080444
YKR094C,YGR109W-A,0,0.9942871,0.09319797158241272,0.45490583777427673,0.4470022916793823
YPR057W,YFL041W,0,0.9942689,0.09317904710769653,0.45490583777427673,0.4471023976802826
YDL078C,YDR280W,0,0.9942644,0.09316013753414154,0.45490583777427673,0.4472024738788605
YGL167C,YIL145C,0,0.994259,0.09314123541116714,0.45490583777427673,0.44730257987976074
YPL204W,YDR236C,0,0.9942521,0.09312234073877335,0.45490583777427673,0.4474026560783386
YLL051C,YPL051W,0,0.994246,0.09310344606637955,0.45490583777427673,0.4475027620792389
YMR033W,YJL194W,1,0.994213,0.09328736364841461,0.45589691400527954,0.4475027620792389
YGR007W,YFL054C,0,0.99418294,0.09326845407485962,0.45589691400527954,0.4476028382778168
YNL131W,YNL192W,0,0.9941775,0.09324954450130463,0.45589691400527954,0.44770294427871704
YKL011C,YER087C-B,0,0.9941719,0.09323064237833023,0.45589691400527954,0.4478030204772949
YGR103W,YLL021W,0,0.99411976,0.09321175515651703,0.45589691400527954,0.4479031264781952
YOL122C,YLR256W-A,0,0.99410933,0.09319286793470383,0.45589691400527954,0.44800320267677307
YIL173W,YOR381W,0,0.9940741,0.09317399561405182,0.45589691400527954,0.44810327887535095
YLR011W,YNR031C,0,0.9940737,0.09315512329339981,0.45589691400527954,0.4482033848762512
YDL065C,YOR192C-A,0,0.9940575,0.093136265873909,0.45589691400527954,0.4483034610748291
YDR244W,YOL080C,0,0.99404883,0.09311740845441818,0.45589691400527954,0.44840356707572937
YOL082W,YOR274W,0,0.9940299,0.09309856593608856,0.45589691400527954,0.44850364327430725
YNR024W,YPR024W,0,0.9940175,0.09307972341775894,0.45589691400527954,0.4486037492752075
YKR049C,YDR098C,0,0.993976,0.09306089580059052,0.45589691400527954,0.4487038254737854
YPL050C,YGR245C,0,0.99395865,0.09304206818342209,0.45589691400527954,0.44880393147468567
YOL004W,YDR073W,1,0.9939469,0.09322547912597656,0.45688802003860474,0.44880393147468567
YNL010W,YOR090C,0,0.99394614,0.09320662915706635,0.45688802003860474,0.44890400767326355
YHR211W,YMR229C,0,0.99394023,0.09318779408931732,0.45688802003860474,0.4490041136741638
YDR468C,YDR111C,0,0.9938372,0.0931689590215683,0.45688802003860474,0.4491041898727417
YLR410W-B,YLR352W,0,0.9937317,0.09315013140439987,0.45688802003860474,0.44920429587364197
YOR192C-A,YML081W,0,0.9937279,0.09313131123781204,0.45688802003860474,0.44930437207221985
YKL195W,YHR051W,0,0.993706,0.0931125059723854,0.45688802003860474,0.4494044780731201
YMR236W,YPR068C,1,0.99366266,0.0932956412434578,0.45787909626960754,0.4494044780731201
YNL086W,YML060W,0,0.9936477,0.09327679872512817,0.45787909626960754,0.449504554271698
YML030W,YIL128W,0,0.9936454,0.09325797110795975,0.45787909626960754,0.4496046304702759
YOR233W,YLR130C,0,0.99364173,0.09323915094137192,0.45787909626960754,0.44970473647117615
YMR312W,YBR012W-B,0,0.9935743,0.09322033822536469,0.45787909626960754,0.44980481266975403
YJL206C,YNL161W,0,0.9935539,0.09320153295993805,0.45787909626960754,0.4499049186706543
YMR033W,YMR080C,1,0.9935486,0.09338442981243134,0.45887017250061035,0.4499049186706543
YPL036W,YMR262W,0,0.9935415,0.09336559474468231,0.45887017250061035,0.4500049948692322
YKL024C,YLR238W,0,0.9935392,0.09334677457809448,0.45887017250061035,0.45010510087013245
YGR113W,YHR190W,0,0.99353516,0.09332795441150665,0.45887017250061035,0.4502051770687103
YDL084W,YMR039C,0,0.9935285,0.09330914914608002,0.45887017250061035,0.4503052830696106
YER030W,YDR414C,0,0.9934835,0.09329035133123398,0.45887017250061035,0.4504053592681885
YOR081C,YBR012W-A,0,0.9934309,0.09327155351638794,0.45887017250061035,0.45050546526908875
YOL080C,YBR296C,0,0.99341303,0.0932527706027031,0.45887017250061035,0.4506055414676666
YGR116W,YDL042C,1,0.99340546,0.0934353619813919,0.45986124873161316,0.4506055414676666
YHR081W,YNR035C,0,0.99338776,0.09341654926538467,0.45986124873161316,0.4507056474685669
YMR033W,YPL153C,1,0.9933807,0.09359903633594513,0.46085232496261597,0.4507056474685669
YJL024C,YNL023C,0,0.99331415,0.09358019381761551,0.46085232496261597,0.4508057236671448
YPL175W,YHR113W,0,0.9932964,0.09356136620044708,0.46085232496261597,0.45090582966804504
YOR294W,YPL204W,0,0.9931706,0.09354254603385925,0.46085232496261597,0.4510059058666229
YDL046W,YBR299W,0,0.99313456,0.09352373331785202,0.46085232496261597,0.4511059820652008
YDR110W,YML069W,1,0.99313444,0.09370601177215576,0.4618434011936188,0.4511059820652008
YNR023W,YDR334W,1,0.99308926,0.09388821572065353,0.4628344774246216,0.4511059820652008
YGL163C,YPL011C,1,0.9930031,0.09407035261392593,0.4638255834579468,0.4511059820652008
YGL128C,YMR225C,0,0.9929731,0.09405145049095154,0.4638255834579468,0.4512060880661011
YDR213W,YGR120C,0,0.9929574,0.09403254836797714,0.4638255834579468,0.45130616426467896
YBL052C,YMR166C,0,0.9929494,0.09401366114616394,0.4638255834579468,0.4514062702655792
YEL051W,YGR129W,0,0.9928859,0.09399478137493134,0.4638255834579468,0.4515063464641571
YPL042C,YLR432W,0,0.9928842,0.09397590160369873,0.4638255834579468,0.4516064524650574
YFL047W,YCR060W,0,0.9928768,0.09395703673362732,0.4638255834579468,0.45170652866363525
YCL057C-A,YOR016C,0,0.99284863,0.0939381793141365,0.4638255834579468,0.4518066346645355
YOR348C,YBR271W,0,0.99284816,0.09391932934522629,0.4638255834579468,0.4519067108631134
YJR022W,YKR101W,0,0.9928268,0.09390047937631607,0.4638255834579468,0.45200681686401367
YDR270W,YOL108C,0,0.99280065,0.09388164430856705,0.4638255834579468,0.45210689306259155
YPL097W,YOR222W,0,0.992782,0.09386281669139862,0.4638255834579468,0.4522069990634918
YNL006W,YER108C,0,0.9927796,0.09384399652481079,0.4638255834579468,0.4523070752620697
YDL121C,YDR072C,0,0.99277323,0.09382518380880356,0.4638255834579468,0.45240718126296997
YLR054C,YLR293C,0,0.99274933,0.09380637109279633,0.4638255834579468,0.45250725746154785
YDL074C,YLR425W,0,0.9927493,0.09378757327795029,0.4638255834579468,0.45260733366012573
YNR013C,YPL006W,0,0.9927349,0.09376878291368484,0.4638255834579468,0.452707439661026
YDL115C,YAL053W,0,0.9927187,0.09375,0.4638255834579468,0.4528075158596039
YDR444W,YOR324C,0,0.99271697,0.09373122453689575,0.4638255834579468,0.45290762186050415
YJL004C,YHR207C,0,0.99269664,0.0937124565243721,0.4638255834579468,0.45300769805908203
YLR410W-B,YPR114W,0,0.99268734,0.09369369596242905,0.4638255834579468,0.4531078040599823
YDR507C,YBR173C,0,0.9926593,0.09367494285106659,0.4638255834579468,0.4532078802585602
YDL017W,YNR072W,0,0.9926347,0.09365619719028473,0.4638255834579468,0.45330798625946045
YOR195W,YJR050W,0,0.99260926,0.09363745152950287,0.4638255834579468,0.45340806245803833
YOR142W-A,YBR037C,0,0.9925984,0.0936187207698822,0.4638255834579468,0.4535081684589386
YDL133C-A,YBR123C,0,0.99258006,0.09359999746084213,0.4638255834579468,0.4536082446575165
YAL030W,YJR026W,0,0.9925711,0.09358128160238266,0.4638255834579468,0.45370835065841675
YDR235W,YDR067C,0,0.99256516,0.09356257319450378,0.4638255834579468,0.45380842685699463
YLR189C,YPR199C,0,0.9925585,0.0935438722372055,0.4638255834579468,0.4539085030555725
YLR288C,YER102W,0,0.9924667,0.09352517873048782,0.4638255834579468,0.4540086090564728
YLR151C,YJR140C,0,0.9924397,0.09350649267435074,0.4638255834579468,0.45410868525505066
YGL226C-A,YPL143W,0,0.9923887,0.09348781406879425,0.4638255834579468,0.4542087912559509
YML039W,YNL026W,0,0.9923054,0.09346914291381836,0.4638255834579468,0.4543088674545288
YLR213C,YDR312W,0,0.9923044,0.09345047920942307,0.4638255834579468,0.4544089734554291
YNR008W,YDL031W,0,0.9923044,0.09343182295560837,0.4638255834579468,0.45450904965400696
YDR365W-A,YLR197W,0,0.9923021,0.09341317415237427,0.4638255834579468,0.4546091556549072
YER068W,YPR017C,0,0.99219483,0.09339453279972076,0.4638255834579468,0.4547092318534851
YKL112W,YML041C,1,0.9921857,0.09357541799545288,0.4648166596889496,0.4547092318534851
YJL167W,YDR195W,0,0.99214697,0.09355675429105759,0.4648166596889496,0.4548093378543854
YMR002W,YGL244W,0,0.9921434,0.09353809058666229,0.4648166596889496,0.45490941405296326
YNL208W,YBR041W,0,0.99206555,0.09351944178342819,0.4648166596889496,0.4550095200538635
YBR065C,YFR016C,0,0.99205077,0.09350080043077469,0.4648166596889496,0.4551095962524414
YNL185C,YDL080C,0,0.9920472,0.09348215907812119,0.4648166596889496,0.4552097022533417
YGL085W,YOL082W,0,0.9920352,0.09346353262662888,0.4648166596889496,0.45530977845191956
YDR427W,YOR103C,0,0.9919938,0.09344490617513657,0.4648166596889496,0.45540985465049744
YOR124C,YER032W,0,0.9919834,0.09342629462480545,0.4648166596889496,0.4555099606513977
YPL015C,YER161C,1,0.99194264,0.0936068519949913,0.4658077359199524,0.4555099606513977
YPL235W,YPL099C,0,0.9919316,0.0935882106423378,0.4658077359199524,0.4556100368499756
YGL107C,YNL129W,0,0.9919271,0.09356957674026489,0.4658077359199524,0.45571014285087585
YLR285W,YML109W,1,0.9918895,0.09375,0.4667988121509552,0.45571014285087585
YJL062W,YHR136C,0,0.99188614,0.0937313437461853,0.4667988121509552,0.45581021904945374
YDL205C,YOL149W,0,0.9918518,0.0937126949429512,0.4667988121509552,0.455910325050354
YCR020W-B,YBR198C,1,0.99180377,0.09389297664165497,0.467789888381958,0.455910325050354
YNL244C,YDR170W-A,0,0.99180233,0.09387430548667908,0.467789888381958,0.4560104012489319
YPR158C-D,YLR390W,0,0.99176884,0.09385563433170319,0.467789888381958,0.45611050724983215
YJR155W,YGL136C,0,0.99176854,0.09383697807788849,0.467789888381958,0.45621058344841003
YER164W,YJL155C,0,0.9917389,0.09381832927465439,0.467789888381958,0.4563106894493103
YBL030C,YFR013W,0,0.9917136,0.09379968047142029,0.467789888381958,0.4564107656478882
YER030W,YCR106W,0,0.9916502,0.09378104656934738,0.467789888381958,0.45651087164878845
YDR158W,YJR035W,0,0.99161184,0.09376241266727448,0.467789888381958,0.45661094784736633
YKR101W,YOR036W,0,0.991566,0.09374379366636276,0.467789888381958,0.4567110538482666
YCL003W,YML127W,0,0.99153435,0.09372518211603165,0.467789888381958,0.4568111300468445
YBR243C,YOR085W,0,0.99151623,0.09370657056570053,0.467789888381958,0.45691120624542236
YLR347C,YLL013C,0,0.9915103,0.09368797391653061,0.467789888381958,0.45701131224632263
YLR209C,YNL271C,0,0.99150723,0.09366937726736069,0.467789888381958,0.4571113884449005
YPR137C-A,YBR176W,0,0.99150217,0.09365079551935196,0.467789888381958,0.4572114944458008
YOR341W,YBR109C,0,0.9914881,0.09363221377134323,0.467789888381958,0.45731157064437866
YGR026W,YDR134C,0,0.9914245,0.0936136469244957,0.467789888381958,0.45741167664527893
YHR085W,YDR518W,0,0.99139166,0.09359508007764816,0.467789888381958,0.4575117528438568
YIL130W,YJL054W,0,0.9913803,0.09357652813196182,0.467789888381958,0.4576118588447571
YOL103W-B,YLR305C,0,0.99137634,0.09355797618627548,0.467789888381958,0.45771193504333496
YGL142C,YJR031C,0,0.99128836,0.09353943914175034,0.467789888381958,0.45781204104423523
YGL133W,YHR118C,1,0.9912554,0.09371904283761978,0.4687809646129608,0.45781204104423523
YHR039C-A,YPR137C-B,0,0.9911911,0.09370047599077225,0.4687809646129608,0.4579121172428131
YMR080C,YCR020W-B,1,0.9911123,0.09387997537851334,0.4697720408439636,0.4579121172428131
YNL001W,YKL087C,0,0.9911086,0.09386138617992401,0.4697720408439636,0.4580122232437134
YIL132C,YOR194C,0,0.99109435,0.09384280443191528,0.4697720408439636,0.45811229944229126
YLR385C,YGL112C,1,0.9910852,0.09402216970920563,0.47076311707496643,0.45811229944229126
YMR127C,YPR034W,1,0.99104756,0.0942014679312706,0.4717542231082916,0.45811229944229126
YMR227C,YDL105W,1,0.9909603,0.0943806916475296,0.47274529933929443,0.45811229944229126
YLR386W,YPL097W,0,0.99095,0.09436202049255371,0.47274529933929443,0.45821240544319153
YOR025W,YDR310C,0,0.99094164,0.09434335678815842,0.47274529933929443,0.4583124816417694
YJL225C,YJL144W,0,0.9909283,0.09432470053434372,0.47274529933929443,0.4584125578403473
YJL127C,YHR070W,0,0.9909268,0.09430605173110962,0.47274529933929443,0.45851266384124756
YBR105C,YNL291C,0,0.990926,0.09428741037845612,0.47274529933929443,0.45861274003982544
YKL114C,YGR113W,0,0.9909207,0.09426877647638321,0.47274529933929443,0.4587128460407257
YOL052C,YDL138W,0,0.9908893,0.0942501500248909,0.47274529933929443,0.4588129222393036
YAL013W,YNR028W,0,0.9908828,0.09423153102397919,0.47274529933929443,0.45891302824020386
YGR109W-B,YPL206C,0,0.9908726,0.09421291947364807,0.47274529933929443,0.45901310443878174
YOL005C,YPL027W,0,0.9908512,0.09419431537389755,0.47274529933929443,0.459113210439682
YDR175C,YNL262W,0,0.9908164,0.09417571872472763,0.47274529933929443,0.4592132866382599
YKR038C,YAL020C,0,0.9908038,0.0941571295261383,0.47274529933929443,0.45931339263916016
YKL212W,YPR072W,0,0.9907549,0.09413854032754898,0.47274529933929443,0.45941346883773804
YLR068W,YOR343W-A,0,0.9907541,0.09411996603012085,0.47274529933929443,0.4595135748386383
YNL059C,YLR442C,1,0.9907526,0.09429867565631866,0.47373637557029724,0.4595135748386383
YNL081C,YMR039C,0,0.99071324,0.09428007900714874,0.47373637557029724,0.4596136510372162
YOR181W,YHR161C,0,0.9907085,0.09426148980855942,0.47373637557029724,0.45971375703811646
YJR040W,YDR444W,0,0.9907064,0.09424290060997009,0.47373637557029724,0.45981383323669434
YNL284C-B,YOL004W,0,0.9906579,0.09422432631254196,0.47373637557029724,0.4599139094352722
YML085C,YLL055W,0,0.9905943,0.09420575201511383,0.47373637557029724,0.4600140154361725
YLL003W,YHR148W,0,0.990568,0.0941871926188469,0.47373637557029724,0.46011409163475037
YOR260W,YOL165C,0,0.99052113,0.09416863322257996,0.47373637557029724,0.46021419763565063
YIL118W,YLR391W,0,0.99046654,0.09415008872747421,0.47373637557029724,0.4603142738342285
YPL161C,YFR021W,0,0.9904371,0.09413154423236847,0.47373637557029724,0.4604143798351288
YDR190C,YOR304W,1,0.9903981,0.09430990368127823,0.47472745180130005,0.4604143798351288
YBR093C,YIL145C,0,0.99039143,0.0942913368344307,0.47472745180130005,0.46051445603370667
YPR158W-B,YLR440C,0,0.99039125,0.09427277743816376,0.47472745180130005,0.46061456203460693
YBR162C,YJR117W,0,0.99035835,0.09425423294305801,0.47472745180130005,0.4607146382331848
YOR046C,YNL284C,0,0.99034005,0.09423568844795227,0.47472745180130005,0.4608147442340851
YBR049C,YHR140W,0,0.9902971,0.09421715140342712,0.47472745180130005,0.46091482043266296
YPR162C,YBL051C,0,0.99029225,0.09419862180948257,0.47472745180130005,0.46101492643356323
YMR091C,YOR279C,1,0.99024487,0.09437672048807144,0.47571852803230286,0.46101492643356323
YER112W,YER008C,0,0.9902198,0.0943581685423851,0.47571852803230286,0.4611150026321411
YBR208C,YER137C-A,0,0.99014914,0.09433962404727936,0.47571852803230286,0.461215078830719
YPL001W,YOR065W,0,0.99012834,0.09432108700275421,0.47571852803230286,0.46131518483161926
YJR075W,YIL008W,0,0.99001294,0.09430255740880966,0.47571852803230286,0.46141526103019714
YKL038W,YER129W,0,0.98998666,0.09428402781486511,0.47571852803230286,0.4615153670310974
YDR064W,YDR087C,0,0.989981,0.09426551312208176,0.47571852803230286,0.4616154432296753
YPL203W,YJL141C,0,0.98996973,0.094247005879879,0.47571852803230286,0.46171554923057556
YIL068C,YOR018W,0,0.9899585,0.09422850608825684,0.47571852803230286,0.46181562542915344
YLR204W,YLR401C,0,0.98995215,0.09421000629663467,0.47571852803230286,0.4619157314300537
YLR357W,YCL060C,1,0.98989856,0.09438775479793549,0.47670960426330566,0.4619157314300537
YNL180C,YKL103C,0,0.98989785,0.09436924010515213,0.47670960426330566,0.4620158076286316
YDR463W,YOR244W,0,0.9898958,0.09435072541236877,0.47670960426330566,0.46211591362953186
YBR035C,YLR347C,0,0.98988825,0.09433222562074661,0.47670960426330566,0.46221598982810974
YGR279C,YBR289W,0,0.9898844,0.09431372582912445,0.47670960426330566,0.46231609582901
YGL037C,YLR410W-B,0,0.989799,0.09429523348808289,0.47670960426330566,0.4624161720275879
YDR098C-A,YCR036W,0,0.98977846,0.09427675604820251,0.47670960426330566,0.46251627802848816
YER173W,YER087C-B,0,0.9897445,0.09425827860832214,0.47670960426330566,0.46261635422706604
YDR002W,YIL177C,0,0.9897231,0.09423980861902237,0.47670960426330566,0.4627164304256439
YOR036W,YKR057W,0,0.98970443,0.09422135353088379,0.47670960426330566,0.4628165364265442
YBR058C-A,YGR017W,0,0.98968387,0.09420289844274521,0.47670960426330566,0.46291661262512207
YIL145C,YPR125W,0,0.9896739,0.09418445080518723,0.47670960426330566,0.46301671862602234
YNL213C,YNR011C,0,0.9896707,0.09416601061820984,0.47670960426330566,0.4631167948246002
YDL190C,YNL008C,0,0.9896314,0.09414758533239365,0.47670960426330566,0.4632169008255005
YDR310C,YCL060C,1,0.98959047,0.09432484954595566,0.47770068049430847,0.4632169008255005
YPL120W,YMR122W-A,0,0.98952705,0.09430639445781708,0.47770068049430847,0.46331697702407837
YGR161C-D,YPR182W,0,0.9895244,0.0942879468202591,0.47770068049430847,0.46341708302497864
YDR014W,YPL214C,0,0.9894799,0.09426950663328171,0.47770068049430847,0.4635171592235565
YDR320C-A,YCR058C,0,0.98946786,0.09425107389688492,0.47770068049430847,0.4636172652244568
YBR192W,YER137C,0,0.9894518,0.09423264861106873,0.47770068049430847,0.46371734142303467
YOR315W,YKL013C,0,0.9894304,0.09421423077583313,0.47770068049430847,0.46381744742393494
YER005W,YDR482C,0,0.98940057,0.09419582039117813,0.47770068049430847,0.4639175236225128
YOR216C,YPL198W,0,0.9893528,0.09417741000652313,0.47770068049430847,0.4640176296234131
YOL054W,YKL138C-A,0,0.98933226,0.09415901452302933,0.47770068049430847,0.46411770582199097
YJL003W,YHR119W,0,0.98932344,0.09414062649011612,0.47770068049430847,0.46421778202056885
YBR090C-A,YDR224C,1,0.98931575,0.09431751817464828,0.47869178652763367,0.46421778202056885
YKR058W,YDR059C,0,0.9893057,0.09429910033941269,0.47869178652763367,0.4643178880214691
YJR117W,YBR075W,0,0.9893017,0.09428069740533829,0.47869178652763367,0.464417964220047
YDR052C,YLR285W,0,0.98928756,0.09426229447126389,0.47869178652763367,0.46451807022094727
YGR279C,YKL021C,0,0.98928756,0.09424389898777008,0.47869178652763367,0.46461814641952515
YMR137C,YDL054C,0,0.9892656,0.09422551840543747,0.47869178652763367,0.4647182524204254
YDL054C,YKR034W,0,0.9891961,0.09420713782310486,0.47869178652763367,0.4648183286190033
YNR033W,YER129W,0,0.98919,0.09418876469135284,0.47869178652763367,0.46491843461990356
YPL137C,YOL103W-A,0,0.98918796,0.09417040646076202,0.47869178652763367,0.46501851081848145
YLL038C,YBR042C,0,0.98916525,0.0941520482301712,0.47869178652763367,0.4651186168193817
YPL083C,YNL115C,0,0.9891638,0.09413369745016098,0.47869178652763367,0.4652186930179596
YLR035C-A,YGL014W,0,0.9891607,0.09411535412073135,0.47869178652763367,0.46531879901885986
YFL005W,YOR181W,0,0.98915267,0.09409701824188232,0.47869178652763367,0.46541887521743774
YPR052C,YPL011C,1,0.989123,0.09427347034215927,0.4796828627586365,0.46541887521743774
YJL213W,YGR085C,0,0.98911834,0.09425511211156845,0.4796828627586365,0.465518981218338
YDR316W-B,YLR026C,0,0.98911244,0.09423676133155823,0.4796828627586365,0.4656190574169159
YKL138C-A,YER165W,0,0.98905045,0.0942184180021286,0.4796828627586365,0.4657191336154938
YGL174W,YPL100W,0,0.98902655,0.09420007467269897,0.4796828627586365,0.46581923961639404
YIL126W,YGL150C,1,0.98902,0.094376340508461,0.4806739389896393,0.46581923961639404
YNL227C,YMR130W,0,0.9890062,0.09435797482728958,0.4806739389896393,0.4659193158149719
YNL282W,YBL092W,0,0.98895276,0.09433962404727936,0.4806739389896393,0.4660194218158722
YGL162W,YHR169W,0,0.98894507,0.09432127326726913,0.4806739389896393,0.4661194980144501
YKL119C,YDR316W-A,0,0.9889271,0.0943029373884201,0.4806739389896393,0.46621960401535034
YGR194C,YBR036C,0,0.988924,0.09428460150957108,0.4806739389896393,0.4663196802139282
YGR027W-B,YOR246C,0,0.9889204,0.09426628053188324,0.4806739389896393,0.4664197862148285
YDL036C,YHR101C,0,0.9888968,0.0942479595541954,0.4806739389896393,0.46651986241340637
YLR441C,YBL024W,0,0.98889256,0.09422964602708817,0.4806739389896393,0.46661996841430664
YGR086C,YJR053W,0,0.98888457,0.09421134740114212,0.4806739389896393,0.4667200446128845
YPL117C,YDR175C,0,0.988863,0.09419304877519608,0.4806739389896393,0.4668201506137848
YOR207C,YNL038W,0,0.98881453,0.09417475759983063,0.4806739389896393,0.46692022681236267
YBL005W-B,YDR252W,0,0.9887594,0.09415647387504578,0.4806739389896393,0.46702033281326294
YGL226C-A,YER014C-A,0,0.9887427,0.09413819760084152,0.4806739389896393,0.4671204090118408
YOR243C,YIL143C,0,0.9887185,0.09411992877721786,0.4806739389896393,0.4672204852104187
YNL030W,YNL206C,1,0.98865813,0.0942956954240799,0.4816650152206421,0.4672204852104187
YMR048W,YOL055C,0,0.988645,0.09427740424871445,0.4816650152206421,0.46732059121131897
YHR109W,YJR155W,0,0.9885915,0.094259113073349,0.4816650152206421,0.46742066740989685
YJR160C,YJL081C,0,0.98858154,0.09424083679914474,0.4816650152206421,0.4675207734107971
YMR049C,YLR073C,0,0.9885124,0.09422256797552109,0.4816650152206421,0.467620849609375
YDL012C,YLL013C,0,0.9885078,0.09420430660247803,0.4816650152206421,0.46772095561027527
YGL070C,YPR200C,0,0.98849654,0.09418604522943497,0.4816650152206421,0.46782103180885315
YLL022C,YOR141C,1,0.98849136,0.0943615585565567,0.4826560914516449,0.46782103180885315
YNL149C,YLL050C,0,0.9884889,0.09434327483177185,0.4826560914516449,0.4679211378097534
YHR181W,YML039W,0,0.9884754,0.0943250060081482,0.4826560914516449,0.4680212140083313
YBL088C,YJR076C,0,0.98847055,0.09430673718452454,0.4826560914516449,0.46812132000923157
YBR090C-A,YJL194W,1,0.98841375,0.09448209404945374,0.4836471676826477,0.46812132000923157
YKR010C,YCL060C,1,0.9884089,0.09465737640857697,0.4846382439136505,0.46812132000923157
YHL032C,YER017C,0,0.988407,0.09463905543088913,0.4846382439136505,0.46822139620780945
YHL038C,YOR020C,0,0.9882813,0.09462074190378189,0.4846382439136505,0.4683215022087097
YHR140W,YDL247W,0,0.9882743,0.09460243582725525,0.4846382439136505,0.4684215784072876
YDR463W,YPL002C,0,0.98825794,0.0945841372013092,0.4846382439136505,0.4685216546058655
YLR215C,YMR295C,0,0.9882535,0.09456584602594376,0.4846382439136505,0.46862176060676575
YLL004W,YER164W,1,0.9882369,0.09474091231822968,0.4856293499469757,0.46862176060676575
YOR308C,YLR385C,0,0.9882306,0.09472259879112244,0.4856293499469757,0.46872183680534363
YKR093W,YOR192C-B,0,0.9881995,0.0947042927145958,0.4856293499469757,0.4688219428062439
YJL189W,YDR045C,0,0.9881864,0.09468598663806915,0.4856293499469757,0.4689220190048218
YFL023W,YNL284C-B,0,0.98818576,0.0946676954627037,0.4856293499469757,0.46902212500572205
YMR274C,YHR101C,0,0.9881608,0.09464941173791885,0.4856293499469757,0.4691222012042999
YFL002W-A,YBR040W,0,0.9881526,0.094631128013134,0.4856293499469757,0.4692223072052002
YML016C,YDR365W-A,0,0.9881102,0.09461285918951035,0.4856293499469757,0.4693223834037781
YJR075W,YLR324W,0,0.9880568,0.09459459781646729,0.4856293499469757,0.46942248940467834
YGR004W,YNR003C,0,0.98805064,0.09457633644342422,0.4856293499469757,0.4695225656032562
YER184C,YNL281W,0,0.9880498,0.09455808252096176,0.4856293499469757,0.4696226716041565
YER137C-A,YPL017C,0,0.9880416,0.09453984349966049,0.4856293499469757,0.4697227478027344
YBR074W,YML073C,0,0.98796326,0.09452160447835922,0.4856293499469757,0.46982285380363464
YJL094C,YNL001W,0,0.98796153,0.09450337290763855,0.4856293499469757,0.4699229300022125
YDR064W,YBR061C,0,0.98791736,0.09448514878749847,0.4856293499469757,0.4700230062007904
YLR284C,YPR131C,0,0.98788214,0.09446693956851959,0.4856293499469757,0.4701231122016907
YGL031C,YDR050C,0,0.9878742,0.09444873034954071,0.4856293499469757,0.47022318840026855
YDR468C,YGR263C,0,0.98786753,0.09443052858114243,0.4856293499469757,0.4703232944011688
YMR074C,YLL057C,0,0.9878506,0.09441233426332474,0.4856293499469757,0.4704233705997467
YER145C,YIL036W,0,0.98775154,0.09439414739608765,0.4856293499469757,0.470523476600647
YPL183W-A,YML036W,0,0.9877491,0.09437596052885056,0.4856293499469757,0.47062355279922485
YKL205W,YDR363W-A,0,0.9876926,0.09435778856277466,0.4856293499469757,0.4707236588001251
YNL088W,YDR071C,1,0.98768365,0.09453215450048447,0.4866204261779785,0.4707236588001251
YIL039W,YJL168C,0,0.98766136,0.09451395273208618,0.4866204261779785,0.470823734998703
YLL018C-A,YIL048W,0,0.9876605,0.09449576586484909,0.4866204261779785,0.47092384099960327
YNL273W,YGR109W-A,0,0.9876572,0.0944775864481926,0.4866204261779785,0.47102391719818115
YDR503C,YOR039W,0,0.98765194,0.0944594070315361,0.4866204261779785,0.4711240231990814
YMR169C,YAL017W,0,0.9876458,0.0944412350654602,0.4866204261779785,0.4712240993976593
YPL001W,YML095C,0,0.98757285,0.0944230780005455,0.4866204261779785,0.47132420539855957
YDR476C,YDR405W,0,0.98754114,0.0944049209356308,0.4866204261779785,0.47142428159713745
YDR381W,YPL065W,0,0.98753226,0.09438677132129669,0.4866204261779785,0.47152435779571533
YGL194C,YML069W,1,0.9875152,0.09456083178520203,0.4876115024089813,0.47152435779571533
YIR026C,YER101C,0,0.9874736,0.09454265981912613,0.4876115024089813,0.4716244637966156
YGL225W,YNL189W,0,0.98744565,0.09452449530363083,0.4876115024089813,0.4717245399951935
YKL195W,YGL220W,0,0.9874168,0.09450633823871613,0.4876115024089813,0.47182464599609375
YKL017C,YCL061C,0,0.98740304,0.09448818862438202,0.4876115024089813,0.47192472219467163
YMR221C,YDL143W,0,0.98739773,0.09447004646062851,0.4876115024089813,0.4720248281955719
YBR030W,YJR041C,0,0.98736036,0.0944519117474556,0.4876115024089813,0.4721249043941498
YAL024C,YGR004W,0,0.9873581,0.09443378448486328,0.4876115024089813,0.47222501039505005
YCL052C,YPL064C,0,0.98732615,0.09441565722227097,0.4876115024089813,0.47232508659362793
YLR237W,YIL033C,0,0.9873213,0.09439754486083984,0.4876115024089813,0.4724251925945282
YOL082W,YGL195W,0,0.9873114,0.09437943249940872,0.4876115024089813,0.4725252687931061
YDL197C,YML041C,1,0.9872631,0.09455312788486481,0.48860257863998413,0.4725252687931061
YNL330C,YJL127C,1,0.9872281,0.09472674876451492,0.48959365487098694,0.4725252687931061
YBR029C,YGL083W,0,0.9872128,0.09470859169960022,0.48959365487098694,0.47262537479400635
YLR020C,YOL121C,0,0.9871772,0.09469043463468552,0.48959365487098694,0.47272545099258423
YNL173C,YOR192C-A,0,0.98717654,0.09467228502035141,0.48959365487098694,0.4728255569934845
YMR048W,YKR099W,0,0.9871317,0.0946541503071785,0.48959365487098694,0.4729256331920624
YNL030W,YOR141C,1,0.9871308,0.09482758492231369,0.49058473110198975,0.4729256331920624
YDR440W,YDL114W,0,0.9870252,0.09480942040681839,0.49058473110198975,0.47302570939064026
YDR270W,YEL052W,0,0.98700464,0.09479127079248428,0.49058473110198975,0.4731258153915405
YPR122W,YDL012C,0,0.9870027,0.09477312117815018,0.49058473110198975,0.4732258915901184
YMR044W,YCL060C,1,0.98700196,0.09494639933109283,0.49157580733299255,0.4732258915901184
YLL022C,YPR052C,1,0.98699844,0.09511961787939072,0.49256688356399536,0.4732258915901184
YFL013C,YGL207W,1,0.9869842,0.09529276937246323,0.49355798959732056,0.4732258915901184
YDR325W,YMR285C,0,0.98697925,0.09527453780174255,0.49355798959732056,0.4733259975910187
YPL171C,YOR378W,0,0.9869768,0.09525631368160248,0.49355798959732056,0.47342607378959656
YCR004C,YLR304C,0,0.98694664,0.095238097012043,0.49355798959732056,0.4735261797904968
YMR137C,YFL035C,0,0.9869259,0.09521988779306412,0.49355798959732056,0.4736262559890747
YCL061C,YDR247W,0,0.9869071,0.09520167857408524,0.49355798959732056,0.473726361989975
YCL061C,YDR303C,1,0.9868884,0.09537462145090103,0.49454906582832336,0.473726361989975
YBR212W,YOR099W,0,0.98688376,0.09535638988018036,0.49454906582832336,0.47382643818855286
YNL151C,YJR054W,0,0.9868706,0.09533817321062088,0.49454906582832336,0.4739265441894531
YNL286W,YPR070W,0,0.986861,0.095319963991642,0.49454906582832336,0.474026620388031
YML067C,YOR378W,0,0.9868468,0.09530175477266312,0.49454906582832336,0.4741267263889313
YIL037C,YNR001C,0,0.98681474,0.09528356045484543,0.49454906582832336,0.47422680258750916
YCR080W,YJR033C,0,0.9868095,0.09526536613702774,0.49454906582832336,0.4743269085884094
YIL111W,YGL083W,0,0.9867305,0.09524718672037125,0.49454906582832336,0.4744269847869873
YOR142W-A,YJR054W,0,0.9867098,0.09522900730371475,0.49454906582832336,0.4745270609855652
YFR038W,YNR048W,0,0.98667306,0.09521083533763885,0.49454906582832336,0.47462716698646545
YCL044C,YNL054W-A,0,0.9866685,0.09519267827272415,0.49454906582832336,0.47472724318504333
YDL105W,YJL081C,1,0.98666745,0.0953652486205101,0.49554014205932617,0.47472724318504333
YBR271W,YMR149W,0,0.9866555,0.09534706175327301,0.49554014205932617,0.4748273491859436
YLR143W,YPL105C,0,0.98664457,0.09532888233661652,0.49554014205932617,0.4749274253845215
YKL014C,YLR467W,0,0.9866304,0.09531071037054062,0.49554014205932617,0.47502753138542175
YHR059W,YNL132W,0,0.98661876,0.09529254585504532,0.49554014205932617,0.47512760758399963
YMR257C,YER029C,0,0.98659486,0.09527438879013062,0.49554014205932617,0.4752277135848999
YMR200W,YLR130C,0,0.9865911,0.09525623917579651,0.49554014205932617,0.4753277897834778
YDR150W,YLR357W,0,0.9865835,0.095238097012043,0.49554014205932617,0.47542789578437805
YDR034C-C,YDL102W,0,0.98657936,0.09521995484828949,0.49554014205932617,0.47552797198295593
YIL007C,YPR173C,0,0.98657584,0.09520182758569717,0.49554014205932617,0.4756280779838562
YOR290C,YMR240C,0,0.9865507,0.09518370777368546,0.49554014205932617,0.4757281541824341
YPR068C,YDR439W,1,0.9865195,0.09535592049360275,0.496531218290329,0.4757281541824341
YNL030W,YGR274C,1,0.98651874,0.09552806615829468,0.4975222945213318,0.4757281541824341
YLR228C,YLR130C,0,0.9865037,0.09550989419221878,0.4975222945213318,0.47582826018333435
YCL017C,YPL090C,0,0.98648727,0.09549172222614288,0.4975222945213318,0.47592833638191223
YJR066W,YBR075W,0,0.9864735,0.09547356516122818,0.4975222945213318,0.4760284125804901
YCL060C,YML043C,0,0.98641807,0.09545540809631348,0.4975222945213318,0.4761285185813904
YOR106W,YEL051W,0,0.9864012,0.09543726593255997,0.4975222945213318,0.47622859477996826
YMR070W,YPL254W,0,0.9863458,0.09541912376880646,0.4975222945213318,0.47632870078086853
YOR204W,YDR170W-A,0,0.9863431,0.09540098905563354,0.4975222945213318,0.4764287769794464
YHR079C,YOL070C,0,0.9863059,0.09538286179304123,0.4975222945213318,0.4765288829803467
YNL243W,YOR143C,0,0.9862554,0.09536474198102951,0.4975222945213318,0.47662895917892456
YDR005C,YPL146C,0,0.9862261,0.09534662961959839,0.4975222945213318,0.47672906517982483
YJR103W,YDR178W,0,0.9862112,0.09532852470874786,0.4975222945213318,0.4768291413784027
YOR386W,YCR097WB,0,0.9862062,0.09531041979789734,0.4975222945213318,0.476929247379303
YMR149W,YDR399W,0,0.9861989,0.09529232978820801,0.4975222945213318,0.47702932357788086
YLR010C,YLL051C,0,0.9861487,0.09527424722909927,0.4975222945213318,0.47712942957878113
YML091C,YLR361C,0,0.9860902,0.09525616466999054,0.4975222945213318,0.477229505777359
YNR030W,YOR353C,0,0.9860733,0.095238097012043,0.4975222945213318,0.4773295819759369
YNL271C,YLR039C,0,0.9860649,0.09522002935409546,0.4975222945213318,0.47742968797683716
YPL224C,YOR377W,0,0.98605,0.09520196914672852,0.4975222945213318,0.47752976417541504
YLL004W,YDR485C,1,0.9860295,0.09537353366613388,0.4985133707523346,0.47752976417541504
YJR048W,YFR008W,0,0.9860209,0.09535545110702515,0.4985133707523346,0.4776298701763153
YLR227W-A,YER088C,0,0.98597515,0.09533737599849701,0.4985133707523346,0.4777299463748932
YDR329C,YDL210W,0,0.9859714,0.09531930834054947,0.4985133707523346,0.47783005237579346
YNL194C,YLL016W,0,0.9859647,0.09530124813318253,0.4985133707523346,0.47793012857437134
YOL090W,YML041C,1,0.98596454,0.09547262638807297,0.4995044469833374,0.47793012857437134
YNR023W,YNL031C,1,0.98596054,0.09564393758773804,0.5004955530166626,0.47793012857437134
YHR081W,YLR410W-A,0,0.9859477,0.09562582522630692,0.5004955530166626,0.4780302345752716
YLR201C,YGR109W-B,0,0.98593396,0.09560772776603699,0.5004955530166626,0.4781303107738495
YBR010W,YMR284W,1,0.9859165,0.09577891230583191,0.501486599445343,0.4781303107738495
YNR033W,YER162C,0,0.9859157,0.0957607850432396,0.501486599445343,0.47823041677474976
YPR133W-A,YAR044W,0,0.9859056,0.09574266523122787,0.501486599445343,0.47833049297332764
YNR023W,YLR442C,1,0.98590076,0.09591373801231384,0.5024777054786682,0.47833049297332764
YGL207W,YBR010W,1,0.98588413,0.09608473628759384,0.5034687519073486,0.47833049297332764
YBL017C,YBL041W,0,0.9858758,0.09606656432151794,0.5034687519073486,0.4784305989742279
YML018C,YBR052C,0,0.98586726,0.09604839980602264,0.5034687519073486,0.4785306751728058
YDR246W,YOL107W,0,0.9858031,0.09603024274110794,0.5034687519073486,0.47863078117370605
YNR053C,YER106W,0,0.98578537,0.09601209312677383,0.5034687519073486,0.47873085737228394
YOR369C,YHR027C,0,0.9857851,0.09599395096302032,0.5034687519073486,0.4788309335708618
YKL097W-A,YNL052W,0,0.98573756,0.09597581624984741,0.5034687519073486,0.4789310395717621
YLR054C,YOL121C,0,0.98573416,0.0959576889872551,0.5034687519073486,0.47903111577033997
YMR182C,YJL098W,0,0.98571664,0.09593956917524338,0.5034687519073486,0.47913122177124023
YLL022C,YBR289W,1,0.98568606,0.0961102694272995,0.5044598579406738,0.47913122177124023
YGL231C,YDR310C,0,0.985653,0.09609212726354599,0.5044598579406738,0.4792312979698181
YBL017C,YOR373W,0,0.9856254,0.09607399255037308,0.5044598579406738,0.4793314039707184
YBR281C,YKL015W,0,0.98553246,0.09605585783720016,0.5044598579406738,0.47943148016929626
YBR003W,YOR373W,0,0.9855051,0.09603773802518845,0.5044598579406738,0.47953158617019653
YMR093W,YLR044C,0,0.9854126,0.09601961821317673,0.5044598579406738,0.4796316623687744
YPL221W,YHR201C,0,0.98538184,0.0960015058517456,0.5044598579406738,0.4797317683696747
YIL021W,YIL109C,0,0.9853756,0.09598340839147568,0.5044598579406738,0.47983184456825256
YDR065W,YDR296W,0,0.985371,0.09596531093120575,0.5044598579406738,0.47993195056915283
YLR026C,YBR149W,0,0.98530495,0.09594722092151642,0.5044598579406738,0.4800320267677307
YGR095C,YDL019C,0,0.9852869,0.09592913836240768,0.5044598579406738,0.480132132768631
YJR092W,YIR018W,0,0.9852173,0.09591106325387955,0.5044598579406738,0.48023220896720886
YBL005W-B,YLR413W,0,0.9852168,0.09589298814535141,0.5044598579406738,0.48033228516578674
YPR158C-C,YJL165C,0,0.98521316,0.09587492793798447,0.5044598579406738,0.480432391166687
YDR486C,YLR289W,0,0.98521024,0.09585687518119812,0.5044598579406738,0.4805324673652649
YDR210W-B,YKL005C,0,0.9851926,0.09583882242441177,0.5044598579406738,0.48063257336616516
YPL174C,YHR069C,0,0.9851743,0.09582078456878662,0.5044598579406738,0.48073264956474304
YIL126W,YNL246W,1,0.9851373,0.09599096328020096,0.505450963973999,0.48073264956474304
YMR091C,YGL207W,1,0.98511523,0.09616108238697052,0.5064420104026794,0.48073264956474304
YDL209C,YGL083W,0,0.9851115,0.09614299237728119,0.5064420104026794,0.4808327555656433
YGR072W,YGR255C,0,0.98509645,0.09612490236759186,0.5064420104026794,0.4809328317642212
YJR027W,YFR015C,0,0.9850648,0.09610682725906372,0.5064420104026794,0.48103293776512146
YKR090W,YDL129W,0,0.9850194,0.09608875215053558,0.5064420104026794,0.48113301396369934
YHR017W,YLR127C,0,0.98496395,0.09607069194316864,0.5064420104026794,0.4812331199645996
YML120C,YPR096C,0,0.98496056,0.0960526317358017,0.5064420104026794,0.4813331961631775
YCL050C,YIL172C,0,0.9849254,0.09603457897901535,0.5064420104026794,0.48143330216407776
YIL014W,YIL147C,0,0.9848814,0.0960165336728096,0.5064420104026794,0.48153337836265564
YML043C,YJL019W,0,0.9848701,0.09599849581718445,0.5064420104026794,0.4816334843635559
YNL160W,YFL005W,0,0.98486304,0.09598046541213989,0.5064420104026794,0.4817335605621338
YPL196W,YBR109C,0,0.98485935,0.09596244245767593,0.5064420104026794,0.48183363676071167
YLR227W-B,YKR044W,0,0.98484933,0.09594442695379257,0.5064420104026794,0.48193374276161194
YLR256W-A,YGR245C,0,0.9848287,0.09592641144990921,0.5064420104026794,0.4820338189601898
YGR185C,YOL076W,0,0.9847918,0.09590841084718704,0.5064420104026794,0.4821339249610901
YBL056W,YDR045C,0,0.9847729,0.09589041024446487,0.5064420104026794,0.48223400115966797
YER088C,YBL008W,1,0.98473847,0.09606003761291504,0.5074331164360046,0.48223400115966797
YJR140C,YLR399C,1,0.9847024,0.09622959792613983,0.5084241628646851,0.48223400115966797
YDR072C,YLR047C,0,0.9846833,0.09621155261993408,0.5084241628646851,0.48233410716056824
YDL144C,YDR490C,0,0.98465997,0.09619351476430893,0.5084241628646851,0.4824341833591461
YIL153W,YHR105W,0,0.98458374,0.09617547690868378,0.5084241628646851,0.4825342893600464
YNL026W,YOR292C,0,0.9845735,0.09615745395421982,0.5084241628646851,0.48263436555862427
YPL160W,YLR067C,0,0.98454773,0.09613943099975586,0.5084241628646851,0.48273447155952454
YFL013C,YHR119W,1,0.9845468,0.09630879014730453,0.5094152688980103,0.48273447155952454
YJL065C,YCR091W,0,0.9845453,0.09629074484109879,0.5094152688980103,0.4828345477581024
YDR115W,YNL117W,0,0.984542,0.09627270698547363,0.5094152688980103,0.4829346537590027
YNL167C,YNL008C,0,0.9845148,0.09625468403100967,0.5094152688980103,0.48303472995758057
YPR137C-B,YBL079W,0,0.9844992,0.09623666107654572,0.5094152688980103,0.48313483595848083
YPR166C,YLR219W,0,0.9844702,0.09621864557266235,0.5094152688980103,0.4832349121570587
YPL113C,YGL161C,0,0.9844684,0.09620063751935959,0.5094152688980103,0.4833349883556366
YDL216C,YBR295W,0,0.98444253,0.09618263691663742,0.5094152688980103,0.48343509435653687
YDR207C,YPL280W,0,0.9844339,0.09616463631391525,0.5094152688980103,0.48353517055511475
YBL061C,YDL038C,0,0.9844146,0.09614665061235428,0.5094152688980103,0.483635276556015
YPL257W-B,YLR141W,0,0.984362,0.0961286723613739,0.5094152688980103,0.4837353527545929
YLR085C,YCR052W,1,0.98433197,0.09629768133163452,0.5104063153266907,0.4837353527545929
YGR222W,YMR045C,0,0.98433053,0.09627968072891235,0.5104063153266907,0.48383545875549316
YKL108W,YDL102W,0,0.9843205,0.09626168012619019,0.5104063153266907,0.48393553495407104
YCL060C,YBR195C,1,0.98425597,0.09643057733774185,0.5113974213600159,0.48393553495407104
YDR365W-A,YNL214W,0,0.9842521,0.0964125543832779,0.5113974213600159,0.4840356409549713
YHR174W,YOR070C,0,0.98420596,0.09639454632997513,0.5113974213600159,0.4841357171535492
YOR355W,YNL192W,0,0.98420465,0.09637653827667236,0.5113974213600159,0.48423582315444946
YPL280W,YNL325C,0,0.98418164,0.09635854512453079,0.5113974213600159,0.48433589935302734
YJL024C,YKR030W,0,0.98414475,0.09634055197238922,0.5113974213600159,0.4844360053539276
YHR204W,YIL118W,0,0.9841327,0.09632256627082825,0.5113974213600159,0.4845360815525055
YGL161C,YOR127W,0,0.9841261,0.09630458801984787,0.5113974213600159,0.4846361577510834
YOR359W,YNR033W,0,0.984107,0.09628661721944809,0.5113974213600159,0.48473626375198364
YJL012C,YJL187C,0,0.98409986,0.0962686538696289,0.5113974213600159,0.4848363399505615
YKL059C,YJL012C,0,0.98404956,0.09625069797039032,0.5113974213600159,0.4849364459514618
YNR044W,YPR155C,0,0.98403597,0.09623274952173233,0.5113974213600159,0.4850365221500397
YDR210W-B,YHR058C,0,0.9840049,0.09621480852365494,0.5113974213600159,0.48513662815093994
YBR164C,YPR137C-B,0,0.9840049,0.09619686752557755,0.5113974213600159,0.4852367043495178
YLL004W,YML109W,1,0.98398304,0.09636533260345459,0.5123885273933411,0.4852367043495178
YHR164C,YLL013C,0,0.98396116,0.0963473692536354,0.5123885273933411,0.4853368103504181
YFR045W,YGL244W,0,0.9839354,0.09632942080497742,0.5123885273933411,0.48543688654899597
YJL191W,YGL009C,0,0.98392344,0.09631147235631943,0.5123885273933411,0.48553699254989624
YCR096C,YPL209C,0,0.98391837,0.09629353880882263,0.5123885273933411,0.4856370687484741
YKL034W,YDR188W,0,0.98389065,0.09627560526132584,0.5123885273933411,0.4857371747493744
YNR052C,YLR141W,0,0.98388606,0.09625767916440964,0.5123885273933411,0.48583725094795227
YER050C,YER149C,0,0.9838145,0.09623976051807404,0.5123885273933411,0.48593735694885254
YJL006C,YDR098C-A,0,0.983799,0.09622184932231903,0.5123885273933411,0.4860374331474304
YNL180C,YMR020W,0,0.9837406,0.09620394557714462,0.5123885273933411,0.4861375093460083
YML098W,YAL019W,0,0.9837216,0.09618604928255081,0.5123885273933411,0.48623761534690857
YML032C,YEL050C,0,0.9837067,0.096168152987957,0.5123885273933411,0.48633769154548645
YPR081C,YHR120W,0,0.9837018,0.09615027159452438,0.5123885273933411,0.4864377975463867
YBR009C,YJL076W,1,0.983696,0.0963183343410492,0.5133795738220215,0.4864377975463867
YDR457W,YPR036W,0,0.9836921,0.09630043059587479,0.5133795738220215,0.4865378737449646
YDR176W,YPR011C,0,0.9836781,0.09628252685070038,0.5133795738220215,0.48663797974586487
YOR335C,YLR237W,0,0.98366094,0.09626463800668716,0.5133795738220215,0.48673805594444275
YDR121W,YLR097C,0,0.9836529,0.09624674916267395,0.5133795738220215,0.486838161945343
YMR091C,YCR029C-A,0,0.98363435,0.09622886776924133,0.5133795738220215,0.4869382381439209
YLR266C,YGR161W-A,0,0.98363423,0.09621099382638931,0.5133795738220215,0.48703834414482117
YLR017W,YNL172W,0,0.9836235,0.09619312733411789,0.5133795738220215,0.48713842034339905
YCL059C,YHR060W,0,0.98360896,0.09617526829242706,0.5133795738220215,0.4872385263442993
YBL011W,YDR359C,0,0.9835594,0.09615741670131683,0.5133795738220215,0.4873386025428772
YGR285C,YLR438C-A,0,0.98348635,0.0961395725607872,0.5133795738220215,0.48743870854377747
YLR238W,YKL026C,0,0.9834774,0.09612172842025757,0.5133795738220215,0.48753878474235535
YDL200C,YOR025W,0,0.9834756,0.09610389918088913,0.5133795738220215,0.4876388609409332
YML011C,YPL064C,0,0.9834578,0.09608606994152069,0.5133795738220215,0.4877389669418335
YHR005C-A,YJL167W,0,0.9834576,0.09606824815273285,0.5133795738220215,0.4878390431404114
YJR058C,YEL012W,0,0.9834549,0.0960504338145256,0.5133795738220215,0.48793914914131165
YIL037C,YML129C,0,0.9834321,0.09603262692689896,0.5133795738220215,0.4880392253398895
YGR112W,YPR060C,0,0.98342574,0.0960148274898529,0.5133795738220215,0.4881393313407898
YDR098C-B,YIL142W,0,0.9834007,0.09599703550338745,0.5133795738220215,0.4882394075393677
YLR367W,YLL006W,0,0.98339486,0.0959792509675026,0.5133795738220215,0.48833951354026794
YJL206C,YDR362C,0,0.9833709,0.09596146643161774,0.5133795738220215,0.4884395897388458
YDR328C,YKL087C,0,0.98335916,0.09594369679689407,0.5133795738220215,0.4885396957397461
YER164W,YMR239C,1,0.98333603,0.09611111134290695,0.5143706798553467,0.4885396957397461
YBR192W,YKL173W,0,0.98332906,0.0960933193564415,0.5143706798553467,0.488639771938324
YDR150W,YBR213W,0,0.98331875,0.09607552736997604,0.5143706798553467,0.48873987793922424
YGR089W,YBR012W-A,0,0.98331803,0.09605774283409119,0.5143706798553467,0.4888399541378021
YJR005W,YMR038C,0,0.9833164,0.09603997319936752,0.5143706798553467,0.4889400601387024
YMR114C,YDR423C,0,0.98324674,0.09602220356464386,0.5143706798553467,0.4890401363372803
YKL155C,YOR265W,0,0.9832452,0.0960044413805008,0.5143706798553467,0.48914021253585815
YDR329C,YMR035W,0,0.9831495,0.09598668664693832,0.5143706798553467,0.4892403185367584
YML011C,YOL111C,0,0.98314375,0.09596893191337585,0.5143706798553467,0.4893403947353363
YPL106C,YOR275C,0,0.9831417,0.09595119208097458,0.5143706798553467,0.4894405007362366
YMR166C,YDL247W,0,0.9831243,0.0959334596991539,0.5143706798553467,0.48954057693481445
YGL238W,YKL161C,0,0.98310614,0.09591572731733322,0.5143706798553467,0.4896406829357147
YKR049C,YFR014C,0,0.9831015,0.09589800238609314,0.5143706798553467,0.4897407591342926
YHR037W,YOL103W-A,0,0.9830987,0.09588028490543365,0.5143706798553467,0.48984086513519287
YDR107C,YDL246C,0,0.98309565,0.09586257487535477,0.5143706798553467,0.48994094133377075
YNL054W,YMR316W,0,0.983087,0.09584487229585648,0.5143706798553467,0.490041047334671
YIR009W,YDR310C,0,0.98308533,0.09582717716693878,0.5143706798553467,0.4901411235332489
YOR142W-A,YBR130C,0,0.9830849,0.09580948948860168,0.5143706798553467,0.49024122953414917
YHL038C,YCL054W,0,0.98308337,0.09579180181026459,0.5143706798553467,0.49034130573272705
YNL180C,YGR084C,0,0.98304915,0.09577412903308868,0.5143706798553467,0.4904414117336273
YJL081C,YHR118C,1,0.9829678,0.095940962433815,0.5153617262840271,0.4904414117336273
YLR187W,YFR008W,0,0.98296064,0.09592325985431671,0.5153617262840271,0.4905414879322052
YER050C,YHR066W,0,0.9829604,0.09590557217597961,0.5153617262840271,0.4906415641307831
YAL043C,YDR399W,0,0.9829404,0.09588788449764252,0.5153617262840271,0.49074167013168335
YGR046W,YPR097W,0,0.98293245,0.09587020426988602,0.5153617262840271,0.49084174633026123
YOR386W,YDR179C,0,0.98292524,0.09585253149271011,0.5153617262840271,0.4909418523311615
YGL046W,YKL141W,0,0.98291695,0.09583486616611481,0.5153617262840271,0.4910419285297394
YGR123C,YBR100W,0,0.98287857,0.0958172082901001,0.5153617262840271,0.49114203453063965
YHR118C,YDL042C,1,0.98286414,0.09598378837108612,0.5163528323173523,0.49114203453063965
YLR033W,YNL107W,1,0.9827947,0.09615030139684677,0.5173438787460327,0.49114203453063965
YDL065C,YJR094W-A,0,0.98277235,0.09613259881734848,0.5173438787460327,0.49124211072921753
YMR033W,YBR198C,1,0.982771,0.09629902243614197,0.5183349847793579,0.49124211072921753
YCR020W-B,YOR304W,1,0.9827668,0.09646539390087128,0.5193260908126831,0.49124211072921753
YDL017W,YDR439W,0,0.98273695,0.09644763171672821,0.5193260908126831,0.4913422167301178
YOL009C,YDR109C,0,0.9827227,0.09642988443374634,0.5193260908126831,0.4914422929286957
YKL017C,YMR036C,0,0.982686,0.09641214460134506,0.5193260908126831,0.49154239892959595
YGL027C,YHL034C,0,0.9826651,0.09639440476894379,0.5193260908126831,0.49164247512817383
YGL205W,YOL116W,0,0.9826408,0.0963766798377037,0.5193260908126831,0.4917425811290741
YER051W,YLR370C,0,0.98258775,0.09635895490646362,0.5193260908126831,0.491842657327652
YHR085W,YOL107W,0,0.9825647,0.09634123742580414,0.5193260908126831,0.49194276332855225
YAL025C,YPL150W,0,0.982555,0.09632352739572525,0.5193260908126831,0.4920428395271301
YBR257W,YGR129W,0,0.98253596,0.09630582481622696,0.5193260908126831,0.492142915725708
YHR156C,YBL008W,0,0.98253495,0.09628812968730927,0.5193260908126831,0.4922430217266083
YOR162C,YGR271W,0,0.9825103,0.09627044200897217,0.5193260908126831,0.49234309792518616
YLR026C,YMR235C,0,0.98251003,0.09625275433063507,0.5193260908126831,0.4924432039260864
YBR084W,YFR045W,0,0.9825081,0.09623508155345917,0.5193260908126831,0.4925432801246643
YOL116W,YNL293W,0,0.9824972,0.09621740877628326,0.5193260908126831,0.4926433861255646
YBR067C,YDR510W,0,0.9824928,0.09619974344968796,0.5193260908126831,0.49274346232414246
YDL042C,YDR073W,1,0.98246926,0.09636563807725906,0.5203171372413635,0.49274346232414246
YKL001C,YIL020C,0,0.9824649,0.09634795039892197,0.5203171372413635,0.4928435683250427
YLL029W,YOR084W,0,0.98240477,0.09633027762174606,0.5203171372413635,0.4929436445236206
YLR410W-A,YKL009W,0,0.98237103,0.09631260484457016,0.5203171372413635,0.4930437505245209
YKL060C,YBR041W,0,0.9823686,0.09629493951797485,0.5203171372413635,0.49314382672309875
YNL288W,YOR014W,0,0.98233247,0.09627728164196014,0.5203171372413635,0.493243932723999
YKL001C,YBR100W,0,0.9823262,0.09625962376594543,0.5203171372413635,0.4933440089225769
YPL064C,YDL209C,0,0.98232484,0.09624198079109192,0.5203171372413635,0.4934440851211548
YPL068C,YIL090W,0,0.98225725,0.0962243378162384,0.5203171372413635,0.49354419112205505
YLL009C,YBR156C,0,0.98222244,0.09620670974254608,0.5203171372413635,0.49364426732063293
YJL194W,YBR195C,1,0.9822118,0.09637229889631271,0.5213082432746887,0.49364426732063293
YBR158W,YJR013W,0,0.9822085,0.096354641020298,0.5213082432746887,0.4937443733215332
YDR038C,YGL004C,0,0.9822078,0.09633699804544449,0.5213082432746887,0.4938444495201111
YDR363W,YDR167W,1,0.9821665,0.09650247544050217,0.5222992897033691,0.4938444495201111
YMR289W,YEL002C,0,0.98213756,0.09648480266332626,0.5222992897033691,0.49394455552101135
YOR244W,YER007C-A,0,0.9821304,0.09646714478731155,0.5222992897033691,0.49404463171958923
YDL095W,YIL098C,0,0.9821252,0.09644948691129684,0.5222992897033691,0.4941447377204895
YLR182W,YDR427W,0,0.9821148,0.09643183648586273,0.5222992897033691,0.4942448139190674
YBR177C,YGL021W,0,0.9821005,0.09641419351100922,0.5222992897033691,0.49434491991996765
YDR224C,YNL206C,1,0.9820983,0.09657947719097137,0.5232903957366943,0.49434491991996765
YOR271C,YGR084C,0,0.98209816,0.09656181186437607,0.5232903957366943,0.49444499611854553
YDR443C,YIL064W,0,0.9820888,0.09654416143894196,0.5232903957366943,0.4945451021194458
YLR287C-A,YMR322C,0,0.98205745,0.09652651101350784,0.5232903957366943,0.4946451783180237
YPL203W,YDR523C,0,0.98203707,0.09650886803865433,0.5232903957366943,0.49474528431892395
YJR076C,YCR028C,0,0.9820335,0.09649122506380081,0.5232903957366943,0.49484536051750183
YKL033W,YOR057W,0,0.9820298,0.09647359699010849,0.5232903957366943,0.4949454367160797
YCL074W,YPL059W,0,0.9820008,0.09645597636699677,0.5232903957366943,0.49504554271698
YMR296C,YCR097WB,0,0.9819864,0.09643835574388504,0.5232903957366943,0.49514561891555786
YNL202W,YKL088W,0,0.9819734,0.09642074257135391,0.5232903957366943,0.49524572491645813
YKR027W,YEL041W,0,0.98196673,0.09640313684940338,0.5232903957366943,0.495345801115036
YGR156W,YKL095W,0,0.9819341,0.09638553857803345,0.5232903957366943,0.4954459071159363
YCL060C,YGL031C,0,0.98191744,0.09636794775724411,0.5232903957366943,0.49554598331451416
YDR022C,YBR065C,0,0.98191583,0.09635036438703537,0.5232903957366943,0.49564608931541443
YLR367W,YDR188W,0,0.98191345,0.09633278846740723,0.5232903957366943,0.4957461655139923
YKL116C,YJL187C,0,0.98189294,0.09631521254777908,0.5232903957366943,0.4958462715148926
YDL054C,YIR036C,0,0.9818672,0.09629764407873154,0.5232903957366943,0.49594634771347046
YFR032C-A,YAL012W,0,0.98186463,0.09628009051084518,0.5232903957366943,0.4960464537143707
YOR008C,YNR041C,0,0.98185086,0.09626253694295883,0.5232903957366943,0.4961465299129486
YDR039C,YNL290W,0,0.9818324,0.09624499082565308,0.5232903957366943,0.4962466359138489
YML109W,YML041C,1,0.98181117,0.09640969336032867,0.5242814421653748,0.4962466359138489
YMR072W,YGL136C,0,0.98177415,0.09639212489128113,0.5242814421653748,0.49634671211242676
YML057W,YFR019W,0,0.981769,0.09637456387281418,0.5242814421653748,0.49644678831100464
YOL158C,YJR033C,0,0.98175,0.09635701030492783,0.5242814421653748,0.4965468943119049
YJL149W,YOR351C,0,0.98174477,0.09633946418762207,0.5242814421653748,0.4966469705104828
YOR228C,YOR212W,0,0.98173326,0.09632192552089691,0.5242814421653748,0.49674707651138306
YPL135W,YKL149C,0,0.9817289,0.09630438685417175,0.5242814421653748,0.49684715270996094
YLL004W,YOL090W,1,0.9816841,0.09646887332201004,0.5252725481987,0.49684715270996094
YDR155C,YMR227C,1,0.98167676,0.09663330018520355,0.5262636542320251,0.49684715270996094
YER040W,YEL065W,0,0.98166037,0.09661571681499481,0.5262636542320251,0.4969472587108612
YJL004C,YMR315W,0,0.9816537,0.09659814089536667,0.5262636542320251,0.4970473349094391
YLR289W,YLR001C,0,0.9816414,0.09658057242631912,0.5262636542320251,0.49714744091033936
YNR028W,YOR075W,0,0.9816355,0.09656301140785217,0.5262636542320251,0.49724751710891724
YOL078W,YPR036W,0,0.9816239,0.09654545783996582,0.5262636542320251,0.4973476231098175
YML057W,YFL033C,0,0.9816227,0.09652790427207947,0.5262636542320251,0.4974476993083954
YGR071C,YOL086C,0,0.98159224,0.09651035815477371,0.5262636542320251,0.49754780530929565
YHR116W,YGL232W,0,0.98158914,0.09649281948804855,0.5262636542320251,0.49764788150787354
YGL076C,YKR035W-A,0,0.98158205,0.09647528827190399,0.5262636542320251,0.4977479875087738
YPL083C,YJL073W,0,0.9815621,0.09645776450634003,0.5262636542320251,0.4978480637073517
YBL080C,YLR440C,0,0.9815254,0.09644024819135666,0.5262636542320251,0.49794813990592957
YDR303C,YML112W,0,0.9815045,0.09642273187637329,0.5262636542320251,0.49804824590682983
YPL203W,YDR014W,0,0.9814912,0.09640523046255112,0.5262636542320251,0.4981483221054077
YOR299W,YOR145C,0,0.9814683,0.09638772904872894,0.5262636542320251,0.498248428106308
YBR111W-A,YDR069C,0,0.98141885,0.09637023508548737,0.5262636542320251,0.49834850430488586
YNL194C,YLR430W,0,0.98140126,0.09635274857282639,0.5262636542320251,0.49844861030578613
YGL059W,YOR393W,0,0.9813004,0.096335269510746,0.5262636542320251,0.498548686504364
YKL144C,YHR027C,0,0.9812965,0.09631779789924622,0.5262636542320251,0.4986487925052643
YPL215W,YDL124W,0,0.98129636,0.09630032628774643,0.5262636542320251,0.49874886870384216
YPL098C,YER049W,0,0.98117,0.09628286212682724,0.5262636542320251,0.49884897470474243
YGR007W,YLR413W,0,0.981158,0.09626541286706924,0.5262636542320251,0.4989490509033203
YDR257C,YOR195W,0,0.9811117,0.09624796360731125,0.5262636542320251,0.4990491569042206
YOL122C,YGL163C,0,0.98110753,0.09623052179813385,0.5262636542320251,0.49914923310279846
YKL138C,YOR043W,0,0.98110235,0.09621307998895645,0.5262636542320251,0.49924933910369873
YER087W,YJL044C,0,0.9810685,0.09619565308094025,0.5262636542320251,0.4993494153022766
YOR334W,YJR045C,0,0.98106617,0.09617822617292404,0.5262636542320251,0.4994494915008545
YDR034C,YOL103W-A,0,0.98103917,0.09616081416606903,0.5262636542320251,0.49954959750175476
YGL113W,YOR061W,0,0.9810358,0.09614340215921402,0.5262636542320251,0.49964967370033264
YPL140C,YNL050C,0,0.98100424,0.0961259976029396,0.5262636542320251,0.4997497797012329
YNL121C,YMR179W,0,0.9809835,0.09610860049724579,0.5262636542320251,0.4998498558998108
YIL034C,YJL221C,0,0.98097354,0.09609120339155197,0.5262636542320251,0.49994996190071106
YBR283C,YDR298C,0,0.98095715,0.09607382118701935,0.5262636542320251,0.5000500679016113
YCR052W,YDR210W-B,0,0.9809568,0.09605643898248672,0.5262636542320251,0.5001501441001892
YDR012W,YOL071W,0,0.9809346,0.0960390642285347,0.5262636542320251,0.5002502202987671
YOR266W,YBL013W,0,0.98093283,0.09602169692516327,0.5262636542320251,0.500350296497345
YBL023C,YOR393W,0,0.98087513,0.09600433707237244,0.5262636542320251,0.5004504323005676
YFR030W,YPL048W,0,0.9808733,0.0959869846701622,0.5262636542320251,0.5005505084991455
YDL110C,YPR137C-A,0,0.98086077,0.09596963971853256,0.5262636542320251,0.5006505846977234
YGR024C,YBR198C,0,0.9808343,0.09595229476690292,0.5262636542320251,0.5007506608963013
YPR162C,YPR175W,1,0.9808242,0.09611562639474869,0.5272547006607056,0.5007506608963013
YJR126C,YCR097WB,0,0.98080564,0.09609826654195786,0.5272547006607056,0.5008507370948792
YMR133W,YDL006W,0,0.9807623,0.09608090668916702,0.5272547006607056,0.5009508728981018
YGR275W,YHR119W,1,0.9807543,0.09624413400888443,0.5282458066940308,0.5009508728981018
YDL093W,YDR518W,0,0.98072577,0.0962267592549324,0.5282458066940308,0.5010509490966797
YHR111W,YPL141C,0,0.9806764,0.09620938450098038,0.5282458066940308,0.5011510252952576
YGL111W,YEL043W,0,0.98067236,0.09619202464818954,0.5282458066940308,0.5012511014938354
YBL008W,YLR442C,1,0.9805937,0.09635510295629501,0.5292368531227112,0.5012511014938354
YPR189W,YOR127W,0,0.9805497,0.09633772075176239,0.5292368531227112,0.5013512372970581
YMR035W,YDR268W,0,0.98054427,0.09632034599781036,0.5292368531227112,0.501451313495636
YML085C,YMR026C,0,0.98052824,0.09630297869443893,0.5292368531227112,0.5015513896942139
YKL026C,YNL048W,0,0.9805266,0.0962856113910675,0.5292368531227112,0.5016514658927917
YKL195W,YJL102W,0,0.9805227,0.09626825153827667,0.5292368531227112,0.5017516016960144
YAL033W,YDR211W,0,0.9805152,0.09625089913606644,0.5292368531227112,0.5018516778945923
YGL064C,YNL131W,0,0.9804673,0.0962335541844368,0.5292368531227112,0.5019517540931702
YHR135C,YER137C-A,0,0.98044586,0.09621621668338776,0.5292368531227112,0.502051830291748
YLR391W,YKL143W,0,0.9804391,0.09619888663291931,0.5292368531227112,0.5021519660949707
YMR071C,YMR221C,0,0.9803125,0.09618155658245087,0.5292368531227112,0.5022520422935486
YDL028C,YCR028C,0,0.98028654,0.09616423398256302,0.5292368531227112,0.5023521184921265
YER110C,YKL179C,0,0.9802751,0.09614691883325577,0.5292368531227112,0.5024521946907043
YKL039W,YPL253C,0,0.98024625,0.09612961113452911,0.5292368531227112,0.5025522708892822
YDR468C,YNL128W,0,0.9801845,0.09611231088638306,0.5292368531227112,0.5026524066925049
YGL030W,YJL192C,0,0.98016477,0.0960950180888176,0.5292368531227112,0.5027524828910828
YLR448W,YJL216C,0,0.980121,0.09607772529125214,0.5292368531227112,0.5028525590896606
YDR443C,YLR234W,0,0.98008806,0.09606043994426727,0.5292368531227112,0.5029526352882385
YLR270W,YGL107C,0,0.9800799,0.096043162047863,0.5292368531227112,0.5030527710914612
YDR306C,YGR032W,0,0.98001915,0.09602589160203934,0.5292368531227112,0.5031528472900391
YOR195W,YOR079C,0,0.98001736,0.09600862860679626,0.5292368531227112,0.5032529234886169
YJR060W,YLR450W,0,0.9799944,0.09599137306213379,0.5292368531227112,0.5033529996871948
YPL068C,YLR224W,0,0.9799689,0.09597411751747131,0.5292368531227112,0.5034531354904175
YDR155C,YDR334W,1,0.979942,0.09613656997680664,0.5302279591560364,0.5034531354904175
YLR017W,YBR170C,0,0.97990495,0.09611929208040237,0.5302279591560364,0.5035532116889954
YGL046W,YHR136C,0,0.97987777,0.0961020290851593,0.5302279591560364,0.5036532878875732
YPL092W,YLR120C,0,0.97986823,0.09608477354049683,0.5302279591560364,0.5037533640861511
YKL097W-A,YPL135W,0,0.97983736,0.09606751799583435,0.5302279591560364,0.503853440284729
YDR190C,YDR483W,0,0.9798067,0.09605026990175247,0.5302279591560364,0.5039535760879517
YBR241C,YNR055C,0,0.97980106,0.09603302925825119,0.5302279591560364,0.5040536522865295
YLR058C,YDR034C-C,0,0.9797565,0.0960157960653305,0.5302279591560364,0.5041537284851074
YHL038C,YKR095W,0,0.9797258,0.09599856287240982,0.5302279591560364,0.5042538046836853
YDR028C,YIL153W,0,0.97968376,0.09598134458065033,0.5302279591560364,0.504353940486908
YFL035C-A,YJR053W,0,0.97965425,0.09596412628889084,0.5302279591560364,0.5044540166854858
YLL031C,YBR272C,0,0.9795795,0.09594691544771194,0.5302279591560364,0.5045540928840637
YKR071C,YGR063C,0,0.9795555,0.09592971205711365,0.5302279591560364,0.5046541690826416
YGL104C,YGR004W,0,0.97954375,0.09591251611709595,0.5302279591560364,0.5047543048858643
YML088W,YBR078W,0,0.9795408,0.09589532017707825,0.5302279591560364,0.5048543810844421
YML065W,YLR272C,1,0.9795226,0.09605734795331955,0.5312190055847168,0.5048543810844421
YIR026C,YPL172C,0,0.97951436,0.09604013711214066,0.5312190055847168,0.50495445728302
YER056C,YOR259C,0,0.97951347,0.09602293372154236,0.5312190055847168,0.5050545334815979
YKL041W,YPR096C,0,0.97937095,0.09600573033094406,0.5312190055847168,0.5051546096801758
YKL052C,YGR109W-B,0,0.97935236,0.09598854184150696,0.5312190055847168,0.5052547454833984
YGR086C,YAR002C-A,0,0.979279,0.09597135335206985,0.5312190055847168,0.5053548216819763
YDL008W,YGR184C,0,0.97924566,0.09595417231321335,0.5312190055847168,0.5054548978805542
YCL003W,YGR285C,0,0.9792374,0.09593699872493744,0.5312190055847168,0.5055549740791321
YPL015C,YML127W,1,0.979236,0.09609878063201904,0.532210111618042,0.5055549740791321
YMR077C,YMR123W,0,0.97923124,0.09608159214258194,0.532210111618042,0.5056551098823547
YOR322C,YHL028W,0,0.9791491,0.09606440365314484,0.532210111618042,0.5057551860809326
YOL004W,YDR334W,1,0.9791334,0.09622608125209808,0.5332012176513672,0.5057551860809326
YPL203W,YDR201W,0,0.9791268,0.09620887041091919,0.5332012176513672,0.5058552622795105
YIL126W,YFR019W,0,0.9791225,0.09619166702032089,0.5332012176513672,0.5059553384780884
YNL246W,YPR043W,0,0.97910887,0.09617447108030319,0.5332012176513672,0.506055474281311
YNR030W,YHR035W,0,0.9790632,0.09615728259086609,0.5332012176513672,0.5061555504798889
YDL042C,YFL049W,1,0.9790068,0.0963187962770462,0.5341922640800476,0.5061555504798889
YBR061C,YOR343W-B,0,0.9789007,0.0963015928864479,0.5341922640800476,0.5062556266784668
YOL117W,YDR438W,0,0.97889805,0.09628438949584961,0.5341922640800476,0.5063557028770447
YLR103C,YNL021W,1,0.9788654,0.09644579142332077,0.5351833701133728,0.5063557028770447
YDL206W,YHR023W,0,0.9788631,0.09642857313156128,0.5351833701133728,0.5064558386802673
YDL006W,YDR483W,0,0.97884977,0.09641135483980179,0.5351833701133728,0.5065559148788452
YMR200W,YLR234W,0,0.9788309,0.0963941439986229,0.5351833701133728,0.5066559910774231
YMR211W,YNL309W,0,0.9787527,0.0963769406080246,0.5351833701133728,0.506756067276001
YAL011W,YER161C,1,0.97873837,0.09653818607330322,0.5361744165420532,0.506756067276001
YOL165C,YHR079C-B,0,0.97871464,0.09652096033096313,0.5361744165420532,0.5068561434745789
YKL212W,YPL257W-A,0,0.97871053,0.09650374948978424,0.5361744165420532,0.5069562792778015
YNL236W,YKR002W,0,0.9787057,0.09648653119802475,0.5361744165420532,0.5070563554763794
YGR266W,YDR059C,0,0.97869617,0.09646932780742645,0.5361744165420532,0.5071564316749573
YOR343W-A,YNR043W,0,0.97865117,0.09645213186740875,0.5361744165420532,0.5072565078735352
YLR385C,YML109W,1,0.9786259,0.09661319106817245,0.5371655225753784,0.5072565078735352
YMR274C,YOR201C,0,0.97854584,0.09659597277641296,0.5371655225753784,0.5073566436767578
YBR276C,YFL002W-A,0,0.9785287,0.09657876193523407,0.5371655225753784,0.5074567198753357
YHR114W,YLL066C,0,0.97852033,0.09656155109405518,0.5371655225753784,0.5075567960739136
YPL129W,YJL127C,1,0.9785108,0.09672247618436813,0.5381565690040588,0.5075567960739136
YDL166C,YOR351C,0,0.9785068,0.09670525044202805,0.5381565690040588,0.5076568722724915
YNL202W,YMR046C,0,0.97845477,0.09668803215026855,0.5381565690040588,0.5077570080757141
YML009C,YDR096W,0,0.97842216,0.09667082130908966,0.5381565690040588,0.507857084274292
YNL038W,YER087C-B,0,0.9783834,0.09665361046791077,0.5381565690040588,0.5079571604728699
YIL128W,YLR293C,0,0.9783736,0.09663641452789307,0.5381565690040588,0.5080572366714478
YPR046W,YOR103C,0,0.97830606,0.09661921858787537,0.5381565690040588,0.5081573128700256
YKL062W,YGR274C,0,0.97829604,0.09660203009843826,0.5381565690040588,0.5082574486732483
YNL024C,YNL278W,0,0.9782488,0.09658484160900116,0.5381565690040588,0.5083575248718262
YOR189W,YAL002W,0,0.9782302,0.09656766802072525,0.5381565690040588,0.508457601070404
YBR024W,YNL130C,0,0.97822195,0.09655049443244934,0.5381565690040588,0.5085576772689819
YER056C,YPL135W,0,0.9781705,0.09653333574533463,0.5381565690040588,0.5086578130722046
YLL027W,YER137C,0,0.97816896,0.09651617705821991,0.5381565690040588,0.5087578892707825
YPR175W,YAL051W,0,0.9781257,0.09649902582168579,0.5381565690040588,0.5088579654693604
YLL051C,YIL043C,0,0.97812176,0.09648187458515167,0.5381565690040588,0.5089580416679382
YKR072C,YLR115W,0,0.9781039,0.09646473824977875,0.5381565690040588,0.5090581774711609
YIL108W,YJL141C,0,0.9780907,0.09644760191440582,0.5381565690040588,0.5091582536697388
YML085C,YGL222C,0,0.9780773,0.0964304730296135,0.5381565690040588,0.5092583298683167
YJR121W,YHR214C-C,0,0.97806877,0.09641335159540176,0.5381565690040588,0.5093584060668945
YNL031C,YOL017W,1,0.9780399,0.09657376259565353,0.539147675037384,0.5093584060668945
YGL222C,YOR027W,0,0.97798353,0.09655661880970001,0.539147675037384,0.5094585418701172
YOL071W,YOL051W,0,0.97798103,0.09653948247432709,0.539147675037384,0.5095586180686951
YCL014W,YPR204W,0,0.97798014,0.09652235358953476,0.539147675037384,0.509658694267273
YGL173C,YJR065C,0,0.977978,0.09650523215532303,0.539147675037384,0.5097587704658508
YCR052W,YLR272C,1,0.9779539,0.09666548669338226,0.5401387214660645,0.5097587704658508
YNL173C,YCR004C,0,0.9779438,0.09664834290742874,0.5401387214660645,0.5098588466644287
YIR006C,YFR024C-A,0,0.97793823,0.09663120657205582,0.5401387214660645,0.5099589824676514
YIL112W,YIL004C,0,0.9779353,0.09661407768726349,0.5401387214660645,0.5100590586662292
YBR034C,YGL025C,0,0.9779029,0.09659694880247116,0.5401387214660645,0.5101591348648071
YCR044C,YLR329W,0,0.97789747,0.09657983481884003,0.5401387214660645,0.510259211063385
YMR220W,YML129C,0,0.9778798,0.09656272083520889,0.5401387214660645,0.5103593468666077
YCR044C,YML005W,0,0.97787106,0.09654561430215836,0.5401387214660645,0.5104594230651855
YBR150C,YIL072W,0,0.9778058,0.09652851521968842,0.5401387214660645,0.5105594992637634
YER056C,YGR161W-B,0,0.97775966,0.09651142358779907,0.5401387214660645,0.5106595754623413
YER148W,YBR231C,0,0.97775894,0.09649433195590973,0.5401387214660645,0.510759711265564
YPR002W,YCL001W,0,0.9777394,0.09647725522518158,0.5401387214660645,0.5108597874641418
YJR143C,YGR161C-D,0,0.97773594,0.09646017849445343,0.5401387214660645,0.5109598636627197
YGL226W,YJR089W,0,0.9777212,0.09644310921430588,0.5401387214660645,0.5110599398612976
YGL123W,YDR288W,0,0.97766733,0.09642604738473892,0.5401387214660645,0.5111600160598755
YOR230W,YGR167W,0,0.9776656,0.09640898555517197,0.5401387214660645,0.5112601518630981
YDR329C,YNL159C,0,0.97765005,0.0963919386267662,0.5401387214660645,0.511360228061676
YMR044W,YGL163C,1,0.97764266,0.09655172377824783,0.5411298274993896,0.511360228061676
YHL015W,YJR075W,0,0.97763395,0.09653465449810028,0.5411298274993896,0.5114603042602539
YGL076C,YPL257W-B,0,0.977629,0.09651758521795273,0.5411298274993896,0.5115603804588318
YPL123C,YGL233W,0,0.9775723,0.09650053083896637,0.5411298274993896,0.5116605162620544
YKR007W,YJL153C,0,0.97756386,0.09648347645998001,0.5411298274993896,0.5117605924606323
YNL244C,YJR025C,0,0.97755456,0.09646642953157425,0.5411298274993896,0.5118606686592102
YBR107C,YKL164C,0,0.9775208,0.09644939005374908,0.5411298274993896,0.5119607448577881
YDR536W,YPR137C-A,0,0.9775101,0.09643235802650452,0.5411298274993896,0.5120608806610107
YDR167W,YLR011W,0,0.9774821,0.09641532599925995,0.5411298274993896,0.5121609568595886
YNL223W,YHR035W,0,0.9774788,0.09639830142259598,0.5411298274993896,0.5122610330581665
YCR086W,YGL210W,0,0.97746855,0.0963812917470932,0.5411298274993896,0.5123611092567444
YJR151C,YKL077W,0,0.9774606,0.09636427462100983,0.5411298274993896,0.5124611854553223
YOL006C,YPL153C,1,0.9774321,0.09652373194694519,0.5421209335327148,0.5124611854553223
YGR217W,YIR015W,0,0.97741014,0.09650670737028122,0.5421209335327148,0.5125613212585449
YDR030C,YNR057C,0,0.97737277,0.09648968279361725,0.5421209335327148,0.5126613974571228
YDL093W,YIL013C,0,0.9773723,0.09647266566753387,0.5421209335327148,0.5127614736557007
YER087W,YGL040C,0,0.97727126,0.0964556485414505,0.5421209335327148,0.5128615498542786
YKL201C,YNL183C,0,0.97724783,0.09643864631652832,0.5421209335327148,0.5129616856575012
YGL104C,YJR026W,0,0.97724396,0.09642164409160614,0.5421209335327148,0.5130617618560791
YNL103W,YDR256C,0,0.9772081,0.09640464931726456,0.5421209335327148,0.513161838054657
YAR042W,YPR169W,0,0.9771571,0.09638766199350357,0.5421209335327148,0.5132619142532349
YER014W,YJR006W,0,0.9771499,0.09637068212032318,0.5421209335327148,0.5133620500564575
YHR118C,YKL053C-A,0,0.9771303,0.09635370969772339,0.5421209335327148,0.5134621262550354
YIR015W,YML128C,0,0.97712,0.0963367372751236,0.5421209335327148,0.5135622024536133
YLR404W,YHR028C,0,0.97709626,0.0963197723031044,0.5421209335327148,0.5136622786521912
YGL237C,YAL003W,0,0.9770794,0.0963028147816658,0.5421209335327148,0.5137624144554138
YCL014W,YEL002C,0,0.9770336,0.0962858647108078,0.5421209335327148,0.5138624906539917
YOR123C,YJR068W,0,0.9770172,0.0962689220905304,0.5421209335327148,0.5139625668525696
YJR022W,YBR123C,0,0.9770018,0.09625197947025299,0.5421209335327148,0.5140626430511475
YLR060W,YEL058W,0,0.9769414,0.09623504430055618,0.5421209335327148,0.5141627192497253
YJL180C,YLR410W-B,0,0.97693866,0.09621811658143997,0.5421209335327148,0.514262855052948
YKL088W,YPR055W,0,0.9768983,0.09620119631290436,0.5421209335327148,0.5143629312515259
YNL307C,YLR337C,0,0.9768721,0.09618428349494934,0.5421209335327148,0.5144630074501038
YJR057W,YJR098C,0,0.9768596,0.09616737067699432,0.5421209335327148,0.5145630836486816
YOR359W,YHR077C,0,0.97684306,0.0961504653096199,0.5421209335327148,0.5146632194519043
YDR315C,YGR003W,0,0.9768335,0.09613356739282608,0.5421209335327148,0.5147632956504822
YKR008W,YDR071C,1,0.9767593,0.0962923914194107,0.5431119799613953,0.5147632956504822
YMR228W,YPL258C,0,0.9767583,0.09627547115087509,0.5431119799613953,0.5148633718490601
YOR324C,YJR059W,0,0.976741,0.09625856578350067,0.5431119799613953,0.5149634480476379
YGR030C,YBR294W,0,0.9767311,0.09624166041612625,0.5431119799613953,0.5150635838508606
YMR076C,YHR006W,0,0.976676,0.09622475504875183,0.5431119799613953,0.5151636600494385
YDR067C,YDL019C,0,0.9766736,0.0962078645825386,0.5431119799613953,0.5152637362480164
YBR129C,YHR080C,0,0.9766589,0.09619097411632538,0.5431119799613953,0.5153638124465942
YDR323C,YHR139C,0,0.9766546,0.09617409855127335,0.5431119799613953,0.5154638886451721
YPR046W,YBR061C,0,0.9766462,0.09615722298622131,0.5431119799613953,0.5155640244483948
YPR137C-B,YCR053W,0,0.9765358,0.09614034742116928,0.5431119799613953,0.5156641006469727
YOL043C,YML074C,0,0.97653234,0.09612348675727844,0.5431119799613953,0.5157641768455505
YPL129W,YBL003C,1,0.9765231,0.0962820053100586,0.5441030859947205,0.5157641768455505
YDR014W,YCR039C,0,0.97649235,0.09626512229442596,0.5441030859947205,0.5158642530441284
YML076C,YDL018C,0,0.97646433,0.09624824672937393,0.5441030859947205,0.5159643888473511
YJR112W,YNL129W,0,0.97641826,0.0962313786149025,0.5441030859947205,0.516064465045929
YNL306W,YKL130C,0,0.9764169,0.09621451050043106,0.5441030859947205,0.5161645412445068
YAL043C,YPL010W,0,0.976369,0.09619764983654022,0.5441030859947205,0.5162646174430847
YJL171C,YGR027W-B,0,0.9763679,0.09618079662322998,0.5441030859947205,0.5163647532463074
YBR245C,YNR072W,0,0.97634727,0.09616395086050034,0.5441030859947205,0.5164648294448853
YLL048C,YEL050C,0,0.9762926,0.09614711254835129,0.5441030859947205,0.5165649056434631
YGR244C,YKL173W,0,0.97624236,0.09613027423620224,0.5441030859947205,0.516664981842041
YGL229C,YNR043W,0,0.97624034,0.09611344337463379,0.5441030859947205,0.5167651176452637
YGR063C,YCL060C,1,0.9762128,0.09627166390419006,0.5450941324234009,0.5167651176452637
YGR135W,YPL031C,0,0.9761855,0.09625481069087982,0.5450941324234009,0.5168651938438416
YPL257W-B,YGR062C,0,0.9761439,0.09623797237873077,0.5450941324234009,0.5169652700424194
YMR194W,YGL220W,0,0.976122,0.09622113406658173,0.5450941324234009,0.5170653462409973
YBR145W,YAL007C,0,0.9759809,0.09620430320501328,0.5450941324234009,0.5171654224395752
YLR459W,YKR026C,0,0.97595453,0.09618747979402542,0.5450941324234009,0.5172655582427979
YNL164C,YPL280W,0,0.9759542,0.09617065638303757,0.5450941324234009,0.5173656344413757
YBR010W,YDR190C,1,0.97590196,0.09632866829633713,0.5460852384567261,0.5173656344413757
YKR071C,YDL043C,0,0.97588074,0.09631182998418808,0.5460852384567261,0.5174657106399536
YHR109W,YJR031C,0,0.97584087,0.09629499912261963,0.5460852384567261,0.5175657868385315
YDR356W,YDR448W,0,0.97583807,0.09627817571163177,0.5460852384567261,0.5176659226417542
YCL059C,YOR131C,0,0.9758324,0.09626135230064392,0.5460852384567261,0.517765998840332
YPL139C,YOR195W,0,0.9758159,0.09624454379081726,0.5460852384567261,0.5178660750389099
YMR127C,YGR274C,1,0.9758002,0.0964023768901825,0.5470762848854065,0.5178660750389099
YKL190W,YNL261W,0,0.9757605,0.09638553857803345,0.5470762848854065,0.5179661512374878
YKL181W,YJR033C,0,0.9757605,0.0963687151670456,0.5470762848854065,0.5180662870407104
YGL095C,YDR261W-A,0,0.97571814,0.09635189175605774,0.5470762848854065,0.5181663632392883
YLR410W-A,YNR021W,0,0.97569567,0.09633507579565048,0.5470762848854065,0.5182664394378662
YGL223C,YJL004C,0,0.9756743,0.09631826728582382,0.5470762848854065,0.5183665156364441
YBR033W,YJR117W,0,0.9756699,0.09630146622657776,0.5470762848854065,0.518466591835022
YHL050C,YKL062W,0,0.97562164,0.0962846651673317,0.5470762848854065,0.5185667276382446
YGL068W,YKR096W,0,0.97556067,0.09626787900924683,0.5470762848854065,0.5186668038368225
YHR146W,YLL013C,0,0.9755548,0.09625109285116196,0.5470762848854065,0.5187668800354004
YGR037C,YPL178W,0,0.97555375,0.09623430669307709,0.5470762848854065,0.5188669562339783
YOR131C,YDL107W,0,0.97553074,0.09621753543615341,0.5470762848854065,0.5189670920372009
YNL267W,YMR001C,0,0.97551423,0.09620076417922974,0.5470762848854065,0.5190671682357788
YLR309C,YBL092W,0,0.97551197,0.09618400782346725,0.5470762848854065,0.5191672444343567
YDR300C,YDR499W,0,0.9755054,0.09616724401712418,0.5470762848854065,0.5192673206329346
YBR030W,YNL127W,0,0.97547317,0.09615049511194229,0.5470762848854065,0.5193674564361572
YPR175W,YFR013W,1,0.97545713,0.0963079035282135,0.5480673909187317,0.5193674564361572
YDR210C-D,YNR010W,0,0.9754381,0.09629113972187042,0.5480673909187317,0.5194675326347351
YER056C-A,YEL013W,0,0.9754365,0.09627437591552734,0.5480673909187317,0.519567608833313
YNL221C,YOR086C,0,0.97537816,0.09625761210918427,0.5480673909187317,0.5196676850318909
YCL036W,YHR028C,0,0.9753505,0.09624086320400238,0.5480673909187317,0.5197677612304688
YLR432W,YJR150C,0,0.97534853,0.0962241142988205,0.5480673909187317,0.5198678970336914
YJL171C,YPR137C-A,0,0.9753149,0.09620737284421921,0.5480673909187317,0.5199679732322693
YFL010W-A,YER017C,0,0.9752932,0.09619063884019852,0.5480673909187317,0.5200680494308472
YOL067C,YOR085W,0,0.9752394,0.09617391228675842,0.5480673909187317,0.520168125629425
YPL189C-A,YMR307W,0,0.97522825,0.09615719318389893,0.5480673909187317,0.5202682614326477
YLR052W,YMR033W,1,0.9751539,0.09631432592868805,0.5490584969520569,0.5202682614326477
YBR276C,YLR305C,0,0.9751365,0.09629758447408676,0.5490584969520569,0.5203683376312256
YJL011C,YFR041C,0,0.9751124,0.09628085047006607,0.5490584969520569,0.5204684138298035
YJR040W,YDR129C,0,0.9750985,0.09626411646604538,0.5490584969520569,0.5205684900283813
YBL052C,YDR289C,0,0.9750813,0.09624739736318588,0.5490584969520569,0.520668625831604
YLR028C,YDL171C,0,0.97502214,0.09623067826032639,0.5490584969520569,0.5207687020301819
YMR065W,YDR074W,0,0.9749394,0.09621396660804749,0.5490584969520569,0.5208687782287598
YDL217C,YER167W,0,0.974923,0.09619725495576859,0.5490584969520569,0.5209688544273376
YER174C,YOR396W,0,0.9749064,0.09618055820465088,0.5490584969520569,0.5210689902305603
YNL286W,YLR305C,0,0.9749027,0.09616386145353317,0.5490584969520569,0.5211690664291382
YDR468C,YJR051W,0,0.97490054,0.09614717215299606,0.5490584969520569,0.5212691426277161
YKL130C,YDL137W,0,0.974852,0.09613049030303955,0.5490584969520569,0.521369218826294
YNL065W,YOL139C,0,0.97484547,0.09611380845308304,0.5490584969520569,0.5214692950248718
YGR161W-B,YDR177W,0,0.97484446,0.09609714150428772,0.5490584969520569,0.5215694308280945
YOR369C,YDR410C,0,0.9747793,0.0960804745554924,0.5490584969520569,0.5216695070266724
YKL079W,YIL027C,0,0.9747049,0.09606381505727768,0.5490584969520569,0.5217695832252502
YER056C-A,YDR012W,0,0.9746894,0.09604715555906296,0.5490584969520569,0.5218696594238281
YGR268C,YNL206C,0,0.97468543,0.09603051096200943,0.5490584969520569,0.5219697952270508
YFR032C-A,YDR211W,0,0.97464603,0.0960138663649559,0.5490584969520569,0.5220698714256287
YLR025W,YLR227W-A,0,0.9746316,0.09599722921848297,0.5490584969520569,0.5221699476242065
YPL257W-B,YHR066W,0,0.97462046,0.09598059952259064,0.5490584969520569,0.5222700238227844
YHR202W,YMR166C,0,0.97460985,0.0959639698266983,0.5490584969520569,0.5223701596260071
YGL246C,YCR093W,0,0.9746053,0.09594734758138657,0.5490584969520569,0.522470235824585
YFL011W,YDL065C,0,0.9746046,0.09593073278665543,0.5490584969520569,0.5225703120231628
YKR055W,YDR469W,0,0.974582,0.09591412544250488,0.5490584969520569,0.5226703882217407
YGL141W,YPR005C,0,0.97450906,0.09589752554893494,0.5490584969520569,0.5227704644203186
YJR119C,YEL051W,0,0.9744832,0.09588092565536499,0.5490584969520569,0.5228706002235413
YMR056C,YER028C,0,0.97447205,0.09586433321237564,0.5490584969520569,0.5229706764221191
YLR004C,YDL145C,0,0.97445536,0.09584774821996689,0.5490584969520569,0.523070752620697
YEL044W,YHR142W,0,0.9744486,0.09583117067813873,0.5490584969520569,0.5231708288192749
YGR034W,YMR090W,0,0.9744178,0.09581460058689117,0.5490584969520569,0.5232709646224976
YIL062C,YGR027W-B,0,0.97440535,0.09579803049564362,0.5490584969520569,0.5233710408210754
YOL156W,YKR055W,0,0.97433436,0.09578146785497665,0.5490584969520569,0.5234711170196533
YMR109W,YGR199W,0,0.9743317,0.09576491266489029,0.5490584969520569,0.5235711932182312
YKL067W,YOR127W,0,0.9742994,0.09574835747480392,0.5490584969520569,0.5236713290214539
YPR191W,YCL055W,0,0.9742548,0.09573180973529816,0.5490584969520569,0.5237714052200317
YLR182W,YOR241W,0,0.9742222,0.09571526944637299,0.5490584969520569,0.5238714814186096
YMR022W,YDL109C,0,0.9742124,0.09569873660802841,0.5490584969520569,0.5239715576171875
YNL213C,YPR011C,0,0.9741432,0.09568221122026443,0.5490584969520569,0.5240716934204102
YKL189W,YIL115C,0,0.9741171,0.09566568583250046,0.5490584969520569,0.524171769618988
YLR056W,YER087C-B,0,0.9740724,0.09564916789531708,0.5490584969520569,0.5242718458175659
YMR188C,YGR109W-A,0,0.974068,0.0956326574087143,0.5490584969520569,0.5243719220161438
YIL108W,YNL289W,0,0.9740382,0.09561615437269211,0.5490584969520569,0.5244719982147217
YNL088W,YJL194W,1,0.97401714,0.09577221423387527,0.5500495433807373,0.5244719982147217
YGR063C,YDL054C,0,0.97400403,0.0957556962966919,0.5500495433807373,0.5245721340179443
YPL140C,YMR272C,0,0.9739601,0.09573917835950851,0.5500495433807373,0.5246722102165222
YMR125W,YML081C-A,0,0.97395307,0.09572266042232513,0.5500495433807373,0.5247722864151001
YMR074C,YGR052W,0,0.973944,0.09570615738630295,0.5500495433807373,0.524872362613678
YPR018W,YMR263W,1,0.97394097,0.09586206823587418,0.5510406494140625,0.524872362613678
YNR007C,YAL062W,0,0.9739133,0.0958455428481102,0.5510406494140625,0.5249724984169006
YLR419W,YDL227C,0,0.973904,0.09582902491092682,0.5510406494140625,0.5250725746154785
YBR198C,YBL052C,1,0.9738705,0.09598483890295029,0.5520316958427429,0.5250725746154785
YML076C,YOR192C-B,0,0.97385865,0.09596829861402512,0.5520316958427429,0.5251726508140564
YPL189C-A,YGR174C,0,0.97381586,0.09595176577568054,0.5520316958427429,0.5252727270126343
YOR363C,YDL134C-A,0,0.9738056,0.09593524038791656,0.5520316958427429,0.5253728628158569
YDR026C,YEL002C,0,0.9737932,0.09591872245073318,0.5520316958427429,0.5254729390144348
YAR027W,YNL251C,0,0.97376657,0.0959022045135498,0.5520316958427429,0.5255730152130127
YER138C,YDR280W,0,0.9737641,0.09588569402694702,0.5520316958427429,0.5256730914115906
YFR010W,YGR191W,0,0.9737523,0.09586919099092484,0.5520316958427429,0.5257731676101685
YOR357C,YOR386W,0,0.9736959,0.09585269540548325,0.5520316958427429,0.5258733034133911
YJL024C,YOR254C,0,0.9736879,0.09583619982004166,0.5520316958427429,0.525973379611969
YHR201C,YGL169W,0,0.9736785,0.09581971168518066,0.5520316958427429,0.5260734558105469
YLR154W-C,YNL310C,0,0.9736478,0.09580323100090027,0.5520316958427429,0.5261735320091248
YLR348C,YGR027W-B,0,0.9736377,0.09578675776720047,0.5520316958427429,0.5262736678123474
YDL093W,YGR109W-B,0,0.97361296,0.09577029198408127,0.5520316958427429,0.5263737440109253
YML127W,YLR384C,0,0.97359484,0.09575382620096207,0.5520316958427429,0.5264738202095032
YFL013C,YDR073W,1,0.97355574,0.0959092453122139,0.5530228018760681,0.5264738202095032
YJR134C,YNR044W,0,0.9735526,0.0958927646279335,0.5530228018760681,0.526573896408081
YLR095C,YCR020W-B,1,0.9735442,0.09604810923337936,0.5540138483047485,0.526573896408081
YIL159W,YML049C,0,0.9735172,0.09603160619735718,0.5540138483047485,0.5266740322113037
YOL054W,YHR146W,0,0.97350997,0.09601511806249619,0.5540138483047485,0.5267741084098816
YBL088C,YIL009W,0,0.97347575,0.0959986224770546,0.5540138483047485,0.5268741846084595
YGL059W,YNL118C,0,0.9734135,0.0959821417927742,0.5540138483047485,0.5269742608070374
YGR014W,YNL118C,0,0.97339314,0.0959656685590744,0.5540138483047485,0.52707439661026
YJL085W,YLR417W,0,0.9733557,0.0959491953253746,0.5540138483047485,0.5271744728088379
YDR485C,YPL011C,1,0.97332877,0.09610433876514435,0.5550049543380737,0.5271744728088379
YHR114W,YFL054C,0,0.9733195,0.09608785063028336,0.5550049543380737,0.5272745490074158
YDL215C,YBR120C,0,0.973314,0.09607136994600296,0.5550049543380737,0.5273746252059937
YMR287C,YBL082C,0,0.9733098,0.09605488926172256,0.5550049543380737,0.5274747014045715
YHL035C,YEL058W,0,0.97330767,0.09603841602802277,0.5550049543380737,0.5275748372077942
YDR175C,YGL004C,0,0.97321606,0.09602195024490356,0.5550049543380737,0.5276749134063721
YOR262W,YOR294W,0,0.97319245,0.09600548446178436,0.5550049543380737,0.52777498960495
YOL064C,YPL239W,0,0.9731771,0.09598902612924576,0.5550049543380737,0.5278750658035278
YMR296C,YPL159C,0,0.9731448,0.09597258269786835,0.5550049543380737,0.5279752016067505
YNL247W,YPR137C-B,0,0.9731435,0.09595613181591034,0.5550049543380737,0.5280752778053284
YGR180C,YDL246C,0,0.9730954,0.09593969583511353,0.5550049543380737,0.5281753540039062
YOR089C,YOR353C,0,0.9730909,0.09592325985431671,0.5550049543380737,0.5282754302024841
YLR344W,YDR148C,0,0.973079,0.0959068313241005,0.5550049543380737,0.5283755660057068
YDL028C,YKL010C,0,0.9730749,0.09589041024446487,0.5550049543380737,0.5284756422042847
YIL078W,YOL020W,0,0.97301275,0.09587399661540985,0.5550049543380737,0.5285757184028625
YMR034C,YHR101C,0,0.97297674,0.09585758298635483,0.5550049543380737,0.5286757946014404
YGR014W,YJL130C,0,0.9729485,0.0958411768078804,0.5550049543380737,0.5287758708000183
YLR386W,YHR132C,0,0.97294366,0.09582477807998657,0.5550049543380737,0.528876006603241
YLL048C,YDL043C,0,0.9729296,0.09580838680267334,0.5550049543380737,0.5289760828018188
YKL140W,YAL007C,0,0.9728813,0.09579199552536011,0.5550049543380737,0.5290761590003967
YDR456W,YLR059C,0,0.972869,0.09577561169862747,0.5550049543380737,0.5291762351989746
YKR068C,YBR128C,0,0.9727764,0.09575923532247543,0.5550049543380737,0.5292763710021973
YNL136W,YOR377W,0,0.97276556,0.0957428589463234,0.5550049543380737,0.5293764472007751
YJL062W,YCL018W,0,0.9727614,0.09572649747133255,0.5550049543380737,0.529476523399353
YPL215W,YLR006C,0,0.9727251,0.0957101359963417,0.5550049543380737,0.5295765995979309
YOR008C,YCL035C,0,0.9727038,0.09569378197193146,0.5550049543380737,0.5296767354011536
YPL189C-A,YER036C,0,0.972695,0.09567742794752121,0.5550049543380737,0.5297768115997314
YDR486C,YLL027W,0,0.972665,0.09566108882427216,0.5550049543380737,0.5298768877983093
YDR003W,YGR144W,0,0.9726645,0.0956447497010231,0.5550049543380737,0.5299769639968872
YJR001W,YGR154C,0,0.972658,0.09562841802835464,0.5550049543380737,0.5300770401954651
YDL067C,YDR380W,0,0.9726451,0.09561208635568619,0.5550049543380737,0.5301771759986877
YMR210W,YGR003W,0,0.972644,0.09559576958417892,0.5550049543380737,0.5302772521972656
YPL235W,YEL059C-A,0,0.97260386,0.09557945281267166,0.5550049543380737,0.5303773283958435
YJL164C,YML059C,0,0.97251517,0.095563143491745,0.5550049543380737,0.5304774045944214
YCR011C,YGR012W,0,0.972512,0.09554683417081833,0.5550049543380737,0.530577540397644
YOR117W,YDR234W,0,0.9725069,0.09553053230047226,0.5550049543380737,0.5306776165962219
YHR044C,YIL052C,0,0.97250617,0.09551424533128738,0.5550049543380737,0.5307776927947998
YMR230W,YML082W,0,0.9724873,0.09549795091152191,0.5550049543380737,0.5308777689933777
YBL056W,YPR138C,0,0.97245693,0.09548167139291763,0.5550049543380737,0.5309779047966003
YMR227C,YNL206C,1,0.972452,0.09563586860895157,0.5559960603713989,0.5309779047966003
YNL227C,YPR042C,0,0.972443,0.0956195667386055,0.5559960603713989,0.5310779809951782
YLR309C,YPR199C,0,0.97244066,0.09560327231884003,0.5559960603713989,0.5311780571937561
YNL160W,YJR015W,0,0.9724378,0.09558698534965515,0.5559960603713989,0.531278133392334
YJL206C,YGR035C,0,0.97240674,0.09557069838047028,0.5559960603713989,0.5313782691955566
YPL063W,YOR192C-B,0,0.97238314,0.095554418861866,0.5559960603713989,0.5314783453941345
YPR068C,YPR199C,0,0.9723611,0.09553814679384232,0.5559960603713989,0.5315784215927124
YAL043C,YDR478W,0,0.9723337,0.09552188217639923,0.5559960603713989,0.5316784977912903
YPR021C,YNL216W,0,0.97233117,0.09550561755895615,0.5559960603713989,0.5317785739898682
YCL012W,YLR059C,0,0.9723002,0.09548936039209366,0.5559960603713989,0.5318787097930908
YDL192W,YEL053C,0,0.97229916,0.09547311067581177,0.5559960603713989,0.5319787859916687
YLR157C,YOR138C,0,0.9722982,0.09545686841011047,0.5559960603713989,0.5320788621902466
YBR074W,YHR110W,0,0.972291,0.09544062614440918,0.5559960603713989,0.5321789383888245
YNL243W,YER109C,0,0.97227776,0.09542439132928848,0.5559960603713989,0.5322790741920471
YBR086C,YOR261C,0,0.9722514,0.09540816396474838,0.5559960603713989,0.532379150390625
YML039W,YJR096W,0,0.97223383,0.09539193660020828,0.5559960603713989,0.5324792265892029
YMR211W,YPL120W,0,0.97221416,0.09537572413682938,0.5559960603713989,0.5325793027877808
YHR028C,YAR031W,0,0.97221273,0.09535951167345047,0.5559960603713989,0.5326794385910034
YDR032C,YIL043C,0,0.9722003,0.09534330666065216,0.5559960603713989,0.5327795147895813
YKL004W,YPR017C,0,0.97219765,0.09532710164785385,0.5559960603713989,0.5328795909881592
YPR162C,YBL008W,1,0.97216606,0.09548079967498779,0.5569871068000793,0.5328795909881592
YDR253C,YAL022C,0,0.9721245,0.09546457976102829,0.5569871068000793,0.5329796671867371
YLR348C,YKL045W,0,0.97211343,0.09544836729764938,0.5569871068000793,0.5330797433853149
YER185W,YJL194W,0,0.97211087,0.09543216228485107,0.5569871068000793,0.5331798791885376
YGR027W-B,YEL051W,0,0.97207683,0.09541595727205276,0.5569871068000793,0.5332799553871155
YLR220W,YHR037W,0,0.9720706,0.09539975970983505,0.5569871068000793,0.5333800315856934
YBR022W,YNR027W,0,0.97205603,0.09538356959819794,0.5569871068000793,0.5334801077842712
YML034W,YPL099C,0,0.97205377,0.09536738693714142,0.5569871068000793,0.5335802435874939
YGR052W,YCR058C,0,0.97203964,0.0953512042760849,0.5569871068000793,0.5336803197860718
YGR221C,YDR073W,1,0.9720267,0.09550466388463974,0.5579782128334045,0.5336803197860718
YPL149W,YOR044W,0,0.97200656,0.09548846632242203,0.5579782128334045,0.5337803959846497
YCL061C,YOR244W,1,0.9720064,0.0956418514251709,0.558969259262085,0.5337803959846497
YBR212W,YLR411W,0,0.9720044,0.09562563896179199,0.558969259262085,0.5338804721832275
YMR223W,YER030W,1,0.9720004,0.0957789421081543,0.5599603652954102,0.5338804721832275
YJR066W,YMR081C,0,0.9719933,0.0957627147436142,0.5599603652954102,0.5339806079864502
YDR530C,YJR103W,0,0.9719883,0.0957464799284935,0.5599603652954102,0.5340806841850281
YGL206C,YOL149W,0,0.9719868,0.095730260014534,0.5599603652954102,0.534180760383606
YNL328C,YCL018W,0,0.97198427,0.0957140401005745,0.5599603652954102,0.5342808365821838
YNL031C,YIR011C,0,0.9719693,0.09569783508777618,0.5599603652954102,0.5343809723854065
YJR140C,YDR073W,1,0.9719431,0.09585097432136536,0.5609514117240906,0.5343809723854065
YPR001W,YDR483W,0,0.97194064,0.09583474695682526,0.5609514117240906,0.5344810485839844
YER056C-A,YOR192C-B,0,0.97190845,0.09581851959228516,0.5609514117240906,0.5345811247825623
YDR034C-C,YCR046C,0,0.97190845,0.09580229967832565,0.5609514117240906,0.5346812009811401
YOL136C,YDL120W,0,0.9718741,0.09578608721494675,0.5609514117240906,0.534781277179718
YGL014W,YOR080W,0,0.9718526,0.09576988220214844,0.5609514117240906,0.5348814129829407
YDR118W,YGL190C,0,0.97183067,0.09575367718935013,0.5609514117240906,0.5349814891815186
YMR153W,YNL261W,0,0.9718208,0.09573747962713242,0.5609514117240906,0.5350815653800964
YHR081W,YLR008C,0,0.97181857,0.0957212895154953,0.5609514117240906,0.5351816415786743
YJL004C,YOR246C,0,0.97178954,0.09570510685443878,0.5609514117240906,0.535281777381897
YFR038W,YLR382C,0,0.9717808,0.09568892419338226,0.5609514117240906,0.5353818535804749
YPL225W,YGR274C,0,0.97176856,0.09567274898290634,0.5609514117240906,0.5354819297790527
YBR231C,YNL246W,1,0.97176653,0.09582559019327164,0.5619425177574158,0.5354819297790527
YKL020C,YKL099C,0,0.9717649,0.09580939263105392,0.5619425177574158,0.5355820059776306
YDR204W,YDR435C,0,0.9717522,0.0957932099699974,0.5619425177574158,0.5356821417808533
YDR056C,YPL042C,0,0.97174126,0.09577702730894089,0.5619425177574158,0.5357822179794312
YDR435C,YHR179W,0,0.97171867,0.09576085209846497,0.5619425177574158,0.535882294178009
YMR240C,YDL051W,0,0.9716905,0.09574468433856964,0.5619425177574158,0.5359823703765869
YMR234W,YOR372C,0,0.97164524,0.09572851657867432,0.5619425177574158,0.5360824465751648
YDR524C,YMR075W,0,0.9716149,0.09571235626935959,0.5619425177574158,0.5361825823783875
YOL006C,YBR112C,1,0.9716065,0.09586498141288757,0.562933623790741,0.5361825823783875
YOR046C,YPR158W-B,0,0.97159386,0.09584879875183105,0.562933623790741,0.5362826585769653
YFR018C,YKR068C,0,0.9715904,0.09583263099193573,0.562933623790741,0.5363827347755432
YIL131C,YML109W,1,0.97158706,0.09598515182733536,0.5639246702194214,0.5363827347755432
YGR083C,YNL262W,0,0.97157586,0.09596896916627884,0.5639246702194214,0.5364828109741211
YAL068C,YNL325C,0,0.97156787,0.09595277905464172,0.5639246702194214,0.5365829467773438
YMR087W,YER155C,0,0.97154695,0.0959366038441658,0.5639246702194214,0.5366830229759216
YKL064W,YGR222W,0,0.971504,0.09592042863368988,0.5639246702194214,0.5367830991744995
YFL002W-A,YLR073C,0,0.97147346,0.09590426087379456,0.5639246702194214,0.5368831753730774
YNL088W,YGR274C,1,0.9714681,0.09605662524700165,0.5649157762527466,0.5368831753730774
YKL088W,YGR214W,0,0.971464,0.09604043513536453,0.5649157762527466,0.5369833111763
YJL019W,YGL129C,0,0.9714401,0.09602425992488861,0.5649157762527466,0.5370833873748779
YMR272C,YKL028W,0,0.97142684,0.09600808471441269,0.5649157762527466,0.5371834635734558
YLR004C,YKL078W,0,0.9714218,0.09599191695451736,0.5649157762527466,0.5372835397720337
YBR251W,YCR091W,0,0.97141176,0.09597575664520264,0.5649157762527466,0.5373836159706116
YLR327C,YIR038C,0,0.9713718,0.09595959633588791,0.5649157762527466,0.5374837517738342
YGR058W,YFL004W,0,0.971366,0.09594344347715378,0.5649157762527466,0.5375838279724121
YNR006W,YGR109W-B,0,0.97135603,0.09592729806900024,0.5649157762527466,0.53768390417099
YNL310C,YLL034C,0,0.9713398,0.09591115266084671,0.5649157762527466,0.5377839803695679
YOR221C,YGL211W,0,0.971314,0.09589502215385437,0.5649157762527466,0.5378841161727905
YNL284C,YJR083C,0,0.9713046,0.09587889164686203,0.5649157762527466,0.5379841923713684
YOL012C,YBL002W,1,0.9712969,0.09603094309568405,0.565906822681427,0.5379841923713684
YPL235W,YGR255C,0,0.9712274,0.09601479768753052,0.565906822681427,0.5380842685699463
YGR072W,YHR110W,0,0.97122455,0.09599865227937698,0.565906822681427,0.5381843447685242
YDR041W,YCL016C,0,0.97121125,0.09598252177238464,0.565906822681427,0.5382844805717468
YOR142W-A,YGR075C,0,0.9712048,0.0959663838148117,0.565906822681427,0.5383845567703247
YML010W,YDR310C,1,0.97118944,0.09611830115318298,0.5668979287147522,0.5383845567703247
YOR155C,YNL008C,0,0.9711862,0.09610214829444885,0.5668979287147522,0.5384846329689026
YOR298W,YNL081C,0,0.97117555,0.09608601033687592,0.5668979287147522,0.5385847091674805
YFL002W-B,YJL186W,0,0.9711699,0.09606987237930298,0.5668979287147522,0.5386848449707031
YHR074W,YGR029W,0,0.97114795,0.09605373442173004,0.5668979287147522,0.538784921169281
YCL027W,YMR100W,0,0.9711192,0.0960376113653183,0.5668979287147522,0.5388849973678589
YDR363W-A,YIL019W,0,0.97110593,0.09602148830890656,0.5668979287147522,0.5389850735664368
YMR289W,YEL013W,0,0.9710802,0.09600537270307541,0.5668979287147522,0.5390851497650146
YDR512C,YGL200C,0,0.97105736,0.09598925709724426,0.5668979287147522,0.5391852855682373
YLR357W,YMR033W,1,0.97104937,0.09614093601703644,0.5678889751434326,0.5391852855682373
YBL023C,YKL110C,0,0.97104543,0.0961248129606247,0.5678889751434326,0.5392853617668152
YER044C,YBR274W,0,0.971003,0.09610868990421295,0.5678889751434326,0.5393854379653931
YPL196W,YCR058C,0,0.9709895,0.0960925742983818,0.5678889751434326,0.539485514163971
YGR116W,YPL011C,1,0.9709865,0.09624413400888443,0.5688800811767578,0.539485514163971
YBL030C,YDR306C,0,0.970926,0.09622799605131149,0.5688800811767578,0.5395856499671936
YJL083W,YGR134W,0,0.9708831,0.09621186554431915,0.5688800811767578,0.5396857261657715
YPL259C,YIL124W,0,0.9708732,0.09619574248790741,0.5688800811767578,0.5397858023643494
YMR017W,YDL074C,0,0.9708422,0.09617962688207626,0.5688800811767578,0.5398858785629272
YIL137C,YGR193C,0,0.9708142,0.09616351127624512,0.5688800811767578,0.5399860143661499
YMR184W,YDR424C,0,0.97078127,0.09614740312099457,0.5688800811767578,0.5400860905647278
YFL005W,YPR192W,0,0.9707732,0.09613130241632462,0.5688800811767578,0.5401861667633057
YMR040W,YDR306C,0,0.9707727,0.09611520171165466,0.5688800811767578,0.5402862429618835
YGL115W,YMR242C,0,0.9707675,0.0960991159081459,0.5688800811767578,0.5403863191604614
YBR046C,YJL216C,0,0.9707192,0.09608303010463715,0.5688800811767578,0.5404864549636841
YMR033W,YNL023C,0,0.9707146,0.09606694430112839,0.5688800811767578,0.540586531162262
YNL118C,YLR321C,0,0.970711,0.09605087339878082,0.5688800811767578,0.5406866073608398
YMR055C,YLR266C,0,0.97069746,0.09603480249643326,0.5688800811767578,0.5407866835594177
YBL072C,YLL022C,0,0.9706263,0.09601873904466629,0.5688800811767578,0.5408868193626404
YLR448W,YJL125C,0,0.9706095,0.09600267559289932,0.5688800811767578,0.5409868955612183
YKL155C,YJR109C,0,0.9705649,0.09598661959171295,0.5688800811767578,0.5410869717597961
YDR285W,YKL094W,0,0.9705527,0.09597057104110718,0.5688800811767578,0.541187047958374
YBR058C-A,YBR267W,0,0.970501,0.095954529941082,0.5688800811767578,0.5412871837615967
YDR444W,YIL005W,0,0.9704989,0.09593848884105682,0.5688800811767578,0.5413872599601746
YJL062W,YMR050C,0,0.9704773,0.09592246264219284,0.5688800811767578,0.5414873361587524
YPR180W,YDL111C,0,0.9704721,0.09590643644332886,0.5688800811767578,0.5415874123573303
YDR118W,YOR351C,0,0.97039354,0.09589041024446487,0.5688800811767578,0.541687548160553
YDR056C,YOR228C,0,0.9703364,0.09587439149618149,0.5688800811767578,0.5417876243591309
YPR131C,YHR206W,0,0.9703256,0.0958583801984787,0.5688800811767578,0.5418877005577087
YAL041W,YHR079C-B,0,0.9703164,0.0958423763513565,0.5688800811767578,0.5419877767562866
YER185W,YPL178W,0,0.9702885,0.09582637995481491,0.5688800811767578,0.5420878529548645
YMR143W,YGR062C,0,0.9702657,0.09581038355827332,0.5688800811767578,0.5421879887580872
YBL091C-A,YOL093W,0,0.9702523,0.09579439461231232,0.5688800811767578,0.542288064956665
YLR113W,YBL013W,0,0.97022516,0.09577840566635132,0.5688800811767578,0.5423881411552429
YLR404W,YJL186W,0,0.97021854,0.09576243162155151,0.5688800811767578,0.5424882173538208
YJR121W,YAR009C,0,0.9702168,0.09574645757675171,0.5688800811767578,0.5425883531570435
YLR086W,YJL035C,0,0.9702123,0.0957304835319519,0.5688800811767578,0.5426884293556213
YER177W,YKR083C,0,0.97020704,0.0957145243883133,0.5688800811767578,0.5427885055541992
YFL037W,YDL148C,0,0.97020525,0.09569856524467468,0.5688800811767578,0.5428885817527771
YPL011C,YIL051C,0,0.9702037,0.09568261355161667,0.5688800811767578,0.5429887175559998
YBR034C,YDL216C,0,0.9701994,0.09566666930913925,0.5688800811767578,0.5430887937545776
YLR083C,YDR060W,0,0.9701927,0.09565072506666183,0.5688800811767578,0.5431888699531555
YBR208C,YCR024C,0,0.9701773,0.09563478827476501,0.5688800811767578,0.5432889461517334
YNL118C,YEL044W,0,0.9701561,0.09561885893344879,0.5688800811767578,0.5433890223503113
YLL013C,YMR156C,0,0.9701245,0.09560292959213257,0.5688800811767578,0.5434891581535339
YDR520C,YGL158W,0,0.97012407,0.09558700770139694,0.5688800811767578,0.5435892343521118
YDR518W,YNL233W,0,0.97009015,0.09557109326124191,0.5688800811767578,0.5436893105506897
YNR002C,YOL157C,0,0.97008544,0.09555518627166748,0.5688800811767578,0.5437893867492676
YGL144C,YLR092W,0,0.9700832,0.09553927928209305,0.5688800811767578,0.5438895225524902
YGL112C,YDR145W,1,0.9700338,0.0956897959113121,0.569871187210083,0.5438895225524902
YGL027C,YOR063W,0,0.9700234,0.09567387402057648,0.569871187210083,0.5439895987510681
YGR216C,YLR301W,0,0.9699851,0.09565795958042145,0.569871187210083,0.544089674949646
YMR051C,YDR287W,0,0.96993536,0.09564205259084702,0.569871187210083,0.5441897511482239
YOR285W,YOR322C,0,0.96993256,0.09562614560127258,0.569871187210083,0.5442898869514465
YJR121W,YIL075C,0,0.9698817,0.09561024606227875,0.569871187210083,0.5443899631500244
YBR105C,YJL149W,0,0.9698778,0.09559434652328491,0.569871187210083,0.5444900393486023
YFR033C,YDR361C,0,0.96984214,0.09557845443487167,0.569871187210083,0.5445901155471802
YNR008W,YLR304C,0,0.9697724,0.09556256979703903,0.569871187210083,0.5446901917457581
YKR095W-A,YDL145C,0,0.9697667,0.09554669260978699,0.569871187210083,0.5447903275489807
YBR082C,YFR045W,0,0.9697362,0.09553081542253494,0.569871187210083,0.5448904037475586
YOR209C,YNL206C,1,0.969698,0.09568106383085251,0.5708622336387634,0.5448904037475586
YGL251C,YGL256W,0,0.9696885,0.09566517174243927,0.5708622336387634,0.5449904799461365
YLR052W,YLR357W,1,0.9696877,0.09581534564495087,0.5718533396720886,0.5449904799461365
YDR075W,YOR298W,0,0.9696579,0.09579943865537643,0.5718533396720886,0.5450905561447144
YPR161C,YKL171W,0,0.9696142,0.095783531665802,0.5718533396720886,0.545190691947937
YJR155W,YLR086W,0,0.9696121,0.09576763212680817,0.5718533396720886,0.5452907681465149
YHL015W,YGL238W,0,0.9695734,0.09575174003839493,0.5718533396720886,0.5453908443450928
YKL056C,YML059C,0,0.9695708,0.09573585540056229,0.5718533396720886,0.5454909205436707
YML127W,YPL099C,0,0.9695643,0.09571997076272964,0.5718533396720886,0.5455910563468933
YGL240W,YLR086W,0,0.9695332,0.0957040935754776,0.5718533396720886,0.5456911325454712
YOR322C,YNL261W,0,0.9695307,0.09568822383880615,0.5718533396720886,0.5457912087440491
YNL024C,YDR098C,0,0.9695267,0.0956723615527153,0.5718533396720886,0.545891284942627
YER022W,YMR020W,0,0.9695234,0.09565649926662445,0.5718533396720886,0.5459914207458496
YOR396W,YDL130W-A,0,0.96951824,0.0956406444311142,0.5718533396720886,0.5460914969444275
YLR459W,YGR193C,0,0.9694904,0.09562478959560394,0.5718533396720886,0.5461915731430054
YGR004W,YPL206C,0,0.96944594,0.09560894966125488,0.5718533396720886,0.5462916493415833
YPL178W,YAR035W,0,0.9694369,0.09559310972690582,0.5718533396720886,0.5463917255401611
YKR037C,YLR023C,0,0.9694186,0.09557726979255676,0.5718533396720886,0.5464918613433838
YFR038W,YBR020W,0,0.9694161,0.0955614447593689,0.5718533396720886,0.5465919375419617
YHL019C,YOR043W,0,0.9693751,0.09554561972618103,0.5718533396720886,0.5466920137405396
YDL039C,YER148W,0,0.96934617,0.09552980214357376,0.5718533396720886,0.5467920899391174
YER081W,YPL180W,0,0.96932966,0.09551398456096649,0.5718533396720886,0.5468922257423401
YBL025W,YOL012C,0,0.9693195,0.09549818187952042,0.5718533396720886,0.546992301940918
YLR060W,YOR378W,0,0.9692849,0.09548237919807434,0.5718533396720886,0.5470923781394958
YCL039W,YMR100W,0,0.9692763,0.09546657651662827,0.5718533396720886,0.5471924543380737
YOR181W,YJR059W,0,0.9692727,0.09545078873634338,0.5718533396720886,0.5472925901412964
YCL068C,YOR301W,0,0.9692695,0.0954350009560585,0.5718533396720886,0.5473926663398743
YLR459W,YOR204W,0,0.96920496,0.09541921317577362,0.5718533396720886,0.5474927425384521
YPL225W,YIL134W,0,0.969161,0.09540344029664993,0.5718533396720886,0.54759281873703
YJL108C,YEL064C,0,0.96914643,0.09538766741752625,0.5718533396720886,0.5476928949356079
YLR033W,YPL011C,1,0.969139,0.09553719311952591,0.572844386100769,0.5476928949356079
YGL104C,YJL108C,0,0.9690501,0.09552139788866043,0.572844386100769,0.5477930307388306
YDR021W,YBR123C,0,0.9690442,0.09550561755895615,0.572844386100769,0.5478931069374084
YLR113W,YPL120W,0,0.96904373,0.09548983722925186,0.572844386100769,0.5479931831359863
YFL061W,YOL116W,0,0.9690197,0.09547406435012817,0.572844386100769,0.5480932593345642
YLR033W,YER030W,1,0.9689931,0.0956234484910965,0.5738354921340942,0.5480932593345642
YPL096W,YDL029W,0,0.96896905,0.09560766071081161,0.5738354921340942,0.5481933951377869
YOR136W,YDR388W,0,0.9689605,0.09559188038110733,0.5738354921340942,0.5482934713363647
YDR056C,YPL203W,0,0.9689573,0.09557610005140305,0.5738354921340942,0.5483935475349426
YCL057C-A,YKR083C,0,0.9689171,0.09556032717227936,0.5738354921340942,0.5484936237335205
YER014W,YMR207C,0,0.9688589,0.09554455429315567,0.5738354921340942,0.5485937595367432
YIL150C,YML109W,1,0.9688575,0.09569378197193146,0.5748265385627747,0.5485937595367432
YMR059W,YDR518W,0,0.96885145,0.09567799419164658,0.5748265385627747,0.548693835735321
YDR407C,YJR004C,0,0.9687761,0.09566221386194229,0.5748265385627747,0.5487939119338989
YDR466W,YHR157W,0,0.9687427,0.0956464409828186,0.5748265385627747,0.5488939881324768
YCL001W,YDL029W,0,0.9687263,0.09563066810369492,0.5748265385627747,0.5489941239356995
YDR140W,YDR109C,0,0.968698,0.09561490267515182,0.5748265385627747,0.5490942001342773
YKR014C,YPL280W,0,0.96867925,0.09559914469718933,0.5748265385627747,0.5491942763328552
YGR193C,YAL016W,0,0.96866846,0.09558338671922684,0.5748265385627747,0.5492943525314331
YGR275W,YDR071C,1,0.9685875,0.09573241323232651,0.5758176445960999,0.5492943525314331
YCR052W,YKR010C,1,0.9685778,0.0958813801407814,0.576808750629425,0.5492943525314331
YBR115C,YHR090C,0,0.9685639,0.09586559236049652,0.576808750629425,0.549394428730011
YKL170W,YER102W,0,0.9685633,0.09584980458021164,0.576808750629425,0.5494945645332336
YGR188C,YML081C-A,0,0.9685555,0.09583401679992676,0.576808750629425,0.5495946407318115
YNL063W,YMR026C,0,0.9685413,0.09581824392080307,0.576808750629425,0.5496947169303894
YER019C-A,YOR145C,0,0.9685258,0.09580247104167938,0.576808750629425,0.5497947931289673
YML102W,YML127W,1,0.9685197,0.09595128148794174,0.5777997970581055,0.5497947931289673
YGL104C,YJR101W,0,0.9684748,0.09593549370765686,0.5777997970581055,0.5498949289321899
YAL024C,YLR213C,0,0.96845293,0.09591971337795258,0.5777997970581055,0.5499950051307678
YDR062W,YDR528W,0,0.9684114,0.09590393304824829,0.5777997970581055,0.5500950813293457
YPL208W,YGL050W,0,0.96840626,0.0958881601691246,0.5777997970581055,0.5501951575279236
YPR068C,YER161C,1,0.9683816,0.09603683650493622,0.5787909030914307,0.5501951575279236
YGR275W,YGL112C,1,0.9683593,0.09618546813726425,0.5797819495201111,0.5501951575279236
YNL330C,YCL018W,0,0.9683518,0.09616965055465698,0.5797819495201111,0.5502952933311462
YOL082W,YIR038C,0,0.96834594,0.09615384787321091,0.5797819495201111,0.5503953695297241
YCL060C,YMR290C,0,0.968341,0.09613804519176483,0.5797819495201111,0.550495445728302
YMR273C,YBR287W,0,0.96828735,0.09612224996089935,0.5797819495201111,0.5505955219268799
YOR044W,YDR410C,0,0.96827596,0.09610645473003387,0.5797819495201111,0.5506955981254578
YPR175W,YMR223W,1,0.96827537,0.09625492990016937,0.5807730555534363,0.5506955981254578
YHR024C,YGR159C,0,0.9682623,0.0962391197681427,0.5807730555534363,0.5507957339286804
YDR052C,YLR191W,0,0.9682354,0.09622331708669662,0.5807730555534363,0.5508958101272583
YDL136W,YHR114W,0,0.9682286,0.09620752185583115,0.5807730555534363,0.5509958863258362
YDR072C,YLR401C,0,0.9681132,0.09619172662496567,0.5807730555534363,0.5510959625244141
YBR100W,YHL034C,0,0.9681116,0.09617593884468079,0.5807730555534363,0.5511960983276367
YLR391W-A,YJR112W,0,0.968105,0.0961601585149765,0.5807730555534363,0.5512961745262146
YBL022C,YPR162C,0,0.96810466,0.09614437818527222,0.5807730555534363,0.5513962507247925
YPR037C,YBR114W,0,0.9680826,0.09612860530614853,0.5807730555534363,0.5514963269233704
YPR048W,YPL083C,0,0.9680773,0.09611283987760544,0.5807730555534363,0.551596462726593
YKR008W,YOR353C,0,0.9680655,0.09609708189964294,0.5807730555534363,0.5516965389251709
YDL114W,YOR393W,0,0.96802384,0.09608132392168045,0.5807730555534363,0.5517966151237488
YEL038W,YMR188C,0,0.9679913,0.09606557339429855,0.5807730555534363,0.5518966913223267
YKR085C,YBR012W-A,0,0.9679779,0.09604983031749725,0.5807730555534363,0.5519967675209045
YER171W,YGR075C,0,0.96796614,0.09603408724069595,0.5807730555534363,0.5520969033241272
YGL207W,YGL163C,1,0.96794903,0.0961822047829628,0.5817641019821167,0.5520969033241272
YDR285W,YOL062C,0,0.96785986,0.0961664468050003,0.5817641019821167,0.5521969795227051
YFL001W,YMR163C,0,0.9677524,0.09615069627761841,0.5817641019821167,0.552297055721283
YGR235C,YKR093W,0,0.96772915,0.09613494575023651,0.5817641019821167,0.5523971319198608
YGR120C,YOL038W,0,0.9677189,0.09611921012401581,0.5817641019821167,0.5524972677230835
YBR198C,YOL129W,0,0.9677187,0.0961034744977951,0.5817641019821167,0.5525973439216614
YDL128W,YPL135W,0,0.9677159,0.0960877388715744,0.5817641019821167,0.5526974201202393
YJL121C,YGR167W,0,0.96765167,0.0960720106959343,0.5817641019821167,0.5527974963188171
YDR033W,YLR033W,0,0.96765137,0.09605628997087479,0.5817641019821167,0.5528976321220398
YLR449W,YLR285W,1,0.9676321,0.09620419144630432,0.5827552080154419,0.5528976321220398
YMR240C,YJL194W,0,0.9676224,0.09618844836950302,0.5827552080154419,0.5529977083206177
YOR047C,YHL038C,0,0.9675726,0.09617272019386292,0.5827552080154419,0.5530977845191956
YCL047C,YGL180W,0,0.9675459,0.09615699201822281,0.5827552080154419,0.5531978607177734
YPL015C,YJL076W,1,0.96754324,0.09630477428436279,0.5837462544441223,0.5531978607177734
YDR103W,YNR060W,0,0.96752,0.09628903120756149,0.5837462544441223,0.5532979965209961
YPL019C,YDR469W,0,0.9675093,0.09627329558134079,0.5837462544441223,0.553398072719574
YPL215W,YGR272C,0,0.9674959,0.09625755995512009,0.5837462544441223,0.5534981489181519
YMR273C,YKR036C,0,0.96747583,0.09624183177947998,0.5837462544441223,0.5535982251167297
YNL001W,YLR259C,0,0.9674752,0.09622610360383987,0.5837462544441223,0.5536983013153076
YDR105C,YFL033C,0,0.9674392,0.09621039032936096,0.5837462544441223,0.5537984371185303
YMR182C,YDR482C,0,0.9673897,0.09619467705488205,0.5837462544441223,0.5538985133171082
YPL026C,YHR158C,0,0.96735436,0.09617897123098373,0.5837462544441223,0.553998589515686
YIR025W,YIL027C,0,0.96728456,0.09616326540708542,0.5837462544441223,0.5540986657142639
YDR159W,YCR094W,0,0.9672644,0.0961475670337677,0.5837462544441223,0.5541988015174866
YIL155C,YNR033W,0,0.96726006,0.09613187611103058,0.5837462544441223,0.5542988777160645
YPR002W,YIL087C,0,0.96717703,0.09611618518829346,0.5837462544441223,0.5543989539146423
YER139C,YMR051C,0,0.9671622,0.09610050916671753,0.5837462544441223,0.5544990301132202
YGL090W,YDR115W,0,0.96713144,0.096084825694561,0.5837462544441223,0.5545991659164429
YOL012C,YGL207W,1,0.9671055,0.09623226523399353,0.5847373604774475,0.5545991659164429
YIL037C,YDR078C,0,0.967098,0.09621656686067581,0.5847373604774475,0.5546992421150208
YBR281C,YPR200C,0,0.9670362,0.09620088338851929,0.5847373604774475,0.5547993183135986
YKL077W,YBR026C,0,0.96703315,0.09618519991636276,0.5847373604774475,0.5548993945121765
YOL096C,YGR097W,0,0.9670324,0.09616951644420624,0.5847373604774475,0.5549994707107544
YOR389W,YLR452C,0,0.9670181,0.09615384787321091,0.5847373604774475,0.555099606513977
YKL170W,YGL050W,0,0.96700346,0.09613817930221558,0.5847373604774475,0.5551996827125549
YOL129W,YGL071W,0,0.96693945,0.09612251818180084,0.5847373604774475,0.5552997589111328
YDL180W,YOR288C,0,0.96691406,0.09610685706138611,0.5847373604774475,0.5553998351097107
YMR297W,YML086C,0,0.9669068,0.09609120339155197,0.5847373604774475,0.5554999709129333
YHR170W,YDL143W,0,0.9668881,0.09607555717229843,0.5847373604774475,0.5556000471115112
YNL206C,YFL049W,1,0.96685296,0.09622272849082947,0.5857284665107727,0.5556000471115112
YGL211W,YFR034C,0,0.9668506,0.09620706737041473,0.5857284665107727,0.5557001233100891
YDL119C,YIL027C,0,0.9668299,0.09619140625,0.5857284665107727,0.555800199508667
YKL097W-A,YML106W,0,0.96680444,0.09617575258016586,0.5857284665107727,0.5559003353118896
YKL094W,YLR356W,0,0.9667999,0.09616010636091232,0.5857284665107727,0.5560004115104675
YML006C,YML077W,0,0.9667841,0.09614446014165878,0.5857284665107727,0.5561004877090454
YNL138W-A,YPR187W,0,0.9667685,0.09612882137298584,0.5857284665107727,0.5562005639076233
YFR037C,YLR385C,1,0.9667378,0.09627581387758255,0.5867195129394531,0.5562005639076233
YPL160W,YHL017W,0,0.96669334,0.09626016020774841,0.5867195129394531,0.556300699710846
YNL268W,YKR052C,0,0.9666612,0.09624451398849487,0.5867195129394531,0.5564007759094238
YJL003W,YHL044W,0,0.96665066,0.09622886776924133,0.5867195129394531,0.5565008521080017
YPL038W,YNL115C,0,0.96664214,0.09621322900056839,0.5867195129394531,0.5566009283065796
YPL146C,YPR005C,0,0.9666384,0.09619759768247604,0.5867195129394531,0.5567010045051575
YKL042W,YER036C,0,0.96663344,0.0961819663643837,0.5867195129394531,0.5568011403083801
YDR334W,YOR141C,1,0.9666162,0.09632878750562668,0.5877106189727783,0.5568011403083801
YBR215W,YHR119W,1,0.96661407,0.09647555649280548,0.5887016654014587,0.5568011403083801
YMR025W,YLR360W,0,0.9665937,0.09645988792181015,0.5887016654014587,0.556901216506958
YJL197W,YNL046W,0,0.9665218,0.09644422680139542,0.5887016654014587,0.5570012927055359
YMR065W,YKL085W,0,0.96650416,0.09642857313156128,0.5887016654014587,0.5571013689041138
YNL131W,YMR276W,0,0.9664908,0.09641291946172714,0.5887016654014587,0.5572015047073364
YNR016C,YDR368W,0,0.96647733,0.0963972732424736,0.5887016654014587,0.5573015809059143
YNL138W-A,YBR248C,0,0.9664442,0.09638163447380066,0.5887016654014587,0.5574016571044922
YNL024C,YGL141W,0,0.9664369,0.09636599570512772,0.5887016654014587,0.5575017333030701
YIL156W,YGR221C,0,0.96640605,0.09635036438703537,0.5887016654014587,0.5576018691062927
YOR294W,YDL112W,0,0.9663331,0.09633474051952362,0.5887016654014587,0.5577019453048706
YKL041W,YDR081C,0,0.9663309,0.09631911665201187,0.5887016654014587,0.5578020215034485
YBR006W,YJR033C,0,0.9663255,0.09630350023508072,0.5887016654014587,0.5579020977020264
YGL163C,YDR243C,0,0.9663059,0.09628789126873016,0.5887016654014587,0.5580021739006042
YOR212W,YDL043C,0,0.9662803,0.09627228230237961,0.5887016654014587,0.5581023097038269
YMR190C,YGL207W,1,0.9662663,0.09641873091459274,0.5896927714347839,0.5581023097038269
YJL112W,YKL143W,0,0.9662597,0.09640311449766159,0.5896927714347839,0.5582023859024048
YDR167W,YGL067W,0,0.9662317,0.09638749063014984,0.5896927714347839,0.5583024621009827
YDR388W,YGL244W,0,0.9662163,0.09637188166379929,0.5896927714347839,0.5584025382995605
YBL052C,YML059C,0,0.9661994,0.09635627269744873,0.5896927714347839,0.5585026741027832
YOR034C,YOR389W,0,0.96618825,0.09634067118167877,0.5896927714347839,0.5586027503013611
YDR518W,YPL281C,0,0.9661871,0.09632507711648941,0.5896927714347839,0.558702826499939
YDR329C,YDR176W,0,0.96614695,0.09630948305130005,0.5896927714347839,0.5588029026985168
YIL047C,YKR031C,0,0.9661385,0.09629389643669128,0.5896927714347839,0.5589030385017395
YLR017W,YHL027W,0,0.96611655,0.09627831727266312,0.5896927714347839,0.5590031147003174
YDR076W,YNL131W,0,0.96611047,0.09626273810863495,0.5896927714347839,0.5591031908988953
YDR138W,YMR153W,0,0.96608514,0.09624716639518738,0.5896927714347839,0.5592032670974731
YMR268W-A,YCL005W-A,0,0.9660426,0.0962316021323204,0.5896927714347839,0.559303343296051
YER161C,YLR442C,1,0.96602255,0.09637775272130966,0.5906838178634644,0.559303343296051
YOR044W,YIR014W,0,0.96602046,0.0963621661067009,0.5906838178634644,0.5594034790992737
YNL280C,YMR201C,0,0.96597797,0.09634658694267273,0.5906838178634644,0.5595035552978516
YNL056W,YLR147C,0,0.9659465,0.09633101522922516,0.5906838178634644,0.5596036314964294
YJR135C,YJL044C,0,0.965935,0.09631545096635818,0.5906838178634644,0.5597037076950073
YMR091C,YIL115C,0,0.96590483,0.09629988670349121,0.5906838178634644,0.55980384349823
YJR032W,YHL044W,0,0.9659001,0.09628432989120483,0.5906838178634644,0.5599039196968079
YBR060C,YDR073W,1,0.9658092,0.09643030166625977,0.5916749238967896,0.5599039196968079
YBR058C-A,YOR124C,0,0.9657891,0.0964147299528122,0.5916749238967896,0.5600039958953857
YDL036C,YGR159C,0,0.96572447,0.09639915823936462,0.5916749238967896,0.5601040720939636
YDR179C,YDR511W,0,0.96565026,0.09638359397649765,0.5916749238967896,0.5602042078971863
YOL023W,YFL057C,0,0.9656496,0.09636803716421127,0.5916749238967896,0.5603042840957642
YPL127C,YEL070W,0,0.96564585,0.0963524878025055,0.5916749238967896,0.560404360294342
YDR229W,YOL070C,0,0.9656226,0.09633693844079971,0.5916749238967896,0.5605044364929199
YLR450W,YKL166C,0,0.9656114,0.09632139652967453,0.5916749238967896,0.5606045722961426
YDR501W,YOL142W,0,0.96559983,0.09630585461854935,0.5916749238967896,0.5607046484947205
YPR018W,YLR385C,1,0.96559167,0.09645161032676697,0.5926660299301147,0.5607046484947205
YGL186C,YMR019W,0,0.9655621,0.09643606096506119,0.5926660299301147,0.5608047246932983
YDL205C,YDR414C,0,0.9654728,0.09642051160335541,0.5926660299301147,0.5609048008918762
YKR038C,YOR246C,0,0.9654677,0.09640496224164963,0.5926660299301147,0.5610048770904541
YMR312W,YBR218C,0,0.9654544,0.09638942778110504,0.5926660299301147,0.5611050128936768
YBL010C,YDR497C,0,0.9654517,0.09637389332056046,0.5926660299301147,0.5612050890922546
YJL109C,YIL170W,0,0.96540606,0.09635836631059647,0.5926660299301147,0.5613051652908325
YGL113W,YEL065W,0,0.9653614,0.09634283930063248,0.5926660299301147,0.5614052414894104
YGL059W,YNL331C,0,0.96532404,0.09632731974124908,0.5926660299301147,0.5615053772926331
YEL043W,YKL026C,0,0.9653163,0.09631180763244629,0.5926660299301147,0.5616054534912109
YOR308C,YNR057C,0,0.96531093,0.0962962955236435,0.5926660299301147,0.5617055296897888
YMR127C,YHR056C,1,0.96529055,0.09644179791212082,0.5936570763587952,0.5617055296897888
YLR096W,YMR041C,0,0.9652333,0.09642627090215683,0.5936570763587952,0.5618056058883667
YDR421W,YBR166C,0,0.96519035,0.09641075134277344,0.5936570763587952,0.5619057416915894
YIL139C,YOR224C,0,0.9651659,0.09639523923397064,0.5936570763587952,0.5620058178901672
YBR160W,YGL241W,0,0.9651592,0.09637972712516785,0.5936570763587952,0.5621058940887451
YNL247W,YNL167C,0,0.9651347,0.09636422246694565,0.5936570763587952,0.562205970287323
YKL041W,YOR026W,0,0.96512145,0.09634871780872345,0.5936570763587952,0.5623060464859009
YHR214W,YLR043C,0,0.96510816,0.09633322805166245,0.5936570763587952,0.5624061822891235
YJL121C,YNL214W,0,0.965002,0.09631773829460144,0.5936570763587952,0.5625062584877014
YDR092W,YDR435C,0,0.96499103,0.09630224853754044,0.5936570763587952,0.5626063346862793
YIL159W,YCL057C-A,0,0.96496624,0.09628677368164062,0.5936570763587952,0.5627064108848572
YPL224C,YKR030W,0,0.9649198,0.09627129882574081,0.5936570763587952,0.5628065466880798
YLR425W,YEL051W,0,0.9649125,0.096255823969841,0.5936570763587952,0.5629066228866577
YDL065C,YJR108W,0,0.9648893,0.09624035656452179,0.5936570763587952,0.5630066990852356
YLR042C,YHR086W,0,0.9648683,0.09622489660978317,0.5936570763587952,0.5631067752838135
YDL106C,YFL005W,0,0.96479946,0.09620944410562515,0.5936570763587952,0.5632069110870361
YNL293W,YOL051W,0,0.96476656,0.09619399160146713,0.5936570763587952,0.563306987285614
YDR280W,YIL052C,0,0.96476084,0.09617854654788971,0.5936570763587952,0.5634070634841919
YKR031C,YOR239W,0,0.96475697,0.09616310894489288,0.5936570763587952,0.5635071396827698
YJL083W,YDR128W,0,0.9647508,0.09614767134189606,0.5936570763587952,0.5636072754859924
YBL008W,YML031W,0,0.9647462,0.09613224118947983,0.5936570763587952,0.5637073516845703
YGR002C,YJL127C,1,0.9646944,0.09627728164196014,0.5946481823921204,0.5637073516845703
YGR014W,YPR072W,0,0.96466106,0.09626182913780212,0.5946481823921204,0.5638074278831482
YLR272C,YBR195C,1,0.96461606,0.09640680253505707,0.5956392288208008,0.5638074278831482
YLR234W,YIL027C,0,0.96460146,0.09639134258031845,0.5956392288208008,0.5639075040817261
YDL113C,YPR162C,0,0.9645678,0.09637588262557983,0.5956392288208008,0.564007580280304
YDR246W,YML015C,0,0.964554,0.09636043012142181,0.5956392288208008,0.5641077160835266
YBR082C,YER117W,0,0.9645385,0.09634498506784439,0.5956392288208008,0.5642077922821045
YDR368W,YDR397C,0,0.96452236,0.09632954001426697,0.5956392288208008,0.5643078684806824
YMR292W,YLR299W,0,0.964502,0.09631410241127014,0.5956392288208008,0.5644079446792603
YMR080C,YCR014C,0,0.964486,0.09629867225885391,0.5956392288208008,0.5645080804824829
YLR033W,YJL194W,1,0.96448284,0.09644344449043274,0.596630334854126,0.5645080804824829
YNL103W,YDR384C,0,0.964461,0.09642799943685532,0.596630334854126,0.5646081566810608
YNL261W,YNL115C,0,0.96443367,0.0964125543832779,0.596630334854126,0.5647082328796387
YDL085W,YLR237W,0,0.96440834,0.09639711678028107,0.596630334854126,0.5648083090782166
YJR092W,YLR293C,0,0.9643788,0.09638168662786484,0.596630334854126,0.5649084448814392
YJL127C,YML041C,1,0.96432316,0.09652633219957352,0.5976213812828064,0.5649084448814392
YGL105W,YNL094W,0,0.9643065,0.0965108871459961,0.5976213812828064,0.5650085210800171
YNL258C,YDR405W,0,0.9642774,0.09649544209241867,0.5976213812828064,0.565108597278595
YHR116W,YMR210W,0,0.9642767,0.09647999703884125,0.5976213812828064,0.5652086734771729
YPL026C,YGL025C,0,0.9642728,0.09646456688642502,0.5976213812828064,0.5653087496757507
YFR010W,YCR004C,0,0.9642693,0.09644913673400879,0.5976213812828064,0.5654088854789734
YFR049W,YCL047C,0,0.9642605,0.09643371403217316,0.5976213812828064,0.5655089616775513
YNR047W,YMR213W,0,0.96425396,0.09641829133033752,0.5976213812828064,0.5656090378761292
YDR032C,YPR141C,0,0.9642204,0.09640287607908249,0.5976213812828064,0.565709114074707
YLR204W,YNL138W-A,0,0.96418846,0.09638746827840805,0.5976213812828064,0.5658092498779297
YER049W,YLR385C,0,0.96415615,0.09637206047773361,0.5976213812828064,0.5659093260765076
YFL023W,YBL037W,0,0.9640895,0.09635666012763977,0.5976213812828064,0.5660094022750854
YOL026C,YIL147C,0,0.9640551,0.09634126722812653,0.5976213812828064,0.5661094784736633
YOR179C,YOR039W,0,0.96403784,0.09632588177919388,0.5976213812828064,0.566209614276886
YDR495C,YER071C,0,0.96402436,0.09631049633026123,0.5976213812828064,0.5663096904754639
YJL011C,YHR113W,0,0.9640211,0.09629511088132858,0.5976213812828064,0.5664097666740417
YLR449W,YBR089C-A,1,0.96400076,0.0964394062757492,0.5986124873161316,0.5664097666740417
YBR033W,YMR267W,0,0.96398497,0.09642401337623596,0.5986124873161316,0.5665098428726196
YJR121W,YMR318C,0,0.9639769,0.09640862047672272,0.5986124873161316,0.5666099786758423
YDL083C,YNL232W,0,0.96392125,0.09639323502779007,0.5986124873161316,0.5667100548744202
YJL115W,YML041C,1,0.963897,0.09653741866350174,0.5996035933494568,0.5667100548744202
YNL244C,YNL180C,0,0.9638417,0.0965220183134079,0.5996035933494568,0.566810131072998
YDR057W,YLR045C,0,0.9638161,0.09650661796331406,0.5996035933494568,0.5669102072715759
YKL174C,YAL054C,0,0.96379566,0.09649122506380081,0.5996035933494568,0.5670102834701538
YKL179C,YOL026C,0,0.9637922,0.09647583961486816,0.5996035933494568,0.5671104192733765
YJR158W,YPR072W,0,0.9637617,0.09646046161651611,0.5996035933494568,0.5672104954719543
YNL054W,YDL017W,0,0.96376157,0.09644508361816406,0.5996035933494568,0.5673105716705322
YMR190C,YFR037C,1,0.96371514,0.096589095890522,0.6005946397781372,0.5673105716705322
YGR234W,YMR200W,0,0.9637118,0.09657370299100876,0.6005946397781372,0.5674106478691101
YNL138W-A,YLR068W,0,0.9637059,0.09655831754207611,0.6005946397781372,0.5675107836723328
YHR079C,YIL072W,0,0.96370566,0.09654293209314346,0.6005946397781372,0.5676108598709106
YLR451W,YER051W,0,0.9636633,0.09652755409479141,0.6005946397781372,0.5677109360694885
YJR058C,YPL101W,0,0.96364754,0.09651218354701996,0.6005946397781372,0.5678110122680664
YBR112C,YHL025W,1,0.9635817,0.09665605425834656,0.6015857458114624,0.5678110122680664
YJR102C,YOR175C,0,0.96356916,0.09664066135883331,0.6015857458114624,0.5679111480712891
YGR010W,YHR060W,0,0.9635467,0.09662527590990067,0.6015857458114624,0.5680112242698669
YMR262W,YBR101C,0,0.9635402,0.09660989791154861,0.6015857458114624,0.5681113004684448
YAL017W,YDL076C,0,0.96353835,0.09659452736377716,0.6015857458114624,0.5682113766670227
YBL088C,YLR223C,0,0.963489,0.0965791568160057,0.6015857458114624,0.5683114528656006
YPL209C,YKL069W,0,0.9634459,0.09656379371881485,0.6015857458114624,0.5684115886688232
YLR451W,YDL105W,0,0.96344095,0.09654843062162399,0.6015857458114624,0.5685116648674011
YGR275W,YDL105W,1,0.9634317,0.09669211506843567,0.6025767922401428,0.5685116648674011
YIL160C,YDR478W,0,0.96343,0.09667673707008362,0.6025767922401428,0.568611741065979
YJL190C,YNL248C,0,0.96342814,0.09666136652231216,0.6025767922401428,0.5687118172645569
YLR451W,YGR252W,0,0.9634118,0.09664600342512131,0.6025767922401428,0.5688119530677795
YDR400W,YLR100W,0,0.9633728,0.09663064032793045,0.6025767922401428,0.5689120292663574
YPR186C,YPR083W,0,0.96336013,0.09661528468132019,0.6025767922401428,0.5690121054649353
YBR215W,YNL206C,1,0.9632986,0.09675882011651993,0.603567898273468,0.5690121054649353
YGL084C,YFR019W,0,0.963295,0.09674344956874847,0.603567898273468,0.5691121816635132
YER177W,YBR031W,0,0.9632744,0.09672807902097702,0.603567898273468,0.5692123174667358
YBR015C,YIL126W,0,0.96326965,0.09671272337436676,0.603567898273468,0.5693123936653137
YOR092W,YLR048W,0,0.9632619,0.0966973677277565,0.603567898273468,0.5694124698638916
YIL069C,YDR233C,0,0.9632501,0.09668201208114624,0.603567898273468,0.5695125460624695
YOR283W,YLR359W,0,0.9631779,0.09666666388511658,0.603567898273468,0.5696126222610474
YJR135W-A,YDL003W,0,0.96316624,0.09665132313966751,0.603567898273468,0.56971275806427
YDL144C,YBR213W,0,0.96313834,0.09663598984479904,0.603567898273468,0.5698128342628479
YER056C-A,YLR221C,0,0.96312255,0.09662065654993057,0.603567898273468,0.5699129104614258
YLR054C,YPL104W,0,0.96306574,0.0966053307056427,0.603567898273468,0.5700129866600037
YDR169C,YGL050W,0,0.96305305,0.09659000486135483,0.603567898273468,0.5701131224632263
YIR009W,YJR040W,0,0.9630263,0.09657469391822815,0.603567898273468,0.5702131986618042
YBL085W,YFR025C,0,0.9629634,0.09655937552452087,0.603567898273468,0.5703132748603821
YLR288C,YPL155C,0,0.9629596,0.09654407203197479,0.603567898273468,0.57041335105896
YBR222C,YOL057W,0,0.9629065,0.09652876853942871,0.603567898273468,0.5705134868621826
YGR078C,YMR186W,0,0.9628895,0.09651347249746323,0.603567898273468,0.5706135630607605
YLR055C,YLR442C,1,0.96287036,0.09665662795305252,0.6045589447021484,0.5706135630607605
YLR266C,YGR181W,0,0.9628568,0.09664131700992584,0.6045589447021484,0.5707136392593384
YCR044C,YMR001C,0,0.96275777,0.09662601351737976,0.6045589447021484,0.5708137154579163
YPR052C,YNL031C,1,0.9627436,0.09676908701658249,0.6055500507354736,0.5708137154579163
YML102W,YGL150C,1,0.96271646,0.09691211581230164,0.6065411567687988,0.5708137154579163
YDR441C,YGL161C,0,0.9626558,0.09689676761627197,0.6065411567687988,0.5709138512611389
YKL141W,YKL010C,0,0.96265507,0.0968814343214035,0.6065411567687988,0.5710139274597168
YBL087C,YDR233C,0,0.96263134,0.09686609357595444,0.6065411567687988,0.5711140036582947
YKL126W,YGL233W,0,0.9626255,0.09685076773166656,0.6065411567687988,0.5712140798568726
YNL077W,YLR390W,0,0.96261805,0.09683544188737869,0.6065411567687988,0.5713141560554504
YLR052W,YPL235W,1,0.962555,0.0969783291220665,0.6075322031974792,0.5713141560554504
YDR165W,YHR149C,0,0.96252215,0.09696298837661743,0.6075322031974792,0.5714142918586731
YHR020W,YNR060W,0,0.96251655,0.09694765508174896,0.6075322031974792,0.571514368057251
YMR025W,YOR292C,0,0.96250504,0.0969323217868805,0.6075322031974792,0.5716144442558289
YNL076W,YGR046W,0,0.96247953,0.09691699594259262,0.6075322031974792,0.5717145204544067
YCL061C,YDL036C,0,0.96246374,0.09690167754888535,0.6075322031974792,0.5718146562576294
YMR033W,YPL011C,1,0.9624538,0.09704441577196121,0.6085233092308044,0.5718146562576294
YDR434W,YFL048C,0,0.96243864,0.09702907502651215,0.6085233092308044,0.5719147324562073
YLL027W,YDR328C,0,0.9624344,0.09701374918222427,0.6085233092308044,0.5720148086547852
YOR324C,YBR123C,0,0.9623894,0.0969984233379364,0.6085233092308044,0.572114884853363
YPR031W,YLR323C,0,0.9623862,0.09698309749364853,0.6085233092308044,0.5722150206565857
YCR086W,YLR312C-B,0,0.9623651,0.09696777909994125,0.6085233092308044,0.5723150968551636
YOR038C,YDL197C,1,0.9623491,0.09711037576198578,0.6095143556594849,0.5723150968551636
YGR205W,YBR198C,0,0.962334,0.09709504246711731,0.6095143556594849,0.5724151730537415
YLR186W,YLR306W,0,0.96229064,0.09707971662282944,0.6095143556594849,0.5725152492523193
YNL221C,YLR401C,0,0.96217656,0.09706439077854156,0.6095143556594849,0.5726153254508972
YNL122C,YGL136C,0,0.96213716,0.09704907983541489,0.6095143556594849,0.5727154612541199
YMR257C,YGL169W,0,0.9621273,0.09703376144170761,0.6095143556594849,0.5728155374526978
YJR118C,YGR077C,0,0.96211094,0.09701845794916153,0.6095143556594849,0.5729156136512756
YGL216W,YER088C,0,0.9620023,0.09700315445661545,0.6095143556594849,0.5730156898498535
YIL078W,YNL199C,0,0.96197015,0.09698785841464996,0.6095143556594849,0.5731158256530762
YNL268W,YBL024W,0,0.96196604,0.09697256237268448,0.6095143556594849,0.573215901851654
YDR440W,YER104W,0,0.9619025,0.09695727378129959,0.6095143556594849,0.5733159780502319
YML081C-A,YOR096W,0,0.9618989,0.0969419926404953,0.6095143556594849,0.5734160542488098
YOR323C,YPR010C,0,0.9618824,0.09692671149969101,0.6095143556594849,0.5735161900520325
YPR108W,YPR060C,0,0.96188164,0.09691143780946732,0.6095143556594849,0.5736162662506104
YMR125W,YPR190C,0,0.9618585,0.09689617156982422,0.6095143556594849,0.5737163424491882
YIL074C,YPL103C,0,0.9618574,0.09688090533018112,0.6095143556594849,0.5738164186477661
YBL052C,YFL049W,1,0.9618366,0.09702315181493759,0.6105054616928101,0.5738164186477661
YIL159W,YDR545W,0,0.9618302,0.0970078706741333,0.6105054616928101,0.5739165544509888
YGR014W,YBR096W,0,0.9618159,0.0969925969839096,0.6105054616928101,0.5740166306495667
YJL157C,YGL167C,0,0.96179885,0.09697733074426651,0.6105054616928101,0.5741167068481445
YPL104W,YDR313C,0,0.96179813,0.09696206450462341,0.6105054616928101,0.5742167830467224
YBL061C,YML043C,0,0.9617885,0.09694680571556091,0.6105054616928101,0.5743168592453003
YLR234W,YNR060W,0,0.9617726,0.09693154692649841,0.6105054616928101,0.574416995048523
YKR027W,YJL058C,0,0.9617367,0.0969163030385971,0.6105054616928101,0.5745170712471008
YGR030C,YMR281W,0,0.9617194,0.0969010517001152,0.6105054616928101,0.5746171474456787
YJR135W-A,YDR405W,0,0.9617173,0.0968858152627945,0.6105054616928101,0.5747172236442566
YDR262W,YOL077C,0,0.9616911,0.09687057882547379,0.6105054616928101,0.5748173594474792
YLR103C,YMR227C,1,0.961674,0.09701257944107056,0.6114965081214905,0.5748173594474792
YDR069C,YML013W,0,0.96164095,0.09699732810258865,0.6114965081214905,0.5749174356460571
YKR052C,YOR060C,0,0.9616199,0.09698208421468735,0.6114965081214905,0.575017511844635
YNL306W,YOL076W,0,0.96157193,0.09696684032678604,0.6114965081214905,0.5751175880432129
YBR037C,YOL129W,0,0.9615567,0.09695160388946533,0.6114965081214905,0.5752177238464355
YOR334W,YLR467W,0,0.9615549,0.09693636745214462,0.6114965081214905,0.5753178000450134
YDR244W,YJR101W,0,0.9615438,0.09692114591598511,0.6114965081214905,0.5754178762435913
YPL200W,YNL026W,0,0.96153665,0.09690592437982559,0.6114965081214905,0.5755179524421692
YER046W,YFR005C,0,0.9615347,0.09689070284366608,0.6114965081214905,0.5756180286407471
YGL216W,YMR015C,0,0.9615109,0.09687548875808716,0.6114965081214905,0.5757181644439697
YKL007W,YLL018C-A,0,0.9614858,0.09686028212308884,0.6114965081214905,0.5758182406425476
YER190W,YNL084C,0,0.9614746,0.09684508293867111,0.6114965081214905,0.5759183168411255
YOL126C,YHR207C,0,0.9614481,0.09682988375425339,0.6114965081214905,0.5760183930397034
YNR045W,YDR297W,0,0.96144605,0.09681468456983566,0.6114965081214905,0.576118528842926
YDR137W,YHR167W,0,0.96140337,0.09679950028657913,0.6114965081214905,0.5762186050415039
YHR167W,YER027C,0,0.96138453,0.0967843160033226,0.6114965081214905,0.5763186812400818
YFL037W,YMR306W,0,0.96133906,0.09676913172006607,0.6114965081214905,0.5764187574386597
YKL005C,YER154W,0,0.961327,0.09675396233797073,0.6114965081214905,0.5765188932418823
YCL061C,YJL127C,1,0.9613022,0.09689557552337646,0.6124876141548157,0.5765188932418823
YNL038W,YMR281W,0,0.96125966,0.09688039124011993,0.6124876141548157,0.5766189694404602
YHR138C,YGR170W,0,0.96124536,0.0968652069568634,0.6124876141548157,0.5767190456390381
YGR071C,YOL095C,0,0.96121716,0.09685002267360687,0.6124876141548157,0.576819121837616
YPR131C,YGR220C,0,0.961205,0.09683484584093094,0.6124876141548157,0.5769191980361938
YAR009C,YDR175C,0,0.96119314,0.0968196764588356,0.6124876141548157,0.5770193338394165
YCR035C,YDR217C,0,0.9611838,0.09680451452732086,0.6124876141548157,0.5771194100379944
YKR077W,YNL091W,0,0.9611778,0.09678935259580612,0.6124876141548157,0.5772194862365723
YER088C,YFL049W,1,0.9611752,0.09693078696727753,0.6134787201881409,0.5772194862365723
YKL110C,YMR282C,0,0.9611722,0.09691561013460159,0.6134787201881409,0.5773195624351501
YGR104C,YMR319C,0,0.9611535,0.09690044075250626,0.6134787201881409,0.5774196982383728
YBL069W,YIL101C,0,0.96109843,0.09688527137041092,0.6134787201881409,0.5775197744369507
YBR261C,YKL074C,0,0.9610829,0.09687010943889618,0.6134787201881409,0.5776198506355286
YIL013C,YHR161C,0,0.9610802,0.09685495495796204,0.6134787201881409,0.5777199268341064
YNL221C,YPR175W,0,0.96105355,0.0968398004770279,0.6134787201881409,0.5778200626373291
YBR002C,YFL054C,0,0.96101594,0.09682465344667435,0.6134787201881409,0.577920138835907
YNL180C,YGR083C,0,0.96100175,0.0968095064163208,0.6134787201881409,0.5780202150344849
YLR348C,YLL038C,0,0.9609015,0.09679437428712845,0.6134787201881409,0.5781202912330627
YKL007W,YOR159C,0,0.9608719,0.0967792347073555,0.6134787201881409,0.5782204270362854
YDR118W,YDR087C,0,0.960856,0.09676411002874374,0.6134787201881409,0.5783205032348633
YLR016C,YLR118C,0,0.96080804,0.09674898535013199,0.6134787201881409,0.5784205794334412
YLR285W,YBR089C-A,1,0.9607948,0.09689013659954071,0.6144697666168213,0.5784205794334412
YBL082C,YMR166C,0,0.9607726,0.09687499701976776,0.6144697666168213,0.578520655632019
YPL068C,YIL147C,0,0.9607047,0.09685986489057541,0.6144697666168213,0.5786207318305969
YML085C,YDL195W,0,0.96064514,0.09684473276138306,0.6144697666168213,0.5787208676338196
YDR226W,YOL020W,0,0.96063423,0.0968296080827713,0.6144697666168213,0.5788209438323975
YLR228C,YPL028W,0,0.960591,0.09681449085474014,0.6144697666168213,0.5789210200309753
YGR034W,YFR018C,0,0.96056706,0.09679937362670898,0.6144697666168213,0.5790210962295532
YIL143C,YMR198W,0,0.9605272,0.09678426384925842,0.6144697666168213,0.5791212320327759
YLL017W,YKR057W,0,0.9605181,0.09676916152238846,0.6144697666168213,0.5792213082313538
YOR150W,YNR001C,0,0.96048653,0.0967540591955185,0.6144697666168213,0.5793213844299316
YJL214W,YER050C,0,0.96045995,0.09673896431922913,0.6144697666168213,0.5794214606285095
YGR155W,YOR265W,0,0.960427,0.09672386944293976,0.6144697666168213,0.5795215964317322
YCR052W,YDL042C,1,0.9603844,0.09686476737260818,0.6154608726501465,0.5795215964317322
YLR085C,YBR088C,1,0.960338,0.09700561314821243,0.6164519190788269,0.5795215964317322
YLR033W,YKL049C,1,0.96030635,0.0971464216709137,0.6174430251121521,0.5795215964317322
YLR201C,YMR224C,0,0.96028733,0.09713127464056015,0.6174430251121521,0.5796216726303101
YCL031C,YDR170C,0,0.9602603,0.0971161350607872,0.6174430251121521,0.5797217488288879
YDL056W,YDL085W,0,0.9602184,0.09710099548101425,0.6174430251121521,0.5798218250274658
YNL156C,YMR193W,0,0.9602095,0.0970858633518219,0.6174430251121521,0.5799219012260437
YLR403W,YMR146C,0,0.96020895,0.09707073867321014,0.6174430251121521,0.5800220370292664
YAR002C-A,YGL061C,0,0.96020585,0.09705561399459839,0.6174430251121521,0.5801221132278442
YKL158W,YNL206C,0,0.96017855,0.09704049676656723,0.6174430251121521,0.5802221894264221
YPL038W,YMR097C,0,0.9601663,0.09702538698911667,0.6174430251121521,0.580322265625
YNL185C,YDL171C,0,0.96012086,0.09701027721166611,0.6174430251121521,0.5804224014282227
YBR061C,YKL062W,0,0.96011466,0.09699517488479614,0.6174430251121521,0.5805224776268005
YLR165C,YPR034W,0,0.9600476,0.09698007255792618,0.6174430251121521,0.5806225538253784
YBR035C,YDL148C,0,0.96003455,0.09696497768163681,0.6174430251121521,0.5807226300239563
YHR204W,YML051W,0,0.9600014,0.09694989025592804,0.6174430251121521,0.580822765827179
YBR233W-A,YLR448W,0,0.9599756,0.09693480283021927,0.6174430251121521,0.5809228420257568
YNL261W,YLR095C,1,0.9599591,0.09707529842853546,0.6184340715408325,0.5809228420257568
YDR145W,YGR200C,0,0.95994616,0.0970601961016655,0.6184340715408325,0.5810229182243347
YMR166C,YLR304C,0,0.95991886,0.09704510122537613,0.6184340715408325,0.5811229944229126
YJR149W,YCR087C-A,0,0.9598239,0.09703001379966736,0.6184340715408325,0.5812231302261353
YKR095W-A,YDR378C,0,0.95974207,0.09701492637395859,0.6184340715408325,0.5813232064247131
YOL165C,YDR175C,0,0.9597185,0.09699984639883041,0.6184340715408325,0.581423282623291
YDR402C,YER151C,0,0.9597068,0.09698476642370224,0.6184340715408325,0.5815233588218689
YDR356W,YLR347C,0,0.95970017,0.09696969389915466,0.6184340715408325,0.5816234350204468
YKR075C,YER115C,0,0.95969415,0.09695462882518768,0.6184340715408325,0.5817235708236694
YPR003C,YLR394W,0,0.9596876,0.0969395712018013,0.6184340715408325,0.5818236470222473
YPR175W,YCR010C,0,0.9596665,0.09692451357841492,0.6184340715408325,0.5819237232208252
YDR003W,YLR203C,0,0.95964545,0.09690945595502853,0.6184340715408325,0.5820237994194031
YCR040W,YOR067C,0,0.9596364,0.09689441323280334,0.6184340715408325,0.5821239352226257
YER120W,YIL095W,0,0.95962733,0.09687936305999756,0.6184340715408325,0.5822240114212036
YKL110C,YKL028W,0,0.959603,0.09686432778835297,0.6184340715408325,0.5823240876197815
YLL004W,YOR141C,1,0.9595779,0.09700450301170349,0.6194251775741577,0.5823240876197815
YDR257C,YER013W,0,0.95956933,0.09698944538831711,0.6194251775741577,0.5824241638183594
YDR329C,YMR097C,0,0.9594789,0.09697439521551132,0.6194251775741577,0.582524299621582
YCL061C,YML041C,1,0.9594497,0.09711448848247528,0.6204162240028381,0.582524299621582
YNL166C,YBL014C,0,0.9593904,0.0970994234085083,0.6204162240028381,0.5826243758201599
YMR163C,YER090W,0,0.95939016,0.09708436578512192,0.6204162240028381,0.5827244520187378
YDL099W,YOR129C,0,0.95938885,0.09706931561231613,0.6204162240028381,0.5828245282173157
YBL091C-A,YHL031C,0,0.9593823,0.09705426543951035,0.6204162240028381,0.5829246044158936
YKL058W,YBR187W,0,0.9593787,0.09703921526670456,0.6204162240028381,0.5830247402191162
YFL039C,YBR031W,0,0.9593781,0.09702417999505997,0.6204162240028381,0.5831248164176941
YOR253W,YKR035W-A,0,0.9593744,0.09700914472341537,0.6204162240028381,0.583224892616272
YKL110C,YEL018W,0,0.95932454,0.09699410945177078,0.6204162240028381,0.5833249688148499
YER019C-A,YER091C,0,0.9592945,0.09697908908128738,0.6204162240028381,0.5834251046180725
YJR143C,YOR126C,0,0.9592609,0.09696406126022339,0.6204162240028381,0.5835251808166504
YGR223C,YDR236C,0,0.95926076,0.09694904834032059,0.6204162240028381,0.5836252570152283
YNL307C,YLR268W,0,0.959222,0.09693403542041779,0.6204162240028381,0.5837253332138062
YMR229C,YPL239W,0,0.9591935,0.09691902995109558,0.6204162240028381,0.5838254690170288
YLR078C,YGR009C,0,0.95913637,0.09690402448177338,0.6204162240028381,0.5839255452156067
YLR396C,YER149C,0,0.9591335,0.09688902646303177,0.6204162240028381,0.5840256214141846
YBL068W,YBL026W,0,0.95899785,0.09687403589487076,0.6204162240028381,0.5841256976127625
YBR129C,YGR208W,0,0.95898074,0.09685904532670975,0.6204162240028381,0.5842257738113403
YMR282C,YLR361C,0,0.95896053,0.09684406220912933,0.6204162240028381,0.584325909614563
YPL208W,YPL161C,0,0.95896006,0.09682907909154892,0.6204162240028381,0.5844259858131409
YML030W,YJR134C,0,0.9588819,0.0968141034245491,0.6204162240028381,0.5845260620117188
YNL020C,YBR297W,0,0.9588785,0.09679913520812988,0.6204162240028381,0.5846261382102966
YJL213W,YDR270W,0,0.9588094,0.09678416699171066,0.6204162240028381,0.5847262740135193
YOR086C,YBR131W,0,0.95880806,0.09676920622587204,0.6204162240028381,0.5848263502120972
YPL148C,YBL035C,0,0.95880353,0.09675425291061401,0.6204162240028381,0.584926426410675
YAR019C,YOR324C,0,0.95880204,0.09673929959535599,0.6204162240028381,0.5850265026092529
YHR120W,YPL056C,0,0.95879424,0.09672435373067856,0.6204162240028381,0.5851266384124756
YGR122W,YIL144W,0,0.95874345,0.09670940786600113,0.6204162240028381,0.5852267146110535
YOL112W,YNR017W,0,0.9587389,0.0966944694519043,0.6204162240028381,0.5853267908096313
YNL050C,YDR201W,0,0.9587082,0.09667953848838806,0.6204162240028381,0.5854268670082092
YPL097W,YDR079W,0,0.95868653,0.09666460752487183,0.6204162240028381,0.5855270028114319
YIL159W,YML098W,0,0.9586442,0.09664968401193619,0.6204162240028381,0.5856270790100098
YOR215C,YIL006W,0,0.958609,0.09663476049900055,0.6204162240028381,0.5857271552085876
YBR058C-A,YJL176C,0,0.9585925,0.0966198518872261,0.6204162240028381,0.5858272314071655
YLR141W,YJR042W,0,0.9585574,0.09660493582487106,0.6204162240028381,0.5859273076057434
YBR215W,YDL042C,1,0.95855117,0.09674432873725891,0.6214073300361633,0.5859273076057434
YNL328C,YIL033C,0,0.95854545,0.09672940522432327,0.6214073300361633,0.5860274434089661
YOR038C,YKL049C,1,0.95852405,0.09686873108148575,0.6223984360694885,0.5860274434089661
YLR106C,YNL263C,0,0.9584614,0.09685379266738892,0.6223984360694885,0.586127519607544
YER137C,YIL111W,0,0.9584488,0.09683886170387268,0.6223984360694885,0.5862275958061218
YDL138W,YOR081C,0,0.95842516,0.09682393074035645,0.6223984360694885,0.5863276720046997
YLR238W,YDR026C,0,0.95842123,0.09680899977684021,0.6223984360694885,0.5864278078079224
YPR007C,YER154W,0,0.9584181,0.09679408371448517,0.6223984360694885,0.5865278840065002
YMR050C,YNR011C,0,0.95840037,0.09677916765213013,0.6223984360694885,0.5866279602050781
YBR248C,YDR287W,0,0.95839304,0.09676425158977509,0.6223984360694885,0.586728036403656
YMR274C,YHR207C,0,0.958374,0.09674934297800064,0.6223984360694885,0.5868281722068787
YMR308C,YMR145C,0,0.9582977,0.0967344418168068,0.6223984360694885,0.5869282484054565
YOR008C,YCL044C,0,0.95828253,0.09671954065561295,0.6223984360694885,0.5870283246040344
YKL173W,YKL192C,0,0.95827,0.0967046469449997,0.6223984360694885,0.5871284008026123
YDL245C,YGL158W,0,0.9582498,0.09668976068496704,0.6223984360694885,0.5872284770011902
YJL076W,YLR357W,1,0.95821977,0.09682881832122803,0.623389482498169,0.5872284770011902
YOR320C,YKL201C,0,0.958217,0.09681391716003418,0.623389482498169,0.5873286128044128
YOR143C,YBR009C,0,0.95821565,0.09679901599884033,0.623389482498169,0.5874286890029907
YIR019C,YNL188W,0,0.958214,0.09678412228822708,0.623389482498169,0.5875287652015686
YFL039C,YGR086C,0,0.9581869,0.09676922857761383,0.623389482498169,0.5876288414001465
YNL119W,YHR046C,0,0.95817006,0.09675434231758118,0.623389482498169,0.5877289772033691
YGL078C,YNL291C,0,0.9581309,0.09673946350812912,0.623389482498169,0.587829053401947
YDR460W,YKL014C,0,0.9581089,0.09672459214925766,0.623389482498169,0.5879291296005249
YLR305C,YDR494W,0,0.9580713,0.0967097207903862,0.623389482498169,0.5880292057991028
YEL022W,YLR360W,0,0.9580419,0.09669484943151474,0.623389482498169,0.5881293416023254
YNL151C,YOR330C,0,0.9579982,0.09667998552322388,0.623389482498169,0.5882294178009033
YBR015C,YPL110C,0,0.9579977,0.09666512906551361,0.623389482498169,0.5883294939994812
YML023C,YIR011C,0,0.95797944,0.09665028005838394,0.623389482498169,0.5884295701980591
YJR151C,YDL091C,0,0.95795405,0.09663543105125427,0.623389482498169,0.5885297060012817
YBR271W,YNL027W,0,0.9579444,0.0966205820441246,0.623389482498169,0.5886297821998596
YBL023C,YCR037C,0,0.95794123,0.09660574048757553,0.623389482498169,0.5887298583984375
YDR416W,YOR177C,0,0.95789737,0.09659090638160706,0.623389482498169,0.5888299345970154
YMR223W,YDL247W,0,0.9578742,0.09657607972621918,0.623389482498169,0.5889300107955933
YGL068W,YML112W,0,0.9578057,0.0965612530708313,0.623389482498169,0.5890301465988159
YGL207W,YBL052C,1,0.9577844,0.09669992327690125,0.6243805885314941,0.5890301465988159
YBR241C,YOR071C,0,0.95777565,0.09668508172035217,0.6243805885314941,0.5891302227973938
YMR123W,YGR134W,0,0.9577697,0.0966702476143837,0.6243805885314941,0.5892302989959717
YOL030W,YFR008W,0,0.95774615,0.09665541350841522,0.6243805885314941,0.5893303751945496
YPL173W,YPL099C,0,0.95757926,0.09664058685302734,0.6243805885314941,0.5894305109977722
YER138C,YJL158C,0,0.9575767,0.09662576764822006,0.6243805885314941,0.5895305871963501
YOR326W,YDR423C,0,0.95756847,0.09661094844341278,0.6243805885314941,0.589630663394928
YPR095C,YLR361C,0,0.95756185,0.0965961366891861,0.6243805885314941,0.5897307395935059
YGL031C,YPR138C,0,0.95743644,0.09658132493495941,0.6243805885314941,0.5898308753967285
YDL245C,YOR194C,0,0.95740163,0.09656652063131332,0.6243805885314941,0.5899309515953064
YGR263C,YOR358W,0,0.9573989,0.09655172377824783,0.6243805885314941,0.5900310277938843
YPL234C,YLR276C,0,0.95738846,0.09653692692518234,0.6243805885314941,0.5901311039924622
YDR369C,YPL193W,0,0.9573597,0.09652213752269745,0.6243805885314941,0.59023118019104
YML047C,YMR179W,0,0.95732355,0.09650735557079315,0.6243805885314941,0.5903313159942627
YOL005C,YBR248C,0,0.9573017,0.09649257361888885,0.6243805885314941,0.5904313921928406
YFR038W,YDR499W,0,0.9572976,0.09647779166698456,0.6243805885314941,0.5905314683914185
YDR390C,YJL155C,0,0.9572396,0.09646302461624146,0.6243805885314941,0.5906315445899963
YGL112C,YNL031C,1,0.95719224,0.09660134464502335,0.6253716349601746,0.5906315445899963
YPR119W,YJR108W,0,0.9571796,0.09658656269311905,0.6253716349601746,0.590731680393219
YLL029W,YDR347W,0,0.9571566,0.09657178074121475,0.6253716349601746,0.5908317565917969
YPR086W,YNL151C,0,0.957099,0.09655699878931046,0.6253716349601746,0.5909318327903748
YLR248W,YDR511W,0,0.9570664,0.09654222428798676,0.6253716349601746,0.5910319089889526
YBR037C,YOL030W,0,0.9570627,0.09652745723724365,0.6253716349601746,0.5911320447921753
YDL134C,YJL081C,0,0.957022,0.09651269763708115,0.6253716349601746,0.5912321209907532
YJR058C,YGL058W,0,0.9569708,0.09649793803691864,0.6253716349601746,0.591332197189331
YJL171C,YKR095W,0,0.9569393,0.09648317843675613,0.6253716349601746,0.5914322733879089
YPL013C,YLR344W,0,0.9569107,0.09646842628717422,0.6253716349601746,0.5915323495864868
YBR278W,YPR204W,0,0.9569094,0.09645368158817291,0.6253716349601746,0.5916324853897095
YPL274W,YIL111W,0,0.9568916,0.0964389443397522,0.6253716349601746,0.5917325615882874
YDR301W,YGR083C,0,0.9568589,0.09642420709133148,0.6253716349601746,0.5918326377868652
YER139C,YML041C,0,0.9568521,0.09640946984291077,0.6253716349601746,0.5919327139854431
YDR287W,YDR279W,0,0.9568175,0.09639474749565125,0.6253716349601746,0.5920328497886658
YHL019C,YMR289W,0,0.9567619,0.09638001769781113,0.6253716349601746,0.5921329259872437
YLR318W,YPL177C,0,0.9567349,0.0963653028011322,0.6253716349601746,0.5922330021858215
YOR034C,YBR272C,0,0.9567195,0.09635058790445328,0.6253716349601746,0.5923330783843994
YEL041W,YMR227C,0,0.95671433,0.09633588045835495,0.6253716349601746,0.5924332141876221
YPR042C,YHR158C,0,0.95670664,0.09632117301225662,0.6253716349601746,0.5925332903862
YOL029C,YJL216C,0,0.9566819,0.09630647301673889,0.6253716349601746,0.5926333665847778
YNL025C,YLR213C,0,0.9566754,0.09629177302122116,0.6253716349601746,0.5927334427833557
YBL074C,YER087C-B,0,0.9566753,0.09627708047628403,0.6253716349601746,0.5928335785865784
YML041C,YNL206C,1,0.9566735,0.0964149534702301,0.6263627409934998,0.5928335785865784
YHR211W,YGR262C,0,0.95665073,0.09640024602413177,0.6263627409934998,0.5929336547851562
YOR141C,YML069W,1,0.956632,0.09653805196285248,0.6273537874221802,0.5929336547851562
YGR032W,YMR313C,0,0.9566151,0.09652332961559296,0.6273537874221802,0.5930337309837341
YNL190W,YHR029C,0,0.95661294,0.09650861471891403,0.6273537874221802,0.593133807182312
YML004C,YMR230W,0,0.9565902,0.09649389982223511,0.6273537874221802,0.5932338833808899
YLR291C,YFL044C,0,0.9565843,0.09647919237613678,0.6273537874221802,0.5933340191841125
YGR262C,YBR026C,0,0.956573,0.09646449238061905,0.6273537874221802,0.5934340953826904
YMR046C,YFR041C,0,0.95656806,0.09644979238510132,0.6273537874221802,0.5935341715812683
YER104W,YJL165C,0,0.9565554,0.09643509984016418,0.6273537874221802,0.5936342477798462
YOR091W,YJR054W,0,0.95655,0.09642041474580765,0.6273537874221802,0.5937343835830688
YDL105W,YPL011C,1,0.9565061,0.09655802696943283,0.6283448934555054,0.5937343835830688
YDL085W,YJL141C,0,0.9564928,0.0965433195233345,0.6283448934555054,0.5938344597816467
YMR056C,YGL192W,0,0.9564172,0.09652862697839737,0.6283448934555054,0.5939345359802246
YGL150C,YDL002C,1,0.9563055,0.09666615724563599,0.6293359994888306,0.5939345359802246
YPL122C,YER184C,0,0.9562985,0.09665144234895706,0.6293359994888306,0.5940346121788025
YKL197C,YNL261W,0,0.956258,0.09663673490285873,0.6293359994888306,0.5941347479820251
YDR323C,YLL051C,0,0.9562287,0.096622034907341,0.6293359994888306,0.594234824180603
YNL092W,YBR026C,0,0.9562261,0.09660733491182327,0.6293359994888306,0.5943349003791809
YMR223W,YDR367W,0,0.95620054,0.09659263491630554,0.6293359994888306,0.5944349765777588
YOR216C,YPL254W,0,0.9561706,0.096577949821949,0.6293359994888306,0.5945350527763367
YER056C,YBR279W,0,0.95616674,0.09656325727701187,0.6293359994888306,0.5946351885795593
YKL078W,YLR259C,0,0.95612925,0.09654857963323593,0.6293359994888306,0.5947352647781372
YOR275C,YGR212W,0,0.9561077,0.09653390198945999,0.6293359994888306,0.5948353409767151
YLL014W,YNR074C,0,0.95609796,0.09651922434568405,0.6293359994888306,0.594935417175293
YGL120C,YLR052W,0,0.95609653,0.0965045616030693,0.6293359994888306,0.5950355529785156
YOR034C,YPL180W,0,0.9560684,0.09648989886045456,0.6293359994888306,0.5951356291770935
YPR105C,YKL134C,0,0.9560596,0.09647523611783981,0.6293359994888306,0.5952357053756714
YBR170C,YLR059C,0,0.95604527,0.09646058082580566,0.6293359994888306,0.5953357815742493
YKL011C,YLR350W,0,0.95602673,0.09644593298435211,0.6293359994888306,0.5954359173774719
YIL098C,YBR052C,0,0.9560199,0.09643128514289856,0.6293359994888306,0.5955359935760498
YPL113C,YDL143W,0,0.9560184,0.0964166447520256,0.6293359994888306,0.5956360697746277
YBR001C,YDR425W,0,0.956001,0.09640200436115265,0.6293359994888306,0.5957361459732056
YFR027W,YML086C,0,0.9559771,0.09638737142086029,0.6293359994888306,0.5958362817764282
YIL131C,YNL031C,1,0.9559732,0.09652451425790787,0.630327045917511,0.5958362817764282
YPL038W,YJR089W,0,0.95592964,0.09650986641645432,0.630327045917511,0.5959363579750061
YDR390C,YPL195W,0,0.95590186,0.09649521857500076,0.630327045917511,0.596036434173584
YMR044W,YLR033W,1,0.9558626,0.09663227945566177,0.6313181519508362,0.596036434173584
YDL008W,YKL179C,0,0.95585304,0.09661762416362762,0.6313181519508362,0.5961365103721619
YJL006C,YER095W,0,0.95581156,0.09660296887159348,0.6313181519508362,0.5962365865707397
YHL008C,YBR058C,0,0.95577216,0.09658832103013992,0.6313181519508362,0.5963367223739624
YJR082C,YEL070W,0,0.9556966,0.09657368063926697,0.6313181519508362,0.5964367985725403
YBL112C,YBR273C,0,0.9556796,0.09655904024839401,0.6313181519508362,0.5965368747711182
YDR310C,YLR321C,1,0.95566404,0.09669596701860428,0.6323091983795166,0.5965368747711182
YLR085C,YMR127C,1,0.9556531,0.09683285653591156,0.6333003044128418,0.5965368747711182
YNL006W,YPL018W,0,0.955612,0.09681817889213562,0.6333003044128418,0.596636950969696
YOR294W,YDR169C,0,0.9555862,0.09680351614952087,0.6333003044128418,0.5967370867729187
YPL011C,YPR137W,0,0.95551425,0.09678885340690613,0.6333003044128418,0.5968371629714966
YOL078W,YJR013W,0,0.95544434,0.09677419066429138,0.6333003044128418,0.5969372391700745
YPR002W,YDR532C,0,0.9554205,0.09675954282283783,0.6333003044128418,0.5970373153686523
YJL127C,YNL188W,0,0.95535964,0.09674488753080368,0.6333003044128418,0.597137451171875
YOR138C,YPL089C,0,0.9553326,0.09673024713993073,0.6333003044128418,0.5972375273704529
YDR404C,YMR289W,0,0.95527685,0.09671560674905777,0.6333003044128418,0.5973376035690308
YLR449W,YBL006C,1,0.95525056,0.09685230255126953,0.6342913508415222,0.5973376035690308
YHR109W,YHR099W,0,0.95524997,0.09683764725923538,0.6342913508415222,0.5974376797676086
YJL081C,YNL107W,1,0.95523787,0.09697428345680237,0.6352824568748474,0.5974376797676086
YLR190W,YPR141C,0,0.95520025,0.09695961326360703,0.6352824568748474,0.5975377559661865
YMR217W,YLR097C,0,0.95518535,0.09694495052099228,0.6352824568748474,0.5976378917694092
YER148W,YER145C,0,0.95516247,0.09693028777837753,0.6352824568748474,0.5977379679679871
YIL125W,YNL162W,0,0.95512056,0.09691563248634338,0.6352824568748474,0.5978380441665649
YGR258C,YOL103W,0,0.95511794,0.09690098464488983,0.6352824568748474,0.5979381203651428
YLR020C,YLR321C,0,0.9551178,0.09688633680343628,0.6352824568748474,0.5980382561683655
YCR035C,YJR098C,0,0.95510983,0.09687169641256332,0.6352824568748474,0.5981383323669434
YDR196C,YJR121W,0,0.955008,0.09685705602169037,0.6352824568748474,0.5982384085655212
YIL135C,YCL024W,0,0.9549956,0.09684242308139801,0.6352824568748474,0.5983384847640991
YOL095C,YHR110W,0,0.954921,0.09682779759168625,0.6352824568748474,0.5984386205673218
YDL112W,YMR005W,0,0.9549002,0.09681317210197449,0.6352824568748474,0.5985386967658997
YGL037C,YDR224C,1,0.95487255,0.09694956243038177,0.6362735629081726,0.5985386967658997
YBR066C,YOR180C,0,0.9548336,0.09693492203950882,0.6362735629081726,0.5986387729644775
YIR004W,YHR186C,0,0.9548322,0.09692028909921646,0.6362735629081726,0.5987388491630554
YMR243C,YER036C,0,0.95480424,0.0969056636095047,0.6362735629081726,0.5988389253616333
YKL058W,YPR168W,0,0.95478153,0.09689103811979294,0.6362735629081726,0.598939061164856
YFR037C,YCR020W-B,1,0.95475847,0.09702730923891068,0.637264609336853,0.598939061164856
YNL306W,YCL004W,0,0.9547579,0.09701267629861832,0.637264609336853,0.5990391373634338
YPL235W,YGR056W,1,0.9547503,0.09714888781309128,0.6382557153701782,0.5990391373634338
YPR018W,YCL061C,1,0.95467556,0.09728506952524185,0.6392467617988586,0.5990391373634338
YGL107C,YDR310C,0,0.95464724,0.09727039933204651,0.6392467617988586,0.5991392135620117
YLR391W-A,YPL143W,0,0.9546463,0.09725572913885117,0.6392467617988586,0.5992392897605896
YGR071C,YLR020C,0,0.9546186,0.09724106639623642,0.6392467617988586,0.5993394255638123
YDL134C,YLR068W,0,0.95458454,0.09722641110420227,0.6392467617988586,0.5994395017623901
YHR028C,YHR066W,0,0.9545841,0.09721175581216812,0.6392467617988586,0.599539577960968
YPL049C,YDR534C,0,0.95455647,0.09719710797071457,0.6392467617988586,0.5996396541595459
YDL067C,YDL003W,0,0.95455015,0.09718246012926102,0.6392467617988586,0.5997397899627686
YNL103W,YGR208W,0,0.954526,0.09716781973838806,0.6392467617988586,0.5998398661613464
YMR091C,YER082C,0,0.95452505,0.0971531867980957,0.6392467617988586,0.5999399423599243
YLL031C,YMR208W,0,0.9544938,0.09713855385780334,0.6392467617988586,0.6000400185585022
YKL140W,YJL080C,0,0.9544414,0.09712392836809158,0.6392467617988586,0.6001401543617249
YDR407C,YDR423C,0,0.9543499,0.09710930287837982,0.6392467617988586,0.6002402305603027
YDR306C,YOL086C,0,0.9543276,0.09709468483924866,0.6392467617988586,0.6003403067588806
YER145C,YDL231C,0,0.95429873,0.09708007425069809,0.6392467617988586,0.6004403829574585
YOR326W,YOR372C,0,0.9542983,0.09706546366214752,0.6392467617988586,0.6005404591560364
YOR320C,YOL011W,0,0.95422024,0.09705086052417755,0.6392467617988586,0.600640594959259
YLR190W,YOR138C,0,0.9541498,0.09703625738620758,0.6392467617988586,0.6007406711578369
YJL106W,YDR363W-A,0,0.9541422,0.0970216616988182,0.6392467617988586,0.6008407473564148
YML037C,YKR056W,0,0.9541237,0.09700706601142883,0.6392467617988586,0.6009408235549927
YDR047W,YGL169W,0,0.9540864,0.09699247777462006,0.6392467617988586,0.6010409593582153
YER139C,YER007W,0,0.95400923,0.09697789698839188,0.6392467617988586,0.6011410355567932
YML095C,YOL149W,0,0.9539872,0.0969633162021637,0.6392467617988586,0.6012411117553711
YLL013C,YHR194W,0,0.95398307,0.09694874286651611,0.6392467617988586,0.601341187953949
YDL091C,YBL026W,0,0.9539761,0.09693417698144913,0.6392467617988586,0.6014413237571716
YCL068C,YOR194C,0,0.95394474,0.09691961109638214,0.6392467617988586,0.6015413999557495
YOL054W,YMR318C,0,0.95389444,0.09690504521131516,0.6392467617988586,0.6016414761543274
YJR040W,YOL066C,0,0.95388144,0.09689049422740936,0.6392467617988586,0.6017415523529053
YBR286W,YOR224C,0,0.9538806,0.09687593579292297,0.6392467617988586,0.6018416285514832
YOR155C,YML129C,0,0.95386434,0.09686139225959778,0.6392467617988586,0.6019417643547058
YKL026C,YDR447C,0,0.95384645,0.09684684872627258,0.6392467617988586,0.6020418405532837
YAR042W,YBR006W,0,0.95382404,0.09683230519294739,0.6392467617988586,0.6021419167518616
YLR377C,YIL126W,0,0.9538212,0.09681776911020279,0.6392467617988586,0.6022419929504395
YGL155W,YER052C,0,0.953811,0.09680324047803879,0.6392467617988586,0.6023421287536621
YMR163C,YJR010C-A,0,0.9537929,0.09678871184587479,0.6392467617988586,0.60244220495224
YLR446W,YMR312W,0,0.9537698,0.09677419066429138,0.6392467617988586,0.6025422811508179
YKL020C,YDL189W,0,0.95370877,0.09675967693328857,0.6392467617988586,0.6026423573493958
YBL031W,YCL063W,0,0.9536684,0.09674516320228577,0.6392467617988586,0.6027424931526184
YDL047W,YGR202C,0,0.9536208,0.09673065692186356,0.6392467617988586,0.6028425693511963
YCL035C,YOL136C,0,0.95362014,0.09671615064144135,0.6392467617988586,0.6029426455497742
YIL007C,YBL092W,0,0.9535801,0.09670165181159973,0.6392467617988586,0.603042721748352
YLR103C,YFL013C,1,0.9535586,0.09683705866336823,0.6402378678321838,0.603042721748352
YDR137W,YCL004W,0,0.9535571,0.09682254493236542,0.6402378678321838,0.6031428575515747
YHR111W,YGL084C,0,0.95354384,0.09680803120136261,0.6402378678321838,0.6032429337501526
YLR333C,YLR268W,0,0.9535421,0.0967935249209404,0.6402378678321838,0.6033430099487305
YJR040W,YML074C,0,0.95350695,0.09677902609109879,0.6402378678321838,0.6034430861473083
YIL143C,YPL112C,0,0.95346165,0.09676452726125717,0.6402378678321838,0.6035431623458862
YGL031C,YDL060W,0,0.9534299,0.09675003588199615,0.6402378678321838,0.6036432981491089
YOR123C,YNL330C,0,0.953419,0.09673555195331573,0.6402378678321838,0.6037433743476868
YHR004C,YHR132C,0,0.95336425,0.09672106802463531,0.6402378678321838,0.6038434505462646
YOL054W,YML049C,0,0.95334226,0.0967065840959549,0.6402378678321838,0.6039435267448425
YMR205C,YHR142W,0,0.9533282,0.09669211506843567,0.6402378678321838,0.6040436625480652
YCR036W,YLR186W,0,0.9533193,0.09667763859033585,0.6402378678321838,0.6041437387466431
YML102W,YBR231C,1,0.9533183,0.09681280702352524,0.6412289142608643,0.6041437387466431
YDR103W,YDR021W,0,0.95329875,0.09679832309484482,0.6412289142608643,0.604243814945221
YJL076W,YBL052C,1,0.95327115,0.09693343192338943,0.6422200202941895,0.604243814945221
YGL127C,YIL142W,0,0.9532429,0.09691893309354782,0.6422200202941895,0.6043438911437988
YGR205W,YJR119C,0,0.953203,0.0969044417142868,0.6422200202941895,0.6044440269470215
YLL057C,YGR097W,0,0.9531801,0.09688995033502579,0.6422200202941895,0.6045441031455994
YML012W,YDR343C,0,0.9531722,0.09687546640634537,0.6422200202941895,0.6046441793441772
YKR008W,YHR113W,0,0.9531388,0.09686098992824554,0.6422200202941895,0.6047442555427551
YER164W,YPL239W,0,0.95312846,0.09684651345014572,0.6422200202941895,0.604844331741333
YBR009C,YNL031C,1,0.9530891,0.0969814732670784,0.6432111263275146,0.604844331741333
YGL226W,YKL108W,0,0.95306605,0.09696698188781738,0.6432111263275146,0.6049444675445557
YBR084W,YPR019W,0,0.9530513,0.09695249795913696,0.6432111263275146,0.6050445437431335
YDR052C,YDL043C,0,0.9530508,0.09693801403045654,0.6432111263275146,0.6051446199417114
YIR031C,YJL012C-A,0,0.95303583,0.09692353755235672,0.6432111263275146,0.6052446961402893
YJL056C,YJL058C,0,0.952977,0.0969090610742569,0.6432111263275146,0.605344831943512
YDR361C,YGR077C,0,0.9528519,0.09689459204673767,0.6432111263275146,0.6054449081420898
YBR050C,YOR057W,0,0.95283914,0.09688013046979904,0.6432111263275146,0.6055449843406677
YOR044W,YDR288W,0,0.95281976,0.09686566889286041,0.6432111263275146,0.6056450605392456
YML076C,YMR176W,0,0.95280623,0.09685121476650238,0.6432111263275146,0.6057451963424683
YOL003C,YER005W,0,0.9527649,0.09683676809072495,0.6432111263275146,0.6058452725410461
YJR143C,YMR289W,0,0.952746,0.09682232141494751,0.6432111263275146,0.605945348739624
YML034W,YML099C,0,0.9527287,0.09680787473917007,0.6432111263275146,0.6060454249382019
YMR234W,YER017C,0,0.9526405,0.09679343551397324,0.6432111263275146,0.6061455607414246
YDR334W,YBR010W,1,0.95260966,0.09692812711000443,0.6442021727561951,0.6061455607414246
YDL080C,YPR131C,0,0.95258427,0.09691367298364639,0.6442021727561951,0.6062456369400024
YOR320C,YPL214C,0,0.95255697,0.09689922630786896,0.6442021727561951,0.6063457131385803
YDR334W,YBR215W,1,0.95253825,0.09703383594751358,0.6451932787895203,0.6063457131385803
YJL046W,YKR062W,0,0.952536,0.09701937437057495,0.6451932787895203,0.6064457893371582
YMR263W,YKL049C,1,0.95252615,0.0971539244055748,0.6461843252182007,0.6064457893371582
YDR200C,YDL003W,0,0.95251465,0.09713945537805557,0.6461843252182007,0.6065458655357361
YDR347W,YDR093W,0,0.9523846,0.09712497889995575,0.6461843252182007,0.6066460013389587
YNL219C,YDL146W,0,0.9523534,0.09711051732301712,0.6461843252182007,0.6067460775375366
YMR239C,YIL126W,1,0.9522198,0.09724497050046921,0.6471754312515259,0.6067460775375366
YOL006C,YDR073W,1,0.952218,0.09737939387559891,0.6481664776802063,0.6067460775375366
YNL038W,YCR039C,0,0.9521341,0.0973648950457573,0.6481664776802063,0.6068461537361145
YKL126W,YML095C,0,0.9521229,0.09735040366649628,0.6481664776802063,0.6069462299346924
YDR135C,YDR284C,0,0.952118,0.09733591228723526,0.6481664776802063,0.607046365737915
YNL258C,YPL195W,0,0.9521107,0.09732142835855484,0.6481664776802063,0.6071464419364929
YJR065C,YEL015W,0,0.9521041,0.09730695188045502,0.6481664776802063,0.6072465181350708
YMR041C,YDR448W,0,0.95206624,0.0972924754023552,0.6481664776802063,0.6073465943336487
YLR248W,YPR071W,0,0.95203906,0.09727799892425537,0.6481664776802063,0.6074467301368713
YER133W,YMR152W,0,0.9520075,0.09726352989673615,0.6481664776802063,0.6075468063354492
YLR357W,YHR056C,1,0.9519541,0.09739776700735092,0.6491575837135315,0.6075468063354492
YOR244W,YJL115W,1,0.951939,0.09753196686506271,0.6501486897468567,0.6075468063354492
YOL009C,YBR195C,0,0.9519321,0.0975174680352211,0.6501486897468567,0.6076468825340271
YCL034W,YLR370C,0,0.9519277,0.09750296920537949,0.6501486897468567,0.607746958732605
YBL082C,YDL022W,0,0.95185417,0.09748848527669907,0.6501486897468567,0.6078470349311829
YLR004C,YOR162C,0,0.95180047,0.09747399389743805,0.6501486897468567,0.6079471707344055
YDR376W,YPL233W,0,0.9517995,0.09745951741933823,0.6501486897468567,0.6080472469329834
YFR029W,YBL069W,0,0.9517923,0.0974450409412384,0.6501486897468567,0.6081473231315613
YOR241W,YLR329W,0,0.9517507,0.09743056446313858,0.6501486897468567,0.6082473993301392
YPL218W,YLR024C,0,0.9517289,0.09741609543561935,0.6501486897468567,0.6083475351333618
YJL143W,YLR363C,0,0.951675,0.09740163385868073,0.6501486897468567,0.6084476113319397
YHR002W,YNL189W,0,0.95165133,0.0973871722817421,0.6501486897468567,0.6085476875305176
YFR016C,YPR024W,0,0.95163906,0.09737271815538406,0.6501486897468567,0.6086477637290955
YER089C,YOR070C,0,0.95159984,0.09735826402902603,0.6501486897468567,0.6087478995323181
YNL244C,YDR416W,0,0.9515995,0.0973438173532486,0.6501486897468567,0.608847975730896
YBR231C,YCL060C,1,0.95157117,0.0974777415394783,0.6511397361755371,0.608847975730896
YPL126W,YIL095W,0,0.95154727,0.09746328741312027,0.6511397361755371,0.6089480519294739
YHL025W,YDL076C,0,0.9515364,0.09744882583618164,0.6511397361755371,0.6090481281280518
YOR347C,YHR005C-A,0,0.95152545,0.0974343791604042,0.6511397361755371,0.6091482043266296
YBR081C,YGR084C,0,0.951504,0.09741993248462677,0.6511397361755371,0.6092483401298523
YHL025W,YEL062W,0,0.95149416,0.09740548580884933,0.6511397361755371,0.6093484163284302
YBR038W,YEL040W,0,0.95147026,0.0973910465836525,0.6511397361755371,0.6094484925270081
YHL026C,YMR146C,0,0.9514457,0.09737661480903625,0.6511397361755371,0.6095485687255859
YNL258C,YLR251W,0,0.95143116,0.09736218303442001,0.6511397361755371,0.6096487045288086
YPR007C,YCL029C,0,0.9514271,0.09734775871038437,0.6511397361755371,0.6097487807273865
YIL150C,YKR101W,1,0.9513967,0.09748148173093796,0.6521308422088623,0.6097487807273865
YOR044W,YPR024W,0,0.9513916,0.09746704250574112,0.6521308422088623,0.6098488569259644
YGR194C,YMR267W,0,0.95138824,0.09745260328054428,0.6521308422088623,0.6099489331245422
YNL271C,YNL081C,0,0.95134306,0.09743817895650864,0.6521308422088623,0.6100490689277649
YCR036W,YLR206W,0,0.95130825,0.0974237471818924,0.6521308422088623,0.6101491451263428
YFL035C-A,YKL094W,0,0.9513039,0.09740932285785675,0.6521308422088623,0.6102492213249207
YJR028W,YKR055W,0,0.9512925,0.0973949059844017,0.6521308422088623,0.6103492975234985
YLR181C,YKR066C,0,0.95128834,0.09738049656152725,0.6521308422088623,0.6104494333267212
YKL077W,YJR005W,0,0.951267,0.0973660871386528,0.6521308422088623,0.6105495095252991
YOR195W,YKL168C,0,0.95122737,0.09735167771577835,0.6521308422088623,0.610649585723877
YOR123C,YKL183W,0,0.9512241,0.0973372757434845,0.6521308422088623,0.6107496619224548
YLR015W,YOR151C,0,0.9512075,0.09732288122177124,0.6521308422088623,0.6108497381210327
YDR073W,YFL049W,1,0.9511568,0.09745637327432632,0.6531218886375427,0.6108497381210327
YIL109C,YOR047C,0,0.9510987,0.09744196385145187,0.6531218886375427,0.6109498739242554
YMR234W,YPL111W,0,0.95105916,0.09742755442857742,0.6531218886375427,0.6110499501228333
YER033C,YOR327C,0,0.9510426,0.09741315245628357,0.6531218886375427,0.6111500263214111
YCR040W,YDR320C-A,0,0.95096034,0.09739875793457031,0.6531218886375427,0.611250102519989
YBR031W,YBL072C,0,0.95093495,0.09738436341285706,0.6531218886375427,0.6113502383232117
YDR393W,YKL015W,0,0.9509188,0.0973699763417244,0.6531218886375427,0.6114503145217896
YDR096W,YOR249C,0,0.9509009,0.09735558927059174,0.6531218886375427,0.6115503907203674
YER007W,YDL245C,0,0.95088243,0.09734120965003967,0.6531218886375427,0.6116504669189453
YJL080C,YFR013W,1,0.9508805,0.09747452288866043,0.6541129946708679,0.6116504669189453
YNR070W,YKL011C,0,0.9507691,0.09746012836694717,0.6541129946708679,0.611750602722168
YNL010W,YBR240C,0,0.9507191,0.09744574129581451,0.6541129946708679,0.6118506789207458
YDR244W,YFR025C,0,0.9507165,0.09743135422468185,0.6541129946708679,0.6119507551193237
YDL206W,YMR008C,0,0.9507129,0.09741697460412979,0.6541129946708679,0.6120508313179016
YIL002C,YEL051W,0,0.9506782,0.09740259498357773,0.6541129946708679,0.6121509075164795
YGL142C,YCR060W,0,0.9506505,0.09738822281360626,0.6541129946708679,0.6122510433197021
YDR379W,YMR230W,0,0.95063883,0.0973738580942154,0.6541129946708679,0.61235111951828
YDR398W,YGL144C,0,0.9505325,0.09735949337482452,0.6541129946708679,0.6124511957168579
YCR055C,YMR032W,0,0.950531,0.09734513610601425,0.6541129946708679,0.6125512719154358
YFR037C,YMR227C,1,0.9504996,0.09747824817895889,0.6551040410995483,0.6125512719154358
YDR356W,YJL078C,0,0.95049936,0.09746387600898743,0.6551040410995483,0.6126514077186584
YGL003C,YDR448W,0,0.95049864,0.09744950383901596,0.6551040410995483,0.6127514839172363
YCL017C,YNR011C,0,0.9504901,0.09743513911962509,0.6551040410995483,0.6128515601158142
YPL137C,YDR303C,0,0.9504744,0.09742078185081482,0.6551040410995483,0.6129516363143921
YGR003W,YCL054W,0,0.9504705,0.09740642458200455,0.6551040410995483,0.6130517721176147
YGR094W,YDR478W,0,0.9504665,0.09739207476377487,0.6551040410995483,0.6131518483161926
YBR145W,YBR175W,0,0.9504489,0.0973777249455452,0.6551040410995483,0.6132519245147705
YBR162C,YDR167W,0,0.95042616,0.09736338257789612,0.6551040410995483,0.6133520007133484
YBR231C,YJL194W,1,0.95039046,0.09749631583690643,0.6560951471328735,0.6133520007133484
YOR201C,YER114C,0,0.95036757,0.09748195856809616,0.6560951471328735,0.613452136516571
YNL185C,YDR120C,0,0.9503624,0.09746760874986649,0.6560951471328735,0.6135522127151489
YJL114W,YBR260C,0,0.95032156,0.09745325893163681,0.6560951471328735,0.6136522889137268
YBR002C,YGR262C,0,0.95030814,0.09743891656398773,0.6560951471328735,0.6137523651123047
YOR271C,YDR310C,0,0.950308,0.09742457419633865,0.6560951471328735,0.6138524413108826
YER056C,YLR126C,0,0.9503042,0.09741023927927017,0.6560951471328735,0.6139525771141052
YHR117W,YKL164C,0,0.9502951,0.09739591181278229,0.6560951471328735,0.6140526533126831
YLR386W,YPR182W,0,0.9502888,0.0973815843462944,0.6560951471328735,0.614152729511261
YBR237W,YDR468C,0,0.95028824,0.09736725687980652,0.6560951471328735,0.6142528057098389
YMR158W,YFL013C,0,0.95028055,0.09735294431447983,0.6560951471328735,0.6143529415130615
YKR008W,YLR442C,1,0.9502729,0.09748566150665283,0.6570862531661987,0.6143529415130615
YLR105C,YDR378C,0,0.9502372,0.09747133404016495,0.6570862531661987,0.6144530177116394
YNL007C,YNL145W,0,0.9502286,0.09745700657367706,0.6570862531661987,0.6145530939102173
YLL022C,YHR118C,1,0.95021904,0.0975896567106247,0.6580772995948792,0.6145530939102173
YDR362C,YOL011W,0,0.9502183,0.09757531434297562,0.6580772995948792,0.6146531701087952
YOR147W,YDR057W,0,0.9502055,0.09756097197532654,0.6580772995948792,0.6147533059120178
YKL097W-A,YLR096W,0,0.9501945,0.09754664450883865,0.6580772995948792,0.6148533821105957
YJR101W,YDR299W,0,0.9501902,0.09753231704235077,0.6580772995948792,0.6149534583091736
YKL197C,YKR030W,0,0.9501894,0.09751798957586288,0.6580772995948792,0.6150535345077515
YNL086W,YOR079C,0,0.95010734,0.0975036695599556,0.6580772995948792,0.6151536107063293
YKL114C,YGR061C,0,0.95005876,0.0974893569946289,0.6580772995948792,0.615253746509552
YOR124C,YMR097C,0,0.9499286,0.09747504442930222,0.6580772995948792,0.6153538227081299
YGR002C,YPR052C,1,0.94992554,0.09760751575231552,0.6590684056282043,0.6153538227081299
YLR196W,YDR483W,0,0.9499037,0.09759318828582764,0.6590684056282043,0.6154538989067078
YML099C,YIL042C,0,0.94988024,0.09757886826992035,0.6590684056282043,0.6155539751052856
YFR006W,YMR215W,0,0.94985455,0.09756455570459366,0.6590684056282043,0.6156541109085083
YMR243C,YJL005W,0,0.94985276,0.09755024313926697,0.6590684056282043,0.6157541871070862
YLR305C,YPL006W,0,0.9498483,0.09753593057394028,0.6590684056282043,0.6158542633056641
YPL015C,YBR289W,1,0.94982994,0.09766828268766403,0.6600594520568848,0.6158542633056641
YNL146W,YGL174W,0,0.9498086,0.09765395522117615,0.6600594520568848,0.6159543395042419
YOL140W,YDR188W,0,0.94980687,0.09763964265584946,0.6600594520568848,0.6160544753074646
YOL007C,YLR345W,0,0.9498006,0.09762533009052277,0.6600594520568848,0.6161545515060425
YDL134C,YLR429W,0,0.9497834,0.09761102497577667,0.6600594520568848,0.6162546277046204
YPR128C,YDR332W,0,0.9497653,0.09759671986103058,0.6600594520568848,0.6163547039031982
YMR308C,YML127W,0,0.9497651,0.09758241474628448,0.6600594520568848,0.6164547801017761
YGL037C,YER088C,1,0.9497599,0.0977146178483963,0.66105055809021,0.6164547801017761
YFL025C,YDR165W,0,0.94972956,0.09770030528306961,0.66105055809021,0.6165549159049988
YKL134C,YDR211W,0,0.9497268,0.09768600016832352,0.66105055809021,0.6166549921035767
YBR233W-A,YDL210W,0,0.94970757,0.09767169505357742,0.66105055809021,0.6167550683021545
YKR048C,YLR272C,1,0.9496731,0.09780380874872208,0.6620416045188904,0.6167550683021545
YJR013W,YDR262W,0,0.9496537,0.09778948873281479,0.6620416045188904,0.6168551445007324
YOR045W,YML107C,0,0.94951653,0.0977751761674881,0.6620416045188904,0.6169552803039551
YLR371W,YPL021W,0,0.9495146,0.09776086360216141,0.6620416045188904,0.617055356502533
YIL156W,YKL165C,0,0.949513,0.09774655848741531,0.6620416045188904,0.6171554327011108
YOL098C,YBL100W-B,0,0.9494792,0.09773226082324982,0.6620416045188904,0.6172555088996887
YGL076C,YFL004W,0,0.9494553,0.09771796315908432,0.6620416045188904,0.6173556447029114
YCR052W,YOL017W,1,0.94938016,0.09784993529319763,0.6630327105522156,0.6173556447029114
YJL081C,YDR439W,1,0.9493278,0.09798186272382736,0.664023756980896,0.6173556447029114
YNR016C,YJR049C,0,0.9492709,0.09796754270792007,0.664023756980896,0.6174557209014893
YFR052W,YOR027W,0,0.9492438,0.09795321524143219,0.664023756980896,0.6175557971000671
YMR143W,YDR098C,0,0.949188,0.0979388952255249,0.664023756980896,0.617655873298645
YCR039C,YML092C,0,0.9491767,0.09792458266019821,0.664023756980896,0.6177560091018677
YLR432W,YLR390W,0,0.9491752,0.09791027009487152,0.664023756980896,0.6178560853004456
YOR279C,YDR073W,1,0.9491691,0.0980420783162117,0.6650148630142212,0.6178560853004456
YMR227C,YBL052C,1,0.9491536,0.0981738492846489,0.6660059690475464,0.6178560853004456
YJR034W,YPL050C,0,0.94914716,0.09815950691699982,0.6660059690475464,0.6179561614990234
YBR281C,YNL318C,0,0.9490828,0.09814517199993134,0.6660059690475464,0.6180562376976013
YPR097W,YNL123W,0,0.94902074,0.09813084453344345,0.6660059690475464,0.6181563138961792
YKL195W,YBR121C,0,0.9490128,0.09811651706695557,0.6660059690475464,0.6182564496994019
YGR162W,YMR307W,0,0.9489741,0.09810218960046768,0.6660059690475464,0.6183565258979797
YBR096W,YMR262W,0,0.9489664,0.0980878695845604,0.6660059690475464,0.6184566020965576
YKL045W,YNR057C,0,0.9489209,0.0980735570192337,0.6660059690475464,0.6185566782951355
YOR192C,YPR199C,0,0.9488621,0.09805924445390701,0.6660059690475464,0.6186568140983582
YJR092W,YGR167W,0,0.94884557,0.09804493933916092,0.6660059690475464,0.618756890296936
YGR106C,YIL005W,0,0.94883233,0.09803063422441483,0.6660059690475464,0.6188569664955139
YML011C,YER143W,0,0.9488251,0.09801633656024933,0.6660059690475464,0.6189570426940918
YMR205C,YGR047C,0,0.9487898,0.09800203889608383,0.6660059690475464,0.6190571784973145
YIL160C,YOR048C,0,0.9487706,0.09798774868249893,0.6660059690475464,0.6191572546958923
YKR026C,YKL143W,0,0.94874936,0.09797346591949463,0.6660059690475464,0.6192573308944702
YPL042C,YIL061C,0,0.948739,0.09795918315649033,0.6660059690475464,0.6193574070930481
YLR204W,YPR096C,0,0.9486612,0.09794490784406662,0.6660059690475464,0.619457483291626
YPL183W-A,YNL318C,0,0.9486478,0.09793063253164291,0.6660059690475464,0.6195576190948486
YIL150C,YLR033W,1,0.9486227,0.09806207567453384,0.6669970154762268,0.6195576190948486
YFL005W,YJL062W,0,0.9486216,0.09804778546094894,0.6669970154762268,0.6196576952934265
YER040W,YDR034C,0,0.9486086,0.09803350269794464,0.6669970154762268,0.6197577714920044
YBR120C,YMR037C,0,0.9485975,0.09801922738552094,0.6669970154762268,0.6198578476905823
YBR177C,YOL129W,0,0.9485467,0.09800495207309723,0.6669970154762268,0.6199579834938049
YDL154W,YHR186C,0,0.94854134,0.09799068421125412,0.6669970154762268,0.6200580596923828
YER155C,YIR015W,0,0.94848657,0.09797641634941101,0.6669970154762268,0.6201581358909607
YFR013W,YPL253C,0,0.9484498,0.0979621559381485,0.6669970154762268,0.6202582120895386
YLR033W,YDR167W,1,0.9484273,0.0980934351682663,0.667988121509552,0.6202582120895386
YDR407C,YER041W,0,0.9484267,0.09807915985584259,0.667988121509552,0.6203583478927612
YOR026W,YGR113W,0,0.9484071,0.09806489199399948,0.667988121509552,0.6204584240913391
YMR097C,YMR036C,0,0.94838846,0.09805062413215637,0.667988121509552,0.620558500289917
YLR409C,YBR038W,0,0.94827855,0.09803636372089386,0.667988121509552,0.6206585764884949
YLR299W,YPL150W,0,0.9482596,0.09802210330963135,0.667988121509552,0.6207587122917175
YBR243C,YDR320C-A,0,0.94823015,0.09800785034894943,0.667988121509552,0.6208587884902954
YKL124W,YPR161C,0,0.9482005,0.09799360483884811,0.667988121509552,0.6209588646888733
YMR208W,YHL034C,0,0.94816375,0.0979793593287468,0.667988121509552,0.6210589408874512
YML043C,YER113C,0,0.9481433,0.09796511381864548,0.667988121509552,0.621159017086029
YPL105C,YMR284W,0,0.94814086,0.09795087575912476,0.667988121509552,0.6212591528892517
YGL051W,YBR273C,0,0.9481001,0.09793664515018463,0.667988121509552,0.6213592290878296
YNL242W,YOL109W,0,0.9480788,0.0979224145412445,0.667988121509552,0.6214593052864075
YDR252W,YIL042C,0,0.94800186,0.09790819138288498,0.667988121509552,0.6215593814849854
YJR040W,YJL109C,0,0.9479887,0.09789397567510605,0.667988121509552,0.621659517288208
YLL022C,YMR037C,0,0.94786865,0.09787975251674652,0.667988121509552,0.6217595934867859
YDR380W,YDR364C,0,0.947854,0.09786554425954819,0.667988121509552,0.6218596696853638
YGR275W,YLR442C,1,0.9477976,0.09799651801586151,0.6689791679382324,0.6218596696853638
YOL138C,YGL162W,0,0.9477471,0.09798228740692139,0.6689791679382324,0.6219597458839417
YOL005C,YIL008W,0,0.94772375,0.09796807169914246,0.6689791679382324,0.6220598816871643
YOR106W,YBR166C,0,0.94767827,0.09795385599136353,0.6689791679382324,0.6221599578857422
YDR495C,YGR078C,0,0.9476779,0.0979396402835846,0.6689791679382324,0.6222600340843201
YMR180C,YCL016C,0,0.94767153,0.09792543202638626,0.6689791679382324,0.622360110282898
YLR004C,YAR007C,0,0.9476337,0.09791122376918793,0.6689791679382324,0.6224601864814758
YHR135C,YPL155C,0,0.947561,0.09789703041315079,0.6689791679382324,0.6225603222846985
YBR086C,YER174C,0,0.9475553,0.09788282960653305,0.6689791679382324,0.6226603984832764
YPL015C,YMR227C,1,0.9475048,0.09801363199949265,0.6699702739715576,0.6226603984832764
YKR101W,YJL102W,0,0.9474622,0.09799942374229431,0.6699702739715576,0.6227604746818542
YDR375C,YER013W,0,0.94743806,0.09798521548509598,0.6699702739715576,0.6228605508804321
YOR047C,YLR097C,0,0.94741416,0.09797101467847824,0.6699702739715576,0.6229606866836548
YBL023C,YOL066C,0,0.9473846,0.0979568213224411,0.6699702739715576,0.6230607628822327
YBR168W,YLR145W,0,0.9473649,0.09794262796640396,0.6699702739715576,0.6231608390808105
YOR304C-A,YDL015C,0,0.9473562,0.09792843461036682,0.6699702739715576,0.6232609152793884
YNL054W,YJL087C,0,0.94734025,0.09791425615549088,0.6699702739715576,0.6233610510826111
YPL209C,YHR066W,0,0.94730365,0.09790007025003433,0.6699702739715576,0.623461127281189
YEL053C,YGL256W,0,0.9472951,0.09788589924573898,0.6699702739715576,0.6235612034797668
YOL067C,YOL082W,0,0.9472942,0.09787172079086304,0.6699702739715576,0.6236612796783447
YNL244C,YDR139C,0,0.9472905,0.09785755723714828,0.6699702739715576,0.6237613558769226
YDL042C,YDR145W,1,0.94727343,0.09798812866210938,0.670961320400238,0.6237613558769226
YOL006C,YHR118C,1,0.94725615,0.09811867028474808,0.6719524264335632,0.6237613558769226
YNL024C,YMR097C,0,0.9472459,0.09810446947813034,0.6719524264335632,0.6238614916801453
YPL189C-A,YML094W,0,0.9472439,0.0980902761220932,0.6719524264335632,0.6239615678787231
YNL227C,YBR024W,0,0.9472238,0.09807609021663666,0.6719524264335632,0.624061644077301
YOR147W,YER015W,0,0.9471903,0.09806190431118011,0.6719524264335632,0.6241617202758789
YHR009C,YBR297W,0,0.9471658,0.09804772585630417,0.6719524264335632,0.6242618560791016
YBR050C,YLR438C-A,0,0.9471412,0.09803354740142822,0.6719524264335632,0.6243619322776794
YNR047W,YLR447C,0,0.94712085,0.09801936894655228,0.6719524264335632,0.6244620084762573
YKL172W,YPR010C,0,0.9471002,0.09800520539283752,0.6719524264335632,0.6245620846748352
YMR053C,YMR267W,0,0.9470964,0.09799104183912277,0.6719524264335632,0.6246622204780579
YGL060W,YKL089W,0,0.9470629,0.09797687828540802,0.6719524264335632,0.6247622966766357
YBR276C,YMR281W,0,0.9470398,0.09796272218227386,0.6719524264335632,0.6248623728752136
YIL112W,YLR200W,0,0.94699997,0.09794856607913971,0.6719524264335632,0.6249624490737915
YBL010C,YBL074C,0,0.9469849,0.09793442487716675,0.6719524264335632,0.6250625848770142
YBL069W,YKR095W-A,0,0.94697714,0.09792027622461319,0.6719524264335632,0.625162661075592
YGR171C,YDR529C,0,0.9469639,0.09790613502264023,0.6719524264335632,0.6252627372741699
YIL120W,YOR299W,0,0.9468737,0.09789200127124786,0.6719524264335632,0.6253628134727478
YPR156C,YLR147C,0,0.94682485,0.0978778675198555,0.6719524264335632,0.6254628896713257
YPL091W,YBR009C,0,0.94681776,0.09786374121904373,0.6719524264335632,0.6255630254745483
YBR243C,YML006C,0,0.9467843,0.09784961491823196,0.6719524264335632,0.6256631016731262
YBR094W,YOR123C,0,0.9467591,0.0978354960680008,0.6719524264335632,0.6257631778717041
YMR033W,YML127W,1,0.946754,0.09796566516160965,0.6729435324668884,0.6257631778717041
YJR078W,YHR070W,0,0.94673777,0.09795153141021729,0.6729435324668884,0.625863254070282
YNL102W,YFR050C,0,0.9467325,0.09793739765882492,0.6729435324668884,0.6259633898735046
YDR041W,YJL216C,0,0.946715,0.09792327880859375,0.6729435324668884,0.6260634660720825
YPL233W,YGL219C,0,0.94669753,0.09790915995836258,0.6729435324668884,0.6261635422706604
YKL021C,YNL268W,0,0.94669443,0.09789504110813141,0.6729435324668884,0.6262636184692383
YBR112C,YCR054C,0,0.9466305,0.09788092970848083,0.6729435324668884,0.6263637542724609
YOR172W,YLR024C,0,0.9466302,0.09786681830883026,0.6729435324668884,0.6264638304710388
YPR018W,YIL126W,1,0.94662416,0.09799683094024658,0.6739345788955688,0.6264638304710388
YLR214W,YNL041C,0,0.946582,0.09798271209001541,0.6739345788955688,0.6265639066696167
YER056C-A,YER149C,0,0.9465445,0.09796859323978424,0.6739345788955688,0.6266639828681946
YGR010W,YOR085W,0,0.9465157,0.09795448184013367,0.6739345788955688,0.6267640590667725
YKL203C,YER179W,0,0.94650835,0.0979403704404831,0.6739345788955688,0.6268641948699951
YLR103C,YIL126W,1,0.94645953,0.09807027876377106,0.674925684928894,0.6268641948699951
YHR020W,YPR143W,0,0.9463767,0.09805615246295929,0.674925684928894,0.626964271068573
YOR131C,YIL018W,0,0.9463212,0.09804204106330872,0.674925684928894,0.6270643472671509
YMR127C,YHR119W,1,0.94631094,0.09817187488079071,0.6759167313575745,0.6270643472671509
YMR201C,YJL058C,0,0.9462633,0.09815774112939835,0.6759167313575745,0.6271644234657288
YGL133W,YAL011W,1,0.9462602,0.09828752279281616,0.6769078373908997,0.6271644234657288
YOR266W,YMR156C,0,0.9462273,0.0982733815908432,0.6769078373908997,0.6272645592689514
YLR321C,YDR110W,1,0.94622636,0.09840311110019684,0.6778988838195801,0.6272645592689514
YPL240C,YER030W,0,0.9462077,0.09838895499706268,0.6778988838195801,0.6273646354675293
YOL002C,YML041C,0,0.94618696,0.09837479889392853,0.6778988838195801,0.6274647116661072
YKL155C,YPL111W,0,0.9461786,0.09836065769195557,0.6778988838195801,0.6275647878646851
YLR417W,YLR361C,0,0.94617283,0.0983465164899826,0.6778988838195801,0.6276649236679077
YBL011W,YPL147W,0,0.94614834,0.09833237528800964,0.6778988838195801,0.6277649998664856
YOR244W,YML127W,1,0.9461208,0.09846197813749313,0.6788899898529053,0.6277649998664856
YDL081C,YGR252W,0,0.9460859,0.09844782948493958,0.6788899898529053,0.6278650760650635
YLR192C,YER071C,0,0.9460633,0.09843368083238602,0.6788899898529053,0.6279651522636414
YDR096W,YDR013W,0,0.9460572,0.09841953963041306,0.6788899898529053,0.628065288066864
YBR120C,YLR191W,0,0.9460572,0.0984053984284401,0.6788899898529053,0.6281653642654419
YNL167C,YEL062W,0,0.94599813,0.09839126467704773,0.6788899898529053,0.6282654404640198
YDR176W,YFR045W,0,0.9459141,0.09837713837623596,0.6788899898529053,0.6283655166625977
YMR054W,YAR009C,0,0.9459,0.0983630120754242,0.6788899898529053,0.6284655928611755
YDR056C,YHR139C,0,0.94589376,0.09834888577461243,0.6788899898529053,0.6285657286643982
YDR179C,YLL017W,0,0.9458887,0.09833476692438126,0.6788899898529053,0.6286658048629761
YCL050C,YDL084W,0,0.9458514,0.09832065552473068,0.6788899898529053,0.628765881061554
YKR061W,YLR192C,0,0.9458375,0.09830654412508011,0.6788899898529053,0.6288659572601318
YLL040C,YIL022W,0,0.9458029,0.09829244017601013,0.6788899898529053,0.6289660930633545
YFL049W,YHR056C,1,0.9457971,0.09842180460691452,0.6798810958862305,0.6289660930633545
YBL061C,YGL168W,0,0.945789,0.09840768575668335,0.6798810958862305,0.6290661692619324
YAL007C,YBR208C,0,0.945765,0.09839357435703278,0.6798810958862305,0.6291662454605103
YDR107C,YOL076W,0,0.9457338,0.0983794629573822,0.6798810958862305,0.6292663216590881
YNR017W,YKR035W-A,0,0.94569415,0.09836535900831223,0.6798810958862305,0.6293664574623108
YDL111C,YDR265W,0,0.94567204,0.09835125505924225,0.6798810958862305,0.6294665336608887
YJL013C,YMR090W,0,0.94565535,0.09833715856075287,0.6798810958862305,0.6295666098594666
YKL140W,YNL118C,0,0.945578,0.09832306206226349,0.6798810958862305,0.6296666860580444
YGR162W,YDR527W,0,0.9455442,0.0983089730143547,0.6798810958862305,0.6297667622566223
YLL033W,YER098W,0,0.94553965,0.09829488396644592,0.6798810958862305,0.629866898059845
YLL019C,YBR080C,0,0.9455318,0.09828080236911774,0.6798810958862305,0.6299669742584229
YGR224W,YER161C,0,0.9454969,0.09826672077178955,0.6798810958862305,0.6300670504570007
YKL006W,YOR206W,0,0.9454569,0.09825264662504196,0.6798810958862305,0.6301671266555786
YER140W,YML086C,0,0.94544286,0.09823857992887497,0.6798810958862305,0.6302672624588013
YBR037C,YGL127C,0,0.9454069,0.09822451323270798,0.6798810958862305,0.6303673386573792
YML016C,YHR165C,0,0.9453345,0.09821045398712158,0.6798810958862305,0.630467414855957
YIL134W,YDR170C,0,0.9453268,0.09819639474153519,0.6798810958862305,0.6305674910545349
YJR063W,YJL044C,0,0.94530165,0.09818233549594879,0.6798810958862305,0.6306676268577576
YLR009W,YLL034C,0,0.9452963,0.09816829115152359,0.6798810958862305,0.6307677030563354
YMR127C,YKR048C,1,0.94523764,0.09829732775688171,0.6808721423149109,0.6307677030563354
YNL065W,YOL145C,0,0.94521844,0.09828326106071472,0.6808721423149109,0.6308677792549133
YGR282C,YGR225W,0,0.9451948,0.09826920181512833,0.6808721423149109,0.6309678554534912
YOL019W,YBR233W-A,0,0.9451855,0.09825515002012253,0.6808721423149109,0.6310679316520691
YMR032W,YKL144C,0,0.94518214,0.09824109822511673,0.6808721423149109,0.6311680674552917
YMR247C,YOL093W,0,0.9451652,0.09822705388069153,0.6808721423149109,0.6312681436538696
YBR264C,YHR044C,0,0.94515705,0.09821300953626633,0.6808721423149109,0.6313682198524475
YBL069W,YOR332W,0,0.945074,0.09819897264242172,0.6808721423149109,0.6314682960510254
YCL026C-B,YIL145C,0,0.9450427,0.09818493574857712,0.6808721423149109,0.631568431854248
YPR182W,YLR044C,0,0.94504005,0.09817090630531311,0.6808721423149109,0.6316685080528259
YPL011C,YDL084W,0,0.9450269,0.0981568768620491,0.6808721423149109,0.6317685842514038
YBR276C,YFR014C,0,0.94488424,0.09814285486936569,0.6808721423149109,0.6318686604499817
YDR296W,YAL013W,0,0.94487727,0.09812884032726288,0.6808721423149109,0.6319687962532043
YGL205W,YGR077C,0,0.94486034,0.09811482578516006,0.6808721423149109,0.6320688724517822
YCR030C,YER013W,0,0.9448593,0.09810081124305725,0.6808721423149109,0.6321689486503601
YER087C-A,YHR160C,0,0.94484925,0.09808680415153503,0.6808721423149109,0.632269024848938
YJL062W,YOL138C,0,0.94480217,0.09807280451059341,0.6808721423149109,0.6323691606521606
YKR019C,YDR190C,1,0.94471353,0.09820154309272766,0.6818632483482361,0.6323691606521606
YPR002W,YIL022W,0,0.944708,0.09818752855062485,0.6818632483482361,0.6324692368507385
YMR025W,YPL178W,0,0.94470155,0.09817351400852203,0.6818632483482361,0.6325693130493164
YLR188W,YLR176C,0,0.944675,0.09815950691699982,0.6818632483482361,0.6326693892478943
YDL192W,YNL309W,0,0.944661,0.0981455072760582,0.6818632483482361,0.6327694654464722
YHL040C,YOR287C,0,0.94464827,0.09813150763511658,0.6818632483482361,0.6328696012496948
YIL140W,YLR292C,0,0.94464123,0.09811751544475555,0.6818632483482361,0.6329696774482727
YLR430W,YPR080W,0,0.94459885,0.09810352325439453,0.6818632483482361,0.6330697536468506
YAL058W,YGL010W,0,0.9445896,0.0980895385146141,0.6818632483482361,0.6331698298454285
YLR042C,YER143W,0,0.9445535,0.09807555377483368,0.6818632483482361,0.6332699656486511
YDR320C-A,YJL029C,0,0.94453704,0.09806157648563385,0.6818632483482361,0.633370041847229
YBR271W,YPL021W,0,0.9445309,0.09804759919643402,0.6818632483482361,0.6334701180458069
YOL026C,YDR410C,0,0.94452,0.09803362935781479,0.6818632483482361,0.6335701942443848
YDL127W,YDR424C,0,0.94444644,0.09801965951919556,0.6818632483482361,0.6336703300476074
YIL160C,YGR072W,0,0.94443554,0.09800569713115692,0.6818632483482361,0.6337704062461853
YAL021C,YIL150C,0,0.9444291,0.09799174219369888,0.6818632483482361,0.6338704824447632
YER087W,YMR110C,0,0.9444042,0.09797778725624084,0.6818632483482361,0.6339705586433411
YIL112W,YLR264W,0,0.9443062,0.0979638323187828,0.6818632483482361,0.634070634841919
YMR033W,YPR052C,1,0.9442303,0.09809225797653198,0.6828542947769165,0.634070634841919
YNR023W,YOR141C,1,0.94422823,0.09822063893079758,0.6838454008102417,0.634070634841919
YPL168W,YBR279W,0,0.944209,0.09820666164159775,0.6838454008102417,0.6341707706451416
YFR013W,YBR101C,0,0.9441971,0.09819268435239792,0.6838454008102417,0.6342708468437195
YGR099W,YPL135W,0,0.9441925,0.09817871451377869,0.6838454008102417,0.6343709230422974
YBL005W-B,YDR041W,0,0.9441587,0.09816474467515945,0.6838454008102417,0.6344709992408752
YMR192W,YIL143C,0,0.9441213,0.09815078228712082,0.6838454008102417,0.6345711350440979
YJR034W,YDR283C,0,0.94411314,0.09813681989908218,0.6838454008102417,0.6346712112426758
YLR208W,YCL026C-B,0,0.94410205,0.09812286496162415,0.6838454008102417,0.6347712874412537
YDL211C,YPL161C,0,0.9440493,0.0981089174747467,0.6838454008102417,0.6348713636398315
YDL195W,YJL052W,0,0.9440427,0.09809496998786926,0.6838454008102417,0.6349714994430542
YDR486C,YPL111W,0,0.9440317,0.09808102250099182,0.6838454008102417,0.6350715756416321
YOR174W,YNL188W,0,0.94400823,0.09806708246469498,0.6838454008102417,0.63517165184021
YML065W,YDR073W,1,0.94393694,0.09819525480270386,0.6848364472389221,0.63517165184021
YKR019C,YMR223W,1,0.9439108,0.09832338988780975,0.6858275532722473,0.63517165184021
YOL061W,YDL078C,0,0.9437832,0.09830942004919052,0.6858275532722473,0.6352717280387878
YLL033W,YJL058C,0,0.94377816,0.09829545766115189,0.6858275532722473,0.6353718638420105
YNR007C,YKL045W,0,0.9436804,0.09828149527311325,0.6858275532722473,0.6354719400405884
YGR266W,YJR108W,0,0.9435766,0.09826754033565521,0.6858275532722473,0.6355720162391663
YGR095C,YHR077C,0,0.94354725,0.09825358539819717,0.6858275532722473,0.6356720924377441
YJR149W,YFR036W,0,0.9435122,0.09823963791131973,0.6858275532722473,0.635772168636322
YDL047W,YLR163C,0,0.9434296,0.09822569042444229,0.6858275532722473,0.6358723044395447
YPR162C,YGR221C,1,0.9434031,0.09835367649793625,0.6868186593055725,0.6358723044395447
YNL016W,YMR088C,0,0.9433664,0.09833972156047821,0.6868186593055725,0.6359723806381226
YNL107W,YPL214C,0,0.94335264,0.09832576662302017,0.6868186593055725,0.6360724568367004
YER155C,YDL045W-A,0,0.94334674,0.09831181913614273,0.6868186593055725,0.6361725330352783
YGR030C,YHL025W,0,0.9432566,0.09829787164926529,0.6868186593055725,0.636272668838501
YML102W,YDR127W,0,0.9432535,0.09828393161296844,0.6868186593055725,0.6363727450370789
YHR209W,YDR098C,0,0.9432428,0.0982699915766716,0.6868186593055725,0.6364728212356567
YLR120C,YOL092W,0,0.9431822,0.09825605899095535,0.6868186593055725,0.6365728974342346
YML088W,YGL144C,0,0.9431699,0.0982421338558197,0.6868186593055725,0.6366730332374573
YDR421W,YGR118W,0,0.94314843,0.09822820872068405,0.6868186593055725,0.6367731094360352
YJR117W,YDL101C,0,0.9431273,0.0982142835855484,0.6868186593055725,0.636873185634613
YLL017W,YDR448W,0,0.94311386,0.09820036590099335,0.6868186593055725,0.6369732618331909
YJL065C,YOL065C,0,0.94309855,0.09818645566701889,0.6868186593055725,0.6370733380317688
YEL029C,YPL226W,0,0.94307303,0.09817254543304443,0.6868186593055725,0.6371734738349915
YKR007W,YJR135W-A,0,0.9430692,0.09815864264965057,0.6868186593055725,0.6372735500335693
YCR026C,YDR067C,0,0.94304127,0.09814473986625671,0.6868186593055725,0.6373736262321472
YOR389W,YDR419W,0,0.94297713,0.09813084453344345,0.6868186593055725,0.6374737024307251
YBR020W,YDL045C,0,0.94295543,0.09811694920063019,0.6868186593055725,0.6375738382339478
YIL159W,YDL127W,0,0.94295454,0.09810306131839752,0.6868186593055725,0.6376739144325256
YIL074C,YOL011W,0,0.9429177,0.09808917343616486,0.6868186593055725,0.6377739906311035
YDL047W,YMR182C,0,0.9428852,0.09807529300451279,0.6868186593055725,0.6378740668296814
YHR012W,YDL235C,0,0.9428759,0.09806141257286072,0.6868186593055725,0.637974202632904
YBR156C,YJR031C,0,0.94284177,0.09804753959178925,0.6868186593055725,0.6380742788314819
YIL093C,YML104C,0,0.9428379,0.09803366661071777,0.6868186593055725,0.6381743550300598
YOR258W,YML049C,0,0.94279915,0.0980198010802269,0.6868186593055725,0.6382744312286377
YDR062W,YDL078C,0,0.94278646,0.09800594300031662,0.6868186593055725,0.6383745074272156
YBR145W,YLR015W,0,0.9427607,0.09799208492040634,0.6868186593055725,0.6384746432304382
YHR132C,YIL009C-A,0,0.94269776,0.09797822684049606,0.6868186593055725,0.6385747194290161
YPR122W,YFR050C,0,0.94268477,0.09796437621116638,0.6868186593055725,0.638674795627594
YDL208W,YMR171C,0,0.9426394,0.0979505330324173,0.6868186593055725,0.6387748718261719
YGL111W,YHL025W,0,0.94263595,0.09793668985366821,0.6868186593055725,0.6388750076293945
YDR320C-A,YDR328C,0,0.9426091,0.09792284667491913,0.6868186593055725,0.6389750838279724
YJL155C,YMR193W,0,0.94258344,0.09790901094675064,0.6868186593055725,0.6390751600265503
YIL047C,YHR029C,0,0.94255066,0.09789518266916275,0.6868186593055725,0.6391752362251282
YBL008W,YDL145C,0,0.9425381,0.09788135439157486,0.6868186593055725,0.6392753720283508
YLR399C,YOL017W,1,0.9424764,0.09800875931978226,0.6878097057342529,0.6392753720283508
YNL059C,YMR190C,1,0.9424444,0.09813611954450607,0.6888008117675781,0.6392753720283508
YLR284C,YIL120W,0,0.9424219,0.0981222614645958,0.6888008117675781,0.6393754482269287
YBL003C,YGL150C,1,0.94241655,0.09824957698583603,0.6897918581962585,0.6393754482269287
YHR150W,YKR099W,0,0.9423309,0.09823571145534515,0.6897918581962585,0.6394755244255066
YJR092W,YJL057C,0,0.94229203,0.09822184592485428,0.6897918581962585,0.6395756006240845
YNL052W,YDR367W,0,0.9422909,0.098207987844944,0.6897918581962585,0.6396757364273071
YCL061C,YDR325W,0,0.9422877,0.09819412976503372,0.6897918581962585,0.639775812625885
YJL190C,YGL167C,0,0.94227105,0.09818027913570404,0.6897918581962585,0.6398758888244629
YHR118C,YLR272C,1,0.94225085,0.09830747544765472,0.6907829642295837,0.6398758888244629
YML060W,YCR047C,0,0.94224083,0.09829360991716385,0.6907829642295837,0.6399759650230408
YJR158W,YOR151C,0,0.94221455,0.09827975183725357,0.6907829642295837,0.6400760412216187
YNR072W,YDR178W,0,0.94221413,0.09826589375734329,0.6907829642295837,0.6401761770248413
YOL072W,YBR301W,0,0.94216776,0.09825204312801361,0.6907829642295837,0.6402762532234192
YJL071W,YMR127C,0,0.9420518,0.09823819249868393,0.6907829642295837,0.6403763294219971
YDL047W,YPL078C,0,0.9420246,0.09822434931993484,0.6907829642295837,0.640476405620575
YKL010C,YDL148C,0,0.94199395,0.09821051359176636,0.6907829642295837,0.6405765414237976
YKR093W,YMR086W,0,0.94198406,0.09819667786359787,0.6907829642295837,0.6406766176223755
YAL010C,YBL103C,0,0.9419753,0.09818284213542938,0.6907829642295837,0.6407766938209534
YJL024C,YPL156C,0,0.941931,0.09816901385784149,0.6907829642295837,0.6408767700195312
YBR058C-A,YNL102W,0,0.9418952,0.0981551930308342,0.6907829642295837,0.6409769058227539
YFR031C,YJL012C,0,0.94188875,0.0981413722038269,0.6907829642295837,0.6410769820213318
YER112W,YER071C,0,0.9418827,0.09812755137681961,0.6907829642295837,0.6411770582199097
YOR038C,YOL017W,1,0.9418622,0.0982545018196106,0.6917740106582642,0.6411770582199097
YMR125W,YJR013W,0,0.941852,0.0982406735420227,0.6917740106582642,0.6412771344184875
YCL052C,YBR202W,0,0.9417914,0.09822685271501541,0.6917740106582642,0.6413772106170654
YJR143C,YDL081C,0,0.94176555,0.09821303188800812,0.6917740106582642,0.6414773464202881
YDR300C,YPR192W,0,0.94170344,0.09819921106100082,0.6917740106582642,0.641577422618866
YJR070C,YKL134C,0,0.9416942,0.09818539768457413,0.6917740106582642,0.6416774988174438
YGL126W,YER127W,0,0.94167763,0.09817159175872803,0.6917740106582642,0.6417775750160217
YMR304W,YKR030W,0,0.94167566,0.09815778583288193,0.6917740106582642,0.6418777108192444
YBR237W,YPL150W,0,0.9416731,0.09814397990703583,0.6917740106582642,0.6419777870178223
YMR287C,YBR155W,0,0.941641,0.09813018143177032,0.6917740106582642,0.6420778632164001
YGL183C,YHR011W,0,0.9415181,0.09811639040708542,0.6917740106582642,0.642177939414978
YOR084W,YOR047C,0,0.9415152,0.09810259938240051,0.6917740106582642,0.6422780752182007
YKL033W,YIL134W,0,0.94149995,0.0980888158082962,0.6917740106582642,0.6423781514167786
YGL206C,YKL087C,0,0.9414575,0.0980750322341919,0.6917740106582642,0.6424782276153564
YGR002C,YLR083C,0,0.9414327,0.09806125611066818,0.6917740106582642,0.6425783038139343
YGR101W,YDL077C,0,0.94128066,0.09804747998714447,0.6917740106582642,0.642678439617157
YPR028W,YER002W,0,0.94125724,0.09803371131420135,0.6917740106582642,0.6427785158157349
YPR175W,YLR385C,1,0.9412429,0.09816037118434906,0.6927651166915894,0.6427785158157349
YJR045C,YPR034W,0,0.94115925,0.09814658761024475,0.6927651166915894,0.6428785920143127
YDR342C,YMR233W,0,0.9411119,0.09813281148672104,0.6927651166915894,0.6429786682128906
YDR515W,YLR363C,0,0.9410843,0.09811903536319733,0.6927651166915894,0.6430787444114685
YIL137C,YLL055W,0,0.94105387,0.09810526669025421,0.6927651166915894,0.6431788802146912
YBR177C,YIL177C,0,0.9410522,0.0980914980173111,0.6927651166915894,0.643278956413269
YAL063C,YNL240C,0,0.9409545,0.09807772934436798,0.6927651166915894,0.6433790326118469
YJL001W,YKL103C,0,0.9409536,0.09806397557258606,0.6927651166915894,0.6434791088104248
YNL191W,YJR054W,0,0.9409151,0.09805021435022354,0.6927651166915894,0.6435792446136475
YDR323C,YAL022C,0,0.94091064,0.09803646802902222,0.6927651166915894,0.6436793208122253
YKL024C,YKL166C,0,0.9409067,0.0980227142572403,0.6927651166915894,0.6437793970108032
YGR095C,YML037C,0,0.9408656,0.09800897538661957,0.6927651166915894,0.6438794732093811
YBL091C-A,YDR014W,0,0.9408572,0.09799523651599884,0.6927651166915894,0.6439796090126038
YER098W,YOR057W,0,0.94085336,0.09798149764537811,0.6927651166915894,0.6440796852111816
YHL017W,YDR226W,0,0.94083977,0.09796776622533798,0.6927651166915894,0.6441797614097595
YNL307C,YPR190C,0,0.9408,0.09795403480529785,0.6927651166915894,0.6442798376083374
YER133W,YJR131W,0,0.94074565,0.09794031083583832,0.6927651166915894,0.6443799138069153
YDR507C,YGR106C,0,0.9407283,0.09792658686637878,0.6927651166915894,0.6444800496101379
YOR232W,YNL135C,0,0.94072497,0.09791287034749985,0.6927651166915894,0.6445801258087158
YIL078W,YKL014C,0,0.9407173,0.09789916127920151,0.6927651166915894,0.6446802020072937
YBR145W,YBL103C,0,0.94067484,0.09788545221090317,0.6927651166915894,0.6447802782058716
YDR372C,YNL273W,0,0.94063526,0.09787174314260483,0.6927651166915894,0.6448804140090942
YBR207W,YHR029C,0,0.9406296,0.09785804152488708,0.6927651166915894,0.6449804902076721
YCL014W,YER044C,0,0.9406008,0.09784434735774994,0.6927651166915894,0.64508056640625
YJR013W,YFL029C,0,0.940598,0.09783065319061279,0.6927651166915894,0.6451806426048279
YLR079W,YLL006W,0,0.94057614,0.09781695902347565,0.6927651166915894,0.6452807784080505
YDR190C,YKR010C,1,0.94057614,0.09794319421052933,0.6937562227249146,0.6452807784080505
YAL028W,YIL022W,0,0.94051105,0.09792949259281158,0.6937562227249146,0.6453808546066284
YDR110W,YDR411C,0,0.94045544,0.09791579097509384,0.6937562227249146,0.6454809308052063
YJR009C,YDR098C,0,0.9404508,0.0979020968079567,0.6937562227249146,0.6455810070037842
YGR251W,YMR301C,0,0.9404119,0.09788841009140015,0.6937562227249146,0.6456810832023621
YOR099W,YJR029W,0,0.9403664,0.0978747233748436,0.6937562227249146,0.6457812190055847
YBR088C,YLR055C,1,0.9403376,0.09800083935260773,0.694747269153595,0.6457812190055847
YKR049C,YOL012C,0,0.94033027,0.09798713773488998,0.694747269153595,0.6458812952041626
YNR008W,YJL062W,0,0.9402913,0.09797344356775284,0.694747269153595,0.6459813714027405
YGL207W,YDR071C,1,0.9402778,0.09809949994087219,0.6957383751869202,0.6459813714027405
YMR239C,YOR304W,1,0.94026333,0.09822551161050797,0.6967294216156006,0.6459813714027405
YDL134C,YDL112W,0,0.94024885,0.09821178764104843,0.6967294216156006,0.6460814476013184
YDR072C,YER143W,0,0.9402384,0.0981980711221695,0.6967294216156006,0.646181583404541
YBR181C,YDR145W,0,0.94022053,0.09818435460329056,0.6967294216156006,0.6462816596031189
YKL200C,YPL145C,0,0.9401965,0.09817064553499222,0.6967294216156006,0.6463817358016968
YDR498C,YML087C,0,0.9401831,0.09815693646669388,0.6967294216156006,0.6464818120002747
YMR195W,YHR201C,0,0.94013345,0.09814323484897614,0.6967294216156006,0.6465819478034973
YOL056W,YOR038C,0,0.9401209,0.09812953323125839,0.6967294216156006,0.6466820240020752
YKL010C,YGL050W,0,0.94010174,0.09811583906412125,0.6967294216156006,0.6467821002006531
YOR209C,YGL225W,0,0.9400994,0.0981021523475647,0.6967294216156006,0.646882176399231
YJR082C,YIL046W,0,0.94005466,0.09808845818042755,0.6967294216156006,0.6469823122024536
YLR432W,YPL173W,0,0.94000703,0.0980747789144516,0.6967294216156006,0.6470823884010315
YDR190C,YNL246W,1,0.93992895,0.09820058941841125,0.6977205276489258,0.6470823884010315
YMR143W,YNL153C,0,0.9399155,0.09818688780069351,0.6977205276489258,0.6471824645996094
YPL161C,YJR118C,0,0.939855,0.09817320108413696,0.6977205276489258,0.6472825407981873
YLR283W,YDR479C,0,0.9398123,0.09815950691699982,0.6977205276489258,0.6473826169967651
YPL096C-A,YOL052C,0,0.9397542,0.09814582765102386,0.6977205276489258,0.6474827527999878
YNL065W,YHL026C,0,0.93972903,0.09813214093446732,0.6977205276489258,0.6475828289985657
YAL002W,YNL233W,0,0.9397267,0.09811846911907196,0.6977205276489258,0.6476829051971436
YKR027W,YNR035C,0,0.9397016,0.0981047973036766,0.6977205276489258,0.6477829813957214
YDR159W,YHR041C,0,0.93965167,0.09809112548828125,0.6977205276489258,0.6478831171989441
YCR054C,YPL133C,0,0.939576,0.09807746112346649,0.6977205276489258,0.647983193397522
YER148W,YLR288C,0,0.93955076,0.09806379675865173,0.6977205276489258,0.6480832695960999
YDR140W,YDR004W,0,0.93954986,0.09805013984441757,0.6977205276489258,0.6481833457946777
YCL004W,YPR187W,0,0.93953747,0.09803648293018341,0.6977205276489258,0.6482834815979004
YJL170C,YCL048W,0,0.93952286,0.09802283346652985,0.6977205276489258,0.6483835577964783
YOL006C,YLR052W,1,0.93935525,0.0981484055519104,0.6987115740776062,0.6483835577964783
YKL194C,YGR008C,0,0.9393544,0.09813474118709564,0.6987115740776062,0.6484836339950562
YFR037C,YPR034W,1,0.93931824,0.09826026111841202,0.6997026801109314,0.6484836339950562
YDR138W,YEL051W,0,0.9392876,0.09824658930301666,0.6997026801109314,0.648583710193634
YGL120C,YHR073W,0,0.9392281,0.09823291748762131,0.6997026801109314,0.6486837863922119
YML055W,YLR068W,0,0.9392138,0.09821925312280655,0.6997026801109314,0.6487839221954346
YDL205C,YLR289W,0,0.93916,0.09820558875799179,0.6997026801109314,0.6488839983940125
YLR188W,YBR024W,0,0.9391557,0.09819193184375763,0.6997026801109314,0.6489840745925903
YLR321C,YMR239C,1,0.939149,0.09831734001636505,0.7006937265396118,0.6489840745925903
YPL159C,YDL085W,0,0.93914515,0.0983036682009697,0.7006937265396118,0.6490841507911682
YNR071C,YCR105W,0,0.9391378,0.09829000383615494,0.7006937265396118,0.6491842865943909
YDR473C,YDR254W,0,0.93911976,0.09827633947134018,0.7006937265396118,0.6492843627929688
YOL158C,YEL048C,0,0.9391048,0.09826268255710602,0.7006937265396118,0.6493844389915466
YLR377C,YJR135C,0,0.9390954,0.09824902564287186,0.7006937265396118,0.6494845151901245
YDR105C,YER038C,0,0.9390444,0.09823537617921829,0.7006937265396118,0.6495846509933472
YIL173W,YDR012W,0,0.93902856,0.09822172671556473,0.7006937265396118,0.649684727191925
YOL138C,YLR305C,0,0.93899393,0.09820808470249176,0.7006937265396118,0.6497848033905029
YHR090C,YPL031C,0,0.9389899,0.09819444268941879,0.7006937265396118,0.6498848795890808
YJL128C,YDR320C-A,0,0.93896174,0.09818080812692642,0.7006937265396118,0.6499850153923035
YDR229W,YPR138C,0,0.93894434,0.09816717356443405,0.7006937265396118,0.6500850915908813
YKL140W,YLR377C,0,0.93893963,0.09815354645252228,0.7006937265396118,0.6501851677894592
YJR022W,YDR332W,0,0.93893725,0.0981399193406105,0.7006937265396118,0.6502852439880371
YKL058W,YPR096C,0,0.93886405,0.09812629967927933,0.7006937265396118,0.650385320186615
YBL008W,YBR215W,1,0.93882143,0.09825145453214645,0.701684832572937,0.650385320186615
YAL011W,YML065W,1,0.93872094,0.09837657958269119,0.7026759386062622,0.650385320186615
YER104W,YEL048C,0,0.9387181,0.09836293011903763,0.7026759386062622,0.6504854559898376
YDL078C,YKL085W,0,0.9385165,0.09834928810596466,0.7026759386062622,0.6505855321884155
YKR010C,YLR442C,1,0.9384402,0.09847433865070343,0.7036669850349426,0.6505855321884155
YOR216C,YJR041C,0,0.938429,0.09846068173646927,0.7036669850349426,0.6506856083869934
YNL217W,YDR330W,0,0.93841976,0.0984470322728157,0.7036669850349426,0.6507856845855713
YDR334W,YML069W,1,0.9383898,0.0985720232129097,0.7046580910682678,0.6507856845855713
YLL022C,YMR127C,1,0.9383741,0.09869697690010071,0.7056491374969482,0.6507856845855713
YKL116C,YIL008W,0,0.93833804,0.09868329763412476,0.7056491374969482,0.650885820388794
YMR183C,YMR272C,0,0.938301,0.0986696258187294,0.7056491374969482,0.6509858965873718
YLR350W,YKL006C-A,0,0.93827105,0.09865595400333405,0.7056491374969482,0.6510859727859497
YMR127C,YBR215W,1,0.93826485,0.09878082573413849,0.7066402435302734,0.6510859727859497
YKR072C,YDR021W,0,0.9382607,0.09876713901758194,0.7066402435302734,0.6511860489845276
YIL139C,YGL004C,0,0.93826026,0.09875345975160599,0.7066402435302734,0.6512861847877502
YGR075C,YHR105W,0,0.93825525,0.09873978793621063,0.7066402435302734,0.6513862609863281
YNL080C,YDR170C,0,0.9382171,0.09872611612081528,0.7066402435302734,0.651486337184906
YPR133W-A,YAR015W,0,0.9382119,0.09871244430541992,0.7066402435302734,0.6515864133834839
YPR175W,YDR073W,1,0.93815845,0.09883721172809601,0.7076312899589539,0.6515864133834839
YPR032W,YCL069W,0,0.9381579,0.09882353246212006,0.7076312899589539,0.6516864895820618
YLR328W,YDL245C,0,0.9381573,0.0988098531961441,0.7076312899589539,0.6517866253852844
YOR047C,YPL226W,0,0.938138,0.09879618138074875,0.7076312899589539,0.6518867015838623
YDL065C,YGL106W,0,0.93804944,0.0987825095653534,0.7076312899589539,0.6519867777824402
YDR021W,YOR335C,0,0.93799984,0.09876884520053864,0.7076312899589539,0.6520868539810181
YIL112W,YOR046C,0,0.93793523,0.09875518828630447,0.7076312899589539,0.6521869897842407
YIL124W,YDL102W,0,0.9379146,0.09874153137207031,0.7076312899589539,0.6522870659828186
YDR224C,YBR146W,0,0.93789107,0.09872787445783615,0.7076312899589539,0.6523871421813965
YJL136C,YGR254W,0,0.9378765,0.09871422499418259,0.7076312899589539,0.6524872183799744
YMR091C,YDR071C,1,0.9377688,0.09883881360292435,0.708622395992279,0.6524872183799744
YDR140W,YDL247W,0,0.93776673,0.09882515668869019,0.708622395992279,0.652587354183197
YOR244W,YCR020W-B,1,0.937742,0.09894969314336777,0.7096135020256042,0.652587354183197
YDR265W,YHL050C,0,0.9377137,0.09893602132797241,0.7096135020256042,0.6526874303817749
YBR177C,YHR025W,0,0.93769205,0.09892235696315765,0.7096135020256042,0.6527875065803528
YKL020C,YGL113W,0,0.9376464,0.0989086925983429,0.7096135020256042,0.6528875827789307
YPL143W,YMR005W,0,0.9376372,0.09889502823352814,0.7096135020256042,0.6529877185821533
YKL033W,YDR494W,0,0.93758094,0.09888137131929398,0.7096135020256042,0.6530877947807312
YPR180W,YLR467W,0,0.9375774,0.09886771440505981,0.7096135020256042,0.6531878709793091
YEL070W,YDR315C,0,0.9375562,0.09885406494140625,0.7096135020256042,0.653287947177887
YCL061C,YLR321C,1,0.93752486,0.09897846728563309,0.7106045484542847,0.653287947177887
YOR132W,YER081W,0,0.93749785,0.09896480292081833,0.7106045484542847,0.6533880233764648
YNL246W,YML041C,1,0.9374524,0.09908915311098099,0.7115956544876099,0.6533880233764648
YDR190C,YCL060C,1,0.93744826,0.09921346604824066,0.7125867009162903,0.6533880233764648
YGL064C,YML129C,0,0.9374446,0.09919977933168411,0.7125867009162903,0.6534881591796875
YML091C,YDR195W,0,0.9374446,0.09918609261512756,0.7125867009162903,0.6535882353782654
YPR032W,YLR438C-A,0,0.9374364,0.09917241334915161,0.7125867009162903,0.6536883115768433
YMR239C,YFR013W,1,0.93740517,0.09929665178060532,0.7135778069496155,0.6536883115768433
YOR211C,YMR145C,0,0.93739784,0.09928295761346817,0.7135778069496155,0.6537883877754211
YFR045W,YMR150C,0,0.9373385,0.09926927089691162,0.7135778069496155,0.6538885235786438
YCR098C,YPR171W,0,0.9373116,0.09925558418035507,0.7135778069496155,0.6539885997772217
YMR234W,YLR384C,0,0.93730277,0.09924190491437912,0.7135778069496155,0.6540886759757996
YOR388C,YDL019C,0,0.93729496,0.09922822564840317,0.7135778069496155,0.6541887521743774
YAL010C,YNL192W,0,0.93721056,0.09921455383300781,0.7135778069496155,0.6542888879776001
YGL205W,YNL167C,0,0.937194,0.09920088201761246,0.7135778069496155,0.654388964176178
YGR054W,YCR004C,0,0.93717355,0.0991872176527977,0.7135778069496155,0.6544890403747559
YDR028C,YMR284W,0,0.9371679,0.09917355328798294,0.7135778069496155,0.6545891165733337
YLR083C,YBR080C,0,0.9370997,0.09915989637374878,0.7135778069496155,0.6546891927719116
YBL022C,YML077W,0,0.93703187,0.09914623945951462,0.7135778069496155,0.6547893285751343
YMR130W,YDR439W,0,0.9370243,0.09913258999586105,0.7135778069496155,0.6548894047737122
YNL185C,YLR212C,0,0.93701273,0.09911894053220749,0.7135778069496155,0.65498948097229
YNL006W,YER155C,0,0.9369706,0.09910529851913452,0.7135778069496155,0.6550895571708679
YCL014W,YBL013W,0,0.9368913,0.09909165650606155,0.7135778069496155,0.6551896929740906
YHR020W,YOL100W,0,0.93687624,0.09907802194356918,0.7135778069496155,0.6552897691726685
YLR181C,YGR077C,0,0.9366793,0.09906439483165741,0.7135778069496155,0.6553898453712463
YJR016C,YIR036C,0,0.9366765,0.09905076026916504,0.7135778069496155,0.6554899215698242
YGR101W,YGR174C,0,0.9366688,0.09903714060783386,0.7135778069496155,0.6555900573730469
YJR134C,YER046W,0,0.9365981,0.09902352094650269,0.7135778069496155,0.6556901335716248
YHL003C,YKR028W,0,0.9365932,0.09900990128517151,0.7135778069496155,0.6557902097702026
YMR296C,YKR083C,0,0.9365725,0.09899628907442093,0.7135778069496155,0.6558902859687805
YKR095W,YAL062W,0,0.936554,0.09898267686367035,0.7135778069496155,0.6559903621673584
YDL202W,YDL080C,0,0.9365202,0.09896907210350037,0.7135778069496155,0.656090497970581
YDL002C,YHR056C,1,0.93651915,0.09909290820360184,0.7145688533782959,0.656090497970581
YLR272C,YPR034W,1,0.9365162,0.09921670705080032,0.7155599594116211,0.656090497970581
YGR009C,YJR026W,0,0.93650806,0.09920307993888855,0.7155599594116211,0.6561905741691589
YBR248C,YIL090W,0,0.93647575,0.09918944537639618,0.7155599594116211,0.6562906503677368
YDR412W,YLR007W,0,0.9364412,0.099175825715065,0.7155599594116211,0.6563907265663147
YBR009C,YDR485C,1,0.9364365,0.09929955005645752,0.7165510654449463,0.6563907265663147
YNL091W,YNL308C,0,0.936428,0.09928590804338455,0.7165510654449463,0.6564908623695374
YDR372C,YDL134C,0,0.93634963,0.09927228093147278,0.7165510654449463,0.6565909385681152
YNL059C,YBR195C,1,0.93634826,0.09939593821763992,0.7175421118736267,0.6565909385681152
YDR389W,YFL056C,0,0.936342,0.09938228875398636,0.7175421118736267,0.6566910147666931
YML091C,YCL075W,0,0.9363243,0.09936865419149399,0.7175421118736267,0.656791090965271
YGR208W,YKR095W-A,0,0.93632394,0.09935501217842102,0.7175421118736267,0.6568912267684937
YGR275W,YML069W,1,0.93629247,0.0994785949587822,0.7185332179069519,0.6568912267684937
YNL091W,YPL087W,0,0.936291,0.09946494549512863,0.7185332179069519,0.6569913029670715
YLR019W,YHL028W,0,0.9362289,0.09945130348205566,0.7185332179069519,0.6570913791656494
YDR395W,YLR270W,0,0.93621737,0.0994376614689827,0.7185332179069519,0.6571914553642273
YHR096C,YBR196C,0,0.93621075,0.09942402690649033,0.7185332179069519,0.65729159116745
YDR416W,YBR036C,0,0.9362093,0.09941039234399796,0.7185332179069519,0.6573916673660278
YJR127C,YBL037W,0,0.9362,0.09939676523208618,0.7185332179069519,0.6574917435646057
YML039W,YPR110C,0,0.93613726,0.09938313812017441,0.7185332179069519,0.6575918197631836
YMR002W,YKL053C-A,0,0.9361273,0.09936951845884323,0.7185332179069519,0.6576918959617615
YPR200C,YOL157C,0,0.9361057,0.09935589879751205,0.7185332179069519,0.6577920317649841
YLR449W,YML010W,1,0.9360897,0.0994793102145195,0.7195242643356323,0.6577920317649841
YKR008W,YNL206C,1,0.9359468,0.09960268437862396,0.7205153703689575,0.6577920317649841
YGL196W,YHR058C,0,0.9358676,0.099589042365551,0.7205153703689575,0.657892107963562
YOL135C,YML087C,0,0.9358635,0.09957540035247803,0.7205153703689575,0.6579921841621399
YAL025C,YDR071C,0,0.93581265,0.09956176578998566,0.7205153703689575,0.6580922603607178
YBL091C,YER096W,0,0.9358118,0.09954813122749329,0.7205153703689575,0.6581923961639404
YLR321C,YLR399C,1,0.9358109,0.09967141598463058,0.7215064167976379,0.6581923961639404
YBR231C,YBL003C,1,0.93577427,0.0997946634888649,0.7224975228309631,0.6581923961639404
YJR057W,YJL181W,0,0.9357709,0.09978099912405014,0.7224975228309631,0.6582924723625183
YLR315W,YIL080W,0,0.9357239,0.09976734966039658,0.7224975228309631,0.6583925485610962
YML061C,YJR054W,0,0.9356936,0.09975369274616241,0.7224975228309631,0.6584926247596741
YMR273C,YML082W,0,0.9356441,0.09974004328250885,0.7224975228309631,0.6585927605628967
YOR119C,YLR067C,0,0.93563396,0.09972640126943588,0.7224975228309631,0.6586928367614746
YKR036C,YDR422C,0,0.93556386,0.09971275925636292,0.7224975228309631,0.6587929129600525
YLR364W,YDL240W,0,0.9355586,0.09969912469387054,0.7224975228309631,0.6588929891586304
YAR019C,YOR109W,0,0.9355439,0.09968549013137817,0.7224975228309631,0.6589930653572083
YML004C,YDL059C,0,0.93550503,0.0996718630194664,0.7224975228309631,0.6590932011604309
YMR261C,YCR046C,0,0.9354734,0.09965823590755463,0.7224975228309631,0.6591932773590088
YJL115W,YML109W,1,0.93544585,0.09978130459785461,0.7234886288642883,0.6591932773590088
YNL314W,YBL074C,0,0.9353627,0.09976766258478165,0.7234886288642883,0.6592933535575867
YLR239C,YPR067W,0,0.9353236,0.09975402802228928,0.7234886288642883,0.6593934297561646
YDL087C,YFL013C,0,0.9353129,0.0997404009103775,0.7234886288642883,0.6594935655593872
YMR236W,YGR056W,1,0.93529993,0.09986338764429092,0.7244796752929688,0.6594935655593872
YOR254C,YGL244W,0,0.9352858,0.09984974563121796,0.7244796752929688,0.6595936417579651
YBL034C,YKR020W,0,0.9352802,0.09983611106872559,0.7244796752929688,0.659693717956543
YDR485C,YKR010C,1,0.93526655,0.09995903074741364,0.725470781326294,0.659693717956543
YGL111W,YDL082W,0,0.93525344,0.09994538873434067,0.725470781326294,0.6597937941551208
YJR140C,YGL112C,1,0.93522054,0.10006825625896454,0.7264618277549744,0.6597937941551208
YPR063C,YNL080C,0,0.9352032,0.10005459934473038,0.7264618277549744,0.6598939299583435
YMR044W,YNL246W,1,0.93511325,0.10017742961645126,0.7274529337882996,0.6598939299583435
YHR005C,YKL168C,0,0.9350822,0.10016375780105591,0.7274529337882996,0.6599940061569214
YGR205W,YBR185C,0,0.9350666,0.10015008598566055,0.7274529337882996,0.6600940823554993
YOL009C,YOR074C,0,0.9350189,0.10013642907142639,0.7274529337882996,0.6601941585540771
YML023C,YJL197W,0,0.9349762,0.10012276470661163,0.7274529337882996,0.6602942943572998
YEL016C,YPR135W,0,0.9349748,0.10010910779237747,0.7274529337882996,0.6603943705558777
YLL014W,YGL111W,0,0.93495995,0.10009545832872391,0.7274529337882996,0.6604944467544556
YBR282W,YBR125C,0,0.934958,0.10008180886507034,0.7274529337882996,0.6605945229530334
YJL114W,YOL070C,0,0.9349531,0.10006816685199738,0.7274529337882996,0.6606945991516113
YBR060C,YMR080C,1,0.9349526,0.10019084066152573,0.72844398021698,0.6606945991516113
YHL008C,YLR141W,0,0.934948,0.10017718374729156,0.72844398021698,0.660794734954834
YGL226C-A,YPL176C,0,0.934918,0.100163534283638,0.72844398021698,0.6608948111534119
YPL101W,YMR186W,0,0.93489915,0.10014988481998444,0.72844398021698,0.6609948873519897
YNL080C,YDR399W,0,0.9348229,0.10013624280691147,0.72844398021698,0.6610949635505676
YNL088W,YKR010C,1,0.93481106,0.10025881975889206,0.7294350862503052,0.6610949635505676
YKL045W,YOR127W,0,0.9347176,0.1002451628446579,0.7294350862503052,0.6611950993537903
YMR105C,YFR014C,0,0.93467665,0.10023151338100433,0.7294350862503052,0.6612951755523682
YKL205W,YNL063W,0,0.9346499,0.10021786391735077,0.7294350862503052,0.661395251750946
YDR103W,YDR273W,0,0.9346362,0.1002042219042778,0.7294350862503052,0.6614953279495239
YOR195W,YOL082W,0,0.93463147,0.10019057989120483,0.7294350862503052,0.6615954637527466
YGL151W,YIR014W,0,0.93459404,0.10017694532871246,0.7294350862503052,0.6616955399513245
YGR010W,YLR206W,0,0.93456036,0.10016331076622009,0.7294350862503052,0.6617956161499023
YBL014C,YBR012W-A,0,0.9345076,0.10014968365430832,0.7294350862503052,0.6618956923484802
YLL051C,YMR123W,0,0.93448585,0.10013605654239655,0.7294350862503052,0.6619957685470581
YGR260W,YMR090W,0,0.93445706,0.10012242943048477,0.7294350862503052,0.6620959043502808
YLR200W,YKR054C,0,0.9344412,0.10010881721973419,0.7294350862503052,0.6621959805488586
YDL056W,YMR128W,0,0.9343999,0.10009519755840302,0.7294350862503052,0.6622960567474365
YIL068C,YCL017C,0,0.9343992,0.10008158534765244,0.7294350862503052,0.6623961329460144
YPL154C,YMR285C,0,0.9343839,0.10006798058748245,0.7294350862503052,0.6624962687492371
YJR145C,YER110C,0,0.9342304,0.10005437582731247,0.7294350862503052,0.6625963449478149
YDR279W,YKL144C,0,0.9341929,0.10004077851772308,0.7294350862503052,0.6626964211463928
YDL142C,YKR052C,0,0.93417865,0.1000271812081337,0.7294350862503052,0.6627964973449707
YOR141C,YLR442C,1,0.9341533,0.1001494750380516,0.7304261922836304,0.6627964973449707
YFL001W,YNR028W,0,0.9341356,0.10013587027788162,0.7304261922836304,0.6628966331481934
YOR209C,YGR002C,1,0.93407166,0.10025811940431595,0.7314172387123108,0.6628966331481934
YGR200C,YNR004W,0,0.9340687,0.10024449974298477,0.7314172387123108,0.6629967093467712
YDR246W,YBR211C,0,0.93401253,0.10023088753223419,0.7314172387123108,0.6630967855453491
YMR300C,YDR004W,0,0.93397474,0.10021727532148361,0.7314172387123108,0.663196861743927
YBL025W,YGR271W,0,0.93391585,0.10020366311073303,0.7314172387123108,0.6632969379425049
YOR369C,YDR496C,0,0.9338575,0.10019006580114365,0.7314172387123108,0.6633970737457275
YDR465C,YBR012W-A,0,0.9338565,0.10017646104097366,0.7314172387123108,0.6634971499443054
YBR088C,YLR285W,1,0.93380445,0.10029859095811844,0.732408344745636,0.6634971499443054
YKL212W,YGR061C,0,0.9337108,0.10028497874736786,0.732408344745636,0.6635972261428833
YNL079C,YOL070C,0,0.9336637,0.10027137398719788,0.732408344745636,0.6636973023414612
YDR007W,YPR001W,0,0.9336511,0.1002577692270279,0.732408344745636,0.6637974381446838
YNL027W,YKR083C,0,0.9335855,0.10024416446685791,0.732408344745636,0.6638975143432617
YPL058C,YNL135C,0,0.9335847,0.10023057460784912,0.732408344745636,0.6639975905418396
YGR144W,YGR285C,0,0.9334953,0.10021697729825974,0.732408344745636,0.6640976667404175
YHR114W,YGL139W,0,0.93344027,0.10020338743925095,0.732408344745636,0.6641978025436401
YNL059C,YER083C,0,0.93343204,0.10018980503082275,0.732408344745636,0.664297878742218
YCR107W,YML096W,0,0.9334192,0.10017622262239456,0.732408344745636,0.6643979549407959
YMR234W,YJR084W,0,0.9334144,0.10016264766454697,0.732408344745636,0.6644980311393738
YDR545W,YNR032C-A,0,0.93326896,0.10014907270669937,0.732408344745636,0.6645981669425964
YLR085C,YML102W,1,0.9332135,0.10027100145816803,0.7333993911743164,0.6645981669425964
YJL124C,YDR159W,0,0.9331747,0.10025741904973984,0.7333993911743164,0.6646982431411743
YAR033W,YKL090W,0,0.9331536,0.10024383664131165,0.7333993911743164,0.6647983193397522
YER015W,YKL067W,0,0.93306345,0.10023026168346405,0.7333993911743164,0.6648983955383301
YNL191W,YCR039C,0,0.93302655,0.10021668672561646,0.7333993911743164,0.664998471736908
YHR013C,YKL206C,0,0.9329931,0.10020311176776886,0.7333993911743164,0.6650986075401306
YCL057W,YMR281W,0,0.9329347,0.10018954426050186,0.7333993911743164,0.6651986837387085
YDR363W,YJL076W,1,0.93292016,0.10031136125326157,0.7343904972076416,0.6651986837387085
YFR052W,YEL024W,0,0.93288267,0.10029777884483337,0.7343904972076416,0.6652987599372864
YLR247C,YPR138C,0,0.932819,0.10028420388698578,0.7343904972076416,0.6653988361358643
YOL158C,YOL030W,0,0.93281674,0.10027063637971878,0.7343904972076416,0.6654989719390869
YOR232W,YDL217C,0,0.93248165,0.10025706887245178,0.7343904972076416,0.6655990481376648
YGR229C,YPL154C,0,0.9324603,0.10024350881576538,0.7343904972076416,0.6656991243362427
YNL149C,YDR018C,0,0.93241686,0.10022994875907898,0.7343904972076416,0.6657992005348206
YHR185C,YCL061C,0,0.9324092,0.10021638870239258,0.7343904972076416,0.6658993363380432
YMR256C,YBR272C,0,0.9324084,0.10020283609628677,0.7343904972076416,0.6659994125366211
YDL035C,YPL007C,0,0.9323717,0.10018929094076157,0.7343904972076416,0.666099488735199
YDL217C,YJL033W,0,0.9323463,0.10017574578523636,0.7343904972076416,0.6661995649337769
YER068W,YOR239W,0,0.9323434,0.10016220808029175,0.7343904972076416,0.6662996411323547
YKR048C,YHR056C,1,0.9322868,0.10028382390737534,0.735381543636322,0.6662996411323547
YNL096C,YEL059C-A,0,0.9322516,0.10027027130126953,0.735381543636322,0.6663997769355774
YDL185W,YOR090C,0,0.9322239,0.10025671869516373,0.735381543636322,0.6664998531341553
YLR080W,YJL003W,0,0.93216366,0.10024318099021912,0.735381543636322,0.6665999293327332
YNR061C,YPL156C,0,0.9320765,0.10022963583469391,0.735381543636322,0.666700005531311
YOL125W,YOR020C,0,0.9320084,0.1002160981297493,0.735381543636322,0.6668001413345337
YFR029W,YDL139C,0,0.93195033,0.10020256787538528,0.735381543636322,0.6669002175331116
YPL122C,YMR287C,0,0.9318327,0.10018903762102127,0.735381543636322,0.6670002937316895
YDR263C,YHR086W,0,0.93178535,0.10017550736665726,0.735381543636322,0.6671003699302673
YPR180W,YLR357W,0,0.9316902,0.10016198456287384,0.735381543636322,0.66720050573349
YPR108W,YPR191W,0,0.93157166,0.10014846920967102,0.735381543636322,0.6673005819320679
YGR076C,YHR157W,0,0.9315368,0.1001349538564682,0.735381543636322,0.6674006581306458
YML080W,YHR171W,0,0.9315256,0.10012143850326538,0.735381543636322,0.6675007343292236
YBR049C,YLR268W,0,0.9315079,0.10010793060064316,0.735381543636322,0.6676008701324463
YDR405W,YOR020C,0,0.93150705,0.10009443014860153,0.735381543636322,0.6677009463310242
YAL041W,YOL138C,0,0.9314749,0.1000809296965599,0.735381543636322,0.667801022529602
YOR259C,YIL123W,0,0.931473,0.10006742924451828,0.735381543636322,0.6679010987281799
YNL133C,YBR087W,0,0.93138605,0.10005393624305725,0.735381543636322,0.6680011749267578
YLR466W,YKR071C,0,0.931361,0.10004045069217682,0.735381543636322,0.6681013107299805
YHR181W,YNR067C,0,0.9313446,0.10002696514129639,0.735381543636322,0.6682013869285583
YLR189C,YLR304C,0,0.93132585,0.10001347959041595,0.735381543636322,0.6683014631271362
YPL178W,YFR001W,0,0.93123317,0.10000000149011612,0.735381543636322,0.6684015393257141
YDR456W,YLR181C,0,0.93121463,0.09998652338981628,0.735381543636322,0.6685016751289368
YGL169W,YML095C,0,0.9311698,0.09997305274009705,0.735381543636322,0.6686017513275146
YER046W,YPL133C,0,0.9311664,0.09995958209037781,0.735381543636322,0.6687018275260925
YDR169C,YPL027W,0,0.93116486,0.09994611889123917,0.735381543636322,0.6688019037246704
YLR032W,YMR282C,0,0.9310561,0.09993266314268112,0.735381543636322,0.6689020395278931
YBR231C,YGL004C,0,0.9310303,0.09991919994354248,0.735381543636322,0.669002115726471
YMR201C,YGL006W,0,0.93102556,0.09990575164556503,0.735381543636322,0.6691021919250488
YBR033W,YER161C,0,0.9309644,0.09989229589700699,0.735381543636322,0.6692022681236267
YIL074C,YMR146C,0,0.9309479,0.09987885504961014,0.735381543636322,0.6693023443222046
YHR074W,YBL055C,0,0.9309175,0.09986541420221329,0.735381543636322,0.6694024801254272
YML115C,YIR023W,0,0.9308662,0.09985197335481644,0.735381543636322,0.6695025563240051
YHR204W,YBR273C,0,0.93083256,0.09983853250741959,0.735381543636322,0.669602632522583
YDL021W,YLR312W-A,0,0.9308214,0.09982510656118393,0.735381543636322,0.6697027087211609
YMR128W,YKR095W-A,0,0.9307963,0.09981167316436768,0.735381543636322,0.6698028445243835
YLR208W,YDL197C,0,0.9307714,0.09979825466871262,0.735381543636322,0.6699029207229614
YLR037C,YHR058C,0,0.93075496,0.09978482872247696,0.735381543636322,0.6700029969215393
YAR018C,YBR038W,0,0.9307422,0.0997714102268219,0.735381543636322,0.6701030731201172
YOL026C,YMR281W,0,0.93073803,0.09975799918174744,0.735381543636322,0.6702032089233398
YHR154W,YOR147W,0,0.93063104,0.09974458813667297,0.735381543636322,0.6703032851219177
YKL170W,YKL077W,0,0.9305691,0.09973118454217911,0.735381543636322,0.6704033613204956
YHR047C,YDL225W,0,0.93056303,0.09971778094768524,0.735381543636322,0.6705034375190735
YDR071C,YGR134W,0,0.9305598,0.09970437735319138,0.735381543636322,0.6706035137176514
YKL117W,YOR330C,0,0.9305531,0.0996909812092781,0.735381543636322,0.670703649520874
YJR132W,YNL180C,0,0.9305529,0.09967759251594543,0.735381543636322,0.6708037257194519
YOL093W,YLR315W,0,0.9305083,0.09966420382261276,0.735381543636322,0.6709038019180298
YDR117C,YPL179W,0,0.93048346,0.09965082257986069,0.735381543636322,0.6710038781166077
YHR109W,YFL047W,0,0.9304466,0.09963744133710861,0.735381543636322,0.6711040139198303
YNL185C,YGL157W,0,0.93043417,0.09962406009435654,0.735381543636322,0.6712040901184082
YDR457W,YOL121C,0,0.93036884,0.09961068630218506,0.735381543636322,0.6713041663169861
YMR033W,YDR071C,1,0.93036866,0.09973154217004776,0.7363726496696472,0.6713041663169861
YER142C,YHR051W,0,0.93033403,0.09971816092729568,0.7363726496696472,0.671404242515564
YBR181C,YOR113W,0,0.93032485,0.09970477968454361,0.7363726496696472,0.6715043783187866
YOL109W,YOL065C,0,0.93031746,0.09969139844179153,0.7363726496696472,0.6716044545173645
YDL095W,YKR062W,0,0.93030244,0.09967802464962006,0.7363726496696472,0.6717045307159424
YMR190C,YDL140C,1,0.930206,0.0997987911105156,0.7373637557029724,0.6717045307159424
YGL150C,YML127W,1,0.93014956,0.09991952776908875,0.7383548021316528,0.6717045307159424
YPR178W,YLR390W,0,0.93011796,0.09990613162517548,0.7383548021316528,0.6718046069145203
YKL191W,YHR215W,0,0.93008804,0.09989273548126221,0.7383548021316528,0.6719047427177429
YER049W,YOR272W,0,0.9299497,0.09987933933734894,0.7383548021316528,0.6720048189163208
YKL198C,YMR037C,0,0.92994106,0.09986595064401627,0.7383548021316528,0.6721048951148987
YER185W,YBR040W,0,0.9299125,0.09985256940126419,0.7383548021316528,0.6722049713134766
YML080W,YNL111C,0,0.9298645,0.09983918815851212,0.7383548021316528,0.6723050475120544
YGL133W,YJL127C,1,0.9298202,0.09995979815721512,0.739345908164978,0.6723050475120544
YKL156W,YGL083W,0,0.92981315,0.09994640946388245,0.739345908164978,0.6724051833152771
YOR348C,YIL088C,0,0.9297133,0.09993302077054977,0.739345908164978,0.672505259513855
YOL011W,YMR022W,0,0.92967343,0.0999196320772171,0.739345908164978,0.6726053357124329
YKR105C,YPR001W,0,0.9295996,0.09990625083446503,0.739345908164978,0.6727054119110107
YDR322W,YFL047W,0,0.92959845,0.09989287704229355,0.739345908164978,0.6728055477142334
YDR190C,YER161C,1,0.9295856,0.10001339018344879,0.7403369545936584,0.6728055477142334
YDR064W,YHR028C,0,0.92957914,0.10000000149011612,0.7403369545936584,0.6729056239128113
YIL017W,YML057W,0,0.92954636,0.09998661279678345,0.7403369545936584,0.6730057001113892
YJL191W,YGL103W,0,0.92950994,0.09997323155403137,0.7403369545936584,0.673105776309967
YGR223C,YLR234W,0,0.9294008,0.0999598577618599,0.7403369545936584,0.6732059121131897
YPL120W,YLR450W,0,0.92939824,0.09994648396968842,0.7403369545936584,0.6733059883117676
YJL008C,YPL195W,0,0.9293241,0.09993311017751694,0.7403369545936584,0.6734060645103455
YDR398W,YHR214C-B,0,0.92931896,0.09991974383592606,0.7403369545936584,0.6735061407089233
YMR303C,YHR057C,0,0.9293182,0.09990637749433517,0.7403369545936584,0.6736062169075012
YDR164C,YPL193W,0,0.9293032,0.09989301860332489,0.7403369545936584,0.6737063527107239
YFR005C,YLR289W,0,0.92929274,0.0998796597123146,0.7403369545936584,0.6738064289093018
YOR117W,YLL041C,0,0.92927736,0.09986630827188492,0.7403369545936584,0.6739065051078796
YNL191W,YDL128W,0,0.9292709,0.09985296428203583,0.7403369545936584,0.6740065813064575
YJL219W,YGR295C,0,0.9292076,0.09983961284160614,0.7403369545936584,0.6741067171096802
YDL105W,YNL246W,1,0.9290825,0.09995990991592407,0.7413280606269836,0.6741067171096802
YPL177C,YKR035W-A,0,0.92907643,0.09994655102491379,0.7413280606269836,0.6742067933082581
YDL106C,YAL048C,0,0.9290634,0.0999331995844841,0.7413280606269836,0.6743068695068359
YBR170C,YDR227W,0,0.9290178,0.09991984814405441,0.7413280606269836,0.6744069457054138
YGR010W,YDR369C,0,0.929002,0.09990650415420532,0.7413280606269836,0.6745070815086365
YPL140C,YBR264C,0,0.928975,0.09989316016435623,0.7413280606269836,0.6746071577072144
YMR296C,YLR088W,0,0.92897475,0.09987982362508774,0.7413280606269836,0.6747072339057922
YER019C-A,YOR283W,0,0.9288799,0.09986648708581924,0.7413280606269836,0.6748073101043701
YNL271C,YGL063W,0,0.92870015,0.09985315799713135,0.7413280606269836,0.6749074459075928
YPL274W,YOL042W,0,0.9286824,0.09983982890844345,0.7413280606269836,0.6750075221061707
YLR399C,YML065W,1,0.92866564,0.09995996206998825,0.7423191070556641,0.6750075221061707
YDR167W,YGR252W,0,0.9286117,0.09994662553071976,0.7423191070556641,0.6751075983047485
YEL043W,YBR145W,0,0.9285546,0.09993328899145126,0.7423191070556641,0.6752076745033264
YLR367W,YPL022W,0,0.9284985,0.09991995990276337,0.7423191070556641,0.6753077507019043
YJR092W,YPL061W,0,0.92847013,0.09990663081407547,0.7423191070556641,0.675407886505127
YOL084W,YML107C,0,0.92842144,0.09989330172538757,0.7423191070556641,0.6755079627037048
YOR215C,YOR060C,0,0.92841595,0.09987998753786087,0.7423191070556641,0.6756080389022827
YBR295W,YGR062C,0,0.9283163,0.09986666589975357,0.7423191070556641,0.6757081151008606
YPL122C,YDR007W,0,0.9282015,0.09985335171222687,0.7423191070556641,0.6758082509040833
YMR059W,YPR182W,0,0.9281975,0.09984004497528076,0.7423191070556641,0.6759083271026611
YJR130C,YNL166C,0,0.9281829,0.09982673823833466,0.7423191070556641,0.676008403301239
YDL190C,YBL026W,0,0.9281827,0.09981343150138855,0.7423191070556641,0.6761084794998169
YGL237C,YOR330C,0,0.9280907,0.09980013221502304,0.7423191070556641,0.6762086153030396
YLL017W,YBR040W,0,0.92803884,0.09978684037923813,0.7423191070556641,0.6763086915016174
YMR246W,YER114C,0,0.9280278,0.09977354109287262,0.7423191070556641,0.6764087677001953
YOR253W,YBR040W,0,0.9280127,0.0997602567076683,0.7423191070556641,0.6765088438987732
YCR106W,YDL145C,0,0.9279842,0.09974697232246399,0.7423191070556641,0.6766089200973511
YOL067C,YGL113W,0,0.9279574,0.09973368793725967,0.7423191070556641,0.6767090559005737
YDR412W,YLR419W,0,0.92794603,0.09972041100263596,0.7423191070556641,0.6768091320991516
YML047C,YGL050W,0,0.92794067,0.09970713406801224,0.7423191070556641,0.6769092082977295
YOR241W,YCR037C,0,0.9279164,0.09969386458396912,0.7423191070556641,0.6770092844963074
YDR363W-A,YDR490C,0,0.92783237,0.099680595099926,0.7423191070556641,0.67710942029953
YBL008W,YGR221C,1,0.9278191,0.09980040043592453,0.7433102130889893,0.67710942029953
YBR273C,YCR028C,0,0.9278039,0.09978712350130081,0.7433102130889893,0.6772094964981079
YOL011W,YKL007W,0,0.92776984,0.0997738465666771,0.7433102130889893,0.6773095726966858
YAL017W,YDL069C,0,0.92767715,0.09976057708263397,0.7433102130889893,0.6774096488952637
YLR083C,YGL028C,0,0.927677,0.09974730759859085,0.7433102130889893,0.6775097846984863
YBL008W,YKL049C,1,0.927674,0.09986702352762222,0.7443012595176697,0.6775097846984863
YBL008W,YIL131C,1,0.9276685,0.09998670220375061,0.7452923655509949,0.6775097846984863
YJR102C,YGR244C,0,0.92762893,0.0999734103679657,0.7452923655509949,0.6776098608970642
YCR052W,YDR190C,1,0.92761606,0.1000930443406105,0.7462834715843201,0.6776098608970642
YLR189C,YCR026C,0,0.9276017,0.100079745054245,0.7462834715843201,0.6777099370956421
YKL032C,YNL062C,0,0.9275326,0.10006644576787949,0.7462834715843201,0.67781001329422
YKR044W,YHR044C,0,0.9274879,0.10005314648151398,0.7462834715843201,0.6779100894927979
YDR087C,YHR197W,0,0.92746407,0.10003985464572906,0.7462834715843201,0.6780102252960205
YHR205W,YKL144C,0,0.9274464,0.10002657026052475,0.7462834715843201,0.6781103014945984
YKL090W,YNR011C,0,0.9274019,0.10001327842473984,0.7462834715843201,0.6782103776931763
YKL197C,YHR086W,0,0.9273636,0.10000000149011612,0.7462834715843201,0.6783104538917542
YHL027W,YNL076W,0,0.9273338,0.0999867245554924,0.7462834715843201,0.6784105896949768
YER112W,YLR045C,0,0.92731655,0.09997344762086868,0.7462834715843201,0.6785106658935547
YDR246W,YDL105W,0,0.9272944,0.09996017813682556,0.7462834715843201,0.6786107420921326
YER029C,YJR042W,0,0.927215,0.09994690865278244,0.7462834715843201,0.6787108182907104
YBR009C,YOL090W,1,0.92714566,0.10006635636091232,0.7472745180130005,0.6787108182907104
YJL164C,YPL134C,0,0.92713153,0.1000530794262886,0.7472745180130005,0.6788109540939331
YMR065W,YCR057C,0,0.92712694,0.10003980249166489,0.7472745180130005,0.678911030292511
YLR449W,YML109W,1,0.9271003,0.10015919059515,0.7482656240463257,0.678911030292511
YMR205C,YIL018W,0,0.9270999,0.10014590620994568,0.7482656240463257,0.6790111064910889
YFR031C,YAL058W,0,0.92709416,0.10013262927532196,0.7482656240463257,0.6791111826896667
YDR225W,YBR289W,1,0.9270507,0.10025195777416229,0.7492566704750061,0.6791111826896667
YBR193C,YLR164W,0,0.92704034,0.10023866593837738,0.7492566704750061,0.6792113184928894
YDR485C,YDL197C,1,0.9270305,0.10035794973373413,0.7502477765083313,0.6792113184928894
YMR094W,YNL261W,0,0.92703,0.10034464299678802,0.7502477765083313,0.6793113946914673
YDR400W,YIL170W,0,0.92702776,0.10033134371042252,0.7502477765083313,0.6794114708900452
YNL118C,YBL041W,0,0.9270228,0.1003180518746376,0.7502477765083313,0.679511547088623
YCL014W,YFR040W,0,0.92701846,0.10030476003885269,0.7502477765083313,0.6796116232872009
YBR207W,YGR029W,0,0.92698085,0.10029146820306778,0.7502477765083313,0.6797117590904236
YLR037C,YGR156W,0,0.9269369,0.10027818381786346,0.7502477765083313,0.6798118352890015
YPL259C,YOL129W,0,0.9269226,0.10026489943265915,0.7502477765083313,0.6799119114875793
YDR532C,YGL203C,0,0.92690414,0.10025162249803543,0.7502477765083313,0.6800119876861572
YKR007W,YMR188C,0,0.92690223,0.10023834556341171,0.7502477765083313,0.6801121234893799
YNL078W,YFL047W,0,0.92690194,0.10022507607936859,0.7502477765083313,0.6802121996879578
YDL081C,YGR174C,0,0.92688465,0.10021180659532547,0.7502477765083313,0.6803122758865356
YMR308C,YIL095W,0,0.92687964,0.10019854456186295,0.7502477765083313,0.6804123520851135
YAL029C,YKL173W,0,0.9268698,0.10018528252840042,0.7502477765083313,0.6805124878883362
YJR160C,YPL259C,0,0.9268649,0.1001720279455185,0.7502477765083313,0.6806125640869141
YNL020C,YBR078W,0,0.9268055,0.10015877336263657,0.7502477765083313,0.6807126402854919
YLR196W,YLR276C,0,0.92678946,0.10014551877975464,0.7502477765083313,0.6808127164840698
YNL054W,YNL020C,0,0.92673844,0.10013227164745331,0.7502477765083313,0.6809127926826477
YKL093W,YMR318C,0,0.92670727,0.10011903196573257,0.7502477765083313,0.6810129284858704
YMR128W,YJR006W,0,0.9266996,0.10010579228401184,0.7502477765083313,0.6811130046844482
YKR064W,YKL067W,0,0.92668086,0.10009255260229111,0.7502477765083313,0.6812130808830261
YDL216C,YPL112C,0,0.9266524,0.10007932037115097,0.7502477765083313,0.681313157081604
YCR075C,YMR090W,0,0.9266317,0.10006609559059143,0.7502477765083313,0.6814132928848267
YNR048W,YDR332W,0,0.9266193,0.10005287081003189,0.7502477765083313,0.6815133690834045
YMR237W,YDR268W,0,0.92652285,0.10003964602947235,0.7502477765083313,0.6816134452819824
YBR233W-A,YEL019C,0,0.9265078,0.10002642869949341,0.7502477765083313,0.6817135214805603
YNL189W,YDL070W,0,0.92647874,0.10001321136951447,0.7502477765083313,0.681813657283783
YDL198C,YDR296W,0,0.9264781,0.10000000149011612,0.7502477765083313,0.6819137334823608
YGL084C,YOR060C,0,0.9263805,0.09998679161071777,0.7502477765083313,0.6820138096809387
YKL140W,YNL331C,0,0.9263669,0.09997358918190002,0.7502477765083313,0.6821138858795166
YDR436W,YBL060W,0,0.9263163,0.09996038675308228,0.7502477765083313,0.6822140216827393
YGL158W,YGL025C,0,0.9262831,0.09994718432426453,0.7502477765083313,0.6823140978813171
YBR060C,YKR008W,1,0.92626584,0.10006600618362427,0.7512388229370117,0.6823140978813171
YMR211W,YDR390C,0,0.9262443,0.10005279630422592,0.7512388229370117,0.682414174079895
YCR096C,YGL085W,0,0.9262414,0.10003959387540817,0.7512388229370117,0.6825142502784729
YGL168W,YOL120C,0,0.926214,0.10002639144659042,0.7512388229370117,0.6826143264770508
YPL028W,YCR012W,0,0.9262089,0.10001319646835327,0.7512388229370117,0.6827144622802734
YBL002W,YBR010W,1,0.9261867,0.10013192892074585,0.7522299289703369,0.6827144622802734
YDL085W,YAL020C,0,0.92614317,0.1001187190413475,0.7522299289703369,0.6828145384788513
YLR188W,YGR177C,0,0.926116,0.10010551661252975,0.7522299289703369,0.6829146146774292
YBL112C,YDL124W,0,0.9260366,0.100092314183712,0.7522299289703369,0.6830146908760071
YDL190C,YHL003C,0,0.92594945,0.10007911175489426,0.7522299289703369,0.6831148266792297
YML034W,YMR267W,0,0.92593664,0.1000659167766571,0.7522299289703369,0.6832149028778076
YBR240C,YNL135C,0,0.9259347,0.10005272924900055,0.7522299289703369,0.6833149790763855
YPL122C,YDR245W,0,0.92591906,0.100039541721344,0.7522299289703369,0.6834150552749634
YMR072W,YLR032W,0,0.92589694,0.10002635419368744,0.7522299289703369,0.683515191078186
YLR221C,YNL268W,0,0.92588085,0.10001317411661148,0.7522299289703369,0.6836152672767639
YGL049C,YOR027W,0,0.92586416,0.10000000149011612,0.7522299289703369,0.6837153434753418
YDL039C,YGL078C,0,0.9258115,0.09998682886362076,0.7522299289703369,0.6838154196739197
YIL155C,YDR096W,0,0.9258003,0.0999736562371254,0.7522299289703369,0.6839154958724976
YBL052C,YBR048W,0,0.9257973,0.09996049106121063,0.7522299289703369,0.6840156316757202
YFL001W,YMR282C,0,0.92573535,0.09994732588529587,0.7522299289703369,0.6841157078742981
YMR160W,YJR055W,0,0.9257273,0.0999341681599617,0.7522299289703369,0.684215784072876
YMR308C,YKR027W,0,0.9256688,0.09992101043462753,0.7522299289703369,0.6843158602714539
YLR154C,YNL110C,0,0.92564386,0.09990786015987396,0.7522299289703369,0.6844159960746765
YIL093C,YHR108W,0,0.925578,0.09989470988512039,0.7522299289703369,0.6845160722732544
YCL001W,YBR211C,0,0.92554116,0.09988156706094742,0.7522299289703369,0.6846161484718323
YGR167W,YNL267W,0,0.925502,0.09986842423677444,0.7522299289703369,0.6847162246704102
YFL029C,YMR100W,0,0.92547303,0.09985528141260147,0.7522299289703369,0.6848163604736328
YDR393W,YBL037W,0,0.9254508,0.0998421460390091,0.7522299289703369,0.6849164366722107
YMR211W,YPR128C,0,0.925397,0.09982901811599731,0.7522299289703369,0.6850165128707886
YEL036C,YGR046W,0,0.92538774,0.09981588274240494,0.7522299289703369,0.6851165890693665
YNR006W,YDR368W,0,0.92537266,0.09980276226997375,0.7522299289703369,0.6852166652679443
YHR116W,YMR204C,0,0.9253622,0.09978964179754257,0.7522299289703369,0.685316801071167
YJL046W,YEL015W,0,0.9252756,0.09977652132511139,0.7522299289703369,0.6854168772697449
YPL129W,YER161C,1,0.9252446,0.09989484399557114,0.7532210350036621,0.6854168772697449
YLR191W,YML116W,0,0.9252027,0.09988171607255936,0.7532210350036621,0.6855169534683228
YPL115C,YLR246W,0,0.92518437,0.09986859560012817,0.7532210350036621,0.6856170296669006
YMR304W,YDR238C,0,0.92515814,0.09985547512769699,0.7532210350036621,0.6857171654701233
YDR513W,YJL081C,0,0.9251558,0.09984235465526581,0.7532210350036621,0.6858172416687012
YDL080C,YPL234C,0,0.9251553,0.09982924163341522,0.7532210350036621,0.685917317867279
YDL100C,YDR226W,0,0.9251506,0.09981612861156464,0.7532210350036621,0.6860173940658569
YJL171C,YKL059C,0,0.925087,0.09980302304029465,0.7532210350036621,0.6861175298690796
YMR262W,YKL069W,0,0.925023,0.09978991746902466,0.7532210350036621,0.6862176060676575
YAL048C,YMR094W,0,0.92499363,0.09977681189775467,0.7532210350036621,0.6863176822662354
YPR096C,YCR038C,0,0.9249799,0.09976372122764587,0.7532210350036621,0.6864177584648132
YOR075W,YEL053C,0,0.92496485,0.09975062310695648,0.7532210350036621,0.6865178942680359
YLR330W,YER017C,0,0.9249505,0.09973753243684769,0.7532210350036621,0.6866179704666138
YPL097W,YNL070W,0,0.92492485,0.09972444921731949,0.7532210350036621,0.6867180466651917
YLL016W,YDR075W,0,0.92486835,0.0997113585472107,0.7532210350036621,0.6868181228637695
YNL288W,YLR172C,0,0.9248444,0.09969828277826309,0.7532210350036621,0.6869181990623474
YML018C,YNL136W,0,0.92484283,0.09968520700931549,0.7532210350036621,0.6870183348655701
YOL059W,YML115C,0,0.92481464,0.09967213124036789,0.7532210350036621,0.687118411064148
YNL258C,YDR064W,0,0.92474294,0.09965906292200089,0.7532210350036621,0.6872184872627258
YLR103C,YML069W,1,0.9246768,0.09977710992097855,0.7542120814323425,0.6872184872627258
YMR044W,YML109W,1,0.92464125,0.09989511966705322,0.7552031874656677,0.6872184872627258
YER040W,YPL155C,0,0.9245167,0.09988202899694443,0.7552031874656677,0.6873185634613037
YKL134C,YLR404W,0,0.924503,0.09986893832683563,0.7552031874656677,0.6874186992645264
YER056C-A,YMR267W,0,0.92440677,0.09985584765672684,0.7552031874656677,0.6875187754631042
YHR001W-A,YER155C,0,0.9243522,0.09984276443719864,0.7552031874656677,0.6876188516616821
YGL222C,YOR270C,0,0.92434525,0.09982968866825104,0.7552031874656677,0.68771892786026
YML011C,YLL002W,0,0.9243227,0.09981661289930344,0.7552031874656677,0.6878190636634827
YDR110W,YBR089C-A,1,0.92431164,0.09993451088666916,0.7561942338943481,0.6878190636634827
YPL203W,YNR007C,0,0.9242617,0.09992142766714096,0.7561942338943481,0.6879191398620605
YHR031C,YEL015W,0,0.92425627,0.09990834444761276,0.7561942338943481,0.6880192160606384
YIL014W,YDR174W,0,0.9242538,0.09989526122808456,0.7561942338943481,0.6881192922592163
YAR042W,YBL007C,0,0.92425287,0.09988218545913696,0.7561942338943481,0.6882193684577942
YGR281W,YNL073W,0,0.9242485,0.09986910969018936,0.7561942338943481,0.6883195042610168
YLR093C,YGR222W,0,0.92423683,0.09985604137182236,0.7561942338943481,0.6884195804595947
YKL081W,YDR393W,0,0.92421675,0.09984297305345535,0.7561942338943481,0.6885196566581726
YLR228C,YDR168W,0,0.9241735,0.09982991218566895,0.7561942338943481,0.6886197328567505
YCR075C,YHR210C,0,0.92415315,0.09981685131788254,0.7561942338943481,0.6887198686599731
YBR182C,YLR191W,0,0.92407787,0.09980379045009613,0.7561942338943481,0.688819944858551
YDR495C,YKR068C,0,0.924075,0.09979073703289032,0.7561942338943481,0.6889200210571289
YAL021C,YDR014W,0,0.9240436,0.0997776910662651,0.7561942338943481,0.6890200972557068
YMR262W,YNL261W,0,0.92400885,0.09976464509963989,0.7561942338943481,0.6891202330589294
YGR179C,YBL013W,0,0.92399716,0.09975159913301468,0.7561942338943481,0.6892203092575073
YGL037C,YJR028W,0,0.92396337,0.09973856061697006,0.7561942338943481,0.6893203854560852
YHR201C,YDR332W,0,0.92394423,0.09972552955150604,0.7561942338943481,0.6894204616546631
YGR274C,YIR014W,0,0.92387044,0.09971249103546143,0.7561942338943481,0.6895205974578857
YNL059C,YMR239C,1,0.9237854,0.09983012825250626,0.7571853399276733,0.6895205974578857
YGL210W,YGR122W,0,0.92370266,0.09981708973646164,0.7571853399276733,0.6896206736564636
YLR265C,YDL246C,0,0.9236612,0.09980405122041702,0.7571853399276733,0.6897207498550415
YGL115W,YHL016C,0,0.9236568,0.0997910127043724,0.7571853399276733,0.6898208260536194
YOR262W,YOR172W,0,0.9236072,0.09977798163890839,0.7571853399276733,0.6899209022521973
YMR025W,YNL076W,0,0.92360216,0.09976495057344437,0.7571853399276733,0.6900210380554199
YLR095C,YFL049W,1,0.9235785,0.09988249093294144,0.7581763863563538,0.6900210380554199
YJR151C,YDL045W-A,0,0.9235545,0.09986945241689682,0.7581763863563538,0.6901211142539978
YIR009W,YDR359C,0,0.9234629,0.0998564139008522,0.7581763863563538,0.6902211904525757
YCR031C,YGL148W,0,0.92346287,0.09984338283538818,0.7581763863563538,0.6903212666511536
YKR008W,YPR125W,0,0.9234317,0.09983035176992416,0.7581763863563538,0.6904214024543762
YMR322C,YIL075C,0,0.9234265,0.09981732815504074,0.7581763863563538,0.6905214786529541
YLR208W,YKR061W,0,0.9233898,0.09980430454015732,0.7581763863563538,0.690621554851532
YDR530C,YLL022C,0,0.9233484,0.09979128837585449,0.7581763863563538,0.6907216310501099
YDL106C,YIL170W,0,0.92334694,0.09977827221155167,0.7581763863563538,0.6908217668533325
YGL122C,YKL200C,0,0.9233424,0.09976525604724884,0.7581763863563538,0.6909218430519104
YFR045W,YDR422C,0,0.9233421,0.09975224733352661,0.7581763863563538,0.6910219192504883
YBL091C-A,YKL059C,0,0.9233314,0.09973924607038498,0.7581763863563538,0.6911219954490662
YML042W,YLR266C,0,0.9233179,0.09972624480724335,0.7581763863563538,0.691222071647644
YAL022C,YPR149W,0,0.92327946,0.09971324354410172,0.7581763863563538,0.6913222074508667
YMR211W,YCR045C,0,0.92327553,0.09970024973154068,0.7581763863563538,0.6914222836494446
YPR199C,YJL058C,0,0.9232187,0.09968725591897964,0.7581763863563538,0.6915223598480225
YNL046W,YAL030W,0,0.92317986,0.0996742695569992,0.7581763863563538,0.6916224360466003
YDR071C,YGR252W,0,0.92315876,0.09966128319501877,0.7581763863563538,0.691722571849823
YIL120W,YDR317W,0,0.9231385,0.09964829683303833,0.7581763863563538,0.6918226480484009
YHR056C,YPL154C,0,0.92311364,0.09963532537221909,0.7581763863563538,0.6919227242469788
YOR175C,YER180C,0,0.92307353,0.09962234646081924,0.7581763863563538,0.6920228004455566
YDR148C,YDR079W,0,0.92306256,0.099609375,0.7581763863563538,0.6921229362487793
YNR070W,YHR069C,0,0.92305607,0.09959640353918076,0.7581763863563538,0.6922230124473572
YKL189W,YKL002W,0,0.923047,0.09958343952894211,0.7581763863563538,0.6923230886459351
YMR239C,YML109W,1,0.9230158,0.09970063716173172,0.759167492389679,0.6923230886459351
YDR362C,YDR013W,0,0.9229946,0.09968766570091248,0.759167492389679,0.6924231648445129
YBR158W,YDL119C,0,0.9229687,0.09967469424009323,0.759167492389679,0.6925233006477356
YFR047C,YLR096W,0,0.9229247,0.09966172277927399,0.759167492389679,0.6926233768463135
YAL017W,YOR381W,0,0.9227575,0.09964875876903534,0.759167492389679,0.6927234530448914
YBL069W,YKR072C,0,0.9227351,0.09963579475879669,0.759167492389679,0.6928235292434692
YBR034C,YDL229W,0,0.9227331,0.09962283819913864,0.759167492389679,0.6929236054420471
YCR020W-B,YJL194W,1,0.9225404,0.0997399240732193,0.7601585984230042,0.6929236054420471
YOL031C,YER020W,0,0.92253906,0.09972695261240005,0.7601585984230042,0.6930237412452698
YBR005W,YJR046W,0,0.92252445,0.09971398860216141,0.7601585984230042,0.6931238174438477
YER162C,YEL006W,0,0.9224384,0.09970102459192276,0.7601585984230042,0.6932238936424255
YFL045C,YNL147W,0,0.9223527,0.09968806803226471,0.7601585984230042,0.6933239698410034
YIR017C,YML006C,0,0.9223408,0.09967511147260666,0.7601585984230042,0.6934241056442261
YOR356W,YPR055W,0,0.92230946,0.0996621623635292,0.7601585984230042,0.693524181842804
YHR073W,YJL052W,0,0.92230135,0.09964921325445175,0.7601585984230042,0.6936242580413818
YIL126W,YJR042W,0,0.9221786,0.0996362715959549,0.7601585984230042,0.6937243342399597
YAL031C,YCL054W,0,0.9220671,0.09962332993745804,0.7601585984230042,0.6938244700431824
YMR264W,YOR069W,0,0.922064,0.09961038827896118,0.7601585984230042,0.6939245462417603
YBR281C,YKL166C,0,0.9220494,0.09959745407104492,0.7601585984230042,0.6940246224403381
YGR167W,YPL193W,0,0.92203605,0.09958451986312866,0.7601585984230042,0.694124698638916
YMR065W,YMR322C,0,0.9220073,0.099571593105793,0.7601585984230042,0.6942247748374939
YDR456W,YER048W-A,0,0.921943,0.09955867379903793,0.7601585984230042,0.6943249106407166
YMR173W,YOR018W,0,0.92179585,0.09954574704170227,0.7601585984230042,0.6944249868392944
YMR127C,YCR020W-B,1,0.9217584,0.09966260194778442,0.7611496448516846,0.6944249868392944
YBR074W,YKL135C,0,0.9217124,0.09964966773986816,0.7611496448516846,0.6945250630378723
YGR104C,YLR363C,0,0.92166513,0.0996367409825325,0.7611496448516846,0.6946251392364502
YDR296W,YMR226C,0,0.9216194,0.09962381422519684,0.7611496448516846,0.6947252750396729
YOR285W,YLR042C,0,0.921608,0.09961089491844177,0.7611496448516846,0.6948253512382507
YOL067C,YBR141C,0,0.921571,0.0995979756116867,0.7611496448516846,0.6949254274368286
YDL197C,YGR056W,1,0.921569,0.0997147336602211,0.7621407508850098,0.6949254274368286
YOL061W,YDR229W,0,0.92156184,0.09970179945230484,0.7621407508850098,0.6950255036354065
YLR312W-A,YGL189C,0,0.92155,0.09968888014554977,0.7621407508850098,0.6951256394386292
YLR176C,YLR073C,0,0.92152137,0.09967595338821411,0.7621407508850098,0.695225715637207
YGR113W,YDL006W,0,0.92151856,0.09966304153203964,0.7621407508850098,0.6953257918357849
YGL158W,YOR237W,0,0.9214702,0.09965012222528458,0.7621407508850098,0.6954258680343628
YOR384W,YNL073W,0,0.9214273,0.09963721036911011,0.7621407508850098,0.6955259442329407
YOL124C,YNR031C,0,0.92132163,0.09962430596351624,0.7621407508850098,0.6956260800361633
YNL084C,YPL018W,0,0.9212998,0.09961140155792236,0.7621407508850098,0.6957261562347412
YJL033W,YDR410C,0,0.921296,0.09959849715232849,0.7621407508850098,0.6958262324333191
YOL055C,YDL101C,0,0.92127544,0.09958560019731522,0.7621407508850098,0.695926308631897
YJL106W,YNR060W,0,0.921249,0.09957270324230194,0.7621407508850098,0.6960264444351196
YKR044W,YHL021C,0,0.9211738,0.09955981373786926,0.7621407508850098,0.6961265206336975
YJL110C,YLR396C,0,0.9211325,0.09954692423343658,0.7621407508850098,0.6962265968322754
YMR239C,YIL108W,0,0.9211162,0.0995340421795845,0.7621407508850098,0.6963266730308533
YMR195W,YGL251C,0,0.92111397,0.09952116012573242,0.7621407508850098,0.6964268088340759
YHR047C,YOL062C,0,0.9210624,0.09950827807188034,0.7621407508850098,0.6965268850326538
YKL212W,YMR194W,0,0.9210118,0.09949540346860886,0.7621407508850098,0.6966269612312317
YBL090W,YDL029W,0,0.9209705,0.09948253631591797,0.7621407508850098,0.6967270374298096
YPL171C,YHR077C,0,0.92095065,0.09946966916322708,0.7621407508850098,0.6968271732330322
YIL133C,YHR132C,0,0.92092794,0.0994568020105362,0.7621407508850098,0.6969272494316101
YNL031C,YNL206C,1,0.9209253,0.09957325458526611,0.7631317973136902,0.6969272494316101
YIL173W,YER093C,0,0.920902,0.09956037998199463,0.7631317973136902,0.697027325630188
YML057W,YBR240C,0,0.9208699,0.09954751282930374,0.7631317973136902,0.6971274018287659
YGR027C,YDL166C,0,0.9208093,0.09953464567661285,0.7631317973136902,0.6972274780273438
YBR087W,YGR199W,0,0.9207361,0.09952177852392197,0.7631317973136902,0.6973276138305664
YLR385C,YBR289W,1,0.9207258,0.09963814914226532,0.7641229033470154,0.6973276138305664
YOL006C,YGR002C,1,0.9207054,0.09975448995828629,0.7651139497756958,0.6973276138305664
YAR042W,YER145C,0,0.9206617,0.09974160045385361,0.7651139497756958,0.6974276900291443
YOR233W,YDR520C,0,0.92064905,0.09972871840000153,0.7651139497756958,0.6975277662277222
YBR202W,YBL088C,0,0.9205497,0.09971583634614944,0.7651139497756958,0.6976278424263
YIR017C,YNL029C,0,0.92049414,0.09970295429229736,0.7651139497756958,0.6977279782295227
YPR162C,YOR279C,1,0.9203981,0.09981921315193176,0.766105055809021,0.6977279782295227
YIL131C,YAL011W,1,0.92039686,0.09993544220924377,0.7670961618423462,0.6977279782295227
YDR297W,YAL053W,0,0.9203789,0.0999225378036499,0.7670961618423462,0.6978280544281006
YOR216C,YBR243C,0,0.92032164,0.09990964084863663,0.7670961618423462,0.6979281306266785
YLL022C,YJL076W,1,0.92018616,0.10002581030130386,0.7680872082710266,0.6979281306266785
YDR369C,YER100W,0,0.9201709,0.10001290589570999,0.7680872082710266,0.6980282068252563
YPR182W,YKR031C,0,0.9201382,0.10000000149011612,0.7680872082710266,0.698128342628479
YEL038W,YLR328W,0,0.92010957,0.09998709708452225,0.7680872082710266,0.6982284188270569
YCL063W,YDL123W,0,0.92007935,0.09997420012950897,0.7680872082710266,0.6983284950256348
YAL048C,YJL200C,0,0.9200606,0.0999613031744957,0.7680872082710266,0.6984285712242126
YBR112C,YBL052C,1,0.9199799,0.10007737576961517,0.7690783143043518,0.6984285712242126
YML032C,YKR068C,0,0.9199319,0.1000644713640213,0.7690783143043518,0.6985286474227905
YPR133W-A,YAL051W,0,0.91988677,0.10005157440900803,0.7690783143043518,0.6986287832260132
YKL017C,YML073C,0,0.9198129,0.10003867745399475,0.7690783143043518,0.6987288594245911
YBL031W,YOL018C,0,0.9198011,0.10002578049898148,0.7690783143043518,0.698828935623169
YDL114W,YLR394W,0,0.9197674,0.1000128909945488,0.7690783143043518,0.6989290118217468
YLL004W,YFR013W,1,0.91971755,0.10012886673212051,0.7700693607330322,0.6989290118217468
YDR201W,YCR060W,0,0.9196884,0.10011596232652664,0.7700693607330322,0.6990291476249695
YOL139C,YMR285C,0,0.91965497,0.10010306537151337,0.7700693607330322,0.6991292238235474
YKR002W,YAL054C,0,0.9196334,0.10009016841650009,0.7700693607330322,0.6992293000221252
YML109W,YNL206C,1,0.9195451,0.10020607709884644,0.7710604667663574,0.6992293000221252
YHR154W,YPR189W,0,0.9194283,0.10019317269325256,0.7710604667663574,0.6993293762207031
YLL019C,YER002W,0,0.91939527,0.10018027573823929,0.7710604667663574,0.6994295120239258
YGR082W,YNR006W,0,0.91936475,0.10016737133264542,0.7710604667663574,0.6995295882225037
YOR001W,YNL247W,0,0.91935396,0.10015448182821274,0.7710604667663574,0.6996296644210815
YOR159C,YLR006C,0,0.9193403,0.10014158487319946,0.7710604667663574,0.6997297406196594
YOR066W,YBL063W,0,0.9193355,0.10012870281934738,0.7710604667663574,0.6998298764228821
YMR048W,YGR263C,0,0.9193177,0.1001158133149147,0.7710604667663574,0.69992995262146
YKR077W,YKL190W,0,0.9192203,0.10010293126106262,0.7710604667663574,0.7000300288200378
YGL092W,YNL216W,0,0.9192063,0.10009005665779114,0.7710604667663574,0.7001301050186157
YOR065W,YFR014C,0,0.91919476,0.10007718205451965,0.7710604667663574,0.7002301812171936
YDL124W,YNL317W,0,0.9191685,0.10006430745124817,0.7710604667663574,0.7003303170204163
YNL135C,YML070W,0,0.91915685,0.10005144029855728,0.7710604667663574,0.7004303932189941
YDR265W,YFL037W,0,0.91909426,0.1000385731458664,0.7710604667663574,0.700530469417572
YOR038C,YBR195C,1,0.9189749,0.10015428066253662,0.7720515131950378,0.700530469417572
YOR080W,YLR385C,0,0.9189689,0.10014140605926514,0.7720515131950378,0.7006305456161499
YKR010C,YBR198C,1,0.9189138,0.10025706887245178,0.773042619228363,0.7006305456161499
YHR023W,YDL097C,0,0.9188974,0.1002441868185997,0.773042619228363,0.7007306814193726
YLR323C,YAR018C,0,0.91884446,0.10023130476474762,0.773042619228363,0.7008307576179504
YDL105W,YLR033W,1,0.9188414,0.10034690797328949,0.7740337252616882,0.7008307576179504
YJR130C,YPL280W,0,0.9188292,0.10033401846885681,0.7740337252616882,0.7009308338165283
YNL164C,YIL026C,0,0.9188017,0.10032112896442413,0.7740337252616882,0.7010309100151062
YER025W,YOR244W,0,0.91877717,0.10030824691057205,0.7740337252616882,0.7011310458183289
YKR014C,YHR108W,0,0.91874725,0.10029536485671997,0.7740337252616882,0.7012311220169067
YOL057W,YLR306W,0,0.9187205,0.10028248280286789,0.7740337252616882,0.7013311982154846
YPR119W,YOL107W,0,0.918713,0.1002696081995964,0.7740337252616882,0.7014312744140625
YBL106C,YDL101C,0,0.9186526,0.10025674104690552,0.7740337252616882,0.7015313506126404
YGR047C,YGL035C,0,0.91864574,0.10024387389421463,0.7740337252616882,0.701631486415863
YCR018C,YDR083W,0,0.91863537,0.10023100674152374,0.7740337252616882,0.7017315626144409
YOR384W,YDR448W,0,0.91863376,0.10021814703941345,0.7740337252616882,0.7018316388130188
YFR025C,YDL145C,0,0.91861844,0.10020528733730316,0.7740337252616882,0.7019317150115967
YGR275W,YMR284W,1,0.9185803,0.1003207191824913,0.7750247716903687,0.7019317150115967
YAL010C,YHR160C,0,0.91844636,0.10030785202980042,0.7750247716903687,0.7020318508148193
YDR139C,YCR037C,0,0.9184422,0.10029498487710953,0.7750247716903687,0.7021319270133972
YIL062C,YOL026C,0,0.9184014,0.10028212517499924,0.7750247716903687,0.7022320032119751
YDL117W,YLR045C,0,0.91836697,0.10026926547288895,0.7750247716903687,0.702332079410553
YOR141C,YKR010C,1,0.91835535,0.10038461536169052,0.7760158777236938,0.702332079410553
YHL004W,YIL005W,0,0.91832006,0.10037174820899963,0.7760158777236938,0.7024322152137756
YMR017W,YMR015C,0,0.91825026,0.10035888105630875,0.7760158777236938,0.7025322914123535
YDR160W,YNL210W,0,0.9181997,0.10034602135419846,0.7760158777236938,0.7026323676109314
YLR467W,YJR041C,0,0.9181973,0.10033316165208817,0.7760158777236938,0.7027324438095093
YDR406W,YDR448W,0,0.91816944,0.10032030940055847,0.7760158777236938,0.7028325200080872
YEL016C,YNL317W,0,0.9181328,0.10030745714902878,0.7760158777236938,0.7029326558113098
YOR132W,YJL065C,0,0.9180869,0.10029460489749908,0.7760158777236938,0.7030327320098877
YMR190C,YLR052W,1,0.91807824,0.10040983557701111,0.7770069241523743,0.7030327320098877
YFL005W,YDL119C,0,0.91802955,0.10039697587490082,0.7770069241523743,0.7031328082084656
YNL021W,YCR052W,1,0.9180063,0.10051216185092926,0.7779980301856995,0.7031328082084656
YLR196W,YKL067W,0,0.91781265,0.10049929469823837,0.7779980301856995,0.7032328844070435
YGR239C,YJL087C,0,0.91779214,0.10048642754554749,0.7779980301856995,0.7033330202102661
YLR394W,YMR063W,0,0.9177857,0.1004735678434372,0.7779980301856995,0.703433096408844
YDR071C,YBR215W,1,0.9177832,0.10058868676424026,0.7789890766143799,0.703433096408844
YHR204W,YLR183C,0,0.9177812,0.10057581216096878,0.7789890766143799,0.7035331726074219
YFR005C,YIL148W,0,0.917751,0.1005629450082779,0.7789890766143799,0.7036332488059998
YOR110W,YLL001W,0,0.9177021,0.1005500853061676,0.7789890766143799,0.7037333846092224
YOR063W,YJL133W,0,0.9176643,0.10053721815347672,0.7789890766143799,0.7038334608078003
YJL103C,YLR045C,0,0.9176517,0.10052436590194702,0.7789890766143799,0.7039335370063782
YOL002C,YLR145W,0,0.91762483,0.10051150619983673,0.7789890766143799,0.704033613204956
YAL034W-A,YLR246W,0,0.91757387,0.10049865394830704,0.7789890766143799,0.7041337490081787
YML016C,YDL185W,0,0.9175441,0.10048580914735794,0.7789890766143799,0.7042338252067566
YHR059W,YOR222W,0,0.9175266,0.10047296434640884,0.7789890766143799,0.7043339014053345
YML063W,YKR083C,0,0.91752386,0.10046011954545975,0.7789890766143799,0.7044339776039124
YJR140C,YML102W,1,0.9174855,0.10057508200407028,0.7799801826477051,0.7044339776039124
YMR193W,YGR225W,0,0.9174829,0.10056222975254059,0.7799801826477051,0.7045340538024902
YLR078C,YMR314W,0,0.9174827,0.1005493775010109,0.7799801826477051,0.7046341896057129
YOR204W,YIL123W,0,0.91745424,0.1005365327000618,0.7799801826477051,0.7047342658042908
YCR044C,YDR507C,0,0.9174374,0.1005236953496933,0.7799801826477051,0.7048343420028687
YOR283W,YOR242C,0,0.9174113,0.1005108579993248,0.7799801826477051,0.7049344182014465
YOL122C,YBR149W,0,0.91739374,0.1004980206489563,0.7799801826477051,0.7050345540046692
YPL068C,YLR061W,0,0.91728824,0.1004851907491684,0.7799801826477051,0.7051346302032471
YFR037C,YIL131C,1,0.9172882,0.10060002654790878,0.7809712290763855,0.7051346302032471
YPL174C,YKL138C-A,0,0.9171278,0.10058718174695969,0.7809712290763855,0.705234706401825
YGL127C,YKL138C,0,0.9170837,0.10057434439659119,0.7809712290763855,0.7053347826004028
YJL012C,YPR024W,0,0.9169962,0.10056151449680328,0.7809712290763855,0.7054349184036255
YAL063C,YHR070W,0,0.9169812,0.10054867714643478,0.7809712290763855,0.7055349946022034
YOR182C,YJL033W,0,0.91689557,0.10053585469722748,0.7809712290763855,0.7056350708007812
YGR027C,YKL170W,0,0.916874,0.10052302479743958,0.7809712290763855,0.7057351469993591
YPL074W,YNL308C,0,0.91684186,0.10051020234823227,0.7809712290763855,0.705835223197937
YFR037C,YLR272C,1,0.9167792,0.1006249189376831,0.7819623351097107,0.705835223197937
YER044C-A,YCR004C,0,0.91667604,0.1006120890378952,0.7819623351097107,0.7059353590011597
YJL076W,YMR239C,1,0.9166715,0.10072676092386246,0.7829534411430359,0.7059353590011597
YJR009C,YKL130C,0,0.9166715,0.10071392357349396,0.7829534411430359,0.7060354351997375
YDR483W,YNL115C,0,0.91666365,0.10070108622312546,0.7829534411430359,0.7061355113983154
YHR108W,YOR087W,0,0.91665673,0.10068824887275696,0.7829534411430359,0.7062355875968933
YLR385C,YOL066C,0,0.9166489,0.10067541897296906,0.7829534411430359,0.706335723400116
YMR193W,YNR041C,0,0.9166419,0.10066258907318115,0.7829534411430359,0.7064357995986938
YDL245C,YFL010W-A,0,0.9166336,0.10064976662397385,0.7829534411430359,0.7065358757972717
YGL219C,YLR306W,0,0.9165965,0.10063694417476654,0.7829534411430359,0.7066359519958496
YER161C,YJR053W,0,0.91657656,0.10062412172555923,0.7829534411430359,0.7067360877990723
YJR107W,YLR024C,0,0.91649747,0.10061130672693253,0.7829534411430359,0.7068361639976501
YJL096W,YDR130C,0,0.9164845,0.10059849917888641,0.7829534411430359,0.706936240196228
YLL004W,YNL021W,1,0.91646004,0.10071301460266113,0.7839444875717163,0.706936240196228
YBR031W,YLR141W,0,0.9164381,0.10070019215345383,0.7839444875717163,0.7070363163948059
YDR263C,YAL002W,0,0.91636187,0.10068736970424652,0.7839444875717163,0.7071364521980286
YKL033W,YGL180W,0,0.91634494,0.10067455470561981,0.7839444875717163,0.7072365283966064
YDR405W,YOR025W,0,0.91634357,0.1006617471575737,0.7839444875717163,0.7073366045951843
YNL172W,YLR370C,0,0.91633934,0.10064893960952759,0.7839444875717163,0.7074366807937622
YDR179C,YDR110W,0,0.9163367,0.10063613206148148,0.7839444875717163,0.7075367569923401
YLR344W,YKR002W,0,0.91627395,0.10062333196401596,0.7839444875717163,0.7076368927955627
YDL140C,YKR056W,0,0.9162528,0.10061053186655045,0.7839444875717163,0.7077369689941406
YFR031C-A,YCR081W,0,0.91625136,0.10059773921966553,0.7839444875717163,0.7078370451927185
YGL213C,YGR181W,0,0.9162423,0.10058494657278061,0.7839444875717163,0.7079371213912964
YJR103W,YOR037W,0,0.91607434,0.10057215392589569,0.7839444875717163,0.708037257194519
YGR027C,YIL009C-A,0,0.9160413,0.10055936872959137,0.7839444875717163,0.7081373333930969
YDR155C,YLL004W,1,0.9160191,0.10067369788885117,0.7849355936050415,0.7081373333930969
YOR310C,YDL124W,0,0.91599816,0.10066090524196625,0.7849355936050415,0.7082374095916748
YJL065C,YJR135W-A,0,0.9159877,0.10064811259508133,0.7849355936050415,0.7083374857902527
YOR106W,YOR233W,0,0.91598666,0.10063532739877701,0.7849355936050415,0.7084376215934753
YNL330C,YNL107W,1,0.9159285,0.10074958950281143,0.7859266400337219,0.7084376215934753
YNR007C,YLL017W,0,0.91590166,0.10073678940534592,0.7859266400337219,0.7085376977920532
YOR332W,YPL120W,0,0.915865,0.100723996758461,0.7859266400337219,0.7086377739906311
YOR038C,YBR088C,1,0.9158432,0.10083819925785065,0.7869177460670471,0.7086377739906311
YDR297W,YDR201W,0,0.9158287,0.10082539916038513,0.7869177460670471,0.708737850189209
YJR010W,YNL045W,0,0.9158213,0.10081259161233902,0.7869177460670471,0.7088379263877869
YOR191W,YEL056W,0,0.91573554,0.1007997989654541,0.7869177460670471,0.7089380621910095
YGR174C,YHR070W,0,0.915695,0.10078699886798859,0.7869177460670471,0.7090381383895874
YAR018C,YGR083C,0,0.9155796,0.10077420622110367,0.7869177460670471,0.7091382145881653
YOR391C,YDR411C,0,0.91549486,0.10076142102479935,0.7869177460670471,0.7092382907867432
YDR071C,YDL042C,1,0.915484,0.10087552666664124,0.7879087924957275,0.7092382907867432
YOL012C,YIL131C,1,0.915391,0.10098959505558014,0.7888998985290527,0.7092382907867432
YAL019W,YNL216W,0,0.91535777,0.10097678750753403,0.7888998985290527,0.7093384265899658
YFR040W,YKL003C,0,0.9153122,0.10096397995948792,0.7888998985290527,0.7094385027885437
YIL042C,YNL294C,0,0.91527575,0.1009511724114418,0.7888998985290527,0.7095385789871216
YPL097W,YLL026W,0,0.9152539,0.10093837231397629,0.7888998985290527,0.7096386551856995
YLR353W,YKL069W,0,0.91519076,0.10092557221651077,0.7888998985290527,0.7097387909889221
YCR035C,YNL281W,0,0.9151792,0.10091277956962585,0.7888998985290527,0.7098388671875
YBR182C,YPL214C,0,0.9151547,0.10089998692274094,0.7888998985290527,0.7099389433860779
YLR327C,YKR062W,0,0.91503495,0.10088720172643661,0.7888998985290527,0.7100390195846558
YOR141C,YDR439W,1,0.9149533,0.10100114345550537,0.7898910045623779,0.7100390195846558
YDL042C,YJL194W,1,0.91494393,0.10111505538225174,0.7908820509910583,0.7100390195846558
YPL159C,YNL322C,0,0.9149313,0.10110224038362503,0.7908820509910583,0.7101390957832336
YNL159C,YLR004C,0,0.91489905,0.10108943283557892,0.7908820509910583,0.7102392315864563
YDR337W,YNL331C,0,0.9148812,0.1010766327381134,0.7908820509910583,0.7103393077850342
YAL017W,YOR085W,0,0.9148237,0.10106383264064789,0.7908820509910583,0.7104393839836121
YBR049C,YML067C,0,0.9148037,0.10105103254318237,0.7908820509910583,0.7105394601821899
YDR398W,YHL038C,0,0.91475284,0.10103823989629745,0.7908820509910583,0.7106395959854126
YNL261W,YKR010C,1,0.9147119,0.10115204751491547,0.7918731570243835,0.7106395959854126
YML129C,YIL087C,0,0.9146663,0.10113923996686935,0.7918731570243835,0.7107396721839905
YMR078C,YNL080C,0,0.91465807,0.10112643986940384,0.7918731570243835,0.7108397483825684
YHL006C,YBR211C,0,0.9145342,0.10111363977193832,0.7918731570243835,0.7109398245811462
YDL067C,YBR009C,0,0.914416,0.1011008471250534,0.7918731570243835,0.7110399603843689
YGR006W,YAL048C,0,0.91438013,0.10108805447816849,0.7918731570243835,0.7111400365829468
YJL124C,YJR057W,0,0.91437453,0.10107526928186417,0.7918731570243835,0.7112401127815247
YML132W,YOR087W,0,0.91435784,0.10106248408555984,0.7918731570243835,0.7113401889801025
YOR155C,YOR195W,0,0.91434157,0.10104970633983612,0.7918731570243835,0.7114403247833252
YBL008W,YNL206C,1,0.9143395,0.10116337984800339,0.792864203453064,0.7114403247833252
YPL063W,YGR254W,0,0.9142831,0.10115058720111847,0.792864203453064,0.7115404009819031
YGR185C,YDR490C,0,0.9142153,0.10113780200481415,0.792864203453064,0.711640477180481
YBR115C,YCL063W,0,0.91421276,0.10112501680850983,0.792864203453064,0.7117405533790588
YLR078C,YOR264W,0,0.9141573,0.1011122316122055,0.792864203453064,0.7118406295776367
YLR447C,YJL033W,0,0.91413456,0.10109945386648178,0.792864203453064,0.7119407653808594
YOL028C,YER143W,0,0.91391987,0.10108668357133865,0.792864203453064,0.7120408415794373
YER025W,YNL161W,0,0.913912,0.10107391327619553,0.792864203453064,0.7121409177780151
YML069W,YDR439W,1,0.9138761,0.10118746757507324,0.7938553094863892,0.7121409177780151
YGR220C,YPR073C,0,0.91386735,0.10117468982934952,0.7938553094863892,0.712240993976593
YOL093W,YGR005C,0,0.9138508,0.1011619120836258,0.7938553094863892,0.7123411297798157
YOR217W,YDR414C,0,0.9138302,0.10114913433790207,0.7938553094863892,0.7124412059783936
YGR179C,YJR108W,0,0.91379976,0.10113636404275894,0.7938553094863892,0.7125412821769714
YDR056C,YLR287C-A,0,0.91376245,0.10112359374761581,0.7938553094863892,0.7126413583755493
YGR116W,YOR244W,1,0.91371566,0.10123705863952637,0.7948463559150696,0.7126413583755493
YKL033W,YPL161C,0,0.9137113,0.10122428089380264,0.7948463559150696,0.712741494178772
YMR227C,YLR095C,1,0.9136545,0.10133770853281021,0.7958374619483948,0.712741494178772
YPL015C,YDL140C,1,0.91361696,0.10145110636949539,0.79682856798172,0.712741494178772
YOR334W,YLR085C,0,0.91356593,0.10143830627202988,0.79682856798172,0.7128415703773499
YGL171W,YCL064C,0,0.9135476,0.10142550617456436,0.79682856798172,0.7129416465759277
YLR337C,YOL062C,0,0.91353965,0.10141271352767944,0.79682856798172,0.7130417227745056
YGR010W,YDR176W,0,0.91349715,0.10139992088079453,0.79682856798172,0.7131417989730835
YBL057C,YDL154W,0,0.9134596,0.1013871356844902,0.79682856798172,0.7132419347763062
YPR194C,YOR201C,0,0.9134533,0.10137435048818588,0.79682856798172,0.713342010974884
YDR320C-A,YGL211W,0,0.9134483,0.10136157274246216,0.79682856798172,0.7134420871734619
YKL124W,YPL213W,0,0.9134294,0.10134879499673843,0.79682856798172,0.7135421633720398
YCR037C,YEL017C-A,0,0.9133959,0.1013360247015953,0.79682856798172,0.7136422991752625
YGL210W,YIL042C,0,0.91329545,0.10132325440645218,0.79682856798172,0.7137423753738403
YBR211C,YBR299W,0,0.9132682,0.10131048411130905,0.79682856798172,0.7138424515724182
YLR085C,YIL147C,0,0.91321874,0.10129772126674652,0.79682856798172,0.7139425277709961
YDL082W,YJL033W,0,0.9131364,0.10128495842218399,0.79682856798172,0.7140426635742188
YPL253C,YPL116W,0,0.9131191,0.10127220302820206,0.79682856798172,0.7141427397727966
YJL085W,YLR153C,0,0.91306937,0.10125944763422012,0.79682856798172,0.7142428159713745
YER072W,YGL021W,0,0.91304755,0.10124669224023819,0.79682856798172,0.7143428921699524
YKL043W,YML086C,0,0.91298383,0.10123394429683685,0.79682856798172,0.714443027973175
YMR168C,YNL314W,0,0.9129566,0.10122120380401611,0.79682856798172,0.7145431041717529
YER164W,YKL161C,0,0.91288394,0.10120845586061478,0.79682856798172,0.7146431803703308
YNR045W,YLR086W,0,0.91282684,0.10119572281837463,0.79682856798172,0.7147432565689087
YHR174W,YOR192C,0,0.9128091,0.1011829823255539,0.79682856798172,0.7148433327674866
YIL007C,YGR083C,0,0.9127767,0.10117024928331375,0.79682856798172,0.7149434685707092
YKR094C,YGR217W,0,0.91277194,0.1011575236916542,0.79682856798172,0.7150435447692871
YLR239C,YOR087W,0,0.9127574,0.10114479809999466,0.79682856798172,0.715143620967865
YAL024C,YPL100W,0,0.91275364,0.10113207250833511,0.79682856798172,0.7152436971664429
YNL180C,YPL022W,0,0.91267633,0.10111935436725616,0.79682856798172,0.7153438329696655
YDR439W,YML109W,1,0.9126634,0.10123239457607269,0.7978196144104004,0.7153438329696655
YMR049C,YDL208W,0,0.9126562,0.10121966898441315,0.7978196144104004,0.7154439091682434
YLR446W,YLR289W,0,0.91258657,0.1012069433927536,0.7978196144104004,0.7155439853668213
YPR048W,YAL026C,0,0.9125725,0.10119421780109406,0.7978196144104004,0.7156440615653992
YKL069W,YHR179W,0,0.91249824,0.1011814996600151,0.7978196144104004,0.7157441973686218
YIR012W,YDR479C,0,0.9124496,0.10116878151893616,0.7978196144104004,0.7158442735671997
YHR060W,YHR036W,0,0.9124406,0.1011560708284378,0.7978196144104004,0.7159443497657776
YAL063C,YOR347C,0,0.9124298,0.10114336013793945,0.7978196144104004,0.7160444259643555
YLL048C,YHR172W,0,0.9123425,0.1011306568980217,0.7978196144104004,0.7161445021629333
YGL237C,YOR275C,0,0.9123384,0.10111795365810394,0.7978196144104004,0.716244637966156
YMR033W,YCR093W,0,0.91221905,0.10110525041818619,0.7978196144104004,0.7163447141647339
YFR047C,YJL004C,0,0.9121955,0.10109255462884903,0.7978196144104004,0.7164447903633118
YPR173C,YNR020C,0,0.91213584,0.10107985883951187,0.7978196144104004,0.7165448665618896
YMR078C,YBL055C,0,0.9121355,0.10106717050075531,0.7978196144104004,0.7166450023651123
YEL054C,YNL289W,0,0.91211593,0.10105448216199875,0.7978196144104004,0.7167450785636902
YDR392W,YFR013W,0,0.9120659,0.10104179382324219,0.7978196144104004,0.7168451547622681
YDR244W,YKL062W,0,0.91198516,0.10102911293506622,0.7978196144104004,0.716945230960846
YNL088W,YHR056C,1,0.9119848,0.10114192217588425,0.7988107204437256,0.716945230960846
YDL105W,YDR110W,1,0.91198283,0.10125470161437988,0.799801766872406,0.716945230960846
YGR180C,YJL158C,0,0.91197413,0.10124200582504272,0.799801766872406,0.7170453667640686
YOR330C,YDR378C,0,0.91196454,0.10122930258512497,0.799801766872406,0.7171454429626465
YLR399C,YDR167W,1,0.9119381,0.10134202986955643,0.8007928729057312,0.7171454429626465
YIL021W,YBR118W,0,0.9119102,0.10132931917905807,0.8007928729057312,0.7172455191612244
YPL223C,YLR247C,0,0.9118779,0.10131661593914032,0.8007928729057312,0.7173455953598022
YJR005W,YPR155C,0,0.91185725,0.10130391269922256,0.8007928729057312,0.7174456715583801
YCR105W,YHR009C,0,0.9118282,0.10129120945930481,0.8007928729057312,0.7175458073616028
YPL127C,YLL026W,0,0.9117632,0.10127851366996765,0.8007928729057312,0.7176458835601807
YDR461W,YDR002W,0,0.9117221,0.10126582533121109,0.8007928729057312,0.7177459597587585
YFL023W,YAL011W,0,0.9117088,0.10125312954187393,0.8007928729057312,0.7178460359573364
YDL134C,YKL110C,0,0.9117085,0.10124044865369797,0.8007928729057312,0.7179461717605591
YHL035C,YKL156W,0,0.9116812,0.1012277603149414,0.8007928729057312,0.718046247959137
YKL160W,YBR198C,1,0.91163737,0.10134034603834152,0.8017839193344116,0.718046247959137
YJR140C,YMR033W,1,0.9115831,0.10145290940999985,0.8027750253677368,0.718046247959137
YAR031W,YJL073W,0,0.9115381,0.1014401987195015,0.8027750253677368,0.7181463241577148
YNL164C,YML057W,0,0.911467,0.10142749547958374,0.8027750253677368,0.7182464003562927
YKL026C,YOL129W,0,0.9114334,0.10141479969024658,0.8027750253677368,0.7183465361595154
YMR198W,YHR160C,0,0.9113884,0.10140210390090942,0.8027750253677368,0.7184466123580933
YJL219W,YLR005W,0,0.91138786,0.10138940811157227,0.8027750253677368,0.7185466885566711
YIL112W,YDR130C,0,0.9113429,0.1013767197728157,0.8027750253677368,0.718646764755249
YBL090W,YMR282C,0,0.91133475,0.10136403143405914,0.8027750253677368,0.7187469005584717
YER082C,YGR252W,0,0.91126585,0.10135135054588318,0.8027750253677368,0.7188469767570496
YMR247C,YOR253W,0,0.91123956,0.10133866965770721,0.8027750253677368,0.7189470529556274
YBL035C,YMR233W,0,0.9112205,0.10132599622011185,0.8027750253677368,0.7190471291542053
YPR175W,YLR321C,1,0.9111595,0.10143839567899704,0.803766131401062,0.7190471291542053
YJR009C,YPL141C,0,0.9111042,0.10142571479082108,0.803766131401062,0.7191472053527832
YBR085W,YEL019C,0,0.9111038,0.10141302645206451,0.803766131401062,0.7192473411560059
YCR075C,YKR102W,0,0.911088,0.10140035301446915,0.803766131401062,0.7193474173545837
YMR183C,YPR110C,0,0.9110145,0.10138767212629318,0.803766131401062,0.7194474935531616
YNR017W,YMR256C,0,0.91094774,0.10137499868869781,0.803766131401062,0.7195475697517395
YLR360W,YPL213W,0,0.9109395,0.10136233270168304,0.803766131401062,0.7196477055549622
YCR030C,YGL256W,0,0.91092426,0.10134965926408768,0.803766131401062,0.71974778175354
YOR136W,YLR417W,0,0.91085297,0.1013370007276535,0.803766131401062,0.7198478579521179
YPR175W,YGL037C,1,0.91083926,0.10144927352666855,0.8047571778297424,0.7198478579521179
YGR175C,YPR192W,0,0.91079754,0.10143660008907318,0.8047571778297424,0.7199479341506958
YEL050C,YDR093W,0,0.9107586,0.10142393410205841,0.8047571778297424,0.7200480699539185
YMR182C,YJL041W,0,0.91075027,0.10141126811504364,0.8047571778297424,0.7201481461524963
YNL244C,YOR047C,0,0.91072744,0.10139860212802887,0.8047571778297424,0.7202482223510742
YKR008W,YMR234W,0,0.91064036,0.1013859435915947,0.8047571778297424,0.7203482985496521
YMR117C,YBR080C,0,0.9106287,0.10137328505516052,0.8047571778297424,0.72044837474823
YPR018W,YBR198C,1,0.91051316,0.10148546099662781,0.8057482838630676,0.72044837474823
YGL045W,YIL101C,0,0.9104469,0.10147278755903244,0.8057482838630676,0.7205485105514526
YHR169W,YGR134W,0,0.91041666,0.10146012902259827,0.8057482838630676,0.7206485867500305
YLL004W,YDL105W,1,0.910415,0.10157224535942078,0.806739330291748,0.7206485867500305
YML127W,YHR108W,0,0.91039765,0.101559579372406,0.806739330291748,0.7207486629486084
YAL011W,YER030W,1,0.9103427,0.10167165845632553,0.8077304363250732,0.7207486629486084
YLR186W,YLL008W,0,0.9101545,0.10165897756814957,0.8077304363250732,0.7208487391471863
YLR190W,YHR172W,0,0.91014177,0.1016462966799736,0.8077304363250732,0.7209488749504089
YKL039W,YMR188C,0,0.9100464,0.10163362324237823,0.8077304363250732,0.7210489511489868
YKL079W,YNL251C,0,0.9100387,0.10162094980478287,0.8077304363250732,0.7211490273475647
YJR140C,YDR363W,1,0.90998316,0.10173295438289642,0.8087214827537537,0.7211490273475647
YPR174C,YDR418W,0,0.90995103,0.10172026604413986,0.8087214827537537,0.7212491035461426
YBR112C,YIL131C,1,0.9099177,0.10183223336935043,0.8097125887870789,0.7212491035461426
YKL116C,YEL024W,0,0.9098966,0.10181954503059387,0.8097125887870789,0.7213492393493652
YIL047C,YBR058C,0,0.9098834,0.10180685669183731,0.8097125887870789,0.7214493155479431
YEL005C,YKR068C,0,0.90986097,0.10179416835308075,0.8097125887870789,0.721549391746521
YBR245C,YMR284W,1,0.9098601,0.10190606862306595,0.810703694820404,0.721549391746521
YIL061C,YHR156C,0,0.90982133,0.10189337283372879,0.810703694820404,0.7216494679450989
YFR034C,YLR141W,0,0.90981823,0.10188068449497223,0.810703694820404,0.7217496037483215
YOR322C,YCR057C,0,0.9098132,0.10186799615621567,0.810703694820404,0.7218496799468994
YDR434W,YDR410C,0,0.9097353,0.1018553078174591,0.810703694820404,0.7219497561454773
YML006C,YBL037W,0,0.9097298,0.10184262692928314,0.810703694820404,0.7220498323440552
YBR261C,YLR321C,0,0.90972775,0.10182995349168777,0.810703694820404,0.7221499085426331
YKL155C,YDR034C,0,0.9096513,0.10181728005409241,0.810703694820404,0.7222500443458557
YOR241W,YDR500C,0,0.9096284,0.10180460661649704,0.810703694820404,0.7223501205444336
YPL018W,YGL219C,0,0.9095466,0.10179193317890167,0.810703694820404,0.7224501967430115
YLR330W,YCL047C,0,0.90953976,0.1017792671918869,0.810703694820404,0.7225502729415894
YFL037W,YAR010C,0,0.9095312,0.10176660865545273,0.810703694820404,0.722650408744812
YKL116C,YPR149W,0,0.90948814,0.10175395011901855,0.810703694820404,0.7227504849433899
YML061C,YNL281W,0,0.9094784,0.10174129158258438,0.810703694820404,0.7228505611419678
YJL062W,YMR192W,0,0.90945476,0.1017286404967308,0.810703694820404,0.7229506373405457
YJL041W,YKL087C,0,0.909404,0.10171598941087723,0.810703694820404,0.7230507731437683
YOL026C,YDR359C,0,0.90939724,0.10170334577560425,0.810703694820404,0.7231508493423462
YKR008W,YPL105C,0,0.90936124,0.10169070214033127,0.810703694820404,0.7232509255409241
YMR169C,YPR149W,0,0.90934455,0.10167805850505829,0.810703694820404,0.723351001739502
YOR217W,YIL133C,0,0.9093434,0.1016654223203659,0.810703694820404,0.7234510779380798
YOR244W,YGL150C,1,0.9092462,0.10177706182003021,0.8116947412490845,0.7234510779380798
YFL047W,YDL061C,0,0.90921694,0.10176441073417664,0.8116947412490845,0.7235512137413025
YLR381W,YJL141C,0,0.909166,0.10175176709890366,0.8116947412490845,0.7236512899398804
YER050C,YJL180C,0,0.9091419,0.10173913091421127,0.8116947412490845,0.7237513661384583
YOL004W,YML041C,1,0.9090957,0.10185070335865021,0.8126858472824097,0.7237513661384583
YER184C,YLR014C,0,0.90904206,0.10183805227279663,0.8126858472824097,0.7238514423370361
YGR188C,YGL162W,0,0.90902954,0.10182540863752365,0.8126858472824097,0.7239515781402588
YPL043W,YOR037W,0,0.9090153,0.10181276500225067,0.8126858472824097,0.7240516543388367
YHR140W,YOR142W,0,0.90897924,0.10180012136697769,0.8126858472824097,0.7241517305374146
YOR091W,YLR438C-A,0,0.908934,0.10178748518228531,0.8126858472824097,0.7242518067359924
YOL155C,YOL133W,0,0.90887433,0.10177485644817352,0.8126858472824097,0.7243519425392151
YDL192W,YMR127C,0,0.90886414,0.10176222026348114,0.8126858472824097,0.724452018737793
YMR089C,YLR361C,0,0.908849,0.10174959897994995,0.8126858472824097,0.7245520949363708
YGL170C,YER007C-A,0,0.908834,0.10173697024583817,0.8126858472824097,0.7246521711349487
YPL176C,YER055C,0,0.90882754,0.10172434896230698,0.8126858472824097,0.7247522473335266
YPL027W,YNL115C,0,0.90879244,0.10171173512935638,0.8126858472824097,0.7248523831367493
YBR055C,YLL016W,0,0.9087275,0.10169912129640579,0.8126858472824097,0.7249524593353271
YDR296W,YGR262C,0,0.90868336,0.1016865074634552,0.8126858472824097,0.725052535533905
YOR391C,YML030W,0,0.9086235,0.1016739010810852,0.8126858472824097,0.7251526117324829
YJL046W,YBL008W,0,0.9086161,0.10166129469871521,0.8126858472824097,0.7252527475357056
YOL003C,YDR332W,0,0.9085952,0.10164869576692581,0.8126858472824097,0.7253528237342834
YDR347W,YJL167W,0,0.90856326,0.10163609683513641,0.8126858472824097,0.7254528999328613
YPR018W,YDR167W,1,0.9085277,0.10174743086099625,0.8136768937110901,0.7254528999328613
YJL062W,YPL007C,0,0.9084738,0.10173481702804565,0.8136768937110901,0.7255529761314392
YOL072W,YMR188C,0,0.90838605,0.10172221809625626,0.8136768937110901,0.7256531119346619
YJR130C,YJR149W,0,0.9083762,0.10170961171388626,0.8136768937110901,0.7257531881332397
YLR164W,YOR025W,0,0.9082492,0.10169701278209686,0.8136768937110901,0.7258532643318176
YJL080C,YOR209C,1,0.9082477,0.10180827230215073,0.8146679997444153,0.7258532643318176
YGR296W,YGR006W,0,0.90824497,0.10179566591978073,0.8146679997444153,0.7259533405303955
YPR156C,YLR129W,0,0.9082153,0.10178305953741074,0.8146679997444153,0.7260534763336182
YLR318W,YER114C,0,0.90819067,0.10177046060562134,0.8146679997444153,0.726153552532196
YLR115W,YDL019C,0,0.90819,0.10175786167383194,0.8146679997444153,0.7262536287307739
YBL008W,YDR167W,1,0.9081591,0.10186904668807983,0.8156590461730957,0.7262536287307739
YMR125W,YFR021W,0,0.9081203,0.10185643285512924,0.8156590461730957,0.7263537049293518
YGL051W,YHL032C,0,0.90806884,0.10184383392333984,0.8156590461730957,0.7264537811279297
YKL097W-A,YLR044C,0,0.9080332,0.10183122754096985,0.8156590461730957,0.7265539169311523
YDR416W,YMR228W,0,0.9080286,0.10181862860918045,0.8156590461730957,0.7266539931297302
YDR529C,YGL232W,0,0.90802485,0.10180603712797165,0.8156590461730957,0.7267540693283081
YEL020W-A,YOR070C,0,0.9080132,0.10179344564676285,0.8156590461730957,0.726854145526886
YNR035C,YDL124W,0,0.90799814,0.10178085416555405,0.8156590461730957,0.7269542813301086
YHL047C,YOR374W,0,0.90787995,0.10176827013492584,0.8156590461730957,0.7270543575286865
YER072W,YGL135W,0,0.9078557,0.10175568610429764,0.8156590461730957,0.7271544337272644
YGR167W,YDL040C,0,0.9078319,0.10174310952425003,0.8156590461730957,0.7272545099258423
YPR190C,YJR094W-A,0,0.9078235,0.10173053294420242,0.8156590461730957,0.7273546457290649
YPR026W,YDR470C,0,0.9076833,0.10171795636415482,0.8156590461730957,0.7274547219276428
YGL090W,YNR015W,0,0.90761876,0.1017053872346878,0.8156590461730957,0.7275547981262207
YNL012W,YNL216W,0,0.9075453,0.1016928181052208,0.8156590461730957,0.7276548743247986
YPR063C,YGL053W,0,0.9074815,0.10168025642633438,0.8156590461730957,0.7277549505233765
YMR282C,YOR070C,0,0.9074584,0.10166769474744797,0.8156590461730957,0.7278550863265991
YGL251C,YBR130C,0,0.90742874,0.10165514051914215,0.8156590461730957,0.727955162525177
YBR074W,YDR212W,0,0.9072968,0.10164258629083633,0.8156590461730957,0.7280552387237549
YNL073W,YKL090W,0,0.9072883,0.10163003206253052,0.8156590461730957,0.7281553149223328
YGL237C,YMR290C,0,0.9072507,0.1016174852848053,0.8156590461730957,0.7282554507255554
YLL051C,YBR024W,0,0.90717614,0.10160493850708008,0.8156590461730957,0.7283555269241333
YOR384W,YOR120W,0,0.9071102,0.10159239917993546,0.8156590461730957,0.7284556031227112
YNL180C,YMR004W,0,0.9071072,0.10157985985279083,0.8156590461730957,0.7285556793212891
YKL001C,YLR191W,0,0.90708536,0.10156732052564621,0.8156590461730957,0.7286558151245117
YPR006C,YNL123W,0,0.9070602,0.10155478864908218,0.8156590461730957,0.7287558913230896
YML018C,YMR301C,0,0.90705895,0.10154225677251816,0.8156590461730957,0.7288559675216675
YLR086W,YIL005W,0,0.9070466,0.10152973234653473,0.8156590461730957,0.7289560437202454
YNL261W,YDR363W,1,0.9070318,0.10164055973291397,0.8166501522064209,0.7289560437202454
YOR078W,YMR200W,0,0.9069757,0.10162802040576935,0.8166501522064209,0.729056179523468
YBR153W,YGR062C,0,0.90696967,0.10161548852920532,0.8166501522064209,0.7291562557220459
YLR353W,YJR050W,0,0.9068609,0.1016029566526413,0.8166501522064209,0.7292563319206238
YBR109C,YPR163C,0,0.9068345,0.10159043222665787,0.8166501522064209,0.7293564081192017
YDL245C,YPL007C,0,0.90681666,0.10157790780067444,0.8166501522064209,0.7294564843177795
YGR144W,YPL177C,0,0.9066872,0.1015653908252716,0.8166501522064209,0.7295566201210022
YCR031C,YLR430W,0,0.9066486,0.10155287384986877,0.8166501522064209,0.7296566963195801
YNR006W,YOL020W,0,0.9066001,0.10154035687446594,0.8166501522064209,0.729756772518158
YLR099C,YDR347W,0,0.9065884,0.10152784734964371,0.8166501522064209,0.7298568487167358
YGL163C,YDL101C,0,0.9065655,0.10151533782482147,0.8166501522064209,0.7299569845199585
YBR245C,YBR198C,1,0.9065561,0.10162601619958878,0.8176412582397461,0.7299569845199585
YOR038C,YPR052C,1,0.90653515,0.10173666477203369,0.8186323046684265,0.7299569845199585
YOL139C,YAL039C,0,0.9064687,0.10172414034605026,0.8186323046684265,0.7300570607185364
YHR081W,YNL123W,0,0.90644854,0.10171160846948624,0.8186323046684265,0.7301571369171143
YDR407C,YEL062W,0,0.90643823,0.1016990914940834,0.8186323046684265,0.7302572131156921
YBL082C,YIL173W,0,0.906431,0.10168656706809998,0.8186323046684265,0.7303573489189148
YMR275C,YNL102W,0,0.90639836,0.10167405009269714,0.8186323046684265,0.7304574251174927
YDR028C,YER129W,0,0.90639055,0.10166154056787491,0.8186323046684265,0.7305575013160706
YKR019C,YBR060C,1,0.90629935,0.10177209228277206,0.8196234107017517,0.7305575013160706
YDL166C,YDR144C,0,0.90624815,0.10175956785678864,0.8196234107017517,0.7306575775146484
YGR054W,YFR024C-A,0,0.9062324,0.1017470508813858,0.8196234107017517,0.7307576537132263
YDR159W,YBR097W,0,0.9062323,0.10173453390598297,0.8196234107017517,0.730857789516449
YOR032C,YDR160W,0,0.90622306,0.10172201693058014,0.8196234107017517,0.7309578657150269
YMR097C,YLR438C-A,0,0.9060422,0.1017095074057579,0.8196234107017517,0.7310579419136047
YOR123C,YNL294C,0,0.90601987,0.10169699788093567,0.8196234107017517,0.7311580181121826
YJL076W,YML127W,1,0.9059828,0.10180745273828506,0.8206144571304321,0.7311580181121826
YML057W,YKL185W,0,0.9059191,0.10179493576288223,0.8206144571304321,0.7312581539154053
YIL008W,YHR046C,0,0.90589976,0.1017824187874794,0.8206144571304321,0.7313582301139832
YDR377W,YHR119W,0,0.9058568,0.10176990926265717,0.8206144571304321,0.731458306312561
YDR341C,YDR188W,0,0.9058125,0.10175740718841553,0.8206144571304321,0.7315583825111389
YHR039C-A,YMR318C,0,0.9057841,0.10174489766359329,0.8206144571304321,0.7316585183143616
YNL056W,YLR383W,0,0.90576786,0.10173240303993225,0.8206144571304321,0.7317585945129395
YNL006W,YDR160W,0,0.9056846,0.10171990096569061,0.8206144571304321,0.7318586707115173
YDR003W,YMR152W,0,0.9056528,0.10170740634202957,0.8206144571304321,0.7319587469100952
YOR038C,YLR385C,1,0.9056323,0.10181773453950882,0.8216055631637573,0.7319587469100952
YDR240C,YHR090C,0,0.9055938,0.10180523246526718,0.8216055631637573,0.7320588827133179
YNR019W,YNL161W,0,0.90558314,0.10179273039102554,0.8216055631637573,0.7321589589118958
YOL069W,YER098W,0,0.9055673,0.1017802357673645,0.8216055631637573,0.7322590351104736
YLR426W,YDR041W,0,0.9054799,0.10176774114370346,0.8216055631637573,0.7323591113090515
YJR032W,YLR377C,0,0.90542597,0.10175524652004242,0.8216055631637573,0.7324591875076294
YBR185C,YPL144W,0,0.9054182,0.10174275934696198,0.8216055631637573,0.732559323310852
YOR106W,YER087C-A,0,0.9054155,0.10173027217388153,0.8216055631637573,0.7326593995094299
YGL003C,YGR220C,0,0.9053818,0.10171779245138168,0.8216055631637573,0.7327594757080078
YGR002C,YPL186C,0,0.90537715,0.10170531272888184,0.8216055631637573,0.7328595519065857
YLR357W,YBL052C,1,0.90508336,0.10181550681591034,0.8225966095924377,0.7328595519065857
YMR081C,YLR090W,0,0.9050474,0.1018030196428299,0.8225966095924377,0.7329596877098083
YNR019W,YMR075W,0,0.9049622,0.10179053246974945,0.8225966095924377,0.7330597639083862
YGL073W,YEL015W,0,0.9049615,0.1017780527472496,0.8225966095924377,0.7331598401069641
YHR156C,YOR313C,0,0.90493584,0.10176557302474976,0.8225966095924377,0.733259916305542
YJR158W,YPR200C,0,0.9049157,0.10175309330224991,0.8225966095924377,0.7333600521087646
YDR464W,YPR133C,0,0.9048967,0.10174062103033066,0.8225966095924377,0.7334601283073425
YLL061W,YNL180C,0,0.9048126,0.101728156208992,0.8225966095924377,0.7335602045059204
YCR096C,YNL192W,0,0.904811,0.10171568393707275,0.8225966095924377,0.7336602807044983
YDR160W,YPL253C,0,0.9047271,0.1017032191157341,0.8225966095924377,0.7337603569030762
YDL097C,YOL020W,0,0.9047261,0.10169076174497604,0.8225966095924377,0.7338604927062988
YOR011W,YPL252C,0,0.90468115,0.10167830437421799,0.8225966095924377,0.7339605689048767
YFL049W,YBL014C,0,0.9046352,0.10166584700345993,0.8225966095924377,0.7340606451034546
YBR181C,YPR008W,0,0.9046255,0.10165339708328247,0.8225966095924377,0.7341607213020325
YPL183C,YOL010W,0,0.9045189,0.10164094716310501,0.8225966095924377,0.7342608571052551
YJR151C,YCL061C,0,0.9044234,0.10162850469350815,0.8225966095924377,0.734360933303833
YLR167W,YKR031C,0,0.90438306,0.10161606222391129,0.8225966095924377,0.7344610095024109
YFR029W,YJR004C,0,0.90436894,0.10160361975431442,0.8225966095924377,0.7345610857009888
YJR140C,YLR442C,1,0.9043439,0.10171358287334442,0.8235877156257629,0.7345610857009888
YLR460C,YHR215W,0,0.90428674,0.10170114040374756,0.8235877156257629,0.7346612215042114
YOL006C,YGR275W,1,0.90427697,0.10181105881929398,0.8245787620544434,0.7346612215042114
YJL080C,YOR070C,0,0.9042758,0.10179860144853592,0.8245787620544434,0.7347612977027893
YIR017C,YOL133W,0,0.90424633,0.10178615152835846,0.8245787620544434,0.7348613739013672
YDL114W,YPL115C,0,0.9042412,0.101773701608181,0.8245787620544434,0.7349614500999451
YDR447C,YNL284C,0,0.9042176,0.10176125168800354,0.8245787620544434,0.735061526298523
YKL154W,YIL009C-A,0,0.90417427,0.10174880921840668,0.8245787620544434,0.7351616621017456
YGL064C,YBL076C,0,0.9041556,0.10173636674880981,0.8245787620544434,0.7352617383003235
YJR151C,YCL067C,0,0.90411353,0.10172392427921295,0.8245787620544434,0.7353618144989014
YLR389C,YGR070W,0,0.90411305,0.10171148926019669,0.8245787620544434,0.7354618906974792
YOR096W,YPL078C,0,0.9040965,0.10169906169176102,0.8245787620544434,0.7355620265007019
YMR263W,YNL330C,1,0.90401894,0.10180884599685669,0.8255698680877686,0.7355620265007019
YER106W,YJL079C,0,0.9039293,0.10179640352725983,0.8255698680877686,0.7356621026992798
YPL043W,YPR005C,0,0.90391684,0.10178396850824356,0.8255698680877686,0.7357621788978577
YML016C,YMR039C,0,0.9038665,0.1017715334892273,0.8255698680877686,0.7358622550964355
YGR295C,YJR035W,0,0.90383166,0.10175909847021103,0.8255698680877686,0.7359623908996582
YDR403W,YDR500C,0,0.90376467,0.10174667090177536,0.8255698680877686,0.7360624670982361
YBR182C,YIR032C,0,0.9036778,0.10173424333333969,0.8255698680877686,0.736162543296814
YKR026C,YHR073W,0,0.9036433,0.10172182321548462,0.8255698680877686,0.7362626194953918
YER082C,YKL056C,0,0.90362805,0.10170940309762955,0.8255698680877686,0.7363627552986145
YGR165W,YLR097C,0,0.9036184,0.10169698297977448,0.8255698680877686,0.7364628314971924
YMR125W,YPR175W,0,0.90353864,0.1016845703125,0.8255698680877686,0.7365629076957703
YOL077C,YEL037C,0,0.9035002,0.10167215764522552,0.8255698680877686,0.7366629838943481
YLR183C,YDR500C,0,0.9034686,0.10165975242853165,0.8255698680877686,0.736763060092926
YMR118C,YHR186C,0,0.9034417,0.10164734721183777,0.8255698680877686,0.7368631958961487
YPR198W,YCR047C,0,0.9034396,0.10163494199514389,0.8255698680877686,0.7369632720947266
YHR099W,YKR101W,0,0.9033922,0.10162254422903061,0.8255698680877686,0.7370633482933044
YOR233W,YIL150C,0,0.9033619,0.10161014646291733,0.8255698680877686,0.7371634244918823
YHR079C,YIL142W,0,0.90322673,0.10159775614738464,0.8255698680877686,0.737263560295105
YNL258C,YMR312W,0,0.9031968,0.10158536583185196,0.8255698680877686,0.7373636364936829
YHR184W,YGL050W,0,0.9030534,0.10157297551631927,0.8255698680877686,0.7374637126922607
YMR044W,YML041C,1,0.9030479,0.10168251395225525,0.8265609741210938,0.7374637126922607
YEL038W,YDR287W,0,0.9030209,0.10167012363672256,0.8265609741210938,0.7375637888908386
YBR260C,YML097C,0,0.9030114,0.10165772587060928,0.8265609741210938,0.7376639246940613
YPR095C,YPL004C,0,0.9029517,0.1016453355550766,0.8265609741210938,0.7377640008926392
YIR009W,YPR152C,0,0.9029487,0.10163295269012451,0.8265609741210938,0.737864077091217
YGL113W,YML040W,0,0.90292543,0.10162056982517242,0.8265609741210938,0.7379641532897949
YNL084C,YJL162C,0,0.9029229,0.10160818696022034,0.8265609741210938,0.7380642294883728
YMR110C,YMR019W,0,0.90288967,0.10159581154584885,0.8265609741210938,0.7381643652915955
YER050C,YLL009C,0,0.9028573,0.10158343613147736,0.8265609741210938,0.7382644414901733
YBR112C,YGR056W,1,0.9028417,0.10169284790754318,0.8275520205497742,0.7382644414901733
YOR315W,YNL289W,0,0.9027545,0.1016804650425911,0.8275520205497742,0.7383645176887512
YER098W,YMR002W,0,0.902753,0.1016680896282196,0.8275520205497742,0.7384645938873291
YLR459W,YKR053C,0,0.90274984,0.10165570676326752,0.8275520205497742,0.7385647296905518
YOR141C,YBR215W,1,0.9027436,0.10176506638526917,0.8285431265830994,0.7385647296905518
YBR189W,YGR134W,0,0.9027432,0.10175267606973648,0.8285431265830994,0.7386648058891296
YMR182C,YGL119W,0,0.9027023,0.1017402932047844,0.8285431265830994,0.7387648820877075
YPL058C,YOL020W,0,0.90260196,0.1017279177904129,0.8285431265830994,0.7388649582862854
YLR017W,YPR154W,0,0.90242785,0.10171553492546082,0.8285431265830994,0.7389650940895081
YNL078W,YKL045W,0,0.9024256,0.10170315951108932,0.8285431265830994,0.7390651702880859
YIL006W,YPR043W,0,0.9024225,0.10169079154729843,0.8285431265830994,0.7391652464866638
YMR188C,YJR013W,0,0.90241915,0.10167842358350754,0.8285431265830994,0.7392653226852417
YDR334W,YPL127C,1,0.902418,0.10178767144680023,0.8295341730117798,0.7392653226852417
YOR038C,YHR056C,1,0.9024027,0.10189688950777054,0.830525279045105,0.7392653226852417
YDL067C,YNR017W,0,0.9023427,0.10188449919223785,0.830525279045105,0.7393654584884644
YJL011C,YMR127C,0,0.902328,0.10187211632728577,0.830525279045105,0.7394655346870422
YML060W,YNL317W,0,0.90232104,0.10185973346233368,0.830525279045105,0.7395656108856201
YPL115C,YLR033W,0,0.90217847,0.10184735059738159,0.830525279045105,0.739665687084198
YGR189C,YIL095W,0,0.90217316,0.1018349751830101,0.830525279045105,0.7397657632827759
YDR304C,YBR245C,0,0.9021548,0.10182259976863861,0.830525279045105,0.7398658990859985
YGR296W,YLR284C,0,0.9020771,0.10181023180484772,0.830525279045105,0.7399659752845764
YJR130C,YDR470C,0,0.90207297,0.10179786384105682,0.830525279045105,0.7400660514831543
YOL120C,YDR247W,0,0.9020006,0.10178549587726593,0.830525279045105,0.7401661276817322
YOR259C,YHR067W,0,0.90183175,0.10177313536405563,0.830525279045105,0.7402662634849548
YDR524C,YGL050W,0,0.9017639,0.10176077485084534,0.830525279045105,0.7403663396835327
YNL117W,YBR301W,0,0.90173554,0.10174842178821564,0.830525279045105,0.7404664158821106
YOR027W,YOR249C,0,0.9016932,0.10173606872558594,0.830525279045105,0.7405664920806885
YLR201C,YDR130C,0,0.9016681,0.10172371566295624,0.830525279045105,0.7406666278839111
YJR140C,YPL153C,1,0.90165573,0.10183274745941162,0.8315163254737854,0.7406666278839111
YLR234W,YHR110W,0,0.9016204,0.10182038694620132,0.8315163254737854,0.740766704082489
YBR020W,YGR246C,0,0.9016002,0.10180803388357162,0.8315163254737854,0.7408667802810669
YGL122C,YGL005C,0,0.9015519,0.10179568082094193,0.8315163254737854,0.7409668564796448
YLR095C,YLR399C,1,0.9014945,0.10190464556217194,0.8325074315071106,0.7409668564796448
YNL202W,YCL004W,0,0.90138894,0.10189228504896164,0.8325074315071106,0.7410669326782227
YDR363W,YLR385C,1,0.90125763,0.10200121253728867,0.8334985375404358,0.7410669326782227
YDR155C,YGR274C,1,0.90124536,0.1021101176738739,0.8344895839691162,0.7410669326782227
YDL121C,YDL184C,0,0.9011749,0.10209773480892181,0.8344895839691162,0.7411670684814453
YCL025C,YBR123C,0,0.9011663,0.10208535194396973,0.8344895839691162,0.7412671446800232
YPR128C,YNR006W,0,0.9011487,0.10207297652959824,0.8344895839691162,0.7413672208786011
YJL170C,YOR138C,0,0.9011293,0.10206060856580734,0.8344895839691162,0.741467297077179
YGL051W,YOL129W,0,0.901125,0.10204823315143585,0.8344895839691162,0.7415674328804016
YDR461W,YCR106W,0,0.9011103,0.10203587263822556,0.8344895839691162,0.7416675090789795
YPL106C,YCR028C,0,0.90104717,0.10202350467443466,0.8344895839691162,0.7417675852775574
YMR037C,YGR212W,0,0.90099657,0.10201114416122437,0.8344895839691162,0.7418676614761353
YOR147W,YJR010C-A,0,0.9009862,0.10199879109859467,0.8344895839691162,0.7419677972793579
YNL054W,YNL076W,0,0.9009859,0.10198643058538437,0.8344895839691162,0.7420678734779358
YLR432W,YDL124W,0,0.90094155,0.10197408497333527,0.8344895839691162,0.7421679496765137
YFR029W,YER061C,0,0.9008892,0.10196173191070557,0.8344895839691162,0.7422680258750916
YIL131C,YNL206C,1,0.90086085,0.10207046568393707,0.8354806900024414,0.7422680258750916
YNL182C,YOL010W,0,0.9008556,0.10205811262130737,0.8354806900024414,0.7423681020736694
YBL052C,YLR150W,0,0.90082407,0.10204575955867767,0.8354806900024414,0.7424682378768921
YKR105C,YPL244C,0,0.90075356,0.10203340649604797,0.8354806900024414,0.74256831407547
YBR061C,YML052W,0,0.90072757,0.10202106088399887,0.8354806900024414,0.7426683902740479
YMR040W,YEL069C,0,0.9007095,0.10200871527194977,0.8354806900024414,0.7427684664726257
YOR004W,YPR189W,0,0.9006815,0.10199636965990067,0.8354806900024414,0.7428686022758484
YOR351C,YOR075W,0,0.9006287,0.10198403149843216,0.8354806900024414,0.7429686784744263
YPR055W,YCL035C,0,0.90058404,0.10197169333696365,0.8354806900024414,0.7430687546730042
YOR319W,YDR234W,0,0.9005383,0.10195936262607574,0.8354806900024414,0.743168830871582
YJR058C,YOL132W,0,0.90053356,0.10194703191518784,0.8354806900024414,0.7432689666748047
YPL049C,YNR001C,0,0.90052986,0.10193470120429993,0.8354806900024414,0.7433690428733826
YBL026W,YMR139W,0,0.9005003,0.10192237794399261,0.8354806900024414,0.7434691190719604
YGL163C,YPL173W,0,0.9004379,0.1019100546836853,0.8354806900024414,0.7435691952705383
YNR022C,YIL036W,0,0.90042794,0.10189773887395859,0.8354806900024414,0.743669331073761
YMR234W,YJL103C,0,0.9002939,0.10188542306423187,0.8354806900024414,0.7437694072723389
YDR254W,YKR053C,0,0.9002815,0.10187311470508575,0.8354806900024414,0.7438694834709167
YDR533C,YER175C,0,0.9002474,0.10186079889535904,0.8354806900024414,0.7439695596694946
YHR120W,YKR088C,0,0.9002303,0.10184849798679352,0.8354806900024414,0.7440696358680725
YBR145W,YMR026C,0,0.90022874,0.1018361896276474,0.8354806900024414,0.7441697716712952
YKL129C,YOR372C,0,0.9001893,0.10182388871908188,0.8354806900024414,0.744269847869873
YFL013C,YDL105W,1,0.90012085,0.10193236917257309,0.8364717364311218,0.744269847869873
YMR286W,YLR131C,0,0.9001147,0.10192006081342697,0.8364717364311218,0.7443699240684509
YKL034W,YGL067W,0,0.9001099,0.10190775245428085,0.8364717364311218,0.7444700002670288
YOR244W,YDR145W,1,0.90010315,0.10201618075370789,0.837462842464447,0.7444700002670288
YER044C,YGL163C,0,0.9000844,0.10200386494398117,0.837462842464447,0.7445701360702515
YGL094C,YOL117W,0,0.9000727,0.10199154913425446,0.837462842464447,0.7446702122688293
YPR171W,YLR158C,0,0.900046,0.10197924077510834,0.837462842464447,0.7447702884674072
YKL135C,YLR039C,0,0.89998937,0.10196693986654282,0.837462842464447,0.7448703646659851
YKL186C,YLR221C,0,0.8999593,0.1019546315073967,0.837462842464447,0.7449705004692078
YMR273C,YBL024W,0,0.89995855,0.10194233059883118,0.837462842464447,0.7450705766677856
YOR356W,YHR153C,0,0.89995587,0.10193003714084625,0.837462842464447,0.7451706528663635
YER176W,YJR083C,0,0.89990425,0.10191774368286133,0.837462842464447,0.7452707290649414
YLR399C,YBR089C-A,1,0.89988875,0.10202605277299881,0.8384538888931274,0.7452707290649414
YJR082C,YOR310C,0,0.8998518,0.10201374441385269,0.8384538888931274,0.7453708052635193
YKR038C,YMR227C,0,0.89973366,0.10200144350528717,0.8384538888931274,0.7454709410667419
YOR099W,YML127W,0,0.8996561,0.10198915004730225,0.8384538888931274,0.7455710172653198
YOR001W,YHR214C-B,0,0.8995434,0.10197685658931732,0.8384538888931274,0.7456710934638977
YOL028C,YLR141W,0,0.8994748,0.1019645631313324,0.8384538888931274,0.7457711696624756
YKR056W,YPL177C,0,0.8994482,0.10195227712392807,0.8384538888931274,0.7458713054656982
YML102W,YDL042C,1,0.89936453,0.10206048935651779,0.8394449949264526,0.7458713054656982
YDR389W,YDR273W,0,0.8993517,0.10204819589853287,0.8394449949264526,0.7459713816642761
YMR071C,YNL304W,0,0.8992919,0.10203590244054794,0.8394449949264526,0.746071457862854
YDR002W,YPR125W,0,0.89927226,0.10202360898256302,0.8394449949264526,0.7461715340614319
YPR028W,YDL128W,0,0.89926666,0.10201132297515869,0.8394449949264526,0.7462716698646545
YNL094W,YNL008C,0,0.899153,0.10199903696775436,0.8394449949264526,0.7463717460632324
YMR097C,YDR523C,0,0.8991209,0.10198675841093063,0.8394449949264526,0.7464718222618103
YNL166C,YMR078C,0,0.8991154,0.1019744798541069,0.8394449949264526,0.7465718984603882
YJR132W,YML063W,0,0.8990981,0.10196220129728317,0.8394449949264526,0.7466720342636108
YOR123C,YOR298W,0,0.8989978,0.10194993019104004,0.8394449949264526,0.7467721104621887
YGR089W,YEL062W,0,0.8989957,0.1019376590847969,0.8394449949264526,0.7468721866607666
YGR239C,YBR289W,0,0.89890736,0.10192538797855377,0.8394449949264526,0.7469722628593445
YDR486C,YML043C,0,0.8988367,0.10191312432289124,0.8394449949264526,0.7470723390579224
YNL330C,YFR037C,1,0.8988365,0.10202117264270782,0.8404361009597778,0.7470723390579224
YMR112C,YDR383C,0,0.8987978,0.10200890153646469,0.8404361009597778,0.747172474861145
YER089C,YER074W,0,0.8987484,0.10199663043022156,0.8404361009597778,0.7472725510597229
YNL135C,YML041C,1,0.89873064,0.10210462659597397,0.8414271473884583,0.7472725510597229
YMR169C,YMR256C,0,0.89871967,0.10209235548973083,0.8414271473884583,0.7473726272583008
YBR020W,YKL069W,0,0.8986952,0.1020800769329071,0.8414271473884583,0.7474727034568787
YCR096C,YBR123C,0,0.8986813,0.10206780582666397,0.8414271473884583,0.7475728392601013
YOR049C,YML077W,0,0.8985465,0.10205553472042084,0.8414271473884583,0.7476729154586792
YHR088W,YBR164C,0,0.8984235,0.1020432710647583,0.8414271473884583,0.7477729916572571
YDL202W,YHR167W,0,0.8983877,0.10203100740909576,0.8414271473884583,0.747873067855835
YPL129W,YOR141C,1,0.89833546,0.10213890671730042,0.8424182534217834,0.747873067855835
YBL028C,YNL309W,0,0.89819604,0.10212663561105728,0.8424182534217834,0.7479732036590576
YPR095C,YOL096C,0,0.89819354,0.10211436450481415,0.8424182534217834,0.7480732798576355
YDR362C,YNL283C,0,0.8981455,0.10210210084915161,0.8424182534217834,0.7481733560562134
YNL107W,YER051W,0,0.8981269,0.10208983719348907,0.8424182534217834,0.7482734322547913
YCR106W,YER091C,0,0.8981054,0.10207758098840714,0.8424182534217834,0.7483735084533691
YER095W,YBL091C,0,0.8980062,0.1020653247833252,0.8424182534217834,0.7484736442565918
YNR023W,YMR239C,1,0.89795375,0.10217312723398209,0.8434092998504639,0.7484736442565918
YHR010W,YBR172C,0,0.89790374,0.10216086357831955,0.8434092998504639,0.7485737204551697
YDL033C,YMR002W,0,0.89790213,0.10214859992265701,0.8434092998504639,0.7486737966537476
YKL042W,YML041C,0,0.89787287,0.10213634371757507,0.8434092998504639,0.7487738728523254
YPR002W,YJL082W,0,0.8978544,0.10212408751249313,0.8434092998504639,0.7488740086555481
YPR152C,YGR097W,0,0.89783835,0.1021118313074112,0.8434092998504639,0.748974084854126
YBR251W,YDR390C,0,0.89769775,0.10209958255290985,0.8434092998504639,0.7490741610527039
YPL007C,YJR084W,0,0.89766586,0.10208733379840851,0.8434092998504639,0.7491742372512817
YCR052W,YDR518W,0,0.8976643,0.10207508504390717,0.8434092998504639,0.7492743730545044
YLR033W,YFR013W,1,0.89764106,0.1021827757358551,0.8444004058837891,0.7492743730545044
YGR002C,YGL019W,0,0.89763725,0.10217052698135376,0.8444004058837891,0.7493744492530823
YDL171C,YCR024C,0,0.89762175,0.10215827077627182,0.8444004058837891,0.7494745254516602
YLR396C,YJL174W,0,0.8976204,0.10214602202177048,0.8444004058837891,0.749574601650238
YDR341C,YDR144C,0,0.89760584,0.10213378071784973,0.8444004058837891,0.7496746778488159
YKL001C,YNR032C-A,0,0.8975107,0.10212153941392899,0.8444004058837891,0.7497748136520386
YML011C,YML028W,0,0.89750046,0.10210929811000824,0.8444004058837891,0.7498748898506165
YJR057W,YPR196W,0,0.89730364,0.10209706425666809,0.8444004058837891,0.7499749660491943
YDR389W,YIL042C,0,0.89730257,0.10208483040332794,0.8444004058837891,0.7500750422477722
YGR288W,YNR027W,0,0.8972518,0.10207260400056839,0.8444004058837891,0.7501751780509949
YKR085C,YMR319C,0,0.8972469,0.10206037014722824,0.8444004058837891,0.7502752542495728
YOR257W,YAL062W,0,0.89719504,0.10204815119504929,0.8444004058837891,0.7503753304481506
YJR133W,YNL161W,0,0.8971761,0.10203592479228973,0.8444004058837891,0.7504754066467285
YHR052W,YPR060C,0,0.89715064,0.10202371329069138,0.8444004058837891,0.7505755424499512
YPR028W,YLR316C,0,0.8971375,0.10201149433851242,0.8444004058837891,0.750675618648529
YLR328W,YAL012W,0,0.8970806,0.10199928283691406,0.8444004058837891,0.7507756948471069
YML102W,YML109W,1,0.89704794,0.10210677236318588,0.8453914523124695,0.7507756948471069
YCR052W,YKR083C,0,0.89700365,0.10209455341100693,0.8453914523124695,0.7508757710456848
YKR105C,YDR044W,0,0.8969606,0.10208233445882797,0.8453914523124695,0.7509759068489075
YCR075C,YGL246C,0,0.89688283,0.10207012295722961,0.8453914523124695,0.7510759830474854
YDR234W,YHR190W,0,0.8968649,0.10205791145563126,0.8453914523124695,0.7511760592460632
YJR103W,YNL297C,0,0.896863,0.1020456999540329,0.8453914523124695,0.7512761354446411
YPL068C,YNL238W,0,0.89683735,0.10203349590301514,0.8453914523124695,0.751376211643219
YLR209C,YCL057W,0,0.89680356,0.10202129185199738,0.8453914523124695,0.7514763474464417
YKL172W,YGR200C,0,0.8968005,0.10200908780097961,0.8453914523124695,0.7515764236450195
YDR117C,YOR176W,0,0.89672905,0.10199689120054245,0.8453914523124695,0.7516764998435974
YOR308C,YBR006W,0,0.8967132,0.10198469460010529,0.8453914523124695,0.7517765760421753
YHR099W,YHR031C,0,0.8966625,0.10197250545024872,0.8453914523124695,0.751876711845398
YPL178W,YNL251C,0,0.8966088,0.10196031630039215,0.8453914523124695,0.7519767880439758
YBR074W,YMR098C,0,0.89654964,0.10194812715053558,0.8453914523124695,0.7520768642425537
YHR214C-B,YKL165C,0,0.89642394,0.10193594545125961,0.8453914523124695,0.7521769404411316
YOL026C,YOR274W,0,0.89642066,0.10192376375198364,0.8453914523124695,0.7522770762443542
YKL194C,YDR486C,0,0.8964094,0.10191158950328827,0.8453914523124695,0.7523771524429321
YPR190C,YLR015W,0,0.8964034,0.1018994152545929,0.8453914523124695,0.75247722864151
YOR143C,YJR055W,0,0.89638,0.10188724100589752,0.8453914523124695,0.7525773048400879
YPL089C,YOL126C,0,0.8963288,0.10187507420778275,0.8453914523124695,0.7526773810386658
YCL024W,YDR052C,0,0.8962569,0.10186290740966797,0.8453914523124695,0.7527775168418884
YMR235C,YLL024C,0,0.89623415,0.10185074806213379,0.8453914523124695,0.7528775930404663
YDR464W,YDR496C,0,0.89611334,0.10183858871459961,0.8453914523124695,0.7529776692390442
YDR420W,YIL130W,0,0.89611167,0.10182642936706543,0.8453914523124695,0.7530777454376221
YBR231C,YKL112W,1,0.89610004,0.10193363577127457,0.8463825583457947,0.7530777454376221
YLR357W,YNL021W,1,0.8960754,0.10204081982374191,0.8473736643791199,0.7530777454376221
YDR100W,YPL209C,0,0.8960386,0.10202863812446594,0.8473736643791199,0.7531778812408447
YNL212W,YGR191W,0,0.89599633,0.10201646387577057,0.8473736643791199,0.7532779574394226
YGL209W,YGR188C,0,0.89592475,0.10200429707765579,0.8473736643791199,0.7533780336380005
YGL064C,YHR073W,0,0.8958303,0.10199213027954102,0.8473736643791199,0.7534781098365784
YKR069W,YAL030W,0,0.8957966,0.10197996348142624,0.8473736643791199,0.753578245639801
YKL002W,YDR496C,0,0.8957616,0.10196779668331146,0.8473736643791199,0.7536783218383789
YDL220C,YNL216W,0,0.89575756,0.10195563733577728,0.8473736643791199,0.7537783980369568
YIL009C-A,YMR227C,0,0.89571965,0.1019434854388237,0.8473736643791199,0.7538784742355347
YGL068W,YGR252W,0,0.89566374,0.10193133354187012,0.8473736643791199,0.7539786100387573
YER117W,YNL162W,0,0.8956477,0.10191918164491653,0.8473736643791199,0.7540786862373352
YKR008W,YNL246W,1,0.89562863,0.10202622413635254,0.8483647108078003,0.7540786862373352
YGR193C,YPL111W,0,0.89562607,0.10201406478881836,0.8483647108078003,0.7541787624359131
YBR087W,YOL018C,0,0.8956025,0.10200190544128418,0.8483647108078003,0.754278838634491
YGL222C,YLR206W,0,0.8955783,0.1019897535443306,0.8483647108078003,0.7543789148330688
YDR088C,YDR469W,0,0.8955135,0.10197760164737701,0.8483647108078003,0.7544790506362915
YDR402C,YDL190C,0,0.8954406,0.10196545720100403,0.8483647108078003,0.7545791268348694
YGR047C,YMR163C,0,0.8954314,0.10195331275463104,0.8483647108078003,0.7546792030334473
YMR101C,YPR005C,0,0.89542776,0.10194116830825806,0.8483647108078003,0.7547792792320251
YOR141C,YJL194W,1,0.8953673,0.1020481064915657,0.8493558168411255,0.7547792792320251
YDR235W,YLR259C,0,0.8953627,0.10203595459461212,0.8493558168411255,0.7548794150352478
YBR150C,YDR079W,0,0.8953407,0.10202381014823914,0.8493558168411255,0.7549794912338257
YBR020W,YER180C,0,0.89533544,0.10201166570186615,0.8493558168411255,0.7550795674324036
YGR144W,YAL017W,0,0.89524776,0.10199952125549316,0.8493558168411255,0.7551796436309814
YHR004C,YIL111W,0,0.8951875,0.10198738425970078,0.8493558168411255,0.7552797794342041
YKL043W,YML051W,0,0.89518225,0.10197524726390839,0.8493558168411255,0.755379855632782
YLR151C,YDR350C,0,0.89516765,0.1019631177186966,0.8493558168411255,0.7554799318313599
YNL044W,YJR155W,0,0.89515114,0.1019509881734848,0.8493558168411255,0.7555800080299377
YIL160C,YKL020C,0,0.89511603,0.10193885862827301,0.8493558168411255,0.7556800842285156
YDR076W,YPR163C,0,0.89501035,0.10192673653364182,0.8493558168411255,0.7557802200317383
YML012W,YNL287W,0,0.8950053,0.10191461443901062,0.8493558168411255,0.7558802962303162
YMR268W-A,YDR460W,0,0.89497143,0.10190249979496002,0.8493558168411255,0.755980372428894
YMR112C,YIR037W,0,0.8947616,0.10189038515090942,0.8493558168411255,0.7560804486274719
YGL062W,YDR280W,0,0.8947469,0.10187827050685883,0.8493558168411255,0.7561805844306946
YKL004W,YCL048W,0,0.8947228,0.10186615586280823,0.8493558168411255,0.7562806606292725
YDR072C,YGR012W,0,0.8947188,0.10185405611991882,0.8493558168411255,0.7563807368278503
YDR358W,YMR313C,0,0.8946878,0.10184194892644882,0.8493558168411255,0.7564808130264282
YER099C,YDR279W,0,0.8946229,0.10182984918355942,0.8493558168411255,0.7565809488296509
YDL078C,YKL090W,0,0.8946137,0.10181774944067001,0.8493558168411255,0.7566810250282288
YER023W,YPR072W,0,0.8945756,0.1018056571483612,0.8493558168411255,0.7567811012268066
YPR042C,YKL002W,0,0.8945725,0.1017935648560524,0.8493558168411255,0.7568811774253845
YBR142W,YLR288C,0,0.8945359,0.10178147256374359,0.8493558168411255,0.7569812536239624
YML028W,YDL061C,0,0.8945204,0.10176938772201538,0.8493558168411255,0.7570813894271851
YOR136W,YFL021W,0,0.89449984,0.10175730288028717,0.8493558168411255,0.7571814656257629
YKL150W,YDR195W,0,0.89443517,0.10174521803855896,0.8493558168411255,0.7572815418243408
YCR044C,YNL330C,0,0.8943806,0.10173314064741135,0.8493558168411255,0.7573816180229187
YDL046W,YOR332W,0,0.8943283,0.10172107070684433,0.8493558168411255,0.7574817538261414
YJR135W-A,YLR160C,0,0.89426047,0.10170899331569672,0.8493558168411255,0.7575818300247192
YMR143W,YLR447C,0,0.89421606,0.1016969233751297,0.8493558168411255,0.7576819062232971
YBL074C,YFL049W,0,0.8940693,0.10168486088514328,0.8493558168411255,0.757781982421875
YPL244C,YDR364C,0,0.89406884,0.10167279839515686,0.8493558168411255,0.7578821182250977
YPR162C,YPL235W,1,0.8940504,0.10177935659885406,0.8503468632698059,0.7578821182250977
YNL307C,YDL097C,0,0.8939989,0.10176728665828705,0.8503468632698059,0.7579821944236755
YCL055W,YBR187W,0,0.893984,0.10175521671772003,0.8503468632698059,0.7580822706222534
YPL082C,YJL170C,0,0.89397883,0.10174315422773361,0.8503468632698059,0.7581823468208313
YKL021C,YIL145C,0,0.8938435,0.10173109173774719,0.8503468632698059,0.758282482624054
YBR202W,YGR212W,0,0.89379185,0.10171902924776077,0.8503468632698059,0.7583825588226318
YOR323C,YNL218W,0,0.8937209,0.10170696675777435,0.8503468632698059,0.7584826350212097
YAL013W,YDL220C,0,0.89370406,0.10169491171836853,0.8503468632698059,0.7585827112197876
YLR068W,YGL212W,0,0.89369243,0.1016828641295433,0.8503468632698059,0.7586827874183655
YPR007C,YIL048W,0,0.89367974,0.10167081654071808,0.8503468632698059,0.7587829232215881
YPR175W,YDL246C,0,0.8936713,0.10165876895189285,0.8503468632698059,0.758882999420166
YCL036W,YDR205W,0,0.89364403,0.10164672136306763,0.8503468632698059,0.7589830756187439
YCL001W,YGR044C,0,0.8936346,0.101634681224823,0.8503468632698059,0.7590831518173218
YPR168W,YMR100W,0,0.8936318,0.10162264853715897,0.8503468632698059,0.7591832876205444
YPL224C,YKL096W-A,0,0.8936157,0.10161060839891434,0.8503468632698059,0.7592833638191223
YMR033W,YKR030W,0,0.8935443,0.1015985757112503,0.8503468632698059,0.7593834400177002
YBR181C,YDR075W,0,0.8935443,0.10158655047416687,0.8503468632698059,0.7594835162162781
YMR160W,YER165W,0,0.8935382,0.10157452523708344,0.8503468632698059,0.7595836520195007
YDR003W,YGR005C,0,0.8935357,0.1015625,0.8503468632698059,0.7596837282180786
YLR078C,YMR004W,0,0.8934412,0.10155048221349716,0.8503468632698059,0.7597838044166565
YER051W,YOR101W,0,0.89340186,0.10153846442699432,0.8503468632698059,0.7598838806152344
YHR013C,YDR059C,0,0.89337754,0.10152644664049149,0.8503468632698059,0.7599839568138123
YJL196C,YLR045C,0,0.8933282,0.10151443630456924,0.8503468632698059,0.7600840926170349
YOR226C,YGR123C,0,0.89327013,0.101502425968647,0.8503468632698059,0.7601841688156128
YAL002W,YDR371W,0,0.8932467,0.10149041563272476,0.8503468632698059,0.7602842450141907
YGR101W,YDL200C,0,0.89323735,0.10147841274738312,0.8503468632698059,0.7603843212127686
YNR016C,YPL195W,0,0.89322615,0.10146641731262207,0.8503468632698059,0.7604844570159912
YOR008C,YDR254W,0,0.89321685,0.10145441442728043,0.8503468632698059,0.7605845332145691
YNL167C,YJL078C,0,0.89316595,0.10144241899251938,0.8503468632698059,0.760684609413147
YKL129C,YLR208W,0,0.8930682,0.10143043100833893,0.8503468632698059,0.7607846856117249
YDR137W,YKL002W,0,0.89302295,0.10141844302415848,0.8503468632698059,0.7608848214149475
YOL003C,YPL183W-A,0,0.8928986,0.10140645503997803,0.8503468632698059,0.7609848976135254
YGL226C-A,YGR199W,0,0.8928806,0.10139446705579758,0.8503468632698059,0.7610849738121033
YGR080W,YLR363C,0,0.8928474,0.10138248652219772,0.8503468632698059,0.7611850500106812
YBL030C,YOR316C,0,0.8928234,0.10137051343917847,0.8503468632698059,0.7612851858139038
YOL002C,YNL050C,0,0.8928038,0.10135853290557861,0.8503468632698059,0.7613852620124817
YER063W,YDR343C,0,0.89273953,0.10134655982255936,0.8503468632698059,0.7614853382110596
YML032C,YEL069C,0,0.8926608,0.1013345941901207,0.8503468632698059,0.7615854144096375
YLR215C,YPL234C,0,0.8926533,0.10132262855768204,0.8503468632698059,0.7616854906082153
YGR161C,YOR373W,0,0.8926366,0.10131066292524338,0.8503468632698059,0.761785626411438
YCR020W-B,YNL031C,1,0.89259446,0.10141676664352417,0.8513379693031311,0.761785626411438
YJL179W,YDL123W,0,0.8925655,0.10140479356050491,0.8513379693031311,0.7618857026100159
YLL004W,YPL235W,1,0.89249927,0.10151086002588272,0.8523290157318115,0.7618857026100159
YGL090W,YNL283C,0,0.89247465,0.10149887949228287,0.8523290157318115,0.7619857788085938
YGL223C,YLR304C,0,0.89245856,0.10148689895868301,0.8523290157318115,0.7620858550071716
YOL141W,YNR032C-A,0,0.8923336,0.10147492587566376,0.8523290157318115,0.7621859908103943
YDL139C,YDL091C,0,0.8923079,0.1014629527926445,0.8523290157318115,0.7622860670089722
YDR103W,YLR265C,0,0.8922878,0.10145098716020584,0.8523290157318115,0.76238614320755
YNR023W,YPR034W,1,0.89224446,0.10155697166919708,0.8533201217651367,0.76238614320755
YHR156C,YDR167W,0,0.89221317,0.10154499113559723,0.8533201217651367,0.7624862194061279
YMR195W,YIL076W,0,0.89220804,0.10153301805257797,0.8533201217651367,0.7625863552093506
YFL061W,YOR113W,0,0.8921976,0.10152104496955872,0.8533201217651367,0.7626864314079285
YGL005C,YML113W,0,0.89219093,0.10150907933712006,0.8533201217651367,0.7627865076065063
YMR292W,YOL018C,0,0.8921812,0.1014971137046814,0.8533201217651367,0.7628865838050842
YML113W,YER074W,0,0.89217883,0.10148514807224274,0.8533201217651367,0.7629866600036621
YMR227C,YJL076W,1,0.8921608,0.10159104317426682,0.8543112277984619,0.7629866600036621
YGL237C,YJL183W,0,0.89214927,0.10157907009124756,0.8543112277984619,0.7630867958068848
YBR278W,YKL003C,0,0.8920503,0.1015671044588089,0.8543112277984619,0.7631868720054626
YOR156C,YDR190C,0,0.89202726,0.10155513882637024,0.8543112277984619,0.7632869482040405
YLR085C,YOL090W,1,0.8920095,0.10166097432374954,0.8553022742271423,0.7632869482040405
YLR019W,YDR465C,0,0.8919171,0.10164900124073029,0.8553022742271423,0.7633870244026184
YDL110C,YDL137W,0,0.89190793,0.10163702815771103,0.8553022742271423,0.7634871602058411
YGL203C,YDR273W,0,0.8918606,0.10162506252527237,0.8553022742271423,0.763587236404419
YGR279C,YLL008W,0,0.89182115,0.10161308944225311,0.8553022742271423,0.7636873126029968
YOL064C,YBL079W,0,0.89172184,0.10160113126039505,0.8553022742271423,0.7637873888015747
YDR134C,YMR105C,0,0.89169276,0.10158917307853699,0.8553022742271423,0.7638875246047974
YNR033W,YMR203W,0,0.89165926,0.10157721489667892,0.8553022742271423,0.7639876008033752
YDR425W,YOR027W,0,0.89149827,0.10156525671482086,0.8553022742271423,0.7640876770019531
YFL017W-A,YLR088W,0,0.8914394,0.1015533059835434,0.8553022742271423,0.764187753200531
YMR311C,YOL111C,0,0.89140373,0.10154135525226593,0.8553022742271423,0.7642878293991089
YPR047W,YGL241W,0,0.8914006,0.10152941197156906,0.8553022742271423,0.7643879652023315
YIL042C,YKR044W,0,0.89137834,0.10151746869087219,0.8553022742271423,0.7644880414009094
YNL182C,YIL130W,0,0.8913332,0.10150552541017532,0.8553022742271423,0.7645881175994873
YLR096W,YML087C,0,0.89128584,0.10149358958005905,0.8553022742271423,0.7646881937980652
YER100W,YLR385C,0,0.89121306,0.10148165374994278,0.8553022742271423,0.7647883296012878
YDR081C,YGL195W,0,0.8911841,0.1014697253704071,0.8553022742271423,0.7648884057998657
YDR076W,YDR116C,0,0.8911755,0.10145779699087143,0.8553022742271423,0.7649884819984436
YNL250W,YMR234W,0,0.8911258,0.10144586861133575,0.8553022742271423,0.7650885581970215
YOL152W,YKL014C,0,0.89111304,0.10143394768238068,0.8553022742271423,0.7651886940002441
YIR002C,YLL026W,0,0.8909304,0.1014220267534256,0.8553022742271423,0.765288770198822
YLL003W,YJR053W,0,0.89062876,0.10141010582447052,0.8553022742271423,0.7653888463973999
YER053C,YMR156C,0,0.8905929,0.10139819234609604,0.8553022742271423,0.7654889225959778
YGL200C,YDR261C,0,0.8905426,0.10138627886772156,0.8553022742271423,0.7655890583992004
YOR244W,YMR127C,1,0.89054,0.10149183869361877,0.8562933802604675,0.7655890583992004
YNL221C,YPR143W,0,0.89050734,0.1014799177646637,0.8562933802604675,0.7656891345977783
YHR096C,YKL192C,0,0.8904697,0.10146799683570862,0.8562933802604675,0.7657892107963562
YPL239W,YER159C,0,0.8904366,0.10145608335733414,0.8562933802604675,0.7658892869949341
YDR334W,YPR052C,1,0.89043385,0.10156158357858658,0.857284426689148,0.7658892869949341
YJL034W,YAL007C,0,0.8904289,0.1015496626496315,0.857284426689148,0.765989363193512
YPL064C,YBR175W,0,0.89040303,0.10153774172067642,0.857284426689148,0.7660894989967346
YIL136W,YJR049C,0,0.89040154,0.10152582079172134,0.857284426689148,0.7661895751953125
YGL151W,YDL229W,0,0.8903436,0.10151390731334686,0.857284426689148,0.7662896513938904
YGR002C,YDR225W,1,0.8903014,0.10161934047937393,0.8582755327224731,0.7662896513938904
YDR115W,YKL013C,0,0.8902795,0.10160741209983826,0.8582755327224731,0.7663897275924683
YNL133C,YOR180C,0,0.8902573,0.10159549862146378,0.8582755327224731,0.7664898633956909
YBR175W,YDL019C,0,0.890205,0.1015835776925087,0.8582755327224731,0.7665899395942688
YBR267W,YGL222C,0,0.8901187,0.10157166421413422,0.8582755327224731,0.7666900157928467
YAL062W,YPR054W,0,0.88998866,0.10155975073575974,0.8582755327224731,0.7667900919914246
YDL138W,YIL170W,0,0.88988113,0.10154784470796585,0.8582755327224731,0.7668902277946472
YER020W,YKL138C,0,0.8898629,0.10153593868017197,0.8582755327224731,0.7669903039932251
YNL059C,YFL049W,1,0.8898153,0.10164126753807068,0.8592665791511536,0.7669903039932251
YGR123C,YCL031C,0,0.88976645,0.1016293540596962,0.8592665791511536,0.767090380191803
YDR055W,YML028W,0,0.8897487,0.10161744058132172,0.8592665791511536,0.7671904563903809
YGL061C,YER029C,0,0.88955593,0.10160553455352783,0.8592665791511536,0.7672905325889587
YDL074C,YER090W,0,0.88951224,0.10159362852573395,0.8592665791511536,0.7673906683921814
YNL261W,YDR485C,1,0.8894927,0.10169889032840729,0.8602576851844788,0.7673906683921814
YLR107W,YHR101C,0,0.88947374,0.10168696939945221,0.8602576851844788,0.7674907445907593
YLR095C,YER161C,1,0.88944787,0.10179220139980316,0.8612487316131592,0.7674907445907593
YMR056C,YDR481C,0,0.8894204,0.10178027302026749,0.8612487316131592,0.7675908207893372
YPR018W,YJL127C,1,0.8894094,0.10188546776771545,0.8622398376464844,0.7675908207893372
YLR042C,YLR268W,0,0.88939506,0.10187353938817978,0.8622398376464844,0.767690896987915
YGR275W,YJL080C,1,0.8893717,0.10197868943214417,0.8632309436798096,0.767690896987915
YHR103W,YMR256C,0,0.8893694,0.1019667536020279,0.8632309436798096,0.7677910327911377
YMR089C,YDL146W,0,0.88935304,0.10195481777191162,0.8632309436798096,0.7678911089897156
YPR081C,YPR162C,0,0.8893403,0.10194288194179535,0.8632309436798096,0.7679911851882935
YDR447C,YER074W,0,0.8892582,0.10193095356225967,0.8632309436798096,0.7680912613868713
YDR002W,YKR102W,0,0.8892524,0.101919025182724,0.8632309436798096,0.768191397190094
YOR308C,YPR026W,0,0.8891814,0.10190710425376892,0.8632309436798096,0.7682914733886719
YCR014C,YOR027W,0,0.8891211,0.10189518332481384,0.8632309436798096,0.7683915495872498
YBR181C,YDR014W,0,0.8890412,0.10188326239585876,0.8632309436798096,0.7684916257858276
YKR052C,YHR133C,0,0.8890081,0.10187134146690369,0.8632309436798096,0.7685917615890503
YNL175C,YNL178W,0,0.88900757,0.1018594279885292,0.8632309436798096,0.7686918377876282
YKR019C,YOL012C,1,0.8889028,0.10196445137262344,0.86422199010849,0.7686918377876282
YIR025W,YLR417W,0,0.88890064,0.10195253044366837,0.86422199010849,0.768791913986206
YCL059C,YCR014C,0,0.88889015,0.10194060951471329,0.86422199010849,0.7688919901847839
YGL206C,YHR136C,0,0.88883656,0.1019286960363388,0.86422199010849,0.7689920663833618
YML058W-A,YNR037C,0,0.88883,0.10191678255796432,0.86422199010849,0.7690922021865845
YPR186C,YOR123C,0,0.88880694,0.10190487653017044,0.86422199010849,0.7691922783851624
YJR058C,YPL099C,0,0.8887418,0.10189296305179596,0.86422199010849,0.7692923545837402
YCR036W,YGL098W,0,0.888733,0.10188106447458267,0.86422199010849,0.7693924307823181
YBR006W,YEL015W,0,0.8886875,0.10186915844678879,0.86422199010849,0.7694925665855408
YDR003W,YEL053C,0,0.8886833,0.1018572598695755,0.86422199010849,0.7695926427841187
YLR291C,YMR168C,0,0.8886723,0.10184536129236221,0.86422199010849,0.7696927189826965
YDL074C,YDR281C,0,0.8885574,0.10183347016572952,0.86422199010849,0.7697927951812744
YKL182W,YGL089C,0,0.8885353,0.10182157903909683,0.86422199010849,0.7698929309844971
YPL063W,YIR014W,0,0.8885004,0.10180968791246414,0.86422199010849,0.769993007183075
YGR184C,YBR122C,0,0.8884612,0.10179780423641205,0.86422199010849,0.7700930833816528
YER120W,YNL070W,0,0.88842165,0.10178592056035995,0.86422199010849,0.7701931595802307
YPL106C,YNL286W,0,0.8884153,0.10177404433488846,0.86422199010849,0.7702932357788086
YOR038C,YMR005W,0,0.88834876,0.10176216810941696,0.86422199010849,0.7703933715820312
YGR103W,YKL203C,0,0.8883122,0.10175029188394547,0.86422199010849,0.7704934477806091
YBR074W,YPL175W,0,0.8883039,0.10173842310905457,0.86422199010849,0.770593523979187
YER015W,YNL212W,0,0.88828856,0.10172655433416367,0.86422199010849,0.7706936001777649
YKL168C,YBR213W,0,0.8882719,0.10171468555927277,0.86422199010849,0.7707937359809875
YBR241C,YGR082W,0,0.88824636,0.10170282423496246,0.86422199010849,0.7708938121795654
YOR283W,YDR280W,0,0.8882404,0.10169096291065216,0.86422199010849,0.7709938883781433
YLR147C,YPR167C,0,0.88819826,0.10167910158634186,0.86422199010849,0.7710939645767212
YKL170W,YOR227W,0,0.888188,0.10166724771261215,0.86422199010849,0.7711941003799438
YHR197W,YJR041C,0,0.8880921,0.10165539383888245,0.86422199010849,0.7712941765785217
YDL083C,YOR157C,0,0.8880582,0.10164354741573334,0.86422199010849,0.7713942527770996
YMR257C,YDL060W,0,0.88802093,0.10163170099258423,0.86422199010849,0.7714943289756775
YDL106C,YPL022W,0,0.8880153,0.10161985456943512,0.86422199010849,0.7715944647789001
YLR186W,YNL137C,0,0.8879933,0.10160801559686661,0.86422199010849,0.771694540977478
YDL202W,YMR114C,0,0.88796824,0.1015961766242981,0.86422199010849,0.7717946171760559
YER032W,YFR003C,0,0.88793945,0.10158434510231018,0.86422199010849,0.7718946933746338
YAL010C,YJL035C,0,0.8878605,0.10157251358032227,0.86422199010849,0.7719947695732117
YIL115C,YPR110C,0,0.88785905,0.10156068205833435,0.86422199010849,0.7720949053764343
YCL061C,YLR357W,1,0.88783914,0.10166531056165695,0.8652130961418152,0.7720949053764343
YPL172C,YER015W,0,0.88781786,0.10165347158908844,0.8652130961418152,0.7721949815750122
YBR251W,YLR158C,0,0.88781714,0.10164163261651993,0.8652130961418152,0.7722950577735901
YLR098C,YJR053W,0,0.887803,0.10162980109453201,0.8652130961418152,0.772395133972168
YDR165W,YKL093W,0,0.88778657,0.1016179695725441,0.8652130961418152,0.7724952697753906
YLL048C,YDR508C,0,0.8877609,0.10160614550113678,0.8652130961418152,0.7725953459739685
YDL217C,YMR001C,0,0.8877257,0.10159432142972946,0.8652130961418152,0.7726954221725464
YDR527W,YLL002W,0,0.8877224,0.10158249735832214,0.8652130961418152,0.7727954983711243
YER140W,YDR219C,0,0.8877076,0.10157068073749542,0.8652130961418152,0.7728956341743469
YEL018W,YNL008C,0,0.8876935,0.1015588641166687,0.8652130961418152,0.7729957103729248
YPR098C,YOL136C,0,0.8876337,0.10154705494642258,0.8652130961418152,0.7730957865715027
YDR486C,YGR046W,0,0.8875733,0.10153523832559586,0.8652130961418152,0.7731958627700806
YKR053C,YNR072W,0,0.8875519,0.10152343660593033,0.8652130961418152,0.7732959389686584
YLR151C,YGL178W,0,0.88753384,0.1015116274356842,0.8652130961418152,0.7733960747718811
YDL190C,YCL034W,0,0.8873833,0.10149982571601868,0.8652130961418152,0.773496150970459
YJL155C,YKL029C,0,0.8873256,0.10148802399635315,0.8652130961418152,0.7735962271690369
YMR247C,YOR019W,0,0.8872596,0.10147622972726822,0.8652130961418152,0.7736963033676147
YDR503C,YJL167W,0,0.8872386,0.10146443545818329,0.8652130961418152,0.7737964391708374
YJR127C,YGL019W,0,0.8871948,0.10145264118909836,0.8652130961418152,0.7738965153694153
YKR019C,YDR363W,1,0.887176,0.10155705362558365,0.8662041425704956,0.7738965153694153
YIR018W,YDR201W,0,0.88712704,0.10154525190591812,0.8662041425704956,0.7739965915679932
YEL043W,YOR167C,0,0.88711417,0.10153345763683319,0.8662041425704956,0.774096667766571
YBR089C-A,YOR043W,0,0.8871043,0.10152166336774826,0.8662041425704956,0.7741968035697937
YML102W,YNL021W,1,0.8870591,0.10162601619958878,0.8671952486038208,0.7741968035697937
YDL124W,YMR005W,0,0.88702995,0.10161421447992325,0.8671952486038208,0.7742968797683716
YFL010W-A,YBR040W,0,0.8869756,0.10160241276025772,0.8671952486038208,0.7743969559669495
YPL078C,YLL045C,0,0.88691854,0.10159061849117279,0.8671952486038208,0.7744970321655273
YAL013W,YCL031C,0,0.88688004,0.10157882422208786,0.8671952486038208,0.7745971083641052
YBR074W,YNR001C,0,0.88687295,0.10156703740358353,0.8671952486038208,0.7746972441673279
YKL155C,YKL173W,0,0.8867123,0.1015552431344986,0.8671952486038208,0.7747973203659058
YJR140C,YPR034W,1,0.8866609,0.10165950655937195,0.8681862950325012,0.7747973203659058
YJL112W,YOR222W,0,0.8865785,0.10164771229028702,0.8681862950325012,0.7748973965644836
YKL179C,YKR052C,0,0.88656735,0.10163591802120209,0.8681862950325012,0.7749974727630615
YGR154C,YHR070W,0,0.88655615,0.10162413120269775,0.8681862950325012,0.7750976085662842
YLR209C,YOR026W,0,0.8864796,0.10161234438419342,0.8681862950325012,0.7751976847648621
YMR308C,YJR027W,0,0.8864265,0.10160055756568909,0.8681862950325012,0.7752977609634399
YPL209C,YIL052C,0,0.88637507,0.10158877074718475,0.8681862950325012,0.7753978371620178
YPL208W,YOR373W,0,0.88634646,0.10157699137926102,0.8681862950325012,0.7754979729652405
YKL024C,YDR276C,0,0.8863082,0.10156521946191788,0.8681862950325012,0.7755980491638184
YDR108W,YPR071W,0,0.88619614,0.10155344009399414,0.8681862950325012,0.7756981253623962
YNL094W,YDL091C,0,0.8859953,0.101541668176651,0.8681862950325012,0.7757982015609741
YNL330C,YBR198C,1,0.8859245,0.1016458049416542,0.8691774010658264,0.7757982015609741
YAL010C,YNL079C,0,0.88592046,0.10163402557373047,0.8691774010658264,0.7758983373641968
YDR464W,YPR187W,0,0.885905,0.10162224620580673,0.8691774010658264,0.7759984135627747
YOR175C,YOL129W,0,0.88589984,0.10161047428846359,0.8691774010658264,0.7760984897613525
YLR005W,YLR139C,0,0.88583493,0.10159870237112045,0.8691774010658264,0.7761985659599304
YBL098W,YKL042W,0,0.88583225,0.10158693045377731,0.8691774010658264,0.7762986421585083
YOL032W,YJR050W,0,0.8858161,0.10157516598701477,0.8691774010658264,0.776398777961731
YIL034C,YDR166C,0,0.8857587,0.10156340152025223,0.8691774010658264,0.7764988541603088
YLR359W,YNL112W,0,0.8857068,0.10155164450407028,0.8691774010658264,0.7765989303588867
YLR080W,YOR061W,0,0.885661,0.10153988748788834,0.8691774010658264,0.7766990065574646
YBL061C,YDR028C,0,0.8855438,0.10152813047170639,0.8691774010658264,0.7767991423606873
YFL061W,YOR326W,0,0.8855395,0.10151638090610504,0.8691774010658264,0.7768992185592651
YNL330C,YLR272C,1,0.8855266,0.10162036865949631,0.8701685070991516,0.7768992185592651
YMR220W,YPR182W,0,0.885496,0.10160861164331436,0.8701685070991516,0.776999294757843
YOR324C,YJL117W,0,0.8854289,0.10159685462713242,0.8701685070991516,0.7770993709564209
YPR110C,YOL076W,0,0.88538563,0.10158509761095047,0.8701685070991516,0.7771995067596436
YLR096W,YER017C,0,0.8853437,0.10157334804534912,0.8701685070991516,0.7772995829582214
YHR133C,YLR098C,0,0.88515824,0.10156159847974777,0.8701685070991516,0.7773996591567993
YOR237W,YKL190W,0,0.8851241,0.10154984891414642,0.8701685070991516,0.7774997353553772
YNL122C,YDR512C,0,0.8851229,0.10153810679912567,0.8701685070991516,0.7775998115539551
YOR266W,YBL017C,0,0.88509244,0.10152636468410492,0.8701685070991516,0.7776999473571777
YGL096W,YOR304W,0,0.8850703,0.10151462256908417,0.8701685070991516,0.7778000235557556
YDR362C,YIL167W,0,0.88504416,0.10150288790464401,0.8701685070991516,0.7779000997543335
YBL008W,YNL021W,1,0.8850277,0.10160674899816513,0.871159553527832,0.7779000997543335
YNL242W,YDR018C,0,0.88497216,0.10159500688314438,0.871159553527832,0.7780001759529114
YKL054C,YBL082C,0,0.8849291,0.10158326476812363,0.871159553527832,0.778100311756134
YDR528W,YMR038C,0,0.8849242,0.10157153010368347,0.871159553527832,0.7782003879547119
YDR437W,YLR131C,0,0.8849122,0.10155979543924332,0.871159553527832,0.7783004641532898
YGR268C,YMR118C,0,0.8848999,0.10154806077480316,0.871159553527832,0.7784005403518677
YJL165C,YLR315W,0,0.8848966,0.101536326110363,0.871159553527832,0.7785006761550903
YBR026C,YIL106W,0,0.8848636,0.10152459889650345,0.871159553527832,0.7786007523536682
YML058W-A,YDR499W,0,0.8848553,0.10151287913322449,0.871159553527832,0.7787008285522461
YKR038C,YDL112W,0,0.8848461,0.10150115191936493,0.871159553527832,0.778800904750824
YCL034W,YKL042W,0,0.8847946,0.10148943215608597,0.871159553527832,0.7789010405540466
YJL071W,YBR192W,0,0.88479215,0.1014777198433876,0.871159553527832,0.7790011167526245
YMR234W,YMR264W,0,0.8847789,0.10146600753068924,0.871159553527832,0.7791011929512024
YOR179C,YDL190C,0,0.88476783,0.10145429521799088,0.871159553527832,0.7792012691497803
YDR358W,YHR161C,0,0.8847351,0.10144258290529251,0.871159553527832,0.7793013453483582
YLR043C,YJR155W,0,0.88464457,0.10143087804317474,0.871159553527832,0.7794014811515808
YMR048W,YDR130C,0,0.88461894,0.10141917318105698,0.871159553527832,0.7795015573501587
YOR106W,YNR002C,0,0.88455135,0.1014074757695198,0.871159553527832,0.7796016335487366
YGR217W,YHR158C,0,0.8845373,0.10139577835798264,0.871159553527832,0.7797017097473145
YIL062C,YDR227W,0,0.8845023,0.10138408094644547,0.871159553527832,0.7798018455505371
YIL053W,YDL098C,0,0.8844618,0.10137239098548889,0.871159553527832,0.779901921749115
YER033C,YKR083C,0,0.8843387,0.10136070102453232,0.871159553527832,0.7800019979476929
YJR134C,YBR164C,0,0.88432914,0.10134901106357574,0.871159553527832,0.7801020741462708
YNL273W,YHR020W,0,0.8843239,0.10133732855319977,0.871159553527832,0.7802022099494934
YPL259C,YMR043W,0,0.88432217,0.10132564604282379,0.871159553527832,0.7803022861480713
YMR117C,YOL132W,0,0.8843164,0.10131397098302841,0.871159553527832,0.7804023623466492
YDL017W,YKR009C,0,0.8843005,0.10130229592323303,0.871159553527832,0.780502438545227
YJL069C,YMR048W,0,0.8842862,0.10129062086343765,0.871159553527832,0.7806025147438049
YDR022C,YDR032C,0,0.8842407,0.10127894580364227,0.871159553527832,0.7807026505470276
YLR083C,YLR259C,0,0.8842061,0.10126727819442749,0.871159553527832,0.7808027267456055
YMR034C,YOL040C,0,0.88413715,0.1012556180357933,0.871159553527832,0.7809028029441833
YBR120C,YPR155C,0,0.88412154,0.10124395042657852,0.871159553527832,0.7810028791427612
YML048W,YLR215C,0,0.88408685,0.10123229026794434,0.871159553527832,0.7811030149459839
YLR418C,YGR123C,0,0.8840572,0.10122063755989075,0.871159553527832,0.7812030911445618
YML023C,YIL167W,0,0.88404226,0.10120897740125656,0.871159553527832,0.7813031673431396
YGR143W,YHR080C,0,0.8839735,0.10119733214378357,0.871159553527832,0.7814032435417175
YAL044C,YHL031C,0,0.8839245,0.10118567943572998,0.871159553527832,0.7815033793449402
YMR091C,YDR418W,0,0.8839153,0.10117403417825699,0.871159553527832,0.7816034555435181
YGL070C,YGR004W,0,0.8839109,0.101162388920784,0.871159553527832,0.781703531742096
YPR200C,YNL214W,0,0.88383555,0.1011507511138916,0.871159553527832,0.7818036079406738
YER150W,YDR368W,0,0.8837669,0.10113910585641861,0.871159553527832,0.7819036841392517
YLL018C,YPL188W,0,0.8837003,0.10112747550010681,0.871159553527832,0.7820038199424744
YCL044C,YGR184C,0,0.8836353,0.10111583769321442,0.871159553527832,0.7821038961410522
YBL069W,YGL180W,0,0.8834745,0.10110420733690262,0.871159553527832,0.7822039723396301
YKL022C,YBR260C,0,0.88346833,0.10109258443117142,0.871159553527832,0.782304048538208
YAR031W,YNL322C,0,0.88324505,0.10108095407485962,0.871159553527832,0.7824041843414307
YMR054W,YHR186C,0,0.8831682,0.10106933116912842,0.871159553527832,0.7825042605400085
YDR218C,YNL259C,0,0.8830624,0.10105771571397781,0.871159553527832,0.7826043367385864
YOR279C,YLR288C,0,0.8830592,0.10104610025882721,0.871159553527832,0.7827044129371643
YIL030C,YLR181C,0,0.8830235,0.1010344848036766,0.871159553527832,0.782804548740387
YJL006C,YPL127C,0,0.8830059,0.101022869348526,0.871159553527832,0.7829046249389648
YOR378W,YGL137W,0,0.8829818,0.101011261343956,0.871159553527832,0.7830047011375427
YGR144W,YHR129C,0,0.88294256,0.10099965333938599,0.871159553527832,0.7831047773361206
YGR212W,YFR041C,0,0.8829135,0.10098805278539658,0.871159553527832,0.7832049131393433
YKL085W,YDR359C,0,0.8829007,0.10097645223140717,0.871159553527832,0.7833049893379211
YLR223C,YMR036C,0,0.8828993,0.10096485167741776,0.871159553527832,0.783405065536499
YHR073W,YER131W,0,0.8828392,0.10095325857400894,0.871159553527832,0.7835051417350769
YIL046W,YBL041W,0,0.882809,0.10094166547060013,0.871159553527832,0.7836052179336548
YOR310C,YOR068C,0,0.8827777,0.10093007236719131,0.871159553527832,0.7837053537368774
YBR192W,YGL158W,0,0.8827604,0.1009184867143631,0.871159553527832,0.7838054299354553
YLR099C,YGR271W,0,0.88265556,0.10090690106153488,0.871159553527832,0.7839055061340332
YNL164C,YER154W,0,0.88265145,0.10089531540870667,0.871159553527832,0.7840055823326111
YDR005C,YHR164C,0,0.8826262,0.10088373720645905,0.871159553527832,0.7841057181358337
YLR224W,YDR188W,0,0.8825691,0.10087215900421143,0.871159553527832,0.7842057943344116
YLR451W,YJL192C,0,0.8825539,0.1008605882525444,0.871159553527832,0.7843058705329895
YGL092W,YMR318C,0,0.88252556,0.10084901005029678,0.871159553527832,0.7844059467315674
YHR096C,YBR026C,0,0.88248354,0.10083744674921036,0.871159553527832,0.78450608253479
YKL038W,YNR019W,0,0.8824692,0.10082587599754333,0.871159553527832,0.7846061587333679
YJR025C,YMR225C,0,0.8823491,0.10081431269645691,0.871159553527832,0.7847062349319458
YNL131W,YNL231C,0,0.88234156,0.10080274939537048,0.871159553527832,0.7848063111305237
YMR002W,YAL054C,0,0.8823198,0.10079119354486465,0.871159553527832,0.7849063873291016
YJR131W,YNL006W,0,0.8822833,0.10077963769435883,0.871159553527832,0.7850065231323242
YKR052C,YDR310C,0,0.8822355,0.100768081843853,0.871159553527832,0.7851065993309021
YCL061C,YJR060W,0,0.88215727,0.10075653344392776,0.871159553527832,0.78520667552948
YDR009W,YMR228W,0,0.8821045,0.10074498504400253,0.871159553527832,0.7853067517280579
YGR104C,YJR035W,0,0.88209754,0.1007334366440773,0.871159553527832,0.7854068875312805
YGR113W,YMR223W,0,0.88204515,0.10072189569473267,0.871159553527832,0.7855069637298584
YLR019W,YGR268C,0,0.8820248,0.10071035474538803,0.871159553527832,0.7856070399284363
YNL247W,YLR234W,0,0.8819404,0.10069882124662399,0.871159553527832,0.7857071161270142
YKL194C,YAL030W,0,0.8817625,0.10068728774785995,0.871159553527832,0.7858072519302368
YKL028W,YGR212W,0,0.88173294,0.10067575424909592,0.871159553527832,0.7859073281288147
YHR167W,YCR060W,0,0.8817057,0.10066422075033188,0.871159553527832,0.7860074043273926
YOR252W,YHR206W,0,0.8816316,0.10065269470214844,0.871159553527832,0.7861074805259705
YER178W,YJR133W,0,0.88149166,0.1006411761045456,0.871159553527832,0.7862076163291931
YOL100W,YNR032C-A,0,0.8814716,0.10062965005636215,0.871159553527832,0.786307692527771
YOL158C,YDR098C,0,0.8813596,0.10061813145875931,0.871159553527832,0.7864077687263489
YOR113W,YOR159C,0,0.8813406,0.10060661286115646,0.871159553527832,0.7865078449249268
YLR212C,YCR094W,0,0.8813206,0.10059510171413422,0.871159553527832,0.7866079211235046
YPL224C,YLR093C,0,0.8812088,0.10058359056711197,0.871159553527832,0.7867080569267273
YGL213C,YHR073W,0,0.88112557,0.10057207942008972,0.871159553527832,0.7868081331253052
YMR049C,YJL162C,0,0.88109577,0.10056057572364807,0.871159553527832,0.7869082093238831
YMR040W,YLL041C,0,0.8810864,0.10054907202720642,0.871159553527832,0.7870082855224609
YMR133W,YOR066W,0,0.8810813,0.10053757578134537,0.871159553527832,0.7871084213256836
YIL139C,YGR156W,0,0.88107395,0.10052607208490372,0.871159553527832,0.7872084975242615
YNL306W,YEL065W,0,0.88107187,0.10051458328962326,0.871159553527832,0.7873085737228394
YLR330W,YOR065W,0,0.8810604,0.10050308704376221,0.871159553527832,0.7874086499214172
YGL237C,YPR055W,0,0.8810495,0.10049159824848175,0.871159553527832,0.7875087857246399
YHR012W,YDR189W,0,0.88095945,0.1004801094532013,0.871159553527832,0.7876088619232178
YJL103C,YCR058C,0,0.88077426,0.10046862810850143,0.871159553527832,0.7877089381217957
YNL084C,YLR188W,0,0.8806979,0.10045713931322098,0.871159553527832,0.7878090143203735
YBR202W,YGL232W,0,0.8805972,0.10044566541910172,0.871159553527832,0.7879090905189514
YFR025C,YPR131C,0,0.88059336,0.10043418407440186,0.871159553527832,0.7880092263221741
YNL173C,YGL050W,0,0.8805683,0.10042271018028259,0.871159553527832,0.788109302520752
YKR052C,YBR282W,0,0.88056636,0.10041124373674393,0.871159553527832,0.7882093787193298
YDR195W,YLR329W,0,0.8805375,0.10039976984262466,0.871159553527832,0.7883094549179077
YCR075C,YGR135W,0,0.8805238,0.100388303399086,0.871159553527832,0.7884095907211304
YOR034C,YPL096W,0,0.88052285,0.10037684440612793,0.871159553527832,0.7885096669197083
YJR098C,YMR186W,0,0.8804754,0.10036537796258926,0.871159553527832,0.7886097431182861
YBR160W,YDR002W,0,0.88043404,0.1003539189696312,0.871159553527832,0.788709819316864
YOL116W,YDL091C,0,0.88033885,0.10034246742725372,0.871159553527832,0.7888099551200867
YPL127C,YJL025W,0,0.88032454,0.10033101588487625,0.871159553527832,0.7889100313186646
YCR105W,YLR215C,0,0.88027245,0.10031956434249878,0.871159553527832,0.7890101075172424
YMR225C,YDR421W,0,0.88022876,0.10030811280012131,0.871159553527832,0.7891101837158203
YGR143W,YIL042C,0,0.8801663,0.10029666870832443,0.871159553527832,0.7892102599143982
YPL106C,YIR026C,0,0.88016284,0.10028522461652756,0.871159553527832,0.7893103957176208
YER046W,YDL184C,0,0.8801427,0.10027378797531128,0.871159553527832,0.7894104719161987
YLR316C,YEL031W,0,0.8801143,0.1002623438835144,0.871159553527832,0.7895105481147766
YDR341C,YNL183C,0,0.880056,0.10025091469287872,0.871159553527832,0.7896106243133545
YCL061C,YBR088C,1,0.8800192,0.10035351663827896,0.8721506595611572,0.7896106243133545
YMR065W,YPR001W,0,0.8799423,0.10034207254648209,0.8721506595611572,0.7897107601165771
YKR010C,YPL153C,1,0.879938,0.10044464468955994,0.8731417059898376,0.7897107601165771
YDR071C,YBR119W,0,0.8799342,0.10043319314718246,0.8731417059898376,0.789810836315155
YNL133C,YPL061W,0,0.8797941,0.10042174905538559,0.8731417059898376,0.7899109125137329
YLR433C,YMR182C,0,0.879727,0.10041030496358871,0.8731417059898376,0.7900109887123108
YLL022C,YLR055C,1,0.87969965,0.10051281750202179,0.8741328120231628,0.7900109887123108
YDR240C,YPR163C,0,0.87966835,0.10050136595964432,0.8741328120231628,0.7901111245155334
YLR228C,YBL052C,0,0.87965417,0.10048991441726685,0.8741328120231628,0.7902112007141113
YNL218W,YDR059C,0,0.879653,0.10047847032546997,0.8741328120231628,0.7903112769126892
YNL261W,YBR089C-A,1,0.8796427,0.10058093070983887,0.8751238584518433,0.7903112769126892
YJR135W-A,YPL097W,0,0.8796117,0.1005694791674614,0.8751238584518433,0.7904113531112671
YFL045C,YNL128W,0,0.8795684,0.10055802017450333,0.8751238584518433,0.7905114889144897
YDR233C,YJL090C,0,0.8795644,0.10054657608270645,0.8751238584518433,0.7906115651130676
YKR085C,YDL069C,0,0.87954456,0.10053512454032898,0.8751238584518433,0.7907116413116455
YAL021C,YLR357W,0,0.8795048,0.1005236804485321,0.8751238584518433,0.7908117175102234
YER190W,YPL021W,0,0.87948436,0.10051223635673523,0.8751238584518433,0.7909117937088013
YGL051W,YPR028W,0,0.8794523,0.10050079971551895,0.8751238584518433,0.7910119295120239
YBR115C,YIL133C,0,0.8794422,0.10048935562372208,0.8751238584518433,0.7911120057106018
YFR005C,YDR144C,0,0.879442,0.1004779264330864,0.8751238584518433,0.7912120819091797
YMR287C,YOR158W,0,0.87943673,0.10046648979187012,0.8751238584518433,0.7913121581077576
YEL070W,YAR042W,0,0.87935495,0.10045506060123444,0.8751238584518433,0.7914122939109802
YGR244C,YJL187C,0,0.8792845,0.10044363886117935,0.8751238584518433,0.7915123701095581
YPL076W,YPL061W,0,0.87922806,0.10043220967054367,0.8751238584518433,0.791612446308136
YHR205W,YDL136W,0,0.8790959,0.10042078793048859,0.8751238584518433,0.7917125225067139
YOL006C,YKR010C,1,0.8790044,0.10052308440208435,0.8761149644851685,0.7917125225067139
YKR038C,YLL051C,0,0.87897253,0.10051165521144867,0.8761149644851685,0.7918126583099365
YKL195W,YHR086W,0,0.8789576,0.10050022602081299,0.8761149644851685,0.7919127345085144
YIR019C,YEL019C,0,0.87895525,0.1004888042807579,0.8761149644851685,0.7920128107070923
YJR025C,YBL056W,0,0.8789349,0.10047738254070282,0.8761149644851685,0.7921128869056702
YOR076C,YGR134W,0,0.87888384,0.10046596080064774,0.8761149644851685,0.792212963104248
YFL036W,YJR139C,0,0.87883055,0.10045454651117325,0.8761149644851685,0.7923130989074707
YOR285W,YKR057W,0,0.8787996,0.10044313222169876,0.8761149644851685,0.7924131751060486
YLR364W,YOR341W,0,0.87871695,0.10043171793222427,0.8761149644851685,0.7925132513046265
YDR253C,YKR009C,0,0.87862915,0.10042031109333038,0.8761149644851685,0.7926133275032043
YLL048C,YOR340C,0,0.8785482,0.10040890425443649,0.8761149644851685,0.792713463306427
YNR053C,YDL128W,0,0.87853384,0.1003975048661232,0.8761149644851685,0.7928135395050049
YNL261W,YOR141C,1,0.87852573,0.10049965977668762,0.8771060705184937,0.7928135395050049
YOR187W,YPL093W,0,0.8784205,0.10048824548721313,0.8771060705184937,0.7929136157035828
YML049C,YHR194W,0,0.87825257,0.10047683864831924,0.8771060705184937,0.7930136919021606
YNL030W,YMR033W,1,0.878223,0.10057895630598068,0.8780971169471741,0.7930136919021606
YPL171C,YPL140C,0,0.8782108,0.1005675345659256,0.8780971169471741,0.7931138277053833
YMR220W,YML004C,0,0.8781831,0.10055612027645111,0.8780971169471741,0.7932139039039612
YLR389C,YBR173C,0,0.8781506,0.10054471343755722,0.8780971169471741,0.7933139801025391
YKR061W,YBR030W,0,0.8781397,0.10053330659866333,0.8780971169471741,0.7934140563011169
YER019C-A,YOR159C,0,0.87812275,0.10052189975976944,0.8780971169471741,0.7935141921043396
YBR237W,YCR038C,0,0.87811244,0.10051049292087555,0.8780971169471741,0.7936142683029175
YDL024C,YJL109C,0,0.87809634,0.10049909353256226,0.8780971169471741,0.7937143445014954
YOL090W,YDR439W,1,0.87801653,0.10060111433267593,0.8790882229804993,0.7937143445014954
YNL091W,YNR002C,0,0.87797755,0.10058970004320145,0.8790882229804993,0.7938144207000732
YML115C,YLR237W,0,0.8778786,0.10057829320430756,0.8790882229804993,0.7939144968986511
YBR093C,YDR328C,0,0.8777777,0.10056689381599426,0.8790882229804993,0.7940146327018738
YBL074C,YIR014W,0,0.87772226,0.10055549442768097,0.8790882229804993,0.7941147089004517
YPL013C,YBR180W,0,0.8776605,0.10054409503936768,0.8790882229804993,0.7942147850990295
YKL052C,YEL040W,0,0.8776089,0.10053269565105438,0.8790882229804993,0.7943148612976074
YGR274C,YML109W,1,0.8775771,0.1006346344947815,0.8800792694091797,0.7943148612976074
YML112W,YKL002W,0,0.87755,0.1006232276558876,0.8800792694091797,0.7944149971008301
YKR078W,YFR031C-A,0,0.8775443,0.10061182826757431,0.8800792694091797,0.794515073299408
YPL130W,YER176W,0,0.87753516,0.10060042887926102,0.8800792694091797,0.7946151494979858
YMR304W,YDR369C,0,0.87748367,0.10058903694152832,0.8800792694091797,0.7947152256965637
YMR146C,YLR259C,0,0.877481,0.10057764500379562,0.8800792694091797,0.7948153614997864
YOL090W,YBR130C,0,0.8773478,0.10056625306606293,0.8800792694091797,0.7949154376983643
YDR213W,YDR383C,0,0.8772798,0.10055486112833023,0.8800792694091797,0.7950155138969421
YER089C,YDL229W,0,0.87719846,0.10054347664117813,0.8800792694091797,0.79511559009552
YOL158C,YMR177W,0,0.87709934,0.10053209215402603,0.8800792694091797,0.7952156662940979
YFR037C,YDR110W,1,0.877094,0.10063391178846359,0.8810703754425049,0.7952156662940979
YDR392W,YNR011C,0,0.8770533,0.10062252730131149,0.8810703754425049,0.7953158020973206
YMR190C,YLR285W,1,0.8770135,0.10072430968284607,0.8820614218711853,0.7953158020973206
YMR055C,YML096W,0,0.87697977,0.10071291029453278,0.8820614218711853,0.7954158782958984
YNL118C,YPL231W,0,0.87697625,0.10070151835680008,0.8820614218711853,0.7955159544944763
YKL061W,YBR274W,0,0.87695056,0.10069012641906738,0.8820614218711853,0.7956160306930542
YPL174C,YNL322C,0,0.87690145,0.10067873448133469,0.8820614218711853,0.7957161664962769
YOR047C,YDL117W,0,0.8767444,0.10066734254360199,0.8820614218711853,0.7958162426948547
YJL011C,YOL010W,0,0.87667227,0.10065595805644989,0.8820614218711853,0.7959163188934326
YOR038C,YNL135C,1,0.87654006,0.1007576584815979,0.8830525279045105,0.7959163188934326
YOR257W,YEL029C,0,0.87651736,0.1007462665438652,0.8830525279045105,0.7960163950920105
YDL074C,YFR032C-A,0,0.87639076,0.1007348820567131,0.8830525279045105,0.7961165308952332
YMR173W,YER101C,0,0.87632,0.10072349011898041,0.8830525279045105,0.796216607093811
YOL067C,YFL025C,0,0.8762083,0.10071210563182831,0.8830525279045105,0.7963166832923889
YMR153W,YCR058C,0,0.8762046,0.10070072114467621,0.8830525279045105,0.7964167594909668
YKR093W,YLR032W,0,0.87614167,0.1006893441081047,0.8830525279045105,0.7965168356895447
YCL061C,YOL017W,1,0.8761202,0.10079096257686615,0.8840436339378357,0.7965168356895447
YER082C,YPL031C,0,0.8760345,0.10077957063913345,0.8840436339378357,0.7966169714927673
YBL057C,YBR049C,0,0.87601876,0.10076818615198135,0.8840436339378357,0.7967170476913452
YPR108W,YLL006W,0,0.8760115,0.10075680911540985,0.8840436339378357,0.7968171238899231
YMR173W,YDR483W,0,0.8759977,0.10074542462825775,0.8840436339378357,0.796917200088501
YEL005C,YMR160W,0,0.8759015,0.10073404759168625,0.8840436339378357,0.7970173358917236
YGR274C,YKR010C,1,0.875877,0.10083559155464172,0.8850346803665161,0.7970173358917236
YFR033C,YMR274C,0,0.87583923,0.10082420706748962,0.8850346803665161,0.7971174120903015
YDL190C,YKR030W,0,0.8758381,0.10081282258033752,0.8850346803665161,0.7972174882888794
YML120C,YGR104C,0,0.8758191,0.10080144554376602,0.8850346803665161,0.7973175644874573
YIL074C,YJL128C,0,0.8757221,0.10079006850719452,0.8850346803665161,0.7974177002906799
YGR060W,YLR234W,0,0.87557817,0.10077869147062302,0.8850346803665161,0.7975177764892578
YLL035W,YIL009W,0,0.87548846,0.10076732188463211,0.8850346803665161,0.7976178526878357
YKL064W,YMR227C,0,0.8754832,0.1007559522986412,0.8850346803665161,0.7977179288864136
YNR067C,YMR019W,0,0.8754661,0.1007445827126503,0.8850346803665161,0.7978180646896362
YCR040W,YDR219C,0,0.87546515,0.10073322057723999,0.8850346803665161,0.7979181408882141
YJL071W,YMR238W,0,0.87545645,0.10072185844182968,0.8850346803665161,0.798018217086792
YKL015W,YMR063W,0,0.8754522,0.10071049630641937,0.8850346803665161,0.7981182932853699
YBR214W,YJR036C,0,0.8753817,0.10069914162158966,0.8850346803665161,0.7982183694839478
YDL021W,YJR053W,0,0.8753204,0.10068778693675995,0.8850346803665161,0.7983185052871704
YHR211W,YKL189W,0,0.8753143,0.10067643970251083,0.8850346803665161,0.7984185814857483
YIL133C,YNL049C,0,0.8752243,0.10066508501768112,0.8850346803665161,0.7985186576843262
YFR052W,YHR029C,0,0.8751384,0.1006537452340126,0.8850346803665161,0.798618733882904
YML112W,YNL284C,0,0.8750735,0.10064239799976349,0.8850346803665161,0.7987188696861267
YGR234W,YPR105C,0,0.87504315,0.10063105821609497,0.8850346803665161,0.7988189458847046
YHR211W,YPL262W,0,0.8748138,0.10061971843242645,0.8850346803665161,0.7989190220832825
YER177W,YML091C,0,0.8747829,0.10060837864875793,0.8850346803665161,0.7990190982818604
YPL154C,YKR088C,0,0.87476736,0.10059704631567001,0.8850346803665161,0.799119234085083
YJR131W,YOR087W,0,0.8747422,0.10058571398258209,0.8850346803665161,0.7992193102836609
YJR109C,YDR332W,0,0.87472516,0.10057438910007477,0.8850346803665161,0.7993193864822388
YKL108W,YGR057C,0,0.87470794,0.10056306421756744,0.8850346803665161,0.7994194626808167
YKL141W,YDR254W,0,0.874516,0.10055173933506012,0.8850346803665161,0.7995195388793945
YOL144W,YPL213W,0,0.8744437,0.10054042190313339,0.8850346803665161,0.7996196746826172
YPL163C,YPR003C,0,0.87430406,0.10052909702062607,0.8850346803665161,0.7997197508811951
YLR010C,YNL111C,0,0.87420744,0.10051778703927994,0.8850346803665161,0.799819827079773
YPL082C,YLR295C,0,0.87419456,0.10050646960735321,0.8850346803665161,0.7999199032783508
YNL180C,YGR170W,0,0.8741476,0.10049515962600708,0.8850346803665161,0.8000200390815735
YDL072C,YOL010W,0,0.8740993,0.10048384964466095,0.8850346803665161,0.8001201152801514
YJL078C,YJR053W,0,0.874097,0.10047254711389542,0.8850346803665161,0.8002201914787292
YBR267W,YIL153W,0,0.8740216,0.10046124458312988,0.8850346803665161,0.8003202676773071
YJL112W,YJR084W,0,0.8740178,0.10044994205236435,0.8850346803665161,0.8004204034805298
YJL136C,YNL231C,0,0.8740153,0.10043864697217941,0.8850346803665161,0.8005204796791077
YOL116W,YMR198W,0,0.8738502,0.10042735189199448,0.8850346803665161,0.8006205558776855
YGR118W,YDL076C,0,0.8737914,0.10041605681180954,0.8850346803665161,0.8007206320762634
YBR052C,YHR025W,0,0.87374824,0.1004047691822052,0.8850346803665161,0.8008207678794861
YDR508C,YNR055C,0,0.87366277,0.10039348155260086,0.8850346803665161,0.800920844078064
YOR382W,YDR172W,0,0.87364215,0.10038219392299652,0.8850346803665161,0.8010209202766418
YDR101C,YDR422C,0,0.87362456,0.10037091374397278,0.8850346803665161,0.8011209964752197
YIR005W,YPL215W,0,0.8735958,0.10035963356494904,0.8850346803665161,0.8012210726737976
YDR012W,YBR166C,0,0.8735618,0.10034835338592529,0.8850346803665161,0.8013212084770203
YNL001W,YAL039C,0,0.8734611,0.10033708065748215,0.8850346803665161,0.8014212846755981
YJL056C,YPL157W,0,0.87337697,0.100325807929039,0.8850346803665161,0.801521360874176
YGR222W,YDR424C,0,0.8733511,0.10031453520059586,0.8850346803665161,0.8016214370727539
YNL084C,YPL207W,0,0.87326735,0.1003032699227333,0.8850346803665161,0.8017215728759766
YPL172C,YMR109W,0,0.8732385,0.10029200464487076,0.8850346803665161,0.8018216490745544
YNL156C,YJL167W,0,0.8731609,0.10028073936700821,0.8850346803665161,0.8019217252731323
YPL127C,YDR498C,0,0.87314594,0.10026948153972626,0.8850346803665161,0.8020218014717102
YGL087C,YPL112C,0,0.87305856,0.1002582237124443,0.8850346803665161,0.8021219372749329
YMR070W,YDR229W,0,0.8730467,0.10024696588516235,0.8850346803665161,0.8022220134735107
YML027W,YNL049C,0,0.8729969,0.100235715508461,0.8850346803665161,0.8023220896720886
YOL090W,YGL194C,1,0.8727929,0.1003367006778717,0.8860257863998413,0.8023220896720886
YNL160W,YEL052W,0,0.87256765,0.10032544285058975,0.8860257863998413,0.8024221658706665
YDR466W,YDL108W,0,0.8724238,0.1003141850233078,0.8860257863998413,0.8025222420692444
YOR217W,YBR149W,0,0.87240994,0.10030292719602585,0.8860257863998413,0.802622377872467
YCR030C,YDR312W,0,0.8723045,0.1002916768193245,0.8860257863998413,0.8027224540710449
YPR083W,YDL006W,0,0.8722855,0.10028042644262314,0.8860257863998413,0.8028225302696228
YOR046C,YJL080C,0,0.87220246,0.10026917606592178,0.8860257863998413,0.8029226064682007
YNL049C,YDR273W,0,0.87219155,0.10025793313980103,0.8860257863998413,0.8030227422714233
YKL182W,YOR261C,0,0.8721344,0.10024669021368027,0.8860257863998413,0.8031228184700012
YHR205W,YPR034W,0,0.87212265,0.1002354547381401,0.8860257863998413,0.8032228946685791
YGL049C,YPL202C,0,0.87204576,0.10022421181201935,0.8860257863998413,0.803322970867157
YBR162C,YHR207C,0,0.87165755,0.10021298378705978,0.8860257863998413,0.8034231066703796
YPR155C,YNR032C-A,0,0.871654,0.10020174831151962,0.8860257863998413,0.8035231828689575
YPL082C,YCL055W,0,0.8716531,0.10019052028656006,0.8860257863998413,0.8036232590675354
YDR464W,YNL280C,0,0.8716528,0.1001792922616005,0.8860257863998413,0.8037233352661133
YIL094C,YLR206W,0,0.8715755,0.10016806423664093,0.8860257863998413,0.8038234114646912
YER139C,YER106W,0,0.8715075,0.10015684366226196,0.8860257863998413,0.8039235472679138
YOL069W,YJL078C,0,0.87142974,0.100145623087883,0.8860257863998413,0.8040236234664917
YMR180C,YNL015W,0,0.871372,0.10013440996408463,0.8860257863998413,0.8041236996650696
YHR165C,YHR076W,0,0.8713039,0.10012319684028625,0.8860257863998413,0.8042237758636475
YPR122W,YHR111W,0,0.8712782,0.10011198371648788,0.8860257863998413,0.8043239116668701
YER109C,YLR385C,0,0.8712081,0.10010077059268951,0.8860257863998413,0.804423987865448
YOL006C,YFL049W,1,0.871178,0.10020152479410172,0.8870168328285217,0.804423987865448
YCR010C,YDR380W,0,0.8711407,0.10019030421972275,0.8870168328285217,0.8045240640640259
YIL018W,YDR384C,0,0.8711322,0.10017909109592438,0.8870168328285217,0.8046241402626038
YDL105W,YGR063C,1,0.87100023,0.100279800593853,0.8880079388618469,0.8046241402626038
YKL112W,YJL194W,1,0.8709465,0.10038048028945923,0.8889989852905273,0.8046241402626038
YOR129C,YEL061C,0,0.8709267,0.10036925226449966,0.8889989852905273,0.8047242760658264
YLR023C,YBR155W,0,0.87092066,0.1003580242395401,0.8889989852905273,0.8048243522644043
YLR248W,YMR035W,0,0.8708474,0.10034679621458054,0.8889989852905273,0.8049244284629822
YGL090W,YJL179W,0,0.8708308,0.10033556818962097,0.8889989852905273,0.8050245046615601
YPL194W,YIL027C,0,0.8707944,0.100324347615242,0.8889989852905273,0.8051246404647827
YKL032C,YGR070W,0,0.87066615,0.10031312704086304,0.8889989852905273,0.8052247166633606
YLR067C,YKR028W,0,0.8706339,0.10030191391706467,0.8889989852905273,0.8053247928619385
YOR047C,YNL322C,0,0.8706117,0.1002907007932663,0.8889989852905273,0.8054248690605164
YNL160W,YBR205W,0,0.8705505,0.10027948766946793,0.8889989852905273,0.8055249452590942
YOR092W,YER175C,0,0.8703035,0.10026827454566956,0.8889989852905273,0.8056250810623169
YIL034C,YDR100W,0,0.8702986,0.10025706887245178,0.8889989852905273,0.8057251572608948
YJL115W,YMR239C,1,0.87011826,0.10035762190818787,0.8899900913238525,0.8057251572608948
YGL251C,YKR044W,0,0.8700903,0.1003464087843895,0.8899900913238525,0.8058252334594727
YJR001W,YHR110W,0,0.8699552,0.10033519566059113,0.8899900913238525,0.8059253096580505
YBL088C,YMR037C,0,0.8699223,0.10032398253679276,0.8899900913238525,0.8060254454612732
YAL002W,YNL251C,0,0.8698969,0.10031277686357498,0.8899900913238525,0.8061255216598511
YPR083W,YHR194W,0,0.86982036,0.10030157119035721,0.8899900913238525,0.806225597858429
YBR010W,YLR385C,1,0.86969256,0.10040205717086792,0.8909811973571777,0.806225597858429
YEL005C,YMR188C,0,0.8696137,0.10039084404706955,0.8909811973571777,0.8063256740570068
YDR289C,YMR165C,0,0.8695791,0.10037963092327118,0.8909811973571777,0.8064258098602295
YIL074C,YER046W,0,0.86943966,0.1003684252500534,0.8909811973571777,0.8065258860588074
YJR147W,YGR024C,0,0.8694377,0.10035721957683563,0.8909811973571777,0.8066259622573853
YKL185W,YJL192C,0,0.86930484,0.10034602135419846,0.8909811973571777,0.8067260384559631
YPL169C,YDR273W,0,0.8692084,0.10033482313156128,0.8909811973571777,0.806826114654541
YFR052W,YLL018C-A,0,0.86913836,0.1003236249089241,0.8909811973571777,0.8069262504577637
YPL169C,YBR294W,0,0.86903965,0.10031242668628693,0.8909811973571777,0.8070263266563416
YAL024C,YKR102W,0,0.8689812,0.10030123591423035,0.8909811973571777,0.8071264028549194
YDR007W,YOL042W,0,0.86894864,0.10029005259275436,0.8909811973571777,0.8072264790534973
YDL170W,YBR153W,0,0.8687674,0.10027886182069778,0.8909811973571777,0.80732661485672
YDL039C,YDR418W,0,0.86861813,0.1002676784992218,0.8909811973571777,0.8074266910552979
YOL127W,YML086C,0,0.8685737,0.10025649517774582,0.8909811973571777,0.8075267672538757
YGR204W,YDR188W,0,0.8685669,0.10024531930685043,0.8909811973571777,0.8076268434524536
YKR103W,YOR226C,0,0.86849415,0.10023414343595505,0.8909811973571777,0.8077269792556763
YDL045C,YOR288C,0,0.8683135,0.10022296756505966,0.8909811973571777,0.8078270554542542
YDL208W,YJL187C,0,0.8683014,0.10021179169416428,0.8909811973571777,0.807927131652832
YBR295W,YPR010C,0,0.86810994,0.10020062327384949,0.8909811973571777,0.8080272078514099
YIL150C,YML065W,1,0.86802965,0.10030090063810349,0.8919722437858582,0.8080272078514099
YGL196W,YLR270W,0,0.8680262,0.1002897247672081,0.8919722437858582,0.8081273436546326
YDR074W,YAL002W,0,0.8680191,0.10027854889631271,0.8919722437858582,0.8082274198532104
YEL022W,YOR195W,0,0.8680155,0.10026738047599792,0.8919722437858582,0.8083274960517883
YGR161C,YOL051W,0,0.8679244,0.10025621205568314,0.8919722437858582,0.8084275722503662
YER060W,YNL282W,0,0.86792,0.10024504363536835,0.8919722437858582,0.8085276484489441
YNL080C,YKL062W,0,0.86787504,0.10023388266563416,0.8919722437858582,0.8086277842521667
YLR435W,YOR086C,0,0.86783075,0.10022271424531937,0.8919722437858582,0.8087278604507446
YGL120C,YOR272W,0,0.86776257,0.10021156072616577,0.8919722437858582,0.8088279366493225
YEL054C,YJL166W,0,0.867642,0.10020039975643158,0.8919722437858582,0.8089280128479004
YMR287C,YNL248C,0,0.86763597,0.10018924623727798,0.8919722437858582,0.809028148651123
YKL079W,YGL035C,0,0.8675923,0.10017809271812439,0.8919722437858582,0.8091282248497009
YFR030W,YER071C,0,0.86756116,0.10016694664955139,0.8919722437858582,0.8092283010482788
YHR136C,YDR242W,0,0.8674685,0.1001558005809784,0.8919722437858582,0.8093283772468567
YKL199C,YDL134C,0,0.8674677,0.1001446545124054,0.8919722437858582,0.8094285130500793
YLR357W,YLR299W,0,0.86742353,0.1001335084438324,0.8919722437858582,0.8095285892486572
YHR150W,YHR179W,0,0.8672865,0.10012236982584,0.8919722437858582,0.8096286654472351
YAL010C,YBR231C,0,0.8672137,0.1001112312078476,0.8919722437858582,0.809728741645813
YNL059C,YJL076W,1,0.8671471,0.10021132230758667,0.8929633498191833,0.809728741645813
YPR188C,YJL178C,0,0.8671001,0.10020017623901367,0.8929633498191833,0.8098288178443909
YCL064C,YDL140C,0,0.8670957,0.10018903762102127,0.8929633498191833,0.8099289536476135
YKL150W,YOR247W,0,0.86709076,0.10017789900302887,0.8929633498191833,0.8100290298461914
YBR162C,YHR194W,0,0.8670531,0.10016676038503647,0.8929633498191833,0.8101291060447693
YHR119W,YNL031C,1,0.8670326,0.10026678442955017,0.8939543962478638,0.8101291060447693
YEL005C,YLR213C,0,0.86691797,0.10025563836097717,0.8939543962478638,0.8102291822433472
YDL148C,YBR279W,0,0.86689717,0.10024449974298477,0.8939543962478638,0.8103293180465698
YIL125W,YKL093W,0,0.8668664,0.10023336112499237,0.8939543962478638,0.8104293942451477
YHR030C,YHR059W,0,0.86682993,0.10022222250699997,0.8939543962478638,0.8105294704437256
YDL215C,YHR014W,0,0.8667481,0.10021109133958817,0.8939543962478638,0.8106295466423035
YGR167W,YFR040W,0,0.86668074,0.10019995272159576,0.8939543962478638,0.8107296824455261
YDR356W,YCR014C,0,0.86659205,0.10018882900476456,0.8939543962478638,0.810829758644104
YIL083C,YJL174W,0,0.8665806,0.10017769783735275,0.8939543962478638,0.8109298348426819
YER101C,YBR087W,0,0.86650926,0.10016657412052155,0.8939543962478638,0.8110299110412598
YLR080W,YER087C-B,0,0.86645347,0.10015545040369034,0.8939543962478638,0.8111299872398376
YDR440W,YOL093W,0,0.8664129,0.10014433413743973,0.8939543962478638,0.8112301230430603
YOR091W,YLR276C,0,0.86631083,0.10013321787118912,0.8939543962478638,0.8113301992416382
YGL151W,YLR098C,0,0.8662376,0.10012210160493851,0.8939543962478638,0.8114302754402161
YLR263W,YPR060C,0,0.86617047,0.1001109853386879,0.8939543962478638,0.811530351638794
YER123W,YBL034C,0,0.86616987,0.10009987652301788,0.8939543962478638,0.8116304874420166
YOR172W,YNL231C,0,0.86614627,0.10008876770734787,0.8939543962478638,0.8117305636405945
YOL065C,YGL142C,0,0.8661275,0.10007766634225845,0.8939543962478638,0.8118306398391724
YBR213W,YOR346W,0,0.86611557,0.10006656497716904,0.8939543962478638,0.8119307160377502
YGR253C,YAL012W,0,0.8661127,0.10005546361207962,0.8939543962478638,0.8120308518409729
YBL020W,YHR060W,0,0.8660778,0.1000443622469902,0.8939543962478638,0.8121309280395508
YCL066W,YDR025W,0,0.8660665,0.10003326833248138,0.8939543962478638,0.8122310042381287
YIL074C,YGL028C,0,0.8660316,0.10002217441797256,0.8939543962478638,0.8123310804367065
YNR047W,YCL032W,0,0.8659514,0.10001108795404434,0.8939543962478638,0.8124312162399292
YOR025W,YHR171W,0,0.86588186,0.10000000149011612,0.8939543962478638,0.8125312924385071
YJR010C-A,YDR328C,0,0.86584985,0.0999889150261879,0.8939543962478638,0.812631368637085
YKR064W,YIR002C,0,0.8658498,0.09997782856225967,0.8939543962478638,0.8127314448356628
YLL019C,YPR138C,0,0.86567104,0.09996674954891205,0.8939543962478638,0.8128315210342407
YNR044W,YBR130C,0,0.8656557,0.09995567053556442,0.8939543962478638,0.8129316568374634
YMR033W,YLR285W,1,0.86561,0.10005540400743484,0.894945502281189,0.8129316568374634
YNL164C,YJR032W,0,0.86553174,0.10004431754350662,0.894945502281189,0.8130317330360413
YKL049C,YER161C,1,0.865424,0.10014401376247406,0.8959365487098694,0.8130317330360413
YJR133W,YDR026C,0,0.8653736,0.10013291984796524,0.8959365487098694,0.8131318092346191
YLL018C-A,YPR133C,0,0.8653609,0.10012183338403702,0.8959365487098694,0.813231885433197
YOL145C,YDR341C,0,0.8653384,0.1001107394695282,0.8959365487098694,0.8133320212364197
YDR407C,YDL054C,0,0.8653089,0.10009966045618057,0.8959365487098694,0.8134320974349976
YPL174C,YLR288C,0,0.86525816,0.10008857399225235,0.8959365487098694,0.8135321736335754
YDR358W,YOR090C,0,0.86517763,0.10007749497890472,0.8959365487098694,0.8136322498321533
YML071C,YMR145C,0,0.86517245,0.1000664159655571,0.8959365487098694,0.813732385635376
YPL076W,YDL036C,0,0.86515605,0.10005533695220947,0.8959365487098694,0.8138324618339539
YDR022C,YFL023W,0,0.86498827,0.10004426538944244,0.8959365487098694,0.8139325380325317
YMR300C,YCL014W,0,0.8649102,0.10003319382667542,0.8959365487098694,0.8140326142311096
YIL034C,YJR083C,0,0.86490905,0.10002212971448898,0.8959365487098694,0.8141326904296875
YML073C,YKL010C,0,0.86489445,0.10001106560230255,0.8959365487098694,0.8142328262329102
YJR075W,YDR368W,0,0.86480486,0.10000000149011612,0.8959365487098694,0.814332902431488
YLR157C,YGR285C,0,0.8647903,0.09998893737792969,0.8959365487098694,0.8144329786300659
YPL148C,YNL161W,0,0.8647333,0.09997788071632385,0.8959365487098694,0.8145330548286438
YJR051W,YLR147C,0,0.86460125,0.09996682405471802,0.8959365487098694,0.8146331906318665
YNL088W,YML069W,1,0.86458725,0.10006634145975113,0.8969276547431946,0.8146331906318665
YJR052W,YLR131C,0,0.8642968,0.1000552773475647,0.8969276547431946,0.8147332668304443
YAR019C,YHR041C,0,0.86424965,0.10004422068595886,0.8969276547431946,0.8148333430290222
YPR046W,YBL103C,0,0.8642407,0.10003315657377243,0.8969276547431946,0.8149334192276001
YNL307C,YKR079C,0,0.8640605,0.10002210736274719,0.8969276547431946,0.8150335550308228
YDL139C,YJL035C,0,0.8640119,0.10001105070114136,0.8969276547431946,0.8151336312294006
YHR146W,YHR105W,0,0.8639218,0.10000000149011612,0.8969276547431946,0.8152337074279785
YBR301W,YMR008C,0,0.8638405,0.09998895227909088,0.8969276547431946,0.8153337836265564
YDR362C,YPL133C,0,0.8638181,0.09997790306806564,0.8969276547431946,0.815433919429779
YER007W,YBL023C,0,0.86376286,0.099966861307621,0.8969276547431946,0.8155339956283569
YBL061C,YCR058C,0,0.86371326,0.09995581954717636,0.8969276547431946,0.8156340718269348
YDL108W,YBR166C,0,0.8636929,0.09994478523731232,0.8969276547431946,0.8157341480255127
YNL308C,YOR070C,0,0.86369157,0.09993374347686768,0.8969276547431946,0.8158342242240906
YML104C,YIL072W,0,0.86369103,0.09992270916700363,0.8969276547431946,0.8159343600273132
YEL022W,YDL059C,0,0.863668,0.09991168230772018,0.8969276547431946,0.8160344362258911
YER082C,YNL280C,0,0.86356914,0.09990064799785614,0.8969276547431946,0.816134512424469
YJR153W,YOR018W,0,0.863521,0.09988962113857269,0.8969276547431946,0.8162345886230469
YGR205W,YOL095C,0,0.8634751,0.09987860172986984,0.8969276547431946,0.8163347244262695
YKR094C,YOL149W,0,0.8634582,0.09986758232116699,0.8969276547431946,0.8164348006248474
YGR281W,YGL136C,0,0.86342204,0.09985656291246414,0.8969276547431946,0.8165348768234253
YDL139C,YLR276C,0,0.8634151,0.09984554350376129,0.8969276547431946,0.8166349530220032
YMR227C,YGR002C,1,0.8633737,0.09994484484195709,0.8979187607765198,0.8166349530220032
YDR279W,YLR107W,0,0.8633069,0.09993381798267365,0.8979187607765198,0.8167350888252258
YDR508C,YLR380W,0,0.8632978,0.0999227985739708,0.8979187607765198,0.8168351650238037
YNL309W,YJR010C-A,0,0.8632289,0.09991177916526794,0.8979187607765198,0.8169352412223816
YER060W,YJL165C,0,0.8632028,0.0999007597565651,0.8979187607765198,0.8170353174209595
YOR332W,YDR312W,0,0.86306953,0.09988974779844284,0.8979187607765198,0.8171353936195374
YOR351C,YDR126W,0,0.8630418,0.09987873584032059,0.8979187607765198,0.81723552942276
YJL108C,YGR010W,0,0.86301655,0.09986772388219833,0.8979187607765198,0.8173356056213379
YOL070C,YLR121C,0,0.8629939,0.09985671937465668,0.8979187607765198,0.8174356818199158
YOL072W,YGL076C,0,0.86296046,0.09984571486711502,0.8979187607765198,0.8175357580184937
YMR091C,YML041C,1,0.86283445,0.09994490444660187,0.8989098072052002,0.8175357580184937
YMR273C,YOR085W,0,0.86283255,0.09993389248847961,0.8989098072052002,0.8176358938217163
YPL163C,YPL208W,0,0.86272335,0.09992288053035736,0.8989098072052002,0.8177359700202942
YOL043C,YLR085C,0,0.86249113,0.0999118760228157,0.8989098072052002,0.8178360462188721
YFL021W,YHR190W,0,0.8624905,0.09990087151527405,0.8989098072052002,0.81793612241745
YNL061W,YOR341W,0,0.8623249,0.09988986700773239,0.8989098072052002,0.8180362582206726
YJR103W,YCR054C,0,0.862295,0.09987886995077133,0.8989098072052002,0.8181363344192505
YPL058C,YCR087C-A,0,0.8619184,0.09986787289381027,0.8989098072052002,0.8182364106178284
YIL019W,YDR422C,0,0.8619163,0.09985687583684921,0.8989098072052002,0.8183364868164062
YDR120C,YDR078C,0,0.8618074,0.09984588623046875,0.8989098072052002,0.8184366226196289
YKL173W,YMR172W,0,0.86176693,0.09983488917350769,0.8989098072052002,0.8185366988182068
YNL307C,YER167W,0,0.8617326,0.09982390701770782,0.8989098072052002,0.8186367750167847
YIL043C,YMR094W,0,0.8617235,0.09981291741132736,0.8989098072052002,0.8187368512153625
YMR074C,YJR119C,0,0.8616044,0.0998019352555275,0.8989098072052002,0.8188369274139404
YCL069W,YBR091C,0,0.86144036,0.09979095309972763,0.8989098072052002,0.8189370632171631
YMR263W,YDR363W,1,0.86122,0.09988998621702194,0.8999009132385254,0.8189370632171631
YOL090W,YLR385C,1,0.8611706,0.09998899698257446,0.9008919596672058,0.8189370632171631
YLR103C,YKL112W,1,0.8611399,0.10008799284696579,0.901883065700531,0.8189370632171631
YDR300C,YGR057C,0,0.8611121,0.10007698088884354,0.901883065700531,0.819037139415741
YDL114W,YLR207W,0,0.8610166,0.10006597638130188,0.901883065700531,0.8191372156143188
YHR161C,YDL246C,0,0.8609707,0.10005497187376022,0.901883065700531,0.8192372918128967
YFL013C,YKL201C,0,0.8609175,0.10004397481679916,0.901883065700531,0.8193374276161194
YPR175W,YBL052C,1,0.86091584,0.10014290362596512,0.9028741121292114,0.8193374276161194
YER022W,YER103W,0,0.86077297,0.10013189911842346,0.9028741121292114,0.8194375038146973
YGR221C,YCR052W,1,0.8607312,0.10023079812526703,0.9038652181625366,0.8194375038146973
YOR157C,YBR297W,0,0.860643,0.10021977871656418,0.9038652181625366,0.8195375800132751
YKL024C,YLR390W-A,0,0.8605385,0.10020876675844193,0.9038652181625366,0.819637656211853
YPL015C,YGL163C,1,0.8605342,0.10030762106180191,0.904856264591217,0.819637656211853
YOR090C,YGL028C,0,0.8605237,0.10029660910367966,0.904856264591217,0.8197377920150757
YOL006C,YDR363W,1,0.86050975,0.10039543360471725,0.9058473706245422,0.8197377920150757
YIL132C,YOL147C,0,0.8602835,0.10038440674543381,0.9058473706245422,0.8198378682136536
YMR205C,YGL151W,0,0.8601105,0.10037337988615036,0.9058473706245422,0.8199379444122314
YAR033W,YHR105W,0,0.85994923,0.10036236047744751,0.9058473706245422,0.8200380206108093
YDR100W,YJL080C,0,0.8599303,0.10035134106874466,0.9058473706245422,0.8201380968093872
YDL093W,YEL054C,0,0.8599286,0.10034032166004181,0.9058473706245422,0.8202382326126099
YOL002C,YOR299W,0,0.8598935,0.10032930970191956,0.9058473706245422,0.8203383088111877
YIL084C,YPR162C,0,0.8598653,0.1003182977437973,0.9058473706245422,0.8204383850097656
YKL205W,YNL247W,0,0.859857,0.10030728578567505,0.9058473706245422,0.8205384612083435
YDR330W,YDL076C,0,0.85979027,0.10029628127813339,0.9058473706245422,0.8206385970115662
YNL059C,YNL302C,0,0.8597644,0.10028527677059174,0.9058473706245422,0.820738673210144
YML057W,YFR027W,0,0.8597276,0.10027427226305008,0.9058473706245422,0.8208387494087219
YLR287C-A,YDR041W,0,0.8596386,0.10026327520608902,0.9058473706245422,0.8209388256072998
YDR501W,YHR175W,0,0.85963416,0.10025227814912796,0.9058473706245422,0.8210389614105225
YDR513W,YMR223W,0,0.8595991,0.1002412810921669,0.9058473706245422,0.8211390376091003
YLR348C,YHR103W,0,0.8595355,0.10023029148578644,0.9058473706245422,0.8212391138076782
YDR508C,YLR191W,0,0.8594017,0.10021930187940598,0.9058473706245422,0.8213391900062561
YPL161C,YDL171C,0,0.85936207,0.10020831227302551,0.9058473706245422,0.821439266204834
YGL251C,YDR087C,0,0.8593109,0.10019732266664505,0.9058473706245422,0.8215394020080566
YNL006W,YDR533C,0,0.85926926,0.10018634051084518,0.9058473706245422,0.8216394782066345
YDR236C,YHR120W,0,0.859186,0.10017535835504532,0.9058473706245422,0.8217395544052124
YNL062C,YLL004W,0,0.8591572,0.10016438364982605,0.9058473706245422,0.8218396306037903
YJR028W,YLR347C,0,0.85906214,0.10015340894460678,0.9058473706245422,0.8219397664070129
YCR020W-B,YLR272C,1,0.8590203,0.10025200247764587,0.9068384766578674,0.8219397664070129
YDR128W,YJL174W,0,0.85897356,0.10024102032184601,0.9068384766578674,0.8220398426055908
YLL022C,YPR034W,1,0.85886663,0.10033957660198212,0.9078295230865479,0.8220398426055908
YMR025W,YPL033C,0,0.85886145,0.10032858699560165,0.9078295230865479,0.8221399188041687
YOR244W,YGL133W,1,0.8588076,0.10042711347341537,0.908820629119873,0.8221399188041687
YOR271C,YOL092W,0,0.85872173,0.10041611641645432,0.908820629119873,0.8222399950027466
YOR207C,YPL146C,0,0.8584669,0.10040512681007385,0.908820629119873,0.8223401308059692
YJR135W-A,YKR083C,0,0.85844624,0.10039412975311279,0.908820629119873,0.8224402070045471
YOL086C,YOR244W,0,0.85841846,0.10038314014673233,0.908820629119873,0.822540283203125
YDR390C,YGL003C,0,0.8581928,0.10037215054035187,0.908820629119873,0.8226403594017029
YOR347C,YLL002W,0,0.8581355,0.100361168384552,0.908820629119873,0.8227404952049255
YKL203C,YOR301W,0,0.85804236,0.10035018622875214,0.908820629119873,0.8228405714035034
YAR015W,YER002W,0,0.85795075,0.10033920407295227,0.908820629119873,0.8229406476020813
YLR157C,YDL133C-A,0,0.8579215,0.100328229367733,0.908820629119873,0.8230407238006592
YMR146C,YHL028W,0,0.8578829,0.10031725466251373,0.908820629119873,0.8231407999992371
YOR124C,YHR140W,0,0.85785246,0.10030627995729446,0.908820629119873,0.8232409358024597
YDR456W,YML109W,0,0.8577914,0.1002953052520752,0.908820629119873,0.8233410120010376
YDR146C,YOR167C,0,0.857761,0.10028433799743652,0.908820629119873,0.8234410881996155
YNR035C,YDR288W,0,0.85773927,0.10027337074279785,0.908820629119873,0.8235411643981934
YGR268C,YKL173W,0,0.85770714,0.10026241093873978,0.908820629119873,0.823641300201416
YKR037C,YCL052C,0,0.8577058,0.1002514511346817,0.908820629119873,0.8237413763999939
YPL174C,YOL064C,0,0.8576836,0.10024049133062363,0.908820629119873,0.8238414525985718
YPL175W,YHR186C,0,0.85760325,0.10022953152656555,0.908820629119873,0.8239415287971497
YBR015C,YOR089C,0,0.85731524,0.10021857917308807,0.908820629119873,0.8240416646003723
YNL271C,YGL103W,0,0.85704666,0.1002076268196106,0.908820629119873,0.8241417407989502
YNR008W,YNL238W,0,0.85699356,0.10019668191671371,0.908820629119873,0.8242418169975281
YBR041W,YGL093W,0,0.8569199,0.10018572956323624,0.908820629119873,0.824341893196106
YOL154W,YER022W,0,0.856778,0.10017478466033936,0.908820629119873,0.8244419693946838
YPR178W,YGL232W,0,0.8566641,0.10016384720802307,0.908820629119873,0.8245421051979065
YIL150C,YBL003C,1,0.8566629,0.1002621203660965,0.9098116755485535,0.8245421051979065
YGL155W,YOR299W,0,0.8564086,0.10025117546319962,0.9098116755485535,0.8246421813964844
YGR238C,YBL034C,0,0.8563965,0.10024023056030273,0.9098116755485535,0.8247422575950623
YPR133W-A,YDL235C,0,0.85638666,0.10022928565740585,0.9098116755485535,0.8248423337936401
YKL194C,YOR237W,0,0.8563748,0.10021834075450897,0.9098116755485535,0.8249424695968628
YDR332W,YDR292C,0,0.85636234,0.10020740330219269,0.9098116755485535,0.8250425457954407
YHL008C,YGR070W,0,0.85619235,0.1001964658498764,0.9098116755485535,0.8251426219940186
YGL168W,YPL226W,0,0.85619116,0.10018552839756012,0.9098116755485535,0.8252426981925964
YIR005W,YLR213C,0,0.8561075,0.10017459839582443,0.9098116755485535,0.8253428339958191
YPL223C,YGR003W,0,0.8560464,0.10016366839408875,0.9098116755485535,0.825442910194397
YER025W,YPL083C,0,0.85593414,0.10015273839235306,0.9098116755485535,0.8255429863929749
YAR033W,YER176W,0,0.85593367,0.10014181584119797,0.9098116755485535,0.8256430625915527
YNL025C,YNL059C,0,0.85589355,0.10013089329004288,0.9098116755485535,0.8257431983947754
YAL002W,YDR170C,0,0.85573924,0.10011997073888779,0.9098116755485535,0.8258432745933533
YLR099C,YOL019W,0,0.85564536,0.1001090481877327,0.9098116755485535,0.8259433507919312
YDR429C,YOR018W,0,0.8556343,0.1000981330871582,0.9098116755485535,0.826043426990509
YJL127C,YDR523C,0,0.8555831,0.1000872254371643,0.9098116755485535,0.8261435031890869
YLR150W,YPR017C,0,0.8555807,0.10007631033658981,0.9098116755485535,0.8262436389923096
YPR006C,YOL082W,0,0.8555791,0.10006540268659592,0.9098116755485535,0.8263437151908875
YKL160W,YLL004W,1,0.8555107,0.10016348958015442,0.9108027815818787,0.8263437151908875
YKL182W,YGR268C,0,0.8554894,0.10015257447957993,0.9108027815818787,0.8264437913894653
YKL042W,YBR297W,0,0.85547334,0.10014165937900543,0.9108027815818787,0.8265438675880432
YIL135C,YLR220W,0,0.8554375,0.10013074427843094,0.9108027815818787,0.8266440033912659
YIL126W,YJL194W,1,0.85537636,0.10022878646850586,0.9117938280105591,0.8266440033912659
YOR047C,YOL011W,0,0.85524786,0.10021786391735077,0.9117938280105591,0.8267440795898438
YPL248C,YPL204W,0,0.8550366,0.10020694881677628,0.9117938280105591,0.8268441557884216
YLR389C,YCR055C,0,0.85501397,0.10019603371620178,0.9117938280105591,0.8269442319869995
YDR263C,YJR126C,0,0.85500866,0.10018512606620789,0.9117938280105591,0.8270443677902222
YML129C,YJL153C,0,0.8548814,0.10017421841621399,0.9117938280105591,0.8271444439888
YGR040W,YEL050C,0,0.85468984,0.10016331076622009,0.9117938280105591,0.8272445201873779
YOR120W,YLR055C,0,0.8546189,0.1001524031162262,0.9117938280105591,0.8273445963859558
YHR142W,YHR171W,0,0.8545805,0.1001415029168129,0.9117938280105591,0.8274446725845337
YLR099C,YBL054W,0,0.85449874,0.1001306027173996,0.9117938280105591,0.8275448083877563
YKL189W,YBR006W,0,0.8544667,0.1001197099685669,0.9117938280105591,0.8276448845863342
YJR130C,YDL180W,0,0.8542657,0.10010881721973419,0.9117938280105591,0.8277449607849121
YNR008W,YNL309W,0,0.85423654,0.10009792447090149,0.9117938280105591,0.82784503698349
YHR080C,YER091C,0,0.8542174,0.10008703172206879,0.9117938280105591,0.8279451727867126
YBL090W,YNL318C,0,0.8542163,0.10007614642381668,0.9117938280105591,0.8280452489852905
YBR112C,YER161C,1,0.8542034,0.10017402470111847,0.9127849340438843,0.8280452489852905
YCL004W,YBR245C,0,0.8541167,0.10016313195228577,0.9127849340438843,0.8281453251838684
YGR014W,YDL046W,0,0.8541066,0.10015223920345306,0.9127849340438843,0.8282454013824463
YLR221C,YDR201W,0,0.8540929,0.10014135390520096,0.9127849340438843,0.828345537185669
YLR266C,YLR142W,0,0.85407144,0.10013046115636826,0.9127849340438843,0.8284456133842468
YGL220W,YPL269W,0,0.854052,0.10011957585811615,0.9127849340438843,0.8285456895828247
YOR299W,YPR005C,0,0.8540255,0.10010869801044464,0.9127849340438843,0.8286457657814026
YNL132W,YJR097W,0,0.85395324,0.10009781271219254,0.9127849340438843,0.8287458419799805
YJR006W,YOR085W,0,0.85382456,0.10008693486452103,0.9127849340438843,0.8288459777832031
YPR002W,YOR304W,0,0.8535625,0.10007606446743011,0.9127849340438843,0.828946053981781
YML071C,YPL026C,0,0.85356134,0.1000651866197586,0.9127849340438843,0.8290461301803589
YBL069W,YMR005W,0,0.853403,0.1000543162226677,0.9127849340438843,0.8291462063789368
YDR257C,YMR235C,0,0.8533867,0.10004345327615738,0.9127849340438843,0.8292463421821594
YNL081C,YMR090W,0,0.8532185,0.10003258287906647,0.9127849340438843,0.8293464183807373
YBL020W,YGL178W,0,0.8531515,0.10002171993255615,0.9127849340438843,0.8294464945793152
YCL061C,YGR056W,1,0.8531128,0.100119449198246,0.9137760400772095,0.8294464945793152
YIL070C,YGL244W,0,0.8530886,0.10010857880115509,0.9137760400772095,0.8295465707778931
YDR463W,YHR070W,0,0.85304016,0.10009770840406418,0.9137760400772095,0.8296467065811157
YOR259C,YOR212W,0,0.8529274,0.10008684545755386,0.9137760400772095,0.8297467827796936
YKL179C,YCR024C,0,0.8528587,0.10007598251104355,0.9137760400772095,0.8298468589782715
YOR308C,YPL180W,0,0.85269254,0.10006511956453323,0.9137760400772095,0.8299469351768494
YDR224C,YBR289W,1,0.85249215,0.10016278177499771,0.9147670865058899,0.8299469351768494
YKR037C,YMR086W,0,0.8524244,0.1001519113779068,0.9147670865058899,0.830047070980072
YBR084W,YOR067C,0,0.8524179,0.10014104098081589,0.9147670865058899,0.8301471471786499
YJR140C,YIL126W,1,0.8522857,0.10023866593837738,0.9157581925392151,0.8301471471786499
YJL019W,YGR080W,0,0.8522609,0.10022778809070587,0.9157581925392151,0.8302472233772278
YJR050W,YLR345W,0,0.8522408,0.10021691769361496,0.9157581925392151,0.8303472995758057
YPL087W,YLR090W,0,0.8521509,0.10020605474710464,0.9157581925392151,0.8304473757743835
YML073C,YPL173W,0,0.8520274,0.10019518435001373,0.9157581925392151,0.8305475115776062
YLR321C,YPL017C,0,0.85201705,0.10018432140350342,0.9157581925392151,0.8306475877761841
YBR115C,YKL051W,0,0.8518953,0.1001734584569931,0.9157581925392151,0.830747663974762
YNL282W,YLR165C,0,0.85183316,0.10016260296106339,0.9157581925392151,0.8308477401733398
YLL022C,YBL008W,1,0.8518145,0.10026013106107712,0.9167492389678955,0.8308477401733398
YOR141C,YBR198C,1,0.85179824,0.10035764425992966,0.9177403450012207,0.8308477401733398
YBR164C,YDR419W,0,0.8517863,0.10034677386283875,0.9177403450012207,0.8309478759765625
YPL043W,YNR043W,0,0.85176957,0.10033589601516724,0.9177403450012207,0.8310479521751404
YER162C,YGL168W,0,0.85176885,0.10032502561807632,0.9177403450012207,0.8311480283737183
YML028W,YOR378W,0,0.8517027,0.10031415522098541,0.9177403450012207,0.8312481045722961
YHR129C,YOL010W,0,0.8516379,0.1003032922744751,0.9177403450012207,0.8313482403755188
YDR416W,YMR235C,0,0.85152626,0.10029242932796478,0.9177403450012207,0.8314483165740967
YOL067C,YDL217C,0,0.8514619,0.10028156638145447,0.9177403450012207,0.8315483927726746
YBR158W,YGL119W,0,0.85142004,0.10027071088552475,0.9177403450012207,0.8316484689712524
YCL064C,YGL104C,0,0.8513625,0.10025985538959503,0.9177403450012207,0.8317485451698303
YNR033W,YGR179C,0,0.851317,0.10024899989366531,0.9177403450012207,0.831848680973053
YGL014W,YDL085W,0,0.85127866,0.1002381443977356,0.9177403450012207,0.8319487571716309
YDR403W,YMR319C,0,0.8512763,0.10022729635238647,0.9177403450012207,0.8320488333702087
YLR313C,YNR003C,0,0.85123974,0.10021644830703735,0.9177403450012207,0.8321489095687866
YCR020C,YMR075W,0,0.8511425,0.10020560771226883,0.9177403450012207,0.8322490453720093
YNL059C,YFR013W,1,0.8508825,0.10030296444892883,0.9187313914299011,0.8322490453720093
YOR359W,YPL006W,0,0.85083973,0.10029211640357971,0.9187313914299011,0.8323491215705872
YMR190C,YLR357W,1,0.850667,0.10038944333791733,0.9197224974632263,0.8323491215705872
YDR322W,YOL117W,0,0.8505049,0.10037858039140701,0.9197224974632263,0.832449197769165
YMR316W,YLR373C,0,0.85043174,0.1003677248954773,0.9197224974632263,0.8325492739677429
YBR089C-A,YOR349W,0,0.8503671,0.10035686939954758,0.9197224974632263,0.8326494097709656
YLR109W,YCL025C,0,0.85017014,0.10034602135419846,0.9197224974632263,0.8327494859695435
YGL162W,YOR381W,0,0.85016876,0.10033517330884933,0.9197224974632263,0.8328495621681213
YHL006C,YMR127C,0,0.8501588,0.10032432526350021,0.9197224974632263,0.8329496383666992
YJL079C,YPR155C,0,0.850131,0.10031347721815109,0.9197224974632263,0.8330497741699219
YKL003C,YLL001W,0,0.8500209,0.10030263662338257,0.9197224974632263,0.8331498503684998
YGR094W,YKR088C,0,0.8499644,0.10029179602861404,0.9197224974632263,0.8332499265670776
YMR240C,YMR224C,0,0.8499499,0.10028096288442612,0.9197224974632263,0.8333500027656555
YMR160W,YPL112C,0,0.84987396,0.10027012228965759,0.9197224974632263,0.8334500789642334
YGL018C,YJL073W,0,0.84965444,0.10025928914546967,0.9197224974632263,0.833550214767456
YJL172W,YPR086W,0,0.84962547,0.10024846345186234,0.9197224974632263,0.8336502909660339
YJL085W,YEL050C,0,0.8495123,0.10023763030767441,0.9197224974632263,0.8337503671646118
YDR461W,YPR144C,0,0.8495093,0.10022680461406708,0.9197224974632263,0.8338504433631897
YDR110W,YPR163C,0,0.8494948,0.10021598637104034,0.9197224974632263,0.8339505791664124
YNL132W,YDL112W,0,0.8491706,0.10020516067743301,0.9197224974632263,0.8340506553649902
YGR258C,YLL001W,0,0.849085,0.10019434243440628,0.9197224974632263,0.8341507315635681
YLR151C,YBL085W,0,0.8489301,0.10018352419137955,0.9197224974632263,0.834250807762146
YER060W-A,YDR126W,0,0.8489025,0.10017271339893341,0.9197224974632263,0.8343509435653687
YPL137C,YAL019W,0,0.84877783,0.10016190260648727,0.9197224974632263,0.8344510197639465
YDR279W,YKR089C,0,0.84872806,0.10015109181404114,0.9197224974632263,0.8345510959625244
YMR241W,YNL172W,0,0.8486481,0.100140281021595,0.9197224974632263,0.8346511721611023
YPL200W,YPL094C,0,0.8486224,0.10012947767972946,0.9197224974632263,0.8347512483596802
YPR086W,YPL200W,0,0.8485766,0.10011867433786392,0.9197224974632263,0.8348513841629028
YML120C,YJL153C,0,0.84851366,0.10010787844657898,0.9197224974632263,0.8349514603614807
YGL225W,YLL013C,0,0.8484108,0.10009707510471344,0.9197224974632263,0.8350515365600586
YJR029W,YBR012W-A,0,0.848227,0.1000862792134285,0.9197224974632263,0.8351516127586365
YPR162C,YMR203W,0,0.8481566,0.10007549077272415,0.9197224974632263,0.8352517485618591
YAL058W,YOR087W,0,0.8481181,0.10006469488143921,0.9197224974632263,0.835351824760437
YFR030W,YEL015W,0,0.8480994,0.10005390644073486,0.9197224974632263,0.8354519009590149
YLR045C,YDR268W,0,0.8478833,0.10004312545061111,0.9197224974632263,0.8355519771575928
YLR102C,YDR533C,0,0.84779316,0.10003233700990677,0.9197224974632263,0.8356521129608154
YNL243W,YAL013W,0,0.8476662,0.10002155601978302,0.9197224974632263,0.8357521891593933
YML071C,YMR097C,0,0.8476008,0.10001077502965927,0.9197224974632263,0.8358522653579712
YER110C,YNL219C,0,0.8475853,0.10000000149011612,0.9197224974632263,0.8359523415565491
YGL073W,YFR041C,0,0.84744745,0.09998922795057297,0.9197224974632263,0.836052417755127
YBR101C,YPL093W,0,0.8474296,0.09997845441102982,0.9197224974632263,0.8361525535583496
YGL253W,YBR012W-B,0,0.84737605,0.09996768087148666,0.9197224974632263,0.8362526297569275
YIR032C,YML107C,0,0.84715366,0.09995691478252411,0.9197224974632263,0.8363527059555054
YBR276C,YDR281C,0,0.8471175,0.09994614869356155,0.9197224974632263,0.8364527821540833
YDR478W,YPL004C,0,0.84690213,0.0999353900551796,0.9197224974632263,0.8365529179573059
YNL175C,YGR245C,0,0.8468854,0.09992462396621704,0.9197224974632263,0.8366529941558838
YCL024W,YPL123C,0,0.84684736,0.09991386532783508,0.9197224974632263,0.8367530703544617
YER104W,YER174C,0,0.84682703,0.09990311414003372,0.9197224974632263,0.8368531465530396
YIL072W,YLR329W,0,0.84682,0.09989235550165176,0.9197224974632263,0.8369532823562622
YER088C,YER161C,1,0.84676695,0.09998923540115356,0.9207136034965515,0.8369532823562622
YDR527W,YKR088C,0,0.8467407,0.0999784767627716,0.9207136034965515,0.8370533585548401
YMR128W,YIL008W,0,0.8466296,0.09996771812438965,0.9207136034965515,0.837153434753418
YML004C,YPL099C,0,0.8465972,0.09995695948600769,0.9207136034965515,0.8372535109519958
YKR053C,YML049C,0,0.8465945,0.09994620829820633,0.9207136034965515,0.8373536467552185
YKL040C,YCR026C,0,0.8465009,0.09993545711040497,0.9207136034965515,0.8374537229537964
YBR241C,YPL027W,0,0.84635675,0.09992470592260361,0.9207136034965515,0.8375537991523743
YOR126C,YCL054W,0,0.8462814,0.09991396218538284,0.9207136034965515,0.8376538753509521
YJL057C,YDL121C,0,0.84606856,0.09990321844816208,0.9207136034965515,0.83775395154953
YDR532C,YPR026W,0,0.84570056,0.09989247471094131,0.9207136034965515,0.8378540873527527
YDR303C,YDL028C,0,0.8456802,0.09988173097372055,0.9207136034965515,0.8379541635513306
YNL286W,YKL166C,0,0.8455649,0.09987099468708038,0.9207136034965515,0.8380542397499084
YPR095C,YBR282W,0,0.8454044,0.09986025840044022,0.9207136034965515,0.8381543159484863
YJR016C,YNL271C,0,0.8453352,0.09984952956438065,0.9207136034965515,0.838254451751709
YNL273W,YDR492W,0,0.845327,0.09983879327774048,0.9207136034965515,0.8383545279502869
YPR127W,YGR154C,0,0.8452593,0.09982806444168091,0.9207136034965515,0.8384546041488647
YGR101W,YMR098C,0,0.845221,0.09981734305620193,0.9207136034965515,0.8385546803474426
YLR283W,YDL091C,0,0.8451168,0.09980662167072296,0.9207136034965515,0.8386548161506653
YJR134C,YMR261C,0,0.84496033,0.09979589283466339,0.9207136034965515,0.8387548923492432
YBR010W,YMR033W,1,0.844758,0.09989258646965027,0.9217046499252319,0.8387548923492432
YNR016C,YGR040W,0,0.8445659,0.0998818576335907,0.9217046499252319,0.838854968547821
YBR275C,YLR213C,0,0.8445413,0.09987113624811172,0.9217046499252319,0.8389550447463989
YPL208W,YJR118C,0,0.8444937,0.09986040741205215,0.9217046499252319,0.8390551209449768
YDR224C,YBR195C,1,0.8443539,0.09995705634355545,0.9226957559585571,0.8390551209449768
YCL064C,YOL145C,0,0.8442587,0.09994632005691528,0.9226957559585571,0.8391552567481995
YNL076W,YEL024W,0,0.8442397,0.09993559122085571,0.9226957559585571,0.8392553329467773
YER185W,YKL119C,0,0.8442283,0.09992486983537674,0.9226957559585571,0.8393554091453552
YPR030W,YPL135W,0,0.8440501,0.09991414099931717,0.9226957559585571,0.8394554853439331
YNL078W,YIL118W,0,0.84371907,0.0999034196138382,0.9226957559585571,0.8395556211471558
YOR038C,YGR221C,1,0.8434295,0.10000000149011612,0.9236868023872375,0.8395556211471558
YML043C,YMR208W,0,0.84334075,0.09998927265405655,0.9236868023872375,0.8396556973457336
YDL028C,YBR211C,0,0.84333223,0.09997854381799698,0.9236868023872375,0.8397557735443115
YGL150C,YNL246W,1,0.8432846,0.10007508099079132,0.9246779084205627,0.8397557735443115
YMR190C,YDR190C,1,0.84323496,0.10017160326242447,0.9256689548492432,0.8397557735443115
YCR031C,YLR007W,0,0.8430953,0.1001608595252037,0.9256689548492432,0.8398558497428894
YOL095C,YGR218W,0,0.84305936,0.10015011578798294,0.9256689548492432,0.8399559855461121
YER033C,YDR096W,0,0.8430295,0.10013937950134277,0.9256689548492432,0.8400560617446899
YLR011W,YDR146C,0,0.8429095,0.1001286432147026,0.9256689548492432,0.8401561379432678
YOL030W,YGL073W,0,0.84289145,0.10011791437864304,0.9256689548492432,0.8402562141418457
YHR044C,YOR227W,0,0.8428614,0.10010717809200287,0.9256689548492432,0.8403563499450684
YBR012W-B,YBL055C,0,0.8428449,0.1000964492559433,0.9256689548492432,0.8404564261436462
YDR036C,YDR107C,0,0.8427941,0.10008572787046432,0.9256689548492432,0.8405565023422241
YKR101W,YBR195C,1,0.8427756,0.10018214583396912,0.9266600608825684,0.8405565023422241
YBR231C,YOR019W,0,0.84259397,0.10017141699790955,0.9266600608825684,0.840656578540802
YLR385C,YJL082W,0,0.8425368,0.10016068816184998,0.9266600608825684,0.8407566547393799
YKL175W,YNR017W,0,0.8425161,0.1001499593257904,0.9266600608825684,0.8408567905426025
YKL205W,YBR028C,0,0.8423524,0.10013923048973083,0.9266600608825684,0.8409568667411804
YIL007C,YIL013C,0,0.84226096,0.10012850910425186,0.9266600608825684,0.8410569429397583
YGR076C,YNR070W,0,0.8421368,0.10011778771877289,0.9266600608825684,0.8411570191383362
YDL190C,YIL037C,0,0.84161013,0.10010706633329391,0.9266600608825684,0.8412571549415588
YIL119C,YDR096W,0,0.8412253,0.10009635239839554,0.9266600608825684,0.8413572311401367
YJR130C,YPL004C,0,0.8412038,0.10008563846349716,0.9266600608825684,0.8414573073387146
YPR184W,YLR039C,0,0.8411432,0.10007492452859879,0.9266600608825684,0.8415573835372925
YPL096W,YLL055W,0,0.8410782,0.10006421059370041,0.9266600608825684,0.8416575193405151
YGR122W,YNL055C,0,0.8409098,0.10005350410938263,0.9266600608825684,0.841757595539093
YGR179C,YDL148C,0,0.84089875,0.10004279762506485,0.9266600608825684,0.8418576717376709
YGR253C,YPR026W,0,0.84088343,0.10003209859132767,0.9266600608825684,0.8419577479362488
YOR123C,YLR329W,0,0.8408746,0.10002139210700989,0.9266600608825684,0.8420578241348267
YOR192C,YJL174W,0,0.84084696,0.1000106930732727,0.9266600608825684,0.8421579599380493
YDR173C,YGL084C,0,0.8407742,0.10000000149011612,0.9266600608825684,0.8422580361366272
YDL087C,YDR369C,0,0.8407696,0.09998930245637894,0.9266600608825684,0.8423581123352051
YML005W,YPL101W,0,0.8407572,0.09997861087322235,0.9266600608825684,0.842458188533783
YBR002C,YCR035C,0,0.8407165,0.09996792674064636,0.9266600608825684,0.8425583243370056
YDR512C,YDR116C,0,0.8407116,0.09995723515748978,0.9266600608825684,0.8426584005355835
YOR066W,YDR012W,0,0.8406192,0.09994655102491379,0.9266600608825684,0.8427584767341614
YLL004W,YAL011W,1,0.8405723,0.10004275292158127,0.9276511669158936,0.8427584767341614
YBL072C,YEL019C,0,0.8404141,0.10003206133842468,0.9276511669158936,0.8428585529327393
YOL028C,YJR010C-A,0,0.84032565,0.1000213697552681,0.9276511669158936,0.8429586887359619
YDL069C,YMR101C,0,0.84029126,0.10001068562269211,0.9276511669158936,0.8430587649345398
YOL127W,YNL163C,0,0.84013444,0.10000000149011612,0.9276511669158936,0.8431588411331177
YGL119W,YOL076W,0,0.8401061,0.09998931735754013,0.9276511669158936,0.8432589173316956
YOL080C,YNR003C,0,0.8400338,0.09997864067554474,0.9276511669158936,0.8433589935302734
YHR012W,YJL221C,0,0.83991474,0.09996795654296875,0.9276511669158936,0.8434591293334961
YJR143C,YNR011C,0,0.8399139,0.09995727986097336,0.9276511669158936,0.843559205532074
YKR100C,YIL101C,0,0.8398381,0.09994661062955856,0.9276511669158936,0.8436592817306519
YMR297W,YKL165C,0,0.8397956,0.09993594139814377,0.9276511669158936,0.8437593579292297
YOL032W,YGL172W,0,0.83963203,0.09992527216672897,0.9276511669158936,0.8438594937324524
YFR040W,YBL054W,0,0.83946836,0.09991460293531418,0.9276511669158936,0.8439595699310303
YOR027W,YPR155C,0,0.839437,0.09990394115447998,0.9276511669158936,0.8440596461296082
YDL045C,YLL050C,0,0.8393864,0.09989327937364578,0.9276511669158936,0.844159722328186
YKL144C,YOR009W,0,0.8393156,0.09988261759281158,0.9276511669158936,0.8442598581314087
YOR117W,YKL171W,0,0.8392853,0.09987195581197739,0.9276511669158936,0.8443599343299866
YLR037C,YNR050C,0,0.8390994,0.09986130148172379,0.9276511669158936,0.8444600105285645
YJL085W,YBL022C,0,0.83897835,0.09985064715147018,0.9276511669158936,0.8445600867271423
YJL115W,YBR089C-A,1,0.8388999,0.09994667023420334,0.928642213344574,0.8445600867271423
YNR061C,YGR194C,0,0.83871186,0.09993600845336914,0.928642213344574,0.844660222530365
YDR036C,YOR335C,0,0.83869255,0.09992534667253494,0.928642213344574,0.8447602987289429
YGR142W,YBR097W,0,0.8386372,0.09991469234228134,0.928642213344574,0.8448603749275208
YDR246W,YEL012W,0,0.83857936,0.09990403801202774,0.928642213344574,0.8449604511260986
YOR320C,YMR139W,0,0.838486,0.09989339113235474,0.928642213344574,0.8450605273246765
YLR221C,YOR080W,0,0.8383699,0.09988274425268173,0.928642213344574,0.8451606631278992
YOR298W,YCR030C,0,0.8383071,0.09987209737300873,0.928642213344574,0.845260739326477
YHR211W,YDL204W,0,0.8382454,0.09986145049333572,0.928642213344574,0.8453608155250549
YML016C,YOL120C,0,0.83789796,0.09985081106424332,0.928642213344574,0.8454608917236328
YHR214W,YPL111W,0,0.8378096,0.09984017163515091,0.928642213344574,0.8455610275268555
YER151C,YDR247W,0,0.83756095,0.0998295322060585,0.928642213344574,0.8456611037254333
YKR030W,YGL006W,0,0.8373494,0.09981890022754669,0.928642213344574,0.8457611799240112
YIL033C,YCL054W,0,0.8372774,0.09980826824903488,0.928642213344574,0.8458612561225891
YPL224C,YHL015W,0,0.8371586,0.09979763627052307,0.928642213344574,0.8459613919258118
YBR175W,YPR138C,0,0.83710754,0.09978700429201126,0.928642213344574,0.8460614681243896
YJR140C,YER164W,1,0.83709776,0.09988286346197128,0.9296333193778992,0.8460614681243896
YHL019C,YOR148C,0,0.8370845,0.09987223148345947,0.9296333193778992,0.8461615443229675
YLR377C,YLL057C,0,0.83705986,0.09986159950494766,0.9296333193778992,0.8462616205215454
YLR300W,YKL053C-A,0,0.83705175,0.09985096752643585,0.9296333193778992,0.8463616967201233
YML096W,YNL068C,0,0.83705175,0.09984034299850464,0.9296333193778992,0.846461832523346
YPL068C,YML091C,0,0.8370466,0.09982971847057343,0.9296333193778992,0.8465619087219238
YBR085W,YLR450W,0,0.83704406,0.09981909394264221,0.9296333193778992,0.8466619849205017
YOL054W,YIR002C,0,0.83697706,0.099808469414711,0.9296333193778992,0.8467620611190796
YNR048W,YJL025W,0,0.8369418,0.09979785233736038,0.9296333193778992,0.8468621969223022
YLR060W,YMR026C,0,0.83691627,0.09978723526000977,0.9296333193778992,0.8469622731208801
YMR227C,YDL197C,1,0.8368697,0.09988299012184143,0.9306243658065796,0.8469622731208801
YLR086W,YPR143W,0,0.836824,0.09987236559391022,0.9306243658065796,0.847062349319458
YIL131C,YPR034W,1,0.8368118,0.09996809810400009,0.9316154718399048,0.847062349319458
YDL245C,YLR246W,0,0.8365776,0.09995746612548828,0.9316154718399048,0.8471624255180359
YGR144W,YGL259W,0,0.83644795,0.09994683414697647,0.9316154718399048,0.8472625613212585
YJL034W,YJR119C,0,0.83642834,0.09993620961904526,0.9316154718399048,0.8473626375198364
YIR036C,YGR061C,0,0.83637863,0.09992558509111404,0.9316154718399048,0.8474627137184143
YBL047C,YDR173C,0,0.8361992,0.09991496801376343,0.9316154718399048,0.8475627899169922
YOR001W,YDL031W,0,0.8361738,0.09990434348583221,0.9316154718399048,0.8476629257202148
YDL081C,YMR005W,0,0.836062,0.0998937264084816,0.9316154718399048,0.8477630019187927
YDR279W,YML109W,0,0.83597136,0.09988311678171158,0.9316154718399048,0.8478630781173706
YCL052C,YKL021C,0,0.83577645,0.09987249970436096,0.9316154718399048,0.8479631543159485
YNL247W,YJR048W,0,0.8357075,0.09986189007759094,0.9316154718399048,0.8480632305145264
YAL008W,YDR098C,0,0.83570176,0.09985128790140152,0.9316154718399048,0.848163366317749
YML091C,YPR120C,0,0.83550984,0.0998406782746315,0.9316154718399048,0.8482634425163269
YIL048W,YDR317W,0,0.8354081,0.09983007609844208,0.9316154718399048,0.8483635187149048
YNL065W,YML113W,0,0.8353339,0.09981947392225266,0.9316154718399048,0.8484635949134827
YER095W,YOR142W,0,0.83517003,0.09980887919664383,0.9316154718399048,0.8485637307167053
YFL023W,YCL054W,0,0.8351377,0.0997982770204544,0.9316154718399048,0.8486638069152832
YMR056C,YMR319C,0,0.8349219,0.09978768229484558,0.9316154718399048,0.8487638831138611
YLL022C,YBL006C,1,0.83483607,0.09988323599100113,0.9326065182685852,0.8487638831138611
YJR140C,YGL133W,1,0.8347995,0.09997877478599548,0.9335976243019104,0.8487638831138611
YPL058C,YBR207W,0,0.8347864,0.09996816515922546,0.9335976243019104,0.848863959312439
YKR097W,YDL069C,0,0.83460414,0.09995755553245544,0.9335976243019104,0.8489640951156616
YDR350C,YHR210C,0,0.8344058,0.09994694590568542,0.9335976243019104,0.8490641713142395
YOR141C,YDR167W,1,0.8342935,0.1000424325466156,0.9345887303352356,0.8490641713142395
YHL025W,YLR442C,1,0.83427066,0.10013790428638458,0.935579776763916,0.8490641713142395
YIL150C,YLR047C,0,0.83422273,0.10012727975845337,0.935579776763916,0.8491642475128174
YGR095C,YNL163C,0,0.8342046,0.10011666268110275,0.935579776763916,0.8492643237113953
YJL196C,YKL134C,0,0.8341561,0.10010604560375214,0.935579776763916,0.8493643999099731
YNR037C,YER175C,0,0.83415383,0.10009542852640152,0.935579776763916,0.8494645357131958
YER027C,YNL310C,0,0.83414906,0.1000848188996315,0.935579776763916,0.8495646119117737
YKL006W,YHR020W,0,0.83407056,0.10007420927286148,0.935579776763916,0.8496646881103516
YLR050C,YOL062C,0,0.8340152,0.10006359964609146,0.935579776763916,0.8497647643089294
YKL089W,YDR281C,0,0.8339899,0.10005299746990204,0.935579776763916,0.8498649001121521
YGL141W,YEL062W,0,0.8338996,0.10004238784313202,0.935579776763916,0.84996497631073
YER019C-A,YDR254W,0,0.8338004,0.1000317931175232,0.935579776763916,0.8500650525093079
YAR018C,YMR276W,0,0.8337957,0.10002119094133377,0.935579776763916,0.8501651287078857
YDL115C,YLL041C,0,0.8337478,0.10001059621572495,0.935579776763916,0.8502652645111084
YDR492W,YEL018W,0,0.8336866,0.10000000149011612,0.935579776763916,0.8503653407096863
YJR151C,YHR047C,0,0.8336849,0.0999894067645073,0.935579776763916,0.8504654169082642
YOR201C,YLR441C,0,0.8335824,0.09997881948947906,0.935579776763916,0.850565493106842
YJL219W,YHR143W,0,0.833442,0.09996823221445084,0.935579776763916,0.8506655693054199
YDR351W,YHR023W,0,0.8334058,0.09995764493942261,0.935579776763916,0.8507657051086426
YDR092W,YLR209C,0,0.83332103,0.09994706511497498,0.935579776763916,0.8508657813072205
YFL013C,YHR118C,1,0.83326185,0.10004234313964844,0.9365708827972412,0.8508657813072205
YBR034C,YNL151C,0,0.8329736,0.10003175586462021,0.9365708827972412,0.8509658575057983
YKL150W,YLR386W,0,0.8328616,0.10002116858959198,0.9365708827972412,0.8510659337043762
YBR094W,YLR364W,0,0.8328355,0.10001058131456375,0.9365708827972412,0.8511660695075989
YML109W,YJL194W,1,0.83279485,0.10010582208633423,0.9375619292259216,0.8511660695075989
YKR019C,YLR272C,1,0.83267134,0.10020104050636292,0.9385530352592468,0.8511660695075989
YPL221W,YMR238W,0,0.83266467,0.10019043833017349,0.9385530352592468,0.8512661457061768
YNR028W,YHR067W,0,0.8326133,0.10017983615398407,0.9385530352592468,0.8513662219047546
YBR241C,YGL105W,0,0.8325613,0.10016924142837524,0.9385530352592468,0.8514662981033325
YHL016C,YNL317W,0,0.832473,0.10015864670276642,0.9385530352592468,0.8515664339065552
YHR174W,YEL064C,0,0.8322497,0.10014805197715759,0.9385530352592468,0.8516665101051331
YDR087C,YOR145C,0,0.8318935,0.10013746470212936,0.9385530352592468,0.8517665863037109
YBL069W,YDR498C,0,0.83173704,0.10012687742710114,0.9385530352592468,0.8518666625022888
YOL165C,YDL045C,0,0.8316384,0.1001162901520729,0.9385530352592468,0.8519667983055115
YIL160C,YML113W,0,0.83161503,0.10010571032762527,0.9385530352592468,0.8520668745040894
YEL059C-A,YBR128C,0,0.831583,0.10009513050317764,0.9385530352592468,0.8521669507026672
YHR154W,YOR212W,0,0.83155745,0.10008455067873001,0.9385530352592468,0.8522670269012451
YHL019C,YMR145C,0,0.83152753,0.10007397085428238,0.9385530352592468,0.852367103099823
YER139C,YMR269W,0,0.8314848,0.10006339848041534,0.9385530352592468,0.8524672389030457
YGR296W,YIL036W,0,0.83137906,0.10005282610654831,0.9385530352592468,0.8525673151016235
YMR239C,YNL107W,1,0.8310372,0.10014789551496506,0.9395440816879272,0.8525673151016235
YBR247C,YOR252W,0,0.83097917,0.10013731569051743,0.9395440816879272,0.8526673913002014
YDR518W,YBR061C,0,0.83084637,0.10012674331665039,0.9395440816879272,0.8527674674987793
YNR052C,YKL171W,0,0.83070695,0.10011617094278336,0.9395440816879272,0.852867603302002
YIL119C,YGR072W,0,0.8306818,0.10010559856891632,0.9395440816879272,0.8529676795005798
YPR184W,YFR041C,0,0.83055216,0.10009502619504929,0.9395440816879272,0.8530677556991577
YDR233C,YNL233W,0,0.830509,0.10008446127176285,0.9395440816879272,0.8531678318977356
YLR263W,YJL096W,0,0.8303125,0.10007389634847641,0.9395440816879272,0.8532679677009583
YAL060W,YIL167W,0,0.83022726,0.10006333142518997,0.9395440816879272,0.8533680438995361
YNL070W,YLR259C,0,0.83019716,0.10005277395248413,0.9395440816879272,0.853468120098114
YDR234W,YCR072C,0,0.8301593,0.10004220902919769,0.9395440816879272,0.8535681962966919
YOL003C,YER111C,0,0.8301017,0.10003165900707245,0.9395440816879272,0.8536682724952698
YBR211C,YPR041W,0,0.8300941,0.10002110153436661,0.9395440816879272,0.8537684082984924
YIR019C,YLR440C,0,0.83008,0.10001055151224136,0.9395440816879272,0.8538684844970703
YEL050C,YJL143W,0,0.8296467,0.10000000149011612,0.9395440816879272,0.8539685606956482
YMR239C,YBR297W,0,0.8296331,0.09998945146799088,0.9395440816879272,0.8540686368942261
YOR272W,YPL213W,0,0.82962453,0.09997890889644623,0.9395440816879272,0.8541687726974487
YOR155C,YGR178C,0,0.8295579,0.09996836632490158,0.9395440816879272,0.8542688488960266
YDR224C,YOR092W,0,0.82949233,0.09995782375335693,0.9395440816879272,0.8543689250946045
YDR222W,YPL061W,0,0.8294094,0.09994728863239288,0.9395440816879272,0.8544690012931824
YIR039C,YIL154C,0,0.82938135,0.09993674606084824,0.9395440816879272,0.854569137096405
YDR300C,YLR460C,0,0.8293148,0.09992621839046478,0.9395440816879272,0.8546692132949829
YML010W,YBL052C,1,0.8292654,0.10002107918262482,0.9405351877212524,0.8546692132949829
YML058W-A,YML074C,0,0.8292361,0.10001053661108017,0.9405351877212524,0.8547692894935608
YDR196C,YKL007W,0,0.8292192,0.10000000149011612,0.9405351877212524,0.8548693656921387
YBR088C,YLR385C,1,0.8291789,0.10009482502937317,0.9415262341499329,0.8548693656921387
YDR080W,YNR050C,0,0.829087,0.10008428245782852,0.9415262341499329,0.8549695014953613
YJR025C,YDR405W,0,0.8289226,0.10007373988628387,0.9415262341499329,0.8550695776939392
YFL025C,YOR074C,0,0.82872885,0.10006319731473923,0.9415262341499329,0.8551696538925171
YGR083C,YGR191W,0,0.8285633,0.10005266219377518,0.9415262341499329,0.855269730091095
YGR235C,YLR404W,0,0.8285079,0.10004211962223053,0.9415262341499329,0.8553698062896729
YCL027W,YLR020C,0,0.82848436,0.10003159195184708,0.9415262341499329,0.8554699420928955
YDR498C,YAL022C,0,0.8283273,0.10002105683088303,0.9415262341499329,0.8555700182914734
YBL052C,YHR056C,1,0.8282117,0.10011579841375351,0.9425173401832581,0.8555700182914734
YCL025C,YGL241W,0,0.82810545,0.10010526329278946,0.9425173401832581,0.8556700944900513
YPL115C,YBR168W,0,0.82784,0.10009472817182541,0.9425173401832581,0.8557701706886292
YJL041W,YJL141C,0,0.8277084,0.10008419305086136,0.9425173401832581,0.8558703064918518
YBR173C,YDR018C,0,0.8275965,0.10007365792989731,0.9425173401832581,0.8559703826904297
YAL063C,YLR389C,0,0.82756114,0.10006313025951385,0.9425173401832581,0.8560704588890076
YPL101W,YLL034C,0,0.82747895,0.1000526025891304,0.9425173401832581,0.8561705350875854
YOR138C,YML109W,0,0.8273426,0.10004208236932755,0.9425173401832581,0.8562706708908081
YDR292C,YKL166C,0,0.8273253,0.10003155469894409,0.9425173401832581,0.856370747089386
YPR200C,YHR105W,0,0.8273242,0.10002103447914124,0.9425173401832581,0.8564708232879639
YBR158W,YEL040W,0,0.82730806,0.10001051425933838,0.9425173401832581,0.8565708994865417
YPL157W,YGL246C,0,0.82712543,0.10000000149011612,0.9425173401832581,0.8566709756851196
YLR028C,YJR027W,0,0.82711756,0.09998948872089386,0.9425173401832581,0.8567711114883423
YLL009C,YNL188W,0,0.82710487,0.0999789759516716,0.9425173401832581,0.8568711876869202
YDL022W,YMR262W,0,0.8269965,0.09996846318244934,0.9425173401832581,0.856971263885498
YKL064W,YGR071C,0,0.8267692,0.09995795786380768,0.9425173401832581,0.8570713400840759
YDR014W,YDR137W,0,0.82676405,0.09994745254516602,0.9425173401832581,0.8571714758872986
YHR028C,YNL239W,0,0.82653373,0.09993694722652435,0.9425173401832581,0.8572715520858765
YCR010C,YPL090C,0,0.82650995,0.09992644935846329,0.9425173401832581,0.8573716282844543
YNL027W,YDR253C,0,0.8264549,0.09991595149040222,0.9425173401832581,0.8574717044830322
YOR189W,YOR038C,0,0.82632726,0.09990545362234116,0.9425173401832581,0.8575718402862549
YPR086W,YNL207W,0,0.82631993,0.09989495575428009,0.9425173401832581,0.8576719164848328
YJL143W,YLR197W,0,0.82621515,0.09988446533679962,0.9425173401832581,0.8577719926834106
YOR179C,YDL081C,0,0.8261856,0.09987397491931915,0.9425173401832581,0.8578720688819885
YER106W,YKL087C,0,0.8259263,0.09986349195241928,0.9425173401832581,0.8579722046852112
YGR162W,YCR072C,0,0.8257116,0.09985300153493881,0.9425173401832581,0.8580722808837891
YHR061C,YBR065C,0,0.8257027,0.09984251856803894,0.9425173401832581,0.8581723570823669
YLR151C,YJR051W,0,0.8256626,0.09983203560113907,0.9425173401832581,0.8582724332809448
YIL068C,YPR010C,0,0.82554245,0.0998215600848198,0.9425173401832581,0.8583725094795227
YFR029W,YDR279W,0,0.8254681,0.09981108456850052,0.9425173401832581,0.8584726452827454
YHR202W,YMR318C,0,0.8253694,0.09980060905218124,0.9425173401832581,0.8585727214813232
YGR009C,YHR215W,0,0.8252678,0.09979013353586197,0.9425173401832581,0.8586727976799011
YBR112C,YER044C-A,0,0.8252185,0.09977966547012329,0.9425173401832581,0.858772873878479
YNL135C,YNL021W,1,0.82520866,0.0998741090297699,0.9435084462165833,0.858772873878479
YDL045W-A,YIR014W,0,0.8251749,0.09986363351345062,0.9435084462165833,0.8588730096817017
YML128C,YHL034C,0,0.8248737,0.09985315799713135,0.9435084462165833,0.8589730858802795
YLR449W,YBR010W,1,0.82459176,0.09994756430387497,0.9444994926452637,0.8589730858802795
YJL221C,YNL158W,0,0.8245821,0.0999370813369751,0.9444994926452637,0.8590731620788574
YPL147W,YPR131C,0,0.8244626,0.09992659837007523,0.9444994926452637,0.8591732382774353
YBL005W,YOL018C,0,0.8244063,0.09991612285375595,0.9444994926452637,0.859273374080658
YGL205W,YOR233W,0,0.82431895,0.09990564733743668,0.9444994926452637,0.8593734502792358
YOL064C,YNL262W,0,0.82386994,0.099895179271698,0.9444994926452637,0.8594735264778137
YMR297W,YBR119W,0,0.8238616,0.09988471120595932,0.9444994926452637,0.8595736026763916
YDR256C,YKL145W,0,0.8238464,0.09987424314022064,0.9444994926452637,0.8596736788749695
YDR300C,YDR367W,0,0.8236046,0.09986377507448196,0.9444994926452637,0.8597738146781921
YDL135C,YCL026C-B,0,0.82359344,0.09985331445932388,0.9444994926452637,0.85987389087677
YML109W,YEL012W,0,0.8235593,0.0998428463935852,0.9444994926452637,0.8599739670753479
YKL038W,YHR086W,0,0.82344145,0.09983239322900772,0.9444994926452637,0.8600740432739258
YJL048C,YNR010W,0,0.82343364,0.09982193261384964,0.9444994926452637,0.8601741790771484
YDR252W,YMR146C,0,0.8233921,0.09981147944927216,0.9444994926452637,0.8602742552757263
YNL218W,YLR301W,0,0.8231971,0.09980102628469467,0.9444994926452637,0.8603743314743042
YFL029C,YER154W,0,0.82311565,0.09979057312011719,0.9444994926452637,0.8604744076728821
YKR059W,YNL020C,0,0.82310885,0.0997801274061203,0.9444994926452637,0.8605745434761047
YDL099W,YLL033W,0,0.8230846,0.09976968169212341,0.9444994926452637,0.8606746196746826
YDR481C,YMR227C,0,0.82303745,0.09975923597812653,0.9444994926452637,0.8607746958732605
YMR236W,YGL037C,1,0.8228933,0.09985346347093582,0.9454905986785889,0.8607746958732605
YEL059C-A,YDR129C,0,0.8227705,0.09984301775693893,0.9454905986785889,0.8608747720718384
YOR001W,YPL138C,0,0.82266855,0.09983256459236145,0.9454905986785889,0.8609748482704163
YDR464W,YKL166C,0,0.8226199,0.09982211887836456,0.9454905986785889,0.8610749840736389
YOR038C,YNL246W,1,0.8224668,0.09991630166769028,0.9464816451072693,0.8610749840736389
YGR253C,YOL116W,0,0.8224206,0.09990584850311279,0.9464816451072693,0.8611750602722168
YIL119C,YPR070W,0,0.822343,0.09989539533853531,0.9464816451072693,0.8612751364707947
YNR070W,YNL289W,0,0.82229614,0.09988494962453842,0.9464816451072693,0.8613752126693726
YGR076C,YBR037C,0,0.8222945,0.09987450391054153,0.9464816451072693,0.8614753484725952
YAR007C,YPR167C,0,0.8221384,0.09986405819654465,0.9464816451072693,0.8615754246711731
YPR122W,YKL063C,0,0.8221314,0.09985361993312836,0.9464816451072693,0.861675500869751
YCR098C,YER089C,0,0.82209027,0.09984318166971207,0.9464816451072693,0.8617755770683289
YNL091W,YLR029C,0,0.82173634,0.09983274340629578,0.9464816451072693,0.8618757128715515
YML080W,YNL066W,0,0.8216711,0.09982230514287949,0.9464816451072693,0.8619757890701294
YGR156W,YDR328C,0,0.82166564,0.09981187433004379,0.9464816451072693,0.8620758652687073
YHR085W,YER028C,0,0.82161283,0.0998014435172081,0.9464816451072693,0.8621759414672852
YBR231C,YER053C,0,0.82160723,0.0997910127043724,0.9464816451072693,0.8622760772705078
YLL004W,YDR224C,1,0.82141066,0.09988506883382797,0.9474727511405945,0.8622760772705078
YPL159C,YPR072W,0,0.8212913,0.09987463802099228,0.9474727511405945,0.8623761534690857
YNL191W,YKL021C,0,0.821198,0.09986419975757599,0.9474727511405945,0.8624762296676636
YNL202W,YIL130W,0,0.8210523,0.0998537689447403,0.9474727511405945,0.8625763058662415
YDR281C,YER162C,0,0.8209558,0.0998433455824852,0.9474727511405945,0.8626763820648193
YDR257C,YML094W,0,0.82094765,0.0998329147696495,0.9474727511405945,0.862776517868042
YNR067C,YBR254C,0,0.82092077,0.09982249140739441,0.9474727511405945,0.8628765940666199
YMR048W,YKL143W,0,0.8208606,0.09981206804513931,0.9474727511405945,0.8629766702651978
YFL001W,YML005W,0,0.8207042,0.09980165213346481,0.9474727511405945,0.8630767464637756
YGR285C,YGR254W,0,0.82060164,0.09979122877120972,0.9474727511405945,0.8631768822669983
YMR205C,YGR004W,0,0.82053936,0.09978081285953522,0.9474727511405945,0.8632769584655762
YDL141W,YCR021C,0,0.82052535,0.09977040439844131,0.9474727511405945,0.863377034664154
YMR128W,YGL070C,0,0.8202432,0.09975998848676682,0.9474727511405945,0.8634771108627319
YOR211C,YNL207W,0,0.8201163,0.09974958002567291,0.9474727511405945,0.8635772466659546
YML054C,YKL171W,0,0.8200709,0.0997391790151596,0.9474727511405945,0.8636773228645325
YER178W,YOL141W,0,0.8200349,0.0997287705540657,0.9474727511405945,0.8637773990631104
YPR127W,YLR099C,0,0.81994134,0.0997183695435524,0.9474727511405945,0.8638774752616882
YLR418C,YNR074C,0,0.81993043,0.09970796853303909,0.9474727511405945,0.8639775514602661
YPL273W,YNR072W,0,0.81990767,0.09969756752252579,0.9474727511405945,0.8640776872634888
YCR081W,YNL246W,0,0.8199052,0.09968717396259308,0.9474727511405945,0.8641777634620667
YGL127C,YDL085W,0,0.8197364,0.09967678040266037,0.9474727511405945,0.8642778396606445
YIL069C,YOR151C,0,0.8197245,0.09966638684272766,0.9474727511405945,0.8643779158592224
YDR351W,YJR103W,0,0.81958497,0.09965600073337555,0.9474727511405945,0.8644780516624451
YOR063W,YOL004W,0,0.81935596,0.09964561462402344,0.9474727511405945,0.864578127861023
YJL069C,YDR387C,0,0.81930506,0.09963522851467133,0.9474727511405945,0.8646782040596008
YJR075W,YPL202C,0,0.81901574,0.09962484240531921,0.9474727511405945,0.8647782802581787
YHR174W,YDR486C,0,0.818903,0.0996144637465477,0.9474727511405945,0.8648784160614014
YKL038W,YDR263C,0,0.8188609,0.09960408508777618,0.9474727511405945,0.8649784922599792
YJR025C,YDR328C,0,0.8186624,0.09959370642900467,0.9474727511405945,0.8650785684585571
YML076C,YKL078W,0,0.8186574,0.09958333522081375,0.9474727511405945,0.865178644657135
YGR189C,YKL164C,0,0.8184613,0.09957296401262283,0.9474727511405945,0.8652787804603577
YJR112W,YPL100W,0,0.8184488,0.09956259280443192,0.9474727511405945,0.8653788566589355
YDR009W,YMR215W,0,0.8183441,0.099552221596241,0.9474727511405945,0.8654789328575134
YBR291C,YIL113W,0,0.81829715,0.09954185783863068,0.9474727511405945,0.8655790090560913
YML054C,YOR323C,0,0.81827307,0.09953149408102036,0.9474727511405945,0.8656790852546692
YLR299W,YNL020C,0,0.818181,0.09952113032341003,0.9474727511405945,0.8657792210578918
YKL007W,YPR148C,0,0.81805915,0.09951077401638031,0.9474727511405945,0.8658792972564697
YLR248W,YKR056W,0,0.81796217,0.09950041770935059,0.9474727511405945,0.8659793734550476
YDR508C,YKR089C,0,0.8178806,0.09949006140232086,0.9474727511405945,0.8660794496536255
YJR131W,YJR031C,0,0.81781495,0.09947970509529114,0.9474727511405945,0.8661795854568481
YGR101W,YNL283C,0,0.81771,0.09946935623884201,0.9474727511405945,0.866279661655426
YMR284W,YLR055C,1,0.8176635,0.09956304728984833,0.9484637975692749,0.866279661655426
YDR026C,YDR447C,0,0.81764287,0.0995526909828186,0.9484637975692749,0.8663797378540039
YJR066W,YNL175C,0,0.8175929,0.09954233467578888,0.9484637975692749,0.8664798140525818
YOL007C,YMR045C,0,0.81755555,0.09953197836875916,0.9484637975692749,0.8665799498558044
YMR149W,YPL017C,0,0.8174879,0.09952162951231003,0.9484637975692749,0.8666800260543823
YIL098C,YBR218C,0,0.8173647,0.0995112806558609,0.9484637975692749,0.8667801022529602
YNL063W,YJR053W,0,0.8171798,0.09950093924999237,0.9484637975692749,0.8668801784515381
YJL213W,YCR011C,0,0.8171507,0.09949059039354324,0.9484637975692749,0.866980254650116
YKR014C,YPR163C,0,0.8171407,0.09948024898767471,0.9484637975692749,0.8670803904533386
YML120C,YKL099C,0,0.8170427,0.09946990758180618,0.9484637975692749,0.8671804666519165
YGR037C,YDL115C,0,0.816932,0.09945957362651825,0.9484637975692749,0.8672805428504944
YBL055C,YOL076W,0,0.81684923,0.09944923967123032,0.9484637975692749,0.8673806190490723
YDR473C,YBR078W,0,0.8167759,0.09943890571594238,0.9484637975692749,0.8674807548522949
YGL205W,YJR138W,0,0.81648093,0.09942857176065445,0.9484637975692749,0.8675808310508728
YDR304C,YIL139C,0,0.81646514,0.09941824525594711,0.9484637975692749,0.8676809072494507
YNL335W,YNL281W,0,0.8164427,0.09940791875123978,0.9484637975692749,0.8677809834480286
YDR128W,YDL245C,0,0.81627566,0.09939759224653244,0.9484637975692749,0.8678811192512512
YDR363W,YMR239C,1,0.81586725,0.09949111938476562,0.9494549036026001,0.8678811192512512
YHR044C,YCR072C,0,0.8158264,0.09948079288005829,0.9494549036026001,0.8679811954498291
YDR323C,YCL050C,0,0.8156634,0.09947045892477036,0.9494549036026001,0.868081271648407
YER104W,YLR417W,0,0.8152511,0.09946013242006302,0.9494549036026001,0.8681813478469849
YBR026C,YPR155C,0,0.81524915,0.09944980591535568,0.9494549036026001,0.8682814240455627
YKR094C,YPR057W,0,0.8148291,0.09943948686122894,0.9494549036026001,0.8683815598487854
YNR044W,YCL034W,0,0.81473386,0.0994291678071022,0.9494549036026001,0.8684816360473633
YHR148W,YIL048W,0,0.81466395,0.09941884875297546,0.9494549036026001,0.8685817122459412
YOL012C,YGL037C,1,0.8146555,0.09951229393482208,0.9504460096359253,0.8685817122459412
YDR118W,YKR019C,0,0.8144829,0.09950197488069534,0.9504460096359253,0.868681788444519
YLL022C,YBR231C,1,0.81444454,0.09959539026021957,0.9514370560646057,0.868681788444519
YJL080C,YMR033W,1,0.81423444,0.09968879818916321,0.9524281620979309,0.868681788444519
YNL216W,YNL239W,0,0.8141178,0.09967845678329468,0.9524281620979309,0.8687819242477417
YIL079C,YFR005C,0,0.8140018,0.09966811537742615,0.9524281620979309,0.8688820004463196
YCR092C,YMR292W,0,0.8139629,0.09965778142213821,0.9524281620979309,0.8689820766448975
YDL082W,YOR298W,0,0.8139147,0.09964744746685028,0.9524281620979309,0.8690821528434753
YBR023C,YLR413W,0,0.8138982,0.09963712096214294,0.9524281620979309,0.869182288646698
YGL241W,YDR283C,0,0.8137914,0.09962678700685501,0.9524281620979309,0.8692823648452759
YIL109C,YOR324C,0,0.81361353,0.09961646050214767,0.9524281620979309,0.8693824410438538
YCR031C,YKL042W,0,0.81359005,0.09960613399744034,0.9524281620979309,0.8694825172424316
YNL025C,YOR275C,0,0.8135633,0.0995958149433136,0.9524281620979309,0.8695826530456543
YLR344W,YNL158W,0,0.8133131,0.09958549588918686,0.9524281620979309,0.8696827292442322
YER177W,YCR024C,0,0.81328493,0.09957517683506012,0.9524281620979309,0.8697828054428101
YLR204W,YEL070W,0,0.8132151,0.09956485778093338,0.9524281620979309,0.8698828816413879
YDR140W,YPL193W,0,0.81313246,0.09955454617738724,0.9524281620979309,0.8699829578399658
YOR237W,YPR137W,0,0.81290674,0.0995442271232605,0.9524281620979309,0.8700830936431885
YJR059W,YOL121C,0,0.81285524,0.09953392297029495,0.9524281620979309,0.8701831698417664
YPL013C,YJL158C,0,0.81282425,0.09952361136674881,0.9524281620979309,0.8702832460403442
YHL021C,YOL071W,0,0.81269675,0.09951330721378326,0.9524281620979309,0.8703833222389221
YOR388C,YDL101C,0,0.81265223,0.09950300306081772,0.9524281620979309,0.8704834580421448
YHR167W,YOR272W,0,0.8125471,0.09949269890785217,0.9524281620979309,0.8705835342407227
YJR160C,YNL098C,0,0.812529,0.09948240220546722,0.9524281620979309,0.8706836104393005
YPR169W,YHR206W,0,0.8124487,0.09947210550308228,0.9524281620979309,0.8707836866378784
YCR098C,YOR236W,0,0.8123714,0.09946180880069733,0.9524281620979309,0.8708838224411011
YPR081C,YGR181W,0,0.8122004,0.09945151954889297,0.9524281620979309,0.870983898639679
YBR233W-A,YMR109W,0,0.81201345,0.09944122284650803,0.9524281620979309,0.8710839748382568
YJL080C,YML069W,1,0.8120024,0.09953439980745316,0.9534192085266113,0.8710839748382568
YBL072C,YOL111C,0,0.81198394,0.0995241031050682,0.9534192085266113,0.8711840510368347
YBR050C,YDR135C,0,0.8118745,0.09951380640268326,0.9534192085266113,0.8712841272354126
YIL113W,YCR038C,0,0.8118303,0.0995035171508789,0.9534192085266113,0.8713842630386353
YMR190C,YML127W,1,0.81178105,0.09959664940834045,0.9544103145599365,0.8713842630386353
YDR412W,YLR188W,0,0.8116759,0.0995863527059555,0.9544103145599365,0.8714843392372131
YLR449W,YGL207W,1,0.8116016,0.09967945516109467,0.9554013609886169,0.8714843392372131
YDR164C,YPL133C,0,0.8112274,0.09966915100812912,0.9554013609886169,0.871584415435791
YPL224C,YDR399W,0,0.8111406,0.09965884685516357,0.9554013609886169,0.8716844916343689
YDL039C,YCR028C,0,0.81102705,0.09964854270219803,0.9554013609886169,0.8717846274375916
YMR237W,YBR155W,0,0.810996,0.09963824599981308,0.9554013609886169,0.8718847036361694
YGL141W,YDL142C,0,0.81086624,0.09962794184684753,0.9554013609886169,0.8719847798347473
YLR131C,YMR313C,0,0.81034416,0.09961765259504318,0.9554013609886169,0.8720848560333252
YJL087C,YPR072W,0,0.81025577,0.09960735589265823,0.9554013609886169,0.8721849918365479
YER022W,YOL042W,0,0.8101213,0.09959706664085388,0.9554013609886169,0.8722850680351257
YFR038W,YBR041W,0,0.8099613,0.09958677738904953,0.9554013609886169,0.8723851442337036
YJL069C,YLR014C,0,0.8098095,0.09957648813724518,0.9554013609886169,0.8724852204322815
YGR052W,YNL129W,0,0.80970645,0.09956620633602142,0.9554013609886169,0.8725853562355042
YMR071C,YBR247C,0,0.8097,0.09955592453479767,0.9554013609886169,0.872685432434082
YEL017C-A,YGL169W,0,0.8095663,0.09954564273357391,0.9554013609886169,0.8727855086326599
YJL080C,YBR089C-A,1,0.8095644,0.09963861852884293,0.9563924670219421,0.8727855086326599
YDL138W,YER149C,0,0.80955404,0.09962832927703857,0.9563924670219421,0.8728855848312378
YBR231C,YPR138C,0,0.80951834,0.09961804747581482,0.9563924670219421,0.8729856610298157
YOL061W,YNL173C,0,0.8094274,0.09960776567459106,0.9563924670219421,0.8730857968330383
YIR039C,YNL070W,0,0.8093733,0.09959748387336731,0.9563924670219421,0.8731858730316162
YIL107C,YOL082W,0,0.80912125,0.09958720207214355,0.9563924670219421,0.8732859492301941
YIL130W,YBR213W,0,0.80904233,0.0995769277215004,0.9563924670219421,0.873386025428772
YER005W,YGR184C,0,0.8086504,0.09956665337085724,0.9563924670219421,0.8734861612319946
YER110C,YLR160C,0,0.8086315,0.09955637902021408,0.9563924670219421,0.8735862374305725
YOL154W,YDR207C,0,0.80862457,0.09954611212015152,0.9563924670219421,0.8736863136291504
YBR112C,YPR052C,1,0.808513,0.09963899105787277,0.9573835730552673,0.8736863136291504
YPL043W,YEL029C,0,0.80844146,0.09962870925664902,0.9573835730552673,0.8737863898277283
YER129W,YDR261C,0,0.8081269,0.09961844235658646,0.9573835730552673,0.8738865256309509
YMR063W,YBR081C,0,0.8079624,0.0996081680059433,0.9573835730552673,0.8739866018295288
YGL259W,YPL004C,0,0.8078989,0.09959789365530014,0.9573835730552673,0.8740866780281067
YEL036C,YER147C,0,0.8078632,0.09958762675523758,0.9573835730552673,0.8741867542266846
YPL157W,YGR078C,0,0.8077696,0.09957735985517502,0.9573835730552673,0.8742868304252625
YGL171W,YDR254W,0,0.80771214,0.09956710040569305,0.9573835730552673,0.8743869662284851
YDR465C,YDR478W,0,0.807636,0.09955684095621109,0.9573835730552673,0.874487042427063
YBR040W,YKR104W,0,0.8074508,0.09954658150672913,0.9573835730552673,0.8745871186256409
YLL004W,YNL107W,1,0.8070089,0.09963936358690262,0.9583746194839478,0.8745871186256409
YMR263W,YER030W,1,0.8069751,0.09973212331533432,0.959365725517273,0.8745871186256409
YKL172W,YML086C,0,0.80684525,0.09972184896469116,0.959365725517273,0.8746871948242188
YER171W,YML128C,0,0.8068394,0.099711574614048,0.959365725517273,0.8747873306274414
YIL111W,YMR193W,0,0.8067537,0.09970130771398544,0.959365725517273,0.8748874068260193
YKR059W,YGR271W,0,0.8065902,0.09969104081392288,0.959365725517273,0.8749874830245972
YLR206W,YEL024W,0,0.8065138,0.09968077391386032,0.959365725517273,0.875087559223175
YER051W,YMR038C,0,0.8064396,0.09967050701379776,0.959365725517273,0.8751876950263977
YDR363W,YGL150C,1,0.80633974,0.09976320713758469,0.9603567719459534,0.8751876950263977
YCR031C,YLR201C,0,0.80631274,0.09975293278694153,0.9603567719459534,0.8752877712249756
YDL235C,YCR026C,0,0.80611575,0.09974266588687897,0.9603567719459534,0.8753878474235535
YCL044C,YGR060W,0,0.80604655,0.0997323989868164,0.9603567719459534,0.8754879236221313
YEL001C,YDL148C,0,0.80604553,0.09972213953733444,0.9603567719459534,0.8755879998207092
YNL076W,YOR180C,0,0.805997,0.09971187263727188,0.9603567719459534,0.8756881356239319
YCR035C,YLR385C,0,0.80589384,0.09970161318778992,0.9603567719459534,0.8757882118225098
YER070W,YLR304C,0,0.8058772,0.09969136118888855,0.9603567719459534,0.8758882880210876
YHL006C,YGL243W,0,0.80584615,0.09968110173940659,0.9603567719459534,0.8759883642196655
YOL028C,YKL165C,0,0.8058386,0.09967084974050522,0.9603567719459534,0.8760885000228882
YER081W,YAL022C,0,0.8056751,0.09966059774160385,0.9603567719459534,0.8761885762214661
YMR256C,YNL304W,0,0.8056657,0.09965035319328308,0.9603567719459534,0.876288652420044
YCL064C,YPR144C,0,0.80564106,0.09964010119438171,0.9603567719459534,0.8763887286186218
YMR241W,YJL166W,0,0.80561817,0.09962985664606094,0.9603567719459534,0.8764888644218445
YJL102W,YDL189W,0,0.8054092,0.09961961209774017,0.9603567719459534,0.8765889406204224
YGR060W,YKL059C,0,0.805045,0.099609375,0.9603567719459534,0.8766890168190002
YGL049C,YLR382C,0,0.80501443,0.09959913790225983,0.9603567719459534,0.8767890930175781
YDR332W,YDR447C,0,0.8049324,0.09958890080451965,0.9603567719459534,0.8768892288208008
YJL080C,YOR157C,0,0.8048748,0.09957866370677948,0.9603567719459534,0.8769893050193787
YDR364C,YPR110C,0,0.80459565,0.0995684340596199,0.9603567719459534,0.8770893812179565
YMR078C,YCR028C,0,0.8045748,0.09955820441246033,0.9603567719459534,0.8771894574165344
YML076C,YCR037C,0,0.8043292,0.09954797476530075,0.9603567719459534,0.8772895336151123
YLR052W,YDR224C,1,0.8043206,0.09964047372341156,0.9613478779792786,0.8772895336151123
YKL189W,YLR127C,0,0.80408823,0.09963023662567139,0.9613478779792786,0.877389669418335
YPR192W,YOL051W,0,0.80359215,0.09962000697851181,0.9613478779792786,0.8774897456169128
YDR379W,YOL042W,0,0.8035289,0.09960977733135223,0.9613478779792786,0.8775898218154907
YGR054W,YER175C,0,0.8034978,0.09959954768419266,0.9613478779792786,0.8776898980140686
YJR147W,YER168C,0,0.8032882,0.09958932548761368,0.9613478779792786,0.8777900338172913
YJL008C,YGL006W,0,0.80312175,0.0995790958404541,0.9613478779792786,0.8778901100158691
YCL014W,YNR028W,0,0.8029,0.09956887364387512,0.9613478779792786,0.877990186214447
YOR391C,YKL210W,0,0.802896,0.09955865889787674,0.9613478779792786,0.8780902624130249
YJL198W,YCL054W,0,0.8028039,0.09954843670129776,0.9613478779792786,0.8781903982162476
YLR052W,YKL112W,1,0.802654,0.09964083880186081,0.962338924407959,0.8781903982162476
YNL202W,YEL032W,0,0.8025647,0.09963061660528183,0.962338924407959,0.8782904744148254
YNL156C,YIL005W,0,0.80245495,0.09962039440870285,0.962338924407959,0.8783905506134033
YGR095C,YDL243C,0,0.802392,0.09961017966270447,0.962338924407959,0.8784906268119812
YCL004W,YPL130W,0,0.8023181,0.09959995746612549,0.962338924407959,0.8785907030105591
YHL011C,YPL160W,0,0.80213594,0.0995897427201271,0.962338924407959,0.8786908388137817
YIL013C,YKL103C,0,0.8021048,0.09957952797412872,0.962338924407959,0.8787909150123596
YPL038W,YGR221C,0,0.8021041,0.09956932067871094,0.962338924407959,0.8788909912109375
YGR071C,YMR242C,0,0.80148834,0.09955911338329315,0.962338924407959,0.8789910674095154
YMR311C,YOR091W,0,0.801337,0.09954890608787537,0.962338924407959,0.879091203212738
YKR006C,YOR212W,0,0.80127984,0.09953869879245758,0.962338924407959,0.8791912794113159
YMR285C,YBR296C,0,0.80127716,0.09952849894762039,0.962338924407959,0.8792913556098938
YPL239W,YKL109W,0,0.80107224,0.0995182916522026,0.962338924407959,0.8793914318084717
YDR045C,YHR052W,0,0.80105066,0.09950809925794601,0.962338924407959,0.8794915676116943
YOR177C,YGR032W,0,0.8009365,0.09949789941310883,0.962338924407959,0.8795916438102722
YGL196W,YGR008C,0,0.800853,0.09948770701885223,0.962338924407959,0.8796917200088501
YBR158W,YDR498C,0,0.800733,0.09947751462459564,0.962338924407959,0.879791796207428
YER174C,YOR224C,0,0.8004729,0.09946732223033905,0.962338924407959,0.8798919320106506
YPL015C,YKR101W,1,0.8002321,0.09955956041812897,0.9633300304412842,0.8798919320106506
YNL250W,YOR386W,0,0.80010045,0.09954936802387238,0.9633300304412842,0.8799920082092285
YMR089C,YFR001W,0,0.8000253,0.09953916817903519,0.9633300304412842,0.8800920844078064
YPR118W,YER025W,0,0.800011,0.0995289757847786,0.9633300304412842,0.8801921606063843
YMR034C,YEL054C,0,0.7999453,0.0995187908411026,0.9633300304412842,0.8802922368049622
YBR156C,YJL141C,0,0.7998221,0.09950859844684601,0.9633300304412842,0.8803923726081848
YNL010W,YAR033W,0,0.7997893,0.09949841350317001,0.9633300304412842,0.8804924488067627
YJR034W,YGL092W,0,0.79972506,0.09948822855949402,0.9633300304412842,0.8805925250053406
YAR042W,YDL097C,0,0.7996028,0.09947804361581802,0.9633300304412842,0.8806926012039185
YPR200C,YIL142W,0,0.79922575,0.09946786612272263,0.9633300304412842,0.8807927370071411
YMR123W,YDL130W-A,0,0.7992182,0.09945768862962723,0.9633300304412842,0.880892813205719
YGR082W,YIR038C,0,0.7990763,0.09944751113653183,0.9633300304412842,0.8809928894042969
YML127W,YMR307W,0,0.79882485,0.09943734109401703,0.9633300304412842,0.8810929656028748
YOL084W,YJL164C,0,0.79880136,0.09942717105150223,0.9633300304412842,0.8811931014060974
YLR438C-A,YKR031C,0,0.7987688,0.09941700100898743,0.9633300304412842,0.8812931776046753
YLR285W,YER161C,1,0.7987607,0.0995091050863266,0.9643211364746094,0.8812931776046753
YMR074C,YLR287C-A,0,0.798725,0.0994989275932312,0.9643211364746094,0.8813932538032532
YMR076C,YMR090W,0,0.798531,0.0994887501001358,0.9643211364746094,0.881493330001831
YDL085W,YPR041W,0,0.79831266,0.099478580057621,0.9643211364746094,0.8815934062004089
YGR003W,YJL162C,0,0.7982715,0.0994684100151062,0.9643211364746094,0.8816935420036316
YFR027W,YAR031W,0,0.7980634,0.099458247423172,0.9643211364746094,0.8817936182022095
YJR149W,YOL031C,0,0.7979536,0.0994480773806572,0.9643211364746094,0.8818936944007874
YIR031C,YCR057C,0,0.7978477,0.09943791478872299,0.9643211364746094,0.8819937705993652
YBR274W,YPR155C,0,0.79775214,0.09942775219678879,0.9643211364746094,0.8820939064025879
YIR002C,YKR066C,0,0.7975429,0.09941759705543518,0.9643211364746094,0.8821939826011658
YCR024C,YDR318W,0,0.79740787,0.09940743446350098,0.9643211364746094,0.8822940587997437
YMR054W,YDR080W,0,0.79719895,0.09939727932214737,0.9643211364746094,0.8823941349983215
YHL015W,YGR241C,0,0.7970054,0.09938713163137436,0.9643211364746094,0.8824942708015442
YBR033W,YPR030W,0,0.7969784,0.09937697649002075,0.9643211364746094,0.8825943470001221
YDR110W,YDR533C,0,0.79695547,0.09936682879924774,0.9643211364746094,0.8826944231987
YNL282W,YBR052C,0,0.79685247,0.09935668110847473,0.9643211364746094,0.8827944993972778
YLL021W,YOR330C,0,0.79667115,0.09934654086828232,0.9643211364746094,0.8828945755958557
YPL196W,YDR386W,0,0.79650795,0.09933639317750931,0.9643211364746094,0.8829947113990784
YIR032C,YDR129C,0,0.79632276,0.0993262529373169,0.9643211364746094,0.8830947875976562
YHR175W,YOL086C,0,0.7959679,0.09931612014770508,0.9643211364746094,0.8831948637962341
YLR080W,YLL004W,0,0.7957878,0.09930597990751266,0.9643211364746094,0.883294939994812
YMR284W,YNL107W,1,0.7957715,0.09939789772033691,0.9653121829032898,0.883294939994812
YPL091W,YOR081C,0,0.79558825,0.0993877574801445,0.9653121829032898,0.8833950757980347
YMR123W,YBR240C,0,0.79547375,0.09937761723995209,0.9653121829032898,0.8834951519966125
YPL011C,YPR081C,0,0.7954499,0.09936747699975967,0.9653121829032898,0.8835952281951904
YMR169C,YDR252W,0,0.79533654,0.09935733675956726,0.9653121829032898,0.8836953043937683
YIR032C,YOR037W,0,0.795113,0.09934720396995544,0.9653121829032898,0.883795440196991
YNR038W,YDR361C,0,0.7950074,0.09933707118034363,0.9653121829032898,0.8838955163955688
YLR098C,YGL006W,0,0.7949301,0.09932694584131241,0.9653121829032898,0.8839955925941467
YJL189W,YDL142C,0,0.79479146,0.09931681305170059,0.9653121829032898,0.8840956687927246
YDR165W,YCL054W,0,0.7945912,0.09930668771266937,0.9653121829032898,0.8841958045959473
YOL136C,YMR315W,0,0.7945267,0.09929656237363815,0.9653121829032898,0.8842958807945251
YLR377C,YML028W,0,0.79434526,0.09928644448518753,0.9653121829032898,0.884395956993103
YKL049C,YPL153C,1,0.7943415,0.09937825053930283,0.966303288936615,0.884395956993103
YPR154W,YLR115W,0,0.79421544,0.09936811774969101,0.966303288936615,0.8844960331916809
YHL027W,YIL147C,0,0.79420775,0.09935799241065979,0.966303288936615,0.8845961093902588
YHR082C,YPL135W,0,0.7941354,0.09934786707162857,0.966303288936615,0.8846962451934814
YBR188C,YOR247W,0,0.79413134,0.09933774918317795,0.966303288936615,0.8847963213920593
YOR119C,YNR038W,0,0.7939641,0.09932763129472733,0.966303288936615,0.8848963975906372
YLR433C,YPL239W,0,0.79393727,0.0993175134062767,0.966303288936615,0.8849964737892151
YKL017C,YGR282C,0,0.79390335,0.09930739551782608,0.966303288936615,0.8850966095924377
YMR287C,YIL076W,0,0.7938324,0.09929727762937546,0.966303288936615,0.8851966857910156
YBR059C,YBR040W,0,0.7938163,0.09928716719150543,0.966303288936615,0.8852967619895935
YHR185C,YNL267W,0,0.7935407,0.0992770567536354,0.966303288936615,0.8853968381881714
YGR094W,YPR005C,0,0.7935277,0.09926695376634598,0.966303288936615,0.885496973991394
YIL137C,YIL120W,0,0.7933045,0.09925684332847595,0.966303288936615,0.8855970501899719
YPL144W,YPL130W,0,0.7932761,0.09924674034118652,0.966303288936615,0.8856971263885498
YJL052W,YNR003C,0,0.79323614,0.09923664480447769,0.966303288936615,0.8857972025871277
YDR172W,YPR041W,0,0.7932267,0.09922654181718826,0.966303288936615,0.8858972787857056
YKL016C,YDR418W,0,0.79296684,0.09921644628047943,0.966303288936615,0.8859974145889282
YKL032C,YHR179W,0,0.79256594,0.0992063507437706,0.966303288936615,0.8860974907875061
YLR350W,YDR146C,0,0.7924602,0.09919625520706177,0.966303288936615,0.886197566986084
YDR166C,YLR411W,0,0.79226786,0.09918616712093353,0.966303288936615,0.8862976431846619
YER082C,YPL135W,0,0.7921595,0.0991760790348053,0.966303288936615,0.8863977789878845
YPR171W,YKL134C,0,0.7919179,0.09916599094867706,0.966303288936615,0.8864978551864624
YOR297C,YDR083W,0,0.79160047,0.09915590286254883,0.966303288936615,0.8865979313850403
YGR189C,YJR036C,0,0.7914755,0.09914582222700119,0.966303288936615,0.8866980075836182
YDL121C,YOL126C,0,0.7912586,0.09913574159145355,0.966303288936615,0.8867981433868408
YJR075W,YML005W,0,0.7911093,0.09912566095590591,0.966303288936615,0.8868982195854187
YGL158W,YFR001W,0,0.7910321,0.09911558032035828,0.966303288936615,0.8869982957839966
YGR155W,YPL093W,0,0.7909321,0.09910550713539124,0.966303288936615,0.8870983719825745
YGR020C,YPL213W,0,0.7905278,0.0990954339504242,0.966303288936615,0.8871985077857971
YNR067C,YOL139C,0,0.7903381,0.09908536821603775,0.966303288936615,0.887298583984375
YAL031C,YPR054W,0,0.7901267,0.09907529503107071,0.966303288936615,0.8873986601829529
YPR010C,YGR077C,0,0.7901194,0.09906522929668427,0.966303288936615,0.8874987363815308
YOR221C,YNL001W,0,0.79000235,0.09905516356229782,0.966303288936615,0.8875988125801086
YDL175C,YDR045C,0,0.78976554,0.09904510527849197,0.966303288936615,0.8876989483833313
YOR383C,YCL025C,0,0.7895345,0.09903503954410553,0.966303288936615,0.8877990245819092
YIL107C,YOL136C,0,0.78911066,0.09902498126029968,0.966303288936615,0.8878991007804871
YBR129C,YLL002W,0,0.7889453,0.09901493042707443,0.966303288936615,0.8879991769790649
YPL058C,YFR027W,0,0.7888683,0.09900487214326859,0.966303288936615,0.8880993127822876
YIL084C,YGR246C,0,0.7887025,0.09899482131004333,0.966303288936615,0.8881993889808655
YDL078C,YKL205W,0,0.78849125,0.09898477047681808,0.966303288936615,0.8882994651794434
YOR327C,YDR496C,0,0.7882024,0.09897472709417343,0.966303288936615,0.8883995413780212
YLR228C,YNR060W,0,0.7880345,0.09896467626094818,0.966303288936615,0.8884996771812439
YDL164C,YNR006W,0,0.7877626,0.09895463287830353,0.966303288936615,0.8885997533798218
YDL067C,YDR515W,0,0.78733313,0.09894458949565887,0.966303288936615,0.8886998295783997
YLR276C,YGL019W,0,0.7870214,0.09893455356359482,0.966303288936615,0.8887999057769775
YLR181C,YLR276C,0,0.78694916,0.09892451018095016,0.966303288936615,0.8888999819755554
YLL009C,YDR424C,0,0.7869038,0.09891447424888611,0.966303288936615,0.8890001177787781
YMR059W,YHL012W,0,0.7868016,0.09890444576740265,0.966303288936615,0.889100193977356
YKL038W,YLR438C-A,0,0.78666574,0.09889440983533859,0.966303288936615,0.8892002701759338
YPR132W,YPL206C,0,0.7865247,0.09888438135385513,0.966303288936615,0.8893003463745117
YHR211W,YMR232W,0,0.7864337,0.09887435287237167,0.966303288936615,0.8894004821777344
YGR180C,YNL251C,0,0.7859485,0.09886432439088821,0.966303288936615,0.8895005583763123
YJL106W,YDR317W,0,0.78563166,0.09885430335998535,0.966303288936615,0.8896006345748901
YLR175W,YAL019W,0,0.78557175,0.09884428232908249,0.966303288936615,0.889700710773468
YDR270W,YLR244C,0,0.78530234,0.09883426129817963,0.966303288936615,0.8898008465766907
YOR044W,YPR167C,0,0.78496325,0.09882424771785736,0.966303288936615,0.8899009227752686
YDR086C,YHR129C,0,0.7843101,0.0988142266869545,0.966303288936615,0.8900009989738464
YMR270C,YKR054C,0,0.784125,0.09880421310663223,0.966303288936615,0.8901010751724243
YOR172W,YOR237W,0,0.78408045,0.09879420697689056,0.966303288936615,0.8902011513710022
YGR292W,YGR191W,0,0.7840645,0.0987841933965683,0.966303288936615,0.8903012871742249
YLR287C-A,YLR467W,0,0.78405607,0.09877418726682663,0.966303288936615,0.8904013633728027
YGL170C,YMR009W,0,0.784011,0.09876418113708496,0.966303288936615,0.8905014395713806
YML061C,YJR158W,0,0.78396815,0.09875417500734329,0.966303288936615,0.8906015157699585
YMR168C,YPL094C,0,0.7837863,0.09874417632818222,0.966303288936615,0.8907016515731812
YKL172W,YER113C,0,0.783734,0.09873417764902115,0.966303288936615,0.890801727771759
YMR274C,YLR009W,0,0.7835876,0.09872417896986008,0.966303288936615,0.8909018039703369
YDR471W,YHR129C,0,0.7832824,0.0987141877412796,0.966303288936615,0.8910018801689148
YFR045W,YLR197W,0,0.7830865,0.09870418906211853,0.966303288936615,0.8911020159721375
YPL174C,YOR074C,0,0.7830291,0.09869419783353806,0.966303288936615,0.8912020921707153
YFL023W,YPR144C,0,0.7828553,0.09868421405553818,0.966303288936615,0.8913021683692932
YDR337W,YBR238C,0,0.78279084,0.0986742228269577,0.966303288936615,0.8914022445678711
YHR069C,YJL078C,0,0.78275096,0.09866423904895782,0.966303288936615,0.8915023803710938
YJL191W,YGL070C,0,0.7826289,0.09865425527095795,0.966303288936615,0.8916024565696716
YPR119W,YNL158W,0,0.7826278,0.09864427149295807,0.966303288936615,0.8917025327682495
YGR009C,YLL055W,0,0.782551,0.09863429516553879,0.966303288936615,0.8918026089668274
YIL093C,YPL155C,0,0.7821313,0.0986243188381195,0.966303288936615,0.8919026851654053
YDL093W,YNL110C,0,0.7820708,0.09861434251070023,0.966303288936615,0.8920028209686279
YMR153W,YOR274W,0,0.78205544,0.09860436618328094,0.966303288936615,0.8921028971672058
YER153C,YMR100W,0,0.78202647,0.09859439730644226,0.966303288936615,0.8922029733657837
YBR129C,YKR056W,0,0.78159,0.09858442842960358,0.966303288936615,0.8923030495643616
YKR094C,YMR033W,0,0.78158814,0.09857445955276489,0.966303288936615,0.8924031853675842
YJL127C,YBR195C,1,0.7814147,0.09866558760404587,0.9672943353652954,0.8924031853675842
YML005W,YIL148W,0,0.7810313,0.09865561872720718,0.9672943353652954,0.8925032615661621
YJL171C,YNR031C,0,0.7807516,0.0986456423997879,0.9672943353652954,0.89260333776474
YOL078W,YJR126C,0,0.7806188,0.09863567352294922,0.9672943353652954,0.8927034139633179
YIL079C,YPL101W,0,0.7805024,0.09862570464611053,0.9672943353652954,0.8928035497665405
YML069W,YJL194W,1,0.78046376,0.09871678054332733,0.9682854413986206,0.8928035497665405
YLR389C,YAL054C,0,0.7804051,0.09870681166648865,0.9682854413986206,0.8929036259651184
YLR103C,YDR529C,0,0.7803602,0.09869683533906937,0.9682854413986206,0.8930037021636963
YGR180C,YOR232W,0,0.7802242,0.09868686646223068,0.9682854413986206,0.8931037783622742
YLR080W,YOL117W,0,0.7801697,0.0986769050359726,0.9682854413986206,0.893203854560852
YEL054C,YDL148C,0,0.780169,0.09866693615913391,0.9682854413986206,0.8933039903640747
YGR165W,YIR038C,0,0.7800664,0.09865697473287582,0.9682854413986206,0.8934040665626526
YMR242C,YLR015W,0,0.77989906,0.09864701330661774,0.9682854413986206,0.8935041427612305
YML010W,YDL105W,1,0.77985775,0.09873801469802856,0.969276487827301,0.8935041427612305
YBR214W,YPL200W,0,0.77984846,0.09872804582118988,0.969276487827301,0.8936042189598083
YDR117C,YHR179W,0,0.779654,0.0987180769443512,0.969276487827301,0.893704354763031
YBR088C,YDL197C,1,0.77958584,0.09880904108285904,0.9702675938606262,0.893704354763031
YOR294W,YML112W,0,0.7794849,0.09879907220602036,0.9702675938606262,0.8938044309616089
YGL087C,YPR081C,0,0.7792649,0.09878910332918167,0.9702675938606262,0.8939045071601868
YOL030W,YBR155W,0,0.77920914,0.09877913445234299,0.9702675938606262,0.8940045833587646
YAL024C,YIL005W,0,0.77900875,0.0987691655755043,0.9702675938606262,0.8941047191619873
YBR107C,YDR228C,0,0.77895176,0.09875920414924622,0.9702675938606262,0.8942047953605652
YJL157C,YCR024C,0,0.778827,0.09874924272298813,0.9702675938606262,0.8943048715591431
YGL128C,YDR463W,0,0.77882665,0.09873928129673004,0.9702675938606262,0.894404947757721
YDL205C,YLR450W,0,0.7787869,0.09872932732105255,0.9702675938606262,0.8945050835609436
YDR158W,YER143W,0,0.7787496,0.09871937334537506,0.9702675938606262,0.8946051597595215
YOL006C,YBR089C-A,1,0.77857846,0.09881024062633514,0.9712586998939514,0.8946051597595215
YCL032W,YNL308C,0,0.77857226,0.09880027920007706,0.9712586998939514,0.8947052359580994
YDR253C,YNL207W,0,0.7785707,0.09879032522439957,0.9712586998939514,0.8948053121566772
YOR054C,YOR330C,0,0.77838075,0.09878036379814148,0.9712586998939514,0.8949053883552551
YOR162C,YMR039C,0,0.77828014,0.09877040982246399,0.9712586998939514,0.8950055241584778
YDL021W,YLR107W,0,0.77824235,0.0987604558467865,0.9712586998939514,0.8951056003570557
YPR132W,YPL038W,0,0.7781189,0.09875050187110901,0.9712586998939514,0.8952056765556335
YGL194C,YLL012W,0,0.77789694,0.09874055534601212,0.9712586998939514,0.8953057527542114
YPL043W,YBR046C,0,0.7778197,0.09873060882091522,0.9712586998939514,0.8954058885574341
YGL194C,YNL088W,1,0.7775902,0.09882139414548874,0.9722497463226318,0.8954058885574341
YPL163C,YDR076W,0,0.77752596,0.09881144016981125,0.9722497463226318,0.895505964756012
YLR237W,YPL095C,0,0.77752376,0.09880149364471436,0.9722497463226318,0.8956060409545898
YBR067C,YLR306W,0,0.77730876,0.09879153966903687,0.9722497463226318,0.8957061171531677
YPL028W,YOR313C,0,0.7772691,0.09878159314393997,0.9722497463226318,0.8958062529563904
YOR078W,YBR131W,0,0.7770662,0.09877164661884308,0.9722497463226318,0.8959063291549683
YAL033W,YPR067W,0,0.77705795,0.09876170009374619,0.9722497463226318,0.8960064053535461
YPR188C,YCR077C,0,0.7770223,0.09875176101922989,0.9722497463226318,0.896106481552124
YIL119C,YER089C,0,0.7768071,0.09874182194471359,0.9722497463226318,0.8962065577507019
YLR017W,YNL151C,0,0.7767149,0.0987318828701973,0.9722497463226318,0.8963066935539246
YNL059C,YPL186C,0,0.7765082,0.0987219512462616,0.9722497463226318,0.8964067697525024
YGR037C,YPL213W,0,0.7763975,0.0987120121717453,0.9722497463226318,0.8965068459510803
YBR248C,YPL160W,0,0.7763569,0.0987020805478096,0.9722497463226318,0.8966069221496582
YDR287W,YPL017C,0,0.7762925,0.0986921563744545,0.9722497463226318,0.8967070579528809
YDR072C,YLR224W,0,0.77614546,0.0986822247505188,0.9722497463226318,0.8968071341514587
YOR136W,YNL216W,0,0.7760798,0.0986723005771637,0.9722497463226318,0.8969072103500366
YFR038W,YHL047C,0,0.77597934,0.0986623764038086,0.9722497463226318,0.8970072865486145
YAR019C,YIL046W,0,0.7758227,0.09865245223045349,0.9722497463226318,0.8971074223518372
YOL059W,YMR218C,0,0.7757875,0.09864253550767899,0.9722497463226318,0.897207498550415
YGL185C,YHL021C,0,0.77564573,0.09863261878490448,0.9722497463226318,0.8973075747489929
YBR010W,YML047C,0,0.7754388,0.09862270206212997,0.9722497463226318,0.8974076509475708
YJR130C,YDL085W,0,0.7751869,0.09861278533935547,0.9722497463226318,0.8975077867507935
YFL033C,YKR095W,0,0.7751457,0.09860287606716156,0.9722497463226318,0.8976078629493713
YML071C,YOL076W,0,0.77509725,0.09859296679496765,0.9722497463226318,0.8977079391479492
YGL163C,YHR119W,1,0.7749541,0.09868355095386505,0.973240852355957,0.8977079391479492
YLR048W,YPL156C,0,0.7748395,0.09867363423109055,0.973240852355957,0.8978080153465271
YLR010C,YDR283C,0,0.7748185,0.09866371750831604,0.973240852355957,0.897908091545105
YMR017W,YDR130C,0,0.77480114,0.09865380823612213,0.973240852355957,0.8980082273483276
YCL048W,YOR346W,0,0.77431667,0.09864389896392822,0.973240852355957,0.8981083035469055
YOR232W,YER096W,0,0.77419245,0.09863398969173431,0.973240852355957,0.8982083797454834
YPR187W,YER162C,0,0.7741462,0.0986240804195404,0.973240852355957,0.8983084559440613
YPL064C,YLR413W,0,0.77407616,0.0986141785979271,0.973240852355957,0.8984085917472839
YBL052C,YKL103C,0,0.7737484,0.09860427677631378,0.973240852355957,0.8985086679458618
YOR132W,YOR298W,0,0.773612,0.09859437495470047,0.973240852355957,0.8986087441444397
YPR072W,YHR101C,0,0.7734868,0.09858448058366776,0.973240852355957,0.8987088203430176
YLR386W,YHR037W,0,0.773467,0.09857458621263504,0.973240852355957,0.8988089561462402
YLR095C,YBR088C,1,0.7731835,0.09866505861282349,0.9742318987846375,0.8988089561462402
YOR207C,YKR068C,0,0.773147,0.09865515679121017,0.9742318987846375,0.8989090323448181
YLR083C,YNL230C,0,0.7729942,0.09864525496959686,0.9742318987846375,0.899009108543396
YDR499W,YPL193W,0,0.7725735,0.09863536059856415,0.9742318987846375,0.8991091847419739
YOL104C,YNL330C,0,0.772099,0.09862546622753143,0.9742318987846375,0.8992092609405518
YMR297W,YNL163C,0,0.77162224,0.09861557185649872,0.9742318987846375,0.8993093967437744
YHR011W,YIL037C,0,0.77147096,0.098605677485466,0.9742318987846375,0.8994094729423523
YOR233W,YBR012W-B,0,0.7712103,0.09859579056501389,0.9742318987846375,0.8995095491409302
YOL007C,YIL120W,0,0.7710192,0.09858589619398117,0.9742318987846375,0.8996096253395081
YDR405W,YER087C-A,0,0.7704123,0.09857600927352905,0.9742318987846375,0.8997097611427307
YLR007W,YKL052C,0,0.7703985,0.09856612980365753,0.9742318987846375,0.8998098373413086
YMR246W,YGR099W,0,0.7702563,0.09855624288320541,0.9742318987846375,0.8999099135398865
YOR001W,YGL226C-A,0,0.7700157,0.09854636341333389,0.9742318987846375,0.9000099897384644
YLR327C,YOL149W,0,0.769917,0.09853648394346237,0.9742318987846375,0.900110125541687
YGL206C,YGR288W,0,0.769778,0.09852661192417145,0.9742318987846375,0.9002102017402649
YDR407C,YDL069C,0,0.76928157,0.09851673990488052,0.9742318987846375,0.9003102779388428
YCR091W,YNL210W,0,0.7685291,0.0985068678855896,0.9742318987846375,0.9004103541374207
YJL179W,YLR147C,0,0.76804763,0.09849699586629868,0.9742318987846375,0.9005104303359985
YGR076C,YBL075C,0,0.76803553,0.09848712384700775,0.9742318987846375,0.9006105661392212
YIL079C,YDR481C,0,0.7679779,0.09847725927829742,0.9742318987846375,0.9007106423377991
YDR036C,YEL001C,0,0.76778114,0.0984673947095871,0.9742318987846375,0.900810718536377
YPR102C,YPR156C,0,0.767704,0.09845753014087677,0.9742318987846375,0.9009107947349548
YNL331C,YEL062W,0,0.76735204,0.09844767302274704,0.9742318987846375,0.9010109305381775
YOL158C,YPL178W,0,0.76695544,0.09843781590461731,0.9742318987846375,0.9011110067367554
YFL039C,YJL153C,0,0.76691616,0.09842795878648758,0.9742318987846375,0.9012110829353333
YMR176W,YOL142W,0,0.76685417,0.09841810166835785,0.9742318987846375,0.9013111591339111
YGL256W,YDL227C,0,0.76672673,0.09840825200080872,0.9742318987846375,0.9014112949371338
YIL046W,YOR299W,0,0.7666948,0.09839839488267899,0.9742318987846375,0.9015113711357117
YML058W-A,YER046W,0,0.76662624,0.09838855266571045,0.9742318987846375,0.9016114473342896
YHR031C,YML060W,0,0.76662266,0.09837870299816132,0.9742318987846375,0.9017115235328674
YOR236W,YAL030W,0,0.76661265,0.09836886078119278,0.9742318987846375,0.9018116593360901
YER008C,YPL095C,0,0.76646584,0.09835901856422424,0.9742318987846375,0.901911735534668
YBL057C,YLR258W,0,0.76513445,0.0983491763472557,0.9742318987846375,0.9020118117332458
YMR160W,YMR319C,0,0.7651282,0.09833933413028717,0.9742318987846375,0.9021118879318237
YER090W,YDR447C,0,0.76508015,0.09832949936389923,0.9742318987846375,0.9022119641304016
YDR398W,YLR383W,0,0.76505417,0.09831966459751129,0.9742318987846375,0.9023120999336243
YNL063W,YKL144C,0,0.76505315,0.09830982983112335,0.9742318987846375,0.9024121761322021
YGR088W,YKL149C,0,0.76478684,0.09830000251531601,0.9742318987846375,0.90251225233078
YOL158C,YGL174W,0,0.7647457,0.09829016774892807,0.9742318987846375,0.9026123285293579
YGR081C,YDR219C,0,0.7646609,0.09828034043312073,0.9742318987846375,0.9027124643325806
YNL078W,YCR044C,0,0.764439,0.09827052056789398,0.9742318987846375,0.9028125405311584
YER111C,YMR198W,0,0.7638938,0.09826069325208664,0.9742318987846375,0.9029126167297363
YDR130C,YHR029C,0,0.7637783,0.0982508733868599,0.9742318987846375,0.9030126929283142
YCR009C,YNL261W,0,0.76376325,0.09824105352163315,0.9742318987846375,0.9031128287315369
YPL203W,YOR313C,0,0.7635525,0.098231241106987,0.9742318987846375,0.9032129049301147
YJL183W,YJR094W-A,0,0.7631885,0.09822142124176025,0.9742318987846375,0.9033129811286926
YDL179W,YER127W,0,0.76282007,0.0982116088271141,0.9742318987846375,0.9034130573272705
YKL194C,YML129C,0,0.7627948,0.09820179641246796,0.9742318987846375,0.9035131335258484
YKR088C,YDL240W,0,0.7627779,0.0981919914484024,0.9742318987846375,0.903613269329071
YMR017W,YER164W,0,0.76236045,0.09818217903375626,0.9742318987846375,0.9037133455276489
YBL072C,YFR001W,0,0.76228595,0.0981723740696907,0.9742318987846375,0.9038134217262268
YER063W,YMR217W,0,0.7618327,0.09816256910562515,0.9742318987846375,0.9039134979248047
YHL035C,YER100W,0,0.7617679,0.0981527715921402,0.9742318987846375,0.9040136337280273
YLR024C,YDL061C,0,0.7615961,0.09814297407865524,0.9742318987846375,0.9041137099266052
YPL155C,YER027C,0,0.7614583,0.09813317656517029,0.9742318987846375,0.9042137861251831
YDR086C,YLR109W,0,0.7613461,0.09812337905168533,0.9742318987846375,0.904313862323761
YIR032C,YER017C,0,0.76124096,0.09811358153820038,0.9742318987846375,0.9044139981269836
YOR113W,YLR001C,0,0.7609969,0.09810379147529602,0.9742318987846375,0.9045140743255615
YNL250W,YHR012W,0,0.7607024,0.09809400141239166,0.9742318987846375,0.9046141505241394
YOL030W,YPR160W,0,0.76039195,0.0980842113494873,0.9742318987846375,0.9047142267227173
YNR057C,YDL031W,0,0.7603795,0.09807442873716354,0.9742318987846375,0.9048143625259399
YHR154W,YPL281C,0,0.76012987,0.09806464612483978,0.9742318987846375,0.9049144387245178
YGL116W,YIL142W,0,0.759829,0.09805486351251602,0.9742318987846375,0.9050145149230957
YHR012W,YBR006W,0,0.7595989,0.09804508090019226,0.9742318987846375,0.9051145911216736
YPR095C,YNL248C,0,0.7594199,0.0980353057384491,0.9742318987846375,0.9052146673202515
YJR150C,YER038C,0,0.75933963,0.09802553057670593,0.9742318987846375,0.9053148031234741
YNR013C,YDR384C,0,0.759161,0.09801575541496277,0.9742318987846375,0.905414879322052
YHR092C,YGR099W,0,0.7590599,0.0980059802532196,0.9742318987846375,0.9055149555206299
YEL036C,YGR062C,0,0.75899696,0.09799621254205704,0.9742318987846375,0.9056150317192078
YFR040W,YDL137W,0,0.75868595,0.09798644483089447,0.9742318987846375,0.9057151675224304
YLR038C,YBL087C,0,0.7586479,0.0979766771197319,0.9742318987846375,0.9058152437210083
YDR103W,YCL047C,0,0.7582902,0.09796690940856934,0.9742318987846375,0.9059153199195862
YJL171C,YBL056W,0,0.75789213,0.09795714914798737,0.9742318987846375,0.9060153961181641
YOR287C,YBL039C,0,0.75784653,0.0979473888874054,0.9742318987846375,0.9061155319213867
YBL106C,YAL008W,0,0.7576686,0.09793762862682343,0.9742318987846375,0.9062156081199646
YER178W,YMR322C,0,0.75719917,0.09792787581682205,0.9742318987846375,0.9063156843185425
YJL080C,YPL153C,1,0.7571056,0.09801772981882095,0.9752230048179626,0.9063156843185425
YLR151C,YMR042W,0,0.7570428,0.09800796955823898,0.9752230048179626,0.9064157605171204
YDR534C,YHR150W,0,0.7570025,0.09799820929765701,0.9752230048179626,0.9065158367156982
YMR303C,YBR268W,0,0.756966,0.09798844903707504,0.9752230048179626,0.9066159725189209
YKL001C,YLL001W,0,0.7569331,0.09797868877649307,0.9752230048179626,0.9067160487174988
YGR221C,YBR289W,1,0.7568992,0.09806849807500839,0.9762140512466431,0.9067160487174988
YDR508C,YJL216C,0,0.75666475,0.09805873781442642,0.9762140512466431,0.9068161249160767
YPR037C,YDR529C,0,0.7566499,0.09804897755384445,0.9762140512466431,0.9069162011146545
YLL011W,YGR101W,0,0.75664043,0.09803921729326248,0.9762140512466431,0.9070163369178772
YDR167W,YAL012W,0,0.7565899,0.09802945703268051,0.9762140512466431,0.9071164131164551
YKL090W,YNL161W,0,0.7563093,0.09801970422267914,0.9762140512466431,0.907216489315033
YKL034W,YGR040W,0,0.756155,0.09800995141267776,0.9762140512466431,0.9073165655136108
YMR239C,YGL037C,1,0.7561343,0.09809969365596771,0.9772051572799683,0.9073165655136108
YNL063W,YKL191W,0,0.7561338,0.09808993339538574,0.9772051572799683,0.9074167013168335
YER002W,YDR011W,0,0.7559762,0.09808017313480377,0.9772051572799683,0.9075167775154114
YGR288W,YDR373W,0,0.7555907,0.0980704203248024,0.9772051572799683,0.9076168537139893
YBL060W,YOR085W,0,0.75530523,0.09806066751480103,0.9772051572799683,0.9077169299125671
YGR175C,YHR021C,0,0.7550598,0.09805091470479965,0.9772051572799683,0.907817006111145
YPL202C,YDL227C,0,0.75482565,0.09804116189479828,0.9772051572799683,0.9079171419143677
YJL106W,YMR127C,0,0.754777,0.0980314165353775,0.9772051572799683,0.9080172181129456
YPL058C,YDL007W,0,0.7545904,0.09802167117595673,0.9772051572799683,0.9081172943115234
YOL151W,YDR523C,0,0.7543004,0.09801192581653595,0.9772051572799683,0.9082173705101013
YPL198W,YFR008W,0,0.7541734,0.09800218790769577,0.9772051572799683,0.908317506313324
YDR392W,YDL247W,0,0.75382805,0.09799244999885559,0.9772051572799683,0.9084175825119019
YLR266C,YPR143W,0,0.7538189,0.09798271209001541,0.9772051572799683,0.9085176587104797
YHL015W,YJR083C,0,0.7536609,0.09797297418117523,0.9772051572799683,0.9086177349090576
YMR236W,YDR224C,1,0.75329405,0.09806258976459503,0.9781962633132935,0.9086177349090576
YER127W,YER180C,0,0.75259423,0.09805285185575485,0.9781962633132935,0.9087178707122803
YGR246C,YLR327C,0,0.75223315,0.09804311394691467,0.9781962633132935,0.9088179469108582
YER104W,YFR040W,0,0.7520963,0.0980333760380745,0.9781962633132935,0.908918023109436
YKL078W,YLR385C,0,0.7519732,0.09802363812923431,0.9781962633132935,0.9090180993080139
YKL164C,YKR053C,0,0.7517225,0.09801390022039413,0.9781962633132935,0.9091182351112366
YIL079C,YBL005W-B,0,0.751521,0.09800416976213455,0.9781962633132935,0.9092183113098145
YOL002C,YHR197W,0,0.75136286,0.09799443930387497,0.9781962633132935,0.9093183875083923
YNL166C,YMR008C,0,0.75136125,0.09798470884561539,0.9781962633132935,0.9094184637069702
YNL101W,YDR021W,0,0.75135565,0.0979749858379364,0.9781962633132935,0.9095185399055481
YIL123W,YNR060W,0,0.75134623,0.09796526283025742,0.9781962633132935,0.9096186757087708
YML004C,YBR164C,0,0.7508594,0.09795553982257843,0.9781962633132935,0.9097187519073486
YMR051C,YJL034W,0,0.7505786,0.09794581681489944,0.9781962633132935,0.9098188281059265
YAL040C,YOL066C,0,0.7504793,0.09793610125780106,0.9781962633132935,0.9099189043045044
YBR198C,YFL049W,1,0.7503112,0.0980255976319313,0.9791873097419739,0.9099189043045044
YDR412W,YPL207W,0,0.7500643,0.09801587462425232,0.9791873097419739,0.910019040107727
YOR036W,YLL043W,0,0.7499274,0.09800615161657333,0.9791873097419739,0.9101191163063049
YDR108W,YHR076W,0,0.7498417,0.09799642860889435,0.9791873097419739,0.9102191925048828
YMR131C,YJL005W,0,0.74963063,0.09798671305179596,0.9791873097419739,0.9103192687034607
YDR358W,YER041W,0,0.74882907,0.09797699004411697,0.9791873097419739,0.9104194045066833
YPL131W,YPR120C,0,0.7486693,0.09796727448701859,0.9791873097419739,0.9105194807052612
YML058W-A,YLR247C,0,0.7482819,0.0979575663805008,0.9791873097419739,0.9106195569038391
YAL013W,YGR204W,0,0.7479684,0.0979478508234024,0.9791873097419739,0.910719633102417
YLR248W,YKL201C,0,0.74774355,0.09793814271688461,0.9791873097419739,0.9108197093009949
YER033C,YNL025C,0,0.7477293,0.09792843461036682,0.9791873097419739,0.9109198451042175
YFR014C,YPR054W,0,0.7477195,0.09791873395442963,0.9791873097419739,0.9110199213027954
YNR002C,YDR453C,0,0.74768823,0.09790902584791183,0.9791873097419739,0.9111199975013733
YPL137C,YLR045C,0,0.7476506,0.09789932519197464,0.9791873097419739,0.9112200736999512
YLR285W,YBR195C,1,0.7475197,0.09798870235681534,0.9801784157752991,0.9112200736999512
YOL002C,YCR072C,0,0.74736464,0.09797899425029755,0.9801784157752991,0.9113202095031738
YCR045C,YIR036C,0,0.7472207,0.09796929359436035,0.9801784157752991,0.9114202857017517
YOR347C,YOR374W,0,0.74692917,0.09795958548784256,0.9801784157752991,0.9115203619003296
YLR330W,YOR317W,0,0.7468515,0.09794988483190536,0.9801784157752991,0.9116204380989075
YJR058C,YOR327C,0,0.74683905,0.09794018417596817,0.9801784157752991,0.9117205739021301
YER070W,YER048W-A,0,0.74671644,0.09793049097061157,0.9801784157752991,0.911820650100708
YOR136W,YGR144W,0,0.7465501,0.09792079031467438,0.9801784157752991,0.9119207262992859
YOR002W,YIL107C,0,0.7461789,0.09791109710931778,0.9801784157752991,0.9120208024978638
YPL240C,YFL054C,0,0.74580735,0.09790140390396118,0.9801784157752991,0.9121209383010864
YCR105W,YLR055C,0,0.7455336,0.09789171814918518,0.9801784157752991,0.9122210144996643
YOL002C,YLR401C,0,0.74544495,0.09788202494382858,0.9801784157752991,0.9123210906982422
YJL103C,YDR054C,0,0.7453925,0.09787233918905258,0.9801784157752991,0.9124211668968201
YAL013W,YML101C,0,0.74513113,0.09786265343427658,0.9801784157752991,0.912521243095398
YJL157C,YMR016C,0,0.7450309,0.09785297513008118,0.9801784157752991,0.9126213788986206
YDL024C,YIL019W,0,0.74457896,0.09784328937530518,0.9801784157752991,0.9127214550971985
YGR078C,YER093C,0,0.74455434,0.09783361107110977,0.9801784157752991,0.9128215312957764
YDL246C,YOR380W,0,0.7444626,0.09782394021749496,0.9801784157752991,0.9129216074943542
YDR228C,YMR156C,0,0.7440502,0.09781426191329956,0.9801784157752991,0.9130217432975769
YBR214W,YCR028C,0,0.74404466,0.09780459105968475,0.9801784157752991,0.9131218194961548
YHL011C,YKL132C,0,0.7439402,0.09779492020606995,0.9801784157752991,0.9132218956947327
YIL047C,YKR104W,0,0.7438724,0.09778524935245514,0.9801784157752991,0.9133219718933105
YBR037C,YOL152W,0,0.74383265,0.09777557849884033,0.9801784157752991,0.9134221076965332
YMR319C,YPL099C,0,0.74374616,0.09776591509580612,0.9801784157752991,0.9135221838951111
YOR155C,YCR021C,0,0.7434608,0.09775625169277191,0.9801784157752991,0.913622260093689
YOR065W,YML052W,0,0.7434349,0.0977465882897377,0.9801784157752991,0.9137223362922668
YAL011W,YNR019W,0,0.74288493,0.09773693233728409,0.9801784157752991,0.9138224124908447
YML080W,YDR479C,0,0.7424845,0.09772727638483047,0.9801784157752991,0.9139225482940674
YHR205W,YER082C,0,0.74248135,0.09771762043237686,0.9801784157752991,0.9140226244926453
YPL022W,YGR035C,0,0.7423113,0.09770796447992325,0.9801784157752991,0.9141227006912231
YHL015W,YKL206C,0,0.74183667,0.09769830852746964,0.9801784157752991,0.914222776889801
YCL034W,YOL100W,0,0.7414492,0.09768866002559662,0.9801784157752991,0.9143229126930237
YJL136C,YMR233W,0,0.74123394,0.0976790115237236,0.9801784157752991,0.9144229888916016
YJR145C,YJL108C,0,0.7410052,0.09766936302185059,0.9801784157752991,0.9145230650901794
YLR099C,YDR002W,0,0.74091756,0.09765972197055817,0.9801784157752991,0.9146231412887573
YIL156W,YMR001C,0,0.7407973,0.09765008091926575,0.9801784157752991,0.91472327709198
YCL063W,YPL100W,0,0.740361,0.09764043986797333,0.9801784157752991,0.9148233532905579
YIL171W,YOR373W,0,0.7403169,0.09763079881668091,0.9801784157752991,0.9149234294891357
YBL037W,YDR343C,0,0.7400255,0.09762116521596909,0.9801784157752991,0.9150235056877136
YHL026C,YNL216W,0,0.73995113,0.09761152416467667,0.9801784157752991,0.9151235818862915
YDR224C,YMR218C,0,0.73954225,0.09760189801454544,0.9801784157752991,0.9152237176895142
YBR045C,YGL018C,0,0.7395388,0.09759226441383362,0.9801784157752991,0.915323793888092
YHR105W,YPR163C,0,0.7390772,0.0975826308131218,0.9801784157752991,0.9154238700866699
YOR317W,YML005W,0,0.7383154,0.09757300466299057,0.9801784157752991,0.9155239462852478
YNL261W,YOL017W,1,0.73823935,0.09766203165054321,0.9811694622039795,0.9155239462852478
YHR215W,YMR115W,0,0.738238,0.09765239804983139,0.9811694622039795,0.9156240820884705
YOR237W,YPR152C,0,0.7382047,0.09764276444911957,0.9811694622039795,0.9157241582870483
YML021C,YMR290C,0,0.73793864,0.09763313829898834,0.9811694622039795,0.9158242344856262
YPR047W,YJR139C,0,0.7379002,0.09762351214885712,0.9811694622039795,0.9159243106842041
YHL015W,YNL273W,0,0.7376433,0.09761388599872589,0.9811694622039795,0.9160244464874268
YJL006C,YDR517W,0,0.73704827,0.09760425984859467,0.9811694622039795,0.9161245226860046
YML049C,YPL188W,0,0.73699486,0.09759463369846344,0.9811694622039795,0.9162245988845825
YGR262C,YHR157W,0,0.7369889,0.09758501499891281,0.9811694622039795,0.9163246750831604
YLL061W,YHR037W,0,0.73681545,0.09757539629936218,0.9811694622039795,0.9164248108863831
YDR534C,YJR031C,0,0.73656225,0.09756578505039215,0.9811694622039795,0.9165248870849609
YER014W,YGL003C,0,0.73583955,0.09755616635084152,0.9811694622039795,0.9166249632835388
YLR115W,YDR353W,0,0.7356129,0.09754655510187149,0.9811694622039795,0.9167250394821167
YGL128C,YBR115C,0,0.73553157,0.09753694385290146,0.9811694622039795,0.9168251156806946
YER148W,YDR082W,0,0.7354228,0.09752734005451202,0.9811694622039795,0.9169252514839172
YPR031W,YNL206C,0,0.73539686,0.09751772880554199,0.9811694622039795,0.9170253276824951
YPR083W,YEL017C-A,0,0.7353762,0.09750812500715256,0.9811694622039795,0.917125403881073
YNR008W,YDR479C,0,0.7351988,0.09749852120876312,0.9811694622039795,0.9172254800796509
YMR001C,YJL133W,0,0.73501396,0.09748892486095428,0.9811694622039795,0.9173256158828735
YGL213C,YGR295C,0,0.734889,0.09747932106256485,0.9811694622039795,0.9174256920814514
YDR498C,YIL087C,0,0.7348699,0.09746972471475601,0.9811694622039795,0.9175257682800293
YLR260W,YLR247C,0,0.7345557,0.09746012836694717,0.9811694622039795,0.9176258444786072
YJL046W,YOL076W,0,0.7343595,0.09745053946971893,0.9811694622039795,0.9177259802818298
YDR165W,YER168C,0,0.73356414,0.0974409431219101,0.9811694622039795,0.9178260564804077
YDR402C,YIR002C,0,0.73352647,0.09743135422468185,0.9811694622039795,0.9179261326789856
YNL066W,YGR222W,0,0.7334069,0.09742176532745361,0.9811694622039795,0.9180262088775635
YCR057C,YDR399W,0,0.7320281,0.09741218388080597,0.9811694622039795,0.9181262850761414
YFL056C,YGL067W,0,0.7318668,0.09740259498357773,0.9811694622039795,0.918226420879364
YMR179W,YKL069W,0,0.7314063,0.09739301353693008,0.9811694622039795,0.9183264970779419
YLR344W,YOR299W,0,0.7313431,0.09738343209028244,0.9811694622039795,0.9184265732765198
YKL033W,YOR109W,0,0.7307834,0.0973738580942154,0.9811694622039795,0.9185266494750977
YPL175W,YGR254W,0,0.73007256,0.09736427664756775,0.9811694622039795,0.9186267852783203
YAR015W,YJR123W,0,0.7299651,0.0973547026515007,0.9811694622039795,0.9187268614768982
YPL223C,YPL004C,0,0.729938,0.09734513610601425,0.9811694622039795,0.9188269376754761
YKR020W,YJL080C,0,0.72972465,0.0973355621099472,0.9811694622039795,0.918927013874054
YLR251W,YER007C-A,0,0.729466,0.09732599556446075,0.9811694622039795,0.9190271496772766
YFL056C,YOR369C,0,0.7293781,0.0973164290189743,0.9811694622039795,0.9191272258758545
YDR285W,YDR129C,0,0.7293021,0.09730686247348785,0.9811694622039795,0.9192273020744324
YMR220W,YGL141W,0,0.7287704,0.0972972959280014,0.9811694622039795,0.9193273782730103
YPR006C,YDR205W,0,0.72862846,0.09728773683309555,0.9811694622039795,0.9194275140762329
YNL188W,YBL039C,0,0.72852176,0.0972781777381897,0.9811694622039795,0.9195275902748108
YHR002W,YBL064C,0,0.7281076,0.09726861864328384,0.9811694622039795,0.9196276664733887
YBR183W,YOR057W,0,0.7280113,0.09725905954837799,0.9811694622039795,0.9197277426719666
YNL267W,YER096W,0,0.7277686,0.09724950790405273,0.9811694622039795,0.9198278188705444
YOR049C,YJL058C,0,0.72774976,0.09723995625972748,0.9811694622039795,0.9199279546737671
YDR233C,YDR151C,0,0.7277356,0.09723040461540222,0.9811694622039795,0.920028030872345
YMR198W,YNL251C,0,0.7276972,0.09722086042165756,0.9811694622039795,0.9201281070709229
YER179W,YGL219C,0,0.7276082,0.0972113087773323,0.9811694622039795,0.9202281832695007
YMR272C,YDL205C,0,0.72690094,0.09720176458358765,0.9811694622039795,0.9203283190727234
YFR025C,YOR264W,0,0.72648513,0.09719222784042358,0.9811694622039795,0.9204283952713013
YLR083C,YBL038W,0,0.7263279,0.09718268364667892,0.9811694622039795,0.9205284714698792
YGL185C,YEL012W,0,0.72627133,0.09717314690351486,0.9811694622039795,0.920628547668457
YPL175W,YJR055W,0,0.72586447,0.0971636101603508,0.9811694622039795,0.9207286834716797
YER120W,YDR082W,0,0.7258346,0.09715407341718674,0.9811694622039795,0.9208287596702576
YGR155W,YBR299W,0,0.7257421,0.09714453667402267,0.9811694622039795,0.9209288358688354
YLR107W,YMR307W,0,0.72537994,0.09713500738143921,0.9811694622039795,0.9210289120674133
YJR127C,YKL126W,0,0.72451127,0.09712547808885574,0.9811694622039795,0.9211289882659912
YGR234W,YNL309W,0,0.72392285,0.09711594879627228,0.9811694622039795,0.9212291240692139
YLR386W,YPR143W,0,0.72378695,0.09710642695426941,0.9811694622039795,0.9213292002677917
YGR052W,YIR014W,0,0.723235,0.09709689766168594,0.9811694622039795,0.9214292764663696
YNL231C,YGL021W,0,0.72282475,0.09708737581968307,0.9811694622039795,0.9215293526649475
YFL037W,YFL057C,0,0.7225325,0.0970778614282608,0.9811694622039795,0.9216294884681702
YDR257C,YPL150W,0,0.7224452,0.09706833958625793,0.9811694622039795,0.921729564666748
YGR089W,YNL280C,0,0.722178,0.09705882519483566,0.9811694622039795,0.9218296408653259
YMR208W,YLR068W,0,0.7218011,0.09704931080341339,0.9811694622039795,0.9219297170639038
YOR384W,YPR135W,0,0.7216506,0.09703979641199112,0.9811694622039795,0.9220298528671265
YIL014W,YIL087C,0,0.7216389,0.09703028202056885,0.9811694622039795,0.9221299290657043
YKL081W,YNL192W,0,0.72131705,0.09702077507972717,0.9811694622039795,0.9222300052642822
YDR062W,YPL026C,0,0.72121745,0.0970112681388855,0.9811694622039795,0.9223300814628601
YKL010C,YHR041C,0,0.7207755,0.09700176119804382,0.9811694622039795,0.922430157661438
YJL048C,YGR144W,0,0.7203859,0.09699226170778275,0.9811694622039795,0.9225302934646606
YCL044C,YKR036C,0,0.7203672,0.09698276221752167,0.9811694622039795,0.9226303696632385
YGL076C,YJL156C,0,0.7203393,0.09697325527667999,0.9811694622039795,0.9227304458618164
YFR038W,YDR365C,0,0.72028166,0.09696376323699951,0.9811694622039795,0.9228305220603943
YGR188C,YJL101C,0,0.7201271,0.09695426374673843,0.9811694622039795,0.9229306578636169
YAR033W,YBR114W,0,0.72012365,0.09694477170705795,0.9811694622039795,0.9230307340621948
YDR259C,YBL064C,0,0.71934414,0.09693527966737747,0.9811694622039795,0.9231308102607727
YPR016C,YER143W,0,0.7192473,0.09692578762769699,0.9811694622039795,0.9232308864593506
YPL126W,YLR214W,0,0.7190195,0.0969163030385971,0.9811694622039795,0.9233310222625732
YGR217W,YHL036W,0,0.7190139,0.09690681099891663,0.9811694622039795,0.9234310984611511
YJL171C,YBR145W,0,0.71869254,0.09689732640981674,0.9811694622039795,0.923531174659729
YNL298W,YNL162W,0,0.71841216,0.09688784182071686,0.9811694622039795,0.9236312508583069
YER041W,YDL130W-A,0,0.71788365,0.09687836468219757,0.9811694622039795,0.9237313866615295
YLR151C,YKL085W,0,0.71750873,0.09686888754367828,0.9811694622039795,0.9238314628601074
YPL121C,YPL231W,0,0.7173824,0.096859410405159,0.9811694622039795,0.9239315390586853
YBL080C,YMR319C,0,0.71714926,0.09684993326663971,0.9811694622039795,0.9240316152572632
YOL155C,YDR501W,0,0.71703964,0.09684045612812042,0.9811694622039795,0.9241316914558411
YLR344W,YLR234W,0,0.7169107,0.09683098644018173,0.9811694622039795,0.9242318272590637
YHR185C,YOR009W,0,0.71604747,0.09682151675224304,0.9811694622039795,0.9243319034576416
YCL036W,YPL193W,0,0.716025,0.09681204706430435,0.9811694622039795,0.9244319796562195
YGR138C,YER070W,0,0.7154449,0.09680258482694626,0.9811694622039795,0.9245320558547974
YBR289W,YLR284C,0,0.71514845,0.09679311513900757,0.9811694622039795,0.92463219165802
YMR276W,YFR053C,0,0.71462286,0.09678365290164948,0.9811694622039795,0.9247322678565979
YBR237W,YDR306C,0,0.7143034,0.09677419066429138,0.9811694622039795,0.9248323440551758
YKR037C,YKL103C,0,0.71397483,0.09676473587751389,0.9811694622039795,0.9249324202537537
YCR011C,YLR299W,0,0.71366805,0.09675528109073639,0.9811694622039795,0.9250325560569763
YJR158W,YGL200C,0,0.71328664,0.0967458188533783,0.9811694622039795,0.9251326322555542
YDR100W,YFR053C,0,0.7132102,0.0967363715171814,0.9811694622039795,0.9252327084541321
YDR358W,YDR256C,0,0.71283424,0.0967269167304039,0.9811694622039795,0.92533278465271
YBR243C,YPL134C,0,0.71283084,0.096717469394207,0.9811694622039795,0.9254328608512878
YKL156W,YJR048W,0,0.7125867,0.0967080220580101,0.9811694622039795,0.9255329966545105
YJL071W,YER106W,0,0.71222514,0.0966985747218132,0.9811694622039795,0.9256330728530884
YOR179C,YGL128C,0,0.7120379,0.0966891273856163,0.9811694622039795,0.9257331490516663
YFR033C,YML058W-A,0,0.7116418,0.0966796875,0.9811694622039795,0.9258332252502441
YML088W,YAL008W,0,0.711622,0.0966702476143837,0.9811694622039795,0.9259333610534668
YLR284C,YDR012W,0,0.71141315,0.0966608077287674,0.9811694622039795,0.9260334372520447
YPR018W,YDR224C,1,0.7114086,0.09674900025129318,0.9821605682373047,0.9260334372520447
YGR221C,YBR088C,1,0.71097326,0.09683717042207718,0.9831516146659851,0.9260334372520447
YKL180W,YOR212W,0,0.7109564,0.09682772308588028,0.9831516146659851,0.9261335134506226
YDR528W,YPL101W,0,0.71074545,0.09681826829910278,0.9831516146659851,0.9262335896492004
YJL071W,YPR113W,0,0.7106032,0.09680882096290588,0.9831516146659851,0.9263337254524231
YNL138W,YPR002W,0,0.7101163,0.09679937362670898,0.9831516146659851,0.926433801651001
YLR348C,YJL013C,0,0.7100754,0.09678993374109268,0.9831516146659851,0.9265338778495789
YLR074C,YOL076W,0,0.7098583,0.09678048640489578,0.9831516146659851,0.9266339540481567
YJL109C,YBR238C,0,0.7094541,0.09677104651927948,0.9831516146659851,0.9267340898513794
YIR012W,YCR012W,0,0.70923364,0.09676160663366318,0.9831516146659851,0.9268341660499573
YPL189W,YNL325C,0,0.70902395,0.09675216674804688,0.9831516146659851,0.9269342422485352
YDR107C,YJL158C,0,0.7084309,0.09674273431301117,0.9831516146659851,0.927034318447113
YPL240C,YOR016C,0,0.7083271,0.09673330187797546,0.9831516146659851,0.9271343946456909
YOR175C,YGR194C,0,0.70785826,0.09672386944293976,0.9831516146659851,0.9272345304489136
YJL069C,YLR011W,0,0.70784104,0.09671443700790405,0.9831516146659851,0.9273346066474915
YDR033W,YMR139W,0,0.7077932,0.09670501202344894,0.9831516146659851,0.9274346828460693
YMR114C,YPR155C,0,0.7073937,0.09669558703899384,0.9831516146659851,0.9275347590446472
YHR005C,YMR319C,0,0.70721155,0.09668616205453873,0.9831516146659851,0.9276348948478699
YMR169C,YBR080C,0,0.7068902,0.09667673707008362,0.9831516146659851,0.9277349710464478
YBR231C,YGR274C,1,0.7065872,0.09676476567983627,0.9841427206993103,0.9277349710464478
YGL178W,YER044C-A,0,0.70646966,0.09675533324480057,0.9841427206993103,0.9278350472450256
YOL077C,YOL149W,0,0.7062455,0.09674590826034546,0.9841427206993103,0.9279351234436035
YNL271C,YML128C,0,0.7061699,0.09673648327589035,0.9841427206993103,0.9280352592468262
YER150W,YDR304C,0,0.7052196,0.09672705829143524,0.9841427206993103,0.928135335445404
YLR367W,YMR026C,0,0.7049795,0.09671764075756073,0.9841427206993103,0.9282354116439819
YPR119W,YPR021C,0,0.704558,0.09670822322368622,0.9841427206993103,0.9283354878425598
YPL106C,YDL166C,0,0.70411134,0.0966988056898117,0.9841427206993103,0.9284355640411377
YBR020W,YPL116W,0,0.7038069,0.0966893881559372,0.9841427206993103,0.9285356998443604
YCL059C,YIR031C,0,0.70373535,0.09667997062206268,0.9841427206993103,0.9286357760429382
YNR024W,YBR101C,0,0.70308465,0.09667056053876877,0.9841427206993103,0.9287358522415161
YHR170W,YDL227C,0,0.70232147,0.09666115045547485,0.9841427206993103,0.928835928440094
YDL247W,YNL052W,0,0.70212793,0.09665174037218094,0.9841427206993103,0.9289360642433167
YLL061W,YPL113C,0,0.70196736,0.09664233773946762,0.9841427206993103,0.9290361404418945
YOR258W,YPL004C,0,0.70191646,0.0966329276561737,0.9841427206993103,0.9291362166404724
YOR351C,YPR184W,0,0.7018407,0.09662352502346039,0.9841427206993103,0.9292362928390503
YPL138C,YNL261W,0,0.70181334,0.09661412984132767,0.9841427206993103,0.929336428642273
YPL233W,YHL012W,0,0.7016881,0.09660472720861435,0.9841427206993103,0.9294365048408508
YLR382C,YIL170W,0,0.70165586,0.09659533202648163,0.9841427206993103,0.9295365810394287
YGR211W,YBR043C,0,0.7012829,0.09658593684434891,0.9841427206993103,0.9296366572380066
YDL198C,YDL082W,0,0.7010404,0.09657654166221619,0.9841427206993103,0.9297367334365845
YKL218C,YPR030W,0,0.70084214,0.09656714648008347,0.9841427206993103,0.9298368692398071
YPR018W,YBL002W,1,0.70048374,0.0966549962759018,0.9851337671279907,0.9298368692398071
YHL011C,YER052C,0,0.6999817,0.09664560109376907,0.9851337671279907,0.929936945438385
YLL062C,YNL212W,0,0.69956326,0.09663620591163635,0.9851337671279907,0.9300370216369629
YDL148C,YPR005C,0,0.6990334,0.09662681072950363,0.9851337671279907,0.9301370978355408
YDL007W,YDL030W,0,0.69868815,0.09661741554737091,0.9851337671279907,0.9302372336387634
YKL011C,YDR376W,0,0.6986196,0.09660802781581879,0.9851337671279907,0.9303373098373413
YNL153C,YOR298W,0,0.69852304,0.09659864008426666,0.9851337671279907,0.9304373860359192
YGR027C,YDL141W,0,0.6985186,0.09658925235271454,0.9851337671279907,0.9305374622344971
YBR020W,YGL161C,0,0.6985018,0.09657986462116241,0.9851337671279907,0.9306375980377197
YGR037C,YDR482C,0,0.69836104,0.09657048434019089,0.9851337671279907,0.9307376742362976
YIL078W,YGL169W,0,0.6982166,0.09656110405921936,0.9851337671279907,0.9308377504348755
YNL306W,YNR053C,0,0.6976814,0.09655172377824783,0.9851337671279907,0.9309378266334534
YGL135W,YPR019W,0,0.6974722,0.0965423434972763,0.9851337671279907,0.931037962436676
YNL176C,YDL055C,0,0.69739634,0.09653297066688538,0.9851337671279907,0.9311380386352539
YNL046W,YGR159C,0,0.6973078,0.09652359783649445,0.9851337671279907,0.9312381148338318
YOL158C,YGR244C,0,0.6969428,0.09651422500610352,0.9851337671279907,0.9313381910324097
YAL024C,YDR399W,0,0.69665986,0.09650485217571259,0.9851337671279907,0.9314382672309875
YNL286W,YPL033C,0,0.69663686,0.09649548679590225,0.9851337671279907,0.9315384030342102
YGR017W,YLL041C,0,0.6966248,0.09648612141609192,0.9851337671279907,0.9316384792327881
YDL112W,YLR304C,0,0.69572103,0.09647675603628159,0.9851337671279907,0.931738555431366
YDL083C,YLR467W,0,0.6954383,0.09646739065647125,0.9851337671279907,0.9318386316299438
YBL008W,YPL262W,0,0.69541466,0.09645803272724152,0.9851337671279907,0.9319387674331665
YJL034W,YBR092C,0,0.69469804,0.09644866734743118,0.9851337671279907,0.9320388436317444
YMR093W,YMR207C,0,0.6946051,0.09643930941820145,0.9851337671279907,0.9321389198303223
YGR285C,YKR052C,0,0.6944034,0.09642995893955231,0.9851337671279907,0.9322389960289001
YBL003C,YMR239C,1,0.6938582,0.09651760756969452,0.9861248731613159,0.9322389960289001
YHR020W,YMR128W,0,0.69318694,0.09650824218988419,0.9861248731613159,0.9323391318321228
YLR008C,YHR051W,0,0.69318455,0.09649888426065445,0.9861248731613159,0.9324392080307007
YAL025C,YKL165C,0,0.6931795,0.09648952633142471,0.9861248731613159,0.9325392842292786
YBR231C,YDR190C,1,0.6920266,0.09657713770866394,0.9871159791946411,0.9325392842292786
YER113C,YDR497C,0,0.6918304,0.09656777232885361,0.9871159791946411,0.9326393604278564
YJL012C,YEL024W,0,0.6917432,0.09655840694904327,0.9871159791946411,0.9327394366264343
YIR018W,YGR258C,0,0.69158304,0.09654904901981354,0.9871159791946411,0.932839572429657
YMR230W,YEL016C,0,0.69076973,0.0965396910905838,0.9871159791946411,0.9329396486282349
YHR138C,YGL249W,0,0.6906099,0.09653033316135406,0.9871159791946411,0.9330397248268127
YJR070C,YOR043W,0,0.69001585,0.09652098268270493,0.9871159791946411,0.9331398010253906
YBR069C,YOL147C,0,0.6899792,0.09651162475347519,0.9871159791946411,0.9332399368286133
YCL059C,YLR209C,0,0.68980837,0.09650227427482605,0.9871159791946411,0.9333400130271912
YDR144C,YOR020C,0,0.6896382,0.09649293124675751,0.9871159791946411,0.933440089225769
YGL051W,YIL069C,0,0.68942004,0.09648358076810837,0.9871159791946411,0.9335401654243469
YIL101C,YLR352W,0,0.68889946,0.09647423774003983,0.9871159791946411,0.9336403012275696
YHR174W,YDR495C,0,0.6885246,0.09646489471197128,0.9871159791946411,0.9337403774261475
YGL064C,YDR101C,0,0.6883108,0.09645555168390274,0.9871159791946411,0.9338404536247253
YHR089C,YOR358W,0,0.68738014,0.0964462086558342,0.9871159791946411,0.9339405298233032
YLR433C,YIL101C,0,0.6872991,0.09643687307834625,0.9871159791946411,0.9340406656265259
YPL140C,YLR306W,0,0.68631047,0.0964275375008583,0.9871159791946411,0.9341407418251038
YPR070W,YJR048W,0,0.6861318,0.09641820192337036,0.9871159791946411,0.9342408180236816
YJL157C,YJL095W,0,0.6859341,0.09640886634588242,0.9871159791946411,0.9343408942222595
YOR221C,YPL226W,0,0.68587375,0.09639953821897507,0.9871159791946411,0.9344409704208374
YLR286C,YLL016W,0,0.68579984,0.09639020264148712,0.9871159791946411,0.9345411062240601
YLR300W,YER168C,0,0.6856757,0.09638088196516037,0.9871159791946411,0.9346411824226379
YCL067C,YPL006W,0,0.68501467,0.09637155383825302,0.9871159791946411,0.9347412586212158
YOR192C,YOL124C,0,0.68492955,0.09636222571134567,0.9871159791946411,0.9348413348197937
YIL170W,YPR100W,0,0.6847128,0.09635290503501892,0.9871159791946411,0.9349414706230164
YDR234W,YMR019W,0,0.68451077,0.09634358435869217,0.9871159791946411,0.9350415468215942
YIR036C,YKR104W,0,0.68407214,0.09633427113294601,0.9871159791946411,0.9351416230201721
YLR258W,YOL145C,0,0.6839684,0.09632495045661926,0.9871159791946411,0.93524169921875
YGR224W,YDR233C,0,0.6839243,0.09631563723087311,0.9871159791946411,0.9353418350219727
YNL036W,YBR015C,0,0.6836626,0.09630632400512695,0.9871159791946411,0.9354419112205505
YLR264W,YDL240W,0,0.68323755,0.0962970107793808,0.9871159791946411,0.9355419874191284
YBR066C,YPL274W,0,0.68301505,0.09628770500421524,0.9871159791946411,0.9356420636177063
YJL097W,YDR495C,0,0.68276346,0.09627839177846909,0.9871159791946411,0.9357421398162842
YDR342C,YDL085W,0,0.68256134,0.09626908600330353,0.9871159791946411,0.9358422756195068
YJL206C,YDL045C,0,0.68246025,0.09625978767871857,0.9871159791946411,0.9359423518180847
YOR038C,YBL002W,1,0.6822878,0.09634712338447571,0.9881070256233215,0.9359423518180847
YMR086W,YML074C,0,0.6819569,0.09633781015872955,0.9881070256233215,0.9360424280166626
YLR299W,YDR012W,0,0.68066525,0.096328504383564,0.9881070256233215,0.9361425042152405
YPL064C,YHR169W,0,0.68045306,0.09631919860839844,0.9881070256233215,0.9362426400184631
YLR460C,YDR126W,0,0.6803436,0.09630989283323288,0.9881070256233215,0.936342716217041
YJR135C,YPL061W,0,0.679974,0.09630058705806732,0.9881070256233215,0.9364427924156189
YML005W,YGR204W,0,0.6795474,0.09629128873348236,0.9881070256233215,0.9365428686141968
YHR146W,YJR097W,0,0.67747194,0.0962819904088974,0.9881070256233215,0.9366430044174194
YLR286C,YLR102C,0,0.6764374,0.09627269208431244,0.9881070256233215,0.9367430806159973
YGL141W,YPL103C,0,0.6762754,0.09626339375972748,0.9881070256233215,0.9368431568145752
YOR384W,YAL024C,0,0.67604023,0.09625410288572311,0.9881070256233215,0.9369432330131531
YFL038C,YJR016C,0,0.67542106,0.09624481201171875,0.9881070256233215,0.937043309211731
YKL045W,YLR411W,0,0.67444515,0.09623552113771439,0.9881070256233215,0.9371434450149536
YOR096W,YCR002C,0,0.6743671,0.09622623026371002,0.9881070256233215,0.9372435212135315
YDR062W,YMR032W,0,0.6736267,0.09621694684028625,0.9881070256233215,0.9373435974121094
YFR036W,YJR139C,0,0.6733037,0.09620766341686249,0.9881070256233215,0.9374436736106873
YDR023W,YEL041W,0,0.67322403,0.09619837999343872,0.9881070256233215,0.9375438094139099
YDR165W,YNL248C,0,0.6723546,0.09618909657001495,0.9881070256233215,0.9376438856124878
YKL218C,YJL041W,0,0.6716085,0.09617982059717178,0.9881070256233215,0.9377439618110657
YKL022C,YOL132W,0,0.6713721,0.09617054462432861,0.9881070256233215,0.9378440380096436
YML021C,YIL009W,0,0.6707677,0.09616126865148544,0.9881070256233215,0.9379441738128662
YOL019W,YOR265W,0,0.6706949,0.09615199267864227,0.9881070256233215,0.9380442500114441
YDR128W,YIL133C,0,0.6705994,0.0961427167057991,0.9881070256233215,0.938144326210022
YIL094C,YOL076W,0,0.670339,0.09613344818353653,0.9881070256233215,0.9382444024085999
YNL128W,YAL038W,0,0.6695371,0.09612417966127396,0.9881070256233215,0.9383445382118225
YJL141C,YNR011C,0,0.6690209,0.09611491113901138,0.9881070256233215,0.9384446144104004
YLR417W,YML087C,0,0.6688334,0.0961056500673294,0.9881070256233215,0.9385446906089783
YCL044C,YCL016C,0,0.6680467,0.09609638899564743,0.9881070256233215,0.9386447668075562
YOR382W,YNL283C,0,0.667785,0.09608712047338486,0.9881070256233215,0.938744843006134
YMR190C,YBL003C,1,0.66777235,0.09617423266172409,0.9890981316566467,0.938744843006134
YHR129C,YHR133C,0,0.6673165,0.09616496413946152,0.9890981316566467,0.9388449788093567
YIL155C,YDR212W,0,0.66720784,0.09615569561719894,0.9890981316566467,0.9389450550079346
YLR189C,YOL102C,0,0.66686094,0.09614643454551697,0.9890981316566467,0.9390451312065125
YJL221C,YKR104W,0,0.665611,0.09613717347383499,0.9890981316566467,0.9391452074050903
YPL175W,YNL335W,0,0.66558903,0.09612791240215302,0.9890981316566467,0.939245343208313
YER056C-A,YHR036W,0,0.66550994,0.09611865878105164,0.9890981316566467,0.9393454194068909
YDR300C,YOR192C,0,0.66550744,0.09610939770936966,0.9890981316566467,0.9394454956054688
YCL044C,YPL095C,0,0.66382426,0.09610014408826828,0.9890981316566467,0.9395455718040466
YJL097W,YJL095W,0,0.6636503,0.0960908904671669,0.9890981316566467,0.9396457076072693
YPL148C,YDR523C,0,0.6625448,0.09608163684606552,0.9890981316566467,0.9397457838058472
YPR113W,YDL123W,0,0.66238827,0.09607239067554474,0.9890981316566467,0.939845860004425
YOL032W,YPL116W,0,0.6622997,0.09606314450502396,0.9890981316566467,0.9399459362030029
YGR052W,YAR035W,0,0.6620668,0.09605389833450317,0.9890981316566467,0.9400460124015808
YBL087C,YER029C,0,0.6603689,0.09604465216398239,0.9890981316566467,0.9401461482048035
YNL194C,YBL085W,0,0.66016906,0.0960354134440422,0.9890981316566467,0.9402462244033813
YGR285C,YOL140W,0,0.6597941,0.09602617472410202,0.9890981316566467,0.9403463006019592
YKL140W,YLR092W,0,0.6594676,0.09601693600416183,0.9890981316566467,0.9404463768005371
YDL074C,YGR264C,0,0.6594655,0.09600769728422165,0.9890981316566467,0.9405465126037598
YPR102C,YAL015C,0,0.65880793,0.09599845856428146,0.9890981316566467,0.9406465888023376
YLR390W-A,YOL104C,0,0.65849435,0.09598922729492188,0.9890981316566467,0.9407466650009155
YJR104C,YPR047W,0,0.655609,0.09597999602556229,0.9890981316566467,0.9408467411994934
YOL084W,YLL033W,0,0.65550345,0.0959707647562027,0.9890981316566467,0.9409468770027161
YMR179W,YHL028W,0,0.6554594,0.0959615409374237,0.9890981316566467,0.941046953201294
YMR250W,YDR364C,0,0.655059,0.09595230966806412,0.9890981316566467,0.9411470293998718
YCR054C,YCR057C,0,0.65464175,0.09594308584928513,0.9890981316566467,0.9412471055984497
YGL171W,YDR345C,0,0.6545476,0.09593386203050613,0.9890981316566467,0.9413472414016724
YCL035C,YHR136C,0,0.65409267,0.09592464566230774,0.9890981316566467,0.9414473176002502
YNL314W,YKR079C,0,0.6526139,0.09591542184352875,0.9890981316566467,0.9415473937988281
YMR241W,YMR048W,0,0.6524693,0.09590620547533035,0.9890981316566467,0.941647469997406
YHL019C,YNL055C,0,0.6523521,0.09589698910713196,0.9890981316566467,0.9417475461959839
YMR208W,YKR104W,0,0.6520133,0.09588778018951416,0.9890981316566467,0.9418476819992065
YCL034W,YMR194W,0,0.65181744,0.09587856382131577,0.9890981316566467,0.9419477581977844
YLR286C,YOL070C,0,0.65126014,0.09586935490369797,0.9890981316566467,0.9420478343963623
YOR221C,YHR154W,0,0.6512273,0.09586014598608017,0.9890981316566467,0.9421479105949402
YIR005W,YKR034W,0,0.6511465,0.09585094451904297,0.9890981316566467,0.9422480463981628
YDR225W,YIL131C,1,0.65092474,0.09593777358531952,0.9900891780853271,0.9422480463981628
YDR534C,YML074C,0,0.6505874,0.09592855721712112,0.9900891780853271,0.9423481225967407
YOR143C,YOL052C-A,0,0.65013593,0.09591934829950333,0.9900891780853271,0.9424481987953186
YMR059W,YDR345C,0,0.64999145,0.09591013938188553,0.9900891780853271,0.9425482749938965
YDR263C,YEL058W,0,0.64988875,0.09590093046426773,0.9900891780853271,0.9426484107971191
YMR078C,YJL101C,0,0.64951384,0.09589172899723053,0.9900891780853271,0.942748486995697
YOR391C,YHR027C,0,0.6483331,0.09588252007961273,0.9900891780853271,0.9428485631942749
YOR382W,YJL106W,0,0.6481655,0.09587331861257553,0.9900891780853271,0.9429486393928528
YAL008W,YPL033C,0,0.6458558,0.09586411714553833,0.9900891780853271,0.9430487155914307
YCR016W,YLL012W,0,0.6449534,0.09585492312908173,0.9900891780853271,0.9431488513946533
YPR175W,YKR010C,1,0.6447851,0.09594167023897171,0.9910802841186523,0.9431488513946533
YFR024C-A,YNL112W,0,0.6445999,0.09593246132135391,0.9910802841186523,0.9432489275932312
YAL060W,YGR271W,0,0.64459467,0.09592325985431671,0.9910802841186523,0.9433490037918091
YNR074C,YPR184W,0,0.64450026,0.09591405838727951,0.9910802841186523,0.943449079990387
YJR101W,YJL066C,0,0.6440523,0.0959048643708229,0.9910802841186523,0.9435492157936096
YGR180C,YKL218C,0,0.6430546,0.0958956629037857,0.9910802841186523,0.9436492919921875
YDR218C,YNL335W,0,0.64270437,0.0958864688873291,0.9910802841186523,0.9437493681907654
YPL223C,YJL179W,0,0.64206934,0.0958772748708725,0.9910802841186523,0.9438494443893433
YOR049C,YDL102W,0,0.6418995,0.09586808830499649,0.9910802841186523,0.9439495801925659
YPL019C,YDR453C,0,0.64145595,0.09585889428853989,0.9910802841186523,0.9440496563911438
YGL037C,YPR034W,1,0.6414127,0.0959455594420433,0.9920713305473328,0.9440496563911438
YEL039C,YJL078C,0,0.6409682,0.0959363654255867,0.9920713305473328,0.9441497325897217
YKR037C,YJR127C,0,0.6402528,0.0959271714091301,0.9920713305473328,0.9442498087882996
YMR239C,YBR089C-A,1,0.6401513,0.09601379930973053,0.993062436580658,0.9442498087882996
YML042W,YJL194W,0,0.6397697,0.09600459784269333,0.993062436580658,0.9443499445915222
YHR215W,YEL021W,0,0.63944834,0.09599540382623672,0.993062436580658,0.9444500207901001
YGL064C,YLR214W,0,0.6388901,0.09598620235919952,0.993062436580658,0.944550096988678
YMR311C,YAL060W,0,0.6373523,0.09597700834274292,0.993062436580658,0.9446501731872559
YDL080C,YOR315W,0,0.63708174,0.09596782177686691,0.993062436580658,0.9447502493858337
YGR084C,YOR227W,0,0.63683903,0.09595862776041031,0.993062436580658,0.9448503851890564
YHR092C,YGL191W,0,0.63647354,0.0959494411945343,0.993062436580658,0.9449504613876343
YFL011W,YMR177W,0,0.6362176,0.0959402546286583,0.993062436580658,0.9450505375862122
YAR031W,YDR144C,0,0.63607734,0.09593106806278229,0.993062436580658,0.94515061378479
YCL024W,YBR247C,0,0.6359534,0.09592188149690628,0.993062436580658,0.9452507495880127
YHR052W,YHR051W,0,0.6349971,0.09591270238161087,0.993062436580658,0.9453508257865906
YBR193C,YOR120W,0,0.6348644,0.09590352326631546,0.993062436580658,0.9454509019851685
YML100W,YNR048W,0,0.63385814,0.09589434415102005,0.993062436580658,0.9455509781837463
YEL070W,YFL029C,0,0.6313542,0.09588516503572464,0.993062436580658,0.945651113986969
YBR164C,YDL091C,0,0.63089144,0.09587599337100983,0.993062436580658,0.9457511901855469
YLR367W,YOR043W,0,0.6290035,0.09586682170629501,0.993062436580658,0.9458512663841248
YBR267W,YKR071C,0,0.6288891,0.0958576500415802,0.993062436580658,0.9459513425827026
YAL015C,YOR239W,0,0.6288207,0.09584847837686539,0.993062436580658,0.9460514187812805
YDL124W,YDR261C,0,0.6285476,0.09583931416273117,0.993062436580658,0.9461515545845032
YGL171W,YMR322C,0,0.6284832,0.09583014249801636,0.993062436580658,0.946251630783081
YBR158W,YNL240C,0,0.6283473,0.09582097828388214,0.993062436580658,0.9463517069816589
YLR044C,YLR385C,0,0.6276833,0.09581182152032852,0.993062436580658,0.9464517831802368
YMR238W,YLL004W,0,0.6274684,0.0958026573061943,0.993062436580658,0.9465519189834595
YLR386W,YPR132W,0,0.6269363,0.09579350054264069,0.993062436580658,0.9466519951820374
YJR145C,YDR273W,0,0.62608397,0.09578434377908707,0.993062436580658,0.9467520713806152
YCR092C,YHR028C,0,0.6257219,0.09577518701553345,0.993062436580658,0.9468521475791931
YMR017W,YMR200W,0,0.62561035,0.09576603025197983,0.993062436580658,0.9469522833824158
YKL143W,YDR126W,0,0.6252228,0.0957568809390068,0.993062436580658,0.9470523595809937
YMR173W,YKL082C,0,0.62509394,0.09574773162603378,0.993062436580658,0.9471524357795715
YGL123W,YML104C,0,0.62464774,0.09573858231306076,0.993062436580658,0.9472525119781494
YJR092W,YAL038W,0,0.62412715,0.09572943300008774,0.993062436580658,0.9473525881767273
YDL021W,YLR078C,0,0.6238544,0.09572029113769531,0.993062436580658,0.94745272397995
YGR123C,YIR037W,0,0.6236856,0.09571114927530289,0.993062436580658,0.9475528001785278
YGL089C,YMR005W,0,0.6235287,0.09570200741291046,0.993062436580658,0.9476528763771057
YDR103W,YBR048W,0,0.62351066,0.09569286555051804,0.993062436580658,0.9477529525756836
YER179W,YER053C,0,0.62249714,0.09568373113870621,0.993062436580658,0.9478530883789062
YBL064C,YMR145C,0,0.6221695,0.09567458927631378,0.993062436580658,0.9479531645774841
YGR035C,YNL115C,0,0.6196649,0.09566545486450195,0.993062436580658,0.948053240776062
YOR382W,YHR001W-A,0,0.61901224,0.09565632790327072,0.993062436580658,0.9481533169746399
YDR503C,YER151C,0,0.6186042,0.09564719349145889,0.993062436580658,0.9482534527778625
YPL240C,YLR377C,0,0.61845946,0.09563806653022766,0.993062436580658,0.9483535289764404
YBR034C,YIL034C,0,0.61822367,0.09562893956899643,0.993062436580658,0.9484536051750183
YGL162W,YJL187C,0,0.61793745,0.0956198126077652,0.993062436580658,0.9485536813735962
YOR025W,YBR196C,0,0.61784196,0.09561068564653397,0.993062436580658,0.9486538171768188
YNR002C,YGR211W,0,0.61746836,0.09560156613588333,0.993062436580658,0.9487538933753967
YHR001W-A,YMR038C,0,0.6173777,0.0955924466252327,0.993062436580658,0.9488539695739746
YOR217W,YLR056W,0,0.61705863,0.09558332711458206,0.993062436580658,0.9489540457725525
YBR066C,YLR026C,0,0.61642635,0.09557420760393143,0.993062436580658,0.9490541219711304
YBL098W,YDR421W,0,0.6148832,0.09556509554386139,0.993062436580658,0.949154257774353
YDR175C,YPR030W,0,0.6147469,0.09555597603321075,0.993062436580658,0.9492543339729309
YOR348C,YDL070W,0,0.6136166,0.09554686397314072,0.993062436580658,0.9493544101715088
YBL098W,YJR058C,0,0.61355436,0.09553775936365128,0.993062436580658,0.9494544863700867
YLR348C,YPL050C,0,0.61319464,0.09552864730358124,0.993062436580658,0.9495546221733093
YIL013C,YLR129W,0,0.6113053,0.0955195426940918,0.993062436580658,0.9496546983718872
YPR031W,YKR088C,0,0.6108361,0.09551043808460236,0.993062436580658,0.9497547745704651
YOR084W,YBR191W,0,0.6100867,0.09550133347511292,0.993062436580658,0.949854850769043
YLR466W,YGR003W,0,0.6098417,0.09549223631620407,0.993062436580658,0.9499549865722656
YKL043W,YGR071C,0,0.6086069,0.09548313170671463,0.993062436580658,0.9500550627708435
YGR296W,YLL061W,0,0.60810363,0.09547403454780579,0.993062436580658,0.9501551389694214
YDR195W,YDL247W,0,0.60798347,0.09546493738889694,0.993062436580658,0.9502552151679993
YKL217W,YNL302C,0,0.60748386,0.0954558476805687,0.993062436580658,0.9503552913665771
YFR049W,YNR050C,0,0.6071497,0.09544675052165985,0.993062436580658,0.9504554271697998
YJL109C,YIL132C,0,0.60673904,0.0954376608133316,0.993062436580658,0.9505555033683777
YER104W,YHR089C,0,0.60623443,0.09542857110500336,0.993062436580658,0.9506555795669556
YGR062C,YKL063C,0,0.60590947,0.09541948139667511,0.993062436580658,0.9507556557655334
YJL191W,YPL167C,0,0.6058593,0.09541039913892746,0.993062436580658,0.9508557915687561
YGR279C,YNL117W,0,0.6046289,0.09540131688117981,0.993062436580658,0.950955867767334
YCL004W,YER127W,0,0.60388273,0.09539223462343216,0.993062436580658,0.9510559439659119
YNL066W,YDL209C,0,0.6036385,0.09538315236568451,0.993062436580658,0.9511560201644897
YAR015W,YFR019W,0,0.6027419,0.09537407010793686,0.993062436580658,0.9512561559677124
YEL052W,YNL210W,0,0.60254395,0.0953649953007698,0.993062436580658,0.9513562321662903
YNL213C,YOR103C,0,0.6024269,0.09535592049360275,0.993062436580658,0.9514563083648682
YOR032C,YDR545W,0,0.60220987,0.0953468456864357,0.993062436580658,0.951556384563446
YJR119C,YJL148W,0,0.6019405,0.09533777087926865,0.993062436580658,0.9516565203666687
YJL069C,YER142C,0,0.6019018,0.09532870352268219,0.993062436580658,0.9517565965652466
YLR189C,YNR003C,0,0.60189265,0.09531963616609573,0.993062436580658,0.9518566727638245
YGR214W,YHR160C,0,0.6015661,0.09531056880950928,0.993062436580658,0.9519567489624023
YIL135C,YOR310C,0,0.6005531,0.09530150145292282,0.993062436580658,0.9520568251609802
YLR318W,YPR192W,0,0.60018694,0.09529244154691696,0.993062436580658,0.9521569609642029
YGR142W,YFR003C,0,0.59964263,0.0952833741903305,0.993062436580658,0.9522570371627808
YEL036C,YGR055W,0,0.5991722,0.09527431428432465,0.993062436580658,0.9523571133613586
YOR182C,YOR026W,0,0.59906864,0.09526526182889938,0.993062436580658,0.9524571895599365
YER131W,YGL212W,0,0.59785473,0.09525620192289352,0.993062436580658,0.9525573253631592
YDR415C,YDR096W,0,0.59784204,0.09524714946746826,0.993062436580658,0.9526574015617371
YGR162W,YBL069W,0,0.5976261,0.095238097012043,0.993062436580658,0.9527574777603149
YPR049C,YOR124C,0,0.5964147,0.09522904455661774,0.993062436580658,0.9528575539588928
YDL142C,YPR091C,0,0.5964042,0.09521999210119247,0.993062436580658,0.9529576897621155
YNL290W,YDL055C,0,0.59545785,0.09521094709634781,0.993062436580658,0.9530577659606934
YER070W,YBL035C,0,0.5950354,0.09520190209150314,0.993062436580658,0.9531578421592712
YMR015C,YJR046W,0,0.5943359,0.09519285708665848,0.993062436580658,0.9532579183578491
YNL036W,YLR107W,0,0.5939925,0.09518381208181381,0.993062436580658,0.953357994556427
YGL209W,YLR004C,0,0.5932349,0.09517477452754974,0.993062436580658,0.9534581303596497
YIL079C,YMR297W,0,0.5927322,0.09516572952270508,0.993062436580658,0.9535582065582275
YGR044C,YNL045W,0,0.5924181,0.09515669196844101,0.993062436580658,0.9536582827568054
YIL101C,YNR011C,0,0.5920193,0.09514766186475754,0.993062436580658,0.9537583589553833
YLR134W,YPL151C,0,0.59092164,0.09513862431049347,0.993062436580658,0.953858494758606
YPL098C,YFL026W,0,0.59022844,0.09512959420681,0.993062436580658,0.9539585709571838
YPR132W,YPL188W,0,0.5886466,0.09512056410312653,0.993062436580658,0.9540586471557617
YML080W,YGL026C,0,0.5881937,0.09511153399944305,0.993062436580658,0.9541587233543396
YPL111W,YLR147C,0,0.5881718,0.09510250389575958,0.993062436580658,0.9542588591575623
YGR014W,YFR003C,0,0.5873655,0.09509348124265671,0.993062436580658,0.9543589353561401
YBL068W,YJL003W,0,0.58674353,0.09508445858955383,0.993062436580658,0.954459011554718
YEL036C,YHR029C,0,0.58382344,0.09507543593645096,0.993062436580658,0.9545590877532959
YDR473C,YMR008C,0,0.5836381,0.09506641328334808,0.993062436580658,0.9546591639518738
YOR315W,YNR021W,0,0.5816767,0.0950573980808258,0.993062436580658,0.9547592997550964
YPL240C,YDR342C,0,0.5813965,0.09504837542772293,0.993062436580658,0.9548593759536743
YBL030C,YNL077W,0,0.5800798,0.09503936022520065,0.993062436580658,0.9549594521522522
YOR247W,YBL038W,0,0.57988644,0.09503035247325897,0.993062436580658,0.9550595283508301
YEL032W,YLR153C,0,0.5797272,0.0950213372707367,0.993062436580658,0.9551596641540527
YGR054W,YMR020W,0,0.57947946,0.09501232951879501,0.993062436580658,0.9552597403526306
YLR451W,YFL056C,0,0.5786269,0.09500332176685333,0.993062436580658,0.9553598165512085
YDR304C,YCR005C,0,0.57850194,0.09499431401491165,0.993062436580658,0.9554598927497864
YKL005C,YIL123W,0,0.578103,0.09498530626296997,0.993062436580658,0.955560028553009
YBR182C,YOR193W,0,0.5780007,0.09497630596160889,0.993062436580658,0.9556601047515869
YGL059W,YDR418W,0,0.57797426,0.0949672982096672,0.993062436580658,0.9557601809501648
YML091C,YKL090W,0,0.57366836,0.09495830535888672,0.993062436580658,0.9558602571487427
YBR212W,YLR435W,0,0.5688439,0.09494930505752563,0.993062436580658,0.9559603929519653
YJL080C,YLR272C,1,0.56820285,0.09503506124019623,0.9940535426139832,0.9559603929519653
YNL096C,YGL104C,0,0.5681047,0.09502605348825455,0.9940535426139832,0.9560604691505432
YNL293W,YLR197W,0,0.5677771,0.09501705318689346,0.9940535426139832,0.9561605453491211
YBR031W,YER040W,0,0.5674318,0.09500805288553238,0.9940535426139832,0.956260621547699
YDR451C,YJR053W,0,0.56710595,0.0949990525841713,0.9940535426139832,0.9563606977462769
YJR155W,YOR349W,0,0.56701547,0.09499005228281021,0.9940535426139832,0.9564608335494995
YGL037C,YGL240W,0,0.5666213,0.09498105943202972,0.9940535426139832,0.9565609097480774
YER110C,YPR021C,0,0.56625354,0.09497206658124924,0.9940535426139832,0.9566609859466553
YGR138C,YML060W,0,0.5654685,0.09496307373046875,0.9940535426139832,0.9567610621452332
YMR080C,YLR194C,0,0.5649361,0.09495408833026886,0.9940535426139832,0.9568611979484558
YHR164C,YJL191W,0,0.5644789,0.09494509547948837,0.9940535426139832,0.9569612741470337
YNL176C,YDL148C,0,0.5641803,0.09493611007928848,0.9940535426139832,0.9570613503456116
YBR158W,YNL284C,0,0.56243896,0.09492712467908859,0.9940535426139832,0.9571614265441895
YAL035W,YDR479C,0,0.56241935,0.0949181392788887,0.9940535426139832,0.9572615623474121
YBR045C,YOR143C,0,0.56107074,0.09490916132926941,0.9940535426139832,0.95736163854599
YGL173C,YPR002W,0,0.56028426,0.09490018337965012,0.9940535426139832,0.9574617147445679
YPL189W,YJL166W,0,0.55999917,0.09489119797945023,0.9940535426139832,0.9575617909431458
YIL087C,YLR009W,0,0.55962735,0.09488222748041153,0.9940535426139832,0.9576618671417236
YJL171C,YMR238W,0,0.55843115,0.09487324953079224,0.9940535426139832,0.9577620029449463
YCL034W,YKR104W,0,0.557801,0.09486427903175354,0.9940535426139832,0.9578620791435242
YDR279W,YCR021C,0,0.5577183,0.09485530853271484,0.9940535426139832,0.957962155342102
YLR333C,YFR003C,0,0.5575581,0.09484633803367615,0.9940535426139832,0.9580622315406799
YER168C,YGR008C,0,0.55648685,0.09483736753463745,0.9940535426139832,0.9581623673439026
YDR002W,YHR184W,0,0.55544925,0.09482840448617935,0.9940535426139832,0.9582624435424805
YKR094C,YPL036W,0,0.5548307,0.09481943398714066,0.9940535426139832,0.9583625197410583
YIL068C,YCR098C,0,0.5542291,0.09481047093868256,0.9940535426139832,0.9584625959396362
YGL157W,YLR304C,0,0.55353355,0.09480151534080505,0.9940535426139832,0.9585627317428589
YMR303C,YOR060C,0,0.55173373,0.09479255229234695,0.9940535426139832,0.9586628079414368
YPR199C,YPL056C,0,0.5505745,0.09478359669446945,0.9940535426139832,0.9587628841400146
YDR358W,YDR434W,0,0.5501924,0.09477464109659195,0.9940535426139832,0.9588629603385925
YPL090C,YDR392W,0,0.549716,0.09476568549871445,0.9940535426139832,0.9589630961418152
YLR460C,YOR269W,0,0.5496966,0.09475672990083694,0.9940535426139832,0.9590631723403931
YIL068C,YJL191W,0,0.54864883,0.09474778175354004,0.9940535426139832,0.959163248538971
YBR048W,YML097C,0,0.5483535,0.09473883360624313,0.9940535426139832,0.9592633247375488
YBR048W,YOL147C,0,0.5473641,0.09472988545894623,0.9940535426139832,0.9593634009361267
YOR034C,YDR046C,0,0.54721296,0.09472093731164932,0.9940535426139832,0.9594635367393494
YNL136W,YLR074C,0,0.54720896,0.09471198916435242,0.9940535426139832,0.9595636129379272
YDR139C,YIL123W,0,0.5467768,0.09470304846763611,0.9940535426139832,0.9596636891365051
YOR138C,YDR523C,0,0.5460006,0.0946941077709198,0.9940535426139832,0.959763765335083
YPR106W,YOR298W,0,0.5448131,0.09468516707420349,0.9940535426139832,0.9598639011383057
YKL181W,YPL157W,0,0.5446295,0.09467623382806778,0.9940535426139832,0.9599639773368835
YMR117C,YPL048W,0,0.5444531,0.09466729313135147,0.9940535426139832,0.9600640535354614
YPL171C,YDL107W,0,0.54389864,0.09465835988521576,0.9940535426139832,0.9601641297340393
YLR411W,YKL201C,0,0.54088664,0.09464942663908005,0.9940535426139832,0.960264265537262
YER126C,YFL056C,0,0.54087657,0.09464050084352493,0.9940535426139832,0.9603643417358398
YGL183C,YOR227W,0,0.5406349,0.09463156759738922,0.9940535426139832,0.9604644179344177
YBL051C,YKR020W,0,0.5403579,0.0946226418018341,0.9940535426139832,0.9605644941329956
YLR451W,YPR106W,0,0.53953123,0.09461371600627899,0.9940535426139832,0.9606645703315735
YPL126W,YPL137C,0,0.5390508,0.09460479021072388,0.9940535426139832,0.9607647061347961
YBL051C,YKL009W,0,0.5388469,0.09459587186574936,0.9940535426139832,0.960864782333374
YLL061W,YGR142W,0,0.53781587,0.09458694607019424,0.9940535426139832,0.9609648585319519
YDR516C,YDR159W,0,0.53602993,0.09457802772521973,0.9940535426139832,0.9610649347305298
YLR247C,YOR155C,0,0.5349379,0.09456910938024521,0.9940535426139832,0.9611650705337524
YDL007W,YEL062W,0,0.5334531,0.09456019848585129,0.9940535426139832,0.9612651467323303
YMR232W,YOR374W,0,0.53252965,0.09455128014087677,0.9940535426139832,0.9613652229309082
YIL160C,YKL140W,0,0.53082734,0.09454236924648285,0.9940535426139832,0.9614652991294861
YOR207C,YAL008W,0,0.5305948,0.09453345835208893,0.9940535426139832,0.9615654349327087
YFR037C,YEL024W,0,0.52917224,0.09452454745769501,0.9940535426139832,0.9616655111312866
YMR006C,YPL116W,0,0.5291485,0.09451564401388168,0.9940535426139832,0.9617655873298645
YLR390W,YNL112W,0,0.5279503,0.09450674057006836,0.9940535426139832,0.9618656635284424
YMR297W,YCR010C,0,0.52696633,0.09449782967567444,0.9940535426139832,0.9619657397270203
YDL078C,YLR092W,0,0.5269155,0.09448893368244171,0.9940535426139832,0.9620658755302429
YMR038C,YJL166W,0,0.52675486,0.09448003023862839,0.9940535426139832,0.9621659517288208
YLR090W,YBL054W,0,0.52578616,0.09447113424539566,0.9940535426139832,0.9622660279273987
YPL106C,YGL240W,0,0.52542233,0.09446223080158234,0.9940535426139832,0.9623661041259766
YIL159W,YBR158W,0,0.52529085,0.09445333480834961,0.9940535426139832,0.9624662399291992
YML106W,YAL054C,0,0.52528036,0.09444444626569748,0.9940535426139832,0.9625663161277771
YLR316C,YDL184C,0,0.5245014,0.09443555027246475,0.9940535426139832,0.962666392326355
YDL215C,YDR381W,0,0.5233679,0.09442666172981262,0.9940535426139832,0.9627664685249329
YHR069C,YGL259W,0,0.5226341,0.09441777318716049,0.9940535426139832,0.9628666043281555
YLR141W,YPL186C,0,0.52221024,0.09440888464450836,0.9940535426139832,0.9629666805267334
YAL011W,YHR056C,1,0.5221803,0.09449411928653717,0.9950445890426636,0.9629666805267334
YIR005W,YML059C,0,0.52183694,0.09448522329330444,0.9950445890426636,0.9630667567253113
YEL039C,YOR340C,0,0.52019113,0.09447633475065231,0.9950445890426636,0.9631668329238892
YHR033W,YBR168W,0,0.519661,0.09446744620800018,0.9950445890426636,0.9632669687271118
YPL022W,YBR299W,0,0.51946646,0.09445855766534805,0.9950445890426636,0.9633670449256897
YKL024C,YDL179W,0,0.5193627,0.09444966912269592,0.9950445890426636,0.9634671211242676
YHR099W,YBR026C,0,0.51669693,0.09444078803062439,0.9950445890426636,0.9635671973228455
YML100W,YLR439W,0,0.5119766,0.09443190693855286,0.9950445890426636,0.9636672735214233
YMR227C,YOL017W,1,0.5104017,0.0945170670747757,0.9960356950759888,0.9636672735214233
YIL160C,YMR303C,0,0.5100813,0.09450817853212357,0.9960356950759888,0.963767409324646
YOR162C,YPR030W,0,0.50907,0.09449929744005203,0.9960356950759888,0.9638674855232239
YBR012W-B,YKR057W,0,0.5081546,0.0944904088973999,0.9960356950759888,0.9639675617218018
YOR132W,YPR026W,0,0.50801206,0.09448152780532837,0.9960356950759888,0.9640676379203796
YMR319C,YEL040W,0,0.5079836,0.09447264671325684,0.9960356950759888,0.9641677737236023
YHR136C,YDL133C-A,0,0.5059796,0.0944637656211853,0.9960356950759888,0.9642678499221802
YGR162W,YML104C,0,0.50425804,0.09445488452911377,0.9960356950759888,0.9643679261207581
YNR044W,YLR318W,0,0.50371444,0.09444601088762283,0.9960356950759888,0.9644680023193359
YER090W,YLR197W,0,0.5019516,0.0944371372461319,0.9960356950759888,0.9645681381225586
YOL084W,YIL018W,0,0.50133944,0.09442826360464096,0.9960356950759888,0.9646682143211365
YGL212W,YPR163C,0,0.5003233,0.09441938996315002,0.9960356950759888,0.9647682905197144
YMR292W,YJR048W,0,0.5002494,0.09441052377223969,0.9960356950759888,0.9648683667182922
YOR226C,YER087C-A,0,0.49918464,0.09440165013074875,0.9960356950759888,0.9649684429168701
YIL053W,YPR021C,0,0.49908584,0.09439278393983841,0.9960356950759888,0.9650685787200928
YKL150W,YOR217W,0,0.49785167,0.09438392519950867,0.9960356950759888,0.9651686549186707
YGL231C,YLR285W,0,0.49647862,0.09437505900859833,0.9960356950759888,0.9652687311172485
YMR180C,YIL137C,0,0.4964084,0.09436620026826859,0.9960356950759888,0.9653688073158264
YLR316C,YBR026C,0,0.49583647,0.09435733407735825,0.9960356950759888,0.9654689431190491
YNL065W,YHR185C,0,0.4954045,0.0943484827876091,0.9960356950759888,0.965569019317627
YDR046C,YLL019C,0,0.4920377,0.09433962404727936,0.9960356950759888,0.9656690955162048
YIR019C,YMR165C,0,0.49128768,0.09433076530694962,0.9960356950759888,0.9657691717147827
YNL280C,YIL009W,0,0.4912013,0.09432191401720047,0.9960356950759888,0.9658693075180054
YNL160W,YNR052C,0,0.48936364,0.09431306272745132,0.9960356950759888,0.9659693837165833
YGR142W,YGR103W,0,0.48809487,0.09430421143770218,0.9960356950759888,0.9660694599151611
YER106W,YLR158C,0,0.48644152,0.09429536759853363,0.9960356950759888,0.966169536113739
YLR389C,YMR105C,0,0.4854334,0.09428651630878448,0.9960356950759888,0.9662696719169617
YAL024C,YGL030W,0,0.48359907,0.09427767246961594,0.9960356950759888,0.9663697481155396
YGR189C,YNR048W,0,0.48348042,0.09426882863044739,0.9960356950759888,0.9664698243141174
YIL154C,YPR001W,0,0.48300752,0.09425999224185944,0.9960356950759888,0.9665699005126953
YPL126W,YDL033C,0,0.4825634,0.09425114840269089,0.9960356950759888,0.9666699767112732
YPL149W,YPL258C,0,0.4821223,0.09424231201410294,0.9960356950759888,0.9667701125144958
YIR039C,YHL036W,0,0.47859657,0.09423347562551498,0.9960356950759888,0.9668701887130737
YOL141W,YGR254W,0,0.47663698,0.09422463923692703,0.9960356950759888,0.9669702649116516
YMR169C,YDR322W,0,0.4757293,0.09421580284833908,0.9960356950759888,0.9670703411102295
YDR345C,YKL014C,0,0.4754116,0.09420697391033173,0.9960356950759888,0.9671704769134521
YNR047W,YBR085W,0,0.47523135,0.09419814497232437,0.9960356950759888,0.96727055311203
YKR054C,YER175C,0,0.47428966,0.09418931603431702,0.9960356950759888,0.9673706293106079
YML042W,YKR095W,0,0.47381842,0.09418048709630966,0.9960356950759888,0.9674707055091858
YML104C,YAL059W,0,0.4725418,0.0941716656088829,0.9960356950759888,0.9675708413124084
YKL021C,YMR250W,0,0.4719289,0.09416284412145615,0.9960356950759888,0.9676709175109863
YBR162C,YKL085W,0,0.47052515,0.09415402263402939,0.9960356950759888,0.9677709937095642
YHR096C,YNL282W,0,0.47011876,0.09414520114660263,0.9960356950759888,0.9678710699081421
YER083C,YNL112W,0,0.4692407,0.09413637965917587,0.9960356950759888,0.96797114610672
YLR377C,YNL098C,0,0.46868408,0.09412756562232971,0.9960356950759888,0.9680712819099426
YGR058W,YHR215W,0,0.46819645,0.09411875158548355,0.9960356950759888,0.9681713581085205
YNR044W,YLR068W,0,0.46648577,0.09410993754863739,0.9960356950759888,0.9682714343070984
YIL155C,YNL330C,0,0.46569222,0.09410112351179123,0.9960356950759888,0.9683715105056763
YLR102C,YGR155W,0,0.4649806,0.09409231692552567,0.9960356950759888,0.9684716463088989
YIL095W,YOL120C,0,0.46243235,0.0940835028886795,0.9960356950759888,0.9685717225074768
YMR133W,YLR414C,0,0.4621371,0.09407469630241394,0.9960356950759888,0.9686717987060547
YHL040C,YKL007W,0,0.46200213,0.09406588971614838,0.9960356950759888,0.9687718749046326
YLR099C,YDR492W,0,0.46033293,0.09405709058046341,0.9960356950759888,0.9688720107078552
YAL062W,YBL054W,0,0.46028343,0.09404828399419785,0.9960356950759888,0.9689720869064331
YLL011W,YEL041W,0,0.46012336,0.09403948485851288,0.9960356950759888,0.969072163105011
YIL171W,YGR274C,0,0.46009138,0.09403068572282791,0.9960356950759888,0.9691722393035889
YJL110C,YMR032W,0,0.45931065,0.09402189403772354,0.9960356950759888,0.9692723155021667
YBR267W,YPL022W,0,0.45789278,0.09401309490203857,0.9960356950759888,0.9693724513053894
YGR009C,YER103W,0,0.45564446,0.0940043032169342,0.9960356950759888,0.9694725275039673
YIR039C,YLR086W,0,0.45534244,0.09399551153182983,0.9960356950759888,0.9695726037025452
YBR248C,YGR245C,0,0.45391315,0.09398671984672546,0.9960356950759888,0.969672679901123
YLR438C-A,YMR256C,0,0.45276037,0.0939779281616211,0.9960356950759888,0.9697728157043457
YBR015C,YBR054W,0,0.45232138,0.09396914392709732,0.9960356950759888,0.9698728919029236
YBL002W,YBR088C,1,0.45214847,0.09405384957790375,0.9970267415046692,0.9698728919029236
YER150W,YLL003W,0,0.45177597,0.09404505789279938,0.9970267415046692,0.9699729681015015
YJL109C,YKL078W,0,0.45065728,0.09403626620769501,0.9970267415046692,0.9700730443000793
YPL223C,YPL022W,0,0.44911864,0.09402748197317123,0.9970267415046692,0.970173180103302
YGR034W,YNL218W,0,0.44856262,0.09401869028806686,0.9970267415046692,0.9702732563018799
YDR270W,YMR243C,0,0.44780472,0.09400990605354309,0.9970267415046692,0.9703733325004578
YKR019C,YDR225W,1,0.44700947,0.09409455955028534,0.9980178475379944,0.9703733325004578
YDL039C,YNL210W,0,0.4449656,0.09408576786518097,0.9980178475379944,0.9704734086990356
YMR211W,YER074W,0,0.44374007,0.0940769836306572,0.9980178475379944,0.9705735445022583
YDL200C,YLL008W,0,0.44254872,0.09406819194555283,0.9980178475379944,0.9706736207008362
YBR240C,YGL147C,0,0.44201759,0.09405940771102905,0.9980178475379944,0.9707736968994141
YJL097W,YJL056C,0,0.44186914,0.09405062347650528,0.9980178475379944,0.9708737730979919
YOR393W,YDL030W,0,0.4412778,0.0940418392419815,0.9980178475379944,0.9709738492965698
YCR011C,YDR235W,0,0.43957603,0.09403305500745773,0.9980178475379944,0.9710739850997925
YKL124W,YDR380W,0,0.43871564,0.09402427822351456,0.9980178475379944,0.9711740612983704
YNR044W,YPL027W,0,0.43597078,0.09401550143957138,0.9980178475379944,0.9712741374969482
YER179W,YHR179W,0,0.43557453,0.0940067246556282,0.9980178475379944,0.9713742136955261
YFR030W,YHR089C,0,0.4355654,0.09399794787168503,0.9980178475379944,0.9714743494987488
YGL064C,YER074W,0,0.43243447,0.09398917108774185,0.9980178475379944,0.9715744256973267
YKL001C,YLR316C,0,0.43222085,0.09398040175437927,0.9980178475379944,0.9716745018959045
YHL011C,YHR153C,0,0.43213433,0.0939716324210167,0.9980178475379944,0.9717745780944824
YLR212C,YGR103W,0,0.42908964,0.09396286308765411,0.9980178475379944,0.9718747138977051
YCR031C,YDL141W,0,0.42861804,0.09395409375429153,0.9980178475379944,0.971974790096283
YDR516C,YER046W,0,0.4284846,0.09394533187150955,0.9980178475379944,0.9720748662948608
YCR098C,YLL057C,0,0.42846859,0.09393656998872757,0.9980178475379944,0.9721749424934387
YOR177C,YDL160C,0,0.42832303,0.09392780810594559,0.9980178475379944,0.9722750186920166
YLR083C,YJR059W,0,0.42808634,0.0939190462231636,0.9980178475379944,0.9723751544952393
YJR092W,YEL054C,0,0.4245757,0.09391028434038162,0.9980178475379944,0.9724752306938171
YCR016W,YER165W,0,0.42342162,0.09390152990818024,0.9980178475379944,0.972575306892395
YOR026W,YDR384C,0,0.42253578,0.09389277547597885,0.9980178475379944,0.9726753830909729
YLR083C,YGL256W,0,0.42213634,0.09388402104377747,0.9980178475379944,0.9727755188941956
YIL155C,YKR064W,0,0.42199028,0.09387526661157608,0.9980178475379944,0.9728755950927734
YJR070C,YPL018W,0,0.4217612,0.09386651962995529,0.9980178475379944,0.9729756712913513
YLR061W,YDR490C,0,0.42029977,0.0938577651977539,0.9980178475379944,0.9730757474899292
YLR367W,YDR313C,0,0.4194622,0.09384901821613312,0.9980178475379944,0.9731758832931519
YBR002C,YIL111W,0,0.41470093,0.09384027868509293,0.9980178475379944,0.9732759594917297
YGL127C,YDL077C,0,0.41351438,0.09383153170347214,0.9980178475379944,0.9733760356903076
YER151C,YIR038C,0,0.4134307,0.09382279217243195,0.9980178475379944,0.9734761118888855
YDR032C,YGR225W,0,0.41114396,0.09381404519081116,0.9980178475379944,0.9735762476921082
YNL007C,YJL130C,0,0.41026807,0.09380531311035156,0.9980178475379944,0.973676323890686
YNL160W,YLR014C,0,0.40756857,0.09379657357931137,0.9980178475379944,0.9737764000892639
YPL106C,YMR053C,0,0.40755868,0.09378783404827118,0.9980178475379944,0.9738764762878418
YIL171W,YBR146W,0,0.40671298,0.09377910196781158,0.9980178475379944,0.9739765524864197
YPR106W,YGL151W,0,0.40442947,0.09377036988735199,0.9980178475379944,0.9740766882896423
YLR258W,YPR008W,0,0.40430105,0.0937616378068924,0.9980178475379944,0.9741767644882202
YMR006C,YHR023W,0,0.4018787,0.0937529057264328,0.9980178475379944,0.9742768406867981
YLR175W,YPL233W,0,0.4010988,0.0937441810965538,0.9980178475379944,0.974376916885376
YJR010W,YLR304C,0,0.39744794,0.0937354564666748,0.9980178475379944,0.9744770526885986
YGR004W,YGL103W,0,0.39624062,0.0937267318367958,0.9980178475379944,0.9745771288871765
YMR008C,YBL078C,0,0.39384055,0.09371800720691681,0.9980178475379944,0.9746772050857544
YPL131W,YBR230C,0,0.39219165,0.09370929002761841,0.9980178475379944,0.9747772812843323
YJR121W,YJL181W,0,0.391799,0.09370056539773941,0.9980178475379944,0.9748774170875549
YLR014C,YDR378C,0,0.39155257,0.09369184821844101,0.9980178475379944,0.9749774932861328
YPR132W,YBL051C,0,0.38856745,0.09368313103914261,0.9980178475379944,0.9750775694847107
YBR299W,YPL006W,0,0.38643563,0.0936744213104248,0.9980178475379944,0.9751776456832886
YLR360W,YOL132W,0,0.38313794,0.0936657041311264,0.9980178475379944,0.9752777218818665
YDR002W,YPR026W,0,0.38065013,0.0936569944024086,0.9980178475379944,0.9753778576850891
YNL025C,YEL040W,0,0.3800142,0.0936482846736908,0.9980178475379944,0.975477933883667
YLR102C,YDR033W,0,0.37984833,0.09363957494497299,0.9980178475379944,0.9755780100822449
YPL141C,YDR411C,0,0.37926447,0.09363087266683578,0.9980178475379944,0.9756780862808228
YKL094W,YKR104W,0,0.37439516,0.09362216293811798,0.9980178475379944,0.9757782220840454
YOR168W,YKR034W,0,0.37255344,0.09361346065998077,0.9980178475379944,0.9758782982826233
YNL036W,YLR190W,0,0.37225586,0.09360475838184357,0.9980178475379944,0.9759783744812012
YBR195C,YMR307W,0,0.36988238,0.09359605610370636,0.9980178475379944,0.976078450679779
YMR059W,YJR048W,0,0.36857042,0.09358736127614975,0.9980178475379944,0.9761785864830017
YDR077W,YGL169W,0,0.3654506,0.09357866644859314,0.9980178475379944,0.9762786626815796
YNR067C,YHL004W,0,0.3616428,0.09356997162103653,0.9980178475379944,0.9763787388801575
YOL084W,YLR289W,0,0.36139324,0.09356127679347992,0.9980178475379944,0.9764788150787354
YKL178C,YKR099W,0,0.35956588,0.09355258196592331,0.9980178475379944,0.9765788912773132
YDL095W,YDL209C,0,0.35893533,0.0935438945889473,0.9980178475379944,0.9766790270805359
YIL046W,YOL076W,0,0.35749775,0.09353519976139069,0.9980178475379944,0.9767791032791138
YJR001W,YNL132W,0,0.35556883,0.09352651983499527,0.9980178475379944,0.9768791794776917
YNL339C,YHR064C,0,0.35378122,0.09351783245801926,0.9980178475379944,0.9769792556762695
YPL127C,YLR129W,0,0.35343504,0.09350914508104324,0.9980178475379944,0.9770793914794922
YLL011W,YEL016C,0,0.35271162,0.09350046515464783,0.9980178475379944,0.9771794676780701
YLL008W,YDR178W,0,0.35032076,0.09349178522825241,0.9980178475379944,0.977279543876648
YJL052W,YDL179W,0,0.34753138,0.093483105301857,0.9980178475379944,0.9773796200752258
YML016C,YOL132W,0,0.34567666,0.09347442537546158,0.9980178475379944,0.9774797558784485
YOR273C,YPR114W,0,0.3445494,0.09346575289964676,0.9980178475379944,0.9775798320770264
YOR259C,YNL335W,0,0.34143433,0.09345707297325134,0.9980178475379944,0.9776799082756042
YMR241W,YHR052W,0,0.34020042,0.09344840049743652,0.9980178475379944,0.9777799844741821
YDR380W,YPR149W,0,0.339827,0.0934397354722023,0.9980178475379944,0.9778801202774048
YDR500C,YNR020C,0,0.3396447,0.09343106299638748,0.9980178475379944,0.9779801964759827
YGL062W,YDR437W,0,0.33881223,0.09342239797115326,0.9980178475379944,0.9780802726745605
YLR432W,YDR461W,0,0.3353714,0.09341372549533844,0.9980178475379944,0.9781803488731384
YLR129W,YHL021C,0,0.33314273,0.09340506792068481,0.9980178475379944,0.9782804250717163
YPL240C,YML071C,0,0.33201724,0.09339640289545059,0.9980178475379944,0.978380560874939
YML054C,YGL093W,0,0.33189625,0.09338773787021637,0.9980178475379944,0.9784806370735168
YJL034W,YDR021W,0,0.33016217,0.09337908029556274,0.9980178475379944,0.9785807132720947
YGR224W,YJR048W,0,0.32981506,0.09337042272090912,0.9980178475379944,0.9786807894706726
YML056C,YMR250W,0,0.32279092,0.0933617651462555,0.9980178475379944,0.9787809252738953
YLR186W,YDR533C,0,0.32230264,0.09335310757160187,0.9980178475379944,0.9788810014724731
YER091C,YLR048W,0,0.32161775,0.09334445744752884,0.9980178475379944,0.978981077671051
YBR031W,YOL158C,0,0.3210706,0.09333580732345581,0.9980178475379944,0.9790811538696289
YIL119C,YOR322C,0,0.3181074,0.09332715719938278,0.9980178475379944,0.9791812896728516
YDR347W,YMR175W,0,0.3134579,0.09331850707530975,0.9980178475379944,0.9792813658714294
YFR030W,YGL059W,0,0.3128116,0.09330985695123672,0.9980178475379944,0.9793814420700073
YBR212W,YGR214W,0,0.30856615,0.0933012142777443,0.9980178475379944,0.9794815182685852
YMR246W,YPL157W,0,0.30624998,0.09329257160425186,0.9980178475379944,0.9795815944671631
YGR004W,YLR056W,0,0.30594385,0.09328392893075943,0.9980178475379944,0.9796817302703857
YBR181C,YLR047C,0,0.30524328,0.093275286257267,0.9980178475379944,0.9797818064689636
YNL298W,YPR160W,0,0.30288273,0.09326665103435516,0.9980178475379944,0.9798818826675415
YOL005C,YDL209C,0,0.30011517,0.09325800836086273,0.9980178475379944,0.9799819588661194
YML058W-A,YER175C,0,0.29891324,0.0932493731379509,0.9980178475379944,0.980082094669342
YBR092C,YOL071W,0,0.2934157,0.09324073791503906,0.9980178475379944,0.9801821708679199
YDR533C,YGR159C,0,0.29011878,0.09323211014270782,0.9980178475379944,0.9802822470664978
YPL240C,YNR060W,0,0.28853863,0.09322347491979599,0.9980178475379944,0.9803823232650757
YGL062W,YIR025W,0,0.28803265,0.09321484714746475,0.9980178475379944,0.9804824590682983
YIL034C,YCR055C,0,0.28799334,0.09320621937513351,0.9980178475379944,0.9805825352668762
YMR175W,YPL215W,0,0.2822456,0.09319759160280228,0.9980178475379944,0.9806826114654541
YNL194C,YMR152W,0,0.28115493,0.09318897128105164,0.9980178475379944,0.980782687664032
YKR007W,YDL184C,0,0.28062427,0.0931803435087204,0.9980178475379944,0.9808828234672546
YKL011C,YDR350C,0,0.28014666,0.09317172318696976,0.9980178475379944,0.9809828996658325
YGR138C,YOR242C,0,0.28002465,0.09316310286521912,0.9980178475379944,0.9810829758644104
YML061C,YDR055W,0,0.27781025,0.09315448999404907,0.9980178475379944,0.9811830520629883
YJL109C,YJR053W,0,0.27627027,0.09314586967229843,0.9980178475379944,0.9812831282615662
YMR175W,YKR088C,0,0.2751826,0.09313725680112839,0.9980178475379944,0.9813832640647888
YGR282C,YDR449C,0,0.27328077,0.09312864392995834,0.9980178475379944,0.9814833402633667
YDR233C,YNL214W,0,0.27127612,0.0931200310587883,0.9980178475379944,0.9815834164619446
YKL150W,YOR177C,0,0.26455837,0.09311141818761826,0.9980178475379944,0.9816834926605225
YPL224C,YHR209W,0,0.26446417,0.09310281276702881,0.9980178475379944,0.9817836284637451
YPR070W,YOR317W,0,0.26259506,0.09309419989585876,0.9980178475379944,0.981883704662323
YHL021C,YPR125W,0,0.25844178,0.09308559447526932,0.9980178475379944,0.9819837808609009
YPR041W,YLR160C,0,0.25791875,0.09307699650526047,0.9980178475379944,0.9820838570594788
YIL155C,YHR160C,0,0.25634092,0.09306839108467102,0.9980178475379944,0.9821839928627014
YHL016C,YPR161C,0,0.25552472,0.09305979311466217,0.9980178475379944,0.9822840690612793
YGR180C,YKR071C,0,0.25015455,0.09305119514465332,0.9980178475379944,0.9823841452598572
YPR102C,YFR007W,0,0.24606544,0.09304259717464447,0.9980178475379944,0.9824842214584351
YMR287C,YLL026W,0,0.24546504,0.09303399920463562,0.9980178475379944,0.9825842976570129
YLL062C,YER070W,0,0.24394375,0.09302540123462677,0.9980178475379944,0.9826844334602356
YKL093W,YPR167C,0,0.24191986,0.09301681071519852,0.9980178475379944,0.9827845096588135
YLR448W,YPL153C,0,0.23865253,0.09300822019577026,0.9980178475379944,0.9828845858573914
YBR085W,YLR370C,0,0.23842889,0.09299962967634201,0.9980178475379944,0.9829846620559692
YML073C,YBR297W,0,0.23199216,0.09299103915691376,0.9980178475379944,0.9830847978591919
YIL136W,YHR025W,0,0.22669476,0.0929824560880661,0.9980178475379944,0.9831848740577698
YLL040C,YOR369C,0,0.223355,0.09297387301921844,0.9980178475379944,0.9832849502563477
YHR081W,YPL269W,0,0.21036425,0.09296528995037079,0.9980178475379944,0.9833850264549255
YJL034W,YER028C,0,0.20843482,0.09295670688152313,0.9980178475379944,0.9834851622581482
YPL203W,YJL191W,0,0.20793447,0.09294812381267548,0.9980178475379944,0.9835852384567261
YGL148W,YOR025W,0,0.20040482,0.09293954819440842,0.9980178475379944,0.983685314655304
YER091C,YBR128C,0,0.19878559,0.09293097257614136,0.9980178475379944,0.9837853908538818
YPL223C,YNL149C,0,0.19797039,0.0929223969578743,0.9980178475379944,0.9838855266571045
YOR167C,YHR157W,0,0.19725758,0.09291382133960724,0.9980178475379944,0.9839856028556824
YML058W-A,YKL174C,0,0.19660133,0.09290525317192078,0.9980178475379944,0.9840856790542603
YBL072C,YLR154C,0,0.19648051,0.09289667755365372,0.9980178475379944,0.9841857552528381
YCR031C,YMR037C,0,0.1932365,0.09288810938596725,0.9980178475379944,0.984285831451416
YLR134W,YER115C,0,0.19163379,0.09287954121828079,0.9980178475379944,0.9843859672546387
YLR214W,YJL059W,0,0.18725553,0.09287097305059433,0.9980178475379944,0.9844860434532166
YJR009C,YGL251C,0,0.18363583,0.09286241233348846,0.9980178475379944,0.9845861196517944
YLR215C,YIL018W,0,0.18234432,0.0928538516163826,0.9980178475379944,0.9846861958503723
YBR273C,YKR104W,0,0.17937037,0.09284529089927673,0.9980178475379944,0.984786331653595
YFR010W,YAL012W,0,0.17658657,0.09283673018217087,0.9980178475379944,0.9848864078521729
YMR059W,YMR307W,0,0.1686635,0.092828169465065,0.9980178475379944,0.9849864840507507
YPR031W,YDL021W,0,0.16624671,0.09281961619853973,0.9980178475379944,0.9850865602493286
YLR142W,YOL120C,0,0.16229516,0.09281106293201447,0.9980178475379944,0.9851866960525513
YPR175W,YBL002W,1,0.16177821,0.09289466589689255,0.9990088939666748,0.9851866960525513
YDR280W,YJL059W,0,0.15807581,0.09288610517978668,0.9990088939666748,0.9852867722511292
YJL026W,YNL076W,0,0.14965233,0.09287754446268082,0.9990088939666748,0.985386848449707
YBL061C,YOR374W,0,0.14694643,0.09286899119615555,0.9990088939666748,0.9854869246482849
YGL183C,YER025W,0,0.1451484,0.09286043047904968,0.9990088939666748,0.9855870008468628
YOR306C,YNL061W,0,0.14327705,0.09285187721252441,0.9990088939666748,0.9856871366500854
YDR014W,YOR247W,0,0.14140865,0.09284332394599915,0.9990088939666748,0.9857872128486633
YER131W,YDL240W,0,0.13998528,0.09283477813005447,0.9990088939666748,0.9858872890472412
YLR175W,YGR283C,0,0.1397827,0.0928262248635292,0.9990088939666748,0.9859873652458191
YMR125W,YLR160C,0,0.13962096,0.09281767904758453,0.9990088939666748,0.9860875010490417
YBL068W,YJL155C,0,0.12857816,0.09280913323163986,0.9990088939666748,0.9861875772476196
YEL039C,YGL025C,0,0.12513202,0.09280058741569519,0.9990088939666748,0.9862876534461975
YOR382W,YCR077C,0,0.115817636,0.09279204905033112,0.9990088939666748,0.9863877296447754
YJL079C,YLR411W,0,0.11481935,0.09278350323438644,0.9990088939666748,0.986487865447998
YOR155C,YJR010W,0,0.10185754,0.09277496486902237,0.9990088939666748,0.9865879416465759
YBR156C,YOR096W,0,0.09119558,0.0927664265036583,0.9990088939666748,0.9866880178451538
YMR230W,YOL147C,0,0.09008062,0.09275788813829422,0.9990088939666748,0.9867880940437317
YJL190C,YMR257C,0,0.08370185,0.09274935722351074,0.9990088939666748,0.9868881702423096
YDR334W,YLR329W,0,0.079365104,0.09274081885814667,0.9990088939666748,0.9869883060455322
YFL014W,YLR086W,0,0.0789901,0.09273228794336319,0.9990088939666748,0.9870883822441101
YDR072C,YCR021C,0,0.07785398,0.09272375702857971,0.9990088939666748,0.987188458442688
YFL010W-A,YGR158C,0,0.07644832,0.09271523356437683,0.9990088939666748,0.9872885346412659
YMR303C,YDL060W,0,0.07621455,0.09270670264959335,0.9990088939666748,0.9873886704444885
YMR228W,YLL055W,0,0.06853849,0.09269817918539047,0.9990088939666748,0.9874887466430664
YDR362C,YPR184W,0,0.066147,0.09268965572118759,0.9990088939666748,0.9875888228416443
YJL191W,YBR006W,0,0.06510851,0.09268113225698471,0.9990088939666748,0.9876888990402222
YOL125W,YIL123W,0,0.04400897,0.09267260879278183,0.9990088939666748,0.9877890348434448
YLR154C,YDL081C,0,0.039213657,0.09266409277915955,0.9990088939666748,0.9878891110420227
YAL054C,YLR441C,0,0.037287116,0.09265557676553726,0.9990088939666748,0.9879891872406006
YPL163C,YOR341W,0,0.03710082,0.09264706075191498,0.9990088939666748,0.9880892634391785
YKR053C,YER053C,0,0.028936923,0.0926385447382927,0.9990088939666748,0.9881893992424011
YOL007C,YHR169W,0,0.027596354,0.09263002872467041,0.9990088939666748,0.988289475440979
YJR073C,YDR447C,0,0.026530027,0.09262152016162872,0.9990088939666748,0.9883895516395569
YPL087W,YDL166C,0,0.023908913,0.09261301159858704,0.9990088939666748,0.9884896278381348
YHR092C,YJR042W,0,0.021877587,0.09260450303554535,0.9990088939666748,0.9885897040367126
YIL119C,YDR259C,0,-0.009158939,0.09259599447250366,0.9990088939666748,0.9886898398399353
YGL064C,YDR012W,0,-0.01957491,0.09258749336004257,0.9990088939666748,0.9887899160385132
YDL060W,YPR149W,0,-0.021165073,0.09257898479700089,0.9990088939666748,0.9888899922370911
YJL190C,YCL064C,0,-0.02513203,0.0925704836845398,0.9990088939666748,0.988990068435669
YFR030W,YIL119C,0,-0.02674608,0.0925619825720787,0.9990088939666748,0.9890902042388916
YMR136W,YDL130W,0,-0.029099345,0.09255348145961761,0.9990088939666748,0.9891902804374695
YBL088C,YPL231W,0,-0.032348752,0.09254498779773712,0.9990088939666748,0.9892903566360474
YBR092C,YAR007C,0,-0.035113066,0.09253649413585663,0.9990088939666748,0.9893904328346252
YNR047W,YGL162W,0,-0.037323445,0.09252800047397614,0.9990088939666748,0.9894905686378479
YGL006W,YLR197W,0,-0.03854412,0.09251950681209564,0.9990088939666748,0.9895906448364258
YOL141W,YPR184W,0,-0.040762067,0.09251101315021515,0.9990088939666748,0.9896907210350037
YNL335W,YBR196C,0,-0.042489916,0.09250252693891525,0.9990088939666748,0.9897907972335815
YNL258C,YDR380W,0,-0.04339415,0.09249403327703476,0.9990088939666748,0.9898908734321594
YGL062W,YPR007C,0,-0.045544982,0.09248554706573486,0.9990088939666748,0.9899910092353821
YGR188C,YDR471W,0,-0.058758706,0.09247706085443497,0.9990088939666748,0.99009108543396
YLR061W,YIR031C,0,-0.062956154,0.09246858209371567,0.9990088939666748,0.9901911616325378
YBR034C,YJR059W,0,-0.06430459,0.09246009588241577,0.9990088939666748,0.9902912378311157
YBR231C,YDL055C,0,-0.06951636,0.09245161712169647,0.9990088939666748,0.9903913736343384
YPR187W,YMR152W,0,-0.07183391,0.09244313836097717,0.9990088939666748,0.9904914498329163
YJL221C,YBR092C,0,-0.07298955,0.09243465960025787,0.9990088939666748,0.9905915260314941
YDR518W,YER103W,0,-0.07886043,0.09242618829011917,0.9990088939666748,0.990691602230072
YDR358W,YOR272W,0,-0.08035797,0.09241771697998047,0.9990088939666748,0.9907917380332947
YOR247W,YPR160W,0,-0.085104674,0.09240923821926117,0.9990088939666748,0.9908918142318726
YFR049W,YKL081W,0,-0.097776055,0.09240076690912247,0.9990088939666748,0.9909918904304504
YHL038C,YLR142W,0,-0.11325383,0.09239230304956436,0.9990088939666748,0.9910919666290283
YIL048W,YKR096W,0,-0.1269092,0.09238383173942566,0.9990088939666748,0.991192102432251
YLR263W,YGL030W,0,-0.12725633,0.09237536787986755,0.9990088939666748,0.9912921786308289
YJR145C,YIL170W,0,-0.15229481,0.09236690402030945,0.9990088939666748,0.9913922548294067
YJL083W,YPL111W,0,-0.15663525,0.09235844016075134,0.9990088939666748,0.9914923310279846
YDL082W,YJR109C,0,-0.1693213,0.09234997630119324,0.9990088939666748,0.9915924072265625
YFL014W,YNL119W,0,-0.172068,0.09234151989221573,0.9990088939666748,0.9916925430297852
YNL110C,YDR453C,0,-0.17340028,0.09233305603265762,0.9990088939666748,0.991792619228363
YJR070C,YHR184W,0,-0.17463574,0.09232459962368011,0.9990088939666748,0.9918926954269409
YBR066C,YOR317W,0,-0.1840066,0.0923161432147026,0.9990088939666748,0.9919927716255188
YLR367W,YJR059W,0,-0.18719187,0.0923076942563057,0.9990088939666748,0.9920929074287415
YIR039C,YHR028C,0,-0.19783702,0.09229923784732819,0.9990088939666748,0.9921929836273193
YML027W,YNL240C,0,-0.20202187,0.09229078888893127,0.9990088939666748,0.9922930598258972
YER171W,YLR056W,0,-0.20513499,0.09228233993053436,0.9990088939666748,0.9923931360244751
YLR348C,YOR004W,0,-0.20561415,0.09227389097213745,0.9990088939666748,0.9924932718276978
YGL078C,YFR015C,0,-0.21111968,0.09226544946432114,0.9990088939666748,0.9925933480262756
YNL117W,YPL220W,0,-0.21167791,0.09225700050592422,0.9990088939666748,0.9926934242248535
YFR031C-A,YNL008C,0,-0.21459168,0.09224855899810791,0.9990088939666748,0.9927935004234314
YCR021C,YOR251C,0,-0.21563528,0.0922401174902916,0.9990088939666748,0.9928935766220093
YNL110C,YMR008C,0,-0.23439538,0.09223167598247528,0.9990088939666748,0.9929937124252319
YJL172W,YPL248C,0,-0.24266875,0.09222324192523956,0.9990088939666748,0.9930937886238098
YNR015W,YKL026C,0,-0.2518443,0.09221480041742325,0.9990088939666748,0.9931938648223877
YNL110C,YGL192W,0,-0.2617601,0.09220636636018753,0.9990088939666748,0.9932939410209656
YPL154C,YEL040W,0,-0.2685112,0.09219793230295181,0.9990088939666748,0.9933940768241882
YER036C,YNL210W,0,-0.27668604,0.0921894982457161,0.9990088939666748,0.9934941530227661
YGR123C,YJL141C,0,-0.2808358,0.09218107163906097,0.9990088939666748,0.993594229221344
YOR155C,YHR139C,0,-0.2954411,0.09217263758182526,0.9990088939666748,0.9936943054199219
YOL002C,YMR145C,0,-0.3205925,0.09216421097517014,0.9990088939666748,0.9937944412231445
YOR046C,YEL039C,0,-0.32073927,0.09215578436851501,0.9990088939666748,0.9938945174217224
YJL102W,YER074W,0,-0.3693798,0.09214736521244049,0.9990088939666748,0.9939945936203003
YJL106W,YGR055W,0,-0.37525487,0.09213893860578537,0.9990088939666748,0.9940946698188782
YPR194C,YBL024W,0,-0.376512,0.09213051944971085,0.9990088939666748,0.994194746017456
YLL040C,YJR150C,0,-0.3811474,0.09212210029363632,0.9990088939666748,0.9942948818206787
YPL095C,YDR496C,0,-0.39232746,0.0921136811375618,0.9990088939666748,0.9943949580192566
YDL021W,YGR084C,0,-0.39872426,0.09210526198148727,0.9990088939666748,0.9944950342178345
YJR130C,YLR432W,0,-0.39902613,0.09209685027599335,0.9990088939666748,0.9945951104164124
YER185W,YDL055C,0,-0.40197563,0.09208843111991882,0.9990088939666748,0.994695246219635
YLR305C,YLR142W,0,-0.40657812,0.0920800194144249,0.9990088939666748,0.9947953224182129
YDL021W,YOR145C,0,-0.42414236,0.09207160770893097,0.9990088939666748,0.9948953986167908
YER020W,YLL057C,0,-0.42557314,0.09206320345401764,0.9990088939666748,0.9949954748153687
YPL240C,YAL041W,0,-0.43228066,0.09205479174852371,0.9990088939666748,0.9950956106185913
YNL302C,YGR292W,0,-0.45023027,0.09204638749361038,0.9990088939666748,0.9951956868171692
YGL209W,YDR465C,0,-0.4555356,0.09203798323869705,0.9990088939666748,0.9952957630157471
YOL158C,YFR019W,0,-0.46382266,0.09202957898378372,0.9990088939666748,0.995395839214325
YPL123C,YER102W,0,-0.46391463,0.09202118217945099,0.9990088939666748,0.9954959750175476
YGR156W,YFL026W,0,-0.47360423,0.09201277792453766,0.9990088939666748,0.9955960512161255
YMR173W,YKL074C,0,-0.47590733,0.09200438112020493,0.9990088939666748,0.9956961274147034
YHR117W,YOR237W,0,-0.48996985,0.09199598431587219,0.9990088939666748,0.9957962036132812
YPR035W,YBL054W,0,-0.50032336,0.09198758751153946,0.9990088939666748,0.9958962798118591
YMR242C,YDR325W,0,-0.52252847,0.09197919815778732,0.9990088939666748,0.9959964156150818
YDR122W,YNL162W,0,-0.5469477,0.09197080135345459,0.9990088939666748,0.9960964918136597
YBL072C,YNL278W,0,-0.5471294,0.09196241199970245,0.9990088939666748,0.9961965680122375
YFR031C-A,YAR007C,0,-0.5858006,0.09195402264595032,0.9990088939666748,0.9962966442108154
YML054C,YOR226C,0,-0.5873829,0.09194563329219818,0.9990088939666748,0.9963967800140381
YER150W,YDR197W,0,-0.59676266,0.09193725138902664,0.9990088939666748,0.996496856212616
YGR027C,YMR250W,0,-0.6174053,0.0919288620352745,0.9990088939666748,0.9965969324111938
YLR060W,YOR374W,0,-0.6505144,0.09192048013210297,0.9990088939666748,0.9966970086097717
YBR072W,YGL009C,0,-0.65510046,0.09191209822893143,0.9990088939666748,0.9967971444129944
YNR002C,YDR033W,0,-0.6657145,0.09190371632575989,0.9990088939666748,0.9968972206115723
YNL026W,YJL158C,0,-0.6949569,0.09189534187316895,0.9990088939666748,0.9969972968101501
YMR303C,YEL029C,0,-0.7349459,0.091886967420578,0.9990088939666748,0.997097373008728
YER150W,YPL183C,0,-0.74483573,0.09187858551740646,0.9990088939666748,0.9971974492073059
YLR009W,YER175C,0,-0.74502426,0.09187021851539612,0.9990088939666748,0.9972975850105286
YDR492W,YEL040W,0,-0.7469603,0.09186184406280518,0.9990088939666748,0.9973976612091064
YBR072W,YOR320C,0,-0.8171888,0.09185346961021423,0.9990088939666748,0.9974977374076843
YNL178W,YJL059W,0,-0.83267015,0.09184510260820389,0.9990088939666748,0.9975978136062622
YKL017C,YFR053C,0,-0.85030377,0.09183673560619354,0.9990088939666748,0.9976979494094849
YFL014W,YBR155W,0,-0.86858886,0.0918283686041832,0.9990088939666748,0.9977980256080627
YNR015W,YCR021C,0,-0.87889254,0.09182000160217285,0.9990088939666748,0.9978981018066406
YDR074W,YJR112W,0,-0.94746023,0.0918116420507431,0.9990088939666748,0.9979981780052185
YGL037C,YLR175W,0,-0.99116963,0.09180327504873276,0.9990088939666748,0.9980983138084412
YPR119W,YGL148W,0,-0.9925941,0.09179491549730301,0.9990088939666748,0.998198390007019
YPL058C,YJR048W,0,-1.021149,0.09178656339645386,0.9990088939666748,0.9982984662055969
YPL235W,YGL037C,1,-1.0230924,0.09186924993991852,1.0,0.9982984662055969
YOL084W,YER127W,0,-1.1136824,0.09186089038848877,1.0,0.9983985424041748
YJL079C,YLL035W,0,-1.1754452,0.09185252338647842,1.0,0.9984986782073975
YML128C,YKL009W,0,-1.2197874,0.09184416383504868,1.0,0.9985987544059753
YJL108C,YEL039C,0,-1.2256407,0.09183580428361893,1.0,0.9986988306045532
YDR398W,YLR142W,0,-1.231516,0.09182744473218918,1.0,0.9987989068031311
YHR096C,YDR495C,0,-1.3348877,0.09181909263134003,1.0,0.998898983001709
YML120C,YBL039C,0,-1.4300085,0.09181074053049088,1.0,0.9989991188049316
YMR229C,YJR025C,0,-1.4322681,0.09180238097906113,1.0,0.9990991950035095
YMR032W,YLR142W,0,-1.4867365,0.09179402887821198,1.0,0.9991992712020874
YBR169C,YAL059W,0,-1.5558063,0.09178568422794342,1.0,0.9992993474006653
YFR053C,YJL168C,0,-1.7808871,0.09177733212709427,1.0,0.9993994832038879
YDR002W,YGR161C,0,-2.0893648,0.09176898747682571,1.0,0.9994995594024658
YBL039C,YML128C,0,-2.1125336,0.09176064282655716,1.0,0.9995996356010437
YLR327C,YLR175W,0,-2.168831,0.0917522981762886,1.0,0.9996997117996216
YDL021W,YLR129W,0,-2.7146487,0.09174395352602005,1.0,0.9997998476028442
YLR258W,YGL162W,0,-2.8636537,0.0917356088757515,1.0,0.9998999238014221
YBR072W,YDR500C,0,-3.4138813,0.09172727167606354,1.0,1.0
